GF_ID	rootStar	lambdastar	Atha	Alyr	Crub	Tpar	Brap	Cpap	Grai	Tcac	Jcur	Mesc	Rcom	Ptri	Lusi	Mtru	Cari	Ljap	Ccaj	Gmax	Cmel	Csat	Clan	Pmum	Pper	Pbre	Fves	Vvin	Slyc	Stub	Bdis	Hvul	Osat	Zmay	Sbic	Sita	Macu	Pdac	Atri
ORTHO000593_1	2	0.324203203711904	3	3	3	3	6	2	3	2	2	4	2	3	3	3	3	3	4	6	2	2	2	2	2	4	2	2	3	3	2	2	2	3	2	2	3	2	1
ORTHO000652_2	1	0.3309827726142619	2	2	2	2	4	1	3	2	2	3	2	4	4	2	2	2	2	4	1	1	1	2	2	4	3	2	2	2	3	3	4	4	1	3	4	2	1
ORTHO001318	1	0.3357718963929106	2	2	2	2	4	2	3	2	2	3	2	4	4	2	2	1	2	4	2	2	2	2	2	4	2	2	2	2	2	3	2	3	2	2	2	2	1
ORTHO000806_1	1	0.35511744524866823	1	1	1	1	1	1	2	1	1	2	0	2	2	2	2	2	2	4	1	1	1	1	1	2	1	1	1	1	4	4	4	5	4	4	1	2	1
ORTHO000675	1	0.3553540967108966	2	2	2	2	7	2	4	2	1	4	2	4	4	3	3	1	3	8	3	2	2	2	2	4	2	1	3	3	5	5	5	7	4	5	7	2	0
ORTHO000919	1	0.35637601159494353	4	4	4	4	7	2	4	3	2	4	2	4	4	2	1	1	1	2	2	2	2	2	1	5	1	2	4	4	2	2	2	3	2	2	4	2	1
ORTHO002539	2	0.36035958324074974	1	1	1	1	3	1	2	1	1	2	1	2	2	1	2	1	2	4	1	1	1	1	1	3	1	1	1	2	2	2	2	4	2	2	5	2	1
ORTHO001129	1	0.3672944375057921	2	2	2	2	5	2	2	2	2	4	2	4	4	4	4	3	3	5	2	2	2	2	2	3	2	3	2	2	1	1	1	2	1	1	5	3	1
ORTHO001056	1	0.3687069157840073	3	3	3	3	4	2	4	2	2	4	2	4	3	2	2	1	3	7	2	2	2	2	2	4	2	2	2	2	2	2	2	3	2	2	2	2	1
ORTHO002268	1	0.3704019069807138	2	2	2	2	3	1	3	1	1	2	0	2	1	2	2	2	2	2	2	2	2	1	1	2	1	1	3	3	2	2	2	3	2	2	3	1	1