GF_ID	rootStar	lambdaStar	Atha	Alyr	Crub	Tpar	Brap	Cpap	Grai	Tcac	Jcur	Mesc	Rcom	Ptri	Lusi	Mtru	Cari	Ljap	Ccaj	Gmax	Cmel	Csat	Clan	Pmum	Pper	Pbre	Fves	Vvin	Slyc	Stub	Bdis	Hvul	Osat	Zmay	Sbic	Sita	Macu	Pdac	Atri
ORTHO000593_1	2	0.324203203711904	3	3	3	3	6	2	3	2	2	4	2	3	3	3	3	3	4	6	2	2	2	2	2	4	2	2	3	3	2	2	2	3	2	2	3	2	1
ORTHO000652_2	1	0.3309827726142619	2	2	2	2	4	1	3	2	2	3	2	4	4	2	2	2	2	4	1	1	1	2	2	4	3	2	2	2	3	3	4	4	1	3	4	2	1
ORTHO001318	1	0.3357718963929106	2	2	2	2	4	2	3	2	2	3	2	4	4	2	2	1	2	4	2	2	2	2	2	4	2	2	2	2	2	3	2	3	2	2	2	2	1
ORTHO000806_1	1	0.35511744524866823	1	1	1	1	1	1	2	1	1	2	0	2	2	2	2	2	2	4	1	1	1	1	1	2	1	1	1	1	4	4	4	5	4	4	1	2	1
ORTHO000675	1	0.3553540967108966	2	2	2	2	7	2	4	2	1	4	2	4	4	3	3	1	3	8	3	2	2	2	2	4	2	1	3	3	5	5	5	7	4	5	7	2	0
ORTHO000919	1	0.35637601159494353	4	4	4	4	7	2	4	3	2	4	2	4	4	2	1	1	1	2	2	2	2	2	1	5	1	2	4	4	2	2	2	3	2	2	4	2	1
ORTHO002539	2	0.36035958324074974	1	1	1	1	3	1	2	1	1	2	1	2	2	1	2	1	2	4	1	1	1	1	1	3	1	1	1	2	2	2	2	4	2	2	5	2	1
ORTHO001129	1	0.3672944375057921	2	2	2	2	5	2	2	2	2	4	2	4	4	4	4	3	3	5	2	2	2	2	2	3	2	3	2	2	1	1	1	2	1	1	5	3	1
ORTHO001056	1	0.3687069157840073	3	3	3	3	4	2	4	2	2	4	2	4	3	2	2	1	3	7	2	2	2	2	2	4	2	2	2	2	2	2	2	3	2	2	2	2	1
ORTHO002268	1	0.3704019069807138	2	2	2	2	3	1	3	1	1	2	0	2	1	2	2	2	2	2	2	2	2	1	1	2	1	1	3	3	2	2	2	3	2	2	3	1	1
ORTHO000975	2	0.371463194248762	2	2	2	2	5	2	7	2	3	3	2	4	6	2	2	1	2	3	2	2	2	2	2	5	2	2	3	3	2	2	2	3	2	2	4	2	2
ORTHO000580_1	1	0.37282074163451645	2	2	3	2	4	2	4	2	2	4	2	2	4	2	2	2	2	4	2	2	2	2	2	3	2	1	2	2	2	3	2	3	2	2	2	2	1
ORTHO003126	2	0.3731342286182254	1	1	1	1	1	1	1	1	1	2	1	2	2	2	2	2	2	4	1	1	1	1	1	2	1	2	2	2	2	2	2	2	1	1	2	2	2
ORTHO001338	1	0.37364844718154344	2	2	2	2	4	1	4	2	2	4	2	4	4	3	3	1	2	3	3	3	3	2	2	4	2	3	3	3	1	1	1	2	1	1	2	1	1
ORTHO002830	1	0.37371707453783976	1	1	1	1	2	1	2	1	0	2	1	2	2	2	2	1	2	4	1	1	1	1	1	3	1	1	1	1	2	3	2	3	2	2	4	2	1
ORTHO000789_1	1	0.37503412078531495	2	1	2	1	2	1	2	0	1	2	1	2	3	2	2	1	1	4	1	1	1	1	1	2	1	1	2	2	2	2	2	3	2	2	4	2	1
ORTHO001948	3	0.3753102926132095	2	2	2	2	2	1	3	1	1	2	1	2	2	3	1	2	2	4	1	1	1	1	1	2	1	1	3	3	2	2	2	3	2	2	5	2	2
ORTHO003309	1	0.3770452901439035	1	1	1	1	2	1	1	1	1	2	1	2	2	2	2	1	2	4	1	1	1	1	1	2	1	1	1	1	2	2	2	3	2	2	4	1	0
ORTHO002083	1	0.37708528390528284	2	2	1	3	5	1	2	1	1	2	1	2	5	1	2	0	2	4	1	1	1	1	1	2	1	1	2	2	2	2	2	4	1	2	4	2	1
ORTHO000848	1	0.3778673180219303	3	3	3	3	8	1	7	2	2	4	2	2	6	2	3	1	4	8	1	1	1	2	2	4	2	2	3	3	2	2	2	4	2	2	3	1	1
ORTHO000957	1	0.3789163552714781	2	2	2	2	6	2	2	2	2	3	2	4	5	2	2	3	2	3	2	2	2	2	2	7	2	2	3	3	2	2	2	4	2	2	3	5	1
ORTHO000745	1	0.37943528701168017	2	2	2	2	3	2	7	2	2	3	2	4	4	4	3	2	4	7	4	4	4	2	2	5	2	2	4	4	2	2	2	4	2	2	5	2	1
ORTHO002657	2	0.3795307080048597	2	2	2	2	3	1	2	1	1	2	1	2	2	2	2	2	2	4	1	1	0	1	1	2	1	1	2	2	1	2	2	3	2	2	2	1	1
ORTHO000792	1	0.3800183174720259	4	4	4	4	6	2	4	2	2	3	3	4	5	2	2	1	2	3	2	2	2	2	2	4	2	2	2	2	3	4	3	5	3	3	3	4	1
ORTHO002728	1	0.3803642082357721	1	1	1	1	2	1	2	1	0	2	1	2	4	2	1	1	2	2	1	1	1	1	1	2	1	1	2	2	2	2	2	4	2	2	4	3	1
ORTHO001255	2	0.3808129960414803	1	1	1	1	4	1	4	2	1	4	2	4	4	2	1	2	2	4	1	1	1	2	2	4	2	2	2	2	3	3	3	3	4	3	5	2	2
ORTHO000679	2	0.3808980493062976	3	3	3	3	4	2	5	2	3	6	2	3	4	2	3	1	3	6	2	2	2	2	2	5	2	2	4	4	4	3	4	7	4	4	4	2	2
ORTHO000336_1	1	0.3810782736014922	4	4	4	7	9	2	6	2	2	4	2	4	4	2	2	3	3	6	1	2	2	2	2	6	2	2	3	3	4	4	5	5	4	4	9	4	1
ORTHO001019	1	0.3813676562456488	2	1	2	2	5	2	4	2	2	4	2	2	2	2	3	2	4	8	3	3	3	2	2	4	2	2	4	4	2	2	1	2	2	2	2	2	1
ORTHO001837	1	0.3831677855712302	2	2	2	2	5	1	3	2	1	1	1	2	2	2	2	2	2	4	3	1	1	1	1	2	1	1	2	2	3	2	2	2	1	2	4	4	1
ORTHO000877	1	0.38404750654951253	2	2	2	2	5	2	4	3	2	4	1	3	6	4	3	5	3	8	2	2	2	2	2	2	2	2	2	3	3	3	3	2	1	3	3	2	1
ORTHO000757	1	0.3844258238099757	4	4	4	3	6	2	4	2	2	4	2	3	6	2	2	2	3	4	2	2	2	2	2	3	2	2	3	4	2	3	2	4	2	3	8	3	1
ORTHO000992	1	0.38595936576108125	2	2	2	2	4	2	5	2	4	3	2	3	4	3	3	2	3	6	2	2	2	2	2	4	2	2	3	3	2	3	2	3	2	2	3	1	1
ORTHO001708	1	0.38810066332684245	2	2	2	2	4	1	4	2	1	4	2	3	4	2	2	1	2	3	2	2	2	2	2	3	2	2	2	2	1	1	1	2	1	1	4	1	1
ORTHO002220	2	0.3887963244053907	2	2	2	2	3	1	2	1	1	2	1	1	2	2	2	1	2	4	2	2	2	2	2	4	2	2	2	2	1	1	1	1	1	1	4	2	1
ORTHO000658_1	1	0.3896773825887886	4	2	3	4	5	3	4	2	2	3	2	4	6	3	2	2	4	6	2	2	2	2	2	4	2	2	3	3	2	2	2	4	2	2	2	2	1
ORTHO000511	1	0.3908207245581307	6	6	6	5	11	2	5	2	2	3	1	3	5	2	3	1	3	6	3	3	3	2	2	5	2	2	5	5	3	4	4	6	4	4	6	2	1
ORTHO000265_3	1	0.3916836765816137	1	1	1	1	3	1	2	1	1	1	0	2	2	1	1	1	1	2	1	1	1	1	1	3	1	1	2	2	2	2	2	2	2	2	2	2	1
ORTHO001110_1	1	0.3916860310970009	2	2	2	2	4	1	1	1	1	2	1	2	2	2	2	1	2	4	1	1	1	1	1	2	1	1	2	1	1	1	1	1	1	1	2	2	1
ORTHO003256	1	0.3925987376792271	2	2	2	2	4	1	1	1	1	2	1	2	2	1	1	1	1	2	1	1	1	1	1	1	1	1	1	1	2	2	2	2	2	2	3	2	1
ORTHO003140	1	0.393095276236652	1	0	1	1	2	2	2	1	1	2	1	2	2	2	2	1	3	4	1	1	1	1	1	2	1	1	2	2	2	2	2	2	1	1	2	2	1
ORTHO001961	3	0.3936771687365484	2	2	1	2	4	1	2	1	1	2	1	2	2	2	2	2	2	3	1	1	1	1	1	2	1	1	2	2	3	2	2	4	2	3	5	2	2
ORTHO004049	1	0.3937900493224001	1	1	1	1	3	1	2	1	1	1	1	2	2	1	1	1	1	2	1	1	1	1	1	2	1	2	1	1	2	2	2	1	1	2	3	2	1
ORTHO001490	1	0.39383787934569114	3	3	3	3	3	2	3	2	2	3	2	3	4	2	2	2	2	4	2	2	2	2	2	3	2	2	3	3	1	1	1	2	1	1	2	1	1
ORTHO001956	1	0.3940320905918031	2	2	2	2	3	1	3	1	1	2	1	3	3	1	1	2	2	4	1	1	1	1	1	1	1	1	3	3	2	2	4	3	2	2	4	2	1
ORTHO000329_3	1	0.3942914550108299	2	2	2	2	4	1	4	1	1	2	1	2	2	2	3	3	2	4	1	1	1	1	1	2	1	1	2	2	2	2	2	3	3	3	5	2	1
ORTHO002062	1	0.3948072691629666	3	3	3	3	2	1	2	1	1	2	1	2	2	2	2	1	2	4	1	1	1	1	1	1	1	1	2	2	2	2	2	2	2	2	5	3	1
ORTHO001953	2	0.39537376313102907	3	3	3	2	6	1	2	1	1	2	1	2	2	1	1	0	1	2	2	2	2	1	1	2	1	1	5	5	2	2	2	2	2	1	2	2	1
ORTHO001679	1	0.3962075226487006	2	2	2	2	4	1	3	1	0	1	1	3	2	3	3	3	3	6	1	1	1	2	2	4	2	2	2	2	2	2	2	2	1	2	4	1	1