9.3001
1.2160
2.3291
0.9514
5.3046
50.0000
50.0000
1.1666
50.0000
1.3335
50.0000
50.0000
28.1309
0.9364
50.0000
50.0000
3.0757
50.0000
1.1927
3.4155
5.6469
1.0177
1.5865
50.0000
50.0000
1.1621
50.0000
1.0968
50.0000
2.8403
50.0000
8.2941
50.0000
50.0000
2.9201
50.0000
5.4922
10.7924
12.3743
27.7506
21.8200
5.3799
3.8090
50.0000
50.0000
6.6214
2.4077
1.4010
50.0000
1.4833
50.0000
9.6143
34.3374
1.1242
9.7121
11.3701
3.0347
1.6757
50.0000
1.9679
50.0000
50.0000
8.8793
1.3758
1.1325
2.7613
1.7683
50.0000
50.0000
50.0000
50.0000
50.0000
12.2533
50.0000
1.1189
50.0000
50.0000
2.4425
3.9922
1.8193
2.3190
50.0000
1.5130
50.0000
2.0485
50.0000
50.0000
0.9384
50.0000
50.0000
50.0000
0.9948
50.0000
1.9768
1.5696
5.3813
2.7302
1.2853
50.0000
2.2898
4.6051
1.3811
1.5520
50.0000
3.3055
1.0237
50.0000
50.0000
2.4993
50.0000
50.0000
50.0000
1.0804
50.0000
2.0461
1.7897
50.0000
1.5751
7.1622
8.2947
9.2142
1.5269
50.0000
50.0000
4.7998
50.0000
50.0000
7.5830
30.9374
2.6783
48.1391
6.6364
13.1528
50.0000
50.0000
50.0000
50.0000
50.0000
0.8990
13.3434
50.0000
0.8582
1.8432
3.3114
7.5953
4.6124
4.8271
3.4177
7.4902
20.6679
17.3247
4.2264
2.8306
0.9597
1.2498
2.2127
9.2741
50.0000
38.3458
35.1087
50.0000
50.0000
12.6087
50.0000
50.0000
50.0000
50.0000
50.0000
5.7786
50.0000
3.0128
1.5728
50.0000
15.1615
10.0052
50.0000
39.9624
50.0000
50.0000
50.0000
50.0000
14.3775
50.0000
50.0000
50.0000
50.0000
50.0000
50.0000
50.0000
6.1276
50.0000
50.0000
22.2411
5.5840
50.0000
50.0000
50.0000
1.7152
37.2271
1.9071
7.4940
50.0000
2.5404
50.0000
4.8804
6.5680
31.7664
5.3146
50.0000
50.0000
10.8751
50.0000
6.7733
12.0549
50.0000
46.6680
20.1496
50.0000
50.0000
0.0511
1.6841
2.9738
7.2880
50.0000
1.0741
50.0000
50.0000
50.0000
7.3636
43.1759
50.0000
50.0000
50.0000
8.3344
1.6072
50.0000
13.4760
14.0871
8.1670
50.0000
5.9950
50.0000
50.0000
50.0000
33.2853
50.0000
50.0000
50.0000
50.0000
2.5853