ORTHO000745	EIN3-binding F box protein 1	AT2G25490;AT5G25350	5515;5488;3674;9723;9725;9719;50896;8150;10033;42221;5634;43231;43227;43226;5575;43229;44424;44464;5623;5622;10105;70298;70297;1902531;9966;10646;50794;50789;65007;48583;23051;1902532;9968;48585;48519;10648;48523;23057;10104;6511;19941;51603;6508;19538;43170;71704;8152;44238;44257;30163;9057;1901575;9056;44265;44260;44237;9987;44248;44267;43632;5737;4842;19787;16740;3824;16567;32446;70647;6464;36211;43412;31146;43161;10498;19005;31461;151;1990234;1902494;43234;32991;61630;61659	1	39	368	735	31	3090.5	74.5	40	81	52.5	161	6287.5	2741.5	6601.5	6955.5	136	2253.5	9010	2519	2593.5	3417.5	8861	2917	158.5	57951.5	2.897.575
ORTHO000593_1	Protein kinase protein with adenine nucleotide alpha hydrolases-like domain	AT1G55200;AT3G13690;AT5G56790	5634;43231;43227;43226;5575;43229;44424;44464;5623;5622;16301;16772;16740;3824;3674;8152;8150;16310;6796;6793;44237;9987;5886;16020;71944;46777;6468;6464;36211;19538;43170;71704;44238;43412;44267;44260;4674;4672;16773	2	1	61	120	6.5	2467	210	6	3618	3190.5	161	597.5	1352	5604.5	1389	5.5	157	9013	2369.5	419.5	353.5	6952	500	134.5	38500	1925
ORTHO000847	TRF-like 2	AT1G07540;AT3G12560;AT5G13820	6351;34645;44260;43170;71704;8152;8150;44237;9987;9059;1901576;9058;44249;97659;32774;16070;90304;6139;46483;6725;1901360;34641;6807;44238;34654;19438;44271;18130;1901362;10467;6355;1903506;2001141;31326;9889;19222;50789;65007;31323;50794;51252;19219;80090;51171;60255;10556;10468;2000112;3677;3676;1901363;5488;3674;97159;5634;43231;43227;43226;5575;43229;44424;44464;5623;5622;8301;9737;9725;9719;50896;10033;42221;33993;97305;1901700;1101;42162;43565;723;6259;32200;51276;6996;16043;71840;1902589;44763;44699;44710;60249;42592;65008;3682;44877;5515;3691;3690;43566;781;98687;44427;44446;44422;5694;43232;43228	3	120	354	705	672.5	505	177	251.5	344	52.5	354.5	8804.5	9103	9013	6791	267	172	7801.5	888	60.5	1185	6952	1900.5	2850	57472.5	2.873.625
ORTHO000919	Cyclin B2	AT1G20610;AT1G76310;AT2G17620;AT4G35620	7049;44763;9987;8150;44699;79;1904029;45859;43549;42325;19220;51174;31323;50794;50789;65007;19222;51338;50790;65009;1932;31399;32268;51246;80090;60255;51726;71900;5515;5488;3674;16538;19887;19207;30234;98772;5634;43231;43227;43226;5575;43229;44424;44464;5623;5622;19901;19900;19899;51301	4	9	176.5	349	17	7543.5	1428	517	43.5	1371	397.5	2000.5	1352	5154.5	934	25.5	2013	8702.5	2160.5	3184	1166.5	7836	2291.5	988.5	49109.5	2.455.475
ORTHO001397	Family of unknown function (DUF566)	AT1G49890;AT3G19570	5880;5874;44430;44446;44422;5575;43226;44424;44464;5623;5622;43229;5856;43232;43228;43234;32991;15630;44428;5634;43231;43227;5737;51297;31023;6996;16043;71840;8150;9987;226;7010;1902589;44763;44699;7017;8017;32403;44877;5488;3674;5515;15631;8092;5813;5815;51225;70925;22607;44085;7051;22402;7049;71822;43933;6461;65003;70271;5777;42579;44444;9658;9657	5	133	1339	2673	112	444.5	1672.5	1604.5	8906.5	5653	5669.5	281	9103	5751	2702.5	136	8680.5	7525.5	778.5	6689.5	1140	6859.5	1888	1672.5	77158	3857.9
ORTHO001373	CCCH-type zinc finger family protein	AT2G19810;AT4G29190	6355;1903506;2001141;31326;9889;19222;50789;65007;8150;31323;50794;51252;19219;80090;51171;60255;10556;10468;2000112;3677;3676;1901363;5488;3674;97159;3700;1071;5634;43231;43227;43226;5575;43229;44424;44464;5623;5622;46872;43169;43167;5886;16020;71944;6979;6950;50896	6	139	158	310	141	68.5	142	175.5	298	52.5	454	743.5	1352	8593	9094.5	267	1155.5	7073	2922	16	8438.5	2213.5	3248	1414.5	47721.5	2.386.075
ORTHO001922	jasmonate-zim-domain protein 1	AT1G19180;AT1G74950	31347;80134;48583;50789;65007;8150;9611;6950;50896;5515;5488;3674;5634;43231;43227;43226;5575;43229;44424;44464;5623;5622;2000022;9966;10646;50794;23051;1903507;1903506;2001141;31326;9889;19222;31323;51252;19219;80090;51171;60255;10556;1902679;51253;10605;9892;48519;45934;51172;31324;48523;31327;9890;10558;9908;90567;48608;3006;32502;22414;48856;61458;48731;7275;44767;44699;44707;32501;44702;9791;48367;9555;48229;9867;9755;7165;51716;9987;7154;44763;44700;23052;32870;9725;9719;10033;42221;71495;71310;70887;71395;9753;1101;1901700;71229;1901701;3714;3712;989;988;42742;9617;51707;43207;9605;9607;51704;98542;6952	7	109	225	443	672.5	505	7529.5	602	1481	163.5	4199.5	4162.5	1352	5077	473.5	136	2213.5	8419.5	1440.5	1788	1604	7301.5	2025	691.5	51165	2558.25
ORTHO002028	Protein of unknown function (DUF740)	AT2G38070;AT3G09070;AT5G01170	3674;5886;16020;5575;44464;5623;71944;9507;9536;43231;43227;43226;43229;44424;5622;44444;5737;8150;5634;10233;10232;44707;32501;44699;44765;6810;51234;51179;1902578;10588;10051;3002;7389;44767;32502;7275;48826;44702;22414;3006;48598;9653;48856;9790;9965;9887;48513;48731;48366;48827;48367;10016;9886;9791;48825;9793;48316;48608;61458;10154;10088;10087;9888;22622;16324;98590;44459;44425;98589;98805;45177	8	101	152	296	31	41	142	30.5	393.5	720	6173.5	1830	2726	6971	6791	136	179	7677.5	857	299.5	1178	8260	2513.5	417	47336	2366.8
ORTHO001384	DREB2A-interacting protein 1	AT1G06770;AT2G30580	51865;16567;32446;70647;6464;36211;19538;43170;71704;8152;8150;44238;43412;44267;44260;44237;9987;5634;43231;43227;43226;5575;43229;44424;44464;5623;5622;5737;4842;19787;16740;3824;3674;8270;46914;46872;43169;43167;5488;16874;9414;9415;9628;50896;1101;42221;10035;1901700;6950;5515	9	184	1053.5	2098	248.5	6850	1672.5	1780.5	9029	1604.5	1211	4162.5	9130	5023	393	136	2515	6145	904	8784	213	7855	2142.5	3679.5	73230	3661.5
ORTHO001292	Integrase-type DNA-binding superfamily protein	AT4G37750	6351;34645;44260;43170;71704;8152;8150;44237;9987;9059;1901576;9058;44249;97659;32774;16070;90304;6139;46483;6725;1901360;34641;6807;44238;34654;19438;44271;18130;1901362;10467;6355;1903506;2001141;31326;9889;19222;50789;65007;31323;50794;51252;19219;80090;51171;60255;10556;10468;2000112;3677;3676;1901363;5488;3674;97159;42127;9887;44767;32502;44699;9653;48856;48513;48731;7275;44707;32501;30154;48869;44763;3700;1071;5634;43231;43227;43226;5575;43229;44424;44464;5623;5622;10492;10074;19827;98727;10073;48507;9888;7276;44702;22414;48609;32504;3;19953;44703;51704	10	79	40.5	71	407	994.5	262	96	1328.5	1233	4295	4752.5	1352	5175	511.5	25.5	1507	6471	888	2966.5	662.5	454.5	294.5	660	33929.5	1.696.475
ORTHO000511	RHO guanyl-nucleotide exchange factor 11	AT1G52240;AT1G79860;AT3G16130;AT3G24620;AT4G13240;AT5G19560	80147;48468;48869;44767;32502;8150;44699;44763;9987;48856;30154;48765;10053;90627;10015;9653;48364;48513;48731;7275;44707;32501;22622;90558;9888;48764;48469;21700;10054;5737;44424;44464;5575;5623;5622;7017;5089;5088;5085;98772;3674;43547;43087;51336;50790;19222;50789;65007;65009;51345;43085;44093;9893;48518;5634;43231;43227;43226;43229;9860;44702;22414;904;902;32989;16043;71840;3006;48588;48589;40007;16049;9932;9826;60560;48868;9856;44703;51704;44706;90406;42995;9793;9790;48316;48608;61458;9791;10154;80092;43900;10769;22604;22603;50793;51128;50794;60284;45595;51239;2000241;51510;1558;40008;48638;5886;16020;71944;42802;5515;5488;9507;9536;44444	11	62	943.5	1876	83.5	60.5	288.5	517	9018	103.5	1623	72	9103	8983	6764.5	267	8269	7547.5	778.5	105.5	8771.5	5789.5	1594	2046	71701.5	3.585.075
ORTHO001490	VPS35 homolog B	AT1G75850;AT2G17790;AT3G51310	5623;5575;31902;10008;98588;31090;16020;44422;43226;43227;44440;44444;44424;44464;5622;5737;44446;43229;5768;43231;12505;98805;5770;42147;16197;1902582;46907;6810;51234;51179;8150;51649;51641;44765;1902578;44699;16192;5794;6886;15031;45184;8104;33036;71702;34613;70727;30904;98796;43234;32991;44425;5771;8333;16482;7041;7034	12	58	160	308	31	75.5	127	1013.5	1234	238.5	621.5	1732	1352	5500	1145.5	136	42.5	8063	7482.5	129.5	2369	8398	2764	5222.5	47646.5	2.382.325
ORTHO000336_1	Phosphoinositide phosphatase family protein	AT1G17340;AT3G14205;AT3G43220;AT5G20840	42578;16788;16787;3824;3674;8152;8150;5774;44437;44444;44424;44464;5575;5623;5622;5737;44446;44422;43226;43229;5773;43231;43227;98588;31090;16020;98805;4439;34593;52866;16791;16311;6796;6793;44237;9987;34595;7033;6996;16043;71840;36092;6661;46474;6650;6644;19637;71704;44255;6629;44710;44699;44238;44763;46486;45017;8610;1901576;9058;44711;44249;8654;90407;46488;5739;5634;9506;5911;30054;55044	13	5	363.5	714	17	542.5	142	63.5	149	210.5	220.5	790	3808.5	6347.5	6937	25.5	3322.5	8967.5	2478.5	3288	2533.5	8814.5	8817.5	151	57609.5	2.880.475
ORTHO000552_2	O-fucosyltransferase family protein	AT2G37980;AT3G54100;AT5G01100	5794;43231;43227;43226;5575;43229;44424;44464;5623;5622;44444;5737;12505;16757;16740;3824;3674;8152;8150	14	199	299.5	585	248.5	18	12.5	4.5	54.5	1777	5788.5	41	9176.5	4874	282.5	66.5	172	8478	3119	1129.5	1584	8495.5	2863.5	6669	54606	2730.3
ORTHO002651	GATA transcription factor 15	AT3G06740;AT5G49300	3700;1071;3674;2001141;31326;9889;19222;50789;65007;8150;31323;50794;51252;19219;80090;51171;60255;10556;6355;1903506;10468;2000112;6357;30154;48869;44767;32502;44699;44763;9987;977;976;1990837;3690;43566;3677;3676;1901363;5488;97159;43565;44212;975;1067;1012;1228;981;45944;45893;10628;10604;9893;48518;1903508;1902680;51254;45935;31325;48522;51173;31328;9891;10557;6366;6351;34645;44260;43170;71704;8152;44237;9059;1901576;9058;44249;97659;32774;16070;90304;6139;46483;6725;1901360;34641;6807;44238;34654;19438;44271;18130;1901362;10467;5634;43231;43227;43226;5575;43229;44424;44464;5623;5622;1085;8134;5515;3682;44877;5667;43234;32991	15	99	346	677	47	87.5	2155	446.5	5258	1800	2809.5	3912.5	1352	5696	1389	3	1545.5	6946	3104	4630.5	3169	9151.5	3538	27	57020.5	2.851.025
ORTHO002210	Tetratricopeptide repeat (TPR)-like superfamily protein	AT1G07280;AT2G29670	8150;9507;9536;43231;43227;43226;5575;43229;44424;44464;5623;5622;44444;5737	16	234	388.5	761	248.5	96.5	512	1581	2729.5	1094.5	1211	6418.5	4955.5	8727.5	6331.5	797.5	2466	7117	472.5	1320	945.5	8676.5	2884	147	58483.5	2.924.175
ORTHO001168	WRKY DNA-binding protein 21	AT2G30590;AT3G04670;AT5G28650	6351;34645;44260;43170;71704;8152;8150;44237;9987;9059;1901576;9058;44249;97659;32774;16070;90304;6139;46483;6725;1901360;34641;6807;44238;34654;19438;44271;18130;1901362;10467;3700;1071;3674;2001141;31326;9889;19222;50789;65007;31323;50794;51252;19219;80090;51171;60255;10556;6355;1903506;10468;2000112;5516;5515;5488;5634;43231;43227;43226;5575;43229;44424;44464;5623;5622;43565;3677;3676;1901363;97159	17	207	732.5	1448	672.5	407.5	376.5	548.5	1328.5	136	669	2230.5	9103	8936	6590.5	797.5	1507	7471.5	1642	1268.5	8580	6679	7818	1735.5	67825	3391.25
ORTHO001561	Arabidopsis Inositol phosphorylceramide synthase 2	AT2G37940;AT3G54020	30148;46467;6643;44255;6629;71704;8152;8150;44710;44699;44238;44763;9987;44237;8610;1901576;9058;44711;44249;1901566;1901564;6807;6665;5802;98791;44431;44444;44424;44464;5575;5623;5622;5737;44446;44422;43226;43229;5794;43231;43227;12505;31984;45140;16758;16757;16740;3824;3674;5886;16020;71944;16021;31224;44425	18	273	1021	2024	672.5	2920.5	7744.5	1780.5	2069	5389.5	1312.5	409.5	9031.5	8862.5	6504.5	797.5	2880.5	7073	857	5637	7254	579	433.5	1215.5	72751.5	3.637.575
ORTHO000503	kinase interacting (KIP1-like) family protein	AT1G03080;AT3G22790;AT4G02710;AT4G14760	5886;16020;5575;44464;5623;71944;5856;43232;43228;43226;43229;44424;5622;9506;5911;30054;55044;5884;44430;44446;44422;43234;32991;15629;51015;32403;44877;5488;3674;5515;3779;8092;5737;5634;43231;43227	19	151	435.5	852	141	9054	15	38.5	183	136	5520.5	32.5	3701.5	8715.5	6192.5	797.5	179	8688.5	2788	299.5	2250	8362	3133.5	40	60127	3006.35
ORTHO001753	GATA transcription factor 26	AT4G17570;AT5G47140	5634;43231;43227;43226;5575;43229;44424;44464;5623;5622;3700;1071;3674;2001141;31326;9889;19222;50789;65007;8150;31323;50794;51252;19219;80090;51171;60255;10556;6355;1903506;10468;2000112;43565;3677;3676;1901363;5488;97159;8270;46914;46872;43169;43167;6351;34645;44260;43170;71704;8152;44237;9987;9059;1901576;9058;44249;97659;32774;16070;90304;6139;46483;6725;1901360;34641;6807;44238;34654;19438;44271;18130;1901362;10467;1085;8134;5515;977;976;1990837;3690;43566;44212;975;1067;1012;3682;44877;6357;5667;43234;32991;30154;48869;44767;32502;44699;44763;1228;981;45944;45893;10628;10604;9893;48518;1903508;1902680;51254;45935;31325;48522;51173;31328;9891;10557;6366	20	32	1214.5	2409	407	3086.5	5705.5	1322	522.5	5376	1414	8482.5	9103	6601.5	6590.5	136	7742.5	6919	802.5	39.5	1026	7923.5	2274	382.5	75449.5	3.772.475
ORTHO003382	WRKY family transcription factor	AT4G11070;AT4G23810	5634;43231;43227;43226;5575;43229;44424;44464;5623;5622;6355;1903506;2001141;31326;9889;19222;50789;65007;8150;31323;50794;51252;19219;80090;51171;60255;10556;10468;2000112;3700;1071;3674;6351;34645;44260;43170;71704;8152;44237;9987;9059;1901576;9058;44249;97659;32774;16070;90304;6139;46483;6725;1901360;34641;6807;44238;34654;19438;44271;18130;1901362;10467;43565;3677;3676;1901363;5488;97159;10150;10260;7568;44767;32502;44699;48513;48856;48731;7275;44707;32501;48366;48827;48367;10200;10243;9719;50896;10033;42221;1901698;1901700;31347;80134;48583;5515;45893;10628;10604;9893;48518;1903508;1902680;51254;45935;31325;48522;51173;31328;9891;10557;10193;302;6979;6950;1101;10035;9816;9814;98542;6952;51707;43207;9605;9607;51704;45087;6955;2376;42742;9617;9507;9536;44444;5737;42542;9751;14070	21	217	429	837	57	35.5	1560	1604.5	1753	1655.5	1623	2597	2783	6434	7713.5	1175.5	7280.5	7785	3616	4956.5	3573.5	3311	433.5	42	59932.5	2.996.625
ORTHO002930	Protein of unknown function (DUF3741)	AT4G00440	5634;43231;43227;43226;5575;43229;44424;44464;5623;5622;8150;3674	22	263	770.5	1519	672.5	257.5	333.5	8935.5	8101	1256.5	4693.5	2197	1352	5033	438.5	508.5	1564	6737.5	984	3774.5	1664.5	8018	8896.5	3635.5	68381	3419.05
ORTHO004066	Domain of unknown function (DUF966)	AT5G59790	3674;5634;43231;43227;43226;5575;43229;44424;44464;5623;5622;8150	23	88	713	1403	112	732	1500	1426	210.5	1155	2216.5	2640.5	2873	5887	5817	136	7953	7117	3021.5	6923.5	1149	8879	7667.5	59	67363	3368.15
ORTHO000679	armadillo repeat only 1	AT4G34940;AT4G36030;AT5G66200	5737;44424;44464;5575;5623;5622;90404;35838;51286;60187;30427;44463;42995;90406;30036;30029;44763;9987;8150;44699;7010;6996;16043;71840;1902589;5634;43231;43227;43226;43229;9860;44702;22414;904;902;32989;9653;32502;48856;48869;44767;48468;30154;3006;48588;48589;40007;16049;9932;9826;60560;48868;9856;44703;51704;44706;32501;5886;16020;71944	24	48	135.25	246.5	6.5	23	93.5	357.5	2611.5	238.5	4723	6	1352	8436.5	9165	56	1985.5	7885.5	1004.5	727.5	2098.5	4308.5	171	80.5	45324	2266.2
ORTHO001056	unknown protein	AT3G05750;AT3G58650;AT5G26910	16020;5575;5634;43231;43227;43226;43229;44424;44464;5623;5622;8150;3674;5886;71944;5739;44444;5737	25	17	390	755	17	349	1358	428.5	3262	5978.5	220.5	10.5	1352	9163	7461.5	267	62	8309.5	2862	5606	2294	6859.5	2025	382.5	58251	2912.55
ORTHO002083	Kinase-related protein of unknown function (DUF1296)	AT1G29350;AT1G29370	3674;8150;5634;43231;43227;43226;5575;43229;44424;44464;5623;5622;16310;6796;6793;44237;8152;9987;16301;16772;16740;3824	26	49	287.5	549	83.5	52.5	210	1361	800	266	1623	2086	4417	8954	6608.5	267	7051	6737.5	598.5	399	5170.5	3754	2917	493	53765.5	2.688.275
ORTHO002825	Phosphoglycerate mutase family protein	AT1G22170;AT1G78050	43456;1902031;6140;19219;80090;19222;50789;65007;8150;51171;31323;50794;19220;51174;51196;51193;43471;31329;9894;43470;6109;10675;60255;10906;43455;34248;6096;6090;32787;19752;43436;6082;71704;8152;44281;44710;44699;44763;9987;44237;44724;44712;9056;44723;5975;44238;16052;1901575;6757;6091;46031;9150;6163;72521;46483;6725;1901360;34641;6807;1901564;9117;6753;19637;6793;55086;6139;6796;9259;19693;1901135;9179;9185;9132;9135;9167;9161;9123;9126;46128;9119;9116;1901657;42278;46034;9205;9144;9141;9199;6165;46939;16310;46496;19362;6733;6732;51186;72524;9507;9536;43231;43227;43226;5575;43229;44424;44464;5623;5622;44444;5737;46538;4619;16868;16866;16853;3824;3674;5829;6094;6006;19318;5996;19319;46364;44283;44711;9058;16051;1901576;10167;1901698;42221;50896;1101;10035;1901700	27	214	298.5	570	248.5	390.5	5849	378.5	2412.5	82.5	2216.5	212.5	8950	8316	8553	267	1321	6590	598.5	549.5	1693.5	1310	3529.5	1029	54249	2712.45
ORTHO002967	RING/FYVE/PHD zinc finger superfamily protein	AT1G02610;AT4G02075	8270;46914;46872;43169;43167;5488;3674;5737;44424;44464;5575;5623;5622;5886;16020;71944	28	125	82.5	137	112	52.5	15	3301	196	238.5	4902	8.5	1352	4912.5	285.5	66.5	2589	9164.5	7153	19.5	2356.5	678.5	1235	1263	39789	1989.45
ORTHO000883	WRKY family transcription factor	AT1G62300;AT4G04450;AT4G22070	5634;43231;43227;43226;5575;43229;44424;44464;5623;5622;80169;80029;31669;31667;9991;9605;50896;8150;31668;51716;9987;71496;7154;44763;44699;10036;42221;70887;9267;42594;6950;33554;5515;5488;3674;44212;975;3677;3676;1901363;97159;1067;3700;1071;2001141;31326;9889;19222;50789;65007;31323;50794;51252;19219;80090;51171;60255;10556;6355;1903506;10468;2000112;43565;45892;1903507;1902679;51253;10605;9892;48519;45934;51172;31324;48523;31327;9890;10558;10629;2000113;16036;10200;10243;9719;10033;1901698;1901700;6351;34645;44260;43170;71704;8152;44237;9059;1901576;9058;44249;97659;32774;16070;90304;6139;46483;6725;1901360;34641;6807;44238;34654;19438;44271;18130;1901362;10467;9873;160;35556;7165;44700;23052;9755;32870;9725;71495;71310;71369;9723	29	271	538	1047	248.5	505	226	864	160.5	6621	4879.5	32.5	1352	5199	638	136	8342	8678.5	2299	2347	2789	7215.5	8623.5	2091	62999	3149.95
ORTHO000917	kinesin 5	AT4G05190;AT4G21270;AT4G27180;AT5G54670	3777;3774;17111;16462;16818;16817;16787;3824;3674;8152;8150;9524;44444;44424;44464;5575;5623;5622;5737;51225;70925;6996;16043;71840;9987;22607;44085;7051;226;7010;1902589;44763;44699;7017;22402;7049;71822;43933;6461;65003;70271;5524;35639;1901265;1901363;5488;97159;43168;43167;32559;30554;17076;166;36094;32555;32553;97367;32550;32549;1882;1883;5876;5874;44430;44446;44422;43226;43229;5856;43232;43228;43234;32991;15630;5819;5634;43231;43227;5872;5871;5875;9971;55048;7053;90306;212;1903046;51321;3;7126;280;48285;7140;8569;16887;8017;32403;44877;5515;15631;8092	30	229	430.5	831	43	2385.5	64.5	3291	3068.5	896.5	104	1070.5	8950	8396.5	8638.5	267	1221.5	8824.5	2399	1835.5	2313	1310	3740.5	1090.5	59867	2993.35
ORTHO000457	Protein kinase superfamily protein	AT1G72540;AT2G05940;AT2G26290;AT5G35580	5886;16020;5575;44464;5623;71944;16301;16772;16740;3824;3674;8152;8150;16310;6796;6793;44237;9987;42742;9617;51707;43207;9605;50896;9607;51704;98542;6952;6950;4674;4672;16773;6468;6464;36211;19538;43170;71704;44238;43412;44267;44260	31	90	636	1241	31	2446.5	15	462	40.5	2340	271.5	7144.5	9103	8969	6728	25.5	7733.5	8411.5	2997	2347	504	2433.5	1615	1876	65463	3273.15
ORTHO002679	Lateral root primordium (LRP) protein-related	AT3G51060;AT5G66350	10252;48878;42592;65008;65007;8150;48480;3006;32502;22414;48856;48440;48827;48367;44767;44699;48731;7275;44707;32501;48437;44702;48569;48513;9908;90567;48608;61458;9791;48467;48438;9938;9968;9966;10646;50794;50789;48583;23051;48585;48519;10648;48523;23057;9937;10051;3002;7389;45893;10628;10604;9893;48518;19222;60255;10468;1903508;1903506;2001141;31326;9889;31323;51252;19219;80090;51171;10556;1902680;51254;45935;31325;48522;51173;31328;9891;10557;6355;2000112;5634;43231;43227;43226;5575;43229;44424;44464;5623;5622;46982;46983;5515;5488;3674;48479;3700;1071;3677;3676;1901363;97159;9739;9725;9719;50896;10033;42221;33993;1101;1901700;9740;10476;9755;7165;51716;9987;7154;44763;44700;23052;32870;71495;71310;70887;71370;71396;71229;1901701;9851;42446;9058;8152;42445;10817;9850;44237;44249;9734;71365;9733;46872;43169;43167;6351;34645;44260;43170;71704;9059;1901576;97659;32774;16070;90304;6139;46483;6725;1901360;34641;6807;44238;34654;19438;44271;18130;1901362;10467	32	258	990.5	1949	248.5	702	575	3803	2202	5491	2539	3792.5	1352	5023	409	136	8473.5	7910.5	1345	141.5	8711.5	7871	8913	2850	72240.5	3.612.025
ORTHO001661	Carbohydrate-binding protein	AT1G10150;AT1G59510	16021;31224;44425;5575;16020;5739;43231;43227;43226;43229;44424;44464;5623;5622;44444;5737;30246;5488;3674	33	180	235.5	438	248.5	819.5	210	4238	985	720	271.5	907	1352	8511.5	8915.5	267	2351.5	6854.5	2696.5	1043.5	7636	1228	876	1215.5	51098.5	2.554.925
ORTHO003037	HCP-like superfamily protein with MYND-type zinc finger	AT1G67340	16567;32446;70647;6464;36211;19538;43170;71704;8152;8150;44238;43412;44267;44260;44237;9987;5634;43231;43227;43226;5575;43229;44424;44464;5623;5622	34	195	652.5	1271	672.5	21	64.5	63.5	27	52.5	4732	9042.5	3090	5795.5	5718	136	1266	8744.5	5502	1788	1275.5	9172.5	9163	122.5	65776.5	3.288.825
ORTHO000817	2-oxoglutarate (2OG) and Fe(II)-dependent oxygenase superfamily protein	AT3G11180;AT3G55970;AT5G05600	55114;44710;8152;8150;44699;16491;3824;3674;5737;44424;44464;5575;5623;5622;5506;46914;46872;43169;43167;5488;16706;16705;51213;80167;9628;50896	35	152	686.5	1338	672.5	615.5	43.5	3504.5	3404.5	52.5	544	7536	9103	5175	599	508.5	166	9074	9064	2854.5	2937	6895.5	1937.5	2575	66589.5	3.329.475
ORTHO000493	auxin response factor 10	AT2G28350;AT4G30080	6355;1903506;2001141;31326;9889;19222;50789;65007;8150;31323;50794;51252;19219;80090;51171;60255;10556;10468;2000112;48366;48827;48856;32502;48367;44767;44699;48731;7275;44707;32501;9738;9755;7165;51716;9987;50896;7154;44763;44700;23052;32870;9725;9719;10033;42221;71495;71310;70887;71215;9737;33993;97305;1901700;1101;71396;97306;1901701;71229;5634;43231;43227;43226;5575;43229;44424;44464;5623;5622;3677;3676;1901363;5488;3674;97159;46983;5515;35198;3723;51301;9734;71365;9733;3700;1071;6351;34645;44260;43170;71704;8152;44237;9059;1901576;9058;44249;97659;32774;16070;90304;6139;46483;6725;1901360;34641;6807;44238;34654;19438;44271;18130;1901362;10467;48829;48364;48513;22622;9743;48442;48437;44702;22414;3006;48569;9908;90567;48608;61458;9791;48464;48438;10154;48589;40007;31540;31537;9962;48441;48465;7389	36	72	406	776	6.5	3282	2	641	435	5732.5	3366.5	7997	9066	4830	313	4	2497	8560	1523.5	112	150.5	7470	1740	1009	58731	2936.55
ORTHO001801	BTB-POZ and MATH domain 2	AT3G06190;AT5G19000	71472;71470;71214;9628;50896;8150;51716;9987;6970;6950;33554;9651;16567;32446;70647;6464;36211;19538;43170;71704;8152;44238;43412;44267;44260;44237;5634;43231;43227;43226;5575;43229;44424;44464;5623;5622;42631;31668;71496;9605;7154;44763;44699;9991;71462;9415;1101;42221;10035;1901700;71229;70887;1901701;9414;5515;5488;3674;42802	37	290	2465.25	4893.5	672.5	7812.5	444.5	1604.5	867	266	8450	3034.5	9167	4969	369	508.5	7364.5	8150.5	1359	220.5	9043.5	8182	9079.5	8639.5	89531.5	4.476.575
ORTHO002621	AT hook motif DNA-binding family protein	AT2G45850;AT3G61310	6351;34645;44260;43170;71704;8152;8150;44237;9987;9059;1901576;9058;44249;97659;32774;16070;90304;6139;46483;6725;1901360;34641;6807;44238;34654;19438;44271;18130;1901362;10467;3677;3676;1901363;5488;3674;97159;5634;43231;43227;43226;5575;43229;44424;44464;5623;5622;6355;1903506;2001141;31326;9889;19222;50789;65007;31323;50794;51252;19219;80090;51171;60255;10556;10468;2000112	38	324	1010.5	1983	248.5	165.5	1173.5	1289.5	2790.5	5082	1211	7502.5	1352	9167	7401.5	1073.5	8003	9093.5	4328.5	299.5	2448.5	7061.5	1961.5	1029	72433.5	3.621.675
ORTHO000971	Protein of unknown function; DUF547	AT2G23700;AT5G66600	8150;3674;5634;43231;43227;43226;5575;43229;44424;44464;5623;5622	39	57	234.5	430	83.5	349	142	641	702.5	14.5	454	4877	1352	8604	9114	267	3035.5	7073	444.5	399	1729.5	3111.5	7156	1454.5	50920.5	2.546.025
ORTHO000761	Major Facilitator Superfamily with SPX (SYG1/Pho81/XPR1) domain-containing protein	AT1G63010;AT4G11810;AT4G22990	5774;44437;44444;44424;44464;5575;5623;5622;5737;44446;44422;43226;43229;5773;43231;43227;98588;31090;16020;98805;5794;12505;325;16021;31224;44425;55085;44763;9987;8150;44699;44765;6810;51234;51179;1902578;22891;22857;5215;3674;22892	40	95	246	452	112	2887.5	102	563	1234	4102	435.5	444.5	9066	8627	9135.5	267	2298	6217	490.5	8.5	723.5	1985	1235	1672.5	51494	2574.7
ORTHO002089	ARM repeat superfamily protein	AT1G01830;AT2G45720	8150	41	86	521.5	1002	112	554.5	127	6323	1625	502	513.5	1198.5	9130	9024.5	6791	267	2408	8013	5589.5	105.5	12.5	7392.5	2104	787	62468	3123.4
ORTHO000992	inter-alpha-trypsin inhibitor heavy chain-related	AT1G19110;AT1G72500	5576;5575;3674;5886;16020;44464;5623;71944;8150	42	40	253	464	83.5	2467	89	3354	3215.5	2366.5	4670.5	841.5	1352	9159.5	7323.5	267	1507	8514.5	3473	1940	220	383	115	504	51762.5	2.588.125
ORTHO000786	DHHC-type zinc finger family protein	AT3G26935;AT3G48760;AT5G41060	5794;43231;43227;43226;5575;43229;44424;44464;5623;5622;44444;5737;12505;6612;6605;6886;15031;45184;51234;51179;8150;8104;33036;71702;6810;46907;51649;51641;34613;70727;1902582;44765;1902578;44699;90150;72657;44802;61024;16043;71840;9987;44763;1902580;18230;18231;18198;18193;6464;36211;19538;43170;71704;8152;44238;43412;44267;44260;44237;18345;6497;42158;42157;34645;9059;1901576;9058;44249;43543;5886;16020;71944;5783;19706;19707;16417;16747;16746;16740;3824;3674;16409;5634;5576	43	92	497	951	672.5	2735	26	1204.5	522.5	1709.5	3948.5	3034.5	9077	8936	6608.5	797.5	1670.5	6960	1788	1356.5	2506	4873	2129.5	1672.5	61555.5	3.077.775
ORTHO000561	DNAse I-like superfamily protein	AT1G05470;AT2G32010;AT3G63240	5737;44424;44464;5575;5623;5622;10051;3002;7389;44767;32502;8150;44699;44707;32501;7275;10305;34485;34594;52866;16791;42578;16788;16787;3824;3674;8152;16311;6796;6793;44237;9987;34595;5515;5488;4439;34593;9737;9725;9719;50896;10033;42221;33993;97305;1901700;1101;46855;44723;5975;71704;44238;44710;46838;44262;71545;43647;19637;19751;6066;1901615;44281;44763;46174;46164;1901616;1901575;9056;44282;44712;46434;46856;46839;30258;44255;6629;46488;6650;6644;46486;48016;19932;35556;7165;50794;50789;65007;51716;7154;44700;23052;10588;48826;44702;22414;3006;48598;9653;48856;9790;9965;9887;48513;48731;48366;48827;48367;10016;9886;9791;48825;9793;48316;48608;61458;10154;32957;46030;52745;10067;10065;48508;48507;9888;5886;16020;71944;5634;43231;43227;43226;43229;71472;71470;71214;9628;6970;6950;33554;9651;2000377;31323;19222	44	314	754	1464	248.5	8571.5	6265.5	563	3471	1123	4810	2553.5	1352	5318	766.5	136	2506.5	9074	2972	3274.5	2913.5	7301.5	2479	2501.5	67952.5	3.397.625
ORTHO000632_2	Protein phosphatase 2A; regulatory subunit PR55	AT1G17720;AT1G51690	34047;43666;10921;35304;31399;32268;51246;80090;19222;50789;65007;8150;60255;31323;50794;35303;19220;51174;51336;50790;65009;5737;44424;44464;5575;5623;5622;5829;44444;6470;16311;6796;6793;44237;8152;9987;6464;36211;19538;43170;71704;44238;43412;44267;44260;159;8287;1903293;1902494;43234;32991;7165;51716;50896;7154;44763;44699;44700;23052;166;36094;5488;3674;1901265;1901363;97159;8601;19888;19208;30234;98772	45	370	609.5	1174	407	8845.5	81.5	310.5	3584	2736.5	1144	6838.5	2898	6227.5	6192.5	1175.5	1952.5	8080	1961.5	2206.5	402.5	8486	1453	115	64691	3234.55
ORTHO001000	Ribosomal protein L18e/L15 superfamily protein	AT1G23290;AT1G70600	5730;44428;44446;44422;5575;43226;44424;44464;5623;5622;43229;5634;43231;43227;43232;43228;31981;70013;43233;31974;2181;6412;43043;43604;43603;34641;6807;8152;8150;44237;9987;44271;44249;9058;6518;1901564;71704;1901566;1901576;44267;19538;43170;44238;44260;34645;9059;10467;22626;44445;44444;5737;5829;5840;30529;32991;15934;44391;9506;5911;30054;55044;10229;90567;48608;3006;32502;22414;48856;61458;48731;7275;44767;44699;44707;32501;44702;9791;48367;44822;3723;3676;1901363;5488;3674;97159;22625;3735;5198;9908;16020	46	246	350	654	57	3086.5	5825	1204.5	2134	2630.5	3426.5	4386.5	1352	6238	7258.5	56	202	7408	335.5	616.5	620	7814.5	1937.5	32	56564	2828.2
ORTHO000792	Ypt/Rab-GAP domain of gyp1p superfamily protein	AT3G49350;AT5G24390;AT5G41940;AT5G53570	9507;9536;43231;43227;43226;5575;43229;44424;44464;5623;5622;44444;5737;5794;12505	47	29	281	515	31	2908.5	398	25	113.5	52.5	291	8905	1352	5739.5	4462	136	2277	8514.5	2952.5	635	2497	8005	2274	1454.5	52992.5	2.649.625
ORTHO001087	delta1-pyrroline-5-carboxylate synthase 1	AT2G39800;AT3G55610	55114;44710;8152;8150;44699;16310;6796;6793;44237;9987;4349;16774;16772;16740;3824;3674;19202;16301;5737;44424;44464;5575;5623;5622;50661;50662;48037;5488;166;36094;1901265;1901363;97159;6561;9084;1901607;1901605;6520;1901564;71704;6807;19752;43436;6082;44281;44763;44238;8652;46394;16053;44283;44711;9058;1901576;44249;1901566;9064;18130;46483;1901362;1901360;6560;9414;9415;9628;50896;1101;42221;10035;1901700;6950;17084;16620;16903;16491;4350;9507;9536;43231;43227;43226;43229;44444;9651;6970;9269;5524;35639;43168;43167;32559;30554;17076;32555;32553;97367;32550;32549;1882;1883;42538;6972;5739;9555;48229;7275;44767;32502;44707;32501;48856;16020;55129;48364;48513;48731;22622;6979;9737;9725;9719;10033;33993;97305;9506;5911;30054;55044;5829;9793;44702;22414;3006;9790;48316;48608;61458;9791;10154	48	161	136.5	225	672.5	349	312	96	2541	1094.5	29	409.5	8898	4816.5	6425.5	136	1463.5	8824.5	1827	2253	2313	868	664.5	885.5	44206	2210.3
ORTHO003166	LOB domain-containing protein 38	AT3G49940;AT5G67420	5634;43231;43227;43226;5575;43229;44424;44464;5623;5622;8150;6807;8152;60776;9965;9887;44767;32502;44699;9653;48856;48513;48731;7275;44707;32501;48366;48827;48367;10016	49	436	1933.5	3818	3586.5	2837	444.5	1604.5	9037.5	402.5	1211	3034.5	9167	4816.5	382.5	136	8505.5	8470.5	9043	1486	9043.5	8005	2291.5	3799.5	83718	4185.9
ORTHO001344	abscisic acid responsive elements-binding factor 2	AT1G45249;AT4G34000	6355;1903506;2001141;31326;9889;19222;50789;65007;8150;31323;50794;51252;19219;80090;51171;60255;10556;10468;2000112;9737;9725;9719;50896;10033;42221;33993;97305;1901700;1101;10255;9757;10182;9756;7165;51716;9987;7154;44763;44699;44700;23052;71322;71310;70887;1901701;9743;71331;9746;34284;71326;71333;9749;1678;42593;33500;48878;42592;65008;55082;19725;5634;43231;43227;43226;5575;43229;44424;44464;5623;5622;45893;10628;10604;9893;48518;1903508;1902680;51254;45935;31325;48522;51173;31328;9891;10557;9414;9415;9628;10035;6950;9738;9755;32870;71495;71215;71396;97306;71229;5515;5488;3674;9651;6970;3700;1071;3677;3676;1901363;97159;43565;6351;34645;44260;43170;71704;8152;44237;9059;1901576;9058;44249;97659;32774;16070;90304;6139;46483;6725;1901360;34641;6807;44238;34654;19438;44271;18130;1901362;10467	50	209	756.5	1463	248.5	7563	6283.5	153.5	3352.5	969	4610.5	431	1352	8541.5	9008.5	267	1000	8934.5	2122.5	1556.5	2621	2061	5826.5	1297.5	67951.5	3.397.575
ORTHO001019	ROP interactive partner 3	AT2G37080;AT5G60210	9507;9536;43231;43227;43226;5575;43229;44424;44464;5623;5622;44444;5737;5576;5886;16020;71944	51	31	609	1167	83.5	4794.5	9	12	493.5	2569	4766.5	247	1352	8704	8163.5	25.5	9113	9000.5	2899.5	1177	345	8005	2855	77	64608.5	3.230.425
ORTHO002009	Thiamin diphosphate-binding fold (THDP-binding) superfamily protein	AT1G24180;AT1G59900	5759;44429;44444;44424;44464;5575;5623;5622;5737;44446;44422;43226;43229;5739;43231;43227;70013;43233;31974;4739;4738;16903;16491;3824;3674;8152;8150;55114;44710;44699;16624;8270;46914;46872;43169;43167;5488;9651;6970;9628;50896;6950;6096;6090;32787;19752;43436;6082;71704;44281;44763;9987;44237;44724;44712;9056;44723;5975;44238;16052;1901575;6757;6091;46031;9150;6163;72521;46483;6725;1901360;34641;6807;1901564;9117;6753;19637;6793;55086;6139;6796;9259;19693;1901135;9179;9185;9132;9135;9167;9161;9123;9126;46128;9119;9116;1901657;42278;46034;9205;9144;9141;9199;6165;46939;16310;46496;19362;6733;6732;51186;72524;5634;50897;5829;6086;6085;71616;9108;51188;44249;9058;6637;35383;6790;35384;44272;1901576;6084;44711;46686;10038;10035;42221	52	235	1520	2988	248.5	7278	575	4345	2645.5	582	3989.5	5409	9130	4995.5	393	136	1991	8458	2066	3208	3222	8091	8775	3799.5	79089	3954.45
ORTHO000486_2	P-loop containing nucleoside triphosphate hydrolases superfamily protein	AT2G46620	5524;35639;1901265;1901363;5488;3674;97159;43168;43167;32559;30554;17076;166;36094;32555;32553;97367;32550;32549;1882;1883;16887;17111;16462;16818;16817;16787;3824;8152;8150;5886;16020;5575;44464;5623;71944	53	293	761	1469	248.5	96.5	575	4462	522.5	1604.5	1082.5	2640.5	6227	8727.5	6378.5	797.5	1526.5	7151.5	490.5	141.5	7636	9048	8775	102.5	67985.5	3.399.275
ORTHO001244	UDP-XYL synthase 6	AT2G28760;AT3G46440;AT5G59290	48040;16831;16830;16829;3824;3674;8152;8150;5886;16020;5575;44464;5623;71944;33320;33319;9225;6139;46483;44237;9987;6725;1901360;71704;34641;6807;44238;1901135;9226;1901137;1901576;9058;34654;19438;44249;44271;18130;1901362;5737;44424;5622;50662;48037;5488;5829;44444;42732;19321;5996;44723;5975;44710;44699;44281	54	167	28.5	3	141	6.5	210	917.5	1042.5	14.5	354.5	1854	1352	5481.5	1109.5	508.5	143.5	7.5	11	29.5	12.5	9.5	9.5	8	13082	654.1
ORTHO000975	E2F transcription factor 3	AT2G36010;AT5G22220	6355;1903506;2001141;31326;9889;19222;50789;65007;8150;31323;50794;51252;19219;80090;51171;60255;10556;10468;2000112;5737;44424;44464;5575;5623;5622;5515;5488;3674;5634;43231;43227;43226;43229;3677;3676;1901363;97159;45893;10628;10604;9893;48518;1903508;1902680;51254;45935;31325;48522;51173;31328;9891;10557;51446;45787;51726;51445;3700;1071;6351;34645;44260;43170;71704;8152;44237;9987;9059;1901576;9058;44249;97659;32774;16070;90304;6139;46483;6725;1901360;34641;6807;44238;34654;19438;44271;18130;1901362;10467;7049;44763;44699;5667;43234;32991;10090;904;902;32989;16043;71840;9653;32502;48856;48869;44767;48468;30154;10026;90558;9888;90626;51302;8284;42127;9733;9725;9719;50896;10033;42221	55	20	211.5	368	50	14	312	45	1481	14.5	2290	5435.5	2723	8316	8163.5	56	2098.5	7431.5	528	60.5	103	7637.5	2657	91	49457.5	2.472.875
ORTHO003220	ortholog of sugar beet HS1 PRO-1 2	AT2G40000;AT3G55840	5737;44424;44464;5575;5623;5622;6979;6950;50896;8150;9816;9814;98542;6952;51707;43207;9605;9607;51704;45087;6955;2376;42742;9617;5515;5488;3674;5739;43231;43227;43226;43229;44444;9751;14070;10033;42221;1101;1901700	56	193	67	78	248.5	273.5	6236.5	414	702.5	369.5	1211	155.5	1352	4969	313	351	2398.5	8318	1862	87	1586.5	311	114	3841	34865.5	1.743.275
ORTHO002550	heat shock transcription factor  A4A	AT4G18880;AT5G45710	6355;1903506;2001141;31326;9889;19222;50789;65007;8150;31323;50794;51252;19219;80090;51171;60255;10556;10468;2000112;5515;5488;3674;43565;3677;3676;1901363;97159;5634;43231;43227;43226;5575;43229;44424;44464;5623;5622;45893;10628;10604;9893;48518;1903508;1902680;51254;45935;31325;48522;51173;31328;9891;10557;302;6979;6950;50896;1901700;42221;5737;42803;42802;46983;3700;1071;6351;34645;44260;43170;71704;8152;44237;9987;9059;1901576;9058;44249;97659;32774;16070;90304;6139;46483;6725;1901360;34641;6807;44238;34654;19438;44271;18130;1901362;10467;10200;10243;9719;10033;1901698;9408;9266;9628;9733;9725;48364;44767;32502;44699;48513;48856;48731;7275;44707;32501;22622;9958;9630;9606;9605;9629;48530;3006;22414;9886;9653;9791;10154;48608;61458;48527;48528;48569	57	81	534.5	1012	112	436.5	210	63.5	9069	4161	4517.5	5795.5	1352	5635	1338.5	136	179	9119	2618.5	3274.5	3511.5	8029.5	2369	807	62622.5	3.131.125
ORTHO002539	unknown protein	AT5G12900	3674;5634;43231;43227;43226;5575;43229;44424;44464;5623;5622;8150;5515;5488	58	19	120	182	50	4050.5	4	55.5	6.5	3221	3917	16	1352	5804	4705.5	44.5	105	8458	2764	129.5	606	6340.5	827.5	21.5	42428.5	2.121.425
ORTHO000835	PYR1-like 4	AT2G38310;AT2G40330;AT5G05440	5515;5488;3674;80163;43666;10921;35304;31399;32268;51246;80090;19222;50789;65007;8150;60255;31323;50794;35303;19220;51174;51336;50790;65009;9738;9755;7165;51716;9987;50896;7154;44763;44699;44700;23052;32870;9725;9719;10033;42221;71495;71310;70887;71215;9737;33993;97305;1901700;1101;71396;97306;1901701;71229;10427;33293;31406;43177;36094;43168;43167;42562;43178;19840;8289;5634;43231;43227;43226;5575;43229;44424;44464;5623;5622;4872;60089;43086;44092;9892;48519;4864;19888;19208;30234;98772;19212;4857;5737;5886;16020;71944	59	429	979.5	1900	672.5	585	687.5	1640.5	1839.5	163.5	5610	367.5	1352	5917.5	5254.5	797.5	630	7677.5	8310	1248	8850	9063	8976.5	2940	71910	3595.5
ORTHO000766_1	Ypt/Rab-GAP domain of gyp1p superfamily protein	AT4G27100;AT5G54780	5737;44424;44464;5575;5623;5622;5634;43231;43227;43226;43229;5739;44444	60	187	366	672	248.5	133.5	575	864	2924.5	4047	397.5	7223	1352	5795.5	3721.5	136	2466	8971.5	2754	3431	2137	6576.5	1790	1615.5	56911	2845.55
ORTHO000800	Plant regulator RWP-RK family protein	AT1G20640;AT1G76350;AT2G17150;AT4G35270	9877;44403;44419;51704;8150;3700;1071;3674;2001141;31326;9889;19222;50789;65007;31323;50794;51252;19219;80090;51171;60255;10556;6355;1903506;10468;2000112;6351;34645;44260;43170;71704;8152;44237;9987;9059;1901576;9058;44249;97659;32774;16070;90304;6139;46483;6725;1901360;34641;6807;44238;34654;19438;44271;18130;1901362;10467;5634;43231;43227;43226;5575;43229;44424;44464;5623;5622;3677;3676;1901363;5488;97159	61	130	31	1	672.5	44	99	1289.5	1	103.5	1	87	1352	4890.5	282.5	343	1266	7.5	11	34.5	12.5	9.5	9.5	8	9851.5	492.575
ORTHO002127	CP12 domain-containing protein 1	AT2G47400;AT3G62410	9570;9532;44435;44444;44424;44464;5575;5623;5622;5737;44446;44422;43226;43229;9536;43231;43227;44434;9507;9941;9526;31967;31975;43234;32991;19253;19685;16051;44723;5975;71704;8152;8150;44238;44710;44699;1901576;9058;44711;15979;44237;9987;15977;80153;45912;6109;80090;19222;50789;65007;9892;48519;9890;9889;80152;10110;10109;31323;50794;43255;31324;48523;9744;34285;9743;10033;42221;50896;1901700;3674;70417;9409;9266;9628;6950;33554;51716;9416;9314;18316;18198;18193;6464;36211;19538;43170;43412;44267;44260;18149;71454;36294;36293;70482;71453;70887;34059;34605;9408;5515;5488	62	218	313.5	565	672.5	2170	1519.5	488	1328.5	2170.5	397.5	58	1352	8485	8726.5	267	1973	6854.5	2754	5126.5	7386	1110.5	859	1156	54182	2709.1
ORTHO001624	bZIP transcription factor family protein	AT1G08320	3700;1071;3674;2001141;31326;9889;19222;50789;65007;8150;31323;50794;51252;19219;80090;51171;60255;10556;6355;1903506;10468;2000112;5634;43231;43227;43226;5575;43229;44424;44464;5623;5622;3677;3676;1901363;5488;97159;43565;6351;34645;44260;43170;71704;8152;44237;9987;9059;1901576;9058;44249;97659;32774;16070;90304;6139;46483;6725;1901360;34641;6807;44238;34654;19438;44271;18130;1901362;10467	63	225	371.5	680	248.5	375.5	444.5	112.5	1234	334.5	5440	1889	8950	8210.5	8553	267	1266	6590	598.5	78	1084	7087	3552	1029	57095	2854.75
ORTHO002031	Transcriptional factor B3 family protein / auxin-responsive factor AUX/IAA-related	AT2G33860	6355;1903506;2001141;31326;9889;19222;50789;65007;8150;31323;50794;51252;19219;80090;51171;60255;10556;10468;2000112;5634;43231;43227;43226;5575;43229;44424;44464;5623;5622;9734;9755;7165;51716;9987;50896;7154;44763;44699;44700;23052;32870;9725;9719;10033;42221;71495;71310;70887;71365;9733;3700;1071;3674;10582;44702;22414;3006;32502;10022;44767;44707;32501;10073;48507;9888;48856;48513;48731;7275;9908;90567;48608;61458;9791;48367;10050;9850;44237;8152;42445;10817;65008;3677;3676;1901363;5488;97159;6351;34645;44260;43170;71704;9059;1901576;9058;44249;97659;32774;16070;90304;6139;46483;6725;1901360;34641;6807;44238;34654;19438;44271;18130;1901362;10467;10158;1708;48869;45165;30154	64	292	2966.5	5869	672.5	2837	9141.5	8985.5	800	1970.5	454	5257	9103	4921.5	599	508.5	7006	9067.5	9064	2935	1528	8962	8806.5	2623	94569.5	4.728.475
ORTHO002971	unknown protein	AT5G61340	5739;43231;43227;43226;5575;43229;44424;44464;5623;5622;44444;5737;8150;3674	65	144	1159.5	2254	141	2999.5	177	1114.5	1133	1674	7594	1854	1352	9013	6791	267	7158.5	7967.5	1407	2935	3236.5	7855	8976.5	795	74300	3715
ORTHO002687	NAC domain containing protein 80	AT5G07680;AT5G61430	6355;1903506;2001141;31326;9889;19222;50789;65007;8150;31323;50794;51252;19219;80090;51171;60255;10556;10468;2000112;3677;3676;1901363;5488;3674;97159;5634;43231;43227;43226;5575;43229;44424;44464;5623;5622;7275;44767;32502;44699;44707;32501;6351;34645;44260;43170;71704;8152;44237;9987;9059;1901576;9058;44249;97659;32774;16070;90304;6139;46483;6725;1901360;34641;6807;44238;34654;19438;44271;18130;1901362;10467;3700;1071	66	541	793	1520	672.5	3632	1457	188	9124.5	1256.5	4474.5	587.5	7963	4718.5	6444.5	508.5	3067	8859	2136.5	5672	2506	889.5	4131	780.5	68396	3419.8
ORTHO000712	homology to ABI2	AT1G17550;AT1G72770;AT4G26080;AT5G57050	4722;4721;16791;42578;16788;16787;3824;3674;8152;8150;16311;6796;6793;44237;9987;6470;6464;36211;19538;43170;71704;44238;43412;44267;44260;9738;9755;7165;50794;50789;65007;51716;50896;7154;44763;44699;44700;23052;32870;9725;9719;10033;42221;71495;71310;70887;71215;9737;33993;97305;1901700;1101;71396;97306;1901701;71229;5515;5488;5634;43231;43227;43226;5575;43229;44424;44464;5623;5622;5737;9788;9968;9966;10646;48583;23051;48585;48519;10648;48523;23057;1901420;1901419;9787;5509;46872;43169;43167;9408;9266;9628;6950;10119;9409;8287;1903293;1902494;43234;32991;19901;19900;19899;5886;16020;71944;6469;45859;43549;42325;19220;51174;31323;19222;51338;50790;65009;1932;31399;32268;51246;80090;60255;1933;42326;45936;10563;31324;9892;31400;32269;51248;10605;33673;51348;43086;44092;1902456;9414;9415;10035;10205;43155;42548;10109;43467;9644;9642;9416;9314;6970	67	362	1206	2345	672.5	585	7770.5	1289.5	1839.5	210.5	2809.5	6781	8993.5	6187	6378.5	797.5	2466	7219.5	2907	5672	1673.5	7183	1937.5	2166	74866.5	3.743.325
ORTHO002429	Homeodomain-like superfamily protein	AT3G04030;AT5G18240	5634;43231;43227;43226;5575;43229;44424;44464;5623;5622;3682;44877;5488;3674;3700;1071;2001141;31326;9889;19222;50789;65007;8150;31323;50794;51252;19219;80090;51171;60255;10556;6355;1903506;10468;2000112;3677;3676;1901363;97159	68	30	804.75	1541.5	31	9123	19.5	535	9168	136	435.5	2000.5	9141	4969	934	25.5	7962.5	8538.5	2691	270.5	1658.5	7725	2274	961	68568	3428.4
ORTHO001250	XB3 ortholog 1 in Arabidopsis thaliana	AT2G28840	16874;3824;3674;8152;8150;16567;32446;70647;6464;36211;19538;43170;71704;44238;43412;44267;44260;44237;9987;5737;44424;44464;5575;5623;5622;8270;46914;46872;43169;43167;5488	69	387	1029.5	1990	3586.5	3632	822.5	765	2465.5	879.5	1623	4351.5	9130	4921.5	511.5	508.5	8013.5	7967.5	3730.5	284	3354	8910.5	3248	7376.5	72495	3624.75
ORTHO000988	WRKY DNA-binding protein 4	AT1G13960;AT2G03340	6351;34645;44260;43170;71704;8152;8150;44237;9987;9059;1901576;9058;44249;97659;32774;16070;90304;6139;46483;6725;1901360;34641;6807;44238;34654;19438;44271;18130;1901362;10467;6355;1903506;2001141;31326;9889;19222;50789;65007;31323;50794;51252;19219;80090;51171;60255;10556;10468;2000112;1900150;31347;80134;48583;43900;32101;2831;9723;9725;9719;50896;10033;42221;3677;3676;1901363;5488;3674;97159;43565;3700;1071;5634;43231;43227;43226;5575;43229;44424;44464;5623;5622;44212;975;1067;46872;43169;43167;6952;6950;9751;14070;1101;1901700;1900425;31348;48585;48519;43901;2832;32102;1900424;9753	70	244	1034.5	1999	672.5	96.5	1672.5	1426	800	52.5	1211	164.5	9150.5	4935	302.5	343	8604.5	8411.5	8421	8942.5	3103	8127.5	2617	4174.5	72555.5	3.627.775
ORTHO001476	ATPase; V1 complex; subunit B protein	AT1G20260;AT1G76030;AT4G38510	5773;43231;43227;43226;5575;43229;44424;44464;5623;5622;44444;5737;9507;9536;30835;30834;1901879;43244;51128;50794;50789;65007;8150;8064;30832;32535;90066;65008;16043;71840;9987;44763;44699;32956;51493;33043;32970;51494;10639;51129;48523;48519;1901880;43242;15991;15988;1902600;15992;15672;6812;6811;44765;6810;51234;51179;1902578;6818;98662;98660;34220;55085;98655;16820;22857;5215;3674;16817;16787;3824;8152;51017;22607;44085;61572;7015;71822;43933;30036;30029;7010;6996;1902589;5774;44437;44446;44422;98588;31090;16020;98805;33180;33178;98796;43234;32991;44425;16469;33176;46034;9150;6163;72521;46483;44237;6725;1901360;71704;34641;6807;1901564;9117;6753;19637;6793;55086;6139;44238;44281;44710;6796;9259;19693;1901135;9167;9161;9123;9126;9205;9144;9141;9199;46128;9119;9116;1901657;42278;51015;32403;44877;5488;5515;3779;8092;5524;35639;1901265;1901363;97159;43168;43167;32559;30554;17076;166;36094;32555;32553;97367;32550;32549;1882;1883;5886;71944;51693;30837;30833;32271;43254;44087;32272;31333;5794;12505;46686;10038;10035;42221;50896;46933;15078;15077;22890;8324;15075;22891;22892;44769;42625;42626;43492;42623;16887;17111;16462;16818;15405;15399;22804;19829;10255;9757;10182;9756;7165;51716;7154;44700;23052;71322;71310;10033;70887;1901701;1901700;9743;71331;9746;34284;71326;71333;9749;1678;42593;33500;48878;42592;55082;19725;9506;5911;30054;55044;9941;9526;31967;31975;44435;44434	71	134	89	107	43	422	687.5	88.5	1133	163.5	478.5	2000.5	1352	5625.5	1304	136	5.5	7761	1325	29.5	1451	7567	2239	3799.5	37568.5	1.878.425
ORTHO002268	SAUR-like auxin-responsive protein family	AT2G46690;AT3G61900	9733;9725;9719;50896;8150;10033;42221;9734;9755;7165;50794;50789;65007;51716;9987;7154;44763;44699;44700;23052;32870;71495;71310;70887;71365;40008;7275;44767;32502;44707;32501;3674;5634;43231;43227;43226;5575;43229;44424;44464;5623;5622	72	25	297	522	31	4256.5	7.5	143.5	37	582	74.5	6494	1352	8649.5	9177	267	2086	8368.5	3149.5	2347	2439.5	2112.5	1072	462	53077.5	2.653.875
ORTHO001794	RNA-binding KH domain-containing protein	AT1G14170;AT5G15270	5634;43231;43227;43226;5575;43229;44424;44464;5623;5622;9737;9725;9719;50896;8150;10033;42221;33993;97305;1901700;1101;3723;3676;1901363;5488;3674;97159	73	182	938	1803	672.5	96.5	1611.5	1322	1691	821	669	2160	1352	8969	6687	797.5	1482.5	7547.5	3333.5	6860	8663	6791.5	8202.5	1825	70882	3544.1
ORTHO002376	DNA repair ATPase-related	AT2G24420;AT4G31340	5774;44437;44444;44424;44464;5575;5623;5622;5737;44446;44422;43226;43229;5773;43231;43227;98588;31090;16020;98805;5783;12505;5576;5794	74	409	315.5	557	672.5	4262.5	226	563	1133	674	982	4239	9167	4816.5	369	508.5	2506.5	7408	1118.5	326.5	1610.5	8005	2291.5	3799.5	54006.5	2.700.325
ORTHO001688	RING 1B	AT1G03770;AT5G44280	45814;10629;10605;9892;48519;50789;65007;8150;19222;60255;10468;40029;1709;48869;44767;32502;44699;44763;9987;45165;30154;16874;3824;3674;8152;16567;32446;70647;6464;36211;19538;43170;71704;44238;43412;44267;44260;44237;10076;10074;19827;44707;32501;98727;10073;48507;9888;48856;48513;48731;7275;5634;43231;43227;43226;5575;43229;44424;44464;5623;5622;5515;5488;45892;1903507;1903506;2001141;31326;9889;31323;50794;51252;19219;80090;51171;10556;1902679;51253;45934;51172;31324;48523;31327;9890;10558;6355;2000112;2000113;35102;152;44428;44446;44422;151;1990234;1902494;43234;32991;31519;8270;46914;46872;43169;43167;16568;6325;43933;16043;71840;51276;6996;10492;6351;34645;9059;1901576;9058;44249;97659;32774;16070;90304;6139;46483;6725;1901360;34641;6807;34654;19438;44271;18130;1901362;10467;10077	75	315	1964	3853	248.5	2757.5	1474	268	8856.5	14.5	2129.5	2729	9016.5	8969	6687	267	5365	7408	2052.5	6240	139.5	6576.5	8202.5	4801	83953.5	4.197.675
ORTHO000435_1	Protein kinase superfamily protein	AT1G18160;AT1G73660	4674;4672;16301;16772;16740;3824;3674;8152;8150;16310;6796;6793;44237;9987;16773;6468;6464;36211;19538;43170;71704;44238;43412;44267;44260;5886;16020;5575;44464;5623;71944;5634;43231;43227;43226;43229;44424;5622;4712;5524;35639;1901265;1901363;5488;97159;43168;43167;32559;30554;17076;166;36094;32555;32553;97367;32550;32549;1882;1883;165;23014;7165;50794;50789;65007;51716;50896;7154;44763;44699;44700;23052;44710;35556;4709;4702;5057;4871;60089;186;32147;45860;45859;43549;42325;19220;51174;31323;19222;51338;50790;65009;1932;31399;32268;51246;80090;60255;1934;42327;45937;10562;31325;9893;48518;48522;31401;32270;51247;10604;33674;51347;43085;44093;43410;43408;1902531;9966;10646;48583;23051;1902533;9967;10647;48584;23056;5515;10182;9756;71322;71310;10033;42221;70887;1901701;1901700;9743;9651;6970;9628;6950	76	428	297.5	519	248.5	3632	444.5	279.5	985	369.5	5407.5	7721	1352	4662.5	6378.5	136	2967.5	5824	418	112	5061.5	3111.5	3492.5	678.5	53033.5	2.651.675
ORTHO000586_2	CBS / octicosapeptide/Phox/Bemp1 (PB1) domains-containing protein	AT2G36500;AT3G52950	16021;31224;44425;5575;16020;30554;17076;166;36094;5488;3674;1901265;1901363;97159	77	268	367	657	672.5	505	64.5	1547.5	280	1926.5	1211	4111	1352	4969	369	136	1526.5	8179	1693	299.5	7386	8182	9079.5	3799.5	56616.5	2.830.825
ORTHO000616_1	ARF GTPase-activating protein	AT5G13300;AT5G61980	5794;43231;43227;43226;5575;43229;44424;44464;5623;5622;44444;5737;12505;30140;5798;16023;31988;31982;31410;44431;44446;44422;30133;30136;30135;10087;9888;48856;32502;8150;5886;16020;71944;6897;16192;6810;51234;51179;10051;3002;7389;44767;44699;44707;32501;7275;5829;35091;5543;8289;5488;3674;43168;43167;9733;9725;9719;50896;10033;42221;5515;9965;9887;9653;48513;48731;48366;48827;48367;10016;7010;6996;16043;71840;9987;8270;46914;46872;43169;5096;8047;30234;98772;50790;19222;50789;65007;65009;43085;44093;9893;48518;30695;60589;43547;43087;51336;51345;5768;30139	78	77	236	394	112	407.5	195	864	8634	14.5	513.5	1070.5	1352	8561.5	8927.5	25.5	2581.5	6854.5	348	23	7636	499	313	1188	50008.5	2.500.425
ORTHO000933	Drug/metabolite transporter superfamily protein	AT2G25520;AT4G32390;AT5G11230;AT5G25400	5886;16020;5575;44464;5623;71944;98656;6820;6811;44765;6810;51234;51179;8150;1902578;44699;34220;55085;44763;9987;5768;43231;43227;43226;43229;44424;5622;44444;5737;12505;5802;98791;44431;44446;44422;5794;31984;8514;8509;15075;22891;22857;5215;3674;22892;15711;71702;16021;31224;44425	79	624	242.5	406	672.5	2097.5	6132	357.5	9136	402.5	804.5	228.5	1352	4662.5	6378.5	508.5	2944.5	5720	368.5	971	1435.5	2763	3376.5	660	50299	2514.95
ORTHO001223	Chloroplast-targeted copper chaperone protein	AT2G28660;AT2G37390	5507;46914;46872;43169;43167;5488;3674;5634;43231;43227;43226;5575;43229;44424;44464;5623;5622;46916;6875;55065;98771;50801;48878;42592;65008;65007;8150;55080;30003;6873;55082;19725;44763;9987;44699;55076;30001;6812;6811;44765;6810;51234;51179;1902578;6825;41;5737	80	591	2575	5070	672.5	3992.5	7092.5	1114.5	931	334.5	8770	3835.5	9167	4798	350.5	343	8748.5	8592	1961.5	7647	1909	9094.5	2901	8821.5	90404	4520.2
ORTHO001313	ubiquitin family protein	AT2G17190;AT2G17200	31593;43130;32182;5515;5488;3674;5829;44444;44424;44464;5575;5623;5622;5737;5634;43231;43227;43226;43229	81	104	479	877	112	8430	10	103	4365	6498.5	4172	1	1352	9169	7349.5	1073.5	2524	9016	2696.5	1811	321.5	250.5	92	1243	60478	3023.9
ORTHO001335	highly ABA-induced PP2C gene 2	AT1G07430;AT2G29380;AT3G11410	46872;43169;43167;5488;3674;4722;4721;16791;42578;16788;16787;3824;8152;8150;16311;6796;6793;44237;9987;6470;6464;36211;19538;43170;71704;44238;43412;44267;44260;71805;98662;98660;34220;6811;44765;6810;51234;51179;1902578;44699;55085;44763;98655;6812;71804;6813;15672;30001;5886;16020;5575;44464;5623;71944;9788;9968;9966;10646;50794;50789;65007;48583;23051;48585;48519;10648;48523;23057;1901420;1901419;9787;9939;9967;10647;48522;48518;48584;23056;9937;5267;15079;15077;22890;8324;15075;22891;22857;5215;22892;46873;5261;5216;22838;15267;22803;1902039;2000033;2000034;80050;48580;2000026;50793;51239;2000241;2000692;48581;51241;51093;2000242;48838;10162;44767;32502;44702;22414;48609;32504;3;32501;3006;44707;22611;10431;21700;48316;48608;48856;61458;48731;7275;9791;10154;97438;10030;48582;51240;51094;10029;1900140;9414;9415;9628;50896;1101;42221;10035;1901700;6950;9737;9725;9719;10033;33993;97305;5737;44424;5622;5634;43231;43227;43226;43229;5829;44444;9738;9755;7165;51716;7154;44700;23052;32870;71495;71310;70887;71215;71396;97306;1901701;71229;5515;10119;9409;9266	82	173	208	334	248.5	20	312	1204.5	98	210.5	744	2131	1352	8072	1233.5	136	8922	8097	1118.5	141.5	9075	1010.5	1900.5	2850	48628.5	2.431.425
ORTHO001679	WRKY DNA-binding protein 17	AT2G24570;AT4G31550	5634;43231;43227;43226;5575;43229;44424;44464;5623;5622;6355;1903506;2001141;31326;9889;19222;50789;65007;8150;31323;50794;51252;19219;80090;51171;60255;10556;10468;2000112;10200;10243;9719;50896;10033;42221;1901698;1901700;6351;34645;44260;43170;71704;8152;44237;9987;9059;1901576;9058;44249;97659;32774;16070;90304;6139;46483;6725;1901360;34641;6807;44238;34654;19438;44271;18130;1901362;10467;43565;3677;3676;1901363;5488;3674;97159;3700;1071;5516;5515;42742;9617;51707;43207;9605;9607;51704;98542;6952;6950	83	65	281	479	112	560.5	195	517	1133	52.5	744	1830	1352	8993	6764.5	267	7469	7728	3730.5	399	1140	6679	1900.5	586.5	52041	2602.05
ORTHO003581	basic helix-loop-helix (bHLH) DNA-binding superfamily protein	AT5G50915	6351;34645;44260;43170;71704;8152;8150;44237;9987;9059;1901576;9058;44249;97659;32774;16070;90304;6139;46483;6725;1901360;34641;6807;44238;34654;19438;44271;18130;1901362;10467;46983;5515;5488;3674;6355;1903506;2001141;31326;9889;19222;50789;65007;31323;50794;51252;19219;80090;51171;60255;10556;10468;2000112;9739;9725;9719;50896;10033;42221;33993;1101;1901700;5634;43231;43227;43226;5575;43229;44424;44464;5623;5622;3677;3676;1901363;97159;3700;1071	84	585	750.5	1417	248.5	528.5	1672.5	4503	6379.5	334.5	744	1854	1352	6764.5	8726.5	267	450	6590	4293	4586	7568	6612.5	3393.5	945.5	67564.5	3.378.225
ORTHO003441	soluble N-ethylmaleimide-sensitive factor adaptor protein 33	AT5G61210	911;1902410;32506;22402;44763;9987;8150;44699;7049;910;51301;1903047;278;61640;281;51707;43207;9605;50896;9607;51704;9504;44444;44424;44464;5575;5623;5622;5737;5886;16020;71944;61025;61024;16043;71840;9507;9536;43231;43227;43226;43229;9737;9725;9719;10033;42221;33993;97305;1901700;1101;9612;9628;5484;5515;5488;3674;16021;31224;44425;5634;16192;6810;51234;51179	85	479	602.5	1120	672.5	2877	6588	251.5	6493	3771	397.5	1658	1352	7343.5	8995	1073.5	8948	6808.5	658	3747	1091.5	515	313	1078.5	63959.5	3.197.975
ORTHO003309	RING/U-box superfamily protein	AT1G73760	8270;46914;46872;43169;43167;5488;3674;5634;43231;43227;43226;5575;43229;44424;44464;5623;5622	86	37	533	980	83.5	41	49.5	414	54.5	238.5	5271.5	7717	8977	8511.5	8868	267	269	8702.5	2078.5	2986	2039	2017.5	3200.5	382.5	62085	3104.25
ORTHO002059	calcium-dependent protein kinase 16	AT2G17890;AT4G36070;AT5G66210	6468;16310;6796;6793;44237;8152;8150;9987;6464;36211;19538;43170;71704;44238;43412;44267;44260;4672;16301;16772;16740;3824;3674;16773;4683;4674;9507;9536;43231;43227;43226;5575;43229;44424;44464;5623;5622;44444;5737;5886;16020;71944;5634;9931;10857;35556;7165;50794;50789;65007;51716;50896;7154;44763;44699;44700;23052;46777;9738;9755;32870;9725;9719;10033;42221;71495;71310;70887;71215;9737;33993;97305;1901700;1101;71396;97306;1901701;71229;18105;18209;18193;5516;5515;5488	87	11	100.5	114	17	68.5	54.5	45	3324.5	555.5	4693.5	2131	2774.5	6112	8061.5	25.5	1903.5	4154.5	270	2610.5	82.5	621.5	335	330.5	38154	1907.7
ORTHO003150	basic helix-loop-helix (bHLH) DNA-binding superfamily protein	AT5G08130	6355;1903506;2001141;31326;9889;19222;50789;65007;8150;31323;50794;51252;19219;80090;51171;60255;10556;10468;2000112;5634;43231;43227;43226;5575;43229;44424;44464;5623;5622;3700;1071;3674;6351;34645;44260;43170;71704;8152;44237;9987;9059;1901576;9058;44249;97659;32774;16070;90304;6139;46483;6725;1901360;34641;6807;44238;34654;19438;44271;18130;1901362;10467;5515;5488;3677;3676;1901363;97159;46983;1902448;48584;48518;48583;1902446;2000030;9742;43401;9755;7165;51716;50896;7154;44763;44699;44700;23052;32870;9725;9719;10033;42221;71495;71310;70887;71383;71407;14070;71396;33993;48545;71367;9741;97305;1901700;97306;1901701	88	587	272	456	672.5	2981	822.5	1114.5	2301	502	3526	576.5	1352	5129	766.5	136	2460.5	7801.5	1290	662	8228.5	8091	2153.5	1735.5	51629.5	2.581.475
ORTHO000560	Protein of Unknown Function (DUF239)	AT1G10750;AT1G23340;AT1G70550;AT5G50150	5739;43231;43227;43226;5575;43229;44424;44464;5623;5622;44444;5737;8150;3674;5576	89	294	269	449	248.5	422	117.5	82	22	136	5286	267.5	1352	8649.5	9170	1073.5	2298	9052.5	2723.5	2935	2901.5	1910	1235	1615.5	51249	2562.45
ORTHO001055	Protein of unknown function; DUF642	AT4G32460;AT5G11420;AT5G25460	5576;5575;8150;9505;5618;30312;44464;5623;71944;3674;10015;44767;32502;44699;9653;48856;48364;48513;48731;7275;44707;32501;22622;9506;5911;30054;55044;80167;9628;50896	90	238	178	266	248.5	7116	142	397	69	1028.5	435.5	4421	1352	4816.5	6520.5	136	7788.5	6471	2618.5	8.5	493	852	462.5	885.5	46013.5	2.300.675
ORTHO001129	nudix hydrolase homolog 18	AT1G14860;AT2G01670	46872;43169;43167;5488;3674;16787;3824;8152;8150;5739;43231;43227;43226;5575;43229;44424;44464;5623;5622;44444;5737	91	22	169.5	248	83.5	156	54.5	462	2264	266	582	4991	1352	8210.5	9171	267	2142.5	6029.5	2857.5	201.5	4023	1310	616	382.5	45338.5	2.266.925
ORTHO001564	Pectin lyase-like superfamily protein	AT3G06770;AT3G16850;AT5G49215	5576;5575;5975;71704;8152;8150;44238;10583;14070;10033;42221;50896;5634;43231;43227;43226;43229;44424;44464;5623;5622;4650;4553;16798;16787;3824;3674;71555;45229;16043;71840;9987;71554;9505;5618;30312;71944;5773;44444;5737;16829	92	487	364.5	637	672.5	3632	1542	1114.5	344	1028.5	5293	1198.5	7554	4662.5	6378.5	508.5	351	5824	368.5	4131	5170.5	3374.5	2943	741	56159.5	2.807.975
ORTHO000381_1	RHO guanyl-nucleotide exchange factor 7	AT5G02010	5634;43231;43227;43226;5575;43229;44424;44464;5623;5622;5089;5088;5085;98772;3674;43547;43087;51336;50790;19222;50789;65007;8150;65009;51345;43085;44093;9893;48518;5886;16020;71944;5829;44444;5737	93	533	460	827	248.5	3632	1441	163.5	2959	295	5006	466.5	8094	4486	6444.5	136	7758	8045.5	984	5189.5	628.5	2541	700.5	795	59765.5	2.988.275
ORTHO002521	TGACG motif-binding factor 4	AT5G10030;AT5G65210	5515;5488;3674;3700;1071;2001141;31326;9889;19222;50789;65007;8150;31323;50794;51252;19219;80090;51171;60255;10556;6355;1903506;10468;2000112;3677;3676;1901363;97159;42742;9617;51707;43207;9605;50896;9607;51704;98542;6952;6950;5634;43231;43227;43226;5575;43229;44424;44464;5623;5622;5516;9409;9266;9628;6351;34645;44260;43170;71704;8152;44237;9987;9059;1901576;9058;44249;97659;32774;16070;90304;6139;46483;6725;1901360;34641;6807;44238;34654;19438;44271;18130;1901362;10467;43565;44212;975;1067	94	205	477	860	672.5	436.5	575	602	1839.5	3903.5	1211	3835.5	4214	8862.5	6504.5	797.5	4548.5	7151.5	857	483.5	1063.5	4873	7089	1371.5	60219	3010.95
ORTHO002657	ADP-ribosylation factor B1C	AT3G03120;AT5G17060	6499;6498;6497;6464;36211;19538;43170;71704;8152;8150;44238;43412;44267;44260;44237;9987;42158;42157;34645;9059;1901576;9058;44249;31365;18377;43543;5622;44464;5575;5623;5794;43231;43227;43226;43229;44424;44444;5737;12505;7264;35556;7165;50794;50789;65007;51716;50896;7154;44763;44699;44700;23052;5525;35639;1901265;1901363;5488;3674;97159;43168;43167;32550;32549;1882;36094;97367;1883;32561;19001;17076;166;32555;32553	95	50	373	651	50	3096.5	444.5	218	3068.5	821	669	6300	2722	7101	7619.5	56	3031	9035	2369.5	2289	708.5	6340.5	447.5	77	56414	2820.7
ORTHO000911	HXXXD-type acyl-transferase family protein	AT2G39980;AT5G01210	80167;9628;50896;8150;16747;16746;16740;3824;3674;8152;5737;44424;44464;5575;5623;5622	96	520	3095.5	6095	672.5	8743	1672.5	8810.5	1839.5	136	1211	4162.5	1352	4816.5	409	508.5	7324	8381	1726.5	8930.5	9136.5	9086	9151.5	8420	95817	4790.85
ORTHO004830	Encodes a member of the MAKR (MEMBRANE-ASSOCIATED KINASE REGULATOR)  gene family. MAKRs have putative kinase interacting motifs and membrane localization signals. Known members include: AT5G26230 (MAKR1); AT1G64080 (MAKR2); AT2G37380 (MAKR3); AT2G39370 (MAKR4); AT5G52870 (MAKR5) and AT5G52900 (MAKR6).	AT2G39370	5634;43231;43227;43226;5575;43229;44424;44464;5623;5622;9506;5911;30054;55044;8150;5886;16020;71944;3674	97	631	856.5	1616	672.5	125.5	7348	279.5	1481	7967.5	3526	5435.5	1352	5154.5	841.5	508.5	2452.5	7761	1086	2935	8798.5	8182	2239	1672.5	69146	3457.3
ORTHO000646	Haloacid dehalogenase-like hydrolase (HAD) superfamily protein	AT1G35910;AT1G78090;AT2G22190;AT4G39770;AT5G10100;AT5G65140	5992;46351;5984;44262;5975;71704;8152;8150;44238;44237;9987;9311;44723;44710;44699;44763;34637;16051;1901576;9058;44711;44249;9312;5991;4805;19203;16791;42578;16788;16787;3824;3674;16311;6796;6793;6970;9628;50896;6950;9507;9536;43231;43227;43226;5575;43229;44424;44464;5623;5622;44444;5737;6979;9651;15927;4553;16798;5634;5829;5730;44428;44446;44422;43232;43228;31981;70013;43233;31974;46686;10038;10035;42221	98	668	810.5	1523	248.5	3368	2234.5	4503	597.5	3771	669	1954	1352	6764.5	8593.5	2476	2025	6590	857	4664.5	7860	5213.5	2079	2850	68422	3421.1
ORTHO003590	CONTAINS InterPro DOMAIN/s: Uncharacterised conserved protein UCP022260 (InterPro:IPR016802)	AT3G54000	5634;43231;43227;43226;5575;43229;44424;44464;5623;5622;8150;3674	99	564	777.5	1456	3586.5	6023.5	5146.5	3491	3450	2908	210.5	3108	1352	4948.5	551	508.5	7214.5	8381	2410	3165	2960	6952	2412.5	2699.5	67892	3394.6
ORTHO002007	Transducin/WD40 repeat-like superfamily protein	AT1G18080;AT1G48630;AT3G18130	10228;3006;32502;8150;22414;48608;48856;61458;48731;7275;44767;44699;44707;32501;9791;5634;43231;43227;43226;5575;43229;44424;44464;5623;5622;5078;35591;60090;5488;3674;9967;9966;10646;50794;50789;65007;48583;23051;10647;48522;48518;48584;23056;19900;19899;5515;32947;5198;5834;1902494;43234;32991;98797;44459;44425;16020;5886;71944;98796;31234;19897;19898;9898;98562;98552;22626;44445;44444;5737;5829;5840;30529;43232;43228;46686;10038;10035;42221;50896;71215;9737;9725;9719;10033;33993;97305;1901700;1101;71396;71310;70887;51716;9987;32870;71495;97306;1901701;71229;42254;22613;44085;71840;6417;10608;10468;60255;19222;32268;51246;80090;31323;34248;51171;2000112;31326;9889;10556;9845;90351;9739;10476;9755;7165;7154;44763;44700;23052;71370;166;36094;1901265;1901363;97159;9507;9536;9749;9746;34284;9743;48364;48513;22622;48367;5730;44428;44446;44422;31981;70013;43233;31974	100	91	679.5	1259	672.5	29	5643	9115	149	642.5	147	444.5	1352	5635	1677.5	25.5	1048	9151	2696.5	971	8228.5	8801	9160	757.5	65673.5	3.283.675
ORTHO001850	CONSTANS-like 9	AT3G07650;AT5G48250	8270;46914;46872;43169;43167;5488;3674;6355;1903506;2001141;31326;9889;19222;50789;65007;8150;31323;50794;51252;19219;80090;51171;60255;10556;10468;2000112;5634;43231;43227;43226;5575;43229;44424;44464;5623;5622;3700;1071;7623;48511;48579;48581;48580;2000026;50793;51239;51241;48519;51093;48585;48583;48586;2000028;2000241;2000242;5886;16020;71944;5515	101	128	563	1025	672.5	3027.5	575	8476.5	1042.5	855	3461	485	9130	5059.5	438.5	508.5	1564	7967.5	1086	96	1352	7950.5	8976.5	691.5	62743	3137.15
ORTHO001540	ARM repeat superfamily protein	AT1G27210;AT5G62580	9507;9536;43231;43227;43226;5575;43229;44424;44464;5623;5622;44444;5737;8150	102	413	906.5	1711	672.5	3859	687.5	8212.5	2892	3350	4965	3950.5	1352	5045.5	693	136	1775.5	8852	2278	1667	2439.5	8676.5	2513.5	6732.5	70077.5	3.503.875
ORTHO004818	GATA type zinc finger transcription factor family protein	AT1G10200	5737;44424;44464;5575;5623;5622;5856;43232;43228;43226;43229;3700;1071;3674;2001141;31326;9889;19222;50789;65007;8150;31323;50794;51252;19219;80090;51171;60255;10556;6355;1903506;10468;2000112;51017;22607;16043;71840;9987;44085;61572;7015;71822;43933;30036;30029;44763;44699;7010;6996;1902589;51015;32403;44877;5488;5515;3779;8092;8270;46914;46872;43169;43167;15629;5886;16020;71944	103	526	785	1467	672.5	7616	274.5	153.5	3168	369.5	56	37.5	8898	7387.5	9114	1073.5	2142.5	8859	3459.5	2593.5	3067.5	7038.5	1386	1282	67976.5	3.398.825
ORTHO000403	NADP-malic enzyme 4	AT1G79750;AT2G19900;AT5G11670;AT5G25880	8948;16831;16830;16829;3824;3674;8152;8150;9793;44702;22414;44699;3006;32502;9790;44767;48856;7275;44707;32501;48316;48608;61458;48731;9791;10154;6633;72330;46394;16053;6082;71704;44281;44710;44763;9987;44237;44283;44711;9058;1901576;44249;19752;43436;32787;6631;44255;6629;44238;8610;6108;43648;50897;46914;46872;43169;43167;5488;4473;4470;16615;16614;16491;55114;16616;51287;50662;48037;166;36094;1901265;1901363;97159;8270;4471;9507;9536;43231;43227;43226;5575;43229;44424;44464;5623;5622;44444;5737;16652;16651;42803;42802;5515;46983;9845;90351;51289;51260;51259;6461;65003;43933;16043;71840;22607;44085;71822;70271;51262;5829;5886;16020;71944;9506;5911;30054;55044;5774;44437;44446;44422;5773;98588;31090;98805;46686;10038;10035;42221;50896;9051;51156;19637;6793;1901135;6796;6739;46496;19362;6733;6732;51186;9117;6753;55086;6139;46483;6725;1901360;34641;6807;72524;1901564;6098;19682;6081;19693;5618;30312;48046;5576	104	223	180.5	257	248.5	57.5	32	1426	1328.5	821	25.5	32.5	1352	9097	7082.5	267	1596	9087	2393	3377.5	2160.5	1132	859	3565	45691.5	2.284.575
ORTHO000757	Granulin repeat cysteine protease family protein	AT1G47128;AT3G19390;AT3G19400;AT5G43060	8234;70011;8233;16787;3824;3674;8152;8150;6508;19538;43170;71704;44238;5764;323;5773;43231;43227;43226;5575;43229;44424;44464;5623;5622;44444;5737;9507;9536;50832;98542;6952;6950;50896;51707;43207;9605;9607;51704;9620;9414;9415;9628;1101;42221;10035;1901700;5576;9506;5911;30054;55044;51603;44257;30163;9057;1901575;9056;44265;44260;44237;9987;44248;44267;5615;44421;48046;4197;4175;5515;5488;5829;9651;6970;5783;12505	105	6	659.5	1214	17	542.5	210	19	37	3776.5	5407.5	5720.5	1352	9056	7667.5	267	2253.5	8438.5	1719	3184	8738	4471.5	1720	571.5	65151.5	3.257.575
ORTHO002290	Nucleotide-diphospho-sugar transferases superfamily protein	AT2G35710;AT4G16600	6486;44763;9987;8150;44699;6464;36211;19538;43170;71704;8152;44238;43412;44267;44260;44237;43413;70085;44723;5975;44710;9101;9100;1901135;34645;9059;1901576;9058;44249;1901137;16021;31224;44425;5575;16020;16051;44711;46872;43169;43167;5488;3674;16758;16757;16740;3824;5739;43231;43227;43226;43229;44424;44464;5623;5622;44444;5737	106	302	261	416	248.5	33	210	268	69	52.5	46	610	1352	5596	1266.5	508.5	9128.5	8915	9133	3184	4519	611	1235	3920	50657	2532.85
ORTHO001589	NAC domain containing protein 10	AT1G28470;AT4G28500	7275;44767;32502;8150;44699;44707;32501;3700;1071;3674;2001141;31326;9889;19222;50789;65007;31323;50794;51252;19219;80090;51171;60255;10556;6355;1903506;10468;2000112;3677;3676;1901363;5488;97159;45893;10628;10604;9893;48518;1903508;1902680;51254;45935;31325;48522;51173;31328;9891;10557;5634;43231;43227;43226;5575;43229;44424;44464;5623;5622;6351;34645;44260;43170;71704;8152;44237;9987;9059;1901576;9058;44249;97659;32774;16070;90304;6139;46483;6725;1901360;34641;6807;44238;34654;19438;44271;18130;1901362;10467;2000652;44087;1903338;44212;975;1067	107	545	1632.5	3158	672.5	3672	1954	1013.5	5994	1318	5836	521.5	9077	5016	693	508.5	1605.5	8002	1290	7194	1628	8879	9045.5	6801.5	80049	4002.45
ORTHO002702	Plant protein of unknown function (DUF828) with plant pleckstrin homology-like region	AT3G22810;AT4G14740;AT5G43870	5634;43231;43227;43226;5575;43229;44424;44464;5623;5622;7165;50794;50789;65007;8150;51716;9987;50896;7154;44763;44699;44700;23052;35091;5543;8289;5488;3674;43168;43167;9507;9536;44444;5737;5886;16020;71944	108	717	1554.5	3001	672.5	2557.5	1818.5	641	1234	136	397.5	109.5	8817.5	7213.5	9022.5	1073.5	324.5	6946	8141.5	5189.5	8738	7567	8026.5	1188	79142	3957.1
ORTHO000420_2	fatty acid biosynthesis 1	AT1G74960	9793;44702;22414;8150;44699;3006;32502;9790;44767;48856;7275;44707;32501;48316;48608;61458;48731;9791;10154;4315;4312;16747;16746;16740;3824;3674;8152;9536;43231;43227;43226;5575;43229;44424;44464;5623;5622;44444;5737;9507;6636;6633;72330;46394;16053;6082;71704;44281;44710;44763;9987;44237;44283;44711;9058;1901576;44249;19752;43436;32787;6631;44255;6629;44238;8610;33559;9570;9532;44435;44446;44422;44434;9631;9409;9266;9628;50896;6950	109	618	2372	4635	672.5	4297	3628.5	2000	1133	855	1623	4239	8977	6170.5	6378.5	797.5	3836.5	7295.5	5589.5	5189.5	7925	8888.5	8485	725.5	88034	4401.7
ORTHO002802	Protein kinase superfamily protein	AT1G51170;AT3G20830	8134;5515;5488;3674;51782;48523;50794;50789;65007;8150;48519;51302;4672;16301;16772;16740;3824;8152;16310;6796;6793;44237;9987;16773;6468;6464;36211;19538;43170;71704;44238;43412;44267;44260;5886;16020;5575;44464;5623;71944;5524;35639;1901265;1901363;97159;43168;43167;32559;30554;17076;166;36094;32555;32553;97367;32550;32549;1882;1883;4674;5634;43231;43227;43226;43229;44424;5622;36290;46777;5737;80060;3006;32502;22414;9888;48856;48481;35670;48608;61458;48731;7275;44767;44699;44707;32501;48440;48827;48367;48437;44702;48569;48513;9908;90567;9791;48467;48438;9507;9536;44444	110	108	1231.75	2353.5	31	3020	652	2000	1545.5	7152	3461	8763	1352	5613	1109.5	508.5	7006	5720	1004.5	129.5	8663	7786.5	8817.5	619	74922.5	3.746.125
ORTHO005193	myb domain protein 62	AT1G68320	9686;16102;16114;6721;6720;44255;6629;71704;8152;8150;44710;44699;44238;44763;9987;44237;8299;8610;1901576;9058;44711;44249;16101;46394;16053;6082;44281;44283;19752;43436;9685;16036;9267;31669;31667;9991;9605;50896;31668;51716;71496;7154;42594;6950;33554;3700;1071;3674;2001141;31326;9889;19222;50789;65007;31323;50794;51252;19219;80090;51171;60255;10556;6355;1903506;10468;2000112;9751;14070;10033;42221;1101;1901700;3677;3676;1901363;5488;97159;3682;44877;5634;43231;43227;43226;5575;43229;44424;44464;5623;5622	111	163	320.5	530	672.5	2897	210	71	3152	1506.5	99	7246.5	1352	9176	7548.5	267	2714	8496.5	1680.5	2935	1398	678.5	1523.5	265.5	53217	2660.85
ORTHO000626_2	SPA (suppressor of phyA-105) protein family	AT2G46340;AT4G11110	5515;5488;3674;9585;7602;9583;9416;9314;9628;50896;8150;9582;51606;9581;9605;7165;50794;50789;65007;51716;9987;7154;44763;44699;44700;23052;10017;71489;9639;71482;71478;71214;10218;5834;1902494;43234;32991;5575;98797;44459;44464;5623;44425;16020;5886;71944;98796;44424;5622;31234;19897;19898;9898;98562;98552;48575;48572;9648;48573;10228;3006;32502;22414;48608;48856;61458;48731;7275;44767;44707;32501;9791;5634;43231;43227;43226;43229;16607;16604;44451;44428;44446;44422;5654;31981;70013;43233;31974;4871;60089;2000028;48580;2000026;50793;51239;48583;2000241;80008;31461;151;1990234;9640;6468;16310;6796;6793;44237;8152;6464;36211;19538;43170;71704;44238;43412;44267;44260;9658;9657;6996;16043;71840;10114;10100;48581;51241;48519;51093;48585;10099;2000030;42802;4672;16301;16772;16740;3824;16773;5524;35639;1901265;1901363;97159;43168;43167;32559;30554;17076;166;36094;32555;32553;97367;32550;32549;1882;1883	112	279	673	1234	248.5	8358.5	1377.5	1114.5	493.5	582	582	140	8950	8396.5	8638.5	1073.5	1266	6737.5	335.5	5002	6180.5	1310	3740.5	1090.5	65369	3268.45
ORTHO001630	beta HLH protein 93	AT5G65640	7275;44767;32502;8150;44699;44707;32501;6355;1903506;2001141;31326;9889;19222;50789;65007;31323;50794;51252;19219;80090;51171;60255;10556;10468;2000112;5634;43231;43227;43226;5575;43229;44424;44464;5623;5622;3677;3676;1901363;5488;3674;97159;3700;1071;6351;34645;44260;43170;71704;8152;44237;9987;9059;1901576;9058;44249;97659;32774;16070;90304;6139;46483;6725;1901360;34641;6807;44238;34654;19438;44271;18130;1901362;10467;46983;5515	113	348	322	531	672.5	3130	512	218	2301	103.5	2402	4467	1352	4995.5	599	136	2949	7967.5	3484.5	247	9023	5059	1790	2501.5	53237.5	2.661.875
ORTHO001339	heat shock transcription factor  A6B	AT3G22830	6355;1903506;2001141;31326;9889;19222;50789;65007;8150;31323;50794;51252;19219;80090;51171;60255;10556;10468;2000112;6351;34645;44260;43170;71704;8152;44237;9987;9059;1901576;9058;44249;97659;32774;16070;90304;6139;46483;6725;1901360;34641;6807;44238;34654;19438;44271;18130;1901362;10467;43565;3677;3676;1901363;5488;3674;97159;9408;9266;9628;50896;6950;3700;1071;5634;43231;43227;43226;5575;43229;44424;44464;5623;5622;5737	114	763	2408	4702	4356	663	6430	4826.5	1625	1970.5	982	3686.5	9057	6414.5	6464.5	136	1780.5	7493.5	7676.5	1698.5	8771.5	9135.5	8663.5	1029	88504	4425.2
ORTHO003695	beta-tonoplast intrinsic protein	AT1G17810;AT1G73190	16020;5575;5737;44424;44464;5623;5622;15250;22838;15267;22803;22857;5215;3674;6810;51234;51179;8150;55085;44763;9987;44699;44765;1902578;22891;22892;5372;6833;42044;9705;5774;44437;44444;44446;44422;43226;43229;5773;43231;43227;98588;31090;98805;325;6914;44248;9056;8152;44237;326;322;42807	115	85	517	919	112	702	1358	1013.5	1133	103.5	5460	5053	8966.5	8436.5	8638.5	267	2298	6854.5	2816	5126.5	662.5	1068	844	330.5	61131.5	3.056.575
ORTHO001939	Transducin family protein / WD-40 repeat family protein	AT2G19520;AT4G29730	6355;1903506;2001141;31326;9889;19222;50789;65007;8150;31323;50794;51252;19219;80090;51171;60255;10556;10468;2000112;16568;6325;43933;16043;71840;9987;51276;6996;30154;48869;44767;32502;44699;44763;5515;5488;3674;5730;44428;44446;44422;5575;43226;44424;44464;5623;5622;43229;5634;43231;43227;43232;43228;31981;70013;43233;31974;9908;90567;48608;3006;22414;48856;61458;48731;7275;44707;32501;44702;9791;48367;5829;44444;5737;6351;34645;44260;43170;71704;8152;44237;9059;1901576;9058;44249;97659;32774;16070;90304;6139;46483;6725;1901360;34641;6807;44238;34654;19438;44271;18130;1901362;10467;6281;6259;6974;33554;51716;50896;6950;44710;80008;31461;151;1990234;1902494;43234;32991;9826;902;32989;9653;60560;48589;40007;16049;10090;904;48468;10026;90558;9888;90626;10224;9411;9416;9314;9628;9965;9887;48513;48366;48827;10016;46872;43169;43167	116	204	430	744	672.5	2887.5	35.5	864	8734	163.5	513.5	907	1352	8511.5	9046	1073.5	4135	6896	436.5	299.5	2189	2213.5	6467.5	1324	58049	2902.45
ORTHO001814	adenine nucleotide transporter 1	AT4G01100	16020;5575;16021;31224;44425;98655;6812;6811;44765;6810;51234;51179;8150;1902578;44699;34220;55085;44763;9987;98656;6820;5743;19866;31090;44422;43226;43227;44424;44464;5623;5622;31967;31975;44446;43229;31966;44429;44444;5737;5739;43231;5740;15217;295;15216;15215;15605;1901677;22857;5215;3674;15748;71702;15932;22891;22892;15931;71705;1901679;6862;15865;51503;5346;1901505;1901264;15211;5337;1901642;15858;15860;72530;8514;8509;15075;15711;15866;15868;9060;45333;15980;6091;44237;8152;55114;44710;9536;5774;44437;5773;98588;98805;80122;15101;8324;15695;80121;15867;6839;1902582;46907;51649;51641;5347	117	388	623.5	1130	672.5	3466.5	822.5	175.5	1839.5	821	1211	8330	4239.5	8638.5	6520.5	136	1545.5	7028	459	299.5	914	8706	8470.5	424.5	64047.5	3.202.375
ORTHO000663	Transducin/WD40 repeat-like superfamily protein	AT1G64610;AT5G24320;AT5G42010;AT5G53500	5737;44424;44464;5575;5623;5622;5834;1902494;43234;32991;98797;44459;44425;16020;5886;71944;98796;31234;19897;19898;9898;98562;98552;7165;50794;50789;65007;8150;51716;9987;50896;7154;44763;44699;44700;23052;4871;60089;3674	118	306	471	824	60	25	5887	602	4405.5	1189	669	2392.5	9057	5680	1317	44.5	2478.5	9065	2482.5	1980	2737	7814.5	700.5	1230.5	59757	2987.85
ORTHO001132_1	Lung seven transmembrane receptor family protein	AT3G09570;AT5G02630;AT5G18520	16021;31224;44425;5575;16020;9507;9536;43231;43227;43226;43229;44424;44464;5623;5622;44444;5737;3674;8150;10015;44767;32502;44699;9653;48856;48364;48513;48731;7275;44707;32501;22622;2237;43207;9605;50896;9607;10033;42221;9617;51707;51704	119	80	632.5	1146	31	3020	444.5	3491	54.5	607.5	4783	2086	9103	5696	1812.5	508.5	1000	8653	1849	1229.5	2919	7855	8686.5	509	64307.5	3.215.375
ORTHO002253	Protein of unknown function (DUF581)	AT4G17670;AT5G47060	3674;5634;43231;43227;43226;5575;43229;44424;44464;5623;5622;8150	120	83	705.5	1291	112	390.5	89	548.5	9063.5	52.5	1981	2640.5	9103	9037	6955.5	976.5	2384.5	7988	926	1177	3150.5	6952	1937.5	660	66013	3300.65
ORTHO000733	Calcium-binding EF hand family protein	AT1G03960;AT1G54450;AT5G28850;AT5G28900;AT5G44090	5634;43231;43227;43226;5575;43229;44424;44464;5623;5622;5509;46872;43169;43167;5488;3674;8150;5829;44444;5737;5739	121	227	501	881	248.5	422	6055.5	1322	1481	763	6173.5	5810	1352	8954	6590.5	797.5	8996	7251.5	516	635	1047	521.5	416.5	1454.5	60559	3027.95
ORTHO003167	Protein of unknown function (DUF607)	AT2G23790	9507;9536;43231;43227;43226;5575;43229;44424;44464;5623;5622;44444;5737;16021;31224;44425;16020;5743;19866;31090;44422;31967;31975;44446;31966;44429;5739;5740;15292;15291;22804;22857;5215;3674;6810;51234;51179;8150;55085;44763;9987;44699;44765;1902578;70588;98662;98660;34220;6811;98655;6812;6816;70838;72511;30001	122	105	564	1006	112	2054	1818.5	188	11	238.5	4772.5	3	3650.5	8781.5	6305	136	562	8875.5	2706	3377.5	864.5	9175	8976.5	31	62526.5	3.126.325
ORTHO003152	POX (plant homeobox) family protein	AT5G02030	5634;43231;43227;43226;5575;43229;44424;44464;5623;5622;6351;34645;44260;43170;71704;8152;8150;44237;9987;9059;1901576;9058;44249;97659;32774;16070;90304;6139;46483;6725;1901360;34641;6807;44238;34654;19438;44271;18130;1901362;10467;3677;3676;1901363;5488;3674;97159;48645;44767;32502;44699;48646;9653;48856;9887;48513;48731;7275;44707;32501;10076;10074;19827;98727;10073;48507;9888;10228;3006;22414;48608;61458;9791;45892;1903507;1903506;2001141;31326;9889;19222;50789;65007;31323;50794;51252;19219;80090;51171;60255;10556;1902679;51253;10605;9892;48519;45934;51172;31324;48523;31327;9890;10558;10629;10468;6355;2000112;2000113;10223;10346;10016;48367;1763;10077;43565;80006;7389;5515;10051;3002;10154;5829;44444;5737;3700;1071;10089;10087;48457;44702;9886;48439;9908;90567;48438	123	507	1465.5	2808	3586.5	7834.5	64.5	291	9150.5	879.5	4853	2160	6731.5	4807.5	369	508.5	630	9161	3977	2688	1720.5	9104	9158.5	3799.5	77888	3894.4
ORTHO004315	G-box binding factor 3	AT2G46270	6355;1903506;2001141;31326;9889;19222;50789;65007;8150;31323;50794;51252;19219;80090;51171;60255;10556;10468;2000112;43565;3677;3676;1901363;5488;3674;97159;3700;1071;9737;9725;9719;50896;10033;42221;33993;97305;1901700;1101;5634;43231;43227;43226;5575;43229;44424;44464;5623;5622;5829;44444;5737;6351;34645;44260;43170;71704;8152;44237;9987;9059;1901576;9058;44249;97659;32774;16070;90304;6139;46483;6725;1901360;34641;6807;44238;34654;19438;44271;18130;1901362;10467;44212;975;1067	124	700	475	826	248.5	332.5	859	1855	1916	855	1623	409.5	8993.5	6170.5	6444.5	797.5	630	1239	348	419.5	8400	8942	8723	807	59764.5	2.988.225
ORTHO000877	SPFH/Band 7/PHB domain-containing membrane-associated protein family	AT1G69840;AT5G62740	5886;16020;5575;44464;5623;71944;5773;43231;43227;43226;43229;44424;5622;44444;5737;5774;44437;44446;44422;98588;31090;98805;8150;9507;9536;9506;5911;30054;55044;43424;19901;19900;19899;5515;5488;3674;5794;12505	125	38	417	709	83.5	7658.5	226	535	553.5	184	1483.5	2000.5	1352	8993	6764.5	267	1321	6784	778.5	384.5	8663	5308.5	2458	1825	57540	2877
ORTHO000737	response regulator 12	AT2G25180;AT4G31920;AT5G58080	6351;34645;44260;43170;71704;8152;8150;44237;9987;9059;1901576;9058;44249;97659;32774;16070;90304;6139;46483;6725;1901360;34641;6807;44238;34654;19438;44271;18130;1901362;10467;5634;43231;43227;43226;5575;43229;44424;44464;5623;5622;6355;1903506;2001141;31326;9889;19222;50789;65007;31323;50794;51252;19219;80090;51171;60255;10556;10468;2000112;3677;3676;1901363;5488;3674;97159;10380;90056;51193;1901401;1901463;9735;9725;9719;50896;10033;42221;9736;9755;7165;51716;7154;44763;44699;44700;23052;32870;71495;71310;70887;71368;156;5057;4871;60089;35556;160;48364;44767;32502;48513;48856;48731;7275;44707;32501;22622;31537;48367;3682;44877;10082;10075;48509;2000026;50793;51239;48638;40008;10073;48507;9888;2000280;10015;9653;80113;80050;48580;2000241;80022;3700;1071	126	355	1007.5	1889	248.5	4506.5	5187.5	3441.5	123.5	2869.5	4732	2937.5	2732	6125.5	6464.5	136	1564	6854.5	1642	2782	914	9141.5	8585	1029	71768	3588.4
ORTHO001110_1	plant intracellular ras group-related LRR 5	AT2G17440;AT4G35470	5886;16020;5575;44464;5623;71944;8150;5634;43231;43227;43226;43229;44424;5622	127	64	249	371	112	554.5	210	535	5221.5	103.5	621.5	1889	1352	9152.5	7162	267	2292.5	7471.5	3149.5	141.5	8580	332	120	417	49572.5	2.478.625
ORTHO003118	spermidine synthase 1	AT1G23820;AT1G70310	9507;9536;43231;43227;43226;5575;43229;44424;44464;5623;5622;44444;5737;16740;3824;3674;8152;8150;8295;6596;6595;6576;44106;9308;1901564;71704;6807;34641;44237;9987;42401;9309;44271;44249;9058;1901566;1901576;8216;97164;5829;4766;16765;5886;16020;71944;5515;5488;5634	128	643	566.5	1005	672.5	615.5	2414	1114.5	1133	1094.5	5293	5489.5	7743	4662.5	6378.5	508.5	324.5	5992	3199	3448	5265	3503.5	3614.5	707	62500	3125
ORTHO005338	TCP family transcription factor 4	AT3G15030	5634;43231;43227;43226;5575;43229;44424;44464;5623;5622;3677;3676;1901363;5488;3674;97159;3700;1071;2001141;31326;9889;19222;50789;65007;8150;31323;50794;51252;19219;80090;51171;60255;10556;6355;1903506;10468;2000112;48366;48827;48856;32502;48367;44767;44699;48731;7275;44707;32501;5515;45962;40034;50793;9793;44702;22414;3006;9790;48316;48608;61458;9791;10154;30154;48869;44763;9987;9965;9887;9653;48513;10016;6351;34645;44260;43170;71704;8152;44237;9059;1901576;9058;44249;97659;32774;16070;90304;6139;46483;6725;1901360;34641;6807;44238;34654;19438;44271;18130;1901362;10467	129	682	748.5	1368	4356	3672	715.5	1322	1481	4029	865	7898.5	8519	6764.5	8553	2476	2287	6440	577.5	1094	7052	1525	759.5	885.5	66916	3345.8
ORTHO000303_2	cytochrome P450; family 707; subfamily A; polypeptide 1	AT4G19230;AT5G45340	50832;98542;6952;6950;50896;8150;51707;43207;9605;9607;51704;9620;46345;43290;8300;44242;16042;44712;9056;8152;44710;44699;6629;71704;44238;1901575;44255;44763;9987;44237;44248;6720;43288;46164;1901616;1901615;44282;44281;6066;16107;6714;6721;16115;72329;46395;16054;6082;19752;43436;32787;9687;1902644;10295;16709;16705;16491;3824;3674;55114;4497;20037;46906;1901363;5488;97159;5576;5575;16021;31224;44425;16020;5506;46914;46872;43169;43167;9639;9416;9314;9628;19825;48838;10162;44767;32502;44702;22414;48609;32504;3;32501;3006;44707;22611;10431;21700;48316;48608;48856;61458;48731;7275;9791;10154;97438;9414;9415;1101;42221;10035;1901700	130	13	267.5	405	83.5	3114.5	39	4.5	113.5	52.5	118	409.5	1352	5808	5691.5	136	7411.5	8670	2410	2230.5	1166.5	8566.5	2977	24	50295	2514.75
ORTHO004026	RPM1 interacting protein 2	AT4G25230;AT5G51450	16567;32446;70647;6464;36211;19538;43170;71704;8152;8150;44238;43412;44267;44260;44237;9987;4842;19787;16740;3824;3674;5515;5488;34052;45089;31349;31347;80134;48583;50789;65007;48584;48518;45088;50776;2682;50778;2684;43068;10942;10941;50794;48522;43067;10363;80135;8270;46914;46872;43169;43167;9626;34050;12501;8219;16265;44699;44763;45087;6952;6950;50896;6955;2376;33554;51716;16874;5886;16020;5575;44464;5623;71944;16021;31224;44425	131	281	304.5	478	248.5	375.5	7121.5	103	460	1058	478.5	5126	1352	8418.5	8942.5	1073.5	1221.5	6737.5	299	2289	643	1407.5	3821	1106.5	52034	2601.7
ORTHO002433	Protein of unknown function; DUF593	AT3G11850;AT5G06560	5634;43231;43227;43226;5575;43229;44424;44464;5623;5622;3674;8150;16021;31224;44425;16020;17022;8092;5515;5488;30133;16023;31988;31982;31410;44444;5737;12505	132	336	451	770	248.5	615.5	444.5	71	597.5	52.5	1414	247	9167	4816.5	382.5	508.5	8494	8243.5	9031	326.5	210.5	8005	2239	3799.5	58665.5	2.933.275
ORTHO003067	unknown protein	AT3G06868;AT5G49100	8150;5634;43231;43227;43226;5575;43229;44424;44464;5623;5622;3674	133	702	276	419	672.5	7877	2528	1263.5	393.5	3992	865	1954	1352	4780	6378.5	508.5	2970.5	5452.5	552.5	3638.5	3870	1132	591	611.5	50710.5	2.535.525
ORTHO000329_3	Protein of unknown function (DUF810)	AT1G04470;AT2G33420	8150;3674;5739;43231;43227;43226;5575;43229;44424;44464;5623;5622;44444;5737	134	71	472	810	112	8957.5	210	428.5	54.5	4493.5	5440	653	1352	9013	6764.5	25.5	1888	8505.5	3333.5	1268.5	2533.5	2541	1453	586.5	59501.5	2.975.075
ORTHO001508	basic leucine-zipper 44	AT1G75390;AT4G34590	3700;1071;3674;2001141;31326;9889;19222;50789;65007;8150;31323;50794;51252;19219;80090;51171;60255;10556;6355;1903506;10468;2000112;43565;3677;3676;1901363;5488;97159;44212;975;1067;46982;46983;5515;5634;43231;43227;43226;5575;43229;44424;44464;5623;5622;9845;44707;32501;44699;90351;9791;44767;32502;7275;9744;34285;9743;10033;42221;50896;1901700;80149;32055;17148;10629;10605;9892;48519;6417;10608;32268;51246;34248;34249;51172;31324;48523;2000113;31327;9890;10558;32269;51248;43555;33554;51716;9987;6950	135	353	438.5	742	672.5	505	6606.5	1263.5	1691	1256.5	2809.5	3108	1352	4839	417.5	136	8462.5	8080	1118.5	549.5	2237	7470	2553	3565	58020	2901
ORTHO000788	NIMA-related serine/threonine kinase 1	AT1G54510;AT3G04810;AT3G63280;AT5G28290	5524;35639;1901265;1901363;5488;3674;97159;43168;43167;32559;30554;17076;166;36094;32555;32553;97367;32550;32549;1882;1883;16301;16772;16740;3824;8152;8150;16310;6796;6793;44237;9987;5886;16020;5575;44464;5623;71944;5737;44424;5622	136	375	1568	3000	248.5	640.5	1173.5	8606	3117	6139.5	5157	5877.5	1352	8576.5	8927.5	267	1985.5	8695	7644	1835.5	504	5213.5	728.5	2699.5	79139.5	3.956.975
ORTHO003007	pyruvate dehydrogenase E1 beta	AT1G30120;AT2G34590	9941;9526;31967;31975;44464;5575;5623;44446;44422;43226;44424;5622;43229;43227;44435;44444;5737;9536;43231;44434;9507;10240;45254;1990204;1902494;43234;32991;6633;72330;46394;16053;6082;71704;8152;8150;44281;44710;44699;44763;9987;44237;44283;44711;9058;1901576;44249;19752;43436;32787;6631;44255;6629;44238;8610;9570;9532;4739;4738;16903;16491;3824;3674;55114;16624;6096;6090;44724;44712;9056;44723;5975;16052;1901575;6757;6091;46031;9150;6163;72521;46483;6725;1901360;34641;6807;1901564;9117;6753;19637;6793;55086;6139;6796;9259;19693;1901135;9179;9185;9132;9135;9167;9161;9123;9126;46128;9119;9116;1901657;42278;46034;9205;9144;9141;9199;6165;46939;16310;46496;19362;6733;6732;51186;72524;8270;46914;46872;43169;43167;5488;4802;16744;16740;48868;3006;32502;22414;48856;9856;44703;51704;44706;32501	137	282	531	925	248.5	2097.5	6090	4183	20.5	2908	4853	6418.5	1352	8418.5	8893	267	191	7571	967.5	2033	1166.5	1068	1767.5	1061.5	61327	3066.35
ORTHO000941_3	Pyruvate kinase family protein	AT2G36580;AT3G52990	16301;16772;16740;3824;3674;8152;8150;16310;6796;6793;44237;9987;4743;16773;6096;6090;32787;19752;43436;6082;71704;44281;44710;44699;44763;44724;44712;9056;44723;5975;44238;16052;1901575;6757;6091;46031;9150;6163;72521;46483;6725;1901360;34641;6807;1901564;9117;6753;19637;55086;6139;9259;19693;1901135;9179;9185;9132;9135;9167;9161;9123;9126;46128;9119;9116;1901657;42278;46034;9205;9144;9141;9199;6165;46939;46496;19362;6733;6732;51186;72524;287;46872;43169;43167;5488;5829;44444;44424;44464;5575;5623;5622;5737;5886;16020;71944;30955;31420;46686;10038;10035;42221;50896	138	695	282.5	427	672.5	8065.5	2121.5	4183	1625	582	669	1779	1352	4662.5	6378.5	508.5	450	5824	436.5	3830	1744	2763	3188	678.5	50840.5	2.542.025
ORTHO003690	RING/U-box superfamily protein	AT3G05545	5634;43231;43227;43226;5575;43229;44424;44464;5623;5622;8270;46914;46872;43169;43167;5488;3674;3677;3676;1901363;97159;4842;19787;16740;3824;8152;8150;16567;32446;70647;6464;36211;19538;43170;71704;44238;43412;44267;44260;44237;9987	139	106	557	975	672.5	2981	1672.5	1322	8906.5	163.5	1623	2000.5	9103	6434	6560	136	191	7493.5	802.5	48.5	1917	8029.5	2239	339	61962	3098.1
ORTHO001195	NAC 007	AT1G12260;AT1G62700	6351;34645;44260;43170;71704;8152;8150;44237;9987;9059;1901576;9058;44249;97659;32774;16070;90304;6139;46483;6725;1901360;34641;6807;44238;34654;19438;44271;18130;1901362;10467;6355;1903506;2001141;31326;9889;19222;50789;65007;31323;50794;51252;19219;80090;51171;60255;10556;10468;2000112;3700;1071;3674;71555;45229;16043;71840;71554;5634;43231;43227;43226;5575;43229;44424;44464;5623;5622;1901348;1903340;48522;48518;1903338;44089;44087;2000652;7275;44767;32502;44699;44707;32501;48759;30154;48869;44763;10089;10087;9888;48856;9793;44702;22414;3006;9790;48316;48608;61458;48731;9791;10154;3677;3676;1901363;5488;97159	140	828	511	882	4356	4633.5	6430	602	597.5	3436.5	1082.5	7769	4027	6542.5	8163.5	797.5	2123.5	6330	505.5	711.5	361	3374.5	910.5	2166	60564	3028.2
ORTHO001961	pyrophosphorylase 1	AT1G01050;AT2G46860	5737;44424;44464;5575;5623;5622;4427;16462;16818;16817;16787;3824;3674;8152;8150;6796;6793;44237;9987;5634;43231;43227;43226;43229;287;46872;43169;43167;5488;5829;44444;19915;51235;51179;65008;65007;10876;33036;16020	141	7	281	421	6.5	24	360	251.5	317.5	295	5372	1354.5	3960.5	8541.5	6937	56	2466	7376.5	762.5	29.5	1464.5	9106	2025	21.5	50721	2536.05
ORTHO001708	Tesmin/TSO1-like CXC domain-containing protein	AT2G20110;AT4G29000	5634;43231;43227;43226;5575;43229;44424;44464;5623;5622;3700;1071;3674;2001141;31326;9889;19222;50789;65007;8150;31323;50794;51252;19219;80090;51171;60255;10556;6355;1903506;10468;2000112;7275;44767;32502;44699;44707;32501;46872;43169;43167;5488	142	53	597	1052	83.5	4163.5	1490.5	414	9027	266	13	1323.5	8977	8541.5	8968.5	267	2142.5	8794	2877	1980	628.5	1407.5	616	1230.5	63127.5	3.156.375
ORTHO000910	Clathrin; heavy chain	AT3G08530;AT3G11130	16020;5575;5198;3674;30130;44431;44444;44424;44464;5623;5622;5737;44446;44422;43226;43229;5794;43231;43227;12505;30125;30118;30117;98796;43234;32991;44425;48475;30120;44433;31410;31982;30662;30659;12506;31090;31988;16023;98588;98805;30135;30665;30136;12510;30658;30133;30660;139;5798;30140;5886;71944;9506;5911;30054;55044;5829;9507;9536;6886;15031;45184;51234;51179;8150;8104;33036;71702;6810;46907;51649;51641;34613;70727;30132;98797;44459;5905;98589;5515;5488;6897;16192;5773;5774;44437	143	159	593	1043	672.5	3059.5	1672.5	705.5	255	1208.5	1211	3034.5	9141	4969	343	136	2415	8179	1359	8891.5	1519.5	8049	2943	3799.5	62891	3144.55
ORTHO002220	sorting nexin 2B	AT5G07120;AT5G58440	32585;31902;10008;98588;31090;16020;5575;44422;43226;43227;44440;44444;44424;44464;5623;5622;5737;44446;43229;5768;43231;12505;98805;5770;5771;5829;45324;16197;1902582;46907;6810;51234;51179;8150;51649;51641;44765;1902578;44699;16482;7034;15031;45184;8104;33036;71702;51604;19538;43170;71704;8152;44238;10467;32502;5515;5488;3674;35556;7165;50794;50789;65007;51716;9987;50896;7154;44763;44700;23052;46982;46983;16192;30904;98796;43234;32991;44425;5543;8289;43168;43167;5634;90351;9791;44767;44707;32501;7275;35091;43621	144	59	368	592	50	235.5	5825	52	3450	5055	621.5	5931	4137	8316	9140	7.5	2478.5	7219.5	1374.5	150	345	418.5	120	74	54950.5	2.747.525
ORTHO002354	WRKY DNA-binding protein 28	AT4G18170	3700;1071;3674;2001141;31326;9889;19222;50789;65007;8150;31323;50794;51252;19219;80090;51171;60255;10556;6355;1903506;10468;2000112;6351;34645;44260;43170;71704;8152;44237;9987;9059;1901576;9058;44249;97659;32774;16070;90304;6139;46483;6725;1901360;34641;6807;44238;34654;19438;44271;18130;1901362;10467;43565;3677;3676;1901363;5488;97159;5634;43231;43227;43226;5575;43229;44424;44464;5623;5622	145	802	238	331	672.5	2005.5	345	602	255	266	5310.5	863	1352	4736	6444.5	1830	294.5	5992	418	64.5	7386	4612.5	3649	2121	48547	2427.35
ORTHO002933	Kinase interacting (KIP1-like) family protein	AT2G30500;AT5G58320	5774;44437;44444;44424;44464;5575;5623;5622;5737;44446;44422;43226;43229;5773;43231;43227;98588;31090;16020;98805;5576;5884;44430;5856;43232;43228;43234;32991;15629;5634	146	359	1548	2950	672.5	505	1542	4219.5	393.5	1462	5460	1576.5	1352	7213.5	8995	267	3752	6946	5272.5	5126.5	8534	7392.5	7729.5	1156	78895	3944.75
ORTHO001518	NHL domain-containing protein	AT1G23880;AT1G70280	8150;9506;5911;30054;5575;55044;3674;5576;5634;43231;43227;43226;43229;44424;44464;5623;5622	147	287	1224	2301	248.5	7030	6651.5	4266	1042.5	1058	1312.5	4018.5	9031.5	8862.5	6639	797.5	2466	7117	528	4586	2745	1778.5	1235	3501.5	74666.5	3.733.325
ORTHO000331_3	Protein phosphatase 2C family protein	AT1G09160	5886;16020;5575;44464;5623;71944;6470;16311;6796;6793;44237;8152;8150;9987;6464;36211;19538;43170;71704;44238;43412;44267;44260;4722;4721;16791;42578;16788;16787;3824;3674;46872;43169;43167;5488	148	137	140	132	141	7030	142	163.5	702.5	14.5	435.5	610	1352	4816.5	6305	136	7758	6265.5	472.5	813	479.5	852	447.5	269.5	39065	1953.25
ORTHO003760	TPX2 (targeting protein for Xklp2) protein family	AT3G23090	5634;43231;43227;43226;5575;43229;44424;44464;5623;5622;8150;3674	149	570	705	1261	672.5	113	5621.5	3258.5	4111.5	4550	4391	5780	1352	5110.5	693	1429.5	2452.5	8613.5	1827	1556.5	2098.5	8510	2311	1906.5	65686	3284.3
ORTHO002700	exocyst subunit exo70 family protein D2	AT1G54090;AT1G72470;AT3G14090	6887;16192;6810;51234;51179;8150;32940;46903;44765;1902578;44699;51649;51641;44763;9987;145;44448;44444;44424;44464;5575;5623;5622;5737;5938;71944;43234;32991;6904;48278;22406;5829;5634;43231;43227;43226;43229	150	458	1080	2010	248.5	585	3960	446.5	1839.5	402.5	865	2291.5	4202	8897	6687	2476	562	7597	3021.5	5002	8228.5	6266	7774	1519	72622	3631.1
ORTHO000609	Kinase interacting (KIP1-like) family protein	AT1G09720;AT1G58210;AT2G22560;AT5G10500	5884;44430;44446;44422;5575;43226;44424;44464;5623;5622;43229;5856;43232;43228;43234;32991;15629;9793;44702;22414;8150;44699;3006;32502;9790;44767;48856;7275;44707;32501;48316;48608;61458;48731;9791;10154;5886;16020;71944	151	44	338.5	526	31	6761.5	11	112.5	132	4977	435.5	3792.5	3918	6257.5	5746.5	136	2516.5	8526.5	3119	1584.5	1039	2112.5	1961.5	34.5	53174	2658.7
ORTHO001809	vascular plant one zinc finger protein	AT1G28520	9585;7602;9583;9416;9314;9628;50896;8150;9582;51606;9581;9605;7165;50794;50789;65007;51716;9987;7154;44763;44699;44700;23052;10017;71489;9639;71482;71478;71214;48578;48582;48580;2000026;50793;51239;51240;48518;51094;48586;2000028;48583;2000241;48584;2000243;45893;10628;10604;9893;19222;60255;10468;1903508;1903506;2001141;31326;9889;31323;51252;19219;80090;51171;10556;1902680;51254;45935;31325;48522;51173;31328;9891;10557;6355;2000112;48574;48571;9648;48573;10228;3006;32502;22414;48608;48856;61458;48731;7275;44767;44707;32501;9791;43565;3677;3676;1901363;5488;3674;97159;5634;43231;43227;43226;5575;43229;44424;44464;5623;5622;46872;43169;43167;6351;34645;44260;43170;71704;8152;44237;9059;1901576;9058;44249;97659;32774;16070;90304;6139;46483;6725;1901360;34641;6807;44238;34654;19438;44271;18130;1901362;10467;5515;5737	152	813	378	604	672.5	3324	5770.5	641	224.5	3350	241.5	5347.5	8094	4736	6444.5	1830	2013	5992	802.5	326.5	740.5	2541	700.5	2229	55348.5	2.767.425
ORTHO001294	RAB GTPase homolog A1I	AT1G28550;AT3G15060;AT5G60860	5525;35639;1901265;1901363;5488;3674;97159;43168;43167;32550;32549;1882;36094;97367;1883;32561;19001;17076;166;32555;32553;5886;16020;5575;44464;5623;71944;46686;10038;10035;42221;50896;8150;5829;44444;44424;5622;5737	153	318	442.5	732	248.5	4647.5	6132	1604.5	1042.5	969	1312.5	4162.5	1352	5868.5	3936.5	797.5	2483	7493.5	3119	794.5	2356.5	6576.5	1790	1454.5	57892.5	2.894.625
ORTHO003350	N-acetylglucosamine-1-phosphate uridylyltransferase 1	AT1G31070;AT2G35020	6047;6040;1901135;71704;8152;8150;9225;6139;46483;44237;9987;6725;1901360;34641;6807;44238;19276;52630;70569;16779;16772;16740;3824;3674;5737;44424;44464;5575;5623;5622;3977;5829;44444;5886;16020;71944;6048;9226;1901137;1901576;9058;34654;19438;44249;44271;18130;1901362;46349;3983;51748;6011	154	307	365	576	248.5	3040	444.5	3971	2412.5	5588.5	35.5	5839	1352	9097	6937	1073.5	2799.5	7507.5	802.5	824	431	530	416.5	1243	54344.5	2.717.225
ORTHO003072	vacuolar H+-ATPase subunit E isoform 3	AT1G64200;AT4G11150	16747;16746;16740;3824;3674;8152;8150;5753;98800;98796;43234;32991;5575;44425;16020;98798;44429;44444;44424;44464;5623;5622;5737;44446;44422;43226;43229;5739;43231;43227;44455;31966;31090;5740;31967;31975;5743;19866;45259;16469;5773;15991;15988;1902600;15992;15672;6812;6811;44765;6810;51234;51179;1902578;44699;6818;98662;98660;34220;55085;44763;9987;98655;46961;15078;15077;22890;8324;15075;22891;22857;5215;22892;44769;42625;42626;43492;42623;16887;17111;16462;16818;16817;16787;15405;15399;22804;16820;36442;19829;5774;44437;98588;98805;33178;15986;6754;46034;9150;6163;72521;46483;44237;6725;1901360;71704;34641;6807;1901564;9117;6753;19637;6793;55086;6139;44238;44281;44710;6796;9259;19693;1901135;9167;9161;9123;9126;9205;9144;9141;9199;46128;9119;9116;1901657;42278;9152;9260;46390;90407;1901576;9058;1901137;9165;1901293;34654;19438;44249;44271;18130;1901362;44711;6164;72522;1901566;9168;9156;9124;9127;9206;9201;9142;9145;46129;42451;9163;1901659;42455;15985;42742;9617;51707;43207;9605;50896;9607;51704;98542;6952;6950;9793;44702;22414;3006;32502;9790;44767;48856;7275;44707;32501;48316;48608;61458;48731;9791;10154;9705;325;9409;9266;9628;5794;12505;9651;6970;22626;44445;5829;5840;30529;43232;43228;9735;9725;9719;10033;42221;7030;6996;16043;71840;10256;9832;42546;44085;71554;71669	155	423	520	885	248.5	3282	234.5	3450	1328.5	6065.5	5254	5839	9031.5	5895.5	4705.5	797.5	166	7988	2168	1919	40	557	629	1263	60613.5	3.030.675
ORTHO006586	unknown protein	AT1G76070	5634;43231;43227;43226;5575;43229;44424;44464;5623;5622;8150;3674;5886;16020;71944	156	499	1775.5	3395	3586.5	7915	2627.5	1547.5	239.5	879.5	1082.5	3218	8993.5	8897	6687	797.5	2298	7637	8200	6240	2686	8049	1918	1506	81418.5	4.070.925
ORTHO002475	Protein of unknown function; DUF584	AT3G45210;AT5G60680	5739;43231;43227;43226;5575;43229;44424;44464;5623;5622;44444;5737;8150;3674;5634	157	907	1479.5	2802	365.5	640.5	512	4503	8541.5	1709.5	669	1954	8754.5	6764.5	8838	976.5	351	6784	4485	120	7860	6920	6467.5	988.5	77839	3891.95
ORTHO004389	RNA-binding (RRM/RBD/RNP motifs) family protein	AT2G37220	10319;44435;44444;44424;44464;5575;5623;5622;5737;44446;44422;43226;43229;9536;43231;43227;9526;31967;31975;8266;8187;3727;3723;3676;1901363;5488;3674;97159;9534;31976;9579;31984;44434;9507;6397;16071;16070;44260;43170;71704;8152;8150;44237;9987;90304;6139;46483;6725;1901360;34641;6807;44238;6396;10467;30529;32991;166;36094;1901265;9409;9266;9628;50896;6950;9570;9532;9941;9535;55035;42651;34357;16020;44436;9737;9725;9719;10033;42221;33993;97305;1901700;1101;45087;6952;6955;2376	158	216	729.5	1301	672.5	8358.5	74.5	676	4551	7967.5	4693.5	2640.5	9103	5175	599	508.5	1564	7219.5	1189.5	3013.5	2929.5	1827.5	1661.5	2382	66134	3306.7
ORTHO002995	Protein of unknown function (DUF630 and DUF632)	AT2G17110;AT4G35240	5634;43231;43227;43226;5575;43229;44424;44464;5623;5622;5886;16020;71944	159	259	394	629	248.5	585	444.5	3467	9161.5	14.5	147	2000.5	1352	5199	473.5	136	2466	8875.5	2150.5	3600	1332.5	8049	2683	3799.5	55936.5	2.796.825
ORTHO002304	C-CAP/cofactor C-like domain-containing protein	AT2G42230;AT3G57890	5634;43231;43227;43226;5575;43229;44424;44464;5623;5622;902;32989;16043;71840;8150;9987;9653;32502;48856;48869;44767;44699;44763;5829;44444;5737	160	363	1776	3392	672.5	663	142	3393.5	9087	1506.5	220.5	2230.5	8993.5	8897	6687	797.5	7962.5	9028	8764.5	1788	408.5	7937	1424	1454.5	81385	4069.25
ORTHO000532_1	vacuolar proton ATPase A2	AT2G21410;AT4G39080	5737;44424;44464;5575;5623;5622;15986;6754;46034;9150;6163;72521;46483;44237;8152;8150;9987;6725;1901360;71704;34641;6807;1901564;9117;6753;19637;6793;55086;6139;44238;44281;44710;44699;44763;6796;9259;19693;1901135;9167;9161;9123;9126;9205;9144;9141;9199;46128;9119;9116;1901657;42278;9152;9260;46390;90407;1901576;9058;1901137;9165;1901293;34654;19438;44249;44271;18130;1901362;44711;6164;72522;1901566;9168;9156;9124;9127;9206;9201;9142;9145;46129;42451;9163;1901659;42455;15985;1902600;15992;15672;6812;6811;44765;6810;51234;51179;1902578;6818;98662;98660;34220;55085;98655;5774;44437;44444;44446;44422;43226;43229;5773;43231;43227;98588;31090;16020;98805;9678;16462;16818;16817;16787;3824;3674;15405;15399;22804;22857;5215;9705;325;16887;17111;45735;5739;5794;12505;70072;70070;70071;43623;6461;65003;43933;16043;71840;22607;44085;71822;70271;34622;31669;31667;9991;9605;50896;31668;51716;71496;7154;32119;51238;51235;65008;65007;6882;55069;72507;98771;50801;48878;42592;55080;55076;55065;46916;6875;30003;6873;55082;19725;72503;43181;51651;51641;9507;9536;16021;31224;44425;9941;9526;31967;31975;44435;44434;5886;71944	161	148	480.5	800	141	4794.5	142	705.5	800	502	210.5	7828.5	1352	8593	9046	1073.5	2338.5	7073	2899.5	17.5	8264.5	1310	1035	1324	59309.5	2.965.475
ORTHO003481	Duplicated homeodomain-like superfamily protein	AT1G14350;AT2G02820	9553;48229;7275;44767;32502;8150;44699;44707;32501;48856;3677;3676;1901363;5488;3674;97159;6355;1903506;2001141;31326;9889;19222;50789;65007;31323;50794;51252;19219;80090;51171;60255;10556;10468;2000112;3682;44877;5634;43231;43227;43226;5575;43229;44424;44464;5623;5622;10052;90627;30154;48869;44763;9987;10103;90626;9653;90558;9888;9886;9791;10016;48367;48731;10374;3700;1071;43565	162	157	538.5	915	141	7603	575	2000	2828	402.5	2992.5	6120	9103	5154.5	551	136	2506.5	7801.5	1004.5	748	2160.5	6859.5	1918	604.5	61068.5	3.053.425
ORTHO001013	Leucine-rich repeat protein kinase family protein	AT2G16250;AT4G39270	5886;16020;5575;44464;5623;71944;5524;35639;1901265;1901363;5488;3674;97159;43168;43167;32559;30554;17076;166;36094;32555;32553;97367;32550;32549;1882;1883;6468;16310;6796;6793;44237;8152;8150;9987;6464;36211;19538;43170;71704;44238;43412;44267;44260;9505;5618;30312;16021;31224;44425;9506;5911;30054;55044;4674;4672;16301;16772;16740;3824;16773;7169;7167;7166;7165;50794;50789;65007;51716;50896;7154;44763;44699;44700;23052	163	420	277	391	248.5	4890.5	398	268	985	334.5	478.5	9116.5	2727	6292	6687	797.5	68.5	949.5	58	29.5	1482	8741.5	2369	3289.5	49962	2498.1
ORTHO002831	DHHC-type zinc finger family protein	AT1G69420	18230;18231;18198;18193;6464;36211;19538;43170;71704;8152;8150;44238;43412;44267;44260;44237;9987;18345;6497;42158;42157;34645;9059;1901576;9058;44249;43543;5794;43231;43227;43226;5575;43229;44424;44464;5623;5622;44444;5737;12505;19706;19707;16417;16747;16746;16740;3824;3674;16409;6612;6605;6886;15031;45184;51234;51179;8104;33036;71702;6810;46907;51649;51641;34613;70727;1902582;44765;1902578;44699;90150;72657;44802;61024;16043;71840;44763;1902580;5783	164	211	585.5	1007	672.5	3027.5	575	1963.5	1916	210.5	1414	6819	1352	5077	473.5	508.5	7137.5	7967.5	1513	493	2160.5	7950.5	8976.5	3005.5	62540.5	3.127.025
ORTHO000279_2	no pollen germination related 2	AT4G28600	5886;16020;5575;44464;5623;71944;5516;5515;5488;3674	165	908	1638.5	3112	672.5	2797	444.5	1581	1839.5	14.5	982	4059.5	1352	6170.5	1196	797.5	7091.5	8251	8838	259.5	9091	9094.5	9121.5	6801.5	79782.5	3.989.125
ORTHO003964	Homeodomain-like superfamily protein	AT3G46640;AT5G59570	5634;43231;43227;43226;5575;43229;44424;44464;5623;5622;6351;34645;44260;43170;71704;8152;8150;44237;9987;9059;1901576;9058;44249;97659;32774;16070;90304;6139;46483;6725;1901360;34641;6807;44238;34654;19438;44271;18130;1901362;10467;3682;44877;5488;3674;42753;48518;50789;65007;42752;3677;3676;1901363;97159;6355;1903506;2001141;31326;9889;19222;31323;50794;51252;19219;80090;51171;60255;10556;10468;2000112;7623;48511;3700;1071;9909;48580;2000026;50793;51239;48831;2000241	166	373	488.5	811	248.5	4890.5	1560	4200.5	8509.5	52.5	744	1658	1352	7213.5	8942.5	267	2170	1538.5	257	4925	8400	1010.5	728.5	1090.5	59510	2975.5
ORTHO002641	Domain of unknown function (DUF966)	AT2G28150	5634;43231;43227;43226;5575;43229;44424;44464;5623;5622;5886;16020;71944;3674;8150	167	14	431	695	17	2720	8450	310.5	1545.5	1750.5	4655	5	1352	8210.5	9173.5	267	2133.5	8063	2728	2880.5	452.5	1566.5	646.5	400.5	57310.5	2.865.525
ORTHO002334	myb domain protein 305	AT3G24310;AT4G13480	3677;3676;1901363;5488;3674;97159;6355;1903506;2001141;31326;9889;19222;50789;65007;8150;31323;50794;51252;19219;80090;51171;60255;10556;10468;2000112;3700;1071;5634;43231;43227;43226;5575;43229;44424;44464;5623;5622;3682;44877	168	132	307	446	112	2981	345	357.5	635	3412.5	1810	109.5	6227	6434	6560	136	1670.5	7493.5	778.5	247	1091.5	8091	2503	339	51221.5	2.561.075
ORTHO002329	related to AP2.7	AT2G28550	9873;160;35556;7165;50794;50789;65007;8150;51716;9987;50896;7154;44763;44699;44700;23052;9755;32870;9725;9719;10033;42221;71495;71310;70887;71369;9723;7275;44767;32502;44707;32501;6355;1903506;2001141;31326;9889;19222;31323;51252;19219;80090;51171;60255;10556;10468;2000112;3700;1071;3674;9887;9653;48856;48513;48731;5634;43231;43227;43226;5575;43229;44424;44464;5623;5622;6351;34645;44260;43170;71704;8152;44237;9059;1901576;9058;44249;97659;32774;16070;90304;6139;46483;6725;1901360;34641;6807;44238;34654;19438;44271;18130;1901362;10467;3677;3676;1901363;5488;97159;10228;3006;22414;48608;61458;9791	169	948	1726.5	3284	672.5	3859	6478	3333.5	8616	4366.5	4949	5667	8094	6542.5	8163.5	267	36.5	8526.5	2430.5	1788	1917	2763	827.5	2166	80791	4039.55
ORTHO002061	LEM3 (ligand-effect modulator 3) family protein / CDC50 family protein	AT1G16360;AT1G54320;AT1G79450;AT3G12740	16021;31224;44425;5575;16020;8150;5794;43231;43227;43226;43229;44424;44464;5623;5622;44444;5737;12505;5515;5488;3674;31902;10008;98588;31090;44422;44440;44446;5768;98805;5770;5789;44432;5783;42175;139;44431;5886;71944;9543;31978;31977;44436;9579;44435;9536;31976;31984;44434;9507;9534;15914;6869;44765;6810;51234;51179;1902578;44699;71702;10876;33036;15748;15711;6820;6811	170	614	575.5	981	63.5	852.5	739	1640.5	1916	1028.5	2402	281	4124	9031	6581	1307	2560.5	6657.5	5027.5	436	4668.5	9141.5	3686	25	62105	3105.25
ORTHO003868	unknown protein	AT4G01150	10287;44434;44435;44444;44424;44464;5575;5623;5622;5737;44446;44422;43226;43229;9536;43231;43227;9507;9570;9532;9941;9526;31967;31975;9535;55035;42651;34357;16020;44436;9579;31976;31984;9534;8150;3674;16021;31224;44425	171	93	355.5	540	672.5	4233	210	517	8541.5	136	744	1354.5	1352	8396.5	8677	267	7313	5992	2712.5	419.5	670.5	1110.5	578	330.5	53555	2677.75
ORTHO000592_1	Pectin lyase-like superfamily protein	AT1G02460;AT1G56710;AT4G01890	16829;3824;3674;8152;8150;71555;45229;16043;71840;9987;71554;5975;71704;44238;4650;4553;16798;16787;5576;5575	172	443	338.5	505	248.5	2239.5	1342.5	3740.5	317.5	402.5	5685.5	2000.5	1352	9037	6687	797.5	191	7471.5	692	52	312.5	2923.5	1661.5	5806	52712	2635.6
ORTHO000273_2	villin 4	AT4G30160;AT5G57320	5829;44444;44424;44464;5575;5623;5622;5737;51693;30835;30834;1901879;43244;51128;50794;50789;65007;8150;8064;30832;32535;90066;65008;16043;71840;9987;44763;44699;32956;51493;33043;32970;51494;10639;51129;48523;48519;1901880;43242;30837;30833;32271;43254;44087;32272;31333;51015;32403;44877;5488;3674;5515;3779;8092;48767;60560;48589;44767;32502;40007;9653;48856;48588;16049;48468;48869;30154;80147;48765;10053;90627;10015;48364;48513;48731;7275;44707;32501;22622;90558;9888;48764;48469;21700;10054;51764;7015;71822;43933;30036;30029;7010;6996;1902589;51017;22607;44085;61572;30042;51261;43624;43241;32984;22411;8154;5856;43232;43228;43226;43229;5884;44430;44446;44422;43234;32991;15629;9737;9725;9719;50896;10033;42221;33993;97305;1901700;1101;16482;46907;6810;51234;51179;51649;51641;51014	173	138	290.5	408	3564.5	2953.5	262	641	1430.5	334.5	5610	2640.5	1352	9044.5	6791	25.5	2329.5	7219.5	552.5	326.5	970	5308.5	2142.5	417	50351	2517.55
ORTHO002612	TRICHOME BIREFRINGENCE-LIKE 38	AT1G29050;AT2G34070	16413;16407;16747;16746;16740;3824;3674;8152;8150;8374;71554;9987;5794;43231;43227;43226;5575;43229;44424;44464;5623;5622;44444;5737;12505	174	709	90	6	1428.5	780	288.5	1389	1545.5	1058	2809.5	247	1352	4718.5	278	1127.5	5.5	7.5	3	1532.5	12.5	9.5	9.5	8	17181.5	859.075
ORTHO003889	photosystem II subunit P-1	AT1G06680	9543;31978;31977;44436;44424;44464;5575;5623;5622;9579;44435;44444;5737;44446;44422;43226;43229;9536;43231;43227;31976;31984;44434;9507;9534;9535;55035;42651;34357;16020;9570;9532;9941;9526;31967;31975;42742;9617;51707;43207;9605;50896;8150;9607;51704;98542;6952;6950;30095;98807;98796;43234;32991;44425;9523;9521;9654;1990204;1902494;8266;8187;3727;3723;3676;1901363;5488;3674;97159;5509;46872;43169;43167;48046;5576;19684;6091;44237;8152;9987;15979;19898	175	126	451	727	112	8655.5	22	7	69	402.5	118	5931	1352	9128	7162	1073.5	9037	7967.5	2682.5	120	2770	499	433.5	417	57847	2892.35
ORTHO003596	Protein of unknown function (DUF1218)	AT1G52910;AT3G15480;AT4G27435	3674;5576;5575;8150;9506;5911;30054;55044;5886;16020;44464;5623;71944	176	512	1566.5	2957	248.5	615.5	1938.5	2000	5144	821	2402	3872	9103	4995.5	693	508.5	831.5	8114.5	3585.5	7408.5	8496	7392.5	8686.5	2314	78922	3946.1
ORTHO001382	Immunoglobulin E-set superfamily protein	AT3G07880	5096;8047;30234;98772;3674;50790;19222;50789;65007;8150;65009;43085;44093;9893;48518;30695;60589;43547;43087;51336;51345;5094;5092;5737;44424;44464;5575;5623;5622;5515;5488;9932;9826;902;32989;16043;71840;9987;9653;32502;48856;48869;44767;44699;44763;60560;48589;40007;16049;10053;90627;30154;10015;48364;48513;48731;7275;44707;32501;22622;90558;9888	177	547	620.5	1064	672.5	6184	715.5	2000	393.5	2353	5655.5	576.5	9046	5110.5	766.5	508.5	2452.5	6854.5	1031	1460	1943.5	8398	2239	5601	63289	3164.45
ORTHO003919	NAC domain containing protein 75	AT4G29230	6355;1903506;2001141;31326;9889;19222;50789;65007;8150;31323;50794;51252;19219;80090;51171;60255;10556;10468;2000112;44212;975;3677;3676;1901363;5488;3674;97159;1067;3700;1071;5634;43231;43227;43226;5575;43229;44424;44464;5623;5622;6351;34645;44260;43170;71704;8152;44237;9987;9059;1901576;9058;44249;97659;32774;16070;90304;6139;46483;6725;1901360;34641;6807;44238;34654;19438;44271;18130;1901362;10467;7275;44767;32502;44699;44707;32501	178	531	949	1720	672.5	2604.5	1560	1114.5	6379.5	402.5	478.5	8038	4133.5	7101	8915.5	1073.5	252.5	6737.5	4864	5002	8873.5	889.5	664.5	1061.5	70146	3507.3
ORTHO003466	Protein of unknown function (DUF3755)	AT1G60670;AT1G68160	5634;43231;43227;43226;5575;43229;44424;44464;5623;5622;8150;5739;44444;5737	179	398	1046.5	1914	672.5	7563	1881	864	1328.5	136	2402	4566	1352	4995.5	693	508.5	7953	7761	926	7647	8580	6952	3133.5	2784	72026	3601.3
ORTHO003534	DDT domain superfamily	AT1G18950	4812;16876;16875;16874;3824;3674;8152;8150;5634;43231;43227;43226;5575;43229;44424;44464;5623;5622	180	278	1410	2640	672.5	7482.5	1720.5	2044	1430.5	334.5	5788.5	4670	9103	5199	693	508.5	1618.5	7617	1513	7012	2257	7259	8623.5	2091	76965	3848.25
ORTHO003443	bZIP transcription factor family protein	AT5G28770	5634;43231;43227;43226;5575;43229;44424;44464;5623;5622;43565;3677;3676;1901363;5488;3674;97159;46982;46983;5515;6355;1903506;2001141;31326;9889;19222;50789;65007;8150;31323;50794;51252;19219;80090;51171;60255;10556;10468;2000112;71333;9749;9746;34284;9743;10033;42221;50896;1901700;71331;71326;71322;71310;70887;51716;9987;1901701;1678;42593;33500;48878;42592;65008;55082;19725;44763;44699;3700;1071;6351;34645;44260;43170;71704;8152;44237;9059;1901576;9058;44249;97659;32774;16070;90304;6139;46483;6725;1901360;34641;6807;44238;34654;19438;44271;18130;1901362;10467;42802;71215;9737;9725;9719;33993;97305;1101;71396;32870;71495;97306;71229	181	155	615	1049	141	7915	234.5	1780.5	985	3099	1312.5	3108	9130	4935	343	351	1564	8080	1589	326.5	389	8091	8993	807	63033	3151.65
ORTHO004294	vernalization5/VIN3-like	AT4G30200	6355;1903506;2001141;31326;9889;19222;50789;65007;8150;31323;50794;51252;19219;80090;51171;60255;10556;10468;2000112;48587;2000028;48580;2000026;50793;51239;48583;2000241;1900111;1900109;51570;31060;31056;1903308;1902275;33044;33043;51128;31399;32268;51246;51574;31062;31058;1903310;2001252;10638;51130;48522;48518;31401;32270;31325;9893;51247;10604;31519;44428;44446;44422;5575;43226;44424;44464;5623;5622;43229;5634;43231;43227;43234;32991;5515;5488;3674;42802;9409;9266;9628;50896;6950;6351;34645;44260;43170;71704;8152;44237;9987;9059;1901576;9058;44249;97659;32774;16070;90304;6139;46483;6725;1901360;34641;6807;44238;34654;19438;44271;18130;1901362;10467;9908;90567;48608;3006;32502;22414;48856;61458;48731;7275;44767;44699;44707;32501;44702;9791;48367;3677;3676;1901363;97159;5677;10228;35064;42393;32922;7623;48511;9506;5911;30054;55044;46872;43169;43167	182	310	141.5	101	672.5	422	162.5	4088	210.5	582	169.5	632	1352	4746.5	6484	508.5	3067	6471	2662	29.5	479.5	961.5	3227	847	37102	1855.1
ORTHO000255_2	cytochrome P450; family 78; subfamily A; polypeptide 8	AT1G01190;AT2G46660;AT3G61880	19825;5488;3674;55114;44710;8152;8150;44699;40008;50789;65007;48316;48608;3006;32502;22414;48856;61458;48731;7275;44767;44707;32501;44702;9791;10154;16021;31224;44425;5575;16020;9507;9536;43231;43227;43226;43229;44424;44464;5623;5622;44444;5737;16709;16705;16491;3824;4497;44550;19748;44711;9058	183	895	706.5	1230	672.5	6227.5	5614.5	1547.5	493.5	698.5	982	2640.5	1352	8123.5	8638.5	2476	3167.5	6330	577.5	3165	185	6182.5	4773	2166	65340.5	3.267.025
ORTHO000864_1	ATP sulfurylase 1	AT3G22890;AT4G14680;AT5G43780	9570;9532;44435;44444;44424;44464;5575;5623;5622;5737;44446;44422;43226;43229;9536;43231;43227;44434;9507;46686;10038;10035;42221;50896;8150;9735;9725;9719;10033;4781;4779;70566;16779;16772;16740;3824;3674;8152;5886;16020;71944;5524;35639;1901265;1901363;5488;97159;43168;43167;32559;30554;17076;166;36094;32555;32553;97367;32550;32549;1882;1883;70814;70813;6790;44237;9987;44272;44249;9058;1887;9970;9267;31669;31667;9991;9605;31668;51716;71496;7154;44763;44699;42594;6950;33554;103;70206;51259;6461;65003;43933;16043;71840;22607;44085;71822;70271;5739	184	343	990	1796	248.5	585	1627	1347	800	2319.5	669	9000.5	1352	5656	1509	508.5	101	8080	6185.5	8853	9043.5	8005	2202	3005.5	70849	3542.45
ORTHO004249	ORMDL family protein	AT1G01230	5789;98588;31090;16020;5575;44422;43226;43227;44432;44444;44424;44464;5623;5622;5737;44446;43229;5783;43231;12505;44425;42175;5739;6457;9987;8150;16021;31224;3674	185	674	308.5	432	672.5	4377	444.5	2044	4045.5	1003.5	4160.5	3950.5	6397.5	4295.5	5969	1144	2277	1888	2754	2124.5	3169	723	128.5	102.5	50998	2549.9
ORTHO001504	WRKY DNA-binding protein 33	AT2G38470	5634;43231;43227;43226;5575;43229;44424;44464;5623;5622;6351;34645;44260;43170;71704;8152;8150;44237;9987;9059;1901576;9058;44249;97659;32774;16070;90304;6139;46483;6725;1901360;34641;6807;44238;34654;19438;44271;18130;1901362;10467;5515;5488;3674;9651;6970;9628;50896;6950;6355;1903506;2001141;31326;9889;19222;50789;65007;31323;50794;51252;19219;80090;51171;60255;10556;10468;2000112;70370;34605;9408;9266;33554;51716;10286;50832;98542;6952;51707;43207;9605;9607;51704;9620;3700;1071;10120;44272;6790;52317;46217;42430;1901564;52314;9404;19748;44710;44699;44763;9700;42435;1901566;52315;9403;44550;44711;9409;9414;9415;1101;42221;10035;1901700;42742;9617;10508;10506;31329;9894;31331;31325;9893;48518;48522;9896;10200;10243;9719;10033;1901698	186	123	256.5	327	672.5	96.5	5581	517	4209	295	669	1658	1352	8436.5	8726.5	267	2351.5	6854.5	2802.5	299.5	1403	1045	779	1120	48462.5	2.423.125
ORTHO001002	ubiquitin-conjugating enzyme 11	AT3G08690;AT5G53300	6511;19941;51603;6508;19538;43170;71704;8152;8150;44238;44257;30163;9057;1901575;9056;44265;44260;44237;9987;44248;44267;43632;16567;32446;70647;6464;36211;43412;5515;5488;3674;4842;19787;16740;3824;5524;35639;1901265;1901363;97159;43168;43167;32559;30554;17076;166;36094;32555;32553;97367;32550;32549;1882;1883;16874;5737;44424;44464;5575;5623;5622;16881;16879;31625;44389;19899	187	987	938.5	1690	1436	3316.5	4785	727.5	5258	3535	744	536.5	4182	8954	6537	1175.5	2398.5	8544.5	1975.5	1764.5	7925	6266	536.5	715.5	69877	3493.85
ORTHO000747	NRAMP metal ion transporter 2	AT1G47240;AT2G23150;AT4G18790;AT5G67330	6875;55065;98771;50801;48878;42592;65008;65007;8150;55080;30003;6873;55082;19725;44763;9987;44699;5634;43231;43227;43226;5575;43229;44424;44464;5623;5622;6811;44765;6810;51234;51179;1902578;55072;55076;5215;3674;98655;6812;34220;55085;30001;16021;31224;44425;16020;46873;22890;8324;15075;22891;22857;22892;98656;6820;15103;8509;15698;2000379;31325;9893;48518;50789;19222;48522;50794;31323;2000377;5737;5774;44437;44444;44446;44422;5773;98588;31090;98805;42742;9617;51707;43207;9605;50896;9607;51704;98542;6952;6950;10043;10038;10035;42221;1990267;5794;12505;15691;41;70838;72511;6828;5384;46915;71421;98662;98660;9506;5911;30054;55044;15692;10039;6879;46916;9624	188	510	1992	3796	248.5	451.5	444.5	548.5	8882.5	5541.5	1211	5859.5	8993.5	8897	6687	267	5240.5	7547.5	904	220.5	1367.5	8454	7729.5	4291.5	83538.5	4.176.925
ORTHO003219	RNA-binding (RRM/RBD/RNP motifs) family protein	AT1G03457;AT4G03110	3729;44822;3723;3676;1901363;5488;3674;97159;6402;16071;16070;44260;43170;71704;8152;8150;44237;9987;90304;6139;46483;6725;1901360;34641;6807;44238;6401;44265;9057;1901575;9056;44248;34655;19439;44270;1901361;46700;2000028;48580;2000026;50793;50789;65007;51239;48583;2000241;5737;44424;44464;5575;5623;5622;9626;34050;12501;8219;16265;44699;44763;45087;6952;6950;50896;6955;2376;33554;51716;30529;32991;80151;9967;9966;10646;50794;23051;10647;48522;48518;48584;23056;2000031	189	599	436.5	684	672.5	2557.5	512	641	9016	555.5	2992.5	466.5	1352	4948.5	599	508.5	793	8107	1290	565.5	1673.5	8942	9093.5	2522	57135.5	2.856.775
ORTHO004105	Protein of unknown function (DUF620)	AT5G05840	5634;43231;43227;43226;5575;43229;44424;44464;5623;5622;8150;3674	190	326	317	444	248.5	7169.5	195	4214	435	402.5	478.5	130	1352	7213.5	8995	1073.5	1985.5	6737.5	658	399	6810.5	1045	793.5	1078.5	51166	2558.3
ORTHO001994	cyclin d5	AT4G37630	5515;5488;3674;51301;44763;9987;8150;44699;5634;43231;43227;43226;5575;43229;44424;44464;5623;5622;51726;50794;50789;65007;42023;44786;6261;6260;6259;44260;43170;71704;8152;44237;90304;6139;46483;6725;1901360;34641;6807;44238;34645;9059;1901576;9058;44249;22402;7049;44711;44710;4693;97472;4672;16301;16772;16740;3824;16310;6796;6793;16773;6468;6464;36211;19538;43412;44267;4674	191	415	2812	5433	248.5	726.5	398	5213.5	6225	334.5	478.5	1889	9077	9065	6728	976.5	8269	7659.5	8734.5	29.5	9091	8644	1790	6883	92212	4610.6
ORTHO001862	Basic-leucine zipper (bZIP) transcription factor family protein	AT2G40620	5634;43231;43227;43226;5575;43229;44424;44464;5623;5622;3677;3676;1901363;5488;3674;97159;6355;1903506;2001141;31326;9889;19222;50789;65007;8150;31323;50794;51252;19219;80090;51171;60255;10556;10468;2000112;3700;1071;43565	192	463	347.5	503	672.5	7116	4758.5	1581	931	1208.5	40.5	3108	1352	6601.5	8452	797.5	1952.5	3949	284	3830	2000	889.5	1121.5	2699.5	52672.5	2.633.625
ORTHO000263_1	VACUOLAR SORTING RECEPTOR 2	AT2G30290;AT3G52850	15031;45184;51234;51179;8150;8104;33036;71702;6810;30665;30662;30659;12506;31090;16020;5575;44422;43226;43227;31988;31982;44433;44444;44424;44464;5623;5622;5737;44446;43229;31410;16023;43231;98588;98805;30135;30136;31902;10008;44440;5768;12505;5770;139;44431;5794;17119;43234;32991;6623;1902580;51641;1902578;44699;6605;6886;46907;51649;34613;70727;1902582;44765;16482;72665;33365;72666;72594;7034;5509;46872;43169;43167;5488;3674;5887;31226;44459;44425;5886;71944;31224;16021;5634;5802;98791;31984;5783;6896;6892;48193;16192;10209;5048;42277;33218;5576;5515;9940	193	141	100.5	8	141	560.5	5725.5	864	635	103.5	319	1354.5	1352	5401	1063	136	867	7.5	11	19.5	12.5	9.5	9.5	8	18458.5	922.925
ORTHO001264	AP2/B3-like transcriptional factor family protein	AT2G46870	6355;1903506;2001141;31326;9889;19222;50789;65007;8150;31323;50794;51252;19219;80090;51171;60255;10556;10468;2000112;5634;43231;43227;43226;5575;43229;44424;44464;5623;5622;9908;90567;48608;3006;32502;22414;48856;61458;48731;7275;44767;44699;44707;32501;44702;9791;48367;3700;1071;3674;6351;34645;44260;43170;71704;8152;44237;9987;9059;1901576;9058;44249;97659;32774;16070;90304;6139;46483;6725;1901360;34641;6807;44238;34654;19438;44271;18130;1901362;10467;48366;48827;3677;3676;1901363;5488;97159	194	699	1568	2942	1428.5	7071.5	5997.5	3579.5	3598.5	1003.5	4748	2851	8859	8983	6537	1175.5	8587.5	8532.5	3149.5	2124.5	723.5	521.5	149.5	619	78811.5	3.940.575
ORTHO000893	gibberellin 2-oxidase	AT1G30040;AT1G78440;AT2G34555	45543;16706;16705;16491;3824;3674;8152;8150;55114;44710;44699;51213;45487;16103;16101;6721;6720;44255;6629;71704;44238;44763;9987;44237;16115;8300;44242;16042;44712;9056;1901575;44248;46395;16054;44282;44281;6082;19752;43436;9685;9686;16102;16114;8299;8610;1901576;9058;44711;44249;46394;16053;44283;10114;9639;9416;9314;9628;50896;52634;5737;44424;44464;5575;5623;5622;5506;46914;46872;43169;43167;5488	195	129	1592.5	2990	672.5	113	1672.5	446.5	8748.5	103.5	2129.5	6543.5	9066	8897	6560	267	1507	7408	3021.5	6001	981	6266	7818	1546.5	79096	3954.8
ORTHO001805	ubiquitin-specific protease 4	AT2G22310;AT4G39910	16579;70646;70647;6464;36211;19538;43170;71704;8152;8150;44238;43412;44267;44260;44237;9987;6508;4843;19783;8234;70011;8233;16787;3824;3674;36459;6511;19941;51603;44257;30163;9057;1901575;9056;44265;44248;43632;5737;44424;44464;5575;5623;5622;6499;6498;6497;42158;42157;34645;9059;1901576;9058;44249;31365;18377;43543;5634;43231;43227;43226;43229	196	718	868.75	1541.5	672.5	2672	6845.5	1204.5	931	502	982	6440	1352	6764.5	8638.5	267	630	6946	7435.5	3600	1899	6340.5	4232.5	885.5	68568	3428.4
ORTHO001573	Protein of unknown function (DUF3133)	AT2G46380;AT3G61670	5575;5634;43231;43227;43226;43229;44424;44464;5623;5622;5886;16020;71944;8150;3674	197	917	219	241	69	780	360	1322	4365	896.5	582	6307.5	1352	4374	6305	1144	7324	2199.5	2881.5	366.5	3323	914	153	240.5	45190	2259.5
ORTHO001996	alpha/beta-Hydrolases superfamily protein	AT3G09690;AT5G02970	5634;43231;43227;43226;5575;43229;44424;44464;5623;5622;16787;3824;3674;8152;8150;5737	198	319	685.25	1172.5	248.5	3844	102	33.5	3279	5201.5	5042.5	5572	1352	6764.5	1812.5	797.5	1642	8538.5	1680.5	2534.5	1610.5	7786.5	5649	1434.5	64677	3233.85
ORTHO000848	Zinc finger C-x8-C-x5-C-x3-H type family protein	AT2G47850;AT3G06410;AT5G18550	46872;43169;43167;5488;3674;3676;1901363;97159;8150;5634;43231;43227;43226;5575;43229;44424;44464;5623;5622;3677	199	24	273	347	407	7278	43.5	38.5	5	14.5	5002	907	1352	9037	6937	267	62	8659.5	5648	2373.5	461	163	51.5	757.5	49057.5	2.452.875
ORTHO005827	Chaperone DnaJ-domain superfamily protein	AT2G01710	6457;9987;8150	200	639	1814	3428	248.5	5155.5	7166.5	676	1042.5	295	1414	4239	1352	4995.5	638	508.5	630	8340	8873	5929.5	9091	9030.5	9121.5	3103.5	81601.5	4.080.075
ORTHO002406	Ribosomal L22e protein family	AT3G05560	22626;44445;44444;44424;44464;5575;5623;5622;5737;5829;5840;30529;32991;43232;43228;43226;43229;9506;5911;30054;55044;5730;44428;44446;44422;5634;43231;43227;31981;70013;43233;31974;5886;16020;71944;2181;6412;43043;43604;43603;34641;6807;8152;8150;44237;9987;44271;44249;9058;6518;1901564;71704;1901566;1901576;44267;19538;43170;44238;44260;34645;9059;10467;22625;15934;44391;3735;5198;3674;44822;3723;3676;1901363;5488;97159	201	728	566.5	932	672.5	3788.5	249	864	3215.5	3303	669	4239	1352	6004.5	5661	797.5	2420.5	8976	2519	2688	1761	8295.5	2341	2229	61373	3068.65
ORTHO001258	NDR1/HIN1-like 1	AT3G11660;AT3G44220;AT3G52470	5886;16020;5575;44464;5623;71944;51607;2252;2376;8150;9615;51707;43207;9605;50896;9607;51704;98542;6952;6950;4871;60089;3674;7165;50794;50789;65007;51716;9987;7154;44763;44699;44700;23052;46658;31226;44459;44425;31224;31225;9506;5911;30054;55044;5737;44424;5622	202	1037	715.25	1228.5	672.5	3027.5	924	357.5	3471	2925	147	2392.5	1352	4798	369	1429.5	8922	6440	1253	2854.5	9165	9030.5	2669.5	3799.5	65327	3266.35
ORTHO001031	Major facilitator superfamily protein	AT1G19450;AT1G75220	5886;16020;5575;44464;5623;71944;5774;44437;44444;44424;5622;5737;44446;44422;43226;43229;5773;43231;43227;98588;31090;98805;15144;22891;22857;5215;3674;6810;51234;51179;8150;55085;44763;9987;44699;44765;1902578;22892;1901476;8643;71702;34219;5351;5402;15294;15293;15291;22804;8324;15075;34220;6811;98655;6812;51119;15295;15992;15672;6818;10030;48582;48580;2000026;50793;50789;65007;51239;51240;48518;51094;10029;1900140;46323;15758;8645;15749;5887;31226;44459;44425;31224;16021;35428;5355;15149;15145;1904659;42593;33500;48878;42592;65008;5794;12505;9705;325	203	673	1909	3615	672.5	615.5	512	1547.5	800	238.5	1082.5	212.5	9167	4798	350.5	1429.5	7557.5	8600	9108	384.5	9150.5	9119	9165	8763	82601	4130.05
ORTHO002385	nodulin MtN21 /EamA-like transporter family protein	AT1G48230;AT3G17430	8514;8509;15075;22891;22857;5215;3674;6810;51234;51179;8150;55085;44763;9987;44699;44765;1902578;22892;34220;6811;98656;6820;15711;71702;5794;43231;43227;43226;5575;43229;44424;44464;5623;5622;44444;5737;12505;5886;16020;71944;5768;5802;98791;44431;44446;44422;31984;16021;31224;44425	204	147	308	412	141	3750.5	1441	414	3095.5	210.5	4545	632	1352	8511.5	8915.5	267	179	8397.5	1164.5	1835.5	2474.5	1228	876	1215.5	50505	2525.25
ORTHO002892	Acyl-CoA N-acyltransferases (NAT) superfamily protein	AT2G23060;AT4G37580	8152;8150;8080;16410;16747;16746;16740;3824;3674;16407;9734;9755;7165;50794;50789;65007;51716;9987;50896;7154;44763;44699;44700;23052;32870;9725;9719;10033;42221;71495;71310;70887;71365;9733;9640;9639;9416;9314;9628;9791;44767;32502;44707;32501;7275;9826;902;32989;16043;71840;9653;48856;48869;60560;48589;40007;16049;40008;9723	205	1048	2545.5	4886	4356	2054	859	3345.5	1328.5	555.5	2129.5	4805.5	9103	4995.5	511.5	508.5	6955.5	8297	9069.5	1632	9115	8861	8470.5	6883	89479.5	4.473.975
ORTHO000675	Protein kinase superfamily protein	AT2G17220;AT4G35600	5886;16020;5575;44464;5623;71944;16301;16772;16740;3824;3674;8152;8150;16310;6796;6793;44237;9987;9507;9536;43231;43227;43226;43229;44424;5622;44444;5737;4675;19199;4888;38023;4871;60089;7165;50794;50789;65007;51716;50896;7154;44763;44699;44700;23052;4872;4672;16773;6468;6464;36211;19538;43170;71704;44238;43412;44267;44260;4674;7178;7167;7166;46777;5515;5488;9755;32870;9725;9719;10033;42221;71495;71310;70887;9838;32502;7275;44767;44707;32501;9506;5911;30054;55044;1653;31625;44389;19899	206	4	479	752	72	2260.5	2155	3123	11	674	104	536.5	1352	9065	7885	25.5	2244	8488	2270	7299	479.5	7215.5	2171	859.5	58218	2910.9
ORTHO003501	plant U-box 17	AT1G29340	16567;32446;70647;6464;36211;19538;43170;71704;8152;8150;44238;43412;44267;44260;44237;9987;9626;34050;12501;8219;16265;44699;44763;45087;6952;6950;50896;6955;2376;33554;51716;9814;98542;51707;43207;9605;9607;51704;4842;19787;16740;3824;3674;16874;9817;50832;9620	207	364	2381.5	4556	672.5	2239.5	5794	397	8359.5	855	865	2160	9016.5	8936	6687	797.5	5404	7597	926	2854.5	8300	6576.5	8202.5	1672.5	87640	4382
ORTHO001263	Plant protein of unknown function (DUF827)	AT1G45545;AT2G26570;AT4G33390;AT5G42880	5829;44444;44424;44464;5575;5623;5622;5737;9903;9902;9658;9657;6996;16043;71840;8150;9987;19750;51644;51640;51641;51179;51667;51649;51234;51656;9904;3674;5886;16020;71944;5515;5488	208	15	470.5	733	17	1777	3327	1013.5	393.5	14.5	621.5	1471	1352	9065	7737.5	25.5	8360.5	7761	904	5929.5	170	5308.5	1888	787	57906.5	2.895.325
ORTHO000502_1	Tetratricopeptide repeat (TPR)-like superfamily protein	AT1G27500;AT3G27960	5575;9860;44702;22414;8150;44699;904;902;32989;16043;71840;9987;9653;32502;48856;48869;44767;44763;48468;30154;3006;48588;48589;40007;16049;9932;9826;60560;48868;9856;44703;51704;44706;32501;5886;16020;44464;5623;71944;31347;80134;48583;50789;65007	209	185	1248.5	2288	248.5	750.5	1672.5	1604.5	8906.5	4786	5726.5	8888.5	1352	5744	2702.5	797.5	1734.5	7617	3445.5	6860	1140	6952	2104	1825	74609	3730.45
ORTHO004173	PPPDE putative thiol peptidase family protein	AT5G47310	3674;8150;5737;44424;44464;5575;5623;5622	210	448	1303	2396	248.5	2953.5	1330.5	27	9142.5	334.5	5208.5	1854	8993.5	8897	6687	797.5	2213.5	8488	1501	2749	3296.5	7950.5	1453	1454.5	75331.5	3.766.575
ORTHO003228	Plant protein of unknown function (DUF641)	AT1G53380;AT3G14870	5739;43231;43227;43226;5575;43229;44424;44464;5623;5622;44444;5737;8150;3674	211	659	1461	2711	672.5	2385.5	1068	8575	3425	2551	4732	267.5	8966.5	8877.5	6639	797.5	4942.5	8551.5	1629.5	920	2913.5	7183	1730	1263	77417.5	3.870.875
ORTHO003105	IQ-domain 30	AT1G18840;AT1G74690	8150;5773;43231;43227;43226;5575;43229;44424;44464;5623;5622;44444;5737;5516;5515;5488;3674;5886;16020;71944;5875;44430;44446;44422;5856;43232;43228;43234;32991;15630;5829;5634	212	1069	1737.5	3263	944.5	900	6901	1484	1916	1567.5	1981	466.5	2708.5	6047	6464.5	7419	630	7597	1748	4258.5	8663	8989.5	8748.5	2166	80655.5	4.032.775
ORTHO005159	unknown protein	AT5G66800	3674;5634;43231;43227;43226;5575;43229;44424;44464;5623;5622;8150	213	1017	2797.75	5382.5	672.5	4381	1118	8640	3366.5	3464	5262	6213.5	2792.5	6292	6378.5	2080.5	630	8929.5	8406.5	2409.5	2827	9112.5	8806.5	859.5	91969.5	4.598.475
ORTHO002597	Mo25 family protein	AT4G17270;AT5G47540	8150;5886;16020;5575;44464;5623;71944;5737;44424;5622	214	918	3765.5	7317	4356	2999.5	3758	1484	5994	4756.5	1623	8921.5	9077	5045.5	693	1429.5	6648.5	7988	2014	7647	8909	8861	8919	6732.5	103500.5	5.175.025
ORTHO002375	Core-2/I-branching beta-1;6-N-acetylglucosaminyltransferase family protein	AT1G53100;AT3G15350;AT4G27480	5794;43231;43227;43226;5575;43229;44424;44464;5623;5622;44444;5737;12505;16051;44723;5975;71704;8152;8150;44238;44710;44699;1901576;9058;44711;16020;8375;8194;16757;16740;3824;3674;16758;16021;31224;44425	215	584	1554.5	2894	672.5	3697.5	6309	1114.5	6379.5	402.5	5380	7917	8519	6542.5	8553	797.5	523	6440	577.5	1584.5	1026	6340.5	5541.5	885.5	78530.5	3.926.525
ORTHO000935	Protein kinase superfamily protein	AT1G48210;AT1G48220;AT2G47060;AT3G17410;AT3G62220	16301;16772;16740;3824;3674;8152;8150;16310;6796;6793;44237;9987;5886;16020;5575;44464;5623;71944;4672;16773;6468;6464;36211;19538;43170;71704;44238;43412;44267;44260;4675;19199;4888;38023;4871;60089;7165;50794;50789;65007;51716;50896;7154;44763;44699;44700;23052;4872;4674;7178;7167;7166;31625;44389;19899;5515;5488;1653;9755;32870;9725;9719;10033;42221;71495;71310;70887;6979;6950;9506;5911;30054;55044;46777;5737;44424;5622;5634;43231;43227;43226;43229	216	979	863	1510	365.5	4890.5	6572	8560.5	4474.5	5547.5	195.5	6981	1352	5895.5	4705.5	1975.5	1450	5992	967.5	2854.5	493	787	1263	3366.5	68323.5	3.416.175
ORTHO002025	galacturonosyltransferase 7	AT2G38650	5794;43231;43227;43226;5575;43229;44424;44464;5623;5622;44444;5737;12505;16021;31224;44425;16020;45489;271;5976;5975;71704;8152;8150;44238;43170;16051;44723;44710;44699;1901576;9058;44711;9059;45488;10393;5768;139;98588;31090;44422;44431;44446;71555;45229;16043;71840;9987;71554;5802;98791;31984;47262;8194;16757;16740;3824;3674;16758	217	198	1778	3339	672.5	7390	345	8686.5	3185.5	402.5	5157	5435.5	8977	8485	8838	267	1102.5	8739	1840.5	2289	2199	1656	4843.5	1188	81026.5	4.051.325
ORTHO003121	AAA-type ATPase family protein	AT4G18820;AT5G45720	3887;34061;16779;16772;16740;3824;3674;8152;8150;71897;6259;44260;43170;71704;44237;9987;90304;6139;46483;6725;1901360;34641;6807;44238;34645;9059;1901576;9058;44249;34654;19438;44271;18130;1901362;5524;35639;1901265;1901363;5488;97159;43168;43167;32559;30554;17076;166;36094;32555;32553;97367;32550;32549;1882;1883;5634;43231;43227;43226;5575;43229;44424;44464;5623;5622;6260;5886;16020;71944;3677;3676;9360;42575;61695;1990234;1902494;43234;32991;6281;6974;33554;51716;50896;6950;44763;44699;44710;3689;33170;8094;42623;16887;17111;16462;16818;16817;16787;5663;44427;44446;44422;5694;43232;43228;5657;5739;44444;5737	218	389	978.75	1739.5	672.5	4332	444.5	4183	1328.5	4709.5	5431	1915.5	1352	6971	8838	976.5	1685	6737.5	2754	44	7925	6648	3049	988.5	70312.5	3.515.625
ORTHO003353	CTC-interacting domain 3	AT1G54170;AT3G14010	5634;43231;43227;43226;5575;43229;44424;44464;5623;5622;5515;5488;3674	219	150	741	1263	141	8716.5	1672.5	1855	2069	2551	1312.5	4239	9130	5033	438.5	508.5	143.5	6471	1253	8478	1384.5	7567	2120	795	65737.5	3.286.875
ORTHO000669_1	Aldolase superfamily protein	AT2G01140;AT2G21330;AT4G38970	9570;9532;44435;44444;44424;44464;5575;5623;5622;5737;44446;44422;43226;43229;9536;43231;43227;44434;9507;10287;46686;10038;10035;42221;50896;8150;4332;16832;16830;16829;3824;3674;8152;9534;31976;9579;31984;5739;6096;6090;32787;19752;43436;6082;71704;44281;44710;44699;44763;9987;44237;44724;44712;9056;44723;5975;44238;16052;1901575;6757;6091;46031;9150;6163;72521;46483;6725;1901360;34641;6807;1901564;9117;6753;19637;6793;55086;6139;6796;9259;19693;1901135;9179;9185;9132;9135;9167;9161;9123;9126;46128;9119;9116;1901657;42278;46034;9205;9144;9141;9199;6165;46939;16310;46496;19362;6733;6732;51186;72524;6098;51156;6739;19682;6081;6979;6950;22626;44445;5829;5840;30529;32991;43232;43228;9941;9526;31967;31975;31977;44436;48046;5576;16020;9737;9725;9719;10033;33993;97305;1901700;1101	220	626	2499.5	4779	672.5	2239.5	4742	251.5	9080	402.5	99	7463	1352	9044.5	6687	267	6298	8613.5	2150.5	1486	9147	8763	9005	1825	88916	4445.8
ORTHO000303_1	cytochrome P450; family 707; subfamily A; polypeptide 4	AT3G19270	55114;44710;8152;8150;44699;46345;43290;8300;44242;16042;44712;9056;6629;71704;44238;1901575;44255;44763;9987;44237;44248;6720;43288;46164;1901616;1901615;44282;44281;6066;16107;6714;6721;16115;72329;46395;16054;6082;19752;43436;32787;9687;1902644;5506;46914;46872;43169;43167;5488;3674;20037;46906;1901363;97159;19825;10295;16709;16705;16491;3824;4497;5576;5575;16021;31224;44425;16020	221	990	1290	2359	4356	3672	2121.5	834.5	255	930.5	744	8702.5	1352	6971	8968.5	2476	367.5	6657.5	1051.5	4848	8019	7183	6854	2940	74948	3747.4
ORTHO000268_2	Plant protein of unknown function (DUF946)	AT1G04090;AT5G43950	8150;3674;5575	222	474	449	676	248.5	3435.5	5026.5	129.5	3324.5	3084.5	397.5	3808	1352	9087.5	6687	797.5	2473	8768	2816	1609.5	130	1985	1157	885.5	56954	2847.7
ORTHO000281_2	protein phosphatase 2A-3	AT2G42500;AT3G58500	4721;16791;42578;16788;16787;3824;3674;8152;8150;16311;6796;6793;44237;9987;6470;6464;36211;19538;43170;71704;44238;43412;44267;44260;5737;44424;44464;5575;5623;5622;5829;44444;4722;5886;16020;71944;5634;43231;43227;43226;43229;46872;43169;43167;5488;5730;44428;44446;44422;43232;43228;31981;70013;43233;31974;159;8287;1903293;1902494;43234;32991	223	442	884	1545	3586.5	7877	512	27	3262	1371	180	1658	1352	6764.5	8726.5	976.5	3132	8910	5589.5	2903	2672	6576.5	3383	2699.5	68572	3428.6
ORTHO001903	RING-H2 group F2A	AT5G22000	16567;32446;70647;6464;36211;19538;43170;71704;8152;8150;44238;43412;44267;44260;44237;9987;51603;6508;44257;30163;9057;1901575;9056;44265;44248;5634;43231;43227;43226;5575;43229;44424;44464;5623;5622;5886;16020;71944;51726;50794;50789;65007;9561;44767;32502;44699;44707;32501;9553;48229;7275;48856;8270;46914;46872;43169;43167;5488;3674;16874;3824;55046;9555	224	540	213.5	203	3586.5	2054	117.5	218	1042.5	1642.5	2992.5	5435.5	1352	8862.5	6608.5	267	2781.5	4507	472.5	284	800.5	596	335	3289.5	43658.5	2.182.925
ORTHO001080_1	cell cycle switch protein 52  A2	AT4G11920;AT4G22910	5515;5488;3674;5737;44424;44464;5575;5623;5622;32877;2000105;45740;31328;31326;9889;19222;50789;65007;8150;31323;50794;31325;9893;48518;48522;9891;10557;10604;60255;10556;51054;45935;19219;80090;51171;51173;51052;6275;2000112;90329;90068;10564;51726;45787;32875;16567;32446;70647;6464;36211;19538;43170;71704;8152;44238;43412;44267;44260;44237;9987;5634;43231;43227;43226;43229;5834;1902494;43234;32991;98797;44459;44425;16020;5886;71944;98796;31234;19897;19898;9898;98562;98552;4871;60089;7165;51716;50896;7154;44763;44699;44700;23052;51301;10492;10074;19827;44767;32502;44707;32501;98727;10073;48507;9888;48856;48513;48731;7275;7067;280;48285;6996;16043;71840;1903047;22402;7049;278;1902589;8361;32535;90066;65008;10091;904;902;32989;9653;48869;48468;30154;10090;10026;90558;90626;42023;44786;6261;6260;6259;90304;6139;46483;6725;1901360;34641;6807;34645;9059;1901576;9058;44249;44711;44710;16049;40007	225	851	1881.5	3538	672.5	2710	1789.5	641	1042.5	103.5	544	1658	1352	9097	6748	2476	7137.5	8179	9097.5	8661.5	12.5	8970.5	9121.5	2850	82191.5	4.109.575
ORTHO000832	actin depolymerizing factor 11	AT1G01750;AT4G00680;AT4G25590;AT5G52360	15629;5856;43232;43228;43226;5575;43229;44424;44464;5623;5622;5634;43231;43227;3779;8092;5515;5488;3674;30042;51261;43624;43241;32984;43933;16043;71840;8150;9987;22411;44763;44699;71822;8154;7015;30036;30029;7010;6996;1902589;5737;5884;44430;44446;44422;43234;32991;48046;5576	226	1162	1388	2550	944.5	436.5	7298.5	8743	4551	1346	2992.5	790	8898	4890.5	319.5	1239.5	5685	7659.5	8200	1811	2123	7470	969	1009	76431.5	3.821.575
ORTHO002040	Glutaredoxin family protein	AT3G28850;AT5G39865	15035;15036;16667;16491;3824;3674;8152;8150;55114;44710;44699;5634;43231;43227;43226;5575;43229;44424;44464;5623;5622;5886;16020;71944;45454;19725;42592;65008;65007;44763;9987;50794;50789;9055	227	683	621	1015	672.5	7749.5	776.5	446.5	3245.5	2880	241.5	1658	1352	6764.5	8572	267	3367.5	8887.5	2410	1229.5	2621	5789.5	3504.5	885.5	62648	3132.4
ORTHO001174_1	C-terminal domain phosphatase-like 1	AT4G21670	46872;43169;43167;5488;3674;9651;6970;9628;50896;8150;6950;9738;9755;7165;50794;50789;65007;51716;9987;7154;44763;44699;44700;23052;32870;9725;9719;10033;42221;71495;71310;70887;71215;9737;33993;97305;1901700;1101;71396;97306;1901701;71229;3725;3723;3676;1901363;97159;4647;16791;42578;16788;16787;3824;8152;16311;6796;6793;44237;4721;6470;6464;36211;19538;43170;71704;44238;43412;44267;44260;9611;45892;1903507;1903506;2001141;31326;9889;19222;31323;51252;19219;80090;51171;60255;10556;1902679;51253;10605;9892;48519;45934;51172;31324;48523;31327;9890;10558;10629;10468;6355;2000112;2000113;5634;43231;43227;43226;5575;43229;44424;44464;5623;5622;6351;34645;9059;1901576;9058;44249;97659;32774;16070;90304;6139;46483;6725;1901360;34641;6807;34654;19438;44271;18130;1901362;10467;5515;7275;44767;32502;44707;32501	228	351	310.5	393	672.5	2557.5	398	2000	2202	582	2992.5	517.5	1352	5077	693	136	8801.5	7617	1210.5	399	1211.5	8354	1767.5	2136	50004.5	2.500.225
ORTHO001615	ARMADILLO BTB protein 1	AT5G13060;AT5G19330	16567;32446;70647;6464;36211;19538;43170;71704;8152;8150;44238;43412;44267;44260;44237;9987;42127;50794;50789;65007;5634;43231;43227;43226;5575;43229;44424;44464;5623;5622;5515;5488;3674;31261;44451;44428;44446;44422;5654;31981;70013;43233;31974;32993;32991;6261;6260;6259;90304;6139;46483;6725;1901360;34641;6807;34645;9059;1901576;9058;44249;8285;48523;48519;2000104;8156;51053;10605;9892;19222;60255;45934;19219;80090;51171;31323;51172;31324;51052;6275;2000112;31326;9889;10556;2000113;31327;9890;10558;90329;9507;9536;44444;5737;5886;16020;71944;9651;6970;9628;50896;6950;9737;9725;9719;10033;42221;33993;97305;1901700;1101;10187;48581;48580;2000026;50793;51239;51241;51093;10029;1900140	229	616	977	1725	672.5	3768.5	210	9084	3439	5094	134	337.5	1352	9123	6728	2476	8915	8920.5	2386	1320	3154	611	700.5	2439.5	70192.5	3.509.625
ORTHO002981	MOS4-associated  complex 3A	AT1G04510;AT2G33340	5730;44428;44446;44422;5575;43226;44424;44464;5623;5622;43229;5634;43231;43227;43232;43228;31981;70013;43233;31974;6281;6259;44260;43170;71704;8152;8150;44237;9987;90304;6139;46483;6725;1901360;34641;6807;44238;6974;33554;51716;50896;6950;44763;44699;44710;46686;10038;10035;42221;42742;9617;51707;43207;9605;9607;51704;98542;6952;16874;3824;3674;80008;31461;151;1990234;1902494;43234;32991;45087;6955;2376;166;36094;5488;1901265;1901363;97159;9507;9536;44444;5737;5618;30312;71944	230	354	449.5	669	672.5	2908.5	312	864	105.5	821	354.5	5600.5	8817.5	7213.5	9022.5	1073.5	7873	6737.5	348	96	1475.5	1110.5	859	1263	56855.5	2.842.775
ORTHO001583	Cystathionine beta-synthase (CBS) family protein	AT4G27460;AT5G53750	5576;5575;8150;30554;17076;166;36094;5488;3674;1901265;1901363;97159;9611;6950;50896	231	536	443.5	656	672.5	2295.5	274.5	428.5	702.5	369.5	147	587.5	8380	4746.5	6520.5	136	294.5	6388.5	3904.5	813	8019	5132.5	5081	2382	56603	2830.15
ORTHO003896	unknown protein	AT3G57990	3674;8150	232	685	1743	3254	672.5	640.5	687.5	414	9052	52.5	982	3983	1352	4798	358	1429.5	7557.5	8592	9102	160.5	9150.5	9115	9163	4016	80605.5	4.030.275
ORTHO001658	myo-inositol-1-phosphate synthase 2	AT2G22240;AT4G39800;AT5G10170	6021;46173;46165;1901617;1901615;71704;8152;8150;1901576;9058;44283;44281;44710;44699;44711;6066;19751;34637;44262;5975;44238;44237;9987;16051;44723;44763;44249;6020;51607;2252;2376;9615;51707;43207;9605;50896;9607;51704;98542;6952;6950;10264;33517;43647;19637;6793;6796;32958;90407;8654;6644;44255;6629;8610;9408;9266;9628;50832;9620;9644;9642;9416;9314;5515;5488;3674;16036;9267;31669;31667;9991;31668;51716;71496;7154;42594;33554;5737;44424;44464;5575;5623;5622;4512;16872;16853;3824;9793;44702;22414;3006;32502;9790;44767;48856;7275;44707;32501;48316;48608;61458;48731;9791;10154;42742;9617;42542;302;6979;1901700;42221;10035;9733;9725;9719;10033;6659;6658;1901605;6520;1901564;6807;19752;43436;6082;6650;46486;6575;52646;1901135;46474;45017;42398;1901566;1901137;5634;43231;43227;43226;43229	233	117	522.5	812	43	2239.5	89	188	3425	103.5	454	2230.5	1352	5023	400.5	508.5	7258	8880	5400	2782	1239.5	8091	9022.5	831.5	59518	2975.9
ORTHO001975	Protein of unknown function (DUF581)	AT1G22160;AT1G78020	5739;43231;43227;43226;5575;43229;44424;44464;5623;5622;44444;5737;8150;3674;5634	234	1040	983.5	1733	4356	2672	512	159	4209	6645	4305	444.5	1352	6601.5	8276	2476	8250.5	6590	3857.5	326.5	6431	3955.5	969	2229	70261	3513.05
ORTHO002076	Phosphofructokinase family protein	AT1G12000;AT4G04040	15979;44237;8152;8150;9987;6096;6090;32787;19752;43436;6082;71704;44281;44710;44699;44763;44724;44712;9056;44723;5975;44238;16052;1901575;6757;6091;46031;9150;6163;72521;46483;6725;1901360;34641;6807;1901564;9117;6753;19637;6793;55086;6139;6796;9259;19693;1901135;9179;9185;9132;9135;9167;9161;9123;9126;46128;9119;9116;1901657;42278;46034;9205;9144;9141;9199;6165;46939;16310;46496;19362;6733;6732;51186;72524;47334;8443;16773;16772;16740;3824;3674;19200;16301;46835;44262;5829;44444;44424;44464;5575;5623;5622;5737;3872;61615;46872;43169;43167;5488;5524;35639;1901265;1901363;97159;43168;32559;30554;17076;166;36094;32555;32553;97367;32550;32549;1882;1883;5618;30312;71944;16020;6002;9735;9725;9719;50896;10033;42221;10318;43234;32991;10316;46686;10038;10035;9793;44702;22414;3006;32502;9790;44767;48856;7275;44707;32501;48316;48608;61458;48731;9791;10154	235	339	395	555	248.5	8571.5	1393	3457	63	502	260	87	1352	6764.5	1462	797.5	9015	9071	2442.5	3208	1140	980	1705	1672.5	53943.5	2.697.175
ORTHO002595	P-loop containing nucleoside triphosphate hydrolases superfamily protein	AT4G27680;AT5G53540	5524;35639;1901265;1901363;5488;3674;97159;43168;43167;32559;30554;17076;166;36094;32555;32553;97367;32550;32549;1882;1883;16787;3824;8152;8150;16887;17111;16462;16818;16817;5886;16020;5575;44464;5623;71944;502;43234;32991;44424;5622	236	330	340.5	445	672.5	2557.5	1519.5	251.5	7325.5	14.5	319	1070.5	7743	4694.5	6378.5	508.5	2999	6029.5	778.5	3899.5	479.5	868	3010.5	741	51188	2559.4
ORTHO001704	ARM repeat superfamily protein	AT1G24330;AT1G27910;AT1G67530	5634;43231;43227;43226;5575;43229;44424;44464;5623;5622;16567;32446;70647;6464;36211;19538;43170;71704;8152;8150;44238;43412;44267;44260;44237;9987;4842;19787;16740;3824;3674;16874;9507;9536;44444;5737;70696;33612;5102;5515;5488	237	386	285	333	672.5	3726.5	512	397	597.5	969	744	2038	1352	6971	8838	2476	7860.5	6590	658	483.5	1744	980	678.5	988.5	48604	2430.2
ORTHO000694_3	appr-1-p processing enzyme family protein	AT1G69340	3674;8150;5634;43231;43227;43226;5575;43229;44424;44464;5623;5622	238	200	1912	3586	248.5	5090	1744	676	985	334.5	1414	4239	6731.5	5059.5	438.5	136	1581	8063	8873	8125.5	8888	7992	8976.5	3055	82402	4120.1
ORTHO003864	transcript elongation factor IIS	AT2G38560	6414;34645;44260;43170;71704;8152;8150;44237;9987;9059;1901576;9058;44249;6412;43043;43604;43603;34641;6807;44271;6518;1901564;1901566;44267;19538;44238;10467;6354;32774;16070;90304;6139;46483;6725;1901360;34654;19438;18130;1901362;6351;97659;5634;43231;43227;43226;5575;43229;44424;44464;5623;5622;9739;9725;9719;50896;10033;42221;33993;1101;1901700;3746;8135;3723;3676;1901363;5488;3674;97159;6355;1903506;2001141;31326;9889;19222;50789;65007;31323;50794;51252;19219;80090;51171;60255;10556;10468;2000112;3700;1071;3677;8270;46914;46872;43169;43167;34243;32784;6357;10162;44767;32502;44699;44702;22414;48609;32504;3;32501;3006;44707;22611;10431;21700;48316;48608;48856;61458;48731;7275;9791;10154;9910;48581;48580;2000026;50793;51239;51241;48519;51093;2000242;2000241;9909;48831;9845;90351	239	203	392	545	248.5	390.5	1093.5	251.5	3152	502	5108.5	818.5	8950	8511.5	8638.5	1073.5	1596	8744.5	1849	1835.5	280	348.5	214.5	308	53666	2683.3
ORTHO003355	Tudor/PWWP/MBT domain-containing protein	AT2G48160;AT3G63070	5634;43231;43227;43226;5575;43229;44424;44464;5623;5622;6355;1903506;2001141;31326;9889;19222;50789;65007;8150;31323;50794;51252;19219;80090;51171;60255;10556;10468;2000112;6351;34645;44260;43170;71704;8152;44237;9987;9059;1901576;9058;44249;97659;32774;16070;90304;6139;46483;6725;1901360;34641;6807;44238;34654;19438;44271;18130;1901362;10467;6397;16071;6396;3674	240	747	2278.25	4316.5	365.5	8358.5	2080	805.5	1133	879.5	5596.5	8724.5	1352	6971	8893	1073.5	3589	6784	1325	5002	8350.5	7301.5	7156	1090.5	86465.5	4.323.275
ORTHO004121	basic helix-loop-helix (bHLH) DNA-binding superfamily protein	AT3G06590;AT3G17100	5634;43231;43227;43226;5575;43229;44424;44464;5623;5622;5515;5488;3674;3700;1071;2001141;31326;9889;19222;50789;65007;8150;31323;50794;51252;19219;80090;51171;60255;10556;6355;1903506;10468;2000112;3677;3676;1901363;97159;46983;6351;34645;44260;43170;71704;8152;44237;9987;9059;1901576;9058;44249;97659;32774;16070;90304;6139;46483;6725;1901360;34641;6807;44238;34654;19438;44271;18130;1901362;10467	241	761	1980	3719	365.5	2557.5	1595.5	3534.5	9149	698.5	397.5	3835.5	9150.5	4881.5	473.5	1429.5	7177	8929.5	2410	2230.5	3478.5	9018.5	9121.5	3037	83105.5	4.155.275
ORTHO005872	Developmental regulator; ULTRAPETALA	AT4G28190	6355;1903506;2001141;31326;9889;19222;50789;65007;8150;31323;50794;51252;19219;80090;51171;60255;10556;10468;2000112;10582;44702;22414;44699;3006;32502;10022;44767;44707;32501;10073;48507;9888;48856;48513;48731;7275;9908;90567;48608;61458;9791;48367;6351;34645;44260;43170;71704;8152;44237;9987;9059;1901576;9058;44249;97659;32774;16070;90304;6139;46483;6725;1901360;34641;6807;44238;34654;19438;44271;18130;1901362;10467;5634;43231;43227;43226;5575;43229;44424;44464;5623;5622;5737;3677;3676;1901363;5488;3674;97159;10081;10075;48509;2000026;50793;51239;48638;40008;48580;48831;2000241;10080;9909;5829;44444	242	162	267.5	293	43	2877	162.5	602	800	720	241.5	841.5	1352	8541.5	9022.5	267	4135	6854.5	436.5	1016.5	215	2213.5	6467.5	409.5	47175.5	2.358.775
ORTHO002860	TPX2 (targeting protein for Xklp2) protein family	AT3G01015;AT5G15510	7067;280;48285;6996;16043;71840;8150;9987;1903047;22402;44763;44699;7049;278;1902589;32147;45860;45859;43549;42325;19220;51174;31323;50794;50789;65007;19222;51338;50790;65009;1932;31399;32268;51246;80090;60255;1934;42327;45937;10562;31325;9893;48518;48522;31401;32270;51247;10604;33674;51347;43085;44093;5819;44430;44446;44422;5575;43226;44424;44464;5623;5622;43229;5856;43232;43228;15630;60236;90224;70507;51493;33043;51128;32886;10564;51726;7346;5634;43231;43227;5874;43234;32991;3674	243	241	1128.5	2014	248.5	6085.5	398	1547.5	1625	5716	982	2343.5	4239.5	8897	6687	797.5	1507	7219.5	967.5	326.5	8153	5924	7729.5	1506	72651.5	3.632.575
ORTHO003385	vacuolar ATP synthase subunit A	AT1G78900	9506;5911;30054;5575;55044;9651;6970;9628;50896;8150;6950;5886;16020;44464;5623;71944;9941;9526;31967;31975;44446;44422;43226;44424;5622;43229;43227;44435;44444;5737;9536;43231;44434;9507;5524;35639;1901265;1901363;5488;3674;97159;43168;43167;32559;30554;17076;166;36094;32555;32553;97367;32550;32549;1882;1883;46034;9150;6163;72521;46483;44237;8152;9987;6725;1901360;71704;34641;6807;1901564;9117;6753;19637;6793;55086;6139;44238;44281;44710;44699;44763;6796;9259;19693;1901135;9167;9161;9123;9126;9205;9144;9141;9199;46128;9119;9116;1901657;42278;1902600;15992;15672;6812;6811;44765;6810;51234;51179;1902578;6818;98662;98660;34220;55085;98655;5774;44437;5773;98588;31090;98805;325;15991;15988;46933;15078;15077;22890;8324;15075;22891;22857;5215;22892;44769;42625;42626;43492;42623;16887;17111;16462;16818;16817;16787;3824;15405;15399;22804;16820;19829;46961;36442;2020;19899;5515;5618;30312;33180;33178;98796;43234;32991;44425;16469;33176;9555;48229;7275;44767;32502;44707;32501;48856;5739;5794;12505;48046;5576;7030;6996;16043;71840;10256	244	124	495.5	747	672.5	4620	345	864	1198	163.5	1414	3422.5	1352	5077	473.5	136	7137.5	8035	4715	326.5	1344	7937	8930	678.5	58169	2908.45
ORTHO001888	S-adenosyl-l-homocysteine (SAH) hydrolase 2	AT3G23810;AT4G13940	16020;5575;5829;44444;44424;44464;5623;5622;5737;5773;43231;43227;43226;43229;6730;44281;44710;8152;8150;44699;44763;9987;44237;4013;16802;16801;16787;3824;3674;5886;71944;5774;44437;44446;44422;98588;31090;98805;16441;10608;10468;60255;19222;50789;65007;40029;16458;10629;10605;9892;48519;5507;46914;46872;43169;43167;5488;6346;6342;45814;45892;1903507;1903506;2001141;31326;9889;31323;50794;51252;19219;80090;51171;10556;1902679;51253;45934;51172;31324;48523;31327;9890;10558;6355;2000112;2000113;16569;16568;6325;43933;16043;71840;51276;6996;1902589;9793;44702;22414;3006;32502;9790;44767;48856;7275;44707;32501;48316;48608;61458;48731;9791;10154;9506;5911;30054;55044;48046;5576	245	113	831.5	1418	672.5	726.5	64.5	488	3554	52.5	5873	4805.5	1352	8954	6639	267	8163	8979	5301	2253	2672	5213.5	1705	504	67566.5	3.378.325
ORTHO001642	related to AP2 12	AT1G53910;AT3G14230	6351;34645;44260;43170;71704;8152;8150;44237;9987;9059;1901576;9058;44249;97659;32774;16070;90304;6139;46483;6725;1901360;34641;6807;44238;34654;19438;44271;18130;1901362;10467;6355;1903506;2001141;31326;9889;19222;50789;65007;31323;50794;51252;19219;80090;51171;60255;10556;10468;2000112;1666;36293;70482;9628;50896;6950;70483;3032;9593;51606;42221;5634;43231;43227;43226;5575;43229;44424;44464;5623;5622;3700;1071;3674;3677;3676;1901363;5488;97159;9873;160;35556;7165;51716;7154;44763;44699;44700;23052;9755;32870;9725;9719;10033;71495;71310;70887;71369;9723;5515;5886;16020;71944	246	1105	830	1414	1066.5	2877	605.5	1114.5	3632	4350.5	4833	7565	8605	5279.5	1040.5	1429.5	276	6085	1693	2124.5	8967.5	1735	1661.5	3635.5	67510	3375.5
ORTHO005282	Dof-type zinc finger DNA-binding family protein	AT4G24060	46872;43169;43167;5488;3674;6351;34645;44260;43170;71704;8152;8150;44237;9987;9059;1901576;9058;44249;97659;32774;16070;90304;6139;46483;6725;1901360;34641;6807;44238;34654;19438;44271;18130;1901362;10467;5634;43231;43227;43226;5575;43229;44424;44464;5623;5622;3677;3676;1901363;97159;3700;1071;2001141;31326;9889;19222;50789;65007;31323;50794;51252;19219;80090;51171;60255;10556;6355;1903506;10468;2000112	247	1111	551.5	856	1584.5	551	142	397	3392	8319	4655	1576.5	1352	8316	8968.5	2476	2930.5	8251	2997	860	2264.5	268	89	2382	60187	3009.35
ORTHO001141	Tetratricopeptide repeat (TPR)-like superfamily protein	AT1G78120;AT5G10090;AT5G65160	5739;43231;43227;43226;5575;43229;44424;44464;5623;5622;44444;5737;5634;8150	248	323	446	644	672.5	476	64.5	428.5	4365	2945.5	4338	5667	1352	5868.5	4233.5	797.5	261	8309.5	1589	1869	1063.5	6612.5	1866	4174.5	56281	2814.05
ORTHO001151	tubby like protein 6	AT1G47270;AT2G18280	9555;48229;7275;44767;32502;8150;44699;44707;32501;48856;35091;5543;8289;5488;3674;43168;43167;6355;1903506;2001141;31326;9889;19222;50789;65007;31323;50794;51252;19219;80090;51171;60255;10556;10468;2000112;8081;42578;16788;16787;3824;8152;5634;43231;43227;43226;5575;43229;44424;44464;5623;5622;3700;1071;9536;44444;5737;5829;9620;51707;43207;9605;50896;9607;51704;5886;16020;71944	249	1115	1662.5	3076	1066.5	3557.5	9120	4345	3215.5	3457	9148	1389.5	8977	5318	1109.5	1606	8038.5	7597	1031	2289	957	636	728.5	7075	79595	3979.75
ORTHO001086_1	phospholipid:diacylglycerol acyltransferase	AT5G13640	16021;31224;44425;5575;16020;8374;16747;16746;16740;3824;3674;8152;8150;46027;8080;16410;16407;19432;46463;46460;6638;44255;6629;71704;44710;44699;44238;44763;9987;44237;8610;1901576;9058;44711;44249;6639;46486;45017;6641;6071;19400;44723;5975;44262;19751;6066;1901615;44281;5783;43231;43227;43226;43229;44424;44464;5623;5622;44444;5737;12505;5773;4607;5634	250	924	786.5	1323	4356	3726.5	605.5	279.5	267.5	3547	5267	907	8754.5	6971	8838	2476	1660	8438.5	1513	2455	1514.5	5132.5	1157	2940	66450	3322.5
ORTHO002088	Protein of unknown function (DUF579)	AT3G50220;AT5G67210	16021;31224;44425;5575;16020;45492;45491;10410;10383;5976;5975;71704;8152;8150;44238;43170;44036;44260;44237;9987;71554;70592;33692;271;16051;44723;44710;44699;1901576;9058;44711;9059;34637;44262;44763;44249;44264;34645;44038;70589;44085;71840;42546;139;98588;31090;44422;43226;43227;44431;44444;44424;44464;5623;5622;5737;44446;43229;5794;43231;12505;9834;9832;71669;3674	251	929	891	1531	365.5	2776	776.5	3421	3215.5	2591.5	195.5	4239	1352	8897	6687	797.5	157	9039	9077	2665	1299.5	7972	1866	1454.5	68478.5	3.423.925
ORTHO004478	ARM repeat superfamily protein	AT5G01830	16567;32446;70647;6464;36211;19538;43170;71704;8152;8150;44238;43412;44267;44260;44237;9987;16874;3824;3674;4842;19787;16740;10200;10243;9719;50896;10033;42221;1901698;1901700	252	345	224	196	672.5	361.5	234.5	602	800	1189	241.5	653	8094	4727.5	6444.5	508.5	3026	6183.5	451.5	60.5	4946	889.5	3133.5	807	43353.5	2.167.675
ORTHO000623	Core-2/I-branching beta-1;6-N-acetylglucosaminyltransferase family protein	AT2G19160;AT4G25870;AT4G30060;AT4G31350;AT5G57270	16020;5575;16757;16740;3824;3674;8152;8150;8375;8194;16758;5739;43231;43227;43226;43229;44424;44464;5623;5622;44444;5737	253	888	4250	8247	4356	4794.5	3758	2000	8509.5	334.5	1623	4670	9077	4995.5	693	6075	6825	8107	8712	7747	8967.5	8894	9065.5	6883	111731	5586.55
ORTHO001523	Protein of unknown function (DUF3741)	AT2G20240;AT4G28760	3674;8150;5634;43231;43227;43226;5575;43229;44424;44464;5623;5622	254	440	596	938	248.5	8412.5	6168	251.5	1994.5	2908	2992.5	6374.5	8993.5	5917.5	4705.5	797.5	210.5	2199.5	552.5	549.5	1091.5	4067	2079	1188	61453	3072.65
ORTHO002077	binding	AT3G06670	5737;44424;44464;5575;5623;5622;8150	255	752	1188	2121	672.5	3917	924	3549.5	2849.5	450.5	5293	2392.5	1352	4861	438.5	508.5	630	9140	3283.5	3165	9158.5	9043	9137	3289.5	73382.5	3.669.125
ORTHO002678	homeobox protein 2	AT4G16780;AT5G47370	3700;1071;3674;2001141;31326;9889;19222;50789;65007;8150;31323;50794;51252;19219;80090;51171;60255;10556;6355;1903506;10468;2000112;42803;42802;5515;5488;46983;48364;44767;32502;44699;48513;48856;48731;7275;44707;32501;22622;9826;902;32989;16043;71840;9987;9653;48869;44763;60560;48589;40007;16049;5634;43231;43227;43226;5575;43229;44424;44464;5623;5622;9585;7602;9583;9416;9314;9628;50896;9582;51606;9581;9605;7165;51716;7154;44700;23052;10017;71489;9639;71482;71478;71214;10218;43565;3677;3676;1901363;97159;9641;6351;34645;44260;43170;71704;8152;44237;9059;1901576;9058;44249;97659;32774;16070;90304;6139;46483;6725;1901360;34641;6807;44238;34654;19438;44271;18130;1901362;10467;8283;9735;9725;9719;10033;42221;10016;48367;9733;45892;1903507;1902679;51253;10605;9892;48519;45934;51172;31324;48523;31327;9890;10558;10629;2000113;9734;9755;32870;71495;71310;70887;71365	256	947	630	1004	672.5	26	5997.5	1347	317.5	1282.5	621.5	2343.5	1352	6125.5	6590.5	1175.5	1952.5	7697.5	8720.5	696	3093.5	9169.5	3945	38	62491.5	3.124.575
ORTHO000764_1	polyamine oxidase 2	AT2G43020;AT3G59050	5777;42579;43231;43227;43226;5575;43229;44424;44464;5623;5622;44444;5737;8131;16641;16638;16491;3824;3674;8152;8150;55114;44710;44699;46592;16647;16645;6598;42402;9310;9308;1901564;71704;6807;1901565;1901575;9056;6576;44106;34641;44237;9987;6595;46208;8215;97164;5634;52901;52904;52903;52902	257	402	719	1181	672.5	3801	512	1547.5	522.5	3934	1144	5839	2715	6227.5	6520.5	797.5	8662	7507.5	926	346	1384.5	8970.5	2513.5	885.5	64756	3237.8
ORTHO003320	early nodulin-like protein 14	AT2G25060;AT4G31840	50896;8150;31225;31224;44425;5575;16020;5507;46914;46872;43169;43167;5488;3674;5886;44464;5623;71944;5576;46658;31226;44459;9055;9506;5911;30054;55044	258	753	1176	2094	672.5	4254	1672.5	1013.5	1430.5	4127	744	2230.5	1352	6764.5	8593.5	797.5	3322.5	6590	5128	4778	7386	6512.5	5586.5	913	73196	3659.8
ORTHO001181	Ribosomal protein L14	AT2G20450;AT4G27090	5737;44424;44464;5575;5623;5622;5773;43231;43227;43226;43229;44444;5783;12505;6412;43043;43604;43603;34641;6807;8152;8150;44237;9987;44271;44249;9058;6518;1901564;71704;1901566;1901576;44267;19538;43170;44238;44260;34645;9059;10467;9506;5911;30054;55044;22625;15934;44391;30529;32991;44446;44422;5840;43232;43228;44445;5829;22626;44822;3723;3676;1901363;5488;3674;97159;42273;22613;44085;71840;42254;3735;5198;5774;44437;98588;31090;16020;98805;5730;44428;5634;31981;70013;43233;31974;9507;9536	259	230	234.5	210	57	361.5	1560	229	702.5	238.5	1312.5	1779	1352	8316	9160	56	1396.5	6919	96	3638.5	1239.5	4169	1094.5	183	43803	2190.15
ORTHO000852	Ribosomal protein L11 family protein	AT2G37190;AT3G53430;AT5G60670	22626;44445;44444;44424;44464;5575;5623;5622;5737;5829;5840;30529;32991;43232;43228;43226;43229;9506;5911;30054;55044;5730;44428;44446;44422;5634;43231;43227;31981;70013;43233;31974;44822;3723;3676;1901363;5488;3674;97159;22625;15934;44391;6412;43043;43604;43603;34641;6807;8152;8150;44237;9987;44271;44249;9058;6518;1901564;71704;1901566;1901576;44267;19538;43170;44238;44260;34645;9059;10467;5773;19843;3735;5198;27;22618;71826;43933;16043;71840;34622;65003;22607;44085;22613;42255;70925;6996;42254;42273;8270;46914;46872;43169;43167;9409;9266;9628;50896;6950;9507;9536;5515;16020	260	1125	374	488	1436	2953.5	1294.5	1013.5	2338	1256.5	2216.5	5409	4094	8993	5907.5	1175.5	8726	1386	505.5	366.5	3529.5	521.5	124	450.5	52261	2613.05
ORTHO002910	BEL1-like homeodomain 4	AT2G23760;AT4G36870	6355;1903506;2001141;31326;9889;19222;50789;65007;8150;31323;50794;51252;19219;80090;51171;60255;10556;10468;2000112;6351;34645;44260;43170;71704;8152;44237;9987;9059;1901576;9058;44249;97659;32774;16070;90304;6139;46483;6725;1901360;34641;6807;44238;34654;19438;44271;18130;1901362;10467;5634;43231;43227;43226;5575;43229;44424;44464;5623;5622;3677;3676;1901363;5488;3674;97159;3700;1071;9965;9887;44767;32502;44699;9653;48856;48513;48731;7275;44707;32501;48366;48827;48367;10016	261	135	1131.5	2002	112	407.5	6107	251.5	224.5	1926.5	291	7392	4109	8781.5	6497	267	7240	8570.5	1942.5	3184	2722.5	9102	3426.5	132	72574.5	3.628.725
ORTHO000276_1	cation exchanger 1	AT2G38170;AT3G51860;AT5G01490	5774;44437;44444;44424;44464;5575;5623;5622;5737;44446;44422;43226;43229;5773;43231;43227;98588;31090;16020;98805;5515;5488;3674;9631;9409;9266;9628;50896;8150;6950;9705;325;6816;70838;72511;6812;6811;44765;6810;51234;51179;1902578;44699;30001;9507;9536;15369;15368;15085;72509;22890;8324;15075;22891;22857;5215;55085;44763;9987;22892;34220;98655;46873;70588;98662;98660;15491;15298;15297;15291;22804;51139;15299;15078;15077;15672;1902600;15992;6818;9651;6970;16021;31224;44425;30026;46916;6875;55065;98771;50801;48878;42592;65008;65007;55080;30003;6873;55082;19725;55076;55071;55062;72506;55081;55083;72505;6882;55069;72507;72503;51592;10038;10035;42221;6874;55074;6814;9624;51707;43207;9605;9607;51704;6793;44237;8152;10351;9733;9725;9719;10033;48364;44767;32502;48513;48856;48731;7275;44707;32501;22622	262	397	1134	2006	248.5	663	687.5	488	2069	82.5	1312.5	4239	9167	4816.5	417.5	136	2506.5	8128	8962.5	483.5	9128	8989.5	2239	8092	72607.5	3.630.375
ORTHO000769	Calcium-dependent lipid-binding (CaLB domain) family protein	AT1G48590;AT1G73580;AT3G17980;AT5G37740	9789;9967;9966;10646;50794;50789;65007;8150;48583;23051;10647;48522;48518;48584;23056;1901421;1901419;9787;46872;43169;43167;5488;3674;9738;9755;7165;51716;9987;50896;7154;44763;44699;44700;23052;32870;9725;9719;10033;42221;71495;71310;70887;71215;9737;33993;97305;1901700;1101;71396;97306;1901701;71229;5634;43231;43227;43226;5575;43229;44424;44464;5623;5622;5886;16020;71944;9507;9536;44444;5737;5515;5543;8289;43168;1902479;1900426;31349;31347;80134;43902;43900;2833;2831;32103;32101;1900424;45089;45088;50776;2682;50778;2684;1902477;1901002;1901000;47484;6952;6950;5829;9651;6970;9628	263	505	257	251	407	801	1393	1823.5	3504.5	879.5	5280	3950.5	1352	5785.5	988	1144	1746.5	8828	1911	1992	2573	696.5	143	691.5	45483	2274.15
ORTHO003339	Eukaryotic translation initiation factor 2 subunit 1	AT2G40290;AT5G05470	5829;44444;44424;44464;5575;5623;5622;5737;3723;3676;1901363;5488;3674;97159;9507;9536;43231;43227;43226;43229;5634;6412;43043;43604;43603;34641;6807;8152;8150;44237;9987;44271;44249;9058;6518;1901564;71704;1901566;1901576;44267;19538;43170;44238;44260;34645;9059;10467;3743;8135;6413	264	603	1188	2112	407	4581	360	1322	4953	720	2216.5	2803.5	9031.5	9031	6545	1307	1000	7219.5	7987	178	1352	7725	4564	409.5	73305.5	3.665.275
ORTHO001907	basic helix-loop-helix (bHLH) DNA-binding superfamily protein	AT1G12860;AT3G26744	6355;1903506;2001141;31326;9889;19222;50789;65007;8150;31323;50794;51252;19219;80090;51171;60255;10556;10468;2000112;3677;3676;1901363;5488;3674;97159;46983;5515;16597;31406;43177;36094;43168;43167;10444;90627;30154;48869;44767;32502;44699;44763;9987;10440;10374;9791;44707;32501;7275;90558;9888;48856;50826;9409;9266;9628;50896;6950;3700;1071;6351;34645;44260;43170;71704;8152;44237;9059;1901576;9058;44249;97659;32774;16070;90304;6139;46483;6725;1901360;34641;6807;44238;34654;19438;44271;18130;1901362;10467;5634;43231;43227;43226;5575;43229;44424;44464;5623;5622;16567;32446;70647;6464;36211;19538;43412;44267;45893;10628;10604;9893;48518;1903508;1902680;51254;45935;31325;48522;51173;31328;9891;10557	265	620	835	1405	3586.5	3726.5	512	1322	8596	607.5	669	1954	8754.5	6764.5	8838	976.5	8342	6590	629.5	41	653	4525.5	1035	2850	67386.5	3.369.325
ORTHO002790	Glycosyl hydrolase superfamily protein	AT2G20680;AT4G28320	4553;16798;16787;3824;3674;8152;8150;5576;5575;46355;10412;44264;5976;5975;71704;44238;43170;44260;44237;9987;44262;44036;71554;16998;44248;9056;44247;272;16052;1901575;9057;44275;16985;4567;15923;9845;44707;32501;44699;90351;9791;44767;32502;7275	266	222	815.5	1365	248.5	7207	333.5	1013.5	393.5	52.5	5471.5	1323.5	8966.5	8418.5	8726.5	267	3367.5	6737.5	692	29.5	7166	1525	4037.5	1156	66884.5	3.344.225
ORTHO001727	unknown protein	AT5G20610;AT5G26160	3674;5634;43231;43227;43226;5575;43229;44424;44464;5623;5622;8150	267	572	1063	1859	672.5	615.5	3224.5	488	344	52.5	1623	307.5	1352	4816.5	409	1429.5	630	8438.5	9008	8930.5	3195.5	9083.5	9137	8420	71505	3575.25
ORTHO002585	O-fucosyltransferase family protein	AT1G51630;AT3G21190	5794;43231;43227;43226;5575;43229;44424;44464;5623;5622;44444;5737;12505;5768;9505;5618;30312;71944;8150;16757;16740;3824;3674;8152;5802;98791;44431;44446;44422;31984	268	237	279.5	291	248.5	3511	376.5	357.5	597.5	52.5	804.5	164.5	1352	9077	6937	1073.5	202	4507	778.5	326.5	8468.5	5308.5	1681.5	1506	47082	2354.1
ORTHO003029	B-box zinc finger family protein	AT1G06040;AT2G31380	5622;44464;5575;5623;3700;1071;3674;2001141;31326;9889;19222;50789;65007;8150;31323;50794;51252;19219;80090;51171;60255;10556;6355;1903506;10468;2000112;5515;5488;3677;3676;1901363;97159;80167;9628;50896;5634;43231;43227;43226;43229;44424;1902448;48584;48518;48583;1902446;2000030;3712;989;988;9651;6970;6950;9416;9314;90351;9791;44767;32502;44699;44707;32501;7275;8270;46914;46872;43169;43167;9640;9639;19904;6351;34645;44260;43170;71704;8152;44237;9987;9059;1901576;9058;44249;97659;32774;16070;90304;6139;46483;6725;1901360;34641;6807;44238;34654;19438;44271;18130;1901362;10467;10100;48581;48580;2000026;50793;51239;51241;48519;51093;48585;10099	269	1027	1968.5	3668	4356	3466.5	512	3318	3198	582	4628.5	3835.5	8754.5	6764.5	8838	2476	3471	8397.5	4388	2289	1416	7038.5	6538.5	2940	82852	4142.6
ORTHO002669	nuclear transport factor 2A	AT1G27310;AT1G27970	6606;17038;15031;45184;51234;51179;8150;8104;33036;71702;6810;44765;1902578;44699;6886;46907;51649;51641;34613;70727;34504;33365;1902580;1902593;1902582;51170;6913;16482;51169;72594;44744;6605;8536;17016;31267;51020;19899;5515;5488;3674;5737;44424;44464;5575;5623;5622;5634;43231;43227;43226;43229;5635;44428;44446;44422;31967;31975;12505;8565;22892;5215;5886;16020;71944;5829;44444	270	593	957	1644	672.5	125.5	6155.5	3405.5	435	555.5	4642.5	2803.5	1352	9077	6687	797.5	1907.5	9039	8593.5	2289	1185	7441	1802.5	1061.5	69355.5	3.467.775
ORTHO000257_2	Protein phosphatase 2C family protein	AT3G12620;AT3G55050	4722;4721;16791;42578;16788;16787;3824;3674;8152;8150;16311;6796;6793;44237;9987;6470;6464;36211;19538;43170;71704;44238;43412;44267;44260;46872;43169;43167;5488	271	1201	1806.75	3342.5	4356	8484	2414	4503	8359.5	642.5	1810	1854	4079.5	7850	8893	976.5	3344	6590	629.5	4586	1047	6576.5	5710.5	2699.5	81049	4052.45
ORTHO002180	BCL-2-associated athanogene 3	AT5G07220;AT5G52060	5634;43231;43227;43226;5575;43229;44424;44464;5623;5622;51087;5515;5488;3674;5739;44444;5737	272	1010	795	1318	672.5	7278	924	765	2202	238.5	1981	4670	1352	5684.5	1040.5	508.5	2384.5	7910.5	8863	727.5	9023	4525.5	1681.5	4586.5	66346	3317.3
ORTHO002778	unknown protein	AT1G10530;AT1G60010	3674;5634;43231;43227;43226;5575;43229;44424;44464;5623;5622	273	1309	642	1011	1066.5	934	6395	218	1916	4047	1414	5823	1352	9146.5	7304.5	1073.5	7721	800	70.5	1698.5	1012	8197.5	2059	1414.5	62596.5	3.129.825
ORTHO003140	Tudor/PWWP/MBT superfamily protein	AT3G03140	9506;5911;30054;5575;55044;3674;5634;43231;43227;43226;43229;44424;44464;5623;5622;8150	274	68	142	10	112	3141.5	162.5	535	522.5	52.5	1483.5	2086	1352	5077	302.5	136	2506.5	7.5	11	1632	12.5	9.5	9.5	8	19047.5	952.375
ORTHO003201	IQ-domain 5	AT3G22190	8150;5634;43231;43227;43226;5575;43229;44424;44464;5623;5622;5886;16020;71944;5516;5515;5488;3674	275	327	361	447	672.5	5155.5	32	535	2202	3547	4188.5	367.5	1352	8897	6687	267	2098.5	6183.5	926	794.5	2701	2328.5	1424	1546.5	51233	2561.65
ORTHO004630	unknown protein	AT3G03150;AT5G17165	8150;3674;5634;43231;43227;43226;5575;43229;44424;44464;5623;5622	276	296	1927	3578	248.5	7030	1393	1114.5	6379.5	1842.5	5440	5126	8754.5	6971	8726.5	976.5	7818.5	6657.5	335.5	5002	5988	1010.5	728.5	1061.5	82356	4117.8
ORTHO003068	RING/U-box superfamily protein	AT3G48070;AT5G62910	5634;43231;43227;43226;5575;43229;44424;44464;5623;5622;8270;46914;46872;43169;43167;5488;3674	277	838	1436.5	2596	365.5	7030	2032.5	1823.5	1625	3494	5610	9070	1352	5223.5	934	508.5	2452.5	7617	1189.5	6240	8738	8091	2079	1546.5	76656.5	3.832.825
ORTHO004829	DNA glycosylase superfamily protein	AT1G19480;AT1G75230	5634;43231;43227;43226;5575;43229;44424;44464;5623;5622;6284;6281;6259;44260;43170;71704;8152;8150;44237;9987;90304;6139;46483;6725;1901360;34641;6807;44238;6974;33554;51716;50896;6950;44763;44699;44710	278	1269	1625.5	2973	1066.5	2797	605.5	397	8940	1709.5	982	9006.5	1352	5733	1292	1830	130.5	8139	8782	565.5	9075	9177	8372.5	127.5	79013.5	3.950.675
ORTHO004433	WAPL (Wings apart-like protein regulation of heterochromatin) protein	AT1G11060;AT1G61030	212;7051;226;7010;6996;16043;71840;8150;9987;1902589;44763;44699;7017;22402;7049;71822;43933;1903046;51321;3;5739;43231;43227;43226;5575;43229;44424;44464;5623;5622;44444;5737;45132;98813;7059;7126;280;48285;10789;51177;70192;51276;7062;819;45144;7135;7127;3674;70;1903047;278;7067;9793;44702;22414;3006;32502;9790;44767;48856;7275;44707;32501;48316;48608;61458;48731;9791;10154;5634	279	655	1417.5	2556	248.5	8470.5	6309	602	8688.5	2670	397.5	907	8859	7343.5	9094.5	2476	2152.5	6946	629.5	366.5	1121	6813.5	1361	1243	76450.5	3.822.525
ORTHO001156	VQ motif-containing protein	AT1G28280;AT3G15300	43433;44092;65009;65007;8150;45892;1903507;1903506;2001141;31326;9889;19222;50789;31323;50794;51252;19219;80090;51171;60255;10556;1902679;51253;10605;9892;48519;45934;51172;31324;48523;31327;9890;10558;10629;10468;6355;2000112;2000113;51090;5634;43231;43227;43226;5575;43229;44424;44464;5623;5622;51245;31348;31347;80134;48583;48585;10185;5515;5488;3674	280	1217	979.5	1679	1066.5	2425	2627.5	7192	1133	763	5481.5	5780	7377.5	7954.5	8512	797.5	1189	6388.5	4756.5	3899.5	981	433	178	1858	69727	3486.35
ORTHO002996	Protein of unknown function (DUF789)	AT1G03610;AT4G03420	3674;5634;43231;43227;43226;5575;43229;44424;44464;5623;5622;8150	281	576	1192.5	2104	672.5	2877	822.5	1204.5	8616	2212.5	865	2553.5	8446	6542.5	8359	797.5	3215	6440	577.5	346	7052	6182.5	5263	885.5	73257.5	3.662.875
ORTHO001259	LOB domain-containing protein 1	AT1G07900;AT2G28500	5739;43231;43227;43226;5575;43229;44424;44464;5623;5622;44444;5737;8150;5634	282	635	576.5	871	672.5	1705	17.5	229	3324.5	8063.5	35.5	119.5	2764	6144.5	6444.5	2080.5	2162	9124	6785	1835.5	7166	636	500	1215.5	60352	3017.6
ORTHO000930	cycling DOF factor 3	AT3G47500;AT5G39660	46872;43169;43167;5488;3674;6351;34645;44260;43170;71704;8152;8150;44237;9987;9059;1901576;9058;44249;97659;32774;16070;90304;6139;46483;6725;1901360;34641;6807;44238;34654;19438;44271;18130;1901362;10467;5634;43231;43227;43226;5575;43229;44424;44464;5623;5622;5515;3700;1071;2001141;31326;9889;19222;50789;65007;31323;50794;51252;19219;80090;51171;60255;10556;6355;1903506;10468;2000112;3677;3676;1901363;97159;9908;90567;48608;3006;32502;22414;48856;61458;48731;7275;44767;44699;44707;32501;44702;9791;48367	283	1301	1761	3239	4356	1500	6560.5	1912	800	6459.5	982	2851	7743	7699.5	8726.5	797.5	2230.5	6590	6700.5	3933	5903.5	3955.5	910.5	4291.5	80546.5	4.027.325
ORTHO002696	Outer membrane OMP85 family protein	AT3G11070;AT5G05520	31307;31306;98573;31300;44422;5575;43226;31224;44425;16020;31090;43227;44455;44429;44444;44424;44464;5623;5622;5737;44446;43229;5739;43231;31966;5740;31967;31975;5741;31968;19867;98805;98588;32592;31301;16021;3674;5634;8150;9536	284	1161	822	1360	1066.5	7959	624.5	462	9055.5	789	1144	267.5	1352	5808	1677.5	797.5	8996	8035	9008	1343.5	2864	696.5	1263	4678.5	66821	3341.05
ORTHO002937	Homeodomain-like transcriptional regulator	AT5G58900	5634;43231;43227;43226;5575;43229;44424;44464;5623;5622;3677;3676;1901363;5488;3674;97159;3700;1071;2001141;31326;9889;19222;50789;65007;8150;31323;50794;51252;19219;80090;51171;60255;10556;6355;1903506;10468;2000112;3682;44877	285	1193	2938.5	5592	4356	2837	1881	1709	9035.5	1842.5	1981	5295.5	4192	5142.5	693	1429.5	901	7910.5	8900	6754	8828	8784	8919	5957	92992	4649.6
ORTHO001938	O-fucosyltransferase family protein	AT4G24530;AT5G65470	16757;16740;3824;3674;8152;8150;5794;43231;43227;43226;5575;43229;44424;44464;5623;5622;44444;5737;12505	286	322	180	74	248.5	2054	177	4373.5	123.5	334.5	180	485	1352	4746.5	6464.5	136	867	5944.5	216	13	493	961.5	3227	2229	34377.5	1.718.875
ORTHO002781	Alba DNA/RNA-binding protein	AT1G29250;AT2G34160	5634;43231;43227;43226;5575;43229;44424;44464;5623;5622;3676;1901363;5488;3674;97159;5829;44444;5737;8150;5886;16020;71944	287	1277	638	989	1066.5	7008.5	1410	488	800	136	319	5295.5	1352	4616	6520.5	1830	3092	6029.5	451.5	4100	7568	4780.5	4224.5	2166	62187.5	3.109.375
ORTHO000662_2	glutamate dehydrogenase 3	AT3G03910;AT5G18170	6520;1901564;71704;8152;8150;6807;19752;43436;6082;44281;44710;44699;44763;9987;44237;44238;51171;19222;50789;65007;4353;16639;16638;16491;3824;3674;55114;5739;43231;43227;43226;5575;43229;44424;44464;5623;5622;44444;5737;5524;35639;1901265;1901363;5488;97159;43168;43167;32559;30554;17076;166;36094;32555;32553;97367;32550;32549;1882;1883;9651;6970;9628;50896;6950;5507;46914;46872;43169;8270;9646;9642;9416;9314;50897;46686;10038;10035;42221	288	667	906	1524	672.5	8412.5	1818.5	765	1916	266	2216.5	1576.5	8817.5	7213.5	9022.5	1073.5	630	6854.5	1374.5	5160	408.5	7016	2730.5	1156	68428	3421.4
ORTHO002068	F-box family protein	AT1G30200;AT4G18380;AT5G46170	5634;43231;43227;43226;5575;43229;44424;44464;5623;5622;8150;3674;10286;9408;9266;9628;50896;6950	289	1024	2875	5461	672.5	2735	2155	805.5	1198	136	744	1576.5	1352	9065	6955.5	976.5	6925.5	7949	8683	7747	9075	8814.5	8723	6732.5	92348.5	4.617.425
ORTHO003233	ARM repeat superfamily protein	AT2G25130;AT4G31890		290	261	475.5	661	248.5	7603	162.5	196	255	52.5	241.5	6418.5	1352	8566	9046	267	4135	6896	778.5	39.5	708.5	2213.5	6467.5	1324	56722.5	2.836.125
ORTHO002732	NIMA (never in mitosis; gene A)-related 6	AT3G44200	16301;16772;16740;3824;3674;8152;8150;16310;6796;6793;44237;9987;5634;43231;43227;43226;5575;43229;44424;44464;5623;5622;5524;35639;1901265;1901363;5488;97159;43168;43167;32559;30554;17076;166;36094;32555;32553;97367;32550;32549;1882;1883;4672;16773;6468;6464;36211;19538;43170;71704;44238;43412;44267;44260;43622;30865;7010;6996;16043;71840;31122;226;1902589;44763;44699;7017;71822;43933;9913;30855;30154;48869;44767;32502;60429;9888;48856;8544;55028;44448;44444;5737;5938;71944;5881;5874;44430;44446;44422;5856;43232;43228;43234;32991;15630;30981;30863	291	493	761.5	1232	248.5	57.5	43.5	3491	1994.5	8231.5	1211	3034.5	4117.5	7636	6305	136	8980.5	7571	2612.5	606	82.5	6340.5	2808	92.5	65351.5	3.267.575
ORTHO001631	Protein of unknown function (DUF506)	AT4G32480	3674;5634;43231;43227;43226;5575;43229;44424;44464;5623;5622;8150	292	857	689.5	1087	672.5	125.5	512	3193.5	1916	4963.5	5520.5	431	8306	6542.5	8203.5	797.5	2230.5	6854.5	3857.5	860	2485.5	3609.5	910.5	2229	63548.5	3.177.425
ORTHO002648	cytokinin response factor 4	AT4G27950;AT5G53290	6355;1903506;2001141;31326;9889;19222;50789;65007;8150;31323;50794;51252;19219;80090;51171;60255;10556;10468;2000112;5515;5488;3674;9736;9755;7165;51716;9987;50896;7154;44763;44699;44700;23052;32870;9725;9719;10033;42221;71495;71310;70887;71368;9735;9873;160;35556;71369;9723;3700;1071;3677;3676;1901363;97159;5634;43231;43227;43226;5575;43229;44424;44464;5623;5622;6351;34645;44260;43170;71704;8152;44237;9059;1901576;9058;44249;97659;32774;16070;90304;6139;46483;6725;1901360;34641;6807;44238;34654;19438;44271;18130;1901362;10467;5737;48366;48827;48856;32502;48367;44767;48731;7275;44707;32501;42991;6606;17038;15031;45184;51234;51179;8104;33036;71702;6810;44765;1902578;6886;46907;51649;51641;34613;70727;34504;33365;1902580;1902593;1902582;51170;6913;16482;51169;72594;44744;6605;48825;9793;44702;22414;3006;9790;48316;48608;61458;9791;10154	293	1015	1396	2499	4356	3351.5	376.5	3333.5	5619	4073.5	92	1915.5	1352	8396.5	8793	2476	3224	8470.5	3067.5	2289	2587	6576.5	7667.5	2382	76043	3802.15
ORTHO000580_1	glycine-rich protein	AT4G32920;AT5G11700	3674;9507;9536;43231;43227;43226;5575;43229;44424;44464;5623;5622;44444;5737;5773;8150;5576;9506;5911;30054;55044	294	21	210.5	127	83.5	2931.5	1294.5	641	105.5	4150	435.5	444.5	1352	5023	6319	136	2041	5221.5	122.5	3676.5	3573.5	852	365	290.5	38975	1948.75
ORTHO000331_2	Protein phosphatase 2C family protein	AT1G47380	6470;16311;6796;6793;44237;8152;8150;9987;6464;36211;19538;43170;71704;44238;43412;44267;44260;4722;4721;16791;42578;16788;16787;3824;3674;5739;43231;43227;43226;5575;43229;44424;44464;5623;5622;44444;5737;5829;46872;43169;43167;5488	295	232	853	1411	672.5	505	1560	1204.5	1042.5	3372	621.5	140	8950	8396.5	8638.5	1073.5	202	6737.5	4864	5002	8083.5	5308.5	728.5	1061.5	67491.5	3.374.575
ORTHO003755	vesicle-associated membrane protein 711	AT4G32150;AT5G11150	16021;31224;44425;5575;16020;5773;43231;43227;43226;43229;44424;44464;5623;5622;44444;5737;9737;9725;9719;50896;8150;10033;42221;33993;97305;1901700;1101;5774;44437;44446;44422;98588;31090;98805;46909;44765;6810;51234;51179;1902578;44699;9651;6970;9628;6950;5886;71944;10118;44763;9987;5794;12505;15031;45184;8104;33036;71702	296	687	1307	2318	248.5	9022	624.5	834.5	3382.5	6345	804.5	18	1352	8954	6687	797.5	3836.5	8780.5	2788	1698.5	1166.5	8310.5	8290	1029	74721	3736.05
ORTHO002936	xyloglucan endotransglucosylase/hydrolase 32	AT2G36870	5576;5575;48046;16798;16787;3824;3674;8152;8150;71555;45229;16043;71840;9987;71554;16998;44036;44260;43170;71704;44237;44248;9056;6073;44042;5976;5975;44238;44264;44262;10411;10410;10383;16762;16758;16757;16740;4553;5618;30312;44464;5623;71944	297	236	686.5	1076	672.5	375.5	5840	2962.5	1042.5	136	5489.5	1198.5	8977	8485	8838	267	1048	6854.5	692	129.5	121	1656	8115.5	1188	63416	3170.8
ORTHO000647	ACT-like protein tyrosine kinase family protein	AT2G17700;AT4G35780;AT4G38470	4712;4672;16301;16772;16740;3824;3674;8152;8150;16310;6796;6793;44237;9987;16773;6468;6464;36211;19538;43170;71704;44238;43412;44267;44260;4674;9658;9657;6996;16043;71840;5524;35639;1901265;1901363;5488;97159;43168;43167;32559;30554;17076;166;36094;32555;32553;97367;32550;32549;1882;1883;5829;44444;44424;44464;5575;5623;5622;5737;5634;43231;43227;43226;43229;16597;31406;43177;4713;18108;18212;18193;5886;16020;71944	298	889	1318	2338	4356	451.5	6182	805.5	344	1318	435.5	1400	8817.5	7300	9046	1073.5	3836.5	7028	5851	1486	268.5	7725	8163.5	3289.5	74821.5	3.741.075
ORTHO001584	Galactose mutarotase-like superfamily protein	AT3G61610;AT4G23730	6012;19318;5996;44723;5975;71704;8152;8150;44238;44710;44699;44281;16853;3824;3674;4034;16857;16854;5634;43231;43227;43226;5575;43229;44424;44464;5623;5622;30246;5488	299	1194	2007.25	3715.5	1066.5	2837	888	1389	1994.5	1371	2809.5	5096	1352	5581	960	508.5	6648.5	8035	8655.5	284	8909	8879	8641.5	8258.5	83097.5	4.154.875
ORTHO001261	Protein kinase superfamily protein	AT4G17660;AT5G47070	16301;16772;16740;3824;3674;8152;8150;16310;6796;6793;44237;9987;5886;16020;5575;44464;5623;71944;6468;6464;36211;19538;43170;71704;44238;43412;44267;44260	300	1223	1609	2918	1066.5	5650.5	3628.5	4088	8207	4278.5	982	4239	3995.5	7448.5	8512	2476	219	6440	3553	3899.5	5637	2541	844	2046	78685	3934.25
ORTHO002470	ARF-GAP domain 5	AT5G54310	5802;98791;44431;44444;44424;44464;5575;5623;5622;5737;44446;44422;43226;43229;5794;43231;43227;12505;31984;5768;5829;46872;43169;43167;5488;3674;3677;3676;1901363;97159;5096;8047;30234;98772;50790;19222;50789;65007;8150;65009;43085;44093;9893;48518;30695;60589;43547;43087;51336;51345;8270;46914;10227;3006;32502;22414;9838;7275;44767;44699;44707;32501;48437;44702;48569;48513;48856;48731;9908;90567;48608;61458;9791;48367;5634	301	418	715	1129	3586.5	2557.5	177	641	4865	1709.5	271.5	52	8929.5	7387.5	9114	267	1000	7028	7197.5	13	1121	2213.5	6040	3447.5	64032	3201.6
ORTHO001255	WRKY DNA-binding protein 40	AT1G80840	43565;3677;3676;1901363;5488;3674;97159;6355;1903506;2001141;31326;9889;19222;50789;65007;8150;31323;50794;51252;19219;80090;51171;60255;10556;10468;2000112;6351;34645;44260;43170;71704;8152;44237;9987;9059;1901576;9058;44249;97659;32774;16070;90304;6139;46483;6725;1901360;34641;6807;44238;34654;19438;44271;18130;1901362;10467;5515;9611;6950;50896;3700;1071;42742;9617;51707;43207;9605;9607;51704;98542;6952;10200;10243;9719;10033;42221;1901698;1901700;50832;9620;50691;50688;31347;80134;48583;43900;32101;2831;2697;2682;5634;43231;43227;43226;5575;43229;44424;44464;5623;5622;2237;9751;14070;1101	302	47	338	374	50	4204.5	5887	163.5	4087	698.5	544	3912.5	1352	8316	1317	5.5	1703	8544.5	1942.5	2206.5	3074.5	1358.5	264.5	118.5	49700	2485
ORTHO003338	S-adenosyl-L-methionine-dependent methyltransferases superfamily protein	AT2G22400;AT4G40000	5634;43231;43227;43226;5575;43229;44424;44464;5623;5622;1510;43414;44260;43170;71704;8152;8150;44237;9987;32259;43412;9451;16070;90304;6139;46483;6725;1901360;34641;6807;44238;8168;16741;16740;3824;3674	303	1178	1225.5	2148	1066.5	3511	1672.5	4373.5	522.5	4591	982	2851	7743	7636	8638.5	797.5	3192	6388.5	1086	5303	1026	5603	4887	2699.5	73503.5	3.675.175
ORTHO003451	unknown protein	AT1G56020;AT1G79060	5634;43231;43227;43226;5575;43229;44424;44464;5623;5622;3674;8150	304	630	461	618	248.5	444.5	1441	676	317.5	3977.5	291	67.5	7963	4718.5	6444.5	508.5	351	6145	3553	3949.5	7166	3854	2901	771.5	55540.5	2.777.025
ORTHO001440	Protein phosphatase 2C family protein	AT3G05640;AT5G27930	4722;4721;16791;42578;16788;16787;3824;3674;8152;8150;16311;6796;6793;44237;9987;6470;6464;36211;19538;43170;71704;44238;43412;44267;44260;46872;43169;43167;5488;9414;9415;9628;50896;1101;42221;10035;1901700;6950;5575;5737;44424;44464;5623;5622	305	1230	1176.5	2048	1066.5	2295.5	739	143.5	1839.5	1155	1082.5	9035	1352	9031	6728	797.5	7873	7507.5	1668	1391	1447	8182	3133.5	7543.5	72944	3647.2
ORTHO001215	Cyclin-dependent kinase inhibitor family protein	AT2G32710;AT5G48820	5634;43231;43227;43226;5575;43229;44424;44464;5623;5622;4861;30291;4860;19210;19207;30234;98772;3674;50790;19222;50789;65007;8150;65009;42325;19220;51174;31323;50794;4857;43086;44092;9892;48519;42326;45936;10563;31324;48523;19887;45859;43549;51338;1932;31399;32268;51246;80090;60255;1904030;6469;1933;31400;32269;51248;10605;33673;51348;1904029;71901;71900;16538;5515;5488;45736;79;51726;45786;5654;44428;44446;44422;31981;70013;43233;31974;30332;5737;16301;16772;16740;3824;8152;16310;6796;6793;44237;9987	306	251	632	958	407	4434.5	859	378.5	3036	3944	3426.5	3835.5	8859	8936	6484	56	7313	7547.5	444.5	120	517	980	233	229.5	61633.5	3.081.675
ORTHO001398	DNA-binding protein with MIZ/SP-RING zinc finger; PHD-finger and SAP domain	AT5G60410	16874;3824;3674;8152;8150;8270;46914;46872;43169;43167;5488;90352;1903314;51171;19222;50789;65007;31323;50794;16049;40007;44763;9987;44699;16925;18205;18193;6464;36211;19538;43170;71704;44238;43412;44267;44260;44237;32446;70647;2000070;80134;48583;5515;16607;16604;44451;44428;44446;44422;5575;43226;44424;44464;5623;5622;43229;5634;43231;43227;5654;31981;70013;43233;31974;3676;1901363;97159;31668;51716;50896;71496;9605;7154;9991;16036;9267;31669;31667;42594;6950;33554;10337;10565;19789;19787;16740;3677;9908;90567;48608;3006;32502;22414;48856;61458;48731;7275;44767;44707;32501;44702;9791;48367;9553;48229;10183;50918;6935;42330;40011;42221;48868;9856;44703;51704;44706;10247;9593;51606;51301;10113;45824;31348;31347;48585;48519;45088;50776;2682;50777;2683;43901;43900;2832;2831;32102;32101;10112;50826;9409;9266;9628;9870;2218;2253;50778;48584;48518;2684;2376;45089;31349;7165;44700;23052;40008;9414;9415;1101;10035;1901700;10286;9408;48481;35670;48440;48827;48437;48569;48513;48467;48438;9787;9966;10646;23051;1901419;9910;48581;48580;2000026;50793;51239;51241;51093;2000242;2000241;9909;48831;48589	307	582	827.5	1348	672.5	7677.5	7547	641	1042.5	4927.5	744	337.5	1352	8862.5	6608.5	797.5	2230.5	8659.5	3283.5	1869	2313	5213.5	1424	1188	66718.5	3.335.925
ORTHO002360	RNA-binding (RRM/RBD/RNP motifs) family protein	AT3G52660	166;36094;5488;3674;1901265;1901363;97159;3723;3676;8150;5829;44444;44424;44464;5575;5623;5622;5737	308	920	2690.25	5072.5	672.5	852.5	961	2185	1328.5	4786	1981	5295.5	9031.5	5110.5	766.5	1429.5	6162	7846	8083	662	8798.5	8676.5	8348.5	8111.5	90415.5	4.520.775
ORTHO004309	Rho GTPase activating protein with PAK-box/P21-Rho-binding domain	AT2G46710	5737;44424;44464;5575;5623;5622;5096;8047;30234;98772;3674;50790;19222;50789;65007;8150;65009;43085;44093;9893;48518;30695;60589;43547;43087;51336;51345;5886;16020;71944;9531;9505;5618;30312;9664;71555;45229;16043;71840;9987;71554;71669;7165;50794;51716;50896;7154;44763;44699;44700;23052	309	497	1218.5	2128	672.5	528.5	1672.5	1361	1328.5	3176.5	5387	2291.5	8519	7101	8793	267	3322.5	6590	2702	4778	4833.5	6512.5	3355	885.5	73404.5	3.670.225
ORTHO004404	Protein of unknown function (DUF1677)	AT3G22540	8150;3674	310	295	475.5	641	672.5	476	5653	251.5	8892.5	2908	582	119.5	1352	9158	7129	267	245.5	7507.5	8584.5	48.5	1063.5	348.5	147	1473	56206.5	2.810.325
ORTHO004021	Cell cycle regulated microtubule associated protein	AT4G11990;AT4G22860	5634;43231;43227;43226;5575;43229;44424;44464;5623;5622;5819;44430;44446;44422;5856;43232;43228;15630;7067;280;48285;6996;16043;71840;8150;9987;1903047;22402;44763;44699;7049;278;1902589;3674;32147;45860;45859;43549;42325;19220;51174;31323;50794;50789;65007;19222;51338;50790;65009;1932;31399;32268;51246;80090;60255;1934;42327;45937;10562;31325;9893;48518;48522;31401;32270;51247;10604;33674;51347;43085;44093;5874;43234;32991;60236;90224;70507;51493;33043;51128;32886;10564;51726;7346;5739;44444;5737	311	966	368	425	672.5	4219.5	605.5	268	460	555.5	5407.5	1471	1352	4662.5	6378.5	508.5	2970.5	5992	3136.5	105.5	5170.5	3311	3552	691.5	50818	2540.9
ORTHO003743	LJRHL1-like 1	AT2G24260	5634;43231;43227;43226;5575;43229;44424;44464;5623;5622;6355;1903506;2001141;31326;9889;19222;50789;65007;8150;31323;50794;51252;19219;80090;51171;60255;10556;10468;2000112;3677;3676;1901363;5488;3674;97159;3700;1071;46983;5515;80147;48468;48869;44767;32502;44699;44763;9987;48856;30154;48765;10053;90627;10015;9653;48364;48513;48731;7275;44707;32501;22622;90558;9888;48764;48469;21700;10054;6351;34645;44260;43170;71704;8152;44237;9059;1901576;9058;44249;97659;32774;16070;90304;6139;46483;6725;1901360;34641;6807;44238;34654;19438;44271;18130;1901362;10467	312	410	603.5	895	672.5	2425	444.5	1547.5	702.5	52.5	982	8978.5	1352	5770	2396.5	508.5	6982.5	4747.5	926	1356.5	1536	9010	9093.5	1906.5	60718	3035.9
ORTHO002633	Integrase-type DNA-binding superfamily protein	AT4G36920	9908;90567;48608;3006;32502;8150;22414;48856;61458;48731;7275;44767;44699;44707;32501;44702;9791;48367;30154;48869;44763;9987;48481;35670;48440;48827;48437;48569;48513;48467;48438;5634;43231;43227;43226;5575;43229;44424;44464;5623;5622;6355;1903506;2001141;31326;9889;19222;50789;65007;31323;50794;51252;19219;80090;51171;60255;10556;10468;2000112;19953;44703;51704;3;6351;34645;44260;43170;71704;8152;44237;9059;1901576;9058;44249;97659;32774;16070;90304;6139;46483;6725;1901360;34641;6807;44238;34654;19438;44271;18130;1901362;10467;3677;3676;1901363;5488;3674;97159;10073;48507;9888;48316;10154;10093;10092;3002;7389;48645;48646;9653;9887;48449;48444;48563;9886;3700;1071	313	597	1988	3663	672.5	8619.5	5466	8694	1198	4455.5	6763.5	4239	1352	4905.5	511.5	508.5	2763.5	8251	1537.5	201.5	2189	9018.5	9110.5	3037	82821.5	4.141.075
ORTHO001600	phospholipase D P2	AT3G05630;AT3G16785	60627;50794;50789;65007;8150;51049;32879;4630;4620;16298;16788;16787;3824;3674;8152;8081;42578;16036;9267;31669;31667;9991;9605;50896;31668;51716;9987;71496;7154;44763;44699;42594;6950;33554;19375;19374;6664;1903509;6629;71704;44710;44238;1901135;6643;44255;44237;9247;46467;8610;1901576;9058;44711;44249;1901137;6995;43562;5773;43231;43227;43226;5575;43229;44424;44464;5623;5622;44444;5737;6887;16192;6810;51234;51179;32940;46903;44765;1902578;51649;51641;5634;7165;44700;23052;48364;44767;32502;48513;48856;48731;7275;44707;32501;22622;9395;6644;19637;6793;6796;44242;16042;44712;9056;1901575;44248;46434;46473;6650;46486;9733;9725;9719;10033;42221;5886;16020;71944;31982;70290	314	688	1822.5	3331	248.5	6184	162.5	3504.5	3735.5	1506.5	5508	3950.5	1352	4995.5	599	508.5	8286.5	8902.5	7742	2033	3354	8814.5	2536	7315.5	80990.5	4.049.525
ORTHO003404	Syntaxin/t-SNARE family protein	AT5G46860	9705;5774;44437;44444;44424;44464;5575;5623;5622;5737;44446;44422;43226;43229;5773;43231;43227;98588;31090;16020;98805;325;5484;5515;5488;3674;61025;61024;16043;71840;8150;9987;5770;5768;12505;31902;10008;44440;9959;9630;9606;9605;50896;9629;9628;5794;30140;5798;16023;31988;31982;31410;44431;30133;30136;30135;7033;6996;6886;15031;45184;51234;51179;8104;33036;71702;6810;46907;51649;51641;34613;70727;9660;9657;10118;44763;44699	315	602	2553	4791	672.5	8675.5	3628.5	1855	1042.5	210.5	7524	9054.5	1352	4861	438.5	136	630	8332.5	1668	8853	9109	9052	9137	3401.5	88961	4448.05
ORTHO000658_1	Protein kinase superfamily protein	AT1G73450;AT1G73460;AT2G40120;AT3G17750	4672;16301;16772;16740;3824;3674;8152;8150;16310;6796;6793;44237;9987;16773;6468;6464;36211;19538;43170;71704;44238;43412;44267;44260;5886;16020;5575;44464;5623;71944;5634;43231;43227;43226;43229;44424;5622;4674;5524;35639;1901265;1901363;5488;97159;43168;43167;32559;30554;17076;166;36094;32555;32553;97367;32550;32549;1882;1883;5829;44444;5737;46777	316	55	641	966	31	27	5661.5	8	5619	1058	161	7	1352	9031	6791	267	2205	9048	2612.5	3466.5	1105	7567	2104	3679.5	61770	3088.5
ORTHO003647	GTP binding Elongation factor Tu family protein	AT4G02930	70125;6414;34645;44260;43170;71704;8152;8150;44237;9987;9059;1901576;9058;44249;6412;43043;43604;43603;34641;6807;44271;6518;1901564;1901566;44267;19538;44238;10467;32543;1902589;6996;16043;71840;44763;44699;7005;44711;44710;3924;17111;16462;16818;16817;16787;3824;3674;5739;43231;43227;43226;5575;43229;44424;44464;5623;5622;44444;5737;50897;46914;46872;43169;43167;5488;5524;35639;1901265;1901363;97159;43168;32559;30554;17076;166;36094;32555;32553;97367;32550;32549;1882;1883;8270;5618;30312;71944;3746;8135;3723;3676;46686;10038;10035;42221;50896	317	239	791.5	1266	248.5	615.5	1500	1581	2979	210.5	1414	228.5	1352	4969	358	351	1605.5	8332.5	9082.5	8905.5	1522	8182	8723	3841	65752.5	3.287.625
ORTHO003052	TEOSINTE BRANCHED 1; cycloidea and PCF transcription factor 2	AT4G18390	6355;1903506;2001141;31326;9889;19222;50789;65007;8150;31323;50794;51252;19219;80090;51171;60255;10556;10468;2000112;5634;43231;43227;43226;5575;43229;44424;44464;5623;5622;9965;9887;44767;32502;44699;9653;48856;48513;48731;7275;44707;32501;48366;48827;48367;10016;6351;34645;44260;43170;71704;8152;44237;9987;9059;1901576;9058;44249;97659;32774;16070;90304;6139;46483;6725;1901360;34641;6807;44238;34654;19438;44271;18130;1901362;10467;3700;1071;3674;45962;40034;50793;30154;48869;44763;3677;3676;1901363;5488;97159	318	995	763.5	1209	672.5	87.5	888	3522	63	1540.5	4922	93	1352	4798	358	351	831.5	8985	9150	1391	5265	9086	3662.5	8749	65095	3254.75
ORTHO001333	CW-type Zinc Finger	AT3G62900;AT4G15730	9506;5911;30054;5575;55044;8270;46914;46872;43169;43167;5488;3674;8150;5634;43231;43227;43226;43229;44424;44464;5623;5622	319	992	2458	4597	672.5	3585	4118.5	2796	3262	1058	4563.5	3686.5	9008.5	5154.5	841.5	1429.5	5365	8251	1486.5	7747	3195.5	8644	8806.5	4801	87800	4390
ORTHO000957	Calcium-binding EF hand family protein	AT1G20760;AT1G21630	5509;46872;43169;43167;5488;3674;5886;16020;5575;44464;5623;71944;5737;44424;5622;5829;44444	320	33	258.5	197	407	4295	49.5	3123	3152	3903.5	124.5	337.5	1352	4912.5	6484	136	2033.5	7507.5	824.5	1940	1715	868	403.5	269.5	43431	2171.55
ORTHO001700	alanine aminotransferas	AT1G17290;AT1G72330	46686;10038;10035;42221;50896;8150;1666;36293;70482;9628;6950;4021;47635;8483;16769;16740;3824;3674;8152;5739;43231;43227;43226;5575;43229;44424;44464;5623;5622;44444;5737;30170;1901363;5488;97159;48037;43168;43167;19481;42853;6524;9080;1901606;1901605;6520;1901564;71704;6807;19752;43436;6082;44281;44710;44699;44763;9987;44237;44238;9063;46395;16054;44282;44712;9056;1901575;44248;1901565;9078;6522;42851;5524;35639;1901265;32559;30554;17076;166;36094;32555;32553;97367;32550;32549;1882;1883;9058;9507;9536;5507;46914;46872;43169	321	145	749.5	1178	141	615.5	652	8830.5	3490	369.5	195.5	6080.5	1352	5077	511.5	508.5	1581	8613.5	5502	2782	1140	7855	8896.5	648	64700.5	3.235.025
ORTHO002701	photosystem II subunit O-2	AT3G50820;AT5G66570	9570;9532;44435;44444;44424;44464;5575;5623;5622;5737;44446;44422;43226;43229;9536;43231;43227;44434;9507;9535;55035;42651;34357;16020;44436;9579;31976;31984;9534;5515;5488;3674;10205;43155;42548;10109;31323;50794;50789;65007;8150;19222;43467;31324;48523;48519;9892;9644;9642;9416;9314;9628;50896;10287;10242;16491;3824;8152;55114;44710;44699;9654;98796;43234;32991;44425;1990204;1902494;9523;9521;35304;31399;32268;51246;80090;60255;35303;19220;51174;42549;30095;98807;9543;31978;31977;19898;19684;6091;44237;9987;15979;10207;43623;6461;65003;43933;16043;71840;22607;44085;71822;70271;34622;9279;19867;44462;30312;71944;30313;31975;8266;8187;3727;3723;3676;1901363;97159;16021;31224;48046;5576;42742;9617;51707;43207;9605;9607;51704;98542;6952;6950	322	291	1692	3062	672.5	7853.5	312	175.5	8993.5	2721	1312.5	4239	9167	4861	438.5	508.5	8342	8097	8923	384.5	215	7520.5	2104	3340.5	79508.5	3.975.425
ORTHO001461	voltage dependent anion channel 1	AT3G01280;AT5G15090	1903959;44070;43269;51049;32879;50789;65007;8150;34765;34762;50794;5741;31966;31090;16020;5575;44422;43226;43227;44429;44444;44424;44464;5623;5622;5737;44446;43229;5739;43231;5740;31967;31975;31968;19867;98805;98588;5773;9941;9526;44435;9536;44434;9507;5774;44437;15288;22829;15267;22803;22857;5215;3674;6810;51234;51179;55085;44763;9987;44699;44765;1902578;5515;5488;98656;6820;6811;34220;8308;5253;5216;15075;22891;22892;22838;8509;5244;22832;22836;5886;71944;46930;98796;43234;32991;44425;16021;31224;9617;51707;43207;9605;50896;9607;51704;5730;44428;5634;43232;43228;31981;70013;43233;31974;9060;45333;15980;6091;44237;8152;55114;44710;5618;30312;9409;9266;9628;6950;10029;1900140;48580;2000026;50793;51239;42742;98542;6952;9735;9725;9719;10033;42221	323	1013	581.75	840.5	672.5	819.5	1789.5	1114.5	1430.5	879.5	865	6027	8817.5	7448.5	9022.5	2476	2732	6982	692	6322.5	653	468	251.5	1156	59947	2997.35
ORTHO000742	basic helix-loop-helix (bHLH) DNA-binding superfamily protein	AT1G22490;AT1G72210	3677;3676;1901363;5488;3674;97159;6355;1903506;2001141;31326;9889;19222;50789;65007;8150;31323;50794;51252;19219;80090;51171;60255;10556;10468;2000112;6351;34645;44260;43170;71704;8152;44237;9987;9059;1901576;9058;44249;97659;32774;16070;90304;6139;46483;6725;1901360;34641;6807;44238;34654;19438;44271;18130;1901362;10467;3700;1071;5634;43231;43227;43226;5575;43229;44424;44464;5623;5622;46983;5515;16597;31406;43177;36094;43168;43167	324	394	1976	3628	672.5	2776	1672.5	602	8992	1123	1211	3835.5	9031.5	6292	6378.5	136	1545.5	7151.5	7197.5	5400	814	9129.5	8348.5	1009	82645.5	4.132.275
ORTHO003629	ubiquitin-specific protease 19	AT2G24640;AT4G31670	6511;19941;51603;6508;19538;43170;71704;8152;8150;44238;44257;30163;9057;1901575;9056;44265;44260;44237;9987;44248;44267;43632;16579;70646;70647;6464;36211;43412;5634;43231;43227;43226;5575;43229;44424;44464;5623;5622;46872;43169;43167;5488;3674;16021;31224;44425;16020;36459;16787;3824;4197;8234;70011;8233;4175;5576	325	170	357.5	390	141	4189	345	4200.5	8509.5	1094.5	435.5	1510.5	1352	8418.5	8638.5	267	191	800	74.5	188.5	6810.5	1010.5	728.5	1188	49952	2497.6
ORTHO003083	AT hook motif DNA-binding family protein	AT4G17950;AT5G46640	6355;1903506;2001141;31326;9889;19222;50789;65007;8150;31323;50794;51252;19219;80090;51171;60255;10556;10468;2000112;6351;34645;44260;43170;71704;8152;44237;9987;9059;1901576;9058;44249;97659;32774;16070;90304;6139;46483;6725;1901360;34641;6807;44238;34654;19438;44271;18130;1901362;10467;5634;43231;43227;43226;5575;43229;44424;44464;5623;5622;3677;3676;1901363;5488;3674;97159;5829;44444;5737	326	554	1266.5	2207	248.5	3697.5	5607	428.5	2367.5	402.5	5549	7917	8519	6764.5	8593.5	797.5	157	6440	598.5	2347	7254	4612.5	1035	885.5	73973	3698.65
ORTHO001484	nucleosome assembly protein 1	AT2G19480;AT4G26110;AT5G56950	46686;10038;10035;42221;50896;8150;5886;16020;5575;44464;5623;71944;5634;43231;43227;43226;43229;44424;5622;5515;5488;3674;6281;6259;44260;43170;71704;8152;44237;9987;90304;6139;46483;6725;1901360;34641;6807;44238;6974;33554;51716;6950;44763;44699;44710;6334;65004;71824;43933;16043;71840;34622;65003;22607;44085;34728;6325;51276;6996;71822;6461;70271;31497;6333;6323;71103;5829;44444;5737;42802;42393;3677;3676;1901363;97159;16444;6310;9294;9292;44764;51704;8283;30154;48869;44767;32502;3682;44877	327	955	1371.5	2416	69	2981	1457	8935.5	3797	4322.5	4853	7621.5	8859	5110.5	960	1144	2107.5	8733.5	2696.5	2289	2533.5	5789.5	558	771.5	75520	3776
ORTHO002723	BEL1-like homeodomain 7	AT2G16400;AT4G34610	5634;43231;43227;43226;5575;43229;44424;44464;5623;5622;3677;3676;1901363;5488;3674;97159;6355;1903506;2001141;31326;9889;19222;50789;65007;8150;31323;50794;51252;19219;80090;51171;60255;10556;10468;2000112;6351;34645;44260;43170;71704;8152;44237;9987;9059;1901576;9058;44249;97659;32774;16070;90304;6139;46483;6725;1901360;34641;6807;44238;34654;19438;44271;18130;1901362;10467;3700;1071;44212;975;1067	328	1011	1616	2904	4356	4890.5	2951	3166	1198	2569	1082.5	4566	8306	6542.5	8638.5	2476	2230.5	6854.5	3857.5	4258.5	8019	3854	910.5	2229	78599.5	3.929.975
ORTHO001634	B-box type zinc finger protein with CCT domain	AT1G25440;AT1G68520	6355;1903506;2001141;31326;9889;19222;50789;65007;8150;31323;50794;51252;19219;80090;51171;60255;10556;10468;2000112;3700;1071;3674;16020;5575;8270;46914;46872;43169;43167;5488;5634;43231;43227;43226;43229;44424;44464;5623;5622	329	773	1065	1801	672.5	505	444.5	8705.5	3425	3940	4758.5	431	1352	6475	2910	797.5	2452.5	8941	2454	1940	8990	7420	1991	2940	70872.5	3.543.625
ORTHO004138	vacuolar protein sorting 46.1	AT1G17730;AT1G73030	6914;44248;9056;8152;8150;44237;9987;10008;98588;31090;16020;5575;44422;43226;43227;44440;44444;44424;44464;5623;5622;5737;44446;43229;5768;43231;12505;98805;5515;5488;3674;578;9880;7389;44767;32502;44699;44707;32501;7275;9790;48856;9798;32509;16197;1902582;46907;6810;51234;51179;51649;51641;44765;1902578;40007;16192;7034;15031;45184;8104;33036;71702;9793;44702;22414;3006;48316;48608;61458;48731;9791;10154;9507;9536	330	850	1310.5	2291	672.5	3831.5	226	229	9107.5	969	4827	7392	8993.5	5199	915	508.5	1835	8751	2179.5	2593.5	653	8354	3649	4413.5	74626.5	3.731.325
ORTHO002130	WUSCHEL related homeobox 11	AT3G03660;AT5G17810	5634;43231;43227;43226;5575;43229;44424;44464;5623;5622;9734;9755;7165;50794;50789;65007;8150;51716;9987;50896;7154;44763;44699;44700;23052;32870;9725;9719;10033;42221;71495;71310;70887;71365;9733;3677;3676;1901363;5488;3674;97159;48830;48364;44767;32502;48513;48856;48731;7275;44707;32501;22622;3700;1071;2001141;31326;9889;19222;31323;51252;19219;80090;51171;60255;10556;6355;1903506;10468;2000112	331	698	1476.75	2622.5	672.5	96.5	2528	1013.5	9105.5	821	804.5	3218	1352	4786.5	318	66.5	7758	8688.5	9140	9064.5	12.5	9122.5	3171	5806	76873	3843.65
ORTHO001568	Ribosomal protein L4/L1 family	AT3G09630;AT5G02870	22626;44445;44444;44424;44464;5575;5623;5622;5737;5829;5840;30529;32991;43232;43228;43226;43229;5730;44428;44446;44422;5634;43231;43227;31981;70013;43233;31974;2181;6412;43043;43604;43603;34641;6807;8152;8150;44237;9987;44271;44249;9058;6518;1901564;71704;1901566;1901576;44267;19538;43170;44238;44260;34645;9059;10467;44822;3723;3676;1901363;5488;3674;97159;16020;22625;15934;44391;9506;5911;30054;55044;5618;30312;71944;5773;3735;5198;5886;9507;9536;9735;9725;9719;50896;10033;42221;5774;44437;98588;31090;98805	332	1023	321.5	311	1436	790.5	5026.5	1484	7046.5	855	744	6393	1352	4295.5	5661	1239.5	901	1888	2851	2903	517	980	2591	223.5	47742	2387.1
ORTHO003574	unknown protein	AT3G02555;AT5G16110	5634;43231;43227;43226;5575;43229;44424;44464;5623;5622;3674;8150	333	1238	770	1207	4356	1594	3628.5	1484	2301	3665	1414	4162.5	3918	7387.5	8316.5	797.5	935.5	6330	5027.5	3815.5	1003	4471.5	2933.5	1906.5	65091.5	3.254.575
ORTHO002370	loricrin-related	AT5G09670;AT5G64550	5634;43231;43227;43226;5575;43229;44424;44464;5623;5622;3674;8150	334	660	1633.5	2933	672.5	3040	575	8606	9022.5	582	1312.5	4239	9167	4861	438.5	508.5	2436.5	8332.5	1589	129.5	9104	8942	2536	3340.5	78762	3938.1
ORTHO000940	Protein of unknown function (DUF616)	AT1G28240;AT1G53040	16757;16740;3824;3674;8152;8150;5739;43231;43227;43226;5575;43229;44424;44464;5623;5622;44444;5737	335	975	2298.5	4262	4356	739.5	3960	4345	9011.5	4203	3136.5	5347.5	1352	5696	1209.5	1830	2398.5	7597	7676.5	5672	8400	8049	2079	3501.5	86204	4310.2
ORTHO002410	alpha/beta-Hydrolases superfamily protein	AT4G16820	4806;16298;16788;16787;3824;3674;8152;8150;52689;47714;6629;71704;44710;44699;44238;8970;4620;9507;9536;43231;43227;43226;5575;43229;44424;44464;5623;5622;44444;5737;16042;44712;9056;1901575	336	285	597	858	672.5	615.5	226	5064	2979	555.5	2539	3835.5	1352	5481.5	988	136	276	7659.5	8625.5	1208	8350.5	6679	1866	1769	60205.5	3.010.275
ORTHO003887	WRKY DNA-binding protein 2	AT5G56270	6355;1903506;2001141;31326;9889;19222;50789;65007;8150;31323;50794;51252;19219;80090;51171;60255;10556;10468;2000112;30010;7163;44763;9987;44699;6351;34645;44260;43170;71704;8152;44237;9059;1901576;9058;44249;97659;32774;16070;90304;6139;46483;6725;1901360;34641;6807;44238;34654;19438;44271;18130;1901362;10467;5634;43231;43227;43226;5575;43229;44424;44464;5623;5622;43565;3677;3676;1901363;5488;3674;97159;9555;48229;7275;44767;32502;44707;32501;48856;3700;1071;9942;44702;22414;3006;578;9880;7389;9790;9798;9793;48316;48608;61458;48731;9791;10154	337	183	550	763	248.5	2425	5705.5	33.5	3668.5	5535.5	271.5	2937.5	9103	5795.5	4124.5	136	1738.5	7910.5	2317.5	3431	1624	636	728.5	417	58539	2926.95
ORTHO000836	Leucine-rich repeat protein kinase family protein	AT2G15300;AT2G23300;AT4G34220;AT4G37250;AT5G67280	5524;35639;1901265;1901363;5488;3674;97159;43168;43167;32559;30554;17076;166;36094;32555;32553;97367;32550;32549;1882;1883;6468;16310;6796;6793;44237;8152;8150;9987;6464;36211;19538;43170;71704;44238;43412;44267;44260;16301;16772;16740;3824;4674;4672;16773;7169;7167;7166;7165;50794;50789;65007;51716;50896;7154;44763;44699;44700;23052;5576;5575	338	972	598.5	859	365.5	3859	312	236.5	393.5	607.5	397.5	6120	1352	9108.5	6748	976.5	2351.5	8120.5	1345	141.5	142.5	8310.5	2239	7453	60214.5	3.010.725
ORTHO000475_1	Leucine-rich repeat protein kinase family protein	AT3G56370;AT5G01890	6468;16310;6796;6793;44237;8152;8150;9987;6464;36211;19538;43170;71704;44238;43412;44267;44260;4674;4672;16301;16772;16740;3824;3674;16773;5524;35639;1901265;1901363;5488;97159;43168;43167;32559;30554;17076;166;36094;32555;32553;97367;32550;32549;1882;1883;5886;16020;5575;44464;5623;71944;7169;7167;7166;7165;50794;50789;65007;51716;50896;7154;44763;44699;44700;23052;16021;31224;44425;5515	339	529	1921	3503	248.5	615.5	739	1709	1545.5	5219.5	1981	7280	1352	5110.5	766.5	136	5962.5	7885.5	8485.5	1426	8828	8784	8372.5	5806	82004.5	4.100.225
ORTHO002941	unknown protein	AT1G06980;AT2G30230	3674;8150	340	613	438	536	1426	709.5	99	2044	3198	7247	29	5295.5	1352	6112	6537	56	1660	4400	967.5	419.5	485.5	8486	4224.5	37	53359	2667.95
ORTHO001811	RNI-like superfamily protein	AT2G39940	31146;43161;10498;51603;6508;19538;43170;71704;8152;8150;44238;44257;30163;9057;1901575;9056;44265;44260;44237;9987;44248;44267;6511;19941;43632;50832;98542;6952;6950;50896;51707;43207;9605;9607;51704;9620;5515;5488;3674;16567;32446;70647;6464;36211;43412;9861;9814;45087;6955;2376;9611;9867;9755;7165;50794;50789;65007;51716;7154;44763;44699;44700;23052;32870;9725;9719;10033;42221;71495;71310;70887;71395;9753;1101;1901700;71229;1901701;5634;43231;43227;43226;5575;43229;44424;44464;5623;5622;9641;9639;9416;9314;9628;42742;9617;31348;31347;80134;48583;48585;48519;9625;10218;5737;19005;31461;151;1990234;1902494;43234;32991;4842;19787;16740;3824;61630;61659;9909;48580;2000026;50793;51239;48831;2000241;10118	341	255	328	315	672.5	2425	444.5	705.5	317.5	210.5	2129.5	9000.5	1352	5613	892.5	136	2506.5	7761	1290	483.5	1275.5	6991	1961.5	2314	47809.5	2.390.475
ORTHO002530	PLAC8 family protein	AT2G17780;AT4G35920	5886;16020;5575;44464;5623;71944;5737;44424;5622;5262;15085;72509;22890;8324;15075;22891;22857;5215;3674;6810;51234;51179;8150;55085;44763;9987;44699;44765;1902578;22892;34220;6811;98655;6812;72511;46873;30001;70588;98662;98660;6816;70838;5261;5216;22838;15267;22803;70509;16021;31224;44425;48528;9791;44767;32502;44707;32501;7275;48364;48513;48856;48731;22622;48569;5634;43231;43227;43226;43229;5887;31226;44459;33500;48878;42592;65008;65007;7231;71470;71214;9628;50896;51716;6970;6950;33554;7165;50794;50789;7154;44700;23052;7638;44708;7610;9612;9605	342	1214	505	668	1066.5	3726.5	512	4571	553.5	1155	744	1576.5	1352	7954.5	8968.5	976.5	1952.5	6590	1253	1320	2172.5	6077	2458	2940	56853	2842.65
ORTHO003866	WRKY DNA-binding protein 14	AT1G30650	6355;1903506;2001141;31326;9889;19222;50789;65007;8150;31323;50794;51252;19219;80090;51171;60255;10556;10468;2000112;43565;3677;3676;1901363;5488;3674;97159;3700;1071;6351;34645;44260;43170;71704;8152;44237;9987;9059;1901576;9058;44249;97659;32774;16070;90304;6139;46483;6725;1901360;34641;6807;44238;34654;19438;44271;18130;1901362;10467;5634;43231;43227;43226;5575;43229;44424;44464;5623;5622	343	189	432	521	248.5	2877	333.5	1114.5	460	5157	804.5	1687.5	8950	8418.5	8638.5	1073.5	1985.5	6737.5	335.5	1043.5	1391	1010.5	728.5	319.5	53066	2653.3
ORTHO001042	exocyst subunit exo70 family protein C1	AT5G13150;AT5G13990	5634;43231;43227;43226;5575;43229;44424;44464;5623;5622;6887;16192;6810;51234;51179;8150;32940;46903;44765;1902578;44699;51649;51641;44763;9987;6904;48278;22406;145;44448;44444;5737;5938;71944;43234;32991;90406;42995;5829	344	202	1195.5	2047	672.5	2887.5	5430	641	9074	6259.5	4529.5	5780	9103	5175	599	508.5	276	7431.5	2052.5	1869	380.5	6759.5	1866	2314	72936	3646.8
ORTHO004194	P-loop containing nucleoside triphosphate hydrolases superfamily protein	AT4G18480;AT5G45930	16887;17111;16462;16818;16817;16787;3824;3674;8152;8150;10007;1902494;43234;32991;5575;44434;44435;44444;44424;44464;5623;5622;5737;44446;44422;43226;43229;9536;43231;43227;9507;5524;35639;1901265;1901363;5488;97159;43168;43167;32559;30554;17076;166;36094;32555;32553;97367;32550;32549;1882;1883;9570;9532;15995;6779;51188;51186;44237;9987;44249;9058;6778;33013;46483;6725;1901360;71704;1901564;6807;33014;19438;44271;34641;18130;1901362;1901576;1901566;46148;42440;44710;44699;44711;44763;15994;15979;16851;51003;51002;16874;9735;9725;9719;50896;10033;42221;5618;30312;71944	345	469	463	581	672.5	8077	81.5	3218	3404.5	1256.5	134	907	7554	4694.5	6378.5	508.5	2114	8751	2014	1811	653	1656	607	691.5	54511.5	2.725.575
ORTHO002153	Mitochondrial substrate carrier family protein	AT1G07030;AT2G30160	5739;43231;43227;43226;5575;43229;44424;44464;5623;5622;44444;5737;16021;31224;44425;16020;55085;44763;9987;8150;44699;44765;6810;51234;51179;1902578;5743;19866;31090;44422;31967;31975;44446;31966;44429;5740;6839;1902582;46907;51649;51641	346	534	513.5	681	407	3059.5	2080	1347	1545.5	238.5	1623	197	8605	6971	8927.5	1175.5	2961	5101.5	490.5	3621.5	753.5	4067	3832.5	504	57101	2855.05
ORTHO001229	squamosa promoter binding protein-like 1	AT2G47070;AT3G60030	3677;3676;1901363;5488;3674;97159;5634;43231;43227;43226;5575;43229;44424;44464;5623;5622;6355;1903506;2001141;31326;9889;19222;50789;65007;8150;31323;50794;51252;19219;80090;51171;60255;10556;10468;2000112;6351;34645;44260;43170;71704;8152;44237;9987;9059;1901576;9058;44249;97659;32774;16070;90304;6139;46483;6725;1901360;34641;6807;44238;34654;19438;44271;18130;1901362;10467;46872;43169;43167;3700;1071	347	140	294.5	242	141	369.5	32	462	5754	502	86	610	8817.5	4798	6192.5	508.5	2298	8577	1523.5	1869	914	787	416.5	725.5	45242.5	2.262.125
ORTHO002241	LOCATED IN: cytosol; chloroplast	AT4G31880	5634;43231;43227;43226;5575;43229;44424;44464;5623;5622;9507;9536;44444;5737;5829	348	927	762	1176	672.5	7455.5	274.5	9120	34.5	7094.5	128.5	4779	1352	5645.5	1579	508.5	935.5	8751	2913	3254	708.5	889.5	1730	7543.5	64696.5	3.234.825
ORTHO003075	myb-like transcription factor family protein	AT1G25550;AT1G68670	5634;43231;43227;43226;5575;43229;44424;44464;5623;5622;3677;3676;1901363;5488;3674;97159;6355;1903506;2001141;31326;9889;19222;50789;65007;8150;31323;50794;51252;19219;80090;51171;60255;10556;10468;2000112;3700;1071;3682;44877;9737;9725;9719;50896;10033;42221;33993;97305;1901700;1101	349	283	511.5	674	248.5	2837	24	6323	29.5	1256.5	291	5780	1352	6764.5	8359	976.5	7557.5	8659.5	2214	399	723.5	961.5	1538	885.5	56931.5	2.846.575
ORTHO000490_2	formin homolog 6	AT5G67470	9524;44444;44424;44464;5575;5623;5622;5737;5618;30312;71944;3779;8092;5515;5488;3674;5634;43231;43227;43226;43229;16021;31224;44425;16020;5819;44430;44446;44422;5856;43232;43228;15630;5730;44428;31981;70013;43233;31974;5886	350	996	1462.5	2575	672.5	3557.5	3628.5	1484	183	3494	744	3835.5	2864.5	5907	5661	7360.5	450	8598.5	2332	6103	8798.5	8285	3100.5	144	76531	3826.55
ORTHO002531	Protein of unknown function (DUF707)	AT1G11170;AT1G61240	8150;16757;16740;3824;3674;8152;5739;43231;43227;43226;5575;43229;44424;44464;5623;5622;44444;5737	351	1088	2027	3703	4356	5684	37.5	3421	3554	5177	4723	1576.5	1352	9123	6748	976.5	5032.5	9039	3088	1208	472.5	8723	8796	4291.5	83023	4151.15
ORTHO002746	HOPW1-1-interacting 2	AT4G31750	5886;16020;5575;44464;5623;71944;46872;43169;43167;5488;3674;42742;9617;51707;43207;9605;50896;8150;9607;51704;98542;6952;6950;6470;16311;6796;6793;44237;8152;9987;6464;36211;19538;43170;71704;44238;43412;44267;44260;4722;4721;16791;42578;16788;16787;3824;44419	352	121	259	166	53.5	4454	312	12	2505.5	52.5	3366.5	4	1352	4899	369	44.5	179	8080	2270	1667	2848	8148	986.5	122.5	41672	2083.6
ORTHO002711	dihydrodipicolinate synthase	AT2G45440;AT3G60880	9089;9085;9067;9066;1901605;6520;1901564;71704;8152;8150;6807;19752;43436;6082;44281;44710;44699;44763;9987;44237;44238;1901607;8652;46394;16053;44283;44711;9058;1901576;44249;1901566;6553;46451;43648;9507;9536;43231;43227;43226;5575;43229;44424;44464;5623;5622;44444;5737;19877;43650;8840;16836;16835;16829;3824;3674	353	367	610	867	672.5	257.5	288.5	8821.5	1753	82.5	865	3578.5	1352	4790	319.5	66.5	2506.5	7870.5	2092	220.5	9154	8310.5	2740.5	5222.5	60291.5	3.014.575
ORTHO002517	golgi nucleotide sugar transporter 5	AT1G21870;AT1G77610	8643;44765;6810;51234;51179;8150;1902578;44699;71702;139;98588;31090;16020;5575;44422;43226;43227;44431;44444;44424;44464;5623;5622;5737;44446;43229;5794;43231;12505;15780;1901264;6862;15748;15931;71705;16021;31224;44425;8514;8509;15075;22891;22857;5215;3674;55085;44763;9987;22892;34220;6811;98656;6820;15711;5886;71944;15783;36079;5460;15165;5338;1901505;15215;15605;1901677;15932;1901679;90481;15781;72531;15786;5459;72334;34219;15785;90480;72530;5457;36080	354	384	1427	2500	407	7694	776.5	5698.5	867	2425	3596.5	4162.5	8817.5	8843	6425.5	56	3344	5944.5	762.5	2966.5	3586.5	6340.5	3529.5	209.5	76045.5	3.802.275
ORTHO001163	pol-like 5	AT1G07630;AT2G28890;AT3G09400;AT5G02400	6470;16311;6796;6793;44237;8152;8150;9987;6464;36211;19538;43170;71704;44238;43412;44267;44260;5886;16020;5575;44464;5623;71944;5634;43231;43227;43226;43229;44424;5622;4722;4721;16791;42578;16788;16787;3824;3674;46872;43169;43167;5488;48366;48827;48856;32502;48367;44767;44699;48731;7275;44707;32501	355	1124	976.75	1598.5	1066.5	8571.5	6325.5	2392	1481	6856.5	4160.5	5096	1352	6542.5	8429	2476	3183	1494	472.5	1698.5	957	2763	876	3920	69046.5	3.452.325
ORTHO005113	unknown protein	AT3G52740	3674;5634;43231;43227;43226;5575;43229;44424;44464;5623;5622;80167;9628;50896;8150	356	1470	733.5	1111	4356	838.5	5187.5	462	8101	266	195.5	6120	1352	4486	6092	1830	3627.5	8605	2286.5	3747	2827	2061	4271.5	1487.5	63843.5	3.192.175
ORTHO004452	Chaperone DnaJ-domain superfamily protein	AT1G16680;AT1G79030	6457;9987;8150;5737;44424;44464;5575;5623;5622	357	921	1336	2315	672.5	663	687.5	602	1839.5	4127	1144	6418.5	1352	4839	417.5	1429.5	8908.5	8381	8962.5	309.5	9128	8989.5	2943	3565	74706.5	3.735.325
ORTHO001691	Protein of unknown function (DUF1677)	AT1G79770;AT5G25840	5634;43231;43227;43226;5575;43229;44424;44464;5623;5622;3674;8150	358	186	1064.75	1771.5	248.5	96.5	81.5	9099	3504.5	789	86	7558.5	1352	6332.5	988	508.5	2492	9126.5	8791.5	1869	3564	8330.5	2661.5	3447.5	70678.5	3.533.925
ORTHO006380	unknown protein	AT5G26770	3674;5737;44424;44464;5575;5623;5622;8150;5634;43231;43227;43226;43229	359	464	658	957	672.5	6149	1954	864	3649	6856.5	10	431	1352	5895.5	4462	797.5	8013.5	4747.5	658	2534.5	1384.5	8345.5	2202	1324	61630	3081.5
ORTHO003793	Protein of unknown function (DUF760)	AT1G48450;AT3G17800	3674;8150;10224;9411;9416;9314;9628;50896;9611;6950;5634;43231;43227;43226;5575;43229;44424;44464;5623;5622;10193;302;6979;1901700;42221;1101;10035	360	340	1110.5	1861	248.5	451.5	5849	5121.5	800	1003.5	5726.5	2729	1352	5795.5	2702.5	797.5	8172.5	7571	1118.5	2935	8663	6952	1900.5	1876	71517	3575.85
ORTHO002002	26S proteasome regulatory complex; non-ATPase subcomplex; Rpn2/Psmd1 subunit	AT1G04810;AT2G32730	43161;10498;51603;6508;19538;43170;71704;8152;8150;44238;44257;30163;9057;1901575;9056;44265;44260;44237;9987;44248;44267;6511;19941;43632;9507;9536;43231;43227;43226;5575;43229;44424;44464;5623;5622;44444;5737;34515;31597;502;43234;32991;44445;5829;4175;70011;8233;16787;3824;3674;8540;5838;22624;5886;16020;71944;5634	361	806	1216	2071	672.5	3425	1011	8686.5	3543	2684.5	134	6575.5	2782	6247	6378.5	2080.5	2351.5	8496.5	2640.5	2092	1454.5	9010	2713	771.5	73077	3653.85
ORTHO004180	OBF-binding protein 3	AT3G55370	6355;1903506;2001141;31326;9889;19222;50789;65007;8150;31323;50794;51252;19219;80090;51171;60255;10556;10468;2000112;44212;975;3677;3676;1901363;5488;3674;97159;1067;45893;10628;10604;9893;48518;1903508;1902680;51254;45935;31325;48522;51173;31328;9891;10557;3700;1071;5634;43231;43227;43226;5575;43229;44424;44464;5623;5622;46872;43169;43167;9640;9639;9416;9314;9628;50896;9791;44767;32502;44699;44707;32501;7275;6351;34645;44260;43170;71704;8152;44237;9987;9059;1901576;9058;44249;97659;32774;16070;90304;6139;46483;6725;1901360;34641;6807;44238;34654;19438;44271;18130;1901362;10467	362	1205	1176.5	1991	4356	2837	54.5	3467	3471	3176.5	4693.5	7085	1352	9013	6639	2476	96.5	8885	2354	2092	3067.5	7332.5	1705	2699.5	72496.5	3.624.825
ORTHO001687	Integrase-type DNA-binding superfamily protein	AT5G25190	6355;1903506;2001141;31326;9889;19222;50789;65007;8150;31323;50794;51252;19219;80090;51171;60255;10556;10468;2000112;5634;43231;43227;43226;5575;43229;44424;44464;5623;5622;3700;1071;3674;6351;34645;44260;43170;71704;8152;44237;9987;9059;1901576;9058;44249;97659;32774;16070;90304;6139;46483;6725;1901360;34641;6807;44238;34654;19438;44271;18130;1901362;10467;3677;3676;1901363;5488;97159;9873;160;35556;7165;51716;50896;7154;44763;44699;44700;23052;9755;32870;9725;9719;10033;42221;71495;71310;70887;71369;9723	363	906	1010	1657	4356	145.5	142	602	149	136	319	818.5	1352	7448.5	9129.5	1073.5	4464.5	7273.5	7398	201.5	8909	7914	8470.5	3565	69511.5	3.475.575
ORTHO003408	NAC domain containing protein 71	AT4G17980;AT5G46590	6355;1903506;2001141;31326;9889;19222;50789;65007;8150;31323;50794;51252;19219;80090;51171;60255;10556;10468;2000112;8283;44699;6351;34645;44260;43170;71704;8152;44237;9987;9059;1901576;9058;44249;97659;32774;16070;90304;6139;46483;6725;1901360;34641;6807;44238;34654;19438;44271;18130;1901362;10467;3700;1071;3674;71365;32870;9725;9719;50896;10033;42221;71495;71310;70887;51716;9733;5634;43231;43227;43226;5575;43229;44424;44464;5623;5622;7275;44767;32502;44707;32501;43565;3677;3676;1901363;5488;97159	364	556	2266.5	4169	672.5	7528	6283.5	8950.5	3704.5	402.5	478.5	4239	9077	4995.5	638	508.5	1102.5	9072	2837.5	3129.5	3236.5	8827.5	8405	2314	85730	4286.5
ORTHO002934	RNI-like superfamily protein	AT3G54650	9507;9536;43231;43227;43226;5575;43229;44424;44464;5623;5622;44444;5737;5515;5488;3674;55047;7067;280;48285;6996;16043;71840;8150;9987;1903047;22402;44763;44699;7049;278;1902589;22412;32504;3;32501;48232;7276;44702;22414;48609;19953;44703;51704;6511;19941;51603;6508;19538;43170;71704;8152;44238;44257;30163;9057;1901575;9056;44265;44260;44237;44248;44267;43632;61630;4842;19787;16740;3824;16567;32446;70647;6464;36211;43412;61659;31146;43161;10498;1673;43073;5634;19005;31461;151;1990234;1902494;43234;32991;48316;48608;3006;32502;48856;61458;48731;7275;44767;44707;9791;10154;9555;48229;9790	365	451	1119.5	1874	672.5	2385.5	1672.5	1604.5	1839.5	14.5	5559.5	4018.5	4180	6065	6608.5	797.5	4135	7073	472.5	5637	7254	4423	6624.5	1324	71688.5	3.584.425
ORTHO003520	basic region/leucine zipper motif 53	AT3G62420	2000693;48582;48580;2000026;50793;50789;65007;8150;51239;51240;48518;51094;2000034;80050;2000241;2000243;45893;10628;10604;9893;19222;60255;10468;1903508;1903506;2001141;31326;9889;31323;50794;51252;19219;80090;51171;10556;1902680;51254;45935;31325;48522;51173;31328;9891;10557;6355;2000112;3700;1071;3674;46982;46983;5515;5488;9267;31669;31667;9991;9605;50896;31668;51716;9987;71496;7154;44763;44699;42594;6950;33554;3677;3676;1901363;97159;43565;5634;43231;43227;43226;5575;43229;44424;44464;5623;5622	366	656	489	612	407	460	210	2000	5071	2101.5	3426.5	7627.5	3701.5	6112	5886	1307	252.5	8955.5	2500.5	2854.5	253.5	1735	947.5	47.5	55449.5	2.772.475
ORTHO002060	Tesmin/TSO1-like CXC domain-containing protein	AT3G22760;AT3G22780;AT4G14770	5634;43231;43227;43226;5575;43229;44424;44464;5623;5622;46872;43169;43167;5488;3674;44212;975;3677;3676;1901363;97159;1067;3700;1071;2001141;31326;9889;19222;50789;65007;8150;31323;50794;51252;19219;80090;51171;60255;10556;6355;1903506;10468;2000112;48444;44702;22414;44699;3006;32502;48563;9887;44767;9653;48856;48513;48731;7275;44707;32501;9886;9791;48569;48437;9908;90567;48608;61458;48367;51302;9934;48509;2000026;50793;51239;22603	367	82	371.5	376	112	2333	142	52	18.5	103.5	161	431	4188	8576.5	9022.5	267	7973	8458	2770.5	2059.5	485.5	1310	969	400.5	49721	2486.05
ORTHO002844	DNA glycosylase superfamily protein	AT1G15970;AT1G80850;AT5G57970	5634;43231;43227;43226;5575;43229;44424;44464;5623;5622;8725;43733;3905;19104;16799;16798;16787;3824;3674;8152;8150;6281;6259;44260;43170;71704;44237;9987;90304;6139;46483;6725;1901360;34641;6807;44238;6974;33554;51716;50896;6950;44763;44699;44710;6284	368	60	351.5	335	31	3027.5	187.5	834.5	4231.5	674	478.5	907	9008.5	8541.5	9008.5	267	2123.5	6029.5	418	96	118.5	1656	678.5	400.5	48686.5	2.434.325
ORTHO003657	Serinc-domain containing serine and sphingolipid biosynthesis protein	AT3G24460;AT4G13345	16020;5575;15825;32329;6812;6811;44765;6810;51234;51179;8150;1902578;44699;15804;6865;71705;46942;15849;71702;15711;6820;15807;16021;31224;44425;9793;44702;22414;3006;32502;9790;44767;48856;7275;44707;32501;48316;48608;61458;48731;9791;10154;15194;15179;15171;46943;8514;8509;15075;22891;22857;5215;3674;55085;44763;9987;22892;34220;98656;5342;1903825;3333;1902475;22889;15175;8324;98655	369	663	717.5	1066	672.5	3697.5	2414	1204.5	2592	402.5	5380	228.5	1352	8576.5	8838	1073.5	7777	6440	1164.5	4586	1047	4612.5	1035	885.5	63306.5	3.165.325
ORTHO001026	VIER F-box proteine 1	AT1G47056;AT3G50080;AT4G07400;AT5G67250	4842;19787;16740;3824;3674;8152;8150;16567;32446;70647;6464;36211;19538;43170;71704;44238;43412;44267;44260;44237;9987;5634;43231;43227;43226;5575;43229;44424;44464;5623;5622;5737;31146;43161;10498;51603;6508;44257;30163;9057;1901575;9056;44265;44248;6511;19941;43632;19005;31461;151;1990234;1902494;43234;32991;61630;61659;5515;5488	370	1022	1116	1862	365.5	3917	715.5	310.5	3471	1318	147	2086	9167	4798	302.5	351	2436.5	9163	4205.5	3396.5	5170.5	9063	2757.5	8744.5	71520.5	3.576.025
ORTHO005276	basic helix-loop-helix (bHLH) DNA-binding superfamily protein	AT4G29100	6351;34645;44260;43170;71704;8152;8150;44237;9987;9059;1901576;9058;44249;97659;32774;16070;90304;6139;46483;6725;1901360;34641;6807;44238;34654;19438;44271;18130;1901362;10467;6355;1903506;2001141;31326;9889;19222;50789;65007;31323;50794;51252;19219;80090;51171;60255;10556;10468;2000112;3677;3676;1901363;5488;3674;97159;3700;1071;5634;43231;43227;43226;5575;43229;44424;44464;5623;5622;46983;5515	371	1375	695.5	1020	1584.5	8536.5	21	3787.5	3135.5	7916.5	4243	1658	1352	5845	2023.5	797.5	1896	8768	3630	1043.5	2533.5	611	607	4291.5	62696.5	3.134.825
ORTHO001185	centroradialis	AT2G27550;AT5G03840	3712;989;988;3674;1903506;2001141;31326;9889;19222;50789;65007;8150;31323;50794;51252;19219;80090;51171;60255;10556;5634;43231;43227;43226;5575;43229;44424;44464;5623;5622;8429;5543;8289;5488;43168;43167;10228;3006;32502;22414;48608;48856;61458;48731;7275;44767;44699;44707;32501;9791;5737;9910;48581;48580;2000026;50793;51239;51241;48519;51093;2000242;2000241;9909;48831;9744;34285;9743;10033;42221;50896;1901700;90344;90342;48523;6623;1902580;51641;51179;1902578;6605;6886;15031;45184;51234;8104;33036;71702;6810;46907;51649;34613;70727;1902582;44765;16482;72665;33365;72666;72594;7034;5773;44444;31982;5886;16020;71944	372	1413	1410.5	2449	1584.5	2557.5	575	9102	196	2752	4896.5	5667	8950	4890.5	358	508.5	2521.5	9157	4795.5	2765	3719.5	3111.5	1730	7453	75706	3785.3
ORTHO000554_2	nucleolar protein gar2-related	AT2G42320;AT3G57780;AT5G06930	8150;5634;43231;43227;43226;5575;43229;44424;44464;5623;5622;3674	373	571	1099	1825	248.5	7932.5	444.5	4183	280	1318	582	1915.5	1352	6764.5	8838	976.5	3471	6784	3730.5	44	7925	7038.5	6624.5	1029	71233	3561.65
ORTHO003182	Integrase-type DNA-binding superfamily protein	AT2G20880;AT4G28140	6355;1903506;2001141;31326;9889;19222;50789;65007;8150;31323;50794;51252;19219;80090;51171;60255;10556;10468;2000112;5634;43231;43227;43226;5575;43229;44424;44464;5623;5622;9873;160;35556;7165;51716;9987;50896;7154;44763;44699;44700;23052;9755;32870;9725;9719;10033;42221;71495;71310;70887;71369;9723;9651;6970;9628;6950;2000070;80134;48583;6351;34645;44260;43170;71704;8152;44237;9059;1901576;9058;44249;97659;32774;16070;90304;6139;46483;6725;1901360;34641;6807;44238;34654;19438;44271;18130;1901362;10467;3677;3676;1901363;5488;3674;97159;5737;3700;1071;10200;10243;1901698;1901700	374	670	1611	2848	672.5	4561.5	512	676	1133	2170.5	544	1338	8817.5	7213.5	9022.5	2476	7973	6946	8121	96	8711.5	5434	1263	1156	78165	3908.25
ORTHO001545	WRKY DNA-binding protein 72	AT5G15130	6355;1903506;2001141;31326;9889;19222;50789;65007;8150;31323;50794;51252;19219;80090;51171;60255;10556;10468;2000112;43565;3677;3676;1901363;5488;3674;97159;3700;1071;5634;43231;43227;43226;5575;43229;44424;44464;5623;5622;6351;34645;44260;43170;71704;8152;44237;9987;9059;1901576;9058;44249;97659;32774;16070;90304;6139;46483;6725;1901360;34641;6807;44238;34654;19438;44271;18130;1901362;10467;6952;6950;50896	375	878	1077	1779	4356	3992.5	249	834.5	522.5	8168.5	513.5	4309	8993.5	6156	6378.5	797.5	8908.5	8598.5	2066	2092	914	3609.5	2191.5	1434.5	70729.5	3.536.475
ORTHO004346	Plant-specific GATA-type zinc finger transcription factor family protein	AT3G54810	6357;6355;1903506;2001141;31326;9889;19222;50789;65007;8150;31323;50794;51252;19219;80090;51171;60255;10556;10468;2000112;5667;43234;32991;5575;44424;44464;5623;5622;9845;44707;32501;44699;90351;9791;44767;32502;7275;7623;48511;5634;43231;43227;43226;43229;1228;981;3700;1071;3674;45944;45893;10628;10604;9893;48518;1903508;1902680;51254;45935;31325;48522;51173;31328;9891;10557;6366;6351;34645;44260;43170;71704;8152;44237;9987;9059;1901576;9058;44249;97659;32774;16070;90304;6139;46483;6725;1901360;34641;6807;44238;34654;19438;44271;18130;1901362;10467;977;976;1990837;3690;43566;3677;3676;1901363;5488;97159;43565;44212;975;1067;1012;1085;8134;5515;30154;48869;44763;3682;44877	376	647	1018.5	1661	672.5	3768.5	687.5	2000	2777	6065.5	5636.5	5859.5	8929.5	8862.5	6608.5	2476	2598.5	7181.5	857	1320	635.5	1068	1035	1156	69522.5	3.476.125
ORTHO002954	RING/U-box superfamily protein	AT1G04360;AT5G43420	16567;32446;70647;6464;36211;19538;43170;71704;8152;8150;44238;43412;44267;44260;44237;9987;8270;46914;46872;43169;43167;5488;3674;16021;31224;44425;5575;16020;5634;43231;43227;43226;43229;44424;44464;5623;5622	377	1266	1789.25	3201.5	1066.5	3710	3628.5	765	2465.5	5266	1414	5877.5	1352	9119	6748	976.5	3322.5	6737.5	778.5	4664.5	6578.5	8421	6989	1487.5	80301	4015.05
ORTHO001501	ubiquitin-specific protease 16	AT4G24560;AT5G65450	5515;5488;3674;6508;19538;43170;71704;8152;8150;44238;48364;44767;32502;44699;48513;48856;48731;7275;44707;32501;22622;48366;48827;48367;9651;6970;9628;50896;6950;16579;70646;70647;6464;36211;43412;44267;44260;44237;9987;4843;19783;8234;70011;8233;16787;3824;36459;9908;90567;48608;3006;22414;61458;44702;9791;16021;31224;44425;5575;16020;5576;1901000;47484;80134;48583;50789;65007;46872;43169;43167;8283;4197;4175;6511;19941;51603;44257;30163;9057;1901575;9056;44265;44248;43632	378	1061	3504.5	6631	944.5	273.5	6478	8366.5	9134	3547	4485.5	8467	8380	6542.5	8638.5	797.5	630	8759	5430	2289	2369	5434	4723.5	4291.5	99036	4951.8
ORTHO002277	unknown protein	AT4G38060	8150;5739;43231;43227;43226;5575;43229;44424;44464;5623;5622;44444;5737;3674;9507;9536	379	1253	1481	2583	1066.5	7794.5	81.5	3588	1753	7407.5	5407.5	1422	2832.5	5926.5	5746.5	1996.5	400	9077	7562	3184	1178	8049	2965	188	76559	3827.95
ORTHO002903	Exostosin family protein	AT2G28110;AT5G22940	10417;45492;45491;10410;10383;5976;5975;71704;8152;8150;44238;43170;44036;44260;44237;9987;71554;70592;33692;271;16051;44723;44710;44699;1901576;9058;44711;9059;34637;44262;44763;44249;44264;34645;44038;70589;44085;71840;42546;10413;5886;16020;5575;44464;5623;71944;139;98588;31090;44422;43226;43227;44431;44444;44424;5622;5737;44446;43229;5794;43231;12505;15020;8194;16757;16740;3824;3674;16758;71555;45229;16043;16021;31224;44425;9834;9832;71669	380	1213	2397	4414	4356	7853.5	3628.5	3243.5	2412.5	4634.5	3426.5	7725	7377.5	7448.5	8316.5	2476	2277	7728	2179.5	4211	7386	1910	807.5	1906.5	86948	4347.4
ORTHO002445	Transducin/WD40 repeat-like superfamily protein	AT3G62770	50832;98542;6952;6950;50896;8150;51707;43207;9605;9607;51704;9620;80025;1902936;1901981;35091;5543;8289;5488;3674;43168;43167;42594;31667;9991;48102;12501;8219;16265;44699;44763;9987;5515;6970;9628;6914;44248;9056;8152;44237;5829;44444;44424;44464;5575;5623;5622;5737;9651;5634;43231;43227;43226;43229;5774;44437;44446;44422;5773;98588;31090;16020;98805;9414;9415;1101;42221;10035;1901700;6979;10150;10260;7568;44767;32502;48513;48856;48731;7275;44707;32501;48366;48827;48367	381	1074	533.25	685.5	4356	866.5	398	563	1198	1540.5	744	130	1352	9065	6937	2476	1855	7821.5	1870.5	201.5	2356.5	8588.5	2513.5	6669	57146	2857.3
ORTHO003495	alpha/beta-Hydrolases superfamily protein	AT2G24320;AT4G31020	5576;5575;16787;3824;3674;8152;8150	382	574	2514.5	4647	3586.5	2981	6220	4266	8928.5	3147	4931	6797	9057	5077	693	508.5	901	8751	2168	1788	2280	8814.5	8976.5	1825	88110	4405.5
ORTHO001936	Phosphofructokinase family protein	AT1G20950;AT1G76550	5524;35639;1901265;1901363;5488;3674;97159;43168;43167;32559;30554;17076;166;36094;32555;32553;97367;32550;32549;1882;1883;47334;8443;16773;16772;16740;3824;8152;8150;19200;16301;16310;6796;6793;44237;9987;46835;44262;5975;71704;44238;5737;44424;44464;5575;5623;5622;3872;61615;6096;6090;32787;19752;43436;6082;44281;44710;44699;44763;44724;44712;9056;44723;16052;1901575;6757;6091;46031;9150;6163;72521;46483;6725;1901360;34641;6807;1901564;9117;6753;19637;55086;6139;9259;19693;1901135;9179;9185;9132;9135;9167;9161;9123;9126;46128;9119;9116;1901657;42278;46034;9205;9144;9141;9199;6165;46939;46496;19362;6733;6732;51186;72524;10317;43234;32991;10316;15979;9744;34285;9743;10033;42221;50896;1901700;5829;44444;46872;43169;9750;9746;34284;9749	383	111	711.5	1040	6.5	31	1672.5	4266	460	985.5	3461	3912.5	1352	5702	1462	44.5	3235	8097	5347.5	5277	4833.5	8310.5	4292	113.5	62855	3142.75
ORTHO003945	plasmodesmata-located protein 2	AT1G04520;AT2G33330	5576;5575;10497;10496;6810;51234;51179;8150;9987;3674;46739;44000;51814;52192;40011;44403;44419;51704;52126;51701;46794;16032;44764;44766;1902579;16021;31224;44425;16020;9506;5911;30054;55044	384	1512	2271	4158	1066.5	2054	5925	7762	8259	1926.5	2129.5	5372	8675.5	5258.5	810.5	508.5	2314	7910.5	8734.5	2854.5	246.5	8070.5	2104	4758	85673.5	4.283.675
ORTHO001627	Protein phosphatase 2C family protein	AT2G33700;AT3G51470	9409;9266;9628;50896;8150;6950;61416;61392;71470;71214;51716;9987;6970;33554;43618;43620;6355;1903506;2001141;31326;9889;19222;50789;65007;31323;50794;51252;19219;80090;51171;60255;10556;10468;2000112;6357;71472;9651;5737;44424;44464;5575;5623;5622;4722;4721;16791;42578;16788;16787;3824;3674;8152;16311;6796;6793;44237;6470;6464;36211;19538;43170;71704;44238;43412;44267;44260;9737;9725;9719;10033;42221;33993;97305;1901700;1101;5634;43231;43227;43226;43229;9414;9415;10035;46872;43169;43167;5488	385	579	493	601	672.5	505	96	153.5	1042.5	82.5	2129.5	4239	1352	4850	438.5	508.5	630	8381	1589	399	2587	9068	9142.5	7997	55190.5	2.759.525
ORTHO002142	TUDOR-SN protein 1	AT5G07350;AT5G61780	5829;44444;44424;44464;5575;5623;5622;5737;9306;15031;45184;51234;51179;8150;8104;33036;71702;6810;32940;46903;44765;1902578;44699;51649;51641;44763;9987;932;36464;35770;30529;32991;43232;43228;43226;43229;9651;6970;9628;50896;6950;3676;1901363;5488;3674;97159;3723;5783;43231;43227;12505;5618;30312;71944;16788;16787;3824;8152;5635;44428;44446;44422;5634;31967;31975;3712;989;988;1903506;2001141;31326;9889;19222;50789;65007;31323;50794;51252;19219;80090;51171;60255;10556;5886;16020;46686;10038;10035;42221;9507;9536;10494;6402;16071;16070;44260;43170;71704;44237;90304;6139;46483;6725;1901360;34641;6807;44238;6401;44265;9057;1901575;9056;44248;34655;19439;44270;1901361;46700;35194;16441;10608;10468;40029;16458;10629;10605;9892;48519;31047;4518;90305;9686;16102;16114;6721;6720;44255;6629;44710;8299;8610;1901576;9058;44711;44249;16101;46394;16053;6082;44281;44283;19752;43436;9685;9845;44707;32501;90351;9791;44767;32502;7275;9506;5911;30054;55044	386	923	294	202	672.5	3632	6075.5	203.5	800	3122	319	998	1352	4736	6444.5	508.5	2086	5992	857	1343.5	225.5	2213.5	664.5	2046	43619	2180.95
ORTHO002950	alpha-soluble NSF attachment protein 2	AT3G56190	5773;43231;43227;43226;5575;43229;44424;44464;5623;5622;44444;5737;5886;16020;71944;5774;44437;44446;44422;98588;31090;98805;5483;5515;5488;3674;9507;9536;9506;5911;30054;55044	387	771	2226	4065	672.5	693.5	3758	1484	9003	4329	1211	4566	4398	4969	599	136	8286.5	8222	9082.5	8125.5	2641	8776	2380.5	2501.5	85162	4258.1
ORTHO002294	ACT domain repeat 8	AT1G12420;AT4G22780	8152;8150;5575;9737;9725;9719;50896;10033;42221;33993;97305;1901700;1101;16597;31406;43177;36094;5488;3674;43168;43167;5829;44444;44424;44464;5623;5622;5737	388	1332	967.5	1547	1066.5	3168.5	142	1484	29.5	6966.5	16	790	1352	9167	9158	2476	9109.5	9114	9002.5	1556.5	2660.5	433	320	1644	68589.5	3.429.475
ORTHO004833	basic helix-loop-helix (bHLH) DNA-binding superfamily protein	AT1G51140	5634;43231;43227;43226;5575;43229;44424;44464;5623;5622;10119;50794;50789;65007;8150;3700;1071;3674;2001141;31326;9889;19222;31323;51252;19219;80090;51171;60255;10556;6355;1903506;10468;2000112;48573;9648;9416;9314;9628;50896;10228;3006;32502;22414;48608;48856;61458;48731;7275;44767;44699;44707;32501;9791;46983;5515;5488;3677;3676;1901363;97159;6351;34645;44260;43170;71704;8152;44237;9987;9059;1901576;9058;44249;97659;32774;16070;90304;6139;46483;6725;1901360;34641;6807;44238;34654;19438;44271;18130;1901362;10467	389	860	2828	5267	672.5	8240.5	5917.5	917.5	393.5	642.5	5559.5	8494.5	8675.5	6764.5	8726.5	2476	3367.5	6590	1253	259.5	7709	6679	5826.5	2850	91342.5	4.567.125
ORTHO000939	Protein of Unknown Function (DUF239)	AT1G55360;AT2G44210;AT3G13510;AT5G56530	8150;5576;5575;3674	390	331	1082	1774	248.5	422	7147	1426	931	136	2129.5	6575.5	3828	6170.5	6319	136	9010.5	7335.5	577.5	2534.5	8264.5	4471.5	2965	314	70693.5	3.534.675
ORTHO001338	myb domain protein 74	AT4G05100;AT4G21440	9651;6970;9628;50896;8150;6950;3682;44877;5488;3674;3700;1071;2001141;31326;9889;19222;50789;65007;31323;50794;51252;19219;80090;51171;60255;10556;6355;1903506;10468;2000112;9723;9725;9719;10033;42221;3677;3676;1901363;97159;9753;1101;1901700;5634;43231;43227;43226;5575;43229;44424;44464;5623;5622;9737;33993;97305;9611	391	26	307	223	83.5	186.5	127	864	317.5	2787	544	93	1352	9024.5	6791	267	41	7471.5	948.5	270.5	1078.5	6648	2059	3289.5	44160	2208
ORTHO004076	P4H isoform 2	AT3G06300;AT5G18900	80147;48468;48869;44767;32502;8150;44699;44763;9987;48856;30154;48765;10053;90627;10015;9653;48364;48513;48731;7275;44707;32501;22622;90558;9888;48764;48469;21700;10054;18401;19471;1901605;6520;1901564;71704;8152;6807;19752;43436;6082;44281;44710;44237;44238;46483;1901360;6575;32787;19511;18208;18193;6464;36211;19538;43170;43412;44267;44260;18126;4656;31545;31543;16706;16705;16491;3824;3674;55114;51213;19798;5576;5575;5506;46914;46872;43169;43167;5488;5768;43231;43227;43226;43229;44424;44464;5623;5622;44444;5737;12505;5794;5802;98791;44431;44446;44422;31984;31418;31406;43177;36094;43168;48029;30246;19842;5788;70013;43233;31974;44432;5783;5634	392	991	1171.5	1951	672.5	3768.5	6449.5	676	54.5	2736.5	69	8693.5	1352	6065	6520.5	797.5	7991.5	8725.5	2640.5	1320	1299.5	9157	3649	295	72260.5	3.613.025
ORTHO000387_1	Nucleotidylyl transferase superfamily protein	AT2G01220;AT3G01040;AT3G27610;AT5G15470;AT5G54690	9941;9526;31967;31975;44464;5575;5623;44446;44422;43226;44424;5622;43229;43227;44435;44444;5737;9536;43231;44434;9507;16740;3824;3674;8152;8150;9058;9555;48229;7275;44767;32502;44699;44707;32501;48856;52325;70592;10383;5976;5975;71704;44238;43170;44036;44260;44237;9987;71554;33692;271;16051;44723;44710;1901576;44711;9059;34637;44262;44763;44249;44264;34645;44038;70589;44085;71840;42546;52546;45488;10393;9664;71555;45229;16043;71669;45489;9832;139;98588;31090;16020;44431;5794;12505;16021;31224;44425;9860;44702;22414;904;902;32989;9653;48869;48468;30154;3006;48588;48589;40007;16049;9932;9826;60560;48868;9856;44703;51704;44706;47262;8194;16757;16758;90406;42995;10417;45492;45491;10410;10413	393	434	1024.5	1656	407	6810	162.5	3522	3046	2340	4295	5859.5	1352	9051	6545	1175.5	6244	7219.5	2066	727.5	1863.5	6182.5	545.5	493	69500	3475
ORTHO004598	TEOSINTE BRANCHED 1; cycloidea; PCF (TCP)-domain family protein 20	AT3G27010	5634;43231;43227;43226;5575;43229;44424;44464;5623;5622;43565;3677;3676;1901363;5488;3674;97159;8361;32535;90066;65008;65007;8150;16043;71840;9987;44763;44699;5515;3700;1071;2001141;31326;9889;19222;50789;31323;50794;51252;19219;80090;51171;60255;10556;6355;1903506;10468;2000112;987;976;1990837;3690;43566;44212;975;1067;1159;9653;32502;48856;6351;34645;44260;43170;71704;8152;44237;9059;1901576;9058;44249;97659;32774;16070;90304;6139;46483;6725;1901360;34641;6807;44238;34654;19438;44271;18130;1901362;10467;1900056;51241;48519;51239;1900055;2000024;48831;2000026;50793;51093	394	1261	1863	3332	4356	7278	1011	3467	9111	1318	5264.5	3775.5	1352	5199	693	1429.5	2473	8776.5	8734.5	2289	3097	8049	2079	5601	80997.5	4.049.875
ORTHO001712	Eukaryotic aspartyl protease family protein	AT3G50050;AT5G43100	6508;19538;43170;71704;8152;8150;44238;9507;9536;43231;43227;43226;5575;43229;44424;44464;5623;5622;44444;5737;5768;12505;5794;5802;98791;44431;44446;44422;31984	395	528	2301.5	4208	672.5	8919.5	2328.5	1361	702.5	2736.5	5625	2086	9031.5	8969	6687	267	2384.5	7637	762.5	6754	8468.5	4612.5	1594	5007.5	85934	4296.7
ORTHO001496	hydroxyproline-rich glycoprotein family protein	AT2G33490	5886;16020;5575;44464;5623;71944;5634;43231;43227;43226;43229;44424;5622;3674;8150	396	605	555.5	715	672.5	7915	776.5	488	931	3706.5	1211	307.5	1352	5258.5	638	1429.5	2351.5	8318	1537.5	346	1773	8989.5	2603	7721.5	57653.5	2.882.675
ORTHO003032	Walls Are Thin 1	AT1G75500	22857;5215;3674;6810;51234;51179;8150;55085;44763;9987;44699;44765;1902578;90358;90357;6521;80090;19222;50789;65007;10565;31323;50794;33238;51171;45764;33240;31325;9893;48518;48522;51173;90355;90354;32350;32352;5774;44437;44444;44424;44464;5575;5623;5622;5737;44446;44422;43226;43229;5773;43231;43227;98588;31090;16020;98805;9705;325;9826;902;32989;16043;71840;9653;32502;48856;48869;44767;60560;48589;40007;16049;16021;31224;44425;5886;71944;9834;9832;42546;44085;71554;71669	397	395	1827.5	3258	672.5	3992.5	575	446.5	9169.5	738	5283	2000.5	9167	4861	438.5	508.5	7214.5	8794	2448	3409.5	1227	8018	8993	3340.5	80624.5	4.031.225
ORTHO003114	Eukaryotic translation initiation factor 3 subunit 7 (eIF-3)	AT4G20980;AT5G44320	5737;44424;44464;5575;5623;5622;5852;43234;32991;44444;3743;8135;3723;3676;1901363;5488;3674;97159;6412;43043;43604;43603;34641;6807;8152;8150;44237;9987;44271;44249;9058;6518;1901564;71704;1901566;1901576;44267;19538;43170;44238;44260;34645;9059;10467;6413;5829	398	1028	309	220	672.5	702	7197.5	548.5	1042.5	1999	865	6998.5	3709.5	4295.5	6092	1144	2976.5	1669.5	224.5	773.5	132	980	2513.5	111.5	43975	2198.75
ORTHO004785	beta-ketoacyl reductase 1	AT1G67730	5789;98588;31090;16020;5575;44422;43226;43227;44432;44444;44424;44464;5623;5622;5737;44446;43229;5783;43231;12505;44425;42175;42761;6633;72330;46394;16053;6082;71704;8152;8150;44281;44710;44699;44763;9987;44237;44283;44711;9058;1901576;44249;19752;43436;32787;6631;44255;6629;44238;8610;38;16491;3824;3674;55114;9507;9536;16021;31224;9790;44767;32502;48856;7275;44707;32501;18454;16616;16614;45703;42335	399	146	377.5	356	141	349	5673.5	188	800	402.5	210.5	597.5	8898	4825	6305	136	7698.5	6183.5	216	129.5	5061.5	837.5	433.5	261	49206	2460.3
ORTHO001289	homolog of yeast sucrose nonfermenting 4	AT1G09020	5634;43231;43227;43226;5575;43229;44424;44464;5623;5622;45859;43549;42325;19220;51174;31323;50794;50789;65007;8150;19222;51338;50790;65009;1932;31399;32268;51246;80090;60255;5515;5488;3674;32147;45860;1934;42327;45937;10562;31325;9893;48518;48522;31401;32270;51247;10604;33674;51347;43085;44093;46777;6468;16310;6796;6793;44237;8152;9987;6464;36211;19538;43170;71704;44238;43412;44267;44260;19887;19207;30234;98772;4674;4672;16301;16772;16740;3824;16773;30295;19209;8047;42149;9267;31669;31667;9991;9605;50896;31668;51716;71496;7154;44763;44699;42594;6950;33554;5737	400	882	2321	4242	4356	8358.5	2121.5	805.5	6379.5	1371	669	1854	8754.5	7101	8868	2476	7922.5	6683.5	658	4884.5	8083.5	4970.5	1121.5	3005.5	86088	4304.4
ORTHO001162	Protein phosphatase 2C family protein	AT2G25070;AT4G31860	6470;16311;6796;6793;44237;8152;8150;9987;6464;36211;19538;43170;71704;44238;43412;44267;44260;9737;9725;9719;50896;10033;42221;33993;97305;1901700;1101;5886;16020;5575;44464;5623;71944;4722;4721;16791;42578;16788;16787;3824;3674;5634;43231;43227;43226;43229;44424;5622;46872;43169;43167;5488	401	1321	812	1223	1066.5	857.5	6055.5	4503	6379.5	1371	982	267.5	1352	7850	8868	2476	294.5	6505.5	577.5	2289	864.5	6895.5	4209.5	2699.5	65297.5	3.264.875
ORTHO002225	xyloglucan endotransglucosylase/hydrolase 28	AT1G14720;AT2G01850	80086;3006;32502;8150;22414;48856;48443;48827;48367;44767;44699;48731;7275;44707;32501;48437;44702;48569;48513;9908;90567;48608;61458;9791;48466;48438;16762;16758;16757;16740;3824;3674;8152;4553;16798;16787;71555;45229;16043;71840;9987;71554;5618;30312;44464;5575;5623;71944;6073;44042;5976;5975;71704;44238;43170;44264;44260;44237;44262;42546;44085;10154;48046;5576;10411;10410;10383;44036;10087;9888	402	799	815.25	1228.5	672.5	2557.5	1744	765	224.5	1567.5	478.5	119.5	8817.5	7213.5	8995	1073.5	2162	6946	8008.5	5062.5	1121	6077	1263	1131	65327	3266.35
ORTHO001303	unknown protein	AT1G50660;AT3G20350	902;32989;16043;71840;8150;9987;9653;32502;48856;48869;44767;44699;44763;5737;44424;44464;5575;5623;5622;5886;16020;71944	403	1577	2191	3979	1281	8183	6375	4670	3366.5	7441.5	5114.5	3108	3932	7387.5	8316.5	797.5	7962.5	8584	2347	1811	497	2061	827.5	1906.5	84688.5	4.234.425
ORTHO003034	IQ-domain 19	AT4G14750	5516;5515;5488;3674;5634;43231;43227;43226;5575;43229;44424;44464;5623;5622	404	864	1909.75	3415.5	672.5	7603	376.5	917.5	393.5	555.5	7199	2038	1352	9001	6687	797.5	6162	7728	8886.5	1229.5	1416	8695.5	8775	1735.5	81548.5	4.077.425
ORTHO004431	homeobox 7	AT2G46680;AT3G61890	6355;1903506;2001141;31326;9889;19222;50789;65007;8150;31323;50794;51252;19219;80090;51171;60255;10556;10468;2000112;45893;10628;10604;9893;48518;1903508;1902680;51254;45935;31325;48522;51173;31328;9891;10557;9738;9755;7165;51716;9987;50896;7154;44763;44699;44700;23052;32870;9725;9719;10033;42221;71495;71310;70887;71215;9737;33993;97305;1901700;1101;71396;97306;1901701;71229;5634;43231;43227;43226;5575;43229;44424;44464;5623;5622;6351;34645;44260;43170;71704;8152;44237;9059;1901576;9058;44249;97659;32774;16070;90304;6139;46483;6725;1901360;34641;6807;44238;34654;19438;44271;18130;1901362;10467;3700;1071;3674;43565;3677;3676;1901363;5488;97159;9414;9415;9628;10035;6950;9651;6970;7275;44767;32502;44707;32501;9615;51707;43207;9605;9607;51704	405	1434	1746.75	3088.5	4356	8050	3025	8735	931	5535.5	1144	409.5	1352	7536	8593.5	2476	1396.5	5886.5	577.5	4131	5903.5	6512.5	5295.5	2166	79656.5	3.982.825
ORTHO001023	Cyclin D2	AT2G22490;AT5G10440;AT5G65420	51301;44763;9987;8150;44699;5515;5488;3674;5634;43231;43227;43226;5575;43229;44424;44464;5623;5622;16538;19887;19207;30234;98772;50790;19222;50789;65007;65009;42325;19220;51174;31323;50794;45859;43549;51338;1932;31399;32268;51246;80090;60255;9744;34285;9743;10033;42221;50896;1901700;7049;51726;10440;48869;44767;32502;10374;9791;44707;32501;7275;90558;9888;48856;4693;97472;4672;16301;16772;16740;3824;8152;16310;6796;6793;44237;16773;6468;6464;36211;19538;43170;71704;44238;43412;44267;44260;4674;5737	406	1618	4297.75	8189.5	1281	640.5	652	8181.5	8808.5	3135	865	9079.5	1352	9065	6867.5	2476	7582.5	7801.5	8830	1160.5	8952.5	8566.5	9022.5	8111.5	111150	5557.5
ORTHO001083	CYCLIN A2	AT1G15570;AT1G80370;AT5G11300;AT5G25380	19901;19900;19899;5515;5488;3674;10311;9791;44767;32502;8150;44699;44707;32501;7275;48645;48646;9653;48856;9887;48513;48731;10102;10101;10015;48364;22622;9886;48528;48569;48527;51726;50794;50789;65007;2000123;48582;48580;2000026;50793;51239;51240;48518;51094;2000038;8283;42023;44786;6261;6260;6259;44260;43170;71704;8152;44237;9987;90304;6139;46483;6725;1901360;34641;6807;44238;34645;9059;1901576;9058;44249;22402;44763;7049;44711;44710;5634;43231;43227;43226;5575;43229;44424;44464;5623;5622;10389;1902749;1901987;10564;1901990;7346;16538;19887;19207;30234;98772;50790;19222;65009;42325;19220;51174;31323;45859;43549;51338;1932;31399;32268;51246;80090;60255;10374;90558;9888;51301;79;1904029;71900;1944;72358;72359	407	311	2390	4373	3564.5	2557.5	7453.5	1823.5	8940	334.5	3426.5	4421	1352	4921.5	599	136	6982.5	7801.5	904	2903	8663	7603.5	8775	7161.5	86759	4337.95
ORTHO006079	C2H2-type zinc finger family protein	AT5G04390	5634;43231;43227;43226;5575;43229;44424;44464;5623;5622;8270;46914;46872;43169;43167;5488;3674;3676;1901363;97159;8150	408	891	2606	4804	4356	8278	262	3318	9152	2170.5	169.5	6080.5	1352	8576.5	8915.5	2476	7840	8904	2332	1343.5	8909	5132.5	1157	2699.5	89068	4453.4
ORTHO001842	GLN phosphoribosyl pyrophosphate amidotransferase 1	AT2G16570;AT4G34740;AT4G38880	5829;44444;44424;44464;5575;5623;5622;5737;5618;30312;71944;8152;8150;6541;9064;1901605;6520;1901564;71704;6807;19752;43436;6082;44281;44710;44699;44763;9987;44237;44238;9532;44435;44446;44422;43226;43229;9536;43231;43227;9570;44434;9507;6189;6188;46040;9150;6163;72521;46483;6725;1901360;34641;9117;6753;19637;6793;55086;6139;6796;9259;19693;1901135;9167;9161;9123;9126;9152;9260;46390;90407;1901576;9058;1901137;9165;1901293;34654;19438;44249;44271;18130;1901362;44711;6164;72522;1901566;9168;9156;9124;9127;9113;46112;9112;6144;46148;42440;46872;43169;43167;5488;3674;51536;51540;9116;1901657;4044;16763;16757;16740;3824;9965;9887;44767;32502;9653;48856;48513;48731;7275;44707;32501;48366;48827;48367;10016;9658;9657;6996;16043;71840	409	262	517	625	248.5	5722.5	24	71	43.5	402.5	147	2851	1352	9173	7737.5	1073.5	9116.5	8505.5	4485	1043.5	2701	476.5	228.5	691.5	55845.5	2.792.275
ORTHO002837	myb domain protein 112	AT1G48000;AT3G06490;AT5G49620	3677;3676;1901363;5488;3674;97159;6355;1903506;2001141;31326;9889;19222;50789;65007;8150;31323;50794;51252;19219;80090;51171;60255;10556;10468;2000112;5634;43231;43227;43226;5575;43229;44424;44464;5623;5622;3700;1071;3682;44877;9737;9725;9719;50896;10033;42221;33993;97305;1901700;1101;46686;10038;10035;9651;6970;9628;6950;9751;14070;6351;34645;44260;43170;71704;8152;44237;9987;9059;1901576;9058;44249;97659;32774;16070;90304;6139;46483;6725;1901360;34641;6807;44238;34654;19438;44271;18130;1901362;10467;9753;9620;51707;43207;9605;9607;51704;9723	410	491	292	174	672.5	4758	64.5	1114.5	113.5	502	744	1422	7554	4694.5	6378.5	136	2025	5992	3199	201.5	1332.5	750	388	691.5	42061	2103.05
ORTHO001352	Protein kinase superfamily protein	AT2G23450;AT5G66790	16301;16772;16740;3824;3674;8152;8150;16310;6796;6793;44237;9987;6468;6464;36211;19538;43170;71704;44238;43412;44267;44260	411	701	988.5	1566	672.5	80.5	6283.5	602	493.5	930.5	397.5	56	8950	7448.5	9114	1073.5	8528	7181.5	7197.5	259.5	111	5308.5	1263	3501.5	68780	3439
ORTHO001549	PLATZ transcription factor family protein	AT1G32700;AT4G17900	5634;43231;43227;43226;5575;43229;44424;44464;5623;5622;5739;44444;5737;8150	412	1349	1302.5	2193	1066.5	7749.5	7321	2392	1994.5	402.5	2216.5	4239	1352	9024.5	6639	2476	935.5	6946	1325	2230.5	2007	7972	3986	2623	73831.5	3.691.575
ORTHO001945	Clathrin adaptor complexes medium subunit family protein	AT1G10730;AT1G60780	30131;30119;98796;43234;32991;5575;44425;16020;44444;44424;44464;5623;5622;5737;30117;48475;30118;30125;30120;44433;44446;44422;43226;43229;31410;31982;30662;30659;12506;31090;43227;31988;16023;43231;98588;98805;30135;30665;30136;16192;6810;51234;51179;8150;6886;15031;45184;8104;33036;71702;46907;51649;51641;34613;70727;5794;12505;31901;10008;44440;5768;5769;5829	413	1176	1467	2521	1066.5	6643.5	575	1204.5	8766	2736.5	982	2851	1352	7779.5	8638.5	2476	7557.5	6505.5	3857.5	366.5	5839	4471.5	1405.5	2229	76236.5	3.811.825
ORTHO003504	ENTH/ANTH/VHS superfamily protein	AT1G03050;AT4G02650	48268;43623;6461;65003;43933;16043;71840;8150;9987;22607;44085;71822;70271;34622;6901;16050;6996;6900;61024;16192;6810;51234;51179;5545;35091;5543;8289;5488;3674;43168;43167;30118;30117;98796;43234;32991;5575;44425;16020;44444;44424;44464;5623;5622;5737;48475;6897;30136;30135;16023;31988;43227;43226;31982;43231;43229;31410;5905;98589;98805;12505;5634;5794;30276;5515	414	756	826	1238	672.5	390.5	687.5	4053	7183.5	4155	4416	409.5	1352	6764.5	8793	976.5	1692	7431.5	1589	1460	2864	6512.5	3717	971.5	65418.5	3.270.925
ORTHO003317	nuclear factor Y; subunit A10	AT5G06510	6355;1903506;2001141;31326;9889;19222;50789;65007;8150;31323;50794;51252;19219;80090;51171;60255;10556;10468;2000112;3700;1071;3674;16602;90575;44798;44428;44446;44422;5575;43226;44424;44464;5623;5622;43229;5634;43231;43227;5667;43234;32991;3677;3676;1901363;5488;97159;6351;34645;44260;43170;71704;8152;44237;9987;9059;1901576;9058;44249;97659;32774;16070;90304;6139;46483;6725;1901360;34641;6807;44238;34654;19438;44271;18130;1901362;10467	415	194	1113	1811	248.5	113	226	175.5	3450	1094.5	147	8240	4146.5	8776.5	6378.5	136	2425.5	8971.5	8655.5	3085	2660.5	9063	3227	46	71017.5	3.550.875
ORTHO001038	acyl carrier protein 2	AT1G54580;AT1G54630;AT3G05020	9507;9536;43231;43227;43226;5575;43229;44424;44464;5623;5622;44444;5737;6633;72330;46394;16053;6082;71704;8152;8150;44281;44710;44699;44763;9987;44237;44283;44711;9058;1901576;44249;19752;43436;32787;6631;44255;6629;44238;8610;36;44620;51192;48037;5488;3674;9570;9532;44435;44446;44422;44434;5829	416	308	648	880	248.5	4233	7097.5	251.5	8993.5	1123	99	818.5	1352	4727.5	6192.5	136	2298	7870.5	2676	1980	8738	787	416.5	725.5	60515.5	3.025.775
ORTHO002808	PDI-like 1-3	AT3G54960;AT5G60640	5783;43231;43227;43226;5575;43229;44424;44464;5623;5622;44444;5737;12505;3756;16864;16860;16853;3824;3674;8152;8150;6457;9987;5774;44437;44446;44422;5773;98588;31090;16020;98805;5788;70013;43233;31974;44432;34976;33554;51716;50896;6950;9507;9536;5634;5739;5618;30312;71944;5576;6979	417	517	1010.5	1604	672.5	2557.5	5825	864	8928.5	238.5	397.5	1070.5	4151.5	7343.5	9073.5	1073.5	2152.5	7073	6109.5	96	8798.5	1228	876	1215.5	69072.5	3.453.625
ORTHO000803_2	chloroplast beta-amylase	AT4G17090	9570;9532;44435;44444;44424;44464;5575;5623;5622;5737;44446;44422;43226;43229;9536;43231;43227;44434;9507;24;46351;5984;44262;5975;71704;8152;8150;44238;44237;9987;9311;44723;44710;44699;44763;34637;16051;1901576;9058;44711;44249;9312;23;16161;16160;4553;16798;16787;3824;3674;5983;9251;272;5976;43170;16052;1901575;9056;9057;44042;44247;44264;44260;44275;44248;5982;6073;9409;9266;9628;50896;6950	418	178	832.5	1247	248.5	585	444.5	1426	1954.5	1094.5	1082.5	2640.5	1352	5709.5	1910.5	797.5	1507	7776.5	8734.5	1426	8697	7881	8723	1825	65567	3278.35
ORTHO000290_2	AMP-dependent synthetase and ligase family protein	AT1G64400;AT4G11030;AT4G23850	5634;43231;43227;43226;5575;43229;44424;44464;5623;5622;5524;35639;1901265;1901363;5488;3674;97159;43168;43167;32559;30554;17076;166;36094;32555;32553;97367;32550;32549;1882;1883;6633;72330;46394;16053;6082;71704;8152;8150;44281;44710;44699;44763;9987;44237;44283;44711;9058;1901576;44249;19752;43436;32787;6631;44255;6629;44238;8610;1676;4467;15645;16877;16874;3824;5783;44444;5737;12505;5794;5886;16020;71944	419	515	2199.5	3980	248.5	7563	5535	864	9130	136	354.5	4162.5	1352	4995.5	693	508.5	6825	9089	2872.5	7080	3252	8900	9065.5	2314	84692	4234.6
ORTHO001493	Plant protein of unknown function (DUF827)	AT1G65010;AT3G02930;AT4G27595;AT5G16730	9507;9536;43231;43227;43226;5575;43229;44424;44464;5623;5622;44444;5737;9908;90567;48608;3006;32502;8150;22414;48856;61458;48731;7275;44767;44699;44707;32501;44702;9791;48367;5634;5875;44430;44446;44422;5856;43232;43228;43234;32991;15630;5783;12505;3674	420	169	1053.5	1687	141	585	512	535	1625	3950	5610	2640.5	3566	6358.5	6192.5	2080.5	8940	7597	7862.5	87	1729.5	6759.5	2808	344.5	69783	3489.15
ORTHO003819	lysm domain GPI-anchored protein 1 precursor	AT1G21880;AT1G77630	46658;31226;44459;44464;5575;5623;44425;16020;5886;71944;31224;31225;5576;6955;2376;8150;50896;16998;44036;44260;43170;71704;8152;44237;9987;71554;44248;9056;6952;6950;42834;5539;97367;5488;3674	421	1175	1774.5	3128	1066.5	2672	2528	1289.5	702.5	2976	865	7923	8205.5	7850	8893	976.5	3322.5	6471	4165.5	4586	1026	7109	5617	2699.5	79877.5	3.993.875
ORTHO002547	Encodes a protein whose expression is responsive to nematode infection.	AT2G01340;AT5G37840	9624;51707;43207;9605;50896;8150;9607;51704;5886;16020;5575;44464;5623;71944;3674;5634;43231;43227;43226;43229;44424;5622	422	1389	1579.5	2737	4356	2239.5	8945.5	4373.5	597.5	2721	1082.5	3218	7554	7536	8572	797.5	2571	5886.5	1004.5	1835.5	5422.5	5213.5	5762.5	2166	77499	3874.95
ORTHO000716	tetratricopetide-repeat thioredoxin-like 1	AT1G53300;AT2G42580;AT3G14950;AT3G58620	9651;6970;9628;50896;8150;6950;9738;9755;7165;50794;50789;65007;51716;9987;7154;44763;44699;44700;23052;32870;9725;9719;10033;42221;71495;71310;70887;71215;9737;33993;97305;1901700;1101;71396;97306;1901701;71229;9789;9967;9966;10646;48583;23051;10647;48522;48518;48584;23056;1901421;1901419;9787;5634;43231;43227;43226;5575;43229;44424;44464;5623;5622;45454;19725;42592;65008;9742;43401;71383;71407;14070;48545;71367;9741;9734;71365;9733;10305;10051;3002;7389;44767;32502;44707;32501;7275;5515;5488;3674;9555;48229;48856	423	1122	2295	4167	4356	147	652	3218	8676	582	4305	8051	1352	6971	8838	7782	3493.5	8023	1004.5	2230.5	414.5	7183	6989	5806	85718	4285.9
ORTHO004013	unknown protein	AT1G53450;AT3G14830	8150;5739;43231;43227;43226;5575;43229;44424;44464;5623;5622;44444;5737;3674	424	478	1898	3372	672.5	3050.5	6249.5	1780.5	2069	789	7524	4239	1352	4850	438.5	508.5	7582.5	8340	1589	129.5	9113	9063	9137	3501.5	81306	4065.3
ORTHO003815	protein arginine methyltransferase 4B	AT3G06930;AT5G49020	34970;34969;18216;6479;43414;44260;43170;71704;8152;8150;44237;9987;32259;43412;8213;6464;36211;19538;44238;44267;18195;18193;16571;16570;16569;16568;6325;43933;16043;71840;51276;6996;1902589;44763;44699;44710;10228;3006;32502;22414;48608;48856;61458;48731;7275;44767;44707;32501;9791;19919;35247;35246;46982;46983;5515;5488;3674;35241;16274;16273;8170;8168;16741;16740;3824;8757;8276;34972;34971;42803;42802;16277;5737;44424;44464;5575;5623;5622;6351;34645;9059;1901576;9058;44249;97659;32774;16070;90304;6139;46483;6725;1901360;34641;6807;34654;19438;44271;18130;1901362;10467;8469;42054;9909;48580;2000026;50793;50789;65007;51239;48831;2000241;5634;43231;43227;43226;43229;35242;9507;9536;44444	425	858	945.5	1466	672.5	3632	6099.5	1709	6225	136	1144	409.5	4034.5	6501	8163.5	2476	630	6330	778.5	2092	5637	5308.5	4434.5	2229	67969.5	3.398.475
ORTHO001158	Remorin family protein	AT2G45820;AT3G48940;AT3G61260;AT5G23750	5515;5488;3674;5886;16020;5575;44464;5623;71944;8150;3677;3676;1901363;97159;9506;5911;30054;55044;5773;43231;43227;43226;43229;44424;5622;44444;5737;5634	426	1664	1751.5	3077	1281	9152.5	624.5	805.5	800	7782	744	7526	8446	8936	6639	2476	2607	8613.5	3529	2765	606	750	1361	5433.5	79596.5	3.979.825
ORTHO001848	Protein of unknown function (DUF793)	AT1G18740;AT1G43630;AT1G74450	9507;9536;43231;43227;43226;5575;43229;44424;44464;5623;5622;44444;5737;3674;8150;5634	427	736	1859.5	3292	672.5	3831.5	1011	251.5	8892.5	4825.5	2402	4905	9031.5	5142.5	841.5	508.5	8637.5	7728	1210.5	662	8798.5	8295.5	2171	1672.5	80818.5	4.040.925
ORTHO003993	Leucine-rich repeat (LRR) family protein	AT2G19780;AT4G29240	7165;50794;50789;65007;8150;51716;9987;50896;7154;44763;44699;44700;23052;5576;5575	428	1282	3910	7392	4356	7694	6572	1114.5	9084	3622.5	4758.5	5096	8380	8804.5	6520.5	2476	6825	8428.5	3119	2230.5	3131	7814.5	5762.5	2699.5	104133	5206.65
ORTHO003950	Homeobox-leucine zipper protein family	AT1G69780	6355;1903506;2001141;31326;9889;19222;50789;65007;8150;31323;50794;51252;19219;80090;51171;60255;10556;10468;2000112;3677;3676;1901363;5488;3674;97159;48826;44702;22414;44699;3006;32502;48598;44767;9653;48856;9790;7275;44707;32501;9965;9887;48513;48731;48366;48827;48367;10016;9886;9791;48825;9793;48316;48608;61458;10154;9744;34285;9743;10033;42221;50896;1901700;5634;43231;43227;43226;5575;43229;44424;44464;5623;5622;3700;1071;6351;34645;44260;43170;71704;8152;44237;9987;9059;1901576;9058;44249;97659;32774;16070;90304;6139;46483;6725;1901360;34641;6807;44238;34654;19438;44271;18130;1901362;10467;43565	429	870	1960	3491	672.5	2747.5	512	917.5	2390.5	1926.5	865	2255.5	9046	9044.5	6687	2476	6162	7728	8495.5	309.5	1416	8644	8609.5	1735.5	81968	4098.4
ORTHO003113	Family of unknown function (DUF566)	AT2G24070;AT4G30710	5634;43231;43227;43226;5575;43229;44424;44464;5623;5622;51225;70925;6996;16043;71840;8150;9987;22607;44085;7051;226;7010;1902589;44763;44699;7017;22402;7049;71822;43933;6461;65003;70271;51297;31023;5737;48046;5576;5880;5874;44430;44446;44422;5856;43232;43228;43234;32991;15630;44428;8017;32403;44877;5488;3674;5515;15631;8092;5813;5815	430	607	752.5	1075	672.5	476	74.5	9	867	5272	241.5	6553.5	9077	5815	2702.5	797.5	2351.5	9096	2843.5	2854.5	1416	8814.5	2412.5	1735.5	63409.5	3.170.475
ORTHO000296	MEI2-like protein 5	AT1G29400;AT2G42890;AT4G18120;AT5G07290;AT5G61960	3723;3676;1901363;5488;3674;97159;51321;7049;44763;9987;8150;44699;3;45836;40020;51783;33043;51128;50794;50789;65007;51302;10564;51726;51445;90068;45787;48522;48518;51785;10638;51130;51781;51446;45927;40008;5634;43231;43227;43226;5575;43229;44424;44464;5623;5622;166;36094;1901265;9507;9536;44444;5737;48507;9888;48856;32502;48513;48731;7275;44767;44707;32501;6355;1903506;2001141;31326;9889;19222;31323;51252;19219;80090;51171;60255;10556;10468;2000112;6351;34645;44260;43170;71704;8152;44237;9059;1901576;9058;44249;97659;32774;16070;90304;6139;46483;6725;1901360;34641;6807;44238;34654;19438;44271;18130;1901362;10467;5515	431	834	305.5	180	672.5	7444.5	1954	1013.5	280	674	513.5	2160	1352	4321	6192.5	1239.5	831.5	1888	257	4012.5	3336	1010.5	2863.5	1029	42372.5	2.118.625
ORTHO002296	TLC ATP/ADP transporter	AT1G15500;AT1G80300	9941;9526;31967;31975;44464;5575;5623;44446;44422;43226;44424;5622;43229;43227;44435;44444;5737;9536;43231;44434;9507;15860;72530;71705;6810;51234;51179;8150;55085;44763;9987;44699;44765;1902578;71702;1901642;15858;1901264;15931;1901679;6862;15748;15866;15868;15865;51503;15711;6820;6811;15867;5524;35639;1901265;1901363;5488;3674;97159;43168;43167;32559;30554;17076;166;36094;32555;32553;97367;32550;32549;1882;1883;31969;42170;31090;16020;98656;34220;16021;31224;44425;5739;5471;5347;295;15216;15215;15605;1901677;22857;5215;15932;22891;22892;5346;1901505;15211;5337;8514;8509;15075;15217;15301;15297;15291;22804	432	518	524.25	616.5	407	68.5	715.5	1347	4526.5	1282.5	2290	197	8605	6971	8893	1175.5	2107.5	5518	3473	188.5	3621.5	3854	514	183	55531	2776.55
ORTHO003138	membrane bound O-acyl transferase (MBOAT) family protein	AT2G19450	5811;43232;43228;43226;5575;43229;44424;44464;5623;5622;7568;44767;32502;8150;44699;19432;46463;46460;6638;44255;6629;71704;8152;44710;44238;44763;9987;44237;8610;1901576;9058;44711;44249;6639;46486;45017;6641;10029;1900140;48580;2000026;50793;50789;65007;51239;6071;19400;44723;5975;44262;19751;6066;1901615;44281;4144;16411;8374;16747;16746;16740;3824;3674;16020;9749;9746;34284;9743;10033;42221;50896;1901700;9793;44702;22414;3006;9790;48856;7275;44707;32501;48316;48608;61458;48731;9791;10154;9941;9526;31967;31975;44446;44422;43227;44435;44444;5737;9536;43231;44434;9507;9651;6970;9628;6950;9409;9266;10030;48582;51240;48518;51094;9737;9725;9719;33993;97305;1101;45995;5634	433	341	385.5	338	672.5	46.5	2155	446.5	2715.5	14.5	1414	197	1352	5332	638	136	2875	8179	9008	55.5	9043.5	611	1035	3501.5	48755.5	2.437.775
ORTHO000746_1	S-adenosyl-L-methionine-dependent methyltransferases superfamily protein	AT1G04430;AT3G23300;AT4G14360	5794;43231;43227;43226;5575;43229;44424;44464;5623;5622;44444;5737;12505;5802;98791;44431;44446;44422;31984;5774;44437;5773;98588;31090;16020;98805;8168;16741;16740;3824;3674;8152;8150;32259;5768;5634;9506;5911;30054;55044	434	1155	3581	6728	1066.5	7812.5	8876	1640.5	2412.5	821	1981	5295.5	8754.5	5077	693	508.5	6244	8002	8923	7080	1492	8814.5	8976.5	6145.5	99549.5	4.977.475
ORTHO002656	Ras-related small GTP-binding family protein	AT4G19640;AT5G45130	5783;43231;43227;43226;5575;43229;44424;44464;5623;5622;44444;5737;12505;5515;5488;3674;5768;5886;16020;71944;5774;44437;44446;44422;5773;98588;31090;98805;5525;35639;1901265;1901363;97159;43168;43167;32550;32549;1882;36094;97367;1883;32561;19001;17076;166;32555;32553;5769;31901;10008;44440;6897;16192;6810;51234;51179;8150;7034;1902582;46907;51649;51641;44765;1902578;44699	435	494	529	623	672.5	8675.5	1132	96	4209	8118.5	4601	1471	4239.5	5238.5	841.5	508.5	2142.5	7885.5	2195.5	1094	1091.5	424.5	143	1615.5	55723	2786.15
ORTHO003951	unknown protein	AT2G46550	8150;3674	436	284	596.5	757	672.5	2837	512	3787.5	1328.5	1626.5	865	197	8605	6764.5	8387.5	267	8269	6505.5	299	55.5	4946	961.5	1157	926.5	58297.5	2.914.875
ORTHO000667	beta-1;4-N-acetylglucosaminyltransferase family protein	AT1G12990;AT1G67880;AT3G01620;AT3G27540;AT5G14480	6487;6486;44763;9987;8150;44699;6464;36211;19538;43170;71704;8152;44238;43412;44267;44260;44237;43413;70085;44723;5975;44710;9101;9100;1901135;34645;9059;1901576;9058;44249;1901137;16020;5575;8375;8194;16757;16740;3824;3674;16758;3830;5794;43231;43227;43226;43229;44424;44464;5623;5622;44444;5737;12505	437	998	888	1339	672.5	2776	2234.5	103	800	3514	4410	818.5	2781	6247	6378.5	2080.5	7758	7637	5220.5	1291.5	383.5	8919.5	2536	707	66596	3329.8
ORTHO001471	phloem protein 2-A12	AT1G12710;AT3G61060	8150;5634;43231;43227;43226;5575;43229;44424;44464;5623;5622;30246;5488;3674;16567;32446;70647;6464;36211;19538;43170;71704;8152;44238;43412;44267;44260;44237;9987;9611;6950;50896;5515	438	1653	1323.5	2209	1281	5744.5	6039	1347	8207	4987	1211	466.5	1352	7536	8512	797.5	630	6440	3553	606	1875	6512.5	4149	4016	73981	3699.05
ORTHO001532	BREVIS RADIX-like 3	AT1G54180;AT3G14000;AT5G20540	5634;43231;43227;43226;5575;43229;44424;44464;5623;5622;3674;8150	439	1627	622	805	4356	3334	2627.5	3393.5	69	502	5217.5	2160	7258.5	4616	6305	1830	2086	8035	1827	1698.5	2573	1566.5	646.5	3635.5	59381	2969.05
ORTHO001565	Tetratricopeptide repeat (TPR)-like superfamily protein	AT1G02650;AT2G47440;AT3G62570;AT4G02100	6457;9987;8150;5634;43231;43227;43226;5575;43229;44424;44464;5623;5622;5773;44444;5737	440	1700	4306.5	8173	1281	7169.5	3129.5	7762	5144	3940	6763.5	5327.5	1352	5258.5	841.5	6712.5	7799	7910.5	8750.5	8808	8438.5	8310.5	2683	4801	110901.5	5.545.075
ORTHO003818	Nucleotide-diphospho-sugar transferases superfamily protein	AT1G24170;AT1G70090	271;5976;5975;71704;8152;8150;44238;43170;16051;44723;44710;44699;1901576;9058;44711;9059;16757;16740;3824;3674;5794;43231;43227;43226;5575;43229;44424;44464;5623;5622;44444;5737;12505;16758;47262;8194;139;98588;31090;16020;44422;44431;44446;16021;31224;44425	441	1702	1060.5	1680	4356	1423	6039	1013.5	1234	334.5	2809.5	466.5	1352	7636	8553	2476	2581.5	6737.5	6185.5	616.5	5839	6512.5	5762.5	2166	69738	3486.9
ORTHO002190	growth-regulating factor 1	AT2G22840	6355;1903506;2001141;31326;9889;19222;50789;65007;8150;31323;50794;51252;19219;80090;51171;60255;10556;10468;2000112;6351;34645;44260;43170;71704;8152;44237;9987;9059;1901576;9058;44249;97659;32774;16070;90304;6139;46483;6725;1901360;34641;6807;44238;34654;19438;44271;18130;1901362;10467;9624;51707;43207;9605;50896;9607;51704;5524;35639;1901265;1901363;5488;3674;97159;43168;43167;32559;30554;17076;166;36094;32555;32553;97367;32550;32549;1882;1883;16818;16817;16787;3824;5515;61062;48580;2000026;50793;51239;48366;48827;48856;32502;48367;44767;44699;48731;7275;44707;32501;5634;43231;43227;43226;5575;43229;44424;44464;5623;5622;48364;48513;22622	442	1202	500.5	559	1066.5	939.5	652	765	435	2670	582	1422	7189	4560	6280	508.5	7557.5	5992	3233.5	105.5	5265	1735	607	3565	54063.5	2.703.175
ORTHO001981	RmlC-like cupins superfamily protein	AT3G04300;AT4G28703	9507;9536;43231;43227;43226;5575;43229;44424;44464;5623;5622;44444;5737;3674;8150;5634	443	349	2024	3605	672.5	7780	398	1289.5	8577	2832.5	804.5	2937.5	9150.5	5702	1616	1830	1482.5	7870.5	1423.5	247	8967.5	8049	8976.5	2575	82509	4125.45
ORTHO000991	Leucine-rich repeat protein kinase family protein	AT1G72460;AT3G42880;AT5G20690	4674;4672;16301;16772;16740;3824;3674;8152;8150;16310;6796;6793;44237;9987;16773;6468;6464;36211;19538;43170;71704;44238;43412;44267;44260;9507;9536;43231;43227;43226;5575;43229;44424;44464;5623;5622;44444;5737;5524;35639;1901265;1901363;5488;97159;43168;43167;32559;30554;17076;166;36094;32555;32553;97367;32550;32549;1882;1883;7169;7167;7166;7165;50794;50789;65007;51716;50896;7154;44763;44699;44700;23052;9506;5911;30054;55044;5576;80092;43900;10769;22604;22603;50793;51128;60284;45595;51239;2000241;51510;1558;40008;48638	444	627	3004	5564	672.5	585	6117.5	1322	702.5	4978	744	2937.5	9008.5	8936	6687	797.5	450	7431.5	8332	2749	8909	8566.5	8827.5	4801	92882	4644.1
ORTHO003446	photosystem I subunit H2	AT1G52230;AT3G16140	9535;55035;42651;34357;16020;5575;44436;44424;44464;5623;5622;9579;44435;44444;5737;44446;44422;43226;43229;9536;43231;43227;31976;31984;44434;9507;9534;9538;98796;43234;32991;44425;9522;9521;10287;9570;9532;9735;9725;9719;50896;8150;10033;42221;3674;16021;31224;15979;44237;8152;9987	445	549	1398.5	2352	672.5	2097.5	6560.5	3258.5	7455	1094.5	63.5	679.5	1352	8627	9094.5	1073.5	294.5	8982.5	2410	2185	2919	7756.5	7868.5	1142.5	74914.5	3.745.725
ORTHO003477	Nucleotide-diphospho-sugar transferases superfamily protein	AT4G36890;AT5G67230	5794;43231;43227;43226;5575;43229;44424;44464;5623;5622;44444;5737;12505;15018;15020;8194;16757;16740;3824;3674;8152;8150;16758;5802;98791;44431;44446;44422;31984;139;98588;31090;16020;10417;45492;45491;10410;10383;5976;5975;71704;44238;43170;44036;44260;44237;9987;71554;70592;33692;271;16051;44723;44710;44699;1901576;9058;44711;9059;34637;44262;44763;44249;44264;34645;44038;70589;44085;71840;42546;10413;10051;3002;7389;44767;32502;44707;32501;7275;5768;10154;48608;3006;22414;48856;61458;48731;42285;16763;9834;9832;71669;48367	446	358	833.5	1221	248.5	3844	345	196	9146.5	763	4642.5	818.5	1352	9077	6748	976.5	105	8605	2195.5	2713.5	3055	6576.5	1790	2314	65263.5	3.263.175
ORTHO000257_1	Protein phosphatase 2C family protein	AT3G51370;AT4G38520;AT5G66080	6470;16311;6796;6793;44237;8152;8150;9987;6464;36211;19538;43170;71704;44238;43412;44267;44260;4722;4721;16791;42578;16788;16787;3824;3674;46872;43169;43167;5488;5886;16020;5575;44464;5623;71944;9507;9536;43231;43227;43226;43229;44424;5622;44444;5737	447	1208	3128	5809	4356	585	5466	1114.5	1753	879.5	982	2851	4184.5	9056	6791	7782	5685	7677.5	8332	6001	2722.5	8588.5	8976.5	4801	94228.5	4.711.425
ORTHO001585	RING/U-box superfamily protein	AT1G80400;AT4G32600	5634;43231;43227;43226;5575;43229;44424;44464;5623;5622;8270;46914;46872;43169;43167;5488;3674;5886;16020;71944	448	875	1043.5	1639	672.5	8183	5833	428.5	1545.5	6125	1082.5	2255.5	8605	6764.5	8726.5	976.5	151	6919	1004.5	748	1100	4873	1035	2940	69296	3464.8
ORTHO000470_1	Inorganic H pyrophosphatase family protein	AT1G15690	5774;44437;44444;44424;44464;5575;5623;5622;5737;44446;44422;43226;43229;5773;43231;43227;98588;31090;16020;98805;46872;43169;43167;5488;3674;15992;15672;6812;6811;44765;6810;51234;51179;8150;1902578;44699;6818;9678;16462;16818;16817;16787;3824;8152;15405;15399;22804;22857;5215;55085;44763;9987;48366;48827;48856;32502;48367;44767;48731;7275;44707;32501;10008;44440;5768;12505;9926;60918;9914;10817;65008;65007;5886;71944;325;9941;9526;31967;31975;44435;9536;44434;9507;9705;9651;6970;9628;50896;6950;9414;9415;1101;42221;10035;1901700;16021;31224;44425;5794;4427;10248;34220;5739	449	1100	608	767	4356	585	1765.5	765	7691.5	1626.5	669	147	1352	4560	6243.5	1830	324.5	5992	3265	3774.5	5839	3453.5	5171.5	3565	58620	2931
ORTHO001761	Cytochrome P450 superfamily protein	AT2G26710	55114;44710;8152;8150;44699;16021;31224;44425;5575;16020;20037;46906;1901363;5488;3674;97159;9416;9314;9628;50896;16705;16491;3824;8395;4497;40008;50789;65007;10268;55088;48878;42592;65008;16131;16128;6066;1901615;71704;44281;8202;1901360;6629;44238;42445;10817;9741;9725;9719;10033;42221;14070;33993;97305;1901700;19825;5506;46914;46872;43169;43167	450	876	374.5	299	365.5	585	1184.5	1640.5	1753	1208.5	2539	653	8966.5	6004.5	5254.5	797.5	4942.5	7117	839.5	662	1432	543.5	456	847	47426	2371.3
ORTHO004652	DOF zinc finger protein 1	AT1G51700;AT3G21270	10200;10243;9719;50896;8150;10033;42221;1901698;1901700;3700;1071;3674;2001141;31326;9889;19222;50789;65007;31323;50794;51252;19219;80090;51171;60255;10556;6355;1903506;10468;2000112;5634;43231;43227;43226;5575;43229;44424;44464;5623;5622;44212;975;3677;3676;1901363;5488;97159;1067;6351;34645;44260;43170;71704;8152;44237;9987;9059;1901576;9058;44249;97659;32774;16070;90304;6139;46483;6725;1901360;34641;6807;44238;34654;19438;44271;18130;1901362;10467;46872;43169;43167	451	1255	329	207	4356	2501	398	357.5	1328.5	502	744	1854	1352	4560	6192.5	508.5	450	5944.5	2986	2289	4445	2677	3100.5	1580.5	43770.5	2.188.525
ORTHO005970	Ribonuclease inhibitor	AT3G26000	16567;32446;70647;6464;36211;19538;43170;71704;8152;8150;44238;43412;44267;44260;44237;9987;61630;4842;19787;16740;3824;3674;61659;5737;44424;44464;5575;5623;5622;31146;43161;10498;51603;6508;44257;30163;9057;1901575;9056;44265;44248;6511;19941;43632;19005;31461;151;1990234;1902494;43234;32991	452	811	326	200	4356	2239.5	6220	1013.5	1328.5	1842.5	865	337.5	3893	4662.5	5873.5	508.5	2063	5720	732	606	684	1525	1767.5	1644	43525.5	2.176.275
ORTHO000529_1	nine-cis-epoxycarotenoid dioxygenase 5	AT1G30100;AT1G78390;AT3G14440;AT4G18350	9414;9415;9628;50896;8150;1101;42221;10035;1901700;6950;9535;55035;42651;34357;16020;5575;44436;44424;44464;5623;5622;9579;44435;44444;5737;44446;44422;43226;43229;9536;43231;43227;31976;31984;44434;9507;9534;9688;72330;46394;16053;6082;71704;8152;44281;44710;44699;44763;9987;44237;44283;44711;9058;1901576;44249;19752;43436;32787;43289;8299;6720;44255;6629;44238;8610;43288;1902645;46165;1901617;1901615;6066;1902644;16106;16114;6721;6714;9687;10162;44767;32502;44702;22414;48609;32504;3;32501;3006;44707;22611;10431;21700;48316;48608;48856;61458;48731;7275;9791;10154;55114;45549;10436;16702;16701;16491;3824;3674;51213;46872;43169;43167;5488;9570;9532;42538;9651;6970;6972	453	836	2187.5	3922	4356	2920.5	2234.5	45	8577	5514	35.5	5931	1352	6170.5	6243.5	7419	1545.5	9130	8584.5	1788	3621.5	8942	4264	45	84363	4218.15
ORTHO003411	PGR5-like B	AT4G11960;AT4G22890	9507;9536;43231;43227;43226;5575;43229;44424;44464;5623;5622;44444;5737;9535;55035;42651;34357;16020;44436;9579;44435;44446;44422;31976;31984;44434;9534;9773;9767;22900;6091;44237;8152;8150;9987;55114;44710;44699;44763;19684;15979;16021;31224;44425;3674;5515;5488;42802;16730;16491;3824	454	854	573	692	672.5	2214.5	4758.5	1204.5	2979	4278.5	744	4309	9031.5	5258.5	915	508.5	2142.5	8381	2862	2289	3067.5	530	273	1506	57252.5	2.862.625
ORTHO001028	Coatomer; beta' subunit	AT1G52360;AT1G79990;AT3G15980	5737;44424;44464;5575;5623;5622;16192;6810;51234;51179;8150;30663;30660;30659;12506;31090;16020;44422;43226;43227;31988;31982;44433;44444;44446;43229;31410;16023;43231;139;98588;44431;5794;12505;98805;5798;30662;30135;30137;30126;30120;30117;98796;43234;32991;44425;48475;6886;15031;45184;8104;33036;71702;46907;51649;51641;34613;70727;5829;5198;3674;5886;71944	455	707	1335	2215	672.5	7749.5	54.5	129.5	3543	5817.5	4732	9082.5	1352	6292	5937	797.5	2976.5	7846	2587	1609.5	1339	8723	3402	47.5	74017.5	3.700.875
ORTHO002039	CYTOCHROME C-1	AT1G22840;AT4G10040	5774;44437;44444;44424;44464;5575;5623;5622;5737;44446;44422;43226;43229;5773;43231;43227;98588;31090;16020;98805;42773;22904;22900;6091;44237;8152;8150;9987;55114;44710;44699;44763;45333;15980;6119;16310;6796;6793;46034;9150;6163;72521;46483;6725;1901360;71704;34641;6807;1901564;9117;6753;19637;55086;6139;44238;44281;9259;19693;1901135;9167;9161;9123;9126;9205;9144;9141;9199;46128;9119;9116;1901657;42278;5515;5488;3674;5739;5758;44429;31970;31974;31967;31975;5740;5507;46914;46872;43169;43167;9055;6122;42775;5829;6123;8283	456	347	559	662	248.5	8214	687.5	488	3471	582	123	1889	1352	4798	350.5	343	191	9149	5589.5	1229.5	3646	8091	2524	4060.5	56778.5	2.838.925
ORTHO001957	unknown protein	AT3G26890;AT5G41110	9507;9536;43231;43227;43226;5575;43229;44424;44464;5623;5622;44444;5737;8150;3674	457	1546	4064	7671	1281	6986.5	7541	1484	2611.5	930.5	982	4841.5	8410.5	8843	6560	797.5	3589	8097	8173	5637	8534	8049	8609.5	5433.5	106110	5305.5
ORTHO005140	WRKY DNA-binding protein 65	AT1G29280	6355;1903506;2001141;31326;9889;19222;50789;65007;8150;31323;50794;51252;19219;80090;51171;60255;10556;10468;2000112;5634;43231;43227;43226;5575;43229;44424;44464;5623;5622;43565;3677;3676;1901363;5488;3674;97159;3700;1071;6351;34645;44260;43170;71704;8152;44237;9987;9059;1901576;9058;44249;97659;32774;16070;90304;6139;46483;6725;1901360;34641;6807;44238;34654;19438;44271;18130;1901362;10467	458	719	1440	2422	672.5	8296	5756	3421	1430.5	6440	4815.5	7259.5	1352	6099.5	5907.5	2080.5	2976.5	8794	3321.5	2593.5	3195.5	649	664.5	518.5	75571	3778.55
ORTHO003149	unknown protein	AT2G47485;AT3G62650	5739;43231;43227;43226;5575;43229;44424;44464;5623;5622;44444;5737	459	1501	636.5	814	4356	176	1818.5	727.5	196	1709.5	544	1389.5	3904	4560	6331.5	6712.5	693.5	5518	4914	4664.5	5903.5	3955.5	3758.5	2091	59567.5	2.978.375
ORTHO003970	Protein of unknown function (DUF1195)	AT4G36660;AT5G65650	5634;43231;43227;43226;5575;43229;44424;44464;5623;5622;8150;5794;44444;5737;12505;3674	460	1443	619	778	1066.5	8095.5	512	310.5	196	3535	4441	3108	1352	4616	6305	508.5	4408.5	5221.5	857	220.5	5903.5	3026	4324	1825	58765.5	2.938.275
ORTHO002423	homeobox protein 21	AT2G18550;AT4G36740	6355;1903506;2001141;31326;9889;19222;50789;65007;8150;31323;50794;51252;19219;80090;51171;60255;10556;10468;2000112;5634;43231;43227;43226;5575;43229;44424;44464;5623;5622;43565;3677;3676;1901363;5488;3674;97159;6351;34645;44260;43170;71704;8152;44237;9987;9059;1901576;9058;44249;97659;32774;16070;90304;6139;46483;6725;1901360;34641;6807;44238;34654;19438;44271;18130;1901362;10467;3700;1071;9733;9725;9719;50896;10033;42221	461	506	621.5	782	672.5	103	312	4238	2069	5466	4199.5	43.5	1352	5895.5	4705.5	136	8948	9174	4293	2665	2039	889.5	947.5	1324	58800	2940
ORTHO003312	HPT phosphotransmitter 4	AT3G16360	9927;16301;16772;16740;3824;3674;8152;8150;16310;6796;6793;44237;9987;4871;60089;7165;50794;50789;65007;51716;50896;7154;44763;44699;44700;23052;80036;9966;10646;48583;23051;9736;9755;32870;9725;9719;10033;42221;71495;71310;70887;71368;9735;5634;43231;43227;43226;5575;43229;44424;44464;5623;5622;5829;44444;5737;160;35556	462	1006	3466.75	6471.5	672.5	7207	3960	7935.5	2465.5	2908	6763.5	4905	9031.5	5154.5	841.5	508.5	2452.5	7785	8773.5	6467.5	8771.5	8197.5	2142.5	1672.5	97943	4897.15
ORTHO002194	ubiquitin-conjugating enzyme 13	AT3G46460;AT3G55380;AT5G59300	5634;43231;43227;43226;5575;43229;44424;44464;5623;5622;6511;19941;51603;6508;19538;43170;71704;8152;8150;44238;44257;30163;9057;1901575;9056;44265;44260;44237;9987;44248;44267;43632;4842;19787;16740;3824;3674;16567;32446;70647;6464;36211;43412;5524;35639;1901265;1901363;5488;97159;43168;43167;32559;30554;17076;166;36094;32555;32553;97367;32550;32549;1882;1883;16874;61630;61659;209;5737;31625;44389;19899;5515	463	1648	2191	3919	944.5	892	2190	8835.5	2301	2124.5	1211	7478.5	1352	9065	6267.5	1307	8791	6982	8121	6148	1426	7756.5	1289.5	787	84325	4216.25
ORTHO000256_2	ERD (early-responsive to dehydration stress) family protein	AT1G11960;AT1G62320;AT3G21620;AT4G04340;AT4G15430;AT4G22120	16021;31224;44425;5575;16020;3674;5576;5886;44464;5623;71944;6811;44765;6810;51234;51179;8150;1902578;44699;71474;71470;71214;9628;50896;51716;9987;6970;6950;33554;6972;90279;51924;10959;43269;51049;32879;50789;65007;34765;34762;50794;51262;51259;6461;65003;43933;16043;71840;22607;44085;71822;70271;5227;22839;22836;15267;22803;22857;5215;55085;44763;5261;5216;15075;22891;22892;34220;22838;8324;98655;6812	464	1264	669	874	1066.5	451.5	4856.5	4163.5	1133	2856.5	744	1576.5	6895.5	4486	6192.5	508.5	7258	5056.5	368.5	3830	684	2677	2953.5	3721	60412.5	3.020.625
ORTHO001199	dynamin-like protein 6	AT1G10290;AT1G59610	8289;5488;3674;139;98588;31090;16020;5575;44422;43226;43227;44431;44444;44424;44464;5623;5622;5737;44446;43229;5794;43231;12505;5774;44437;5773;98805;5886;71944;9524;5525;35639;1901265;1901363;97159;43168;43167;32550;32549;1882;36094;97367;1883;32561;19001;17076;166;32555;32553;9506;5911;30054;55044;3924;17111;16462;16818;16817;16787;3824;8152;8150;5874;44430;5856;43232;43228;43234;32991;15630;6896;16482;46907;6810;51234;51179;51649;51641;6892;48193;1902582;44765;1902578;44699;16192;7034;5829;45334;30139;16023;31988;31982;31410;30136;30135;5515;9737;9725;9719;50896;10033;42221;33993;97305;1901700;1101;9504;30276;72583;6898;6897	465	87	240	15	672.5	2	43.5	517	1133	607.5	1414	2086	1352	4874	280	66.5	2244	6145	11	1775	12.5	9.5	9.5	8	22590	1129.5
ORTHO002574	Integrase-type DNA-binding superfamily protein	AT1G21910;AT1G77640	6351;34645;44260;43170;71704;8152;8150;44237;9987;9059;1901576;9058;44249;97659;32774;16070;90304;6139;46483;6725;1901360;34641;6807;44238;34654;19438;44271;18130;1901362;10467;44212;975;3677;3676;1901363;5488;3674;97159;1067;71497;70417;9409;9266;9628;50896;6950;33554;51716;50826;6355;1903506;2001141;31326;9889;19222;50789;65007;31323;50794;51252;19219;80090;51171;60255;10556;10468;2000112;9873;160;35556;7165;7154;44763;44699;44700;23052;9755;32870;9725;9719;10033;42221;71495;71310;70887;71369;9723;9753;1101;1901700;3700;1071;45893;10628;10604;9893;48518;1903508;1902680;51254;45935;31325;48522;51173;31328;9891;10557;9751;14070;34605;9408;5634;43231;43227;43226;5575;43229;44424;44464;5623;5622	466	566	1091.5	1717	672.5	133.5	687.5	4077.5	3543	136	4610.5	6120	1352	5045.5	693	1429.5	8200	8645	8782	1043.5	2280	8676.5	2341	2314	70110	3505.5
ORTHO000344_1	Protein kinase superfamily protein	AT3G22750;AT3G63260;AT4G14780	6468;16310;6796;6793;44237;8152;8150;9987;6464;36211;19538;43170;71704;44238;43412;44267;44260;4674;4672;16301;16772;16740;3824;3674;16773;5634;43231;43227;43226;5575;43229;44424;44464;5623;5622;5524;35639;1901265;1901363;5488;97159;43168;43167;32559;30554;17076;166;36094;32555;32553;97367;32550;32549;1882;1883;5886;16020;71944;4712;9506;5911;30054;55044;9966;10646;50794;50789;65007;48583;23051	467	1710	698	929	4356	693.5	961	488	4100	1970.5	1144	6120	1352	8645.5	8726.5	2476	2063	6440	5648	284	1955	2923.5	1453	3920	61363.5	3.068.175
ORTHO001482	protochlorophyllide oxidoreductase C	AT1G03630;AT4G27440;AT5G54190	9941;9526;31967;31975;44464;5575;5623;44446;44422;43226;44424;5622;43229;43227;44435;44444;5737;9536;43231;44434;9507;31969;42170;31090;16020;16630;16628;16627;16491;3824;3674;8152;8150;55114;44710;44699;9535;55035;42651;34357;44436;9579;31976;31984;9534;15995;6779;51188;51186;44237;9987;44249;9058;6778;33013;46483;6725;1901360;71704;1901564;6807;33014;19438;44271;34641;18130;1901362;1901576;1901566;46148;42440;44711;44763;15994;3959;16651;9707;9527;31968;19867;98805;98588;5515;5488;9723;9725;9719;50896;10033;42221;15979	468	539	239.5	11	672.5	33	1	563	298	642.5	241.5	907	1352	6112	6305	797.5	2824	7.5	11	234.5	132	9.5	9.5	8	20488.5	1.024.425
ORTHO001343	Glycosyl hydrolase superfamily protein	AT2G26600;AT3G15800	5975;71704;8152;8150;44238;9507;9536;43231;43227;43226;5575;43229;44424;44464;5623;5622;44444;5737;4553;16798;16787;3824;3674;31225;31224;44425;16020;5576	469	1160	434	399	1066.5	3253	6132	1204.5	4483.5	450.5	1082.5	367.5	6397.5	4486	6007	1830	935.5	5452.5	418	1371	684	1228	1263	3179.5	50225.5	2.511.275
ORTHO001188	Protein of unknown function; DUF547	AT4G37080;AT5G42690	5634;43231;43227;43226;5575;43229;44424;44464;5623;5622;3674;8150;5739;44444;5737	470	1596	1110.5	1751	4356	3446.5	6132	4826.5	4365	2908	982	3218	1352	9056	6748	797.5	2565.5	5720	1552	586	8438.5	407	264.5	7075	70440	3522
ORTHO004834	TPX2 (targeting protein for Xklp2) protein family	AT2G35880	3674;5634;43231;43227;43226;5575;43229;44424;44464;5623;5622	471	338	710	949	672.5	9094	360	602	1328.5	5471	4867	228.5	1352	5862.5	3936.5	797.5	2483	7295.5	1862	3208	2722.5	6679	1866	1506	61521.5	3.076.075
ORTHO003544	unknown protein	AT3G06070;AT5G19190	5575;3674;8150;5634;43231;43227;43226;43229;44424;44464;5623;5622	472	406	2055.5	3639	672.5	7455.5	4244.5	129.5	3554	8006.5	5199.5	6741.5	4034.5	8727.5	6484	136	2452.5	7446.5	2386	1811	2264.5	8676.5	2877	70.5	82697.5	4.134.875
ORTHO000282_1	phosphoenolpyruvate carboxylase 1	AT1G53310;AT2G42600;AT3G14940	48366;48827;48856;32502;8150;48367;44767;44699;48731;7275;44707;32501;51262;51259;6461;65003;43933;16043;71840;9987;22607;44085;71822;70271;5829;44444;44424;44464;5575;5623;5622;5737;16036;9267;31669;31667;9991;9605;50896;31668;51716;71496;7154;44763;42594;6950;33554;5515;5488;3674;6099;6101;72350;19752;43436;6082;71704;8152;44281;44710;44237;44238;9060;45333;15980;6091;55114;48046;5576;8964;4611;16831;16830;16829;3824;5886;16020;71944;9507;9536;43231;43227;43226;43229;9506;5911;30054;55044;15979;15977	473	1186	512	551	1066.5	866.5	1457	676	98	582	5559.5	528	1352	3497	6639	136	2013	6440	7644	4664.5	628.5	4612.5	1453	4972	53818.5	2.690.925
ORTHO000791	BTB/POZ/Kelch-associated protein	AT2G46260;AT3G61600;AT4G01160	16567;32446;70647;6464;36211;19538;43170;71704;8152;8150;44238;43412;44267;44260;44237;9987;10114;9639;9416;9314;9628;50896;46982;46983;5515;5488;3674;5737;44424;44464;5575;5623;5622;42803;42802;4842;19787;16740;3824;31463;31461;151;1990234;1902494;43234;32991;5634;43231;43227;43226;43229	474	1650	4128.5	7783	4356	2837	8586	8181.5	8856.5	930.5	6912.5	5295.5	8675.5	5238.5	766.5	1429.5	2351.5	7821.5	8798.5	8853	2594	8223.5	2617	8062	107030.5	5.351.525
ORTHO000736	Protein of unknown function (DUF620)	AT1G27690;AT1G49840;AT3G19540	5739;43231;43227;43226;5575;43229;44424;44464;5623;5622;44444;5737;3674;8150;5886;16020;71944	475	1583	4046.5	7618	1281	314	7010.5	8552	8447.5	184	1810	5257	8754.5	5059.5	693	508.5	8494	8054.5	8987	5002	8738	8510	2683	8615.5	105674.5	5.283.725
ORTHO001719	Protein of unknown function; DUF538	AT1G61667;AT5G54530	3674;8150;9507;9536;43231;43227;43226;5575;43229;44424;44464;5623;5622;44444;5737	476	453	535.5	595	63.5	390.5	4341	45	16.5	3350	1144	7779	4217	6125.5	6319	1175.5	32	7801.5	1989	4809.5	2755.5	1910	591	234.5	55026	2751.3
ORTHO001050_2	unknown protein	AT4G39860	5634;43231;43227;43226;5575;43229;44424;44464;5623;5622;8150;3674;5737	477	1524	1634	2791	1066.5	8787	6670	2322	9098	3464	4529.5	5877.5	8605	5350.5	1063	1606	2408	1386	92	1291.5	2224.5	6791.5	2047.5	4174.5	77788	3889.4
ORTHO003210	alpha/beta-Hydrolases superfamily protein	AT1G02660;AT3G62590	5576;5575;16787;3824;3674;8152;8150;4806;16298;16788;52689;6629;71704;44710;44699;44238	478	424	626	774	248.5	2837	1542	1013.5	393.5	607.5	354.5	1422	8817.5	7213.5	9008.5	267	1973	6737.5	1141	5126.5	7166	1068	859	1156	58703.5	2.935.175
ORTHO002581	NEP-interacting protein 2	AT2G17730;AT4G35840	9535;55035;42651;34357;16020;5575;44436;44424;44464;5623;5622;9579;44435;44444;5737;44446;44422;43226;43229;9536;43231;43227;31976;31984;44434;9507;9534;31351;31350;31300;31224;44425;31090;42170;9526;31967;31975;31301;16021;8270;46914;46872;43169;43167;5488;3674;9299;6351;34645;44260;43170;71704;8152;8150;44237;9987;9059;1901576;9058;44249;97659;32774;16070;90304;6139;46483;6725;1901360;34641;6807;44238;34654;19438;44271;18130;1901362;10467;9416;9314;9628;50896;5515	479	522	1555	2631	672.5	7733	4638.5	5121.5	239.5	1371	478.5	1889	9077	9077	6748	267	2268.5	7846	1210.5	4258.5	1469.5	8625	2291.5	2314	76923.5	3.846.175
ORTHO001525	MIF4G domain-containing protein / MA3 domain-containing protein	AT2G24050;AT5G57870	6417;10608;10468;60255;19222;50789;65007;8150;32268;51246;80090;31323;50794;34248;51171;2000112;31326;9889;10556;3743;8135;3723;3676;1901363;5488;3674;97159;6412;43043;43604;43603;34641;6807;8152;44237;9987;44271;44249;9058;6518;1901564;71704;1901566;1901576;44267;19538;43170;44238;44260;34645;9059;10467;6413;5737;44424;44464;5575;5623;5622;5829;44444;5634;43231;43227;43226;43229	480	622	1665	2850	672.5	2385.5	888	1855	867	4207.5	5549	6271	8950	8862.5	6608.5	797.5	4054.5	7251.5	802.5	299.5	402.5	8049	6624.5	3447.5	78173	3908.65
ORTHO000648_1	Protein kinase superfamily protein	AT5G03730	4674;4672;16301;16772;16740;3824;3674;8152;8150;16310;6796;6793;44237;9987;16773;6468;6464;36211;19538;43170;71704;44238;43412;44267;44260;71281;10039;10038;10035;42221;50896;1990267;71248;71241;70887;51716;2000035;51302;50794;50789;65007;10105;70298;70297;1902531;9966;10646;48583;23051;1902532;9968;48585;48519;10648;48523;23057;10104;10182;9756;7165;7154;44763;44699;44700;23052;71322;71310;10033;1901701;1901700;9743;5524;35639;1901265;1901363;5488;97159;43168;43167;32559;30554;17076;166;36094;32555;32553;97367;32550;32549;1882;1883;46777;4712;9686;16102;16114;6721;6720;44255;6629;44710;8299;8610;1901576;9058;44711;44249;16101;46394;16053;6082;44281;44283;19752;43436;9685;9750;9746;34284;48510;48506;48509;2000026;50793;51239;40034;5789;98588;31090;16020;5575;44422;43226;43227;44432;44444;44424;44464;5623;5622;5737;44446;43229;5783;43231;12505;44425;42175;9873;160;35556;9755;32870;9725;9719;71495;71369;9723;1666;36293;70482;9628;6950;2000069;48580;2000280;9744;34285;5515;5634	481	400	707	933	672.5	663	512	27	553.5	266	291	109.5	8993.5	8897	6687	267	1545.5	8971.5	3904.5	1343.5	2650	5308.5	6326.5	4060.5	61377	3068.85
ORTHO000258_2	O-fucosyltransferase family protein	AT1G14020;AT2G03280	5794;43231;43227;43226;5575;43229;44424;44464;5623;5622;44444;5737;12505;9507;9536;16757;16740;3824;3674;8152;8150	482	1051	785	1088	944.5	3324	2080	805.5	5619	1346	5407.5	1658	7498	4662.5	6259.5	1830	523	5824	732	3747	5170.5	2677	2696.5	1696.5	63556.5	3.177.825
ORTHO000790	TRICHOME BIREFRINGENCE-LIKE 25	AT1G01430;AT1G01440;AT4G01080;AT4G01090;AT4G11090;AT4G23790	16413;16407;16747;16746;16740;3824;3674;8152;8150;8374;71554;9987;5794;43231;43227;43226;5575;43229;44424;44464;5623;5622;44444;5737;12505;5634;5515;5488	483	1555	264.5	46	390	679	1093.5	4099	3974.5	1282.5	78.5	130	4111	138	136.5	1209.5	6648.5	934	2332	2880.5	215	433	139.5	424.5	30939	1546.95
ORTHO003881	Integral membrane Yip1 family protein	AT3G05280;AT5G27490	8150;5794;43231;43227;43226;5575;43229;44424;44464;5623;5622;44444;5737;12505;5515;5488;3674;5829;16020	484	794	1030	1576	672.5	3672	7262.5	4396	867	6604.5	982	3108	1352	6542.5	8163.5	2476	7582.5	6330	552.5	2033	1673.5	3503.5	910.5	831.5	68843	3442.15
ORTHO005520	unknown protein	AT1G56423	3674;9507;9536;43231;43227;43226;5575;43229;44424;44464;5623;5622;44444;5737;8150;5783;12505	485	568	1071.75	1658.5	248.5	7030	28	3284.5	196	5732.5	4622	7017.5	1352	7213.5	8968.5	1073.5	7922.5	8843.5	2052.5	299.5	970	1045	759.5	1106.5	69517	3475.85
ORTHO006696	SGNH hydrolase-type esterase superfamily protein	AT3G11210	5576;5575;16788;16787;3824;3674;8152;8150;16042;44712;9056;44710;44699;6629;71704;44238;1901575;48046	486	743.5	564.5	643	672.5	2385.5	5817	1263.5	1994.5	2736.5	1082.5	3983	1352	5828	2910	1830	1934	8063	1210.5	606	233.5	8763	2458	1769	56219.5	2.810.975
ORTHO004938	Ca2+ activated outward rectifying K+ channel 6	AT4G18160;AT5G46370	9705;5774;44437;44444;44424;44464;5575;5623;5622;5737;44446;44422;43226;43229;5773;43231;43227;98588;31090;16020;98805;325;15271;5249;22843;5261;5216;15075;22891;22857;5215;3674;6810;51234;51179;8150;55085;44763;9987;44699;44765;1902578;22892;34220;6811;22838;15267;22803;8324;98655;6812;5244;22832;22836;51049;32879;50789;65007;34765;34762;50794;43269;5267;15079;15077;22890;15672;46873;30001;71805;98662;98660;71804;6813;5509;46872;43169;43167;5488;5634	487	1210	256	25	944.5	3193.5	177	575	460	720	241.5	56	1352	8511.5	8915.5	1307	276	7.5	762.5	68.5	12.5	9.5	9.5	8	26663	1333.15
ORTHO002710	lipoamide dehydrogenase 1	AT3G16950;AT4G16155	9570;9532;44435;44444;44424;44464;5575;5623;5622;5737;44446;44422;43226;43229;9536;43231;43227;44434;9507;5730;44428;5634;43232;43228;31981;70013;43233;31974;50660;50662;48037;5488;3674;43168;43167;166;36094;1901265;1901363;97159;6086;6090;32787;19752;43436;6082;71704;8152;8150;44281;44710;44699;44763;9987;44237;6085;71616;9108;51188;51186;44249;9058;6732;6637;35383;6790;6793;35384;44272;1901576;6084;44711;9941;9526;31967;31975;46685;42221;50896;55114;4148;16668;16651;16491;3824;16667;5739;50787;61687;98754;9636;46689;10038;10035;1990267;50661;45340;46914;46872;43169;16152;16723;16722	488	89	329	170	31	4224.5	1577.5	22	123.5	1318	397.5	25.5	2768	6292	6560	136	2271	8362.5	2042	1426	517	1695	1937.5	94	41789.5	2.089.475
ORTHO004289	recA DNA recombination family protein	AT2G19490	6310;6259;44260;43170;71704;8152;8150;44237;9987;90304;6139;46483;6725;1901360;34641;6807;44238;730;65004;71824;43933;16043;71840;34622;65003;22607;44085;45003;724;725;6281;6974;33554;51716;50896;6950;44763;44699;44710;6302;6312;3677;3676;1901363;5488;3674;97159;3697;43566;9432;31668;71496;9605;7154;9991;8094;42623;16887;17111;16462;16818;16817;16787;3824;400;217;4520;4536;4518;16788;90305;4519;5739;43231;43227;43226;5575;43229;44424;44464;5623;5622;44444;5737;42148;10212;9314;9628;150;3690	489	490	872.5	1256	672.5	2672	7547	676	931	930.5	319	21.5	1352	9152.5	6969.5	1073.5	151	7967.5	8873	3288	1185	7603.5	2079	2850	65641.5	3.282.075
ORTHO002728	Guanylate-binding family protein	AT2G38840	5525;35639;1901265;1901363;5488;3674;97159;43168;43167;32550;32549;1882;36094;97367;1883;32561;19001;17076;166;32555;32553;5768;43231;43227;43226;5575;43229;44424;44464;5623;5622;44444;5737;12505;5794;5802;98791;44431;44446;44422;31984;6955;2376;8150;50896;3924;17111;16462;16818;16817;16787;3824;8152	490	51	544.5	599	83.5	16.5	6	159	11	163.5	5365.5	5810	1352	8627	9135.5	1073.5	7679.5	8894	2214	689	353.5	2061	1072	450.5	55133	2756.65
ORTHO003390	RNA-binding KH domain-containing protein	AT3G04610	9911;48582;48580;2000026;50793;50789;65007;8150;51239;51240;48518;51094;2000243;2000241;9909;48831;5737;44424;44464;5575;5623;5622;6355;1903506;2001141;31326;9889;19222;31323;50794;51252;19219;80090;51171;60255;10556;10468;2000112;3676;1901363;5488;3674;97159;6351;34645;44260;43170;71704;8152;44237;9987;9059;1901576;9058;44249;97659;32774;16070;90304;6139;46483;6725;1901360;34641;6807;44238;34654;19438;44271;18130;1901362;10467;3723;5515;5634;43231;43227;43226;43229	491	1189	1567.5	2644	1066.5	8600	924	1604.5	2202	4858	1981	8835.5	1352	5110.5	693	1429.5	2025	7846	2340	1632	8909	8260	2239	6161.5	77002.5	3.850.125
ORTHO000913	Protein kinase superfamily protein	AT1G80640;AT2G25220;AT4G32000	5886;16020;5575;44464;5623;71944;16301;16772;16740;3824;3674;8152;8150;16310;6796;6793;44237;9987;4674;4672;16773;6468;6464;36211;19538;43170;71704;44238;43412;44267;44260;5524;35639;1901265;1901363;5488;97159;43168;43167;32559;30554;17076;166;36094;32555;32553;97367;32550;32549;1882;1883	492	665	1059.5	1627	248.5	2557.5	1595.5	4640	800	184	271.5	907	1352	7387.5	9114	1073.5	294.5	6982	6531	5369.5	1121	7855	7729.5	3447.5	69212.5	3.460.625
ORTHO000283_1	eif4a-2	AT1G54270;AT1G72730;AT3G13920	6413;44237;8152;8150;9987;6412;43043;43604;43603;34641;6807;44271;44249;9058;6518;1901564;71704;1901566;1901576;44267;19538;43170;44238;44260;34645;9059;10467;5737;44424;44464;5575;5623;5622;5774;44437;44444;44446;44422;43226;43229;5773;43231;43227;98588;31090;16020;98805;10468;60255;19222;50789;65007;5886;71944;46686;10038;10035;42221;50896;4004;8186;42623;16887;17111;16462;16818;16817;16787;3824;3674;3724;4386;8026;70035;10501;16070;90304;6139;46483;6725;1901360;9506;5911;30054;55044;5829;3743;8135;3723;3676;1901363;5488;97159;9505;5618;30312;5515;5634;48046;5576;5730;44428;43232;43228;31981;70013;43233;31974	493	1049	751.5	1010	3564.5	6679.5	1109	3268	393.5	930.5	4968	6001.5	8306	6358.5	7804.5	1175.5	2248.5	6919	1537.5	1320	1955	980	353.5	281	62589	3129.45
ORTHO000438	Protein of unknown function (DUF604)	AT1G01570;AT1G07850;AT4G00300;AT4G11350;AT4G23490;AT5G41460	5794;43231;43227;43226;5575;43229;44424;44464;5623;5622;44444;5737;12505;16740;3824;3674;8152;8150;5783;16757;5634;5576	494	1616	665	836	390	3351.5	859	488	702.5	2170.5	2539	5763	1352	7779.5	8726.5	2476	40	6085	1589	436	6180.5	4169	928.5	4291.5	59927	2996.35
ORTHO005650	Protein of unknown function (DUF2012)	AT2G25310	9507;9536;43231;43227;43226;5575;43229;44424;44464;5623;5622;44444;5737;30246;5488;3674;8150;5783;12505	495	776	897.5	1300	672.5	7959	96	357.5	2868	2496	4534.5	6797	1352	4780	6378.5	1830	400	8695	1862	860	8019	2837	3365	636.5	66123	3306.15
ORTHO006020	IQ-domain 22	AT4G23060	5634;43231;43227;43226;5575;43229;44424;44464;5623;5622;9739;9725;9719;50896;8150;10033;42221;33993;1101;1901700;5516;5515;5488;3674	496	1170	1835	3174	4356	3672	7744.5	4133.5	8950	6198.5	4806.5	863	1352	6542.5	8638.5	797.5	7582.5	8080	1210.5	1129.5	1530.5	3754	928.5	2229	80143	4007.15
ORTHO007201	BSD domain-containing protein	AT1G03350	3674;8150;5737;44424;44464;5575;5623;5622	497	1177	766	1035	4356	663	4971.5	1484	2959	1189	180	907	1352	7850	8793	797.5	8092	7181.5	4263.5	1094	2533.5	4612.5	1035	2850	62808	3140.4
ORTHO001456	Protein kinase superfamily protein	AT1G67580	71472;71470;71214;9628;50896;8150;51716;9987;6970;6950;33554;9651;48586;2000028;48580;2000026;50793;50789;65007;51239;48583;2000241;5634;43231;43227;43226;5575;43229;44424;44464;5623;5622;5515;5488;3674;16301;16772;16740;3824;8152;16310;6796;6793;44237;5829;44444;5737	498	1380	1964	3430	1066.5	1089	605.5	4571	4740.5	1282.5	621.5	1510.5	1352	7996	9046	2476	2560.5	6919	7950	120	8400	7332.5	7089	5957	81618.5	4.080.925
ORTHO003527	phosphatidyl serine synthase family protein	AT1G15110	5789;98588;31090;16020;5575;44422;43226;43227;44432;44444;44424;44464;5623;5622;5737;44446;43229;5783;43231;12505;44425;42175;6659;6658;1901605;6520;1901564;71704;8152;8150;6807;19752;43436;6082;44281;44710;44699;44763;9987;44237;44238;6650;6644;19637;6793;44255;6629;6796;46486;6575;52646;1901135;46474;45017;8610;1901576;9058;44711;44249;8654;90407;42398;1901566;1901137;5634;31965;44428;5635;31967;31975;3882;17169;16780;16772;16740;3824;3674;6646;46337;5739;9556;48236;44702;22414;3006;32502;51321;7049;3;48869;44767;48856;9555;48229;7275;44707;32501;16021;31224	499	732	491.5	484	365.5	8183	1744	641	393.5	502	582	115	1352	4746.5	6425.5	508.5	7599.5	5992	436.5	3850	5839	1910	629	725.5	52174.5	2.608.725
ORTHO000525_1	O-fucosyltransferase family protein	AT1G14970;AT2G01480	16757;16740;3824;3674;8152;8150;5794;43231;43227;43226;5575;43229;44424;44464;5623;5622;44444;5737;12505	500	1457	1967.5	3435	4356	3768.5	6283.5	1114.5	1481	4356	2216.5	6327.5	8446	8916	6608.5	2476	1973	7073	839.5	2593.5	8738	4169	1263	3005.5	81648.5	4.082.425
ORTHO001412	Protein kinase superfamily protein	AT1G63700	32147;45860;45859;43549;42325;19220;51174;31323;50794;50789;65007;8150;19222;51338;50790;65009;1932;31399;32268;51246;80090;60255;1934;42327;45937;10562;31325;9893;48518;48522;31401;32270;51247;10604;33674;51347;43085;44093;4709;4702;5057;4871;60089;3674;7165;51716;9987;50896;7154;44763;44699;44700;23052;35556;4674;4672;16301;16772;16740;3824;8152;16310;6796;6793;44237;16773;6468;6464;36211;19538;43170;71704;44238;43412;44267;44260;23014;44710;186;43410;43408;1902531;9966;10646;48583;23051;1902533;9967;10647;48584;23056;165;5515;5488;10103;44767;32502;90626;9653;48856;90558;9888;9886;9791;44707;32501;7275;10016;48367;48731;10374;10229;90567;48608;3006;22414;61458;44702;7346;51726;42981;43067;10941;51403;31098;33554;6950;5737;44424;44464;5575;5623;5622;10098;9793;9790;48316;10154	501	704	1201	1901	672.5	2005.5	32	310.5	9120.5	1371	4793.5	1915.5	3767	6347.5	5817	797.5	118	9107.5	2893	2765	3323	9176	8202.5	53	71915.5	3.595.775
ORTHO001041	Ankyrin repeat family protein	AT3G09550;AT3G12360	5634;43231;43227;43226;5575;43229;44424;44464;5623;5622;8150;9651;6970;9628;50896;6950;5886;16020;71944;34613;70727;51641;51179;33036;8104;16021;31224;44425;5515;5488;3674	502	548	1482	2462	672.5	5047	444.5	1114.5	267.5	674	582	6171.5	1352	9051	6728	797.5	1450	7910.5	8673	44	1105	8801	8919	6669	75801	3790.05
ORTHO003314	Adenine nucleotide alpha hydrolases-like superfamily protein	AT1G44760	16787;3824;3674;8152;8150	503	740	2107.5	3712	672.5	460	6132	3421	5221.5	4404.5	5035.5	5839	1352	8862.5	6608.5	797.5	630	8898	2347	2570	2641	8182	8405	1263	83070	4153.5
ORTHO001462	FUNCTIONS IN: molecular_function unknown	AT4G22980;AT5G51920	3674;8150;3824;8152;30170;1901363;5488;97159;48037;43168;43167	504	847	298.5	93	672.5	3114.5	822.5	705.5	7046.5	1777	1144	743.5	1352	4295.5	6092	1239.5	1102.5	1669.5	231	1070.5	525	961.5	2437.5	209.5	36539.5	1.826.975
ORTHO001079	Insulinase (Peptidase family M16) protein	AT1G51980;AT3G16480	6627;34982;16485;6508;19538;43170;71704;8152;8150;44238;51604;10467;44267;44260;44237;9987;6626;1902580;51641;51179;1902578;44699;6605;6886;15031;45184;51234;8104;33036;71702;6810;46907;51649;34613;70727;1902582;44765;16482;70585;33365;6839;72655;72594;7005;6996;16043;71840;4222;4175;70011;8233;16787;3824;3674;8237;9651;6970;9628;50896;6950;5774;44437;44444;44424;44464;5575;5623;5622;5737;44446;44422;43226;43229;5773;43231;43227;98588;31090;16020;98805;5524;35639;1901265;1901363;5488;97159;43168;43167;32559;30554;17076;166;36094;32555;32553;97367;32550;32549;1882;1883;9536;5750;45275;1902495;98796;43234;32991;44425;1990351;16021;31224;1990204;1902494;70069;98803;70469;98800;98798;44429;5739;44455;31966;5740;31967;31975;5743;19866;5746;9507;8270;46914;46872;43169;9735;9725;9719;10033;42221;5741;31968;19867;5759;70013;43233;31974;5758;31970	505	1484	2543.5	4582	4356	2837	6542.5	1963.5	8962	4175	5873	998	1352	5350.5	1016	1429.5	7922.5	7637	7712	2092	8019	8111.5	2037	3721	87751	4387.55
ORTHO000258_1	O-fucosyltransferase family protein	AT3G02250;AT5G15740	5794;43231;43227;43226;5575;43229;44424;44464;5623;5622;44444;5737;12505;16757;16740;3824;3674;8152;8150	506	1183	1954.5	3403	3586.5	6761.5	2264.5	7588.5	2611.5	2832.5	3831.5	6929	8675.5	5199	841.5	1144	2489	6808.5	4968.5	5726.5	4023	7520.5	558	691.5	81464.5	4.073.225
ORTHO001696	Leucine-rich receptor-like protein kinase family protein	AT1G75640;AT4G36180	5886;16020;5575;44464;5623;71944;9504;44444;44424;5622;5737;4674;4672;16301;16772;16740;3824;3674;8152;8150;16310;6796;6793;44237;9987;16773;6468;6464;36211;19538;43170;71704;44238;43412;44267;44260;5524;35639;1901265;1901363;5488;97159;43168;43167;32559;30554;17076;166;36094;32555;32553;97367;32550;32549;1882;1883;10103;44767;32502;44699;90626;9653;48856;90558;9888;9886;9791;44707;32501;7275;10016;48367;48731;10374;226;7010;6996;16043;71840;1902589;44763;7017;7169;7167;7166;7165;50794;50789;65007;51716;50896;7154;44700;23052	507	228	550.5	594	248.5	3102.5	274.5	1013.5	196	136	354.5	1198.5	1352	8511.5	8838	1073.5	7873	6854.5	2662	1016.5	7386	1110.5	859	1188	55000	2750
ORTHO000414_2	DA1-related protein 2	AT2G39830	48364;44767;32502;8150;44699;48513;48856;48731;7275;44707;32501;22622;8270;46914;46872;43169;43167;5488;3674;10088;10087;9888	508	172	932	1356	248.5	2406.5	234.5	251.5	3735.5	3084.5	454	6418.5	6895.5	5033	409	508.5	1564	8538.5	2754	3409.5	3222	8049	8993	807	66768	3338.4
ORTHO003745	unknown protein	AT5G02640	5634;43231;43227;43226;5575;43229;44424;44464;5623;5622;3674;8150	509	953	673.5	838	672.5	3632	1672.5	4025.5	1328.5	1674	744	1779	7498	4662.5	6378.5	508.5	2961	5788	732	3579.5	4946	2923.5	3457	1644	59934	2996.7
ORTHO002434	ARF-GAP domain 7	AT2G37550;AT3G53710	3677;3676;1901363;5488;3674;97159;5634;43231;43227;43226;5575;43229;44424;44464;5623;5622;5794;44444;5737;12505;16192;6810;51234;51179;8150;5829;5096;8047;30234;98772;50790;19222;50789;65007;65009;43085;44093;9893;48518;30695;60589;43547;43087;51336;51345;46872;43169;43167;8270;46914	510	783	642.5	775	4356	2604.5	312	3095.5	1691	502	744	2851	8754.5	7101	8838	1073.5	2546.5	7273.5	7792.5	284	684	914	664.5	988.5	58714.5	2.935.725
ORTHO001569	Pleckstrin homology (PH) and lipid-binding START domains-containing protein	AT2G28320;AT3G54800	5634;43231;43227;43226;5575;43229;44424;44464;5623;5622;8289;5488;3674;7165;50794;50789;65007;8150;51716;9987;50896;7154;44763;44699;44700;23052;35091;5543;43168;43167;5886;16020;71944	511	396	651.5	792	672.5	2557.5	8552.5	251.5	40.5	103.5	104	907	8754.5	7343.5	8968.5	267	1605.5	8362.5	2877	2092	2722.5	348.5	264.5	2940	59062.5	2.953.125
ORTHO005947	voltage dependent anion channel 2	AT5G67500	16020;5575;5741;31966;31090;44422;43226;43227;44429;44444;44424;44464;5623;5622;5737;44446;43229;5739;43231;5740;31967;31975;31968;19867;98805;98588;8308;5253;5216;15075;22891;22857;5215;3674;6810;51234;51179;8150;55085;44763;9987;44699;44765;1902578;22892;34220;6811;22838;15267;22803;8509;98656;6820;5244;22832;22836;51049;32879;50789;65007;34765;34762;50794;43269;1903959;44070;5774;44437;5773;9941;9526;44435;9536;44434;9507;46930;98796;43234;32991;44425;16021;31224;15288;22829;9735;9725;9719;50896;10033;42221;9617;51707;43207;9605;9607;51704;5618;30312;71944	512	1109	2235	3958	4356	2557.5	1881	1013.5	435	698.5	582	1471	8410.5	7996	9073.5	2476	3752	6946	5272.5	5038	8580	7392.5	7729.5	3238	84543	4227.15
ORTHO001201	protein phosphatase 2A  subunit A3	AT1G13320;AT1G25490;AT3G25800	5886;16020;5575;44464;5623;71944;34047;43666;10921;35304;31399;32268;51246;80090;19222;50789;65007;8150;60255;31323;50794;35303;19220;51174;51336;50790;65009;8601;19888;19208;30234;98772;3674;42325;159;8287;1903293;1902494;43234;32991;44424;5622;5618;30312;9723;9725;9719;50896;10033;42221;5634;43231;43227;43226;43229;5515;5488;9926;60918;9914;10817;65008;44765;6810;51234;51179;1902578;44699;9789;9967;9966;10646;48583;23051;10647;48522;48518;48584;23056;1901421;1901419;9787;9738;9755;7165;51716;9987;7154;44763;44700;23052;32870;71495;71310;70887;71215;9737;33993;97305;1901700;1101;71396;97306;1901701;71229;10119;5829;44444;5737;46686;10038;10035	513	1496	858	1203	944.5	3080.5	2703	7409.5	3425	3908.5	5489.5	5435.5	1352	4295.5	4124.5	2914	3006.5	4887	1612.5	4778	1959	1179	2894	611.5	65065	3253.25
ORTHO000288_2	OSBP(oxysterol binding protein)-related protein 2B	AT4G12460;AT4G22540	8289;5488;3674;8202;1901360;71704;8152;8150;6629;44710;44699;44238;6869;44765;6810;51234;51179;1902578;71702;10876;33036;5886;16020;5575;44464;5623;71944;5634;43231;43227;43226;43229;44424;5622;8142;32934;43178;36094;5496;97159;7165;50794;50789;65007;51716;9987;50896;7154;44763;44700;23052;35091;5543;43168;43167	514	1138	1109.5	1705	1066.5	819.5	7778	4200.5	5619	266	5407.5	1471	7498	4662.5	6192.5	1830	351	5824	658	3747	5170.5	3222.5	3529.5	1735.5	69982.5	3.499.125
ORTHO002222	IQ-domain 18	AT1G01110;AT4G00820	3674;5634;43231;43227;43226;5575;43229;44424;44464;5623;5622;5516;5515;5488;8150	515	1089	2022	3529	1066.5	7915	5545	1114.5	5619	502	621.5	7237	7377.5	7448.5	8429	797.5	7495.5	8120.5	2454	1698.5	2237	2763	859	3920	82154	4107.7
ORTHO004526	mitochondrial substrate carrier family protein	AT2G35800	9941;9526;31967;31975;44464;5575;5623;44446;44422;43226;44424;5622;43229;43227;44435;44444;5737;9536;43231;44434;9507;16021;31224;44425;16020;55085;44763;9987;8150;44699;44765;6810;51234;51179;1902578;5743;19866;31090;31966;44429;5739;5740;5509;46872;43169;43167;5488;3674	516	115	507	498	112	2887.5	1342.5	4294	280	402.5	454	43.5	1352	8593	9114	267	867	7073	459	4131	708.5	2763	7156	443.5	52631	2631.55
ORTHO003691	K-box region and MADS-box transcription factor family protein	AT1G24260	5634;43231;43227;43226;5575;43229;44424;44464;5623;5622;5515;5488;3674;3677;3676;1901363;97159;1708;48869;44767;32502;8150;44699;44763;9987;45165;30154;6351;34645;44260;43170;71704;8152;44237;9059;1901576;9058;44249;97659;32774;16070;90304;6139;46483;6725;1901360;34641;6807;44238;34654;19438;44271;18130;1901362;10467;9908;90567;48608;3006;22414;48856;61458;48731;7275;44707;32501;44702;9791;48367;6355;1903506;2001141;31326;9889;19222;50789;65007;31323;50794;51252;19219;80090;51171;60255;10556;10468;2000112;48833;48832;50793;3002;7389;48481;35670;48440;48827;48437;48569;48513;48467;48438;3700;1071;10093;10092;48645;48646;9653;9887;48449;48444;48563;9886;46983	517	269	745.5	974	672.5	87.5	444.5	8522	1328.5	163.5	5407.5	1889	8929.5	8151	8793	976.5	2351.5	6505.5	577.5	154	5061.5	961.5	664.5	971.5	61940	3097
ORTHO003699	Cytochrome P450 superfamily protein	AT5G05690	5739;43231;43227;43226;5575;43229;44424;44464;5623;5622;44444;5737;48657;44702;22414;8150;44699;3006;32502;30154;48869;44767;44763;9987;48656;48646;9653;48856;48655;9886;9791;44707;32501;7275;48654;48444;48563;9887;48513;48731;48569;48437;9908;90567;48608;61458;48367;48653;48443;48827;48466;48438;48448;48658;48455;48449;48645;10268;55088;48878;42592;65008;65007;10584;10208;45229;16043;71840;10927;22607;44085;32989;85029;30198;43062;9555;48229;9826;902;60560;48589;40007;16049;16132;42446;9058;8152;42445;10817;16131;16128;6066;1901615;71704;44281;44710;8202;1901360;6629;44238;16129;46165;1901617;1901576;44283;44711;6694;1901362;8610;20037;46906;1901363;5488;3674;97159;4497;16491;3824;55114;5506;46914;46872;43169;43167;19825;16021;31224;44425;16020;16705;9911;48582;48580;2000026;50793;50789;51239;51240;48518;51094;2000243;2000241;9909;48831;10224;9411;9416;9314;9628;50896	518	380	1375.5	2233	3586.5	2557.5	687.5	1823.5	9140	334.5	5788.5	4670	9077	5045.5	693	508.5	1356.5	7617	1210.5	681.5	8909	8763	3227	2046	74136	3706.8
ORTHO000587	cytochrome P450; family 86; subfamily A; polypeptide 4	AT1G01600;AT1G63710;AT2G45970;AT4G00360;AT5G58860	55114;44710;8152;8150;44699;70330;16712;16705;16491;3824;3674;4497;6631;44255;6629;71704;44238;44763;9987;44237;32787;19752;43436;6082;44281;19825;5488;16021;31224;44425;5575;16020;5506;46914;46872;43169;43167;18685;16713;20037;46906;1901363;97159;5576;5515;6952;6950;50896;10345;9699;19438;6725;44249;9058;1901362;1901360;1901576;44550;19748;44711;9698;5773;43231;43227;43226;43229;44424;44464;5623;5622;44444;5737	519	1504	2174	3829	390	2054	2328.5	1263.5	931	52.5	1144	4724	1352	4825	327	1429.5	630	8397.5	8973.5	9118.5	9136.5	9063	9151.5	8869	83770.5	4.188.525
ORTHO004699	Protein of unknown function (DUF630 and DUF632)	AT1G21740;AT1G77500	5634;43231;43227;43226;5575;43229;44424;44464;5623;5622	520	335	440	360	248.5	133.5	89	17	3450	4703.5	354.5	7521.5	1352	5378	841.5	136	166	9044.5	2469	2373.5	452.5	6895.5	1900.5	2091	49369	2468.45
ORTHO002249	ARM repeat superfamily protein	AT4G36550	16567;32446;70647;6464;36211;19538;43170;71704;8152;8150;44238;43412;44267;44260;44237;9987;16874;3824;3674;4842;19787;16740	521	1491	282.5	44	1584.5	68.5	288.5	357.5	196	607.5	195.5	743.5	1352	8541.5	9162	1073.5	367.5	7376.5	11	178	12.5	9.5	9.5	8	30558.5	1.527.925
ORTHO002973	Sterile alpha motif (SAM) domain-containing protein	AT1G15760;AT1G80520	9507;9536;43231;43227;43226;5575;43229;44424;44464;5623;5622;44444;5737;8150;3674	522	190	860	1198	43	4708.5	262	8640	2959	450.5	1312.5	3108	1352	5033	417.5	136	1564	8150.5	7153	399	1426	8091	9022.5	847	65032	3251.6
ORTHO001500	Rho GTPase activating protein with PAK-box/P21-Rho-binding domain	AT5G22400	7165;50794;50789;65007;8150;51716;9987;50896;7154;44763;44699;44700;23052;43547;43087;51336;50790;19222;65009;51345;43085;44093;9893;48518;9507;9536;43231;43227;43226;5575;43229;44424;44464;5623;5622;44444;5737;5096;8047;30234;98772;3674;30695;60589	523	1574	2147.5	3772	1281	4946.5	2190	1204.5	2777	6038.5	982	8207.5	7743	7779.5	8726.5	797.5	2230.5	6590	6785	4258.5	1889.5	4525.5	1453	4291.5	83416	4170.8
ORTHO001538	transmembrane nine 1	AT1G10950	5576;5575;5768;43231;43227;43226;43229;44424;44464;5623;5622;44444;5737;12505;5801;5802;98791;44431;44446;44422;5794;31984;16021;31224;44425;16020;5797;31985;5795	524	171	941	1358	3564.5	96.5	1672.5	1263.5	1753	582	865	3218	1352	4935	290.5	136	2338.5	8458	9137	9015.5	12.5	8398	7818	5433.5	66775	3338.75
ORTHO000653_1	oligouridylate binding protein 1B	AT1G17370;AT1G54080;AT3G14100	6397;16071;16070;44260;43170;71704;8152;8150;44237;9987;90304;6139;46483;6725;1901360;34641;6807;44238;6396;10467;5634;43231;43227;43226;5575;43229;44424;44464;5623;5622;5515;5488;3674;3723;3676;1901363;97159;3730;3729;44822;5886;16020;71944;166;36094;1901265	525	1818	3602.5	6680	1281	8494.5	8054.5	3491	27	4523	3989.5	5780	8519	5481.5	1209.5	1606	1934	8890.5	3046	8956	8618.5	7683.5	2239	6732.5	99275.5	4.963.775
ORTHO000254_2	ENTH/ANTH/VHS superfamily protein	AT1G14910;AT2G01600;AT2G10950	5545;35091;5543;8289;5488;3674;43168;43167;30118;30117;98796;43234;32991;5575;44425;16020;44444;44424;44464;5623;5622;5737;48475;30136;30135;16023;31988;43227;43226;31982;43231;43229;31410;6897;16192;6810;51234;51179;8150;5794;12505;5905;98589;98805;30276;5515;48268;43623;6461;65003;43933;16043;71840;9987;22607;44085;71822;70271;34622;6901;16050;6996;6900;61024;5886;71944;5634	526	196	391	256	248.5	390.5	444.5	641	196	2472.5	1211	197	1352	9097	6969.5	267	8996	7219.5	1642	220.5	2123	521.5	514	1188	45662.5	2.283.125
ORTHO003748	unknown protein	AT3G01860	46686;10038;10035;42221;50896;8150;5634;43231;43227;43226;5575;43229;44424;44464;5623;5622;3674	527	769	1075	1623	672.5	663	6478	4571	460	1094.5	2216.5	5859.5	8977	6144.5	6378.5	797.5	2723	7028	1513	1811	7925	1910	2037	595.5	69182.5	3.459.125
ORTHO004159	unknown protein	AT1G09812;AT1G58007	5634;43231;43227;43226;5575;43229;44424;44464;5623;5622;3674;8150;5739;44444;5737	528	466	885	1242	248.5	505	2155	1855	2435.5	266	1312.5	8921.5	9150.5	4874	473.5	508.5	261	8278	1063.5	259.5	8935.5	8910.5	2120	3179.5	65464.5	3.273.225
ORTHO006123	basic leucine-zipper 42	AT3G30530	5634;43231;43227;43226;5575;43229;44424;44464;5623;5622;3677;3676;1901363;5488;3674;97159;46982;46983;5515;6355;1903506;2001141;31326;9889;19222;50789;65007;8150;31323;50794;51252;19219;80090;51171;60255;10556;10468;2000112;43565;3700;1071;42803;42802	529	1685	1481.5	2434	4356	3232	7060	103	2069	8398	4642.5	1854	1352	7779.5	8726.5	797.5	494	8458	3553	1900	2807	5924	4026	2439.5	75615.5	3.780.775
ORTHO002627	zinc finger protein 1	AT3G02830;AT5G16540	10313;5515;5488;3674;46872;43169;43167;5634;43231;43227;43226;5575;43229;44424;44464;5623;5622;5829;44444;5737;48027;3729;44822;3723;3676;1901363;97159;17148;10629;10605;9892;48519;50789;65007;8150;19222;60255;10468;6417;10608;32268;51246;80090;31323;50794;34248;51171;2000112;31326;9889;10556;34249;51172;31324;48523;2000113;31327;9890;10558;32269;51248;4518;16788;16787;3824;8152;90305;90304;6139;46483;44237;9987;6725;1901360;71704;34641;6807;44238;43170;3677	530	168	462.5	395	141	3027.5	312	336	298	3163.5	1623	2086	1352	5656	1404.5	508.5	1928	8080	1118.5	141.5	1374	8111.5	8737	787	50044.5	2.502.225
ORTHO004043	Protein of unknown function (DUF1005)	AT1G10020	8150;3674;5634;43231;43227;43226;5575;43229;44424;44464;5623;5622	531	705	342	153	672.5	3632	312	218	800	184	5293	818.5	1352	5840.5	6687	2080.5	2049.5	5824	418	220.5	696.5	3111.5	728.5	636.5	40902.5	2.045.125
ORTHO003410	serine/threonine protein kinase 3	AT5G08160	5524;35639;1901265;1901363;5488;3674;97159;43168;43167;32559;30554;17076;166;36094;32555;32553;97367;32550;32549;1882;1883;5829;44444;44424;44464;5575;5623;5622;5737;6468;16310;6796;6793;44237;8152;8150;9987;6464;36211;19538;43170;71704;44238;43412;44267;44260;5886;16020;71944;4674;4672;16301;16772;16740;3824;16773	532	524	328	124	672.5	19	254.5	96	280	210.5	2992.5	130	1352	9156.5	7082.5	1073.5	2786	8309.5	1523.5	284	378.5	540	678.5	1672.5	38819.5	1.940.975
ORTHO002000	long-chain acyl-CoA synthetase 6	AT3G05970;AT5G27600	9507;9536;43231;43227;43226;5575;43229;44424;44464;5623;5622;44444;5737;7275;44767;32502;8150;44699;44707;32501;1676;6631;44255;6629;71704;8152;44710;44238;44763;9987;44237;32787;19752;43436;6082;44281;4467;15645;16877;16874;3824;3674;5777;42579;9514;5524;35639;1901265;1901363;5488;97159;43168;43167;32559;30554;17076;166;36094;32555;32553;97367;32550;32549;1882;1883;46861;5778;44439;44438;44446;44422;31903;98588;31090;16020;98805;10193;302;6979;6950;50896;1901700;42221;1101;10035;5515;9651;6970;9628;5634	533	492	1668.5	2804	672.5	5722.5	262	602	393.5	6645	354.5	5231.5	9150.5	4890.5	473.5	136	2436.5	8990.5	7612.5	2665	3511.5	8861	2458	7453	77849.5	3.892.475
ORTHO003997	3-phosphoinositide-dependent protein kinase	AT3G10540;AT5G04510	6468;16310;6796;6793;44237;8152;8150;9987;6464;36211;19538;43170;71704;44238;43412;44267;44260;5515;5488;3674;4674;4672;16301;16772;16740;3824;16773;5524;35639;1901265;1901363;97159;43168;43167;32559;30554;17076;166;36094;32555;32553;97367;32550;32549;1882;1883;5634;43231;43227;43226;5575;43229;44424;44464;5623;5622;5886;16020;71944;5737;45860;45859;43549;42325;19220;51174;31323;50794;50789;65007;19222;51338;50790;65009;1932;31399;32268;51246;80090;60255;1934;42327;45937;10562;31325;9893;48518;48522;31401;32270;51247;10604;33674;51347;43085;44093;70300;5543;8289;46777;4676;35091	534	383	642	750	672.5	7794.5	1519.5	6428.5	1133	402.5	354.5	1576.5	1352	5941	6305	136	1934	7885.5	875	8125.5	1462.5	2213.5	2261.5	498.5	58199	2909.95
ORTHO004606	Ribosomal protein L34e superfamily protein	AT3G01170	22625;15934;44391;30529;32991;5575;44424;44464;5623;5622;44444;5737;44446;44422;43226;43229;5840;43232;43228;44445;5829;22626;42254;22613;44085;71840;8150;3735;5198;3674;6412;43043;43604;43603;34641;6807;8152;44237;9987;44271;44249;9058;6518;1901564;71704;1901566;1901576;44267;19538;43170;44238;44260;34645;9059;10467;3723;3676;1901363;5488;97159	535	1668	1875	3215	1281	892	2234.5	3608	3534	402.5	4632.5	6518	8675.5	6065	6560	2080.5	2486.5	8577	2000.5	8905.5	3081	5376	2740.5	2003.5	80373	4018.65
ORTHO005034	Galactose oxidase/kelch repeat superfamily protein	AT1G27340	10928;9966;10646;50794;50789;65007;8150;48583;23051;5634;43231;43227;43226;5575;43229;44424;44464;5623;5622;60776;9965;9887;44767;32502;44699;9653;48856;48513;48731;7275;44707;32501;48366;48827;48367;10016;3674;10305;10051;3002;7389	536	220	626.5	717	672.5	375.5	575	3467	3302	720	4740	2086	1352	5077	473.5	508.5	8269	7967.5	2437	1869	1140	7493	2669.5	3179.5	57701	2885.05
ORTHO006137	Encodes a conserved eukaryotic protein with homology to the human RNA binding protein CIP29 that localizes to the nucleus.  Mutants accumulate more poly(A) mRNAs in the nucleus; likely resulting from reduced mRNA export activity.	AT5G02770	5654;44428;44446;44422;5575;43226;44424;44464;5623;5622;43229;5634;43231;43227;31981;70013;43233;31974;5515;5488;3674;16973;1902582;46907;6810;51234;51179;8150;51649;51641;44765;1902578;44699;6406;6405;51168;6913;16482;51169;50658;50657;15931;71705;71702;51236;6403;33036;51028;10467;43170;71704;8152;71427;71426;71166;3723;3676;1901363;97159	537	654	1667.5	2798	672.5	3050.5	6168	3393.5	3425	1926.5	5039.5	5859.5	9167	4850	438.5	508.5	2436.5	8713	2108	2455	3252	8954.5	2564	3501.5	77811	3890.55
ORTHO006459	Protein of unknown function (DUF1644)	AT3G25910	5634;43231;43227;43226;5575;43229;44424;44464;5623;5622;8150	538	662	1276.5	2015	672.5	2964.5	3960	3450	3404.5	582	5258.5	6361.5	9031.5	5887	4705.5	797.5	9050.5	9039	2676	1291.5	620	914	1386	1282	72661.5	3.633.075
ORTHO001651	Ankyrin repeat family protein / BTB/POZ domain-containing protein	AT2G41370;AT3G57130	9864;2252;2376;8150;9867;9755;7165;50794;50789;65007;51716;9987;50896;7154;44763;44699;44700;23052;32870;9725;9719;10033;42221;71495;71310;70887;71395;9753;1101;1901700;71229;1901701;2218;2253;50778;48584;48518;48583;50776;2682;2684;45089;31349;31347;80134;45088;9682;45087;6952;6950;6955;42742;9617;51707;43207;9605;9607;51704;98542;10434;48646;32502;9653;48856;10433;9887;44767;48513;48731;7275;44707;32501;10432;48827;48367;10227;3006;22414;9838;48437;44702;48569;9908;90567;48608;61458;9791;9954;3002;7389;5737;44424;44464;5575;5623;5622;10254;10582;10022;10073;48507;9888;5515;5488;3674;5634;43231;43227;43226;43229;16567;32446;70647;6464;36211;19538;43170;71704;8152;44238;43412;44267;44260;44237;9944;65001;9798;9943;9955;48439;10016;9886;45893;10628;10604;9893;19222;60255;10468;1903508;1903506;2001141;31326;9889;31323;51252;19219;80090;51171;10556;1902680;51254;45935;31325;48522;51173;31328;9891;10557;6355;2000112;9965;48366	539	8	414.5	290	83.5	1	5597.5	1013.5	393.5	607.5	621.5	1810.5	1352	9138	8061.5	25.5	2244	4507	505.5	1940	1047	5789.5	1866	556.5	47077.5	2.353.875
ORTHO001267	DEA(D/H)-box RNA helicase family protein	AT2G45810;AT3G61240;AT4G00660	5829;44444;44424;44464;5575;5623;5622;5737;8026;42623;16887;17111;16462;16818;16817;16787;3824;3674;8152;8150;70035;4386;33962;70925;6996;16043;71840;9987;22607;44085;22618;71826;43933;34622;65003;22613;10494;36464;35770;30529;32991;43232;43228;43226;43229;6417;10608;10468;60255;19222;50789;65007;32268;51246;80090;31323;50794;34248;51171;2000112;31326;9889;10556;4004;8186;3724;10501;16070;44260;43170;71704;44237;90304;6139;46483;6725;1901360;34641;6807;44238;16032;44764;51704;44403;44419;932;19048;44003;51817;35821;65008;51701	540	1629	503.5	467	1479.5	4474	1224.5	3680	393.5	2124.5	513.5	5372	5338.5	4295.5	4842.5	1239.5	1048	8297	1748	1667	485.5	1695	3162	200.5	51801	2590.05
ORTHO002072	UDP-N-acetylglucosamine (UAA) transporter family	AT1G12600;AT4G23010	8643;44765;6810;51234;51179;8150;1902578;44699;71702;55085;44763;9987;16021;31224;44425;5575;16020;5886;44464;5623;71944;3674;30173;31228;44431;44444;44424;5622;5737;44446;44422;43226;43229;5794;43231;43227;12505;31300;31090;139;98588;31301;72334;34219;98656;6820;6811;34220;90481;15781;15780;1901264;6862;15748;15931;71705;72531;1901679;15785;15711;5459;15165;5338;1901505;5215;15215;15605;1901677;22857;15932;22891;22892	541	538	2102.5	3664	672.5	615.5	3628.5	1709	985	896.5	1312.5	4239	1352	4890.5	473.5	508.5	1564	8327	8873	8721.5	9083	9014.5	9121.5	7508	82823	4141.15
ORTHO002276	PapD-like superfamily protein	AT4G21450	5886;16020;5575;44464;5623;71944;8150;5634;43231;43227;43226;43229;44424;5622;5789;98588;31090;44422;44432;44444;5737;44446;5783;12505;44425;42175;5198;3674	542	970	1459	2376	672.5	2999.5	6688	3563	3659	5641.5	4839.5	4239	1352	5110.5	693	508.5	2452.5	9067.5	2819.5	2935	1352	8398	2239	6553	75110	3755.5
ORTHO000361_2	reversibly glycosylated polypeptide 1	AT3G02230;AT5G15650	22626;44445;44444;44424;44464;5575;5623;5622;5737;5829;5840;30529;32991;43232;43228;43226;43229;30244;51274;9250;33692;271;5976;5975;71704;8152;8150;44238;43170;16051;44723;44710;44699;1901576;9058;44711;9059;34637;44262;44237;9987;44763;44249;44264;44260;34645;6073;44042;51273;30243;5515;5488;3674;16760;35251;46527;16758;16757;16740;3824;8194;16759;138;31985;98791;44431;44446;44422;5794;43231;43227;12505;31984;5795;5618;30312;71944;5774;44437;5773;98588;31090;16020;98805;9651;6970;9628;50896;6950;9555;48229;7275;44767;32502;44707;32501;48856;9832;42546;44085;71840;71554;71669;5634;33356;9225;6139;46483;6725;1901360;34641;6807;1901135;52691;16866;16853;71555;45229;16043;46686;10038;10035;42221	543	1652	927	1311	5404	994.5	5873	917.5	522.5	3637.5	8842.5	7849	3793	4486	6137	508.5	1731.5	5221.5	4388	247	4445	1910	3207	1546.5	66257.5	3.312.875
ORTHO003763	Protein phosphatase 2C family protein	AT3G62260	6470;16311;6796;6793;44237;8152;8150;9987;6464;36211;19538;43170;71704;44238;43412;44267;44260;4722;4721;16791;42578;16788;16787;3824;3674;46872;43169;43167;5488;5739;43231;43227;43226;5575;43229;44424;44464;5623;5622;44444;5737	544	1171	2959	5374	1066.5	8930	5486.5	1484	1481	1655.5	1414	5096	8950	4905.5	438.5	508.5	737	8139	1589	6632	9023	8989.5	9093.5	7376.5	91929	4596.45
ORTHO003366	fucosyltransferase 12	AT1G49710;AT3G19280	71555;45229;16043;71840;8150;9987;71554;5768;43231;43227;43226;5575;43229;44424;44464;5623;5622;44444;5737;12505;5802;98791;44431;44446;44422;5794;31984;8417;16758;16757;16740;3824;3674;8152;36065;70085;44723;5975;71704;44238;44710;44699;6486;44763;6464;36211;19538;43170;43412;44267;44260;44237;43413;9101;9100;1901135;34645;9059;1901576;9058;44249;1901137;32580;139;98588;31090;16020;31985;5795;16021;31224;44425;46920;6487;17083	545	1172	1002.5	1460	1066.5	3663	6901	4088	1133	3838	1144	3808	1352	7536	8512	2476	7443	6330	528	586	1003	3609.5	1661.5	2314	67926	3396.3
ORTHO003954	Thioredoxin superfamily protein	AT3G11630;AT5G06290	5515;5488;3674;51920;16684;16491;3824;8152;8150;55114;44710;44699;16209;9570;9532;44435;44444;44424;44464;5575;5623;5622;5737;44446;44422;43226;43229;9536;43231;43227;44434;9507;10319;9526;31967;31975;9409;9266;9628;50896;6950;9941;9579;4601;42742;9617;51707;43207;9605;9607;51704;98542;6952;48046;5576;5739	546	1533	2108.5	3671	1066.5	7959	7288	575	6124	3547	1211	4018.5	1352	7536	8512	2476	1396.5	5992	1374.5	1747	7254	6512.5	5826.5	2166	82867.5	4.143.375
ORTHO002306	stress-inducible protein; putative	AT1G12270;AT1G62740;AT4G12400	5829;44444;44424;44464;5575;5623;5622;5737;5634;43231;43227;43226;43229;46686;10038;10035;42221;50896;8150;5886;16020;71944;10286;9408;9266;9628;6950;42542;302;6979;1901700;9644;9642;9416;9314	547	1681	1689	2831	1281	1329	652	1013.5	393.5	3771	1623	1708.5	8205.5	7850	8927.5	2476	6896.5	7028	7676.5	518	7254	6340.5	1640	2699.5	78002.5	3.900.125
ORTHO003290	NAC domain containing protein 28	AT1G65910	6355;1903506;2001141;31326;9889;19222;50789;65007;8150;31323;50794;51252;19219;80090;51171;60255;10556;10468;2000112;5634;43231;43227;43226;5575;43229;44424;44464;5623;5622;3677;3676;1901363;5488;3674;97159;7275;44767;32502;44699;44707;32501;6351;34645;44260;43170;71704;8152;44237;9987;9059;1901576;9058;44249;97659;32774;16070;90304;6139;46483;6725;1901360;34641;6807;44238;34654;19438;44271;18130;1901362;10467;3700;1071	548	224	1503	2458	248.5	125.5	512	488	3668.5	334.5	4839.5	2937.5	9130	5045.5	438.5	508.5	8163	8843.5	9056.5	3899.5	3179	7855	3407	3340.5	75772	3788.6
ORTHO000717_1	high-level expression of sugar-inducible gene 2	AT2G30470;AT4G32010	45892;1903507;1903506;2001141;31326;9889;19222;50789;65007;8150;31323;50794;51252;19219;80090;51171;60255;10556;1902679;51253;10605;9892;48519;45934;51172;31324;48523;31327;9890;10558;10629;10468;6355;2000112;2000113;5634;43231;43227;43226;5575;43229;44424;44464;5623;5622;5739;44444;5737;2000034;80050;48580;2000026;50793;51239;2000241;9737;9725;9719;50896;10033;42221;33993;97305;1901700;1101;6351;34645;44260;43170;71704;8152;44237;9987;9059;1901576;9058;44249;97659;32774;16070;90304;6139;46483;6725;1901360;34641;6807;44238;34654;19438;44271;18130;1901362;10467;8270;46914;46872;43169;43167;5488;3674;9744;34285;9743;3700;1071;5515;10030;48582;51240;48518;51094;10029;1900140;3677;3676;1901363;97159	549	360	915.5	1282	672.5	3020	274.5	917.5	8656.5	82.5	319	907	8817.5	7213.5	9022.5	1073.5	1048	6854.5	368.5	23	7568	1656	4773	3289.5	65884.5	3.294.225
ORTHO005064	Protein of unknown function (DUF3527)	AT2G33360	5634;43231;43227;43226;5575;43229;44424;44464;5623;5622;3674;8150;5773;44444;5737	550	724	952.5	1355	672.5	4224.5	2234.5	917.5	597.5	1058	744	1954	1352	8576.5	8915.5	1073.5	7840	6808.5	658	4664.5	7860	5213.5	1157	913	66762	3338.1
ORTHO000715_3	Protein kinase superfamily protein	AT1G48490;AT3G17850	5622;44464;5575;5623;4674;4672;16301;16772;16740;3824;3674;8152;8150;16310;6796;6793;44237;9987;16773;6468;6464;36211;19538;43170;71704;44238;43412;44267;44260;18105;18209;18193;5634;43231;43227;43226;43229;44424;35556;7165;50794;50789;65007;51716;50896;7154;44763;44699;44700;23052;5886;16020;71944;5524;35639;1901265;1901363;5488;97159;43168;43167;32559;30554;17076;166;36094;32555;32553;97367;32550;32549;1882;1883;5829;44444;5737;46777;46872;43169	551	1121	1979	3407	4356	7543.5	6478	1204.5	1328.5	1318	982	212.5	1352	8969	6867.5	2476	2195	7697.5	8406.5	178	8909	8295.5	2079	5007.5	81499.5	4.074.975
ORTHO004906	Adenine nucleotide alpha hydrolases-like superfamily protein	AT1G69080;AT2G03720	16787;3824;3674;8152;8150;48765;10053;90627;30154;48869;44767;32502;44699;44763;9987;10015;9653;48856;48364;48513;48731;7275;44707;32501;22622;90558;9888;48764;48469;21700;48468;10054;5575	552	912	730	908	4356	375.5	3224.5	357.5	1753	184	5423	212.5	8675.5	6764.5	8793	976.5	450	6590	839.5	201.5	2007	6859.5	6326.5	988.5	61002	3050.1
ORTHO003990	Protein kinase superfamily protein	AT5G07140;AT5G58520	6468;16310;6796;6793;44237;8152;8150;9987;6464;36211;19538;43170;71704;44238;43412;44267;44260;4672;16301;16772;16740;3824;3674;16773;5886;16020;5575;44464;5623;71944;5524;35639;1901265;1901363;5488;97159;43168;43167;32559;30554;17076;166;36094;32555;32553;97367;32550;32549;1882;1883;4712;5737;44424;5622	553	527	1525	2497	248.5	2776	512	602	553.5	1094.5	5655.5	8795.5	1352	5840.5	2910	797.5	6208.5	7846	8576	141.5	2761	8910.5	9012	1672.5	76017	3800.85
ORTHO003005	unknown protein	AT3G50340;AT5G67020	3674;5634;43231;43227;43226;5575;43229;44424;44464;5623;5622;8150	554	1420	1553.5	2553	4356	2557.5	3628.5	8686.5	6493	3122	1312.5	5053	1352	4935	456	6075	2891.5	8231	2122.5	8661.5	436	1132	1918	7376.5	76440	3822
ORTHO002492	early nodulin-like protein 9	AT3G20570	31225;31224;44425;5575;16020;5886;44464;5623;71944;46658;31226;44459;50896;8150;9055;3674;5507;46914;46872;43169;43167;5488	555	411	1592	2629	672.5	2964.5	5410	88.5	9163	2524.5	195.5	2086	1352	8936	6687	797.5	5240.5	8971.5	2682.5	1371	2701	6377.5	7818	1546.5	76913	3845.65
ORTHO001929	homocysteine S-methyltransferase 3	AT3G22740;AT3G63250	46872;43169;43167;5488;3674;9086;97;96;6790;44237;8152;8150;9987;6520;1901564;71704;6807;19752;43436;6082;44281;44710;44699;44763;44238;44272;44249;9058;8652;46394;16053;44283;44711;1901576;1901566;9067;9066;1901605;1901607;6555;32259;5886;16020;5575;44464;5623;71944;8898;8757;8168;16741;16740;3824;8172;5737;44424;5622;33528;33477;6575	556	1127	1605	2654	1066.5	8818	512	1780.5	4123.5	3771	195.5	5489.5	1352	5238.5	841.5	1429.5	5764.5	8963	3032	1698.5	1447	8723	8853.5	5007.5	77040.5	3.852.025
ORTHO000586_1	CBS / octicosapeptide/Phox/Bemp1 (PB1) domains-containing protein	AT5G50530;AT5G50640;AT5G63490	30554;17076;166;36094;5488;3674;1901265;1901363;97159;16021;31224;44425;5575;16020	557	886	2248	3939	672.5	4662.5	924	3491	3584	3190.5	4853	4670	9077	5077	693	508.5	2452.5	9035	9120	1248	9091	8510	2341	1906.5	84434.5	4.221.725
ORTHO004924	COP9 signalosome 5A	AT1G22920;AT1G71230	10388;338;70646;70647;6464;36211;19538;43170;71704;8152;8150;44238;43412;44267;44260;44237;9987;6508;5515;5488;3674;9640;9639;9416;9314;9628;50896;9791;44767;32502;44699;44707;32501;7275;9733;9725;9719;10033;42221;8180;44428;44446;44422;5575;43226;44424;44464;5623;5622;43229;5634;43231;43227;43234;32991;5737;10100;48581;48580;2000026;50793;50789;65007;51239;51241;48519;51093;48585;48583;10099;2000030;10971;1901992;1901989;90068;10564;51726;50794;45787;48522;48518;1901987;1901990;7346;45931;1902751;1902749;10389;10387;43623;6461;65003;43933;16043;71840;22607;44085;71822;70271;34622;9585;7602;9583;9582;51606;9581;9605;7165;51716;7154;44763;44700;23052;10017;71489;71482;71478;71214;46872;43169;43167;8237;70011;8233;16787;3824;31347;80134;10093;44702;22414;3006;10092;3002;7389;48645;48646;9653;48856;9887;48513;48731;48449;48444;48563;9886;48569;48437;9908;90567;48608;61458;48367;2000082;31326;9889;19222;31323;30656;10565;43255;6109;80090;45732;42176;9894;51246;60255;51247;10604;9893;9896	558	714	586	614	365.5	640.5	822.5	4065.5	4253	3622.5	69	587.5	1352	9164.5	7401.5	1073.5	2261.5	8107	1210.5	436	262	7358	2104	678.5	55469.5	2.773.475
ORTHO000806_1	C2 calcium/lipid-binding and GRAM domain containing protein	AT1G03370	5634;43231;43227;43226;5575;43229;44424;44464;5623;5622;16021;31224;44425;16020;8150	559	16	591.5	624	17	585	1428	1361	702.5	14.5	2129.5	109.5	9178	5680	1509	25.5	80.5	7493.5	948.5	5002	8990	7725	2171	648	55781	2789.05
ORTHO002715	unknown protein	AT2G24530;AT4G31440	5634;43231;43227;43226;5575;43229;44424;44464;5623;5622;70461;123;31248;1902493;1990234;1902494;43234;32991;44451;44428;44446;44422;5654;31981;70013;43233;31974;8150;3674	560	1723	4388	8216	1281	8600	3129.5	2660	8423.5	4356	3674	6494	8675.5	5149	693	6712.5	1545.5	7910.5	1989	8918.5	8618.5	8687.5	9037	6057.5	111331	5566.55
ORTHO001886	glycosyl hydrolase 9B5	AT1G19940;AT1G75680	30245;51275;9251;272;5976;5975;71704;8152;8150;44238;43170;16052;1901575;9056;9057;44042;51273;6073;44264;44260;44237;9987;44262;44247;44275;44248;30243;4553;16798;16787;3824;3674;5576;5575;71555;45229;16043;71840;71554;8810;5886;16020;44464;5623;71944	561	1747	459.5	358	4356	838.5	822.5	4133.5	210.5	1371	1623	6027	3756.5	4486	6054.5	508.5	3521.5	4982.5	598.5	920	569	1910	4065	2850	49248	2462.4
ORTHO001839	Protein of unknown function DUF2359; transmembrane	AT1G23170;AT1G70770	3674;16020;5575;8150;5634;43231;43227;43226;43229;44424;44464;5623;5622;5886;71944;5774;44437;44444;5737;44446;44422;5773;98588;31090;98805;5783;12505;9506;5911;30054;55044;5794	562	1005	1956.5	3351	672.5	3768.5	3758	229	3838.5	1750.5	4806.5	5763	1352	6017	5034.5	1996.5	7526.5	8631	1878.5	2059.5	8952.5	8091	2984	2699.5	81136.5	4.056.825
ORTHO002471	ABA-responsive element binding protein 3	AT3G56850	6351;34645;44260;43170;71704;8152;8150;44237;9987;9059;1901576;9058;44249;97659;32774;16070;90304;6139;46483;6725;1901360;34641;6807;44238;34654;19438;44271;18130;1901362;10467;3700;1071;3674;2001141;31326;9889;19222;50789;65007;31323;50794;51252;19219;80090;51171;60255;10556;6355;1903506;10468;2000112;5634;43231;43227;43226;5575;43229;44424;44464;5623;5622;9737;9725;9719;50896;10033;42221;33993;97305;1901700;1101;3677;3676;1901363;5488;97159;43565	563	881	1113	1663	672.5	2385.5	107	3393.5	2849.5	5145	46	6590	3935.5	8576.5	6484	797.5	157	8659.5	2340	2496	2800	9135.5	3339	339	69576	3478.8
ORTHO001524	isocitrate dehydrogenase subunit 2	AT2G17130;AT4G35260;AT4G35650	4449;4448;16616;16614;16491;3824;3674;8152;8150;55114;44710;44699;6099;6101;72350;19752;43436;6082;71704;44281;44763;9987;44237;44238;9060;45333;15980;6091;51287;50662;48037;5488;166;36094;1901265;1901363;97159;6102;5739;43231;43227;43226;5575;43229;44424;44464;5623;5622;44444;5737;287;46872;43169;43167;8270;46914;5515;48046;5576	564	822	906	1248	365.5	2097.5	5382	1204.5	3490	3622.5	865	7519	1352	8825.5	6574	797.5	2589	8926	2945	2496	1275.5	1407.5	1035	3179.5	65583	3279.15
ORTHO001262	Protein kinase superfamily protein	AT2G39110;AT3G09830;AT5G03320	4672;16301;16772;16740;3824;3674;8152;8150;16310;6796;6793;44237;9987;16773;6468;6464;36211;19538;43170;71704;44238;43412;44267;44260;5524;35639;1901265;1901363;5488;97159;43168;43167;32559;30554;17076;166;36094;32555;32553;97367;32550;32549;1882;1883;5886;16020;5575;44464;5623;71944	565	1096	1492	2419	4356	8655.5	7272	1013.5	2541	3869	2992.5	551.5	8754.5	5023	693	1429.5	2013	7942.5	1290	436	1593.5	8566.5	2341	8552	75529.5	3.776.475
ORTHO002322	ketol-acid reductoisomerase	AT3G58610	9941;9526;31967;31975;44464;5575;5623;44446;44422;43226;44424;5622;43229;43227;44435;44444;5737;9536;43231;44434;9507;55114;44710;8152;8150;44699;9570;9532;9097;9082;9081;6520;1901564;71704;6807;19752;43436;6082;44281;44763;9987;44237;44238;8652;46394;16053;44283;44711;9058;1901576;44249;1901566;6549;1901605;1901607;50662;48037;5488;3674;48046;5576;5618;30312;71944;4455;16616;16614;16491;3824;5739;9099;6573;46686;10038;10035;42221;50896;5507;46914;46872;43169;43167	566	1137	2862	5158	4356	9038.5	687.5	3563	3450	1282.5	5286	2937.5	1352	4890.5	473.5	508.5	8408	8946.5	8625.5	3409.5	9158.5	8861	2458	7453	90789.5	4.539.475
ORTHO002301	alpha/beta-Hydrolases superfamily protein	AT1G64670;AT4G24140;AT5G41900	6970;9628;50896;8150;6950;16787;3824;3674;8152;9505;5618;30312;44464;5575;5623;71944;5737;44424;5622;10143;9059;43170;71704;1901576;9058;10115;31326;9889;19222;50789;65007;31323;50794;19747;19216;80090;46890;10565;43455;1902930	567	450	636.5	706	248.5	4693.5	6055.5	175.5	1839.5	4127	1414	4162.5	1352	5868.5	4705.5	797.5	6549	7910.5	3233.5	2253	497	398.5	159.5	1282	57474	2873.7
ORTHO001180	Ankyrin repeat family protein	AT3G01750;AT3G04140	8150;5737;44424;44464;5575;5623;5622	568	569	1543	2518	248.5	8518.5	444.5	917.5	8564	5177	865	181.5	1352	6764.5	8838	267	2565.5	6946	732	549.5	7925	6859.5	5826.5	2940	76233.5	3.811.675
ORTHO002804	Adaptin family protein	AT4G11380;AT4G23460	30665;30662;30659;12506;31090;16020;5575;44422;43226;43227;31988;31982;44433;44444;44424;44464;5623;5622;5737;44446;43229;31410;16023;43231;98588;98805;30135;30136;30276;5515;5488;3674;6886;15031;45184;51234;51179;8150;8104;33036;71702;6810;46907;51649;51641;34613;70727;5886;71944;5794;12505;8565;22892;5215;30131;30119;98796;43234;32991;44425;30117;48475;30118;5634;16192;9506;5911;30054;55044	569	896	2450	4331	672.5	3905	6021	1780.5	8656.5	450.5	8606.5	4805.5	1352	4861	438.5	508.5	8456.5	8340	2233.5	4925	1761	8910.5	2524	7997	86533	4326.65
ORTHO001477	Plant protein of unknown function (DUF828)	AT3G12060;AT5G06700	16413;16407;16747;16746;16740;3824;3674;8152;8150;8374;5794;43231;43227;43226;5575;43229;44424;44464;5623;5622;44444;5737;12505;30244;51274;9250;33692;271;5976;5975;71704;44238;43170;16051;44723;44710;44699;1901576;9058;44711;9059;34637;44262;44237;9987;44763;44249;44264;44260;34645;6073;44042;51273;30243;71554;5768;5802;98791;44431;44446;44422;31984;9827;42545;71555;45229;16043;71840;9664;71669;5634;16021;31224;44425;16020;9834;9832;42546;44085;45489;45488;10393	570	1404	1482	2394	1584.5	8430	5026.5	3549.5	393.5	642.5	865	5096	1352	5175	693	1429.5	2230.5	8859	2599.5	2230.5	9128	8566.5	2884	6161.5	75312	3765.6
ORTHO004362	cryptochrome-interacting basic-helix-loop-helix 1	AT4G34530	3677;3676;1901363;5488;3674;97159;9911;48582;48580;2000026;50793;50789;65007;8150;51239;51240;48518;51094;2000243;2000241;9909;48831;3700;1071;2001141;31326;9889;19222;31323;50794;51252;19219;80090;51171;60255;10556;6355;1903506;10468;2000112;46983;5515;6351;34645;44260;43170;71704;8152;44237;9987;9059;1901576;9058;44249;97659;32774;16070;90304;6139;46483;6725;1901360;34641;6807;44238;34654;19438;44271;18130;1901362;10467;5634;43231;43227;43226;5575;43229;44424;44464;5623;5622	571	872	1050.25	1529.5	672.5	2214.5	444.5	727.5	3568	2880	5351	6770	4271.5	5023	693	508.5	1914	8803	8281	3037	262	8723	2908.5	2091	68471	3423.55
ORTHO003696	NAC domain containing protein 36	AT2G17040	3677;3676;1901363;5488;3674;97159;6351;34645;44260;43170;71704;8152;8150;44237;9987;9059;1901576;9058;44249;97659;32774;16070;90304;6139;46483;6725;1901360;34641;6807;44238;34654;19438;44271;18130;1901362;10467;6355;1903506;2001141;31326;9889;19222;50789;65007;31323;50794;51252;19219;80090;51171;60255;10556;10468;2000112;3700;1071;5634;43231;43227;43226;5575;43229;44424;44464;5623;5622;45792;8361;32535;90066;65008;16043;71840;44763;44699;7275;44767;32502;44707;32501;10200;10243;9719;50896;10033;42221;1901698;1901700;9965;9887;9653;48856;48513;48731;48366;48827;48367;10016;48281;3006;22414;9886;9791;10229;90567;48608;61458;44702	572	316	480.5	389	672.5	6966	1093.5	88.5	3068.5	789	29	16	1352	7850	9165	1073.5	143.5	8625	2952.5	1609.5	635.5	1778.5	1203	1506	49944.5	2.497.225
ORTHO004724	NAD(P)-binding Rossmann-fold superfamily protein	AT1G01510	5802;98791;44431;44444;44424;44464;5575;5623;5622;5737;44446;44422;43226;43229;5794;43231;43227;12505;31984;42802;5515;5488;3674;31129;31128;45168;7267;7154;44763;9987;8150;44699;44700;23052;45165;48869;44767;32502;30154;9965;9887;9653;48856;48513;48731;7275;44707;32501;48366;48827;48367;10016;2000039;10769;22604;22603;50793;50789;65007;51128;50794;60284;45595;2000027;2000026;51239;2000024;48831;8360;65008;42803;46983;42814;9826;902;32989;16043;71840;60560;48589;40007;16049;10482;51302;10091;904;48468;10090;10026;90558;9888;90626;5829;45604;30856;45682;48530;3006;22414;9886;9791;10154;48608;61458;226;7010;6996;1902589;7017;55114;44710;8152;3714;3712;989;988;1903506;2001141;31326;9889;19222;31323;51252;19219;80090;51171;60255;10556;1903507;1902679;51253;10605;9892;48519;45934;51172;31324;48523;31327;9890;10558;48444;44702;48563;48569;48437;9908;90567	573	427	694	815	248.5	2501	444.5	765	3135.5	1189	3426.5	431	9130	4905.5	511.5	508.5	8370.5	5720	1210.5	1391	1744	8840	2495	2850	59569	2978.45
ORTHO002357	Homeodomain-like/winged-helix DNA-binding family protein	AT1G17520;AT1G72740	6355;1903506;2001141;31326;9889;19222;50789;65007;8150;31323;50794;51252;19219;80090;51171;60255;10556;10468;2000112;9733;9725;9719;50896;10033;42221;9753;1101;1901700;6351;34645;44260;43170;71704;8152;44237;9987;9059;1901576;9058;44249;97659;32774;16070;90304;6139;46483;6725;1901360;34641;6807;44238;34654;19438;44271;18130;1901362;10467;3677;3676;1901363;5488;3674;97159;5634;43231;43227;43226;5575;43229;44424;44464;5623;5622;46686;10038;10035;9723;9751;14070;9651;6970;9628;6950;3700;1071	574	1557	1228.5	1883	1281	702	117.5	3405.5	8705	5864.5	4338	5720.5	1352	5972.5	3521.5	1996.5	8604.5	8808.5	2546.5	1678.5	3045	1466	1361	2522	71727.5	3.586.375
ORTHO001832	Basic-leucine zipper (bZIP) transcription factor family protein	AT2G42380;AT3G58120	9555;48229;7275;44767;32502;8150;44699;44707;32501;48856;3677;3676;1901363;5488;3674;97159;45893;10628;10604;9893;48518;50789;65007;19222;60255;10468;1903508;1903506;2001141;31326;9889;31323;50794;51252;19219;80090;51171;10556;1902680;51254;45935;31325;48522;51173;31328;9891;10557;6355;2000112;5634;43231;43227;43226;5575;43229;44424;44464;5623;5622;6351;34645;44260;43170;71704;8152;44237;9987;9059;1901576;9058;44249;97659;32774;16070;90304;6139;46483;6725;1901360;34641;6807;44238;34654;19438;44271;18130;1901362;10467;3700;1071;5515	575	1637	2577.5	4580	1479.5	8135	2528	1912	8564	1318	1483.5	5347.5	8675.5	9013	5937	1307	3521.5	5788	629.5	5337	4023	7786.5	4564	1876	87746	4387.3
ORTHO004008	Glycoprotein membrane precursor GPI-anchored	AT3G06035;AT5G19250	8150;31225;31224;44425;5575;16020;5886;44464;5623;71944;3674;46658;31226;44459	576	1617	1271.5	1967	4356	332.5	1204	2000	160.5	1842.5	865	5096	1352	5684.5	1233.5	1830	7513	8470.5	8720.5	2570	9023	8260	2617	3565	72339.5	3.616.975
ORTHO001483	Calcium-dependent lipid-binding (CaLB domain) family protein	AT1G05500;AT5G11100	8150;46872;43169;43167;5488;3674;9506;5911;30054;5575;55044;12505;44464;5623;5783;43231;43227;43226;43229;44424;5622;44444;5737;5886;16020;71944;16021;31224;44425	577	74	746.5	916	112	156	8645.5	8863.5	1916	52.5	3426.5	307.5	1352	5033	409	25.5	2025	8080	1189.5	5245.5	1201.5	7493	2171	3501.5	61094	3054.7
ORTHO001930	cytochrome B5 isoform B	AT2G32720	43447;1901576;71704;8152;8150;9058;43446;44763;9987;44699;44237;44710;44249;44711;16021;31224;44425;5575;16020;5789;98588;31090;44422;43226;43227;44432;44444;44424;44464;5623;5622;5737;44446;43229;5783;43231;12505;42175;5515;5488;3674;20037;46906;1901363;97159;55114;46872;43169;43167	578	476	1776	2974	3586.5	7603	444.5	3421	63	334.5	147	1854	9031.5	8969	6687	267	450	8794	2136.5	3184	1922.5	8658.5	8909	6145.5	79021.5	3.951.075
ORTHO002010	UDP-D-apiose/UDP-D-xylose synthase 2	AT1G08200;AT2G27860	9226;1901137;1901135;71704;8152;8150;1901576;9058;9225;6139;46483;44237;9987;6725;1901360;34641;6807;44238;34654;19438;44249;44271;18130;1901362;71555;45229;16043;71840;71554;50662;48037;5488;3674;48046;5576;5575;48040;16831;16830;16829;3824;5829;44444;44424;44464;5623;5622;5737;5634;43231;43227;43226;43229;51287;166;36094;1901265;1901363;97159	579	432	463.5	348	672.5	2501	512	163.5	597.5	334.5	1312.5	9042.5	1352	5307	693	508.5	2506.5	8002	1463	326.5	1362	7637.5	2120	3340.5	49082	2454.1
ORTHO005209	histone acetyltransferase of the MYST family 2	AT5G09740;AT5G64610	8270;46914;46872;43169;43167;5488;3674;6355;1903506;2001141;31326;9889;19222;50789;65007;8150;31323;50794;51252;19219;80090;51171;60255;10556;10468;2000112;5515;4402;61733;34212;8080;16410;16747;16746;16740;3824;8152;16407;16573;16570;16569;16568;6325;43933;16043;71840;9987;51276;6996;6464;36211;19538;43170;71704;44238;43412;44267;44260;44237;1902589;44763;44699;44710;18393;18394;18205;18193;6473;43543;6475;6351;34645;9059;1901576;9058;44249;97659;32774;16070;90304;6139;46483;6725;1901360;34641;6807;34654;19438;44271;18130;1901362;10467;5634;43231;43227;43226;5575;43229;44424;44464;5623;5622;6281;6259;6974;33554;51716;50896;6950;3676;1901363;97159;10224;9411;9416;9314;9628	580	757	428.5	277	365.5	3602.5	687.5	378.5	2301	1674	982	1954	7258.5	4662.5	6331.5	1830	562	5720	418	920	1469.5	2213.5	2901	636.5	46502.5	2.325.125
ORTHO001817	plant VAP homolog 12	AT2G45140;AT3G60600	5886;16020;5575;44464;5623;71944;5198;3674;5783;43231;43227;43226;43229;44424;5622;44444;5737;12505;16021;31224;44425;6605;6886;15031;45184;51234;51179;8150;8104;33036;71702;6810;46907;51649;51641;34613;70727;1902582;44765;1902578;44699;5515;5488;5789;98588;31090;44422;44432;44446;42175;5829;5634;326;325;5773;322;32586;9705;5774;44437;98805;16032;44764;51704;9987;44403;44419	581	1536	2645	4709	4356	3726.5	4742	2000	1042.5	3221	1211	4162.5	4144	8969	6639	797.5	7214.5	7181.5	2168	4473	8019	8223.5	7335	3289.5	88559	4427.95
ORTHO000870	Haloacid dehalogenase-like hydrolase (HAD) superfamily protein	AT4G12430;AT4G22590;AT5G51460	5992;46351;5984;44262;5975;71704;8152;8150;44238;44237;9987;9311;44723;44710;44699;44763;34637;16051;1901576;9058;44711;44249;9312;5991;4805;19203;16791;42578;16788;16787;3824;3674;16311;6796;6793;5737;44424;44464;5575;5623;5622;5634;43231;43227;43226;43229	582	1530	1934.5	3287	1066.5	4647.5	1011	2923.5	931	3267	4960	6001.5	1352	5175	693	1429.5	143.5	8397.5	9008	1764.5	8798.5	8566.5	3476.5	8258.5	80804.5	4.040.225
ORTHO003503	Dihydrolipoamide acetyltransferase; long form protein	AT1G54220;AT3G13930	4742;30523;16417;16747;16746;16740;3824;3674;8152;8150;16418;16407;5759;44429;44444;44424;44464;5575;5623;5622;5737;44446;44422;43226;43229;5739;43231;43227;70013;43233;31974;45254;1990204;1902494;43234;32991;6096;6090;32787;19752;43436;6082;71704;44281;44710;44699;44763;9987;44237;44724;44712;9056;44723;5975;44238;16052;1901575;6757;6091;46031;9150;6163;72521;46483;6725;1901360;34641;6807;1901564;9117;6753;19637;6793;55086;6139;6796;9259;19693;1901135;9179;9185;9132;9135;9167;9161;9123;9126;46128;9119;9116;1901657;42278;46034;9205;9144;9141;9199;6165;46939;16310;46496;19362;6733;6732;51186;72524;9941;9526;31967;31975;44435;9536;44434;9507;5507;46914;46872;43169;43167;5488	583	830	2930.5	5278	672.5	2931.5	822.5	8686.5	8721	3040	4610.5	1471	1352	6764.5	8726.5	2476	7799	8868.5	5851	2230.5	8828	4525.5	1004	2699.5	91408	4570.4
ORTHO004011	Galactosyltransferase family protein	AT1G53290;AT3G14960	139;98588;31090;16020;5575;44422;43226;43227;44431;44444;44424;44464;5623;5622;5737;44446;43229;5794;43231;12505;16757;16740;3824;3674;8152;8150;8378;16758;6486;44763;9987;44699;6464;36211;19538;43170;71704;44238;43412;44267;44260;44237;43413;70085;44723;5975;44710;9101;9100;1901135;34645;9059;1901576;9058;44249;1901137;16021;31224;44425	584	1511	3410.75	6237.5	4356	2943.5	3025	1204.5	8307	2591.5	5503	3108	7743	7536	8593.5	2476	5962.5	6217	5128	5002	5903.5	6648	6467.5	2229	96588.5	4.829.425
ORTHO005640	Peptidase family M48 family protein	AT4G01320	71586;16485;6508;19538;43170;71704;8152;8150;44238;51604;10467;80120;44267;44260;44237;9987;5773;43231;43227;43226;5575;43229;44424;44464;5623;5622;44444;5737;5789;98588;31090;16020;44422;44432;44446;5783;12505;44425;42175;46872;43169;43167;5488;3674;4222;4175;70011;8233;16787;3824;8237;16021;31224	585	1087	407.5	230	4356	1777	444.5	279.5	1625	5593.5	744	5877.5	1352	4766.5	6378.5	1830	7860.5	1239	315	141.5	80	1778.5	827.5	1546.5	44456.5	2.222.825
ORTHO004764	APR-like 5	AT3G03860	3756;16864;16860;16853;3824;3674;8152;8150;6457;9987;34976;33554;51716;50896;6950;16021;31224;44425;5575;16020	586	690	432.5	279	4356	476	7239	82	224.5	1842.5	354.5	907	7743	4706.5	6378.5	508.5	737	5992	3283.5	1869	708.5	1910	859	707	46528	2326.4
ORTHO002140	coatomer gamma-2 subunit; putative / gamma-2 coat protein; putative / gamma-2 COP; putative	AT4G34450	30126;30120;30117;98796;43234;32991;5575;44425;16020;44444;44424;44464;5623;5622;5737;48475;44433;44446;44422;43226;43229;31410;31982;30662;30659;12506;31090;43227;31988;16023;43231;98588;98805;30135;44431;5794;12505;30663;30660;139;5798;30137;16192;6810;51234;51179;8150;5886;71944;6886;15031;45184;8104;33036;71702;46907;51649;51641;34613;70727;9506;5911;30054;55044;5829;5198;3674;9507;9536;5634;30276;5515;5488	587	1634	1861	3135	4356	8902	822.5	1322	4073.5	1604.5	2290	3108	7743	7536	8638.5	2476	1221.5	4326.5	1359	1129.5	7672.5	6759.5	6709	2229	79922.5	3.996.125
ORTHO002922	unknown protein	AT3G53540	5634;43231;43227;43226;5575;43229;44424;44464;5623;5622;5886;16020;71944	588	1490	1644.5	2701	4356	3114.5	2328.5	1289.5	1198	1842.5	982	6171.5	1352	7536	8512	2476	5685	6085	3691	4131	5903.5	6612.5	6282.5	2166	77359	3867.95
ORTHO004921	syntaxin of plants 43	AT3G05710;AT5G26980	5802;98791;44431;44444;44424;44464;5575;5623;5622;5737;44446;44422;43226;43229;5794;43231;43227;12505;31984;7030;6996;16043;71840;8150;9987;10256;6886;15031;45184;51234;51179;8104;33036;71702;6810;46907;51649;51641;34613;70727;5768;9306;32940;46903;44765;1902578;44699;44763;1900150;31347;80134;48583;50789;65007;43900;32101;2831;5484;5515;5488;3674;61025;61024;7034;1902582;30140;5798;16023;31988;31982;31410;30133;30136;30135	589	1665	3816	7043	1281	2747.5	6478	4345	8782	3594	982	3108	1352	9108.5	6955.5	2476	7397	7507.5	7712	201.5	8468.5	8566.5	8405	3447.5	101634	5081.7
ORTHO001741	Protein of unknown function (DUF1336)	AT1G10410;AT1G59650	5634;43231;43227;43226;5575;43229;44424;44464;5623;5622;5886;16020;71944;3674	590	741	1353	2116	672.5	8263	444.5	357.5	4178.5	4412	865	212.5	8675.5	6764.5	8726.5	2476	3426.5	6590	629.5	234.5	1063.5	6859.5	6326.5	2850	73355.5	3.667.775
ORTHO003194	HVA22 homologue D	AT4G24960;AT5G50720	9414;9415;9628;50896;8150;1101;42221;10035;1901700;6950;3674;5739;43231;43227;43226;5575;43229;44424;44464;5623;5622;44444;5737;9555;48229;7275;44767;32502;44699;44707;32501;48856;10507;10506;31329;9894;19222;50789;65007;31323;50794;31330;9895;9892;48519;31324;48523;16021;31224;44425;16020;9908;90567;48608;3006;22414;61458;48731;44702;9791;48367;9409;9266;9737;9725;9719;10033;33993;97305;42538;9651;6970;6972;9507;9536	591	131	827	1063	112	3020	1484	805.5	317.5	450.5	544	1198.5	8977	8511.5	8893	267	1102.5	6854.5	375.5	5277	7636	1778.5	5407	382.5	63282	3164.1
ORTHO002946	global transcription factor group E4	AT1G06230	9294;9292;44764;51704;8150;9987;3677;3676;1901363;5488;3674;97159;6355;1903506;2001141;31326;9889;19222;50789;65007;31323;50794;51252;19219;80090;51171;60255;10556;10468;2000112;6351;34645;44260;43170;71704;8152;44237;9059;1901576;9058;44249;97659;32774;16070;90304;6139;46483;6725;1901360;34641;6807;44238;34654;19438;44271;18130;1901362;10467;5634;43231;43227;43226;5575;43229;44424;44464;5623;5622;45931;45787;51726;48522;48518;7346;48364;44767;32502;44699;48513;48856;48731;7275;44707;32501;22622	592	934	1389.5	2187	4356	3466.5	2528	3333.5	9062	2059	4522.5	6361.5	1352	7213.5	8726.5	976.5	2607	8868.5	2575.5	5816	2660.5	484	264.5	885.5	73763	3688.15
ORTHO000740_1	decapping 1	AT1G08370	6397;16071;16070;44260;43170;71704;8152;8150;44237;9987;90304;6139;46483;6725;1901360;34641;6807;44238;6396;10467;932;36464;35770;30529;32991;5575;44424;44464;5623;5622;43232;43228;43226;43229;44444;5737;5515;5488;3674;31087;90305;31086;956;6402;6401;44265;9057;1901575;9056;44248;34655;19439;44270;1901361;46700;5634;43231;43227;42803;42802;46983	593	1412	4081	7569	1584.5	717.5	8957	2460.5	8748.5	1926.5	1623	5096	8605	5907	2163.5	1975.5	4548.5	7677.5	8509	5038	8438.5	8525.5	8609.5	5806	105332.5	5.266.625
ORTHO004421	Polyketide cyclase/dehydrase and lipid transport superfamily protein	AT3G23080;AT4G14500	5634;43231;43227;43226;5575;43229;44424;44464;5623;5622;8289;5488;3674;8150;5737	594	280	1622	2650	672.5	7030	17.5	834.5	702.5	8535.5	319	2937.5	9103	6601.5	6378.5	797.5	7860.5	8894	2201.5	1320	2356.5	8182	2524	431	77026.5	3.851.325
ORTHO002213	CBS domain-containing protein with a domain of unknown function (DUF21)	AT2G14520;AT4G33700	16021;31224;44425;5575;16020;30554;17076;166;36094;5488;3674;1901265;1901363;97159;5886;44464;5623;71944;8150	595	1067	391	187	944.5	148	1672.5	236.5	98	1506.5	478.5	1422	1352	9097	6969.5	976.5	294.5	8243.5	3	3	1552.5	8989.5	9.5	18	43070.5	2.153.525
ORTHO001312	Protein kinase superfamily protein	AT1G01450;AT1G64300;AT5G41730	5524;35639;1901265;1901363;5488;3674;97159;43168;43167;32559;30554;17076;166;36094;32555;32553;97367;32550;32549;1882;1883;4712;4672;16301;16772;16740;3824;8152;8150;16310;6796;6793;44237;9987;16773;6468;6464;36211;19538;43170;71704;44238;43412;44267;44260;5737;44424;44464;5575;5623;5622	596	1888	2688	4780	1281	3917	3430	8778	985	674	1144	3422.5	1352	4839	327	1429.5	8865	8397.5	2299	9107.5	9120	8927	3020	8882.5	88916.5	4.445.825
ORTHO002983	Eukaryotic aspartyl protease family protein	AT2G42980;AT3G59080	5576;5575;6508;19538;43170;71704;8152;8150;44238;3677;3676;1901363;5488;3674;97159	597	598	2209	3821	248.5	476	512	8662.5	3425	3955	454	6307.5	8859	8862.5	6608.5	797.5	9103	8902.5	2369.5	3747	8909	493.5	251.5	1029	83724.5	4.186.225
ORTHO001414	RHOMBOID-like 2	AT1G63120;AT5G07250	16021;31224;44425;5575;16020;4252;4175;70011;8233;16787;3824;3674;8152;8150;6508;19538;43170;71704;44238;8236;17171;139;98588;31090;44422;43226;43227;44431;44444;44424;44464;5623;5622;5737;44446;43229;5794;43231;12505;16485;51604;10467;9506;5911;30054;55044;5634	598	1906	3264	5930	4356	1329	7116.5	1013.5	393.5	1540.5	5559.5	1755.5	8205.5	7850	8915.5	976.5	6409	6590	7612.5	2289	7254	7183	7946.5	4972	94911.5	4.745.575
ORTHO002452	phosphatase-related	AT4G11260;AT4G23570	5515;5488;3674;50832;98542;6952;6950;50896;8150;51707;43207;9605;9607;51704;9620;30163;19538;43170;71704;8152;44238;9057;1901575;9056;2000072;1900150;31347;80134;48583;50789;65007;43900;32101;2831;45088;50776;2682;5634;43231;43227;43226;5575;43229;44424;44464;5623;5622;9408;9266;9628;19005;31461;151;1990234;1902494;43234;32991;10187;48581;48580;2000026;50793;51239;51241;48519;51093;10029;1900140;5737;9793;44702;22414;44699;3006;32502;9790;44767;48856;7275;44707;32501;48316;48608;61458;48731;9791;10154;9734;9755;7165;50794;51716;9987;7154;44763;44700;23052;32870;9725;9719;10033;42221;71495;71310;70887;71365;9733;9867;71395;9753;1101;1901700;71229;1901701;5829;44444;6511;19941;51603;6508;44257;44265;44260;44237;44248;44267;43632;45087;6955;2376	599	964	1635.5	2672	672.5	7905.5	624.5	602	2666	1777	1144	4670	1352	4825	409	1429.5	630	8592	9145	201.5	9136.5	9094.5	9151.5	3799.5	77155	3857.75
ORTHO001837	Plant regulator RWP-RK family protein	AT2G43500;AT3G59580	3677;3676;1901363;5488;3674;97159;5634;43231;43227;43226;5575;43229;44424;44464;5623;5622;6355;1903506;2001141;31326;9889;19222;50789;65007;8150;31323;50794;51252;19219;80090;51171;60255;10556;10468;2000112;3700;1071;6351;34645;44260;43170;71704;8152;44237;9987;9059;1901576;9058;44249;97659;32774;16070;90304;6139;46483;6725;1901360;34641;6807;44238;34654;19438;44271;18130;1901362;10467	600	54	1052.5	1505	407	6898	12.5	129.5	3262	5419	4723	16	1352	8993	6764.5	267	367.5	8514.5	3136.5	3013.5	914	5924	8026.5	561.5	68294.5	3.414.725
ORTHO002682	RHO guanyl-nucleotide exchange factor 2	AT1G01700;AT2G45890;AT4G00460	5634;43231;43227;43226;5575;43229;44424;44464;5623;5622;5089;5088;5085;98772;3674;43547;43087;51336;50790;19222;50789;65007;8150;65009;51345;43085;44093;9893;48518;5737;9664;71555;45229;16043;71840;9987;71554;71669;5886;16020;71944;48767;60560;48589;44767;32502;44699;40007;9653;48856;48588;16049;44763;48468;48869;30154;80147;48765;10053;90627;10015;48364;48513;48731;7275;44707;32501;22622;90558;9888;48764;48469;21700;10054;9531;9505;5618;30312;5515;5488	601	1780	3525.5	6450	4356	3573	1068	8810.5	8847.5	4289.5	6763.5	6464.5	1352	5645.5	1145.5	1830	7495.5	7934	1878.5	419.5	8438.5	8617.5	8976.5	4291.5	97841	4892.05
ORTHO004164	tetraspanin3	AT3G45600	5886;16020;5575;44464;5623;71944;16021;31224;44425;7568;44767;32502;8150;44699;3674;9506;5911;30054;55044	602	525	1286	1970	248.5	8484	1011	1013.5	3632	6498.5	4777.5	4162.5	1352	5907	4705.5	797.5	8172.5	8372	2014	2903	622	4873	1866	1188	72351.5	3.617.575
ORTHO004339	Protein of unknown function (DUF1666)	AT1G73850	3735;5198;3674;6412;43043;43604;43603;34641;6807;8152;8150;44237;9987;44271;44249;9058;6518;1901564;71704;1901566;1901576;44267;19538;43170;44238;44260;34645;9059;10467;5840;30529;32991;5575;44424;44464;5623;5622;43232;43228;43226;43229;44444;5737	603	240	763	923	248.5	7030	398	1289.5	493.5	1655.5	5440	1732	1352	8396.5	8572	976.5	7788.5	6590	658	129.5	5903.5	1010.5	728.5	1047.5	61191.5	3.059.575
ORTHO004195	methyl esterase 14	AT1G33990;AT4G09900	9694;32787;19752;43436;6082;71704;8152;8150;44281;44710;44699;44763;9987;44237;9696;42537;6725;1901360;18958;1901615;80030;52689;16788;16787;3824;3674;33473;9683;9850;42445;10817;65008;65007;42430;46483;34641;6807;1901564;34754;9507;9536;43231;43227;43226;5575;43229;44424;44464;5623;5622;44444;5737;6952;6950;50896;80032;80031;5886;16020;71944	604	192	1449.5	2295	248.5	615.5	575	3576	9174.5	1256.5	4846	2937.5	9130	5023	400.5	136	2213.5	9106	8500.5	3431	3195.5	7603.5	2129.5	795	74645	3732.25
ORTHO002006	Leucine-rich repeat protein kinase family protein	AT1G63430;AT5G41180	5886;16020;5575;44464;5623;71944;4674;4672;16301;16772;16740;3824;3674;8152;8150;16310;6796;6793;44237;9987;16773;6468;6464;36211;19538;43170;71704;44238;43412;44267;44260;16021;31224;44425;5524;35639;1901265;1901363;5488;97159;43168;43167;32559;30554;17076;166;36094;32555;32553;97367;32550;32549;1882;1883;7169;7167;7166;7165;50794;50789;65007;51716;50896;7154;44763;44699;44700;23052	605	399	975	1345	248.5	2501	1410	602	149	210.5	241.5	818.5	8950	7448.5	9124	1073.5	2292.5	7073	7353.5	5519.5	8264.5	1310	1035	1324	66700.5	3.335.025
ORTHO003023	mitogen-activated protein kinase kinase kinase 3	AT1G53570	5634;43231;43227;43226;5575;43229;44424;44464;5623;5622;4709;4702;5057;4871;60089;3674;7165;50794;50789;65007;8150;51716;9987;50896;7154;44763;44699;44700;23052;35556;4674;4672;16301;16772;16740;3824;8152;16310;6796;6793;44237;16773;6468;6464;36211;19538;43170;71704;44238;43412;44267;44260;23014;44710;186;32147;45860;45859;43549;42325;19220;51174;31323;19222;51338;50790;65009;1932;31399;32268;51246;80090;60255;1934;42327;45937;10562;31325;9893;48518;48522;31401;32270;51247;10604;33674;51347;43085;44093;43410;43408;1902531;9966;10646;48583;23051;1902533;9967;10647;48584;23056;165;42981;43067;10941;51403;31098;33554;6950;7346;51726	606	243	771	936	248.5	7528	7507.5	229	867	369.5	544	35.5	9008.5	8511.5	8927.5	267	1048	6854.5	732	29.5	228.5	1827.5	5649	1263	61427	3071.35
ORTHO001123	indeterminate(ID)-domain 14	AT1G68130;AT2G01940	46982;46983;5515;5488;3674;2000904;10675;6109;80090;19222;50789;65007;8150;31323;50794;32881;60255;44212;975;3677;3676;1901363;97159;1067;6355;1903506;2001141;31326;9889;51252;19219;51171;10556;10468;2000112;5634;43231;43227;43226;5575;43229;44424;44464;5623;5622;43621;2000012;51049;32879;3700;1071;10601;90355;31325;9893;48518;48522;90354;32350;32352;10600;46885;46886;31328;9891;9965;9887;44767;32502;44699;9653;48856;48513;48731;7275;44707;32501;48366;48827;48367;10016;8270;46914;46872;43169;43167;9630;9606;9605;50896;9629;9628;48444;44702;22414;3006;48563;9886;9791;48569;48437;9908;90567;48608;61458;10031;50879;9590;9582;51606;9581;9959	607	628	323	39	3586.5	739.5	5930	3450	3490	930.5	4570	6808	3103	138	136.5	1	5.5	7.5	3	3	421	9.5	9.5	18	29773.5	1.488.675
ORTHO003994	UDP-galactose transporter 5	AT3G46180;AT5G59740	55085;44763;9987;8150;44699;44765;6810;51234;51179;1902578;5354;15149;15145;51119;15144;22891;22857;5215;3674;22892;1901476;8643;71702;34219;15749;35428;8645;15757;16021;31224;44425;5575;16020	608	848	900.5	1193	69	3020	2264.5	4964	2134	238.5	1414	7736	8380	6414.5	8512	1307	1294.5	4400	824.5	4473	1773	1910	3534.5	372.5	64966.5	3.248.325
ORTHO004077	ARM repeat superfamily protein	AT3G03440	9507;9536;43231;43227;43226;5575;43229;44424;44464;5623;5622;44444;5737	609	633	1138.5	1668	672.5	141.5	1011	428.5	9167	402.5	6543	4670	1352	8825.5	6581	797.5	4346.5	8887.5	2299	2289	3110	6182.5	1523.5	1090.5	69648	3482.4
ORTHO003770	Encodes an Atg8-interacting protein that is partially associated with the ER during favorable growth conditions and becomes mainly associated with a spherical compartment that dynamically moves along the ER network.	AT2G45980;AT4G00355	9570;9532;44435;44444;44424;44464;5575;5623;5622;5737;44446;44422;43226;43229;9536;43231;43227;44434;9507;71211;6623;1902580;51641;51179;8150;1902578;44699;6605;6886;15031;45184;51234;8104;33036;71702;6810;46907;51649;34613;70727;1902582;44765;16482;72665;33365;72666;72594;7034;6914;44248;9056;8152;44237;9987;5515;5488;3674;5783;12505;5634	610	253	655.5	701	248.5	165.5	5903	428.5	9055.5	82.5	5237	1954	2772	6227.5	6319	136	50	5518	418	2253	8952.5	837.5	947.5	156.5	57413.5	2.870.675
ORTHO003082	Cupredoxin superfamily protein	AT5G26330	50896;8150;5507;46914;46872;43169;43167;5488;3674;31225;31224;44425;5575;16020;5886;44464;5623;71944;46658;31226;44459;9055	611	208	346.5	82	248.5	4377	5917.5	63.5	702.5	14.5	195.5	679.5	1352	9177	7582.5	267	2013	241.5	20	48.5	111	9.5	2390.5	8	35170.5	1.758.525
ORTHO000359_1	copper-exporting ATPase / responsive-to-antagonist 1 / copper-transporting ATPase (RAN1)	AT5G44790	5768;43231;43227;43226;5575;43229;44424;44464;5623;5622;44444;5737;12505;43682;15662;42625;42626;43492;42623;16887;17111;16462;16818;16817;16787;3824;3674;8152;8150;15405;15399;22804;22857;5215;6810;51234;51179;55085;44763;9987;44699;44765;1902578;16820;15075;22891;22892;34220;6811;19829;8324;98655;6812;5375;46915;46873;22890;30001;41;35434;98662;98660;6825;5887;31226;44459;44425;16020;5886;71944;31224;16021;9873;160;35556;7165;50794;50789;65007;51716;50896;7154;44700;23052;9755;32870;9725;9719;10033;42221;71495;71310;70887;71369;9723;5802;98791;44431;44446;44422;5794;31984;10119	612	894	1098.5	1585	672.5	8371.5	5840	765	460	238.5	744	130	8754.5	7101	8868	1073.5	7922.5	6784	658	399	1091.5	5434	1235	3055	68925	3446.25
ORTHO000388_1	microtubule-associated proteins 70-4	AT1G14840;AT1G24764;AT1G68060;AT2G01750;AT3G10270;AT5G04130	8017;32403;44877;5488;3674;5515;15631;8092;7010;6996;16043;71840;8150;9987;5886;16020;5575;44464;5623;71944;5737;44424;5622;5874;44430;44446;44422;43226;43229;5856;43232;43228;43234;32991;15630;5634;43231;43227;5819;71555;45229;71554;10005;55028;44448;44444;5938;5881;30981;30863;9524;10051;3002;7389;44767;32502;44699;44707;32501;7275;9832;42546;44085;71669;6268;32508;32392;71103;51276;6261;6260;6259;44260;43170;71704;8152;44237;90304;6139;46483;6725;1901360;34641;6807;44238;34645;9059;1901576;9058;44249;3918;8094;42623;16887;17111;16462;16818;16817;16787;3824;61505;3916;16853;6265;9330;9507;9536;7059;44763;5739;3677;3676;1901363;97159;5524;35639;1901265;43168;43167;32559;30554;17076;166;36094;32555;32553;97367;32550;32549;1882;1883;9295	613	210	2601	4589	407	6417	1720.5	6507.5	597.5	5408	2653	6171.5	8950	8969	7619.5	1175.5	2420.5	7597	6531	4211	3277	6759.5	488.5	301	87774.5	4.388.725
ORTHO001928	Homeodomain-like superfamily protein	AT1G49560	3677;3676;1901363;5488;3674;97159;6355;1903506;2001141;31326;9889;19222;50789;65007;8150;31323;50794;51252;19219;80090;51171;60255;10556;10468;2000112;5634;43231;43227;43226;5575;43229;44424;44464;5623;5622;3700;1071;3682;44877	614	361	370	126	672.5	3154	2234.5	175.5	493.5	879.5	1312.5	1854	1352	4736	6378.5	508.5	191	6505.5	732	4131	2143.5	787	629	741	38938.5	1.946.925
ORTHO001390	Major facilitator superfamily protein	AT1G64650;AT3G49310;AT4G27720	5774;44437;44444;44424;44464;5575;5623;5622;5737;44446;44422;43226;43229;5773;43231;43227;98588;31090;16020;98805;5802;98791;44431;5794;12505;31984;22891;22857;5215;3674;6810;51234;51179;8150;55085;44763;9987;44699;44765;1902578;22892;5768;9507;9536;16021;31224;44425;5886;71944	615	344	723.5	832	248.5	80.5	9029	77.5	298	1371	4879.5	67.5	1352	5142.5	438.5	508.5	191	9124	2682.5	3528.5	2021	8091	2390.5	8595	59868	2993.4
ORTHO000414_1	DA1	AT1G19270;AT4G36860	48317;3006;32502;8150;22414;9886;9653;48856;9791;44767;44699;44707;32501;7275;48316;48608;61458;48731;44702;10154;43130;32182;5515;5488;3674;5634;43231;43227;43226;5575;43229;44424;44464;5623;5622;48482;48481;35670;48440;48827;48367;48437;48569;48513;9908;90567;48467;48438;48445;48444;48563;9887;8270;46914;46872;43169;43167;46621;48640;45926;48519;50789;65007;40008;51093;50793;48638;51241;51239;46620;5886;16020;71944	616	1516	1051.5	1487	4356	923	2155	8894.5	1691	1256.5	4456.5	6543.5	1352	5822	1616	797.5	166	8278	2092	586	2779.5	8566.5	2341	7792.5	68109	3405.45
ORTHO004886	SNARE associated Golgi protein family	AT4G17790	8150	617	376	702.5	788	248.5	505	360	1114.5	4740.5	163.5	478.5	1854	8754.5	6971	8868	1073.5	351	6737.5	2788	1043.5	1100	7215.5	3702.5	1078.5	58899.5	2.944.975
ORTHO005439	CYCLIN D3	AT5G67260	5515;5488;3674;4693;97472;4672;16301;16772;16740;3824;8152;8150;16310;6796;6793;44237;9987;16773;6468;6464;36211;19538;43170;71704;44238;43412;44267;44260;51726;50794;50789;65007;4674;5634;43231;43227;43226;5575;43229;44424;44464;5623;5622;48316;48608;3006;32502;22414;48856;61458;48731;7275;44767;44699;44707;32501;44702;9791;10154;7049;44763;42127;51301	618	2057	2934.5	5251	1281	6784	6021	917.5	8616	3785.5	2129.5	393	1352	7779.5	8726.5	2476	6027	6330	6785	549.5	6431	6791.5	6989	2382	91265.5	4.563.275
ORTHO000254_3	ENTH/ANTH/VHS superfamily protein	AT4G25940;AT5G57200	5545;35091;5543;8289;5488;3674;43168;43167;6897;16192;6810;51234;51179;8150;30118;30117;98796;43234;32991;5575;44425;16020;44444;44424;44464;5623;5622;5737;48475;48268;43623;6461;65003;43933;16043;71840;9987;22607;44085;71822;70271;34622;6901;16050;6996;6900;61024;5794;43231;43227;43226;43229;12505;5905;98589;98805;30136;30135;16023;31988;31982;31410;30276;5515;5634	619	1248	1200	1781	1066.5	3511	1377.5	1547.5	7831	1371	4827	6440	1352	8954	6639	797.5	2195	7659.5	1827	1229.5	606	7358	1790	3447.5	70760	3538
ORTHO002719	Matrixin family protein	AT1G24140;AT1G70170	5886;16020;5575;44464;5623;71944;31012;31225;31224;44425;5576;4222;4175;70011;8233;16787;3824;3674;8152;8150;6508;19538;43170;71704;44238;8237;9753;9725;9719;50896;10033;42221;1101;1901700;80186;48589;44767;32502;44699;40007;9651;6970;9628;6950;46686;10038;10035;2000028;48580;2000026;50793;50789;65007;51239;48583;2000241;1900056;51241;48519;1900055;2000024;48831;51093;7275;44707;32501	620	938	2366	4112	672.5	2239.5	6478	3345.5	3104	4207.5	4622	2038	8519	6971	8593.5	976.5	8832.5	8852	2546.5	2289	8798.5	515	284.5	2229	85441.5	4.272.075
ORTHO001405	unknown protein	AT3G49720;AT5G65810	5886;16020;5575;44464;5623;71944;9535;55035;42651;34357;44436;44424;5622;9579;44435;44444;5737;44446;44422;43226;43229;9536;43231;43227;31976;31984;44434;9507;9534;5794;12505;5774;44437;5773;98588;31090;98805;5768;3674;45489;271;5976;5975;71704;8152;8150;44238;43170;16051;44723;44710;44699;1901576;9058;44711;9059;45488;10393;5802;98791;44431;40007;139;10394	621	1740	1663.5	2706	1479.5	8030	5974	1013.5	45	5459.5	220.5	7643	8898	4874	313	1239.5	2486.5	8521.5	2719.5	3085	3174	8223.5	1681.5	3799.5	77401	3870.05
ORTHO002462	NAD(P)-binding Rossmann-fold superfamily protein	AT2G37540;AT5G02540	16491;3824;3674;8152;8150;55114;44710;44699;9860;44702;22414;904;902;32989;16043;71840;9987;9653;32502;48856;48869;44767;44763;48468;30154;3006;48588;48589;40007;16049;9932;9826;60560;48868;9856;44703;51704;44706;32501	622	1531	3311.5	6001	4356	8518.5	6931	6978.5	1625	2787	2402	5435.5	1352	5279.5	934	508.5	7469	7677.5	1889	5519.5	8300	8510	8748.5	4413.5	95278.5	4.763.925
ORTHO002151	peroxisomal adenine nucleotide carrier 1	AT3G05290;AT5G27520	5778;44439;44438;44444;44424;44464;5575;5623;5622;5737;44446;44422;43226;43229;42579;43231;43227;5777;31903;98588;31090;16020;98805;6635;9062;44242;16042;44712;9056;8152;8150;44710;44699;6629;71704;44238;1901575;44255;44763;9987;44237;44248;72329;46395;16054;44282;44281;6082;19752;43436;32787;6631;19395;34440;30258;55114;6839;1902582;46907;6810;51234;51179;51649;51641;44765;1902578;5743;19866;31967;31975;31966;44429;5739;5740;15866;15858;1901264;71702;15931;71705;15868;15865;6862;15748;51503;15711;6820;6811;5347;295;15216;15215;15605;1901677;22857;5215;3674;55085;15932;22891;22892;1901679;5346;1901505;15211;5337;1901642;15860;72530;8514;8509;15075;34220;98656;15867;16021;31224;44425;80024;9850;42445;10817;65008;65007;42430;46483;6725;1901360;34641;6807;1901564;90351;9791;44767;32502;44707;32501;7275;15297;15291;22804;15217	623	1514	676	729	1066.5	2557.5	6132	1547.5	4452.5	3718.5	744	2467.5	1352	4727.5	6092	508.5	8940	5056.5	2872.5	1343.5	3778.5	227	76	1263	57856.5	2.892.825
ORTHO003200	Calcium-binding EF-hand family protein	AT3G29000;AT5G39670	5509;46872;43169;43167;5488;3674;8150;5886;16020;5575;44464;5623;71944	624	1717	1501	2378	4356	369.5	1595.5	4670	132	763	804.5	485	1352	8418.5	9152	2476	400	7251.5	8509	8025.5	12.5	8165	8881.5	3667.5	75130.5	3.756.525
ORTHO000335_2	Glucose-methanol-choline (GMC) oxidoreductase family protein	AT1G72970	50660;50662;48037;5488;3674;43168;43167;166;36094;1901265;1901363;97159;10430;19395;34440;30258;44255;6629;71704;8152;8150;44710;44699;44238;44763;9987;44237;55114;6631;32787;19752;43436;6082;44281;6066;1901615;5576;5575;8812;16614;16491;3824;7267;7154;44700;23052;16832;16830;16829;9553;48229;7275;44767;32502;44707;32501;48856;46593	625	1994	1901	3177	4356	2672	1358	3181	3312	6364	1082.5	7362.5	7121	8843	9158	267	2914	7761	1849	1129.5	4833.5	6429	2884	1644	80165	4008.25
ORTHO001605	Calcium-binding endonuclease/exonuclease/phosphatase family	AT1G02270;AT5G54130	16021;31224;44425;5575;16020;9409;9266;9628;50896;8150;6950;3824;3674;8152;5509;46872;43169;43167;5488;5634;43231;43227;43226;43229;44424;44464;5623;5622;4519;4518;16788;16787;90305;90304;6139;46483;44237;9987;6725;1901360;71704;34641;6807;44238;43170;4527	626	303	620.5	615	672.5	2672	444.5	4183	5619	295	5393	1422	7554	4662.5	6378.5	136	7452.5	5824	99	105.5	452.5	738	353.5	1735.5	55520	2776
ORTHO004875	Dof-type zinc finger DNA-binding family protein	AT5G65590	1902066;32881;6109;80090;19222;50789;65007;8150;60255;1903338;50794;51128;6351;34645;44260;43170;71704;8152;44237;9987;9059;1901576;9058;44249;97659;32774;16070;90304;6139;46483;6725;1901360;34641;6807;44238;34654;19438;44271;18130;1901362;10467;43565;3677;3676;1901363;5488;3674;97159;3700;1071;2001141;31326;9889;31323;51252;19219;51171;10556;6355;1903506;10468;2000112;45893;10628;10604;9893;48518;1903508;1902680;51254;45935;31325;48522;51173;31328;9891;10557;5634;43231;43227;43226;5575;43229;44424;44464;5623;5622;46872;43169;43167;10052;90627;30154;48869;44767;32502;44699;44763;10103;90626;9653;48856;90558;9888;9886;9791;44707;32501;7275;10016;48367;48731;10374;10118	627	551	1063.5	1500	672.5	422	2951	602	4275	3581	1211	3835.5	1352	8884.5	6639	797.5	294.5	7376.5	875	5672	1311.5	8310.5	8499.5	1324	68214	3410.7
ORTHO001953	cyclin-dependent protein kinase 3	AT1G47210;AT1G47230;AT5G43080	4693;97472;4672;16301;16772;16740;3824;3674;8152;8150;16310;6796;6793;44237;9987;16773;6468;6464;36211;19538;43170;71704;44238;43412;44267;44260;51726;50794;50789;65007;4674;51301;44763;44699;7049;79;1904029;45859;43549;42325;19220;51174;31323;19222;51338;50790;65009;1932;31399;32268;51246;80090;60255;71900;5634;43231;43227;43226;5575;43229;44424;44464;5623;5622;19901;19900;19899;5515;5488;5737;16538;19887;19207;30234;98772	628	76	409.5	191	112	5684	195	834.5	344	14.5	513.5	25.5	8859	5011.5	7082.5	25.5	7029	5452.5	188	55.5	504	762.5	335	255.5	43171.5	2.158.575
ORTHO004437	evolutionarily conserved C-terminal region 7	AT1G48110;AT3G17330	5634;43231;43227;43226;5575;43229;44424;44464;5623;5622;8150;3674	629	748	1153.5	1678	672.5	2747.5	5466	4503	1328.5	642.5	865	2392.5	1352	6004.5	6092	797.5	1000	7677.5	8773.5	4884.5	2243	9137	3271	535	69712.5	3.485.625
ORTHO005002	kinase associated protein phosphatase	AT5G19280	5886;16020;5575;44464;5623;71944;6470;16311;6796;6793;44237;8152;8150;9987;6464;36211;19538;43170;71704;44238;43412;44267;44260;16310;5515;5488;3674;50408;16791;42578;16788;16787;3824;5576;7165;50794;50789;65007;51716;50896;7154;44763;44699;44700;23052;4722;4721;19901;19900;19899;9934;48509;2000026;50793;51239;22603	630	619	1571.5	2513	672.5	3788.5	822.5	4670	4865	1318	1144	3983	8977	8862.5	6608.5	2476	8528	7295.5	875	112	1325	7392.5	1813.5	1297.5	76154	3807.7
ORTHO002256	unknown protein	AT3G11600;AT5G06270	3674;5634;43231;43227;43226;5575;43229;44424;44464;5623;5622;80167;9628;50896;8150	631	2089	3273	5915	1689.5	8135	5410	8593	3117	2814	3366.5	8970	8519	5425.5	1168.5	1606	7513	7335.5	1788	4848	2459.5	7836	2479	3447.5	94831	4741.55
ORTHO005069	uridine-ribohydrolase 1	AT2G36310	6218;46133;46131;9119;9116;55086;6139;46483;44237;8152;8150;9987;6725;1901360;71704;34641;6807;44238;44281;44710;44699;44763;1901564;1901657;1901135;6213;72527;46135;72529;44270;44248;9056;1901361;1901575;1901565;46700;9164;1901658;44712;1901136;34655;19439;42454;46108;16787;3824;3674;6152;42278;72521;72523;5737;44424;44464;5575;5623;5622;45437;50263;16799;16798;47724;8477;72585;5829;44444;47622	632	437	619	606	672.5	3168.5	1672.5	210	113.5	5186	4758.5	212.5	2741.5	6125.5	6484	797.5	2492	6854.5	1086	1486	606	8197.5	2740.5	431	55363.5	2.768.175
ORTHO001632	Ribosomal L28e protein family	AT2G19730;AT4G29410	9506;5911;30054;5575;55044;9735;9725;9719;50896;8150;10033;42221;6412;43043;43604;43603;34641;6807;8152;44237;9987;44271;44249;9058;6518;1901564;71704;1901566;1901576;44267;19538;43170;44238;44260;34645;9059;10467;3735;5198;3674;22626;44445;44444;44424;44464;5623;5622;5737;5829;5840;30529;32991;43232;43228;43226;43229;42254;22613;44085;71840;9507;9536;43231;43227;22625;15934;44391;44446;44422;5886;16020;71944;44822;3723;3676;1901363;5488;97159;5618;30312	633	2069	4362	8091	5413	5155.5	5673.5	4640	8705	3040	3948.5	5295.5	8519	5433	1196	1606	7214.5	7335.5	7562	3949.5	7166	8223.5	8574.5	6801.5	110039	5501.95
ORTHO002438	Transducin/WD40 repeat-like superfamily protein	AT2G37160;AT3G53390	166;36094;5488;3674;1901265;1901363;97159;8150;5575;9507;9536;43231;43227;43226;43229;44424;44464;5623;5622;44444;5737	634	1892	1124	1614	1281	8198	5756	602	2435.5	5180.5	3596.5	367.5	7377.5	7387.5	8316.5	797.5	1678.5	6505.5	1374.5	635	2672	2677	1615	1958.5	69131	3456.55
ORTHO000432	Copine (Calcium-dependent phospholipid-binding protein) family	AT1G67800;AT3G01650;AT5G14420	8270;46914;46872;43169;43167;5488;3674;6499;6498;6497;6464;36211;19538;43170;71704;8152;8150;44238;43412;44267;44260;44237;9987;42158;42157;34645;9059;1901576;9058;44249;31365;18377;43543;5886;16020;5575;44464;5623;71944;80148;2000070;80134;48583;50789;65007;48585;48519;9850;42445;10817;65008;9690;9308;1901564;6807;46483;6725;34754;16874;3824;4842;19787;16740;16567;32446;70647;5634;43231;43227;43226;43229;44424;5622	635	1325	1393.5	2152	4356	900	715.5	4345	6124	1970.5	9015.5	8132.5	4004	6764.5	8512	2476	2230.5	6330	984	2534.5	782.5	2837	859	4016	73533	3676.65
ORTHO003040	Haloacid dehalogenase-like hydrolase (HAD) superfamily protein	AT3G55960	7623;48511;8150;4721;16791;42578;16788;16787;3824;3674;8152;16311;6796;6793;44237;9987;6470;6464;36211;19538;43170;71704;44238;43412;44267;44260;5634;43231;43227;43226;5575;43229;44424;44464;5623;5622	636	1962	4498.5	8361	4356	7794.5	2703	4964	210.5	334.5	5973.5	3108	1352	9044.5	6728	7782	7469	7571	8655.5	6103	8618.5	8454	8840	7656.5	113362	5668.1
ORTHO001520	NPK1-related protein kinase 1	AT1G09000;AT1G54960;AT3G06030	46777;6468;16310;6796;6793;44237;8152;8150;9987;6464;36211;19538;43170;71704;44238;43412;44267;44260;4709;4702;5057;4871;60089;3674;7165;50794;50789;65007;51716;50896;7154;44763;44699;44700;23052;35556;4674;4672;16301;16772;16740;3824;16773;23014;44710;186;32147;45860;45859;43549;42325;19220;51174;31323;19222;51338;50790;65009;1932;31399;32268;51246;80090;60255;1934;42327;45937;10562;31325;9893;48518;48522;31401;32270;51247;10604;33674;51347;43085;44093;43410;43408;1902531;9966;10646;48583;23051;1902533;9967;10647;48584;23056;165;6979;6950;51403;31098;33554;9908;90567;48608;3006;32502;22414;48856;61458;48731;7275;44767;44707;32501;44702;9791;48367;42981;43067;10941;7346;51726;5737;44424;44464;5575;5623;5622;43622;30865;7010;6996;16043;71840;31122;226;1902589;7017;71822;43933;910;22402;7049;51301;48046;5576;5874;44430;44446;44422;43226;43229;5856;43232;43228;43234;32991;15630	637	790	326.5	16	365.5	702	1294.5	23.5	75.5	6288	4199.5	46	1352	138	136.5	335	74	6471	802.5	37	58	236.5	66.5	356	22692	1134.6
ORTHO002880	ubiquitin-conjugating enzyme 35	AT1G78870	6511;19941;51603;6508;19538;43170;71704;8152;8150;44238;44257;30163;9057;1901575;9056;44265;44260;44237;9987;44248;44267;43632;5515;5488;3674;61630;4842;19787;16740;3824;16567;32446;70647;6464;36211;43412;61659;70534;209;46686;10038;10035;42221;50896;10053;90627;30154;48869;44767;32502;44699;44763;10015;9653;48856;48364;48513;48731;7275;44707;32501;22622;90558;9888;5634;43231;43227;43226;5575;43229;44424;44464;5623;5622;6301;6281;6259;90304;6139;46483;6725;1901360;34641;6807;6974;33554;51716;6950;44710;10039;1990267;31372;31371;1990234;1902494;43234;32991;5737;31625;44389;19899;9507;9536;44444	638	1752	1626	2614	1584.5	8345	5205.5	765	493.5	1409.5	744	67.5	8410.5	7996	9046	2476	252.5	6737.5	1772.5	3721.5	97	7637.5	8585	3055	76817	3840.85
ORTHO005098	unknown protein	AT3G45830	3677;3676;1901363;5488;3674;97159;31011;97346;70603;44428;44446;44422;5575;43226;44424;44464;5623;5622;43229;5634;43231;43227;43234;32991;44454;44427;5694;43232;43228;228;31981;70013;43233;31974;33202;1902494;790;785	639	546	1279.75	1920.5	248.5	6227.5	5917.5	4109.5	8259	402.5	865	2467.5	8519	6601.5	8471.5	797.5	523	6440	926	483.5	1026	5434	3717	885.5	72073	3603.65
ORTHO002840	GBF's pro-rich region-interacting factor 1	AT2G20570	45893;10628;10604;9893;48518;50789;65007;8150;19222;60255;10468;1903508;1903506;2001141;31326;9889;31323;50794;51252;19219;80090;51171;10556;1902680;51254;45935;31325;48522;51173;31328;9891;10557;6355;2000112;5634;43231;43227;43226;5575;43229;44424;44464;5623;5622;10380;90056;51193;1901401;1901463;1900056;51241;48519;51239;1900055;2000024;48831;2000026;50793;51093;44212;975;3677;3676;1901363;5488;3674;97159;1067;9658;9657;6996;16043;71840;9987;3700;1071;7165;51716;50896;7154;44763;44699;44700;23052;5515;9910;48581;48580;2000242;2000241;9909	640	136	508.5	377	141	8310	28	535	3312	52.5	4777.5	3835.5	1352	5706	2163.5	136	2851	8478	2462.5	493	3016.5	659	1094.5	504	49766.5	2.488.325
ORTHO001010	Fatty acid/sphingolipid desaturase	AT2G46210;AT3G61580	5789;98588;31090;16020;5575;44422;43226;43227;44432;44444;44424;44464;5623;5622;5737;44446;43229;5783;43231;12505;44425;42175;70417;9409;9266;9628;50896;8150;6950;33554;51716;9987;30148;46467;6643;44255;6629;71704;8152;44710;44699;44238;44763;44237;8610;1901576;9058;44711;44249;1901566;1901564;6807;6665;55114;52631;16705;16491;3824;3674;16021;31224;46872;43169;43167;5488;5506;46914;16717;20037;46906;1901363;97159	641	149	1192.5	1744	141	585	1672.5	4462	931	607.5	744	2131	9103	6601.5	6192.5	136	219	7431.5	3097.5	6240	8300	8604	2808	462	70328	3516.4
ORTHO004684	FRIGIDA-like protein	AT3G22440;AT4G14900	30154;48869;44767;32502;8150;44699;44763;9987;9908;90567;48608;3006;22414;48856;61458;48731;7275;44707;32501;44702;9791;48367;5634;43231;43227;43226;5575;43229;44424;44464;5623;5622;3674;5515;5488	642	1080	3446.5	6251	1066.5	7749.5	5504	3522	196	52.5	5520.5	3775.5	9150.5	4890.5	382.5	1429.5	630	8932	8951	8873	1536	9010	9121.5	7453	96679.5	4.833.975
ORTHO004552	LYR family of Fe/S cluster biogenesis protein	AT5G61220	3824;3674;8152;8150	643	1081	1939.75	3236.5	1584.5	2672	3628.5	1204.5	8331	334.5	982	2729	7743	6047	8726.5	2476	7639.5	6590	3857.5	3797	6431	4067	969	2314	80539	4026.95
ORTHO004749	Sterile alpha motif (SAM) domain-containing protein	AT1G70180	5634;43231;43227;43226;5575;43229;44424;44464;5623;5622	644	676	1374.5	2105	672.5	2425	822.5	3405.5	138.5	5593.5	4711.5	2467.5	2719.5	6187	6484	797.5	8013.5	8713	3977	2880.5	1795	8827.5	2479	831.5	73269	3663.45
ORTHO003939	EID1-like 1	AT5G15440;AT5G39360	5634;43231;43227;43226;5575;43229;44424;44464;5623;5622;8150;3674;5739;44444;5737	645	842	1974	3303	672.5	4519	6055.5	1484	1133	1094.5	1414	4949	8993.5	5907	4705.5	1975.5	324.5	7597	8625.5	1919	1416	8723	8737	1297.5	80870	4043.5
ORTHO002803	homolog of nucleolar protein NOP56	AT1G56110;AT3G12860	5730;44428;44446;44422;5575;43226;44424;44464;5623;5622;43229;5634;43231;43227;43232;43228;31981;70013;43233;31974;9506;5911;30054;55044;5618;30312;71944;30529;32991	646	712	2970.5	5295	672.5	8440.5	5504	1604.5	2202	1540.5	7382.5	4779	9057	5110.5	693	508.5	8070.5	7846	1253	5672	8909	8533	2536	1825	91466.5	4.573.325
ORTHO002207	Secretory carrier membrane protein (SCAMP) family protein	AT1G11180;AT1G61250	15031;45184;51234;51179;8150;8104;33036;71702;6810;16021;31224;44425;5575;16020;22857;5215;3674;55085;44763;9987;44699;44765;1902578;5886;44464;5623;71944;30658;30659;12506;31090;44422;43226;43227;31988;31982;44433;44444;44424;5622;5737;44446;43229;31410;16023;43231;98588;98805;30133;12505;5802;98791;44431;5794;31984;5768	647	1690	1447	2247	4356	3386.5	1985	3218	3366.5	2925	5577	466.5	1352	7850	8726.5	2476	8070.5	7117	1513	5929.5	1579	5308.5	1004	2382	74232.5	3.711.625
ORTHO002045	Glyoxalase/Bleomycin resistance protein/Dioxygenase superfamily protein	AT1G67280	9570;9532;44435;44444;44424;44464;5575;5623;5622;5737;44446;44422;43226;43229;9536;43231;43227;44434;9507;31977;44436;9579;5975;71704;8152;8150;44238;10319;9526;31967;31975;5739;9409;9266;9628;50896;6950;46872;43169;43167;5488;3674;4462;16846;16829;3824	648	1714	4244.75	7841.5	1281	7932.5	2951	8645	1328.5	103.5	8095	9118.5	1352	4995.5	599	1429.5	7733.5	8179	8734.5	7986	1843.5	8879	9093.5	8615.5	107614.5	5.380.725
ORTHO003414	C2H2-type zinc finger family protein	AT2G28710	3700;1071;3674;2001141;31326;9889;19222;50789;65007;8150;31323;50794;51252;19219;80090;51171;60255;10556;6355;1903506;10468;2000112;3676;1901363;5488;97159;8270;46914;46872;43169;43167;5634;43231;43227;43226;5575;43229;44424;44464;5623;5622	649	1130	2015	3381	4356	4462	2121.5	805.5	1133	1926.5	478.5	1576.5	8410.5	7954.5	9046	976.5	351	6854.5	4864	4925	8153	7202	7089	3005.5	81335	4066.75
ORTHO002830	COP1-interacting protein-related	AT5G43310	16020;5575;5886;44464;5623;71944;5634;43231;43227;43226;43229;44424;5622	650	36	618.5	587	83.5	4827.5	210	71	40.5	3317	86	409.5	4159	6112	6007	136	6722.5	9150	2857.5	1747	2459.5	4308.5	2104	120	54844.5	2.742.225
ORTHO001655	Protein of unknown function (DUF726)	AT2G18100;AT4G36210	9507;9536;43231;43227;43226;5575;43229;44424;44464;5623;5622;44444;5737;8150;3674	651	1719	2400.5	4150	1281	1089	1611.5	203.5	267.5	1094.5	1082.5	1338	1352	8316	9073.5	1073.5	7258	7117	8380.5	7576.5	8580	7992	8775	3447.5	85628	4281.4
ORTHO007405	Heavy metal transport/detoxification superfamily protein	AT5G03380	5737;44424;44464;5575;5623;5622;30001;6812;6811;44765;6810;51234;51179;8150;1902578;44699;46914;46872;43169;43167;5488;3674;5886;16020;71944;46916;6875;55065;98771;50801;48878;42592;65008;65007;55080;30003;6873;55082;19725;44763;9987;55076	652	2017	2464.5	4277	1689.5	3386.5	6478	1013.5	2570.5	5674.5	9044.5	5435.5	8306	6004.5	5937	7419	1816.5	6330	1389	1869	1121	8223.5	3030.5	1215.5	86264.5	4.313.225
ORTHO005402	Chlorophyll A-B binding family protein	AT4G17600;AT5G47110	9535;55035;42651;34357;16020;5575;44436;44424;44464;5623;5622;9579;44435;44444;5737;44446;44422;43226;43229;9536;43231;43227;31976;31984;44434;9507;9534;6355;1903506;2001141;31326;9889;19222;50789;65007;8150;31323;50794;51252;19219;80090;51171;60255;10556;10468;2000112;3700;1071;3674;9765;6091;44237;8152;9987;19684;15979	653	672	1319.5	1986	3606	8183	5026.5	1114.5	8359.5	402.5	1082.5	2291.5	1352	6601.5	8553	797.5	3264.5	6440	598.5	3747	1848	6377.5	5541.5	885.5	72466.5	3.623.325
ORTHO002209	ferredoxin-NADP(+)-oxidoreductase 2	AT1G20020;AT5G66190	9507;9536;43231;43227;43226;5575;43229;44424;44464;5623;5622;44444;5737;9534;31976;9579;31984;44446;44422;44435;44434;9570;9532;16491;3824;3674;8152;8150;55114;44710;44699;9535;55035;42651;34357;16020;44436;48046;5576;42742;9617;51707;43207;9605;50896;9607;51704;98542;6952;6950;9817;9814;45087;6955;2376;50832;9620;3958;16653;16651;9735;9725;9719;10033;42221;16709;16705;4497;3959;8266;8187;3727;3723;3676;1901363;5488;97159;9941;9526;31967;31975;9767;22900;6091;44237;9987;44763;19684;15979;45156;9055;45157;31977	654	444	1260	1866	248.5	2757.5	6283.5	33.5	3991.5	4804	4886.5	181.5	1352	4890.5	473.5	508.5	8269	8894	8394	2289	1211.5	7301.5	2025	3005.5	71552	3577.6
ORTHO003004	nicotinate phosphoribosyltransferase 2	AT2G23420;AT4G36940	5737;44424;44464;5575;5623;5622;4516;16763;16757;16740;3824;3674;8152;8150;9435;19674;46496;19362;6733;6732;51186;44237;9987;9117;6753;19637;71704;6793;55086;6139;46483;6725;1901360;34641;6807;44238;44281;44710;44699;44763;6796;72524;1901564;19359;19363;9108;51188;44249;9058;9165;1901293;90407;1901576;34654;19438;44271;18130;1901362;44711;72525;1901566;19358;19365;43173;43094;19357;46497;16874;4514	655	264	504	353	248.5	369.5	3863.5	864	931	103.5	271.5	841.5	8859	4798	6444.5	508.5	1564	6145	778.5	3528.5	7052	799	629	831.5	49182	2459.1
ORTHO000693	DNAJ homologue 3	AT3G44110;AT5G22060	5737;44424;44464;5575;5623;5622;6457;9987;8150;5829;44444;5730;44428;44446;44422;43226;43229;5634;43231;43227;43232;43228;31981;70013;43233;31974;5886;16020;71944;9506;5911;30054;55044;46872;43169;43167;5488;3674;9651;6970;9628;50896;6950;43462;51336;50790;19222;50789;65007;65009;5618;30312;48573;9648;9416;9314;10228;3006;32502;22414;48608;48856;61458;48731;7275;44767;44699;44707;32501;9791;9911;48582;48580;2000026;50793;51239;51240;48518;51094;2000243;2000241;9909;48831	656	1072	1490.5	2325	4356	838.5	4928.5	517	160.5	930.5	4839.5	6361.5	2712.5	6047	6497	2080.5	157	9006.5	3857.5	1667	9023	8814.5	2412.5	3920	74771	3738.55
ORTHO002014	ARF-GAP domain 8	AT4G17890;AT5G46750	5829;44444;44424;44464;5575;5623;5622;5737;3677;3676;1901363;5488;3674;97159;46872;43169;43167;5634;43231;43227;43226;43229;8270;46914;5096;8047;30234;98772;50790;19222;50789;65007;8150;65009;43085;44093;9893;48518;30695;60589;43547;43087;51336;51345;9737;9725;9719;50896;10033;42221;33993;97305;1901700;1101	657	983	2489	4321	672.5	615.5	3628.5	1823.5	1042.5	789	1211	6418.5	1352	5318	693	6712.5	2230.5	8327	8873	8776	9091	8970.5	3240.5	7376.5	86489	4324.45
ORTHO004301	actin binding protein family	AT1G52080	9707;9527;31968;31090;16020;5575;44422;43226;43227;19867;44424;44464;5623;5622;98805;31967;31975;44446;43229;98588;42170;44435;44444;5737;9536;43231;9526;31969;44434;9507;9941;3779;8092;5515;5488;3674;5739;9658;9657;6996;16043;71840;8150;9987	658	648	1363.75	2069.5	672.5	4581	1173.5	1114.5	4209	1208.5	4490.5	6080.5	1352	5129	766.5	508.5	6549	8768	8712	2765	3110	8398	2412.5	1735.5	73063.5	3.653.175
ORTHO001136	with no lysine (K) kinase 5	AT3G51630;AT5G58350	4672;16301;16772;16740;3824;3674;8152;8150;16310;6796;6793;44237;9987;16773;6468;6464;36211;19538;43170;71704;44238;43412;44267;44260;48573;9648;9416;9314;9628;50896;10228;3006;32502;22414;48608;48856;61458;48731;7275;44767;44699;44707;32501;9791;5515;5488;5524;35639;1901265;1901363;97159;43168;43167;32559;30554;17076;166;36094;32555;32553;97367;32550;32549;1882;1883;4674;5886;16020;5575;44464;5623;71944;43424;19901;19900;19899;46777;5737;44424;5622;5634;43231;43227;43226;43229	659	1507	2191	3723	4356	8494.5	1627	1013.5	8509.5	1094.5	1810	228.5	1352	7850	8893	976.5	3367.5	6330	1253	4664.5	7672.5	7183	5826.5	4972	83118	4155.9
ORTHO002807	Protein of unknown function (DUF300)	AT3G05940;AT5G26740	6810;51234;51179;8150;5576;5575;16021;31224;44425;16020;5215;3674	660	511	1155	1650	672.5	2295.5	262	121	3382.5	738	4693.5	1510.5	2736	6170.5	6608.5	797.5	6027	9084.5	2764	2373.5	1624	8840	8930	487	69445.5	3.472.275
ORTHO003229	Leucine-rich repeat (LRR) family protein	AT1G03440;AT4G03010	7165;50794;50789;65007;8150;51716;9987;50896;7154;44763;44699;44700;23052;5739;43231;43227;43226;5575;43229;44424;44464;5623;5622;44444;5737;5576	661	1180	952.5	1244	1066.5	3632	210	29	5619	8118.5	56	2729	1352	7387.5	5788.5	2080.5	1482.5	8532.5	2868	2409.5	1047	8814.5	3215	129.5	65500.5	3.275.025
ORTHO000956	EPS15 homology domain 1	AT3G20290;AT4G05520	42538;9651;6970;9628;50896;8150;6950;6972;5737;44424;44464;5575;5623;5622;5768;43231;43227;43226;43229;44444;12505;5515;5488;3674;5886;16020;71944;5525;35639;1901265;1901363;97159;43168;43167;32550;32549;1882;36094;97367;1883;32561;19001;17076;166;32555;32553;10008;98588;31090;44422;44440;44446;98805;6897;16192;6810;51234;51179;51260;51259;6461;65003;43933;16043;71840;9987;22607;44085;71822;70271;5509;46872;43169;9506;5911;30054;55044;16787;3824;8152;32456;16197;1902582;46907;51649;51641;44765;1902578;44699;5634;32956;51493;33043;51128;50794;50789;65007;32970	662	1141	1418.5	2175	1066.5	3386.5	3430	1389	8979	1540.5	5310.5	503.5	7377.5	7387.5	7939.5	797.5	3043	1538.5	948.5	3899.5	5061.5	5059	4026	2046	73663	3683.15
ORTHO002548	sphingoid base hydroxylase 2	AT1G14290;AT1G69640	16021;31224;44425;5575;16020;5794;43231;43227;43226;43229;44424;44464;5623;5622;44444;5737;12505;5789;98588;31090;44422;44432;44446;5783;42175;5506;46914;46872;43169;43167;5488;3674;46520;30148;46467;6643;44255;6629;71704;8152;8150;44710;44699;44238;44763;9987;44237;8610;1901576;9058;44711;44249;1901566;1901564;6807;6665;46519;9640;9639;9416;9314;9628;50896;9791;44767;32502;44707;32501;7275;3824;55114;16491;6633;72330;46394;16053;6082;44281;44283;19752;43436;32787;6631;170	663	1195	2208	3753	1066.5	746.5	249	1204.5	9045	5166	4772.5	7541.5	4159	5350.5	988	508.5	1596	8702.5	8310	2289	8909	7897.5	2291.5	3565	83291.5	4.164.575
ORTHO003957	atypical CYS  HIS rich thioredoxin 4	AT1G08570	5737;44424;44464;5575;5623;5622;9507;9536;43231;43227;43226;43229;44444;31969;42170;31090;16020;44422;44435;44446;9526;31967;31975;44434;9941;9570;9532;16671;16667;16491;3824;3674;8152;8150;55114;44710;44699	664	583	425	186	672.5	2672	1484	917.5	393.5	210.5	544	907	1352	4736	6425.5	508.5	693.5	6330	472.5	3899.5	8153	1735	807.5	741	42982.5	2.149.125
ORTHO005049	Endosomal targeting BRO1-like domain-containing protein	AT1G15130	9506;5911;30054;5575;55044;5829;44444;44424;44464;5623;5622;5737	665	215	346.5	28	672.5	285	195	218	393.5	1926.5	271.5	818.5	1352	4798	6267.5	508.5	3399	1342.5	82.5	860	489.5	868	3072.5	255.5	27403.5	1.370.175
ORTHO003437	Bax inhibitor-1 family protein	AT1G03070;AT3G63310	16595;16597;31406;43177;36094;5488;3674;43168;43167;8150;16021;31224;44425;5575;16020;9826;902;32989;16043;71840;9987;9653;32502;48856;48869;44767;44699;44763;60560;48589;40007;16049;9742;43401;9755;7165;50794;50789;65007;51716;50896;7154;44700;23052;32870;9725;9719;10033;42221;71495;71310;70887;71383;71407;14070;71396;33993;48545;71367;9741;97305;1901700;97306;1901701	666	720	2983	5300	365.5	2964.5	6155.5	8102.5	2301	3771	2992.5	4905	9031.5	5142.5	841.5	508.5	5764.5	7677.5	1232	2092	8798.5	8723	8827.5	1672.5	91503.5	4.575.175
ORTHO003104	sterol methyltransferase 2	AT1G20330;AT1G76090	5783;43231;43227;43226;5575;43229;44424;44464;5623;5622;44444;5737;12505;9825;16049;40007;8150;44763;9987;44699;30797;8757;8168;16741;16740;3824;3674;8152;32259;10051;3002;7389;44767;32502;44707;32501;7275;16126;16125;6066;1901615;71704;44281;44710;8202;1901360;6629;44238;46165;1901617;1901576;9058;44283;44711;6694;1901362;8610;32876;10948;10564;51726;50794;50789;65007;45786;48523;48519;2000104;8156;51053;10605;9892;19222;60255;45934;19219;80090;51171;31323;51172;31324;51052;6275;2000112;31326;9889;10556;2000113;31327;9890;10558;90329;32875;5794;16021;31224;44425;16020;3838;8169	667	414	1826.5	2986	248.5	505	8038	705.5	1198	3771	6543	4309	9130	4899	511.5	508.5	7091.5	8196	926	284	1698	8989.5	8919	2850	79072.5	3.953.625
ORTHO000955_1	Phosphoglycerate kinase family protein	AT1G56190;AT3G12780	9507;9536;43231;43227;43226;5575;43229;44424;44464;5623;5622;44444;5737;9570;9532;44435;44446;44422;44434;6096;6090;32787;19752;43436;6082;71704;8152;8150;44281;44710;44699;44763;9987;44237;44724;44712;9056;44723;5975;44238;16052;1901575;6757;6091;46031;9150;6163;72521;46483;6725;1901360;34641;6807;1901564;9117;6753;19637;6793;55086;6139;6796;9259;19693;1901135;9179;9185;9132;9135;9167;9161;9123;9126;46128;9119;9116;1901657;42278;46034;9205;9144;9141;9199;6165;46939;16310;46496;19362;6733;6732;51186;72524;9579;4618;16301;16772;16740;3824;3674;16774;5739;16020;19253;19685;16051;1901576;9058;44711;15979;15977;46686;10038;10035;42221;50896;5524;35639;1901265;1901363;5488;97159;43168;43167;32559;30554;17076;166;36094;32555;32553;97367;32550;32549;1882;1883;5634;9409;9266;9628;6950;10319;9526;31967;31975;18119;17014;6464;36211;19538;43170;43412;44267;44260;18198;18193;5829;9941;48046;5576;5618;30312;71944	668	963	1665.5	2663	672.5	4050.5	24	864	3649	7584	982	4779	8929.5	8825.5	6639	797.5	3958.5	1921.5	418	419.5	3564	8070.5	8321	3340.5	77137.5	3.856.875
ORTHO002147	DHHC-type zinc finger family protein	AT4G24630;AT5G50020	5886;16020;5575;44464;5623;71944;6612;6605;6886;15031;45184;51234;51179;8150;8104;33036;71702;6810;46907;51649;51641;34613;70727;1902582;44765;1902578;44699;90150;72657;44802;61024;16043;71840;9987;44763;1902580;19706;19707;16417;16747;16746;16740;3824;3674;8152;16409;18230;18231;18198;18193;6464;36211;19538;43170;71704;44238;43412;44267;44260;44237;18345;6497;42158;42157;34645;9059;1901576;9058;44249;43543;5783;43231;43227;43226;43229;44424;5622;44444;5737;12505;5794;16021;31224;44425;5634;8270;46914;46872;43169;43167;5488	669	829	1389	2109	672.5	908.5	444.5	1912	8564	136	1483.5	4724	8859	8897	6464.5	1175.5	3521.5	6440	4237	3013.5	1134	6648	4131	595.5	73289	3664.45
ORTHO003252	Galactose oxidase/kelch repeat superfamily protein	AT5G18590	5829;44444;44424;44464;5575;5623;5622;5737;5634;43231;43227;43226;43229;8150	670	382	1705.5	2741	248.5	422	6700.5	414	460	4699	865	2729	4213	8936	6687	267	450	7335.5	926	4904	9091	8566.5	8202.5	1644	77512	3875.6
ORTHO003144	alpha/beta-Hydrolases superfamily protein	AT5G50890	5634;43231;43227;43226;5575;43229;44424;44464;5623;5622	671	252	1707.5	2744	248.5	766.5	1542	1780.5	931	896.5	1211	4162.5	9130	5023	393	508.5	2506.5	8150.5	8995.5	8776	9023	7871	2191.5	3667.5	77526	3876.3
ORTHO003768	SNF7 family protein	AT3G10640;AT5G04850	7034;1902582;46907;6810;51234;51179;8150;51649;51641;44765;1902578;44699;5634;43231;43227;43226;5575;43229;44424;44464;5623;5622;5515;5488;3674;16192;15031;45184;8104;33036;71702;5737	672	1497	1532	2392	1066.5	9004.5	6132	517	138.5	5665	582	5096	7743	7699.5	8638.5	2476	2195	7571	1862	1811	653	3854	1405.5	2229	75272.5	3.763.625
ORTHO003874	GTP binding protein beta 1	AT4G34460	5886;16020;5575;44464;5623;71944;7165;50794;50789;65007;8150;51716;9987;50896;7154;44763;44699;44700;23052;50832;98542;6952;6950;51707;43207;9605;9607;51704;9620;5834;1902494;43234;32991;98797;44459;44425;98796;44424;5622;31234;19897;19898;9898;98562;98552;9817;9814;45087;6955;2376;30968;34976;33554;34620;6986;35966;10033;42221;35967;71310;70887;5515;5488;3674;10154;48608;3006;32502;22414;48856;61458;48731;7275;44767;44707;32501;5737;9788;9968;9966;10646;48583;23051;48585;48519;10648;48523;23057;1901420;1901419;9787;9845;90351;9791;9887;9653;48513;9991;4871;60089;72593;44237;8152;166;36094;1901265;1901363;97159;9723;9725;9719;48527;48528;48364;22622;48569;9867;9755;32870;71495;71395;9753;1101;1901700;71229;1901701;2000280;2000026;50793;51239;3924;17111;16462;16818;16817;16787;3824;80008;31461;151;1990234;5783;43231;43227;43226;43229;44444;12505	673	154	1327.5	1982	672.5	2877	6588	727.5	8808.5	1540.5	291	1070.5	8977	8511.5	8915.5	267	2351.5	6854.5	375.5	4169.5	7636	1228	859	382.5	72430.5	3.621.525
ORTHO003063	beta-hydroxylase 1	AT4G25700	31969;42170;31090;16020;5575;44422;43226;43227;44435;44444;44424;44464;5623;5622;5737;44446;43229;9536;43231;9526;31967;31975;44434;9507;9941;10291;4497;16491;3824;3674;8152;8150;55114;44710;44699;16119;42214;6720;44255;6629;71704;44238;44763;9987;44237;16123;16122;16116;16108;6721;16117;16109;16114;8299;8610;1901576;9058;44711;44249;46148;42440;5506;46914;46872;43169;43167;5488;16787;16021;31224;44425;6633;72330;46394;16053;6082;44281;44283;19752;43436;32787;6631	674	2167	1471	2268	4356	8183	7472.5	4154.5	393.5	266	8842.5	1576.5	1352	4486	6280	6712.5	1000	5056.5	1325	4392	4445	2328.5	4564	1580.5	74410.5	3.720.525
ORTHO001980	exocyst subunit exo70 family protein E1	AT3G29400;AT5G61010	145;44448;44444;44424;44464;5575;5623;5622;5737;5938;71944;43234;32991;6887;16192;6810;51234;51179;8150;32940;46903;44765;1902578;44699;51649;51641;44763;9987;5829;6904;48278;22406;5515;5488;3674;70062;31988;43227;43226;31982;1903561;43230;44421;5576;65010;5634;43231;43229	675	890	3081.5	5488	672.5	3768.5	142	3467	3450	6112	5047	6374.5	8817.5	8811.5	6520.5	797.5	3589	8894	2361.5	2854.5	3139.5	7897.5	7435.5	3005.5	92485	4624.25
ORTHO000985	Pectin lyase-like superfamily protein	AT1G10640;AT1G60590;AT5G14650	71555;45229;16043;71840;8150;9987;71554;16829;3824;3674;8152;5576;5575;5975;71704;44238;4650;4553;16798;16787	676	957	852.5	1029	672.5	2170	512	357.5	1753	5083	865	6440	1352	6764.5	8726.5	976.5	3367.5	6590	552.5	141.5	1698	6648	5826.5	2940	62764	3138.2
ORTHO003084	unknown protein	AT1G02070;AT3G60520	5575;8150	677	392	729	781	248.5	3632	274.5	1013.5	7691.5	3007	5293	1198.5	7743	4662.5	6378.5	508.5	2987.5	5944.5	418	141.5	452.5	3754	2965	725.5	58791	2939.55
ORTHO001676	Eukaryotic aspartyl protease family protein	AT2G39710;AT5G02190	5576;5575;6508;19538;43170;71704;8152;8150;44238;8233;16787;3824;3674;12501;8219;16265;44699;44763;9987;5783;43231;43227;43226;43229;44424;44464;5623;5622;44444;5737;12505;30163;9057;1901575;9056;4190;70001;70011;4175;9793;44702;22414;3006;32502;9790;44767;48856;7275;44707;32501;48316;48608;61458;48731;9791;10154	678	1796	1676.25	2674.5	1281	585	888	310.5	9157	8319	180	93	1352	8123.5	9046	2476	8387	8990.5	8694.5	1835.5	1689	536.5	591	5913	77167	3858.35
ORTHO004151	one-helix protein 2	AT1G34000	9535;55035;42651;34357;16020;5575;44436;44424;44464;5623;5622;9579;44435;44444;5737;44446;44422;43226;43229;9536;43231;43227;31976;31984;44434;9507;9534;9642;9416;9314;9628;50896;8150;3674	679	102	509	339	112	349	28	3181	34.5	402.5	180	431	8859	4807.5	6291	508.5	7679.5	8688.5	1642	2033	2143.5	810	433.5	255.5	48757.5	2.437.875
ORTHO002975	GATA type zinc finger transcription factor family protein	AT3G50870	6355;1903506;2001141;31326;9889;19222;50789;65007;8150;31323;50794;51252;19219;80090;51171;60255;10556;10468;2000112;30154;48869;44767;32502;44699;44763;9987;977;976;1990837;3690;43566;3677;3676;1901363;5488;3674;97159;43565;44212;975;1067;1012;3682;44877;5634;43231;43227;43226;5575;43229;44424;44464;5623;5622;5667;43234;32991;3700;1071;6357;1228;981;45944;45893;10628;10604;9893;48518;1903508;1902680;51254;45935;31325;48522;51173;31328;9891;10557;6366;6351;34645;44260;43170;71704;8152;44237;9059;1901576;9058;44249;97659;32774;16070;90304;6139;46483;6725;1901360;34641;6807;44238;34654;19438;44271;18130;1901362;10467;9790;48856;7275;44707;32501;1085;8134;5515;9909;48580;2000026;50793;51239;48831;2000241	680	1376	710.5	741	4356	3489.5	924	602	3083	3317	4474.5	1954	1352	5952.5	4705.5	1996.5	1873	6029.5	2278	794.5	1830	8741.5	2603	2003.5	58003.5	2.900.175
ORTHO003066	TEOSINTE BRANCHED; cycloidea and PCF (TCP) 14	AT3G47620	6351;34645;44260;43170;71704;8152;8150;44237;9987;9059;1901576;9058;44249;97659;32774;16070;90304;6139;46483;6725;1901360;34641;6807;44238;34654;19438;44271;18130;1901362;10467;10229;90567;48608;3006;32502;22414;48856;61458;48731;7275;44767;44699;44707;32501;44702;9791;48367;5515;5488;3674;9737;9725;9719;50896;10033;42221;33993;97305;1901700;1101;6355;1903506;2001141;31326;9889;19222;50789;65007;31323;50794;51252;19219;80090;51171;60255;10556;10468;2000112;5634;43231;43227;43226;5575;43229;44424;44464;5623;5622;9735;31347;80134;48583;10029;1900140;48580;2000026;50793;51239;3700;1071;8283;9739	681	2181	852.5	1024	4356	460	3025	548.5	1625	6089.5	4016	790	8519	5941	3265	7360.5	1650.5	355.5	64.5	7576.5	7672.5	567	986.5	2229	62741.5	3.137.075
ORTHO003241	Plant protein of unknown function (DUF828) with plant pleckstrin homology-like region	AT4G17350;AT5G47440	5634;43231;43227;43226;5575;43229;44424;44464;5623;5622;35091;5543;8289;5488;3674;43168;43167;7165;50794;50789;65007;8150;51716;9987;50896;7154;44763;44699;44700;23052	682	1560	598	514	4356	939.5	1881	765	5754	266	582	1422	1352	4616	6305	1830	4408.5	5992	4914	3774.5	1579	2061	2696.5	1825	52963	2648.15
ORTHO001533	SWIB/MDM2 domain superfamily protein	AT3G01890;AT5G14170	5515;5488;3674;5634;43231;43227;43226;5575;43229;44424;44464;5623;5622;9909;48580;2000026;50793;50789;65007;8150;51239;48831;2000241;10468;60255;19222;48364;44767;32502;44699;48513;48856;48731;7275;44707;32501;22622;6281;6259;44260;43170;71704;8152;44237;9987;90304;6139;46483;6725;1901360;34641;6807;44238;6974;33554;51716;50896;6950;44763;44710;2000024;10224;9411;9416;9314;9628	683	1472	1523.5	2364	1066.5	8391.5	1410	3549.5	3450	6020	1211	5435.5	1352	5401	1145.5	1606	1764.5	8659.5	2519	2570	3185.5	7881	2437.5	7028	75017	3750.85
ORTHO000799_1	alanine:glyoxylate aminotransferase 3	AT2G38400;AT3G08860	9853;43094;44249;9058;8152;8150;44237;9987;8483;16769;16740;3824;3674;5515;5488;8453;30170;1901363;97159;48037;43168;43167;5739;43231;43227;43226;5575;43229;44424;44464;5623;5622;44444;5737;42802;43562;31669;31667;9991;9605;50896;31668;51716;71496;7154;44763;44699	684	1805	1017	1350	4356	2239.5	2328.5	2114.5	3933.5	3350	1211	444.5	1352	7600	8512	797.5	8520.5	5886.5	1004.5	4060.5	5839	3754	1615	2166	66729	3336.45
ORTHO003682	Mitochondrial substrate carrier family protein	AT5G46800	16021;31224;44425;5575;16020;5739;43231;43227;43226;43229;44424;44464;5623;5622;44444;5737;5743;19866;31090;44422;31967;31975;44446;31966;44429;5740;9536;6839;1902582;46907;6810;51234;51179;8150;51649;51641;44765;1902578;44699;15822;6865;71705;46942;15849;71702;15711;6820;6811;6812;9507	685	175	690.5	696	672.5	349	142	705.5	298	266	210.5	818.5	9016.5	8566	9046	267	965	7028	1589	55.5	8300	2433.5	6854	417	57327	2866.35
ORTHO002932	pyruvate dehydrogenase kinase	AT3G06483	4740;4672;16301;16772;16740;3824;3674;8152;8150;16310;6796;6793;44237;9987;16773;6468;6464;36211;19538;43170;71704;44238;43412;44267;44260;5524;35639;1901265;1901363;5488;97159;43168;43167;32559;30554;17076;166;36094;32555;32553;97367;32550;32549;1882;1883;42803;42802;5515;46983;46777;5739;43231;43227;43226;5575;43229;44424;44464;5623;5622;44444;5737;9927;4871;60089;7165;50794;50789;65007;51716;50896;7154;44763;44699;44700;23052	686	412	826.5	967	672.5	2964.5	81.5	268	597.5	3425.5	354.5	6961.5	8993.5	5895.5	4462	797.5	2408	8912.5	2612.5	1869	2827	5308.5	1740	1324	61803	3090.15
ORTHO000997	Myosin heavy chain-related protein	AT1G63300;AT5G41140;AT5G52280	3674;8150;5575;9507;9536;43231;43227;43226;43229;44424;44464;5623;5622;44444;5737	687	1657	3427	6167	1281	7116	1985	4503	183	4641.5	1810	2038	8205.5	7779.5	8793	2476	1102.5	6590	7353.5	5519.5	6696	7038.5	7774	4586.5	96191	4809.55
ORTHO001278	Mitochondrial substrate carrier family protein	AT5G07320;AT5G51050;AT5G61810	5739;43231;43227;43226;5575;43229;44424;44464;5623;5622;44444;5737;5743;19866;31090;16020;44422;31967;31975;44446;31966;44429;5740;16021;31224;44425;5509;46872;43169;43167;5488;3674;55085;44763;9987;8150;44699;44765;6810;51234;51179;1902578;15867;15858;1901264;71702;15931;71705;15868;15865;6862;15748;51503;15711;6820;6811	688	879	2518.5	4349	365.5	2776	7507.5	2000	2202	1926.5	1483.5	4905	1352	8884.5	6639	797.5	3493.5	7028	4864	4925	7568	8091	7667.5	2522	86632.5	4.331.625
ORTHO004485	Cytochrome b561/ferric reductase transmembrane with DOMON related domain	AT3G61750	16021;31224;44425;5575;16020;5576;55114;44710;8152;8150;44699;46872;43169;43167;5488;3674	689	1401	1449.5	2210	4356	2501	333.5	1322	635	642.5	982	3872	9031.5	4770.5	292.5	343	7557.5	8592	2393	1678.5	1922.5	9126.5	9168.5	8828.5	73992.5	3.699.625
ORTHO003846	signal peptide peptidase	AT2G03120	9846;44707;32501;8150;44699;9856;44703;51704;22414;44706;4190;70001;70011;8233;16787;3824;3674;8152;6508;19538;43170;71704;44238;4175;16021;31224;44425;5575;16020;5783;43231;43227;43226;43229;44424;44464;5623;5622;44444;5737;12505;5789;98588;31090;44422;44432;44446;42175;9555;48229;7275;44767;32502;48856	690	1025	612.5	535	4356	663	6395	112.5	800	6020	982	212.5	8675.5	7213.5	8968.5	2476	30	6330	577.5	326.5	92	461	251.5	2699.5	53286.5	2.664.325
ORTHO005478	Integral membrane Yip1 family protein	AT2G36300;AT3G52760	3674;8150;16020;5575;9507;9536;43231;43227;43226;43229;44424;44464;5623;5622;44444;5737	691	1573	2195	3699	1281	838.5	1881	1709	8447.5	1058	1211	6120	1352	7909	8942.5	7782	935.5	7028	1345	5816	2343	7320	8115.5	2850	83003.5	4.150.175
ORTHO000867	cytochrome P450; family 94; subfamily C; polypeptide 1	AT2G27690	20037;46906;1901363;5488;3674;97159;5576;5575;43231;43227;43226;43229;44424;44464;5623;5622;18685;16713;16705;16491;3824;8152;8150;55114;44710;44699;4497;19825;5506;46914;46872;43169;43167;16021;31224;44425;16020;9611;6950;50896	692	1209	711	730	1066.5	994.5	4457	917.5	597.5	136	669	5903.5	6804.5	4486	6137	508.5	450	5886.5	2972	3184	4384	2433.5	3371.5	3565	57857.5	2.892.875
ORTHO000967	bromodomain and extraterminal domain protein 10	AT3G01770;AT3G27260;AT5G14270;AT5G63320	5515;5488;3674;5634;43231;43227;43226;5575;43229;44424;44464;5623;5622;45893;10628;10604;9893;48518;50789;65007;8150;19222;60255;10468;1903508;1903506;2001141;31326;9889;31323;50794;51252;19219;80090;51171;10556;1902680;51254;45935;31325;48522;51173;31328;9891;10557;6355;2000112;6351;34645;44260;43170;71704;8152;44237;9987;9059;1901576;9058;44249;97659;32774;16070;90304;6139;46483;6725;1901360;34641;6807;44238;34654;19438;44271;18130;1901362;10467;3677;3676;1901363;97159;9507;9536;44444;5737;9738;9755;7165;51716;50896;7154;44763;44699;44700;23052;32870;9725;9719;10033;42221;71495;71310;70887;71215;9737;33993;97305;1901700;1101;71396;97306;1901701;71229;9651;6970;9628;6950;45892;1903507;1902679;51253;10605;9892;48519;45934;51172;31324;48523;31327;9890;10558;10629;2000113;9409;9266	693	1014	651.5	610	365.5	2097.5	512	765	1133	2319.5	397.5	1658	1352	7213.5	8915.5	2476	2878.5	6808.5	1232	154	1108.5	7183	4006.5	3179.5	55390	2769.5
ORTHO000928	mitogen-activated protein kinase kinase kinase 18	AT1G05100;AT2G32510;AT4G26890;AT5G55090	51403;31098;33554;51716;9987;8150;50896;6950;35556;7165;50794;50789;65007;7154;44763;44699;44700;23052;165;23014;6468;16310;6796;6793;44237;8152;6464;36211;19538;43170;71704;44238;43412;44267;44260;44710;32147;45860;45859;43549;42325;19220;51174;31323;19222;51338;50790;65009;1932;31399;32268;51246;80090;60255;1934;42327;45937;10562;31325;9893;48518;48522;31401;32270;51247;10604;33674;51347;43085;44093;16301;16772;16740;3824;3674;4709;4702;5057;4871;60089;4674;4672;16773;186;43410;43408;1902531;9966;10646;48583;23051;1902533;9967;10647;48584;23056;42981;43067;10941;7346;51726;5634;43231;43227;43226;5575;43229;44424;44464;5623;5622;46777	694	2088	1665	2636	1689.5	3232	6617	4571	4231.5	5920.5	4545	444.5	1352	5401	1145.5	1606	8163	4809.5	1655.5	3129.5	2459.5	7923.5	2291.5	7453	76951	3847.55
ORTHO003318	ASF1 like histone chaperone	AT1G66740;AT5G38110	51301;44763;9987;8150;44699;6351;34645;44260;43170;71704;8152;44237;9059;1901576;9058;44249;97659;32774;16070;90304;6139;46483;6725;1901360;34641;6807;44238;34654;19438;44271;18130;1901362;10467;724;725;6281;6259;6974;33554;51716;50896;6950;44710;6310;6302;8361;32535;90066;65008;65007;16043;71840;5634;43231;43227;43226;5575;43229;44424;44464;5623;5622;5737;6355;1903506;2001141;31326;9889;19222;50789;31323;50794;51252;19219;80090;51171;60255;10556;10468;2000112;10091;904;902;32989;9653;32502;48856;48869;44767;48468;30154;10090;10026;90558;9888;90626;31567;7093;75;22402;7049;1903047;278;45930;45786;48523;48519;51726;7346;16568;6325;43933;51276;6996;6333;5515;5488;3674;9294;9292;44764;51704	695	1417	4503.5	8312	1066.5	8536.5	3758	1484	8509.5	1155	8167.5	5150	8754.5	4995.5	599	1429.5	7742.5	8097	2108	7986	8990	8910.5	9093.5	7075	112541.5	5.627.075
ORTHO002895	dicarboxylate transporter 2.2	AT5G64280;AT5G64290	71423;1903825;15849;44765;6810;51234;51179;8150;1902578;44699;71702;55085;44763;9987;98656;6820;6811;34220;15743;15740;6835;46942;15711;9536;43231;43227;43226;5575;43229;44424;44464;5623;5622;44444;5737;15367;15140;15556;5310;46943;8514;8509;15075;22891;22857;5215;3674;22892;5342;15301;15297;15291;22804;15742;16021;31224;44425;16020;15131;15729;1902356;9507;9534;31976;9579;31984;44446;44422;44435;44434;9941;9526;31967;31975;89711;15813;15807;6865;71705;15800;1902475;3333;19676;6536;43648;19752;43436;6082;71704;8152;44281;44710;44237;9064;1901605;6520;1901564;6807;44238;6541;9624;51707;43207;9605;50896;9607;51704;5313;15179;15171;15172	696	560	456	216	672.5	5704	312	1204.5	393.5	2443	5281.5	197	1352	4780	6378.5	136	450	5720	99	2289	914	2763	2834	627	43878	2193.9
ORTHO002510	unknown protein	AT1G36990;AT4G08510	5634;43231;43227;43226;5575;43229;44424;44464;5623;5622;9507;9536;44444;5737	697	309	1955.5	3214	248.5	615.5	1672.5	641	8616	502	1312.5	4239	1352	4861	438.5	508.5	8342	8080	8923	8320	8967.5	7520.5	2120	3340.5	80372	4018.6
ORTHO004049	ubiquitin-specific protease 23	AT5G57990	4843;19783;8234;70011;8233;16787;3824;3674;8152;8150;6508;19538;43170;71704;44238;36459;5634;43231;43227;43226;5575;43229;44424;44464;5623;5622	698	70	520	342	407	55	89	36.5	267.5	52.5	319	29	2738	6358.5	6560	25.5	74	8368.5	1706.5	2347	8400	8630.5	2661.5	147	48865.5	2.443.275
ORTHO001241	Domain of unknown function (DUF23)	AT2G33570;AT4G20170;AT5G44670	5794;43231;43227;43226;5575;43229;44424;44464;5623;5622;44444;5737;12505;45489;271;5976;5975;71704;8152;8150;44238;43170;16051;44723;44710;44699;1901576;9058;44711;9059;45488;10393;42546;44085;71840;71554;9987;48531;8378;16758;16757;16740;3824;3674;5773	699	759	1541.5	2384	365.5	4163.5	9167	82	6584	2319.5	5	32.5	1352	5702	3047.5	136	901	9170	9105	2289	2807	9156	9121.5	51	75191.5	3.759.575
ORTHO002291	pfkB-like carbohydrate kinase family protein	AT1G06020;AT1G06030;AT2G31390;AT3G59480	5524;35639;1901265;1901363;5488;3674;97159;43168;43167;32559;30554;17076;166;36094;32555;32553;97367;32550;32549;1882;1883;19252;9250;33692;271;5976;5975;71704;8152;8150;44238;43170;16051;44723;44710;44699;1901576;9058;44711;9059;34637;44262;44237;9987;44763;44249;44264;44260;34645;6073;44042;5982;5737;44424;44464;5575;5623;5622;4747;16773;16772;16740;3824;19200;16301;16310;6796;6793;46835;8865;4396;6014;19321;5996;44281;9506;5911;30054;55044;5829;44444;5886;16020;71944	700	1528	1154.5	1609	1584.5	880.5	7239	1389	7978	184	982	4111	1352	7536	8512	2476	5764.5	5944.5	1004.5	2289	1201.5	4970.5	3188	2091	69093	3454.65
ORTHO000406_2	Protein kinase superfamily protein	AT2G41970	5737;44424;44464;5575;5623;5622;16301;16772;16740;3824;3674;8152;8150;16310;6796;6793;44237;9987	701	166	781	861	672.5	5974	2452	251.5	1198	334.5	354.5	7732	1352	8485	8838	267	3521.5	6737.5	732	4258.5	662.5	1613	4279.5	1188	60231	3011.55
ORTHO004586	BSD domain-containing protein	AT3G49800;AT5G65910	5634;43231;43227;43226;5575;43229;44424;44464;5623;5622;3674;8150	702	2224	1489	2276	1281	1423	8728.5	2044	931	450.5	2402	181.5	7743	7636	8593.5	2476	1810	6217	6327	2455	5903.5	3609.5	1453	4117.5	74501.5	3.725.075
ORTHO002284	RELA/SPOT homolog 3	AT1G54130;AT3G14050	8893;16794;42578;16788;16787;3824;3674;8152;8150;9507;9536;43231;43227;43226;5575;43229;44424;44464;5623;5622;44444;5737;15969;9150;6163;72521;46483;44237;9987;6725;1901360;71704;34641;6807;1901564;9117;6753;19637;6793;55086;6139;44238;44281;44710;44699;44763;6796;9259;19693;1901135;1901068;46128;9119;9116;1901657;42278;34035;34032;33865;33875;8728;16778;16772;16740;42594;31667;9991;9605;50896;6950;9737;9725;9719;10033;42221;33993;97305;1901700;1101;9611	703	581	1591	2479	248.5	505	2452	7461	9014	502	669	4162.5	9057	5110.5	766.5	508.5	8107.5	8645	1922	1208	3391.5	8413.5	2239	1769	75903.5	3.795.175
ORTHO000394_2	plant glycogenin-like starch initiation protein 2	AT1G77130;AT3G18660	46872;43169;43167;5488;3674;139;98588;31090;16020;5575;44422;43226;43227;44431;44444;44424;44464;5623;5622;5737;44446;43229;5794;43231;12505;5802;98791;31984;45492;45491;10410;10383;5976;5975;71704;8152;8150;44238;43170;44036;44260;44237;9987;71554;70592;33692;271;16051;44723;44710;44699;1901576;9058;44711;9059;34637;44262;44763;44249;44264;34645;44038;70589;44085;71840;42546;5768;16757;16740;3824;5739;15020;8194;16758;9834;9832;71669;16021;31224;44425;71555;45229;16043;5982;6073;44042;10417;10413;80116;5634	704	404	771.5	839	672.5	2629	444.5	8626	255	334.5	621.5	5720.5	1352	7213.5	8838	2476	2678	6737.5	2764	141.5	5637	412	279.5	2784	59944	2997.2
ORTHO002216	glycosyl hydrolase family protein 43	AT3G49880;AT5G67540	4553;16798;16787;3824;3674;8152;8150;5634;43231;43227;43226;5575;43229;44424;44464;5623;5622;5975;71704;44238;5794;44444;5737;12505	705	612	952.5	1200	672.5	2629	512	4503	2069	4501.5	669	1576.5	1352	7213.5	8838	1073.5	2179	6808.5	4715	1094	8019	5132.5	1121.5	1029	65035.5	3.251.775
ORTHO001399	homeobox-1	AT1G28420;AT5G44180	5634;43231;43227;43226;5575;43229;44424;44464;5623;5622;6355;1903506;2001141;31326;9889;19222;50789;65007;8150;31323;50794;51252;19219;80090;51171;60255;10556;10468;2000112;5515;5488;3674;6351;34645;44260;43170;71704;8152;44237;9987;9059;1901576;9058;44249;97659;32774;16070;90304;6139;46483;6725;1901360;34641;6807;44238;34654;19438;44271;18130;1901362;10467;3700;1071;3677;3676;1901363;97159;10228;3006;32502;22414;48608;48856;61458;48731;7275;44767;44699;44707;32501;9791	706	1038	2047.5	3389	672.5	505	888	268	1625	4537.5	5618	8804.5	8898	6017	5034.5	7360.5	2230.5	7151.5	802.5	1391	7709	7855	1979	2699.5	81374	4068.7
ORTHO000602_1	N-MYC downregulated-like 3	AT2G19620;AT5G11790;AT5G56750	5737;44424;44464;5575;5623;5622;30154;48869;44767;32502;8150;44699;44763;9987;3674;60918;9914;10817;65008;65007;44765;6810;51234;51179;1902578	707	1437	1652.5	2598	1066.5	3296	1011	3284.5	75.5	1318	40.5	6518	8306	7954.5	8968.5	976.5	7840	8521.5	4548.5	773.5	1646	5059	1555.5	5007.5	76700.5	3.835.025
ORTHO000665	SIN3-like 6	AT1G10450;AT1G24190;AT1G59890;AT1G70060;AT3G01320;AT5G15020	16575;16570;16569;16568;6325;43933;16043;71840;8150;9987;51276;6996;6464;36211;19538;43170;71704;8152;44238;43412;44267;44260;44237;1902589;44763;44699;44710;6476;35601;98732;785;44427;44446;44422;5575;43226;44424;44464;5623;5622;43229;5694;43232;43228;32991;122;45892;1903507;1903506;2001141;31326;9889;19222;50789;65007;31323;50794;51252;19219;80090;51171;60255;10556;1902679;51253;10605;9892;48519;45934;51172;31324;48523;31327;9890;10558;10629;10468;6355;2000112;2000113;6357;5634;43231;43227;118;1902494;43234;44451;44428;5654;31981;70013;43233;31974;4407;33558;19213;16787;3824;3674;16811;16810;1106;1191;1076;989;988;3714;3712;1104;9737;9725;9719;50896;10033;42221;33993;97305;1901700;1101;5515;5488;6351;34645;9059;1901576;9058;44249;97659;32774;16070;90304;6139;46483;6725;1901360;34641;6807;34654;19438;44271;18130;1901362;10467;5829;44444;5737	708	329	1398.75	2089.5	248.5	505	3513	3504.5	3584	334.5	4839.5	6701	1352	4921.5	511.5	1429.5	630	9117	2958	3409.5	1744	7855	8896.5	7376.5	73182.5	3.659.125
ORTHO003349	Transcription factor IIA; alpha/beta subunit	AT1G07470;AT1G07480	5634;43231;43227;43226;5575;43229;44424;44464;5623;5622;3700;1071;3674;2001141;31326;9889;19222;50789;65007;8150;31323;50794;51252;19219;80090;51171;60255;10556;6355;1903506;10468;2000112;6351;34645;44260;43170;71704;8152;44237;9987;9059;1901576;9058;44249;97659;32774;16070;90304;6139;46483;6725;1901360;34641;6807;44238;34654;19438;44271;18130;1901362;10467;5672;90575;44798;44428;44446;44422;5667;43234;32991;44451;5654;31981;70013;43233;31974;16591;55029;428;30880;61695;1990234;1902494	709	46	550.5	392	83.5	3130	142	3576	393.5	930.5	454	79.5	1352	4969	358	25.5	8387	9044.5	2682.5	1919	1650	7637.5	2274	988.5	49993	2499.65
ORTHO000604_1	BRI1 suppressor 1 (BSU1)-like 2	AT1G08420;AT2G27210	5886;16020;5575;44464;5623;71944;5506;46914;46872;43169;43167;5488;3674;4721;16791;42578;16788;16787;3824;8152;8150;16311;6796;6793;44237;9987;6470;6464;36211;19538;43170;71704;44238;43412;44267;44260;9742;43401;9755;7165;50794;50789;65007;51716;50896;7154;44763;44699;44700;23052;32870;9725;9719;10033;42221;71495;71310;70887;71383;71407;14070;71396;33993;48545;71367;9741;97305;1901700;97306;1901701;5634;43231;43227;43226;43229;44424;5622;30145;4722;5829;44444;5737	710	678	2535	4360	672.5	8095.5	6478	3361.5	3291	1462	4622	4309	8446	6601.5	8359	2476	7649.5	8840.5	2214	2289	2439.5	3955.5	910.5	885.5	86685.5	4.334.275
ORTHO000878	myb domain protein 30	AT3G28910;AT3G47600;AT5G62470	5634;43231;43227;43226;5575;43229;44424;44464;5623;5622;1666;36293;70482;9628;50896;8150;6950;9751;14070;10033;42221;1101;1901700;5515;5488;3674;42761;6633;72330;46394;16053;6082;71704;8152;44281;44710;44699;44763;9987;44237;44283;44711;9058;1901576;44249;19752;43436;32787;6631;44255;6629;44238;8610;38;9626;34050;12501;8219;16265;45087;6952;6955;2376;33554;51716;3677;3676;1901363;97159;9753;9725;9719;9617;51707;43207;9605;9607;51704;3682;44877;9733;3700;1071;2001141;31326;9889;19222;50789;65007;31323;50794;51252;19219;80090;51171;60255;10556;6355;1903506;10468;2000112;9723;9739;33993;9651;6970;46686;10038;10035;9737;97305;80167;9414;9415	711	256	2045.5	3380	672.5	2964.5	6155.5	1780.5	8808.5	3372	1211	3034.5	9103	5785.5	3521.5	797.5	8092	7446.5	802.5	154	8264.5	6576.5	1790	1672.5	81332.5	4.066.625
ORTHO001274_1	starch branching enzyme 2.1	AT2G36390;AT5G03650	9507;9536;43231;43227;43226;5575;43229;44424;44464;5623;5622;44444;5737;9570;9532;44435;44446;44422;44434;43169;43167;5488;3674;3844;16758;16757;16740;3824;8152;8150;10021;9059;43170;71704;1901576;9058;1901137;1901135;2000896;19252;9250;33692;271;5976;5975;44238;16051;44723;44710;44699;44711;34637;44262;44237;9987;44763;44249;44264;44260;34645;6073;44042;5982;5978;5977;6112;15980;6091;55114;4553;16798;16787;9501	712	1522	704.5	697	1066.5	693.5	859	203.5	1481	1189	1810	679.5	1352	6112	1304	797.5	630	7846	8447.5	549.5	1494	8927	8976.5	4016	57367.5	2.868.375
ORTHO000886	Octicosapeptide/Phox/Bem1p (PB1) domain-containing protein / tetratricopeptide repeat (TPR)-containing protein	AT2G25290;AT4G32070;AT5G20360	8150;5739;43231;43227;43226;5575;43229;44424;44464;5623;5622;44444;5737;5773	713	819	1573	2433	672.5	4581	5345.5	1289.5	2301	1709.5	2216.5	5053	1352	4770.5	382.5	1132.5	1526.5	7885.5	8332	5852	7254	8070.5	5295.5	1263	75612.5	3.780.625
ORTHO001365	Glucose-1-phosphate adenylyltransferase family protein	AT2G39770;AT3G55590;AT4G30570	5515;5488;3674;9408;9266;9628;50896;8150;6950;30244;51274;9250;33692;271;5976;5975;71704;8152;44238;43170;16051;44723;44710;44699;1901576;9058;44711;9059;34637;44262;44237;9987;44763;44249;44264;44260;34645;6073;44042;51273;30243;5737;44424;44464;5575;5623;5622;5634;43231;43227;43226;43229;60359;1901698;42221;9651;6970;16779;16772;16740;3824;4475;8905;70568;5829;44444;9753;9725;9719;10033;1101;1901700;9298;19673;9225;6139;46483;6725;1901360;34641;6807;1901135;9226;1901137;34654;19438;44271;18130;1901362;5525;35639;1901265;1901363;97159;43168;43167;32550;32549;1882;36094;97367;1883;32561;19001;17076;166;32555;32553;10193;302;6979;10035;19853;46394;16053;6082;44281;44283;19752;43436;46364;5996;42364;6767;6766;9110;19852;42742;9617;51707;43207;9605;9607;51704;98542;6952	714	1154	761.5	809	3586.5	4372.5	249	6264	1430.5	7584	5277.5	212.5	1352	5849.5	1677.5	1307	1997.5	8438.5	2565	1724	1466.5	6791.5	728.5	195	59482.5	2.974.125
ORTHO001280_1	dynamin related protein	AT2G14120;AT4G33650	5525;35639;1901265;1901363;5488;3674;97159;43168;43167;32550;32549;1882;36094;97367;1883;32561;19001;17076;166;32555;32553;5515;5886;16020;5575;44464;5623;71944;7031;6996;16043;71840;8150;9987;7049;44763;44699;5777;42579;43231;43227;43226;43229;44424;5622;44444;5737;16559;48285;5739;266;7005;51301;5829;9791;44767;32502;44707;32501;7275;3924;17111;16462;16818;16817;16787;3824;8152;42802;9658;9657;44375;32535;90066;65008;65007;35091;5543;8289;9941;9526;31967;31975;44446;44422;44435;9536;44434;9507	715	1333	2025.5	3336	1066.5	6382	822.5	4396	210.5	1094.5	5520.5	2937.5	7554	7536	8638.5	2476	3215	6505.5	6327	1094	5637	5132.5	3311.5	2229	81019.5	4.050.975
ORTHO005198	Yippee family putative zinc-binding protein	AT2G40110	3674;8150;5634;43231;43227;43226;5575;43229;44424;44464;5623;5622	716	2179	3090.5	5465	4356	3684	3327	2923.5	2924.5	7782	4097	5667	1352	5393.5	1145.5	6712.5	7299	7446.5	2546.5	8025.5	7709	7972	2846	3501.5	92354.5	4.617.725
ORTHO005324	calcineurin B subunit-related	AT2G45670	5509;46872;43169;43167;5488;3674;16021;31224;44425;5575;16020;50200;16747;16746;16740;3824;8152;8150;6644;19637;71704;6793;44237;9987;44255;6629;44710;44699;44238;44763;6796	717	368	365	13	672.5	4	6168	1204.5	1753	334.5	744	2343.5	1352	4780	302.5	343	450	7.5	11	2253	12.5	9.5	9.5	8	22090	1104.5
ORTHO004660	myb domain protein 4	AT4G38620	3677;3676;1901363;5488;3674;97159;45892;1903507;1903506;2001141;31326;9889;19222;50789;65007;8150;31323;50794;51252;19219;80090;51171;60255;10556;1902679;51253;10605;9892;48519;45934;51172;31324;48523;31327;9890;10558;10629;10468;6355;2000112;2000113;9751;14070;10033;42221;50896;1101;1901700;3700;1071;5634;43231;43227;43226;5575;43229;44424;44464;5623;5622;5515;1903086;1903085;1900376;43455;2000762;1900377;9753;9725;9719;10224;9411;9416;9314;9628;6351;34645;44260;43170;71704;8152;44237;9987;9059;1901576;9058;44249;97659;32774;16070;90304;6139;46483;6725;1901360;34641;6807;44238;34654;19438;44271;18130;1901362;10467	718	1464	884	1050	4356	2557.5	8759	1204.5	6225	1674	865	2160	6397.5	4560	5907.5	1830	7897.5	5368	418	681.5	3778.5	914	528	1371.5	63097	3154.85
ORTHO000787	Phosphatidylinositol 3- and 4-kinase family protein	AT1G13640;AT1G26270;AT2G03890	5524;35639;1901265;1901363;5488;3674;97159;43168;43167;32559;30554;17076;166;36094;32555;32553;97367;32550;32549;1882;1883;4430;52742;16301;16772;16740;3824;8152;8150;16310;6796;6793;44237;9987;16773;46854;46488;6650;6644;19637;71704;44255;6629;44710;44699;44238;44763;46486;46834;30258;5575;43424;19901;19900;19899;5515;46777;6468;6464;36211;19538;43170;43412;44267;44260	719	2156	830	941	1281	8807.5	162.5	1912	5144	607.5	5351	6027	6397.5	4415.5	6007	1830	3448	1425.5	598.5	178	606	1910	3945	2699.5	61472	3073.6
ORTHO004878	Homeodomain-like superfamily protein	AT1G01520;AT4G01280	3677;3676;1901363;5488;3674;97159;5634;43231;43227;43226;5575;43229;44424;44464;5623;5622;9651;6970;9628;50896;8150;6950;6355;1903506;2001141;31326;9889;19222;50789;65007;31323;50794;51252;19219;80090;51171;60255;10556;10468;2000112;6351;34645;44260;43170;71704;8152;44237;9987;9059;1901576;9058;44249;97659;32774;16070;90304;6139;46483;6725;1901360;34641;6807;44238;34654;19438;44271;18130;1901362;10467;3682;44877;3700;1071;9737;9725;9719;10033;42221;33993;97305;1901700;1101;9723;9733;46686;10038;10035;9753;9751;14070;9739	720	2062	2125.5	3531	4356	7932.5	3025	7290.5	931	930.5	5497	3218	7498	7536	8553	2476	8038.5	5886.5	1655.5	4100	1880	2213.5	1337.5	2166	82165	4108.25
ORTHO005322	unknown protein	AT4G01290	8150;3674;5634;43231;43227;43226;5575;43229;44424;44464;5623;5622	721	100	891.5	1062	112	75.5	1672.5	397	702.5	2908	2129.5	5572	9150.5	4921.5	289	136	8680.5	4507	926	9009	188	8182	2661.5	1142.5	63250.5	3.162.525
ORTHO003453	Basic-leucine zipper (bZIP) transcription factor family protein	AT2G16770;AT4G35040	3677;3676;1901363;5488;3674;97159;6355;1903506;2001141;31326;9889;19222;50789;65007;8150;31323;50794;51252;19219;80090;51171;60255;10556;10468;2000112;3700;1071;6351;34645;44260;43170;71704;8152;44237;9987;9059;1901576;9058;44249;97659;32774;16070;90304;6139;46483;6725;1901360;34641;6807;44238;34654;19438;44271;18130;1901362;10467;71294;10043;10038;10035;42221;50896;1990267;71248;71241;70887;51716;5515;43565;5634;43231;43227;43226;5575;43229;44424;44464;5623;5622	722	1196	4032.5	7343	1066.5	8980.5	7886	3450	3471	6288	4748	7541.5	8519	9013	6687	797.5	8310.5	8695	3265	2903	427	7567	1720	3447.5	103716.5	5.185.825
ORTHO001470	Plant-specific transcription factor YABBY family protein	AT1G08465;AT2G26580	3677;3676;1901363;5488;3674;97159;3700;1071;2001141;31326;9889;19222;50789;65007;8150;31323;50794;51252;19219;80090;51171;60255;10556;6355;1903506;10468;2000112;7275;44767;32502;44699;44707;32501;5634;43231;43227;43226;5575;43229;44424;44464;5623;5622;10158;1708;48869;44763;9987;45165;30154;46872;43169;43167;9944;65001;7389;9798;9943;9955;3002;2000024;48831;2000026;50793;51239;5515;1902183;48509	723	1287	1416.5	2110	1436	7563	2627.5	3467	8838.5	7916.5	5047	5096	1352	8665.5	1481.5	1307	3589	8532.5	2930	1747	1339	476.5	81.5	1243	73300	3665
ORTHO002786	unknown protein	AT2G39300;AT3G55060	8150;5634;43231;43227;43226;5575;43229;44424;44464;5623;5622;5773;44444;5737;3674	724	985	1956	3188	672.5	5248.5	2703	428.5	1625	555.5	5520.5	2553.5	8519	6601.5	8452	797.5	7721	6590	3904.5	4473	7052	4169	969	2382	80265	4013.25
ORTHO002812	RING/U-box superfamily protein	AT1G45180;AT5G42940	8270;46914;46872;43169;43167;5488;3674;5634;43231;43227;43226;5575;43229;44424;44464;5623;5622	725	641	677.5	630	672.5	2557.5	262	45	280	1584.5	4890	1576.5	1352	5110.5	438.5	1429.5	2415	9167	4165.5	1992	1026	9094.5	4773	3799.5	55958.5	2.797.925
ORTHO003959	unknown protein	AT4G30630;AT5G57910	3674;8150;5575;5634;43231;43227;43226;43229;44424;44464;5623;5622	726	782	1515	2304	672.5	113	1377.5	2071	7561.5	3889.5	3596.5	4991	1352	8758	6748	2476	4942.5	8719.5	2114.5	2347	1744	8295.5	2390.5	1188	74675.5	3.733.775
ORTHO004055	chaperonin 20	AT5G20720	9570;9532;44435;44444;44424;44464;5575;5623;5622;5737;44446;44422;43226;43229;9536;43231;43227;44434;9507;9941;9526;31967;31975;9535;55035;42651;34357;16020;44436;9579;31976;31984;9534;6457;9987;8150;48046;5576;5739;1901671;51353;51341;50790;19222;50789;65007;65009;43085;44093;9893;48518;1900409;1900407;80135;50794;80134;48583;1902882;48522;1902884;48584;1901033;1901031;2000379;31325;31323;2000377;1901668;2000121;90322;5515;5488;3674;5524;35639;1901265;1901363;97159;43168;43167;32559;30554;17076;166;36094;32555;32553;97367;32550;32549;1882;1883;5507;46914;46872;43169;5516;46686;10038;10035;42221;50896;9409;9266;9628;6950	727	1388	3390	6053	1584.5	2797	7352	1547.5	7325.5	4393	1623	4467	8605	5941	3047.5	1975.5	7897.5	7431.5	8380.5	1486	8019	8223.5	2013	3005.5	95530.5	4.776.525
ORTHO001179	Ribosomal protein S7e family protein	AT1G48830;AT3G02560	6412;43043;43604;43603;34641;6807;8152;8150;44237;9987;44271;44249;9058;6518;1901564;71704;1901566;1901576;44267;19538;43170;44238;44260;34645;9059;10467;22627;15935;44391;30529;32991;5575;44424;44464;5623;5622;44444;5737;44446;44422;43226;43229;5840;43232;43228;44445;5829;22626;5886;16020;71944;9507;9536;43231;43227;30686;30684;5618;30312;6364;34470;34660;16070;90304;6139;46483;6725;1901360;6396;16072;42254;22613;44085;71840;32040;3735;5198;3674;42274	728	1713	756	784	1479.5	7987.5	6145.5	1013.5	1328.5	3718.5	5540	2343.5	6071.5	4295.5	5761.5	1239.5	7214.5	1921.5	216	586	628.5	1613	195	1009	58828.5	2.941.425
ORTHO001197	Senescence/dehydration-associated protein-related	AT2G17840;AT3G51250;AT4G35985	9651;6970;9628;50896;8150;6950;9414;9415;1101;42221;10035;1901700;9644;9642;9416;9314;3674;5737;44424;44464;5575;5623;5622;5886;16020;71944;9409;9266;9506;5911;30054;55044	729	1964	3295.5	5862	1281	2837	7187.5	1322	9029	1094.5	2129.5	4991	1352	4839	327	1429.5	8865	8411.5	9126	8808	2030.5	8927	3001.5	8837	94544.5	4.727.225
ORTHO003369	Calcineurin-like metallo-phosphoesterase superfamily protein	AT3G05580;AT5G27840	4722;4721;16791;42578;16788;16787;3824;3674;8152;8150;16311;6796;6793;44237;9987;6470;6464;36211;19538;43170;71704;44238;43412;44267;44260;46872;43169;43167;5488;5737;44424;44464;5575;5623;5622	730	1674	2630	4530	1584.5	6382	6901	1855	1916	7916.5	2992.5	6518	8605	5445	1063	1606	1703	7571	8526	4211	7925	1110.5	1581	3667.5	87495	4374.75
ORTHO001626	AGAMOUS-like 65	AT1G18750;AT1G69540;AT2G03060	3700;1071;3674;2001141;31326;9889;19222;50789;65007;8150;31323;50794;51252;19219;80090;51171;60255;10556;6355;1903506;10468;2000112;5634;43231;43227;43226;5575;43229;44424;44464;5623;5622;46983;5515;5488;3677;3676;1901363;97159;9555;48229;7275;44767;32502;44699;44707;32501;48856;6351;34645;44260;43170;71704;8152;44237;9987;9059;1901576;9058;44249;97659;32774;16070;90304;6139;46483;6725;1901360;34641;6807;44238;34654;19438;44271;18130;1901362;10467	731	1984	1474.5	2218	1689.5	3602.5	7463	1709	7325.5	4233.5	1623	1658	6617.5	4415.5	6092	1830	3752	4982.5	692	4331	4226.5	2061	4414.5	3005.5	74034.5	3.701.725
ORTHO000845_2	ARG1-like 1	AT1G24120;AT1G59980	5634;43231;43227;43226;5575;43229;44424;44464;5623;5622;6457;9987;8150;9737;9725;9719;50896;10033;42221;33993;97305;1901700;1101;16020	732	939	527	322	672.5	407.5	43.5	143.5	3610	969	110	39	1352	5411.5	1330	508.5	693.5	9168	4441	3254	5839	738	1748	8367.5	48173.5	2.408.675
ORTHO004776	Octicosapeptide/Phox/Bem1p family protein	AT2G01190	5634;43231;43227;43226;5575;43229;44424;44464;5623;5622;5829;44444;5737	733	2040	2184.5	3636	4356	2097.5	1881	1426	393.5	4871.5	582	1471	8410.5	7996	9046	7782	8250.5	6737.5	1232	6467.5	2108	6831.5	1918	3179.5	82681.5	4.134.075
ORTHO000866_1	LOV KELCH protein 2	AT2G18915;AT5G57360	48511;8150;18298;6464;36211;19538;43170;71704;8152;44238;43412;44267;44260;44237;9987;9908;90567;48608;3006;32502;22414;48856;61458;48731;7275;44767;44699;44707;32501;44702;9791;48367;5515;5488;3674;7623;6511;19941;51603;6508;44257;30163;9057;1901575;9056;44265;44248;43632;9881;38023;4871;60089;7165;50794;50789;65007;51716;50896;7154;44763;44700;23052;4872;5829;44444;44424;44464;5575;5623;5622;5737;42752;15030;16604;44451;44428;44446;44422;43226;43229;5634;43231;43227;5654;31981;70013;43233;31974;16567;32446;70647;4842;19787;16740;3824;31146;43161;10498;19005;31461;151;1990234;1902494;43234;32991;10114;9639;9416;9314;9628;43153;9649;9605;9648;9882;9785;30522;71483;9637;71482;71478;71214	734	462	1617.5	2501	672.5	7583.5	652	2000	2202	2405	5973.5	4467	4328	4995.5	638	508.5	8250.5	8162	8764.5	154	1637.5	8566.5	2341	2439.5	76068.5	3.803.425
ORTHO001311_2	DHFS-FPGS homolog D	AT3G55630;AT5G05980	5524;35639;1901265;1901363;5488;3674;97159;43168;43167;32559;30554;17076;166;36094;32555;32553;97367;32550;32549;1882;1883;6730;44281;44710;8152;8150;44699;44763;9987;44237;46901;9396;9108;51188;51186;44249;9058;6732;42559;19438;6725;42558;46483;1901360;71704;1901564;6807;44271;34641;18130;1901362;1901576;1901566;43604;43603;1901607;1901605;6520;19752;43436;6082;44238;8652;46394;16053;44283;44711;6760;6575;42398;46900;5829;44444;44424;44464;5575;5623;5622;5737;4326;16881;16879;16874;3824;9570;9532;44435;44446;44422;43226;43229;9536;43231;43227;44434;9507;48767;60560;48589;44767;32502;40007;9653;48856;48588;16049;48468;48869;30154;80147;48765;10053;90627;10015;48364;48513;48731;7275;44707;32501;22622;90558;9888;48764;48469;21700;10054;10449;35266;48507	735	555	1086	1437	248.5	1705	6249.5	1780.5	1839.5	402.5	1144	4239	1352	4850	438.5	136	2013	8381	8694.5	299.5	9128	8962	2630	3501.5	67746	3387.3
ORTHO002685	F-box/RNI-like superfamily protein	AT1G21410;AT1G77000	9734;9755;7165;50794;50789;65007;8150;51716;9987;50896;7154;44763;44699;44700;23052;32870;9725;9719;10033;42221;71495;71310;70887;71365;9733;16567;32446;70647;6464;36211;19538;43170;71704;8152;44238;43412;44267;44260;44237;5634;43231;43227;43226;5575;43229;44424;44464;5623;5622;31146;43161;10498;51603;6508;44257;30163;9057;1901575;9056;44265;44248;6511;19941;43632;19005;31461;151;1990234;1902494;43234;32991;4842;19787;16740;3824;3674;5515;5488;61630;61659;5737;51781;48522;48518;51302;10311;9791;44767;32502;44707;32501;7275;48645;48646;9653;48856;9887;48513;48731;10102;10101;10015;48364;22622;9886;48528;48569;48527;10286;9408;9266;9628;6950;1901332;48581;48580;2000026;50793;51239;51241;48519;51093;2000023;2000069;2000280	736	1902	498	260	4356	857.5	1011	1263.5	867	1462	1082.5	6027	6316	4486	5907.5	508.5	1618.5	4809.5	629.5	951.5	3632	1068	2003	1324	45824.5	2.291.225
ORTHO002062	Ypt/Rab-GAP domain of gyp1p superfamily protein	AT2G19240;AT4G29950;AT5G57210	5886;16020;5575;44464;5623;71944;5737;44424;5622;5634;43231;43227;43226;43229	737	75	1753	2769	31	7794.5	312	9081.5	9165	52.5	435.5	6418.5	1352	4995.5	393	25.5	8726	9102	2599.5	3431	2807	7923.5	2171	859.5	77645	3882.25
ORTHO001081	peroxisomal 3-ketoacyl-CoA thiolase  4	AT1G04710;AT2G33150;AT5G48880	5777;42579;43231;43227;43226;5575;43229;44424;44464;5623;5622;44444;5737;3988;16408;16747;16746;16740;3824;3674;8152;8150;5773;31408;6633;72330;46394;16053;6082;71704;44281;44710;44699;44763;9987;44237;44283;44711;9058;1901576;44249;19752;43436;32787;6631;44255;6629;44238;8610;31407;5739;5730;44428;44446;44422;5634;43232;43228;31981;70013;43233;31974;19395;34440;30258;55114;9789;9967;9966;10646;50794;50789;65007;48583;23051;10647;48522;48518;48584;23056;1901421;1901419;9787;9514;9695;9694;6635;9062;44242;16042;44712;9056;1901575;44248;72329;46395;16054;44282;5774;44437;98588;31090;16020;98805;9507;9536;10111;7031;6996;16043;71840;9657;9611;6950;50896	738	501	1207	1676	672.5	6761.5	210	2796	9100	238.5	128.5	61.5	1352	8604	8995	1073.5	2351.5	8645	7644	1775	957	5434	728.5	2850	69705.5	3.485.275
ORTHO007862	2-oxoglutarate (2OG) and Fe(II)-dependent oxygenase superfamily protein	AT1G20270	5802;98791;44431;44444;44424;44464;5575;5623;5622;5737;44446;44422;43226;43229;5794;43231;43227;12505;31984;18401;19471;1901605;6520;1901564;71704;8152;8150;6807;19752;43436;6082;44281;44710;44699;44763;9987;44237;44238;46483;1901360;6575;32787;19511;18208;18193;6464;36211;19538;43170;43412;44267;44260;18126;5506;46914;46872;43169;43167;5488;3674;55114;5768;16706;16705;16491;3824;51213;5739;4656;31545;31543;19798;31418;31406;43177;36094;43168;48029;30246;19842	739	2042	2690.5	4642	4356	2931.5	1011	3381	3797	4115.5	1623	5257	1352	7536	8726.5	7782	5685	8620	2688	1811	7925	6512.5	5171.5	2166	88091.5	4.404.575
ORTHO002048	soybean gene regulated by cold-2	AT1G09070;AT3G16510	6623;1902580;51641;51179;8150;1902578;44699;6605;6886;15031;45184;51234;8104;33036;71702;6810;46907;51649;34613;70727;1902582;44765;16482;72665;33365;72666;72594;7034;326;325;5773;43231;43227;43226;5575;43229;44424;44464;5623;5622;44444;5737;322;5515;5488;3674;5783;12505;5886;16020;71944;5634	740	1508	634	528	4356	2501	274.5	4009	196	2472.5	5351	1576.5	1352	4560	6137	1830	2033.5	5886.5	4388	832	6431	1228	591	1546.5	53196	2659.8
ORTHO003102	calmodulin binding	AT3G16940;AT4G16150	5634;43231;43227;43226;5575;43229;44424;44464;5623;5622;6355;1903506;2001141;31326;9889;19222;50789;65007;8150;31323;50794;51252;19219;80090;51171;60255;10556;10468;2000112;5516;5515;5488;3674;1077;1228;981;3700;1071;6357;45944;45893;10628;10604;9893;48518;1903508;1902680;51254;45935;31325;48522;51173;31328;9891;10557;6366;6351;34645;44260;43170;71704;8152;44237;9987;9059;1901576;9058;44249;97659;32774;16070;90304;6139;46483;6725;1901360;34641;6807;44238;34654;19438;44271;18130;1901362;10467;982;43565;3677;3676;1901363;97159	741	976	2309.5	3878	672.5	7278	1011	3903.5	3135.5	642.5	7199	5126	1352	5129	841.5	508.5	6099.5	8362.5	8915.5	565.5	2701	8644	7611.5	5041.5	84067.5	4.203.375
ORTHO000845_1	Chaperone DnaJ-domain superfamily protein	AT1G68370	139;98588;31090;16020;5575;44422;43226;43227;44431;44444;44424;44464;5623;5622;5737;44446;43229;5794;43231;12505;6457;9987;8150;5789;44432;5783;44425;42175;8092;5515;5488;3674;9958;9630;9606;9605;50896;9629;9628;5856;43232;43228	742	1408	939	1136	1449.5	808	776.5	641	8892.5	5874.5	804.5	2729	7498	7699.5	8240.5	1175.5	7809	5221.5	3333.5	346	108.5	1566.5	237	450.5	64212	3210.6
ORTHO001791	WWE protein-protein interaction domain protein family	AT1G32230;AT2G35510	6970;9628;50896;8150;6950;9651;9414;9415;1101;42221;10035;1901700;5622;44464;5575;5623;16032;44764;51704;9987;44403;44419;5634;43231;43227;43226;43229;44424;9873;160;35556;7165;50794;50789;65007;51716;7154;44763;44699;44700;23052;9755;32870;9725;9719;10033;71495;71310;70887;71369;9723;9790;44767;32502;48856;7275;44707;32501;6809;46209;72593;44237;8152;2001057;6807;1903409;9058;44271;34641;44249;10193;302;6979;9867;71395;9753;71229;1901701;9816;9814;98542;6952;51707;43207;9605;9607;45087;6955;2376;42742;9617;16363;44428;44446;44422;34399;31981;70013;43233;31974;10102;10101;10015;9653;48364;48513;48731;22622;9886;9791;48528;48569;48527;5515;5488;3674;2000377;31323;19222;303;305;5737;12501;8219;16265;3950;16763;16757;16740;3824;48573;9648;9416;9314;10228;3006;22414;48608;61458	743	711	1012	1281	672.5	273.5	187.5	71	149	1567.5	5618	4724	2743	6134	6497	1175.5	143.5	8645	5589.5	1764.5	8580	9129.5	2808	83	65883	3294.15
ORTHO000286_1	alpha/beta-Hydrolases superfamily protein	AT3G01690;AT3G30380;AT4G24760;AT5G14390	16787;3824;3674;8152;8150;5634;43231;43227;43226;5575;43229;44424;44464;5623;5622;5576	744	1355	490.5	237	944.5	1500	605.5	1640.5	5851.5	2891.5	669	2597	5467.5	4295.5	5661	1239.5	2114	1888	2851	346	3243	868	257.5	926.5	44912.5	2.245.625
ORTHO001804	RING/U-box superfamily protein	AT5G10650;AT5G24870	8270;46914;46872;43169;43167;5488;3674;5634;43231;43227;43226;5575;43229;44424;44464;5623;5622	745	2205	2199.5	3654	1281	790.5	2881	2711	7899.5	2799	8947	4949	7377.5	7387.5	8276	2476	1692	6737.5	2386	5002	5170.5	1910	1538	1858	82788	4139.4
ORTHO001662	Protein phosphatase 2C family protein	AT1G07160;AT2G30020;AT2G40180	6470;16311;6796;6793;44237;8152;8150;9987;6464;36211;19538;43170;71704;44238;43412;44267;44260;4722;4721;16791;42578;16788;16787;3824;3674;9507;9536;43231;43227;43226;5575;43229;44424;44464;5623;5622;44444;5737;46872;43169;43167;5488;50832;98542;6952;6950;50896;51707;43207;9605;9607;51704;9620;9738;9755;7165;50794;50789;65007;51716;7154;44763;44699;44700;23052;32870;9725;9719;10033;42221;71495;71310;70887;71215;9737;33993;97305;1901700;1101;71396;97306;1901701;71229;9611;5634;10440;48869;44767;32502;10374;9791;44707;32501;7275;90558;9888;48856	746	1311	440.5	135	944.5	4496	2234.5	1389	1994.5	2170.5	982	2851	1352	4752	5746.5	1239.5	1753.5	1888	3011	920	517	961.5	214.5	715.5	39188.5	1.959.425
ORTHO001295_1	Peptidase S24/S26A/S26B/S26C family protein	AT1G06870;AT2G30440	16021;31224;44425;5575;16020;9535;55035;42651;34357;44436;44424;44464;5623;5622;9579;44435;44444;5737;44446;44422;43226;43229;9536;43231;43227;31976;31984;44434;9507;9534;6508;19538;43170;71704;8152;8150;44238;8236;70011;8233;16787;3824;3674;17171;4175;6465;16485;51604;10467;6518;43603;34641;6807;44237;9987;1901564;44267;44260	747	632	3307	5867	248.5	2837	9046.5	1322	9014	210.5	7524	4805.5	1352	4850	438.5	508.5	2377.5	8381	8945	8853	9113	8954.5	2581.5	3447.5	94561.5	4.728.075
ORTHO003163	basic helix-loop-helix (bHLH) DNA-binding superfamily protein	AT1G68920	40008;50789;65007;8150;46983;5515;5488;3674;6355;1903506;2001141;31326;9889;19222;31323;50794;51252;19219;80090;51171;60255;10556;10468;2000112;6351;34645;44260;43170;71704;8152;44237;9987;9059;1901576;9058;44249;97659;32774;16070;90304;6139;46483;6725;1901360;34641;6807;44238;34654;19438;44271;18130;1901362;10467;5634;43231;43227;43226;5575;43229;44424;44464;5623;5622;3700;1071;3677;3676;1901363;97159	748	535	518	288	672.5	4216	444.5	336	1691	82.5	582	1576.5	7498	4662.5	6378.5	508.5	2954.5	5944.5	2997	120	3391.5	1656	1337.5	660	47037	2351.85
ORTHO001542	CTC-interacting domain 11	AT1G32790;AT3G49390;AT4G10610	166;36094;5488;3674;1901265;1901363;97159;8150;3676;3723;5634;43231;43227;43226;5575;43229;44424;44464;5623;5622;5737	749	693	2032	3315	248.5	9149	3758	563	3324.5	5402	4678.5	6327.5	2715	6187	6464.5	2080.5	1907.5	8251	2299	1208	3027	8910.5	2458	2229	80939.5	4.046.975
ORTHO004373	Ras-related small GTP-binding family protein	AT5G54840	5525;35639;1901265;1901363;5488;3674;97159;43168;43167;32550;32549;1882;36094;97367;1883;32561;19001;17076;166;32555;32553;5515;5634;43231;43227;43226;5575;43229;44424;44464;5623;5622;7264;35556;7165;50794;50789;65007;8150;51716;9987;50896;7154;44763;44699;44700;23052	750	439	621	492	248.5	349	1011	414	867	3163.5	5277.5	3108	4239.5	5110.5	766.5	508.5	2506.5	8381	2114.5	2935	2506	5434	1900.5	1769	52361.5	2.618.075
ORTHO005116	RING/U-box superfamily protein	AT3G09770	5886;16020;5575;44464;5623;71944;80144;55081;50801;48878;42592;65008;65007;8150;5515;5488;3674;16874;3824;8152;16567;32446;70647;6464;36211;19538;43170;71704;44238;43412;44267;44260;44237;9987;5737;44424;5622;4842;19787;16740;8270;46914;46872;43169;43167	751	2005	3702.5	6654	1281	2943.5	6055.5	4020	1133	1626.5	9015.5	3422.5	7498	7448.5	8512	7782	5561	6085	6056.5	2496	5637	6512.5	5171.5	2166	99142.5	4.957.125
ORTHO001885	homolog of yeast autophagy 18 (ATG18) G	AT1G03380;AT1G54710	5774;44437;44444;44424;44464;5575;5623;5622;5737;44446;44422;43226;43229;5773;43231;43227;98588;31090;16020;98805;15031;45184;51234;51179;8150;8104;33036;71702;6810;6914;44248;9056;8152;44237;9987;42594;31667;9991;9605;50896;6950;34045;407;3674;5634	752	523	1342.75	1933.5	672.5	7278	1500	175.5	3404.5	52.5	669	6482	1352	5142.5	841.5	508.5	8604.5	8998.5	5589.5	2156.5	3135	8398	2239	5601	72128	3606.4
ORTHO006460	LisH and RanBPM domains containing protein	AT1G61150	5634;43231;43227;43226;5575;43229;44424;44464;5623;5622;3674;8150	753	1285	2999	5245	1066.5	2672	360	3381	9052	4831.5	4628.5	2851	7498	7536	8512	797.5	7943.5	8815	5347.5	1764.5	2343	6512.5	4224.5	2166	91236	4561.8
ORTHO001360	Protein kinase superfamily protein	AT3G44850;AT3G53030;AT5G22840	5634;43231;43227;43226;5575;43229;44424;44464;5623;5622;6468;16310;6796;6793;44237;8152;8150;9987;6464;36211;19538;43170;71704;44238;43412;44267;44260;4674;4672;16301;16772;16740;3824;3674;16773;9506;5911;30054;55044;5524;35639;1901265;1901363;5488;97159;43168;43167;32559;30554;17076;166;36094;32555;32553;97367;32550;32549;1882;1883;6979;6950;50896	754	814	2156.5	3559	672.5	476	6572	1484	149	7407.5	69	6393	8993.5	7850	6444.5	2080.5	7788.5	8645	1827	2593.5	1185	9056	2901	365.5	82280.5	4.114.025
ORTHO003639	Pyridoxamine 5'-phosphate oxidase family protein	AT1G51560;AT3G21140	55114;44710;8152;8150;44699;10181;50662;48037;5488;3674;43168;43167;32553;97367;166;36094;1901265;1901363;97159;16491;3824;5634;43231;43227;43226;5575;43229;44424;44464;5623;5622;9507;9536;44444;5737	755	317	582.5	410	672.5	7516.5	210	4345	867	402.5	271.5	1070.5	1352	7343.5	8942.5	267	1048	6854.5	459	78	662.5	1827.5	5649	1263	50429.5	2.521.475
ORTHO002073	alpha-mannosidase 1	AT1G51590;AT3G21160	5802;98791;44431;44444;44424;44464;5575;5623;5622;5737;44446;44422;43226;43229;5794;43231;43227;12505;31984;6491;9311;44723;5975;71704;8152;8150;44238;44710;44699;6487;6486;44763;9987;6464;36211;19538;43170;43412;44267;44260;44237;43413;70085;9101;9100;1901135;34645;9059;1901576;9058;44249;1901137;139;98588;31090;16020;48364;44767;32502;48513;48856;48731;7275;44707;32501;22622;5768;5783;4571;15924;4559;15923;4553;16798;16787;3824;3674;5886;71944	756	1032	877	998	4356	451.5	4872.5	676	931	502	354.5	998	7963	4736	6464.5	1830	7721	6145	3553	3085	7166	2213.5	689	2046	62397.5	3.119.875
ORTHO003323	unknown protein	AT2G20080;AT4G28840	45892;1903507;1903506;2001141;31326;9889;19222;50789;65007;8150;31323;50794;51252;19219;80090;51171;60255;10556;1902679;51253;10605;9892;48519;45934;51172;31324;48523;31327;9890;10558;10629;10468;6355;2000112;2000113;5515;5488;3674;5634;43231;43227;43226;5575;43229;44424;44464;5623;5622;48366;48827;48856;32502;48367;44767;44699;48731;7275;44707;32501	757	2026	2536.75	4316.5	4356	7030	739	1780.5	1430.5	210.5	1810	6120	4071	7779.5	8793	7782	6099.5	6388.5	7353.5	971	864.5	6952	7667.5	2623	86465.5	4.323.275
ORTHO001861	related to ABI3/VP1 1	AT1G13260;AT1G25560;AT1G68840	9873;160;35556;7165;50794;50789;65007;8150;51716;9987;50896;7154;44763;44699;44700;23052;9755;32870;9725;9719;10033;42221;71495;71310;70887;71369;9723;5634;43231;43227;43226;5575;43229;44424;44464;5623;5622;3700;1071;3674;2001141;31326;9889;19222;31323;51252;19219;80090;51171;60255;10556;6355;1903506;10468;2000112;3677;3676;1901363;5488;97159;48527;48528;9791;44767;32502;44707;32501;7275;48364;48513;48856;48731;22622;48569;45892;1903507;1902679;51253;10605;9892;48519;45934;51172;31324;48523;31327;9890;10558;10629;2000113;48366;48827;48367;9741;14070;33993;97305;1901700;6351;34645;44260;43170;71704;8152;44237;9059;1901576;9058;44249;97659;32774;16070;90304;6139;46483;6725;1901360;34641;6807;44238;34654;19438;44271;18130;1901362;10467;9910;48581;48580;2000026;50793;51239;51241;51093;2000242;2000241;9909;48831;48573;9648;9416;9314;9628;10228;3006;22414;48608;61458	758	2285	3113	5468	4356	3232	3758	7084	4014	4106	8924.5	7968.5	3904	6764.5	8240.5	2476	1482.5	5720	1748	4527	4321	5376	5171.5	3565	92383	4619.15
ORTHO000424	Leucine-rich repeat protein kinase family protein	AT1G50610;AT2G07040;AT3G20190;AT4G31250;AT5G35390	4674;4672;16301;16772;16740;3824;3674;8152;8150;16310;6796;6793;44237;9987;16773;6468;6464;36211;19538;43170;71704;44238;43412;44267;44260;5524;35639;1901265;1901363;5488;97159;43168;43167;32559;30554;17076;166;36094;32555;32553;97367;32550;32549;1882;1883;80092;43900;50789;65007;10769;22604;22603;50793;51128;50794;60284;45595;51239;2000241;51510;1558;40008;48638;5886;16020;5575;44464;5623;71944;7169;7167;7166;7165;51716;50896;7154;44763;44699;44700;23052;9860;44702;22414;904;902;32989;16043;71840;9653;32502;48856;48869;44767;48468;30154;3006;48588;48589;40007;16049;9932;9826;60560;48868;9856;44703;51704;44706;32501;90406;42995;9846;44707;5576;4675;19199;4888;38023;4871;60089;4872;7178;9755;32870;9725;9719;10033;42221;71495;71310;70887;45177;16324;98590;44459;44425;98589;98805;46777;9506;5911;30054;55044;1653;31625;44389;19899;5515	759	160	458.5	158	141	138	274.5	188	196	295	397.5	93	1352	8704	8927.5	1073.5	1962.5	6737.5	335.5	87	7386	1154	859	1106.5	41267	2063.35
ORTHO002869	Remorin family protein	AT1G45207	5886;16020;5575;44464;5623;71944;8150;3674;5634;43231;43227;43226;43229;44424;5622	760	2228	1361	1962	1281	994.5	1881	6978.5	597.5	1028.5	1623	7849	6731.5	4415.5	6092	6712.5	935.5	5221.5	4328.5	4392	4384	2112.5	4500.5	1546.5	72324.5	3.616.225
ORTHO000351_1	extra-large G-protein 1	AT2G23460;AT4G34390	10555;9743;10033;42221;50896;8150;1901700;5634;43231;43227;43226;5575;43229;44424;44464;5623;5622;5886;16020;71944;46872;43169;43167;5488;3674;3924;17111;16462;16818;16817;16787;3824;8152;5525;35639;1901265;1901363;97159;43168;32550;32549;1882;36094;97367;1883;32561;19001;17076;166;32555;32553;7188;7187;7186;7165;50794;50789;65007;51716;9987;7154;44763;44699;44700;23052;9750;9746;34284;9744;34285;31234;19897;44459;44425;19898;9898;98562;98552;1664;5102;5515;9749;9737;9725;9719;33993;97305;1101;4871;60089;31683;32403;44877;5834;1902494;43234;32991;98797;98796;2000067;22603;50793;2000280;2000026;51239;9617;51707;43207;9605;9607;51704;42742;98542;6952;6950	761	645	625.5	490	672.5	6739	7203.5	4183	344	674	319	907	1352	4727.5	6378.5	508.5	630	5992	436.5	399	5903.5	2328.5	1361	1906.5	52293	2614.65
ORTHO003279	Nodulin MtN21 /EamA-like transporter family protein	AT5G47470	5886;16020;5575;44464;5623;71944;22857;5215;3674;6810;51234;51179;8150;55085;44763;9987;44699;44765;1902578	762	835	508.5	255	672.5	2446.5	5486.5	805.5	460	642.5	621.5	1471	1352	4706.5	6378.5	508.5	2970.5	6265.5	4830.5	1992	696.5	1910	1361	691.5	45596.5	2.279.825
ORTHO003857	Transcription elongation factor (TFIIS) family protein	AT5G05140	5634;43231;43227;43226;5575;43229;44424;44464;5623;5622	763	1095	1479	2195	4356	7116	7371.5	765	460	2472.5	621.5	5631.5	8754.5	7343.5	8995	2476	8948	6784	658	662	1091.5	488.5	279.5	2940	73858.5	3.692.925
ORTHO002080	SH3 domain-containing protein	AT4G34660	5829;44444;44424;44464;5575;5623;5622;5737;30276;5515;5488;3674;8150	764	729	2780	4796	672.5	7207	5545	5813.5	3340.5	8319	4622	4239	8306	6542.5	8203.5	797.5	7582.5	8097	2568.5	2059.5	408.5	3609.5	910.5	831.5	89003	4450.15
ORTHO003642	Phototropic-responsive NPH3 family protein	AT1G52770;AT3G15570	4871;60089;3674;7165;50794;50789;65007;8150;51716;9987;50896;7154;44763;44699;44700;23052;9416;9314;9628;5886;16020;5575;44464;5623;71944	765	1481	670	575	1449.5	7116	6395	1823.5	6584	1876	982	2851	1352	4295.5	5596.5	1144	3067	1780	257	3288	538	1910	3259.5	209.5	54324.5	2.716.225
ORTHO002266	calcineurin B-like 3	AT4G26570;AT5G55990	9705;5774;44437;44444;44424;44464;5575;5623;5622;5737;44446;44422;43226;43229;5773;43231;43227;98588;31090;16020;98805;325;5513;9593;51606;50896;8150;42221;51592;10038;10035;5509;46872;43169;43167;5488;3674;5515;5886;71944;55075;55067;98771;50801;48878;42592;65008;65007;55080;55065;22626;44445;5829;5840;30529;32991;43232;43228;19722;19932;35556;7165;50794;50789;51716;9987;7154;44763;44699;44700;23052	766	935	532	298	365.5	8980.5	575	1114.5	522.5	2670	5407.5	7898.5	1352	4718.5	6378.5	508.5	2123.5	1227	241.5	270.5	740.5	1407.5	591	669.5	47397	2369.85
ORTHO003611	C2H2-type zinc finger family protein	AT1G02040	3700;1071;3674;2001141;31326;9889;19222;50789;65007;8150;31323;50794;51252;19219;80090;51171;60255;10556;6355;1903506;10468;2000112;5634;43231;43227;43226;5575;43229;44424;44464;5623;5622;8270;46914;46872;43169;43167;5488;3676;1901363;97159	767	787	2437.25	4107.5	365.5	5650.5	6021	1484	2301	930.5	1483.5	4467	9103	4948.5	599	508.5	793	8139	5128	4331	8990	8942	9093.5	2501.5	85414.5	4.270.725
ORTHO004275	DNAJ heat shock family protein	AT3G62600	52033;52169;52167;52553;52552;52564;52173;51707;43207;9605;50896;8150;9607;51704;44403;44419;52255;31347;80134;48583;50789;65007;51817;35821;65008;50776;2682;52572;52200;75136;51701;52031;44003;52306;52308;52257;52305;52510;31349;48584;48518;45089;45088;50778;2684;52555;52166;52509;52556;51082;5515;5488;3674;5783;43231;43227;43226;5575;43229;44424;44464;5623;5622;44444;5737;12505;5788;70013;43233;31974;44422;44446;44432;6457;9987;5886;16020;71944	768	937	685.5	603	4356	80.5	1474	446.5	123.5	607.5	241.5	7807.5	1352	4746.5	6537	1830	3183	6330	3857.5	4297.5	218	5059	4806.5	2229	55227	2761.35
ORTHO002255	zinc finger protein 8	AT2G41940;AT3G58070	3676;1901363;5488;3674;97159;8270;46914;46872;43169;43167;44212;975;3677;1067;10026;30154;48869;44767;32502;8150;44699;44763;9987;90558;9888;48856;6355;1903506;2001141;31326;9889;19222;50789;65007;31323;50794;51252;19219;80090;51171;60255;10556;10468;2000112;5634;43231;43227;43226;5575;43229;44424;44464;5623;5622;3700;1071;6351;34645;44260;43170;71704;8152;44237;9059;1901576;9058;44249;97659;32774;16070;90304;6139;46483;6725;1901360;34641;6807;44238;34654;19438;44271;18130;1901362;10467;7275;44707;32501;10091;904;902;32989;16043;71840;9653;48468;10090;90626;9739;9725;9719;50896;10033;42221;33993;1101;1901700	769	2113	1138	1507	1689.5	2672	6430	1013.5	1625	1926.5	4237	679.5	1352	8627	8638.5	2476	6027	7446.5	6327	1343.5	1012	3111.5	1453	1906.5	68304	3415.2
ORTHO001574	Ribosomal protein S3Ae	AT3G04840;AT4G34670	22626;44445;44444;44424;44464;5575;5623;5622;5737;5829;5840;30529;32991;43232;43228;43226;43229;6412;43043;43604;43603;34641;6807;8152;8150;44237;9987;44271;44249;9058;6518;1901564;71704;1901566;1901576;44267;19538;43170;44238;44260;34645;9059;10467;3735;5198;3674;22627;15935;44391;44446;44422;5886;16020;71944;9506;5911;30054;55044;9507;9536;43231;43227;5618;30312;5730;44428;5634;31981;70013;43233;31974	770	1739	1388.5	2007	5265	3511	5345.5	3769	8178.5	4629	1312.5	4351.5	7031	7213.5	8093.5	1175.5	1997.5	4253	824.5	3208	3435.5	3503.5	403.5	372.5	72608.5	3.630.425
ORTHO003841	ETHYLENE-INSENSITIVE3-like 3	AT1G73730	9970;9267;31669;31667;9991;9605;50896;8150;31668;51716;9987;71496;7154;44763;44699;42594;6950;33554;3700;1071;3674;2001141;31326;9889;19222;50789;65007;31323;50794;51252;19219;80090;51171;60255;10556;6355;1903506;10468;2000112;6351;34645;44260;43170;71704;8152;44237;9059;1901576;9058;44249;97659;32774;16070;90304;6139;46483;6725;1901360;34641;6807;44238;34654;19438;44271;18130;1901362;10467;71281;10039;10038;10035;42221;1990267;71248;71241;70887;3677;3676;1901363;5488;97159;42762;5634;43231;43227;43226;5575;43229;44424;44464;5623;5622;9873;160;35556;7165;44700;23052;9755;32870;9725;9719;10033;71495;71310;71369;9723	771	962	603.5	436	4356	3114.5	398	251.5	2684.5	3706.5	435.5	1658	1352	9175	7844	1127.5	1670.5	7181.5	4205.5	78	132	3222.5	2341	514	51092	2554.6
ORTHO001822	NAD(P)-binding Rossmann-fold superfamily protein	AT2G05990	4318;4312;16747;16746;16740;3824;3674;8152;8150;16628;16627;16491;55114;44710;44699;5835;43234;32991;5575;44445;44444;44424;44464;5623;5622;5737;5829;9579;9507;9536;43231;43227;43226;43229;9941;9526;31967;31975;44446;44422;44435;44434;5507;46914;46872;43169;43167;5488;6633;72330;46394;16053;6082;71704;44281;44763;9987;44237;44283;44711;9058;1901576;44249;19752;43436;32787;6631;44255;6629;44238;8610;9570;9532;16631	772	267	521	270	672.5	2672	4638.5	63.5	105.5	821	4188.5	2937.5	1352	4905.5	6484	797.5	1000	7408	490.5	1869	389	889.5	3090	2003.5	46105	2305.25
ORTHO001150	myb domain protein 14	AT2G31180;AT3G23250	3682;44877;5488;3674;9651;6970;9628;50896;8150;6950;9753;9725;9719;10033;42221;1101;1901700;3700;1071;2001141;31326;9889;19222;50789;65007;31323;50794;51252;19219;80090;51171;60255;10556;6355;1903506;10468;2000112;5634;43231;43227;43226;5575;43229;44424;44464;5623;5622;3677;3676;1901363;97159;9751;14070;9723;9733;10200;10243;1901698;46686;10038;10035	773	2168	2950	5127	4356	8198	5105.5	4312	1042.5	7183	8984.5	2000.5	1352	7448.5	8512	2476	562	5886.5	1655.5	4131	5637	6512.5	5762.5	3920	90681.5	4.534.075
ORTHO001506	indeterminate(ID)-domain 7	AT1G55110;AT3G13810	5634;43231;43227;43226;5575;43229;44424;44464;5623;5622;3676;1901363;5488;3674;97159;46872;43169;43167;6355;1903506;2001141;31326;9889;19222;50789;65007;8150;31323;50794;51252;19219;80090;51171;60255;10556;10468;2000112;3677;6351;34645;44260;43170;71704;8152;44237;9987;9059;1901576;9058;44249;97659;32774;16070;90304;6139;46483;6725;1901360;34641;6807;44238;34654;19438;44271;18130;1901362;10467;8270;46914;3700;1071	774	1564	2407.5	4041	4356	726.5	8364	1484	8509.5	502	1981	6651.5	1352	4969	511.5	1429.5	8562.5	7910.5	2066	1160.5	9120	8454	2669.5	8615.5	85039	4251.95
ORTHO002327	Plant protein of unknown function (DUF868)	AT5G28150	8150;5634;43231;43227;43226;5575;43229;44424;44464;5623;5622	775	1513	1082	1389	4356	1089	575	563	867	2284	513.5	181.5	8519	8396.5	9140	2476	630	7117	8380.5	68.5	80	7147.5	1991	7223	67242	3362.1
ORTHO001432	unknown protein	AT1G18620;AT1G74160	5634;43231;43227;43226;5575;43229;44424;44464;5623;5622;3674;8150;9506;5911;30054;55044	776	1699	2852.5	4929	1281	3870	7529.5	1823.5	1430.5	1842.5	2539	705.5	8675.5	5175	693	6712.5	1581	8023	2014	2765	8580	8604	9012	8111.5	89687	4484.35
ORTHO005007	Protein kinase superfamily protein	AT1G62400	6468;16310;6796;6793;44237;8152;8150;9987;6464;36211;19538;43170;71704;44238;43412;44267;44260;4712;4672;16301;16772;16740;3824;3674;16773;10119;50794;50789;65007;5515;5488;5634;43231;43227;43226;5575;43229;44424;44464;5623;5622	777	590	1717	2657	672.5	3878.5	2528	3504.5	3610	1003.5	4853	3983	9130	4899	511.5	1429.5	693.5	8906.5	2688	2986	1552.5	8989.5	9110.5	2850	77107	3855.35
ORTHO003184	Aluminium induced protein with YGL and LRDR motifs	AT3G22850;AT5G43830	6541;9064;1901605;6520;1901564;71704;8152;8150;6807;19752;43436;6082;44281;44710;44699;44763;9987;44237;44238;5829;44444;44424;44464;5575;5623;5622;5737;5886;16020;71944;9737;9725;9719;50896;10033;42221;33993;97305;1901700;1101;5634;43231;43227;43226;43229;5515;5488;3674	778	592	1008.5	1239	248.5	133.5	822.5	641	2202	4496.5	2402	6120	1352	4948.5	599	508.5	2049.5	8222	8782	662	1698	8879	8405	2501.5	65424.5	3.271.225
ORTHO000564_1	ATP binding microtubule motor family protein	AT3G50240;AT5G47820	3777;3774;17111;16462;16818;16817;16787;3824;3674;8152;8150;5874;44430;44446;44422;5575;43226;44424;44464;5623;5622;43229;5856;43232;43228;43234;32991;15630;5634;43231;43227;10215;30198;43062;16043;71840;9987;44763;44699;71668;70726;22607;44085;71555;45229;71554;42546;9664;71669;9832;5737;55028;44448;44444;5938;71944;5881;30981;30863;8574;16887	779	1614	2900	5021	4356	8412.5	5105.5	8233.5	3392	2799	4593.5	6287.5	1352	5972.5	5034.5	797.5	867	7728	1862	3721.5	2701	8814.5	8827.5	3635.5	90137	4506.85
ORTHO005622	Zinc finger (CCCH-type) family protein	AT1G32360	3700;1071;3674;2001141;31326;9889;19222;50789;65007;8150;31323;50794;51252;19219;80090;51171;60255;10556;6355;1903506;10468;2000112;3677;3676;1901363;5488;97159;5634;43231;43227;43226;5575;43229;44424;44464;5623;5622;46872;43169;43167	780	801	2038	3296	672.5	1594	8930	8735	1234	674	8487.5	4841.5	1352	4921.5	473.5	508.5	9046.5	8340	8605.5	1043.5	3093.5	611	827.5	7508	80827	4041.35
ORTHO002504	myb domain protein 48	AT3G46130;AT5G59780	6355;1903506;2001141;31326;9889;19222;50789;65007;8150;31323;50794;51252;19219;80090;51171;60255;10556;10468;2000112;3700;1071;3674;5634;43231;43227;43226;5575;43229;44424;44464;5623;5622;6351;34645;44260;43170;71704;8152;44237;9987;9059;1901576;9058;44249;97659;32774;16070;90304;6139;46483;6725;1901360;34641;6807;44238;34654;19438;44271;18130;1901362;10467;9751;14070;10033;42221;50896;1101;1901700;3682;44877;5488;3677;3676;1901363;97159;9723;9725;9719;10200;10243;1901698;9739;33993;9753;46686;10038;10035	781	2039	1667.5	2554	4356	2672	7074.5	2114.5	635	3637.5	1211	228.5	7554	7536	8512	2476	1321	6183.5	5851	2409.5	1967.5	6612.5	6282.5	2166	76444.5	3.822.225
ORTHO001147	ribosomal protein S6	AT4G31700;AT5G10360	5634;43231;43227;43226;5575;43229;44424;44464;5623;5622;9506;5911;30054;55044;9507;9536;44444;5737;3735;5198;3674;22627;15935;44391;30529;32991;44446;44422;5840;43232;43228;44445;5829;22626;16020;6412;43043;43604;43603;34641;6807;8152;8150;44237;9987;44271;44249;9058;6518;1901564;71704;1901566;1901576;44267;19538;43170;44238;44260;34645;9059;10467;5730;44428;31981;70013;43233;31974;42274;22613;44085;71840;42254;6364;34470;34660;16070;90304;6139;46483;6725;1901360;6396;16072;40007;5886;71944;5739;9793;44702;22414;44699;3006;32502;9790;44767;48856;7275;44707;32501;48316;48608;61458;48731;9791;10154;9735;9725;9719;50896;10033;42221	782	1744	1266	1750	4356	3489.5	512	8926	280	7298.5	5157	5257	1352	8418.5	7619.5	1307	7698.5	7181.5	948.5	1356.5	1357.5	1026	320	926.5	70432	3521.6
ORTHO002033	hydroxymethylglutaryl-CoA synthase / HMG-CoA synthase / 3-hydroxy-3-methylglutaryl coenzyme A synthase	AT4G11820	4421;46912;16746;16740;3824;3674;8152;8150;5739;43231;43227;43226;5575;43229;44424;44464;5623;5622;44444;5737;16126;16125;6066;1901615;71704;44281;44710;44699;8202;1901360;6629;44238;46165;1901617;1901576;9058;44283;44711;6694;1901362;8610;5829;19287;6084;6637;6732;51186;44237;9987;35383;6790;6793;9240;46490;6644;19637;44255;44763;6796;8654;90407;44249;8299;6720;9506;5911;30054;55044	783	789	392.5	2	672.5	257.5	99	45	210.5	103.5	86	140	2717.5	138	136.5	335	2804.5	1180.5	2286.5	7	72	468	1203	417	12707	635.35
ORTHO001827	MD-2-related lipid recognition domain-containing protein / ML domain-containing protein	AT3G11780;AT3G44100;AT5G06480	5576;5575;3674;5773;43231;43227;43226;43229;44424;44464;5623;5622;44444;5737;8150;31225;31224;44425;16020;5618;30312;71944;9507;9536	784	1462	690	596	4356	3632	2080	4183	239.5	1926.5	669	1510.5	6895.5	4486	6192.5	508.5	4135	5221.5	732	4473	569	2433.5	3561.5	1644	55092.5	2.754.625
ORTHO003065	adenosine kinase	AT2G37250	5739;43231;43227;43226;5575;43229;44424;44464;5623;5622;44444;5737;48367;44767;32502;8150;44699;48731;48856;7275;44707;32501;48364;48513;22622;5524;35639;1901265;1901363;5488;3674;97159;43168;43167;32559;30554;17076;166;36094;32555;32553;97367;32550;32549;1882;1883;9570;9532;44435;44446;44422;9536;44434;9507;19201;19205;16301;16772;16740;3824;8152;16310;6796;6793;44237;9987;46939;9117;6753;19637;71704;55086;6139;46483;6725;1901360;34641;6807;44238;44281;44710;44763;5634;8652;46394;16053;6082;44283;44711;9058;1901576;44249;19752;43436;6520;1901564;1901566;4017;16776	785	1976	1913	3041	4356	1089	6858.5	917.5	298	295	1623	1576.5	8306	7954.5	8968.5	2476	1798	6737.5	7712	4258.5	7489.5	6512.5	1555.5	2940	79366	3968.3
ORTHO002527	acyl-CoA binding protein 4	AT3G05420;AT5G27630	5829;44444;44424;44464;5575;5623;5622;5737;8289;5488;3674;5515;6869;44765;6810;51234;51179;8150;1902578;44699;71702;10876;33036;9753;9725;9719;50896;10033;42221;1101;1901700;9416;9314;9628;5634;43231;43227;43226;43229;62;50662;48037;1901681;43168;43167;9723;1666;36293;70482;6950	786	1544	1332	1878	4356	7658.5	3129.5	1780.5	460	1626.5	3526	818.5	1352	5667.5	1184.5	1830	2329.5	7801.5	8694.5	6197.5	2604.5	8368.5	2617	4060.5	71707	3585.35
ORTHO004832	INVOLVED IN: biological_process unknown	AT4G11910;AT4G22920	55035;42651;34357;16020;5575;44436;44424;44464;5623;5622;9579;44435;44444;5737;44446;44422;43226;43229;9536;43231;43227;31976;31984;9507;1903647;10271;90056;51193;31323;50794;50789;65007;8150;19222;1901401;51171;1901404;31329;9894;1901405;31330;9895;9892;48519;31324;48523;1901402;51172;51195;9535;44434;9534;5515;5488;3674;15996;6787;51187;51186;44237;8152;9987;44248;9056;6778;33013;46483;6725;1901360;71704;1901564;6807;33015;19439;44270;34641;1901361;1901575;1901565;46700;44763;44699;46149;44712;44710;42440;15994	787	984	1138	1489	365.5	133.5	107	3450	255	1926.5	582	6808	3684	6369.5	6054.5	2080.5	2384.5	8702.5	8364.5	681.5	2919	9162	4414.5	56.5	68135.5	3.406.775
ORTHO004424	sterol-4alpha-methyl oxidase 1-1	AT4G12110;AT4G22756	80064;34440;30258;44255;6629;71704;8152;8150;44710;44699;44238;44763;9987;44237;55114;16021;31224;44425;5575;16020;5789;98588;31090;44422;43226;43227;44432;44444;44424;44464;5623;5622;5737;44446;43229;5783;43231;12505;42175;6633;72330;46394;16053;6082;44281;44283;44711;9058;1901576;44249;19752;43436;32787;6631;8610;3824;3674;5506;46914;46872;43169;43167;5488;16126;16125;6066;1901615;8202;1901360;46165;1901617;6694;1901362;254;16709;16705;16491;4497	788	1190	3065	5342	1066.5	746.5	8616.5	2392	1839.5	2752	5973.5	6240	4168.5	5318	1016	508.5	935.5	7659.5	7831	5929.5	8496	8454	8700	4174.5	91751	4587.55
ORTHO004358	hydroxyproline-rich glycoprotein family protein	AT5G65660	16021;31224;44425;5575;16020;8150;5886;44464;5623;71944;3674;5634;43231;43227;43226;43229;44424;5622	789	910	778.5	768	4356	4865.5	2234.5	4133.5	1328.5	607.5	744	1854	7258.5	4662.5	6378.5	508.5	2142.5	5824	4388	4392	4023	1179	568.5	1546.5	58639	2931.95
ORTHO000270_1	scarecrow-like 5	AT1G50600;AT2G04890;AT4G17230;AT5G48150	6355;1903506;2001141;31326;9889;19222;50789;65007;8150;31323;50794;51252;19219;80090;51171;60255;10556;10468;2000112;5634;43231;43227;43226;5575;43229;44424;44464;5623;5622;3700;1071;3674;6351;34645;44260;43170;71704;8152;44237;9987;9059;1901576;9058;44249;97659;32774;16070;90304;6139;46483;6725;1901360;34641;6807;44238;34654;19438;44271;18130;1901362;10467;5829;44444;5737;5515;5488;10200;10243;9719;50896;10033;42221;1901698;1901700;4871;60089;7165;51716;7154;44763;44699;44700;23052;9640;9639;9416;9314;9628;9791;44767;32502;44707;32501;7275	790	880	1508	2226	4356	8214	6395	4503	702.5	1604.5	865	6100	1352	6764.5	8726.5	2476	450	6505.5	1189.5	419.5	1026	6512.5	5617	4678.5	74101.5	3.705.075
ORTHO003196	SAUR-like auxin-responsive protein family	AT3G43120;AT5G20810	9733;9725;9719;50896;8150;10033;42221;5516;5515;5488;3674;5634;43231;43227;43226;5575;43229;44424;44464;5623;5622;5777;42579;44444;5737	791	1450	1526	2261	4356	8095.5	575	4424	8307	5434	1144	2937.5	1352	7699.5	8638.5	797.5	3183	6440	1164.5	493	1026	5434	4843.5	2382	74370.5	3.718.525
ORTHO003708	Cox19-like CHCH family protein	AT3G06310;AT5G18800	5747;45271;30964;98796;43234;32991;5575;44425;16020;1990204;1902494;44464;5623;98803;70469;98800;98798;44429;44444;44424;5622;5737;44446;44422;43226;43229;5739;43231;43227;44455;31966;31090;5740;31967;31975;5743;19866;5746;6120;22904;22900;6091;44237;8152;8150;9987;55114;44710;44699;44763;45333;15980;42775;42773;6119;16310;6796;6793;46034;9150;6163;72521;46483;6725;1901360;71704;34641;6807;1901564;9117;6753;19637;55086;6139;44238;44281;9259;19693;1901135;9167;9161;9123;9126;9205;9144;9141;9199;46128;9119;9116;1901657;42278;5758;31970;31974;8137;50136;3954;16651;16491;3824;3674;16655;9536;9507	792	1608	643	494	4356	4454	5048.5	4214	2541	555.5	621.5	1471	1352	4560	6280	1830	935.5	5221.5	732	3013.5	593.5	3026	4264	1825	52538.5	2.626.925
ORTHO004384	related to AP2 4	AT1G78080	6355;1903506;2001141;31326;9889;19222;50789;65007;8150;31323;50794;51252;19219;80090;51171;60255;10556;10468;2000112;9736;9755;7165;51716;9987;50896;7154;44763;44699;44700;23052;32870;9725;9719;10033;42221;71495;71310;70887;71368;9735;10017;71489;9639;9416;9314;9628;71482;71478;71214;5634;43231;43227;43226;5575;43229;44424;44464;5623;5622;5515;5488;3674;6351;34645;44260;43170;71704;8152;44237;9059;1901576;9058;44249;97659;32774;16070;90304;6139;46483;6725;1901360;34641;6807;44238;34654;19438;44271;18130;1901362;10467;6970;6950;9414;9415;1101;10035;1901700;9611;71472;71470;33554;9651;45595;50793;9873;160;35556;71369;9723;3700;1071;43565;3677;3676;1901363;97159;9409;9266	793	2241	4431.5	8070	1689.5	2672	2328.5	7372.5	8053.5	855	9015.5	8178.5	7743	7536	8593.5	2476	5962.5	6265.5	6327	5002	5903.5	6714	6624.5	2229	109852	5492.6
ORTHO003362	plant intracellular ras group-related LRR 9	AT3G11330;AT5G05850	9555;48229;7275;44767;32502;8150;44699;44707;32501;48856;55046;5634;43231;43227;43226;5575;43229;44424;44464;5623;5622	794	2124	2141.5	3489	4356	8892	924	3563	9076	4949	4632.5	743.5	1352	7779.5	8638.5	2476	8562.5	7117	2437	2534.5	635.5	3955.5	1453	2229	81950	4097.5
ORTHO005750	CDK-activating kinase 1AT	AT4G28980	4693;97472;4672;16301;16772;16740;3824;3674;8152;8150;16310;6796;6793;44237;9987;16773;6468;6464;36211;19538;43170;71704;44238;43412;44267;44260;51726;50794;50789;65007;4674;19912;30295;19209;19207;30234;98772;50790;19222;65009;42325;19220;51174;31323;8047;43085;44093;9893;48518;42327;45937;10562;31325;48522;19887;45859;43549;51338;1932;31399;32268;51246;80090;60255;32147;45860;1934;31401;32270;51247;10604;33674;51347;1904031;1904029;32465;10564;51302;8353;5515;5488;10078;10074;19827;44767;32502;44699;44707;32501;98727;10073;48507;9888;48856;48513;48731;7275;10015;9653;48364;22622;5737;44424;44464;5575;5623;5622;5524;35639;1901265;1901363;97159;43168;43167;32559;30554;17076;166;36094;32555;32553;97367;32550;32549;1882;1883;5829;44444;79;71900;5634;43231;43227;43226;43229	795	1299	2303.5	3812	1066.5	8600	6099.5	3284.5	3991.5	2770	169.5	3108	1352	8123.5	9073.5	1073.5	8269	8963	2696.5	2289	3271	6077	1263	3179.5	83653.5	4.182.675
ORTHO001873	expansin A1	AT1G69530;AT2G03090	5576;5575;9664;71555;45229;16043;71840;8150;9987;71554;71669;9826;902;32989;9653;32502;48856;48869;44767;44699;44763;60560;48589;40007;16049;9828;9827;42545;10114;9639;9416;9314;9628;50896;9739;9725;9719;10033;42221;33993;1101;1901700;5618;30312;44464;5623;71944;9505;10119;50794;50789;65007;6949;48646;16020;9831;42547;9825	796	2365	1187	1578	4356	3466.5	3758	1389	5851.5	266	5481.5	2197	1352	6971	8429	2476	3891.5	5824	1748	4331	1889.5	3111.5	2495	3920	68848	3442.4
ORTHO003761	ChaC-like family protein	AT4G31290;AT5G26220	5737;44424;44464;5575;5623;5622;3674;8150;10288;10038;10035;42221;50896;46686	797	959	756.5	716	672.5	3593	6283.5	1289.5	931	2591.5	5351	5600.5	7189	4662.5	6331.5	508.5	630	5569	418	549.5	684	1985	2884	627	57678	2883.9
ORTHO001024	KH domain-containing protein / zinc finger (CCCH type) family protein	AT3G12130;AT5G06770	3700;1071;3674;2001141;31326;9889;19222;50789;65007;8150;31323;50794;51252;19219;80090;51171;60255;10556;6355;1903506;10468;2000112;3676;1901363;5488;97159;5634;43231;43227;43226;5575;43229;44424;44464;5623;5622;46872;43169;43167;3677;3723;5737	798	1363	1822.5	2847	1442.5	6739	7378.5	2545	1625	1028.5	2992.5	5795.5	8898	5175	551	1239.5	4942.5	7181.5	1051.5	2534.5	2250	8398	4451.5	3366.5	78143.5	3.907.175
ORTHO003386	cyclase associated protein 1	AT4G34490	9826;902;32989;16043;71840;8150;9987;9653;32502;48856;48869;44767;44699;44763;60560;48589;40007;16049;30036;30029;7010;6996;1902589;3779;8092;5515;5488;3674;5829;44444;44424;44464;5575;5623;5622;5737;5886;16020;71944	799	514	756	713	672.5	2920.5	512	563	553.5	2235	982	3775.5	1352	9119	6728	976.5	2398.5	7273.5	857	1343.5	8618.5	4780.5	1523.5	1090.5	57602.5	2.880.125
ORTHO000668_1	Enolase	AT2G36530	48046;5576;5575;5886;16020;44464;5623;71944;6355;1903506;2001141;31326;9889;19222;50789;65007;8150;31323;50794;51252;19219;80090;51171;60255;10556;10468;2000112;6096;6090;32787;19752;43436;6082;71704;8152;44281;44710;44699;44763;9987;44237;44724;44712;9056;44723;5975;44238;16052;1901575;6757;6091;46031;9150;6163;72521;46483;6725;1901360;34641;6807;1901564;9117;6753;19637;6793;55086;6139;6796;9259;19693;1901135;9179;9185;9132;9135;9167;9161;9123;9126;46128;9119;9116;1901657;42278;46034;9205;9144;9141;9199;6165;46939;16310;46496;19362;6733;6732;51186;72524;287;46872;43169;43167;5488;3674;4634;16836;16835;16829;3824;3677;3676;1901363;97159;15;1902494;43234;32991;44445;44444;44424;5622;5737;5829;5507;46914;9737;9725;9719;50896;10033;42221;33993;97305;1901700;1101;5740;44429;44446;44422;43226;43229;5739;43231;43227;31967;31975;9507;9536;9409;9266;9628;6950;9506;5911;30054;55044;9651;6970;6351;34645;44260;43170;9059;1901576;9058;44249;97659;32774;16070;90304;34654;19438;44271;18130;1901362;10467;46686;10038;10035;9416;9314;5634	800	1471	1708.5	2617	4356	9087	6529.5	291	1753	674	3831.5	1198.5	8519	6047	6192.5	2080.5	831.5	4747.5	1537.5	606	2294	8763	8405	3447.5	76835.5	3.841.775
ORTHO002320	phosphofructokinase 5	AT2G22480	6096;6090;32787;19752;43436;6082;71704;8152;8150;44281;44710;44699;44763;9987;44237;44724;44712;9056;44723;5975;44238;16052;1901575;6757;6091;46031;9150;6163;72521;46483;6725;1901360;34641;6807;1901564;9117;6753;19637;6793;55086;6139;6796;9259;19693;1901135;9179;9185;9132;9135;9167;9161;9123;9126;46128;9119;9116;1901657;42278;46034;9205;9144;9141;9199;6165;46939;16310;46496;19362;6733;6732;51186;72524;46872;43169;43167;5488;3674;5524;35639;1901265;1901363;97159;43168;32559;30554;17076;166;36094;32555;32553;97367;32550;32549;1882;1883;6002;5945;61695;1990234;1902494;43234;32991;5575;44445;44444;44424;44464;5623;5622;5737;5829;3872;8443;16773;16772;16740;3824;19200;16301;46835;44262;61615;9507;9536;43231;43227;43226;43229	801	516	847.5	894	672.5	686.5	1377.5	548.5	81	103.5	195.5	818.5	1352	7636	9145.5	267	8133	7073	7562	5726.5	12.5	7392.5	1235	1371.5	60717.5	3.035.875
ORTHO003268	unknown protein	AT3G49550;AT5G24610	8150;3674;5575	802	470	1267	1732	672.5	3813	3129.5	864	3404.5	3084.5	397.5	6383.5	1352	5907	4705.5	797.5	7777	8998.5	2587	1043.5	2978	8486	3299.5	1243	70251	3512.55
ORTHO003101	alpha/beta-Hydrolases superfamily protein	AT1G15490;AT1G52750;AT1G80280	16787;3824;3674;8152;8150;5737;44424;44464;5575;5623;5622	803	1479	711	619	1066.5	3125	2234.5	4163.5	2628	1409.5	669	1576.5	1352	4616	6192.5	508.5	6099.5	5221.5	2519	4392	4833.5	1228	1157	1615.5	55541	2777.05
ORTHO004508	Synaptobrevin family protein	AT1G11890	139;98588;31090;16020;5575;44422;43226;43227;44431;44444;44424;44464;5623;5622;5737;44446;43229;5794;43231;12505;5789;44432;5783;44425;42175;5886;71944;15031;45184;51234;51179;8150;8104;33036;71702;6810;5215;3674;16021;31224;16192	804	320	932	1060	672.5	16.5	5997.5	9118	3668.5	295	56	2803.5	1352	6369.5	988	136	166	9153.5	2770.5	3621.5	1391	8658.5	2877	3799.5	63238	3161.9
ORTHO003373	basic region/leucine zipper transcription factor 68	AT1G32150;AT2G35530	5634;43231;43227;43226;5575;43229;44424;44464;5623;5622;6355;1903506;2001141;31326;9889;19222;50789;65007;8150;31323;50794;51252;19219;80090;51171;60255;10556;10468;2000112;3700;1071;3674;43565;3677;3676;1901363;5488;97159;6351;34645;44260;43170;71704;8152;44237;9987;9059;1901576;9058;44249;97659;32774;16070;90304;6139;46483;6725;1901360;34641;6807;44238;34654;19438;44271;18130;1901362;10467;45893;10628;10604;9893;48518;1903508;1902680;51254;45935;31325;48522;51173;31328;9891;10557	805	484	451	97	248.5	3632	312	805.5	344	879.5	582	100.5	1352	4718.5	6378.5	508.5	1102.5	6029.5	598.5	884	3778.5	868	3049	741	36664	1833.2
ORTHO001380	ABI five binding protein 2	AT1G13740;AT1G69260;AT3G29575	5515;5488;3674;5634;43231;43227;43226;5575;43229;44424;44464;5623;5622;9737;9725;9719;50896;8150;10033;42221;33993;97305;1901700;1101;9414;9415;9628;10035;6950;9738;9755;7165;50794;50789;65007;51716;9987;7154;44763;44699;44700;23052;32870;71495;71310;70887;71215;71396;97306;1901701;71229	806	2316	3057.5	5309	4356	7633.5	6855	1709	8359.5	2425	865	1889	1352	7850	8893	7782	1102.5	6330	2669.5	4060.5	2000	7147.5	7818	4801	91542	4577.1
ORTHO006503	unknown protein	AT5G61040	8150;5634;43231;43227;43226;5575;43229;44424;44464;5623;5622;3674	807	2035	1235.5	1664	4356	3788.5	605.5	45	9114	8398	3136.5	1422	1352	6047	5775.5	7360.5	4054.5	8470.5	3199	2496	2098.5	561.5	646.5	1009	69580	3479
ORTHO000368_1	1-deoxy-D-xylulose 5-phosphate synthase 1	AT3G21500;AT4G15560	16114;6721;6720;44255;6629;71704;8152;8150;44710;44699;44238;44763;9987;44237;8299;8610;1901576;9058;44711;44249;8661;16744;16740;3824;3674;9507;9536;43231;43227;43226;5575;43229;44424;44464;5623;5622;44444;5737;9570;9532;44435;44446;44422;44434;52865;90407;19637;6793;1901137;1901135;52863;6796;5515;5488;19288;6090;32787;19752;43436;6082;44281;9240;46490;6644;8654;19682;6081;15995;6779;51188;51186;6778;33013;46483;6725;1901360;1901564;6807;33014;19438;44271;34641;18130;1901362;1901566;46148;42440;15994;9228;42724;42723;6767;6766;6790;72527;72528;44272;42364;9110;44283;6772;46872;43169;43167	808	328	1298	1788	672.5	2239.5	1441	517	4209	6081	1144	5780	1352	9161	7313.5	267	2415	7117	824.5	5277	6810.5	6340.5	1705	807	70801.5	3.540.075
ORTHO000996	6-phosphogluconate dehydrogenase family protein	AT2G41540;AT3G07690	46168;6072;52646;19637;71704;8152;8150;6793;44237;9987;1901135;6796;46434;1901575;9056;1901136;9331;1990204;1902494;43234;32991;5575;44464;5623;44444;44424;5622;5737;4367;16616;16614;16491;3824;3674;55114;44710;44699;51287;50662;48037;5488;166;36094;1901265;1901363;97159;5829;9413;9415;9628;50896;1101;42221;10035;1901700;6950;5975;44238;9627;9814;98542;6952;51707;43207;9605;9607;51704;45087;6955;2376	809	96	765.5	722	112	505	96	3405.5	6.5	4825.5	2402	4111	6804.5	5045.5	438.5	25.5	2506.5	9093.5	2546.5	2206.5	934.5	7441	2104	3289.5	57787.5	2.889.375
ORTHO004270	basic helix-loop-helix (bHLH) DNA-binding superfamily protein	AT1G68810	6355;1903506;2001141;31326;9889;19222;50789;65007;8150;31323;50794;51252;19219;80090;51171;60255;10556;10468;2000112;5634;43231;43227;43226;5575;43229;44424;44464;5623;5622;3700;1071;3674;46983;5515;5488;3677;3676;1901363;97159;6351;34645;44260;43170;71704;8152;44237;9987;9059;1901576;9058;44249;97659;32774;16070;90304;6139;46483;6725;1901360;34641;6807;44238;34654;19438;44271;18130;1901362;10467	810	385	1080.5	1351	3586.5	2406.5	1611.5	3421	460	52.5	195.5	7502.5	1352	5785.5	2702.5	136	1790.5	8653	2223.5	8632.5	1426	8942	7667.5	1769	66729.5	3.336.475
ORTHO003195	SAUR-like auxin-responsive protein family	AT2G45210;AT3G60690	3674;5739;43231;43227;43226;5575;43229;44424;44464;5623;5622;44444;5737;9733;9725;9719;50896;8150;10033;42221;1900057;51240;48518;50789;65007;51239;1900055;2000024;48831;2000026;50793;51094;10029;1900140;48580	811	2196	713.75	616.5	5121	801	1204	7244.5	2367.5	1346	5431	4239	5066	3815.5	3936.5	2914	1155.5	1780	4830.5	832	3135	1613	3113	707	55531	2776.55
ORTHO002542	Plant protein of unknown function (DUF936)	AT1G08760	8150;3674;5575	812	357	1671	2530	672.5	2931.5	1672.5	1581	9055.5	1094.5	1144	3775.5	1352	8884.5	6639	797.5	1526.5	7151.5	967.5	5816	7672.5	5308.5	7486	1454.5	76310.5	3.815.525
ORTHO003011	Cytochrome C oxidase copper chaperone (COX17)	AT1G53030;AT3G15352	6825;41;30001;6812;6811;44765;6810;51234;51179;8150;1902578;44699;16531;16530;3674;5507;46914;46872;43169;43167;5488;5758;44429;44444;44424;44464;5575;5623;5622;5737;44446;44422;43226;43229;5739;43231;43227;31970;31974;31967;31975;5740;9617;51707;43207;9605;50896;9607;51704;9507;9536;46688;10038;10035;42221;1990267	813	504	1212.5	1612	407	3134.5	1519.5	3729.5	4387	7216	4928.5	4779	1352	4786.5	393	1132.5	1596	9028	2788	1835.5	3179	8018	4806.5	498.5	69107.5	3.455.375
ORTHO001051	regulatory component of ABA receptor 1	AT1G01360;AT5G53160	80163;43666;10921;35304;31399;32268;51246;80090;19222;50789;65007;8150;60255;31323;50794;35303;19220;51174;51336;50790;65009;9738;9755;7165;51716;9987;50896;7154;44763;44699;44700;23052;32870;9725;9719;10033;42221;71495;71310;70887;71215;9737;33993;97305;1901700;1101;71396;97306;1901701;71229;10427;33293;31406;43177;36094;5488;3674;43168;43167;42562;43178;19840;8289;5515;5634;43231;43227;43226;5575;43229;44424;44464;5623;5622;4864;19888;19208;30234;98772;19212;4857;43086;44092;9892;48519;5737;4872;60089;9789;9967;9966;10646;48583;23051;10647;48522;48518;48584;23056;1901421;1901419;9787;5739;44444;5886;16020;71944	814	2430	1772	2730	1689.5	880.5	7003.5	7491.5	1753	6364	865	2038	1352	7850	8838	2476	1962.5	6265.5	1989	247	6810.5	6340.5	2412.5	4541	77480	3874
ORTHO004824	Uncharacterised protein family (UPF0497)	AT1G17200	80167;9628;50896;8150;5515;5488;3674	815	165	800	785	672.5	702	1577.5	3301	3095.5	821	4576	56	1352	8316	8572	976.5	3399	8832	8059	1869	616.5	980	728.5	1009	58838.5	2.941.925
ORTHO005156	RAB GTPase homolog B1C	AT4G17170	5525;35639;1901265;1901363;5488;3674;97159;43168;43167;32550;32549;1882;36094;97367;1883;32561;19001;17076;166;32555;32553;48235;44702;22414;8150;44699;3006;32502;30154;48869;44767;44763;9987;22412;32504;3;32501;55046;44707;9555;48229;7275;48856;48232;7276;48609;19953;44703;51704;5773;43231;43227;43226;5575;43229;44424;44464;5623;5622;44444;5737;5886;16020;71944;16049;40007;5794;12505;3924;17111;16462;16818;16817;16787;3824;8152;6888;16482;46907;6810;51234;51179;51649;51641;48193;1902582;44765;1902578;16192	816	1276	1782.5	2749	1066.5	7749.5	6630.5	765	1545.5	2524.5	2992.5	5257	4196	5059.5	693	1429.5	2452.5	7846	1989	461.5	8909	8473.5	2291.5	6281	77546.5	3.877.325
ORTHO005137	Adenine nucleotide alpha hydrolases-like superfamily protein	AT3G53990	5737;44424;44464;5575;5623;5622;16787;3824;3674;8152;8150;9409;9266;9628;50896;6950;9506;5911;30054;55044;5886;16020;71944	817	940	809.5	802	4356	2557.5	7321	1204.5	635	1003.5	5351	1576.5	3918	4379.5	6378.5	508.5	450	5824	2972	3676.5	4023	2677	3339	1546.5	59341.5	2.967.075
ORTHO003044	CONTAINS InterPro DOMAIN/s: Protein BYPASS related (InterPro:IPR008511)	AT1G22030	3674;5575;8150	818	1147	2470	4122	4356	8868.5	6700.5	3230.5	2069	4730	4902	5327.5	1352	5297	988	508.5	4942.5	8906.5	2734.5	2749	3296.5	8398	6194.5	4291.5	85486.5	4.274.325
ORTHO000441_3	histidine kinase 3	AT1G27320	16021;31224;44425;5575;16020;10029;1900140;48580;2000026;50793;50789;65007;8150;51239;9651;6970;9628;50896;6950;9414;9415;1101;42221;10035;1901700;5515;5488;3674;4673;4672;16301;16772;16740;3824;8152;16310;6796;6793;44237;9987;16773;6468;6464;36211;19538;43170;71704;44238;43412;44267;44260;16775;18106;18202;18193;16036;9267;31669;31667;9991;9605;31668;51716;71496;7154;44763;44699;42594;33554;71329;71324;34285;9743;10033;71322;71310;70887;1901701;9744;48509;42742;9617;51707;43207;9607;51704;98542;6952;70417;9409;9266;48831;9884;4888;38023;4871;60089;7165;50794;44700;23052;4872;9736;9755;32870;9725;9719;71495;71368;9735;34757;43271;51051;48519;51049;32879;43269;34756;10959;10150;10260;7568;44767;32502;48513;48856;48731;7275;44707;32501;48366;48827;48367;5789;98588;31090;44422;43226;43227;44432;44444;44424;44464;5623;5622;5737;44446;43229;5783;43231;12505;42175;71215;9737;33993;97305;71396;97306;71229;43424;19901;19900;19899;160;35556;80117;80190;40007;5886;71944;10271;90056;51193;31323;19222;1901401;51171;1901404;31329;9894;5034;10087;9888;9909;2000241	819	651	1290.5	1762	248.5	6313	5001	3869	3229.5	5785	5440	48.5	1352	6601.5	8276	797.5	7649.5	7028	778.5	748	1593.5	4169	1004	885.5	70569	3528.45
ORTHO004031	ARM repeat superfamily protein	AT3G01400;AT5G58680	5737;44424;44464;5575;5623;5622	820	805	806.5	793	672.5	3859	512	1204.5	1625	52.5	982	6981	1352	5770	2396.5	1830	450	8023	1253	1208	1536	9010	9093.5	1958.5	59096.5	2.954.825
ORTHO002708	Plant protein 1589 of unknown function	AT2G46420;AT3G61700	8150;5634;43231;43227;43226;5575;43229;44424;44464;5623;5622;3674	821	1803	1705	2589	1281	585	5974	834.5	1042.5	2124.5	5589	1576.5	4104.5	7954.5	9008.5	2476	6825	6784	7792.5	220.5	2072	6759.5	1937.5	2940	76600.5	3.830.025
ORTHO001018	Ribosomal protein S12/S23 family protein	AT5G02960	5737;44424;44464;5575;5623;5622;22626;44445;44444;5829;5840;30529;32991;43232;43228;43226;43229;6412;43043;43604;43603;34641;6807;8152;8150;44237;9987;44271;44249;9058;6518;1901564;71704;1901566;1901576;44267;19538;43170;44238;44260;34645;9059;10467;22627;15935;44391;44446;44422;3735;5198;3674	822	2343	1165.5	1509	5121	3710	6731	3218	2645.5	1155	2992.5	5572	1352	5142.5	417.5	1239.5	1000	8990.5	2742.5	2805.5	3016.5	8111.5	4773	2699.5	68314.5	3.415.725
ORTHO002938	Calcium-dependent lipid-binding (CaLB domain) family protein	AT5G55530	5634;43231;43227;43226;5575;43229;44424;44464;5623;5622;3674;8150	823	899	1552	2281	672.5	422	6478	8648.5	1328.5	1506.5	397.5	1576.5	1352	9087.5	6748	2476	1873	8080	9082.5	399	1504	8736	2341	2501.5	74538	3726.9
ORTHO003324	homeobox from Arabidopsis thaliana	AT5G06710	43565;3677;3676;1901363;5488;3674;97159;5634;43231;43227;43226;5575;43229;44424;44464;5623;5622;6355;1903506;2001141;31326;9889;19222;50789;65007;8150;31323;50794;51252;19219;80090;51171;60255;10556;10468;2000112;3700;1071;6351;34645;44260;43170;71704;8152;44237;9987;9059;1901576;9058;44249;97659;32774;16070;90304;6139;46483;6725;1901360;34641;6807;44238;34654;19438;44271;18130;1901362;10467	824	1621	745	666	4356	2999.5	360	112.5	3425	2976	110	6561.5	1352	5573	841.5	508.5	143.5	8868.5	2599.5	2033	740.5	8617.5	2341	6669	56832	2841.6
ORTHO001641	Late embryogenesis abundant protein	AT1G01470;AT2G46140	9269;9414;9415;9628;50896;8150;1101;42221;10035;1901700;6950;3674;9611;9793;44702;22414;44699;3006;32502;9790;44767;48856;7275;44707;32501;48316;48608;61458;48731;9791;10154;9644;9642;9416;9314;5829;44444;44424;44464;5575;5623;5622;5737;50832;98542;6952;51707;43207;9605;9607;51704;9620;48046;5576;5886;16020;71944	825	391	1150.5	1476	672.5	390.5	6349.5	88.5	54.5	334.5	25.5	367.5	8993.5	7850	9168	1073.5	763	8505.5	1359	2935	2086.5	8285	7818	1580.5	68028	3401.4
ORTHO001770	Protein kinase superfamily protein	AT3G57120	16301;16772;16740;3824;3674;8152;8150;16310;6796;6793;44237;9987;5886;16020;5575;44464;5623;71944	826	298	521.5	217	248.5	113	3129.5	153.5	4405.5	4150	22	21.5	1352	5210.5	599	508.5	2857.5	8953	4016	4331	431	611	700.5	2314	43879	2193.95
ORTHO005513	FUNCTIONS IN: molecular_function unknown	AT3G03160;AT5G17190	16021;31224;44425;5575;16020;5739;43231;43227;43226;43229;44424;44464;5623;5622;44444;5737;6886;15031;45184;51234;51179;8150;8104;33036;71702;6810;46907;51649;51641;34613;70727;3674;5783;12505	827	1386	1564.5	2302	4356	2710	3628.5	1389	2069	1842.5	5481.5	517.5	3964.5	7448.5	8429	2476	7982	6029.5	5220.5	4727.5	5061.5	2328.5	1361	2003.5	74670	3733.5
ORTHO002695	CBL-interacting protein kinase 7	AT3G23000;AT4G14580	5515;5488;3674;16301;16772;16740;3824;8152;8150;16310;6796;6793;44237;9987;9409;9266;9628;50896;6950;5886;16020;5575;44464;5623;71944;7165;50794;50789;65007;51716;7154;44763;44699;44700;23052;6468;6464;36211;19538;43170;71704;44238;43412;44267;44260;5524;35639;1901265;1901363;97159;43168;43167;32559;30554;17076;166;36094;32555;32553;97367;32550;32549;1882;1883;4674;4672;16773	828	2308	2676.5	4525	4356	8663	1274.5	58	2828	6785.5	804.5	7509	4052	8747	6305	2476	5962.5	8045.5	2299	2534.5	2660.5	7470	6854	2121	87449.5	4.372.475
ORTHO004765	ARM repeat superfamily protein	AT4G16490	NA	829	1179	2239	3649	4356	7877	3628.5	3405.5	183	2340	5299	3108	1352	9087.5	6867.5	797.5	2114	8625	3039	7986	3204.5	8049	2495	3289.5	82747.5	4.137.375
ORTHO000320_2	ubiquitin-specific protease 8	AT5G22030	4843;19783;8234;70011;8233;16787;3824;3674;8152;8150;6508;19538;43170;71704;44238;36459;5634;43231;43227;43226;5575;43229;44424;44464;5623;5622	830	1191	854	878	1066.5	3296	575	1204.5	3279	2799	4538.5	6171.5	6456	4415.5	6092	508.5	450	8670	1827	1869	1047	2541	3259.5	1487.5	60486.5	3.024.325
ORTHO001902	Eukaryotic aspartyl protease family protein	AT1G25510;AT3G18490	6508;19538;43170;71704;8152;8150;44238;5576;5575;9627;9814;98542;6952;6950;50896;51707;43207;9605;9607;51704;45087;6955;2376;30163;9057;1901575;9056;5783;43231;43227;43226;43229;44424;44464;5623;5622;44444;5737;12505;70001;70011;8233;16787;3824;3674;9737;9725;9719;10033;42221;33993;97305;1901700;1101;4190;4175;9414;9415;9628;10035	831	1167	2104	3377	1584.5	7430.5	2080	1204.5	1545.5	210.5	865	1854	8306	7954.5	9046	976.5	7897.5	6737.5	1051.5	6001	8850	5213.5	1157	2940	81321	4066.05
ORTHO004696	Leucine-rich repeat protein kinase family protein	AT1G12460;AT1G62950	5886;16020;5575;44464;5623;71944;6468;16310;6796;6793;44237;8152;8150;9987;6464;36211;19538;43170;71704;44238;43412;44267;44260;5524;35639;1901265;1901363;5488;3674;97159;43168;43167;32559;30554;17076;166;36094;32555;32553;97367;32550;32549;1882;1883;4674;4672;16301;16772;16740;3824;16773;7169;7167;7166;7165;50794;50789;65007;51716;50896;7154;44763;44699;44700;23052	832	1726	2219.5	3607	1281	3602.5	288.5	1389	4209	4095	4928.5	5295.5	1352	9013	6687	7782	2261.5	9022	2907	2935	3284.5	7871	2153.5	3447.5	82524	4126.2
ORTHO000739	calmodulin-binding family protein	AT3G13600;AT3G58480	5634;43231;43227;43226;5575;43229;44424;44464;5623;5622;5516;5515;5488;3674;8150	833	1188	551	269	944.5	2999.5	1985	1114.5	5994	210.5	582	2467.5	3932	4295.5	6192.5	1144	3006.5	1888	241.5	3815.5	525	2677	2764	240.5	46075	2303.75
ORTHO004688	Calcium-binding tetratricopeptide family protein	AT1G05150;AT2G32450	9506;5911;30054;5575;55044;5794;43231;43227;43226;43229;44424;44464;5623;5622;44444;5737;12505;5509;46872;43169;43167;5488;3674;5634;5886;16020;71944;8270;46914;8150;5768;5802;98791;44431;44446;44422;31984;16757;16740;3824;8152	834	652	1237.5	1641	248.5	686.5	3025	4396	6225	1842.5	982	3108	4049	6542.5	8203.5	2476	630	6505.5	3792	4258.5	1720.5	5376	4668	831.5	69318	3465.9
ORTHO004297	Protein of unknown function (DUF3049)	AT5G22390	5634;43231;43227;43226;5575;43229;44424;44464;5623;5622	835	1229	3266	5697	4356	8382	142	8976.5	224.5	5166	4863.5	6770	8675.5	5175	693	1429.5	1642	9022	3067.5	3254	3110	8566.5	7729.5	6669	93558	4677.9
ORTHO000313_1	S-adenosylmethionine synthetase 1	AT1G02500;AT3G17390;AT4G01850	9651;6970;9628;50896;8150;6950;9693;9692;43449;1900673;71704;8152;44237;9987;43450;1900674;1901576;9058;44249;5524;35639;1901265;1901363;5488;3674;97159;43168;43167;32559;30554;17076;166;36094;32555;32553;97367;32550;32549;1882;1883;6556;9108;51188;51186;6732;44272;6790;46500;6575;1901564;6807;46128;9119;9116;55086;6139;46483;6725;1901360;34641;44238;44281;44710;44699;44763;1901657;1901135;42278;72521;42398;1901566;46129;42451;9163;1901659;1901137;44711;34654;19438;44271;18130;1901362;72522;42455;4478;16765;16740;3824;5829;44444;44424;44464;5575;5623;5622;5737;5515;16020;46686;10038;10035;42221;6730;46872;43169;5886;71944;71281;10039;1990267;71248;71241;70887;51716;5618;30312;6555;96;6520;19752;43436;6082;9066;1901605;9809;9808;9698;19748;9699;44550;9409;9266;5730;44428;44446;44422;43226;43229;5634;43231;43227;43232;43228;31981;70013;43233;31974;9506;5911;30054;55044;5507;46914;9735;9725;9719;10033;70062;31988;31982;1903561;43230;44421;5576;65010	836	2138	4597.5	8359	4356	8807.5	5632	3480	3534	7035	5262	4309	4102	8811.5	6545	7782	8431	8318	3119	2289	389	7937	8775	8763	113321	5666.05
ORTHO000398_2	Protein kinase family protein	AT2G40270;AT3G56050	5886;16020;5575;44464;5623;71944;16301;16772;16740;3824;3674;8152;8150;16310;6796;6793;44237;9987	837	2371	4143.75	7450.5	4356	8358.5	2121.5	765	460	502	1623	632	8410.5	7996	8118	2476	7071	6982	8559.5	6467.5	8850	7683.5	8641.5	8837	104554.5	5.227.725
ORTHO004449	eukaryotic initiation factor 4B2	AT1G13020;AT3G26400	3743;8135;3723;3676;1901363;5488;3674;97159;6412;43043;43604;43603;34641;6807;8152;8150;44237;9987;44271;44249;9058;6518;1901564;71704;1901566;1901576;44267;19538;43170;44238;44260;34645;9059;10467;6413;5737;44424;44464;5575;5623;5622;5634;43231;43227;43226;43229	838	2207	1397	1956	1281	8643	961	357.5	6943.5	7247	1312.5	2937.5	4140.5	8969	6639	2476	2329.5	7117	1612.5	518	1250.5	3955.5	1640	3238	72287.5	3.614.375
ORTHO001139	alpha/beta-Hydrolases superfamily protein	AT3G05120;AT3G63010;AT5G27320	5515;5488;3674;10476;9755;7165;50794;50789;65007;8150;51716;9987;50896;7154;44763;44699;44700;23052;32870;9725;9719;10033;42221;71495;71310;70887;71370;9739;33993;1101;1901700;71396;71229;1901701;5634;43231;43227;43226;5575;43229;44424;44464;5623;5622;5737;10331;31406;43177;36094;43168;43167;42562;19840;8289;16787;3824;8152;48444;44702;22414;3006;32502;48563;9887;44767;9653;48856;48513;48731;7275;44707;32501;9886;9791;48569;48437;9908;90567;48608;61458;48367;9939;9967;9966;10646;48583;23051;10647;48522;48518;48584;23056;9937;10325;9312;9311;44723;5975;71704;44238;44710;16051;1901576;9058;44711	839	2166	1083.25	1327.5	4356	8278	739	1709	4474.5	2524.5	744	1576.5	6804.5	4486	6092	6712.5	935.5	5056.5	824.5	920	4519	2328.5	4586	3179.5	66490	3324.5
ORTHO001318	Vacuolar import/degradation; Vid27-related protein	AT3G19240;AT4G33400	3674;6499;6498;6497;6464;36211;19538;43170;71704;8152;8150;44238;43412;44267;44260;44237;9987;42158;42157;34645;9059;1901576;9058;44249;31365;18377;43543;5737;44424;44464;5575;5623;5622;5634;43231;43227;43226;43229;5886;16020;71944;5829;44444	840	2	673	506	17	314	776.5	3276	37	969	4883	7519	1352	5045.5	382.5	25.5	2384.5	9016	11	1869	1367.5	8604	2846	2046	52724	2636.2
ORTHO004502	homolog of bacterial cytokinesis Z-ring protein FTSZ 1-1	AT5G55280	9570;9532;44435;44444;44424;44464;5575;5623;5622;5737;44446;44422;43226;43229;9536;43231;43227;44434;9507;7049;44763;9987;8150;44699;9535;55035;42651;34357;16020;44436;9579;31976;31984;9534;43621;5515;5488;3674;42802;51258;43623;6461;65003;43933;16043;71840;22607;44085;71822;70271;34622;9658;9657;6996;9902;19750;51644;51640;51641;51179;51667;51649;51234;51656;7017;3924;17111;16462;16818;16817;16787;3824;8152;5874;44430;5856;43232;43228;43234;32991;15630;5198;9637;9416;9314;9628;50896;43572;48285;10020	841	821	1205	1569	672.5	8371.5	6542.5	251.5	2301	1256.5	2129.5	4905	9031.5	5110.5	766.5	508.5	2013	7776.5	1975.5	2185	1568.5	8197.5	2202	1713.5	68806	3440.3
ORTHO004108	Protein of unknown function (DUF1666)	AT5G39785	3723;3676;1901363;5488;3674;97159;3735;5198;22625;15934;44391;30529;32991;5575;44424;44464;5623;5622;44444;5737;44446;44422;43226;43229;5840;43232;43228;44445;5829;22626;6412;43043;43604;43603;34641;6807;8152;8150;44237;9987;44271;44249;9058;6518;1901564;71704;1901566;1901576;44267;19538;43170;44238;44260;34645;9059;10467;5634;43231;43227;42254;22613;44085;71840	842	1545	2440.5	4039	1281	2557.5	512	765	8541.5	1155	621.5	1658	1352	7996	9046	2476	6925.5	6919	7901.5	436	8019	7637.5	7335	3179.5	85033.5	4.251.675
ORTHO000547_2	Early-responsive to dehydration stress protein (ERD4)	AT1G10090;AT1G58520	16021;31224;44425;5575;16020;6811;44765;6810;51234;51179;8150;1902578;44699;3674;5576;9507;9536;43231;43227;43226;43229;44424;44464;5623;5622;44444;5737;16298;16788;16787;3824;8152;16042;44712;9056;44710;6629;71704;44238;1901575	843	2044	2777	4711	4356	7633.5	274.5	1709	3490	2170.5	5973.5	4841.5	1352	5279.5	915	1429.5	7495.5	8768	9043	3037	3296.5	8510	8952	4413.5	88584	4429.2
ORTHO003977	Calcium-binding EF-hand family protein	AT5G24270	5737;44424;44464;5575;5623;5622;6499;6498;6497;6464;36211;19538;43170;71704;8152;8150;44238;43412;44267;44260;44237;9987;42158;42157;34645;9059;1901576;9058;44249;31365;18377;43543;42539;9651;6970;9628;50896;6950;6971;5513;9593;51606;42221;51592;10038;10035;5634;43231;43227;43226;43229;5515;5488;3674;5886;16020;71944;5509;46872;43169;43167;4723;4722;4721;16791;42578;16788;16787;3824;16311;6796;6793;6470;5955;8287;1903293;1902494;43234;32991;30007;6875;55065;98771;50801;48878;42592;65008;65007;55080;30003;6873;55082;19725;44763;44699;55075;55067;30004	844	1382	3749.5	6655	4356	2837	6249.5	4964	1839.5	6604.5	5873	8467	8605	5307	1040.5	1429.5	965	7597	7712	565.5	8300	8413.5	8623.5	3771.5	99164.5	4.958.225
ORTHO002852	NAD(P)-binding Rossmann-fold superfamily protein	AT5G51030;AT5G61830	5737;44424;44464;5575;5623;5622;16491;3824;3674;8152;8150;55114;44710;44699	845	853	1058.5	1272	672.5	7710.5	512	428.5	6379.5	2945.5	982	5720.5	1352	6764.5	8638.5	976.5	8334.5	1780	984	3061	1078.5	4612.5	1035	2485	65780.5	3.289.025
ORTHO003528	plant glycogenin-like starch initiation protein 6	AT5G18480	46872;43169;43167;5488;3674;46513;30148;46467;6643;44255;6629;71704;8152;8150;44710;44699;44238;44763;9987;44237;8610;1901576;9058;44711;44249;1901566;1901564;6807;6665;43604;43603;34641;44271;6672;5802;98791;44431;44444;44424;44464;5575;5623;5622;5737;44446;44422;43226;43229;5794;43231;43227;12505;31984;5576;5768;15020;8194;16757;16740;3824;16758;1990482;16051;44723;5975;16020	846	1568	1061.75	1277.5	4356	8198	2234.5	4133.5	1753	4858	865	7795.5	1352	4560	6092	1830	7922.5	4982.5	778.5	4331	569	1110.5	1004	1487.5	65857	3292.85
ORTHO003364	Protein phosphatase 2C family protein	AT1G03590;AT4G03415	46872;43169;43167;5488;3674;6470;16311;6796;6793;44237;8152;8150;9987;6464;36211;19538;43170;71704;44238;43412;44267;44260;5886;16020;5575;44464;5623;71944;4722;4721;16791;42578;16788;16787;3824;5634;43231;43227;43226;43229;44424;5622	847	1684	821	795	4356	8775	1765.5	765	393.5	855	1623	5795.5	1352	4616	6305	6712.5	1221.5	5221.5	857	4586	1593.5	2112.5	2713	1858	59121	2956.05
ORTHO004909	MMS ZWEI homologue 3	AT2G36060;AT3G52560	4842;19787;16740;3824;3674;8152;8150;16567;32446;70647;6464;36211;19538;43170;71704;44238;43412;44267;44260;44237;9987;5515;5488;5634;43231;43227;43226;5575;43229;44424;44464;5623;5622;70534;209;5737;31625;44389;19899;6301;6281;6259;90304;6139;46483;6725;1901360;34641;6807;6974;33554;51716;50896;6950;44763;44699;44710;5829;44444;31372;31371;1990234;1902494;43234;32991;61630;61659	848	1459	1920.5	2993	1066.5	7241	3513	1347	2069	1970.5	5589	6287.5	1352	5926.5	4124.5	1996.5	2277	7571	7831	6001	180.5	8894	2458	2485	79114	3955.7
ORTHO001716	Phosphoribulokinase / Uridine kinase family	AT1G26190;AT1G73980	9507;9536;43231;43227;43226;5575;43229;44424;44464;5623;5622;44444;5737;5829;5524;35639;1901265;1901363;5488;3674;97159;43168;43167;32559;30554;17076;166;36094;32555;32553;97367;32550;32549;1882;1883;43097;43174;43094;44249;9058;8152;8150;44237;9987;9163;1901659;1901137;1901135;71704;1901576;1901657;44710;44699;44711;1901566;1901564;6807;34654;6139;46483;6725;1901360;34641;44238;19438;44271;18130;1901362;9116;55086;44281;44763;46134;72528;72527;6213;8655;6206;9112;16462;16818;16817;16787;3824;16301;16772;16740;16310;6796;6793;9814;98542;6952;6950;50896;51707;43207;9605;9607;51704;45087;6955;2376;4849;19206;19205;9165;1901293;90407;19637;6753;9117;6222;9220;9260;46390;19693;9259;9218;6220;6221;9174;9173;9161;9123;9129;9130;9124;9156;46132;46131;9119;42455;46049;9737;9725;9719;10033;42221;33993;97305;1901700;1101	849	892	3365.5	5882	672.5	9030	924	3504.5	8656.5	295	435.5	4239	1352	4948.5	599	508.5	7029	8906.5	6785	3085	9147	8942	9093.5	7161.5	94642	4732.1
ORTHO001466	IQ-domain 3	AT3G52290;AT5G03040	5634;43231;43227;43226;5575;43229;44424;44464;5623;5622;5886;16020;71944;5516;5515;5488;3674;8150	850	2366	1076	1302	4356	7834.5	1789.5	4200.5	493.5	52.5	621.5	1471	1352	4560	6243.5	1830	4191.5	5221.5	4756.5	4527	5637	3026	4843.5	3501.5	66153	3307.65
ORTHO005336	GRAS family transcription factor	AT1G63100	3700;1071;3674;2001141;31326;9889;19222;50789;65007;8150;31323;50794;51252;19219;80090;51171;60255;10556;6355;1903506;10468;2000112;6351;34645;44260;43170;71704;8152;44237;9987;9059;1901576;9058;44249;97659;32774;16070;90304;6139;46483;6725;1901360;34641;6807;44238;34654;19438;44271;18130;1901362;10467;5634;43231;43227;43226;5575;43229;44424;44464;5623;5622	851	78	938.5	1026	112	542.5	1611.5	3354	3302	52.5	4693.5	466.5	1352	9013	6791	267	8446.5	9006.5	2454	1940	1063.5	5789.5	1937.5	669.5	62752.5	3.137.625
ORTHO004300	Protein of unknown function (DUF677)	AT4G34320	3674;16021;31224;44425;5575;16020	852	502	1422.5	1993	672.5	2981	3960	397	4323	295	4833	4905	1352	5780	4842.5	797.5	2384.5	9062.5	2922	3208	3309	9160	7946.5	62.5	72521	3626.05
ORTHO002227	diacylglycerol kinase 3	AT2G18730;AT4G30340;AT5G57690	5634;43231;43227;43226;5575;43229;44424;44464;5623;5622;5524;35639;1901265;1901363;5488;3674;97159;43168;43167;32559;30554;17076;166;36094;32555;32553;97367;32550;32549;1882;1883;7205;7186;7165;50794;50789;65007;8150;51716;9987;50896;7154;44763;44699;44700;23052;16020;3951;16301;16772;16740;3824;8152;16310;6796;6793;44237;16773;4143;9506;5911;30054;55044;5886;71944;6952;6950;48364;44767;32502;48513;48856;48731;7275;44707;32501;22622;48366;48827;48367	853	1407	1335.5	1818	1066.5	2897	2528	4424	493.5	607.5	982	2255.5	1352	8681	8942.5	1073.5	8977.5	6265.5	4663	5303	6431	1778.5	1322	2166	71143	3557.15
ORTHO000965	Nucleotide-sugar transporter family protein	AT1G34020;AT4G09810;AT4G39390	55085;44763;9987;8150;44699;44765;6810;51234;51179;1902578;90480;36079;15780;1901264;71702;6862;15748;15931;71705;72530;1901679;98656;6820;6811;34220;16020;5575;16021;31224;44425;15297;15291;22804;22857;5215;3674;5338;1901505;15215;15605;1901677;15932;22891;22892;5794;43231;43227;43226;43229;44424;44464;5623;5622;44444;5737;12505;5886;71944;139;98588;31090;44422;44431;44446	854	1927	3568	6282	4356	3768.5	739	1204.5	8782	1028.5	1810	9026	1352	9108.5	6937	2476	7432	7376.5	2189.5	461.5	8534	8566.5	8930	7120	96842	4842.1
ORTHO003843	tonneau family protein	AT3G55000;AT3G55005	5515;5488;3674;9574;44430;44446;44422;5575;43226;44424;44464;5623;5622;43229;5856;43232;43228;44444;5737;15630;226;7010;6996;16043;71840;8150;9987;1902589;44763;44699;7017;5815;5938;71944;913;1902408;1902410;32506;22402;7049;910;51301;1903047;278;61640;281;7105;22607;44085;911;30865;30981;30863;44448;34453;5886;16020;5634;43231;43227	855	312	882.5	910	248.5	505	1542	1013.5	8541.5	3485.5	354.5	1422	4170	8485	9022.5	267	3891.5	6854.5	2819.5	5126.5	648	980	728.5	1156	61013	3050.65
ORTHO000952	formin 3	AT4G15200;AT5G54650	3779;8092;5515;5488;3674;9860;44702;22414;8150;44699;904;902;32989;16043;71840;9987;9653;32502;48856;48869;44767;44763;48468;30154;3006;48588;48589;40007;16049;9932;9826;60560;48868;9856;44703;51704;44706;32501;5576;5575;51017;22607;44085;61572;7015;71822;43933;30036;30029;7010;6996;1902589;5623;45010;30838;51495;10638;33043;51128;50794;50789;65007;51130;48522;48518;51493;30833;8064;30832;32535;90066;65008;32956;32970;32271;43254;44087;32273;31334;44089;16482;46907;6810;51234;51179;51649;51641;5856;43232;43228;43226;43229;44424;44464;5622;5737;30041;8154;51258;43623;6461;65003;70271;34622;5886;16020;71944;48317;9886;9791;44707;7275;48316;48608;61458;48731;10154;16021;31224;44425;5618;30312;9524;44444;9960;9888;48513	856	1151	1567.5	2279	4356	585	1093.5	1640.5	4178.5	5723.5	3136.5	6770	4146.5	6227.5	6192.5	2080.5	7664	6919	4328.5	518	1178	8814.5	2495	831.5	74523	3726.15
ORTHO003164	sumo conjugation enzyme 1	AT3G57870	5634;43231;43227;43226;5575;43229;44424;44464;5623;5622;16874;3824;3674;8152;8150;16925;18205;18193;6464;36211;19538;43170;71704;44238;43412;44267;44260;44237;9987;32446;70647;5515;5488;5524;35639;1901265;1901363;97159;43168;43167;32559;30554;17076;166;36094;32555;32553;97367;32550;32549;1882;1883;19789;19787;16740;9793;44702;22414;44699;3006;32502;9790;44767;48856;7275;44707;32501;48316;48608;61458;48731;9791;10154;9737;9725;9719;50896;10033;42221;33993;97305;1901700;1101	857	2029	914.5	972	1689.5	303	3628.5	2114.5	4452.5	5046.5	2290	6027	6316	4486	5907.5	1606	2133.5	4982.5	3904.5	920	3719.5	852	759.5	2439.5	61888.5	3.094.425
ORTHO004018	syntaxin of plants 125	AT1G11250;AT1G61290	5886;16020;5575;44464;5623;71944;6886;15031;45184;51234;51179;8150;8104;33036;71702;6810;46907;51649;51641;34613;70727;5484;5515;5488;3674;61025;61024;16043;71840;9987;9860;44702;22414;44699;904;902;32989;9653;32502;48856;48869;44767;44763;48468;30154;3006;48588;48589;40007;16049;9932;9826;60560;48868;9856;44703;51704;44706;32501;30133;16023;31988;43227;43226;31982;43231;43229;44424;5622;31410;44444;5737;12505	858	2201	2434.5	4011	4356	2097.5	6075.5	805.5	6584	6308	1623	6518	1352	5972.5	5413.5	7360.5	8143	8521.5	2332	2289	394.5	8510	2776	1794	84870	4243.5
ORTHO000273_1	villin 2	AT2G41740;AT3G57410	51693;30835;30834;1901879;43244;51128;50794;50789;65007;8150;8064;30832;32535;90066;65008;16043;71840;9987;44763;44699;32956;51493;33043;32970;51494;10639;51129;48523;48519;1901880;43242;30837;30833;32271;43254;44087;32272;31333;5856;43232;43228;43226;5575;43229;44424;44464;5623;5622;7010;6996;51015;32403;44877;5488;3674;5515;3779;8092;51017;22607;44085;61572;7015;71822;43933;30036;30029;1902589;5737;51014;5884;44430;44446;44422;43234;32991;15629	859	27	512	165	6.5	2425	177	428.5	2505.5	432	2290	1830	1352	8396.5	9165	56	2230.5	5886.5	206.5	60.5	2993.5	678.5	416.5	79	41609	2080.45
ORTHO003649	plant intracellular ras group-related LRR 6	AT2G19330;AT4G29880	8150;5739;43231;43227;43226;5575;43229;44424;44464;5623;5622;44444;5737	860	1052	536	212	944.5	3663	3	310.5	344	1003.5	104	503.5	1352	4746.5	6687	508.5	226.5	6440	1004.5	366.5	914	6266	6538.5	2850	43831.5	2.191.575
ORTHO002818	prohibitin 4	AT3G27280;AT5G40770	5739;43231;43227;43226;5575;43229;44424;44464;5623;5622;44444;5737;5774;44437;44446;44422;5773;98588;31090;16020;98805;16021;31224;44425;5747;45271;30964;98796;43234;32991;1990204;1902494;98803;70469;98800;98798;44429;44455;31966;5740;31967;31975;5743;19866;5746;9505;5618;30312;71944;5886;9507;9536;71731;302;6979;6950;50896;8150;1901700;42221;1901698;10035;48527;48528;9791;44767;32502;44699;44707;32501;7275;48364;48513;48856;48731;22622;48569;5730;44428;5634;43232;43228;31981;70013;43233;31974;9733;9725;9719;10033;7005;6996;16043;71840;9987;9651;6970;9628;51301;44763;16049;40007;9723	861	2072	3473.5	6086	1689.5	7959	5746.5	203.5	8207	369.5	2539	8092	7377.5	7448.5	8512	2476	5404	5886.5	1164.5	2455	5637	6512.5	5762.5	3984	95736.5	4.786.825
ORTHO002090	indeterminate(ID)-domain 2	AT3G50700;AT5G66730	3676;1901363;5488;3674;97159;5634;43231;43227;43226;5575;43229;44424;44464;5623;5622;3677;46872;43169;43167;6351;34645;44260;43170;71704;8152;8150;44237;9987;9059;1901576;9058;44249;97659;32774;16070;90304;6139;46483;6725;1901360;34641;6807;44238;34654;19438;44271;18130;1901362;10467;8270;46914;3700;1071;2001141;31326;9889;19222;50789;65007;31323;50794;51252;19219;80090;51171;60255;10556;6355;1903506;10468;2000112;10029;1900140;48580;2000026;50793;51239;5515;9937;9966;10646;48583;23051;10431;44702;22414;44699;48609;32504;3;32501;3006;32502;21700;44767;48316;48608;48856;61458;48731;7275;44707;9791;10154;44212;975;1067	862	2393	2788.5	4715	1281	939.5	5466	16	3490	5514	744	5172.5	8519	8954	6639	2476	2261.5	8631	2354	8478	3001	7470	2025	6456	88606.5	4.430.325
ORTHO002018	Integrin-linked protein kinase family	AT3G58760;AT4G18950	6468;16310;6796;6793;44237;8152;8150;9987;6464;36211;19538;43170;71704;44238;43412;44267;44260;7229;7166;7165;50794;50789;65007;51716;50896;7154;44763;44699;44700;23052;5524;35639;1901265;1901363;5488;3674;97159;43168;43167;32559;30554;17076;166;36094;32555;32553;97367;32550;32549;1882;1883;4674;4672;16301;16772;16740;3824;16773;9966;10646;48583;23051;4712;5886;16020;5575;44464;5623;71944;5829;44444;44424;5622;5737;5634;43231;43227;43226;43229	863	1510	1618.5	2374	4356	332.5	6866	4571	1328.5	3934	5481.5	5903.5	1352	5952.5	6243.5	797.5	2874	7117	5220.5	4473	1275.5	8295.5	2901	176	75095	3754.75
ORTHO004334	unknown protein	AT2G17550	5634;43231;43227;43226;5575;43229;44424;44464;5623;5622;3674;8150	864	401	843	822	248.5	3859	226	153.5	2979	6825	81	4162.5	9077	5129	693	136	1221.5	8613.5	2278	2253	8990	579	664.5	1769	59689.5	2.984.475
ORTHO006140	emp24/gp25L/p24 family/GOLD family protein	AT3G22845	32580;139;98588;31090;16020;5575;44422;43226;43227;44431;44444;44424;44464;5623;5622;5737;44446;43229;5794;43231;12505;31985;98791;31984;5795;5773;16021;31224;44425;5783;15031;45184;51234;51179;8150;8104;33036;71702;6810;16192	865	1118	806.5	748	4356	2467	345	1204.5	267.5	1604.5	5407.5	1576.5	6895.5	4344	6192.5	1830	7860.5	5992	2922	565.5	684	2923.5	3457	1644	58183	2909.15
ORTHO001253	germin-like protein 5	AT1G09560;AT3G62020	5634;43231;43227;43226;5575;43229;44424;44464;5623;5622;10497;10496;6810;51234;51179;8150;9987;5576;33609;43648;19752;43436;6082;71704;8152;44281;44710;44699;44763;44237;9506;5911;30054;55044;9409;9266;9628;50896;6950;46564;16831;16830;16829;3824;3674;5618;30312;71944;48046;2000280;2000026;50793;50789;65007;51239;9505	866	489	1705	2544	672.5	2837	687.5	1855	2202	136	147	4467	9167	4833	438.5	136	1564	8114.5	8945	247	9109	9056	8993	3447.5	76382	3819.1
ORTHO002636	regulatory particle non-ATPase 10	AT4G38630	8540;43234;32991;5575;44424;44464;5623;5622;5838;22624;502;48528;9791;44767;32502;8150;44699;44707;32501;7275;48364;48513;48856;48731;22622;48569;48455;48449;44702;22414;3006;48645;48646;9653;9887;48444;48563;9886;48437;9908;90567;48608;61458;48367;48448;48443;48827;48466;48438;9735;9725;9719;50896;10033;42221;9651;6970;9628;6950;30163;19538;43170;71704;8152;44238;9057;1901575;9056;6511;19941;51603;6508;44257;44265;44260;44237;9987;44248;44267;43632;5515;5488;3674;51788;35966;43161;10498;9408;9266;48767;60560;48589;40007;48588;16049;44763;48468;48869;30154;80147;48765;10053;90627;10015;90558;9888;48764;48469;21700;10054;9744;34285;9743;1901700;9555;48229;10150;10260;7568;48366;16020;6974;33554;51716;31593;43130;32182;5634;43231;43227;43226;43229;5737;10029;1900140;48580;2000026;50793;50789;65007;51239;9733;1653;38023;4871;60089;7165;50794;7154;44700;23052;4872;43248;43623;6461;65003;43933;16043;71840;22607;44085;71822;70271;34622;5829;44444;9737;33993;97305;1101	867	1854	1315	1763	4356	4291.5	3628.5	3318	3404.5	2059	260	1576.5	7377.5	7536	8512	7782	2230.5	4154.5	948.5	4664.5	2409.5	2837	1361	2229	70580	3529
ORTHO001969	alpha/beta-Hydrolases superfamily protein	AT1G68620;AT5G16080	52689;16788;16787;3824;3674;8152;8150;5634;43231;43227;43226;5575;43229;44424;44464;5623;5622	868	301	1388	1908	3564.5	113	444.5	3491	3568	582	4777.5	2038	1352	5780	2702.5	136	6896.5	9074	7812.5	1584.5	2953	7937	8775	1958.5	71975.5	3.598.775
ORTHO003603	proteasome subunit PAB1	AT1G16470;AT1G79210	22626;44445;44444;44424;44464;5575;5623;5622;5737;5829;5840;30529;32991;43232;43228;43226;43229;43161;10498;51603;6508;19538;43170;71704;8152;8150;44238;44257;30163;9057;1901575;9056;44265;44260;44237;9987;44248;44267;6511;19941;43632;10043;10038;10035;42221;50896;1990267;502;43234;10499;4175;70011;8233;16787;3824;3674;9507;9536;43231;43227;5839;42742;9617;51707;43207;9605;9607;51704;98542;6952;6950	869	1870	3873	6877	4356	1777	3863.5	7637	4705.5	4878	3269.5	4566	4102	8804.5	6520.5	2476	1581	7028	7712	5887	6578.5	7937	8436	2784	100543	5027.15
ORTHO003436	uridylyltransferase-related	AT1G16880	10319;44435;44444;44424;44464;5575;5623;5622;5737;44446;44422;43226;43229;9536;43231;43227;9526;31967;31975;9409;9266;9628;50896;8150;6950;9941;44434;9507;9535;55035;42651;34357;16020;44436;9579;31976;31984;9534;9570;9532;16597;31406;43177;36094;5488;3674;43168;43167;8152;9744;34285;9743;10033;42221;1901700;9416;9314;9735;9725;9719	870	342	866	862	672.5	3844	2328.5	2000	2940	103.5	5726.5	409.5	1352	5378	934	136	6244	7571	1210.5	326.5	2021	7332.5	8609.5	1769	60236	3011.8
ORTHO003392	spermidine synthase 3	AT5G53120	16768;16765;16740;3824;3674;8152;8150;5515;5488;5634;43231;43227;43226;5575;43229;44424;44464;5623;5622;6596;6595;6576;44106;9308;1901564;71704;6807;34641;44237;9987;42401;9309;44271;44249;9058;1901566;1901576;6597;8215;97164;4766;5737;42742;9617;51707;43207;9605;50896;9607;51704;98542;6952;6950	871	177	1030	1189	248.5	615.5	376.5	3504.5	9158	52.5	397.5	164.5	1352	5045.5	438.5	136	2002.5	8837	7712	2059.5	3169	8005	8609.5	3289.5	64925	3246.25
ORTHO001309	cytochrome P450; family 94; subfamily B; polypeptide 2	AT3G01900;AT3G48520;AT5G63450	4497;16491;3824;3674;8152;8150;55114;44710;44699;5506;46914;46872;43169;43167;5488;16705;19825;20037;46906;1901363;97159;5576;5575;16021;31224;44425;16020;2213;9625;51707;43207;9605;50896;9607;51704;98542;6952;6950;9611;48480;3006;32502;22414;48856;48440;48827;48367;44767;48731;7275;44707;32501;48437;44702;48569;48513;9908;90567;48608;61458;9791;48467;48438;9694;32787;19752;43436;6082;71704;44281;44763;9987;44237;9555;48229;52694;48653;48443;48466;10154;9507;9536;43231;43227;43226;43229;44424;44464;5623;5622;44444;5737	872	1165	727	582	4356	2501	2234.5	336	298	821	744	212.5	3831	4560	6192.5	1830	7495.5	5992	3021.5	4473	4946	1310	591	3179.5	54569	2728.45
ORTHO000393_1	CTP synthase family protein	AT1G30820;AT2G34890;AT3G12670;AT4G20320	5524;35639;1901265;1901363;5488;3674;97159;43168;43167;32559;30554;17076;166;36094;32555;32553;97367;32550;32549;1882;1883;44210;6241;9209;9208;9147;9141;6753;19637;71704;8152;8150;6793;44237;9987;55086;6139;46483;6725;1901360;34641;6807;44238;44281;44710;44699;44763;6796;9199;9201;9142;1901293;90407;1901576;9058;34654;19438;44249;44271;18130;1901362;44711;9148;9220;9260;46390;19693;1901135;1901137;9165;9117;9259;9218;6220;72527;1901564;6221;72528;1901566;46132;46131;9119;9116;1901657;6213;46134;9163;1901659;42455;46036;3883;16879;16874;3824;5737;44424;44464;5575;5623;5622;5829;44444;9793;44702;22414;3006;32502;9790;44767;48856;7275;44707;32501;48316;48608;61458;48731;9791;10154;46686;10038;10035;42221;50896	873	52	589	305	83.5	2629	5756	1484	553.5	238.5	2809.5	197	1352	4969	358	136	2391.5	7677.5	1311	399	1848	7420	2291.5	3799.5	47620.5	2.381.025
ORTHO001800	PTEN 2	AT3G19420;AT3G50110	4725;4721;16791;42578;16788;16787;3824;3674;8152;8150;16311;6796;6793;44237;9987;6470;6464;36211;19538;43170;71704;44238;43412;44267;44260;35335;5829;44444;44424;44464;5575;5623;5622;5737;8138;46856;46839;30258;44255;6629;44710;44699;44763;46488;6650;6644;19637;46486;52866;70300;5543;8289;5488;43168;43167	874	1197	1986	3098	4356	2837	3628.5	705.5	8955.5	3718.5	1623	5096	1352	5129	511.5	508.5	3043	8257.5	8821.5	8590.5	9064.5	371.5	105	7376.5	79695	3984.75
ORTHO002356	U2 snRNP auxiliary factor small subunit; putative	AT1G27650;AT5G42820	48573;9648;9416;9314;9628;50896;8150;10228;3006;32502;22414;48608;48856;61458;48731;7275;44767;44699;44707;32501;9791;5681;44428;44446;44422;5575;43226;44424;44464;5623;5622;43229;5634;43231;43227;30529;32991;3723;3676;1901363;5488;3674;97159;6397;16071;16070;44260;43170;71704;8152;44237;9987;90304;6139;46483;6725;1901360;34641;6807;44238;6396;10467;8380;166;36094;1901265;3677;46872;43169;43167;16607;16604;44451;5654;31981;70013;43233;31974	875	1200	831	787	944.5	819.5	5903	1640.5	635	2963.5	5351	6080.5	1352	7699.5	7844	2914	2552.5	4326.5	3857.5	757.5	3323	476.5	101.5	295	58892.5	2.944.625
ORTHO001272	Protein kinase superfamily protein	AT3G46930;AT5G58950	16301;16772;16740;3824;3674;8152;8150;16310;6796;6793;44237;9987;4674;4672;16773;6468;6464;36211;19538;43170;71704;44238;43412;44267;44260;4712;5524;35639;1901265;1901363;5488;97159;43168;43167;32559;30554;17076;166;36094;32555;32553;97367;32550;32549;1882;1883;5634;43231;43227;43226;5575;43229;44424;44464;5623;5622;4713;18108;18212;18193;5829;44444;5737;5886;16020;71944	876	2395	3250	5624	1689.5	1329	739	7491.5	1753	2925	9062.5	2038	8205.5	7387.5	8793	2476	1102.5	6388.5	8266	1016.5	6696	7038.5	7774	2699.5	93181.5	4.659.075
ORTHO003405	myb domain protein 106	AT3G01140;AT5G15310	3682;44877;5488;3674;3677;3676;1901363;97159;6355;1903506;2001141;31326;9889;19222;50789;65007;8150;31323;50794;51252;19219;80090;51171;60255;10556;10468;2000112;10091;904;902;32989;16043;71840;9987;9653;32502;48856;48869;44767;44699;44763;48468;30154;10090;10026;90558;9888;90626;3700;1071;5634;43231;43227;43226;5575;43229;44424;44464;5623;5622;9751;14070;10033;42221;50896;1101;1901700;9723;9725;9719;46686;10038;10035;9651;6970;9628;6950;9733;9753;9739;33993	877	334	953.75	1030.5	672.5	505	1672.5	1855	9029	3889.5	3269.5	3422.5	1352	4995.5	511.5	508.5	1844	7967.5	1473.5	8077	8850	454.5	313	2784	62774	3138.7
ORTHO000854	phosphate transporter 3	AT3G48850;AT5G14040	5743;19866;31090;16020;5575;44422;43226;43227;44424;44464;5623;5622;31967;31975;44446;43229;31966;44429;44444;5737;5739;43231;5740;9651;6970;9628;50896;8150;6950;16021;31224;44425;6810;51234;51179;5774;44437;5773;98588;98805;5618;30312;71944;9507;9536	878	1732	972.5	1067	1281	3154	550.5	1780.5	6379.5	7782	982	5019	1352	9108.5	6867.5	976.5	2452.5	7251.5	2410	1747	345	1695	1748	1735.5	63336.5	3.166.825
ORTHO005510	auxin-induced protein 13	AT2G33310	5515;5488;3674;5634;43231;43227;43226;5575;43229;44424;44464;5623;5622;6355;1903506;2001141;31326;9889;19222;50789;65007;8150;31323;50794;51252;19219;80090;51171;60255;10556;10468;2000112;9733;9725;9719;50896;10033;42221;3700;1071;6351;34645;44260;43170;71704;8152;44237;9987;9059;1901576;9058;44249;97659;32774;16070;90304;6139;46483;6725;1901360;34641;6807;44238;34654;19438;44271;18130;1901362;10467;9734;9755;7165;51716;7154;44763;44699;44700;23052;32870;71495;71310;70887;71365;10583;14070;46983	879	2391	3528	6177	1689.5	4389	7472.5	7084	8392	1626.5	8871	4162.5	6895.5	6475	8138	2476	1581	5720	4548.5	4392	3778.5	3955.5	4668	1615.5	96241	4812.05
ORTHO000626_1	SPA1-related 4	AT1G53090;AT3G15354	5634;43231;43227;43226;5575;43229;44424;44464;5623;5622;80008;31461;151;1990234;1902494;43234;32991;5834;98797;44459;44425;16020;5886;71944;98796;31234;19897;19898;9898;98562;98552;5515;5488;3674;9585;7602;9583;9416;9314;9628;50896;8150;9582;51606;9581;9605;7165;50794;50789;65007;51716;9987;7154;44763;44699;44700;23052;10017;71489;9639;71482;71478;71214;4672;16301;16772;16740;3824;8152;16310;6796;6793;44237;16773;6468;6464;36211;19538;43170;71704;44238;43412;44267;44260;4871;60089;42802;5524;35639;1901265;1901363;97159;43168;43167;32559;30554;17076;166;36094;32555;32553;97367;32550;32549;1882;1883	880	1245	4051	7222	1066.5	2837	1789.5	1484	8564	1842.5	1414	5096	8929.5	4921.5	511.5	1429.5	7051	8222	9082.5	9038.5	9009	8861	5586.5	7190.5	102860	5143
ORTHO001245	Ubiquitin-specific protease family C19-related protein	AT1G16860;AT1G78880	16021;31224;44425;5575;16020;5886;44464;5623;71944;6508;19538;43170;71704;8152;8150;44238;8233;16787;3824;3674	881	1199	631.5	382	4356	3102.5	312	4345	553.5	969	195.5	679.5	7498	4616	6520.5	1830	3132	1295.5	335.5	188.5	740.5	4970.5	6413.5	2166	49863.5	2.493.175
ORTHO003780	Cytochrome bd ubiquinol oxidase; 14kDa subunit	AT4G32470;AT5G25450	5774;44437;44444;44424;44464;5575;5623;5622;5737;44446;44422;43226;43229;5773;43231;43227;98588;31090;16020;98805;5750;45275;1902495;98796;43234;32991;44425;1990351;16021;31224;1990204;1902494;70069;98803;70469;98800;98798;44429;5739;44455;31966;5740;31967;31975;5743;19866;5746;1902600;15992;15672;6812;6811;44765;6810;51234;51179;8150;1902578;44699;6818;98662;98660;34220;55085;44763;9987;98655;6122;22904;22900;6091;44237;8152;55114;44710;45333;15980;42775;42773;6119;16310;6796;6793;46034;9150;6163;72521;46483;6725;1901360;71704;34641;6807;1901564;9117;6753;19637;55086;6139;44238;44281;9259;19693;1901135;9167;9161;9123;9126;9205;9144;9141;9199;46128;9119;9116;1901657;42278;8121;15078;15077;22890;8324;15075;22891;22857;5215;3674;22892;16681;16679;16491;3824;9536	882	666	2316	3750	248.5	8600	3628.5	8414.5	2069	1003.5	8450	6080.5	1352	4912.5	511.5	508.5	2436.5	8243.5	1513	8661.5	2641	8861	2458	2940	83285	4164.25
ORTHO002409	unknown protein	AT1G17400;AT1G72490	3674;5634;43231;43227;43226;5575;43229;44424;44464;5623;5622;8150	883	2497	852	821	4356	1089	1985	1912	8149.5	1003.5	1810	998	5740	3815.5	6007	1830	1102.5	5101.5	3792	4211	3870	1910	3945	1414.5	59686	2984.3
ORTHO005318	Uncharacterised conserved protein (UCP030365)	AT5G05240	8150;3674;5634;43231;43227;43226;5575;43229;44424;44464;5623;5622	884	537	2270	3656	672.5	615.5	1720.5	1963.5	1198	1094.5	1414	4239	9150.5	4881.5	473.5	508.5	7214.5	8340	8873	8125.5	1729.5	9026.5	9121.5	3103.5	82793	4139.65
ORTHO004306	OTU-like cysteine protease family protein	AT2G27350	3682;44877;5488;3674;45892;1903507;1903506;2001141;31326;9889;19222;50789;65007;8150;31323;50794;51252;19219;80090;51171;60255;10556;1902679;51253;10605;9892;48519;45934;51172;31324;48523;31327;9890;10558;10629;10468;6355;2000112;2000113;16578;16570;16569;16568;6325;43933;16043;71840;9987;51276;6996;6464;36211;19538;43170;71704;8152;44238;43412;44267;44260;44237;1902589;44763;44699;44710;16579;70646;70647;6508;4843;19783;8234;70011;8233;16787;3824;36459;42393;5515;5634;43231;43227;43226;5575;43229;44424;44464;5623;5622;31491;32403	885	658	1966.5	3048	672.5	615.5	6236.5	563	1916	136	1414	5053	9150.5	4861	438.5	1429.5	7177	8332.5	8873	284	1720.5	9018.5	9121.5	3055	79395.5	3.969.775
ORTHO002565	RING/U-box superfamily protein	AT3G29270	5737;44424;44464;5575;5623;5622;4842;19787;16740;3824;3674;8152;8150;16567;32446;70647;6464;36211;19538;43170;71704;44238;43412;44267;44260;44237;9987;8270;46914;46872;43169;43167;5488	886	1364	1217.5	1549	1066.5	3351.5	7223	1484	1133	4916	1414	517.5	7377.5	7448.5	8404	2476	867	6217	1031	3868	4946	2763	1181	2003.5	68621.5	3.431.075
ORTHO004846	Fasciclin-like arabinogalactan family protein	AT3G46550	31225;31224;44425;5575;16020;5886;44464;5623;71944;7155;22610;8150;9738;9755;7165;50794;50789;65007;51716;9987;50896;7154;44763;44699;44700;23052;32870;9725;9719;10033;42221;71495;71310;70887;71215;9737;33993;97305;1901700;1101;71396;97306;1901701;71229;9651;6970;9628;6950;9897;44459;98552;9986;9825;16049;40007;30247;1871;5488;3674;30246;46658;31226	887	1734	1968.75	3050.5	944.5	5319	2528	8064.5	8101	3637.5	1483.5	5019	1352	6542.5	7844	1307	3493.5	4154.5	3504.5	4664.5	3309	4780.5	3997.5	301	79403	3970.15
ORTHO006895	FH interacting protein 1	AT1G28200	8150;9507;9536;43231;43227;43226;5575;43229;44424;44464;5623;5622;44444;5737;3674	888	1123	3133.5	5379	1066.5	2747.5	2627.5	428.5	1839.5	738	982	8476.5	1352	9108.5	6728	976.5	4942.5	7547.5	7831	5929.5	8798.5	8658.5	8748.5	3501.5	91962	4598.1
ORTHO004065	homolog of yeast autophagy 18 (ATG18) F	AT5G54730	3674;6914;44248;9056;8152;8150;44237;9987;34045;98588;31090;16020;5575;44422;43226;43227;44444;44424;44464;5623;5622;5737;98805;407;42594;31667;9991;9605;50896;6950;15031;45184;51234;51179;8104;33036;71702;6810;5774;44437;44446;43229;5773;43231	889	299	760.5	632	3564.5	2672	5917.5	3218	47	1800	5108.5	52	1352	4706.5	6378.5	136	7113.5	8526.5	1961.5	2033	1853	787	1705	691.5	56059	2802.95
ORTHO001735	Plant protein 1589 of unknown function	AT3G55240;AT5G02580	9507;9536;43231;43227;43226;5575;43229;44424;44464;5623;5622;44444;5737;32502;8150;3674	890	2532	963	1036	4356	1089	652	705.5	6493	7183	744	1576.5	1352	3815.5	5034.5	1830	3891.5	5221.5	4388	419.5	4445	2213.5	4535	7223	62812	3140.6
ORTHO001528	intracellular protein transport protein USO1-related	AT1G64180;AT5G41620	902;32989;16043;71840;8150;9987;9653;32502;48856;48869;44767;44699;44763;5737;44424;44464;5575;5623;5622;9506;5911;30054;55044;3674;5886;16020;71944;9507;9536;43231;43227;43226;43229;44444	891	916	1705	2519	672.5	8518.5	2234.5	4183	1234	2869.5	5440	1576.5	8754.5	6971	8838	976.5	2179	6590	658	4809.5	1091.5	5213.5	1157	2940	76234.5	3.811.725
ORTHO001766	unknown protein	AT1G30050;AT2G30530;AT5G01970	3674;8150;5634;43231;43227;43226;5575;43229;44424;44464;5623;5622	892	951	997	1102	365.5	5833.5	1672.5	1289.5	931	184	865	2038	1352	6764.5	8677	976.5	2213.5	6590	4016	4586	7386	4612.5	1035	2699.5	63722	3186.1
ORTHO002239	zinc transporter of Arabidopsis thaliana	AT2G46800;AT3G58810	46872;43169;43167;5488;3674;71577;98662;98660;34220;6811;44765;6810;51234;51179;8150;1902578;44699;55085;44763;9987;98655;6812;6829;41;30001;70838;72511;98656;6820;5774;44437;44444;44424;44464;5575;5623;5622;5737;44446;44422;43226;43229;5773;43231;43227;98588;31090;16020;98805;5385;72509;22890;8324;15075;22891;22857;5215;22892;46915;46873;6882;55069;72507;98771;50801;48878;42592;65008;65007;55080;55076;55065;46916;6875;30003;6873;55082;19725;72503;15103;8509;15698;10043;10038;10035;42221;50896;1990267;16021;31224;44425;61088;32879;50789;50794;2000021;32844;9705;325;10299;61687;98754;8152;9636;10312;1990359;97501;6950;15562	893	1799	826	759	4356	2446.5	605.5	805.5	4492.5	334.5	669	632	1352	4560	6243.5	6712.5	2876	5221.5	4795.5	326.5	7166	2328.5	3207	3565	58339.5	2.916.975
ORTHO002900	UDP-GLUCOSE PYROPHOSPHORYLASE 1	AT3G03250;AT5G17310	9651;6970;9628;50896;8150;6950;6011;9225;6139;46483;44237;8152;9987;6725;1901360;71704;34641;6807;44238;1901135;3983;51748;70569;16779;16772;16740;3824;3674;5985;5984;44262;5975;9311;44723;44710;44699;44763;16036;9267;31669;31667;9991;9605;31668;51716;71496;7154;42594;33554;90406;42995;44464;5575;5623;5886;16020;71944;5737;44424;5622;52543;52386;42545;71555;45229;16043;71840;71554;70727;51641;51179;33036;52545;33037;9555;48229;7275;44767;32502;44707;32501;48856;5829;44444;46686;10038;10035;42221;19013;44423;19012;19028	894	563	1291	1688	248.5	528.5	1672.5	917.5	8577	402.5	21	5795.5	1352	6764.5	8838	267	7860.5	6808.5	4663	154	7925	5132.5	1121.5	988.5	69789.5	3.489.475
ORTHO003110	MBOAT (membrane bound O-acyl transferase) family protein	AT1G12640;AT1G63050	16021;31224;44425;5575;16020;19432;46463;46460;6638;44255;6629;71704;8152;8150;44710;44699;44238;44763;9987;44237;8610;1901576;9058;44711;44249;6639;46486;45017;6641;19375;19374;6664;1903509;1901135;6643;9247;46467;1901137;8654;6644;19637;6793;6796;90407;16746;16740;3824;3674;5576;5789;98588;31090;44422;43226;43227;44432;44444;44424;44464;5623;5622;5737;44446;43229;5783;43231;12505;42175;71617;16747;47184;8374;5886;71944	895	1774	2068	3241	1281	3874.5	6407	3853.5	9069	4412	8871	3108	1352	4995.5	511.5	1429.5	2887	9142.5	4328.5	3563	3511.5	630.5	1498	7120	80564.5	4.028.225
ORTHO002912	Calcineurin-like metallo-phosphoesterase superfamily protein	AT4G11800;AT4G23000	5739;43231;43227;43226;5575;43229;44424;44464;5623;5622;44444;5737;5783;12505;16787;3824;3674;8152;8150;4722;4721;16791;42578;16788;16311;6796;6793;44237;9987;6470;6464;36211;19538;43170;71704;44238;43412;44267;44260	896	422	1080	1264	248.5	505	6075.5	834.5	1839.5	450.5	1211	3983	9057	8627	6504.5	136	4054.5	7073	967.5	696	1899	8604	3072.5	150	65740	3287
ORTHO002590	PHD finger family protein	AT5G22760;AT5G35210	5634;43231;43227;43226;5575;43229;44424;44464;5623;5622;6355;1903506;2001141;31326;9889;19222;50789;65007;8150;31323;50794;51252;19219;80090;51171;60255;10556;10468;2000112;8270;46914;46872;43169;43167;5488;3674;3677;3676;1901363;97159;9941;9526;31967;31975;44446;44422;44435;44444;5737;9536;44434;9507;979;977;976;1990837;3690;43566;43565;44212;975;1067;1012;1046;1047;45893;10628;10604;9893;48518;1903508;1902680;51254;45935;31325;48522;51173;31328;9891;10557;9707;9527;31968;31090;16020;19867;98805;98588;42170;31969;4222;4175;70011;8233;16787;3824;8152;6508;19538;43170;71704;44238;8237;10019;7165;51716;9987;50896;7154;44763;44699;44700;23052	897	735	2302	3707	4356	7169.5	6021	765	8509.5	1094.5	669	130	8817.5	7101	8995	1073.5	7922.5	6808.5	1345	96	8400	5789.5	1235	1106.5	83048.5	4.152.425
ORTHO005986	Basic-leucine zipper (bZIP) transcription factor family protein	AT2G36270	9737;9725;9719;50896;8150;10033;42221;33993;97305;1901700;1101;9414;9415;9628;10035;6950;6355;1903506;2001141;31326;9889;19222;50789;65007;31323;50794;51252;19219;80090;51171;60255;10556;10468;2000112;6351;34645;44260;43170;71704;8152;44237;9987;9059;1901576;9058;44249;97659;32774;16070;90304;6139;46483;6725;1901360;34641;6807;44238;34654;19438;44271;18130;1901362;10467;45893;10628;10604;9893;48518;1903508;1902680;51254;45935;31325;48522;51173;31328;9891;10557;10182;9756;7165;51716;7154;44763;44699;44700;23052;71322;71310;70887;1901701;9743;9651;6970;3700;1071;3674;5634;43231;43227;43226;5575;43229;44424;44464;5623;5622;5515;5488;9739;9845;44707;32501;90351;9791;44767;32502;7275;10187;48581;48580;2000026;50793;51239;51241;48519;51093;10029;1900140;10200;10243;1901698;48316;48608;3006;22414;48856;61458;48731;44702;10154;43565;3677;3676;1901363;97159	898	1933	3524	6150	4356	3768.5	5840	1912	1042.5	1233	982	3218	8605	9024.5	6728	2476	8637.5	7471.5	2223.5	3085	8534	8434	8827.5	4060.5	96103	4805.15
ORTHO003271	Calmodulin-binding transcription activator protein with CG-1 and Ankyrin domains	AT1G67310	45944;45893;10628;10604;9893;48518;50789;65007;8150;19222;60255;10468;1903508;1903506;2001141;31326;9889;31323;50794;51252;19219;80090;51171;10556;1902680;51254;45935;31325;48522;51173;31328;9891;10557;6355;2000112;6357;5516;5515;5488;3674;5634;43231;43227;43226;5575;43229;44424;44464;5623;5622;43565;3677;3676;1901363;97159;1077;1228;981;3700;1071;6366;6351;34645;44260;43170;71704;8152;44237;9987;9059;1901576;9058;44249;97659;32774;16070;90304;6139;46483;6725;1901360;34641;6807;44238;34654;19438;44271;18130;1901362;10467;982;5829;44444;5737	899	110	990.5	1082	672.5	6946	5560.5	175.5	169	1094.5	454	7881.5	4210.5	8593	9094.5	267	143.5	7028	459	13	8400	1466	1094.5	431	63481	3174.05
ORTHO002372	thymidylate synthase 1	AT2G16370;AT2G21550;AT4G34570	5829;44444;44424;44464;5575;5623;5622;5737;6545;9070;1901607;1901605;6520;1901564;71704;8152;8150;6807;19752;43436;6082;44281;44710;44699;44763;9987;44237;44238;8652;46394;16053;44283;44711;9058;1901576;44249;1901566;9069;6544;6231;46073;9219;9394;9262;1901135;9117;6753;19637;6793;55086;6139;46483;6725;1901360;34641;6796;19692;6220;72527;9176;9162;9123;9129;9177;9130;9124;1901293;90407;34654;19438;44271;18130;1901362;9157;9221;6221;72528;9165;9265;9263;1901137;46385;4799;42083;8168;16741;16740;3824;3674;32259;6730;9257;9256;43648;46653;6760;6732;51186;42558;43603;6575;43650;46654;9396;9108;51188;42559;43604;42398;55114;4146;16646;16645;16491;9507;9536;43231;43227;43226;43229	900	637	1885.5	2871	248.5	9062.5	444.5	8792.5	3198	402.5	118	907	1352	8673	9168	2476	7922.5	8636.5	2997	2534.5	2874	6340.5	1263	1156	78318	3915.9
ORTHO003632	Protein kinase superfamily protein	AT1G53165;AT3G15220	7346;51726;50794;50789;65007;8150;16301;16772;16740;3824;3674;8152;16310;6796;6793;44237;9987;31098;33554;51716;50896;6950;35556;7165;7154;44763;44699;44700;23052;42981;43067;10941;5634;43231;43227;43226;5575;43229;44424;44464;5623;5622;23014;6468;6464;36211;19538;43170;71704;44238;43412;44267;44260;44710;5737;9651;6970;9628;9611;4674;4672;16773;32147;45860;45859;43549;42325;19220;51174;31323;19222;51338;50790;65009;1932;31399;32268;51246;80090;60255;1934;42327;45937;10562;31325;9893;48518;48522;31401;32270;51247;10604;33674;51347;43085;44093;6972;5819;44430;44446;44422;5856;43232;43228;15630	901	1185	2013.5	3126	1066.5	8571.5	3960	1780.5	5355.5	4350.5	2539	790	4184.5	5258.5	810.5	508.5	2013	7761	1942.5	6322.5	8771.5	8070.5	2079	4801	79870	3993.5
ORTHO000464_1	Protein kinase protein with adenine nucleotide alpha hydrolases-like domain	AT1G21590;AT1G77280;AT5G63940	5634;43231;43227;43226;5575;43229;44424;44464;5623;5622;16301;16772;16740;3824;3674;8152;8150;16310;6796;6793;44237;9987;5886;16020;71944	902	746	1394.5	1887	672.5	4496	187.5	103	3340.5	1506.5	271.5	6080.5	8519	6601.5	8726.5	976.5	450	8659.5	2587	1811	2573	6429	5586.5	2850	71755	3587.75
ORTHO001073_1	phosphate 2	AT2G33770	5524;35639;1901265;1901363;5488;3674;97159;43168;43167;32559;30554;17076;166;36094;32555;32553;97367;32550;32549;1882;1883;2000185;10966;44070;43269;51049;32879;50789;65007;8150;1903795;1903959;34765;34762;50794;5515;44257;30163;19538;43170;71704;8152;44238;9057;1901575;9056;44265;44260;44237;9987;44248;44267;5794;43231;43227;43226;5575;43229;44424;44464;5623;5622;44444;5737;12505;5634;16874;3824;5783;16036;9267;31669;31667;9991;9605;50896;31668;51716;71496;7154;44763;44699;42594;6950;33554;4842;19787;16740;16567;32446;70647;6464;36211;43412;6817;15698;6820;6811;44765;6810;51234;51179;1902578;55062;72506;98771;50801;48878;42592;65008;55081;55083;72505	903	1764	2282	3661	1281	7794.5	3327	1709	7455	1604.5	3948.5	1070.5	1352	5350.5	1063	6712.5	1896	7471.5	2042	7871	7709	8091	2780	3565	82812.5	4.140.625
ORTHO003354	cation calcium exchanger 4	AT1G54115;AT3G14070	6812;6811;44765;6810;51234;51179;8150;1902578;44699;15491;15298;15297;15291;22804;22857;5215;3674;55085;44763;9987;8324;15075;22891;22892;34220;98655;6814;15672;30001;16021;31224;44425;5575;16020;6813;10008;98588;31090;44422;43226;43227;44440;44444;44424;44464;5623;5622;5737;44446;43229;5768;43231;12505;98805;43157;9651;6970;9628;50896;6950;5774;44437;5773;30659;12506;31988;31982;44433;31410;16023;15079;15077;22890;46873;71805;98662;98660;71804;5384;46915;41;71421;6828;35725;30003;6873;50801;48878;42592;65008;65007;55082;19725;55080;15081	904	1222	1077.5	1251	1066.5	8968.5	6220	229	138.5	2925	4839.5	5327.5	1352	7536	5775.5	797.5	62	8458	2386	2665	262	5434	2171	39	65586	3279.3
ORTHO000542	Calmodulin-binding protein	AT2G18750;AT2G24300;AT4G25800;AT4G31000;AT5G57580	5634;43231;43227;43226;5575;43229;44424;44464;5623;5622;5516;5515;5488;3674;3677;3676;1901363;97159;6355;1903506;2001141;31326;9889;19222;50789;65007;8150;31323;50794;51252;19219;80090;51171;60255;10556;10468;2000112;6351;34645;44260;43170;71704;8152;44237;9987;9059;1901576;9058;44249;97659;32774;16070;90304;6139;46483;6725;1901360;34641;6807;44238;34654;19438;44271;18130;1901362;10467;6950;50896	905	1008	1780	2655	672.5	7116	776.5	4670	597.5	2856.5	1144	4239	4192	6292	6378.5	2080.5	2351.5	7376.5	4328.5	1208	8438.5	9094.5	2808	1106.5	77054.5	3.852.725
ORTHO004534	Nucleotide-diphospho-sugar transferases superfamily protein	AT2G19880	5794;43231;43227;43226;5575;43229;44424;44464;5623;5622;44444;5737;12505;8150;16757;16740;3824;3674;8152;8120;35251;46527;16758;8194	906	143	653.5	401	672.5	87.5	444.5	196	3366.5	1371	56	818.5	4062.5	6332.5	6192.5	136	2535.5	8683.5	2260	813	1026	8091	3675	121	50268.5	2.513.425
ORTHO005320	DEAD box RNA helicase (RH3)	AT5G26742	9570;9532;44435;44444;44424;44464;5575;5623;5622;5737;44446;44422;43226;43229;9536;43231;43227;44434;9507;5524;35639;1901265;1901363;5488;3674;97159;43168;43167;32559;30554;17076;166;36094;32555;32553;97367;32550;32549;1882;1883;16020;9941;9526;31967;31975;10501;16070;44260;43170;71704;8152;8150;44237;9987;90304;6139;46483;6725;1901360;34641;6807;44238;8026;42623;16887;17111;16462;16818;16817;16787;3824;70035;4386;9793;44702;22414;44699;3006;32502;9790;44767;48856;7275;44707;32501;48316;48608;61458;48731;9791;10154;4004;8186;3724	907	902	1192.5	1478	4356	2097.5	117.5	8918.5	3753	2059	544	4018.5	1352	4948.5	599	1429.5	2377.5	8097	3312.5	2749	3417.5	8588.5	2341	7315.5	68035.5	3.401.775
ORTHO004327	CTC-interacting domain 7	AT2G26280	6298;6281;6259;44260;43170;71704;8152;8150;44237;9987;90304;6139;46483;6725;1901360;34641;6807;44238;6974;33554;51716;50896;6950;44763;44699;44710;5524;35639;1901265;1901363;5488;3674;97159;43168;43167;32559;30554;17076;166;36094;32555;32553;97367;32550;32549;1882;1883;5515;3684;3677;3676;9507;9536;43231;43227;43226;5575;43229;44424;44464;5623;5622;44444;5737	908	426	2568.5	4229	672.5	5432.5	64.5	8894.5	4111.5	3718.5	4867	4566	9046	5110.5	766.5	136	1650.5	8080	2299	1320	8967.5	6859.5	8372.5	1769	86031.5	4.301.575
ORTHO001970	peptidoglycan-binding LysM domain-containing protein	AT5G08200;AT5G23130	16998;44036;44260;43170;71704;8152;8150;44237;9987;71554;44248;9056;3674;5634;43231;43227;43226;5575;43229;44424;44464;5623;5622	909	1173	3001	5093	4356	8358.5	4698	2614.5	2979	334.5	3366.5	6287.5	8605	5673.5	1292	1830	8431	7446.5	1537.5	5447	7925	7881	2363	3447.5	90517.5	4.525.875
ORTHO005825	NC domain-containing protein-related	AT1G01225	5634;43231;43227;43226;5575;43229;44424;44464;5623;5622	910	1868	2897.5	4885	1281	3351.5	3758	1389	8053.5	2908	2809.5	7997	7377.5	7300	8276	2476	4942.5	5720	1031	4331	4519	5924	5407	1906.5	89477	4473.85
ORTHO004417	Protein of unknown function; DUF642	AT1G29980;AT2G34510	5634;43231;43227;43226;5575;43229;44424;44464;5623;5622;5886;16020;71944;8150;5576;31225;31224;44425;3674	911	1132	2771.5	4632	1066.5	3133	3628.5	1484	8940	1371	1623	431	1352	4905.5	473.5	1429.5	7051	8243.5	8683	8214	1658.5	8970.5	9093.5	7315.5	88000.5	4.400.025
ORTHO002738	WRKY family transcription factor family protein	AT4G26640	5634;43231;43227;43226;5575;43229;44424;44464;5623;5622;45893;10628;10604;9893;48518;50789;65007;8150;19222;60255;10468;1903508;1903506;2001141;31326;9889;31323;50794;51252;19219;80090;51171;10556;1902680;51254;45935;31325;48522;51173;31328;9891;10557;6355;2000112;3700;1071;3674;6351;34645;44260;43170;71704;8152;44237;9987;9059;1901576;9058;44249;97659;32774;16070;90304;6139;46483;6725;1901360;34641;6807;44238;34654;19438;44271;18130;1901362;10467;9961;43200;1101;42221;50896;10243;9719;10033;1901698;1901700;9611;6950;43565;3677;3676;1901363;5488;97159	912	971	2799.5	4687	4356	7877	8945.5	1013.5	702.5	2925	865	2803.5	1352	5684.5	1579	1830	450	8262.5	9102	366.5	9113	9072	9132	7315.5	88391	4419.55
ORTHO003169	RING/U-box superfamily protein	AT3G05200	16874;3824;3674;8152;8150;16567;32446;70647;6464;36211;19538;43170;71704;44238;43412;44267;44260;44237;9987;16021;31224;44425;5575;16020;8270;46914;46872;43169;43167;5488;9814;98542;6952;6950;50896;51707;43207;9605;9607;51704;45087;6955;2376;9816;42742;9617;5886;44464;5623;71944;4842;19787;16740;5576;10200;10243;9719;10033;42221;1901698;1901700	913	1801	4444.5	7976	4356	7241	3129.5	2728	2301	698.5	6912.5	67.5	8675.5	5175	693	6712.5	7542.5	7910.5	9014.5	8863.5	8534	8604	9005	5041.5	108849.5	5.442.475
ORTHO004590	Uncharacterized protein family (UPF0016)	AT1G25520;AT1G68650	80167;9628;50896;8150;9507;9536;43231;43227;43226;5575;43229;44424;44464;5623;5622;44444;5737;16021;31224;44425;16020;3674	914	1572	2357.5	3801	4356	3697.5	512	310.5	1133	2170.5	669	6027	1352	7996	9046	7782	6896.5	6737.5	1870.5	201.5	7925	7603.5	8574.5	3055	83559.5	4.177.975
ORTHO005003	Proteasome component (PCI) domain protein	AT5G14250	9585;7602;9583;9416;9314;9628;50896;8150;9582;51606;9581;9605;7165;50794;50789;65007;51716;9987;7154;44763;44699;44700;23052;10017;71489;9639;71482;71478;71214;5515;5488;3674;9640;9791;44767;32502;44707;32501;7275;8180;44428;44446;44422;5575;43226;44424;44464;5623;5622;43229;5634;43231;43227;43234;32991;10388;338;70646;70647;6464;36211;19538;43170;71704;8152;44238;43412;44267;44260;44237;6508;5829;44444;5737;10971;1901992;1901989;90068;10564;51726;45787;48522;48518;1901987;1901990;7346;45931;1902751;1902749;10389	915	636	3302	5689	672.5	2837	3960	8296.5	4865	2472.5	4449	4162.5	1352	5142.5	693	508.5	901	8297	8472	8756	9075	8723	8869	1696.5	93528	4676.4
ORTHO003461	isopentenyl pyrophosphate:dimethylallyl pyrophosphate isomerase 2	AT3G02780;AT5G16440	8299;6720;44255;6629;71704;8152;8150;44710;44699;44238;44763;9987;44237;8610;1901576;9058;44711;44249;50992;50993;6644;19637;6793;6796;8654;90407;5829;44444;44424;44464;5575;5623;5622;5737;15995;6779;51188;51186;6778;33013;46483;6725;1901360;1901564;6807;33014;19438;44271;34641;18130;1901362;1901566;46148;42440;15994;9507;9536;43231;43227;43226;43229;4452;16863;16860;16853;3824;3674;9908;90567;48608;3006;32502;22414;48856;61458;48731;7275;44767;44707;32501;44702;9791;48367;46872;43169;43167;5488;15979;16787;5739;9240;46490	916	797	2735.5	4555	365.5	3788.5	4341	1204.5	8808.5	1462	982	3578.5	8993.5	8897	6687	797.5	4942.5	7446.5	904	4904	1362	8398	8686.5	1454.5	87638	4381.9
ORTHO003419	syntaxin of plants 61	AT1G28490	5794;43231;43227;43226;5575;43229;44424;44464;5623;5622;44444;5737;12505;31902;10008;98588;31090;16020;44422;44440;44446;5768;98805;5770;5515;5488;3674;5484;61025;61024;16043;71840;8150;9987;30140;5798;16023;31988;31982;31410;44431;30133;30136;30135;6886;15031;45184;51234;51179;8104;33036;71702;6810;46907;51649;51641;34613;70727;5802;98791;31984	917	623	2800	4683	672.5	3844	6651.5	3457	5851.5	3679.5	4534.5	2597	9057	5077	693	508.5	6298	8713	2487.5	2409.5	2856.5	8814.5	8993	1825	88347.5	4.417.375
ORTHO004687	zinc finger WD40 repeat protein 1	AT4G25440;AT5G51980	46872;43169;43167;5488;3674;8150;3677;3676;1901363;97159;5737;44424;44464;5575;5623;5622	918	1225	1455	1992	1066.5	2501	2703	517	8359.5	502	982	7837	7743	7699.5	8726.5	797.5	630	6388.5	505.5	4297.5	1003	5308.5	3614.5	2382	72497.5	3.624.875
ORTHO002989	Putative integral membrane protein conserved region (DUF2404)	AT1G17820;AT1G73200	35091;5543;8289;5488;3674;43168;43167;7165;50794;50789;65007;8150;51716;9987;50896;7154;44763;44699;44700;23052;5773;43231;43227;43226;5575;43229;44424;44464;5623;5622;44444;5737;5783;12505	919	1532	2056	3193	4356	8728	6361.5	4640	8998	8063.5	1623	393	1352	4560	5937	508.5	3399	7547.5	2546.5	2253	6431	1695	3748.5	1487.5	80272.5	4.013.625
ORTHO004418	SCARECROW-like 1	AT1G21450	6355;1903506;2001141;31326;9889;19222;50789;65007;8150;31323;50794;51252;19219;80090;51171;60255;10556;10468;2000112;5634;43231;43227;43226;5575;43229;44424;44464;5623;5622;3700;1071;3674;6351;34645;44260;43170;71704;8152;44237;9987;9059;1901576;9058;44249;97659;32774;16070;90304;6139;46483;6725;1901360;34641;6807;44238;34654;19438;44271;18130;1901362;10467;5737	920	1776	1885.5	2851	4356	8358.5	1247	3203	123.5	7584	7199	8958.5	4144	5481.5	1184.5	1606	2329.5	8318	2260	1391	2214.5	7147.5	2142.5	3289.5	78182	3909.1
ORTHO003285	Tetratricopeptide repeat (TPR)-like superfamily protein	AT4G18570	9507;9536;43231;43227;43226;5575;43229;44424;44464;5623;5622;44444;5737;9707;9527;31968;31090;16020;44422;19867;98805;31967;31975;44446;98588;42170;44435;9526;31969;44434;9941;9658;9657;6996;16043;71840;8150;9987	921	393	1178.5	1436	672.5	3080.5	74.5	2392	2069	6422.5	4121.5	818.5	1352	5795.5	4705.5	136	2162	9099	8734.5	1678.5	192	9161	5649	92.5	67736	3386.8
ORTHO002684	arginine decarboxylase 1	AT2G16500;AT4G34710	9409;9266;9628;50896;8150;6950;8792;16831;16830;16829;3824;3674;8152;48316;48608;3006;32502;22414;48856;61458;48731;7275;44767;44699;44707;32501;44702;9791;10154;6979;9651;6970;80167;9446;6596;6595;6576;44106;9308;1901564;71704;6807;34641;44237;9987;42401;9309;44271;44249;9058;1901566;1901576;9445;97164;9753;9725;9719;10033;42221;1101;1901700;5634;43231;43227;43226;5575;43229;44424;44464;5623;5622;9611;9737;33993;97305;9793;9790	922	642	1118	1314	672.5	7812.5	1672.5	1013.5	1753	607.5	5407.5	1708.5	1352	6764.5	8726.5	976.5	901	6590	629.5	4630.5	7672.5	5132.5	1991	945.5	66287	3314.35
ORTHO000872_1	RING/U-box superfamily protein with ARM repeat domain	AT2G23140;AT5G67340	16567;32446;70647;6464;36211;19538;43170;71704;8152;8150;44238;43412;44267;44260;44237;9987;5634;43231;43227;43226;5575;43229;44424;44464;5623;5622;70696;33612;5102;5515;5488;3674;4842;19787;16740;3824;5737;16874	923	575	2079	3235	672.5	2920.5	312	3441.5	3382.5	4308	4610.5	6518	1352	8843	6608.5	797.5	3891.5	8934.5	2419.5	1698.5	2827	8070.5	8290	1311	80536.5	4.026.825
ORTHO001769	Rad23 UV excision repair protein family	AT3G02540;AT5G38470	5634;43231;43227;43226;5575;43229;44424;44464;5623;5622;5515;5488;3674;31593;43130;32182;43161;10498;51603;6508;19538;43170;71704;8152;8150;44238;44257;30163;9057;1901575;9056;44265;44260;44237;9987;44248;44267;6511;19941;43632;5737;70628;32403;44877;6289;6281;6259;90304;6139;46483;6725;1901360;34641;6807;6974;33554;51716;50896;6950;44763;44699;44710;9409;9266;9628;5829;44444;3684;3677;3676;1901363;97159	924	817	2470.5	4017	672.5	640.5	5238	4503	9153	502	5577	5720.5	1352	6764.5	8838	976.5	3448	6784	4441	3676.5	1063.5	6920	6467.5	2850	84915.5	4.245.775
ORTHO003892	RNA polymerase II transcription mediators	AT4G00450	48573;9648;9416;9314;9628;50896;8150;10228;3006;32502;22414;48608;48856;61458;48731;7275;44767;44699;44707;32501;9791;5634;43231;43227;43226;5575;43229;44424;44464;5623;5622;90213;2000026;50793;50789;65007;51239;40034	925	266	1448.75	1972.5	672.5	2981	312	1114.5	1625	502	5788.5	130	9103	8969	6728	797.5	6549	7547.5	1210.5	167.5	1121	6991	8641.5	2091	72369.5	3.618.475
ORTHO001940	5'adenylylphosphosulfate reductase 2	AT1G62180;AT4G04610;AT4G21990	9570;9532;44435;44444;44424;44464;5575;5623;5622;5737;44446;44422;43226;43229;9536;43231;43227;44434;9507;45454;19725;42592;65008;65007;8150;44763;9987;44699;50794;50789;19379;19419;55114;44710;8152;6790;44237;103;4604;16671;16667;16491;3824;3674;33741;19344;97;96;6520;1901564;71704;6807;19752;43436;6082;44281;44238;44272;44249;9058;8652;46394;16053;44283;44711;1901576;1901566;6534;9069;1901605;9070;1901607;9973;51539;51536;51540;5488;46872;43169;43167	926	2639	889.5	853	4356	3232	1881	1709	298	1233	1623	1576.5	6227	4486	5254.5	6712.5	1048	5101.5	1501	4392	4668.5	2213.5	3795.5	3179.5	60132	3006.6
ORTHO000804	Endonuclease/exonuclease/phosphatase family protein	AT1G05630;AT1G65580;AT2G31830;AT2G43900	9630;9606;9605;50896;8150;9629;9628;10182;9756;7165;50794;50789;65007;51716;9987;7154;44763;44699;44700;23052;71322;71310;10033;42221;70887;1901701;1901700;9743;5737;44424;44464;5575;5623;5622;52658;46030;52745;16791;42578;16788;16787;3824;3674;8152;16311;6796;6793;44237;46872;43169;43167;5488;7584;31667;9991;9737;9725;9719;33993;97305;1101;46855;44723;5975;71704;44238;44710;46838;44262;71545;43647;19637;19751;6066;1901615;44281;46174;46164;1901616;1901575;9056;44282;44712;46434;10087;9888;48856;32502;9611;6950;9637;9416;9314;5634;43231;43227;43226;43229;52659;52743;9846;44707;32501;9856;44703;51704;22414;44706;48364;44767;48513;48731;7275;22622;10252;48878;42592;65008;4445;4439;34593;52866;34595;46856;46839;30258;44255;6629;46488;6650;6644;46486;34485;34594;80008;31461;151;1990234;1902494;43234;32991	927	156	1165.5	1404	57	38.5	1595.5	1389	7561.5	879.5	2290	7718	1352	8151	9150.5	56	2944.5	6982	2764	3579.5	3126.5	4709	2908.5	176	67371.5	3.368.575
ORTHO000326_2	glyceraldehyde-3-phosphate dehydrogenase C2	AT1G13440;AT1G16300;AT1G79530;AT3G04120	5777;42579;43231;43227;43226;5575;43229;44424;44464;5623;5622;44444;5737;5829;6096;6090;32787;19752;43436;6082;71704;8152;8150;44281;44710;44699;44763;9987;44237;44724;44712;9056;44723;5975;44238;16052;1901575;6757;6091;46031;9150;6163;72521;46483;6725;1901360;34641;6807;1901564;9117;6753;19637;6793;55086;6139;6796;9259;19693;1901135;9179;9185;9132;9135;9167;9161;9123;9126;46128;9119;9116;1901657;42278;46034;9205;9144;9141;9199;6165;46939;16310;46496;19362;6733;6732;51186;72524;16020;3677;3676;1901363;5488;3674;97159;5739;5618;30312;71944;46686;10038;10035;42221;50896;50661;50662;48037;166;36094;1901265;8270;46914;46872;43169;43167;5886;9507;9536;51287;42742;9617;51707;43207;9605;9607;51704;98542;6952;6950;5730;44428;44446;44422;5634;43232;43228;31981;70013;43233;31974;55114;5507;16620;16903;16491;3824;9506;5911;30054;55044;6094;6006;19318;5996;19319;46364;44283;44711;9058;16051;1901576;4365;43891;6979;9570;9532;44435;44434;80144;55081;50801;48878;42592;65008;65007;80022;48364;44767;32502;48513;48856;48731;7275;44707;32501;22622;9735;9725;9719;10033;48658;3006;22414;48653;44702;48443;48827;48367;48437;48569;9908;90567;48608;61458;9791;48466;48438;9555;48229;5774;44437;5773;98588;31090;98805;9651;6970;9628;48316;10154;42542;302;1901700;5740;44429;31967;31975;8886;48046;5576;51775;9408;9266;9744;34285;9743	928	2066	2175.5	3423	1689.5	1089	776.5	8528	9059	2963.5	4563.5	551.5	1352	4560	6192.5	6712.5	2546.5	7761	5347.5	2185	2459.5	2837	4632	7453	81569.5	4.078.475
ORTHO001675	SEUSS transcriptional co-regulator	AT1G43850	5654;44428;44446;44422;5575;43226;44424;44464;5623;5622;43229;5634;43231;43227;31981;70013;43233;31974;46982;46983;5515;5488;3674;6974;33554;51716;9987;8150;50896;6950;9620;51707;43207;9605;9607;51704;9617;1666;36293;70482;9628;3712;989;988;1903506;2001141;31326;9889;19222;50789;65007;31323;50794;51252;19219;80090;51171;60255;10556;48481;3006;32502;22414;48856;35670;48608;61458;48731;7275;44767;44699;44707;32501;48440;48827;48367;48437;44702;48569;48513;9908;90567;9791;48467;48438;9624;46898;14070;10033;42221;97305;1901700;1901654;10243;9719;1901698;9790;6979;71217;71496;71216;30274;19904;9733;9725;10272;10038;10035;1990267;60090;9909;48580;2000026;50793;51239;48831;2000241;3677;3676;1901363;97159	929	859	818	707	672.5	3896.5	142	88.5	2202	1750.5	582	1576.5	1352	8610	6378.5	2080.5	74	8397.5	1765.5	188.5	164	9178	9012	62.5	57501	2875.05
ORTHO005079	unknown protein	AT4G02715	8150;5634;43231;43227;43226;5575;43229;44424;44464;5623;5622;3674	930	2111	1141	1352	4356	880.5	2155	6741	1753	5471	2290	6027	3718.5	4415.5	5937	1606	3399	4982.5	552.5	4169.5	5637	1778.5	3849	1371.5	66734	3336.7
ORTHO001877	Homeodomain-like protein	AT4G32730;AT5G11510	6355;1903506;2001141;31326;9889;19222;50789;65007;8150;31323;50794;51252;19219;80090;51171;60255;10556;10468;2000112;3713;3712;989;988;3674;3700;1071;3677;3676;1901363;5488;97159;3682;44877;5634;43231;43227;43226;5575;43229;44424;44464;5623;5622;32875;10564;51726;90329;6275;51052	931	265	2322	3713	672.5	96.5	575	705.5	9100	295	5237	6344	9130	5059.5	473.5	136	1596	9077	2972	3377.5	9132	7950.5	8775	3055	83087	4154.35
ORTHO002143	regulatory particle triple-A ATPase 6A	AT5G19990;AT5G20000	31597;502;43234;32991;5575;44424;44464;5623;5622;44445;44444;5737;5829;30433;43161;10498;51603;6508;19538;43170;71704;8152;8150;44238;44257;30163;9057;1901575;9056;44265;44260;44237;9987;44248;44267;6511;19941;43632;36503;44712;44710;44699;44763;10033;42221;50896;34976;33554;51716;6950;45899;60261;45944;45893;10628;10604;9893;48518;50789;65007;19222;60255;10468;1903508;1903506;2001141;31326;9889;31323;50794;51252;19219;80090;51171;10556;1902680;51254;45935;31325;48522;51173;31328;9891;10557;6355;2000112;6357;60260;2000142;43254;44087;51128;2000144;31334;51130;44089;45898;5886;16020;71944;8540;5838;22624;5634;43231;43227;43226;43229;31595;44428;44446;44422;31981;70013;43233;31974;16887;17111;16462;16818;16817;16787;3824;3674;17025;8134;5515;5488;36402;42623;1901800;1903052;1903050;1903362;31329;9894;42176;51246;32268;30162;1903364;32270;51247;31331;9896;45732;45862;61136	932	1383	1443.5	1955	944.5	7482.5	2627.5	2392	8782	4641.5	2992.5	5763	1352	5129	382.5	1132.5	2863	7507.5	5220.5	7498.5	4833.5	585.5	188.5	913	72287	3614.35
ORTHO001426	AT hook motif DNA-binding family protein	AT4G00200;AT4G12080;AT4G22770	5634;43231;43227;43226;5575;43229;44424;44464;5623;5622;6351;34645;44260;43170;71704;8152;8150;44237;9987;9059;1901576;9058;44249;97659;32774;16070;90304;6139;46483;6725;1901360;34641;6807;44238;34654;19438;44271;18130;1901362;10467;6355;1903506;2001141;31326;9889;19222;50789;65007;31323;50794;51252;19219;80090;51171;60255;10556;10468;2000112;3677;3676;1901363;5488;3674;97159;5654;44428;44446;44422;31981;70013;43233;31974;43565;5737;98687;44427;5694;43232;43228;3680;1990837;3690;43566;5730;5739;44444	933	2389	2070.5	3208	1281	2128	5607	1640.5	3490	1626.5	4225	6001.5	8605	5411.5	766.5	1606	8431	8211.5	8625.5	3830	708.5	738	1453	7223	80328	4016.4
ORTHO000375_3	sucrose phosphate synthase 2F	AT5G11110;AT5G20280	5886;16020;5575;44464;5623;71944;10208;45229;16043;71840;8150;9987;10927;44767;32502;44699;22607;44085;44763;48646;9653;48856;32989;48869;85029;30198;43062;9555;48229;7275;44707;32501;71836;46903;44765;6810;51234;51179;1902578;5986;5985;5984;44262;5975;71704;8152;44238;44237;9311;44723;44710;46351;34637;16051;1901576;9058;44711;44249;9312;16157;35251;46527;16758;16757;16740;3824;3674;8194;5634;43231;43227;43226;43229;44424;5622;5829;44444;5737;46524;9506;5911;30054;55044	934	1144	2679.5	4425	1066.5	2747.5	822.5	1855	89.5	1926.5	4642.5	1576.5	8605	9031	6728	2476	8748.5	8381	8292	1940	3103	6895.5	1594	7543.5	86997.5	4.349.875
ORTHO001951	Peroxidase superfamily protein	AT3G49960;AT4G37520;AT4G37530;AT5G67400	42744;42743;72593;44237;8152;8150;9987;44712;9056;44710;44699;44763;44248;5576;5575;55114;46872;43169;43167;5488;3674;6979;6950;50896;4601;16684;16491;3824;16209;20037;46906;1901363;97159;5737;44424;44464;5623;5622;5515;48511;9651;6970;9628	935	1475	853	771	1066.5	961.5	274.5	488	702.5	1709.5	271.5	863	8605	8456.5	9155.5	2476	2573.5	7251.5	8509	96	1063.5	659	986.5	3565	58667.5	2.933.375
ORTHO001270_1	DHHC-type zinc finger family protein	AT3G22180;AT4G15080	5886;16020;5575;44464;5623;71944;5794;43231;43227;43226;43229;44424;5622;44444;5737;12505;5576;6612;6605;6886;15031;45184;51234;51179;8150;8104;33036;71702;6810;46907;51649;51641;34613;70727;1902582;44765;1902578;44699;90150;72657;44802;61024;16043;71840;9987;44763;1902580;18230;18231;18198;18193;6464;36211;19538;43170;71704;8152;44238;43412;44267;44260;44237;18345;6497;42158;42157;34645;9059;1901576;9058;44249;43543;5783;19706;19707;16417;16747;16746;16740;3824;3674;16409	936	730	1207.5	1479	672.5	663	1985	1114.5	2301	2996.5	2992.5	6494	4239.5	5110.5	766.5	508.5	2436.5	7761	1086	6397	8828	8398	2239	1735.5	68052.5	3.402.625
ORTHO004755	ubiquitin-associated (UBA)/TS-N domain-containing protein / octicosapeptide/Phox/Bemp1 (PB1) domain-containing protein	AT4G24690	5773;43231;43227;43226;5575;43229;44424;44464;5623;5622;44444;5737;8270;46914;46872;43169;43167;5488;3674;51258;43623;6461;65003;43933;16043;71840;8150;9987;22607;44085;71822;70271;34622;43130;32182;5515	937	288	701	465	3564.5	2837	142	1114.5	493.5	369.5	1211	5667	1352	6971	8838	267	3235	6657.5	335.5	234.5	5988	1310	3675	1070.5	51768.5	2.588.425
ORTHO001436	unknown protein	AT2G37370;AT5G13560	8150;3674;5737;44424;44464;5575;5623;5622;5829;44444;5739;43231;43227;43226;43229	938	1549	2525.5	4113	4356	2214.5	2703	4396	210.5	1777	5520.5	3034.5	7743	7536	8638.5	797.5	5962.5	6029.5	1004.5	4258.5	5903.5	6714	6709	4291.5	85444	4272.2
ORTHO000958	P450 reductase 1	AT4G24520;AT4G30210	5789;98588;31090;16020;5575;44422;43226;43227;44432;44444;44424;44464;5623;5622;5737;44446;43229;5783;43231;12505;44425;42175;9737;9725;9719;50896;8150;10033;42221;33993;97305;1901700;1101;5829;55114;44710;8152;44699;9698;19748;6725;44237;9987;1901360;71704;44763;16709;16705;16491;3824;3674;4497;3958;16653;16651;6979;6950;9507;9536	939	56	1322.5	1706	407	476	5746.5	641	1839.5	1123	2402	2851	9150.5	4948.5	336.5	136	867	7785	1325	201.5	9091	8182	9045.5	3841	69988.5	3.499.425
ORTHO007608	ENTH/VHS/GAT family protein	AT1G25240	30276;5515;5488;3674;48268;43623;6461;65003;43933;16043;71840;8150;9987;22607;44085;71822;70271;34622;6901;16050;6996;6900;61024;16192;6810;51234;51179;5545;35091;5543;8289;43168;43167;6897;30136;30135;16023;31988;43227;43226;5575;31982;43231;43229;44424;44464;5623;5622;31410;44444;5737;5794;12505;30118;30117;98796;43234;32991;44425;16020;48475;5905;98589;98805;5739	940	1910	771	602	4356	3844	822.5	6906	1753	1709.5	1810	1658	1352	4616	6092	6712.5	9042.5	4595	658	270.5	569	630.5	568.5	1597.5	55207	2760.35
ORTHO003232	C2H2 and C2HC zinc fingers superfamily protein	AT1G03840;AT5G44160	46872;43169;43167;5488;3674;6355;1903506;2001141;31326;9889;19222;50789;65007;8150;31323;50794;51252;19219;80090;51171;60255;10556;10468;2000112;44212;975;3677;3676;1901363;97159;1067;5515;5634;43231;43227;43226;5575;43229;44424;44464;5623;5622;3700;1071;8270;46914;6351;34645;44260;43170;71704;8152;44237;9987;9059;1901576;9058;44249;97659;32774;16070;90304;6139;46483;6725;1901360;34641;6807;44238;34654;19438;44271;18130;1901362;10467;45893;10628;10604;9893;48518;1903508;1902680;51254;45935;31325;48522;51173;31328;9891;10557;48573;9648;9416;9314;9628;50896;10228;3006;32502;22414;48608;48856;61458;48731;7275;44767;44699;44707;32501;9791;10260;7568;48513;48510;48506;48509;2000026;50793;51239;40034	941	1839	3914.5	6888	4356	6707.5	3327	3680	2701	4399	4237	5667	1352	5318	1016	6712.5	1596	8352	8673	6960	8771.5	8454	8896.5	3799.5	100619.5	5.030.975
ORTHO003817	Ubiquitin-like superfamily protein	AT4G11740;AT4G23040	5829;44444;44424;44464;5575;5623;5622;5737;16192;6810;51234;51179;8150;5634;43231;43227;43226;43229;5515;5488;3674	942	1911	2631	4320	4356	1500	2528	1389	7978	1506.5	2539	2086	7377.5	7387.5	8429	2476	5329.5	6085	5430	4848	5265	6512.5	5762.5	2046	86475	4323.75
ORTHO001300	RNA-binding (RRM/RBD/RNP motifs) family protein	AT1G02840;AT1G09140	16607;16604;44451;44428;44446;44422;5575;43226;44424;44464;5623;5622;43229;5634;43231;43227;5654;31981;70013;43233;31974;35061;5515;5488;3674;5681;30529;32991;3723;3676;1901363;97159;166;36094;1901265;3729;44822;5737;48024;50684;1903311;51252;19219;80090;19222;50789;65007;8150;51171;31323;50794;60255;10468;43484;6376;22618;71826;43933;16043;71840;9987;34622;65003;22607;44085;22613;245;398;6397;16071;16070;44260;43170;71704;8152;44237;90304;6139;46483;6725;1901360;34641;6807;44238;6396;10467;377;375;8380	943	1569	1785.5	2628	1281	3985.5	2234.5	1204.5	1625	4079	982	9138	1352	4774.5	302.5	1429.5	2436.5	8482.5	2347	9145.5	2214.5	9043	3207	8923.5	76906.5	3.845.325
ORTHO000960	Papain family cysteine protease	AT2G21430;AT4G16190;AT4G39090	8234;70011;8233;16787;3824;3674;8152;8150;6508;19538;43170;71704;44238;5576;5575;5773;43231;43227;43226;43229;44424;44464;5623;5622;44444;5737;5764;323;9651;6970;9628;50896;6950;9269;9414;9415;1101;42221;10035;1901700;42742;9617;51707;43207;9605;9607;51704;98542;6952;4197;4175;51603;44257;30163;9057;1901575;9056;44265;44260;44237;9987;44248;44267;5634;5615;44421	944	856	1004.5	1065	672.5	390.5	6721	378.5	4045.5	4233.5	5267	19	1352	6764.5	8726.5	976.5	2195	8897	2278	1698.5	370	4970.5	1322	2699.5	63305	3165.25
ORTHO003880	Adenosylmethionine decarboxylase family protein	AT5G18930	6597;8215;97164;6807;8152;8150;6595;6576;44106;9308;1901564;71704;34641;44237;9987;6596;42401;9309;44271;44249;9058;1901566;1901576;8295;8216;4014;16831;16830;16829;3824;3674;6557;44272;6790;46499;46128;9119;9116;55086;6139;46483;6725;1901360;44238;44281;44710;44699;44763;1901657;1901135;42278;72521;46129;42451;9163;1901659;1901137;44711;34654;19438;18130;1901362;72522;42455;5634;43231;43227;43226;5575;43229;44424;44464;5623;5622;48513;48856;32502;48731;7275;44767;44707;32501;5829;44444;5737	945	2114	1030	1115	1689.5	801	1011	8629.5	8782	4825.5	804.5	4239	1352	5926.5	3265	1996.5	2750	7910.5	1253	1811	3185.5	837.5	1681.5	2850	63911.5	3.195.575
ORTHO004122	DEK domain-containing chromatin associated protein	AT3G48710;AT5G63550	3677;3676;1901363;5488;3674;97159;5737;44424;44464;5575;5623;5622;5634;43231;43227;43226;43229	946	2337	2640	4334	4356	1423	1881	7491.5	702.5	1028.5	1810	2000.5	1352	7850	7487.5	2476	6208.5	6388.5	8266	5519.5	6810.5	6895.5	6282.5	4678.5	86552	4327.6
ORTHO002743	Galactose oxidase/kelch repeat superfamily protein	AT3G61590	5634;43231;43227;43226;5575;43229;44424;44464;5623;5622;16567;32446;70647;6464;36211;19538;43170;71704;8152;8150;44238;43412;44267;44260;44237;9987;48513;48856;32502;48731;7275;44767;44699;44707;32501;4842;19787;16740;3824;3674;30332;5515;5488	947	84	1337.5	1728	672.5	4319	1428	4396	1328.5	103.5	1623	6781	1352	9171	7401.5	267	7973	7219.5	2936.5	4131	814	6895.5	1802.5	290.5	70233	3511.65
ORTHO001521	Pyridoxal-5'-phosphate-dependent enzyme family protein	AT1G72810;AT4G29840	9088;9067;9066;1901605;6520;1901564;71704;8152;8150;6807;19752;43436;6082;44281;44710;44699;44763;9987;44237;44238;1901607;8652;46394;16053;44283;44711;9058;1901576;44249;1901566;6566;4795;16838;16835;16829;3824;3674;9507;9536;43231;43227;43226;5575;43229;44424;44464;5623;5622;44444;5737;5829;9570;9532;44435;44446;44422;44434	948	2318	3905.5	6863	4356	8494.5	6309	4826.5	9071	5129.5	5873	5435.5	4159	5350.5	693	6712.5	8888	7471.5	1840.5	773.5	1574.5	8091	2458	7315.5	100466.5	5.023.325
ORTHO002408	Erythronate-4-phosphate dehydrogenase family protein	AT1G19400;AT1G75180	5739;43231;43227;43226;5575;43229;44424;44464;5623;5622;44444;5737;5829;8150;5634	949	2596	506.5	64	4356	709.5	6926.5	310.5	4100	3547	397.5	109.5	3911.5	138	136.5	1202.5	2766	474	1537.5	2455	2506	320.5	1322	281	33151	1657.55
ORTHO001707	alpha/beta-Hydrolases superfamily protein	AT3G27320;AT5G14310	5737;44424;44464;5575;5623;5622;52689;16788;16787;3824;3674;8152;8150;5634;43231;43227;43226;43229;5576	950	968	700	450	672.5	8253.5	776.5	2985.5	267.5	2752	744	2392.5	1352	4662.5	6378.5	1830	2546.5	6085	472.5	284	2160.5	2677	3259.5	1546.5	51426	2571.3
ORTHO000435_3	Protein kinase superfamily protein	AT1G08720	5634;43231;43227;43226;5575;43229;44424;44464;5623;5622;5769;5768;44444;5737;12505;5515;5488;3674;9620;51707;43207;9605;50896;8150;9607;51704;165;23014;6468;16310;6796;6793;44237;8152;9987;6464;36211;19538;43170;71704;44238;43412;44267;44260;7165;50794;50789;65007;51716;7154;44763;44699;44700;23052;44710;35556;9873;160;9755;32870;9725;9719;10033;42221;71495;71310;70887;71369;9723;5524;35639;1901265;1901363;97159;43168;43167;32559;30554;17076;166;36094;32555;32553;97367;32550;32549;1882;1883;12510;30665;30662;30659;12506;31090;16020;44422;31988;31982;44433;44446;31410;16023;98588;98805;30135;30136;30658;30133;30660;139;44431;5794;5798;30140;9788;9968;9966;10646;48583;23051;48585;48519;10648;48523;23057;1901420;1901419;9787;16301;16772;16740;3824;4712;4672;16773;46777;5829;2229;98542;6952;6950;2239;4709;4702;5057;4871;60089;4674;186;32147;45860;45859;43549;42325;19220;51174;31323;19222;51338;50790;65009;1932;31399;32268;51246;80090;60255;1934;42327;45937;10562;31325;9893;48518;48522;31401;32270;51247;10604;33674;51347;43085;44093;43410;43408;1902531;1902533;9967;10647;48584;23056;1900150;31347;80134;43900;32101;2831;5802;98791;31984;5783;9414;9415;9628;1101;10035;1901700;1900424;2000031;8219;16265;9738;71215;9737;33993;97305;71396;97306;1901701;71229;9617	951	1283	2099	3247	1066.5	349	1441	397	8782	2880	220.5	790	1352	8485	9158	2476	8200	7408	7792.5	6103	1156	7897.5	1681.5	4016	80585	4029.25
ORTHO003506	N2;N2-dimethylguanosine tRNA methyltransferase	AT3G02320;AT5G15810	3723;3676;1901363;5488;3674;97159;5634;43231;43227;43226;5575;43229;44424;44464;5623;5622;8033;34470;34660;16070;44260;43170;71704;8152;8150;44237;9987;90304;6139;46483;6725;1901360;34641;6807;44238;6396;10467;6399;4809;8170;8168;16741;16740;3824;32259;16423;8757;8175;8173;1510;43414;43412;9451;30488;6400;9507;9536;44444;5737	952	810	1317	1682	672.5	476	376.5	4571	1133	184	544	1354.5	1352	7213.5	9022.5	1073.5	3796.5	6919	5347.5	1094	8738	7493	7868.5	1188	69745	3487.25
ORTHO004456	Zinc finger protein 622	AT2G24500;AT4G31420	30687;30684;30529;32991;5575;44424;44464;5623;5622;44822;3723;3676;1901363;5488;3674;97159;6355;1903506;2001141;31326;9889;19222;50789;65007;8150;31323;50794;51252;19219;80090;51171;60255;10556;10468;2000112;5634;43231;43227;43226;43229;22625;15934;44391;44444;5737;44446;44422;5840;43232;43228;44445;5829;22626;46872;43169;43167;42273;22613;44085;71840;42254;3700;1071	953	1556	3524.5	6096	4356	7455.5	9088	77.5	2666	8063.5	4610.5	5019	3760.5	8123.5	6192.5	2080.5	1711.5	9169	9090.5	3638.5	3001	8223.5	3466.5	382.5	95820	4791
ORTHO003356	FTSH protease 7	AT3G47060;AT5G58870	9941;9526;31967;31975;44464;5575;5623;44446;44422;43226;44424;5622;43229;43227;44435;44444;5737;9536;43231;44434;9507;9535;55035;42651;34357;16020;44436;9579;31976;31984;9534;8237;70011;8233;16787;3824;3674;8152;8150;6508;19538;43170;71704;44238;5524;35639;1901265;1901363;5488;97159;43168;43167;32559;30554;17076;166;36094;32555;32553;97367;32550;32549;1882;1883;4176;42623;16887;17111;16462;16818;16817;16021;31224;44425;8270;46914;46872;43169;4222;4175	954	1758	4049.25	7144.5	1281	3632	3129.5	8890	2338	4537.5	3136.5	5257	8754.5	5059.5	693	6075	7615.5	7934	1975.5	7463	1786	8749	9065.5	6281	102372	5118.6
ORTHO001517	nuclear factor Y; subunit B8	AT2G37060;AT2G38880;AT3G53340	6355;1903506;2001141;31326;9889;19222;50789;65007;8150;31323;50794;51252;19219;80090;51171;60255;10556;10468;2000112;3700;1071;3674;5634;43231;43227;43226;5575;43229;44424;44464;5623;5622;43565;3677;3676;1901363;5488;97159;6351;34645;44260;43170;71704;8152;44237;9987;9059;1901576;9058;44249;97659;32774;16070;90304;6139;46483;6725;1901360;34641;6807;44238;34654;19438;44271;18130;1901362;10467;46982;46983;5515;16602;90575;44798;44428;44446;44422;5667;43234;32991;9414;9415;9628;50896;1101;42221;10035;1901700;6950	955	2533	2499	4043	1479.5	551	6021	8593	8556.5	2257.5	3702.5	6001.5	1352	5508.5	934	2914	6027	6217	7042	1869	3551.5	7756.5	4468.5	1735.5	85058.5	4.252.925
ORTHO001144	O-Glycosyl hydrolases family 17 protein	AT3G07320;AT3G23770;AT4G14080	4553;16798;16787;3824;3674;8152;8150;5886;16020;5575;44464;5623;71944;9506;5911;30054;55044;9505;5618;30312;5975;71704;44238;10584;10208;45229;16043;71840;9987;10927;44767;32502;44699;22607;44085;44763;48646;9653;48856;32989;48869;85029;30198;43062;9555;48229;7275;44707;32501;42973;8422;15926;9793;44702;22414;3006;9790;48316;48608;61458;48731;9791;10154;6952;6950;50896	956	1663	3015	5074	5265	4190	6700.5	8560.5	2628	3147	2992.5	8724.5	1352	5094.5	400.5	1132.5	8520.5	7219.5	7612.5	606	4668.5	8330.5	5263	3289.5	90432.5	4.521.625
ORTHO003335	unknown protein	AT2G19390;AT4G29790	8150;5634;43231;43227;43226;5575;43229;44424;44464;5623;5622;3674	957	1056	716	475	1436	717.5	7329.5	4312	6660.5	4550	3136.5	1354.5	3591.5	4314	5034.5	1144	294.5	1494	358	3659	3131	626.5	111	188	52006.5	2.600.325
ORTHO004068	isopentenyltransferase 5	AT5G19040	6400;9451;16070;44260;43170;71704;8152;8150;44237;9987;90304;6139;46483;6725;1901360;34641;6807;44238;43412;8033;34470;34660;6396;10467;6399;52381;16765;16740;3824;3674;9691;42446;9058;42445;10817;65008;65007;9690;9308;1901564;34754;44249;9536;43231;43227;43226;5575;43229;44424;44464;5623;5622;44444;5737;5739;9824;52622;52623	958	2154	3131.5	5305	4356	7499.5	924	7588.5	3046	4887	478.5	9118.5	8754.5	4995.5	599	508.5	2365	8470.5	9056.5	2455	2827	8510	2713	6732.5	91529	4576.45
ORTHO003677	Polyketide cyclase/dehydrase and lipid transport superfamily protein	AT3G11720;AT5G06440	5576;5575;5886;16020;44464;5623;71944;3674;8150;5739;43231;43227;43226;43229;44424;5622;44444;5737;5634	959	2320	3748	6537	4356	3154	1011	2322	8467	8231.5	2809.5	4670	7377.5	7300	8276	7782	8200	5720	2546.5	1070.5	4445	5924	5407	3721	98434.5	4.921.725
ORTHO004768	DP-E2F-like 1	AT3G48160	6355;1903506;2001141;31326;9889;19222;50789;65007;8150;31323;50794;51252;19219;80090;51171;60255;10556;10468;2000112;5515;5488;3674;6351;34645;44260;43170;71704;8152;44237;9987;9059;1901576;9058;44249;97659;32774;16070;90304;6139;46483;6725;1901360;34641;6807;44238;34654;19438;44271;18130;1901362;10467;32876;10948;10564;51726;45786;48523;48519;2000104;8156;51053;10605;9892;45934;51172;31324;51052;6275;2000113;31327;9890;10558;90329;32875;42023;44786;6261;6260;6259;22402;44763;44699;7049;44711;44710;3700;1071;5634;43231;43227;43226;5575;43229;44424;44464;5623;5622;3677;3676;1901363;97159;5667;43234;32991	960	2229	1743	2526	1689.5	1423	888	1013.5	7978	789	2653	367.5	1352	7536	7258.5	7782	1321	6183.5	6109.5	1070.5	5839	6612.5	6040	4060.5	76277	3813.85
ORTHO002846	Nucleotide-diphospho-sugar transferase family protein	AT1G14590;AT2G02061	9507;9536;43231;43227;43226;5575;43229;44424;44464;5623;5622;44444;5737;9543;31978;31977;44436;9579;44435;44446;44422;31976;31984;44434;9534;16740;3824;3674;8152;8150	961	1951	1058.5	1156	1408	1859.5	2627.5	917.5	8053.5	555.5	2216.5	2553.5	1352	6601.5	7804.5	1307	1432.5	4253	7764.5	4778	1682.5	4709	3702.5	295	64465.5	3.223.275
ORTHO000516_2	P-loop containing nucleoside triphosphate hydrolases superfamily protein	AT3G16630	5874;44430;44446;44422;5575;43226;44424;44464;5623;5622;43229;5856;43232;43228;43234;32991;15630;5795;98791;44431;44444;5737;5794;43231;43227;12505;31984;5524;35639;1901265;1901363;5488;3674;97159;43168;43167;32559;30554;17076;166;36094;32555;32553;97367;32550;32549;1882;1883;5886;16020;71944;3777;3774;17111;16462;16818;16817;16787;3824;8152;8150;10090;904;902;32989;16043;71840;9987;9653;32502;48856;48869;44767;44699;44763;48468;30154;10026;90558;9888;90626	962	403	761	560	672.5	8310	652	88.5	1545.5	502	5559.5	528	1352	6047	5788.5	797.5	9062	7431.5	1031	951.5	2420.5	659	728.5	619	54073.5	2.703.675
ORTHO000578	Pectinacetylesterase family protein	AT1G09550;AT1G57590;AT2G46930;AT3G05910;AT3G62060;AT5G26670	71555;45229;16043;71840;8150;9987;71554;5576;5575;52689;16788;16787;3824;3674;8152;5618;30312;44464;5623;71944;52793	963	1651	3291.5	5620	4356	7895	2328.5	1204.5	1839.5	5143.5	1082.5	6120	7743	7536	8553	2476	1189	6217	6265.5	4258.5	5903.5	6648	6467.5	4291.5	93162	4658.1
ORTHO003287	G2484-1 protein	AT4G17330	9506;5911;30054;5575;55044;5634;43231;43227;43226;43229;44424;44464;5623;5622	964	325	676	388	248.5	2877	177	641	800	334.5	241.5	907	4174	7448.5	9114	1073.5	4054.5	6854.5	732	34.5	675.5	2213.5	6282.5	1297.5	49932.5	2.496.625
ORTHO004090	Small nuclear ribonucleoprotein family protein	AT5G27720	5634;43231;43227;43226;5575;43229;44424;44464;5623;5622;956;6402;16071;16070;44260;43170;71704;8152;8150;44237;9987;90304;6139;46483;6725;1901360;34641;6807;44238;6401;44265;9057;1901575;9056;44248;34655;19439;44270;1901361;46700;245;22618;71826;43933;16043;71840;34622;65003;22607;44085;22613;398;6397;6396;10467;377;375;8380;5732;30529;32991;97526;97525;30532;44428;44446;44422;9793;44702;22414;44699;3006;32502;9790;44767;48856;7275;44707;32501;48316;48608;61458;48731;9791;10154;932;36464;35770;43232;43228;44444;5737;17070;17069;3723;3676;1901363;5488;3674;97159;5688;33962;70925;6996;387	965	925	1254	1543	672.5	2557.5	226	575	931	1282.5	397.5	1354.5	1352	8638.5	9114	2476	400	7028	8281	68.5	8798.5	7683.5	4116	3289.5	68569.5	3.428.475
ORTHO005124	Chalcone-flavanone isomerase family protein	AT5G66230	9813;9812;71704;8152;8150;1901576;9058;45430;16872;16853;3824;3674;9507;9536;43231;43227;43226;5575;43229;44424;44464;5623;5622;44444;5737	966	1218	1080	1194	1066.5	141.5	5410	143.5	1839.5	2654.5	982	2553.5	1352	7779.5	8726.5	797.5	562	6590	6785	3013.5	1744	6266	5263	2382	64985.5	3.249.275
ORTHO003924	oxidoreductase; 2OG-Fe(II) oxygenase family protein	AT4G02940	80167;9628;50896;8150;55114;44710;8152;44699;16706;16705;16491;3824;3674;51213	967	930	1654.75	2342.5	672.5	2837	1011	1823.5	1625	2405	2539	632	4210.5	5154.5	892.5	1429.5	5365	7728	8734.5	662	8738	8644	8806.5	1615.5	74853	3742.65
ORTHO002998	geminivirus rep interacting kinase 1	AT3G45240;AT5G60550	5524;35639;1901265;1901363;5488;3674;97159;43168;43167;32559;30554;17076;166;36094;32555;32553;97367;32550;32549;1882;1883;4674;4672;16301;16772;16740;3824;8152;8150;16310;6796;6793;44237;9987;16773;6468;6464;36211;19538;43170;71704;44238;43412;44267;44260;46777;5634;43231;43227;43226;5575;43229;44424;44464;5623;5622;5515;9615;51707;43207;9605;50896;9607;51704;5737;16032;44764;44403;44419	968	1960	2169.5	3371	1281	3010.5	1093.5	2322	4788.5	6934	8606.5	7614	1352	5822	4233.5	1975.5	219	9010	3421.5	2713.5	2143.5	9167	6709	161.5	81297	4064.85
ORTHO002947	CCT motif family protein	AT1G04500	5634;43231;43227;43226;5575;43229;44424;44464;5623;5622;8150;3674	969	2155	2659.5	4350	1479.5	4758	5581	3095.5	7561.5	4190.5	2653	5667	7963	8877.5	5836.5	1307	2277	5221.5	8447.5	3976	3454.5	4780.5	568.5	417	86633	4331.65
ORTHO001442	epsin N-terminal homology (ENTH) domain-containing protein / clathrin assembly protein-related	AT2G25430;AT4G32285	5794;43231;43227;43226;5575;43229;44424;44464;5623;5622;44444;5737;12505;6897;16192;6810;51234;51179;8150;5545;35091;5543;8289;5488;3674;43168;43167;48268;43623;6461;65003;43933;16043;71840;9987;22607;44085;71822;70271;34622;6901;16050;6996;6900;61024;30136;30135;16023;31988;31982;31410;30276;5515;30118;30117;98796;43234;32991;44425;16020;48475;5886;71944;5634;5905;98589;98805;5829	970	1411	2927	4884	1066.5	2837	624.5	4670	8705	5116	3136.5	5600.5	8605	5350.5	1063	1606	4346.5	7507.5	7197.5	1460	1416	8295.5	8436	3501.5	89474.5	4.473.725
ORTHO004403	C2H2 and C2HC zinc fingers superfamily protein	AT1G68480	10158;1708;48869;44767;32502;8150;44699;44763;9987;45165;30154;3676;1901363;5488;3674;97159;48653;44702;22414;3006;48856;48443;48827;48367;48731;7275;44707;32501;48437;48569;48513;9908;90567;48608;61458;9791;48466;48438;5634;43231;43227;43226;5575;43229;44424;44464;5623;5622;48440;48467;3700;1071;2001141;31326;9889;19222;50789;65007;31323;50794;51252;19219;80090;51171;60255;10556;6355;1903506;10468;2000112;9965;9887;9653;48366;10016;46872;43169;43167;8270;46914;10093;10092;3002;7389;48645;48646;48449;48444;48563;9886	971	248	604.5	238	248.5	228.5	177	129.5	81	985.5	4474.5	5859.5	1352	4807.5	6305	508.5	867	7942.5	3011	1016.5	2189	940	3215	831.5	44921	2246.05
ORTHO001956	Protein kinase superfamily protein	AT4G19110;AT5G45430	5524;35639;1901265;1901363;5488;3674;97159;43168;43167;32559;30554;17076;166;36094;32555;32553;97367;32550;32549;1882;1883;6468;16310;6796;6793;44237;8152;8150;9987;6464;36211;19538;43170;71704;44238;43412;44267;44260;4674;4672;16301;16772;16740;3824;16773;5634;43231;43227;43226;5575;43229;44424;44464;5623;5622;5737	972	73	634.5	297	112	161.5	187.5	291	9034	607.5	161	431	1352	8541.5	9008.5	267	1048	8080	1513	884	517	1827.5	3030.5	400.5	47343	2367.15
ORTHO003821	Protein kinase superfamily protein	AT1G49730;AT3G19300	5886;16020;5575;44464;5623;71944;16301;16772;16740;3824;3674;8152;8150;16310;6796;6793;44237;9987;4674;4672;16773;6468;6464;36211;19538;43170;71704;44238;43412;44267;44260;5524;35639;1901265;1901363;5488;97159;43168;43167;32559;30554;17076;166;36094;32555;32553;97367;32550;32549;1882;1883	973	508	2058.5	3144	248.5	615.5	1789.5	8681.5	239.5	238.5	8566	3983	9167	4798	358	136	1507	8592	8200	68.5	1543.5	8330.5	9132	4016	79962	3998.1
ORTHO005809	Uncharacterised protein family (UPF0497)	AT2G36330;AT5G62820	16021;31224;44425;5575;16020;5886;44464;5623;71944;5634;43231;43227;43226;43229;44424;5622;8150	974	1875	2599.5	4225	1281	8345	5362.5	7409.5	800	930.5	982	393	7743	7699.5	8726.5	2476	1189	6085	1693	3528.5	6431	6791.5	7048.5	2382	86016	4300.8
ORTHO005170	ovate family protein 2	AT2G30400	6351;34645;44260;43170;71704;8152;8150;44237;9987;9059;1901576;9058;44249;97659;32774;16070;90304;6139;46483;6725;1901360;34641;6807;44238;34654;19438;44271;18130;1901362;10467;3677;3676;1901363;5488;3674;97159;5634;43231;43227;43226;5575;43229;44424;44464;5623;5622;45892;1903507;1903506;2001141;31326;9889;19222;50789;65007;31323;50794;51252;19219;80090;51171;60255;10556;1902679;51253;10605;9892;48519;45934;51172;31324;48523;31327;9890;10558;10629;10468;6355;2000112;2000113	975	2630	988	1001	1812	257.5	822.5	462	800	4329	1981	1198.5	1352	8396.5	8893	7782	8188.5	6330	6785	518	914	510	500	2439.5	62459	3122.95
ORTHO003433	actin depolymerizing factor 6	AT2G31200	5737;44424;44464;5575;5623;5622;3779;8092;5515;5488;3674;30042;51261;43624;43241;32984;43933;16043;71840;8150;9987;22411;44763;44699;71822;8154;7015;30036;30029;7010;6996;1902589;15629;5856;43232;43228;43226;43229	976	1820	1039.5	1103	1281	1777	624.5	1484	1430.5	1626.5	3269.5	567	1352	9056	6728	2476	2261.5	7117	8539	635	2392	7567	2311	2522	63735.5	3.186.775
ORTHO002224	exportin 1B	AT3G03110;AT5G17020	51028;50658;50657;15931;71705;6810;51234;51179;8150;71702;51236;6403;33036;31965;31090;16020;5575;44422;43226;43227;44428;44446;44424;44464;5623;5622;43229;5634;43231;5635;31967;31975;12505;9860;44702;22414;44699;904;902;32989;16043;71840;9987;9653;32502;48856;48869;44767;44763;48468;30154;3006;48588;48589;40007;16049;9932;9826;60560;48868;9856;44703;51704;44706;32501;5643;6886;15031;45184;8104;46907;51649;51641;34613;70727;9506;5911;30054;55044;59;43623;6461;65003;43933;22607;44085;71822;70271;34622;6606;17038;44765;1902578;34504;33365;1902580;1902593;1902582;51170;6913;16482;51169;72594;44744;6605;8536;17016;31267;51020;19899;5515;5488;3674;9553;48229;7275;44707;5737;9846;8565;22892;5215;9555;4872;60089;9408;9266;9628;50896;6950;6611;51168;5829;44444	977	1553	1870.5	2764	1584.5	8310	924	1581	5851.5	2524.5	4815.5	8702.5	1352	8811.5	6545	797.5	2253.5	7761	2014	1208	1899	7183	2380.5	2699.5	77613.5	3.880.675
ORTHO003535	Plant protein of unknown function (DUF827)	AT5G55860	5886;16020;5575;44464;5623;71944;5829;44444;44424;5622;5737;9903;9902;9658;9657;6996;16043;71840;8150;9987;19750;51644;51640;51641;51179;51667;51649;51234;51656;9904;3674	978	1329	1044	1110	4356	2097.5	2155	834.5	4740.5	502	478.5	1854	1352	7996	9046	2476	3752	6590	1164.5	4848	1786	6512.5	2713	2940	63838	3191.9
ORTHO000987	NAD(P)-binding Rossmann-fold superfamily protein	AT1G30620;AT4G20460;AT5G44480	5794;43231;43227;43226;5575;43229;44424;44464;5623;5622;44444;5737;12505;9225;6139;46483;44237;8152;8150;9987;6725;1901360;71704;34641;6807;44238;1901135;19567;19322;46364;5996;44723;5975;44710;44699;44281;44283;44711;9058;16051;1901576;19321;19566;32580;139;98588;31090;16020;44422;44431;44446;31985;98791;31984;5795;3978;16857;16854;16853;3824;3674;16021;31224;44425;45227;45230;45229;16043;71840;45226;33692;271;5976;43170;9059;34637;44262;44763;44249;44264;44260;34645;46379;50373;9832;42546;44085;71554;71669;33358;33356;9226;1901137;34654;19438;44271;18130;1901362;50662;48037;5488;6012;19318	979	1145	2365.5	3752	1066.5	7278	1881	1013.5	1328.5	5834	2809.5	5231.5	1352	5581	1040.5	1606	867	7846	8472	6754	1654	8814.5	8919	5007.5	83289.5	4.164.475
ORTHO004767	F-box family protein	AT4G33160	6511;19941;51603;6508;19538;43170;71704;8152;8150;44238;44257;30163;9057;1901575;9056;44265;44260;44237;9987;44248;44267;43632;4842;19787;16740;3824;3674;16567;32446;70647;6464;36211;43412;5634;43231;43227;43226;5575;43229;44424;44464;5623;5622	980	1377	2443	3906	4356	6946	687.5	4462	702.5	1094.5	5380	307.5	7963	7779.5	8726.5	2476	523	6590	7042	1094	7166	6895.5	5541.5	2850	84227	4211.35
ORTHO002991	Protein of unknown function (DUF2296)	AT2G24330;AT4G31080	5634;43231;43227;43226;5575;43229;44424;44464;5623;5622;3674;5783;44444;5737;12505;8150	981	1660	3263.5	5546	1281	4404	7798	2000	2202	1926.5	1623	8939	8754.5	5011.5	599	1429.5	8542.5	7597	1975.5	3483.5	8935.5	8486	2341	6732.5	92780.5	4.639.025
ORTHO000907	unknown protein	AT2G12400;AT2G25270	5576;5575;8150;9506;5911;30054;55044;3674;5886;16020;44464;5623;71944	982	606	1773	2564	407	7116	776.5	2250	1198	1506.5	3366.5	8562.5	9103	4760	287	1132.5	8070.5	8179	8702.5	270.5	8350.5	822	433.5	1597.5	76484.5	3.824.225
ORTHO003546	phosphoribulokinase	AT1G32060	9570;9532;44435;44444;44424;44464;5575;5623;5622;5737;44446;44422;43226;43229;9536;43231;43227;44434;9507;42742;9617;51707;43207;9605;50896;8150;9607;51704;98542;6952;6950;9941;9526;31967;31975;6206;9112;55086;6139;46483;44237;8152;9987;6725;1901360;71704;34641;6807;44238;44281;44710;44699;44763;1901564;72527;9535;55035;42651;34357;16020;44436;9579;31976;31984;9534;5829;9409;9266;9628;18119;17014;6464;36211;19538;43170;43412;44267;44260;18198;18193;43097;43174;43094;44249;9058;9163;1901659;1901137;1901135;1901576;1901657;44711;1901566;34654;19438;44271;18130;1901362;9116;46134;72528;6213;8655;8974;16301;16772;16740;3824;3674;16310;6796;6793;16773;5524;35639;1901265;1901363;5488;97159;43168;43167;32559;30554;17076;166;36094;32555;32553;97367;32550;32549;1882;1883;10319;48046;5576;4849;19206;19205;9165;1901293;90407;19637;6753;9117;6222;9220;9260;46390;19693;9259;9218;6220;6221;9174;9173;9161;9123;9129;9130;9124;9156;46132;46131;9119;42455;46049;5515;9735;9725;9719;10033;42221	983	521	1050	1117	672.5	125.5	575	96	3425	3027.5	4418.5	5720.5	1352	6764.5	8553	797.5	7721	7942.5	4485	971	2257	4169	646.5	885.5	63932.5	3.196.625
ORTHO001503	myb domain protein 61	AT1G09540	1944;48731;48856;32502;8150;7275;44767;44699;44707;32501;72358;72359;9733;9725;9719;50896;10033;42221;48364;48513;22622;3700;1071;3674;2001141;31326;9889;19222;50789;65007;31323;50794;51252;19219;80090;51171;60255;10556;6355;1903506;10468;2000112;3677;3676;1901363;5488;97159;3682;44877;10119;5634;43231;43227;43226;5575;43229;44424;44464;5623;5622;10089;10087;9888;10214;3006;22414;48316;48608;61458;44702;9791;10154	984	1588	2695.5	4407	1584.5	3511	7778	7935.5	3019	2059	4485.5	6171.5	1352	7343.5	8276	2476	901	8488	2286.5	1788	7568	4169	3649	3635.5	86892	4344.6
ORTHO000369_1	beta vacuolar processing enzyme	AT1G62710	51603;6508;19538;43170;71704;8152;8150;44238;44257;30163;9057;1901575;9056;44265;44260;44237;9987;44248;44267;6624;16485;51604;10467;43202;5775;44437;44444;44424;44464;5575;5623;5622;5737;44446;44422;43226;43229;5773;43231;43227;70013;43233;31974;5764;323;4197;8234;70011;8233;16787;3824;3674;4175	985	1601	2629.5	4274	1281	1658.5	1377.5	3608	1328.5	4634.5	5973.5	6287.5	1352	7300	8240.5	797.5	8188.5	8114.5	6265.5	1940	6810.5	5376	5171.5	1825	86249.5	4.312.475
ORTHO001874	RING/FYVE/PHD zinc finger superfamily protein	AT5G05830	5634;43231;43227;43226;5575;43229;44424;44464;5623;5622;8270;46914;46872;43169;43167;5488;3674	986	2751	2008.5	3031	1812	7895	6560.5	2185	1042.5	7183	8606.5	7861	1352	3815.5	3047.5	1606	3245	4747.5	1311	3448	3511.5	1466	3519	6883	79285.5	3.964.275
ORTHO001235	aldehyde dehydrogenase 3H1	AT1G44170;AT4G34240	9737;9725;9719;50896;8150;10033;42221;33993;97305;1901700;1101;9651;6970;9628;6950;4028;16620;16903;16491;3824;3674;8152;55114;44710;44699;16020;5575;6081;71704;44763;9987;44237;5783;43231;43227;43226;43229;44424;44464;5623;5622;44444;5737;12505;9269;9414;9415;10035;4029;9536;5773;9506;5911;30054;55044;5794;5739;9941;9526;31967;31975;44446;44422;44435;44434;9507;33721	987	644	3268.5	5550	672.5	615.5	3628.5	2000	2914.5	1926.5	1623	4309	9150.5	4890.5	473.5	508.5	630	8327	8873	8125.5	9155.5	9010	9121.5	7508	92790.5	4.639.525
ORTHO005496	Ribosomal L29 family protein	AT5G65220	9941;9526;31967;31975;44464;5575;5623;44446;44422;43226;44424;5622;43229;43227;44435;44444;5737;9536;43231;44434;9507;3735;5198;3674;9570;9532;42254;22613;44085;71840;8150;6412;43043;43604;43603;34641;6807;8152;44237;9987;44271;44249;9058;6518;1901564;71704;1901566;1901576;44267;19538;43170;44238;44260;34645;9059;10467;5840;30529;32991;43232;43228;9295	988	321	583	178	672.5	3066	1484	602	1328.5	136	865	3578.5	1352	5540	693	508.5	179	8222	1389	8918.5	194	348.5	131	3667.5	42203	2110.15
ORTHO003779	protein binding	AT3G52770	43433;44092;65009;65007;8150;45892;1903507;1903506;2001141;31326;9889;19222;50789;31323;50794;51252;19219;80090;51171;60255;10556;1902679;51253;10605;9892;48519;45934;51172;31324;48523;31327;9890;10558;10629;10468;6355;2000112;2000113;51090;10305;10051;3002;7389;44767;32502;44699;44707;32501;7275;5515;5488;3674;5634;43231;43227;43226;5575;43229;44424;44464;5623;5622;10075;48509;2000026;50793;51239;48638;40008;10073;48507;9888;48856;48513;48731;9943;9798;9955;6351;34645;44260;43170;71704;8152;44237;9987;9059;1901576;9058;44249;97659;32774;16070;90304;6139;46483;6725;1901360;34641;6807;44238;34654;19438;44271;18130;1901362;10467;10358;48532;9653;9965;9887;48366;48827;48367;10016	989	2602	3663	6337	1812	7905.5	5362.5	1640.5	1198	8398	9044.5	5257	1352	8825.5	5969	7782	8618.5	6388.5	1463	4392	1100	6791.5	1937.5	3721	97146.5	4.857.325
ORTHO005556	Protein prenylyltransferase superfamily protein	AT3G04830;AT5G28220	5794;43231;43227;43226;5575;43229;44424;44464;5623;5622;44444;5737;12505;5634;5783;8150;16740;3824;3674;8152	990	731	1466.5	1943	672.5	2054	6572	488	160.5	5233	5108.5	212.5	8380	6542.5	8203.5	2476	3167.5	6590	2042	1811	2123	5434	4748	847	72193	3609.65
ORTHO000880	CYS; MET; PRO; and GLY protein 1	AT1G66160;AT5G37490	16874;3824;3674;8152;8150;16567;32446;70647;6464;36211;19538;43170;71704;44238;43412;44267;44260;44237;9987;5737;44424;44464;5575;5623;5622;10200;10243;9719;50896;10033;42221;1901698;1901700;4842;19787;16740;5634;43231;43227;43226;43229	991	1045	1602.5	2214	944.5	2295.5	444.5	1912	4275	502	982	3108	1352	9108.5	6728	976.5	562	7408	1612.5	2986	8798.5	8588.5	8930	3447.5	74017	3700.85
ORTHO002799	P-loop containing nucleoside triphosphate hydrolases superfamily protein	AT2G15730;AT4G34420	5794;43231;43227;43226;5575;43229;44424;44464;5623;5622;44444;5737;12505;16787;3824;3674;8152;8150	992	2142	1488	1984	4356	3270.5	1247	834.5	1328.5	4763	8871	5096	6895.5	6475	8138	2476	3891.5	5221.5	1345	586	1761	3955.5	4668	1615.5	72439	3621.95
ORTHO001157	response regulator 3	AT2G41310;AT3G57040	7623;48511;8150;9736;9755;7165;50794;50789;65007;51716;9987;50896;7154;44763;44699;44700;23052;32870;9725;9719;10033;42221;71495;71310;70887;71368;9735;156;5057;4871;60089;3674;35556;160;5622;44464;5575;5623;5634;43231;43227;43226;43229;44424;6355;1903506;2001141;31326;9889;19222;31323;51252;19219;80090;51171;60255;10556;10468;2000112;5515;5488;6351;34645;44260;43170;71704;8152;44237;9059;1901576;9058;44249;97659;32774;16070;90304;6139;46483;6725;1901360;34641;6807;44238;34654;19438;44271;18130;1901362;10467	993	738	1831.5	2670	1584.5	3531	575	3381	7455	1208.5	4570	1070.5	1352	9134.5	6791	1073.5	2195	8751	5272.5	2986	3162.5	8434	2191.5	4016	77150.5	3.857.525
ORTHO002815	ARM repeat superfamily protein	AT1G61350	5737;44424;44464;5575;5623;5622	994	1002	533.5	73	365.5	5904	1011	3842	3914.5	4831.5	56	2000.5	4077	138	136.5	335	294.5	5626	436.5	366.5	684	380	89	125	34247.5	1.712.375
ORTHO000963	MIRO-related GTP-ase 3	AT3G05310;AT3G63150;AT5G27540	5739;43231;43227;43226;5575;43229;44424;44464;5623;5622;44444;5737;3924;17111;16462;16818;16817;16787;3824;3674;8152;8150;31307;31306;98573;31300;44422;31224;44425;16020;31090;44455;44429;44446;31966;5740;31967;31975;5741;31968;19867;98805;98588;32592;31301;16021;7264;35556;7165;50794;50789;65007;51716;9987;50896;7154;44763;44699;44700;23052;19725;42592;65008;5525;35639;1901265;1901363;5488;97159;43168;43167;32550;32549;1882;36094;97367;1883;32561;19001;17076;166;32555;32553;7005;6996;16043;71840;5509;46872;43169;9737;9725;9719;10033;42221;33993;97305;1901700;1101;9860;44702;22414;904;902;32989;9653;32502;48856;48869;44767;48468;30154;3006;48588;48589;40007;16049;9932;9826;60560;48868;9856;44703;51704;44706;32501;9790;7275;44707;9793;48316;48608;61458;48731;9791;10154	995	181	1295.5	1596	672.5	560.5	210	1114.5	224.5	334.5	454	1830	9103	8993	6764.5	267	562	7677.5	3653	68.5	8909	7259	8723	2314	69021.5	3.451.075
ORTHO001636	myb domain protein 3	AT1G22640;AT4G09460	6355;1903506;2001141;31326;9889;19222;50789;65007;8150;31323;50794;51252;19219;80090;51171;60255;10556;10468;2000112;5634;43231;43227;43226;5575;43229;44424;44464;5623;5622;6351;34645;44260;43170;71704;8152;44237;9987;9059;1901576;9058;44249;97659;32774;16070;90304;6139;46483;6725;1901360;34641;6807;44238;34654;19438;44271;18130;1901362;10467;3677;3676;1901363;5488;3674;97159;3700;1071;9651;6970;9628;50896;6950;9800;9803;42537;9698;19748;44710;44699;44763;32787;19752;43436;6082;44281;72330;46394;16053;44283;44711;9699;44550;3682;44877;9751;14070;10033;42221;1101;1901700;9737;9725;9719;33993;97305;9611;9892;48519;9753;9739	996	1724	673.5	351	4356	961.5	2234.5	676	553.5	295	1623	1576.5	6804.5	4560	6192.5	1830	33.5	5221.5	4485	3721.5	4519	1310	986.5	1580.5	49164.5	2.458.225
ORTHO001977	HIT zinc finger	AT1G56460;AT2G47350	6355;1903506;2001141;31326;9889;19222;50789;65007;8150;31323;50794;51252;19219;80090;51171;60255;10556;10468;2000112;9507;9536;43231;43227;43226;5575;43229;44424;44464;5623;5622;44444;5737;31011;97346;70603;44428;44446;44422;5634;43234;32991;44454;44427;5694;43232;43228;228;31981;70013;43233;31974;33202;1902494;790;785;6338;16568;6325;43933;16043;71840;9987;51276;6996	997	1535	988	979	1066.5	7834.5	1672.5	3971	702.5	4073.5	982	2038	6397.5	4415.5	6007	1830	2930.5	4887	904	3288	3646	1910	3171	1414.5	62075	3103.75
ORTHO001596	expansin A8	AT2G40610	9664;71555;45229;16043;71840;8150;9987;71554;71669;9828;9827;42545;6949;44767;32502;44699;44763;48646;9653;48856;9826;902;32989;48869;60560;48589;40007;16049;9831;42547;9825;5576;5575;16020;5618;30312;44464;5623;71944	998	2590	2899.5	4801	1812	1089	1330.5	9027	4573.5	8168.5	9044.5	6701	3968.5	8686.5	5596.5	2476	1678.5	6471	2260	971	1121	7320	4271.5	4291.5	89046	4452.3
ORTHO006000	Peroxidase superfamily protein	AT1G68850	5576;5575;55114;44710;8152;8150;44699;48511;4601;16684;16491;3824;3674;16209;42744;42743;72593;44237;9987;44712;9056;44763;44248;46872;43169;43167;5488;6979;6950;50896;20037;46906;1901363;97159	999	254	642	285	672.5	8278	444.5	1322	702.5	136	804.5	2197	1352	6227.5	6608.5	136	1753.5	7571	824.5	326.5	1105	4709	2202	82	46782	2339.1
ORTHO002321	fatty acyl-ACP thioesterases B	AT1G08510	16297;4312;16747;16746;16740;3824;3674;8152;8150;16790;16788;16787;6633;72330;46394;16053;6082;71704;44281;44710;44699;44763;9987;44237;44283;44711;9058;1901576;44249;19752;43436;32787;6631;44255;6629;44238;8610;36;44620;51192;48037;5488;9507;9536;43231;43227;43226;5575;43229;44424;44464;5623;5622;44444;5737	1000	1604	1913.5	2827	1584.5	838.5	605.5	834.5	9133	7862.5	744	5295.5	7377.5	7343.5	8316.5	2476	1396.5	8702.5	2478.5	1486	1435.5	5924	3832.5	1906.5	77989	3899.45
ORTHO000571	Leucine-rich repeat protein kinase family protein	AT2G45340;AT4G22730;AT5G51560	5524;35639;1901265;1901363;5488;3674;97159;43168;43167;32559;30554;17076;166;36094;32555;32553;97367;32550;32549;1882;1883;6468;16310;6796;6793;44237;8152;8150;9987;6464;36211;19538;43170;71704;44238;43412;44267;44260;4672;16301;16772;16740;3824;16773;4674;16021;31224;44425;5575;16020;7169;7167;7166;7165;50794;50789;65007;51716;50896;7154;44763;44699;44700;23052;5886;44464;5623;71944;46777	1001	1991	523	45	1281	3801	1410	310.5	3991.5	855	5148.5	164.5	4010.5	138	136.5	3183	235.5	985	2014	2409.5	139.5	300.5	1235	265.5	30733.5	1.536.675
ORTHO001065_1	Transducin/WD40 repeat-like superfamily protein	AT2G38630;AT3G54190	5739;43231;43227;43226;5575;43229;44424;44464;5623;5622;44444;5737;3674;8150	1002	2195	2210	3418	4356	8050	5673.5	1604.5	2202	2284	1981	6171.5	3865.5	6764.5	8203.5	7782	1581	5368	1051.5	3431	4023	4169	3945	3401.5	81552	4077.6
ORTHO001417	ribosomal protein L18	AT3G05590;AT5G27850	5774;44437;44444;44424;44464;5575;5623;5622;5737;44446;44422;43226;43229;5773;43231;43227;98588;31090;16020;98805;9507;9536;3735;5198;3674;15934;44391;30529;32991;5840;43232;43228;6412;43043;43604;43603;34641;6807;8152;8150;44237;9987;44271;44249;9058;6518;1901564;71704;1901566;1901576;44267;19538;43170;44238;44260;34645;9059;10467;5886;71944;22625;44445;5829;22626;3723;3676;1901363;5488;97159;5515;9506;5911;30054;55044	1003	2475	1143	1283	4356	7834.5	1789.5	834.5	1234	1462	744	79.5	6895.5	4486	6192.5	508.5	867	5221.5	4756.5	4527	7166	3026	4843.5	3447.5	65915.5	3.295.775
ORTHO001750	Mitochondrial substrate carrier family protein	AT4G32400	1901679;55085;44763;9987;8150;44699;44765;6810;51234;51179;1902578;6862;15748;71702;15931;71705;9941;9526;31967;31975;44464;5575;5623;44446;44422;43226;44424;5622;43229;43227;44435;44444;5737;9536;43231;44434;9507;16021;31224;44425;16020;9706;9528;19866;31090;42170;31969;5739;15215;15605;1901677;22857;5215;3674;15932;22891;22892;6839;1902582;46907;51649;51641;5743;31966;44429;5740;9793;44702;22414;3006;32502;9790;44767;48856;7275;44707;32501;48316;48608;61458;48731;9791;10154	1004	2511	1307.5	1611	4356	961.5	624.5	834.5	1133	4224.5	5407.5	679.5	6895.5	4486	6192.5	6712.5	4135	5221.5	4756.5	436	5265	2923.5	4806.5	3401.5	69097	3454.85
ORTHO001316	Nucleotide-sugar transporter family protein	AT3G11320;AT5G05820	5783;43231;43227;43226;5575;43229;44424;44464;5623;5622;44444;5737;12505;5794;5886;16020;71944;98656;6820;6811;44765;6810;51234;51179;8150;1902578;44699;34220;55085;44763;9987;16021;31224;44425;8514;8509;15075;22891;22857;5215;3674;22892;15711;71702	1005	2862	795.5	586	4356	994.5	3224.5	1780.5	702.5	1970.5	1623	907	1352	3374	4842.5	1606	3752	5720	4388	366.5	4384	2061	4414.5	7161.5	54624.5	2.731.225
ORTHO004133	Protein kinase superfamily protein	AT5G07620	5886;16020;5575;44464;5623;71944;16301;16772;16740;3824;3674;8152;8150;16310;6796;6793;44237;9987	1006	2051	4475	7944	1281	2054	5504	8871	8882.5	1970.5	1981	5295.5	8675.5	5077	693	1429.5	1545.5	7967.5	8886.5	7498.5	8618.5	8630.5	9022.5	5913	108516	5425.8
ORTHO006735	Nitrilase/cyanide hydratase and apolipoprotein N-acyltransferase family protein	AT5G12040	9570;9532;44435;44444;44424;44464;5575;5623;5622;5737;44446;44422;43226;43229;9536;43231;43227;44434;9507;6107;43648;19752;43436;6082;71704;8152;8150;44281;44710;44699;44763;9987;44237;6108;6807;5829;50152;16811;16810;16787;3824;3674;8270;46914;46872;43169;43167;5488	1007	1339	634	261	4356	451.5	288.5	805.5	317.5	402.5	291	907	1352	4616	6425.5	1830	5329.5	6029.5	3421.5	2713.5	593.5	4169	3884	2003.5	45831	2291.55
ORTHO003297	Nucleotide-diphospho-sugar transferases superfamily protein	AT2G37090	139;98588;31090;16020;5575;44422;43226;43227;44431;44444;44424;44464;5623;5622;5737;44446;43229;5794;43231;12505;71555;45229;16043;71840;8150;9987;71554;15018;15020;8194;16757;16740;3824;3674;8152;16758;10413;45491;10410;10383;5976;5975;71704;44238;43170;44036;44260;44237;45492;70592;33692;271;16051;44723;44710;44699;1901576;9058;44711;9059;34637;44262;44763;44249;44264;34645;44038;70589;44085;42546;9834;9832;71669;10417;42285;16763	1008	1341	956	904	1066.5	186.5	1672.5	1114.5	8259	4570	5351	2160	6397.5	4560	6054.5	1830	2174.5	5518	598.5	3638.5	3870	889.5	678.5	1414.5	60937.5	3.046.875
ORTHO001844	CBL-interacting protein kinase  17	AT1G48260;AT3G17510	16301;16772;16740;3824;3674;8152;8150;16310;6796;6793;44237;9987;5886;16020;5575;44464;5623;71944;6970;9628;50896;6950;5515;5488;9651;9737;9725;9719;10033;42221;33993;97305;1901700;1101	1009	1432	1615.5	2222	4356	1329	2528	4109.5	1753	674	865	2160	1352	7850	8793	797.5	7742.5	6590	7281	4586	7166	4612.5	1035	2850	74074	3703.7
ORTHO002540	ARID/BRIGHT DNA-binding domain-containing protein	AT3G43240	3677;3676;1901363;5488;3674;97159;6355;1903506;2001141;31326;9889;19222;50789;65007;8150;31323;50794;51252;19219;80090;51171;60255;10556;10468;2000112;8270;46914;46872;43169;43167;5622;44464;5575;5623;6351;34645;44260;43170;71704;8152;44237;9987;9059;1901576;9058;44249;97659;32774;16070;90304;6139;46483;6725;1901360;34641;6807;44238;34654;19438;44271;18130;1901362;10467;5634;43231;43227;43226;43229;44424	1010	1492	1235.5	1461	1066.5	3406.5	2234.5	112.5	393.5	642.5	982	409.5	8306	7909	8942.5	2476	2195	6590	1232	4664.5	7254	6266	1072	2850	67938	3396.9
ORTHO003840	RING/FYVE/PHD-type zinc finger family protein	AT1G29800	32587;31253;44463;44464;5575;5623;42995;98590;44459;44425;16020;5886;71944;98589;98805;31256;31252;1726;1900027;60491;44087;50789;65007;8150;31344;51128;50794;35091;5543;8289;5488;3674;43168;43167;8270;46914;46872;43169;5737;44424;5622;7165;51716;9987;50896;7154;44763;44699;44700;23052	1011	2063	1732.5	2454	4356	244	2234.5	1709	7831	2284	8820	1576.5	6731.5	4415.5	6137	1830	3891.5	5221.5	4328.5	4392	4384	2112.5	4500.5	3103.5	75747	3787.35
ORTHO005259	O-fucosyltransferase family protein	AT3G26370	16757;16740;3824;3674;8152;8150;5794;43231;43227;43226;5575;43229;44424;44464;5623;5622;44444;5737;12505;5802;98791;44431;44446;44422;31984;5768	1012	1034	606.5	201	4356	1705	5521	175.5	2390.5	2524.5	2129.5	818.5	1352	4899	343	508.5	9050.5	1332.5	216	616.5	306.5	738	1263	7721.5	43611.5	2.180.575
ORTHO000754_1	unknown protein	AT4G27020;AT5G54870	5773;43231;43227;43226;5575;43229;44424;44464;5623;5622;44444;5737;9507;9536;3674;8150	1013	350	626.5	240	672.5	4229	444.5	1013.5	1430.5	1003.5	397.5	4949	7743	4706.5	6378.5	136	202	6145	2532.5	78	696.5	1910	416.5	707	45119	2255.95
ORTHO002703	26S proteasome regulatory subunit; putative (RPN5)	AT5G09900;AT5G64760	5634;43231;43227;43226;5575;43229;44424;44464;5623;5622;6511;19941;51603;6508;19538;43170;71704;8152;8150;44238;44257;30163;9057;1901575;9056;44265;44260;44237;9987;44248;44267;43632;502;43234;32991;5737;3674;8541;5838;22624;5829;44444;9793;44702;22414;44699;3006;32502;9790;44767;48856;7275;44707;32501;48316;48608;61458;48731;9791;10154;9506;5911;30054;55044;43161;10498;31595;44428;44446;44422;31981;70013;43233;31974	1014	543	621	228	672.5	103	117.5	236.5	2264	136	3461	46	1352	5907	4705.5	797.5	3836.5	7493.5	904	346	147.5	8434	2965	1188	44440.5	2.222.025
ORTHO001403	DIRP	AT3G05380;AT3G21430;AT5G27610	7049;44763;9987;8150;44699;5634;43231;43227;43226;5575;43229;44424;44464;5623;5622;6351;34645;44260;43170;71704;8152;44237;9059;1901576;9058;44249;97659;32774;16070;90304;6139;46483;6725;1901360;34641;6807;44238;34654;19438;44271;18130;1901362;10467;3677;3676;1901363;5488;3674;97159;5515;3682;44877;17053;43234;32991;3700;1071;2001141;31326;9889;19222;50789;65007;31323;50794;51252;19219;80090;51171;60255;10556;6355;1903506;10468;2000112	1015	1435	2380.5	3746	4356	1423	5362.5	4099	8392	450.5	982	2851	7743	7779.5	8726.5	2476	7691	6590	3904.5	3528.5	1889.5	4169	928.5	4291.5	83277.5	4.163.875
ORTHO005444	unknown protein	AT3G18050	8150;5886;16020;5575;44464;5623;71944;31225;31224;44425;3674	1016	1518	2209	3402	4356	8118	1789.5	4266	7748	3831	5450.5	5795.5	7377.5	7850	8316.5	797.5	2615.5	6029.5	1051.5	3774.5	4384	448	195	1615.5	81453.5	4.072.675
ORTHO002051	C2H2-type zinc finger family protein	AT3G57670	3676;1901363;5488;3674;97159;10500;48467;48438;44767;32502;8150;44699;44702;22414;3006;48856;9908;90567;48608;61458;48731;7275;44707;32501;9791;48367;6355;1903506;2001141;31326;9889;19222;50789;65007;31323;50794;51252;19219;80090;51171;60255;10556;10468;2000112;6351;34645;44260;43170;71704;8152;44237;9987;9059;1901576;9058;44249;97659;32774;16070;90304;6139;46483;6725;1901360;34641;6807;44238;34654;19438;44271;18130;1901362;10467;9860;904;902;32989;16043;71840;9653;48869;44763;48468;30154;48588;48589;40007;16049;9932;9826;60560;48868;9856;44703;51704;44706;5634;43231;43227;43226;5575;43229;44424;44464;5623;5622;8270;46914;46872;43169;43167;1990058;10154;3700;1071	1017	1645	3968	6919	1281	8382	1954	4571	2367.5	1409.5	1810	8724.5	8410.5	8843	6560	2476	3493.5	6896	1589	4848	6696	7992	8585	5222.5	100830	5041.5
ORTHO000994	galacturonosyltransferase 9	AT3G02350;AT3G25140	139;98588;31090;16020;5575;44422;43226;43227;44431;44444;44424;44464;5623;5622;5737;44446;43229;5794;43231;12505;16757;16740;3824;3674;8152;8150;45489;271;5976;5975;71704;44238;43170;16051;44723;44710;44699;1901576;9058;44711;9059;45488;10393;5802;98791;31984;47262;8194;16758;16021;31224;44425;5768;7155;22610;10289;10394;52325;70592;10383;44036;44260;44237;9987;71554;33692;34637;44262;44763;44249;44264;34645;44038;70589;44085;71840;42546;52546;9664;71555;45229;16043;71669;9832;5739	1018	179	1114.5	1211	248.5	560.5	1611.5	1204.5	393.5	1028.5	1981	130	2724.5	6434	6504.5	25.5	1356.5	7471.5	692	6467.5	8534	8182	8686.5	1131	65119	3255.95
ORTHO004455	Mitochondrial substrate carrier family protein	AT3G21390;AT5G48970	5215;3674;6810;51234;51179;8150;15893;44765;1902578;44699;42493;42221;50896;5743;19866;31090;16020;5575;44422;43226;43227;44424;44464;5623;5622;31967;31975;44446;43229;31966;44429;44444;5737;5739;43231;5740;51180;16021;31224;44425;90422;51183;45118;90484;45117;71705;71702;30974;15695;6812;6811;15748;51181;15711;6820;72348;6839;1902582;46907;51649;51641	1019	573	1132.5	1246	672.5	6227.5	1490.5	488	800	4086	241.5	818.5	8094	4736	6464.5	1830	2063	6217	6109.5	4131	7568	2677	700.5	807	65549.5	3.277.475
ORTHO002364	unknown protein	AT3G27390;AT5G40640	5886;16020;5575;44464;5623;71944;3674;16021;31224;44425;8150;9507;9536;43231;43227;43226;43229;44424;5622;44444;5737	1020	2622	1002.5	985	1812	1423	6998	4462	2505.5	1371	4097	5150	4617.5	3815.5	2396.5	1606	1482.5	7117	3944	2534.5	2333	1179	3284.5	1825	62141.5	3.107.075
ORTHO002498	peptide met sulfoxide reductase 4	AT4G25130;AT5G07470;AT5G61640	5739;43231;43227;43226;5575;43229;44424;44464;5623;5622;44444;5737;6464;36211;19538;43170;71704;8152;8150;44238;43412;44267;44260;44237;9987;8113;16671;16667;16491;3824;3674;55114;44710;44699;9570;9532;44435;44446;44422;9536;44434;9507;9941;9526;31967;31975;9735;9725;9719;50896;10033;42221;30091;34599;6979;6950;33554;51716;70887;9416;9314;9628;5829	1021	562	1392.5	1764	248.5	2358	652	8850	3450	5426.5	354.5	4162.5	1352	4995.5	638	136	793	8340	2575.5	3300.5	3252	8910.5	8723	2314	70583.5	3.529.175
ORTHO001415	Protein of unknown function DUF829; transmembrane 53	AT2G15695;AT5G44250	3674;8150;5634;43231;43227;43226;5575;43229;44424;44464;5623;5622;5777;42579;44444;5737	1022	191	2271	3520	248.5	4794.5	7389.5	517	3425	210.5	4678.5	5931	1352	8954	6608.5	267	2420.5	9035	5400	4169.5	9043.5	4612.5	1581	1696.5	82086	4104.3
ORTHO004866	peroxin 22	AT3G21865	5515;5488;3674;5778;44439;44438;44444;44424;44464;5575;5623;5622;5737;44446;44422;43226;43229;42579;43231;43227;5777;31903;98588;31090;16020;98805;5739;15031;45184;51234;51179;8150;8104;33036;71702;6810;16021;31224;44425;7031;6996;16043;71840;9987	1023	1119	1511.5	2000	4356	8050	3025	1780.5	597.5	4496.5	1144	409.5	1352	7536	8726.5	2476	3132	6388.5	577.5	5002	5637	5308.5	4434.5	2485	72558.5	3.627.925
ORTHO004505	squamosa promoter binding protein-like 7	AT5G18830	6355;1903506;2001141;31326;9889;19222;50789;65007;8150;31323;50794;51252;19219;80090;51171;60255;10556;10468;2000112;5634;43231;43227;43226;5575;43229;44424;44464;5623;5622;3677;3676;1901363;5488;3674;97159;46872;43169;43167;3700;1071;55070;55076;55065;98771;50801;48878;42592;65008;55080;6351;34645;44260;43170;71704;8152;44237;9987;9059;1901576;9058;44249;97659;32774;16070;90304;6139;46483;6725;1901360;34641;6807;44238;34654;19438;44271;18130;1901362;10467	1024	201	739	454	248.5	892	444.5	378.5	6379.5	821	804.5	1954	1352	8210.5	8593.5	267	7788.5	6854.5	2618.5	813	1332.5	1010.5	728.5	314	51557	2577.85
ORTHO001522	TRAF-like superfamily protein	AT1G04300;AT5G43560;AT5G52330	5634;43231;43227;43226;5575;43229;44424;44464;5623;5622;5886;16020;71944;9507;9536;44444;5737;43424;19901;19900;19899;5515;5488;3674	1025	977	1026.5	1028	4356	476	822.5	397	98	2524.5	982	337.5	1352	8418.5	8726.5	7782	7582.5	6440	1004.5	270.5	6578.5	4970.5	1767.5	2229	62759.5	3.137.975
ORTHO001402	BAH domain	AT3G48050;AT3G48060	35278;40033;17148;10629;10605;9892;48519;50789;65007;8150;19222;60255;10468;6417;10608;32268;51246;80090;31323;50794;34248;51171;2000112;31326;9889;10556;34249;51172;31324;48523;2000113;31327;9890;10558;32269;51248;45974;35195;35194;16441;40029;16458;44763;9987;44699;31047;6368;6354;32774;9059;43170;71704;8152;1901576;9058;16070;44260;44237;90304;6139;46483;6725;1901360;34641;6807;44238;34654;19438;44249;44271;18130;1901362;6351;34645;97659;10467;6366;932;36464;35770;30529;32991;5575;44424;44464;5623;5622;43232;43228;43226;43229;44444;5737;42787;16567;32446;70647;6464;36211;19538;43412;44267;6511;19941;51603;6508;44257;30163;9057;1901575;9056;44265;44248;43632;70449;8023;44451;44428;44446;44422;5634;43231;43227;5654;31981;70013;43233;31974;43234;4842;19787;16740;3824;3674;3677;3676;1901363;5488;97159;5576	1026	445	1803.5	2581	248.5	2097.5	444.5	4571	435	4831.5	5450.5	1658	8754.5	7101	8968.5	2476	3589	6784	299	1016.5	118.5	7332.5	7435.5	3179.5	76542.5	3.827.125
ORTHO001526	O-Glycosyl hydrolases family 17 protein	AT2G05790;AT4G26830;AT5G55180	4553;16798;16787;3824;3674;8152;8150;5975;71704;44238;5886;16020;5575;44464;5623;71944	1027	831	2065	3103	672.5	476	5935	378.5	4953	4377.5	5020.5	5741.5	4102	6764.5	8726.5	976.5	3344	8832	2150.5	2289	653	6576.5	5710.5	2699.5	79706.5	3.985.325
ORTHO003635	Calcium-dependent lipid-binding (CaLB domain) family protein	AT1G04540;AT2G33320	16020;5575;8150	1028	1527	3040.5	5053	4356	2981	5997.5	1709	8988.5	1318	7199	5295.5	8675.5	5175	693	1429.5	1545.5	7910.5	1942.5	3448	2749.5	8630.5	9022.5	5601	90311.5	4.515.575
ORTHO004231	succinate dehydrogenase 2-1	AT3G27380;AT5G40650	45273;98803;98796;43234;32991;5575;44425;16020;70469;44424;44464;5623;5622;45281;1990204;1902494;6121;22904;22900;6091;44237;8152;8150;9987;55114;44710;44699;44763;45333;15980;42775;42773;6119;16310;6796;6793;46034;9150;6163;72521;46483;6725;1901360;71704;34641;6807;1901564;9117;6753;19637;55086;6139;44238;44281;9259;19693;1901135;9167;9161;9123;9126;9205;9144;9141;9199;46128;9119;9116;1901657;42278;6099;6101;72350;19752;43436;6082;9060;8177;104;16627;16491;3824;3674;16635;8270;46914;46872;43169;43167;5488;5739;43231;43227;43226;43229;44444;5737;51537;51536;51540;51539;9055;51538;5749;45283;98800;98798;44429;44446;44422;44455;31966;31090;5740;31967;31975;5743;19866;45257;5746	1029	2322	2657.5	4286	1689.5	3929	4638.5	6741	3797	5978.5	1623	6027	1352	6764.5	6867.5	7782	7679.5	8045.5	4237	4297.5	461	1466	1615	3005.5	86307	4315.35
ORTHO004654	GATA type zinc finger transcription factor family protein	AT2G39900;AT3G55770	15629;5856;43232;43228;43226;5575;43229;44424;44464;5623;5622;8270;46914;46872;43169;43167;5488;3674;5737;51017;22607;16043;71840;8150;9987;44085;61572;7015;71822;43933;30036;30029;44763;44699;7010;6996;1902589;51015;32403;44877;5515;3779;8092;5634;43231;43227	1030	2387	2869	4708	1281	6643.5	2234.5	1013.5	6225	4272	982	2937.5	4044.5	7536	7349.5	2476	1221.5	6265.5	6531	5062.5	5988	6759.5	6709	4291.5	88542.5	4.427.125
ORTHO000576	Transducin/WD40 repeat-like superfamily protein	AT1G49450;AT2G26490;AT3G18950;AT3G50390;AT4G34380	166;36094;5488;3674;1901265;1901363;97159;8150;5737;44424;44464;5575;5623;5622;5834;1902494;43234;32991;98797;44459;44425;16020;5886;71944;98796;31234;19897;19898;9898;98562;98552;9507;9536;43231;43227;43226;43229;44444;5634	1031	2526	4718	8405	1689.5	2128	5327.5	8890	2940	1346	3639.5	5327.5	8898	5175	551	6712.5	7582.5	7967.5	8846.5	9112	2827	8604	9037	9080	113991.5	5.699.575
ORTHO004473	NAD kinase 1	AT3G21070	16310;6796;6793;44237;8152;8150;9987;42736;16301;16772;16740;3824;3674;16773;3951;5737;44424;44464;5575;5623;5622;6741;6739;46496;19362;6733;6732;51186;9117;6753;19637;71704;55086;6139;46483;6725;1901360;34641;6807;44238;44281;44710;44699;44763;72524;1901564;19359;19363;9108;51188;44249;9058;9165;1901293;90407;1901576;34654;19438;44271;18130;1901362;44711;72525;1901566;19674;5524;35639;1901265;1901363;5488;97159;43168;43167;32559;30554;17076;166;36094;32555;32553;97367;32550;32549;1882;1883	1032	610	3236	5440	3586.5	7834.5	2951	8835.5	1753	6259.5	982	4111	1352	4816.5	369	508.5	8562.5	8428.5	1827	8967.5	9144	9043	2713	3799.5	92257.5	4.612.875
ORTHO003251	Major facilitator superfamily protein	AT2G32040	31969;42170;31090;16020;5575;44422;43226;43227;44435;44444;44424;44464;5623;5622;5737;44446;43229;9536;43231;9526;31967;31975;44434;9507;9941;15350;90484;5215;3674;6810;51234;51179;8150;15893;44765;1902578;44699;42493;42221;50896;51958;42886;71705;6835;46942;15849;71702;15711;6820;6811;8517;51184;51181;51183;51180;15884;6865;72337;16021;31224;44425;15231;15885	1033	1295	2216.5	3400	1066.5	7278	687.5	4345	702.5	1028.5	982	9026	3152	6257.5	6280	2080.5	8013.5	7597	7831	461.5	2468	9133	3162	961	81446.5	4.072.325
ORTHO001058	GDSL-like Lipase/Acylhydrolase superfamily protein	AT1G29660;AT1G29670;AT4G18970;AT5G45670	48046;5576;5575;5634;43231;43227;43226;43229;44424;44464;5623;5622;16042;44712;9056;8152;8150;44710;44699;6629;71704;44238;1901575;9627;9814;98542;6952;6950;50896;51707;43207;9605;9607;51704;45087;6955;2376;16788;16787;3824;3674;9507;9536;44444;5737;9534;31976;9579;31984;44446;44422;44435;44434;5618;30312;71944	1034	425	839.5	645	672.5	2837	444.5	336	4060.5	103.5	582	1915.5	8754.5	6764.5	8793	267	450	6590	629.5	1094	1063.5	7038.5	3529.5	1029	56282	2814.1
ORTHO002431	Plant regulator RWP-RK family protein	AT1G64530;AT4G24020	5634;43231;43227;43226;5575;43229;44424;44464;5623;5622;3677;3676;1901363;5488;3674;97159;3700;1071;2001141;31326;9889;19222;50789;65007;8150;31323;50794;51252;19219;80090;51171;60255;10556;6355;1903506;10468;2000112;6351;34645;44260;43170;71704;8152;44237;9987;9059;1901576;9058;44249;97659;32774;16070;90304;6139;46483;6725;1901360;34641;6807;44238;34654;19438;44271;18130;1901362;10467;42128;42126;43436;6082;44281;44710;44699;44763;2001057;71941;9414;9415;9628;50896;1101;42221;10035;1901700;6950;10118;10167;1901698	1035	1824	926.5	818	1479.5	2170	1311	1640.5	1625	5177	3269.5	8178.5	7743	8884.5	5873.5	1307	8915	1295.5	358	711.5	36	548.5	188.5	372.5	59605	2980.25
ORTHO005488	Plant protein of unknown function (DUF868)	AT2G04220;AT4G12690	5634;43231;43227;43226;5575;43229;44424;44464;5623;5622;8150;3674;9506;5911;30054;55044	1036	726	2060	3084	672.5	2557.5	7166.5	1389	9010	738	1211	4239	1352	5318	766.5	508.5	630	8128	1311	5672	9023	9014.5	9110.5	2501.5	79646.5	3.982.325
ORTHO000450_1	Pyruvate kinase family protein	AT3G04050;AT3G25960;AT3G55650;AT3G55810;AT4G26390;AT5G08570;AT5G56350;AT5G63680	5737;44424;44464;5575;5623;5622;4743;16773;16772;16740;3824;3674;8152;8150;6096;6090;32787;19752;43436;6082;71704;44281;44710;44699;44763;9987;44237;44724;44712;9056;44723;5975;44238;16052;1901575;6757;6091;46031;9150;6163;72521;46483;6725;1901360;34641;6807;1901564;9117;6753;19637;6793;55086;6139;6796;9259;19693;1901135;9179;9185;9132;9135;9167;9161;9123;9126;46128;9119;9116;1901657;42278;46034;9205;9144;9141;9199;6165;46939;16310;46496;19362;6733;6732;51186;72524;30955;31420;46872;43169;43167;5488;287;16301;5739;43231;43227;43226;43229;44444;5524;35639;1901265;1901363;97159;43168;32559;30554;17076;166;36094;32555;32553;97367;32550;32549;1882;1883;5829;5886;16020;71944;46686;10038;10035;42221;50896	1037	276	2738.5	4440	672.5	7812.5	1672.5	8670	1994.5	450.5	8167.5	4162.5	6397.5	4969	382.5	136	1545.5	8128	1325	8818.5	1454.5	8111.5	9065.5	3799.5	87063	4353.15
ORTHO002507	KNOTTED1-like homeobox gene 4	AT5G11060;AT5G25220	3677;3676;1901363;5488;3674;97159;3700;1071;2001141;31326;9889;19222;50789;65007;8150;31323;50794;51252;19219;80090;51171;60255;10556;6355;1903506;10468;2000112;5634;43231;43227;43226;5575;43229;44424;44464;5623;5622;5737;5829;44444;9416;9314;9628;50896;71345;34097;10033;42221;71310;70887;51716;9987;5515;9722;9735;9725;9719;9720;9726;51606;9593	1038	2907	984.5	931	2097	5621	5974	2684	2592	6345	169.5	152	4738	4134.5	3047.5	6712.5	2185.5	5886.5	3616	711.5	3511.5	738	646.5	1906.5	61372	3068.6
ORTHO003126	polypyrimidine tract-binding protein 3	AT1G43190	8380;6396;16070;44260;43170;71704;8152;8150;44237;9987;90304;6139;46483;6725;1901360;34641;6807;44238;10467;3723;3676;1901363;5488;3674;97159;43484;51252;19219;80090;19222;50789;65007;51171;31323;50794;60255;10468;932;36464;35770;30529;32991;5575;44424;44464;5623;5622;43232;43228;43226;43229;44444;5737;5634;43231;43227;6397;16071;166;36094;1901265;6417;10608;32268;51246;34248;2000112;31326;9889;10556	1039	35	584	129	6.5	194.5	242	203.5	123.5	266	180	7129.5	1352	9001	7713.5	56	693.5	7376.5	2437	112	397	1179	241.5	100.5	38998.5	1.949.925
ORTHO002827	thioredoxin family protein	AT2G47470	9553;48229;7275;44767;32502;8150;44699;44707;32501;48856;9793;44702;22414;3006;9790;48316;48608;61458;48731;9791;10154;9567;9566;19953;44703;51704;3;3756;16864;16860;16853;3824;3674;8152;6457;9987;5774;44437;44444;44424;44464;5575;5623;5622;5737;44446;44422;43226;43229;5773;43231;43227;98588;31090;16020;98805;46686;10038;10035;42221;50896;5576;34976;33554;51716;6950;48868;9856;44706;9505;5618;30312;71944;5783;12505	1040	1883	775.5	511	4356	3073.5	776.5	1204.5	493.5	930.5	2809.5	100.5	1352	7954.5	8868	2476	8133	5720	629.5	518	2333	1525	1306.5	2699.5	52903.5	2.645.175
ORTHO005237	peroxin 3	AT1G48635;AT3G18160	3333;6865;71705;6810;51234;51179;8150;46942;15849;44765;1902578;44699;71702;15711;6820;6811;1903825;55085;44763;9987;98656;34220;5779;31231;44439;44438;44444;44424;44464;5575;5623;5622;5737;44446;44422;43226;43229;42579;43231;43227;5777;31300;31224;44425;16020;31090;5778;31903;98588;98805;31301;16021;5739;7031;6996;16043;71840;15171;46943;8514;8509;15075;22891;22857;5215;3674;22892;5342	1041	999	2279.5	3518	672.5	422	1474	705.5	344	334.5	397.5	907	8898	7343.5	9129.5	1073.5	3958.5	7073	6327	5303	8798.5	7855	8290	3447.5	82081.5	4.104.075
ORTHO003107	guanylate kinase 1	AT2G41880;AT3G57550	16310;6796;6793;44237;8152;8150;9987;4385;19201;19205;16301;16772;16740;3824;3674;46939;9117;6753;19637;71704;55086;6139;46483;6725;1901360;34641;6807;44238;44281;44710;44699;44763;16776;46037;9150;6163;72521;1901564;9259;19693;1901135;1901068;46128;9119;9116;1901657;42278;9167;9161;9123;9126;46710;9179;9185;9132;9135;5524;35639;1901265;1901363;5488;97159;43168;43167;32559;30554;17076;166;36094;32555;32553;97367;32550;32549;1882;1883;48229;7275;44767;32502;44707;32501;5737;44424;44464;5575;5623;5622;48638;50793;50789;65007;40008	1042	952	847	652	672.5	3632	1744	641	1042.5	502	291	1374.5	7743	4736	6378.5	508.5	7649.5	5992	1164.5	3868	5988	889.5	462.5	1906.5	56513.5	2.825.675
ORTHO004207	HCP-like superfamily protein	AT1G18260;AT1G73570	5789;98588;31090;16020;5575;44422;43226;43227;44432;44444;44424;44464;5623;5622;5737;44446;43229;5783;43231;12505;44425;42175;30433;43161;10498;51603;6508;19538;43170;71704;8152;8150;44238;44257;30163;9057;1901575;9056;44265;44260;44237;9987;44248;44267;6511;19941;43632;36503;44712;44710;44699;44763;10033;42221;50896;34976;33554;51716;6950;5515;5488;3674;42538;9651;6970;9628;6972;16021;31224	1043	791	2624.5	4206	672.5	2557.5	5808	8528	1328.5	4682	1981	9100.5	9057	5077	693	508.5	6298	7846	1210.5	920	635.5	8814.5	9005	1876	85926.5	4.296.325
ORTHO004847	photosystem I subunit D-2	AT1G03130;AT4G02770	9534;31976;9579;44424;44464;5575;5623;5622;31984;44446;44422;43226;43229;43227;44435;44444;5737;9536;43231;44434;9507;9941;9526;31967;31975;9538;98796;43234;32991;44425;16020;44436;9522;9521;34357;3674;9535;55035;42651;15979;44237;8152;8150;9987;10287;9570;9532	1044	1749	2537.5	4031	1281	8686	4971.5	1013.5	317.5	3776.5	1144	1354.5	1352	8511.5	9153.5	7782	523	7028	1486.5	5400	2214.5	8018	8806.5	3447.5	84986.5	4.249.325
ORTHO003652	Protein kinase superfamily protein	AT1G52540;AT3G15890	6468;16310;6796;6793;44237;8152;8150;9987;6464;36211;19538;43170;71704;44238;43412;44267;44260;5886;16020;5575;44464;5623;71944;16301;16772;16740;3824;3674;9506;5911;30054;55044	1045	841	1033.5	1022	4356	2406.5	512	805.5	7899.5	1604.5	5471.5	1354.5	7743	4694.5	6378.5	1830	3026	6085	3421.5	87	740.5	4067	3849	741	62717	3135.85
ORTHO003028	non-ATPase subunit 9	AT1G29150	9506;5911;30054;5575;55044;6511;19941;51603;6508;19538;43170;71704;8152;8150;44238;44257;30163;9057;1901575;9056;44265;44260;44237;9987;44248;44267;43632;8541;43234;32991;44424;44464;5623;5622;5838;22624;502;5634;43231;43227;43226;43229;9507;9536;44444;5737;5829;46686;10038;10035;42221;50896	1046	958	3448.5	5851	672.5	2837	6542.5	7527.5	1545.5	2684.5	2290	4905	9008.5	5154.5	841.5	508.5	7982	7728	8734.5	2156.5	8760.5	8260	2341	4678.5	94486	4724.3
ORTHO005412	peroxin 19-1	AT3G03490;AT5G17550	15031;45184;51234;51179;8150;8104;33036;71702;6810;5515;5488;3674;5777;42579;43231;43227;43226;5575;43229;44424;44464;5623;5622;44444;5737;5778;44439;44438;44446;44422;31903;98588;31090;16020;98805;7031;6996;16043;71840;9987;5829;5634;42802	1047	754	1476.5	1906	365.5	4827.5	2121.5	251.5	81	1189	4622	1422	8754.5	7448.5	9022.5	2476	351	8759	2816	2092	336	7215.5	7089	1078.5	71953	3597.65
ORTHO003948	Transcription elongation factor (TFIIS) family protein	AT5G09850	5829;44444;44424;44464;5575;5623;5622;5737;5634;43231;43227;43226;43229	1048	1030	2527	4006	672.5	7932.5	3758	1289.5	2069	1540.5	1144	7763.5	8094	6501	8163.5	797.5	7943.5	6330	904	3747	5265	5213.5	4224.5	2166	84846.5	4.242.325
ORTHO002487	RNA-binding (RRM/RBD/RNP motifs) family protein	AT5G10350;AT5G65260	5634;43231;43227;43226;5575;43229;44424;44464;5623;5622;5774;44437;44444;5737;44446;44422;5773;98588;31090;16020;98805;16607;16604;44451;44428;5654;31981;70013;43233;31974;3723;3676;1901363;5488;3674;97159;8143;70717;3727;5515;8150	1049	2264	1710.75	2372.5	4356	4434.5	5974	6573	3957.5	6621	1144	3108	6316	4415.5	5907.5	1606	3399	5056.5	3529	549.5	4833.5	1566.5	3662.5	2439.5	75093	3754.65
ORTHO002671	phytochrome-associated protein 1	AT3G16500	6355;1903506;2001141;31326;9889;19222;50789;65007;8150;31323;50794;51252;19219;80090;51171;60255;10556;10468;2000112;9733;9725;9719;50896;10033;42221;3700;1071;3674;9734;9755;7165;51716;9987;7154;44763;44699;44700;23052;32870;71495;71310;70887;71365;5634;43231;43227;43226;5575;43229;44424;44464;5623;5622;46983;5515;5488;6351;34645;44260;43170;71704;8152;44237;9059;1901576;9058;44249;97659;32774;16070;90304;6139;46483;6725;1901360;34641;6807;44238;34654;19438;44271;18130;1901362;10467	1050	2589	3020.5	4991	1812	6761.5	2190	4088	8307	1970.5	2402	1198.5	1352	7536	7349.5	2476	1221.5	7028	6897.5	5277	6180.5	6759.5	6709	4291.5	89995.5	4.499.775
ORTHO004955	S-adenosyl-L-methionine-dependent methyltransferases superfamily protein	AT4G26600;AT5G55920	5730;44428;44446;44422;5575;43226;44424;44464;5623;5622;43229;5634;43231;43227;43232;43228;31981;70013;43233;31974;6364;34470;34660;16070;44260;43170;71704;8152;8150;44237;9987;90304;6139;46483;6725;1901360;34641;6807;44238;6396;10467;16072;42254;22613;44085;71840;8757;8168;16741;16740;3824;3674;32259;3723;3676;1901363;5488;97159;10015;44767;32502;44699;9653;48856;48364;48513;48731;7275;44707;32501;22622;5829;44444;5737;9965;9887;48366;48827;48367;10016;8283	1051	1288	1599	2147	4356	3658	6361.5	4009	4275	1123	260	5667	3977.5	7387.5	8429	2476	1396.5	7335.5	875	2289	2840.5	5059	4026	2046	73491	3674.55
ORTHO003491	transducin family protein / WD-40 repeat family protein	AT1G27470;AT4G07410	5634;43231;43227;43226;5575;43229;44424;44464;5623;5622;166;36094;5488;3674;1901265;1901363;97159;8150;10073;44767;32502;44699;44707;32501;48507;9888;48856;48513;48731;7275;48366;48827;48367;35266;48589;40007;9790;48569;10449;48364;22622;10311;9791;48645;48646;9653;9887;10102;10101;10015;9886;48528;48527;10305;10051;3002;7389;2000012;51049;32879;50789;65007	1052	61	759	466	83.5	75.5	49.5	77.5	9089	14.5	49	267.5	1352	8993	6764.5	267	179	8488	2052.5	1835.5	3162.5	6679	1790	586.5	51772	2588.6
ORTHO005311	HSP20-like chaperones superfamily protein	AT5G53400	9555;48229;7275;44767;32502;8150;44699;44707;32501;48856;9408;9266;9628;50896;6950;6457;9987;9735;9725;9719;10033;42221;5829;44444;44424;44464;5575;5623;5622;5737;10450;44702;22414;3006;35266;48589;40007;48507;9888;48513;48731;10229;90567;48608;61458;9791;48367;48448;48444;48563;9887;9653;9886;48569;48437;9908;48443;48827;48466;48438;9965;48366;10016;48833;48832;50793;50789;65007;3002;7389;9880;9790	1053	760	1326.5	1600	672.5	7116	2452	1823.5	1691	1842.5	2992.5	632	8993.5	5223.5	934	1429.5	245.5	7728	8228.5	5447	8738	914	1121.5	1506	69058.5	3.452.925
ORTHO001797	Calreticulin family protein	AT5G07340;AT5G61790	9507;9536;43231;43227;43226;5575;43229;44424;44464;5623;5622;44444;5737;5774;44437;44446;44422;5773;98588;31090;16020;98805;5789;44432;5783;12505;44425;42175;6457;9987;8150;5509;46872;43169;43167;5488;3674;51082;5515;30246;16021;31224;5739;9506;5911;30054;55044;9505;5618;30312;71944;5886	1054	1693	3229	5404	4356	9030	1011	3393.5	9131.5	1750.5	4740	41	1352	9087.5	6955.5	2476	50	9091	8121	3448	3719.5	8566.5	2713	7376.5	92054	4602.7
ORTHO002158	regulatory particle triple-A 1A	AT1G53750;AT1G53780	31595;44428;44446;44422;5575;43226;44424;44464;5623;5622;43229;5634;43231;43227;502;43234;32991;31981;70013;43233;31974;30433;43161;10498;51603;6508;19538;43170;71704;8152;8150;44238;44257;30163;9057;1901575;9056;44265;44260;44237;9987;44248;44267;6511;19941;43632;36503;44712;44710;44699;44763;10033;42221;50896;34976;33554;51716;6950;16887;17111;16462;16818;16817;16787;3824;3674;5886;16020;71944;31597;44445;44444;5737;5829;45899;60261;45944;45893;10628;10604;9893;48518;50789;65007;19222;60255;10468;1903508;1903506;2001141;31326;9889;31323;50794;51252;19219;80090;51171;10556;1902680;51254;45935;31325;48522;51173;31328;9891;10557;6355;2000112;6357;60260;2000142;43254;44087;51128;2000144;31334;51130;44089;45898;36402;42623;1901800;1903052;1903050;1903362;31329;9894;42176;51246;32268;30162;1903364;32270;51247;31331;9896;45732;45862;61136;17025;8134;5515;5488;8540;5838;22624;8233;6457;413;18208;18193;6464;36211;43412;5524;35639;1901265;1901363;97159;43168;43167;32559;30554;17076;166;36094;32555;32553;97367;32550;32549;1882;1883;3755;16859;16853	1055	1422	3523.25	5991.5	4356	2097.5	4638.5	4670	2924.5	3283.5	3426.5	5667	8519	5307	1145.5	508.5	4054.5	7471.5	8406.5	5337	7254	8260	8806.5	3447.5	95225	4761.25
ORTHO003422	calmodulin like 42	AT4G20780;AT5G44460	5515;5488;3674;10091;904;902;32989;16043;71840;8150;9987;9653;32502;48856;48869;44767;44699;44763;48468;30154;10090;10026;90558;9888;90626;5509;46872;43169;43167;5886;16020;5575;44464;5623;71944;46686;10038;10035;42221;50896	1056	2565	1456.5	1857	1689.5	4182	3758	4040.5	800	6687	2992.5	4724	4555.5	4344	2163.5	3976.5	8051	4809.5	3136.5	3797	3284.5	1154	3271	1769	71496	3574.8
ORTHO001206_1	Ankyrin repeat family protein with DHHC zinc finger domain	AT5G20350	5802;98791;44431;44444;44424;44464;5575;5623;5622;5737;44446;44422;43226;43229;5794;43231;43227;12505;31984;35;5488;3674;6612;6605;6886;15031;45184;51234;51179;8150;8104;33036;71702;6810;46907;51649;51641;34613;70727;1902582;44765;1902578;44699;90150;72657;44802;61024;16043;71840;9987;44763;1902580;9651;6970;9628;50896;6950;5768;18230;18231;18198;18193;6464;36211;19538;43170;71704;8152;44238;43412;44267;44260;44237;18345;6497;42158;42157;34645;9059;1901576;9058;44249;43543;5783;9932;9826;902;32989;9653;32502;48856;48869;44767;60560;48589;40007;16049;19706;19707;16417;16747;16746;16740;3824;16409	1057	2169	1241.5	1426	4356	3154	1985	1780.5	9104	3637.5	1810	907	6397.5	4415.5	6007	1830	3521.5	4982.5	2179.5	4211	4103	1985	4149	1454.5	67614	3380.7
ORTHO001029_1	Protein kinase superfamily protein	AT2G17530;AT4G35500	6468;16310;6796;6793;44237;8152;8150;9987;6464;36211;19538;43170;71704;44238;43412;44267;44260;5524;35639;1901265;1901363;5488;3674;97159;43168;43167;32559;30554;17076;166;36094;32555;32553;97367;32550;32549;1882;1883;4674;4672;16301;16772;16740;3824;16773;5634;43231;43227;43226;5575;43229;44424;44464;5623;5622	1058	621	2858	4658	672.5	3844	64.5	3405.5	6493	3963	4783	4309	9046	5110.5	766.5	508.5	6099.5	9046.5	2754	2749	1121	8723	8748.5	6669	88204	4410.2
ORTHO003445	glutathione peroxidase 6	AT4G11600	9651;6970;9628;50896;8150;6950;5886;16020;5575;44464;5623;71944;4602;4601;16684;16491;3824;3674;8152;55114;44710;44699;16209;5739;43231;43227;43226;43229;44424;5622;44444;5737;47066;6979;48046;5576;5829;9507;9536;46686;10038;10035;42221	1059	1228	1011.5	964	1436	1554	550.5	8528	9061	1626.5	4374.5	551.5	1352	4753.5	282.5	1132.5	191	8551.5	2030.5	3061	1517.5	8368.5	1866	2382	61734.5	3.086.725
ORTHO001381	GATA type zinc finger transcription factor family protein	AT1G01780;AT3G61230	5856;43232;43228;43226;5575;43229;44424;44464;5623;5622;15629;5737;8270;46914;46872;43169;43167;5488;3674;51017;22607;16043;71840;8150;9987;44085;61572;7015;71822;43933;30036;30029;44763;44699;7010;6996;1902589;51015;32403;44877;5515;3779;8092	1060	2908	1138	1216	2097	4434.5	2881	1484	2069	6308	2290	6027	5195	3815.5	3265	1606	8250.5	4982.5	3529	4060.5	569	914	1203	2314	65197.5	3.259.875
ORTHO002552	vamp/synaptobrevin-associated protein 27-2	AT1G08820	16021;31224;44425;5575;16020;5789;98588;31090;44422;43226;43227;44432;44444;44424;44464;5623;5622;5737;44446;43229;5783;43231;12505;42175;46907;6810;51234;51179;8150;51649;51641;5886;71944;16032;44764;51704;9987;44403;44419;5198;3674	1061	2025	3166	5271	1689.5	7780	3628.5	1484	1133	6308	5471.5	4670	7377.5	7300	8276	7782	5240.5	5720	1629.5	4586	723.5	4970.5	3561.5	3721	91363	4568.15
ORTHO000888_3	MA3 domain-containing protein	AT3G48390;AT4G24800;AT5G63190	5575;5737;44424;44464;5623;5622;5794;43231;43227;43226;43229;44444;12505;9651;6970;9628;50896;8150;6950;5829;9723;9725;9719;10033;42221;3674;5634;16853;3824;8152	1062	98	588.5	115	31	5285	19.5	175.5	344	52.5	435.5	5931	2739	6358.5	6484	25.5	1692	1921.5	77.5	884	2722.5	868	1961.5	255.5	38232.5	1.911.625
ORTHO004673	rhodanese homologue 2	AT1G16460;AT1G79230	4792;16783;16782;16740;3824;3674;8152;8150;5737;44424;44464;5575;5623;5622;5739;43231;43227;43226;43229;44444;9793;44702;22414;44699;3006;32502;9790;44767;48856;7275;44707;32501;48316;48608;61458;48731;9791;10154;7568;16784;5829;9507;9536	1063	1304	693	323	4356	3296	4885.5	834.5	553.5	2752	865	164.5	1352	4560	6243.5	508.5	4252.5	5221.5	418	3466.5	1715	2677	2713	1735.5	48214	2410.7
ORTHO003122	ROP binding protein kinases 1	AT5G10520;AT5G65530	5634;43231;43227;43226;5575;43229;44424;44464;5623;5622;9623;9610;9608;51707;43207;9605;50896;8150;9607;51704;9620;12505;9814;98542;6952;6950;45087;6955;2376;5829;44444;5737;51020;19899;5515;5488;3674;16301;16772;16740;3824;8152;16310;6796;6793;44237;9987;71369;32870;9725;9719;10033;42221;71495;71310;70887;51716;9723;5654;44428;44446;44422;31981;70013;43233;31974;46777;6468;6464;36211;19538;43170;71704;44238;43412;44267;44260;4674;4672;16773;50832;10091;904;902;32989;16043;71840;9653;32502;48856;48869;44767;44699;44763;48468;30154;10090;10026;90558;9888;90626;71944	1064	2004	3618.5	6173	1689.5	8399	2121.5	1912	8359.5	3190.5	982	1198.5	7743	7699.5	8726.5	2476	6027	6505.5	472.5	5337	6578.5	6831.5	7244	4413.5	96217.5	4.810.875
ORTHO002744	Homeodomain-like superfamily protein	AT1G32240	3700;1071;3674;2001141;31326;9889;19222;50789;65007;8150;31323;50794;51252;19219;80090;51171;60255;10556;6355;1903506;10468;2000112;5634;43231;43227;43226;5575;43229;44424;44464;5623;5622;6351;34645;44260;43170;71704;8152;44237;9987;9059;1901576;9058;44249;97659;32774;16070;90304;6139;46483;6725;1901360;34641;6807;44238;34654;19438;44271;18130;1901362;10467;44212;975;3677;3676;1901363;5488;97159;1067;9944;65001;7389;44767;32502;44699;44707;32501;7275;9798;9943;9955;3002;48440;48827;48856;48367;48731;48437;44702;22414;3006;48569;48513;9908;90567;48608;61458;9791;48467;48438;48481;35670;30154;48869;44763	1065	274	612	159	672.5	476	1474	428.5	255	210.5	435.5	632	1352	8604	9161	1073.5	1507	7295.5	2958	13	723.5	1778.5	1453	1454.5	41285	2064.25
ORTHO003597	Heavy metal transport/detoxification superfamily protein	AT4G39700	5737;44424;44464;5575;5623;5622;46916;6875;55065;98771;50801;48878;42592;65008;65007;8150;55080;30003;6873;55082;19725;44763;9987;44699;55076;46872;43169;43167;5488;3674;30001;6812;6811;44765;6810;51234;51179;1902578;46914	1066	2105	1375.5	1685	1281	8227.5	6361.5	1013.5	800	2235	1623	907	1352	7909	8893	2476	2002.5	6330	1253	549.5	7166	6429	1523.5	2699.5	69750.5	3.487.525
ORTHO004075	binding to TOMV RNA 1L (long form)	AT5G04430	3723;3676;1901363;5488;3674;97159;8380;6396;16070;44260;43170;71704;8152;8150;44237;9987;90304;6139;46483;6725;1901360;34641;6807;44238;10467;5737;44424;44464;5575;5623;5622;3727;5634;43231;43227;43226;43229;46719;50792;50794;50789;65007;43903;43900;48878;42592;65008;9735;9725;9719;50896;10033;42221	1067	63	585.5	104	407	709.5	210	517	1133	14.5	1483.5	72	1352	9156.5	7195	267	3209	6896	2997	120	1026	383	120	450.5	37311.5	1.865.575
ORTHO004142	Mitochondrial import inner membrane translocase subunit Tim17/Tim22/Tim23 family protein	AT3G49560;AT5G24650	9941;9526;31967;31975;44464;5575;5623;44446;44422;43226;44424;5622;43229;43227;44435;44444;5737;9536;43231;44434;9507;16021;31224;44425;16020;33365;34613;70727;51641;51179;8150;33036;8104;5739;5744;98800;98796;43234;32991;98798;44429;44455;31966;31090;5740;5743;19866;71806;15031;45184;51234;71702;6810;55085;44763;9987;44699;44765;1902578;15266;15267;22803;22857;5215;3674;8320;8565;22892;22884;22891;15450;15405;15399;22804;5774;44437;5773;98588;98805;5886;71944	1068	1580	2586	4104	1281	663	5825	1322	8307	2684.5	982	2392.5	4067	7779.5	8793	2476	6099.5	6388.5	3944	1532.5	7166	6895.5	5541.5	2522	85381	4269.05
ORTHO002533	Double Clp-N motif-containing P-loop nucleoside triphosphate hydrolases superfamily protein	AT4G30350;AT5G57710	1902347;14070;10033;42221;50896;8150;33993;1901700;7623;48511;5737;44424;44464;5575;5623;5622;16787;3824;3674;8152;80167;9628;90351;9791;44767;32502;44699;44707;32501;7275;9845;5524;35639;1901265;1901363;5488;97159;43168;43167;32559;30554;17076;166;36094;32555;32553;97367;32550;32549;1882;1883	1069	1369	2581.5	4094	4356	615.5	4457	8662.5	1328.5	674	1414	6464.5	1352	4921.5	473.5	1429.5	8711.5	8257.5	8814	247	9023	8644	2341	7508	85338.5	4.266.925
ORTHO005218	Protein of unknown function (DUF1084)	AT1G14530;AT2G02180	5739;43231;43227;43226;5575;43229;44424;44464;5623;5622;44444;5737;46790;5488;3674;16021;31224;44425;16020;8150;46786;16032;44764;51704;9987;44403;44419;19079;19058	1070	2180	1854.5	2639	4356	3232	5808	4065.5	6823.5	7441.5	5320.5	3108	6227	4415.5	5873.5	6712.5	3299	4747.5	658	1426	1488	1466	3552	1297.5	76961.5	3.848.075
ORTHO001927	BEST Arabidopsis thaliana protein match is: transcription regulators (TAIR:AT3G56220.1)	AT2G40435	5634;43231;43227;43226;5575;43229;44424;44464;5623;5622	1071	2699	1232	1393	5552	1329	7378.5	1389	5028	6288	1810	3912.5	4955.5	3815.5	3047.5	1606	1396.5	4982.5	3352	3949.5	3511.5	3453.5	3519	2575	67299	3364.95
ORTHO001353	evolutionarily conserved C-terminal region 4	AT1G55500;AT3G13460	5634;43231;43227;43226;5575;43229;44424;44464;5623;5622;3674;5829;44444;5737;8150;5515;5488	1072	1239	912.5	753	4356	8470.5	687.5	917.5	2666	184	4317	5839	1352	4560	6007	6712.5	2162	6505.5	1189.5	1486	1026	1045	528	2575	58230	2911.5
ORTHO004322	Zinc finger C-x8-C-x5-C-x3-H type family protein	AT3G48440;AT5G63260	46872;43169;43167;5488;3674;5634;43231;43227;43226;5575;43229;44424;44464;5623;5622;8150;3677;3676;1901363;97159	1073	2696	1398.5	1724	4356	1423	1985	1114.5	4586.5	1409.5	1623	2160	1352	8028.5	7548.5	2476	2647.5	6265.5	8266	5519.5	8300	510	558	4413.5	70186.5	3.509.325
ORTHO002145	DNAse I-like superfamily protein	AT3G58560;AT3G58580	46872;43169;43167;5488;3674;19252;9250;33692;271;5976;5975;71704;8152;8150;44238;43170;16051;44723;44710;44699;1901576;9058;44711;9059;34637;44262;44237;9987;44763;44249;44264;44260;34645;6073;44042;5982;6397;16071;16070;90304;6139;46483;6725;1901360;34641;6807;6396;10467;932;36464;35770;30529;32991;5575;44424;44464;5623;5622;43232;43228;43226;43229;44444;5737;4535;175;8408;4527;4518;16788;16787;3824;90305;16896;4532;4540;90501;90503;16796;5986;5985;5984;9311;46351;9312;5829;3723;3676;1901363;97159;6355;1903506;2001141;31326;9889;19222;50789;65007;31323;50794;51252;19219;80090;51171;60255;10556;10468;2000112;5634;43231;43227;6351;97659;32774;34654;19438;44271;18130;1901362	1074	221	810	546	672.5	528.5	1342.5	3354	113.5	136	669	2038	1352	8210.5	8429	267	2371.5	8901	8083	2534.5	2672	980	728.5	971.5	53682	2684.1
ORTHO001304	PAS domain-containing protein tyrosine kinase family protein	AT1G67890;AT3G06620;AT3G06630;AT3G06640;AT5G49470	7165;50794;50789;65007;8150;51716;9987;50896;7154;44763;44699;44700;23052;6468;16310;6796;6793;44237;8152;6464;36211;19538;43170;71704;44238;43412;44267;44260;5524;35639;1901265;1901363;5488;3674;97159;43168;43167;32559;30554;17076;166;36094;32555;32553;97367;32550;32549;1882;1883;4712;4672;16301;16772;16740;3824;16773;9749;9746;34284;9743;10033;42221;1901700;6355;1903506;2001141;31326;9889;19222;31323;51252;19219;80090;51171;60255;10556;10468;2000112;9789;9967;9966;10646;48583;23051;10647;48522;48518;48584;23056;1901421;1901419;9787;4871;60089;4674;5737;44424;44464;5575;5623;5622;10231;10162;44767;32502;44702;22414;48609;32504;3;32501;3006;44707;22611;10431;21700;48316;48608;48856;61458;48731;7275;9791;10154;97437;5634;43231;43227;43226;43229;155;38023;4872;5057;35556;4673;16775;18106;18202;18193;160;23014;44710	1075	1247	2146.5	3218	390	2776	1011	3467	2628	3084.5	4583	3912.5	1352	8843	6560	2476	1618.5	8915	8625.5	3037	1922.5	7756.5	4887	2940	80395	4019.75
ORTHO004351	Glycosyltransferase family 29 (sialyltransferase) family protein	AT1G08280	43687;6464;36211;19538;43170;71704;8152;8150;44238;43412;44267;44260;44237;9987;5794;43231;43227;43226;5575;43229;44424;44464;5623;5622;44444;5737;12505;139;98588;31090;16020;44422;44431;44446;97503;18279;18196;18193;6487;6486;44763;44699;43413;70085;44723;5975;44710;9101;9100;1901135;34645;9059;1901576;9058;44249;1901137;8373;16757;16740;3824;3674;16266;6493;9311;8378;16758	1076	653	873.5	671	248.5	2097.5	1611.5	727.5	344	2319.5	5307	7726.5	1352	4718.5	6425.5	508.5	3039	5992	762.5	4297.5	740.5	4169	3986	757.5	56882	2844.1
ORTHO001778	RING/U-box superfamily protein	AT3G02290;AT5G15790;AT5G38895	5634;43231;43227;43226;5575;43229;44424;44464;5623;5622;16567;32446;70647;6464;36211;19538;43170;71704;8152;8150;44238;43412;44267;44260;44237;9987;8270;46914;46872;43169;43167;5488;3674;16874;3824;5737;10200;10243;9719;50896;10033;42221;1901698;1901700	1077	2065	1312.5	1548	1281	3351.5	1247	2322	2849.5	5226.5	1981	6171.5	1352	8561.5	8512	2476	4666	6085	1164.5	366.5	4445	2763	1615	3447.5	68603	3430.15
ORTHO004350	Protein of unknown function (DUF1685)	AT1G08790;AT5G28690	5634;43231;43227;43226;5575;43229;44424;44464;5623;5622;3674;8150	1078	1815	1968.5	2859	4356	8440.5	1011	3758.5	3279	3055	5227	7450.5	1352	5926.5	2910	1975.5	2365	8828	3473	3013.5	3067.5	7637.5	2311	3179.5	78260.5	3.913.025
ORTHO004694	Protein of unknown function (DUF1682)	AT4G24330;AT5G49945	5783;43231;43227;43226;5575;43229;44424;44464;5623;5622;44444;5737;12505;8150;5509;46872;43169;43167;5488;3674;5794;5576;5789;98588;31090;16020;44422;44432;44446;44425;42175;16021;31224	1079	868	1809.5	2540	672.5	52.5	398	3243.5	9094	789	99	6464.5	1352	7300	9046	2476	3836.5	8521.5	1501	2289	2811	7725	8163.5	1188	76350	3817.5
ORTHO002561	Haem oxygenase-like; multi-helical	AT5G32470	3674;5829;44444;44424;44464;5575;5623;5622;5737;5739;43231;43227;43226;43229;8150;9507;9536	1080	671	1530	1980	248.5	615.5	6168	8778	239.5	879.5	982	197	1352	6144.5	1109.5	508.5	523	8372	8951	201.5	1744	9119	9151.5	7376.5	72412.5	3.620.625
ORTHO005019	rhomboid protein-related	AT3G07950	6890;48193;1902582;46907;6810;51234;51179;8150;51649;51641;44765;1902578;44699;16192;4252;4175;70011;8233;16787;3824;3674;8152;6508;19538;43170;71704;44238;8236;17171;5794;43231;43227;43226;5575;43229;44424;44464;5623;5622;44444;5737;12505	1081	1786	2177.5	3274	4356	3351.5	5607	834.5	2465.5	5426.5	3269.5	8595.5	4097.5	8804.5	6520.5	797.5	367.5	6784	2092	3721.5	6431	6714	1918	2940	80738	4036.9
ORTHO004352	Mitochondrial substrate carrier family protein	AT1G79900	5739;43231;43227;43226;5575;43229;44424;44464;5623;5622;44444;5737;64;15179;15171;46943;8514;8509;15075;22891;22857;5215;3674;6810;51234;51179;8150;55085;44763;9987;44699;44765;1902578;22892;34220;6811;98656;6820;15711;71702;5342;1903825;15849;46942;3333;6865;71705;15807;1902475;8324;98655;6812;1903352;15822;16021;31224;44425;16020;6972;6970;9628;50896;6950;1903826;15809;15802;89709;1902024;15817;45117;6855;15893;42493;42221;5290;15174;1990822;1901474;15238;90484;45118;5743;19866;31090;44422;31967;31975;44446;31966;44429;5740;6561;9084;1901607;1901605;6520;1901564;71704;8152;6807;19752;43436;6082;44281;44710;44237;44238;8652;46394;16053;44283;44711;9058;1901576;44249;1901566;9064;18130;46483;1901362;1901360;6560;43091;43092;43090;90467;1902023;6839;1902582;46907;51649;51641;1903401;1902022;15819;15189;15181;5476;15297;15291;22804	1082	1607	4159.5	7237	1281	2720	3863.5	1780.5	1625	7183	2129.5	9070	8675.5	5258.5	810.5	1429.5	8915	7910.5	8625.5	8818.5	8438.5	8295.5	2591	4801	102941	5147.05
ORTHO004470	SufE/NifU family protein	AT4G22220	51539;51536;51540;5488;3674;16226;9058;8152;8150;31163;22607;16043;71840;9987;44085;44571;5759;44429;44444;44424;44464;5575;5623;5622;5737;44446;44422;43226;43229;5739;43231;43227;70013;43233;31974;36455;16782;16740;3824;97428;51604;19538;43170;71704;44238;10467;8198;5506;46914;46872;43169;43167;5198;6879;46916;6875;55065;98771;50801;48878;42592;65008;65007;55080;30003;6873;55082;19725;44763;44699;55076;55072;51537	1083	1807	2938	4793	1479.5	6679.5	2234.5	5698.5	8331	1462	982	8132.5	1352	7600	8203.5	2914	4408.5	4887	8354.5	5400	1039	6612.5	4251.5	438.5	88981	4449.05
ORTHO004799	Protein kinase superfamily protein	AT4G02010	5886;16020;5575;44464;5623;71944;16301;16772;16740;3824;3674;8152;8150;16310;6796;6793;44237;9987	1084	304	1689	2294	248.5	7658.5	1720.5	1963.5	9032	2212.5	1414	4239	6731.5	5077	473.5	136	2506.5	7967.5	1642	8125.5	1362	7320	2025	3037	74643.5	3.732.175
ORTHO001006	RING-H2 finger C2A	AT2G39720;AT3G46620;AT5G59550	8270;46914;46872;43169;43167;5488;3674;51865;16567;32446;70647;6464;36211;19538;43170;71704;8152;8150;44238;43412;44267;44260;44237;9987;5634;43231;43227;43226;5575;43229;44424;44464;5623;5622;4842;19787;16740;3824;10200;10243;9719;50896;10033;42221;1901698;1901700;5737;9737;9725;33993;97305;1101;9414;9415;9628;10035;6950	1085	2937	2309.5	3534	2097	2999.5	1744	462	393.5	502	582	1471	1352	8151	8118	2476	935.5	6982	6785	6689.5	8264.5	7683.5	7729.5	8847.5	82168	4108.4
ORTHO001863	basic helix-loop-helix (bHLH) DNA-binding superfamily protein	AT3G07340;AT5G48560	3677;3676;1901363;5488;3674;97159;6351;34645;44260;43170;71704;8152;8150;44237;9987;9059;1901576;9058;44249;97659;32774;16070;90304;6139;46483;6725;1901360;34641;6807;44238;34654;19438;44271;18130;1901362;10467;3700;1071;2001141;31326;9889;19222;50789;65007;31323;50794;51252;19219;80090;51171;60255;10556;6355;1903506;10468;2000112;5634;43231;43227;43226;5575;43229;44424;44464;5623;5622;46983;5515	1086	1046	1313	1540	944.5	2629	605.5	357.5	2069	674	25.5	6171.5	8306	6971	8838	976.5	2179	6808.5	4663	160.5	7925	5132.5	1121.5	2940	68553.5	3.427.675
ORTHO001130_1	proline transporter 3	AT2G36590;AT2G39890;AT3G55740	16021;31224;44425;5575;16020;15171;46943;8514;8509;15075;22891;22857;5215;3674;6810;51234;51179;8150;55085;44763;9987;44699;44765;1902578;22892;34220;6811;98656;6820;15711;71702;5342;1903825;15849;46942;3333;6865;71705;5886;44464;5623;71944;15824;6812;15804;1902475;15807;15193;15179;15175;8324;98655;35524	1087	1442	2997	4907	4356	2054	5545	1389	1916	930.5	1144	4905	1352	4850	343	1429.5	8832.5	8362.5	9117.5	8891.5	9104	8793	2901	7721.5	89581.5	4.479.075
ORTHO000325_1	nitrate transporter 1.5	AT1G32450;AT4G21680	16021;31224;44425;5575;16020;98656;6820;6811;44765;6810;51234;51179;8150;1902578;44699;34220;55085;44763;9987;5215;3674;15112;15103;8509;15075;22891;22857;22892;15698;15706;71705;10167;1901698;42221;50896;1101;10035;1901700;15293;15291;22804;5886;44464;5623;71944;6857;15833;42886;71702;46686;10038	1088	596	2811.5	4535	63.5	7390	8324.5	3608	8838.5	4813.5	4965	4805.5	1352	8983	6497	1175.5	7506.5	8107	2706	2326	773.5	4525.5	462.5	391	87550.5	4.377.525
ORTHO001554	emp24/gp25L/p24 family/GOLD family protein	AT1G14010;AT1G26690;AT1G69460	5789;98588;31090;16020;5575;44422;43226;43227;44432;44444;44424;44464;5623;5622;5737;44446;43229;5783;43231;12505;44425;42175;8320;8565;22892;5215;3674;6810;51234;51179;8150;15031;45184;8104;33036;71702;22884;22891;22857;55085;44763;9987;44699;44765;1902578;71806;33116;5793;16021;31224;6886;46907;51649;51641;34613;70727;32580;139;44431;5794;31985;98791;31984;5795;16192;5576	1089	3000	4705.5	8322	1408	2097.5	4638.5	2044	8734	7094.5	3879	7055.5	8754.5	5332	766.5	1429.5	1633	7547.5	8830	7576.5	8663	8840	8827.5	8923.5	112666.5	5.633.325
ORTHO004137	PYR1-like 2	AT2G26040	5515;5488;3674;80163;43666;10921;35304;31399;32268;51246;80090;19222;50789;65007;8150;60255;31323;50794;35303;19220;51174;51336;50790;65009;9738;9755;7165;51716;9987;50896;7154;44763;44699;44700;23052;32870;9725;9719;10033;42221;71495;71310;70887;71215;9737;33993;97305;1901700;1101;71396;97306;1901701;71229;4872;60089;43086;44092;9892;48519;5634;43231;43227;43226;5575;43229;44424;44464;5623;5622;42803;42802;46983;5737;10427;33293;31406;43177;36094;43168;43167;42562;43178;19840;8289;4864;19888;19208;30234;98772;19212;4857	1090	2126	1114	1138	1281	994.5	5784	1709	6584	2081	8842.5	1576.5	1352	4560	6137	1830	562	5221.5	4388	1248	4445	1985	3371.5	1546.5	64218	3210.9
ORTHO003865	Sec14p-like phosphatidylinositol transfer family protein	AT1G05370;AT3G22410	5634;43231;43227;43226;5575;43229;44424;44464;5623;5622;3674;8150;5739;44444;5737	1091	233	785.5	480	672.5	5974	5761.5	1426	931	3963	1082.5	2803.5	1352	4948.5	336.5	351	179	6183.5	1031	399	431	8111.5	2617	4174.5	52056	2602.8
ORTHO002473	F-BOX WITH WD-40 2	AT4G08980	16567;32446;70647;6464;36211;19538;43170;71704;8152;8150;44238;43412;44267;44260;44237;9987;6511;19941;51603;6508;44257;30163;9057;1901575;9056;44265;44248;43632;31146;43161;10498;4842;19787;16740;3824;3674;5634;43231;43227;43226;5575;43229;44424;44464;5623;5622;61630;61659;5515;5488;9737;9725;9719;50896;10033;42221;33993;97305;1901700;1101;10608;10468;60255;19222;50789;65007;19005;31461;151;1990234;1902494;43234;32991;10629;10605;9892;48519;5737	1092	1385	1344.5	1597	4356	3788.5	242	4462	3185.5	163.5	5104.5	119.5	1352	9013	6687	2476	2398.5	8352	1486.5	1940	2864	6759.5	1523.5	7120	69037.5	3.451.875
ORTHO006164	Protein of unknown function; DUF617	AT3G25640	8150;3674;9506;5911;30054;5575;55044	1093	2867	1451	1809	2097	4344.5	3628.5	6428.5	6823.5	5040	1810	4239	3288	3815.5	2702.5	1606	3152.5	4887	3233.5	3899.5	3454.5	3222.5	3438.5	1958.5	70972.5	3.548.625
ORTHO001539	phosphorylethanolamine cytidylyltransferase 1	AT2G38670	5739;43231;43227;43226;5575;43229;44424;44464;5623;5622;44444;5737;31307;31306;98573;31300;44422;31224;44425;16020;31090;44455;44429;44446;31966;5740;31967;31975;5741;31968;19867;98805;98588;32592;31301;16021;6646;46474;6650;6644;19637;71704;8152;8150;6793;44237;9987;44255;6629;44710;44699;44238;44763;6796;46486;45017;8610;1901576;9058;44711;44249;8654;90407;46337;4306;70567;16779;16772;16740;3824;3674;5634	1094	922	1410	1726	4356	2295.5	6430	3218	1481	879.5	6763.5	2851	1352	8936	6687	797.5	2195	7597	926	1698.5	1416	8111.5	2153.5	4413.5	70202	3510.1
ORTHO002502	Protein of unknown function; DUF538	AT3G08890;AT5G37070	3674;8150;5575	1095	559	577	59	248.5	5	74.5	236.5	298	52.5	74.5	367.5	1352	4746.5	6687	136	5764.5	6590	5220.5	10	12.5	53	26	1029	32735.5	1.636.775
ORTHO002449	gamma-adaptin 1	AT1G23900;AT1G60070	30121;30131;30119;98796;43234;32991;5575;44425;16020;44444;44424;44464;5623;5622;5737;30117;48475;30118;44431;44446;44422;43226;43229;5794;43231;43227;12505;44433;31410;31982;30130;30125;30120;30662;30659;12506;31090;31988;16023;98588;98805;30135;30665;30136;12510;30658;30133;30660;139;5798;30140;5515;5488;3674;6886;15031;45184;51234;51179;8150;8104;33036;71702;6810;46907;51649;51641;34613;70727;8565;22892;5215;16192;30276;5829	1096	1286	2892.5	4689	1066.5	615.5	6724	1114.5	3490	4362.5	4876.5	7478.5	8605	5307	988	1429.5	8562.5	9059	9087	1764.5	1398	7493	1866	4174.5	88395.5	4.419.775
ORTHO003221	eukaryotic translation initiation factor 3G1	AT3G11400;AT5G06000	33290;70993;30529;32991;5575;44424;44464;5623;5622;44444;5737;5852;43234;3743;8135;3723;3676;1901363;5488;3674;97159;6412;43043;43604;43603;34641;6807;8152;8150;44237;9987;44271;44249;9058;6518;1901564;71704;1901566;1901576;44267;19538;43170;44238;44260;34645;9059;10467;6413;1731;22618;71826;43933;16043;71840;34622;65003;22607;44085;22613;6446;6417;10608;10468;60255;19222;50789;65007;32268;51246;80090;31323;50794;34248;51171;2000112;31326;9889;10556;16282;8270;46914;46872;43169;43167;5886;16020;71944;166;36094;1901265	1097	2376	1473	1849	4356	2385.5	1410	1709	635	5420.5	5196	7179.5	1352	8456.5	7017.5	2476	3796.5	7571	1118.5	1632	1889.5	4780.5	4564	2850	71439.5	3.571.975
ORTHO004097	Transducin/WD40 repeat-like superfamily protein	AT1G48870	8601;19888;19208;30234;98772;3674;50790;19222;50789;65007;8150;65009;34047;43666;10921;35304;31399;32268;51246;80090;60255;31323;50794;35303;19220;51174;51336;4871;60089;7165;51716;9987;50896;7154;44763;44699;44700;23052;5634;43231;43227;43226;5575;43229;44424;44464;5623;5622;159;8287;1903293;1902494;43234;32991;5834;98797;44459;44425;16020;5886;71944;98796;31234;19897;19898;9898;98562;98552	1098	1848	2917.75	4737.5	4356	273.5	6309	1484	1916	2235	2809.5	5096	1352	4881.5	382.5	1429.5	7818.5	8278	9122	773.5	9075	8942	9142.5	7376.5	88696.5	4.434.825
ORTHO004438	DZC (Disease resistance/zinc finger/chromosome condensation-like region) domain containing protein	AT1G31880;AT2G35600	42802;5515;5488;3674;5634;43231;43227;43226;5575;43229;44424;44464;5623;5622;9734;9755;7165;50794;50789;65007;8150;51716;9987;50896;7154;44763;44699;44700;23052;32870;9725;9719;10033;42221;71495;71310;70887;71365;9733;15250;22838;15267;22803;22857;5215;6810;51234;51179;55085;44765;1902578;22891;22892;5372;6833;42044;9737;33993;97305;1901700;1101;48527;48528;9791;44767;32502;44707;32501;7275;48364;48513;48856;48731;22622;48569;9736;71368;9735;5886;16020;71944	1099	2143	1696	2293	1689.5	4827.5	3628.5	4294	5754	502	8984.5	2291.5	1352	7448.5	8316.5	2476	2013	6388.5	5220.5	4727.5	782.5	2061	1661.5	1906.5	74636	3731.8
ORTHO006166	photosystem I subunit G	AT1G55670	9780;6740;55114;44710;8152;8150;44699;6739;46496;19362;6733;6732;51186;44237;9987;9117;6753;19637;71704;6793;55086;6139;46483;6725;1901360;34641;6807;44238;44281;44763;6796;72524;1901564;19684;6091;15979;30093;98807;98796;43234;32991;5575;44425;16020;44434;44435;44444;44424;44464;5623;5622;5737;44446;44422;43226;43229;9536;43231;43227;9507;44436;9579;9535;55035;42651;34357;31976;31984;9534;9522;9521;9941;9526;31967;31975;42550;42548;10109;31323;50794;50789;65007;19222;43467;9773;9767;22900;16021;31224;50821;31647;65008;16168;46906;1901363;5488;3674;97159	1100	1055	2109.5	3119	1584.5	2333	776.5	3291	3450	5674.5	271.5	6374.5	8519	7779.5	8726.5	2476	7758	8297	1827	1654	2439.5	4612.5	1035	2522	79817	3990.85
ORTHO000423	UDP-glucose dehydrogenase 1	AT1G26570;AT3G29360;AT5G15490;AT5G39320	51287;50662;48037;5488;3674;166;36094;1901265;1901363;97159;3979;16616;16614;16491;3824;8152;8150;55114;44710;44699;5737;44424;44464;5575;5623;5622;5975;71704;44238;6065;46394;16053;6082;44281;44763;9987;44237;44283;44711;9058;1901576;44249;19752;43436;46398;9225;6139;46483;6725;1901360;34641;6807;1901135;9226;1901137;34654;19438;44271;18130;1901362;5829;44444;6024;30203;6022;43170;1901564;6023;9059;1901566;5634;43231;43227;43226;43229;52546;45488;10393;5976;9664;71555;45229;16043;71840;71554;71669;5618;30312;71944;48046;5576	1101	2362	895.5	690	1281	916	6497.5	727.5	2367.5	1282.5	2809.5	307.5	7377.5	7850	8512	2476	2647.5	1425.5	984	549.5	1982	407	456	7656.5	57231.5	2.861.575
ORTHO002964	SELT-like protein precursor	AT3G47300;AT5G58640	8430;5488;3674;45454;19725;42592;65008;65007;8150;44763;9987;44699;50794;50789;5886;16020;5575;44464;5623;71944;5783;43231;43227;43226;43229;44424;5622;44444;5737;12505;9507;9536	1102	1989	1236	1370	4356	4519	2234.5	1709	8423.5	1506.5	1623	1576.5	6731.5	4486	6137	1830	3891.5	5221.5	4756.5	4392	538	2112.5	3702.5	1580.5	66971.5	3.348.575
ORTHO005143	octicosapeptide/Phox/Bem1p (PB1) domain-containing protein	AT1G70640;AT3G26510	3674;5634;43231;43227;43226;5575;43229;44424;44464;5623;5622;8150;5515;5488	1103	1943	3138	5173	4356	6761.5	2951	7372.5	2790.5	738	1082.5	2851	7743	7954.5	8793	2476	1356.5	6265.5	6700.5	4258.5	5988	6714	5678	2382	90856.5	4.542.825
ORTHO001009_1	Phosphoinositide phosphatase family protein	AT3G51460;AT5G66020	16021;31224;44425;5575;16020;30659;12506;31090;44422;43226;43227;31988;31982;44433;44444;44424;44464;5623;5622;5737;44446;43229;31410;16023;43231;90404;35838;51286;60187;30427;44463;42995;90406;48768;904;902;32989;16043;71840;8150;9987;9653;32502;48856;48869;44767;44699;44763;48468;30154;9932;9826;60560;48589;40007;16049;48767;48588;80147;48765;10053;90627;10015;48364;48513;48731;7275;44707;32501;22622;90558;9888;48764;48469;21700;10054;5739;9506;5911;30054;55044;31520;98590;44459;5886;71944;98589;98805;5789;98588;44432;5783;12505;42175;43812;34596;52866;16791;42578;16788;16787;3824;3674;8152;16311;6796;6793;44237;52744;9611;6950;50896;35619;35618;4439;34593;34595;9651;6970;9628	1104	609	1451	1798	407	679	652	8536	8999.5	1655.5	3269.5	4386.5	1352	5895.5	2702.5	1153	1321	7181.5	7153	1320	1344	8486	4586	183	70855.5	3.542.775
ORTHO000862	Zinc finger; C3HC4 type (RING finger) family protein	AT1G12760;AT1G63170;AT3G61180;AT4G11680	4842;19787;16740;3824;3674;8152;8150;16567;32446;70647;6464;36211;19538;43170;71704;44238;43412;44267;44260;44237;9987;9507;9536;43231;43227;43226;5575;43229;44424;44464;5623;5622;44444;5737;8270;46914;46872;43169;43167;5488;5634;16874;16021;31224;44425;16020;5774;44437;44446;44422;5773;98588;31090;98805	1105	2675	2377.5	3650	1812	7834.5	1789.5	7084	1042.5	2615.5	621.5	1471	6895.5	4295.5	6444.5	6712.5	4252.5	5221.5	4795.5	4527	5637	3026	4927.5	3565	82758.5	4.137.925
ORTHO002315	NAC domain containing protein 61	AT3G44350;AT5G22380	3677;3676;1901363;5488;3674;97159;3700;1071;2001141;31326;9889;19222;50789;65007;8150;31323;50794;51252;19219;80090;51171;60255;10556;6355;1903506;10468;2000112;5634;43231;43227;43226;5575;43229;44424;44464;5623;5622;6351;34645;44260;43170;71704;8152;44237;9987;9059;1901576;9058;44249;97659;32774;16070;90304;6139;46483;6725;1901360;34641;6807;44238;34654;19438;44271;18130;1901362;10467;10200;10243;9719;50896;10033;42221;1901698;1901700;7275;44767;32502;44699;44707;32501	1106	697	912	718	1428.5	8296	652	834.5	1839.5	1282.5	3639.5	1323.5	1352	4757	288	44.5	1678.5	8063	2052.5	586	8264.5	8285	3918.5	549.5	57706.5	2.885.325
ORTHO000795	Ribosomal protein L34e superfamily protein	AT1G26880;AT1G69620;AT3G28900	22625;15934;44391;30529;32991;5575;44424;44464;5623;5622;44444;5737;44446;44422;43226;43229;5840;43232;43228;44445;5829;22626;6412;43043;43604;43603;34641;6807;8152;8150;44237;9987;44271;44249;9058;6518;1901564;71704;1901566;1901576;44267;19538;43170;44238;44260;34645;9059;10467;5730;44428;5634;43231;43227;31981;70013;43233;31974;3723;3676;1901363;5488;3674;97159;9507;9536;42254;22613;44085;71840;3735;5198;5774;44437;5773;98588;31090;16020;98805	1107	3060	1337.5	1568	5151.5	7444.5	2703	6652	4705.5	4645.5	2809.5	5327.5	4492.5	3497	4462	2914	2992	1494	926	5369.5	3027	1045	3365	926.5	68798	3439.9
ORTHO004815	CCT motif family protein	AT4G25990;AT5G57180	3674;8150;6355;1903506;2001141;31326;9889;19222;50789;65007;31323;50794;51252;19219;80090;51171;60255;10556;10468;2000112;5634;43231;43227;43226;5575;43229;44424;44464;5623;5622;45036;1902580;51641;51179;1902578;44699;6605;6886;15031;45184;51234;8104;33036;71702;6810;46907;51649;34613;70727;1902582;44765;72596;72594;33365;72598;16482;9507;9536;44444;5737	1108	1745	1108	1108	1281	8734.5	2234.5	917.5	1234	2524.5	744	679.5	6804.5	4486	6137	6712.5	3958.5	5056.5	824.5	3721.5	1547	2112.5	3770	1615.5	63814.5	3.190.725
ORTHO006499	vesicle-associated membrane protein 714	AT5G22360	16020;5575;5773;43231;43227;43226;43229;44424;44464;5623;5622;44444;5737;9651;6970;9628;50896;8150;6950;5794;12505;15031;45184;51234;51179;8104;33036;71702;6810;16021;31224;44425	1109	481	1378	1647	672.5	615.5	512	428.5	344	52.5	15	5327.5	9167	4839	438.5	508.5	8915	9155	9137	3208	1617	8970.5	2591	3565	69406.5	3.470.325
ORTHO005742	RING/U-box superfamily protein	AT5G41350	8270;46914;46872;43169;43167;5488;3674;5739;43231;43227;43226;5575;43229;44424;44464;5623;5622;44444;5737;5634	1110	2576	1102	1094	4356	4946.5	1881	1709	597.5	2319.5	1623	705.5	6071.5	3815.5	5254.5	6712.5	1266	5221.5	4441	4392	4519	1910	3061.5	3179.5	63626.5	3.181.325
ORTHO000701	polygalacturonase abscission zone A. thaliana	AT2G41850;AT3G07970;AT3G57510	5576;5575;5618;30312;44464;5623;71944;10047;9900;44702;22414;8150;44699;48609;32504;3;32501;10227;3006;32502;9838;7275;44767;44707;48437;48569;48513;48856;48731;9908;90567;48608;61458;9791;48367;5975;71704;8152;44238;9830;9827;42545;71555;45229;16043;71840;9987;71554;9664;71669;44277;22411;44763;4650;4553;16798;16787;3824;3674;9901;48653;48443;48827;48466;48438;45490;272;5976;43170;16052;1901575;9056;9057;45488;10393;48235;30154;48869;22412;55046;9555;48229;48232;7276;19953;44703;51704;5737;44424;5622	1111	1036	1840	2569	4356	7877	2190	834.5	553.5	3757.5	669	1576.5	4128.5	6971	8995	976.5	3493.5	6683.5	1862	4848	934.5	7567	6989	5601	76507.5	3.825.375
ORTHO001082_2	Homeotic gene regulator	AT3G06010;AT5G19310	5634;43231;43227;43226;5575;43229;44424;44464;5623;5622;9651;6970;9628;50896;8150;6950;9414;9415;1101;42221;10035;1901700;40008;50789;65007;4386;17111;16462;16818;16817;16787;3824;3674;8152;3677;3676;1901363;5488;97159;9408;9266;42393;5515;5524;35639;1901265;43168;43167;32559;30554;17076;166;36094;32555;32553;97367;32550;32549;1882;1883;16568;6325;43933;16043;71840;9987;51276;6996;10492;10074;19827;44767;32502;44699;44707;32501;98727;10073;48507;9888;48856;48513;48731;7275;10078;10015;9653;48364;22622;9826;902;32989;48869;44763;60560;48589;40007;16049;31490;3682;44877;43566	1112	1246	1716	2320	1066.5	6085.5	1672.5	1013.5	8359.5	1189	865	2197	1352	7909	8893	2476	3493.5	6505.5	7464	4586	1922.5	4970.5	1094.5	2699.5	74748	3737.4
ORTHO003986	BEST Arabidopsis thaliana protein match is: kinectin-related (TAIR:AT5G66250.3)	AT2G17990	5886;16020;5575;44464;5623;71944	1113	1398	2950.5	4788	4356	151	8376	602	280	930.5	397.5	1374.5	1352	8210.5	9135.5	2476	3958.5	7117	8364.5	7498.5	8534	7972	8775	3447.5	88952.5	4.447.625
ORTHO005805	Dof-type zinc finger DNA-binding family protein	AT5G62940	6351;34645;44260;43170;71704;8152;8150;44237;9987;9059;1901576;9058;44249;97659;32774;16070;90304;6139;46483;6725;1901360;34641;6807;44238;34654;19438;44271;18130;1901362;10467;3700;1071;3674;2001141;31326;9889;19222;50789;65007;31323;50794;51252;19219;80090;51171;60255;10556;6355;1903506;10468;2000112;45893;10628;10604;9893;48518;1903508;1902680;51254;45935;31325;48522;51173;31328;9891;10557;10067;10065;48508;48507;9888;48856;32502;48513;48731;7275;44767;44699;44707;32501;3006;22414;9793;44702;9790;48316;48608;61458;9791;10154;3677;3676;1901363;5488;97159;5634;43231;43227;43226;5575;43229;44424;44464;5623;5622;10087;46872;43169;43167	1114	496	2054.5	2995	672.5	615.5	2121.5	1484	1328.5	295	2402	4670	1352	5045.5	275	343	6825	8107	8712	6322.5	8967.5	8894	9053	2314	79127	3956.35
ORTHO001774	alfin-like 2	AT3G11200;AT5G05610	6355;1903506;2001141;31326;9889;19222;50789;65007;8150;31323;50794;51252;19219;80090;51171;60255;10556;10468;2000112;42393;5515;5488;3674;5634;43231;43227;43226;5575;43229;44424;44464;5623;5622;8270;46914;46872;43169;43167;6351;34645;44260;43170;71704;8152;44237;9987;9059;1901576;9058;44249;97659;32774;16070;90304;6139;46483;6725;1901360;34641;6807;44238;34654;19438;44271;18130;1901362;10467;16568;6325;43933;16043;71840;51276;6996;5829;44444;5737;3677;3676;1901363;97159;35064;44212;975;1067	1115	3008	2778.5	4442	4356	2672	7886	1912	2541	7247	9044.5	2640.5	3942	7636	7448.5	2476	1642	6085	8152.5	794.5	2294	6648	1594	4413.5	87069	4353.45
ORTHO003273	Core-2/I-branching beta-1;6-N-acetylglucosaminyltransferase family protein	AT1G71070	16020;5575;16757;16740;3824;3674;8152;8150;8375;8194;16758;5794;43231;43227;43226;43229;44424;44464;5623;5622;44444;5737;12505;16051;44723;5975;71704;44238;44710;44699;1901576;9058;44711	1116	188	957.5	799	672.5	4404	1093.5	3405.5	3404.5	1189	4723	1854	1352	5822	5691.5	136	9020.5	8231	1975.5	96	2848	1045	2025	988.5	59304.5	2.965.225
ORTHO002942	GRAS family transcription factor	AT4G37650	5634;43231;43227;43226;5575;43229;44424;44464;5623;5622;3700;1071;3674;2001141;31326;9889;19222;50789;65007;8150;31323;50794;51252;19219;80090;51171;60255;10556;6355;1903506;10468;2000112;5515;5488;5769;5768;44444;5737;12505;55072;55076;55065;98771;50801;48878;42592;65008;55080;55037;45930;45786;48523;48519;51726;7346;8356;51301;44763;9987;44699;6351;34645;44260;43170;71704;8152;44237;9059;1901576;9058;44249;97659;32774;16070;90304;6139;46483;6725;1901360;34641;6807;44238;34654;19438;44271;18130;1901362;10467;32350;9956;3002;7389;44767;32502;44707;32501;7275;48366;48827;48856;48367;48731;43565;3677;3676;1901363;97159;5770	1117	846	1377.5	1638	4356	3531	822.5	4462	4551	3176.5	5533.5	2467.5	8519	6601.5	8471.5	797.5	3264.5	6440	2442.5	160.5	1026	4780.5	1361	885.5	69294	3464.7
ORTHO005706	CHY-type/CTCHY-type/RING-type Zinc finger protein	AT5G18650	5634;43231;43227;43226;5575;43229;44424;44464;5623;5622;16567;32446;70647;6464;36211;19538;43170;71704;8152;8150;44238;43412;44267;44260;44237;9987;4842;19787;16740;3824;3674;5737;1901485;32436;1901800;1903052;1903050;1903362;31329;9894;19222;50789;65007;31323;50794;42176;51246;80090;60255;32268;30162;1903364;32270;31325;9893;48518;48522;51247;10604;31331;9896;45732;45862;61136;32434;1901483;8134;5515;5488;1900425;31348;31347;80134;48583;48585;48519;43901;43900;2832;2831;32102;32101;1900424;8270;46914;46872;43169;43167	1118	1506	1104.75	1091.5	4356	961.5	5833	864	5619	2170.5	669	1576.5	6895.5	4486	6192.5	1830	4054.5	5992	4663	2059.5	569	2763	4773	1644	63615.5	3.180.775
ORTHO003778	Protein of unknown function (DUF1068)	AT1G05070;AT2G32580	5802;98791;44431;44444;44424;44464;5575;5623;5622;5737;44446;44422;43226;43229;5794;43231;43227;12505;31984;5768;3674;8150;5634	1119	2421	1456.5	1794	1408	2214.5	5441.5	2647.5	8541.5	3099	3831.5	5517.5	1352	5751	1223	1239.5	8208.5	5944.5	6056.5	4778	3529.5	710	327	431	70843.5	3.542.175
ORTHO002211	Tubulin/FtsZ family protein	AT2G36250;AT3G52750	9570;9532;44435;44444;44424;44464;5575;5623;5622;5737;44446;44422;43226;43229;9536;43231;43227;44434;9507;43234;32991;5515;5488;3674;10020;9658;9657;6996;16043;71840;8150;9987;43572;48285;43621;5198;9534;31976;9579;31984;3924;17111;16462;16818;16817;16787;3824;8152;51258;43623;6461;65003;43933;22607;44085;71822;70271;34622;16020;42651;34357;44436;42802	1120	3019	3354.5	5589	4356	6739	6182	2660	2760.5	1462	8892.5	6404.5	6397.5	6764.5	6937	2476	5194	4673.5	5272.5	884	1227	6895.5	7818	3340.5	92980.5	4.649.025
ORTHO000945_1	long chain acyl-CoA synthetase 9	AT1G77590	9941;9526;31967;31975;44464;5575;5623;44446;44422;43226;44424;5622;43229;43227;44435;44444;5737;9536;43231;44434;9507;16020;1676;6631;44255;6629;71704;8152;8150;44710;44699;44238;44763;9987;44237;32787;19752;43436;6082;44281;4467;15645;16877;16874;3824;3674;5524;35639;1901265;1901363;5488;97159;43168;43167;32559;30554;17076;166;36094;32555;32553;97367;32550;32549;1882;1883;6633;72330;46394;16053;44283;44711;9058;1901576;44249;8610;5739	1121	473	1081.5	1042	248.5	2358	1093.5	175.5	32	7666.5	5243	4949	1352	6187	6378.5	797.5	9125.5	8843.5	5648	1189.5	822	596	299	117	62873	3143.65
ORTHO000499_1	COBRA-like protein 10 precursor	AT3G20580;AT4G27110	16049;40007;8150;44763;9987;44699;5886;16020;5575;44464;5623;71944;10215;30198;43062;16043;71840;71668;70726;22607;44085;71555;45229;71554;42546;9664;71669;9832;31225;31224;44425	1122	715	845.5	569	4356	3710	376.5	414	280	2170.5	865	517.5	8605	7213.5	8838	1073.5	2114	6590	615.5	284	1786	4970.5	1121.5	2699.5	54244.5	2.712.225
ORTHO005167	unknown protein	AT5G67390	3674;8150;5575	1123	786	780	437	672.5	2170	512	143.5	1839.5	2284	1144	367.5	1352	8418.5	8726.5	1073.5	2195	6440	505.5	1016.5	6431	4612.5	1035	831.5	51098	2554.9
ORTHO002259	PLAC8 family protein	AT1G63830;AT4G23470;AT5G41390	5886;16020;5575;44464;5623;71944;5634;43231;43227;43226;43229;44424;5622;8150;3674	1124	3070	1005.5	887	1408	4758	2528	1709	7325.5	1155	1623	743.5	5740	3815.5	4842.5	1830	324.5	4507	4715	696	1543.5	5213.5	4451.5	3103.5	60624.5	3.031.225
ORTHO001713	inositol polyphosphate 5-phosphatase I	AT1G34120;AT1G71710	16787;3824;3674;8152;8150;46855;44723;5975;71704;44238;44710;44699;46838;16311;6796;6793;44237;9987;44262;71545;43647;19637;19751;6066;1901615;44281;44763;46174;46164;1901616;1901575;9056;44282;44712;46434;9507;9536;43231;43227;43226;5575;43229;44424;44464;5623;5622;44444;5737;46856;46839;30258;44255;6629;46488;6650;6644;46486;32957;4445;46030;52745;16791;42578;16788;34485;34594;52866;34595;9845;44707;32501;90351;9791;44767;32502;7275;4439;34593	1125	1828	3078	5031	4356	1777	4835.5	1322	1994.5	3921.5	9114	6883.5	1352	8983	6639	797.5	8966	7219.5	8655.5	5002	7489.5	837.5	1405.5	3005.5	90200.5	4.510.025
ORTHO002029	transducin family protein / WD-40 repeat family protein	AT4G03020	80008;31461;151;1990234;1902494;43234;32991;5575;44424;44464;5623;5622;5737;166;36094;5488;3674;1901265;1901363;97159;8150	1126	1646	3606.5	6087	4356	3531	4742	1780.5	3632	2832.5	4886.5	7526	8519	5411.5	1184.5	1606	7214.5	8605	2442.5	8975	8580	7972	2943	3366.5	95750	4787.5
ORTHO000500_1	Ankyrin repeat family protein	AT1G07710;AT5G02620;AT5G60070	8150;5575;16021;31224;44425;16020;5783;43231;43227;43226;43229;44424;44464;5623;5622;44444;5737;12505;5886;71944	1127	2011	1157.5	1188	1281	6023.5	1789.5	805.5	1133	3267	621.5	1471	1352	4560	6259.5	1830	4191.5	5221.5	4756.5	4527	5637	3026	4887	3565	64924	3246.2
ORTHO002753	transcription factor-related	AT2G27230	48364;44767;32502;8150;44699;48513;48856;48731;7275;44707;32501;22622;45893;10628;10604;9893;48518;50789;65007;19222;60255;10468;1903508;1903506;2001141;31326;9889;31323;50794;51252;19219;80090;51171;10556;1902680;51254;45935;31325;48522;51173;31328;9891;10557;6355;2000112;6351;34645;44260;43170;71704;8152;44237;9987;9059;1901576;9058;44249;97659;32774;16070;90304;6139;46483;6725;1901360;34641;6807;44238;34654;19438;44271;18130;1901362;10467;42803;42802;5515;5488;3674;46983;10078;10074;19827;98727;10073;48507;9888;10015;9653;10479;3700;1071;3677;3676;1901363;97159;5634;43231;43227;43226;5575;43229;44424;44464;5623;5622	1128	1150	3418.5	5709	4356	8077	5410	1604.5	8101	6440	1082.5	8178.5	7743	7536	8638.5	2476	3167.5	6388.5	1164.5	3448	1729.5	5434	4748	2229	93596	4679.8
ORTHO001386	unknown protein	AT3G11760;AT5G04860	5634;43231;43227;43226;5575;43229;44424;44464;5623;5622;8150;3674;5739;44444;5737	1129	1750	2559	3989	1281	8947.5	1011	3769	2202	6480	8984.5	653	7377.5	7300	8276	2476	7158.5	4253	1086	738.5	1063.5	5924	5171.5	1906.5	84778	4238.9
ORTHO004804	unknown protein	AT2G37035	3674;8150;5739;43231;43227;43226;5575;43229;44424;44464;5623;5622;44444;5737	1130	686	2275	3420	248.5	2837	512	1347	9020.5	82.5	8701	4239	9167	4839	438.5	1429.5	2436.5	8397.5	8951	860	3162.5	8980	2591	3565	81556.5	4.077.825
ORTHO002102	pseudo-response regulator 7	AT5G02810	10017;7165;50794;50789;65007;8150;51716;9987;50896;7154;44763;44699;44700;23052;71489;9639;9416;9314;9628;71482;71478;71214;5634;43231;43227;43226;5575;43229;44424;44464;5623;5622;160;35556;3677;3676;1901363;5488;3674;97159;45892;1903507;1903506;2001141;31326;9889;19222;31323;51252;19219;80090;51171;60255;10556;1902679;51253;10605;9892;48519;45934;51172;31324;48523;31327;9890;10558;10629;10468;6355;2000112;2000113;9266;7623;48511;5739;44444;5737;156;5057;4871;60089;6351;34645;44260;43170;71704;8152;44237;9059;1901576;9058;44249;97659;32774;16070;90304;6139;46483;6725;1901360;34641;6807;44238;34654;19438;44271;18130;1901362;10467	1131	1021	2280	3429	672.5	8700	6478	676	1198	402.5	1144	5053	9150.5	4874	473.5	508.5	8431	6330	1253	3108	9098.5	8910.5	2524	3289.5	81602.5	4.080.125
ORTHO004668	PLATZ transcription factor family protein	AT2G12646	8150;3674;5575	1132	865	1698	2264	672.5	649	2528	4154.5	6379.5	82.5	5559.5	267.5	1352	6764.5	8726.5	976.5	450	6590	4293	4586	7636	6612.5	5826.5	945.5	74379.5	3.718.975
ORTHO002785	nucleotide binding	AT2G01330;AT3G18060	5737;44424;44464;5575;5623;5622;80008;31461;151;1990234;1902494;43234;32991;166;36094;5488;3674;1901265;1901363;97159;8150;5829;44444	1133	1000	1421.5	1710	672.5	686.5	512	196	635	6065.5	1144	4309	1352	9087.5	6867.5	2476	2371.5	7295.5	8251.5	1208	8083.5	5132.5	1523.5	2850	70047	3502.35
ORTHO002157	Coatomer; beta subunit	AT4G31480;AT4G31490	16192;6810;51234;51179;8150;6886;15031;45184;8104;33036;71702;46907;51649;51641;34613;70727;30126;30120;30117;98796;43234;32991;5575;44425;16020;44444;44424;44464;5623;5622;5737;48475;44433;44446;44422;43226;43229;31410;31982;30662;30659;12506;31090;43227;31988;16023;43231;98588;98805;30135;44431;5794;12505;30663;30660;139;5798;30137;30276;5515;5488;3674;5198;5634;9506;5911;30054;55044;5829	1134	242	2334.5	3535	248.5	3	1672.5	1547.5	1625	1926.5	1082.5	3983	1352	4935	327	136	7432	8362.5	8239.5	8918.5	9109	8330.5	9132	4060.5	82174.5	4.108.725
ORTHO000995_1	glyceraldehyde 3-phosphate dehydrogenase A subunit 2	AT1G12900;AT3G26650	9941;9526;31967;31975;44464;5575;5623;44446;44422;43226;44424;5622;43229;43227;44435;44444;5737;9536;43231;44434;9507;9570;9532;6096;6090;32787;19752;43436;6082;71704;8152;8150;44281;44710;44699;44763;9987;44237;44724;44712;9056;44723;5975;44238;16052;1901575;6757;6091;46031;9150;6163;72521;46483;6725;1901360;34641;6807;1901564;9117;6753;19637;6793;55086;6139;6796;9259;19693;1901135;9179;9185;9132;9135;9167;9161;9123;9126;46128;9119;9116;1901657;42278;46034;9205;9144;9141;9199;6165;46939;16310;46496;19362;6733;6732;51186;72524;51287;50662;48037;5488;3674;166;36094;1901265;1901363;97159;16020;55114;16620;16903;16491;3824;50661;48046;5576;19253;19685;16051;1901576;9058;44711;15979;15977;47100;43891;6006;19318;5996;9744;34285;9743;10033;42221;50896;1901700;10319;9535;55035;42651;34357;44436;9579;31976;31984;9534;31969;42170;31090;18119;17014;6464;36211;19538;43170;43412;44267;44260;18198;18193;9416;9314;9628;5515;9409;9266;6950	1135	1537	3217	5299	4356	2295.5	5621.5	1204.5	702.5	3688.5	982	2851	1352	9146.5	7304.5	7782	7214.5	7117	2340	3899.5	8153	8749	8869	2229	91501.5	4.575.075
ORTHO006905	Mitochondrial substrate carrier family protein	AT2G39970	5743;19866;31090;16020;5575;44422;43226;43227;44424;44464;5623;5622;31967;31975;44446;43229;31966;44429;44444;5737;5739;43231;5740;5774;44437;5773;98588;98805;6810;51234;51179;8150;5778;44439;44438;42579;5777;31903;15297;15291;22804;22857;5215;3674;55085;44763;9987;44699;44765;1902578;16021;31224;44425;46861;44375;32535;90066;65008;65007;16043;71840;9514;43132;51181;6862;15748;71702;15931;71705	1136	852	2007.5	2879	4356	2747.5	6478	1013.5	702.5	402.5	865	2553.5	1352	8936	6687	797.5	1764.5	7677.5	8394	606	8909	8533	8290	1672.5	78381.5	3.919.075
ORTHO001165	Pyridoxal phosphate (PLP)-dependent transferases superfamily protein	AT2G23520;AT4G37100;AT5G66950	5886;16020;5575;44464;5623;71944;3824;3674;8152;8150;30170;1901363;5488;97159;48037;43168;43167;16740;9536;43231;43227;43226;43229;44424;5622;44444;5737;9507	1137	679	1001	865	248.5	2467	142	517	169	238.5	195.5	743.5	1352	7636	9145.5	267	294.5	7117	7644	884	1149	8029.5	8609.5	3667.5	60268	3013.4
ORTHO005303	Integral membrane HPP family protein	AT3G47980;AT5G62720	16021;31224;44425;5575;16020;8150;3674;9507;9536;43231;43227;43226;43229;44424;44464;5623;5622;44444;5737;9941;9526;31967;31975;44446;44422;44435;44434;9706;9528;19866;31090;42170;31969	1138	1327	1437.5	1737	4356	615.5	444.5	1581	9096.5	1028.5	1082.5	6027	1352	4780	302.5	1429.5	2398.5	8505.5	9060.5	399	2203.5	8801	2513.5	8670.5	70291.5	3.514.575
ORTHO003598	Protein of unknown function (DUF789)	AT4G16100;AT5G49220	5634;43231;43227;43226;5575;43229;44424;44464;5623;5622;8150;3674	1139	1642	1652.5	2166	4356	8135	1118	3824.5	7455	3818	4016	907	1352	5393.5	1145.5	1606	1545.5	7335.5	1807.5	1486	7860	7950.5	3402	3447.5	73605	3680.25
ORTHO004368	DORNROSCHEN-like	AT1G24590	9736;9755;7165;50794;50789;65007;8150;51716;9987;50896;7154;44763;44699;44700;23052;32870;9725;9719;10033;42221;71495;71310;70887;71368;9735;9880;7389;44767;32502;44707;32501;7275;9790;48856;6351;34645;44260;43170;71704;8152;44237;9059;1901576;9058;44249;97659;32774;16070;90304;6139;46483;6725;1901360;34641;6807;44238;34654;19438;44271;18130;1901362;10467;9873;160;35556;71369;9723;5634;43231;43227;43226;5575;43229;44424;44464;5623;5622;6355;1903506;2001141;31326;9889;19222;31323;51252;19219;80090;51171;60255;10556;10468;2000112;48825;48366;48827;48367;48731;9793;44702;22414;3006;48316;48608;61458;9791;10154;9740;10476;71370;9739;33993;1101;1901700;71396;71229;1901701;3677;3676;1901363;5488;3674;97159;3700;1071;51726;9733;5515	1140	1184	1145	1150	4356	476	2080	4571	2959	4203	128.5	5780	6895.5	4344	6378.5	1830	1764.5	7597	3553	5816	2172.5	1525	607	1713.5	64394	3219.7
ORTHO003946	Family of unknown function (DUF662)	AT2G36410;AT3G09980;AT3G52920	5634;43231;43227;43226;5575;43229;44424;44464;5623;5622;5886;16020;71944;1900426;31349;31347;80134;48583;50789;65007;8150;48584;48518;43902;43900;2833;2831;32103;32101;1900424;80185;52559;52558;52555;52552;52564;52173;51707;43207;9605;50896;9607;51704;44403;44419;52255;51817;35821;65008;50776;2682;50778;2684;52556;52553;52572;52200;75136;51701;52031;44003;8017;32403;44877;5488;3674;5515;15631;8092;9507;9536;44444;5737	1141	2826	4309	7477	1812	7116	4457	8731.5	3366.5	1800	1623	7509	8410.5	8776.5	5873.5	2476	1048	9050	8694.5	2880.5	1063.5	8018	8070	5806	104770	5238.5
ORTHO004238	N-terminal-transmembrane-C2 domain type 5.1	AT1G50260;AT3G19830	5886;16020;5575;44464;5623;71944;8150;16021;31224;44425	1142	873	1421	1700	365.5	3309	107	3421	3302	763	92	7102	1352	8418.5	6331.5	797.5	2918	8859	2669.5	2373.5	5265	9081.5	3758.5	30	69950.5	3.497.525
ORTHO001011	Double Clp-N motif-containing P-loop nucleoside triphosphate hydrolases superfamily protein	AT1G07200;AT2G29970;AT2G40130	5737;44424;44464;5575;5623;5622;5524;35639;1901265;1901363;5488;3674;97159;43168;43167;32559;30554;17076;166;36094;32555;32553;97367;32550;32549;1882;1883;1902347;14070;10033;42221;50896;8150;33993;1901700;16787;3824;8152;5634;43231;43227;43226;43229	1143	2790	1965.75	2788.5	4356	1777	5859	917.5	5221.5	1750.5	3792.5	6440	5740	6475	6867.5	2476	3521.5	5518	3904.5	1532.5	1729.5	3026	4199	7028	77775.5	3.888.775
ORTHO001763	breast basic conserved 1	AT3G49010	6412;43043;43604;43603;34641;6807;8152;8150;44237;9987;44271;44249;9058;6518;1901564;71704;1901566;1901576;44267;19538;43170;44238;44260;34645;9059;10467;22626;44445;44444;44424;44464;5575;5623;5622;5737;5829;5840;30529;32991;43232;43228;43226;43229;22625;15934;44391;44446;44422;5774;44437;5773;43231;43227;98588;31090;16020;98805;5730;44428;5634;31981;70013;43233;31974;9506;5911;30054;55044;5886;71944;5618;30312;3735;5198;3674;3723;3676;1901363;5488;97159;42254;22613;44085;71840;9735;9725;9719;50896;10033;42221	1144	919	755.5	367	672.5	2097.5	6236.5	834.5	553.5	1233	744	164.5	7498	4662.5	6378.5	508.5	7421.5	5720	381.5	112	696.5	1656	910.5	1644	49453	2472.65
ORTHO000468_2	Lung seven transmembrane receptor family protein	AT1G72480	5794;43231;43227;43226;5575;43229;44424;44464;5623;5622;44444;5737;12505;8150;16021;31224;44425;16020;3674	1145	1582	1807.75	2470.5	1281	8686	687.5	488	2069	6364	1414	393	1352	4839	327	1429.5	8849	8340	1589	399	9109	8954.5	2576	7997	75862.5	3.793.125
ORTHO000500_2	Ankyrin repeat family protein	AT1G05640;AT2G31820	8150;3674;5575;5886;16020;44464;5623;71944	1146	1473	1948.75	2751.5	4356	2425	1672.5	1204.5	1954.5	763	1144	247	1352	8456.5	1910.5	7419	8779.5	8278	1440.5	9102.5	1982	9063	3240.5	7120	77554.5	3.877.725
ORTHO001830	BIG PETAL P	AT1G59640;AT5G62610	5634;43231;43227;43226;5575;43229;44424;44464;5623;5622;3677;3676;1901363;5488;3674;97159;3700;1071;2001141;31326;9889;19222;50789;65007;8150;31323;50794;51252;19219;80090;51171;60255;10556;6355;1903506;10468;2000112;6351;34645;44260;43170;71704;8152;44237;9987;9059;1901576;9058;44249;97659;32774;16070;90304;6139;46483;6725;1901360;34641;6807;44238;34654;19438;44271;18130;1901362;10467;48446;48444;44702;22414;44699;3006;32502;48563;9887;44767;9653;48856;48513;48731;7275;44707;32501;9886;9791;48569;48437;9908;90567;48608;61458;48367;48441;48827;48465;48438;46983;5515	1147	2472	3506.5	5866	4356	4496	7562.5	7084	2134	1318	8958.5	2392.5	7377.5	7387.5	8316.5	2476	7953	5886.5	4914	4664.5	4519	2061	1337.5	3721	94559.5	4.727.975
ORTHO001492	DEAD/DEAH box RNA helicase family protein	AT5G11170;AT5G11200	5524;35639;1901265;1901363;5488;3674;97159;43168;43167;32559;30554;17076;166;36094;32555;32553;97367;32550;32549;1882;1883;6974;33554;51716;9987;8150;50896;6950;5634;43231;43227;43226;5575;43229;44424;44464;5623;5622;9506;5911;30054;55044;4386;17111;16462;16818;16817;16787;3824;8152;10468;60255;19222;50789;65007;10501;16070;44260;43170;71704;44237;90304;6139;46483;6725;1901360;34641;6807;44238;6406;6405;51168;6913;16482;46907;6810;51234;51179;51649;51641;51169;50658;50657;15931;71705;71702;51236;6403;33036;51028;10467;71427;71426;1902582;44765;1902578;44699;71166;46686;10038;10035;42221;3690;43566;3677;3676;5515;5730;44428;44446;44422;43232;43228;31981;70013;43233;31974;16887;3697;3725;3723;5681;30529;32991;4004;8186;42623;3724;8026;70035;398;6397;16071;6396;377;375;8380;5737;5618;30312;71944	1148	885	1702	2256	4356	2604.5	6200	4571	1753	2443	669	6027	1352	6971	8868	1073.5	324.5	6854.5	4830.5	1426	1084	7202	7048.5	3005.5	74307.5	3.715.375
ORTHO004128	RING/FYVE/PHD zinc finger superfamily protein	AT1G20110	5515;5488;3674;7165;50794;50789;65007;8150;51716;9987;50896;7154;44763;44699;44700;23052;70676;1902580;51641;51179;1902578;1902591;6900;61024;16043;71840;16050;6996;16192;6810;51234;44802;1902589;1902582;46907;51649;44765;51668;5634;43231;43227;43226;5575;43229;44424;44464;5623;5622;10008;98588;31090;16020;44422;44440;44444;5737;44446;5768;12505;98805;31902;5770;36258;70925;22607;44085;36257;7032;10256;813;98796;43234;32991;44425;36452;35091;5543;8289;43168;43167;55072;55076;55065;98771;50801;48878;42592;65008;55080;43130;32182	1149	788	2286.5	3424	672.5	8214	2528	357.5	6379.5	1282.5	865	2160	8605	6764.5	8726.5	976.5	3344	6590	629.5	4586	7568	6512.5	4544.5	945.5	81579	4078.95
ORTHO004914	Formyl transferase	AT4G17360;AT5G47435	6730;44281;44710;8152;8150;44699;44763;9987;44237;8864;16811;16810;16787;3824;3674;8168;16741;16740;32259;16597;31406;43177;36094;5488;43168;43167;9853;43094;44249;9058;5739;43231;43227;43226;5575;43229;44424;44464;5623;5622;44444;5737;6189;6188;46040;9150;6163;72521;46483;6725;1901360;71704;34641;6807;1901564;9117;6753;19637;6793;55086;6139;44238;6796;9259;19693;1901135;9167;9161;9123;9126;9152;9260;46390;90407;1901576;1901137;9165;1901293;34654;19438;44271;18130;1901362;44711;6164;72522;1901566;9168;9156;9124;9127;16742;46653;6760;6732;51186;42558;43603;1901605;6520;19752;43436;6082;6575	1150	2021	2144.75	3139.5	1281	2385.5	7288	1013.5	3382.5	8535.5	4655	7259.5	1352	7387.5	8203.5	2476	2195	8045.5	1975.5	2409.5	6696	1613	1424	1644	79941	3997.05
ORTHO003146	salt tolerance homolog2	AT1G75540	5515;5488;3674;6355;1903506;2001141;31326;9889;19222;50789;65007;8150;31323;50794;51252;19219;80090;51171;60255;10556;10468;2000112;5634;43231;43227;43226;5575;43229;44424;44464;5623;5622;9641;9639;9416;9314;9628;50896;3700;1071;9640;9791;44767;32502;44699;44707;32501;7275;989;988;8270;46914;46872;43169;43167	1151	3117	2690.5	4230	2097	9071	1410	5064	3229.5	7485	4428.5	6651.5	7963	5549.5	1145.5	1830	1660	7335.5	1118.5	2986	2533.5	7358	4632	4586.5	86037.5	4.301.875
ORTHO004353	Glucose-6-phosphate/phosphate translocator-related	AT5G33320	6486;44763;9987;8150;44699;6464;36211;19538;43170;71704;8152;44238;43412;44267;44260;44237;43413;70085;44723;5975;44710;9101;9100;1901135;34645;9059;1901576;9058;44249;1901137;15714;15718;46942;15849;44765;6810;51234;51179;1902578;71702;15711;6820;6811;15748;15297;15291;22804;22857;5215;3674;55085;9528;19866;31090;16020;5575;44422;43226;43227;44424;44464;5623;5622;31967;31975;44446;43229;42170;44435;44444;5737;9536;43231;9526;9507;9941;44434;89722;1903825;98656;34220;5338;1901505;1901264;15215;15605;1901677;15932;22891;22892;15931;71705;1901679;6862;34219;8643;15120;42879;15144;1901476;8028;46943;8514;8509;15075;5342;42873;15713;1990570;15784;36079;15780;90480;72530;5739;15121;89721;15301	1152	1416	830.5	509	1066.5	3632	1611.5	602	4507	2425	397.5	907	1352	4616	6464.5	1830	2013	5992	839.5	3899.5	7052	1985	689	2003.5	52818	2640.9
ORTHO001103	inflorescence meristem receptor-like kinase 2	AT3G51740;AT3G56100	5618;30312;44464;5575;5623;71944;16301;16772;16740;3824;3674;8152;8150;16310;6796;6793;44237;9987;6468;6464;36211;19538;43170;71704;44238;43412;44267;44260;9506;5911;30054;55044;5524;35639;1901265;1901363;5488;97159;43168;43167;32559;30554;17076;166;36094;32555;32553;97367;32550;32549;1882;1883;4674;4672;16773;7169;7167;7166;7165;50794;50789;65007;51716;50896;7154;44763;44699;44700;23052;5886;16020;9505;16021;31224;44425;46777;31625;44389;19899;5515;9755;32870;9725;9719;10033;42221;71495;71310;70887;1653;38023;4871;60089;4872;4675;19199;4888;7178	1153	1399	3069	4985	1066.5	7616	1818.5	1484	1133	266	1414	4421	8929.5	4935	511.5	508.5	1450	8222	8791.5	9038.5	9055.5	8741.5	2923.5	8697.5	89957	4497.85
ORTHO000649	Reticulan like protein B3	AT1G64090;AT2G46170;AT4G11220;AT4G23630	5789;98588;31090;16020;5575;44422;43226;43227;44432;44444;44424;44464;5623;5622;5737;44446;43229;5783;43231;12505;44425;42175;71782;98827;31984;71458;30176;31227;31300;31224;31301;16021;98554;98562;98552;71786;7029;6996;16043;71840;8150;9987;10256;9506;5911;30054;55044;5886;71944;80167;9628;50896;5634;5794;5773	1154	3159	1519.5	1885	4356	8743	5187.5	3971	3176	7666.5	4046	4239	1352	3815.5	2163.5	6712.5	1618.5	2199.5	188	4727.5	1339	2433.5	2943	5222.5	71744	3587.2
ORTHO005868	Pollen Ole e 1 allergen and extensin family protein	AT4G08685	5576;5575;3674;8150	1155	1563	1000.5	846	1281	407.5	3327	4345	1042.5	3494	1312.5	431	1352	7536	8512	797.5	3081.5	6330	490.5	5002	1047	5132.5	4188	2166	59994.5	2.999.725
ORTHO002705	Calcineurin-like metallo-phosphoesterase superfamily protein	AT1G50370;AT3G19980	5737;44424;44464;5575;5623;5622;46872;43169;43167;5488;3674;4722;4721;16791;42578;16788;16787;3824;8152;8150;16311;6796;6793;44237;9987;6470;6464;36211;19538;43170;71704;44238;43412;44267;44260;4674;4672;16301;16772;16740;16310;16773;6468;5634;43231;43227;43226;43229;159;8287;1903293;1902494;43234;32991;9793;44702;22414;44699;3006;32502;9790;44767;48856;7275;44707;32501;48316;48608;61458;48731;9791;10154;9910;48581;48580;2000026;50793;50789;65007;51239;51241;48519;51093;2000242;2000241;9909;48831	1156	1585	1965	2774	4356	3193.5	739	3361.5	3162.5	3831	4723	6464.5	1352	9164.5	7737.5	2476	9029.5	8963	2696.5	3037	3027	1068	2311	1344.5	77681.5	3.884.075
ORTHO001340	RAB GTPase homolog 8A	AT3G46060;AT3G53610;AT5G59840	5525;35639;1901265;1901363;5488;3674;97159;43168;43167;32550;32549;1882;36094;97367;1883;32561;19001;17076;166;32555;32553;5794;43231;43227;43226;5575;43229;44424;44464;5623;5622;44444;5737;12505;139;98588;31090;16020;44422;44431;44446;5774;44437;5773;98805;5886;71944;9873;160;35556;7165;50794;50789;65007;8150;51716;9987;50896;7154;44763;44699;44700;23052;9755;32870;9725;9719;10033;42221;71495;71310;70887;71369;9723;5515;5829;15031;45184;51234;51179;8104;33036;71702;6810;7264;9506;5911;30054;55044	1157	3058	2601.5	4046	4356	3542.5	7231.5	6906	5994	8231.5	1623	367.5	7121	7300	7258.5	2476	2436.5	8794	2419.5	3528.5	2621	1910	1306.5	4016	85083.5	4.254.175
ORTHO000497_1	TGACG motif-binding factor 6	AT3G12250;AT5G06950;AT5G06960	3700;1071;3674;2001141;31326;9889;19222;50789;65007;8150;31323;50794;51252;19219;80090;51171;60255;10556;6355;1903506;10468;2000112;16787;3824;8152;5515;5488;3677;3676;1901363;97159;9627;9814;98542;6952;6950;50896;51707;43207;9605;9607;51704;45087;6955;2376;5634;43231;43227;43226;5575;43229;44424;44464;5623;5622;6351;34645;44260;43170;71704;44237;9987;9059;1901576;9058;44249;97659;32774;16070;90304;6139;46483;6725;1901360;34641;6807;44238;34654;19438;44271;18130;1901362;10467;46872;43169;43167;9410;42221;43565;5737;9862;9863;7165;51716;7154;44763;44699;44700;23052;71446;71407;14070;10033;71310;70887;9751;1101;1901700;71229;1901701;45892;1903507;1902679;51253;10605;9892;48519;45934;51172;31324;48523;31327;9890;10558;10629;2000113;45893;10628;10604;9893;48518;1903508;1902680;51254;45935;31325;48522;51173;31328;9891;10557;9626;34050;12501;8219;16265;33554;42802	1158	809	1516.5	1875	672.5	3585	107	9036	3185.5	1604.5	40.5	572.5	1352	9174	7461.5	2476	9057	9109.5	2788	2092	3478.5	1045	2239	3289.5	71693	3584.65
ORTHO005150	unknown protein	AT1G49000	5739;43231;43227;43226;5575;43229;44424;44464;5623;5622;44444;5737;8150;3674	1159	2933	2591.5	4024	5265	1658.5	7541	2614.5	8359.5	1655.5	1810	576.5	8410.5	8511.5	8927.5	1307	62	4887	8421	5400	5988	6895.5	442.5	1473	84941	4247.05
ORTHO003014	Co-chaperone GrpE family protein	AT4G26780;AT5G55200	42803;42802;5515;5488;3674;46983;6457;9987;8150;5739;43231;43227;43226;5575;43229;44424;44464;5623;5622;44444;5737;10286;9408;9266;9628;50896;6950;5507;46914;46872;43169;43167;9507;9536;5759;44429;44446;44422;70013;43233;31974;51087;774;60590;60589;30234;98772;50790;19222;50789;65007;65009;30554;17076;166;36094;1901265;1901363;97159;9411;9416;9314;5524;35639;43168;32559;32555;32553;97367;32550;32549;1882;1883	1160	2599	3469.75	5779.5	1479.5	8278	2703	2044	6379.5	4610	3366.5	7881.5	1352	8210.5	8316.5	2914	3399	6808.5	7562	7576.5	3222	4471.5	3867.5	1061.5	94024	4701.2
ORTHO000929_1	mitogen-activated protein kinase kinase kinase 5	AT5G66850	46777;6468;16310;6796;6793;44237;8152;8150;9987;6464;36211;19538;43170;71704;44238;43412;44267;44260;51403;31098;33554;51716;50896;6950;35556;7165;50794;50789;65007;7154;44763;44699;44700;23052;165;23014;44710;32147;45860;45859;43549;42325;19220;51174;31323;19222;51338;50790;65009;1932;31399;32268;51246;80090;60255;1934;42327;45937;10562;31325;9893;48518;48522;31401;32270;51247;10604;33674;51347;43085;44093;7346;51726;16301;16772;16740;3824;3674;5886;16020;5575;44464;5623;71944;4709;4702;5057;4871;60089;4674;4672;16773;186;43410;43408;1902531;9966;10646;48583;23051;1902533;9967;10647;48584;23056;42981;43067;10941	1161	611	1931.5	2702	248.5	7749.5	5817	1114.5	255	879.5	744	130	9077	9065	6728	267	2277	7934	8683	2935	1447	8473.5	1740	2046	77362	3868.1
ORTHO003860	plant uncoupling mitochondrial protein 1	AT3G54110	5743;19866;31090;16020;5575;44422;43226;43227;44424;44464;5623;5622;31967;31975;44446;43229;31966;44429;44444;5737;5739;43231;5740;17077;22857;5215;3674;6810;51234;51179;8150;55085;44763;9987;44699;44765;1902578;15992;15672;6812;6811;6818;6839;1902582;46907;51649;51641;15979;44237;8152;9507;9536;9853;43094;44249;9058;9506;5911;30054;55044;5774;44437;5773;98588;98805;16021;31224;44425	1162	1018	1277	1392	4356	390.5	6283.5	175.5	32	3350	110	7471	1352	9146.5	7082.5	1073.5	9050.5	9118	2857.5	3013.5	3417.5	621.5	1072	1672.5	67290	3364.5
ORTHO001362	unknown protein	AT2G41451;AT3G08550;AT3G57200	71555;45229;16043;71840;8150;9987;71554;51301;44763;44699;7275;44767;32502;44707;32501;7049;5886;16020;5575;44464;5623;71944;30154;48869;16757;16740;3824;3674;8152;5576;40008;50789;65007;5737;44424;5622;5794;43231;43227;43226;43229;44444;12505;9416;9314;9628;50896;9505;5618;30312;9831;42547;42545;9825;16049;40007;9827;9664;71669;9543;31978;31977;44436;9579;44435;44446;44422;9536;31976;31984;44434;9507;9534;9826;902;32989;9653;48856;60560;48589;9738;9755;7165;50794;51716;7154;44700;23052;32870;9725;9719;10033;42221;71495;71310;70887;71215;9737;33993;97305;1901700;1101;71396;97306;1901701;71229;2001009;44087;2001006;32951;10962;10675;6109;80090;19222;31323;32885;10556;9889;60255;32881;43255;2000112;31326;32950;51128;10981;1903338;5768;10078;10074;19827;98727;10073;48507;9888;48513;48731;10015;48364;22622;71482;71478;71214;10215;30198;43062;71668;70726;22607;44085;42546;9832;30244;51274;9250;33692;271;5976;5975;71704;44238;43170;16051;44723;44710;1901576;9058;44711;9059;34637;44262;44237;44249;44264;44260;34645;6073;44042;51273;30243;5802;98791;44431;9663;45216;34330;9749;9746;34284;9743	1163	275	1622	2081	248.5	615.5	1672.5	1604.5	9084	52.5	1211	3034.5	9130	5033	400.5	136	2882.5	8179	7509	8784	9043.5	536.5	646.5	3565	73120	3656
ORTHO000926_2	N-acetyl-l-glutamate synthase 1	AT2G22910;AT4G37670	6526;9084;1901607;1901605;6520;1901564;71704;8152;8150;6807;19752;43436;6082;44281;44710;44699;44763;9987;44237;44238;8652;46394;16053;44283;44711;9058;1901576;44249;1901566;9064;6525;5737;44424;44464;5575;5623;5622;9507;9536;43231;43227;43226;43229;44444;4042;8080;16410;16747;16746;16740;3824;3674;16407	1164	1806	1784.5	2405	1281	1089	3960	676	2666	4064	744	1576.5	1352	7954.5	8968.5	2476	935.5	6737.5	8435	4727.5	253.5	7470	8405	2940	75430.5	3.771.525
ORTHO000803_1	beta-amylase 1	AT3G23920	5829;44444;44424;44464;5575;5623;5622;5737;9507;9536;43231;43227;43226;43229;9414;9415;9628;50896;8150;1101;42221;10035;1901700;6950;5983;9251;272;5976;5975;71704;8152;44238;43170;16052;1901575;9056;9057;44042;44247;44264;44260;44237;9987;44262;44275;44248;5982;6073;5634;16161;16160;4553;16798;16787;3824;3674	1165	1605	1046.5	928	4356	640.5	1881	1912	2367.5	2832.5	1981	7774	6397.5	4560	6007	508.5	8420.5	4887	598.5	3638.5	3870	810	728.5	1546.5	61361	3068.05
ORTHO003900	homeobox gene 1	AT4G32980	8285;48523;50794;50789;65007;8150;48519;42127;10073;44767;32502;44699;44707;32501;48507;9888;48856;48513;48731;7275;10371;31326;9889;19222;31323;19747;19216;80090;46890;10565;43455;3700;1071;3674;2001141;51252;19219;51171;60255;10556;6355;1903506;10468;2000112;43565;3677;3676;1901363;5488;97159;9640;9639;9416;9314;9628;50896;9791;5634;43231;43227;43226;5575;43229;44424;44464;5623;5622;6351;34645;44260;43170;71704;8152;44237;9987;9059;1901576;9058;44249;97659;32774;16070;90304;6139;46483;6725;1901360;34641;6807;44238;34654;19438;44271;18130;1901362;10467;10228;3006;22414;48608;61458;5515;90470;10160;48859;48646;9653;3002;7389;48645;9887;10227;9838;48437;44702;48569;9908;90567;48367	1166	1142	3027	4888	4356	8296	1789.5	1484	2828	184	2402	5096	1352	4905.5	473.5	508.5	7051	8297	2223.5	8214	9009	8970.5	9093.5	7315.5	89493	4474.65
ORTHO003764	Got1/Sft2-like vescicle transport protein family	AT4G26550;AT5G56020	3674;5794;43231;43227;43226;5575;43229;44424;44464;5623;5622;44444;5737;12505;5768;5802;98791;44431;44446;44422;31984;5886;16020;71944	1167	742	1782	2397	672.5	2672	2528	4503	8826	1371	865	2230.5	1352	6764.5	8677	976.5	3284	6590	4016	4586	1063.5	6512.5	5586.5	2940	75344	3767.2
ORTHO004201	Pyridoxal phosphate (PLP)-dependent transferases superfamily protein	AT2G17630;AT4G35630	9570;9532;44435;44444;44424;44464;5575;5623;5622;5737;44446;44422;43226;43229;9536;43231;43227;44434;9507;6564;9070;1901607;1901605;6520;1901564;71704;8152;8150;6807;19752;43436;6082;44281;44710;44699;44763;9987;44237;44238;8652;46394;16053;44283;44711;9058;1901576;44249;1901566;9069;6563;9534;31976;9579;31984;46686;10038;10035;42221;50896;4648;8483;16769;16740;3824;3674;30170;1901363;5488;97159;48037;43168;43167;9735;9725;9719;10033	1168	2092	2585	4002	1281	2837	924	8778	2505.5	7247	3879	818.5	8675.5	5258.5	934	1429.5	45.5	7801.5	8951	1486	1637.5	8486	8840	4291.5	84825.5	4.241.275
ORTHO000714_1	UDP-Glycosyltransferase superfamily protein	AT3G11670	35250;8194;16757;16740;3824;3674;8152;8150;8378;16758;42550;42548;10109;31323;50794;50789;65007;19222;43467;9707;9527;31968;31090;16020;5575;44422;43226;43227;19867;44424;44464;5623;5622;98805;31967;31975;44446;43229;98588;42170;44435;44444;5737;9536;43231;9526;31969;44434;9507;9941;5739;19375;19374;6664;1903509;6629;71704;44710;44699;44238;1901135;6643;44255;44763;9987;44237;9247;46467;8610;1901576;9058;44711;44249;1901137;46480;6869;44765;6810;51234;51179;1902578;71702;10876;33036;46481	1169	2382	4039	6909	4356	3375	3129.5	1547.5	8634	5308.5	3136.5	6518	1352	8862.5	6560	797.5	6896.5	7251.5	2179.5	6064.5	7052	8049	8609.5	5433.5	100757	5037.85
ORTHO001912	farnesylated protein 6	AT4G38580;AT5G66110	46872;43169;43167;5488;3674;5886;16020;5575;44464;5623;71944;46914;46916;6875;55065;98771;50801;48878;42592;65008;65007;8150;55080;30003;6873;55082;19725;44763;9987;44699;55076;9506;5911;30054;55044;10286;9408;9266;9628;50896;6950;5634;43231;43227;43226;43229;44424;5622;30001;6812;6811;44765;6810;51234;51179;1902578;5515;5737	1170	2050	1030.5	891	4356	476	512	4034.5	344	720	1312.5	5763	7377.5	4560	6331.5	1830	793	5518	4914	141.5	5903.5	3609.5	4632	1906.5	60679	3033.95
ORTHO003828	GRAS family transcription factor	AT3G50650;AT5G66770	6351;34645;44260;43170;71704;8152;8150;44237;9987;9059;1901576;9058;44249;97659;32774;16070;90304;6139;46483;6725;1901360;34641;6807;44238;34654;19438;44271;18130;1901362;10467;6355;1903506;2001141;31326;9889;19222;50789;65007;31323;50794;51252;19219;80090;51171;60255;10556;10468;2000112;5634;43231;43227;43226;5575;43229;44424;44464;5623;5622;3700;1071;3674	1171	849	1518	1865	365.5	2877	822.5	3318	3068.5	1926.5	4558	1422	1352	6764.5	8838	2476	4942.5	8920.5	2340	2289	1522	6920	6194.5	988.5	71540	3577
ORTHO003151	basic helix-loop-helix (bHLH) DNA-binding superfamily protein	AT1G01260;AT2G46510	6355;1903506;2001141;31326;9889;19222;50789;65007;8150;31323;50794;51252;19219;80090;51171;60255;10556;10468;2000112;5634;43231;43227;43226;5575;43229;44424;44464;5623;5622;6351;34645;44260;43170;71704;8152;44237;9987;9059;1901576;9058;44249;97659;32774;16070;90304;6139;46483;6725;1901360;34641;6807;44238;34654;19438;44271;18130;1901362;10467;46983;5515;5488;3674;44212;975;3677;3676;1901363;97159;1067;3700;1071;9611;6950;50896;9737;9725;9719;10033;42221;33993;97305;1901700;1101	1172	2510	1267	1362	1479.5	68.5	288.5	3853.5	4602.5	1003.5	1483.5	6861.5	8675.5	6247	5034.5	1307	1934	9000.5	8782	1980	2400	2061	1121.5	156.5	66861	3343.05
ORTHO003744	SPX domain gene 2	AT2G26660;AT5G20150	16036;9267;31669;31667;9991;9605;50896;8150;31668;51716;9987;71496;7154;44763;44699;42594;6950;33554;5634;43231;43227;43226;5575;43229;44424;44464;5623;5622;5737;80040;32109;32107;32104;32101;48583;50789;65007;32106;32103;48584;48518;80135;50794;80134;10647;10646;48522	1173	3044	1150.5	1128	4356	4344.5	6283.5	2460.5	2760.5	2124.5	2809.5	7828.5	3288	3815.5	2702.5	1606	3589	2199.5	3352	727.5	3978	3026	5171.5	1958.5	64025.5	3.201.275
ORTHO000688_2	glycosyl hydrolase 9A3	AT4G24260;AT5G49720	5886;16020;5575;44464;5623;71944;9624;51707;43207;9605;50896;8150;9607;51704;8810;4553;16798;16787;3824;3674;8152;30245;51275;9251;272;5976;5975;71704;44238;43170;16052;1901575;9056;9057;44042;51273;6073;44264;44260;44237;9987;44262;44247;44275;44248;30243;16021;31224;44425;71555;45229;16043;71840;71554;5768;43231;43227;43226;43229;44424;5622;44444;5737;12505;5769;30244;51274;9250;33692;271;16051;44723;44710;44699;1901576;9058;44711;9059;34637;44763;44249;34645;9504;9735;9725;9719;10033;42221;5802;98791;44431;44446;44422;5794;31984;42538;9651;6970;9628;6950;6972;9826;902;32989;9653;32502;48856;48869;44767;60560;48589;40007;16049;48367;48731;7275;44707;32501;43622;30865;7010;6996;31122;226;1902589;7017;71822;43933	1174	34	999.5	825	83.5	60.5	210	188	493.5	52.5	1211	1889	9103	8983	6764.5	267	5864.5	7117	3097.5	1584.5	6696	3854	1767.5	556.5	59759.5	2.987.975
ORTHO005962	UBX domain-containing protein	AT4G10790	5886;16020;5575;44464;5623;71944;5737;44424;5622;8150	1175	1203	1355	1535	4356	8118	2703	2114.5	3176	642.5	319	181.5	1352	7779.5	8726.5	797.5	450	7471.5	904	8025.5	2199	6077	5081	2382	68500	3425
ORTHO000592_2	Pectin lyase-like superfamily protein	AT1G48100	5576;5575;4650;4553;16798;16787;3824;3674;8152;8150;5975;71704;44238;5618;30312;44464;5623;71944;71555;45229;16043;71840;9987;71554	1176	1894	3812.5	6449	1281	349	7963	2044	4142	3514	1623	6464.5	8446	5941	3265	1996.5	7006	7376.5	8576	6467.5	2890	8368.5	8708.5	2699.5	97840.5	4.892.025
ORTHO001895	ferredoxin 3	AT2G27510	22900;6091;44237;8152;8150;9987;55114;44710;44699;44763;9055;3674;9536;43231;43227;43226;5575;43229;44424;44464;5623;5622;44444;5737;9507;51537;51536;51540;5488;46872;43169;43167	1177	1446	3249.5	5322	3586.5	7616	6155.5	6741	8900	2908	2216.5	6756	8519	8936	5907.5	1175.5	8154.5	5452.5	516	483.5	3800.5	6182.5	689	509	91618.5	4.580.925
ORTHO004019	TCP-1/cpn60 chaperonin family protein	AT3G02530;AT5G16070	46686;10038;10035;42221;50896;8150;5524;35639;1901265;1901363;5488;3674;97159;43168;43167;32559;30554;17076;166;36094;32555;32553;97367;32550;32549;1882;1883;5737;44424;44464;5575;5623;5622;51082;5515;10043;1990267;5829;44444;16020;6457;9987	1178	1810	1059	940	1479.5	3168.5	1322	8816.5	1545.5	2405	2402	8070	1352	7536	8093.5	1307	3471	1180.5	270	384.5	3454.5	4709	1594	382.5	61464	3073.2
ORTHO001449	Ribosomal S17 family protein	AT2G04390;AT2G05220;AT3G10610;AT5G04800	22627;15935;44391;30529;32991;5575;44424;44464;5623;5622;44444;5737;44446;44422;43226;43229;5840;43232;43228;44445;5829;22626;6412;43043;43604;43603;34641;6807;8152;8150;44237;9987;44271;44249;9058;6518;1901564;71704;1901566;1901576;44267;19538;43170;44238;44260;34645;9059;10467;5730;44428;5634;43231;43227;31981;70013;43233;31974;3735;5198;3674;6414;28;22618;71826;43933;16043;71840;34622;65003;22607;44085;22613;42255;70925;6996;42254;42274;5886;16020;71944	1179	1378	1303.5	1428	944.5	285	7378.5	2939.5	553.5	1709.5	2402	6629	6397.5	6475	7667.5	1307	1526.5	4253	2734.5	3621.5	3222	4525.5	2917	1090.5	67634.5	3.381.725
ORTHO000299	glutamine synthetase 1	AT1G48470;AT1G66200;AT3G17820;AT5G16570;AT5G35630;AT5G37600	5737;44424;44464;5575;5623;5622;9506;5911;30054;55044;9507;9536;43231;43227;43226;43229;44444;5524;35639;1901265;1901363;5488;3674;97159;43168;43167;32559;30554;17076;166;36094;32555;32553;97367;32550;32549;1882;1883;4356;16211;16880;16879;16874;3824;8152;8150;6542;9084;1901607;1901605;6520;1901564;71704;6807;19752;43436;6082;44281;44710;44699;44763;9987;44237;44238;8652;46394;16053;44283;44711;9058;1901576;44249;1901566;9064;6541;9399;71941;9570;9532;44435;44446;44422;44434;9941;9526;31967;31975;42128;42126;2001057;9651;6970;9628;50896;6950;5515;5829;5773;48046;5576;22626;44445;5840;30529;32991;43232;43228;5507;46914;46872;43169;46686;10038;10035;42221;5886;16020;71944;9535;55035;42651;34357;44436;9579;31976;31984;9534;9735;9725;9719;10033;19676;6536;43648;7568;44767;32502;5739;10150;10260;48513;48856;48731;7275;44707;32501;48366;48827;48367;5618;30312	1180	1148	754.5	329	1424	133.5	961	462	47	855	5257	7558.5	1352	6292	8061.5	351	1928	7776.5	1451.5	2326	1166.5	1525	320	674	48498	2424.9
ORTHO003459	Dynein light chain type 1 family protein	AT1G23220	3777;3774;17111;16462;16818;16817;16787;3824;3674;8152;8150;7017;44763;9987;44699;31514;5929;42995;44464;5575;5623;43226;5875;44430;44446;44422;44424;5622;43229;5856;43232;43228;43234;32991;15630;5737	1181	1157	1612	2043	1066.5	7390	162.5	4424	2412.5	6065.5	4217.5	5347.5	8605	5508.5	1109.5	508.5	8576	7507.5	2179.5	1160.5	383.5	2433.5	1337.5	3565	72894	3644.7
ORTHO000924	glucose-6-phosphate/phosphate translocator 2	AT1G61800;AT5G54800	10109;31323;50794;50789;65007;8150;19222;15979;44237;8152;9987;15120;1901505;5215;3674;6810;51234;51179;1901264;44765;1902578;44699;71702;42879;15144;22891;22857;55085;44763;22892;1901476;8643;34219;8028;46943;8514;8509;15075;34220;6811;98656;6820;15711;5342;1903825;15849;46942;15718;42873;15605;1901677;15748;15713;5774;44437;44444;44424;44464;5575;5623;5622;5737;44446;44422;43226;43229;5773;43231;43227;98588;31090;16020;98805;9624;51707;43207;9605;50896;9607;51704;9507;9536;15714;35436;15717;15712;15297;15291;22804;80167;9628;9643;9642;9416;9314;15760;15152;15119;5315;71917;9749;9746;34284;9743;10033;42221;1901700;9744;34285;10152;21700;44767;32502;9555;48229;7275;44707;32501;48856;9553;7033;6996;16043;71840;9790;34389	1182	1552	1790.5	2399	4356	2672	1672.5	2114.5	3340.5	6551	99	4239	4034.5	7636	8638.5	7782	3344	6505.5	3792	5002	1026	3754	928.5	2229	75360.5	3.768.025
ORTHO004627	Protein phosphatase 2C family protein	AT5G53140	6470;16311;6796;6793;44237;8152;8150;9987;6464;36211;19538;43170;71704;44238;43412;44267;44260;4722;4721;16791;42578;16788;16787;3824;3674;46872;43169;43167;5488	1183	2412	1325.5	1468	4356	273.5	1011	3258.5	6225	3069.5	1810	7774	1352	4560	6054.5	6712.5	7542.5	5221.5	3792	326.5	3942	1228	2412.5	1414.5	67980	3399
ORTHO002649	related to AP2 11	AT5G19790	6355;1903506;2001141;31326;9889;19222;50789;65007;8150;31323;50794;51252;19219;80090;51171;60255;10556;10468;2000112;5634;43231;43227;43226;5575;43229;44424;44464;5623;5622;6351;34645;44260;43170;71704;8152;44237;9987;9059;1901576;9058;44249;97659;32774;16070;90304;6139;46483;6725;1901360;34641;6807;44238;34654;19438;44271;18130;1901362;10467;43565;3677;3676;1901363;5488;3674;97159;3700;1071;302;6979;6950;50896;1901700;42221;9723;9725;9719;10033;35865;71248;71241;10035;70887;51716;10038;35864;9873;160;35556;7165;7154;44763;44699;44700;23052;9755;32870;71495;71310;71369;48528;9791;44767;32502;44707;32501;7275;48364;48513;48856;48731;22622;48569	1184	1234	3844	6504	4356	8518.5	1881	1484	8509.5	930.5	5873	4670	1352	4969	599	1429.5	6896.5	8035	1335	7871	8990	8900	9065.5	6883	98192	4909.6
ORTHO003212	DNAJ heat shock N-terminal domain-containing protein	AT2G21510;AT4G39150	6457;9987;8150;5737;44424;44464;5575;5623;5622;5829;44444	1185	2058	3573	5961	1281	2054	4904	1204.5	800	821	9178	9133.5	1352	4780	302.5	1429.5	2304.5	8505.5	9150	9073.5	9147	9036.5	3188	8718	95082	4754.1
ORTHO004040	chloride channel F	AT1G55620	6821;15698;6820;6811;44765;6810;51234;51179;8150;1902578;44699;1902476;98661;98660;34220;55085;44763;9987;98656;5247;8308;5253;5216;15075;22891;22857;5215;3674;22892;22838;15267;22803;8509;5244;22832;22836;51049;32879;50789;65007;34765;34762;50794;43269;1903959;44070;5254;15108;15103;16020;5575;34707;34702;1902495;98796;43234;32991;44425;1990351;16021;31224;30554;17076;166;36094;5488;1901265;1901363;97159;9507;9536;43231;43227;43226;43229;44424;44464;5623;5622;44444;5737;5794;12505	1186	94	727	268	112	50	444.5	705.5	867	1371	3136.5	197	1352	4969	336.5	136	1507	8231	1359	129.5	2924.5	8260	9121.5	961	46058.5	2.302.925
ORTHO001846	PAM domain (PCI/PINT associated module) protein	AT1G20200;AT1G75990	6511;19941;51603;6508;19538;43170;71704;8152;8150;44238;44257;30163;9057;1901575;9056;44265;44260;44237;9987;44248;44267;43632;5829;44444;44424;44464;5575;5623;5622;5737;8541;43234;32991;5838;22624;502;42176;9894;19222;50789;65007;51246;80090;60255;9506;5911;30054;55044;5886;16020;71944;30234;98772;3674;50790;65009;5634;43231;43227;43226;43229;9793;44702;22414;44699;3006;32502;9790;44767;48856;7275;44707;32501;48316;48608;61458;48731;9791;10154	1187	2738	2177	3167	4356	8787	3224.5	1289.5	635	2025.5	1144	6240	1352	8673	7461.5	7782	8013.5	5720	1311	4848	6810.5	572.5	646.5	3565	80101	4005.05
ORTHO004919	developmentally regulated G-protein 1	AT1G17470;AT1G72660	70300;5543;8289;5488;3674;43168;43167;16023;31988;43227;43226;5575;31982;43231;43229;44424;44464;5623;5622;31410;44444;5737;19003;32550;32549;1882;36094;97367;1901363;97159;1883;32561;19001;17076;166;1901265;32555;32553;3924;17111;16462;16818;16817;16787;3824;8152;8150;5525;35639	1188	913	1848	2508	672.5	2776	6506	218	2069	3795.5	1414	5839	4210.5	8436.5	6484	797.5	630	7251.5	5347.5	284	1909	9145	8853.5	155	76121.5	3.806.075
ORTHO002976	shikimate kinase 1	AT2G21940;AT4G39540	9507;9536;43231;43227;43226;5575;43229;44424;44464;5623;5622;44444;5737;9073;9072;6725;44237;8152;8150;9987;1901360;71704;6520;1901564;6807;19752;43436;6082;44281;44710;44699;44763;44238;19438;44249;9058;1901362;1901576;8652;46394;16053;44283;44711;1901566;287;46872;43169;43167;5488;3674;4765;16301;16772;16740;3824;16310;6796;6793;16773;19632;1901615;32787;9423;46417;43648;43650	1189	1480	1536.5	1884	1066.5	1089	776.5	805.5	6379.5	2353	478.5	1576.5	1352	8747	9129.5	2476	3493.5	6737.5	7792.5	178	1091.5	7358	6989	2940	71743	3587.15
ORTHO006674	Transducin/WD40 repeat-like superfamily protein	AT1G24530	8150;5834;1902494;43234;32991;5575;98797;44459;44464;5623;44425;16020;5886;71944;98796;44424;5622;31234;19897;19898;9898;98562;98552;166;36094;5488;3674;1901265;1901363;97159	1190	2508	2994.5	4799	1689.5	6382	1881	676	1328.5	3996.5	1623	1658	1352	7850	8968.5	7782	6752	6737.5	7712	5816	84	7392.5	8202.5	2850	89044	4452.2
ORTHO001845	Polynucleotidyl transferase; ribonuclease H-like superfamily protein	AT1G80780;AT2G32070	3676;1901363;5488;3674;97159;9451;16070;44260;43170;71704;8152;8150;44237;9987;90304;6139;46483;6725;1901360;34641;6807;44238;43412;3723;6355;1903506;2001141;31326;9889;19222;50789;65007;31323;50794;51252;19219;80090;51171;60255;10556;10468;2000112;5634;43231;43227;43226;5575;43229;44424;44464;5623;5622;4535;175;8408;4527;4518;16788;16787;3824;90305;16896;4532;4540;90501;90503;16796;46872;43169;43167;6351;34645;9059;1901576;9058;44249;97659;32774;34654;19438;44271;18130;1901362;10467;5737;932;36464;35770;30529;32991;43232;43228;44444;43928;291;956;6402;16071;6401;44265;9057;1901575;9056;44248;34655;19439;44270;1901361;46700;288;30015;43234;30014;17148;10629;10605;9892;48519;6417;10608;32268;51246;34248;34249;51172;31324;48523;2000113;31327;9890;10558;32269;51248	1191	2218	4803.5	8416	4356	2054	6971.5	2838	2505.5	4791.5	3269.5	6518	8675.5	5279.5	934	6712.5	7469	7821.5	8655.5	5672	8771.5	8510	8952	7768	114169	5708.45
ORTHO003263	proton pump interactor 1	AT4G27500	5789;98588;31090;16020;5575;44422;43226;43227;44432;44444;44424;44464;5623;5622;5737;44446;43229;5783;43231;12505;44425;42175;5886;71944;10155;43269;51049;32879;50789;65007;8150;16021;31224;9506;5911;30054;55044;5515;5488;3674	1192	1267	788.5	385	4356	6784	444.5	4294	344	2684.5	513.5	93	1352	4616	6464.5	1830	2049.5	5992	857	120	6810.5	1910	728.5	2003.5	49891	2494.55
ORTHO007183	sequence-specific DNA binding transcription factors	AT3G14180	9793;44702;22414;8150;44699;3006;32502;9790;44767;48856;7275;44707;32501;48316;48608;61458;48731;9791;10154;3700;1071;3674;2001141;31326;9889;19222;50789;65007;31323;50794;51252;19219;80090;51171;60255;10556;6355;1903506;10468;2000112;6351;34645;44260;43170;71704;8152;44237;9987;9059;1901576;9058;44249;97659;32774;16070;90304;6139;46483;6725;1901360;34641;6807;44238;34654;19438;44271;18130;1901362;10467;5634;43231;43227;43226;5575;43229;44424;44464;5623;5622;3677;3676;1901363;5488;97159;10431;48609;32504;3;21700	1193	1675	3382.5	5572	4356	3726.5	6940	2250	8748.5	1604.5	2402	4949	8675.5	5289	915	1429.5	8360.5	7728	2354	4586	8300	7972	2396.5	4291.5	92918	4645.9
ORTHO003278	transcription regulatory protein SNF2; putative	AT2G46020	6355;1903506;2001141;31326;9889;19222;50789;65007;8150;31323;50794;51252;19219;80090;51171;60255;10556;10468;2000112;5524;35639;1901265;1901363;5488;3674;97159;43168;43167;32559;30554;17076;166;36094;32555;32553;97367;32550;32549;1882;1883;40029;10199;10160;48859;44767;32502;44699;48646;9653;48856;3002;7389;44707;32501;7275;48645;9887;48513;48731;4386;17111;16462;16818;16817;16787;3824;8152;43044;6338;16568;6325;43933;16043;71840;9987;51276;6996;5634;43231;43227;43226;5575;43229;44424;44464;5623;5622;3677;3676;3682;44877;6351;34645;44260;43170;71704;44237;9059;1901576;9058;44249;97659;32774;16070;90304;6139;46483;6725;1901360;34641;6807;44238;34654;19438;44271;18130;1901362;10467;8094;42623;16887;5515;5829;44444;5737	1194	1104	1616	2038	4356	3386.5	6200	805.5	239.5	4095	5596.5	1576.5	4106.5	8072	9046	1073.5	7922.5	6737.5	1629.5	1486	1091.5	5308.5	1181	3289.5	72843.5	3.642.175
ORTHO002198	brassinosteroid-responsive RING-H2	AT3G61460	5634;43231;43227;43226;5575;43229;44424;44464;5623;5622;8270;46914;46872;43169;43167;5488;3674;10200;10243;9719;50896;8150;10033;42221;1901698;1901700;9741;9725;14070;33993;97305	1195	3158	4576.5	7958	5552	8169	8945.5	1114.5	1328.5	3504.5	5549	8427	1352	7636	7487.5	7782	1102.5	6388.5	7353.5	5519.5	6696	7937	7774	4586.5	108653	5432.65
ORTHO001232	Transmembrane amino acid transporter family protein	AT2G42005;AT4G38250;AT5G65990	6865;71705;6810;51234;51179;8150;46942;15849;44765;1902578;44699;71702;15711;6820;6811;16020;5575;5275;22804;22857;5215;3674;55085;44763;9987;22891;22892;15837;5886;44464;5623;71944;16021;31224;44425;15171;46943;8514;8509;15075;34220;98656;5342;1903825;3333	1196	1335	978	760	390	451.5	1744	641	1042.5	1674	5471.5	907	7377.5	4560	6425.5	508.5	294.5	6029.5	3421.5	4727.5	1454.5	3955.5	3849	3841	58376	2918.8
ORTHO002395	sucrose transporter 2	AT2G02860	15293;15291;22804;22857;5215;3674;6810;51234;51179;8150;55085;44763;9987;44699;44765;1902578;5985;5984;44262;5975;71704;8152;44238;44237;9311;44723;44710;5887;31226;44459;44464;5575;5623;44425;16020;5886;71944;31224;16021;8515;15154;15157;15144;22891;22892;1901476;8643;71702;34219;15772;51119;15766;15770;98655;6812;6811;34220;90406;42995;5794;43231;43227;43226;43229;44424;5622;44444;5737;12505;5351;5402;15294;8324;15075;15295;15992;15672;6818;9611;6950;50896;8506	1197	762	1446	1695	672.5	900	739	1013.5	635	4623.5	3426.5	1338	8859	8862.5	6331.5	1175.5	7679.5	6657.5	4864	68.5	4023	7520.5	947.5	265.5	69930	3496.5
ORTHO002179	31-kDa RNA binding protein	AT4G24770;AT5G50250	166;36094;5488;3674;1901265;1901363;97159;16553;9451;16070;44260;43170;71704;8152;8150;44237;9987;90304;6139;46483;6725;1901360;34641;6807;44238;43412;9535;55035;42651;34357;16020;5575;44436;44424;44464;5623;5622;9579;44435;44444;5737;44446;44422;43226;43229;9536;43231;43227;31976;31984;44434;9507;9534;9941;9526;31967;31975;9570;9532;6397;16071;6396;10467;30529;32991;45087;6952;6950;50896;6955;2376;3723;3676;9631;9409;9266;9628;43489;43487;10608;10468;60255;19222;50789;65007;65008;8266;8187;3727	1198	2300	2399	3600	1479.5	2295.5	4813.5	8296.5	1545.5	4804	4806.5	5877.5	1352	5350.5	1040.5	1239.5	1605.5	7910.5	7042	7138.5	4023	7392.5	4391	1546.5	82471	4123.55
ORTHO002891	citrate synthase 3	AT2G42790;AT3G58740;AT3G58750	6099;6101;72350;19752;43436;6082;71704;8152;8150;44281;44710;44699;44763;9987;44237;44238;9060;45333;15980;6091;55114;44262;5975;5777;42579;43231;43227;43226;5575;43229;44424;44464;5623;5622;44444;5737;6635;9062;44242;16042;44712;9056;6629;1901575;44255;44248;72329;46395;16054;44282;32787;6631;19395;34440;30258;4108;36440;46912;16746;16740;3824;3674;9506;5911;30054;55044	1199	352	1060	921	672.5	2501	142	175.5	2367.5	52.5	241.5	653	1352	8676.5	9153.5	267	8107.5	7219.5	7281	52	8909	1525	1094.5	1394.5	61165	3058.25
ORTHO002672	Ubiquitin-like superfamily protein	AT5G14360	5739;43231;43227;43226;5575;43229;44424;44464;5623;5622;44444;5737;3674	1200	1727	4022.5	6845	4356	2797	5808	7588.5	8541.5	4971.5	2129.5	6770	4114	6027	6092	2080.5	1618.5	7028	7676.5	2455	6431	8566.5	8202.5	1414.5	100312	5015.6
ORTHO005523	RNA-binding (RRM/RBD/RNP motifs) family protein	AT1G66260;AT5G37720	3676;1901363;5488;3674;97159;5730;44428;44446;44422;5575;43226;44424;44464;5623;5622;43229;5634;43231;43227;43232;43228;31981;70013;43233;31974;51028;50658;50657;15931;71705;6810;51234;51179;8150;71702;51236;6403;33036;3723;5654;166;36094;1901265	1201	1204	2922.5	4644	1066.5	2837	512	1780.5	1839.5	555.5	8770	4239	1352	4830	327	508.5	7313	8381	8962.5	284	9128	9076.5	9145	8258.5	88099.5	4.404.975
ORTHO001166_1	NAD-dependent malic enzyme 2	AT4G00570	5739;43231;43227;43226;5575;43229;44424;44464;5623;5622;44444;5737;55114;44710;8152;8150;44699;51287;50662;48037;5488;3674;166;36094;1901265;1901363;97159;50897;46914;46872;43169;43167;6108;43648;19752;43436;6082;71704;44281;44763;9987;44237;4470;16615;16614;16491;3824;5524;35639;43168;32559;30554;17076;32555;32553;97367;32550;32549;1882;1883;42803;42802;5515;46983;16652;16651;9507;9536;8270;4471;16616	1202	1092	3099.5	4997	4356	1777	6478	3421	8940	1409.5	5873	5231.5	1352	8862.5	6687	797.5	1321	8937.5	8915.5	3085	3195.5	7881	2412.5	3447.5	90024.5	4.501.225
ORTHO002494	RNA-binding (RRM/RBD/RNP motifs) family protein	AT2G33410;AT4G14300	3676;1901363;5488;3674;97159;8150;166;36094;1901265;3723;5575;6397;16071;16070;44260;43170;71704;8152;44237;9987;90304;6139;46483;6725;1901360;34641;6807;44238;6396;10467;8380;51028;50658;50657;15931;71705;6810;51234;51179;71702;51236;6403;33036;5681;44428;44446;44422;43226;44424;44464;5623;5622;43229;5634;43231;43227;30529;32991	1203	1733	1619	2035	1281	961.5	2528	8941	393.5	266	1810	3108	1352	4766.5	276	6075	5.5	8670	2500.5	9165	12.5	9145	3945	8897	72818	3640.9
ORTHO004741	dsRNA-binding protein 2	AT2G28380	70919;70918;31050;6396;16070;44260;43170;71704;8152;8150;44237;9987;90304;6139;46483;6725;1901360;34641;6807;44238;10467;44763;44699;44710;71359;71407;14070;10033;42221;50896;71310;70887;51716;43331;1901698;1901699;31047;16458;10629;10605;9892;48519;50789;65007;19222;60255;10468;31048;6342;45814;40029;45892;1903507;1903506;2001141;31326;9889;31323;50794;51252;19219;80090;51171;10556;1902679;51253;45934;51172;31324;48523;31327;9890;10558;6355;2000112;2000113;5634;43231;43227;43226;5575;43229;44424;44464;5623;5622;3725;3723;3676;1901363;5488;3674;97159;35196;35195;35194;16441;10608;5737;5515	1204	421	935.5	667	672.5	3632	3129.5	1114.5	5619	163.5	397.5	1422	7554	4694.5	6378.5	136	7432	5824	418	3528.5	3539	750	416.5	691.5	56840.5	2.842.025
ORTHO001108	unknown protein	AT1G12380;AT1G62870	8150;5634;43231;43227;43226;5575;43229;44424;44464;5623;5622;3676;1901363;5488;3674;97159;9507;9536;44444;5737	1205	2681	1211	1217	1522.5	8968.5	550.5	2322	2701	8647.5	865	841.5	8675.5	5481.5	1016	2080.5	8766.5	7677.5	2340	1291.5	662.5	678.5	320	1324	65210	3260.5
ORTHO002331	lysophosphatidyl acyltransferase 4	AT1G75020;AT3G18850	16746;16740;3824;3674;8152;8150;16024;46474;6650;6644;19637;71704;6793;44237;9987;44255;6629;44710;44699;44238;44763;6796;46486;45017;8610;1901576;9058;44711;44249;8654;90407;46341;16021;31224;44425;5575;16020;3841;16411;8374;16747;42171;71617;5739;43231;43227;43226;43229;44424;44464;5623;5622;44444;5737	1206	2010	3392	5578	1689.5	3801	512	3853.5	3554	3267	1312.5	9130.5	8950	4905.5	409	1429.5	8695.5	9146	4441	8025.5	2573	8741.5	2819	7376.5	92942.5	4.647.125
ORTHO000304_1	glucuronidase 3	AT5G34940	5576;5575;9505;5618;30312;44464;5623;71944;4566;4553;16798;16787;3824;3674;8152;8150;5765;98852;5774;44437;44444;44424;5622;5737;44446;44422;43226;43229;5773;43231;43227;98588;31090;16020;98805;5764;323	1207	1592	829	451	944.5	3114.5	4742	4329	6584	2642.5	1144	3108	1352	4295.5	5034.5	1144	1321	1780	154	2326	3146	1613	2871.5	780.5	51482	2574.1
ORTHO004729	Kinase-related protein of unknown function (DUF1296)	AT3G07660	5634;43231;43227;43226;5575;43229;44424;44464;5623;5622;3674;8150	1208	553	1714	2220	672.5	7169.5	360	4214	867	402.5	397.5	1658	8817.5	7101	8995	1073.5	324.5	6784	658	843	8400	7358	7486	1131	74040	3702
ORTHO005359	Transcription factor DP	AT5G03415	5634;43231;43227;43226;5575;43229;44424;44464;5623;5622;5667;43234;32991;5515;5488;3674;46982;46983;6355;1903506;2001141;31326;9889;19222;50789;65007;8150;31323;50794;51252;19219;80090;51171;60255;10556;10468;2000112;42023;44786;6261;6260;6259;44260;43170;71704;8152;44237;9987;90304;6139;46483;6725;1901360;34641;6807;44238;34645;9059;1901576;9058;44249;22402;44763;44699;7049;44711;44710;5737;82;44772;44770;1903047;278;44843	1209	1771	1578.5	1948	1479.5	7278	5048.5	2044	2814	8319	3917	8258	1352	5350.5	1016	2914	6099.5	5626	732	757.5	1432	6859.5	1888	528	72233.5	3.611.675
ORTHO002951	AWPM-19-like family protein	AT1G29520;AT5G46530	3674;16020;5575;8150;9507;9536;43231;43227;43226;43229;44424;44464;5623;5622;44444;5737	1210	23	722.5	235	6.5	528.5	1560	446.5	800	432	2290	4059.5	1352	9167	7737.5	56	1482.5	7408	17.5	1	474.5	3609.5	3284.5	111.5	44818	2240.9
ORTHO000543_2	Protein kinase superfamily protein	AT2G20300	5886;16020;5575;44464;5623;71944;46777;6468;16310;6796;6793;44237;8152;8150;9987;6464;36211;19538;43170;71704;44238;43412;44267;44260;10068;10065;48508;48507;9888;48856;32502;48513;48731;7275;44767;44699;44707;32501;3006;22414;9793;44702;9790;48316;48608;61458;9791;10154;16301;16772;16740;3824;3674;4674;4672;16773;42335;48645;48646;9653;9887;48367	1211	898	1975.5	2740	4356	2672	6845.5	1204.5	210.5	52.5	5520.5	2937.5	4058.5	6542.5	8203.5	2476	3183	6440	6531	3396.5	5839	5308.5	3859.5	2229	77510	3875.5
ORTHO002128	Protein of unknown function; DUF584	AT1G29640;AT2G34340	5634;43231;43227;43226;5575;43229;44424;44464;5623;5622;3674;8150;9739;9725;9719;50896;10033;42221;33993;1101;1901700	1212	2616	3910	6608	4356	8030	2328.5	1204.5	800	1842.5	9015.5	3108	1352	7387.5	8638.5	7782	5962.5	6217	4795.5	5002	5903.5	6714	8520	4291.5	98895	4944.75
ORTHO002945	20S proteasome  alpha subunit PAD1	AT3G51260;AT5G66140	5737;44424;44464;5575;5623;5622;22626;44445;44444;5829;5840;30529;32991;43232;43228;43226;43229;5773;43231;43227;6511;19941;51603;6508;19538;43170;71704;8152;8150;44238;44257;30163;9057;1901575;9056;44265;44260;44237;9987;44248;44267;43632;5774;44437;44446;44422;98588;31090;16020;98805;502;43234;10499;10498;5819;44430;5856;15630;9524;43161;5515;5488;3674;5839;19773;9507;9536;4175;70011;8233;16787;3824;5634	1213	3192	4635.5	8058	4356	7877	2328.5	7331	8988.5	2770	2129.5	1198.5	7189	7387.5	7304.5	7782	8286.5	5518	7812.5	5002	7786.5	6714	1847	4484	109736.5	5.486.825
ORTHO002601	Protein of unknown function (DUF1423)	AT3G07780;AT5G48160	9536;43231;43227;43226;5575;43229;44424;44464;5623;5622;44444;5737;5515;5488;3674;10492;10074;19827;44767;32502;8150;44699;44707;32501;98727;10073;48507;9888;48856;48513;48731;7275;10071;44702;22414;90421;10014;9933;48532;9653;3006;48508;9793;9790;48316;48608;61458;9791;10154;10015;48364;22622;46740;46739;44000;51814;52192;40011;44403;44419;51704;52126;51701;46794;16032;44764;9987;44766;6810;51234;51179;1902579;1902586;10496;10468;60255;19222;50789;65007;80022;5634;46982;46983;8270;46914;46872;43169;43167;42803;42802;31347;80134;48583;10078	1214	803	753	292	672.5	8551.5	444.5	310.5	132	642.5	669	6590	1352	4662.5	6378.5	508.5	2964.5	4400	368.5	220.5	696.5	3111.5	3484.5	1644	47131.5	2.356.575
ORTHO000451_3	P-loop containing nucleoside triphosphate hydrolases superfamily protein	AT3G12020;AT5G06670	3777;3774;17111;16462;16818;16817;16787;3824;3674;8152;8150;5871;5875;44430;44446;44422;5575;43226;44424;44464;5623;5622;43229;5856;43232;43228;43234;32991;15630;5524;35639;1901265;1901363;5488;97159;43168;43167;32559;30554;17076;166;36094;32555;32553;97367;32550;32549;1882;1883;5874;8017;32403;44877;5515;15631;8092;7018;6928;44763;9987;44699;7017	1215	2276	1298	1381	4356	640.5	1765.5	7084	1133	2770	1623	1471	6895.5	4560	6243.5	6712.5	2063	5221.5	4756.5	4527	5637	1358.5	986.5	1713.5	67162	3358.1
ORTHO001948	Pectin lyase-like superfamily protein	AT1G19170;AT3G42950	5975;71704;8152;8150;44238;4650;4553;16798;16787;3824;3674;71555;45229;16043;71840;9987;71554;5576;5575;16829;9507;9536;43231;43227;43226;43229;44424;44464;5623;5622;44444;5737	1216	28	850.5	485	1	2757.5	739	1640.5	1916	402.5	5271.5	2255.5	4492.5	8916	8203.5	9	2063	6388.5	1232	259.5	2749.5	2677	163	61	52197	2609.85
ORTHO002898	branched-chain aminotransferase 3	AT3G49680	52656;4084;8483;16769;16740;3824;3674;8152;8150;9081;6520;1901564;71704;6807;19752;43436;6082;44281;44710;44699;44763;9987;44237;44238;52655;9570;9532;44435;44444;44424;44464;5575;5623;5622;5737;44446;44422;43226;43229;9536;43231;43227;44434;9507;9098;9082;8652;46394;16053;44283;44711;9058;1901576;44249;1901566;1901607;1901605;6551;9097;6549;9099;6573;52654	1217	2743	4398.5	7580	1812	273.5	2791.5	7372.5	6225	1058	9015.5	3108	1352	7343.5	7349.5	7782	5962.5	6265.5	6327	8832.5	7786.5	7725	6624.5	2229	105423.5	5.271.175
ORTHO004063	Plant VAMP (vesicle-associated membrane protein) family protein	AT5G47180	5198;3674;5886;16020;5575;44464;5623;71944;5789;98588;31090;44422;43226;43227;44432;44444;44424;5622;5737;44446;43229;5783;43231;12505;44425;42175;16021;31224	1218	1591	891	564	1584.5	7905.5	739	676	1994.5	4485	69	307.5	1352	5972.5	6728	2080.5	7922.5	4982.5	658	220.5	4384	1466	1004	1230.5	54177.5	2.708.875
ORTHO003415	bZIP transcription factor family protein	AT5G06839	3700;1071;3674;2001141;31326;9889;19222;50789;65007;8150;31323;50794;51252;19219;80090;51171;60255;10556;6355;1903506;10468;2000112;6351;34645;44260;43170;71704;8152;44237;9987;9059;1901576;9058;44249;97659;32774;16070;90304;6139;46483;6725;1901360;34641;6807;44238;34654;19438;44271;18130;1901362;10467;5634;43231;43227;43226;5575;43229;44424;44464;5623;5622;43565;3677;3676;1901363;5488;97159	1219	158	927.5	636	141	702	1441	4251.5	800	210.5	513.5	907	4188	8541.5	8995	267	2338.5	6982	6531	5337	662.5	1228	947.5	1282	56125.5	2.806.275
ORTHO005115	Dormancy/auxin associated family protein	AT1G54070	5634;43231;43227;43226;5575;43229;44424;44464;5623;5622;8150;3674	1220	2064	2729	4238	4356	7959	512	1709	393.5	789	1623	2000.5	1352	9077	6867.5	2476	8562.5	7910.5	8915.5	346	8990	8413.5	2564	5601	86061.5	4.303.075
ORTHO005118	FASCICLIN-like arabinogalactan-protein 11	AT5G03170	5886;16020;5575;44464;5623;71944;9834;9832;42546;44085;71840;8150;71554;9987;71669;31225;31224;44425	1221	1644	4142	7063	1281	8952.5	3628.5	8713.5	1198	642.5	1414	6440	8950	4868	358	1429.5	7860.5	8278	2223.5	9093.5	1963	9018.5	9158.5	7591	101781	5089.05
ORTHO000550	Transducin/WD40 repeat-like superfamily protein	AT2G37670;AT3G15470;AT5G02430;AT5G54200	5834;1902494;43234;32991;5575;98797;44459;44464;5623;44425;16020;5886;71944;98796;44424;5622;31234;19897;19898;9898;98562;98552;5737;7165;50794;50789;65007;8150;51716;9987;50896;7154;44763;44699;44700;23052;4871;60089;3674	1222	694	3505.5	5789	248.5	257.5	6580.5	3166	3404.5	8168.5	5208.5	3218	9031.5	8660.5	6378.5	2476	8124.5	7273.5	1629.5	2455	39	9155	8686.5	168.5	94081.5	4.704.075
ORTHO005265	Autophagy-related protein 13	AT3G49590	19898;44425;5575;16020;5634;43231;43227;43226;43229;44424;44464;5623;5622;6995;9267;31669;31667;9991;9605;50896;8150;31668;51716;9987;71496;7154;44763;44699;42594;6950;33554;43562;407;44444;5737;44804;6914;44248;9056;8152;44237;16236;44712;44710;32147;45860;45859;43549;42325;19220;51174;31323;50794;50789;65007;19222;51338;50790;65009;1932;31399;32268;51246;80090;60255;1934;42327;45937;10562;31325;9893;48518;48522;31401;32270;51247;10604;33674;51347;43085;44093;34497;34613;70727;51641;51179;33036;8104;19887;19207;30234;98772;3674;422;61726;1903008;1902589;6996;16043;71840;22411;7005	1223	2709	3255	5287	4356	5650.5	7262.5	4503	8423.5	5095	9090.5	5699	1352	5780	1209.5	3976.5	2532	7073	7676.5	2713.5	436	6612.5	1937.5	4413.5	91436.5	4.571.825
ORTHO001879	DNA-binding bromodomain-containing protein	AT1G20670;AT1G76380	8150;5634;43231;43227;43226;5575;43229;44424;44464;5623;5622;3677;3676;1901363;5488;3674;97159;9506;5911;30054;55044	1224	1561	1300	1376	4356	663	376.5	4462	2849.5	985.5	4958	119.5	6456	4616	6092	6712.5	7922.5	8397.5	5502	1094	2214.5	510	479	2699.5	67109.5	3.355.475
ORTHO003796	glycerol-3-phosphate acyltransferase 5	AT3G11430;AT5G06090	8152;8150;16311;6796;6793;44237;9987;16791;42578;16788;16787;3824;3674;10345;9699;19438;6725;44249;9058;1901362;1901360;71704;1901576;44550;19748;44710;44699;44711;9698;44763;8514;8509;15075;22891;22857;5215;6810;51234;51179;55085;44765;1902578;22892;34220;6811;98656;6820;15711;71702;16746;16740;16020;5575;90447;8374;16747;10143;9059;43170	1225	1715	2411.5	3598	4356	194.5	859	310.5	3813	8319	1414	5667	8519	5425.5	1209.5	6712.5	7378	8707.5	8625.5	1426	336	7836	2311	3401.5	82465	4123.25
ORTHO001226	Putative lysine decarboxylase family protein	AT2G28305;AT2G37210;AT3G53450	9691;42446;9058;8152;8150;42445;10817;65008;65007;9690;9308;1901564;71704;6807;46483;44237;9987;6725;34754;44249;16799;16798;16787;3824;3674;5829;44444;44424;44464;5575;5623;5622;5737;5634;43231;43227;43226;43229	1226	3248	4494.5	7763	4356	8997	5997.5	7084	8541.5	4958	3136.5	6741.5	6397.5	6764.5	6937	2476	5194	4507	348	1584.5	5061.5	6859.5	7818	7453	106856.5	5.342.825
ORTHO004827	like heterochromatin protein (LHP1)	AT5G17690	35064;42393;5515;5488;3674;6342;45814;10629;10605;9892;48519;50789;65007;8150;19222;60255;10468;40029;45892;1903507;1903506;2001141;31326;9889;31323;50794;51252;19219;80090;51171;10556;1902679;51253;45934;51172;31324;48523;31327;9890;10558;6355;2000112;2000113;16458;44763;9987;44699;9648;9416;9314;9628;50896;9908;90567;48608;3006;32502;22414;48856;61458;48731;7275;44767;44707;32501;44702;9791;48367;791;785;44427;44446;44422;5575;43226;44424;44464;5623;5622;43229;5694;43232;43228;32991;6325;43933;16043;71840;51276;6996;3677;3676;1901363;97159;9910;48581;48580;2000026;50793;51239;51241;51093;2000242;2000241;9909;48831;3935;3933;19238;16814;16810;16787;3824;8152;9507;9536;43231;43227;44444;5737;48573;10228;5720;790;44454;44428;5634;228;31981;70013;43233;31974;792;45857;44092;65009;40030;10048;9409;9266;6950;10016;9653;30154;48869;6351;34645;44260;43170;71704;44237;9059;1901576;9058;44249;97659;32774;16070;90304;6139;46483;6725;1901360;34641;6807;44238;34654;19438;44271;18130;1901362;10467;9825;16049;40007	1227	1251	868.5	510	1584.5	1089	444.5	1114.5	7632	2908	5351	2086	3760.5	4662.5	6092	508.5	2976.5	5788	3904.5	188.5	684	1228	969	1454.5	52841.5	2.642.075
ORTHO001614	Thiolase family protein	AT5G47720;AT5G48230	5737;44424;44464;5575;5623;5622;8152;8150;3985;16453;16408;16747;16746;16740;3824;3674;16407;3988;46872;43169;43167;5488;9846;44707;32501;44699;9856;44703;51704;22414;44706;5777;42579;43231;43227;43226;43229;44444;16125;6066;1901615;71704;44281;44710;8202;1901360;6629;44238;5829;5886;16020;71944;9860;44702;904;902;32989;16043;71840;9987;9653;32502;48856;48869;44767;44763;48468;30154;3006;48588;48589;40007;16049;9932;9826;60560;48868;9793;9790;7275;48316;48608;61458;48731;9791;10154	1228	116	1003.5	779	112	186.5	210	1263.5	3771.5	163.5	4570	5572	1352	8541.5	8995	1073.5	1048	7761	948.5	1869	2474.5	2017.5	5678	1282	58777.5	2.938.875
ORTHO001796	Regulator of chromosome condensation (RCC1) family protein	AT3G53830;AT3G55580	8150;8536;17016;31267;51020;19899;5515;5488;3674;5575;3682;44877;5737;44424;44464;5623;5622	1229	1741	2081.5	2934	944.5	2260.5	1109	3203	2541	2814	5589	5877.5	8754.5	5175	810.5	1239.5	7679.5	7117	7987	773.5	4023	7725	1405.5	2699.5	78783.5	3.939.175
ORTHO000454_2	Root hair defective 3 GTP-binding protein (RHD3)	AT1G72960;AT3G13870	5789;98588;31090;16020;5575;44422;43226;43227;44432;44444;44424;44464;5623;5622;5737;44446;43229;5783;43231;12505;44425;42175;166;36094;5488;3674;1901265;1901363;97159;5525;35639;43168;43167;32550;32549;1882;97367;1883;32561;19001;17076;32555;32553;3924;17111;16462;16818;16817;16787;3824;8152;8150;5634;16021;31224;5774;44437;5773;98805;9832;42546;44085;71840;71554;9987;71669;30036;30029;44763;44699;7010;6996;16043;1902589;9932;9826;902;32989;9653;32502;48856;48869;44767;60560;48589;40007;16049;6888;16482;46907;6810;51234;51179;51649;51641;48193;1902582;44765;1902578;16192;5886;71944;139;44431;5794;10053;90627;30154;10015;48364;48513;48731;7275;44707;32501;22622;90558;9888	1230	884	2378	3526	4356	2557.5	2032.5	765	8541.5	642.5	5460	1471	1352	7101	8995	1073.5	324.5	6919	5272.5	5002	8496	7358	7611.5	1142.5	82117.5	4.105.875
ORTHO006469	phosphatidic acid phosphatase-related / PAP2-related	AT3G15820	16021;31224;44425;5575;16020;46470;97164;6807;8152;8150;42439;6066;1901615;71704;44281;44710;44699;44763;9987;6576;44106;9308;1901564;34641;44237;6650;6644;19637;6793;44255;6629;44238;6796;46486;4142;17169;16780;16772;16740;3824;3674;6657;6656;46474;45017;8610;1901576;9058;44711;44249;8654;90407;46165;1901617;44283;1901566	1231	1891	3583.75	5936.5	4356	7444.5	1155	2838	7632	2684.5	9139	5517.5	8605	5350.5	1063	1429.5	2170	7571	8509	461.5	7860	8165	3049	4291.5	94935.5	4.746.775
ORTHO002829	Transketolase family protein	AT5G50850	5759;44429;44444;44424;44464;5575;5623;5622;5737;44446;44422;43226;43229;5739;43231;43227;70013;43233;31974;42742;9617;51707;43207;9605;50896;8150;9607;51704;98542;6952;6950;4739;4738;16903;16491;3824;3674;8152;55114;44710;44699;16624;5774;44437;5773;98588;31090;16020;98805;6086;6090;32787;19752;43436;6082;71704;44281;44763;9987;44237;6085;71616;9108;51188;51186;44249;9058;6732;6637;35383;6790;6793;35384;44272;1901576;6084;44711;48046;5576;5730;44428;5634;43232;43228;31981	1232	2351	935.5	639	5476.5	3316.5	715.5	3713.5	3135.5	6934	4583	367.5	1352	5856.5	1481.5	7360.5	2877	7728	2561	2008	864.5	572.5	678.5	80.5	56186	2809.3
ORTHO003882	4-hydroxy-3-methylbut-2-enyl diphosphate reductase	AT4G34350	9570;9532;44435;44444;44424;44464;5575;5623;5622;5737;44446;44422;43226;43229;9536;43231;43227;44434;9507;46872;43169;43167;5488;3674;51745;16726;16725;16491;3824;8152;8150;55114;44710;44699;46429;52592;50992;50993;6644;19637;71704;6793;44237;9987;44255;6629;44238;44763;6796;8654;90407;1901576;9058;8610;44711;44249;19288;6090;32787;19752;43436;6082;44281;9240;46490;8299;6720;19682;6081;1901135;46677;9636;42221;50896;51538;51536;51540	1233	883	1278.5	1324	672.5	3511	3960	2044	3279	5219.5	4503.5	6120	1352	5762	1254.5	508.5	2596	7507.5	967.5	5672	2333	4780.5	1640	3447.5	66458	3322.9
ORTHO004880	SCAR family protein	AT1G29170;AT2G34150	5515;5488;3674;51127;51495;10638;33043;51128;50794;50789;65007;8150;51130;48522;48518;51493;51125;32956;32970;31209;43234;32991;5575;44444;44424;44464;5623;5622;5737;5856;43232;43228;43226;43229;30036;30029;44763;9987;44699;7010;6996;16043;71840;1902589;16020;3785;3779;8092;71944	1234	1071	2077	2920	365.5	726.5	312	3370	3771.5	5491	4740	1576.5	8410.5	8862.5	6520.5	797.5	8926.5	8257.5	5589.5	1919	2985	2433.5	1157	2850	78696.5	3.934.825
ORTHO006433	Transport protein particle (TRAPP) component	AT5G58030	5829;44444;44424;44464;5575;5623;5622;5737;30127;30120;30117;98796;43234;32991;44425;16020;48475;44433;44446;44422;43226;43229;31410;31982;30662;30659;12506;31090;43227;31988;16023;43231;98588;98805;30135;12507;30658;30133;12505;30134;8270;46914;46872;43169;43167;5488;3674;6888;16482;46907;6810;51234;51179;8150;51649;51641;48193;1902582;44765;1902578;44699;16192;6886;15031;45184;8104;33036;71702;34613;70727	1235	485.5	2519	3803	248.5	5248.5	1672.5	8583.5	1042.5	1256.5	1623	367.5	1352	4874	473.5	508.5	630	8352	8900	8125.5	9098.5	9043	9137	3289.5	83577.5	4.178.875
ORTHO001892	Phox (PX) domain-containing protein	AT2G25350;AT3G15920;AT4G32160	35091;5543;8289;5488;3674;43168;43167;5634;43231;43227;43226;5575;43229;44424;44464;5623;5622;35556;7165;50794;50789;65007;8150;51716;9987;50896;7154;44763;44699;44700;23052;5576	1236	1589	2323.5	3411	4356	8152	6200	1204.5	702.5	879.5	982	8294	7743	7779.5	8726.5	2476	1724	6085	1164.5	1532.5	1922.5	6759.5	4705.5	4484	81517	4075.85
ORTHO002359	myb domain protein 70	AT2G23290;AT4G37260;AT5G67300	3700;1071;3674;2001141;31326;9889;19222;50789;65007;8150;31323;50794;51252;19219;80090;51171;60255;10556;6355;1903506;10468;2000112;3677;3676;1901363;5488;97159;5634;43231;43227;43226;5575;43229;44424;44464;5623;5622;3682;44877;44212;975;1067;9753;9725;9719;50896;10033;42221;1101;1901700;46686;10038;10035;9723;10200;10243;1901698;9737;33993;97305;9751;14070;2000031;9966;10646;48583;23051;9651;6970;9628;6950;42742;9617;51707;43207;9605;9607;51704;98542;6952;9414;9415;9738;9755;7165;51716;9987;7154;44763;44699;44700;23052;32870;71495;71310;70887;71215;71396;97306;1901701;71229;2000022;50832;9620;9733;6351;34645;44260;43170;71704;8152;44237;9059;1901576;9058;44249;97659;32774;16070;90304;6139;46483;6725;1901360;34641;6807;44238;34654;19438;44271;18130;1901362;10467;9739	1237	3228	3380.5	5524	4356	3168.5	2121.5	1912	8207	2869.5	1981	1198.5	7377.5	7343.5	7401.5	7782	450	5626	2669.5	5337	8019	7814.5	6989	4413.5	92681	4634.05
ORTHO005784	unknown protein	AT1G13360	3674;5634;43231;43227;43226;5575;43229;44424;44464;5623;5622;8150	1238	3233	2440.5	3643	2097	8240.5	5643	1912	1691	1800	3749	485	1352	5808	1168.5	3976.5	9086	7637	8846.5	3699	8738	940	1573	6379.5	82724.5	4.136.225
ORTHO002196	RNA-binding KH domain-containing protein	AT2G38610;AT3G08620	5829;44444;44424;44464;5575;5623;5622;5737;3723;3676;1901363;5488;3674;97159;8150;5634;43231;43227;43226;43229	1239	2957	2065	2891	4356	1089	3960	7084	1625	4086	1623	632	6397.5	3374	5254.5	6712.5	235.5	4400	5502	6064.5	5637	6429	4843.5	3565	78514	3925.7
ORTHO003485	alpha/beta-Hydrolases superfamily protein	AT3G23540;AT4G14290	5737;44424;44464;5575;5623;5622;5634;43231;43227;43226;43229;16787;3824;3674;8152;8150;5886;16020;71944	1240	1669	1326	1412	4356	3593	6804	1823.5	7325.5	3317	1810	7777	1352	4486	6043	1830	1102.5	4982.5	154	3508	3978	1910	4085.5	1615.5	67497	3374.85
ORTHO001792	Per1-like family protein	AT1G16560	8150;3674;5886;16020;5575;44464;5623;71944	1241	994	1976.5	2712	672.5	8919.5	822.5	805.5	1994.5	4550	1414	5096	1352	5411.5	892.5	1606	8238.5	8023	1473.5	366.5	8990	8454	2341	6669	77419.5	3.870.975
ORTHO002328	galacturonosyltransferase-like 4	AT3G06260	90406;42995;44464;5575;5623;271;5976;5975;71704;8152;8150;44238;43170;16051;44723;44710;44699;1901576;9058;44711;9059;5794;43231;43227;43226;43229;44424;5622;44444;5737;12505;47262;8194;16757;16740;3824;3674;16758	1242	2734	1044.5	847	5552	4415.5	2452	917.5	1625	2340	1810	2038	1352	3815.5	4233.5	1830	3448	5101.5	4205.5	6322.5	3870	4873	3945	1414.5	60009	3000.45
ORTHO000809	Ring/U-Box superfamily protein	AT2G27950;AT5G04460	8150;8270;46914;46872;43169;43167;5488;3674;5737;44424;44464;5575;5623;5622;5634;43231;43227;43226;43229	1243	767	3032	4821	672.5	8323	8983	218	1954.5	698.5	1414	4421	9130	4921.5	511.5	508.5	2436.5	8257.5	8593.5	8478	1693.5	8814.5	2412.5	7376.5	89146	4457.3
ORTHO004152	ferritin 4	AT2G40300;AT3G11050	4322;16724;16722;16491;3824;3674;8152;8150;55114;44710;44699;8199;5506;46914;46872;43169;43167;5488;5739;43231;43227;43226;5575;43229;44424;44464;5623;5622;44444;5737;6826;41;30001;6812;6811;44765;6810;51234;51179;1902578;9507;9536;302;6979;6950;50896;1901700;42221;10039;10038;10035;1990267;9570;9532;44435;44446;44422;44434;9941;9526;31967;31975;15979;44237;9987;9908;90567;48608;3006;32502;22414;48856;61458;48731;7275;44767;44707;32501;44702;9791;48367;6879;46916;6875;55065;98771;50801;48878;42592;65008;65007;55080;30003;6873;55082;19725;44763;55076;55072;48366;48827;9737;9725;9719;10033;33993;97305;1101	1244	3203	1491.75	1739.5	4356	8600	3628.5	3971	3783.5	5454	4137	4670	4955.5	3815.5	3047.5	1606	3224	2199.5	188	6632	3511.5	1358.5	3484.5	2046	70312.5	3.515.625
ORTHO005614	26S proteasome; regulatory subunit Rpn7	AT3G61140	8180;44428;44446;44422;5575;43226;44424;44464;5623;5622;43229;5634;43231;43227;43234;32991;5515;5488;3674;6972;6970;9628;50896;8150;6950;9651;338;70646;70647;6464;36211;19538;43170;71704;8152;44238;43412;44267;44260;44237;9987;6508;10388;9793;44702;22414;44699;3006;32502;9790;44767;48856;7275;44707;32501;48316;48608;61458;48731;9791;10154;9585;7602;9583;9416;9314;9582;51606;9581;9605;7165;50794;50789;65007;51716;7154;44763;44700;23052;10017;71489;9639;71482;71478;71214;5829;44444;5737;9646;9642;9640;6461;65003;43933;16043;71840;22607;44085;71822;70271	1245	928	897.5	550	672.5	663	162.5	88.5	4	5723.5	195.5	307.5	1352	6047	6378.5	797.5	294.5	9121	7197.5	1900	1178	8989.5	3259.5	118.5	53778	2688.9
ORTHO005128	cytochrome C oxidase 6B	AT1G22450	9651;6970;9628;50896;8150;6950;9535;55035;42651;34357;16020;5575;44436;44424;44464;5623;5622;9579;44435;44444;5737;44446;44422;43226;43229;9536;43231;43227;31976;31984;44434;9507;9534;4129;15002;16491;3824;3674;8152;55114;44710;44699;15078;15077;22890;8324;15075;22891;22857;5215;6810;51234;51179;55085;44763;9987;44765;1902578;22892;34220;6811;98655;6812;15672;1902600;15992;6818;98662;98660;9055;16676;16675;5739;5507;46914;46872;43169;43167;5488	1246	1126	1511	1776	1066.5	2672	924	3971	8748.5	3283.5	4445.5	1354.5	7743	7954.5	8726.5	976.5	2420.5	7547.5	4165.5	1043.5	1673.5	536.5	303.5	2229	70719	3535.95
ORTHO002182	Protein phosphatase 2C family protein	AT4G33920	4722;4721;16791;42578;16788;16787;3824;3674;8152;8150;16311;6796;6793;44237;9987;6470;6464;36211;19538;43170;71704;44238;43412;44267;44260;46872;43169;43167;5488	1247	2821	2128	3009	1812	1729.5	4758.5	1484	1234	6687	3136.5	3808	1352	6764.5	7017.5	7782	1482.5	5886.5	4795.5	3899.5	1795	3955.5	3200.5	8396	79164.5	3.958.225
ORTHO001443	Protein kinase superfamily protein	AT1G11390;AT1G61640	16301;16772;16740;3824;3674;8152;8150;16310;6796;6793;44237;9987;5886;16020;5575;44464;5623;71944	1248	1844	2442.5	3637	1479.5	2097.5	1358	1263.5	3598.5	5583	4753.5	3686.5	8446	8916	5907.5	1307	8149.5	8946.5	8310	1919	2400	4873	646.5	523	82684.5	4.134.225
ORTHO003025	acetyl-CoA synthetase	AT5G36880	9507;9536;43231;43227;43226;5575;43229;44424;44464;5623;5622;44444;5737;9570;9532;44435;44446;44422;44434;6083;32787;19752;43436;6082;71704;8152;8150;44281;44710;44699;44763;9987;44237;9514;5777;42579;3987;16405;16877;16874;3824;3674;16878;6631;44255;6629;44238;19427;6085;71616;9108;51188;51186;44249;9058;6732;6637;35383;6790;6793;35384;44272;1901576;6084;44711;16208;32559;30554;17076;166;36094;5488;1901265;1901363;97159;32555;32553;97367;32550;32549;1882;1883;43168;43167;43169;5524;35639;5829	1249	1415	1541	1833	1066.5	3466.5	2155	834.5	239.5	720	744	1854	1352	7996	9046	1073.5	351	6808.5	2538	6064.5	8873.5	7202	6989	3005.5	71313	3565.65
ORTHO003786	RING/U-box superfamily protein	AT1G55530;AT5G56340	8270;46914;46872;43169;43167;5488;3674;5737;44424;44464;5575;5623;5622	1250	1226	1191.5	1133	1066.5	3489.5	312	4360	3425	3350	744	5347.5	1352	7850	8387.5	2476	8932.5	6590	1031	1654	2199	561.5	308	1769	64138.5	3.206.925
ORTHO004620	Late embryogenesis abundant (LEA) hydroxyproline-rich glycoprotein family	AT4G23930	5576;5575;8150;3674	1251	2313	3591	5931	1689.5	8214	5105.5	1484	2202	3055	4164.5	6374.5	8446	8936	5937	2476	8960	7219.5	8625.5	4586	1250.5	822	1453	5601	94912	4745.6
ORTHO004994	SSXT family protein	AT5G28640	3713;3712;989;988;3674;1903506;2001141;31326;9889;19222;50789;65007;8150;31323;50794;51252;19219;80090;51171;60255;10556;5515;5488;6355;10468;2000112;48366;48827;48856;32502;48367;44767;44699;48731;7275;44707;32501;8283;6351;34645;44260;43170;71704;8152;44237;9987;9059;1901576;9058;44249;97659;32774;16070;90304;6139;46483;6725;1901360;34641;6807;44238;34654;19438;44271;18130;1901362;10467;5634;43231;43227;43226;5575;43229;44424;44464;5623;5622;9955;3002;7389	1252	1884	2781	4310	4356	3658	6258.5	7409.5	1133	4672	4670.5	4309	7377.5	7448.5	8359	2476	7991.5	8695	2270	2455	2840.5	1228	1275.5	1906.5	86433.5	4.321.675
ORTHO000472_1	HSP20-like chaperones superfamily protein	AT2G37570;AT3G12570;AT5G02480	3674;42538;9651;6970;9628;50896;8150;6950;6972;5739;43231;43227;43226;5575;43229;44424;44464;5623;5622;44444;5737;9941;9526;31967;31975;44446;44422;44435;9536;44434;9507	1253	3015	4134	7015	4356	8030	2190	7372.5	800	2832.5	9032	1198.5	1352	7536	7377.5	7782	935.5	6265.5	6700.5	5245.5	5988	6512.5	5826.5	8491	101468	5073.4
ORTHO000734	Transmembrane Fragile-X-F-associated protein	AT1G18470;AT1G68820;AT1G73950;AT3G18524	16021;31224;44425;5575;16020;5576;8270;46914;46872;43169;43167;5488;3674;5739;43231;43227;43226;43229;44424;44464;5623;5622;44444;5737;5634;5773;5524;35639;1901265;1901363;97159;43168;32559;30554;17076;166;36094;32555;32553;97367;32550;32549;1882;1883;406;217;43566;3677;3676;6311;1903046;22402;44763;9987;8150;44699;7049;51321;3;35822;6310;6259;44260;43170;71704;8152;44237;90304;6139;46483;6725;1901360;34641;6807;44238;44710;7127;7126;280;48285;6996;16043;71840;1902589;32138;32135;30983;3690;6290;6281;6974;33554;51716;50896;6950;45128;45835;10948;10564;51726;50794;50789;65007;45786;48523;48519;51784;51782;51302;10639;33043;51128;51129;51783;40020;51445;51447;10520;18;51052;19219;80090;19222;51171;31323;60255;60631;45910;51053;10605;9892;45934;51172;31324;6298;3684;7131;35825;6301;32137;8094;42623;16887;17111;16462;16818;16817;16787;3824;32302;44428;44446;44422;32300;1990391;43234;32991;5515;228;5694;43232;43228;31981;70013;43233;31974;43570;51276;32301;710;5886;71944;404;403;400	1254	893	1222.5	1191	365.5	2406.5	5935	3333.5	3135.5	210.5	319	6344	1352	6542.5	8359	797.5	630	8803	2354	1919	2770	4970.5	2536	2229	64946.5	3.247.325
ORTHO004587	Protein of unknown function (DUF544)	AT4G11860	8150;3674;5737;44424;44464;5575;5623;5622;5634;43231;43227;43226;43229;5829;44444;5886;16020;71944	1255	1671	1210	1165	4356	1089	961	6573	7325.5	5665	1981	1198.5	1352	4760	6137	6712.5	1221.5	4982.5	3553	518	3719.5	1827.5	3726	1297.5	64600	3230
ORTHO001751	AAA-type ATPase family protein	AT1G45000;AT5G43010	5634;43231;43227;43226;5575;43229;44424;44464;5623;5622;9506;5911;30054;55044;5618;30312;71944;5886;16020;5730;44428;44446;44422;43232;43228;31981;70013;43233;31974;502;43234;32991;16887;17111;16462;16818;16817;16787;3824;3674;8152;8150;31595;31597;44445;44444;5737;5829;30433;43161;10498;51603;6508;19538;43170;71704;44238;44257;30163;9057;1901575;9056;44265;44260;44237;9987;44248;44267;6511;19941;43632;36503;44712;44710;44699;44763;10033;42221;50896;34976;33554;51716;6950;45899;60261;45944;45893;10628;10604;9893;48518;50789;65007;19222;60255;10468;1903508;1903506;2001141;31326;9889;31323;50794;51252;19219;80090;51171;10556;1902680;51254;45935;31325;48522;51173;31328;9891;10557;6355;2000112;6357;60260;2000142;43254;44087;51128;2000144;31334;51130;44089;45898;8540;5838;22624;36402;42623;1901800;1903052;1903050;1903362;31329;9894;42176;51246;32268;30162;1903364;32270;51247;31331;9896;45732;45862;61136;17025;8134;5515;5488	1256	1819	2594	3932	1281	8571.5	2080	805.5	4740.5	1282.5	1623	1576.5	8410.5	7996	9046	2476	7922.5	6737.5	1325	4925	2098.5	5376	1594	5806	84392.5	4.219.625
ORTHO004519	targeting protein for XKLP2	AT1G03780	9941;9526;31967;31975;44464;5575;5623;44446;44422;43226;44424;5622;43229;43227;44435;44444;5737;9536;43231;44434;9507;7067;280;48285;6996;16043;71840;8150;9987;1903047;22402;44763;44699;7049;278;1902589;60236;90224;70507;51493;33043;51128;50794;50789;65007;32886;10564;51726;7346;5654;44428;5634;31981;70013;43233;31974;8017;32403;44877;5488;3674;5515;15631;8092;5874;44430;5856;43232;43228;43234;32991;15630;51225;70925;22607;44085;7051;226;7010;7017;71822;43933;6461;65003;70271;51301;32147;45860;45859;43549;42325;19220;51174;31323;19222;51338;50790;65009;1932;31399;32268;51246;80090;60255;1934;42327;45937;10562;31325;9893;48518;48522;31401;32270;51247;10604;33674;51347;43085;44093;5819;9524	1257	1625	1917.25	2577.5	1281	3270.5	859	3230.5	8940	4564.5	4593.5	1389.5	6895.5	4560	6192.5	6712.5	7982	7967.5	1975.5	2008	1156	1358.5	1235	1644	76534.5	3.826.725
ORTHO001189	Ribosomal protein L13 family protein	AT3G24830;AT4G13170;AT5G48760	3729;44822;3723;3676;1901363;5488;3674;97159;6412;43043;43604;43603;34641;6807;8152;8150;44237;9987;44271;44249;9058;6518;1901564;71704;1901566;1901576;44267;19538;43170;44238;44260;34645;9059;10467;15934;44391;30529;32991;5575;44424;44464;5623;5622;44444;5737;44446;44422;43226;43229;5840;43232;43228;9506;5911;30054;55044;22626;44445;5829;22625;3735;5198;16020	1258	2819	972.5	687	1408	7116	1155	7409.5	1328.5	369.5	1483.5	1576.5	5740	4134.5	5661	2914	3106	1921.5	3067.5	518	3222	2061	3466.5	926.5	57177	2858.85
ORTHO000990	ubiquitin-activating enzyme 1	AT2G30110;AT5G06460	5886;16020;5575;44464;5623;71944;8641;16877;16874;3824;3674;8152;8150;4839;16567;32446;70647;6464;36211;19538;43170;71704;44238;43412;44267;44260;44237;9987;46686;10038;10035;42221;50896;9506;5911;30054;55044;5829;44444;44424;5622;5737;5524;35639;1901265;1901363;5488;97159;43168;43167;32559;30554;17076;166;36094;32555;32553;97367;32550;32549;1882;1883;6974;33554;51716;6950;51707;43207;9605;9607;51704;6511;19941;51603;6508;44257;30163;9057;1901575;9056;44265;44248;43632;4842;19787;16740;5634;43231;43227;43226;43229;16881;16879	1259	1112	2083	2907	4356	8734.5	6430	4462	1328.5	1058	865	1954	8205.5	7850	8677	267	562	6590	629.5	141.5	6810.5	6952	4391	2699.5	78607.5	3.930.375
ORTHO003204	F-box/RNI-like superfamily protein	AT1G67190	5634;43231;43227;43226;5575;43229;44424;44464;5623;5622;61630;4842;19787;16740;3824;3674;8152;8150;16567;32446;70647;6464;36211;19538;43170;71704;44238;43412;44267;44260;44237;9987;61659;19005;31461;151;1990234;1902494;43234;32991;5737;31146;43161;10498;51603;6508;44257;30163;9057;1901575;9056;44265;44248;6511;19941;43632	1260	2861	2758	4256	4356	3632	2791.5	7084	7899.5	3903.5	8924.5	2729	1352	6971	7082.5	2476	4610.5	5518	284	8214	4384	2541	2214	3565	86176	4308.8
ORTHO001923	Sec14p-like phosphatidylinositol transfer family protein	AT1G01630	6810;51234;51179;8150;5215;3674;5634;43231;43227;43226;5575;43229;44424;44464;5623;5622	1261	1603	2332.5	3404	1281	1423	961	196	597.5	4155	1082.5	8166	7554	7536	8553	2476	5685	6505.5	6109.5	178	5903.5	6512.5	3758.5	4117.5	81470	4073.5
ORTHO004872	glycine-rich protein	AT4G22740	5886;16020;5575;44464;5623;71944;3674	1262	1050	1154	1046	4356	528.5	5686	1204.5	1839.5	3494	3269.5	1576.5	1352	5297	1040.5	508.5	2671.5	7637	7676.5	4473	8400	1407.5	1235	3667.5	62964.5	3.148.225
ORTHO001434	Protein kinase superfamily protein	AT2G31010;AT2G42640;AT3G58640	6468;16310;6796;6793;44237;8152;8150;9987;6464;36211;19538;43170;71704;44238;43412;44267;44260;5524;35639;1901265;1901363;5488;3674;97159;43168;43167;32559;30554;17076;166;36094;32555;32553;97367;32550;32549;1882;1883;5886;16020;5575;44464;5623;71944;4674;4672;16301;16772;16740;3824;16773;4713;18108;18212;18193;5737;44424;5622;5634;43231;43227;43226;43229	1263	1493	1504.5	1746	944.5	1859.5	5327.5	1912	3568	3977.5	3792.5	5347.5	6513.5	6601.5	7804.5	1307	7829	3949	3473	1291.5	3264	2061	182.5	275	70336	3516.8
ORTHO003488	NAD(P)-binding Rossmann-fold superfamily protein	AT3G51160;AT5G66280	42351;42350;46368;9225;6139;46483;44237;8152;8150;9987;6725;1901360;71704;34641;6807;44238;1901135;9226;1901137;1901576;9058;34654;19438;44249;44271;18130;1901362;8446;16836;16835;16829;3824;3674;19673;5829;44444;44424;44464;5575;5623;5622;5737;5525;35639;1901265;1901363;5488;97159;43168;43167;32550;32549;1882;36094;97367;1883;32561;19001;17076;166;32555;32553;5794;43231;43227;43226;43229;12505;50662;48037;9826;902;32989;16043;71840;9653;32502;48856;48869;44767;44699;44763;60560;48589;40007;16049;5515	1264	1578	1685.5	2107	3606	3130	1068	3853.5	393.5	5847	4740	6981	4081	5907	5523	1307	5032.5	7910.5	2723.5	2206.5	1100	8111.5	3171	200.5	73287	3664.35
ORTHO002763	Basic-leucine zipper (bZIP) transcription factor family protein	AT4G38900	6355;1903506;2001141;31326;9889;19222;50789;65007;8150;31323;50794;51252;19219;80090;51171;60255;10556;10468;2000112;3700;1071;3674;3677;3676;1901363;5488;97159;5829;44444;44424;44464;5575;5623;5622;5737;5634;43231;43227;43226;43229	1265	1322	2992.5	4720	4356	2747.5	3960	1855	8838.5	555.5	2402	4949	8675.5	5258.5	934	1429.5	901	7637	1827	6197.5	8738	8566.5	8748.5	4413.5	88634	4431.7
ORTHO003043	senescence-related gene 3	AT3G02040;AT5G41080	5737;44424;44464;5575;5623;5622;8889;8081;42578;16788;16787;3824;3674;8152;8150;30643;72501;30002;55081;50801;48878;42592;65008;65007;6873;55082;19725;44763;9987;44699;72505;98771;55062;72506;55083;30320;72502;46475;9395;6644;19637;71704;6793;44237;44255;6629;44710;44238;6796;44242;16042;44712;9056;1901575;44248;46434;6650;46486;46503;9536;43231;43227;43226;43229;44444;6071;19400;44723;5975;44262;19751;6066;1901615;44281;9507;287;46872;43169;43167;5488	1266	2793	3530.5	5795	4356	8278	2234.5	3108.5	3262	4688.5	4939	6674.5	7963	8704	5775.5	2476	3022.5	7910.5	1961.5	1016.5	6696	7441	3498.5	4484	94134	4706.7
ORTHO003069	unknown protein	AT1G65710;AT5G37010	5634;43231;43227;43226;5575;43229;44424;44464;5623;5622;3674	1267	661	1122	977	248.5	3710	376.5	357.5	635	1318	5567	1779	8605	6764.5	8793	976.5	450	6590	1164.5	399	1091.5	6648	5826.5	945.5	61997	3099.85
ORTHO003484	glucose-6-phosphate dehydrogenase 5	AT3G27300;AT5G40760	6006;19318;5996;44723;5975;71704;8152;8150;44238;44710;44699;44281;5829;44444;44424;44464;5575;5623;5622;5737;50661;50662;48037;5488;3674;166;36094;1901265;1901363;97159;4345;16616;16614;16491;3824;55114;9051;51156;19637;6793;44237;9987;1901135;6796;6739;46496;19362;6733;6732;51186;9117;6753;55086;6139;46483;6725;1901360;34641;6807;44763;72524;1901564;6098;19682;6081;19693;46686;10038;10035;42221;50896;9507;9536;43231;43227;43226;43229	1268	3111	3824.25	6380.5	4356	1500	4638.5	7244.5	1916	3485.5	8984.5	3912.5	1352	6971	7258.5	7782	1396.5	6330	7644	4012.5	5637	7567	5762.5	4016	97410.5	4.870.525
ORTHO001020_1	IQ-domain 32	AT1G19870	5634;43231;43227;43226;5575;43229;44424;44464;5623;5622;9941;9526;31967;31975;44446;44422;44435;44444;5737;9536;44434;9507;5875;44430;5856;43232;43228;43234;32991;15630;9737;9725;9719;50896;8150;10033;42221;33993;97305;1901700;1101;5516;5515;5488;3674;5829;5886;16020;71944	1269	408	1069	869	407	113	1577.5	563	1481	3793	3269.5	2553.5	4083.5	6475	8726.5	1307	1526.5	6896	3301	3528.5	3097	4169	3686	166.5	60313	3015.65
ORTHO004963	Transducin/WD40 repeat-like superfamily protein	AT4G35140;AT4G38480	166;36094;5488;3674;1901265;1901363;97159;5634;43231;43227;43226;5575;43229;44424;44464;5623;5622;80008;31461;151;1990234;1902494;43234;32991;5515;8150	1270	433	1650	2030	248.5	505	6309	4227	2505.5	103.5	354.5	907	8817.5	7300	9073.5	1073.5	7982	7295.5	6056.5	23	1121	6612.5	1337.5	1188	72792	3639.6
ORTHO002396	Translation protein SH3-like family protein	AT3G49910;AT5G67510	22626;44445;44444;44424;44464;5575;5623;5622;5737;5829;5840;30529;32991;43232;43228;43226;43229;15934;44391;44446;44422;6412;43043;43604;43603;34641;6807;8152;8150;44237;9987;44271;44249;9058;6518;1901564;71704;1901566;1901576;44267;19538;43170;44238;44260;34645;9059;10467;3735;5198;3674;9409;9266;9628;50896;6950;22625;5774;44437;5773;43231;43227;98588;31090;16020;98805;5730;44428;5634;31981;70013;43233;31974;42273;22613;44085;71840;42254;2181;5886;71944;9507;9536;44822;3723;3676;1901363;5488;97159;5515	1271	1429	817.5	364	1449.5	780	444.5	4462	7046.5	789	621.5	2597	5740	4295.5	5746.5	1239.5	7829	1921.5	3119	995	525	889.5	149.5	229.5	49420	2471
ORTHO000428	ABC-2 type transporter family protein	AT2G37360;AT2G39350;AT3G53510;AT3G55090;AT3G55100;AT3G55110;AT3G55130;AT5G13580	55085;44763;9987;8150;44699;44765;6810;51234;51179;1902578;10345;9699;19438;6725;44237;8152;44249;9058;1901362;1901360;71704;1901576;44550;19748;44710;44711;9698;16021;31224;44425;5575;16020;5886;44464;5623;71944;42626;43492;42623;16887;17111;16462;16818;16817;16787;3824;3674;15405;15399;22804;22857;5215;16820;10208;45229;16043;71840;10927;44767;32502;22607;44085;48646;9653;48856;32989;48869;85029;30198;43062;9555;48229;7275;44707;32501;9624;51707;43207;9605;50896;9607;51704;7034;1902582;46907;51649;51641;5775;44437;44444;44424;5622;5737;44446;44422;43226;43229;5773;43231;43227;70013;43233;31974;42891;15893;42493;42221;1901998	1272	1463	2406	3540	390	8263	7808.5	917.5	8149.5	2799	5973.5	863	1352	5350.5	1016	508.5	1941.5	7637	1989	2059.5	8738	7470	1813.5	7543.5	82193	4109.65
ORTHO001629	Mitochondrial substrate carrier family protein	AT1G72820;AT5G26200	16021;31224;44425;5575;16020;55085;44763;9987;8150;44699;44765;6810;51234;51179;1902578;6839;1902582;46907;51649;51641;5743;19866;31090;44422;43226;43227;44424;44464;5623;5622;31967;31975;44446;43229;31966;44429;44444;5737;5739;43231;5740	1273	2202	2147.5	3022	1689.5	8263	1881	6978.5	6584	1155	5365.5	1576.5	1352	4486	6137	6712.5	3891.5	5056.5	802.5	4392	4519	2328.5	4564	3179.5	79224.5	3.961.225
ORTHO003155	tetratricopeptide repeat (TPR)-containing protein	AT1G80410	9506;5911;30054;5575;55044;16020;16740;3824;3674;8152;8150;9793;44702;22414;44699;3006;32502;9790;44767;48856;7275;44707;32501;48316;48608;61458;48731;9791;10154;5634;43231;43227;43226;43229;44424;44464;5623;5622;5829;44444;5737	1274	737	778.5	283	4356	12.5	312	765	175.5	14.5	582	1576.5	1352	5667.5	2702.5	508.5	8587.5	5992	1942.5	96	1744	9141.5	3215	2314	46701	2335.05
ORTHO002053	Integrase-type DNA-binding superfamily protein	AT1G15360	5622;44464;5575;5623;9873;160;35556;7165;50794;50789;65007;8150;51716;9987;50896;7154;44763;44699;44700;23052;9755;32870;9725;9719;10033;42221;71495;71310;70887;71369;9723;3700;1071;3674;2001141;31326;9889;19222;31323;51252;19219;80090;51171;60255;10556;6355;1903506;10468;2000112;5634;43231;43227;43226;43229;44424;9414;9415;9628;1101;10035;1901700;6950;10143;9059;43170;71704;8152;1901576;9058;6351;34645;44260;44237;44249;97659;32774;16070;90304;6139;46483;6725;1901360;34641;6807;44238;34654;19438;44271;18130;1901362;10467;3677;3676;1901363;5488;97159;43565;10166	1275	3351	1373	1471	2097	9038.5	2528	4133.5	1430.5	4766.5	1810	907	1352	3815.5	4705.5	1830	4346.5	4982.5	188	4211	5170.5	4525.5	5407	2850	67998	3399.9
ORTHO003094	ARM repeat superfamily protein	AT5G09800;AT5G64660	16567;32446;70647;6464;36211;19538;43170;71704;8152;8150;44238;43412;44267;44260;44237;9987;4842;19787;16740;3824;3674;5515;5488;10200;10243;9719;50896;10033;42221;1901698;1901700;5737;44424;44464;5575;5623;5622;16874	1276	1467	1438.5	1601	1066.5	2097.5	2627.5	1114.5	6379.5	2702	5351	7719	6397.5	4415.5	6007	1830	2933	4982.5	598.5	3638.5	3646	2017.5	3188	1414.5	69059.5	3.452.975
ORTHO004428	glutamate-1-semialdehyde 2;1-aminomutase 2	AT3G48730;AT5G63570	9570;9532;44435;44444;44424;44464;5575;5623;5622;5737;44446;44422;43226;43229;9536;43231;43227;44434;9507;6782;6779;51188;51186;44237;8152;8150;9987;44249;9058;6778;33013;46483;6725;1901360;71704;1901564;6807;33014;19438;44271;34641;18130;1901362;1901576;1901566;46501;6783;42168;42440;44710;44699;44763;46148;44711;15995;15994;42286;16869;16866;16853;3824;3674;9941;9526;31967;31975;42802;5515;5488;30170;1901363;97159;48037;43168;43167;9416;9314;9628;50896;48046;5576	1277	467	1550.5	1824	248.5	2557.5	5825	71	3771.5	5716	865	4670	1352	5129	810.5	508.5	1973	8803	4328.5	3288	9098.5	8310.5	2390.5	1735.5	71203.5	3.560.175
ORTHO001588	Pleckstrin homology (PH) domain superfamily protein	AT1G07140;AT2G30060;AT5G58590	51028;50658;50657;15931;71705;6810;51234;51179;8150;71702;51236;6403;33036;8536;17016;31267;51020;19899;5515;5488;3674;15031;45184;8104;5643;44428;44446;44422;5575;43226;44424;44464;5623;5622;43229;5634;43231;43227;5635;31967;31975;12505;60;6886;46907;51649;51641;34613;70727;1902582;44765;1902578;44699;6606;17038;34504;33365;1902580;1902593;51170;6913;16482;51169;72594;44744;6605	1278	2273	2550.5	3823	1281	8214	6855	1013.5	702.5	930.5	1810	2038	1352	7850	8793	7782	450	6265.5	1189.5	4060.5	6810.5	6895.5	6040	4678.5	83730.5	4.186.525
ORTHO001587_1	poltergeist like 1	AT2G35350	46872;43169;43167;5488;3674;6470;16311;6796;6793;44237;8152;8150;9987;6464;36211;19538;43170;71704;44238;43412;44267;44260;18377;6497;42158;42157;34645;9059;1901576;9058;44249;43543;5886;16020;5575;44464;5623;71944;4722;4721;16791;42578;16788;16787;3824;18345;6355;1903506;2001141;31326;9889;19222;50789;65007;31323;50794;51252;19219;80090;51171;60255;10556;10468;2000112;5634;43231;43227;43226;43229;44424;5622;9826;902;32989;16043;71840;9653;32502;48856;48869;44767;44699;44763;60560;48589;40007;16049;5543;8289;43168;10074;19827;44707;32501;98727;10073;48507;9888;48513;48731;7275;9933;48532	1279	457	2301.5	3324	672.5	8118	575	8064.5	3245.5	1123	4558	5983.5	1352	6764.5	8553	267	8310.5	8577	2201.5	1811	8798.5	868	910.5	885.5	80966.5	4.048.325
ORTHO002152	NOP56-like pre RNA processing ribonucleoprotein	AT3G05060;AT5G27120;AT5G27140	42254;22613;44085;71840;8150;3677;3676;1901363;5488;3674;97159;5634;43231;43227;43226;5575;43229;44424;44464;5623;5622;5730;44428;44446;44422;43232;43228;31981;70013;43233;31974;16020;9506;5911;30054;55044	1280	1031	2110	2940	672.5	775	1377.5	19	149	7967.5	397.5	6575.5	4202	8627	6464.5	7782	831.5	8868.5	2936.5	3638.5	96	9145	8775	172	78799.5	3.939.975
ORTHO000314_1	nitrate transporter 1.1	AT1G12110	16021;31224;44425;5575;16020;5886;44464;5623;71944;9414;9415;9628;50896;8150;1101;42221;10035;1901700;6950;5515;5488;3674;15293;15291;22804;22857;5215;6810;51234;51179;55085;44763;9987;44699;44765;1902578;10167;1901698;98656;6820;6811;34220;15706;71705;15698;15112;15103;8509;15075;22891;22892	1281	866	1351.5	1422	672.5	2425	360	357.5	3516	1208.5	195.5	9018	1352	5770	2702.5	508.5	8576	9134.5	4441	1698.5	3252	8840	2412.5	1825	67593	3379.65
ORTHO001747	Leucine-rich repeat protein kinase family protein	AT3G50230;AT5G43020;AT5G67200	5576;5575;6468;16310;6796;6793;44237;8152;8150;9987;6464;36211;19538;43170;71704;44238;43412;44267;44260;5524;35639;1901265;1901363;5488;3674;97159;43168;43167;32559;30554;17076;166;36094;32555;32553;97367;32550;32549;1882;1883;7169;7167;7166;7165;50794;50789;65007;51716;50896;7154;44763;44699;44700;23052;16301;16772;16740;3824;4674;4672;16773;5886;16020;44464;5623;71944	1282	3161	4523.5	7765	4356	1500	8793	1389	2069	2455.5	8984.5	2131	7031	6971	7195	7782	5329.5	6085	7398	4848	7254	7259	4324	8062	106860.5	5.343.025
ORTHO000265_3	chaperonin-60alpha	AT2G28000	22626;44445;44444;44424;44464;5575;5623;5622;5737;5829;5840;30529;32991;43232;43228;43226;43229;9941;9526;31967;31975;44446;44422;43227;44435;9536;43231;44434;9507;6457;9987;8150;9570;9532;42026;9579;5524;35639;1901265;1901363;5488;3674;97159;43168;43167;32559;30554;17076;166;36094;32555;32553;97367;32550;32549;1882;1883;5739;48046;5576;9790;44767;32502;44699;48856;7275;44707;32501;16020;9658;9657;6996;16043;71840	1283	66	1022.5	762	407	3096.5	312	6264	3019	14.5	3366.5	3422.5	1352	5077	473.5	25.5	2949	8013	1086	1609.5	1391	7937	8372.5	757.5	58538.5	2.926.925
ORTHO003092	PHF5-like protein	AT1G07170;AT2G30000	398;6397;16071;16070;44260;43170;71704;8152;8150;44237;9987;90304;6139;46483;6725;1901360;34641;6807;44238;6396;10467;377;375;8380;5634;43231;43227;43226;5575;43229;44424;44464;5623;5622;5689;5681;44428;44446;44422;30529;32991;3674	1284	2067	1708.5	2133	4356	2672	6117.5	3549.5	3279	1462	804.5	6171.5	1352	9077	8893	2476	1711.5	7967.5	5648	2092	2827	3854	2047.5	1414.5	73416	3670.8
ORTHO002113	HAL2-like	AT5G54390	8441;8252;16791;42578;16788;16787;3824;3674;8152;8150;16311;6796;6793;44237;9987;6790;5739;43231;43227;43226;5575;43229;44424;44464;5623;5622;44444;5737;287;46872;43169;43167;5488	1285	2467	2627.5	3970	1689.5	1227	5725.5	1640.5	5355.5	295	3136.5	5257	4195	5077	511.5	1429.5	1526.5	7910.5	1922	4727.5	8697	8695.5	9049	8258.5	84636.5	4.231.825
ORTHO001541	Copper amine oxidase family protein	AT2G42490	55114;44710;8152;8150;44699;5777;42579;43231;43227;43226;5575;43229;44424;44464;5623;5622;44444;5737;48038;48037;5488;3674;9507;9536;5507;46914;46872;43169;43167;9308;1901564;71704;6807;8131;16641;16638;16491;3824	1286	2486	3790.5	6295	1689.5	2672	1985	1912	8423.5	789	5520.5	2640.5	7743	7743	8726.5	2476	1102.5	6388.5	6897.5	5400	7925	6831.5	7335	4413.5	96924.5	4.846.225
ORTHO000395_1	signal responsive 1	AT2G22300;AT5G09410;AT5G64220	5634;43231;43227;43226;5575;43229;44424;44464;5623;5622;6355;1903506;2001141;31326;9889;19222;50789;65007;8150;31323;50794;51252;19219;80090;51171;60255;10556;10468;2000112;5516;5515;5488;3674;9409;9266;9628;50896;6950;43565;3677;3676;1901363;97159;42742;9617;51707;43207;9605;9607;51704;98542;6952;50832;9620;10150;10260;7568;44767;32502;44699;48513;48856;48731;7275;44707;32501;48366;48827;48367;45944;45893;10628;10604;9893;48518;1903508;1902680;51254;45935;31325;48522;51173;31328;9891;10557;6357;1077;1228;981;3700;1071;6366;6351;34645;44260;43170;71704;8152;44237;9987;9059;1901576;9058;44249;97659;32774;16070;90304;6139;46483;6725;1901360;34641;6807;44238;34654;19438;44271;18130;1901362;10467;982;50826;71275;10044;10038;10035;42221;71248;71241;70887;51716	1287	1706	978.5	670	944.5	838.5	2528	4424	1234	1674	1483.5	2230.5	1352	9072	8118	1175.5	3132	2199.5	3097.5	4100	3174	4308.5	1813.5	913	56868	2843.4
ORTHO002783	B-box zinc finger family protein	AT2G21320;AT4G38960	6355;1903506;2001141;31326;9889;19222;50789;65007;8150;31323;50794;51252;19219;80090;51171;60255;10556;10468;2000112;5634;43231;43227;43226;5575;43229;44424;44464;5623;5622;70370;34605;9408;9266;9628;50896;6950;33554;51716;9987;10286;10100;48581;48580;2000026;50793;51239;51241;48519;51093;48585;48583;10099;2000030;6351;34645;44260;43170;71704;8152;44237;9059;1901576;9058;44249;97659;32774;16070;90304;6139;46483;6725;1901360;34641;6807;44238;34654;19438;44271;18130;1901362;10467;8270;46914;46872;43169;43167;5488;3674;3700;1071;71483;9637;9416;9314;71482;71478;71214;989;988;7623;48511	1288	2780	3025.5	4763	4356	1500	3758	2185	6225	2524.5	2809.5	4239	1352	6971	7258.5	7782	400	6085	7464	4392	7672.5	6512.5	5762.5	3920	88813	4440.65
ORTHO001866	Mitochondrial ATP synthase subunit G protein	AT2G19680;AT4G26210;AT4G29480	15986;6754;46034;9150;6163;72521;46483;44237;8152;8150;9987;6725;1901360;71704;34641;6807;1901564;9117;6753;19637;6793;55086;6139;44238;44281;44710;44699;44763;6796;9259;19693;1901135;9167;9161;9123;9126;9205;9144;9141;9199;46128;9119;9116;1901657;42278;9152;9260;46390;90407;1901576;9058;1901137;9165;1901293;34654;19438;44249;44271;18130;1901362;44711;6164;72522;1901566;9168;9156;9124;9127;9206;9201;9142;9145;46129;42451;9163;1901659;42455;15985;1902600;15992;15672;6812;6811;44765;6810;51234;51179;1902578;6818;98662;98660;34220;55085;98655;276;45263;33177;98796;43234;32991;5575;44425;16020;16469;44424;44464;5623;5622;45259;98800;98798;44429;44444;5737;44446;44422;43226;43229;5739;43231;43227;44455;31966;31090;5740;31967;31975;5743;19866;5753;15078;15077;22890;8324;15075;22891;22857;5215;3674;22892;9536	1289	3022	649	9	4356	1777	242	1.5	280	1567.5	354.5	155.5	1352	4718.5	6192.5	1975.5	5.5	7.5	11	48.5	115.5	9.5	9.5	8	18831.5	941.575
ORTHO002407	Nuclear transport factor 2 (NTF2) family protein with RNA binding (RRM-RBD-RNP motifs) domain	AT5G43960	5622;44464;5575;5623;166;36094;5488;3674;1901265;1901363;97159;6810;51234;51179;8150;3723;3676;6913;16482;46907;51649;51641;51169	1290	2871	1319.5	1349	2097	1089	961	2322	7183.5	2945.5	5323.5	6027	5066	3815.5	3047.5	1606	3299	4982.5	3504.5	366.5	3586.5	1466	3581	6553	66725.5	3.336.275
ORTHO004592	Protein of unknown function; DUF599	AT4G31330	5739;43231;43227;43226;5575;43229;44424;44464;5623;5622;44444;5737;3674;8150	1291	2110	3146.5	5002	4356	332.5	1011	1855	8178.5	1926.5	6343	5019	8605	5279.5	960	1429.5	1048	7761	8940.5	1460	8153	8495.5	8952	4291.5	90041	4502.05
ORTHO004174	ATPase; F0/V0 complex; subunit C protein	AT2G25610	220;44437;44444;44424;44464;5575;5623;5622;5737;44446;44422;43226;43229;5773;43231;43227;33179;33177;98796;43234;32991;44425;16020;16469;33176;16471;5774;98588;31090;98805;7035;51452;51453;30641;6885;55067;98771;50801;48878;42592;65008;65007;8150;55080;30004;30003;6873;55082;19725;44763;9987;44699;45851;46961;15078;15077;22890;8324;15075;22891;22857;5215;3674;6810;51234;51179;55085;44765;1902578;22892;34220;6811;98655;6812;15672;1902600;15992;6818;98662;98660;44769;42625;42626;43492;42623;16887;17111;16462;16818;16817;16787;3824;8152;15405;15399;22804;16820;36442;19829;9507;9536;16021;31224	1292	2243	4268.5	7245	1281	5621	776.5	7461	8259	2284	9044.5	2640.5	8205.5	8541.5	9094.5	7782	1102.5	6388.5	7281	995	275.5	6952	7667.5	2623	102995	5149.75
ORTHO003979	Protein of unknown function (DUF1635)	AT2G28690	5739;43231;43227;43226;5575;43229;44424;44464;5623;5622;44444;5737;8150;3674	1293	1488	2094	2895	1066.5	4319	5621.5	3421	4164	5938	3	5019	3956.5	7387.5	8429	2476	1396.5	8139	2500.5	2230.5	2573	4970.5	3986	2003.5	78534	3926.7
ORTHO003595	Eukaryotic protein of unknown function (DUF872)	AT2G19350;AT4G29850	3674;8150;5575	1294	2134	1011	728	4356	3844	1093.5	1581	1625	5293	2653	367.5	4192	5258.5	766.5	1429.5	2810.5	7846	1942.5	616.5	8580	1277	1705	4972	57853	2892.65
ORTHO003188	Protein of unknown function (DUF1637)	AT5G39890	1666;36293;70482;9628;50896;8150;6950;70483;3032;9593;51606;42221;9061;45333;15980;6091;44237;8152;9987;55114;44710;44699;44763;5829;44444;44424;44464;5575;5623;5622;5737;18171;18198;18193;6464;36211;19538;43170;71704;44238;43412;44267;44260;18158;5634;43231;43227;43226;43229;46872;43169;43167;5488;3674;17172;16702;16701;16491;3824;51213;47800	1295	877	2709	4123	672.5	2557.5	444.5	1204.5	1839.5	1642.5	8167.5	7330.5	9167	4830	417.5	508.5	630	8397.5	2260	247	9158.5	9094.5	9151.5	8456	85504.5	4.275.225
ORTHO004786	SEC14 cytosolic factor family protein / phosphoglyceride transfer family protein	AT3G51670	5886;16020;5575;44464;5623;71944;5737;44424;5622;5215;3674;6810;51234;51179;8150;8289;5488;51301;44763;9987;44699;16021;31224;44425;7049	1296	483	1257.5	1219	672.5	8997	64.5	8705.5	84.5	5097.5	397.5	3835.5	2737	6112	6444.5	797.5	2230.5	3949	418	2347	1778.5	8197.5	2617	424.5	65235	3261.75
ORTHO002512	Integrin-linked protein kinase family	AT2G31800;AT2G43850;AT3G59830	9966;10646;50794;50789;65007;8150;48583;23051;5524;35639;1901265;1901363;5488;3674;97159;43168;43167;32559;30554;17076;166;36094;32555;32553;97367;32550;32549;1882;1883;46777;6468;16310;6796;6793;44237;8152;9987;6464;36211;19538;43170;71704;44238;43412;44267;44260;16301;16772;16740;3824;4712;4672;16773;5737;44424;44464;5575;5623;5622;4674;7229;7166;7165;51716;50896;7154;44763;44699;44700;23052;5886;16020;71944	1297	18	694.5	92	17	542.5	210	196	1133	3987	1810	79.5	1352	9136	7082.5	25.5	118	6784	505.5	549.5	195	1228	1121.5	462	36517.5	1.825.875
ORTHO005427	ubiquitin-conjugating enzyme 34	AT1G17280;AT5G50430	5737;44424;44464;5575;5623;5622;6511;19941;51603;6508;19538;43170;71704;8152;8150;44238;44257;30163;9057;1901575;9056;44265;44260;44237;9987;44248;44267;43632;4842;19787;16740;3824;3674;16567;32446;70647;6464;36211;43412;16874;5524;35639;1901265;1901363;5488;97159;43168;43167;32559;30554;17076;166;36094;32555;32553;97367;32550;32549;1882;1883	1298	379	1680	2062	248.5	4693.5	776.5	864	9037.5	1155	8675.5	6287.5	1352	5077	693	508.5	2013	9059	6700.5	2534.5	3162.5	6576.5	1813.5	2046	73025.5	3.651.275
ORTHO001243	unknown protein	AT1G52320;AT5G25590	5886;16020;5575;44464;5623;71944;5634;43231;43227;43226;43229;44424;5622;3674;6499;6498;6497;6464;36211;19538;43170;71704;8152;8150;44238;43412;44267;44260;44237;9987;42158;42157;34645;9059;1901576;9058;44249;31365;18377;43543	1299	468	2963.25	4627.5	248.5	2981	7043	3504.5	3584	6592	4853	3218	1352	4868	473.5	136	2436.5	8934.5	8406.5	8843	1589	8910.5	2524	7721.5	87970.5	4.398.525
ORTHO001459	scarecrow-like 3	AT1G50420	9739;9725;9719;50896;8150;10033;42221;33993;1101;1901700;6355;1903506;2001141;31326;9889;19222;50789;65007;31323;50794;51252;19219;80090;51171;60255;10556;10468;2000112;5634;43231;43227;43226;5575;43229;44424;44464;5623;5622;3700;1071;3674;989;988;6351;34645;44260;43170;71704;8152;44237;9987;9059;1901576;9058;44249;97659;32774;16070;90304;6139;46483;6725;1901360;34641;6807;44238;34654;19438;44271;18130;1901362;10467	1300	405	1141	982	672.5	3739.5	1672.5	1322	2505.5	607.5	982	2086	8306	6601.5	8572	797.5	3124.5	6505.5	577.5	4727.5	4668.5	1110.5	3322	885.5	62113.5	3.105.675
ORTHO005142	K-box region and MADS-box transcription factor family protein	AT5G20240	3700;1071;3674;2001141;31326;9889;19222;50789;65007;8150;31323;50794;51252;19219;80090;51171;60255;10556;6355;1903506;10468;2000112;5634;43231;43227;43226;5575;43229;44424;44464;5623;5622;3677;3676;1901363;5488;97159;5737;6351;34645;44260;43170;71704;8152;44237;9987;9059;1901576;9058;44249;97659;32774;16070;90304;6139;46483;6725;1901360;34641;6807;44238;34654;19438;44271;18130;1901362;10467;46983;5515;30154;48869;44767;32502;44699;44763	1301	1975	3758	6215	4356	2837	6236.5	2750.5	8856.5	2996.5	3269.5	9070	1352	5258.5	810.5	1429.5	7513	7910.5	8750.5	2409.5	2686	8525.5	8896.5	4898	96456.5	4.822.825
ORTHO002709	nodulin MtN21 /EamA-like transporter family protein	AT1G06890;AT2G30460	5794;43231;43227;43226;5575;43229;44424;44464;5623;5622;44444;5737;12505;16020;5886;71944;5768;5802;98791;44431;44446;44422;31984;15790;15781;15780;1901264;44765;6810;51234;51179;8150;1902578;44699;71702;6862;15748;15931;71705;15711;6820;6811;5464;8514;8509;15075;22891;22857;5215;3674;55085;44763;9987;22892;34220;98656;15165;5338;1901505;15215;15605;1901677;15932;1901679;90481;72531	1302	1476	1133.5	965	4356	5665.5	2528	1263.5	8307	1567.5	744	1658	1352	4560	6092	6712.5	3076	5720	1501	3638.5	3942	1132	807.5	1487.5	61754.5	3.087.725
ORTHO001213	nodulin MtN21 /EamA-like transporter family protein	AT5G07050	9507;9536;43231;43227;43226;5575;43229;44424;44464;5623;5622;44444;5737;5886;16020;71944;22857;5215;3674;6810;51234;51179;8150;55085;44763;9987;44699;44765;1902578	1303	677	1007.5	712	248.5	3831.5	398	378.5	635	1409.5	744	2392.5	4227.5	9013	6687	267	935.5	7637	1004.5	399	1416	8398	2591	5222.5	57587	2879.35
ORTHO002865	tetraspanin8	AT2G23810;AT4G28050	5886;16020;5575;44464;5623;71944;5576;16021;31224;44425;5794;43231;43227;43226;43229;44424;5622;44444;5737;12505;9506;5911;30054;55044;3674;7568;44767;32502;8150;44699	1304	1278	1867	2430	4356	6986.5	6542.5	3421	2465.5	4185	4474.5	1708.5	8605	5941	3265	797.5	219	8458	2500.5	1391	1552.5	8049	2037	3005.5	75604.5	3.780.225
ORTHO005307	methyl esterase 11	AT3G29770	9507;9536;43231;43227;43226;5575;43229;44424;44464;5623;5622;44444;5737;16787;3824;3674;8152;8150	1305	1495	4350	7395	4356	717.5	3758	8619.5	9115	607.5	1623	5209	1352	4995.5	599	1429.5	7691	8139	9019.5	7747	8935.5	8793	8952	6850.5	104153	5207.65
ORTHO005813	Protein of unknown function (DUF581)	AT3G22550	5634;43231;43227;43226;5575;43229;44424;44464;5623;5622;3674	1306	3170	3668.5	6031	2097	8296	924	6428.5	3543	5149	9090.5	454	7189	7699.5	7432.5	2476	6692.5	7219.5	1612.5	1747	2448.5	6612.5	6282.5	4117.5	95414.5	4.770.725
ORTHO002926	BEST Arabidopsis thaliana protein match is: BTB/POZ domain-containing protein (TAIR:AT1G63850.1)	AT3G50780	5634;43231;43227;43226;5575;43229;44424;44464;5623;5622;16567;32446;70647;6464;36211;19538;43170;71704;8152;8150;44238;43412;44267;44260;44237;9987	1307	447	1151.5	996	248.5	3130	7288	1604.5	69	5514	478.5	307.5	3488	6542.5	6280	797.5	130.5	8496.5	2260	2935	914	8879	3188	55	62357.5	3.117.875
ORTHO001145	Ribosomal protein S5 domain 2-like superfamily protein	AT2G09990;AT5G18380	22626;44445;44444;44424;44464;5575;5623;5622;5737;5829;5840;30529;32991;43232;43228;43226;43229;462;30490;6364;34470;34660;16070;44260;43170;71704;8152;8150;44237;9987;90304;6139;46483;6725;1901360;34641;6807;44238;6396;10467;16072;42254;22613;44085;71840;42274;6412;43043;43604;43603;44271;44249;9058;6518;1901564;1901566;1901576;44267;19538;34645;9059;22627;15935;44391;44446;44422;3735;5198;3674;44822;3723;3676;1901363;5488;97159;9507;9536;43231;43227;16020;9506;5911;30054;55044;5618;30312;71944	1308	2198	2331	3354	5121	3658	4813.5	3268	7691.5	6733	3971	7237	1352	5328	1016	1239.5	5685	5626	658	5816	3491.5	7520.5	4424	1644	81172.5	4.058.625
ORTHO000545_3	histone acetyltransferase of the CBP family 12	AT1G16710;AT1G55970;AT1G79000;AT3G12980	6355;1903506;2001141;31326;9889;19222;50789;65007;8150;31323;50794;51252;19219;80090;51171;60255;10556;10468;2000112;16573;16570;16569;16568;6325;43933;16043;71840;9987;51276;6996;6464;36211;19538;43170;71704;8152;44238;43412;44267;44260;44237;1902589;44763;44699;44710;18393;18394;18205;18193;6473;43543;6475;4402;61733;34212;8080;16410;16747;16746;16740;3824;3674;16407;5634;43231;43227;43226;5575;43229;44424;44464;5623;5622;6351;34645;9059;1901576;9058;44249;97659;32774;16070;90304;6139;46483;6725;1901360;34641;6807;34654;19438;44271;18130;1901362;10467;3712;989;988;8270;46914;46872;43169;43167;5488;9908;90567;48608;3006;32502;22414;48856;61458;48731;7275;44767;44707;32501;44702;9791;48367;6357;48573;9648;9416;9314;9628;50896;10228;9294;9292;44764;51704	1309	2327	889.5	470	1479.5	790.5	1881	7409.5	522.5	2670	1312.5	1576.5	1352	4295.5	5596.5	1239.5	3284	6265.5	3067.5	4100	593.5	2061	3591.5	216	51825	2591.25
ORTHO005158	manganese superoxide dismutase 1	AT3G10920	5739;43231;43227;43226;5575;43229;44424;44464;5623;5622;44444;5737;9651;6970;9628;50896;8150;6950;55114;44710;8152;44699;46872;43169;43167;5488;3674;19430;6801;72593;44237;9987;1990748;98754;9636;42221;44763;71451;71450;34614;302;6979;1901700;34599;33554;51716;70887;1901701;305;10035;303;5759;44429;44446;44422;70013;43233;31974;42742;9617;51707;43207;9605;9607;51704;98542;6952;4784;16209;16721;16491;3824;10043;10038;1990267;9793;44702;22414;3006;32502;9790;44767;48856;7275;44707;32501;48316;48608;61458;48731;9791;10154;5507;46914	1310	1502	1010.25	710.5	4356	3425	2234.5	1204.5	597.5	4529.5	744	1576.5	6804.5	4486	6137	1830	1731.5	5221.5	2066	3699	4519	2328.5	2834	1580.5	57549	2877.45
ORTHO000906_1	cryptochrome 1	AT4G08920	5634;43231;43227;43226;5575;43229;44424;44464;5623;5622;18298;6464;36211;19538;43170;71704;8152;8150;44238;43412;44267;44260;44237;9987;9640;9639;9416;9314;9628;50896;9791;44767;32502;44699;44707;32501;7275;55114;44710;46777;6468;16310;6796;6793;51510;22604;22603;50793;50789;65007;51128;50794;1558;40008;48638;5515;5488;3674;7623;48511;9785;30522;7165;51716;7154;44763;44700;23052;71483;9637;71482;71478;71214;6281;6259;90304;6139;46483;6725;1901360;34641;6807;6974;33554;6950;10617;51480;6874;6875;55065;98771;50801;48878;42592;65008;55080;30003;6873;55082;19725;55074;72507;72503;10075;48509;2000026;51239;10073;48507;9888;48856;48513;48731;5524;35639;1901265;1901363;97159;43168;43167;32559;30554;17076;166;36094;32555;32553;97367;32550;32549;1882;1883;9414;9415;1101;42221;10035;1901700;9882;9881;38023;4871;60089;4872;42803;42802;46983;4672;16301;16772;16740;3824;16773;3913;16830;16829;9583;9582;51606;9581;9605;10118;46283;9812;42440;5737;10343;97468;36473;8219;16265;34599;6979;70887;12501;34614;302;1901701;71452;304	1311	1872	1356.5	1402	1281	3891.5	1938.5	1823.5	1545.5	3706.5	1981	109.5	8205.5	7779.5	8726.5	2476	2086	5720	1086	5519.5	914	5376	1991	2485	67361	3368.05
ORTHO002707	Transcription elongation factor Spt5	AT2G34210;AT4G08350	6412;43043;43604;43603;34641;6807;8152;8150;44237;9987;44271;44249;9058;6518;1901564;71704;1901566;1901576;44267;19538;43170;44238;44260;34645;9059;10467;6352;32774;16070;90304;6139;46483;6725;1901360;34654;19438;18130;1901362;6351;97659;3735;5198;3674;32784;6355;1903506;2001141;31326;9889;19222;50789;65007;31323;50794;51252;19219;80090;51171;60255;10556;10468;2000112;6357;5840;30529;32991;5575;44424;44464;5623;5622;43232;43228;43226;43229;44444;5737;5634;43231;43227;3700;1071	1312	1615	1324.5	1337	1479.5	3896.5	2528	2772	2202	6856.5	5337.5	4991	3926	6764.5	7844	1307	1860.5	4154.5	3067.5	4258.5	1617	2541	353.5	301	66578.5	3.328.925
ORTHO002400	Guanylate-binding family protein	AT5G46070	5730;44428;44446;44422;5575;43226;44424;44464;5623;5622;43229;5634;43231;43227;43232;43228;31981;70013;43233;31974;5525;35639;1901265;1901363;5488;3674;97159;43168;43167;32550;32549;1882;36094;97367;1883;32561;19001;17076;166;32555;32553;6955;2376;8150;50896;3924;17111;16462;16818;16817;16787;3824;8152;9507;9536;44444;5737	1313	2344	1429.5	1546	4356	4561.5	4638.5	602	2390.5	7862.5	2539	7861	6071.5	4486	5856	1606	7679.5	1322	598.5	3508	3511.5	799	689	2003.5	68585.5	3.429.275
ORTHO004535	C2H2-like zinc finger protein	AT4G25610	8150;5886;16020;5575;44464;5623;71944;5634;43231;43227;43226;43229;44424;5622;8270;46914;46872;43169;43167;5488;3674;3676;1901363;97159	1314	745	1424	1534	672.5	8214	924	864	1545.5	7485	3269.5	551.5	1352	6065	5661	1996.5	7873	7637	1849	884	538	8723	2341	725.5	68498.5	3.424.925
ORTHO000499_2	COBRA-like protein 8 precursor	AT3G16860;AT4G16120;AT5G49270	5886;16020;5575;44464;5623;71944;31225;31224;44425;16049;40007;8150;44763;9987;44699;10215;30198;43062;16043;71840;71668;70726;22607;44085;71555;45229;71554;42546;9664;71669;9832;5794;43231;43227;43226;43229;44424;5622;44444;5737;12505;5802;98791;44431;44446;44422;31984;46658;31226;44459;5768;3674;9506;5911;30054;55044;48765;10053;90627;30154;48869;44767;32502;10015;9653;48856;48364;48513;48731;7275;44707;32501;22622;90558;9888;48764;48469;21700;48468;10054;9932;9826;902;32989;60560;48589	1315	3127	1017	719	1408	8460	1720.5	1289.5	1042.5	1462	1211	551.5	1352	4244	5596.5	1830	101	5221.5	188	4778	957	6714	7156	3841	57716	2885.8
ORTHO001184_1	Phototropic-responsive NPH3 family protein	AT5G64330	16567;32446;70647;6464;36211;19538;43170;71704;8152;8150;44238;43412;44267;44260;44237;9987;5515;5488;3674;9785;30522;7165;50794;50789;65007;51716;50896;7154;44763;44699;44700;23052;71483;9637;9416;9314;9628;71482;71478;71214;9638;9606;9605;4871;60089;5634;43231;43227;43226;5575;43229;44424;44464;5623;5622;5886;16020;71944	1316	1455	1678.5	2041	4356	3102.5	6708.5	58	3176	6459.5	544	6393	1352	5822	4705.5	797.5	1155.5	8959	7281	1632	3055	8260	3299.5	107	72867.5	3.643.375
ORTHO004060	Pectin lyase-like superfamily protein	AT5G19730	30599;52689;16788;16787;3824;3674;8152;8150;5618;30312;44464;5575;5623;71944;5576;42545;71555;45229;16043;71840;9987;71554;5737;44424;5622;45330;45490;272;5976;5975;71704;44238;43170;16052;1901575;9056;9057;45488;10393;9507;9536;43231;43227;43226;43229;44444;9505	1317	2789	1180.5	1044	1812	3270.5	5673.5	3729.5	2979	6259.5	2653	3835.5	1352	4277	4842.5	3976.5	8940	5221.5	188	518	1698	572.5	388	2575	62949.5	3.147.475
ORTHO006457	RING/U-box superfamily protein	AT3G19910	5634;43231;43227;43226;5575;43229;44424;44464;5623;5622;16874;3824;3674;8152;8150;8270;46914;46872;43169;43167;5488	1318	863	2552	3786	672.5	2604.5	1011	3405.5	3291	1604.5	8095	8873.5	9057	5094.5	693	508.5	6298	8496.5	1642	2230.5	914	8814.5	9005	1825	83463.5	4.173.175
ORTHO005084	fibrillin	AT4G04020;AT4G22240	9534;31976;9579;44424;44464;5575;5623;5622;31984;44446;44422;43226;43229;43227;44435;44444;5737;9536;43231;44434;9507;9570;9532;31977;44436;10287;9535;55035;42651;34357;16020;5634;10319;9526;31967;31975;10205;43155;42548;10109;31323;50794;50789;65007;8150;19222;43467;31324;48523;48519;9892;9644;9642;9416;9314;9628;50896;9737;9725;9719;10033;42221;33993;97305;1901700;1101;5198;3674;9409;9266;6950;5515;5488	1319	2006	4038.5	6758	1281	8345	6200	7527.5	2465.5	1777	2539	790	8675.5	5238.5	810.5	6712.5	7495.5	7728	1942.5	971	8350.5	8510	8896.5	4758	99733	4986.65
ORTHO003454	WPP domain protein 2	AT1G47200	7067;280;48285;6996;16043;71840;8150;9987;1903047;22402;44763;44699;7049;278;1902589;3674;5829;44444;44424;44464;5575;5623;5622;5737;5886;16020;71944;5640;31965;31090;44422;43226;43227;44428;44446;43229;5634;43231;5635;31967;31975;12505;31968;19867;98805;98588;44425;42175;5794;48527;48528;9791;44767;32502;44707;32501;7275;48364;48513;48856;48731;22622;48569	1320	2909	4918.5	8517	2097	2170	3327	4670	2541	7485	9139	7246.5	8754.5	5411.5	841.5	6712.5	1321	7547.5	8830	7692.5	7568	8840	8840	7161.5	116099	5804.95
ORTHO003217	isocitrate dehydrogenase VI	AT3G09810;AT5G03290	51287;50662;48037;5488;3674;166;36094;1901265;1901363;97159;6099;6101;72350;19752;43436;6082;71704;8152;8150;44281;44710;44699;44763;9987;44237;44238;9060;45333;15980;6091;55114;5739;43231;43227;43226;5575;43229;44424;44464;5623;5622;44444;5737;4449;4448;16616;16614;16491;3824;6102;287;46872;43169;43167;5524;35639;43168;32559;30554;17076;32555;32553;97367;32550;32549;1882;1883;8270;46914;9507;9536	1321	1258	2219.5	3118	4356	8834	924	1426	3704.5	6687	4879.5	679.5	1352	5684.5	1244	1830	2678	8577	4663	2880.5	3231.5	8434	8436	3667.5	79812.5	3.990.625
ORTHO006458	basic helix-loop-helix (bHLH) DNA-binding superfamily protein	AT1G05710;AT2G31730	5634;43231;43227;43226;5575;43229;44424;44464;5623;5622;9723;9725;9719;50896;8150;10033;42221;46983;5515;5488;3674;3700;1071;2001141;31326;9889;19222;50789;65007;31323;50794;51252;19219;80090;51171;60255;10556;6355;1903506;10468;2000112;9739;33993;1101;1901700	1322	2417	1579	1836	1689.5	961.5	5075.5	917.5	7831	1842.5	1623	1576.5	6804.5	4486	6192.5	6712.5	935.5	5221.5	4485	3377.5	4519	2541	4632	1615.5	71350	3567.5
ORTHO000352_1	RNA-binding (RRM/RBD/RNP motifs) family protein	AT3G07810	5576;5575;166;36094;5488;3674;1901265;1901363;97159;3723;3676	1323	1082	1962	2601	4356	5580	575	4462	702.5	1208.5	982	2291.5	7963	7779.5	8793	2476	3235	6590	3904.5	2665	1091.5	6340.5	5541.5	4541	76722	3836.1
ORTHO001137	alpha/beta-Hydrolases superfamily protein	AT1G26120;AT3G02410;AT5G15860	8152;8150;139;98588;31090;16020;5575;44422;43226;43227;44431;44444;44424;44464;5623;5622;5737;44446;43229;5794;43231;12505;52689;16788;16787;3824;3674;5789;44432;5783;44425;42175;9507;9536;16021;31224;9737;9725;9719;50896;10033;42221;33993;97305;1901700;1101;5576;10296;51723	1324	2153	3780.75	6237.5	1281	3768.5	8793	1204.5	2666	5938	3989.5	5372	8446	5481.5	1233.5	508.5	7113.5	7151.5	1680.5	4527	6696	8070.5	7667.5	6281	96588.5	4.829.425
ORTHO003413	heptahelical protein 3	AT2G24150;AT4G30850	6979;6950;50896;8150;5739;43231;43227;43226;5575;43229;44424;44464;5623;5622;44444;5737;9744;34285;9743;10033;42221;1901700;4872;60089;3674;9725;9719;16021;31224;44425;16020	1325	2478	2921	4517	1689.5	257.5	822.5	3230.5	8359.5	1282.5	4435	6819	1352	7779.5	7461.5	7782	1102.5	7728	7644	738.5	1729.5	6859.5	7486	4541	87410.5	4.370.525
ORTHO001191	Hyaluronan / mRNA binding family	AT4G17520	5829;44444;44424;44464;5575;5623;5622;5737;5777;42579;43231;43227;43226;43229;5634;9735;9725;9719;50896;8150;10033;42221;3723;3676;1901363;5488;3674;97159	1326	2563	1699.5	2073	1479.5	1839.5	2528	2772	1198	2654.5	5351	4991	6731.5	7536	8553	1175.5	1356.5	4253	3597	4778	1963	6895.5	3795.5	1120	73088.5	3.654.425
ORTHO002624	ABC transporter family protein	AT5G60790	5215;3674;6810;51234;51179;8150;5886;16020;5575;44464;5623;71944;16887;17111;16462;16818;16817;16787;3824;8152;5524;35639;1901265;1901363;5488;97159;43168;43167;32559;30554;17076;166;36094;32555;32553;97367;32550;32549;1882;1883	1327	231	1782	2237	248.5	2981	512	548.5	3525	4825.5	435.5	2230.5	9103	5713	1910.5	136	8220	8678.5	2278	3274.5	9083	7016	1937.5	1769	74177	3708.85
ORTHO000463_2	O-fucosyltransferase family protein	AT4G16650	5794;43231;43227;43226;5575;43229;44424;44464;5623;5622;44444;5737;12505;8150;5768;16757;16740;3824;3674;8152;5802;98791;44431;44446;44422;31984	1328	2447	1521.5	1715	1689.5	4308	7363	6428.5	6712.5	1926.5	2809.5	2291.5	6071.5	4415.5	2702.5	1606	1482.5	4887	3312.5	3868	3778.5	1154	3100.5	1876	70094	3504.7
ORTHO003500	SPFH/Band 7/PHB domain-containing membrane-associated protein family	AT4G27585;AT5G54100	5739;43231;43227;43226;5575;43229;44424;44464;5623;5622;44444;5737;16020;97250;43623;6461;65003;43933;16043;71840;8150;9987;22607;44085;71822;70271;34622;7005;6996;8270;46914;46872;43169;43167;5488;3674	1329	681	822.5	316	672.5	4488	888	1322	1753	6364	982	1708.5	3896	4662.5	6331.5	508.5	2033.5	5944.5	2945	681.5	1047	1132	591	636.5	47915	2395.75
ORTHO005326	nuclear encoded CLP protease 5	AT1G02560	9507;9536;43231;43227;43226;5575;43229;44424;44464;5623;5622;44444;5737;9570;9532;44435;44446;44422;44434;9941;9526;31967;31975;6508;19538;43170;71704;8152;8150;44238;9534;31976;9579;31984;18119;17014;6464;36211;43412;44267;44260;44237;9987;18198;18193;4252;4175;70011;8233;16787;3824;3674;8236;17171;9840;9368;43234;32991	1330	973	3927	6524	4356	7733	3628.5	1347	9109.5	930.5	8537.5	4239	1352	4861	327	508.5	8446.5	8327	1589	8843	9104	8942	2536	7997	98358	4917.9
ORTHO001781	unknown protein	AT3G11590	902;32989;16043;71840;8150;9987;9653;32502;48856;48869;44767;44699;44763;5886;16020;5575;44464;5623;71944	1331	3256	3843.5	6356	4356	1777	776.5	2545	3875	2524.5	8924.5	8107.5	6456	6764.5	6937	5325.5	4054.5	4673.5	5400	1724	5170.5	6895.5	7868.5	7453	97252.5	4.862.625
ORTHO000480	Protein kinase superfamily protein	AT3G01300;AT3G28690;AT5G15080	16301;16772;16740;3824;3674;8152;8150;16310;6796;6793;44237;9987;5886;16020;5575;44464;5623;71944;5524;35639;1901265;1901363;5488;97159;43168;43167;32559;30554;17076;166;36094;32555;32553;97367;32550;32549;1882;1883;6468;6464;36211;19538;43170;71704;44238;43412;44267;44260	1332	932	1462.5	1593	672.5	3406.5	5176	1013.5	239.5	5547.5	1144	2851	1352	6971	8726.5	267	7777	6784	658	4444	2257	4169	1004	5222.5	69010	3450.5
ORTHO005760	thioredoxin H-type 9	AT3G08710	5886;16020;5575;44464;5623;71944;9536;43231;43227;43226;43229;44424;5622;44444;5737;7154;44763;9987;8150;44699;5829;5634	1333	1988	3878.5	6424	4356	314	3758	2614.5	1545.5	4440.5	9162	581	8754.5	5011.5	693	1429.5	7691	8054.5	8987	8942.5	1761	8617.5	8641.5	6669	97668	4883.4
ORTHO005752	RING/U-box superfamily protein	AT2G04240	16567;32446;70647;6464;36211;19538;43170;71704;8152;8150;44238;43412;44267;44260;44237;9987;9739;9725;9719;50896;10033;42221;33993;1101;1901700;9688;72330;46394;16053;6082;44281;44710;44699;44763;44283;44711;9058;1901576;44249;19752;43436;32787;43289;8299;6720;44255;6629;8610;43288;1902645;46165;1901617;1901615;6066;1902644;16106;16114;6721;6714;9687;5515;5488;3674;9651;6970;9628;6950;16874;3824;8270;46914;46872;43169;43167;16021;31224;44425;5575;16020;10200;10243;1901698	1334	2441	2010.5	2687	1689.5	8334.5	6075.5	4200.5	1198	3436.5	4277.5	5053	1352	7699.5	7313.5	2476	6208.5	6330	1290	586	394.5	4709	1813.5	4541	77289	3864.45
ORTHO006515	unknown protein	AT5G47570	5747;45271;30964;98796;43234;32991;5575;44425;16020;1990204;1902494;44464;5623;98803;70469;98800;98798;44429;44444;44424;5622;5737;44446;44422;43226;43229;5739;43231;43227;44455;31966;31090;5740;31967;31975;5743;19866;5746;16021;31224;3674;55114;44710;8152;8150;44699	1335	775	895	455	672.5	2501	81.5	357.5	3104	502	220.5	1389.5	1352	4662.5	6378.5	1830	400	8730.5	4293	832	8019	2837	3457	669.5	51617	2580.85
ORTHO004153	Mitochondrial import inner membrane translocase subunit Tim17/Tim22/Tim23 family protein	AT4G26670;AT5G55510	9941;9526;31967;31975;44464;5575;5623;44446;44422;43226;44424;5622;43229;43227;44435;44444;5737;9536;43231;44434;9507;5743;19866;31090;16020;31966;44429;5739;5740;15450;15405;15399;22804;22857;5215;3674;6810;51234;51179;8150;55085;44763;9987;44699;44765;1902578;8320;8565;22892;15031;45184;8104;33036;71702;22884;22891;71806;5744;98800;98796;43234;32991;44425;98798;44455;16021;31224;15266;15267;22803;33365;34613;70727;51641	1336	1981	1312.5	1289	4356	1089	7081	1484	3176	5557	1623	6171.5	6227	4415.5	5886	1606	1396.5	5221.5	3504.5	1094	4519	1407.5	3227	1297.5	65983.5	3.299.175
ORTHO006294	Auxin efflux carrier family protein	AT5G01990	55085;44763;9987;8150;44699;44765;6810;51234;51179;1902578;9672;15294;15293;15291;22804;22857;5215;3674;8324;15075;22891;22892;34220;6811;98655;6812;80161;15992;15672;6818;60918;9914;10817;65008;65007;16021;31224;44425;5575;16020;9926	1337	1718	2895.5	4454	4356	244	226	8626	393.5	4887	4766.5	4670	8446	8916	6608.5	2476	8149.5	8458	2299	2688	2409.5	7567	2003	3289.5	87123	4356.15
ORTHO000466_2	Leucine-rich repeat protein kinase family protein	AT1G27190;AT1G69990;AT3G28450	16301;16772;16740;3824;3674;8152;8150;16310;6796;6793;44237;9987;5886;16020;5575;44464;5623;71944;6468;6464;36211;19538;43170;71704;44238;43412;44267;44260;5634;43231;43227;43226;43229;44424;5622;4674;4672;16773;5524;35639;1901265;1901363;5488;97159;43168;43167;32559;30554;17076;166;36094;32555;32553;97367;32550;32549;1882;1883;7169;7167;7166;7165;50794;50789;65007;51716;50896;7154;44763;44699;44700;23052;5576;9507;9536;44444;5737	1338	2976	3858.5	6379	4356	1658.5	6412.5	7084	4507	2101.5	8910.5	4779	6513.5	6764.5	7017.5	7782	5457.5	5824	4830.5	1460	2189	5376	5171.5	3565	97404	4870.2
ORTHO005286	Galactose oxidase/kelch repeat superfamily protein	AT3G63220	16567;32446;70647;6464;36211;19538;43170;71704;8152;8150;44238;43412;44267;44260;44237;9987;5737;44424;44464;5575;5623;5622;3674	1339	781	1982.5	2626	672.5	2467	9083.5	765	1328.5	5434	1623	9006.5	1352	6257.5	5969	797.5	1839	7446.5	904	3013.5	1416	9169.5	8952	58	76882	3844.1
ORTHO003634	Transmembrane CLPTM1 family protein	AT5G08500;AT5G23575	8150;16021;31224;44425;5575;16020;5783;43231;43227;43226;43229;44424;44464;5623;5622;44444;5737;12505	1340	586	2969	4598	672.5	663	6478	1204.5	867	402.5	1211	3983	9077	5836	2910	1830	6298	7910.5	8593.5	1869	8990	8942	9022.5	1713.5	87801	4390.05
ORTHO003003	Class I glutamine amidotransferase-like superfamily protein	AT1G53280;AT3G14990	9507;9536;43231;43227;43226;5575;43229;44424;44464;5623;5622;44444;5737;6357;6355;1903506;2001141;31326;9889;19222;50789;65007;8150;31323;50794;51252;19219;80090;51171;60255;10556;10468;2000112;9570;9532;44435;44446;44422;44434;19249;1901617;1901615;71704;8152;1901576;9058;72330;46394;16053;6082;44281;44710;44699;44763;9987;44237;44283;44711;44249;19752;43436;32787;6089;70301;34614;302;6979;6950;50896;1901700;42221;34599;33554;51716;70887;1901701;42542;10035;19243;61727;51596;9438;6081;42180;46185;44712;9056;1901575;44248;42182;44282;5829;5634;3713;3712;989;988;3674;19172;16836;16835;16829;3824;5739;5515;5488;5774;44437;5773;98588;31090;16020;98805;1900409;1900407;80135;80134;48583;1902882;48522;48518;1902884;48584;46686;10038;9228;42724;19438;6725;42723;6767;6766;6790;72527;46483;1901360;34641;6807;1901564;72528;44271;18130;1901362;1901566;44272;42364;9110;6772;9506;5911;30054;55044;5886;71944	1341	2409	4139.5	6938	5476.5	1423	6090	3284.5	8782	1674	4522.5	6080.5	1352	7536	7258.5	7782	5457.5	7785	7042	773.5	7672.5	6512.5	5826.5	4060.5	100915	5045.75
ORTHO005130	unknown protein	AT4G17240	8150;3674	1342	213	2609	3876	248.5	4561.5	7306.5	1547.5	8782	103.5	5567	2729	9049.5	8862.5	6504.5	797.5	1545.5	7219.5	2936.5	2373.5	1710	4873	7156	431	84056	4202.8
ORTHO004293	Protein of Unknown Function (DUF239)	AT5G18460	8150;5576;5575	1343	1362	1073	803	4356	7932.5	512	279.5	344	210.5	513.5	1422	8446	8123.5	9094.5	1073.5	2086	6854.5	1901	78	981	5059	1157	3289.5	59357.5	2.967.875
ORTHO000636	Protein kinase superfamily protein	AT1G64460;AT2G46500;AT5G24240	5634;43231;43227;43226;5575;43229;44424;44464;5623;5622;5773;44444;5737;9651;6970;9628;50896;8150;6950;5829;9507;9536;46854;46488;6650;6644;19637;71704;8152;6793;44237;9987;44255;6629;44710;44699;44238;44763;6796;46486;46834;30258;16310;4674;4672;16301;16772;16740;3824;3674;16773;6468;6464;36211;19538;43170;43412;44267;44260;4430;52742;46777;16020;5524;35639;1901265;1901363;5488;97159;43168;43167;32559;30554;17076;166;36094;32555;32553;97367;32550;32549;1882;1883;35091;5543;8289;9737;9725;9719;10033;42221;33993;97305;1901700;1101;5777;42579;1902074;9909;48580;2000026;50793;50789;65007;51239;48831;2000241	1344	3148	4128	6912	5408.5	8694.5	4528.5	2614.5	7455	5785	3269.5	3872	6513.5	6764.5	7017.5	2476	4135	5452.5	315	6960	5637	6991	4843.5	7453	100777.5	5.038.875
ORTHO001260	S-adenosyl-L-methionine-dependent methyltransferases superfamily protein	AT1G77260;AT2G39750;AT5G06050	8168;16741;16740;3824;3674;8152;8150;32259;16021;31224;44425;5575;16020;139;98588;31090;44422;43226;43227;44431;44444;44424;44464;5623;5622;5737;44446;43229;5794;43231;12505;5768;5802;98791;31984	1345	1064	909.5	474	944.5	838.5	776.5	129.5	1753	1094.5	8820	6001.5	1352	4662.5	6092	1830	2939.5	5824	418	366.5	1558	2677	3311.5	1546.5	51991	2599.55
ORTHO002563	TATA binding protein 2	AT1G55520	3677;3676;1901363;5488;3674;97159;6352;32774;9059;43170;71704;8152;8150;1901576;9058;16070;44260;44237;9987;90304;6139;46483;6725;1901360;34641;6807;44238;34654;19438;44249;44271;18130;1901362;6351;34645;97659;10467;6355;1903506;2001141;31326;9889;19222;50789;65007;31323;50794;51252;19219;80090;51171;60255;10556;10468;2000112;5515;5634;43231;43227;43226;5575;43229;44424;44464;5623;5622;17025;8134	1346	1456	2845.5	4345	4356	8518.5	6506	8926	9007.5	502	544	3912.5	1352	5887	2163.5	797.5	2384.5	7507.5	2299	3254	9064.5	8413.5	2171	3401.5	86612	4330.6
ORTHO002789	Thioredoxin protein with domain of unknown function (DUF1692)	AT1G50950;AT3G20560;AT4G27080	45454;19725;42592;65008;65007;8150;44763;9987;44699;50794;50789;16021;31224;44425;5575;16020;6457;3756;16864;16860;16853;3824;3674;8152;5634;43231;43227;43226;43229;44424;44464;5623;5622;5783;44444;5737;12505	1347	3073	3482.5	5618	2097	3466.5	2328.5	7244.5	5994	1842.5	2129.5	1915.5	1352	6971	7258.5	7782	6099.5	5221.5	1118.5	4848	7489.5	7637.5	8436	4016	93151	4657.55
ORTHO000829_2	Leucine-rich repeat protein kinase family protein	AT5G62710	4672;16301;16772;16740;3824;3674;8152;8150;16310;6796;6793;44237;9987;16773;6468;6464;36211;19538;43170;71704;44238;43412;44267;44260;5886;16020;5575;44464;5623;71944	1348	260	1123.5	899	672.5	349	1051.5	45	800	4233.5	354.5	4949	1352	5989.5	5596.5	797.5	8604.5	8538.5	3857.5	2880.5	2039	6512.5	1961.5	945.5	60857.5	3.042.875
ORTHO003448	sterol 4-alpha-methyl-oxidase 2-1	AT1G07420;AT2G29390	9941;9526;31967;31975;44464;5575;5623;44446;44422;43226;44424;5622;43229;43227;44435;44444;5737;9536;43231;44434;9507;5789;98588;31090;16020;44432;5783;12505;44425;42175;254;16709;16705;16491;3824;3674;8152;8150;55114;44710;44699;4497;6633;72330;46394;16053;6082;71704;44281;44763;9987;44237;44283;44711;9058;1901576;44249;19752;43436;32787;6631;44255;6629;44238;8610;80065;34440;30258;16021;31224;5506;46914;46872;43169;43167;5488;16126;16125;6066;1901615;8202;1901360;46165;1901617;6694;1901362	1349	2245	4024	6699	4356	2672	6989.5	1709	8423.5	4335.5	1623	743.5	8306	7909	8942.5	7782	1266	6737.5	7676.5	326.5	7254	7061.5	4632	5007.5	99397	4969.85
ORTHO006540	Protein phosphatase 2C family protein	AT4G16580	46872;43169;43167;5488;3674;5739;43231;43227;43226;5575;43229;44424;44464;5623;5622;44444;5737;4721;16791;42578;16788;16787;3824;8152;8150;16311;6796;6793;44237;9987;6470;6464;36211;19538;43170;71704;44238;43412;44267;44260	1350	2869	4140	6930	4356	8700	5746.5	2185	8748.5	7722.5	2539	3950.5	7121	7213.5	7258.5	7782	2230.5	6085	5648	2635.5	7166	2763	1361	4016	100872	5043.6
ORTHO002872	unknown protein	AT3G51100	3674;5634;43231;43227;43226;5575;43229;44424;44464;5623;5622;8150	1351	1423	3729	6107	1066.5	7241	924	1484	8928.5	2170.5	1312.5	4779	8519	8936	6639	2476	3836.5	7181.5	2568.5	1229.5	8019	8049	8290	3289.5	95873	4793.65
ORTHO003117	ABL interactor-like protein 2	AT3G49290;AT5G24310	5737;44424;44464;5575;5623;5622;8150;3674;5856;43232;43228;43226;43229;15630;10090;904;902;32989;16043;71840;9987;9653;32502;48856;48869;44767;44699;44763;48468;30154;10026;90558;9888;90626;48364;48513;48731;7275;44707;32501;22622	1352	1519	1995	2638	1066.5	8077	4904	4016	2645.5	1409.5	4593.5	5600.5	1352	7536	8638.5	797.5	1618.5	7181.5	1612.5	3774.5	2430.5	5924	2617	2229	76957.5	3.847.875
ORTHO003706	ATPase; F1 complex; delta/epsilon subunit	AT5G47030	5739;43231;43227;43226;5575;43229;44424;44464;5623;5622;44444;5737;9651;6970;9628;50896;8150;6950;5753;98800;98796;43234;32991;44425;16020;98798;44429;44446;44422;44455;31966;31090;5740;31967;31975;5743;19866;45259;16469;275;45261;33178;46933;15078;15077;22890;8324;15075;22891;22857;5215;3674;6810;51234;51179;55085;44763;9987;44699;44765;1902578;22892;34220;6811;98655;6812;15672;1902600;15992;6818;98662;98660;44769;42625;42626;43492;42623;16887;17111;16462;16818;16817;16787;3824;8152;15405;15399;22804;16820;19829;8270;46914;46872;43169;43167;5488	1353	1973	1968.5	2584	1689.5	1500	3628.5	563	2069	6825	1414	267.5	3995.5	7448.5	8512	2476	1396.5	6085	5502	4884.5	5637	6512.5	5762.5	2091	76570	3828.5
ORTHO002350	WUSCHEL related homeobox 13	AT4G35550	6351;34645;44260;43170;71704;8152;8150;44237;9987;9059;1901576;9058;44249;97659;32774;16070;90304;6139;46483;6725;1901360;34641;6807;44238;34654;19438;44271;18130;1901362;10467;5634;43231;43227;43226;5575;43229;44424;44464;5623;5622;3677;3676;1901363;5488;3674;97159;3700;1071;2001141;31326;9889;19222;50789;65007;31323;50794;51252;19219;80090;51171;60255;10556;6355;1903506;10468;2000112;7275;44767;32502;44699;44707;32501	1354	1863	2922.5	4491	1689.5	4890.5	2190	488	867	2880	982	3108	1352	7636	8638.5	7782	5962.5	6265.5	6327	4258.5	5903.5	6759.5	6709	4291.5	87291	4364.55
ORTHO003409	SNF1-related protein kinase regulatory subunit gamma 1	AT3G48530	45859;43549;42325;19220;51174;31323;50794;50789;65007;8150;19222;51338;50790;65009;1932;31399;32268;51246;80090;60255;19887;19207;30234;98772;3674;9505;5618;30312;44464;5575;5623;71944	1355	1078	2348	3341	4356	3542.5	6478	2000	2202	1674	1483.5	4309	4159	5926.5	2910	1975.5	4548.5	7376.5	1680.5	1835.5	8400	8644	8609.5	3289.5	81044	4052.2
ORTHO002749	LAG1 longevity assurance homolog 3	AT1G13580;AT3G25540	5789;98588;31090;16020;5575;44422;43226;43227;44432;44444;44424;44464;5623;5622;5737;44446;43229;5783;43231;12505;44425;42175;42761;6633;72330;46394;16053;6082;71704;8152;8150;44281;44710;44699;44763;9987;44237;44283;44711;9058;1901576;44249;19752;43436;32787;6631;44255;6629;44238;8610;38;50291;16410;16747;16746;16740;3824;3674;16021;31224;5886;71944;5794	1356	2251	5042	8728	1281	5016	7886	3450	1625	6125	4859	6590	8205.5	8747	6425.5	7782	6027	8278	7764.5	7138.5	7254	7567	7667.5	2229	120636.5	6.031.825
ORTHO004682	Peptidase family C54 protein	AT2G44140;AT3G59950	6914;44248;9056;8152;8150;44237;9987;5737;44424;44464;5575;5623;5622;8233;16787;3824;3674;6508;19538;43170;71704;44238;9507;9536;43231;43227;43226;43229;44444;15031;45184;51234;51179;8104;33036;71702;6810;8234;70011	1357	1103	2263	3169	1066.5	3788.5	1789.5	4281	1994.5	502	1483.5	4309	4159	5926.5	2396.5	1975.5	4548.5	7408	904	5672	8438.5	8644	8609.5	3289.5	80119.5	4.005.975
ORTHO000652_2	isocitrate dehydrogenase	AT1G54340;AT1G65930	9507;9536;43231;43227;43226;5575;43229;44424;44464;5623;5622;44444;5737;5886;16020;71944;4450;4448;16616;16614;16491;3824;3674;8152;8150;55114;44710;44699;6102;72350;19752;43436;6082;71704;44281;44763;9987;44237;287;46872;43169;43167;5488;5777;42579;51287;50662;48037;166;36094;1901265;1901363;97159;6099;6101;44238;9060;45333;15980;6091;9570;9532;44435;44446;44422;44434;42742;9617;51707;43207;9605;50896;9607;51704;98542;6952;6950;9506;5911;30054;55044;46686;10038;10035;42221;6739;46496;19362;6733;6732;51186;9117;6753;19637;6793;55086;6139;46483;6725;1901360;34641;6807;6796;72524;1901564;9651;6970;9628;5507;46914;5829;48046;5576;10043;1990267	1358	3	882.5	407	17	44	345	23.5	24	3637.5	241.5	13.5	1352	9134.5	7999	25.5	1753.5	8368.5	3136.5	2059.5	1026	6859.5	3748.5	556.5	50348.5	2.517.425
ORTHO002551	decapping 5	AT1G26110	6397;16071;16070;44260;43170;71704;8152;8150;44237;9987;90304;6139;46483;6725;1901360;34641;6807;44238;6396;10467;31087;90305;31086;956;6402;6401;44265;9057;1901575;9056;44248;34655;19439;44270;1901361;46700;10606;10603;1902115;33043;51128;50794;50789;65007;44087;1902117;10638;51130;48522;48518;44089;17148;10629;10605;9892;48519;19222;60255;10468;6417;10608;32268;51246;80090;31323;34248;51171;2000112;31326;9889;10556;34249;51172;31324;48523;2000113;31327;9890;10558;32269;51248;42803;42802;5515;5488;3674;46983;5829;44444;44424;44464;5575;5623;5622;5737;33962;70925;6996;16043;71840;22607;44085;22618;71826;43933;34622;65003;22613;932;36464;35770;30529;32991;43232;43228;43226;43229	1359	122	1074.5	790	112	746.5	195	1289.5	460	14.5	582	2000.5	7554	5635	1338.5	136	2483	8179	7764.5	141.5	9098.5	8091	2437.5	847	58993.5	2.949.675
ORTHO005634	sterol 1	AT3G02580	6633;72330;46394;16053;6082;71704;8152;8150;44281;44710;44699;44763;9987;44237;44283;44711;9058;1901576;44249;19752;43436;32787;6631;44255;6629;44238;8610;16021;31224;44425;5575;16020;5789;98588;31090;44422;43226;43227;44432;44444;44424;44464;5623;5622;5737;44446;43229;5783;43231;12505;42175;9826;902;32989;16043;71840;9653;32502;48856;48869;44767;60560;48589;40007;16049;16126;16125;6066;1901615;8202;1901360;46165;1901617;6694;1901362;5506;46914;46872;43169;43167;5488;3674;248;70704;16705;16491;3824;55114;16717;16132;42446;42445;10817;65008;65007;16131;16128;16129	1360	482	812.5	265	3586.5	6227.5	254.5	1013.5	1430.5	1155	804.5	87	7743	4662.5	6378.5	508.5	1221.5	5944.5	216	220.5	3604.5	852	2965	707	45996	2299.8
ORTHO004304	translocon at the outer envelope membrane of chloroplasts 33	AT1G02280;AT5G05000	5525;35639;1901265;1901363;5488;3674;97159;43168;43167;32550;32549;1882;36094;97367;1883;32561;19001;17076;166;32555;32553;5623;5575;9707;9527;31968;31090;16020;44422;43226;43227;19867;44424;44464;5622;98805;31967;31975;44446;43229;98588;42170;44435;44444;5737;9536;43231;9526;31969;44434;9507;9941;42802;5515;16021;31224;44425;3924;17111;16462;16818;16817;16787;3824;8152;8150;42803;46983;46872;43169;45036;1902580;51641;51179;1902578;44699;6605;6886;15031;45184;51234;8104;33036;71702;6810;46907;51649;34613;70727;1902582;44765;72596;72594;33365;72598;16482;15450;15405;15399;22804;22857;5215;55085;44763;9987;8320;8565;22892;22884;22891;71806;19750;51644;51640	1361	519	1958	2555	248.5	9099	687.5	52	3632	6856.5	4305	5191.5	8950	8877.5	6574	797.5	2678	8645	2618.5	3184	1808.5	636	700.5	1156	76449	3822.45
ORTHO002607	Chaperone DnaJ-domain superfamily protein	AT4G12770;AT4G12780	5886;16020;5575;44464;5623;71944;5634;43231;43227;43226;43229;44424;5622;8150;5737;5829;44444;5515;5488;3674	1362	365	1122.5	883	248.5	2837	333.5	1823.5	9002	334.5	1483.5	337.5	1352	4861	438.5	508.5	2516.5	8372	8930	3495.5	1384.5	7183	2037	3340.5	60570.5	3.028.525
ORTHO003976	phosphatidylglycerolphosphate synthase 1	AT2G39290;AT3G55030	8444;17169;16780;16772;16740;3824;3674;8152;8150;9507;9536;43231;43227;43226;5575;43229;44424;44464;5623;5622;44444;5737;9941;9526;31967;31975;44446;44422;44435;44434;6655;46471;6650;6644;19637;71704;6793;44237;9987;44255;6629;44710;44699;44238;44763;6796;46486;46474;45017;8610;1901576;9058;44711;44249;8654;90407;31969;42170;31090;16020;30145;46914;46872;43169;43167;5488;6661;46488;16021;31224;44425;5739;5886;71944	1363	1371	2277	3191	1066.5	585	398	917.5	9113	1282.5	744	2291.5	8966.5	5645.5	1292	508.5	8562.5	8381	9130	201.5	2672	9048	2669.5	7860.5	80269	4013.45
ORTHO003969	unknown protein	AT1G16840;AT1G78890	9507;9536;43231;43227;43226;5575;43229;44424;44464;5623;5622;44444;5737;3674;8150	1364	3138	3417	5470	2097	8065.5	4244.5	3095.5	2435.5	3665	4305	679.5	8675.5	5481.5	915	6712.5	2535.5	7870.5	1975.5	5672	8828	8165	2513.5	6553	92388	4619.4
ORTHO003239	SU(VAR)3-9 homolog 2	AT2G33290;AT4G13460	5515;5488;3674;34968;16571;6479;43414;44260;43170;71704;8152;8150;44237;9987;32259;43412;8213;6464;36211;19538;44238;44267;16570;16569;16568;6325;43933;16043;71840;51276;6996;1902589;44763;44699;44710;18022;18205;18193;5720;790;785;44427;44446;44422;5575;43226;44424;44464;5623;5622;43229;5694;43232;43228;32991;44454;44428;5634;43231;43227;228;31981;70013;43233;31974;792;775;98687;40029;10468;60255;19222;50789;65007;42054;8276;8168;16741;16740;3824;3677;3676;1901363;97159;18024;16279;16278;8170;8757;8270;46914;46872;43169;43167;9294;9292;44764;51704;42393	1365	45	963.5	562	31	299	117.5	12	3324.5	266	271.5	1198.5	9103	6434	6504.5	25.5	2205	7493.5	2340	3013.5	1311.5	7637.5	2171	365.5	54093.5	2.704.675
ORTHO004161	IQ-domain 13	AT3G59690	5634;43231;43227;43226;5575;43229;44424;44464;5623;5622;5886;16020;71944;5516;5515;5488;3674	1366	617	1383	1400	248.5	7241	1818.5	291	393.5	52.5	354.5	1471	1352	7213.5	9022.5	1073.5	630	6946	5347.5	5160	8738	6714	2341	1188	67348	3367.4
ORTHO002580	Phosphotyrosine protein phosphatases superfamily protein	AT1G05000;AT4G03960	4721;16791;42578;16788;16787;3824;3674;8152;8150;16311;6796;6793;44237;9987;6470;6464;36211;19538;43170;71704;44238;43412;44267;44260;5737;44424;44464;5575;5623;5622;4725;35335;1900424;31347;80134;48583;50789;65007;43900;32101;2831	1367	2263	2422	3477	1408	1839.5	2452	1855	8721	3163.5	5647.5	4991	6731.5	6764.5	7844	2914	4054.5	4154.5	7792.5	4778	3336	3374.5	1157	301	81871.5	4.093.575
ORTHO005462	DnaJ/Hsp40 cysteine-rich domain superfamily protein	AT3G47650	31072;5515;5488;3674;51082;9507;9536;43231;43227;43226;5575;43229;44424;44464;5623;5622;44444;5737	1368	2513	1137.5	907	1689.5	8853	2234.5	6978.5	597.5	4918	1623	1576.5	1352	4616	5254.5	1830	1482.5	4400	154	4392	4519	1132	1971.5	3103.5	60988	3049.4
ORTHO001068_1	Leucine-rich repeat protein kinase family protein	AT2G37050	5886;16020;5575;44464;5623;71944;9506;5911;30054;55044;5576;16301;16772;16740;3824;3674;8152;8150;16310;6796;6793;44237;9987	1369	832	1378.5	1388	672.5	8253.5	1818.5	1780.5	8101	2366.5	3366.5	6614	1352	6389.5	8452	1175.5	1605.5	4253	358	4331	3296.5	1466	2120	137	67236.5	3.361.825
ORTHO003862	cleavage and polyadenylation specificity factor 30	AT1G30460	1900363;31440;50684;1903311;51252;19219;80090;19222;50789;65007;8150;51171;31323;50794;60255;10468;5515;5488;3674;9626;34050;12501;8219;16265;44699;44763;9987;45087;6952;6950;50896;6955;2376;33554;51716;5634;43231;43227;43226;5575;43229;44424;44464;5623;5622;6396;16070;44260;43170;71704;8152;44237;90304;6139;46483;6725;1901360;34641;6807;44238;10467;3723;3676;1901363;97159;34052;45089;31349;31347;80134;48583;48584;48518;45088;50776;2682;50778;2684;43068;10942;10941;48522;43067;10363;80135;31124;6397;16071;31123;2000031;9966;10646;23051;90502;90501;90305;5847;5849;44451;44428;44446;44422;5654;31981;70013;43233;31974;43234;32991;4519;4518;16788;16787;3824;4521;4540;5737;6378;43631;6979;5516	1370	153	1157	944	141	2214.5	312	159	8359.5	5988	241.5	1658	1352	8954	6608.5	797.5	2420.5	8097	1975.5	2230.5	2650	5308.5	1661.5	504	61492	3074.6
ORTHO003162	unknown protein	AT4G12070	5886;16020;5575;44464;5623;71944;8150;5634;43231;43227;43226;43229;44424;5622	1371	142	1706.5	2042	141	390.5	5693	236.5	14.5	103.5	4678.5	431	9130	9013	6791	267	1048	8776.5	1889	3418	3435.5	7836	8976.5	741	72869	3643.45
ORTHO003585	Protein of unknown function (DUF581)	AT2G25690;AT5G11460	3674;5634;43231;43227;43226;5575;43229;44424;44464;5623;5622;8150	1372	2280	3599	5826	1281	8007.5	5504	4503	4740.5	5847	1981	4239	1352	9013	6687	2476	7113.5	6982	8406.5	4392	1121	7603.5	2142.5	2229	94340	4717
ORTHO002944	myb domain protein 1	AT3G09230;AT3G55730	9751;14070;10033;42221;50896;8150;1101;1901700;3677;3676;1901363;5488;3674;97159;6355;1903506;2001141;31326;9889;19222;50789;65007;31323;50794;51252;19219;80090;51171;60255;10556;10468;2000112;3682;44877;5634;43231;43227;43226;5575;43229;44424;44464;5623;5622;3700;1071;9733;9725;9719;9737;33993;97305;9651;6970;9628;6950;9739;9753;5737;9723	1373	1793	2819.5	4266	4356	686.5	652	1963.5	4111.5	930.5	9032	3108	7743	7954.5	8793	2476	1266	6265.5	6531	2935	5988	6759.5	6709	2314	86218.5	4.310.925
ORTHO002691	Protein of unknown function (DUF3537)	AT1G50630;AT3G20300	5634;43231;43227;43226;5575;43229;44424;44464;5623;5622;5739;44444;5737	1374	2341	1182	990	1689.5	3573	4758.5	55.5	1954.5	2353	8701	2729	1352	4486	6007	1830	3399	4982.5	732	3508	3719.5	1695	3779	2575	62189.5	3.109.475
ORTHO000327_1	Subtilase family protein	AT1G30600;AT1G62340;AT2G19170;AT4G20430;AT4G30020;AT5G44530	9506;5911;30054;5575;55044;4252;4175;70011;8233;16787;3824;3674;8152;8150;6508;19538;43170;71704;44238;8236;17171;5576;9505;5618;30312;44464;5623;71944;42335;44767;32502;44699;48856;7275;44707;32501	1375	839	1479	1583	69	3096.5	2627.5	71	1753	3776.5	1082.5	7296.5	8859	6112	6192.5	1175.5	1564	7785	2122.5	1775	723.5	7871	4065	961	68909.5	3.445.475
ORTHO001307	RNA binding (RRM/RBD/RNP motifs) family protein	AT2G28540;AT3G45630;AT5G60170	288;956;6402;16071;16070;44260;43170;71704;8152;8150;44237;9987;90304;6139;46483;6725;1901360;34641;6807;44238;6401;44265;9057;1901575;9056;44248;34655;19439;44270;1901361;46700;16567;32446;70647;6464;36211;19538;43412;44267;30014;43234;32991;5575;44424;44464;5623;5622;5634;43231;43227;43226;43229;4842;19787;16740;3824;3674;9506;5911;30054;55044;3723;3676;1901363;5488;97159;8270;46914;46872;43169;43167;166;36094;1901265	1376	2059	826	276	4356	3232	715.5	397	702.5	6050.5	1623	1854	6397.5	4415.5	6007	1830	3081.5	4982.5	1051.5	436	244.5	1068	910.5	1454.5	46453.5	2.322.675
ORTHO004716	glycerol-3-phosphate acyltransferase 1	AT1G06520	16020;5575;16311;6796;6793;44237;8152;8150;9987;90447;8374;16747;16746;16740;3824;3674;16791;42578;16788;16787;80167;9628;50896;48235;44702;22414;44699;3006;32502;30154;48869;44767;44763;22412;32504;3;32501;55046;44707;9555;48229;7275;48856;48232;7276;48609;19953;44703;51704;10143;9059;43170;71704;1901576;9058;5739;43231;43227;43226;43229;44424;44464;5623;5622;44444;5737;16021;31224;44425	1377	1505	983.5	590	944.5	1658.5	2452	4312	800	1123	2539	4805.5	5066	4295.5	5254.5	1239.5	8818.5	1780	2922	3621.5	3118.5	750	182.5	176	54914.5	2.745.725
ORTHO004118	20S proteasome beta subunit D1	AT3G22630	5886;16020;5575;44464;5623;71944;43161;10498;51603;6508;19538;43170;71704;8152;8150;44238;44257;30163;9057;1901575;9056;44265;44260;44237;9987;44248;44267;6511;19941;43632;8233;16787;3824;3674;5774;44437;44444;44424;5622;5737;44446;44422;43226;43229;5773;43231;43227;98588;31090;98805;10499;5829;48046;5576;5839;43234;32991;502;4175;70011	1378	2745	1829	2280	1812	2877	5800	6573	7325.5	6988	8675.5	2851	1352	3815.5	3265	6712.5	1396.5	4982.5	3149.5	1291.5	538	1407.5	3084.5	2439.5	74524.5	3.726.225
ORTHO004856	allergen-related	AT3G22820;AT4G14723	10374;9791;44767;32502;8150;44699;44707;32501;7275;90558;9888;48856;3674;9507;9536;43231;43227;43226;5575;43229;44424;44464;5623;5622;44444;5737;10052;90627;30154;48869;44763;9987;10103;90626;9653;9886;10016;48367;48731;5576	1379	3169	4122.5	6866	4356	8957.5	4528.5	2750.5	2940	6498.5	3749	9042.5	4140.5	5223.5	551	3976.5	7850.5	7728	1271.5	8632.5	2789	8763	2991.5	8092	100476	5023.8
ORTHO004073	kinesin-like calmodulin-binding protein (ZWICHEL)	AT5G65930	5524;35639;1901265;1901363;5488;3674;97159;43168;43167;32559;30554;17076;166;36094;32555;32553;97367;32550;32549;1882;1883;8017;32403;44877;5515;15631;8092;10091;904;902;32989;16043;71840;8150;9987;9653;32502;48856;48869;44767;44699;44763;48468;30154;10090;10026;90558;9888;90626;7018;6928;7017;3777;3774;17111;16462;16818;16817;16787;3824;8152;5516;16887;5871;5875;44430;44446;44422;5575;43226;44424;44464;5623;5622;43229;5856;43232;43228;43234;32991;15630;9846;44707;32501;9856;44703;51704;22414;44706;5886;16020;71944	1380	544	1879.5	2379	672.5	8198	1881	864	2202	879.5	2290	4467	1352	5500	988	508.5	8766.5	8002	8173	6754	1552.5	8658.5	2341	1769	75146.5	3.757.325
ORTHO001498	Galactose mutarotase-like superfamily protein	AT5G57330	5829;44444;44424;44464;5575;5623;5622;5737;9737;9725;9719;50896;8150;10033;42221;33993;97305;1901700;1101;16853;3824;3674;8152;5975;71704;44238;4034;16857;16854;30246;5488;6012;19318;5996;44723;44710;44699;44281	1381	2184	1357.75	1334.5	4356	790.5	1627	3729.5	98	266	1144	551.5	8519	8396.5	9140	1073.5	1396.5	7335.5	1589	7647	72	7567	2171	3447.5	66561	3328.05
ORTHO005148	photosystem II BY	AT1G67740	30095;98807;98796;43234;32991;5575;44425;16020;44434;44435;44444;44424;44464;5623;5622;5737;44446;44422;43226;43229;9536;43231;43227;9507;44436;9579;9535;55035;42651;34357;31976;31984;9534;9523;9521;9533;9570;9532;30145;46914;46872;43169;43167;5488;3674;15979;44237;8152;8150;9987;16021;31224	1382	2752	1187.5	993	1812	961.5	6117.5	1640.5	298	1777	5387	212.5	3637	3815.5	5254.5	6712.5	3958.5	5221.5	4914	1229.5	569	2677	4668	3238	62289	3114.45
ORTHO002824	exocyst subunit exo70 family protein F1	AT5G50380	6904;48278;22406;44763;9987;8150;44699;16192;6810;51234;51179;6887;32940;46903;44765;1902578;51649;51641;145;44448;44444;44424;44464;5575;5623;5622;5737;5938;71944;43234;32991;5829;5886;16020	1383	1328	1413	1443	1066.5	702	6430	1780.5	1839.5	4197	1144	466.5	1352	7536	8512	797.5	7943.5	6440	3575.5	259.5	1949.5	6512.5	4199	2166	67802.5	3.390.125
ORTHO000920_2	unknown protein	AT2G41150;AT3G56750	5794;43231;43227;43226;5575;43229;44424;44464;5623;5622;44444;5737;12505;5802;98791;44431;44446;44422;31984;5768;8150;16757;16740;3824;3674;8152;5739;9507;9536	1384	2553	3437.5	5491	1689.5	2797	6478	1855	2338	5834	3269.5	5295.5	4077	6414.5	1758.5	2080.5	6896.5	7151.5	7901.5	2008	6696	8354	8663.5	2623	92491.5	4.624.575
ORTHO000656_1	riboflavin biosynthesis protein; putative	AT2G22450;AT5G64300	46872;43169;43167;5488;3674;9231;42727;44271;34641;6807;8152;8150;44237;9987;44249;9058;42726;46483;1901360;71704;1901564;18130;1901362;1901576;1901566;6771;6767;6766;44281;44710;44699;44763;42364;9110;44283;44711;8686;16830;16829;3824;9507;9536;43231;43227;43226;5575;43229;44424;44464;5623;5622;44444;5737;3935;3933;19238;16814;16810;16787;5525;35639;1901265;1901363;97159;43168;32550;32549;1882;36094;97367;1883;32561;19001;17076;166;32555;32553;9570;9532;44435;44446;44422;44434;16020	1385	1086	2167	2949	1066.5	3585	687.5	488	3649	969	4748	9082.5	1352	5878	3265	1975.5	5032.5	9028	2640.5	2734	2960	9043	8919	2850	78886.5	3.944.325
ORTHO005482	GTP-binding protein 1	AT5G52210	5525;35639;1901265;1901363;5488;3674;97159;43168;43167;32550;32549;1882;36094;97367;1883;32561;19001;17076;166;32555;32553;7264;35556;7165;50794;50789;65007;8150;51716;9987;50896;7154;44763;44699;44700;23052	1386	3047	3546	5706	2097	8278	7720	1013.5	5994	5485.5	2129.5	3872	1352	6971	7258.5	2476	6099.5	5886.5	1118.5	4848	5637	7603.5	5826.5	4016	93585.5	4.679.275
ORTHO006193	RNA-binding (RRM/RBD/RNP motifs) family protein	AT1G06960;AT2G30260	35614;17069;3723;3676;1901363;5488;3674;97159;35613;5634;43231;43227;43226;5575;43229;44424;44464;5623;5622;5686;97525;30532;44428;44446;44422;30529;32991;398;6397;16071;16070;44260;43170;71704;8152;8150;44237;9987;90304;6139;46483;6725;1901360;34641;6807;44238;6396;10467;377;375;8380;15030;16604;44451;5654;31981;70013;43233;31974;5737;354;22618;71826;43933;16043;71840;34622;65003;22607;44085;22613;45292;245;166;36094;1901265;5681	1387	1163	3162.5	4938	1066.5	8345	444.5	3504.5	393.5	4993	220.5	2392.5	8993.5	4786.5	302.5	1429.5	8562.5	9010	8853.5	3208	3942	9036.5	2713	8595	89726	4486.3
ORTHO003033	ABI-1-like 1	AT2G46225	5737;44424;44464;5575;5623;5622;10090;904;902;32989;16043;71840;8150;9987;9653;32502;48856;48869;44767;44699;44763;48468;30154;10026;90558;9888;90626;5856;43232;43228;43226;43229;5515;5488;3674;31209;43234;32991;44444;45010;30838;51495;10638;33043;51128;50794;50789;65007;51130;48522;48518;51493;30833;8064;30832;32535;90066;65008;32956;32970;32271;43254;44087;32273;31334;44089;7015;71822;43933;30036;30029;7010;6996;1902589	1388	2227	3994.5	6601	4356	663	1881	4503	4602.5	3896	9062.5	1854	8205.5	7909	8893	2476	8133	6505.5	7464	5637	7052	5924	1498	2699.5	98858.5	4.942.925
ORTHO003621	ubiquitin-conjugating enzyme 20	AT1G50490;AT3G20060	16874;3824;3674;8152;8150;5524;35639;1901265;1901363;5488;97159;43168;43167;32559;30554;17076;166;36094;32555;32553;97367;32550;32549;1882;1883;4842;19787;16740;16567;32446;70647;6464;36211;19538;43170;71704;44238;43412;44267;44260;44237;9987;8283;44699;5634;43231;43227;43226;5575;43229;44424;44464;5623;5622;5737;6511;19941;51603;6508;44257;30163;9057;1901575;9056;44265;44248;43632	1389	2210	1312.5	1236	1689.5	2446.5	2080	1547.5	1133	1462	1623	1471	6895.5	4560	6243.5	1830	4252.5	5221.5	4756.5	4527	5637	3026	4927.5	1735.5	65375.5	3.268.775
ORTHO001964	CLIP-associated protein	AT2G20190	7067;280;48285;6996;16043;71840;8150;9987;1903047;22402;44763;44699;7049;278;1902589;5886;16020;5575;44464;5623;71944;43622;30865;7010;31122;226;7017;71822;43933;51301;9506;5911;30054;55044;5938;44444;44424;5622;5737;9524;50821;31647;65008;65007;51010;8017;32403;44877;5488;3674;5515;15631;8092;7026;1901880;1901879;43244;51128;50794;50789;43242;51129;48523;48519;31111;51494;10639;33043;51493;31110;70507;32886;31114;16049;40007;5876;5874;44430;44446;44422;43226;43229;5856;43232;43228;43234;32991;15630;5819	1390	1410	3361.75	5333.5	4356	273.5	2791.5	641	8940	555.5	1981	485	8929.5	4921.5	511.5	508.5	1432.5	8237	9082.5	8125.5	9055.5	8927	9121.5	7190.5	91710.5	4.585.525
ORTHO002250	FUNCTIONS IN: molecular_function unknown	AT1G26580;AT2G03470	3674;5634;43231;43227;43226;5575;43229;44424;44464;5623;5622;8150;3682;44877;5488;3677;3676;1901363;97159	1391	3016	1359.25	1327.5	4356	8227.5	1410	4294	4405.5	5219.5	4410	790	1352	4206	3047.5	6712.5	2162	7295.5	2195.5	2635.5	4519	822	827.5	1958.5	66490	3324.5
ORTHO000676	DNAJ heat shock N-terminal domain-containing protein	AT2G25560;AT5G53150	5737;44424;44464;5575;5623;5622;6457;9987;8150	1392	1735	2202.5	3013	4356	8198	776.5	291	435	1462	4449	5903.5	1352	5378	1081	1606	4346.5	8722.5	8720.5	1248	914	8354	8827.5	7120	79185	3959.25
ORTHO002805	PATATIN-like protein 6	AT2G39220;AT3G54950;AT4G29800	16787;3824;3674;8152;8150;45735;16042;44712;9056;44710;44699;6629;71704;44238;1901575;6952;6950;50896;5886;16020;5575;44464;5623;71944;47617;16289;16790;16788;4620;16298;51707;43207;9605;9607;51704;40008;50789;65007;6644;19637;6793;44237;9987;44255;44763;6796;19374;6664;1903509;1901135;6643	1393	2609	3969	6545	1408	3406.5	6236.5	8486	2592	2025.5	9123	5667	8675.5	5445	1184.5	1606	8420.5	7251.5	2260	2059.5	7166	7756.5	2291.5	6801.5	98454.5	4.922.725
ORTHO001926	RING/U-box superfamily protein	AT1G20823;AT1G76410	70417;9409;9266;9628;50896;8150;6950;33554;51716;9987;5886;16020;5575;44464;5623;71944;8270;46914;46872;43169;43167;5488;3674;9507;9536;43231;43227;43226;43229;44424;5622;44444;5737;61630;4842;19787;16740;3824;8152;16567;32446;70647;6464;36211;19538;43170;71704;44238;43412;44267;44260;44237;61659;10966;44070;43269;51049;32879;50789;65007;9909;48580;2000026;50793;51239;48831;2000241;10200;10243;9719;10033;42221;1901698;1901700;5634;16021;31224;44425	1394	3273	4897.5	8401	2097	6784	7529.5	7192	8986	5653	3136.5	3912.5	6513.5	6601.5	6937	7782	2903	4747.5	5430	8125.5	7489.5	6576.5	4149	3447.5	113896	5694.8
ORTHO003030	myb domain protein 81	AT2G26960;AT2G26990	3677;3676;1901363;5488;3674;97159;5634;43231;43227;43226;5575;43229;44424;44464;5623;5622;6355;1903506;2001141;31326;9889;19222;50789;65007;8150;31323;50794;51252;19219;80090;51171;60255;10556;10468;2000112;3682;44877;3700;1071;8180;44428;44446;44422;43234;32991;30163;19538;43170;71704;8152;44238;9057;1901575;9056;9640;9639;9416;9314;9628;50896;9791;44767;32502;44699;44707;32501;7275;10388;338;70646;70647;6464;36211;43412;44267;44260;44237;9987;6508;9585;7602;9583;9582;51606;9581;9605;7165;51716;7154;44763;44700;23052;10017;71489;71482;71478;71214;5515;5829;44444;5737	1395	119	956	517	43	4519	142	917.5	9096.5	969	544	1779	1352	9065	6791	267	53.5	5992	778.5	129.5	2634.5	5434	1888	660	53012	2650.6
ORTHO001035	plectin-related	AT2G26770;AT2G40820;AT3G56480	5634;43231;43227;43226;5575;43229;44424;44464;5623;5622;5856;43232;43228;10119;50794;50789;65007;8150;7015;71822;43933;16043;71840;9987;30036;30029;44763;44699;7010;6996;1902589;5737;3779;8092;5515;5488;3674;5886;16020;71944;7623;48511	1396	1631	2876.5	4357	4356	7583.5	1118	1709	8577	5003.5	2402	8654.5	8410.5	5989.5	4462	7360.5	2652	6919	2136.5	662	6431	1068	1615	3920	86673.5	4.333.675
ORTHO000904	CYCLIN B1	AT1G34460;AT2G26760;AT3G11520;AT5G06150	51301;44763;9987;8150;44699;7049;51726;50794;50789;65007;16538;19887;19207;30234;98772;3674;50790;19222;65009;42325;19220;51174;31323;45859;43549;51338;1932;31399;32268;51246;80090;60255;5634;43231;43227;43226;5575;43229;44424;44464;5623;5622;5515;5488;79;1904029;71900;19901;19900;19899;10583;14070;10033;42221;50896;9651;6970;9628;6950;5737;10332;10212;9314;7067;280;48285;6996;16043;71840;1903047;22402;278;1902589	1397	2096	3484	5571	1281	8787	3628.5	4571	3392	4393	9153	2851	7377.5	7387.5	8316.5	2476	1396.5	5221.5	1942.5	6064.5	606	5924	5586.5	3841	92915.5	4.645.775
ORTHO005980	HMG (high mobility group) box protein with ARID/BRIGHT DNA-binding domain	AT1G04880	44212;975;3677;3676;1901363;5488;3674;97159;1067;6355;1903506;2001141;31326;9889;19222;50789;65007;8150;31323;50794;51252;19219;80090;51171;60255;10556;10468;2000112;5634;43231;43227;43226;5575;43229;44424;44464;5623;5622;6351;34645;44260;43170;71704;8152;44237;9987;9059;1901576;9058;44249;97659;32774;16070;90304;6139;46483;6725;1901360;34641;6807;44238;34654;19438;44271;18130;1901362;10467;3700;1071	1398	257	975	552	672.5	436.5	288.5	4227	8541.5	369.5	354.5	5600.5	1352	8485	9022.5	267	1463.5	6737.5	335.5	220.5	662.5	1310	3010.5	1156	53840.5	2.692.025
ORTHO005126	GRAS family transcription factor	AT3G54220	5515;5488;3674;5623;5575;9630;9606;9605;50896;8150;9629;9628;6355;1903506;2001141;31326;9889;19222;50789;65007;31323;50794;51252;19219;80090;51171;60255;10556;10468;2000112;3700;1071;43565;3677;3676;1901363;97159;51457;72595;32507;51651;44763;9987;44699;51235;51179;65008;1902578;51641;45185;8104;33036;34613;70727;33365;34504;8356;51301;90610;1708;48869;44767;32502;45165;30154;5634;43231;43227;43226;43229;44424;44464;5622;48366;48827;48856;48367;48731;7275;44707;32501;6351;34645;44260;43170;71704;8152;44237;9059;1901576;9058;44249;97659;32774;16070;90304;6139;46483;6725;1901360;34641;6807;44238;34654;19438;44271;18130;1901362;10467;9956;3002;7389	1399	871	2016	2633	672.5	2557.5	1595.5	488	255	738	319	907	8929.5	7448.5	9114	2476	3448	7181.5	7197.5	5637	8873.5	7087	1386	1297.5	76936	3846.8
ORTHO003988	plant U-box 26	AT1G49780;AT3G19380	16567;32446;70647;6464;36211;19538;43170;71704;8152;8150;44238;43412;44267;44260;44237;9987;4842;19787;16740;3824;3674;16874;5737;44424;44464;5575;5623;5622;10200;10243;9719;50896;10033;42221;1901698;1901700	1400	956	2162	2924	672.5	29	9012.5	1204.5	3598.5	7620	865	4566	4230	5129	810.5	1429.5	8051	8688.5	4864	2835.5	3417.5	8260	2191.5	1906.5	78709	3935.45
ORTHO002863	Thymidine kinase	AT3G07800;AT5G23070	5524;35639;1901265;1901363;5488;3674;97159;43168;43167;32559;30554;17076;166;36094;32555;32553;97367;32550;32549;1882;1883;71897;6259;44260;43170;71704;8152;8150;44237;9987;90304;6139;46483;6725;1901360;34641;6807;44238;34645;9059;1901576;9058;44249;34654;19438;44271;18130;1901362;16310;6796;6793;9165;1901293;90407;19637;6753;55086;44281;44710;44699;44763;44711;9117;42802;5515;4797;19136;19206;19205;16301;16772;16740;3824;9157;9162;9123;9124;5737;44424;44464;5575;5623;5622;9507;9536;43231;43227;43226;43229;44444	1401	127	917.5	434	112	349	107	4462	149	103.5	435.5	466.5	1352	8604	9124	267	5032.5	7073	459	13	1604	3503.5	7486	450.5	51041	2552.05
ORTHO001758	Mitochondrial substrate carrier family protein	AT2G46320;AT4G27940	55085;44763;9987;8150;44699;44765;6810;51234;51179;1902578;5743;19866;31090;16020;5575;44422;43226;43227;44424;44464;5623;5622;31967;31975;44446;43229;31966;44429;44444;5737;5739;43231;5740;16021;31224;44425;6839;1902582;46907;51649;51641;1901562;10033;42221;50896;16530;3674	1402	2183	1273	1144	1479.5	1839.5	1457	727.5	2814	5005	5481.5	8693.5	4067	5350.5	1016	2914	2999	5569	516	635	3391.5	7061.5	3177.5	1580.5	64295.5	3.214.775
ORTHO001739	ARM repeat superfamily protein	AT3G49810;AT5G65920	16567;32446;70647;6464;36211;19538;43170;71704;8152;8150;44238;43412;44267;44260;44237;9987;1901001;48585;48519;50789;65007;48583;1901000;47484;80134;71472;71470;71214;9628;50896;51716;6970;6950;33554;9651;61630;4842;19787;16740;3824;3674;61659;5634;43231;43227;43226;5575;43229;44424;44464;5623;5622;5737;16874	1403	2929	2488	3573	4356	790.5	1011	575	3568	8934.5	4391	6832	3450.5	8627	5596.5	7782	2524	8670	2877	2409.5	2369	8763	3040	129.5	82340	4117
ORTHO001359	Pyridoxal phosphate (PLP)-dependent transferases superfamily protein	AT3G62130;AT5G26600	19450;6090;32787;19752;43436;6082;71704;8152;8150;44281;44710;44699;44763;9987;44237;19448;46439;6534;96;6790;6520;1901564;6807;44238;9069;1901605;9093;98;9063;46395;16054;44282;44712;9056;1901575;44248;1901565;44273;9071;1901606;5737;44424;44464;5575;5623;5622;80146;16846;16829;3824;3674;5829;44444;30170;1901363;5488;97159;48037;43168;43167;9507;9536;43231;43227;43226;43229	1404	1428	3128.5	4853	1066.5	2776	2528	1780.5	702.5	2235	982	3108	8950	5719.5	1354.5	1830	2277	8211.5	9087	8590.5	9147	8910.5	2503	8615.5	89308	4465.4
ORTHO005028	protein kinase family protein / peptidoglycan-binding LysM domain-containing protein	AT1G51940	50832;98542;6952;6950;50896;8150;51707;43207;9605;9607;51704;9620;9789;9967;9966;10646;50794;50789;65007;48583;23051;10647;48522;48518;48584;23056;1901421;1901419;9787;31348;31347;80134;48585;48519;5886;16020;5575;44464;5623;71944;16301;16772;16740;3824;3674;8152;16310;6796;6793;44237;9987;9737;9725;9719;10033;42221;33993;97305;1901700;1101;9755;7165;51716;7154;44763;44699;44700;23052;32870;71495;71310;70887	1405	1296	3805.5	6206	4356	1705	6055.5	1013.5	867	2472.5	6912.5	2553.5	8675.5	9056	6748	797.5	1102.5	7677.5	8798.5	549.5	8873.5	8644	8896.5	5007.5	96406	4820.3
ORTHO005723	Protein of unknown function (DUF1005)	AT4G29310	3674;9505;5618;30312;44464;5575;5623;71944;8150;5634;43231;43227;43226;43229;44424;5622	1406	2001	1586	1766	1281	8627.5	1011	3491	2069	3622.5	4704.5	6171.5	6397.5	4415.5	5937	1606	1221.5	8179	2299	1940	2072	1695	3779	1371.5	70610	3530.5
ORTHO003671	P-loop containing nucleoside triphosphate hydrolases superfamily protein	AT1G72040	9165;1901293;90407;19637;71704;8152;8150;6793;44237;9987;1901576;9058;6753;55086;6139;46483;6725;1901360;34641;6807;44238;44281;44710;44699;44763;6796;34654;19438;44249;44271;18130;1901362;44711;9117;9157;9162;9123;9124;5524;35639;1901265;1901363;5488;3674;97159;43168;43167;32559;30554;17076;166;36094;32555;32553;97367;32550;32549;1882;1883;16310;19136;19206;19205;16301;16772;16740;3824;16773;5634;43231;43227;43226;5575;43229;44424;44464;5623;5622	1407	1707	2722.25	4037.5	4356	2097.5	6325.5	6978.5	3813	2170.5	4188.5	5903.5	8605	5350.5	1063	508.5	1962.5	8428.5	8625.5	3108	2686	7493	2214	3501.5	85023	4251.15
ORTHO003142	Calcium-dependent lipid-binding (CaLB domain) family protein	AT3G61050	8289;5488;3674;5886;16020;5575;44464;5623;71944;31965;31090;44422;43226;43227;44428;44446;44424;5622;43229;5634;43231;5635;31967;31975;12505;43565;3677;3676;1901363;97159;45892;1903507;1903506;2001141;31326;9889;19222;50789;65007;8150;31323;50794;51252;19219;80090;51171;60255;10556;1902679;51253;10605;9892;48519;45934;51172;31324;48523;31327;9890;10558;10629;10468;6355;2000112;2000113;9651;6970;9628;50896;6950;9414;9415;1101;42221;10035;1901700;5783;44444;5737;9958;9630;9606;9605;9629	1408	689	3487.5	5567	672.5	2837	6542.5	4826.5	8826	5535.5	2992.5	4805.5	1352	5210.5	841.5	508.5	8117.5	8002	8930	2092	8909	8454	2291.5	1825	92899	4644.95
ORTHO002963	xylem NAC domain 1	AT5G64530	43067;10941;50794;50789;65007;8150;6355;1903506;2001141;31326;9889;19222;31323;51252;19219;80090;51171;60255;10556;10468;2000112;7275;44767;32502;44699;44707;32501;5634;43231;43227;43226;5575;43229;44424;44464;5623;5622;3677;3676;1901363;5488;3674;97159;48367;48731;48856;10089;10087;9888;6351;34645;44260;43170;71704;8152;44237;9987;9059;1901576;9058;44249;97659;32774;16070;90304;6139;46483;6725;1901360;34641;6807;44238;34654;19438;44271;18130;1901362;10467;3700;1071	1409	1433	2414	3419	1584.5	1423	6309	1547.5	1625	642.5	5520.5	2851	7743	7779.5	8726.5	2476	8092	6590	6785	1609.5	6431	2328.5	844	2229	81552.5	4.077.625
ORTHO004523	pseudo-response regulator 5	AT5G24470	45892;1903507;1903506;2001141;31326;9889;19222;50789;65007;8150;31323;50794;51252;19219;80090;51171;60255;10556;1902679;51253;10605;9892;48519;45934;51172;31324;48523;31327;9890;10558;10629;10468;6355;2000112;2000113;51170;6913;16482;46907;6810;51234;51179;51649;51641;51169;9640;9639;9416;9314;9628;50896;9791;44767;32502;44699;44707;32501;7275;5634;43231;43227;43226;5575;43229;44424;44464;5623;5622;3677;3676;1901363;5488;3674;97159;10114;156;5057;4871;60089;7165;51716;9987;7154;44763;44700;23052;35556;160;7623;48511;10218	1410	969	2428.25	3446.5	4356	2776	6606.5	864	1328.5	5547.5	1414	8178.5	8817.5	8825.5	6574	2476	2133.5	7219.5	5347.5	247	1287.5	7637.5	3200.5	1215.5	81696.5	4.084.825
ORTHO005433	delta tonoplast integral protein	AT3G16240	5773;43231;43227;43226;5575;43229;44424;44464;5623;5622;44444;5737;16020;326;325;322;42807;72488;15696;15672;6812;6811;44765;6810;51234;51179;8150;1902578;44699;71705;98662;98660;34220;55085;44763;9987;98655;15250;22838;15267;22803;22857;5215;3674;22891;22892;5372;6833;42044;9507;9536;9705;5774;44437;44446;44422;98588;31090;98805;9941;9526;31967;31975;44435;44434;9506;5911;30054;55044;5618;30312;71944;15840;42886;19755;71702;5886;9505;15204;42887;71918;5794;12505;15200;15101;8324;15075;15695;8519;15077;22890;5275;22804;15837;72489;15843	1411	3275	2114	2817	2097	1227	2627.5	4133.5	8259	4645.5	8737.5	2038	5740	3815.5	4233.5	1830	400	5056.5	4165.5	7299	5170.5	1910	3945	2699.5	77933	3896.65
ORTHO004394	unknown protein	AT1G79160	3674;8150;5575	1412	1912	1919.5	2427	1689.5	8007.5	3758	1204.5	597.5	4185	982	8166	7554	7536	8572	2476	2195	5886.5	1567	201.5	5903.5	3609.5	1035	2166	75602.5	3.780.125
ORTHO001480	Major facilitator superfamily protein	AT1G80530	80167;9628;50896;8150;3674;5634;43231;43227;43226;5575;43229;44424;44464;5623;5622	1413	577	2671.5	3930	672.5	4008	7886	203.5	3450	163.5	4867	1422	1352	4995.5	369	508.5	7897.5	9173	5272.5	4169.5	7386	9122.5	3271	8857.5	84374.5	4.218.725
ORTHO001411	glutathione-disulfide reductase	AT3G24170;AT3G54660	5737;44424;44464;5575;5623;5622;55114;44710;8152;8150;44699;50660;50662;48037;5488;3674;43168;43167;166;36094;1901265;1901363;97159;50787;61687;98754;9636;42221;50896;46689;10038;10035;1990267;5777;42579;43231;43227;43226;43229;44444;45454;19725;42592;65008;65007;44763;9987;50794;50789;6749;6518;43603;34641;6807;44237;1901564;71704;6790;6575;50661;4362;16209;16668;16651;16491;3824;16667;15038;15037;15036;45340;46914;46872;43169;16152;16723;16722;9570;9532;44435;44446;44422;9536;44434;9507;5507;5739;5524;35639;32559;30554;17076;32555;32553;97367;32550;32549;1882;1883	1414	843	788.25	162.5	672.5	3114.5	859	765	1545.5	295	5303	998	6456	4295.5	5969	1144	6752	1617	224.5	493	510	723	134.5	200.5	41399	2069.95
ORTHO004676	RING/U-box superfamily protein	AT4G34100	16567;32446;70647;6464;36211;19538;43170;71704;8152;8150;44238;43412;44267;44260;44237;9987;8270;46914;46872;43169;43167;5488;3674;10345;9699;19438;6725;44249;9058;1901362;1901360;1901576;44550;19748;44710;44699;44711;9698;44763;10025;10166;8299;6720;44255;6629;8610;10143;9059;16021;31224;44425;5575;16020;9414;9415;9628;50896;1101;42221;10035;1901700;6950;1900490;51353;51341;50790;19222;50789;65007;65009;43085;44093;9893;48518;2001215;16874;3824;4842;19787;16740	1415	664	2225.75	3036.5	672.5	2837	3628.5	1389	8962	52.5	1414	409.5	9150.5	4890.5	473.5	1429.5	2425.5	8340	8873	8776	1729.5	8861	2603	3055	79299.5	3.964.975
ORTHO003646	DNAJ heat shock N-terminal domain-containing protein	AT1G21080;AT1G76700	6457;9987;8150;5737;44424;44464;5575;5623;5622;5794;43231;43227;43226;43229;44444;12505	1416	684	1936	2456	672.5	1777	6606.5	1204.5	1545.5	1709.5	2539	5395	9031.5	5142.5	841.5	508.5	8026.5	7749	1589	1160.5	8990	8121.5	2153.5	1672.5	75763.5	3.788.175
ORTHO005224	ATP-dependent caseinolytic (Clp) protease/crotonase family protein	AT3G24360;AT4G13360	6635;9062;44242;16042;44712;9056;8152;8150;44710;44699;6629;71704;44238;1901575;44255;44763;9987;44237;44248;72329;46395;16054;44282;44281;6082;19752;43436;32787;6631;19395;34440;30258;55114;5739;43231;43227;43226;5575;43229;44424;44464;5623;5622;44444;5737;16787;3824;3674;3860;16289;16790;16788;16020;5829	1417	1106	1681.5	1946	365.5	451.5	2528	1547.5	931	6156.5	982	3218	1352	8969	6687	797.5	8974	7507.5	888	6322.5	9043.5	636	807.5	4413.5	72212.5	3.610.625
ORTHO000444_1	Calcium-dependent lipid-binding (CaLB domain) family protein	AT1G20080;AT2G20990	139;98588;31090;16020;5575;44422;43226;43227;44431;44444;44424;44464;5623;5622;5737;44446;43229;5794;43231;12505;9306;15031;45184;51234;51179;8150;8104;33036;71702;6810;32940;46903;44765;1902578;44699;51649;51641;44763;9987;46872;43169;43167;5488;3674;5886;71944;16021;31224;44425;9615;51707;43207;9605;50896;9607;51704;9409;9266;9628;6950;1778;7009;44802;61024;16043;71840;10256;42060;9611;9898;44459;98562;98552;6612;6605;6886;46907;34613;70727;1902582;90150;72657;1902580;6897;16192;46740;46739;44000;51814;52192;40011;44403;44419;52126;51701;46794;16032;44764;44766;1902579;1902586;10496;5543;8289;43168;5773;5783;32456;16197;1901981;35091;32541;44448;5938;71782;98827;44432;31984;5768;9506;5911;30054;55044;9612	1418	1961	3707.5	5997	4356	1089	5955	765	8541.5	1462	9107	61.5	1352	8123.5	9046	2476	8323.5	7028	8121	178	8935.5	6859.5	1615	6210	95249	4762.45
ORTHO004427	U-box domain-containing protein kinase family protein	AT2G19410;AT5G57035	6468;16310;6796;6793;44237;8152;8150;9987;6464;36211;19538;43170;71704;44238;43412;44267;44260;16301;16772;16740;3824;3674;5886;16020;5575;44464;5623;71944	1419	3021	2979	4539	2097	8470.5	7126.5	2392	8509.5	3977.5	128.5	4566	1352	6764.5	7082.5	2476	763	4673.5	948.5	2373.5	6810.5	7259	8163.5	3721	87558	4377.9
ORTHO000678_1	guanosine nucleotide diphosphate dissociation inhibitor 1	AT2G44100;AT3G59920	5093;5092;30695;60589;30234;98772;3674;50790;19222;50789;65007;8150;65009;5515;5488;5829;44444;44424;44464;5575;5623;5622;5737;48227;16197;1902582;46907;6810;51234;51179;51649;51641;44765;1902578;44699;16482;16192;5096;8047;43085;44093;9893;48518;43547;43087;51336;51345;15031;45184;8104;33036;71702;48046;5576;9506;5911;30054;55044	1420	722	2573	3726	672.5	7499.5	1881	1013.5	1545.5	3776.5	2809.5	4670	1352	5045.5	693	508.5	6825	8002	1290	7747	8909	8814.5	8663.5	2091	83136.5	4.156.825
ORTHO003021	K-box region and MADS-box transcription factor family protein	AT3G54340	6355;1903506;2001141;31326;9889;19222;50789;65007;8150;31323;50794;51252;19219;80090;51171;60255;10556;10468;2000112;48443;48827;48856;32502;48367;44767;44699;48731;7275;44707;32501;48437;44702;22414;3006;48569;48513;9908;90567;48608;61458;9791;48466;48438;48441;48465;6351;34645;44260;43170;71704;8152;44237;9987;9059;1901576;9058;44249;97659;32774;16070;90304;6139;46483;6725;1901360;34641;6807;44238;34654;19438;44271;18130;1901362;10467;5634;43231;43227;43226;5575;43229;44424;44464;5623;5622;46983;5515;5488;3674;3677;3676;1901363;97159;3700;1071	1421	2653	1339	1257	5151.5	3466.5	1294.5	7372.5	4178.5	3564.5	5460	7753	5066	7779.5	7804.5	1307	1860.5	1888	1189.5	1919	1597	1045	330.5	771.5	65647.5	3.282.375
ORTHO006138	Protein of unknown function (DUF1677)	AT1G72510	3674;8150;5634;43231;43227;43226;5575;43229;44424;44464;5623;5622	1422	3571	1847	2272	2097	3364	3960	6741	7455	1540.5	8737.5	841.5	1352	4662.5	5254.5	6712.5	400	3121	1210.5	3676.5	106.5	5059	7156	3103.5	74454	3722.7
ORTHO004589	ROOT HAIR DEFECTIVE6	AT1G66470;AT5G37800	5634;43231;43227;43226;5575;43229;44424;44464;5623;5622;6355;1903506;2001141;31326;9889;19222;50789;65007;8150;31323;50794;51252;19219;80090;51171;60255;10556;10468;2000112;3700;1071;3674;6351;34645;44260;43170;71704;8152;44237;9987;9059;1901576;9058;44249;97659;32774;16070;90304;6139;46483;6725;1901360;34641;6807;44238;34654;19438;44271;18130;1901362;10467;48766;904;902;32989;16043;71840;9653;32502;48856;48869;44767;44699;44763;48468;30154;48765;10053;90627;10015;48364;48513;48731;7275;44707;32501;22622;90558;9888;48764;48469;21700;10054;5739;44444;5737;3677;3676;1901363;5488;97159;46983;5515	1423	1784	2888	4353	1281	1821.5	7378.5	1855	2412.5	5615	2992.5	863	1352	6004.5	5523	2080.5	8420.5	7028	7676.5	586	6180.5	8566.5	8641.5	1644	86641.5	4.332.075
ORTHO004533	HVA22 homologue A	AT1G74520	9414;9415;9628;50896;8150;1101;42221;10035;1901700;6950;9409;9266;9737;9725;9719;10033;33993;97305;3674;42538;9651;6970;6972;16021;31224;44425;5575;16020;5634;43231;43227;43226;43229;44424;44464;5623;5622	1424	3596	4487.5	7551	2097	3917	7288	7084	8596	6934	2539	8224	1352	6764.5	7017.5	7782	5561	4507	381.5	1584.5	6696	7202	8070	3721	105221	5261.05
ORTHO005440	hydroxyproline-rich glycoprotein family protein	AT5G21280	5634;43231;43227;43226;5575;43229;44424;44464;5623;5622	1425	997	2246	3067	4356	3831.5	3758	6264	9150.5	1028.5	4534.5	5859.5	1352	6292	1677.5	797.5	2398.5	8768	2160.5	7194	2264.5	8604	2341	1282	79558	3977.9
ORTHO000727	heat shock protein 60-2	AT2G33210;AT3G13860;AT3G23990	9570;9532;44435;44444;44424;44464;5575;5623;5622;5737;44446;44422;43226;43229;9536;43231;43227;44434;9507;5739;5886;16020;71944;42026;6457;9987;8150;5507;46914;46872;43169;43167;5488;3674;9941;9526;31967;31975;5774;44437;5773;98588;31090;98805;5524;35639;1901265;1901363;97159;43168;32559;30554;17076;166;36094;32555;32553;97367;32550;32549;1882;1883;9735;9725;9719;50896;10033;42221;6954;6952;6950;46686;10038;10035;22626;44445;5829;5840;30529;32991;43232;43228;51131;43623;6461;65003;43933;16043;71840;22607;44085;71822;70271;34622;5759;44429;70013;43233;31974;9408;9266;9628;7005;6996	1426	755	2227.5	3029	672.5	790.5	1938.5	2250	8676	879.5	3426.5	5372	9103	4760	292.5	1132.5	2452.5	8063	1440.5	8843	8264.5	8182	1802.5	1597.5	79266.5	3.963.325
ORTHO006461	basic helix-loop-helix (bHLH) DNA-binding family protein	AT5G56960	6355;1903506;2001141;31326;9889;19222;50789;65007;8150;31323;50794;51252;19219;80090;51171;60255;10556;10468;2000112;46983;5515;5488;3674;3700;1071;10200;10243;9719;50896;10033;42221;1901698;1901700;5634;43231;43227;43226;5575;43229;44424;44464;5623;5622;6351;34645;44260;43170;71704;8152;44237;9987;9059;1901576;9058;44249;97659;32774;16070;90304;6139;46483;6725;1901360;34641;6807;44238;34654;19438;44271;18130;1901362;10467;3677;3676;1901363;97159	1427	1250	2448.5	3470	1066.5	3859	8930	1484	435	1233	2992.5	9106.5	1352	5023	693	1429.5	1941.5	7934	1253	7647	8909	8588.5	2341	6669	81820.5	4.091.025
ORTHO003533	Mitochondrial substrate carrier family protein	AT5G19760	6810;51234;51179;8150;5774;44437;44444;44424;44464;5575;5623;5622;5737;44446;44422;43226;43229;5773;43231;43227;98588;31090;16020;98805;9941;9526;31967;31975;44435;9536;44434;9507;5743;19866;31966;44429;5739;5740;17077;22857;5215;3674;55085;44763;9987;44699;44765;1902578;15992;15672;6812;6811;6818;15142;46943;8514;8509;15075;22891;22892;34220;98656;6820;15711;71702;5342;1903825;15849;46942;35674;6842;16021;31224;44425;9506;5911;30054;55044;5618;30312;71944;6839;1902582;46907;51649;51641;5310;6835	1428	337	1853	2278	672.5	585	1627	8606	702.5	3485.5	669	2131	1352	5645.5	1462	508.5	2483	8080	6265.5	8632.5	9043.5	8005	2202	3037	74522.5	3.726.125
ORTHO004356	basic helix-loop-helix (bHLH) DNA-binding superfamily protein	AT2G40200	6351;34645;44260;43170;71704;8152;8150;44237;9987;9059;1901576;9058;44249;97659;32774;16070;90304;6139;46483;6725;1901360;34641;6807;44238;34654;19438;44271;18130;1901362;10467;6355;1903506;2001141;31326;9889;19222;50789;65007;31323;50794;51252;19219;80090;51171;60255;10556;10468;2000112;5634;43231;43227;43226;5575;43229;44424;44464;5623;5622;46983;5515;5488;3674;3700;1071;3677;3676;1901363;97159	1429	1016	2742.5	4056	4356	1777	444.5	4251.5	1042.5	1970.5	1144	4111	4176	8862.5	6687	797.5	4191.5	7431.5	8435	1371	8400	8182	8405	3447.5	85127.5	4.256.375
ORTHO002948	Protein of unknown function (DUF579)	AT1G27930;AT1G67330	5802;98791;44431;44444;44424;44464;5575;5623;5622;5737;44446;44422;43226;43229;5794;43231;43227;12505;31984;5515;5488;3674;5768;8150;5739	1430	2438	1788	2146	1689.5	214	5735	2114.5	1042.5	5024	2653	466.5	4020	7850	7377.5	2476	6244	6085	7712	3331	1880	3311	1888	4060.5	73484.5	3.674.225
ORTHO002661	NAP1-related protein 2	AT1G18800;AT1G74560	5737;44424;44464;5575;5623;5622;10311;9791;44767;32502;8150;44699;44707;32501;7275;48645;48646;9653;48856;9887;48513;48731;10102;10101;10015;48364;22622;9886;48528;48569;48527;42393;5515;5488;3674;6334;65004;71824;43933;16043;71840;9987;34622;65003;22607;44085;34728;6325;51276;6996;71822;6461;70271;31497;6333;6323;71103;5634;43231;43227;43226;43229;3682;44877;3677;3676;1901363;97159;8283;16444;6310;6259;44260;43170;71704;8152;44237;90304;6139;46483;6725;1901360;34641;6807;44238;30154;48869;44763;5829;44444;46686;10038;10035;42221;50896	1431	3521	3434	5437	1522.5	7603	6719	8593	2849.5	4574.5	3526	5780	1352	5523.5	810.5	2080.5	8179	7821.5	8655.5	1584.5	5265	7725	1847	1735.5	92224.5	4.611.225
ORTHO005059	Protein of unknown function; DUF593	AT1G08800	5737;44424;44464;5575;5623;5622;17022;8092;5515;5488;3674;30133;16023;31988;43227;43226;31982;43231;43229;31410;44444;12505;16021;31224;44425;16020	1432	1438	1176	920	1449.5	717.5	5849	63.5	3471	1604.5	982	5327.5	1352	9146.5	6608.5	1175.5	1764.5	7846	2809	2008	2369	6714	1157	172	61137	3056.85
ORTHO004263	starch synthase 3	AT1G11720	9501;9536;43231;43227;43226;5575;43229;44424;44464;5623;5622;44444;5737;16757;16740;3824;3674;8152;8150;9011;46527;16758;4373;35251;8194;5739;42802;5515;5488;9507;19252;9250;33692;271;5976;5975;71704;44238;43170;16051;44723;44710;44699;1901576;9058;44711;9059;34637;44262;44237;9987;44763;44249;44264;44260;34645;6073;44042;5982;10021;1901137;1901135;2000896	1433	1809	3484	5535	4356	4208.5	1358	3393.5	3568	7094.5	4715	7478.5	8519	5481.5	1223	1606	8092	8794	8406.5	2496	2896	7756.5	2369	3289.5	92745	4637.25
ORTHO001236_2	Phosphoglucomutase/phosphomannomutase family protein	AT1G23190;AT1G70730	19255;19637;71704;8152;8150;6793;44237;9987;1901135;6796;5992;46351;5984;44262;5975;44238;9311;44723;44710;44699;44763;34637;16051;1901576;9058;44711;44249;9312;5991;46686;10038;10035;42221;50896;4614;16868;16866;16853;3824;3674;10319;44435;44444;44424;44464;5575;5623;5622;5737;44446;44422;43226;43229;9536;43231;43227;9526;31967;31975;5886;16020;71944;5829;9570;9532;44434;9507;9590;9582;9628;51606;9629;9581;9605;287;46872;43169;43167;5488;48229;7275;44767;32502;44707;32501;19252;9250;33692;271;5976;43170;9059;44264;44260;34645;6073;44042;5982;19388;19320;19318;5996;44281;46365;44724;44712;9056;16052;1901575;44282;6012;5634;6874;6875;55065;98771;50801;48878;42592;65008;65007;55080;30003;6873;55082;19725;55074;72507;72503;6006;5978;5977;6112;15980;6091;55114;48046;5576	1434	2319	4047.5	6661	1281	4633.5	1330.5	3769	2995.5	8934.5	2809.5	6701	7743	8747	6378.5	7782	8888	8278	2201.5	2059.5	7386	3026	1615	3920	99198	4959.9
ORTHO004870	LSD1 zinc finger family protein	AT4G20380	5515;5488;3674;9626;34050;12501;8219;16265;44699;8150;44763;9987;45087;6952;6950;50896;6955;2376;33554;51716;5576;5575;10602;6521;80090;19222;50789;65007;10565;31323;50794;33238;51171;9862;9863;7165;7154;44700;23052;71446;71407;14070;10033;42221;71310;70887;9751;1101;1901700;71229;1901701;9627;9814;98542;51707;43207;9605;9607;51704;5634;43231;43227;43226;43229;44424;44464;5623;5622;10104;70297;1902531;9966;10646;48583;23051;1666;36293;70482;9628;2240;2239;303;305;302;6979;10035;10618;44767;32502;48646;9653;48856;43067;10941;10310;2000377;5737;3700;1071;2001141;31326;9889;51252;19219;60255;10556;6355;1903506;10468;2000112;43069;60548;48523;48519	1435	1701	3802.5	6170	4356	2837	6606.5	7762	2301	3622.5	3269.5	5395	8675.5	5233	810.5	508.5	7513	7910.5	8750.5	920	1673.5	8566.5	8952	4898	96205	4810.25
ORTHO004800	RNA-binding KH domain-containing protein	AT4G26000	3723;3676;1901363;5488;3674;97159;6396;16070;44260;43170;71704;8152;8150;44237;9987;90304;6139;46483;6725;1901360;34641;6807;44238;10467;48367;44767;32502;44699;48731;48856;7275;44707;32501;5634;43231;43227;43226;5575;43229;44424;44464;5623;5622;6355;1903506;2001141;31326;9889;19222;50789;65007;31323;50794;51252;19219;80090;51171;60255;10556;10468;2000112;48577;48581;48580;2000026;50793;51239;51241;48519;51093;48585;48583;2000242;2000241;48587;2000028;48579;48586;9299;6351;34645;9059;1901576;9058;44249;97659;32774;34654;19438;44271;18130;1901362;48467;48438;44702;22414;3006;9908;90567;48608;61458;9791	1436	855	1667	1898	672.5	4913	1720.5	765	8676	502	435.5	1389.5	1352	7448.5	9094.5	2476	8562.5	6946	1942.5	5277	1121	6679	1361	1215.5	71877	3593.85
ORTHO000696_1	glyoxalase 2-4	AT1G06130;AT1G08450;AT2G31350	8270;46914;46872;43169;43167;5488;3674;19243;61727;51596;9438;6081;71704;8152;8150;44763;9987;44699;44237;44710;42180;44281;46185;44712;9056;1901575;44248;42182;44282;6089;1901615;32787;19752;43436;6082;4416;16790;16788;16787;3824;5739;43231;43227;43226;5575;43229;44424;44464;5623;5622;44444;5737;6750;19184;43043;43604;43603;34641;6807;44271;44249;9058;6518;1901564;1901566;1901576;44272;6790;6749;6575;42398;9507;9536;6457;5783;12505;9626;34050;12501;8219;16265;45087;6952;6950;50896;6955;2376;33554;51716;5789;98588;31090;16020;44422;44432;44446;44425;42175;30246;5788;70013;43233;31974;46283;9812;42440;51082;5515;10204;2218;2253;50778;48584;48518;50789;65007;48583;50776;2682;2684;45089;31349;31347;80134;45088;7165;50794;7154;44700;23052;42742;9617;51707;43207;9605;9607;51704;98542;55074;72507;98771;50801;48878;42592;65008;55080;55065;5509;5506	1437	941	2451	3465	672.5	3739.5	6478	1322	985	5416	1211	8051	1352	9152.5	6955.5	1073.5	630	6854.5	1399	681.5	7786.5	8676.5	8163.5	1858	81785.5	4.089.275
ORTHO000813	methionine synthase 2	AT3G03780;AT5G17920;AT5G20980	9651;6970;9628;50896;8150;6950;9941;9526;31967;31975;44464;5575;5623;44446;44422;43226;44424;5622;43229;43227;44435;44444;5737;9536;43231;44434;9507;9086;97;96;6790;44237;8152;9987;6520;1901564;71704;6807;19752;43436;6082;44281;44710;44699;44763;44238;44272;44249;9058;8652;46394;16053;44283;44711;1901576;1901566;9067;9066;1901605;1901607;6555;8705;8172;8168;16741;16740;3824;3674;32259;42084;48046;5576;9506;5911;30054;55044;5829;5886;16020;71944;50667;6575;3871;42085;46686;10038;10035;42221;9570;9532;5777;42579;5507;46914;46872;43169;43167;5488;5774;44437;5773;98588;31090;98805;8270;10043;1990267	1438	2403	3031.5	4625	5121	7071.5	6840	4640	7748	6223	3526	8207.5	6397.5	6501	7667.5	1307	7777	3750.5	358	3396.5	3252	1910	340.5	1047.5	87961	4398.05
ORTHO003992	cyclin-dependent kinase B2	AT1G20930;AT1G76540	8353;4674;4672;16301;16772;16740;3824;3674;8152;8150;16310;6796;6793;44237;9987;16773;6468;6464;36211;19538;43170;71704;44238;43412;44267;44260;5515;5488;9755;7165;50794;50789;65007;51716;50896;7154;44763;44699;44700;23052;32870;9725;9719;10033;42221;71495;71310;70887;7346;51726;10389;1902749;1901987;10564;1901990;87;98763;22403;44848;279;4693;97472;5634;43231;43227;43226;5575;43229;44424;44464;5623;5622;46777;5524;35639;1901265;1901363;97159;43168;43167;32559;30554;17076;166;36094;32555;32553;97367;32550;32549;1882;1883;9934;48509;2000026;50793;51239;22603;86;44839;44770;22402;7049;44772;1903047;278;307;1902911;61695;1990234;1902494;43234;32991;10583;14070;16572;16570;16569;16568;6325;43933;16043;71840;51276;6996;1902589;44710	1439	1026	1139.75	840.5	672.5	3788.5	162.5	30.5	81	1567.5	169.5	6701	3459.5	6257.5	6378.5	797.5	118	8751	2361.5	3184	3195.5	9154	3339	450.5	59947	2997.35
ORTHO003934	basic helix-loop-helix (bHLH) DNA-binding superfamily protein	AT2G46810;AT3G61950;AT4G01460	5634;43231;43227;43226;5575;43229;44424;44464;5623;5622;3700;1071;3674;2001141;31326;9889;19222;50789;65007;8150;31323;50794;51252;19219;80090;51171;60255;10556;6355;1903506;10468;2000112;3677;3676;1901363;5488;97159;46983;5515;6351;34645;44260;43170;71704;8152;44237;9987;9059;1901576;9058;44249;97659;32774;16070;90304;6139;46483;6725;1901360;34641;6807;44238;34654;19438;44271;18130;1901362;10467	1440	2977	1009.5	579	4356	1089	2328.5	2000	4452.5	3448	1981	2851	5338.5	3815.5	3265	1606	4135	3121	3585.5	4060.5	517	1358.5	2917	2575	54444.5	2.722.225
ORTHO001217	unknown protein	AT2G24100;AT4G30780	5634;43231;43227;43226;5575;43229;44424;44464;5623;5622;3674;8150	1441	2165	1435.5	1430	1689.5	923	1744	7084	317.5	238.5	435.5	551.5	7377.5	4560	6378.5	1830	630	5569	5128	4727.5	6180.5	4612.5	5541.5	3841	67670	3383.5
ORTHO001757_1	AMP deaminase; putative / myoadenylate deaminase; putative	AT2G38280	5783;43231;43227;43226;5575;43229;44424;44464;5623;5622;44444;5737;12505;5634;5829;46872;43169;43167;5488;3674;31307;31306;98573;31300;44422;31224;44425;16020;31090;44455;44429;44446;5739;31966;5740;31967;31975;5741;31968;19867;98805;98588;32592;31301;16021;3876;47623;19239;3824;8152;8150;16814;16810;16787;5524;35639;1901265;1901363;97159;43168;32559;30554;17076;166;36094;32555;32553;97367;32550;32549;1882;1883;9793;44702;22414;44699;3006;32502;9790;44767;48856;7275;44707;32501;48316;48608;61458;48731;9791;10154;32264;32261;43173;43094;44249;9058;44237;9987;9165;1901293;90407;19637;71704;6793;1901576;6753;55086;6139;46483;6725;1901360;34641;6807;44238;44281;44710;44763;6796;34654;19438;44271;18130;1901362;44711;9117;6164;72522;72521;1901564;1901566;6163;43101;6188;46040;9150;9259;19693;1901135;9167;9161;9123;9126;9152;9260;46390;1901137;9168;9156;9124;9127;9737;9725;9719;50896;10033;42221;33993;97305;1901700;1101;43424;19901;19900;19899;5515	1442	558	1119	796	672.5	6810	1484	765	175.5	502	271.5	7726.5	7743	4706.5	6378.5	136	3039	6145	224.5	4297.5	740.5	4169	3072.5	757.5	59144	2957.2
ORTHO002800	RNA-binding (RRM/RBD/RNP motifs) family protein	AT2G41060;AT3G56860	10150;10260;7568;44767;32502;8150;44699;48513;48856;48731;7275;44707;32501;48366;48827;48367;5737;44424;44464;5575;5623;5622;3723;3676;1901363;5488;3674;97159;166;36094;1901265;9693;9692;43449;1900673;71704;8152;44237;9987;43450;1900674;1901576;9058;44249;6952;6950;50896;8219;16265;44763;5634;43231;43227;43226;43229;5829;44444;48255;43488;43487;10608;10468;60255;19222;50789;65007;65008;43489;17091;9738;9755;7165;50794;51716;7154;44700;23052;32870;9725;9719;10033;42221;71495;71310;70887;71215;9737;33993;97305;1901700;1101;71396;97306;1901701;71229;5515	1443	1110	967	491	1066.5	7834.5	2528	1780.5	1839.5	334.5	982	2000.5	1352	4662.5	6007	508.5	2152.5	5720	3149.5	3638.5	3646	1277	1498	1414.5	52325.5	2.616.275
ORTHO002506	Cytochrome C1 family	AT3G27240;AT5G40810	5886;16020;5575;44464;5623;71944;5773;43231;43227;43226;43229;44424;5622;44444;5737;5746;44455;44429;44446;44422;5739;44425;31966;31090;5740;31967;31975;70469;5743;19866;5774;44437;98588;98805;5506;46914;46872;43169;43167;5488;3674;45153;9055;5750;45275;1902495;98796;43234;32991;1990351;16021;31224;1990204;1902494;70069;98803;98800;98798;20037;46906;1901363;97159;5515;55114;44710;8152;8150;44699	1444	1468	1292.5	1141	1066.5	7877	715.5	310.5	1328.5	1842.5	5577	2729	8306	7954.5	8942.5	976.5	2230.5	4400	1668	951.5	479.5	4169	969	2850	64277	3213.85
ORTHO003015	26S proteasome; regulatory subunit Rpn7	AT4G24820	5829;44444;44424;44464;5575;5623;5622;5737;5886;16020;71944;9507;9536;43231;43227;43226;43229;30163;19538;43170;71704;8152;8150;44238;9057;1901575;9056;8541;43234;32991;5838;22624;502;5634;6511;19941;51603;6508;44257;44265;44260;44237;9987;44248;44267;43632;3674	1445	1523	1807	2169	1449.5	3316.5	822.5	8991	3717	3109	4783	6674.5	1352	5129	400.5	1132.5	7708	8880	2437	4012.5	2722.5	6791.5	728.5	926.5	73634	3681.7
ORTHO002690	polymerase gamma 2	AT1G50840;AT3G20540	6281;6259;44260;43170;71704;8152;8150;44237;9987;90304;6139;46483;6725;1901360;34641;6807;44238;6974;33554;51716;50896;6950;44763;44699;44710;33259;6261;6260;34645;9059;1901576;9058;44249;33258;9657;6996;16043;71840;9507;9536;43231;43227;43226;5575;43229;44424;44464;5623;5622;44444;5737;71897;34654;19438;44271;18130;1901362;6264;32042;2;7005;8409;4527;4518;16788;16787;3824;3674;90305;5634;3887;34061;16779;16772;16740;3677;3676;1901363;5488;97159;5739;8408;6302;9295	1446	1612	1484	1522	1281	3446.5	9029	3310.5	75.5	4523	195.5	1471	1352	8123.5	9008.5	1073.5	9020.5	7273.5	2626	1698.5	2409.5	433	500	2850	68419.5	3.420.975
ORTHO005423	Protein of unknown function (DUF3223)	AT5G62440	9308;1901564;71704;8152;8150;6807;9790;44767;32502;44699;48856;7275;44707;32501;17126;44085;71840;7000;6997;6996;16043;9987;5737;44424;44464;5575;5623;5622;51302;50794;50789;65007;48038;48037;5488;3674;5507;46914;46872;43169;43167;5634;43231;43227;43226;43229	1447	1825	3548.5	5650	4356	2054	4928.5	7762	1625	5127.5	6763.5	790	1352	5258.5	766.5	1429.5	7513	7910.5	8750.5	461.5	8438.5	8566.5	8952	4898	93347.5	4.667.375
ORTHO004429	unknown protein	AT3G13410	5783;43231;43227;43226;5575;43229;44424;44464;5623;5622;44444;5737;12505;8150;3674	1448	2258	3493.5	5539	4356	1423	6309	7290.5	867	502	9015.5	8158.5	1352	8576.5	8726.5	2476	1266	6085	6109.5	1509.5	5903.5	6759.5	6413.5	4016	92759	4637.95
ORTHO002522	26S proteasome AAA-ATPase subunit RPT5B	AT1G09100;AT3G05530	45899;60261;45944;45893;10628;10604;9893;48518;50789;65007;8150;19222;60255;10468;1903508;1903506;2001141;31326;9889;31323;50794;51252;19219;80090;51171;10556;1902680;51254;45935;31325;48522;51173;31328;9891;10557;6355;2000112;6357;60260;2000142;43254;44087;51128;2000144;31334;51130;44089;45898;10498;51603;6508;19538;43170;71704;8152;44238;44257;30163;9057;1901575;9056;44265;44260;44237;9987;44248;44267;31595;44428;44446;44422;5575;43226;44424;44464;5623;5622;43229;5634;43231;43227;502;43234;32991;31981;70013;43233;31974;30433;43161;6511;19941;43632;36503;44712;44710;44699;44763;10033;42221;50896;34976;33554;51716;6950;16887;17111;16462;16818;16817;16787;3824;3674;9553;48229;7275;44767;32502;44707;32501;48856;9555;36402;42623;1901800;1903052;1903050;1903362;31329;9894;42176;51246;32268;30162;1903364;32270;51247;31331;9896;45732;45862;61136;10255;9757;10182;9756;7165;7154;44700;23052;71322;71310;70887;1901701;1901700;9743;71331;9746;34284;71326;71333;9749;1678;42593;33500;48878;42592;65008;55082;19725;16020;31597;44445;44444;5737;5829;5516;5515;5488;5886;71944;17025;8134;8540;5838;22624	1449	1020	1343	1237	4356	407.5	6430	1389	931	1058	5314.5	485	8094	6542.5	8163.5	797.5	7557.5	6330	472.5	860	5170.5	2541	827.5	2046	65417.5	3.270.875
ORTHO004004	RING/U-box superfamily protein	AT2G20650;AT4G28370	8270;46914;46872;43169;43167;5488;3674;5886;16020;5575;44464;5623;71944;16874;3824;8152;8150;9827;42545;71555;45229;16043;71840;9987;71554;9664;71669;4842;19787;16740;16567;32446;70647;6464;36211;19538;43170;71704;44238;43412;44267;44260;44237;48363;45488;10393;5976;5975;10191;80001;44702;22414;44699;48609;32504;3;32501;9845;44707;90351;9791;44767;32502;7275;48316;48608;3006;48856;61458;48731;10154;12505	1450	1831	1016.5	583	1281	273.5	2528	4133.5	702.5	1642.5	1810	998	6397.5	4616	6137	1830	1903.5	5101.5	4205.5	4169.5	3870	1132	1705	1414.5	54570	2728.5
ORTHO002443	ADP-glucose pyrophosphorylase family protein	AT1G74910;AT2G04650	9058;8152;8150;5829;44444;44424;44464;5575;5623;5622;5737;5777;42579;43231;43227;43226;43229;46686;10038;10035;42221;50896;16779;16772;16740;3824;3674	1451	901	952	453	672.5	6184	444.5	805.5	1430.5	2799	56	1576.5	1352	4662.5	6378.5	1830	2976.5	5824	418	884	5170.5	3374.5	3591.5	1794	51552	2577.6
ORTHO001864	unknown protein	AT3G03280	5634;43231;43227;43226;5575;43229;44424;44464;5623;5622;3674	1452	3057	4471.5	7491	5552	3531	7830.5	7244.5	3279	2702	4663	907	7121	7213.5	7258.5	2476	5404	8428.5	1537.5	8918.5	2086.5	7637.5	8455.5	8159	104853	5242.65
ORTHO000766_2	Ypt/Rab-GAP domain of gyp1p superfamily protein	AT2G20440;AT4G28550	5634;43231;43227;43226;5575;43229;44424;44464;5623;5622;5737	1453	2644	3859.5	6266	4356	3573	8571.5	2392	9059	1003.5	3136.5	5150	1352	5581	599	1606	7615.5	7942.5	2419.5	1960	8738	8814.5	9065.5	8159	96738	4836.9
ORTHO001358_2	SIGNAL PEPTIDE PEPTIDASE-LIKE 1	AT4G33410	5768;43231;43227;43226;5575;43229;44424;44464;5623;5622;44444;5737;12505;5802;98791;44431;44446;44422;5794;31984;5886;16020;71944;6508;19538;43170;71704;8152;8150;44238;10008;98588;31090;44440;98805;16021;31224;44425;4190;70001;70011;8233;16787;3824;3674;4175	1454	480	1126	798	672.5	1859.5	575	428.5	3425	1709.5	147	2197	1352	6187	1292	797.5	1806	8751	2487.5	3274.5	3323	9036.5	8827.5	1769	59245	2962.25
ORTHO000407	poly(A) binding protein 3	AT1G22760;AT1G49760;AT1G71770;AT2G23350;AT4G34110	6417;10608;10468;60255;19222;50789;65007;8150;32268;51246;80090;31323;50794;34248;51171;2000112;31326;9889;10556;3723;3676;1901363;5488;3674;97159;5737;44424;44464;5575;5623;5622;6412;43043;43604;43603;34641;6807;8152;44237;9987;44271;44249;9058;6518;1901564;71704;1901566;1901576;44267;19538;43170;44238;44260;34645;9059;10467;60211;1900151;61013;31329;9894;1903311;51252;19219;31440;50684;5634;43231;43227;43226;43229;6397;16071;16070;90304;6139;46483;6725;1901360;6396;184;956;6402;6401;44265;9057;1901575;9056;44248;34655;19439;44270;1901361;46700;166;36094;1901265;3743;8135;6413;16032;44764;51704;44403;44419;5515;46686;10038;10035;42221;50896;5829;44444;289;288;8143;70717;3727;6446;9651;6970;9628;6950	1455	2281	1142	829	1479.5	780	2264.5	2322	8676	136	582	1471	6071.5	4295.5	5761.5	2914	3245	2199.5	3172	4331	3341	2763	4216.5	1297.5	59839.5	2.991.975
ORTHO001102	cytochrome P450; family 86; subfamily C; polypeptide 3	AT1G13140;AT1G13150;AT1G24540;AT3G26125;AT5G08250;AT5G23190	55114;44710;8152;8150;44699;19825;5488;3674;4497;16491;3824;5506;46914;46872;43169;43167;16705;20037;46906;1901363;97159;5575;71555;45229;16043;71840;9987;71554;42761;6633;72330;46394;16053;6082;71704;44281;44763;44237;44283;44711;9058;1901576;44249;19752;43436;32787;6631;44255;6629;44238;8610;38;16021;31224;44425;16020;5789;98588;31090;44422;43226;43227;44432;44444;44424;44464;5623;5622;5737;44446;43229;5783;43231;12505;42175;9507;9536;10345;9699;19438;6725;1901362;1901360;44550;19748;9698	1456	1538	2838.5	4221	1066.5	2672	1672.5	1547.5	6225	1970.5	5520.5	2729	7743	7779.5	8726.5	2476	2107.5	6330	6835.5	4473	6578.5	5059	1121.5	4413.5	85980.5	4.299.025
ORTHO002004	P-loop containing nucleoside triphosphate hydrolases superfamily protein	AT3G45090;AT5G60760	5634;43231;43227;43226;5575;43229;44424;44464;5623;5622;10264;33517;43647;19637;71704;8152;8150;6793;44237;9987;19751;6066;1901615;44281;44710;44699;44763;6796;32958;46173;46165;1901617;1901576;9058;44283;44711;90407;3674	1457	2261	3376.5	5296	4356	7169.5	1184.5	1640.5	3237.5	4902	7040	409.5	1352	5258.5	810.5	1429.5	7513	8776.5	8987	3208	3055	8544.5	8896.5	8062	91476.5	4.573.825
ORTHO001559	basic helix-loop-helix (bHLH) DNA-binding superfamily protein	AT5G54680	5634;43231;43227;43226;5575;43229;44424;44464;5623;5622;3700;1071;3674;2001141;31326;9889;19222;50789;65007;8150;31323;50794;51252;19219;80090;51171;60255;10556;6355;1903506;10468;2000112;3677;3676;1901363;5488;97159;6351;34645;44260;43170;71704;8152;44237;9987;9059;1901576;9058;44249;97659;32774;16070;90304;6139;46483;6725;1901360;34641;6807;44238;34654;19438;44271;18130;1901362;10467;46983;5515	1458	2968	4637.5	7817	5552	8845.5	3430	4571	8656.5	7298.5	3989.5	8763	1352	5523.5	1109.5	6712.5	8711.5	4982.5	1612.5	6103	6578.5	8148	2129.5	8821.5	107338.5	5.366.925
ORTHO003457	Nuclear transport factor 2 (NTF2) family protein with RNA binding (RRM-RBD-RNP motifs) domain	AT3G25150	6810;51234;51179;8150;166;36094;5488;3674;1901265;1901363;97159;3723;3676;9507;9536;43231;43227;43226;5575;43229;44424;44464;5623;5622;44444;5737;6913;16482;46907;51649;51641;51169	1459	1149	1552	1645	1066.5	2629	2627.5	864	553.5	450.5	744	1576.5	8306	7954.5	8968.5	2476	5365	6808.5	4756.5	5400	298	5308.5	1337.5	2940	69364	3468.2
ORTHO005395	unknown protein	AT3G02900;AT5G16660	9941;9526;31967;31975;44464;5575;5623;44446;44422;43226;44424;5622;43229;43227;44435;44444;5737;9536;43231;44434;9507;3674;8150;9535;55035;42651;34357;16020;44436;9579;31976;31984;9534	1460	2106	2515	3570	1281	8007.5	2328.5	2114.5	4551	2736.5	2129.5	3108	7743	7536	8593.5	2476	1780.5	6183.5	4756.5	5002	280	6512.5	4264	2229	82332	4116.6
ORTHO000573	P-loop containing nucleoside triphosphate hydrolases superfamily protein	AT1G53390;AT2G37010;AT5G60740	55085;44763;9987;8150;44699;44765;6810;51234;51179;1902578;42626;43492;42623;16887;17111;16462;16818;16817;16787;3824;3674;8152;15405;15399;22804;22857;5215;16820;5886;16020;5575;44464;5623;71944;16021;31224;44425;5524;35639;1901265;1901363;5488;97159;43168;43167;32559;30554;17076;166;36094;32555;32553;97367;32550;32549;1882;1883;9506;5911;30054;55044;5576	1461	988	2373	3285	672.5	2557.5	1490.5	4227	8656.5	334.5	478.5	1422	1352	7300	9022.5	267	294.5	7028	5589.5	5215.5	2672	7923.5	8163.5	6801.5	80796	4039.8
ORTHO004678	UDP-galactose transporter 3	AT1G14360;AT2G02810	98656;6820;6811;44765;6810;51234;51179;8150;1902578;44699;34220;55085;44763;9987;9553;48229;7275;44767;32502;44707;32501;48856;90481;15781;15780;1901264;71702;6862;15748;15931;71705;72531;1901679;30176;31227;44432;44444;44424;44464;5575;5623;5622;5737;44446;44422;43226;43229;5783;43231;43227;12505;31300;31224;44425;16020;31090;5789;98588;42175;31301;16021;30968;7165;50794;50789;65007;51716;50896;7154;44700;23052;34976;33554;6950;34620;6986;35966;10033;42221;35967;71310;70887;30173;31228;44431;5794;139;15165;5338;1901505;5215;3674;15215;15605;1901677;22857;15932;22891;22892;5460;8514;8509;15075;15711;15786;9555;9507;9536;5459;72334;34219;8643;15785	1462	1453	740	18	4356	4794.5	1330.5	310.5	75.5	642.5	5002	367.5	4049	138	136.5	335	2770	451.5	74.5	2496	142.5	424.5	1322	290.5	25153	1257.65
ORTHO002909	Target of Myb protein 1	AT5G16880	5634;43231;43227;43226;5575;43229;44424;44464;5623;5622;6886;15031;45184;51234;51179;8150;8104;33036;71702;6810;46907;51649;51641;34613;70727;8565;22892;5215;3674;5795;98791;44431;44444;5737;44446;44422;5794;12505;31984;5829;6891;48193;1902582;44765;1902578;44699;16192;5886;16020;71944	1463	2498	1359	1255	1408	4415.5	1985	4133.5	1839.5	5263.5	1810	998	6397.5	4415.5	6007	1830	1102.5	5056.5	3792	4169.5	3870	1910	3945	2699.5	65640	3282
ORTHO002992	alpha/beta-Hydrolases superfamily protein	AT2G47630;AT3G62860	16298;16788;16787;3824;3674;8152;8150;5886;16020;5575;44464;5623;71944;6629;71704;44710;44699;44238	1464	2896	2064.5	2665	2097	7455.5	1358	4183	1839.5	7035	2539	6440	5740	6501	6867.5	2476	1798	7408	1118.5	2156.5	2945.5	4067	2513.5	2699.5	77141	3857.05
ORTHO005489	winged-helix DNA-binding transcription factor family protein	AT4G11660	45892;1903507;1903506;2001141;31326;9889;19222;50789;65007;8150;31323;50794;51252;19219;80090;51171;60255;10556;1902679;51253;10605;9892;48519;45934;51172;31324;48523;31327;9890;10558;10629;10468;6355;2000112;2000113;10200;10243;9719;50896;10033;42221;1901698;1901700;5634;43231;43227;43226;5575;43229;44424;44464;5623;5622;3700;1071;3674;43565;3677;3676;1901363;5488;97159;6351;34645;44260;43170;71704;8152;44237;9987;9059;1901576;9058;44249;97659;32774;16070;90304;6139;46483;6725;1901360;34641;6807;44238;34654;19438;44271;18130;1901362;10467	1465	3433	4377	7289	2097	7766.5	8876	2185	8207	3665	124.5	3034.5	3846.5	6971	7258.5	5325.5	562	5518	7562	4848	7489.5	7603.5	8436	4016	103295	5164.75
ORTHO005655	unknown protein	AT1G76250	5739;43231;43227;43226;5575;43229;44424;44464;5623;5622;44444;5737;8150	1466	1869	1037	608	4356	3386.5	1011	488	553.5	5434	2809.5	790	1352	5972.5	4233.5	1996.5	2569.5	8470.5	2399	3396.5	1889.5	4612.5	1918	2091	55373.5	2.768.675
ORTHO005893	FASCICLIN-like arabinogalactan protein 8	AT2G45470;AT3G60900	31225;31224;44425;5575;16020;9505;5618;30312;44464;5623;71944;5886;48046;5576;46658;31226;44459	1467	2669	2648.5	3830	1812	390.5	3327	3038.5	9089	7620	4923.5	1471	1352	5549.5	1109.5	1830	8092	8966	8673	3377.5	3122.5	4970.5	1828	5041.5	83771.5	4.188.575
ORTHO001715	CDP-diacylglycerol synthase 1	AT1G62430;AT4G22340;AT4G26770	5739;43231;43227;43226;5575;43229;44424;44464;5623;5622;44444;5737;5789;98588;31090;16020;44422;44432;44446;5783;12505;44425;42175;16024;46474;6650;6644;19637;71704;8152;8150;6793;44237;9987;44255;6629;44710;44699;44238;44763;6796;46486;45017;8610;1901576;9058;44711;44249;8654;90407;46341;80186;48589;44767;32502;40007;4605;70567;16779;16772;16740;3824;3674;6655;46471	1468	1001	1381	1294	672.5	8214	822.5	2614.5	4452.5	6156.5	319	3775.5	1352	5258.5	960	1429.5	1660	9142.5	9069.5	2373.5	2711.5	636	827.5	4291.5	66066.5	3.303.325
ORTHO001495	Ubiquitin-conjugating enzyme family protein	AT1G53025;AT3G15355	16567;32446;70647;6464;36211;19538;43170;71704;8152;8150;44238;43412;44267;44260;44237;9987;5524;35639;1901265;1901363;5488;3674;97159;43168;43167;32559;30554;17076;166;36094;32555;32553;97367;32550;32549;1882;1883;16874;3824;16881;16879;5634;43231;43227;43226;5575;43229;44424;44464;5623;5622	1469	3155	857.75	246.5	5268.5	808	3224.5	2044	1954.5	2630.5	5372	2597	3441.5	3497	4462	1239.5	2993.5	1669.5	2819.5	1532.5	538	1110.5	2794.5	595.5	45324	2266.2
ORTHO002379	Protein with RING/U-box and TRAF-like domains	AT2G41980;AT3G58040	43161;10498;51603;6508;19538;43170;71704;8152;8150;44238;44257;30163;9057;1901575;9056;44265;44260;44237;9987;44248;44267;6511;19941;43632;42787;16567;32446;70647;6464;36211;43412;5634;43231;43227;43226;5575;43229;44424;44464;5623;5622;61630;4842;19787;16740;3824;3674;61659;6915;12501;8219;16265;44699;44763;7275;44767;32502;44707;32501;5737;5515;5488	1470	2209	3013.5	4557	1689.5	8050	2951	4238	4507	7152	5431	367.5	7189	6764.5	8203.5	2476	4135	5452.5	1004.5	4473	1786	4970.5	4927.5	3565	87643.5	4.382.175
ORTHO001935	Basic helix-loop-helix (bHLH) DNA-binding family protein	AT1G32640;AT4G17880;AT5G46760	43565;3677;3676;1901363;5488;3674;97159;5515;51090;6355;1903506;2001141;31326;9889;19222;50789;65007;8150;31323;50794;51252;19219;80090;51171;60255;10556;10468;2000112;65009;48364;44767;32502;44699;48513;48856;48731;7275;44707;32501;22622;9759;42435;19438;6725;44237;8152;9987;44249;9058;44271;34641;6807;18130;46483;1901362;1901360;71704;1901576;42430;1901564;1901566;19761;19758;19757;43436;6082;44281;44710;44763;19748;16143;6790;1901657;1901135;16144;1901659;1901137;44711;44272;44550;19760;42343;6568;9072;6520;19752;44238;1901605;6586;6576;44106;9308;45893;10628;10604;9893;48518;1903508;1902680;51254;45935;31325;48522;51173;31328;9891;10557;2000068;31347;80134;48583;43900;32101;2831;3700;1071;9737;9725;9719;50896;10033;42221;33993;97305;1901700;1101;9269;9414;9415;9628;10035;6950;6351;34645;44260;43170;9059;97659;32774;16070;90304;6139;34654;10467;9611;43619;43618;43620;33554;51716;6357;34599;6979;70887;5634;43231;43227;43226;5575;43229;44424;44464;5623;5622;10200;10243;1901698;9753;9963;9962;9867;9755;7165;7154;44700;23052;32870;71495;71310;71395;71229;1901701;46983;9718;46283;9812;42440;9813;46148;43425;8134;6952	1471	2336	3225	4979	1281	1658.5	550.5	1389	69	4095	9170.5	9121	1352	9087.5	7017.5	7782	2179	8196	9122	326.5	100.5	8510	2683	7508	89917.5	4.495.875
ORTHO001871	Quinone reductase family protein	AT4G27270	9506;5911;30054;5575;55044;3955;16655;16651;16491;3824;3674;8152;8150;55114;44710;44699;5886;16020;44464;5623;71944;5737;44424;5622;45892;1903507;1903506;2001141;31326;9889;19222;50789;65007;31323;50794;51252;19219;80090;51171;60255;10556;1902679;51253;10605;9892;48519;45934;51172;31324;48523;31327;9890;10558;10629;10468;6355;2000112;2000113;10181;50662;48037;5488;43168;43167;32553;97367;166;36094;1901265;1901363;97159	1472	3375	4651	7830	4356	8756.5	2791.5	7527.5	8766	4471.5	4601	1198.5	6804.5	6971	7129	7782	7953	8564.5	1862	5637	2313	5213.5	1453	7721.5	107516.5	5.375.825
ORTHO002450	alpha/beta-Hydrolases superfamily protein	AT1G10740;AT1G23330	5576;5575;16787;3824;3674;8152;8150	1473	509	1620	1767	672.5	585	512	3740.5	8980.5	1674	1144	3808	2708.5	6227.5	6484	136	5108	7335.5	2972	299.5	1698	8018	8321	885.5	70637.5	3.531.875
ORTHO001043	Emsy N Terminus (ENT) domain-containing protein	AT2G44440;AT5G13020	50832;98542;6952;6950;50896;8150;51707;43207;9605;9607;51704;9620;5634;43231;43227;43226;5575;43229;44424;44464;5623;5622;3674	1474	313	1371	1268	672.5	585	444.5	129.5	702.5	607.5	865	2597	9130	8766.5	6581	797.5	5240.5	7408	3032	326.5	164	9072	8896.5	417	65762.5	3.288.125
ORTHO002727	sulfoquinovosyldiacylglycerol 2	AT5G01220	9247;46467;6643;44255;6629;71704;8152;8150;44710;44699;44238;44763;9987;44237;8610;1901576;9058;44711;44249;1901137;1901135;6664;1903509;16757;16740;3824;3674;9507;9536;43231;43227;43226;5575;43229;44424;44464;5623;5622;44444;5737;9941;9526;31967;31975;44446;44422;44435;44434;16021;31224;44425;16020;46506;46505;43436;6082;44281;6790;44272;31969;42170;31090;16036;9267;31669;31667;9991;9605;50896;31668;51716;71496;7154;42594;6950;33554;8194;5886;71944;46510;16758	1475	103	988.5	502	112	505	333.5	1013.5	4740.5	607.5	669	1354.5	4159	8418.5	8677	267	3344	6854.5	5272.5	112	643	1466	3896.5	330.5	52664	2633.2
ORTHO004447	BTB/POZ domain with WD40/YVTN repeat-like protein	AT2G24240;AT4G30940	8076;34705;34703;34702;1902495;98796;43234;32991;5575;44425;16020;1990351;16021;31224;98797;44459;44464;5623;5886;71944;5887;31226;6813;15672;6812;6811;44765;6810;51234;51179;8150;1902578;44699;30001;51260;51259;6461;65003;43933;16043;71840;9987;22607;44085;71822;70271;16567;32446;70647;6464;36211;19538;43170;71704;8152;44238;43412;44267;44260;44237;5634;43231;43227;43226;43229;44424;5622;5249;22843;5261;5216;15075;22891;22857;5215;3674;55085;44763;22892;34220;22838;15267;22803;8324;98655;5244;22832;22836;51049;32879;50789;65007;34765;34762;50794;43269;5267;15079;15077;22890;46873;71805;98662;98660;71804	1476	2120	3380.5	5285	4356	8775	1789.5	310.5	460	1028.5	9167.5	9114.5	1352	9087.5	6955.5	2476	2213.5	7967.5	1961.5	9015.5	1620	8566.5	2683	6883	91427	4571.35
ORTHO001730	gamma carbonic anhydrase 1	AT1G19580;AT1G47260	31966;31090;16020;5575;44422;43226;43227;44429;44444;44424;44464;5623;5622;5737;44446;43229;5739;43231;5740;31967;31975;9853;43094;44249;9058;8152;8150;44237;9987;5747;45271;30964;98796;43234;32991;44425;1990204;1902494;98803;70469;98800;98798;44455;5743;19866;5746;46872;43169;43167;5488;3674;4089;16836;16835;16829;3824;42802;5515;70207;51260;51259;6461;65003;43933;16043;71840;22607;44085;71822;70271;70206;9651;6970;9628;50896;6950;9507;9536;2000377;31323;50794;50789;65007;19222;9901;9900;44702;22414;44699;48609;32504;3;32501;48653;44767;32502;3006;48856;48443;48827;48367;48731;7275;44707;48437;48569;48513;9908;90567;48608;61458;9791;48466;48438	1477	2657	3540.5	5604	4356	8425	1011	7461	8616	2721	1810	8507.5	1352	7636	7461.5	2476	1102.5	6737.5	1374.5	461.5	6810.5	6895.5	7667.5	4541	93067.5	4.653.375
ORTHO002969	proteasome beta subunit C1	AT1G21720;AT1G77440	4175;70011;8233;16787;3824;3674;8152;8150;6508;19538;43170;71704;44238;5737;44424;44464;5575;5623;5622;502;43234;32991;10499;10498;51603;44257;30163;9057;1901575;9056;44265;44260;44237;9987;44248;44267;5829;44444;43161;6511;19941;43632;5774;44437;44446;44422;43226;43229;5773;43231;43227;98588;31090;16020;98805;5839	1478	1265	3558	5638	1066.5	2776	3513	3276	635	1094.5	3269.5	4421	8605	9013	6687	2476	2351.5	8045.5	8526	6632	8828	7814.5	1847	3447.5	93258	4662.9
ORTHO003637	SAC3/GANP/Nin1/mts3/eIF-3 p25 family	AT2G39340	5634;43231;43227;43226;5575;43229;44424;44464;5623;5622;3674;8150	1479	1570	4274.5	7070	4356	8600	3758	1780.5	5221.5	4372	2129.5	5295.5	8675.5	5175	693	508.5	7582.5	7846	1942.5	6754	9055.5	8566.5	8641.5	5222.5	101820	5091
ORTHO003280	Protein kinase superfamily protein	AT3G08760	5886;16020;5575;44464;5623;71944;16301;16772;16740;3824;3674;8152;8150;16310;6796;6793;44237;9987	1480	565	1596.5	1713	672.5	663	512	378.5	9172	6934	4490.5	5931	1352	8610	8838	1073.5	2268.5	8645	2632.5	2289	2672	1910	827.5	885.5	70084.5	3.504.225
ORTHO004602	F-box family protein	AT1G61340;AT4G21510	5634;43231;43227;43226;5575;43229;44424;44464;5623;5622;6970;9628;50896;8150;6950;3674;9961;43200;1101;42221;10243;9719;10033;1901698;1901700;9753;9725;9651;9751;14070;9737;33993;97305;9611;9617;51707;43207;9605;9607;51704;16567;32446;70647;6464;36211;19538;43170;71704;8152;44238;43412;44267;44260;44237;9987	1481	1687	2786	4091	1281	4484.5	6099.5	4133.5	4452.5	5189.5	4861.5	679.5	1352	6017	8276	2476	1432.5	8211.5	6785	951.5	6696	5924	5407	1876	85305	4265.25
ORTHO001562	Translation elongation factor EF1B; gamma chain	AT1G09640;AT1G57720	5737;44424;44464;5575;5623;5622;9506;5911;30054;55044;6749;6518;43603;34641;6807;8152;8150;44237;9987;1901564;71704;6790;6575;5829;44444;5886;16020;71944;6414;34645;44260;43170;9059;1901576;9058;44249;6412;43043;43604;44271;1901566;44267;19538;44238;10467;3746;8135;3723;3676;1901363;5488;3674;97159;5773;43231;43227;43226;43229;5634;4364;16765;16740;3824;46686;10038;10035;42221;50896;10043;1990267;5618;30312;5507;46914;46872;43169;43167	1482	1485	1687.5	1893	1066.5	3154	6478	112.5	32	7125	982	337.5	4104.5	9146.5	7323.5	2476	2615.5	7295.5	2260	2409.5	2985	8879	4065	36	71817	3590.85
ORTHO002726	starch synthase 2	AT3G01180	9507;9536;43231;43227;43226;5575;43229;44424;44464;5623;5622;44444;5737;19252;9250;33692;271;5976;5975;71704;8152;8150;44238;43170;16051;44723;44710;44699;1901576;9058;44711;9059;34637;44262;44237;9987;44763;44249;44264;44260;34645;6073;44042;5982;16757;16740;3824;3674;9501;4373;35251;46527;16758;8194;10021;1901137;1901135;2000896;9011	1483	965	1469	1455	672.5	4144	624.5	4503	522.5	334.5	5577	1576.5	1352	6764.5	8838	267	450	6784	3575.5	167.5	7925	6952	6538.5	988.5	67884.5	3.394.225
ORTHO003904	squamosa promoter binding protein-like 9	AT2G42200	3677;3676;1901363;5488;3674;97159;5634;43231;43227;43226;5575;43229;44424;44464;5623;5622;48366;48827;48856;32502;8150;48367;44767;44699;48731;7275;44707;32501;6355;1903506;2001141;31326;9889;19222;50789;65007;31323;50794;51252;19219;80090;51171;60255;10556;10468;2000112;3700;1071;5737;6351;34645;44260;43170;71704;8152;44237;9987;9059;1901576;9058;44249;97659;32774;16070;90304;6139;46483;6725;1901360;34641;6807;44238;34654;19438;44271;18130;1901362;10467;2000025;1901371;1900618;22603;50793;48831;2000026;51239;2000027;2000024;3156;48653;44702;22414;3006;48443;48437;48569;48513;9908;90567;48608;61458;9791;48466;48438;46872;43169;43167;10228	1484	2837	989.5	495	2097	3905	2627.5	4065.5	1042.5	402.5	2653	307.5	3347	3815.5	3047.5	1606	3264.5	4982.5	3021.5	3933	3511.5	1466	3519	2046	52563.5	2.628.175
ORTHO000723	profilin 1	AT2G19760;AT4G29350;AT5G56600	48046;5576;5575;5829;44444;44424;44464;5623;5622;5737;7010;6996;16043;71840;8150;9987;3785;3779;8092;5515;5488;3674;5819;44430;44446;44422;43226;43229;5856;43232;43228;15630;9506;5911;30054;55044;5886;16020;71944;9524;5730;44428;5634;43231;43227;31981;70013;43233;31974;8154;7015;71822;43933;30036;30029;44763;44699;1902589;9826;902;32989;9653;32502;48856;48869;44767;60560;48589;40007;16049;42989;32507;51651;51235;51179;65008;65007;1902578;51641;45185;8104;33036;34613;70727;30837;30833;8064;30832;32535;90066;32956;51493;33043;51128;50794;50789;32970;32271;43254;44087;51494;10639;51129;48523;48519;32272;31333;5938;15629;5618;30312;9507;9536;30041;51258;43623;6461;65003;22607;44085;70271;34622;90351;9791;44707;32501;7275;51510;22604;22603;50793;1558;40008;48638;9845	1485	1703	2091	2697	4356	2672	7541	727.5	702.5	502	1981	307.5	1352	8654.5	8942.5	2476	1102.5	6388.5	7281	299.5	6696	7147.5	7667.5	4898	77339	3866.95
ORTHO004295	ribophorin II (RPN2) family protein	AT4G21150	5774;44437;44444;44424;44464;5575;5623;5622;5737;44446;44422;43226;43229;5773;43231;43227;98588;31090;16020;98805;5789;44432;5783;12505;44425;42175;5794;8250;98796;43234;32991;1990234;1902494;9506;5911;30054;55044;6487;6486;44763;9987;8150;44699;6464;36211;19538;43170;71704;8152;44238;43412;44267;44260;44237;43413;70085;44723;5975;44710;9101;9100;1901135;34645;9059;1901576;9058;44249;1901137;9409;9266;9628;50896;6950;5739;9505;5618;30312;71944;5886;4579;4576;16758;16757;16740;3824;3674	1486	1804	2501	3516	4356	2672	4785	1013.5	1916	969	2539	1954	7377.5	7448.5	8512	7782	5404	6085	5502	3933	782.5	6340.5	4961.5	2091	82068	4103.4
ORTHO006935	unknown protein	AT1G42430	3674;8150;5575	1487	1273	1088	689	1066.5	2097.5	1720.5	88.5	3245.5	4240.5	5069	6717.5	3778	4560	6092	1830	2152.5	7697.5	904	1747	1819.5	1132	859	1473	57223.5	2.861.175
ORTHO001170	O-Glycosyl hydrolases family 17 protein	AT2G16230;AT4G34480;AT5G42720	5886;16020;5575;44464;5623;71944;5975;71704;8152;8150;44238;4553;16798;16787;3824;3674;71555;45229;16043;71840;9987;71554;5576;42973;8422;15926;9507;9536;43231;43227;43226;43229;44424;5622;44444;5737;5618;30312;31225;31224;44425	1488	2972	4657	7826	4356	8050	2951	7084	7691.5	4970	2992.5	6171.5	6513.5	6764.5	7017.5	7782	4408.5	5518	490.5	4527	6431	5376	5171.5	7543.5	107454	5372.7
ORTHO005774	unknown protein	AT5G10310	10052;90627;30154;48869;44767;32502;8150;44699;44763;9987;10103;90626;9653;48856;90558;9888;9886;9791;44707;32501;7275;10016;48367;48731;10374;3674;5576;5575	1489	2520	1474	1459	1689.5	2385.5	687.5	3333.5	3104	2524.5	9044.5	2937.5	4555.5	3815.5	5788.5	6712.5	7513	8211.5	1451.5	1248	1949.5	738	779	1142.5	67922	3396.1
ORTHO004521	sulfite reductase	AT5G04590	6790;44237;8152;8150;9987;9570;9532;44435;44444;44424;44464;5575;5623;5622;5737;44446;44422;43226;43229;9536;43231;43227;44434;9507;16020;10319;9526;31967;31975;9651;6970;9628;50896;6950;50311;16673;16667;16491;3824;3674;55114;44710;44699;9409;9266;9941;19419;44763;16002;51539;51536;51540;5488;48046;5576;20037;46906;1901363;97159;5507;46914;46872;43169;43167	1490	2315	1285.5	1081	4356	1329	8282	2322	1328.5	7350.5	8514	2197	3492.5	4415.5	5856	1606	1432.5	4809.5	3199	920	538	1228	3412.5	1243	63475.5	3.173.775
ORTHO003871	F-box family protein	AT4G33210	6511;19941;51603;6508;19538;43170;71704;8152;8150;44238;44257;30163;9057;1901575;9056;44265;44260;44237;9987;44248;44267;43632;5737;44424;44464;5575;5623;5622;10252;48878;42592;65008;65007;4842;19787;16740;3824;3674;16567;32446;70647;6464;36211;43412;48645;44767;32502;44699;48646;9653;48856;9887;48513;48731;7275;44707;32501	1491	42	1113.5	736	407	476	89	63.5	5619	1094.5	4896.5	1198.5	9176.5	4890.5	282.5	66.5	2506.5	9120	2877	2230.5	1250.5	8223.5	2570	1324	57955	2897.75
ORTHO002706	TMPIT-like protein	AT1G33230;AT4G10430	3674;16021;31224;44425;5575;16020;8150;5737;44424;44464;5623;5622	1492	1035	1078.25	664.5	672.5	3844	924	805.5	2301	1058	2653	907	1352	5129	841.5	1429.5	1753.5	7728	1210.5	1556.5	1536	8644	6854	6281	56808	2840.4
ORTHO003872	sequence-specific DNA binding transcription factors	AT1G21200	6355;1903506;2001141;31326;9889;19222;50789;65007;8150;31323;50794;51252;19219;80090;51171;60255;10556;10468;2000112;3682;44877;5488;3674;3700;1071;5634;43231;43227;43226;5575;43229;44424;44464;5623;5622	1493	2339	2634	3775	1689.5	2672	2234.5	4964	1994.5	2212.5	9015.5	3218	1352	7536	7304.5	2476	1482.5	6265.5	6265.5	5002	7254	6429	3581	2166	83425	4171.25
ORTHO002352	ascorbate peroxidase 3	AT4G35000;AT4G35970	5774;44437;44444;44424;44464;5575;5623;5622;5737;44446;44422;43226;43229;5773;43231;43227;98588;31090;16020;98805;42744;42743;72593;44237;8152;8150;9987;44712;9056;44710;44699;44763;44248;46861;5778;44439;44438;42579;5777;31903;20037;46906;1901363;5488;3674;97159;5739;9506;5911;30054;55044;9507;9536;9941;9526;31967;31975;44435;44434;16021;31224;44425;46872;43169;43167;16688;4601;16684;16491;3824;55114;16209;9735;9725;9719;50896;10033;42221;9514;6979;6950	1494	3153	5283	9072	4356	6832.5	7901	2545	2390.5	6440	9098	8595.5	8306	8747	5856	2476	7354	7028	8485.5	9053	8264.5	8544.5	8775	5222.5	131914.5	6.595.725
ORTHO006199	translocon-associated protein beta (TRAPB) family protein	AT5G14030	5789;98588;31090;16020;5575;44422;43226;43227;44432;44444;44424;44464;5623;5622;5737;44446;43229;5783;43231;12505;44425;42175;16021;31224;9506;5911;30054;55044;5774;44437;5773;98805;8150;3674;5576;5794	1495	1152	2490.75	3486.5	4356	7430.5	6155.5	2044	1328.5	1842.5	1810	5257	8754.5	5059.5	693	508.5	2436.5	8035	8605.5	2059.5	2369	8533	2341	6669	81932	4096.6
ORTHO000900_1	unknown protein	AT4G24610;AT5G65440	5634;43231;43227;43226;5575;43229;44424;44464;5623;5622;8150;5886;16020;71944;3674;5739;44444;5737	1496	3464	1970	2444	2097	6313	4528.5	6573	1839.5	5312.5	2290	3218	5066	3815.5	3265	6712.5	74	3121	3653	3699	4668.5	2433.5	2553	6553	75688.5	3.784.425
ORTHO001109	Acyl-CoA N-acyltransferase with RING/FYVE/PHD-type zinc finger protein	AT1G05380;AT4G14920;AT5G36670;AT5G36740	5634;43231;43227;43226;5575;43229;44424;44464;5623;5622;3677;3676;1901363;5488;3674;97159;6355;1903506;2001141;31326;9889;19222;50789;65007;8150;31323;50794;51252;19219;80090;51171;60255;10556;10468;2000112;16746;16740;3824;8152;8270;46914;46872;43169;43167	1497	2102	4243	6989	1281	6643.5	1881	1640.5	9018	763	9090.5	1576.5	1352	7954.5	8968.5	2476	935.5	6737.5	7712	5887	7568	7441	8372.5	5222.5	101240	5062
ORTHO004782	Cysteine proteinases superfamily protein	AT4G15880	9911;48582;48580;2000026;50793;50789;65007;8150;51239;51240;48518;51094;2000243;2000241;9909;48831;5634;43231;43227;43226;5575;43229;44424;44464;5623;5622;8234;70011;8233;16787;3824;3674;8152;6508;19538;43170;71704;44238;16926;18205;18193;6464;36211;43412;44267;44260;44237;9987;70646;70647;16929;19783;31965;31090;16020;44422;44428;44446;5635;31967;31975;12505;4175	1498	371	3188.5	4879	672.5	125.5	6111.5	4251.5	8928.5	2170.5	5559.5	2937.5	4178	8862.5	6608.5	797.5	4346.5	7151.5	2886.5	201.5	8468.5	8182	6365	1297.5	89430	4471.5
ORTHO003143	SNF7 family protein	AT2G19830;AT4G29160	15031;45184;51234;51179;8150;8104;33036;71702;6810;5515;5488;3674;5886;16020;5575;44464;5623;71944;815;98796;43234;32991;44425;36452;44440;44444;44424;5622;5737;44446;44422;43226;43229;5768;43231;43227;12505;10008;98588;31090;98805;7034;1902582;46907;51649;51641;44765;1902578;44699;16192;70676;1902580;1902591;6900;61024;16043;71840;9987;16050;6996;44802;44763;1902589;51668	1499	2767	1224.5	950	4356	994.5	4457	1709	6584	4663.5	1623	1576.5	1352	3815.5	5254.5	1830	3891.5	5221.5	4441	3563	569	2328.5	4564	3103.5	61541.5	3.077.075
ORTHO002078	ACC synthase 10	AT1G62960;AT5G51690	9058;8152;8150;16847;16846;16829;3824;3674;42218;1901607;1901605;6520;1901564;71704;6807;19752;43436;6082;44281;44710;44699;44763;9987;44237;44238;8652;46394;16053;44283;44711;1901576;44249;1901566;72330;32787;18871;30170;1901363;5488;97159;48037;43168;43167;8793;8483;16769;16740;4069;9693;9692;43449;1900673;43450;1900674;5737;44424;44464;5575;5623;5622	1500	3288	4704.5	7909	4356	8853	7744.5	3834	9033	3350	2539	6629	1352	5445	892.5	1606	7542.5	8733.5	2430.5	3409.5	8952.5	8260	8748.5	8875.5	108230.5	5.411.525
ORTHO005588	unknown protein	AT4G00585	5747;45271;30964;98796;43234;32991;5575;44425;16020;1990204;1902494;44464;5623;98803;70469;98800;98798;44429;44444;44424;5622;5737;44446;44422;43226;43229;5739;43231;43227;44455;31966;31090;5740;31967;31975;5743;19866;5746;3674;9853;43094;44249;9058;8152;8150;44237;9987	1501	931	958	415	1436	49	312	378.5	8509.5	1058	1144	164.5	1352	7213.5	8942.5	1307	7818.5	5626	490.5	696	2711.5	2061	299	518.5	50651.5	2.532.575
ORTHO005539	Inorganic H pyrophosphatase family protein	AT1G16780;AT1G78920	5773;43231;43227;43226;5575;43229;44424;44464;5623;5622;44444;5737;5794;12505;4427;16462;16818;16817;16787;3824;3674;8152;8150;9678;15405;15399;22804;22857;5215;6810;51234;51179;55085;44763;9987;44699;44765;1902578;5768;5886;16020;71944;46872;43169;43167;5488;5802;98791;44431;44446;44422;31984;15992;15672;6812;6811;6818	1502	1766	3233	4964	4356	2054	3129.5	1547.5	5355.5	930.5	2653	5295.5	8675.5	5094.5	693	1429.5	1545.5	8023	8915.5	8918.5	1705.5	8695.5	9037	6145.5	89844	4492.2
ORTHO000838	SET domain protein 14	AT3G61740;AT4G27910;AT5G53430	5634;43231;43227;43226;5575;43229;44424;44464;5623;5622;3677;3676;1901363;5488;3674;97159;18024;16279;16278;8170;8168;16741;16740;3824;8152;8150;32259;8757;8276;6479;43414;44260;43170;71704;44237;9987;43412;8213;6464;36211;19538;44238;44267;18022;18205;18193;42054;16571;16570;16569;16568;6325;43933;16043;71840;51276;6996;1902589;44763;44699;44710;34968;6355;1903506;2001141;31326;9889;19222;50789;65007;31323;50794;51252;19219;80090;51171;60255;10556;10468;2000112;8270;46914;46872;43169;43167;9294;9292;44764;51704;9506;5911;30054;55044	1503	2191	1333.5	1164	1281	2672	3327	1484	5028	7324	2653	3983	3566	4486	5856	1606	3235	4887	3265	3933	3478.5	822	1035	1958.5	64599	3229.95
ORTHO001204_2	glycosyl transferase family 1 protein	AT4G01210	5794;43231;43227;43226;5575;43229;44424;44464;5623;5622;44444;5737;12505;5802;98791;44431;44446;44422;31984;5739;16757;16740;3824;3674;8152;8150;9058;5768	1504	381	941.5	379	672.5	390.5	512	2071	84.5	4601	147	119.5	1352	6764.5	8726.5	976.5	1463.5	7117	1311	1208	7386	1228	3407	945.5	49811	2490.55
ORTHO004983	Forkhead-associated (FHA) domain-containing protein	AT3G54350	5634;43231;43227;43226;5575;43229;44424;44464;5623;5622;9793;44702;22414;8150;44699;3006;32502;9790;44767;48856;7275;44707;32501;48316;48608;61458;48731;9791;10154;3674	1505	2748	3579.5	5654	1812	4647.5	7562.5	7084	4507	369.5	2809.5	2937.5	3778	6764.5	7017.5	2476	5561	5886.5	4914	4527	6578.5	7147.5	5171.5	3635.5	93375	4668.75
ORTHO005351	Vacuolar sorting protein 39	AT4G36630	16192;6810;51234;51179;8150;9793;44702;22414;44699;3006;32502;9790;44767;48856;7275;44707;32501;48316;48608;61458;48731;9791;10154;9506;5911;30054;5575;55044	1506	1460	2940.5	4375	4356	8077	2328.5	1204.5	553.5	1926.5	982	3108	7743	7536	8638.5	2476	8334.5	6029.5	1359	5002	5903.5	6714	6624.5	2229	86769.5	4.338.475
ORTHO004115	PPPDE putative thiol peptidase family protein	AT4G25660;AT4G25680	3674;5737;44424;44464;5575;5623;5622;8150	1507	1073	1123	739	944.5	7834.5	924	535	5144	607.5	5337.5	2160	3746.5	4415.5	6007	508.5	2928.5	5452.5	418	220.5	5170.5	1985	3171	1414.5	57980.5	2.899.025
ORTHO004047	IAP-like protein 1	AT1G17210	5829;44444;44424;44464;5575;5623;5622;5737;5634;43231;43227;43226;43229;9524;8270;46914;46872;43169;43167;5488;3674	1508	1949	1860.5	2213	4356	8345	6117.5	1547.5	5619	1970.5	1623	632	6895.5	4486	6243.5	1830	4252.5	5221.5	839.5	1229.5	5637	3026	4927.5	3565	74008	3700.4
ORTHO003605	unknown protein	AT2G42190;AT3G57930	5737;44424;44464;5575;5623;5622;8150;3674;5634;43231;43227;43226;43229	1509	2628	4420.5	7332	4356	8571.5	3430	7290.5	8359.5	7064	4381.5	6629	1352	8692.5	5746.5	5325.5	5329.5	6145	2102.5	6064.5	2280	7470	4404	3005.5	103643.5	5.182.175
ORTHO002464	NAC domain containing protein 74	AT4G28530	6355;1903506;2001141;31326;9889;19222;50789;65007;8150;31323;50794;51252;19219;80090;51171;60255;10556;10468;2000112;5634;43231;43227;43226;5575;43229;44424;44464;5623;5622;3677;3676;1901363;5488;3674;97159;3700;1071;6351;34645;44260;43170;71704;8152;44237;9987;9059;1901576;9058;44249;97659;32774;16070;90304;6139;46483;6725;1901360;34641;6807;44238;34654;19438;44271;18130;1901362;10467;7275;44767;32502;44699;44707;32501	1510	2531	2694.5	3879	5552	819.5	2703	1912	6225	4623.5	9044.5	1198.5	1352	7779.5	7401.5	2476	1526.5	6265.5	4663	5303	6431	6266	3795.5	4291.5	84077	4203.85
ORTHO005571	beta-amylase 3	AT5G18670	272;5976;5975;71704;8152;8150;44238;43170;16052;1901575;9056;9057;9507;9536;43231;43227;43226;5575;43229;44424;44464;5623;5622;44444;5737;16161;16160;4553;16798;16787;3824;3674	1511	2208	1831	2151	4356	1089	2190	3939	3198	5209	4231	4841.5	6397.5	4415.5	5969	1606	1221.5	7376.5	4548.5	4527	5903.5	1695	3795.5	1371.5	73524.5	3.676.225
ORTHO002935	Plant protein 1589 of unknown function	AT3G10250	3674;8150	1512	2100	1355	1198	4356	3602.5	2414	1013.5	5221.5	3084.5	1810	5983.5	6456	4415.5	6092	1830	3682	4982.5	692	4331	1601.5	2061	4271.5	1487.5	65032	3251.6
ORTHO002316	chlorsulfuron/imidazolinone resistant 1	AT3G48560	9099;9082;9081;6520;1901564;71704;8152;8150;6807;19752;43436;6082;44281;44710;44699;44763;9987;44237;44238;8652;46394;16053;44283;44711;9058;1901576;44249;1901566;1901607;1901605;6573;287;46872;43169;43167;5488;3674;3984;16744;16740;3824;9570;9532;44435;44444;44424;44464;5575;5623;5622;5737;44446;44422;43226;43229;9536;43231;43227;44434;9507;9097;6549;50660;50662;48037;43168;166;36094;1901265;1901363;97159;4737;16831;16830;16829;30976;1901681;19842;9635;9636;42221;50896;6950	1513	212	927	341	407	3054.5	822.5	2044	1545.5	896.5	2809.5	3034.5	1352	7779.5	9129.5	1175.5	179	6919	490.5	1229.5	3146	2837	264.5	153	48862	2443.1
ORTHO002625	Glycosyl hydrolase superfamily protein	AT2G27500	46658;31226;44459;44464;5575;5623;44425;16020;5886;71944;31224;31225;71555;45229;16043;71840;8150;9987;71554;42973;8422;15926;4553;16798;16787;3824;3674;8152;5975;71704;44238;5737;44424;5622;5576;5618;30312;5634;43231;43227;43226;43229;6952;6950;50896	1514	2924	4177	6840	2097	8440.5	3327	4670	8766	7094.5	9139	5150	1352	5378	766.5	508.5	2794.5	7335.5	1141	7692.5	1863.5	8840	8806.5	7190.5	100256	5012.8
ORTHO004302	Chaperonin-like RbcX protein	AT5G19855	61077;6457;9987;8150;9570;9532;44435;44444;44424;44464;5575;5623;5622;5737;44446;44422;43226;43229;9536;43231;43227;44434;9507;44183;5515;5488;3674	1515	2121	1746	1977	4356	3573	2155	6741	5144	2615.5	8737.5	2255.5	6397.5	4379.5	5969	1606	1102.5	4887	692	4100	3778.5	1827.5	3859.5	2575	72395.5	3.619.775
ORTHO001768	basic transcription factor 3	AT1G17880;AT1G73230	9651;6970;9628;50896;8150;6950;5634;43231;43227;43226;5575;43229;44424;44464;5623;5622;6355;1903506;2001141;31326;9889;19222;50789;65007;31323;50794;51252;19219;80090;51171;60255;10556;10468;2000112;6351;34645;44260;43170;71704;8152;44237;9987;9059;1901576;9058;44249;97659;32774;16070;90304;6139;46483;6725;1901360;34641;6807;44238;34654;19438;44271;18130;1901362;10467;5515;5488;3674;3700;1071	1516	869	1029	542	672.5	3672	398	4396	800	432	1082.5	2851	1352	6601.5	8276	2476	1888	6388.5	1086	2534.5	1026	4970.5	2536	859.5	53626	2681.3
ORTHO004331	Ribosomal protein L7Ae/L30e/S12e/Gadd45 family protein	AT5G08180	5730;44428;44446;44422;5575;43226;44424;44464;5623;5622;43229;5634;43231;43227;43232;43228;31981;70013;43233;31974;3723;3676;1901363;5488;3674;97159	1517	2081	1268	1019	4356	257.5	5903	864	931	2736.5	8770	7777	1352	4486	6007	1830	1102.5	5221.5	3792	326.5	3942	1910	4065	1414.5	62688	3134.4
ORTHO002704	Protein of unknown function (DUF399 and DUF3411)	AT2G40400;AT3G56140	7275;44767;32502;8150;44699;44707;32501;15995;6779;51188;51186;44237;8152;9987;44249;9058;6778;33013;46483;6725;1901360;71704;1901564;6807;33014;19438;44271;34641;18130;1901362;1901576;1901566;46148;42440;44710;44711;44763;15994;16021;31224;44425;5575;16020;31969;42170;31090;44422;43226;43227;44435;44444;44424;44464;5623;5622;5737;44446;43229;9536;43231;9526;31967;31975;44434;9507;9941;9741;9725;9719;50896;10033;42221;14070;33993;97305;1901700;9543;31978;31977;44436;9579;31976;31984;9534;3674	1518	3463	5091	8664	4356	1594	7714.5	7244.5	8178.5	5072	8984.5	2086	7031	6971	7195	7782	630	5368	7398	8632.5	7386	7567	8405	3920	119159.5	5.957.975
ORTHO002523	Transducin family protein / WD-40 repeat family protein	AT1G04140;AT5G43930	166;36094;5488;3674;1901265;1901363;97159;8150	1519	1829	3015	4511	1281	2837	822.5	8552	1328.5	2059	1810	4724	1352	5023	693	6075	901	8054.5	8987	920	8738	8763	9065.5	6669	87374	4368.7
ORTHO000402_1	Phototropic-responsive NPH3 family protein	AT2G14820;AT2G23050;AT4G37590;AT5G67440	5886;16020;5575;44464;5623;71944;16567;32446;70647;6464;36211;19538;43170;71704;8152;8150;44238;43412;44267;44260;44237;9987;9958;9630;9606;9605;50896;9629;9628;4871;60089;3674;7165;50794;50789;65007;51716;7154;44763;44699;44700;23052;9416;9314;9908;90567;48608;3006;32502;22414;48856;61458;48731;7275;44767;44707;32501;44702;9791;48367	1520	2380	1278.5	1037	4356	3466.5	2032.5	1204.5	4452.5	2752	8737.5	1070.5	1352	4486	5969	1830	3448	4887	692	4131	3870	1827.5	3918.5	2699.5	62826.5	3.141.325
ORTHO003893	alanine:glyoxylate aminotransferase	AT2G13360	5886;16020;5575;44464;5623;71944;9570;9532;44435;44444;44424;5622;5737;44446;44422;43226;43229;9536;43231;43227;44434;9507;5777;42579;48046;5576;9853;43094;44249;9058;8152;8150;44237;9987;8453;8483;16769;16740;3824;3674;19265;6545;9070;1901607;1901605;6520;1901564;71704;6807;19752;43436;6082;44281;44710;44699;44763;44238;8652;46394;16053;44283;44711;1901576;1901566;9069;6544;50281;4760;30170;1901363;5488;97159;48037;43168;43167	1521	1029	1391.5	1262	672.5	407.5	3224.5	4373.5	985	1655.5	5497	409.5	8094	6501	8163.5	2476	630	6330	984	4060.5	1646	5213.5	4244	807	65702	3285.1
ORTHO002834	ARM repeat superfamily protein	AT2G01690	5774;44437;44444;44424;44464;5575;5623;5622;5737;44446;44422;43226;43229;5773;43231;43227;98588;31090;16020;98805;70772;35032;5942;61695;1990234;1902494;43234;32991;98796;44425;19898;43550;43549;42325;19220;51174;31323;50794;50789;65007;8150;19222;51338;50790;65009;19216;80090	1522	1117	1687.75	1853.5	4356	273.5	822.5	641	1328.5	738	8404	485	4244	4935	511.5	1429.5	2436.5	8243.5	9082.5	436	9009	8801	2458	7190.5	71469.5	3.573.475
ORTHO001883	xylem cysteine peptidase 2	AT1G20850;AT4G35350	10623;12501;8219;16265;44699;8150;44763;9987;48869;44767;32502;48468;48856;30154;6508;19538;43170;71704;8152;44238;4197;8234;70011;8233;16787;3824;3674;4175;51603;44257;30163;9057;1901575;9056;44265;44260;44237;44248;44267;5618;30312;44464;5575;5623;71944;5764;323;5773;43231;43227;43226;43229;44424;5622;44444;5737;9507;9536;5615;44421;5576;325;5634	1523	1746	1307.25	1091.5	1479.5	8118	1247	1855	2849.5	3176.5	147	6418.5	1352	7699.5	8240.5	1175.5	1000	5221.5	444.5	711.5	1566.5	6648	4271.5	1473	63615.5	3.180.775
ORTHO001324	histone H2A 10	AT1G51060;AT3G20670;AT4G27230;AT5G54640	5730;44428;44446;44422;5575;43226;44424;44464;5623;5622;43229;5634;43231;43227;43232;43228;31981;70013;43233;31974;6342;45814;10629;10605;9892;48519;50789;65007;8150;19222;60255;10468;40029;45892;1903507;1903506;2001141;31326;9889;31323;50794;51252;19219;80090;51171;10556;1902679;51253;45934;51172;31324;48523;31327;9890;10558;6355;2000112;2000113;16458;44763;9987;44699;3677;3676;1901363;5488;3674;97159;790;785;44427;5694;32991;44454;228;5618;30312;71944;6325;43933;16043;71840;51276;6996;9611;6950;50896;9294;9292;44764;51704;9617;51707;43207;9605;9607;5515	1524	2906	3164.5	4805	1408	4723.5	6542.5	3834	2338	4776.5	3749	6701	6804.5	8418.5	8316.5	2914	7582.5	7251.5	7612.5	727.5	3586.5	1827.5	340.5	1029	89075.5	4.453.775
ORTHO006580	Nuclear transport factor 2 (NTF2) family protein	AT4G10925	3674;5634;43231;43227;43226;5575;43229;44424;44464;5623;5622;16567;32446;70647;6464;36211;19538;43170;71704;8152;8150;44238;43412;44267;44260;44237;9987	1525	1346	1800	2075	1066.5	2837	605.5	765	1691	3283.5	1981	4752.5	1352	5175	693	508.5	8989.5	8023	8593.5	549.5	8909	6512.5	1813.5	6057.5	73092	3654.6
ORTHO002267	Cystathionine beta-synthase (CBS) family protein	AT4G34120;AT4G36910	9507;9536;43231;43227;43226;5575;43229;44424;44464;5623;5622;44444;5737;9570;9532;44435;44446;44422;44434;45454;19725;42592;65008;65007;8150;44763;9987;44699;50794;50789;30554;17076;166;36094;5488;3674;1901265;1901363;97159	1526	2666	2481	3436	4356	7694	2234.5	4163.5	6660.5	4703.5	1623	247	1352	4134.5	5254.5	6712.5	935.5	4326.5	4864	7986	4833.5	6077	4668	3179.5	81649.5	4.082.475
ORTHO003447	Translocon-associated protein (TRAP); alpha subunit	AT2G16595;AT2G21160	5789;98588;31090;16020;5575;44422;43226;43227;44432;44444;44424;44464;5623;5622;5737;44446;43229;5783;43231;12505;44425;42175;3674;8150;9507;9536;9535;55035;42651;34357;44436;9579;44435;31976;31984;44434;9534;5774;44437;5773;98805;5576;5886;71944;16021;31224;5794	1527	1697	4088.5	6650	4356	702	5327.5	4640	1198	5071	1211	4670	8519	8983	6639	2476	7299	7273.5	8364.5	5400	7925	7836	2311	3289.5	99135	4956.75
ORTHO002784	syntaxin of plants 51	AT1G16240;AT1G79590	6906;48284;6996;16043;71840;8150;9987;16050;90174;44801;44802;61024;44763;44699;61025;1902589;16192;6810;51234;51179;5773;43231;43227;43226;5575;43229;44424;44464;5623;5622;44444;5737;5794;12505;5484;5515;5488;3674;31201;98796;43234;32991;44425;16020;10008;98588;31090;44422;44440;44446;5768;98805;6886;15031;45184;8104;33036;71702;46907;51649;51641;34613;70727;16021;31224	1528	2457	3634.5	5741	1689.5	2837	6055.5	1484	9171	738	3136.5	4566	8754.5	5011.5	400.5	1429.5	1660	8128	9014.5	3396.5	2789	8644	7946.5	8615.5	93778	4688.9
ORTHO004737	Clathrin adaptor complexes medium subunit family protein	AT5G46630	5886;16020;5575;44464;5623;71944;6897;16192;6810;51234;51179;8150;5794;43231;43227;43226;43229;44424;5622;44444;5737;12505;30131;30119;98796;43234;32991;44425;30117;48475;30118;30125;30120;44433;44446;44422;31410;31982;30662;30659;12506;31090;31988;16023;98588;98805;30135;30665;30136;6886;15031;45184;8104;33036;71702;46907;51649;51641;34613;70727;8289;5488;3674;5905;98589;5829	1529	808	1464	1399	4356	3739.5	398	4227	344	103.5	435.5	907	1352	8593	9094.5	1073.5	3796.5	6854.5	692	78	8738	7814.5	7946.5	1156	67343.5	3.367.175
ORTHO002855	Galactose oxidase/kelch repeat superfamily protein	AT5G60570	5634;43231;43227;43226;5575;43229;44424;44464;5623;5622;8150;3674	1530	1431	2904	4278	1066.5	7583.5	888	2838	3471	2524.5	2809.5	5600.5	8306	8795	6520.5	7782	1633	6919	2108	2880.5	389	7392.5	4887	2940	86267.5	4.313.375
ORTHO005376	actin depolymerizing factor 5	AT2G16700;AT4G34970	3779;8092;5515;5488;3674;5622;44464;5575;5623;30042;51261;43624;43241;32984;43933;16043;71840;8150;9987;22411;44763;44699;71822;8154;7015;30036;30029;7010;6996;1902589;15629;5856;43232;43228;43226;43229;44424;5737;30041;51258;43623;6461;65003;22607;44085;70271;34622	1531	2378	2384.5	3238	1281	4693.5	3129.5	2114.5	985	3027.5	2402	1810.5	7498	7536	8512	2476	8562.5	6085	5851	4884.5	5637	1910	1337.5	2091	80543	4027.15
ORTHO001742	unknown protein	AT3G48860;AT5G13260;AT5G23700	30136;30135;16023;31988;43227;43226;5575;31982;43231;43229;44424;44464;5623;5622;31410;44444;5737;5886;16020;71944;911;1902410;32506;22402;44763;9987;8150;44699;7049;910;51301;1903047;278;61640;281;9825;16049;40007;9507;9536;5794;12505;3674	1532	3260	1411	1290	1522.5	4389	1155	2392	4188.5	4000	3596.5	653	1352	8123.5	8093.5	2914	1102.5	3121	6185.5	794.5	3391.5	5434	3902	1215.5	66003.5	3.300.175
ORTHO003702	Tudor/PWWP/MBT superfamily protein	AT1G51745;AT3G21295	3674;8150;5634;43231;43227;43226;5575;43229;44424;44464;5623;5622	1533	2460	4437	7341	4356	2672	8251	4396	8101	3706.5	1981	1198.5	7743	7536	7349.5	7782	1221.5	6265.5	7862.5	3899.5	5988	6759.5	6709	4291.5	103713.5	5.185.675
ORTHO002606	Insulinase (Peptidase family M16) protein	AT3G02090	8270;46914;46872;43169;43167;5488;3674;5750;45275;1902495;98796;43234;32991;5575;44425;16020;1990351;16021;31224;1990204;1902494;44464;5623;70069;98803;70469;44424;5622;98800;98798;44429;44444;5737;44446;44422;43226;43229;5739;43231;43227;44455;31966;31090;5740;31967;31975;5743;19866;5746;5774;44437;5773;98588;98805;5730;44428;5634;43232;43228;31981;70013;43233;31974;9507;9536;5618;30312;71944;4222;4175;70011;8233;16787;3824;8152;8150;6508;19538;43170;71704;44238;8237;5759;5758;31970;5741;31968;19867;16491;55114;44710;44699	1534	356	1053.5	573	248.5	528.5	444.5	4109.5	1481	14.5	5380	2392.5	1352	6601.5	8553	797.5	1507	6590	3904.5	884	4445	1090.5	3322	885.5	54283	2714.15
ORTHO005755	WUSCHEL related homeobox 5	AT3G11260	43565;3677;3676;1901363;5488;3674;97159;5515;5634;43231;43227;43226;5575;43229;44424;44464;5623;5622;9733;9725;9719;50896;8150;10033;42221;1902459;2000738;2000736;45595;50794;50789;65007;50793;45597;51094;48518;48522;51240;51239;10720;60284;2000036;3700;1071;2001141;31326;9889;19222;31323;51252;19219;80090;51171;60255;10556;6355;1903506;10468;2000112;10078;10074;19827;44767;32502;44699;44707;32501;98727;10073;48507;9888;48856;48513;48731;7275;10015;9653;48364;22622	1535	2719	1370.5	1206	4356	939.5	1818.5	1426	393.5	930.5	1483.5	1422	6513.5	4134.5	5523	1830	4464.5	4507	4914	4664.5	7568	3754	5081	3721	65088.5	3.254.425
ORTHO004893	BEST Arabidopsis thaliana protein match is: glycine-rich protein (TAIR:AT4G21620.2)	AT1G61255;AT4G21620	3674;8150;5576;5575	1536	1751	1452.5	1369	4356	2446.5	652	7084	4492.5	1155	669	5877.5	6895.5	4486	6192.5	1830	4135	5221.5	4756.5	860	569	3026	4843.5	1735.5	66927.5	3.346.375
ORTHO004190	time for coffee	AT3G22380	9414;9415;9628;50896;8150;1101;42221;10035;1901700;6950;5634;43231;43227;43226;5575;43229;44424;44464;5623;5622;42752;50789;65007;3674;48511;5982;6073;44042;5976;5975;71704;8152;44238;43170;44264;44260;44237;9987;44262;9737;9725;9719;10033;33993;97305;32502;6979	1537	1058	1796.5	2056	4356	2557.5	822.5	3421	3425	1567.5	4711.5	7546	1352	9130	6955.5	976.5	1879.5	9028	2612.5	1248	1778.5	8330.5	2079	3565	72986	3649.3
ORTHO004989	arogenate dehydratase 2	AT3G07630	9570;9532;44435;44444;44424;44464;5575;5623;5622;5737;44446;44422;43226;43229;9536;43231;43227;44434;9507;4664;16836;16835;16829;3824;3674;8152;8150;47769;9094;9095;9073;9072;6725;44237;9987;1901360;71704;6520;1901564;6807;19752;43436;6082;44281;44710;44699;44763;44238;19438;44249;9058;1901362;1901576;8652;46394;16053;44283;44711;1901566;6558;1902221;1901605;1902223;1901607;16597;31406;43177;36094;5488;43168;43167	1538	1720	3320	5102	4356	1777	6099.5	4571	8447.5	7666.5	5589	6316	1352	8811.5	6545	2476	1884.5	7028	7712	1698.5	1149	6813.5	1918	2699.5	90554	4527.7
ORTHO004803	nuclear factor Y; subunit A7	AT1G30500	6355;1903506;2001141;31326;9889;19222;50789;65007;8150;31323;50794;51252;19219;80090;51171;60255;10556;10468;2000112;5634;43231;43227;43226;5575;43229;44424;44464;5623;5622;45892;1903507;1902679;51253;10605;9892;48519;45934;51172;31324;48523;31327;9890;10558;10629;2000113;3677;3676;1901363;5488;3674;97159;3700;1071;16602;90575;44798;44428;44446;44422;5667;43234;32991;6351;34645;44260;43170;71704;8152;44237;9987;9059;1901576;9058;44249;97659;32774;16070;90304;6139;46483;6725;1901360;34641;6807;44238;34654;19438;44271;18130;1901362;10467	1539	2307	3307.5	5076	1281	1423	7851	1204.5	6225	2891.5	1981	3108	1352	7636	8638.5	7782	1266	6265.5	6327	5002	5903.5	6648	6709	2229	90442.5	4.522.125
ORTHO001860	RING/U-box superfamily protein	AT1G23980;AT5G40250	16567;32446;70647;6464;36211;19538;43170;71704;8152;8150;44238;43412;44267;44260;44237;9987;8270;46914;46872;43169;43167;5488;3674;5634;43231;43227;43226;5575;43229;44424;44464;5623;5622;16021;31224;44425;16020	1540	3143	1244	948	2097	9030	5105.5	1912	867	2319.5	1981	1198.5	5338.5	3815.5	3265	6712.5	3521.5	2199.5	154	3288	864.5	3609.5	3758.5	2575	61515.5	3.075.775
ORTHO000583	Acyl-CoA N-acyltransferase with RING/FYVE/PHD-type zinc finger domain	AT2G27980;AT2G36720;AT2G37520;AT3G53680	5634;43231;43227;43226;5575;43229;44424;44464;5623;5622;8150;16746;16740;3824;3674;8152;8270;46914;46872;43169;43167;5488;6355;1903506;2001141;31326;9889;19222;50789;65007;31323;50794;51252;19219;80090;51171;60255;10556;10468;2000112;3677;3676;1901363;97159	1541	1390	2345	3149	390	2557.5	776.5	310.5	3019	3896	5520.5	6171.5	1352	9159.5	9094.5	7782	7860.5	6982	3857.5	586	2711.5	521.5	456	7376.5	79991	3999.55
ORTHO002791	26S proteasome regulatory subunit S2 1A	AT2G20580;AT4G28470	5634;43231;43227;43226;5575;43229;44424;44464;5623;5622;5515;5488;3674;502;43234;32991;34515;31597;44445;44444;5737;5829;43161;10498;51603;6508;19538;43170;71704;8152;8150;44238;44257;30163;9057;1901575;9056;44265;44260;44237;9987;44248;44267;6511;19941;43632;4175;70011;8233;16787;3824;51726;50794;50789;65007;8540;5838;22624;9751;14070;10033;42221;50896;1101;1901700;43130;32182;5886;16020;71944;45087;6952;6950;6955;2376;9506;5911;30054;55044	1542	2107	1414.5	1287	5121	7987.5	2703	8102.5	6823.5	5131	2539	998	1352	7448.5	8093.5	1307	2133.5	4154.5	375.5	586	992	3503.5	378	1371.5	65980	3299
ORTHO006456	gamma tonoplast intrinsic protein	AT2G36830	5737;44424;44464;5575;5623;5622;9941;9526;31967;31975;44446;44422;43226;43229;43227;44435;44444;9536;43231;44434;9507;9705;5774;44437;5773;98588;31090;16020;98805;325;326;322;9740;10476;9755;7165;50794;50789;65007;8150;51716;9987;50896;7154;44763;44699;44700;23052;32870;9725;9719;10033;42221;71495;71310;70887;71370;9739;33993;1101;1901700;71396;71229;1901701;6833;42044;44765;6810;51234;51179;1902578;42807;9651;6970;9628;6950;15250;22838;15267;22803;22857;5215;3674;55085;22891;22892;5372;80170;15840;42886;71705;19755;71702;15204;42887;71918	1543	2239	3038.5	4534	4356	2054	6309	2460.5	2202	6308	9164	5150	1352	4969	511.5	1429.5	7542.5	8150.5	9043	951.5	1848	8525.5	2713	6850.5	87534	4376.7
ORTHO003141	Protease-associated (PA) RING/U-box zinc finger family protein	AT1G71980	8233;16787;3824;3674;8152;8150;6508;19538;43170;71704;44238;16021;31224;44425;5575;16020;8270;46914;46872;43169;43167;5488;139;98588;31090;44422;43226;43227;44431;44444;44424;44464;5623;5622;5737;44446;43229;5794;43231;12505;326;325;5773;322;32586;9705;5774;44437;98805;15031;45184;51234;51179;8104;33036;71702;6810;5576	1544	2071	3333.5	5123	1281	8399	5223.5	1912	6225	369.5	1810	1198.5	7743	7699.5	8726.5	2476	6027	6085	1164.5	2570	6578.5	6831.5	7244	2382	90665	4533.25
ORTHO005009	putative protein kinase 1	AT1G77720	5524;35639;1901265;1901363;5488;3674;97159;43168;43167;32559;30554;17076;166;36094;32555;32553;97367;32550;32549;1882;1883;5634;43231;43227;43226;5575;43229;44424;44464;5623;5622;4712;4672;16301;16772;16740;3824;8152;8150;16310;6796;6793;44237;9987;16773;6468;6464;36211;19538;43170;71704;44238;43412;44267;44260;46777;4674;51304;22402;44763;44699;7049;7059;7093;75;1903047;278;45930;45786;48523;50794;50789;65007;48519;51726;7346	1545	580	1349.5	1154	672.5	8135	1744	805.5	7455	210.5	319	907	7743	4706.5	6378.5	508.5	294.5	5992	732	3868	5988	4067	3849	741	64444	3222.2
ORTHO003203	RING/FYVE/PHD zinc finger superfamily protein	AT2G01275	8270;46914;46872;43169;43167;5488;3674	1546	2627	3900	6254	4356	4827.5	3628.5	9092	1916	4699	9159	7102	1352	5523.5	1109.5	1830	523	8368.5	8380.5	7080	7254	6952	2079	5806	96682	4834.1
ORTHO004605	unknown protein	AT3G01516;AT5G14690	8150;3674;5634;43231;43227;43226;5575;43229;44424;44464;5623;5622	1547	3056	4014	6481	4356	2920.5	4971.5	7290.5	1954.5	4506	2129.5	6240	7189	7213.5	7349.5	2476	494	5626	4864	4392	7786.5	7756.5	8551.5	4291.5	98002.5	4.900.125
ORTHO006837	Cystathionine beta-synthase (CBS) family protein	AT1G65320	5773;43231;43227;43226;5575;43229;44424;44464;5623;5622;44444;5737;16021;31224;44425;16020;5774;44437;44446;44422;98588;31090;98805;30554;17076;166;36094;5488;3674;1901265;1901363;97159;8150	1548	1158	1101.5	655	1066.5	3511	117.5	397	3019	8231.5	195.5	7536	2761	6047	6520.5	797.5	62	7885.5	2587	2455	1270.5	810	859	1519	56581.5	2.829.075
ORTHO005543	TRF-like 3	AT1G17460;AT1G72650	783;44454;44427;44446;44422;5575;43226;44424;44464;5623;5622;43229;5694;43232;43228;44428;5634;43231;43227;228;31981;70013;43233;31974;782;32993;32991;781;98687;784;22626;44445;44444;5737;5829;5840;30529;31627;723;6259;44260;43170;71704;8152;8150;44237;9987;90304;6139;46483;6725;1901360;34641;6807;44238;32200;51276;6996;16043;71840;1902589;44763;44699;44710;60249;42592;65008;65007;3691;42162;43565;3677;3676;1901363;5488;3674;97159;3690;43566;3700;1071;2001141;31326;9889;19222;50789;31323;50794;51252;19219;80090;51171;60255;10556;6355;1903506;10468;2000112;9651;6970;9628;50896;6950;46686;10038;10035;42221	1549	2031	4427.5	7306	4356	8853	8645.5	2796	5144	5338	3269.5	5435.5	8675.5	5279.5	934	1429.5	1618.5	7697.5	2014	6103	8300	8510	8952	4413.5	103408.5	5.170.425
ORTHO003594	Calcium-binding EF-hand family protein	AT4G27280;AT5G54490	5509;46872;43169;43167;5488;3674;5886;16020;5575;44464;5623;71944;80167;9628;50896;8150;5515;5634;43231;43227;43226;43229;44424;5622;9733;9725;9719;10033;42221	1550	967	1933	2316	365.5	7616	822.5	1484	1328.5	1094.5	5973.5	466.5	9103	4948.5	599	508.5	867	8196	9077	549.5	1641.5	8927	9012	2501.5	74716	3735.8
ORTHO002914	ENTH/VHS family protein	AT2G43160;AT3G59290	5774;44437;44444;44424;44464;5575;5623;5622;5737;44446;44422;43226;43229;5773;43231;43227;98588;31090;16020;98805;5794;12505;5515;5488;3674;5634;5543;8289;43168;43167;15031;45184;51234;51179;8150;8104;33036;71702;6810;30136;30135;16023;31988;31982;31410;5886;71944;30276	1551	1164	1105.5	660	1066.5	8253.5	776.5	397	1328.5	502	982	6001.5	6731.5	4560	6137	508.5	8051	5788	839.5	518	1955	1228	591	1546.5	56695	2834.75
ORTHO004158	Nodulin MtN3 family protein	AT1G21460	5886;16020;5575;44464;5623;71944;5515;5488;3674;51260;51259;6461;65003;43933;16043;71840;8150;9987;22607;44085;71822;70271;5887;31226;44459;44425;31224;16021;5789;98588;31090;44422;43226;43227;44432;44444;44424;5622;5737;44446;43229;5783;43231;12505;42175;8643;44765;6810;51234;51179;1902578;44699;71702;51119;15144;22891;22857;5215;55085;44763;22892;1901476;34219	1552	2084	2088	2624	1689.5	9075.5	360	357.5	3135.5	7094.5	354.5	6001.5	1352	5318	988	1429.5	8791	8885	7353.5	1268.5	256.5	8049	2513.5	4291.5	76875	3843.75
ORTHO001991	Ribosomal protein L19e family protein	AT3G16780;AT4G02230	5886;16020;5575;44464;5623;71944;22625;15934;44391;30529;32991;44424;5622;44444;5737;44446;44422;43226;43229;5840;43232;43228;44445;5829;22626;6412;43043;43604;43603;34641;6807;8152;8150;44237;9987;44271;44249;9058;6518;1901564;71704;1901566;1901576;44267;19538;43170;44238;44260;34645;9059;10467;3735;5198;3674;42254;22613;44085;71840;44822;3723;3676;1901363;5488;97159	1553	3067	3131.5	4710	4356	1777	7254	1640.5	2790.5	3476	5407.5	4566	3632.5	6542.5	6867.5	7782	4870.5	4673.5	4795.5	3013.5	4946	6714	4632	3179.5	88560.5	4.428.025
ORTHO004504	vacuolar ATP synthase subunit H family protein	AT3G42050	15991;15988;1902600;15992;15672;6812;6811;44765;6810;51234;51179;8150;1902578;44699;6818;98662;98660;34220;55085;44763;9987;98655;46961;15078;15077;22890;8324;15075;22891;22857;5215;3674;22892;44769;42625;42626;43492;42623;16887;17111;16462;16818;16817;16787;3824;8152;15405;15399;22804;16820;36442;19829;5774;44437;44444;44424;44464;5575;5623;5622;5737;44446;44422;43226;43229;5773;43231;43227;98588;31090;16020;98805;325;5634;5886;71944;5794;12505;9507;9536	1554	750	3570	5586	4356	7543.5	5784	1013.5	8940	821	865	2392.5	9031.5	8969	6687	797.5	450	7728	8472	3747	375.5	8706	8919	1735.5	92977.5	4.648.875
ORTHO004902	ovate family protein 17	AT2G30395	6351;34645;44260;43170;71704;8152;8150;44237;9987;9059;1901576;9058;44249;97659;32774;16070;90304;6139;46483;6725;1901360;34641;6807;44238;34654;19438;44271;18130;1901362;10467;45892;1903507;1903506;2001141;31326;9889;19222;50789;65007;31323;50794;51252;19219;80090;51171;60255;10556;1902679;51253;10605;9892;48519;45934;51172;31324;48523;31327;9890;10558;10629;10468;6355;2000112;2000113;5634;43231;43227;43226;5575;43229;44424;44464;5623;5622;3674	1555	601	1076.5	598	672.5	4116.5	512	1204.5	1328.5	3795.5	669	5600.5	7258.5	4662.5	6378.5	508.5	7432	4253	368.5	188.5	4384	1228	591	636.5	55116	2755.8
ORTHO000292_3	sodium hydrogen exchanger 2	AT3G05030;AT3G06370;AT5G27150	9651;6970;9628;50896;8150;6950;15386;5451;15299;15078;15077;22890;8324;15075;22891;22857;5215;3674;6810;51234;51179;55085;44763;9987;44699;44765;1902578;22892;34220;6811;98655;6812;15672;1902600;15992;6818;98662;98660;15298;15297;15291;22804;15491;22821;15079;46873;30001;71805;71804;6813;10107;16021;31224;44425;5575;16020;15385;15081;35725;6814;5774;44437;44444;44424;44464;5623;5622;5737;44446;44422;43226;43229;5773;43231;43227;98588;31090;98805;5576;6885;55067;98771;50801;48878;42592;65008;65007;55080;5886;71944;90333;10119;50794;50789;55075;55065;139;44431;5794;12505;5789;44432;5783;42175;325;10351;5515;5488;5516;48366;48827;48856;32502;48367;44767;48731;7275;44707;32501	1556	2678	1518.5	1481	1522.5	4484.5	4742	7331	2701	1842.5	5460	5763	3701.5	7699.5	7764	2914	1860.5	1888	284	3815.5	3089	1026	578	1131	68075	3403.75
ORTHO001288	Sec14p-like phosphatidylinositol transfer family protein	AT1G55840;AT5G47730	5215;3674;6810;51234;51179;8150;5794;43231;43227;43226;5575;43229;44424;44464;5623;5622;44444;5737;12505	1557	3076	1128.5	700	5268.5	314	2328.5	4312	8856.5	2670	2402	1810.5	3617	3815.5	5254.5	1239.5	3031	1780	4830.5	3797	675.5	2837	3113	707	57391	2869.55
ORTHO004823	Ribosomal protein S21 family protein	AT3G27160	9570;9532;44435;44444;44424;44464;5575;5623;5622;5737;44446;44422;43226;43229;9536;43231;43227;44434;9507;5840;30529;32991;43232;43228;6412;43043;43604;43603;34641;6807;8152;8150;44237;9987;44271;44249;9058;6518;1901564;71704;1901566;1901576;44267;19538;43170;44238;44260;34645;9059;10467;3735;5198;3674;42254;22613;44085;71840;9534;31976;9579;31984	1558	498	1671	1784	672.5	7008.5	177	676	3471	582	319	6344	1352	8862.5	6608.5	2476	2114	8713	8228.5	2033	1604	7227.5	1705	1282	70783.5	3.539.175
ORTHO000789_1	Heat shock protein 70 (Hsp 70) family protein	AT1G79920;AT1G79930	5634;43231;43227;43226;5575;43229;44424;44464;5623;5622;5886;16020;71944;5829;44444;5737;5524;35639;1901265;1901363;5488;3674;97159;43168;43167;32559;30554;17076;166;36094;32555;32553;97367;32550;32549;1882;1883;9506;5911;30054;55044;5618;30312;46686;10038;10035;42221;50896;8150;6457;9987;9408;9266;9628;6950	1559	41	977.5	396	31	3096.5	187.5	488	224.5	2551	804.5	1854	1352	5673.5	2702.5	136	2277	7597	1118.5	201.5	8400	8362	2536	556.5	50118.5	2.505.925
ORTHO005684	DHHC-type zinc finger family protein	AT3G09320	6612;6605;6886;15031;45184;51234;51179;8150;8104;33036;71702;6810;46907;51649;51641;34613;70727;1902582;44765;1902578;44699;90150;72657;44802;61024;16043;71840;9987;44763;1902580;18230;18231;18198;18193;6464;36211;19538;43170;71704;8152;44238;43412;44267;44260;44237;18345;6497;42158;42157;34645;9059;1901576;9058;44249;43543;5794;43231;43227;43226;5575;43229;44424;44464;5623;5622;44444;5737;12505;5576;19706;19707;16417;16747;16746;16740;3824;3674;16409;5783	1560	1053	2502.5	3445	4356	2629	2234.5	4183	2367.5	582	744	1576.5	8754.5	6971	8968.5	976.5	400	6808.5	4756.5	4809.5	8019	7120.5	6854	2940	81695	4084.75
ORTHO001723	aldehyde dehydrogenase 3F1	AT4G36250	4028;16620;16903;16491;3824;3674;8152;8150;55114;44710;44699;5783;43231;43227;43226;5575;43229;44424;44464;5623;5622;44444;5737;12505;6081;71704;44763;9987;44237;4029;16020	1561	2270	2969.5	4378	1689.5	176	444.5	1780.5	8307	969	1810	2038	8205.5	7779.5	8793	2476	1102.5	6388.5	7353.5	3129.5	6696	7016	7729.5	4586.5	86781	4339.05
ORTHO004965	RNA-binding KH domain-containing protein	AT4G26480;AT5G56140	5634;43231;43227;43226;5575;43229;44424;44464;5623;5622;3676;1901363;5488;3674;97159;3723;8150	1562	2562	4728.5	7895	4356	2054	3129.5	8348	8990.5	2524.5	1981	4779	1352	5175	551	1429.5	7582.5	7967.5	8873	8905.5	8618.5	8630.5	9022.5	8159	108073	5403.65
ORTHO003348	glutamate:glyoxylate aminotransferase	AT1G23310;AT1G70580	5737;44424;44464;5575;5623;5622;5777;42579;43231;43227;43226;43229;44444;48046;5576;9507;9536;6545;9070;1901607;1901605;6520;1901564;71704;8152;8150;6807;19752;43436;6082;44281;44710;44699;44763;9987;44237;44238;8652;46394;16053;44283;44711;9058;1901576;44249;1901566;9069;6544;5773;16020;4021;47635;8483;16769;16740;3824;3674;9853;43094;30170;1901363;5488;97159;48037;43168;43167;47958;42853;6524;9080;1901606;9063;46395;16054;44282;44712;9056;1901575;44248;1901565;9078;6522;42851;1666;36293;70482;9628;50896;6950;8453;9570;9532;44435;44446;44422;44434	1563	2453	2805	4047	1689.5	3334	652	1912	8101	2353	2216.5	6240	7743	7387.5	7377.5	2476	1221.5	6085	1807.5	711.5	7709	6759.5	6709	4291.5	85087	4254.35
ORTHO002289	translocon outer membrane complex 75-I	AT1G35860;AT3G46740;AT4G09080	9507;9536;43231;43227;43226;5575;43229;44424;44464;5623;5622;44444;5737;19867;16020;48598;44767;32502;8150;44699;9653;48856;9790;7275;44707;32501;10006;98796;43234;32991;44425;44434;44435;44446;44422;9707;9527;31968;31090;98805;31967;31975;98588;42170;9526;31969;9941;31359;31358;31354;31350;31300;31224;31355;31351;31301;16021;45037;45036;1902580;51641;51179;1902578;6605;6886;15031;45184;51234;8104;33036;71702;6810;46907;51649;34613;70727;1902582;44765;72596;72594;33365;72598;16482;44743;17038;65002;71806;55085;44763;9987;5774;44437;5773;9658;9657;6996;16043;71840;9735;9725;9719;50896;10033;42221;5515;5488;3674;9662	1564	1012	1220	876	4356	476	1938.5	1013.5	7691.5	238.5	354.5	1422	3964.5	4706.5	6378.5	508.5	7557.5	5992	4914	3774.5	5422.5	1735	607	1735.5	60430.5	3.021.525
ORTHO005146	Leucine-rich repeat (LRR) family protein	AT5G21090	19199;4888;38023;4871;60089;3674;7165;50794;50789;65007;8150;51716;9987;50896;7154;44763;44699;44700;23052;4872;4672;16301;16772;16740;3824;8152;16310;6796;6793;44237;16773;6468;6464;36211;19538;43170;71704;44238;43412;44267;44260;5886;16020;5575;44464;5623;71944	1565	2471	1325	1085	4356	3090.5	2414	6573	7046.5	2025.5	5323.5	1198.5	1352	4415.5	5873.5	1606	3299	4887	2519	3976	538	1466	3598.5	2314	63516	3175.8
ORTHO003858	translation initiation factor 3 subunit H1	AT1G10840	5737;44424;44464;5575;5623;5622;42788;5840;30529;32991;43232;43228;43226;43229;44444;5844;9744;34285;9743;10033;42221;50896;8150;1901700;5515;5488;3674;6413;44237;8152;9987;6412;43043;43604;43603;34641;6807;44271;44249;9058;6518;1901564;71704;1901566;1901576;44267;19538;43170;44238;44260;34645;9059;10467;5829;9733;9725;9719;45948;6446;6417;10608;10468;60255;19222;50789;65007;32268;51246;80090;31323;50794;34248;51171;2000112;31326;9889;10556;45727;10628;10604;9893;48518;31328;31325;48522;9891;10557;32270;51247;34250;51173;3743;8135;3723;3676;1901363;97159;9737;33993;97305;1101;34286;9749;9746;34284;5852;43234	1566	297	1454.5	1343	672.5	96.5	345	1204.5	393.5	103.5	865	164.5	3819.5	6332.5	5718	797.5	7051	7885.5	4328.5	234.5	8952.5	9172.5	9151.5	50	66666	3333.3
ORTHO002797	Target of Myb protein 1	AT1G21380;AT1G76970	5622;44464;5575;5623;8565;22892;5215;3674;6810;51234;51179;8150;15031;45184;8104;33036;71702;5795;98791;44431;44444;44424;5737;44446;44422;43226;43229;5794;43231;43227;12505;31984;6886;46907;51649;51641;34613;70727;6891;48193;1902582;44765;1902578;44699;16192	1567	2762	1040	513	4356	939.5	5756	517	435	855	1623	1471	1352	4179	5254.5	6712.5	935.5	5368	4830.5	1291.5	569	3026	4244	3565	52924	2646.2
ORTHO004051	NUP50 (Nucleoporin 50 kDa) protein	AT1G52380;AT3G15970	5643;44428;44446;44422;5575;43226;44424;44464;5623;5622;43229;5634;43231;43227;5635;31967;31975;12505;51028;50658;50657;15931;71705;6810;51234;51179;8150;71702;51236;6403;33036;5829;44444;5737;15031;45184;8104;5654;31981;70013;43233;31974;46907;51649;51641;5515;5488;3674	1568	2212	3367	5166	1281	1329	2528	7491.5	183	3027.5	5549	998	1352	7387.5	8793	2476	6162	6388.5	7353.5	5519.5	6696	7061.5	7818	2699.5	90813	4540.65
ORTHO000827_1	Rho GTPase activation protein (RhoGAP) with PH domain	AT5G12150;AT5G19390	5096;8047;30234;98772;3674;50790;19222;50789;65007;8150;65009;43085;44093;9893;48518;30695;60589;43547;43087;51336;51345;7165;50794;51716;9987;50896;7154;44763;44699;44700;23052;5886;16020;5575;44464;5623;71944;5737;44424;5622;35091;5543;8289;5488;43168;43167;9535;55035;42651;34357;44436;9579;44435;44444;44446;44422;43226;43229;9536;43231;43227;31976;31984;44434;9507;9534	1569	226	1261.5	954	248.5	819.5	274.5	4183	1133	502	1082.5	3218	9103	6601.5	6192.5	136	2436.5	8150.5	2354	1980	2459.5	8197.5	2617	147	61587.5	3.079.375
ORTHO004686	Ras-related small GTP-binding family protein	AT5G09910;AT5G64813	5634;43231;43227;43226;5575;43229;44424;44464;5623;5622;5525;35639;1901265;1901363;5488;3674;97159;43168;43167;32550;32549;1882;36094;97367;1883;32561;19001;17076;166;32555;32553;7264;35556;7165;50794;50789;65007;8150;51716;9987;50896;7154;44763;44699;44700;23052;9640;9639;9416;9314;9628;9791;44767;32502;44707;32501;7275;5737;32922;7623;48511;10468;60255;19222;3924;17111;16462;16818;16817;16787;3824;8152	1570	1773	2606	3642	1281	3726.5	1789.5	765	493.5	555.5	5596.5	1576.5	1352	7996	9046	2476	6896.5	6737.5	1389	5002	8019	7637.5	8609.5	3055	82719	4135.95
ORTHO000692_1	male gametophyte defective 3	AT1G68990;AT5G15700	5739;43231;43227;43226;5575;43229;44424;44464;5623;5622;44444;5737;6351;34645;44260;43170;71704;8152;8150;44237;9987;9059;1901576;9058;44249;97659;32774;16070;90304;6139;46483;6725;1901360;34641;6807;44238;34654;19438;44271;18130;1901362;10467;3899;34062;16779;16772;16740;3824;3674;9860;44702;22414;44699;904;902;32989;16043;71840;9653;32502;48856;48869;44767;44763;48468;30154;3006;48588;48589;40007;16049;9932;9826;60560;48868;9856;44703;51704;44706;32501;3677;3676;1901363;5488;97159;9793;9790;7275;44707;48316;48608;61458;48731;9791;10154;48481;35670;48440;48827;48367;48437;48569;48513;9908;90567;48467;48438;9507;9536;42651;34357;16020;44436;9579	1571	1876	4353.5	7136	4356	2557.5	1542	4571	8782	763	1623	1471	8410.5	7996	9073.5	2476	793	6982	8083	6467.5	8153	7725	8641.5	6210	102320.5	5.116.025
ORTHO000263_2	vacuolar sorting receptor 4	AT2G14720;AT2G14740	5794;43231;43227;43226;5575;43229;44424;44464;5623;5622;44444;5737;12505;5768;5802;98791;44431;44446;44422;31984;5887;31226;44459;44425;16020;5886;71944;31224;16021;17119;43234;32991;5773;6623;1902580;51641;51179;8150;1902578;44699;6605;6886;15031;45184;51234;8104;33036;71702;6810;46907;51649;34613;70727;1902582;44765;16482;72665;33365;72666;72594;7034;5509;46872;43169;43167;5488;3674	1572	629	2137.5	2703	672.5	7390	550.5	864	8577	642.5	478.5	1854	1352	6971	8838	976.5	8038.5	6590	1051.5	96	8019	7183	6854	1047.5	77373.5	3.868.675
ORTHO000885_1	Succinyl-CoA ligase; alpha subunit	AT5G08300;AT5G23250	6099;6101;72350;19752;43436;6082;71704;8152;8150;44281;44710;44699;44763;9987;44237;44238;9060;45333;15980;6091;55114;4776;4774;16405;16877;16874;3824;3674;16878;5759;44429;44444;44424;44464;5575;5623;5622;5737;44446;44422;43226;43229;5739;43231;43227;70013;43233;31974;6105;43648;9142;1901293;90407;19637;6793;1901576;9058;6753;55086;6139;46483;6725;1901360;34641;6807;6796;34654;19438;44249;44271;18130;1901362;44711;9141;4775;6104;6637;6732;51186;35383;6790;46686;10038;10035;42221;50896;5618;30312;71944;46872;43169;43167;5488;5507;46914	1573	1007	3317.5	5062	4356	2672	7963	1289.5	4123.5	1926.5	5549	8454.5	8519	6764.5	8893	2476	450	6590	4205.5	4586	1026	6512.5	5649	2699.5	90349	4517.45
ORTHO004858	unknown protein	AT5G12340	3674;5739;43231;43227;43226;5575;43229;44424;44464;5623;5622;44444;5737;8150	1574	1779	2935	4296	1281	257.5	776.5	8926	1839.5	5898.5	982	7085	1352	9108.5	6937	2476	2162	7335.5	8509	518	8300	8223.5	2396.5	3289.5	86372.5	4.318.625
ORTHO005057	myb domain protein 103	AT1G63910	1901430;1901428;1901141;31326;9889;19222;50789;65007;8150;31323;50794;1900376;43455;2000762;31328;31325;9893;48518;48522;9891;1900378;3700;1071;3674;2001141;51252;19219;80090;51171;60255;10556;6355;1903506;10468;2000112;45893;10628;10604;1903508;1902680;51254;45935;51173;10557;3677;3676;1901363;5488;97159;5634;43231;43227;43226;5575;43229;44424;44464;5623;5622;3682;44877;2000652;44087;1903338	1575	249.5	965	355	672.5	2837	117.5	188	7748	674	241.5	10.5	1352	8123.5	8726.5	267	1463.5	8162	1513	1900	298	1228	3407	945.5	49202.5	2.460.125
ORTHO003073	KNOTTED-like from Arabidopsis thaliana	AT4G08150	5515;5488;3674;45165;48869;44767;32502;8150;44699;44763;9987;30154;3700;1071;2001141;31326;9889;19222;50789;65007;31323;50794;51252;19219;80090;51171;60255;10556;6355;1903506;10468;2000112;5634;43231;43227;43226;5575;43229;44424;44464;5623;5622;10089;10087;9888;48856;10051;3002;7389;44707;32501;7275;1708	1576	2949	3605.5	5635	4356	8007.5	3129.5	7084	4188.5	3464	5407.5	5096	6316	6601.5	6867.5	7782	1564	4326.5	315	4392	3778.5	3955.5	7729.5	3238	93243	4662.15
ORTHO001736	plant U-box 18	AT1G10560;AT1G60190	16874;3824;3674;8152;8150;16567;32446;70647;6464;36211;19538;43170;71704;44238;43412;44267;44260;44237;9987;10029;1900140;48580;2000026;50793;50789;65007;51239;8270;46914;46872;43169;43167;5488;4842;19787;16740;5634;43231;43227;43226;5575;43229;44424;44464;5623;5622	1577	3268	4641	7705	4356	1089	2234.5	7588.5	6379.5	1926.5	1623	743.5	1352	7909	7804.5	2476	6752	6683.5	8435	9047	8663	8148	8775	8795.5	106425	5321.25
ORTHO001046_1	RAS 5	AT1G02130;AT4G17530;AT5G47200	139;98588;31090;16020;5575;44422;43226;43227;44431;44444;44424;44464;5623;5622;5737;44446;43229;5794;43231;12505;6888;16482;46907;6810;51234;51179;8150;51649;51641;48193;1902582;44765;1902578;44699;16192;5525;35639;1901265;1901363;5488;3674;97159;43168;43167;32550;32549;1882;36094;97367;1883;32561;19001;17076;166;32555;32553;46686;10038;10035;42221;50896;32588;5802;98791;31984;5773;5886;71944;9860;44702;22414;904;902;32989;16043;71840;9987;9653;32502;48856;48869;44767;44763;48468;30154;3006;48588;48589;40007;16049;9932;9826;60560;48868;9856;44703;51704;44706;32501;9555;48229;7275;44707;5829;9506;5911;30054;55044	1578	2952	1614.5	1651	4356	9114.5	6220	3065	3771.5	2330	4385	1471	1352	7536	6867.5	2476	8970.5	1425.5	824.5	1584.5	569	476.5	470	6553	69462	3473.1
ORTHO001389	alternative  NAD(P)H dehydrogenase 1	AT1G07180;AT2G29990	5777;42579;43231;43227;43226;5575;43229;44424;44464;5623;5622;44444;5737;5739;31304;98573;31300;44422;31224;44425;16020;31090;44455;44429;44446;31966;5740;31967;31975;5743;19866;3954;16651;16491;3824;3674;8152;8150;55114;44710;44699;71482;9416;9314;9628;50896;71478;71214;51716;9987	1579	949	1030.5	482	1436	3114.5	888	4345	6379.5	896.5	4793.5	2000.5	1352	4295.5	5937	1144	2936	7181.5	888	1632	1352	914	1918	191.5	52159	2607.95
ORTHO006096	unknown protein	AT1G21830	3674;8150;5634;43231;43227;43226;5575;43229;44424;44464;5623;5622	1580	1452	1387.5	1195	1584.5	702	776.5	4571	3279	5085	435.5	7085	3712	4560	5969	1830	7840	8514.5	5430	1698.5	800.5	914	462.5	1344.5	65009.5	3.250.475
ORTHO004292	RNA-binding (RRM/RBD/RNP motifs) family protein	AT1G51510	5515;5488;3674;5730;44428;44446;44422;5575;43226;44424;44464;5623;5622;43229;5634;43231;43227;43232;43228;31981;70013;43233;31974;166;36094;1901265;1901363;97159;6396;16070;44260;43170;71704;8152;8150;44237;9987;90304;6139;46483;6725;1901360;34641;6807;44238;10467;35145;43234;32991;5654;16604;44451;3723;3676;10628;10604;9893;48518;50789;65007;19222;60255;10468;5737	1581	332	989.5	398	3586.5	63	398	336	8634	738	4357	743.5	1352	6764.5	8726.5	267	202	8768	1901	2253	2021	961.5	664.5	1070.5	50221	2511.05
ORTHO002497	myb domain protein 20	AT1G66230;AT5G16600	2000652;44087;50789;65007;8150;1903338;50794;5634;43231;43227;43226;5575;43229;44424;44464;5623;5622;6355;1903506;2001141;31326;9889;19222;31323;51252;19219;80090;51171;60255;10556;10468;2000112;3700;1071;3674;3677;3676;1901363;5488;97159;3682;44877;9737;9725;9719;50896;10033;42221;33993;97305;1901700;1101	1582	441	793.5	5	248.5	3205.5	1173.5	218	47	163.5	63.5	25.5	1352	138	136.5	48	1914	985	58	2347	2021	320.5	79	125	14420.5	721.025
ORTHO003667	P-loop containing nucleoside triphosphate hydrolases superfamily protein	AT5G26667	48046;5576;5575;9041;19201;19205;16301;16772;16740;3824;3674;8152;8150;16310;6796;6793;44237;9987;46939;9117;6753;19637;71704;55086;6139;46483;6725;1901360;34641;6807;44238;44281;44710;44699;44763;16776;5524;35639;1901265;1901363;5488;97159;43168;43167;32559;30554;17076;166;36094;32555;32553;97367;32550;32549;1882;1883;6207;19856;72528;44271;44249;9058;18130;1901362;1901576;72527;1901564;1901566;6206;9112;46112;44711;4127;5737;44424;44464;5623;5622;9173;9161;9123;9129;5829;44444;5634;43231;43227;43226;43229;6221;9165;1901293;90407;34654;19438;6220	1583	1397	1782	1981	3586.5	7749.5	234.5	8476.5	3632	3240.5	1414	587.5	8446	8916	5907.5	1175.5	7542.5	6683.5	2066	2253	708.5	2541	372	481.5	72427.5	3.621.375
ORTHO004200	Phototropic-responsive NPH3 family protein	AT1G50280;AT3G19850	9416;9314;9628;50896;8150;16567;32446;70647;6464;36211;19538;43170;71704;8152;44238;43412;44267;44260;44237;9987;4871;60089;3674;7165;50794;50789;65007;51716;7154;44763;44699;44700;23052;5886;16020;5575;44464;5623;71944	1584	2002	2854	4124	4356	1089	345	602	8705	210.5	397.5	567	1352	8316	9114	2476	7214.5	7117	8354.5	920	8534	7972	8775	3447.5	85508.5	4.275.425
ORTHO001085	Endoplasmic reticulum vesicle transporter protein	AT1G22200;AT1G36050	3674;8150;5634;43231;43227;43226;5575;43229;44424;44464;5623;5622;5783;44444;5737;12505;5774;44437;44446;44422;5773;98588;31090;16020;98805;5794	1585	993	2402	3219	672.5	63	117.5	9000	3598.5	1256.5	4853	7611	1352	4935	511.5	508.5	8360.5	9107.5	2886.5	2903	5061.5	8566.5	2341	7376.5	80409.5	4.020.475
ORTHO005024	Ypt/Rab-GAP domain of gyp1p superfamily protein	AT3G07890	5737;44424;44464;5575;5623;5622	1586	770	1658	1730	4356	125.5	822.5	3361.5	3095.5	1926.5	4456.5	5780	8898	8862.5	6608.5	797.5	7922.5	8688.5	1901	1486	408.5	2677	1181	1243	70242	3512.1
ORTHO001246	Protein kinase superfamily protein	AT2G24360;AT4G31170	5524;35639;1901265;1901363;5488;3674;97159;43168;43167;32559;30554;17076;166;36094;32555;32553;97367;32550;32549;1882;1883;18108;6468;16310;6796;6793;44237;8152;8150;9987;6464;36211;19538;43170;71704;44238;43412;44267;44260;18212;18193;4713;4672;16301;16772;16740;3824;16773;5886;16020;5575;44464;5623;71944;4712;4674;10053;90627;30154;48869;44767;32502;44699;44763;10015;9653;48856;48364;48513;48731;7275;44707;32501;22622;90558;9888;5634;43231;43227;43226;43229;44424;5622	1587	1392	2295	3003	1584.5	3788.5	32	9075.5	4111.5	7407.5	110	6080.5	2758	5972.5	6378.5	797.5	2589	9080.5	2719.5	3146	3978	7358	3188	579	79150	3957.5
ORTHO002065	Mov34/MPN/PAD-1 family protein	AT3G11270;AT5G05780	3674;6511;19941;51603;6508;19538;43170;71704;8152;8150;44238;44257;30163;9057;1901575;9056;44265;44260;44237;9987;44248;44267;43632;43161;10498;8541;43234;32991;5575;44424;44464;5623;5622;5838;22624;502;5634;43231;43227;43226;43229;5737;9793;44702;22414;44699;3006;32502;9790;44767;48856;7275;44707;32501;48316;48608;61458;48731;9791;10154;5829;44444;9965;9887;9653;48513;48366;48827;48367;10016;45087;6952;6950;50896;6955;2376	1588	3754	4000.75	6413.5	2097	1729.5	7422	1912	4788.5	7830	8871	7215	1352	6601.5	6791	5325.5	8473.5	4673.5	4113.5	7576.5	1933.5	2608	1681.5	6732.5	97630.5	4.881.525
ORTHO003984	C2H2-like zinc finger protein	AT2G17180;AT4G35280	6351;34645;44260;43170;71704;8152;8150;44237;9987;9059;1901576;9058;44249;97659;32774;16070;90304;6139;46483;6725;1901360;34641;6807;44238;34654;19438;44271;18130;1901362;10467;5634;43231;43227;43226;5575;43229;44424;44464;5623;5622;46872;43169;43167;5488;3674;48235;44702;22414;44699;3006;32502;30154;48869;44767;44763;22412;32504;3;32501;55046;44707;9555;48229;7275;48856;48232;7276;48609;19953;44703;51704;3676;1901363;97159;3700;1071;2001141;31326;9889;19222;50789;65007;31323;50794;51252;19219;80090;51171;60255;10556;6355;1903506;10468;2000112;8270;46914	1589	1576	3373	5157	1281	4946.5	6075.5	2614.5	2777	4876.5	1981	8595.5	3793	8616.5	6267.5	2080.5	2277	7028	7676.5	1811	6578.5	9116.5	3529.5	144	90785	4539.25
ORTHO004731	novel interactor of JAZ	AT4G28910	6351;34645;44260;43170;71704;8152;8150;44237;9987;9059;1901576;9058;44249;97659;32774;16070;90304;6139;46483;6725;1901360;34641;6807;44238;34654;19438;44271;18130;1901362;10467;5515;5488;3674;5634;43231;43227;43226;5575;43229;44424;44464;5623;5622;9753;9725;9719;50896;10033;42221;1101;1901700;6952;6950;45892;1903507;1903506;2001141;31326;9889;19222;50789;65007;31323;50794;51252;19219;80090;51171;60255;10556;1902679;51253;10605;9892;48519;45934;51172;31324;48523;31327;9890;10558;10629;10468;6355;2000112;2000113;9867;9755;7165;51716;7154;44763;44699;44700;23052;32870;71495;71310;70887;71395;71229;1901701	1590	1003	1063.5	537	672.5	2953.5	312	446.5	3425	2524.5	744	7509	1352	5828	1292	508.5	8908.5	8446.5	1668	1229.5	3084	799	1121.5	1215.5	53367.5	2.668.375
ORTHO002085	Polynucleotidyl transferase; ribonuclease H fold protein with HRDC domain	AT1G54440;AT5G35910	5634;43231;43227;43226;5575;43229;44424;44464;5623;5622;80188;6306;43414;44260;43170;71704;8152;8150;44237;9987;32259;43412;6305;6304;6259;90304;6139;46483;6725;1901360;34641;6807;44238;44728;40029;10468;60255;19222;50789;65007;31047;16458;10629;10605;9892;48519;44763;44699;44710;6346;6342;45814;45892;1903507;1903506;2001141;31326;9889;31323;50794;51252;19219;80090;51171;10556;1902679;51253;45934;51172;31324;48523;31327;9890;10558;6355;2000112;2000113;16569;16568;6325;43933;16043;71840;51276;6996;1902589;1904281;45893;10628;10604;9893;48518;1903508;1902680;51254;45935;31325;48522;51173;31328;9891;10557;1904279;5654;44428;44446;44422;31981;70013;43233;31974;44030;51052;3727;3723;3676;1901363;5488;3674;97159;1990280;6403;33036;51179;8408;4527;4518;16788;16787;3824;90305;1903705;1900370;60148;60147;60968;1900368;60966;90065;70920;48583;48584;176;178;43234;32991;5730;43232;43228;5829;44444;5737;6396;16070;10467;6364;34470;34660;16072;42254;22613;44085;166;36094;1901265	1591	1672	3875	6159	1281	7278	1881	1709	8838.5	1462	1810	907	8205.5	7850	8893	2476	8143	6505.5	8310	4586	7166	5924	1498	2699.5	96142	4807.1
ORTHO003800	Ribosomal RNA processing Brix domain protein	AT1G52930;AT3G15460	5829;44444;44424;44464;5575;5623;5622;5737;5634;43231;43227;43226;43229	1592	2162	3552	5512	4356	6784	2791.5	21	1753	2284	2402	1198.5	7743	7636	8638.5	7782	1221.5	7273.5	7281	5303	6431	6791.5	6854	2382	92571	4628.55
ORTHO003226	SAD1/UNC-84 domain protein 2	AT3G10730;AT5G04990	5637;19866;31090;16020;5575;44422;43226;43227;44424;44464;5623;5622;31967;31975;44446;43229;31965;44428;5634;43231;5635;12505;5515;5488;3674;90435;34504;33365;34613;70727;51641;51179;8150;33036;8104;6998;44802;61024;16043;71840;9987;44763;44699;6997;6996;10256;5789;98588;44432;44444;5737;5783;44425;42175;9524;5819;44430;5856;43232;43228;15630;51260;51259;6461;65003;43933;22607;44085;71822;70271;16021;31224;43495;51291	1593	1243	1826	2059	1066.5	3602.5	652	10	9154.5	5864.5	744	212.5	2920.5	5926.5	5718	1996.5	8133	9062.5	2770.5	1678.5	262	9168	4843.5	290.5	73010	3650.5
ORTHO005015	related to AP2 6l	AT5G13330	9723;9725;9719;50896;8150;10033;42221;9737;33993;97305;1901700;1101;9753;3700;1071;3674;2001141;31326;9889;19222;50789;65007;31323;50794;51252;19219;80090;51171;60255;10556;6355;1903506;10468;2000112;9873;160;35556;7165;51716;9987;7154;44763;44699;44700;23052;9755;32870;71495;71310;70887;71369;71497;70417;9409;9266;9628;6950;33554;50826;5634;43231;43227;43226;5575;43229;44424;44464;5623;5622;6351;34645;44260;43170;71704;8152;44237;9059;1901576;9058;44249;97659;32774;16070;90304;6139;46483;6725;1901360;34641;6807;44238;34654;19438;44271;18130;1901362;10467;9751;14070;9651;6970;45893;10628;10604;9893;48518;1903508;1902680;51254;45935;31325;48522;51173;31328;9891;10557;3677;3676;1901363;5488;97159;9414;9415;10035	1594	785	1679.5	1765	4356	528.5	924	3816.5	8331	136	3426.5	444.5	8410.5	6542.5	8276	2476	3183	6854.5	3904.5	884	1384.5	5434	4773	859.5	70589	3529.45
ORTHO003139	LOB domain-containing protein 41	AT3G02550	6355;1903506;2001141;31326;9889;19222;50789;65007;8150;31323;50794;51252;19219;80090;51171;60255;10556;10468;2000112;5634;43231;43227;43226;5575;43229;44424;44464;5623;5622	1595	2353	1365	1135	4356	201.5	888	6741	2505.5	2721	982	6518	1352	4486	6007	6712.5	3448	5056.5	3730.5	518	3870	1827.5	3902	2699.5	64166.5	3.208.325
ORTHO001740	ARM repeat superfamily protein	AT3G06210;AT4G14280;AT5G18980	5575;8150;5634;43231;43227;43226;43229;44424;44464;5623;5622	1596	950	1787.5	1979	672.5	2953.5	652	103	4687.5	3882	4570	7450.5	1352	8884.5	6639	797.5	1102.5	8990.5	2843.5	2206.5	1121	8029.5	2479	3667.5	72411.5	3.620.575
ORTHO004124	expansin B3	AT4G28250	71555;45229;16043;71840;8150;9987;71554;9826;902;32989;9653;32502;48856;48869;44767;44699;44763;60560;48589;40007;16049;5576;5575;16020;5618;30312;44464;5623;71944;9664;71669;9828;9827;42545;10583;14070;10033;42221;50896;9506;5911;30054;55044;19953;44703;51704;22414;3;6949;48646	1597	3356	1660	1723	2097	994.5	7472.5	1709	7831	855	1623	743.5	5740	3815.5	5254.5	1830	4870.5	4253	4756.5	4392	864.5	5434	4564	3179.5	70182.5	3.509.125
ORTHO004226	transportin 1	AT2G16950;AT2G16960	5654;44428;44446;44422;5575;43226;44424;44464;5623;5622;43229;5634;43231;43227;31981;70013;43233;31974;59;43623;6461;65003;43933;16043;71840;8150;9987;22607;44085;71822;70271;34622;6606;17038;15031;45184;51234;51179;8104;33036;71702;6810;44765;1902578;44699;6886;46907;51649;51641;34613;70727;34504;33365;1902580;1902593;1902582;51170;6913;16482;51169;72594;44744;6605;8565;22892;5215;3674;5737;5643;5635;31967;31975;12505;8536;17016;31267;51020;19899;5515;5488;5829;44444;34399;60;8139;5048;42277;33218;31965;31090;16020;6610;6607	1598	1039	1207.5	817	4356	8	117.5	4964	224.5	1604.5	180	572.5	1352	7850	9168	2476	450	7471.5	8200	44	12.5	7897.5	1991	5007.5	59591	2979.55
ORTHO003024	Inositol monophosphatase family protein	AT1G43670	42132;50308;19203;16791;42578;16788;16787;3824;3674;8152;8150;16311;6796;6793;44237;9987;5983;9251;272;5976;5975;71704;44238;43170;16052;1901575;9056;9057;44042;44247;44264;44260;44262;44275;44248;5982;6073;15979;6000;19318;5996;44723;44710;44699;44281;5737;44424;44464;5575;5623;5622;5986;5985;5984;9311;44763;46351;34637;16051;1901576;9058;44711;44249;9312;46872;43169;43167;5488;5634;43231;43227;43226;43229;5829;44444;30388;19637;1901135;9750;9746;34284;9743;10033;42221;50896;1901700;9737;9725;9719;33993;97305;1101	1599	795	2366	3133	672.5	5773	512	1322	6379.5	2770	5549	2131	1352	6764.5	8726.5	976.5	3264.5	6590	7353.5	167.5	7386	6429	5586.5	885.5	79918.5	3.995.925
ORTHO003582	Protein of unknown function (DUF1644)	AT4G31410	5634;43231;43227;43226;5575;43229;44424;44464;5623;5622;3674;8150	1600	1336	3708.5	5817	1066.5	3548	3863.5	2185	5221.5	2496	6912.5	5327.5	8675.5	5238.5	766.5	508.5	8618.5	7728	2361.5	6467.5	8798.5	8310.5	2261.5	5007.5	94296.5	4.714.825
ORTHO002640	oxidative stress 3	AT5G56550	46686;10038;10035;42221;50896;8150;3674;5634;43231;43227;43226;5575;43229;44424;44464;5623;5622;16607;16604;44451;44428;44446;44422;5654;31981;70013;43233;31974;6979;6950	1601	3918	2892	4183	2097	3831.5	1184.5	3795	3568	8934.5	4931	7644.5	1352	5849.5	1109.5	6712.5	9081	9132	3067.5	3899.5	1715	572.5	433.5	9004.5	85818	4290.9
ORTHO003224	SCARECROW-like 8	AT5G52510	6355;1903506;2001141;31326;9889;19222;50789;65007;8150;31323;50794;51252;19219;80090;51171;60255;10556;10468;2000112;5634;43231;43227;43226;5575;43229;44424;44464;5623;5622;6351;34645;44260;43170;71704;8152;44237;9987;9059;1901576;9058;44249;97659;32774;16070;90304;6139;46483;6725;1901360;34641;6807;44238;34654;19438;44271;18130;1901362;10467;3700;1071;3674;5737	1602	3509	5306	9010	2097	7363.5	3863.5	2460.5	8616	2908	9114	6464.5	1352	8804.5	5937	7782	7568.5	7295.5	8655.5	9083.5	8618.5	8604	8551.5	6161.5	129204	6460.2
ORTHO004082	N-terminal nucleophile aminohydrolases (Ntn hydrolases) superfamily protein	AT3G16150	8798;8242;8238;70011;8233;16787;3824;3674;8152;8150;6508;19538;43170;71704;44238;33345;6530;6528;43603;34641;6807;44237;9987;9066;1901605;6520;1901564;19752;43436;6082;44281;44710;44699;44763;9065;1901606;9063;46395;16054;44282;44712;9056;1901575;44248;1901565;9064;9068;4067;16811;16810;51604;10467;6516;30163;9057;44265;44260;9100;1901135;1901136;5737;44424;44464;5575;5623;5622	1603	2240	1424	1245	1689.5	1089	5075.5	6978.5	1328.5	1233	744	1576.5	6804.5	4486	6192.5	1830	1048	5221.5	4830.5	3377.5	4519	2213.5	3779	3179.5	65506.5	3.275.325
ORTHO000548_1	tetratricopeptide repeat (TPR)-containing protein	AT3G51770;AT5G58550	10182;9756;7165;50794;50789;65007;8150;51716;9987;50896;7154;44763;44699;44700;23052;71322;71310;10033;42221;70887;1901701;1901700;9743;5634;43231;43227;43226;5575;43229;44424;44464;5623;5622;10364;31326;9889;19222;31323;1900911;1900908;31335;42762;6521;80090;10565;33238;51171;30674;5515;5488;3674;60090;16036;9267;31669;31667;9991;9605;31668;71496;42594;6950;33554;43161;10498;51603;6508;19538;43170;71704;8152;44238;44257;30163;9057;1901575;9056;44265;44260;44237;44248;44267;6511;19941;43632;2000069;48580;2000026;50793;51239;2000280;9693;9692;43449;1900673;43450;1900674;1901576;9058;44249;17145;51301	1604	3296	4652.5	7701	5552	244	6430	4251.5	7831	2455.5	8892.5	6361.5	6513.5	6764.5	7017.5	5325.5	4666	4982.5	5502	1320	7672.5	6813.5	5407	7952.5	106403	5320.15
ORTHO003499	mitogen-activated protein kinase kinase 4	AT1G51660;AT3G21220	186;32147;45860;45859;43549;42325;19220;51174;31323;50794;50789;65007;8150;19222;51338;50790;65009;1932;31399;32268;51246;80090;60255;1934;42327;45937;10562;31325;9893;48518;48522;31401;32270;51247;10604;33674;51347;43085;44093;43410;43408;1902531;9966;10646;48583;23051;1902533;9967;10647;48584;23056;9570;9532;44435;44444;44424;44464;5575;5623;5622;5737;44446;44422;43226;43229;9536;43231;43227;44434;9507;2000038;48580;2000026;50793;51239;4708;4712;4672;16301;16772;16740;3824;3674;8152;16310;6796;6793;44237;9987;16773;6468;6464;36211;19538;43170;71704;44238;43412;44267;44260;165;23014;7165;51716;50896;7154;44763;44699;44700;23052;44710;35556;187;43406;71902;71900;43405;10227;3006;32502;22414;9838;7275;44767;44707;32501;48437;44702;48569;48513;48856;48731;9908;90567;48608;61458;9791;48367;10229;31098;33554;6950;2000037;5634;4709;4702;5057;4871;60089;4674;9814;98542;6952;51707;43207;9605;9607;51704;45087;6955;2376;7346;51726;42981;43067;10941;9626;34050;12501;8219;16265;10365;31337;51176;42762;45764;33240;51173;51171;33238;6521;10565;31335;31328;31326;9889;9891;1900913;1900910;1900908;1900911;10364;5739	1605	2614	1432.5	1260	5265	1705	1155	2392	8782	136	3461	2197	8993.5	4969	327	1239.5	1507	8150.5	1051.5	635	1574.5	8413.5	5586.5	3401.5	65677	3283.85
ORTHO005061	Sec14p-like phosphatidylinositol transfer family protein	AT1G22180;AT4G08690	8150;5794;43231;43227;43226;5575;43229;44424;44464;5623;5622;44444;5737;12505;3674;5634;6810;51234;51179;5215	1606	588	1882	2158	672.5	2097.5	6478	676	1042.5	4481.5	1312.5	4162.5	1352	8862.5	6608.5	797.5	4638.5	7295.5	2410	1869	8350.5	7725	2171	1230.5	73561	3678.05
ORTHO004959	Protein of unknown function (DUF581)	AT1G53885;AT1G53903	5739;43231;43227;43226;5575;43229;44424;44464;5623;5622;44444;5737;3674;8150	1607	2094	2953	4299	4356	2054	3129.5	4345	2412.5	1506.5	1981	5295.5	1352	5175	693	1429.5	1545.5	7967.5	8873	6754	8618.5	8630.5	9022.5	5601	86386	4319.3
ORTHO003223	Exocyst complex component SEC5	AT1G21170;AT1G76850	5794;43231;43227;43226;5575;43229;44424;44464;5623;5622;44444;5737;12505;1927;43623;6461;65003;43933;16043;71840;8150;9987;22607;44085;71822;70271;34622;6904;48278;22406;44763;44699;16192;6810;51234;51179;6887;32940;46903;44765;1902578;51649;51641;9860;44702;22414;904;902;32989;9653;32502;48856;48869;44767;48468;30154;3006;48588;48589;40007;16049;9932;9826;60560;48868;9856;44703;51704;44706;32501;145;44448;5938;71944;43234;32991;5829;9846;44707;3674;5886;16020;9506;5911;30054;55044	1608	1079	2134.5	2661	1066.5	8310	1560	917.5	553.5	821	5589	1576.5	1352	7954.5	8968.5	2476	351	6590	658	4809.5	8019	7061.5	6624.5	2940	77132	3856.6
ORTHO004825	nudix hydrolase homolog 16	AT3G12600	16787;3824;3674;8152;8150;5739;43231;43227;43226;5575;43229;44424;44464;5623;5622;44444;5737;46872;43169;43167;5488	1609	2253	1656.5	1704	1689.5	961.5	5808	7084	7455	163.5	1623	1471	1352	4560	6192.5	6712.5	4135	5221.5	4756.5	635	569	3026	4806.5	3447.5	69980	3499
ORTHO000672	MATE efflux family protein	AT1G51340;AT3G08040	5886;16020;5575;44464;5623;71944;15746;6842;46942;15849;44765;6810;51234;51179;8150;1902578;44699;71702;15711;6820;6811;6855;15893;42493;42221;50896;55085;44763;9987;15137;15142;46943;8514;8509;15075;22891;22857;5215;3674;22892;34220;98656;5342;1903825;35674;16021;31224;44425;15238;90484;10044;10038;10035;71369;32870;9725;9719;10033;71495;71310;70887;51716;9723;6879;46916;6875;55065;98771;50801;48878;42592;65008;65007;55080;30003;6873;55082;19725;55076;55072;71732;1902170;1901699;1901698;34614;302;6979;6950;1901700;34599;33554;1901701;71241;71731;71281;10039;1990267;71248;9737;33993;97305;1101;30001;6812;46873;22890;8324;98655;15297;15291;22804	1610	2174	3855.75	6101.5	1689.5	2170	6617	1347	3598.5	4871.5	2216.5	6701	4159	5297	1016	1429.5	7378	9003.5	9014.5	3061	3063	8454	8896.5	7543.5	95837	4791.85
ORTHO002549	RING/U-box superfamily protein	AT2G20030;AT4G28890	16567;32446;70647;6464;36211;19538;43170;71704;8152;8150;44238;43412;44267;44260;44237;9987;8270;46914;46872;43169;43167;5488;3674;16021;31224;44425;5575;16020;16874;3824;4842;19787;16740	1611	2116	3019	4427	4356	8494.5	5621.5	917.5	8359.5	3163.5	1623	1708.5	1352	7850	8942.5	7782	1000	6330	1253	3600	934.5	7301.5	8070	2699.5	87003	4350.15
ORTHO000871	P-loop containing nucleoside triphosphate hydrolases superfamily protein	AT1G04280;AT1G06750;AT2G30630	16301;16772;16740;3824;3674;8152;8150;16310;6796;6793;44237;9987;16787;5634;43231;43227;43226;5575;43229;44424;44464;5623;5622;5524;35639;1901265;1901363;5488;97159;43168;43167;32559;30554;17076;166;36094;32555;32553;97367;32550;32549;1882;1883;16020	1612	823	1695	1778	672.5	760	575	1484	1133	4399	1414	9120	1352	5378	841.5	136	31	8120.5	8764.5	247	8990	8784	2390.5	6801.5	70721.5	3.536.075
ORTHO004934	GDSL-like Lipase/Acylhydrolase superfamily protein	AT2G23540;AT3G50400	16042;44712;9056;8152;8150;44710;44699;6629;71704;44238;1901575;5576;5575;16788;16787;3824;3674	1613	2203	1291.5	970	4356	5974	1247	357.5	2592	5166	3989.5	5667	1352	5564	1233.5	1830	9070.5	7335.5	1772.5	1632	1628	718	1453	3289.5	61871.5	3.093.575
ORTHO002302	zinc finger (C2H2 type) family protein	AT4G27240;AT5G54630	8270;46914;46872;43169;43167;5488;3674;6355;1903506;2001141;31326;9889;19222;50789;65007;8150;31323;50794;51252;19219;80090;51171;60255;10556;10468;2000112;3676;1901363;97159;3700;1071;5634;43231;43227;43226;5575;43229;44424;44464;5623;5622;3950;16763;16757;16740;3824;8152	1614	2490	4163.25	6712.5	4356	3905	6670	3853.5	9169.5	2284	4971.5	5053	1352	4790	302.5	6075	8888	9162	6531	3721.5	1673.5	9018.5	3100.5	8923.5	99444.5	4.972.225
ORTHO004838	nuclear-encoded CLP protease P7	AT5G23140	9840;44434;44435;44444;44424;44464;5575;5623;5622;5737;44446;44422;43226;43229;9536;43231;43227;9507;9368;43234;32991;9570;9532;5739;9535;55035;42651;34357;16020;44436;9579;31976;31984;9534;5759;44429;70013;43233;31974;4252;4175;70011;8233;16787;3824;3674;8152;8150;6508;19538;43170;71704;44238;8236;17171;50897;46914;46872;43169;43167;5488;8270	1615	2047	1552.5	1490	1281	3844	8728.5	676	1042.5	5641.5	3136.5	6464.5	1352	4890.5	343	1429.5	9138	8411.5	2260	920	42.5	596	1498	7721.5	68136	3406.8
ORTHO002377	unknown protein	AT2G41960;AT3G58050	9506;5911;30054;5575;55044;5886;16020;44464;5623;71944;8150;3674	1616	1770	1133	650	4356	3193.5	1155	1426	1234	5964.5	2290	6271	1352	4486	5856	6712.5	3224	4982.5	615.5	995	992	1228	3162	1263	56402.5	2.820.125
ORTHO002169	plant U-box 9	AT3G07360	16567;32446;70647;6464;36211;19538;43170;71704;8152;8150;44238;43412;44267;44260;44237;9987;5634;43231;43227;43226;5575;43229;44424;44464;5623;5622;5737;71215;9737;9725;9719;50896;10033;42221;33993;97305;1901700;1101;71396;71310;70887;51716;32870;71495;97306;1901701;71229;70696;33612;5102;5515;5488;3674;5886;16020;71944;16874;3824;4842;19787;16740;9738;9755;7165;50794;50789;65007;7154;44763;44699;44700;23052;48527;48528;9791;44767;32502;44707;32501;7275;48364;48513;48856;48731;22622;48569	1617	2450	1265.5	914	1689.5	7932.5	5997.5	1322	2570.5	402.5	4265.5	367.5	6071.5	4415.5	5856	1606	3224	4809.5	824.5	419.5	3511.5	1407.5	3487.5	2575	61066	3053.3
ORTHO001125_1	Glycine cleavage T-protein family	AT1G11860	22626;44445;44444;44424;44464;5575;5623;5622;5737;5829;5840;30529;32991;43232;43228;43226;43229;5739;43231;43227;9507;9536;9534;31976;9579;31984;44446;44422;44435;44434;9570;9532;9941;9526;31967;31975;4047;8168;16741;16740;3824;3674;8152;8150;32259;16020;48046;5576;46686;10038;10035;42221;50896;8483;16769	1618	452	1413	1208	3586.5	640.5	1393	535	1625	295	1414	8004.5	1352	6971	8838	267	3471	6737.5	4715	4925	8019	1310	3552	1029	65093.5	3.254.675
ORTHO002355	phytochrome-associated protein 2	AT4G29080	9734;9755;7165;50794;50789;65007;8150;51716;9987;50896;7154;44763;44699;44700;23052;32870;9725;9719;10033;42221;71495;71310;70887;71365;9733;5634;43231;43227;43226;5575;43229;44424;44464;5623;5622;6355;1903506;2001141;31326;9889;19222;31323;51252;19219;80090;51171;60255;10556;10468;2000112;6351;34645;44260;43170;71704;8152;44237;9059;1901576;9058;44249;97659;32774;16070;90304;6139;46483;6725;1901360;34641;6807;44238;34654;19438;44271;18130;1901362;10467;46983;5515;5488;3674;6417;10608;32268;51246;34248;3700;1071	1619	2960	2841.5	4064	4356	2295.5	1274.5	7491.5	2729.5	2124.5	4137	6701	1352	5596	1168.5	1830	8269	6982	7042	1632	4833.5	7992	3188	8512	85150.5	4.257.525
ORTHO006213	Transmembrane proteins 14C	AT2G38550	9941;9526;31967;31975;44464;5575;5623;44446;44422;43226;44424;5622;43229;43227;44435;44444;5737;9536;43231;44434;9507;8150;9706;9528;19866;31090;16020;42170;31969;16021;31224;44425;5739	1620	377	1767.5	1915	248.5	2999.5	1881	2000	2202	103.5	2402	8970	9103	5199	810.5	136	8269	7659.5	904	7498.5	8496	649	700.5	2046	72029	3601.45
ORTHO000490_1	Actin-binding FH2 (formin homology 2) family protein	AT2G43800;AT3G25500	16021;31224;44425;5575;16020;3779;8092;5515;5488;3674;5886;44464;5623;71944;51016;51693;30835;30834;1901879;43244;51128;50794;50789;65007;8150;8064;30832;32535;90066;65008;16043;71840;9987;44763;44699;32956;51493;33043;32970;51494;10639;51129;48523;48519;1901880;43242;30837;30833;32271;43254;44087;32272;31333;30036;30029;7010;6996;1902589;45010;30838;51495;10638;51130;48522;48518;32273;31334;44089;7015;71822;43933;51015;32403;44877;5634;43231;43227;43226;43229;44424;5622;5618;30312	1621	989	2565.5	3510	672.5	994.5	6879	4238	1328.5	1155	5503	5150	8929.5	6004.5	5034.5	1996.5	2391.5	7117	802.5	3774.5	7860	7950.5	2079	2850	82038	4101.9
ORTHO000756	Cyclic nucleotide-regulated ion channel family protein	AT5G15410;AT5G54250	16021;31224;44425;5575;16020;98655;6812;6811;44765;6810;51234;51179;8150;1902578;44699;34220;55085;44763;9987;5242;5249;22843;5261;5216;15075;22891;22857;5215;3674;22892;22838;15267;22803;8324;5244;22832;22836;51049;32879;50789;65007;34765;34762;50794;43269;5267;15079;15077;22890;15672;46873;30001;71805;98662;98660;71804;6813;15276;22834;9626;34050;12501;8219;16265;45087;6952;6950;50896;6955;2376;33554;51716;30552;32559;30554;17076;166;36094;5488;1901265;1901363;97159;32555;32553;97367;43168;43167;30551;5221;43855;5217;30553;32561;19001;5222;5516;5515;5886;44464;5623;71944;7263;19932;35556;7165;7154;44700;23052;5262;15085;72509;72511;70588;6816;70838;42391;65008;5887;31226;44459	1622	595	1077	532	672.5	6227.5	444.5	310.5	3291	1058	4485.5	1070.5	3960.5	4662.5	6007	508.5	2987.5	8002	1031	1698.5	1201.5	852	3621	1825	53244.5	2.662.225
ORTHO000501_1	Long-chain fatty alcohol dehydrogenase family protein	AT1G03990;AT3G23410;AT4G28570	16491;3824;3674;8152;8150;55114;44710;44699;46577;16899;16614;5622;44464;5575;5623;50660;50662;48037;5488;43168;43167;166;36094;1901265;1901363;97159;9055;6066;1901615;71704;44281;16021;31224;44425;16020;43231;43227;43226;43229;44424;5783;44444;5737;12505;5634	1623	2934	864.5	106	4356	6529	2881	3939	3914.5	3135	5074.5	267.5	1352	138	136.5	1175.5	2675	433.5	61	1532.5	2409.5	398.5	986.5	514	37553	1877.65
ORTHO000396_2	NAD-dependent epimerase/dehydratase family protein	AT1G53500;AT1G63000;AT1G78570;AT3G14790	50662;48037;5488;3674;10280;3824;8152;8150;5829;44444;44424;44464;5575;5623;5622;5737;45226;33692;271;5976;5975;71704;44238;43170;16051;44723;44710;44699;1901576;9058;44711;9059;34637;44262;44237;9987;44763;44249;44264;44260;34645;46379;55114;50377;16836;16835;16829;10253;9226;1901137;1901135;9225;6139;46483;6725;1901360;34641;6807;34654;19438;44271;18130;1901362;33478;6793;10192;10191;8460;8831;16616;16614;16491;10490;10489;16857;16854;16853;10214;3006;32502;22414;48856;48316;48608;61458;48731;7275;44767;44707;32501;44702;9791;10154;48046;5576;19305;46383;5886;16020;71944;71555;45229;16043;71840;71554;8830;9506;5911;30054;55044;51555;51553;9813;9812;51552;42440;46148;1901617;1901615;51554;10315;60918;9914;10817;65008;65007;44765;6810;51234;51179;1902578;10928;9966;10646;50794;50789;48583;23051;30154;48869;9507;9536;43231;43227;43226;43229;42127	1624	3198	3413	5202	2097	1423	6075.5	7331	2069	4175	9015.5	6271	3856.5	7213.5	7258.5	2476	8849	5569	7644	794.5	2189	3026	1730	4060.5	91026.5	4.551.325
ORTHO001818	Uncharacterised conserved protein UCP031088; alpha/beta hydrolase	AT1G15060;AT1G73750	9507;9536;43231;43227;43226;5575;43229;44424;44464;5623;5622;44444;5737	1625	1482	1357	1089	4356	3632	961	2684	3057.5	1777	4381.5	3108	1352	5142.5	693	508.5	143.5	8297	2179.5	3146	3185.5	8354	2713	8258.5	63574	3178.7
ORTHO001734	LOB domain-containing protein 13	AT2G30340;AT2G40470	16020;5575;8150;5634;43231;43227;43226;43229;44424;44464;5623;5622;3674;5515;5488	1626	646	1619.5	1613	672.5	3425	1672.5	1114.5	493.5	369.5	478.5	1854	8754.5	6971	8838	267	7897.5	6590	598.5	4527	8019	5059	1121.5	1061.5	69112	3455.6
ORTHO001772	NAC (No Apical Meristem) domain transcriptional regulator superfamily protein	AT1G26870;AT5G39820	48103;17145;51301;44763;9987;8150;44699;5634;43231;43227;43226;5575;43229;44424;44464;5623;5622;9733;9725;9719;50896;10033;42221;3700;1071;3674;2001141;31326;9889;19222;50789;65007;31323;50794;51252;19219;80090;51171;60255;10556;6355;1903506;10468;2000112;7275;44767;32502;44707;32501;45770;51781;48522;48518;51302;9786;48829;48856;48364;48513;48731;22622;6351;34645;44260;43170;71704;8152;44237;9059;1901576;9058;44249;97659;32774;16070;90304;6139;46483;6725;1901360;34641;6807;44238;34654;19438;44271;18130;1901362;10467;3677;3676;1901363;5488;97159	1627	1004	2696	3765	672.5	6946	5048.5	3467	8928.5	450.5	4988.5	6808	1352	5210.5	988	1429.5	2452.5	8803	2299	1229.5	8873.5	8005	2037	4060.5	83377	4168.85
ORTHO004704	SCP1-like small phosphatase 4b	AT4G18140;AT5G46410	16791;42578;16788;16787;3824;3674;8152;8150;16311;6796;6793;44237;9987;5634;43231;43227;43226;5575;43229;44424;44464;5623;5622;8420;4722;4721;6470;6464;36211;19538;43170;71704;44238;43412;44267;44260	1628	1694	4675.5	7723	1281	8460	1985	7491.5	8359.5	2124.5	865	2000.5	8205.5	7779.5	8838	7782	6208.5	6265.5	1189.5	4586	6810.5	7109	7818	2699.5	106577.5	5.328.875
ORTHO001152_1	Protein of unknown function (DUF3506)	AT1G27510;AT3G47990	9507;9536;43231;43227;43226;5575;43229;44424;44464;5623;5622;44444;5737;10343;97468;36473;8219;16265;44699;8150;44763;9987;34599;6979;6950;50896;33554;51716;70887;42221;12501;34614;302;1901700;1901701;71452;304;10035;42651;34357;16020;44436;9579;10182;9756;7165;50794;50789;65007;7154;44700;23052;71322;71310;10033;9743;16567;32446;70647;6464;36211;19538;43170;71704;8152;44238;43412;44267;44260;44237;8270;46914;46872;43169;43167;5488;3674;4842;19787;16740;3824;16874;16021;31224;44425	1629	2321	2486.5	3344	4356	3466.5	859	1013.5	1234	855	2129.5	2851	7743	7636	7377.5	7782	5962.5	6029.5	1086	461.5	6180.5	6791.5	6854	4758	81070.5	4.053.525
ORTHO006395	Plant protein of unknown function (DUF828)	AT5G58600	16413;16407;16747;16746;16740;3824;3674;8152;8150;8374;71554;9987;5783;43231;43227;43226;5575;43229;44424;44464;5623;5622;44444;5737;12505;5794;9620;51707;43207;9605;50896;9607;51704	1630	3611	860.5	91	4356	7694	6989.5	327.5	4209	2551	86	79.5	1352	138	136.5	3183	2868	330	36.5	3377.5	175.5	484	1991	365.5	36374	1818.7
ORTHO002608	RNA-binding protein 47C	AT1G47490;AT1G47500	8143;70717;3727;3723;3676;1901363;5488;3674;97159;6397;16071;16070;44260;43170;71704;8152;8150;44237;9987;90304;6139;46483;6725;1901360;34641;6807;44238;6396;10467;5634;43231;43227;43226;5575;43229;44424;44464;5623;5622;5737;166;36094;1901265;9507;9536;44444	1631	3890	2469	3307	4356	7030	2627.5	6741	7455	2059	1981	1198.5	5740	3815.5	3265	6712.5	4252.5	3580	6389	4131	111	4525.5	6709	2575	80898	4044.9
ORTHO004499	Single hybrid motif superfamily protein	AT1G32470;AT2G35370	5739;43231;43227;43226;5575;43229;44424;44464;5623;5622;44444;5737;19464;6546;9071;1901606;1901605;6520;1901564;71704;8152;8150;6807;19752;43436;6082;44281;44710;44699;44763;9987;44237;44238;9063;46395;16054;44282;44712;9056;1901575;44248;1901565;9069;6544;4375;16642;16638;16491;3824;3674;55114;5960;1990204;1902494;43234;32991;9507;9536;9853;43094;44249;9058;5634;9579	1632	772	1570	1508	365.5	2557.5	312	3243.5	9107.5	103.5	104	790	1352	7343.5	9073.5	1073.5	1786.5	8645	7712	2570	3007.5	6791.5	1523.5	1215.5	68312	3415.6
ORTHO005287	ubiquitin-specific protease 24	AT4G30890	5634;43231;43227;43226;5575;43229;44424;44464;5623;5622;6508;19538;43170;71704;8152;8150;44238;4843;19783;8234;70011;8233;16787;3824;3674;36459	1633	471	2089	2545	3586.5	615.5	6168	8651	931	3679.5	1211	4162.5	1352	4825	409	508.5	630	8397.5	8995.5	2185	1773	9083.5	9151.5	3679.5	76408.5	3.820.425
ORTHO003218	cyclin-dependent kinase D1	AT1G18040;AT1G66750;AT1G73690	4693;97472;4672;16301;16772;16740;3824;3674;8152;8150;16310;6796;6793;44237;9987;16773;6468;6464;36211;19538;43170;71704;44238;43412;44267;44260;51726;50794;50789;65007;4674;5515;5488;8353;5634;43231;43227;43226;5575;43229;44424;44464;5623;5622;5524;35639;1901265;1901363;97159;43168;43167;32559;30554;17076;166;36094;32555;32553;97367;32550;32549;1882;1883;79;1904029;45859;43549;42325;19220;51174;31323;19222;51338;50790;65009;1932;31399;32268;51246;80090;60255;71900;5737;51301;44763;44699;30154;48869;44767;32502	1634	1957	1658.5	1683	1281	235.5	776.5	4133.5	5221.5	502	865	5960	6731.5	4486	6137	6712.5	3891.5	5221.5	4328.5	247	4445	2213.5	4535	3103.5	69746.5	3.487.325
ORTHO001853	AT-hook motif nuclear-localized protein 22	AT2G45430;AT4G22810	3680;1990837;3690;43566;3677;3676;1901363;5488;3674;97159;43565;9647;9791;44767;32502;8150;44699;44707;32501;7275;9646;9642;9416;9314;9628;50896;6351;34645;44260;43170;71704;8152;44237;9987;9059;1901576;9058;44249;97659;32774;16070;90304;6139;46483;6725;1901360;34641;6807;44238;34654;19438;44271;18130;1901362;10467;6355;1903506;2001141;31326;9889;19222;50789;65007;31323;50794;51252;19219;80090;51171;60255;10556;10468;2000112;9640;9639;42826;19899;5515;43621;9908;90567;48608;3006;22414;48856;61458;48731;44702;48367;5634;43231;43227;43226;5575;43229;44424;44464;5623;5622;10228	1635	3980	3532	5429	1551	4372.5	6808	7409.5	4188.5	4707.5	3674	4949	5740	7699.5	7917.5	2821	1048	6590	5502	4687	3375	5434	4085.5	1188	92196.5	4.609.825
ORTHO001567	arogenate dehydratase 6	AT1G08250;AT2G27820;AT3G44720;AT5G22630	9570;9532;44435;44444;44424;44464;5575;5623;5622;5737;44446;44422;43226;43229;9536;43231;43227;44434;9507;47769;16836;16835;16829;3824;3674;8152;8150;9094;9095;9073;9072;6725;44237;9987;1901360;71704;6520;1901564;6807;19752;43436;6082;44281;44710;44699;44763;44238;19438;44249;9058;1901362;1901576;8652;46394;16053;44283;44711;1901566;6558;1902221;1901605;1902223;1901607;16597;31406;43177;36094;5488;43168;43167;4664;6571;6570;5829;10244;9637;9416;9314;9628;50896;9645;9642;80167	1636	3506	4505.5	7375	2097	7766.5	3129.5	2322	1234	6934	2129.5	1954	3846.5	6971	7258.5	7782	6099.5	5368	8458.5	8691.5	7386	7259	5407	4016	104013	5200.65
ORTHO005438	Heavy metal transport/detoxification superfamily protein	AT2G18196;AT4G10465	5576;5575;46872;43169;43167;5488;3674;5737;44424;44464;5623;5622;46916;6875;55065;98771;50801;48878;42592;65008;65007;8150;55080;30003;6873;55082;19725;44763;9987;44699;55076;46914;30001;6812;6811;44765;6810;51234;51179;1902578	1637	1187	1803	1969	1066.5	8571.5	1011	4251.5	5028	5109	354.5	6781	1352	8627	8512	976.5	2123.5	8592	1807.5	1698.5	2160.5	2677	859	1858	72350	3617.5
ORTHO002363	Zinc finger C-x8-C-x5-C-x3-H type family protein	AT1G66810;AT1G68200	51511;48640;45926;48519;50789;65007;8150;40008;51093;50793;48638;30308;1558;51128;50794;48523;51129;51510;22604;22603;3676;1901363;5488;3674;97159;5634;43231;43227;43226;5575;43229;44424;44464;5623;5622;45893;10628;10604;9893;48518;19222;60255;10468;1903508;1903506;2001141;31326;9889;31323;51252;19219;80090;51171;10556;1902680;51254;45935;31325;48522;51173;31328;9891;10557;6355;2000112;3729;44822;3723;1901347;2000652;44087;1903338;1903339;3677;46872;43169;43167;44212;975;1067;3700;1071	1638	3163	3936	6234	4356	5773	1247	2114.5	3162.5	698.5	4277.5	5795.5	8754.5	5445	892.5	6712.5	8143	7728	8406.5	1371	8438.5	8398	2274	6949.5	96581.5	4.829.075
ORTHO000330_1	Protein kinase superfamily protein	AT1G79640;AT4G10730;AT4G24100;AT5G14720	16301;16772;16740;3824;3674;8152;8150;16310;6796;6793;44237;9987;5634;43231;43227;43226;5575;43229;44424;44464;5623;5622;4674;4672;16773;6468;6464;36211;19538;43170;71704;44238;43412;44267;44260;5886;16020;71944	1639	3085	3545.75	5452.5	2097	1089	2328.5	6978.5	4452.5	502	7594	2937.5	5740	3815.5	5254.5	6712.5	3891.5	5221.5	4388	7692.5	6696	2213.5	7554.5	7266.5	92328.5	4.616.425
ORTHO008520	cyclophilin 5	AT2G29960	42277;33218;5488;3674;6457;9987;8150;3755;16859;16853;3824;8152;413;18208;18193;6464;36211;19538;43170;71704;44238;43412;44267;44260;44237;5737;44424;44464;5575;5623;5622;5771;5768;43231;43227;43226;43229;44444;12505;5795;98791;44431;44446;44422;5794;31984;5783;5515;5829;16020	1640	2962	4348.5	7057	4356	2054	4457	2838	4323	2988	9148	863	8817.5	5289	638	1429.5	8250.5	7728	8605.5	8125.5	8019	8134.5	2479	7543.5	101730.5	5.086.525
ORTHO001789	PDI-like 1-1	AT1G21750;AT1G77510	5773;43231;43227;43226;5575;43229;44424;44464;5623;5622;44444;5737;34976;33554;51716;9987;8150;50896;6950;9579;5788;70013;43233;31974;44422;44446;44432;5783;12505;48316;48608;3006;32502;22414;48856;61458;48731;7275;44767;44699;44707;32501;44702;9791;10154;5515;5488;3674;9507;9536;9735;9725;9719;10033;42221;327;44437;323;326;325;322;43067;10941;50794;50789;65007;3756;16864;16860;16853;3824;8152;6457;9505;5618;30312;71944;9790;9651;6970;9628;16020;10043;10038;10035;1990267;5794;10205;43155;42548;10109;31323;19222;43467;31324;48523;48519;9892;9644;9642;9416;9314;9570;9532;44435;44434;5774;98588;31090;98805;5886;46686	1641	2629	1654.5	1668	1812	4865.5	859	2250	2202	1409.5	2653	2291.5	6895.5	6971	7129	2476	2935	5886.5	7197.5	1584.5	298	4873	3030.5	3841	69648	3482.4
ORTHO003474	DNAJ heat shock family protein	AT2G22360;AT4G39960	9535;55035;42651;34357;16020;5575;44436;44424;44464;5623;5622;9579;44435;44444;5737;44446;44422;43226;43229;9536;43231;43227;31976;31984;44434;9507;9534;5739;6457;9987;8150;9941;9526;31967;31975;46872;43169;43167;5488;3674	1642	3421	4910.5	8179	4356	1959	1093.5	3680	7632	8319	8855	7102	7377.5	8681	5596.5	7782	8801.5	8645	8485.5	1129.5	2313	7441	2171	3920	110984	5549.2
ORTHO004219	SPOC domain / Transcription elongation factor S-II protein	AT5G11430;AT5G25520	6414;34645;44260;43170;71704;8152;8150;44237;9987;9059;1901576;9058;44249;6412;43043;43604;43603;34641;6807;44271;6518;1901564;1901566;44267;19538;44238;10467;6351;97659;32774;16070;90304;6139;46483;6725;1901360;34654;19438;18130;1901362;3746;8135;3723;3676;1901363;5488;3674;97159;5634;43231;43227;43226;5575;43229;44424;44464;5623;5622	1643	2104	3046	4449	1479.5	6739	1247	7084	8973	2405	8095	5517.5	1352	5199	892.5	2914	1581	6919	7712	2986	3978	8029.5	4693	787	87103.5	4.355.175
ORTHO004216	Basic-leucine zipper (bZIP) transcription factor family protein	AT2G40950;AT3G56660	16021;31224;44425;5575;16020;139;98588;31090;44422;43226;43227;44431;44444;44424;44464;5623;5622;5737;44446;43229;5794;43231;12505;45893;10628;10604;9893;48518;50789;65007;8150;19222;60255;10468;1903508;1903506;2001141;31326;9889;31323;50794;51252;19219;80090;51171;10556;1902680;51254;45935;31325;48522;51173;31328;9891;10557;6355;2000112;5634;5789;44432;5783;42175;3677;3676;1901363;5488;3674;97159;3700;1071;42538;9651;6970;9628;50896;6950;6972;6351;34645;44260;43170;71704;8152;44237;9987;9059;1901576;9058;44249;97659;32774;16070;90304;6139;46483;6725;1901360;34641;6807;44238;34654;19438;44271;18130;1901362;10467;5515;43565	1644	649	1913.5	2183	248.5	585	6711	676	1042.5	402.5	1312.5	8522.5	1352	5895.5	4462	797.5	8038.5	7677.5	8251.5	4586	1416	8398	2239	1371.5	73737	3686.85
ORTHO005222	ELMO/CED-12 family protein	AT2G44770;AT3G60260	5737;44424;44464;5575;5623;5622;5856;43232;43228;43226;43229;3674;6909;6897;16192;6810;51234;51179;8150;44765;1902578;44699	1645	2815	2872.5	4100	4356	8382	5504	8102.5	6660.5	6308	1623	5096	1352	6099.5	1579	2080.5	2174.5	7117	2014	4809.5	1250.5	8510	2776	3920	85358.5	4.267.925
ORTHO001993	Thioredoxin superfamily protein	AT3G02000;AT5G14070	5634;43231;43227;43226;5575;43229;44424;44464;5623;5622;6457;9987;8150;9055;3674;5515;5488;15035;15036;16667;16491;3824;8152;55114;44710;44699;45892;1903507;1903506;2001141;31326;9889;19222;50789;65007;31323;50794;51252;19219;80090;51171;60255;10556;1902679;51253;10605;9892;48519;45934;51172;31324;48523;31327;9890;10558;10629;10468;6355;2000112;2000113;48448;48444;44702;22414;3006;32502;48563;9887;44767;9653;48856;48513;48731;7275;44707;32501;9886;9791;48569;48437;9908;90567;48608;61458;48367;48443;48827;48466;48438;48455;48449;48645;48646;5737;48453;48447;48442;48464;3756;16864;16860;16853;48441;48465;48451;48446;45454;19725;42592;65008;44763;48653	1646	3817	5246	8846	2097	8169	8400	2903.5	8962	2615.5	3948.5	5191.5	8754.5	5425.5	867	6712.5	7630.5	7597	8814	2570	8534	8784	8896.5	8909.5	123685	6184.25
ORTHO001579	exocyst subunit exo70 family protein G1	AT4G31540	6887;16192;6810;51234;51179;8150;32940;46903;44765;1902578;44699;51649;51641;44763;9987;5829;44444;44424;44464;5575;5623;5622;5737;145;44448;5938;71944;43234;32991;6904;48278;22406	1647	472	2299	2951	672.5	505	444.5	3894.5	1839.5	266	7594	4239	1352	4839	438.5	508.5	7240	8080	1118.5	1460	8990	9072	8993	8026	78900	3945
ORTHO004635	telomere repeat binding factor 1	AT1G49950	6355;1903506;2001141;31326;9889;19222;50789;65007;8150;31323;50794;51252;19219;80090;51171;60255;10556;10468;2000112;5515;5488;3674;3682;44877;5634;43231;43227;43226;5575;43229;44424;44464;5623;5622;3691;42162;43565;3677;3676;1901363;97159;3690;43566;6351;34645;44260;43170;71704;8152;44237;9987;9059;1901576;9058;44249;97659;32774;16070;90304;6139;46483;6725;1901360;34641;6807;44238;34654;19438;44271;18130;1901362;10467;9723;9725;9719;50896;10033;42221;3700;1071;5730;44428;44446;44422;43232;43228;31981;70013;43233;31974;9651;6970;9628;6950;785;44427;5694;32991;46686;10038;10035;9739;33993;1101;1901700;9737;97305;42803;42802;46983;9751;14070;9753;9733	1648	500	1122.5	597	672.5	505	4904	1013.5	8423.5	52.5	2992.5	551.5	1352	5110.5	693	136	2013	7571	802.5	5245.5	1566.5	8486	1828	1858	55104.5	2.755.225
ORTHO003686	Zinc finger C-x8-C-x5-C-x3-H type family protein	AT2G20280	3677;3676;1901363;5488;3674;97159;5737;44424;44464;5575;5623;5622;8150;46872;43169;43167	1649	2160	2502.5	3356	1689.5	3351.5	7963	1114.5	702.5	2524.5	1810	998	8205.5	7850	8868	2476	1102.5	6330	1827	5637	2789	7120.5	7818	2699.5	81187	4059.35
ORTHO005857	Thioredoxin superfamily protein	AT3G52960	9570;9532;44435;44444;44424;44464;5575;5623;5622;5737;44446;44422;43226;43229;9536;43231;43227;44434;9507;9579;4601;16684;16491;3824;3674;8152;8150;55114;44710;44699;16209;51920;18119;17014;6464;36211;19538;43170;71704;44238;43412;44267;44260;44237;9987;18198;18193;9941;9526;31967;31975;42742;9617;51707;43207;9605;50896;9607;51704;98542;6952;6950;9505;5618;30312;71944	1650	1948	1276.5	903	4356	2604.5	961	4077.5	1839.5	5767	1144	6027	6227	4560	5907.5	1606	8286.5	4982.5	3504.5	436	293.5	750	646.5	1282	60902.5	3.045.125
ORTHO007000	DERLIN-2.2	AT4G04860	16021;31224;44425;5575;16020;5789;98588;31090;44422;43226;43227;44432;44444;44424;44464;5623;5622;5737;44446;43229;5783;43231;12505;42175;6508;19538;43170;71704;8152;8150;44238	1651	2148	1714	1777	4356	3205.5	2155	6741	1994.5	5476.5	2129.5	2729	6397.5	4415.5	5937	6712.5	1221.5	5221.5	1612.5	4131	3778.5	1695	3795.5	1371.5	70720.5	3.536.025
ORTHO001282_1	Major facilitator superfamily protein	AT4G00370	9507;9536;43231;43227;43226;5575;43229;44424;44464;5623;5622;44444;5737;10028;16122;16116;16108;6721;6720;44255;6629;71704;8152;8150;44710;44699;44238;44763;9987;44237;9941;9526;31967;31975;44446;44422;44435;44434;55085;44765;6810;51234;51179;1902578;9706;9528;19866;31090;16020;42170;31969;15882;15749;8643;71702;51180;46942;15849;15711;6820;6811;15229;51183;5215;3674;1901476;16021;31224;44425;98656;34220;5315;15291;22804;22857;1901677;8514;8509;15075;22891;22892	1652	1846	843	34	4356	1839.5	1393	4009	75.5	1642.5	5002	367.5	4049	138	136.5	1202.5	2770	474	1552	2496	135.5	320.5	1322	286	29211	1460.55
ORTHO005192	nuclear factor Y; subunit B13	AT5G23090	5634;43231;43227;43226;5575;43229;44424;44464;5623;5622;6355;1903506;2001141;31326;9889;19222;50789;65007;8150;31323;50794;51252;19219;80090;51171;60255;10556;10468;2000112;3700;1071;3674;6351;34645;44260;43170;71704;8152;44237;9987;9059;1901576;9058;44249;97659;32774;16070;90304;6139;46483;6725;1901360;34641;6807;44238;34654;19438;44271;18130;1901362;10467;43565;3677;3676;1901363;5488;97159;46982;46983;5515	1653	2598	4072	6491	4356	4199.5	6309	1114.5	8688.5	5149	3948.5	5231.5	8754.5	5411.5	867	6712.5	1642	6854.5	948.5	920	7254	8260	8806.5	7028	98099.5	4.904.975
ORTHO003640	myb domain protein 65	AT3G11440;AT5G06100	43068;10942;10941;50794;50789;65007;8150;48522;48518;43067;45893;10628;10604;9893;19222;60255;10468;1903508;1903506;2001141;31326;9889;31323;51252;19219;80090;51171;10556;1902680;51254;45935;31325;51173;31328;9891;10557;6355;2000112;48235;44702;22414;44699;3006;32502;30154;48869;44767;44763;9987;22412;32504;3;32501;55046;44707;9555;48229;7275;48856;48232;7276;48609;19953;44703;51704;3677;3676;1901363;5488;3674;97159;3682;44877;9740;10476;9755;7165;51716;50896;7154;44700;23052;32870;9725;9719;10033;42221;71495;71310;70887;71370;9739;33993;1101;1901700;71396;71229;1901701;3700;1071;9723;5634;43231;43227;43226;5575;43229;44424;44464;5623;5622;9751;14070;45926;48519;40008;9789;9967;9966;10646;48583;23051;10647;48584;23056;1901421;1901419;9787	1654	2271	2356	3058	1281	8095.5	2032.5	6741	5144	1028.5	5351	6027	6397.5	4415.5	6007	6712.5	1102.5	4982.5	154	4131	3870	1910	3945	1414.5	79461.5	3.973.075
ORTHO001917	BES1/BZR1 homolog 4	AT1G78700	6355;1903506;2001141;31326;9889;19222;50789;65007;8150;31323;50794;51252;19219;80090;51171;60255;10556;10468;2000112;6351;34645;44260;43170;71704;8152;44237;9987;9059;1901576;9058;44249;97659;32774;16070;90304;6139;46483;6725;1901360;34641;6807;44238;34654;19438;44271;18130;1901362;10467;5634;43231;43227;43226;5575;43229;44424;44464;5623;5622;3677;3676;1901363;5488;3674;97159	1655	2488	1206.5	758	4356	87.5	512	7084	196	295	5450.5	581	1352	4616	5596.5	1830	4942.5	5221.5	692	884	5903.5	3955.5	5407	3721	58327.5	2.916.375
ORTHO001810	RING/U-box superfamily protein	AT5G01960	8270;46914;46872;43169;43167;5488;3674	1656	1543	3958.5	6261	1281	7116	2032.5	917.5	931	1189	2402	5409	8675.5	5258.5	841.5	1429.5	8695.5	7846	8228.5	8661.5	1620	8510	8952	7997	96712.5	4.835.625
ORTHO007404	Auxin efflux carrier family protein	AT5G16530	5783;43231;43227;43226;5575;43229;44424;44464;5623;5622;44444;5737;12505;10252;48878;42592;65008;65007;8150;80162;60919;60918;9914;10817;44765;6810;51234;51179;1902578;44699;1902582;46907;51649;51641;9926;9672;15294;15293;15291;22804;22857;5215;3674;55085;44763;9987;8324;15075;22891;22892;34220;6811;98655;6812;80161;15992;15672;6818;9555;48229;7275;44767;32502;44707;32501;48856	1657	1360	4696.5	7736	1066.5	640.5	1611.5	8296.5	8882.5	1155	865	8736.5	8675.5	9108.5	6969.5	2476	1000	7910.5	8526	6960	1522	8723	9037	5601	106696.5	5.334.825
ORTHO000591_1	aconitase 1	AT4G35830	48046;5576;5575;51539;51536;51540;5488;3674;6099;6101;72350;19752;43436;6082;71704;8152;8150;44281;44710;44699;44763;9987;44237;44238;9060;45333;15980;6091;55114;5829;44444;44424;44464;5623;5622;5737;5773;43231;43227;43226;43229;5886;16020;71944;6102;48027;3729;44822;3723;3676;1901363;97159;5507;46914;46872;43169;43167;9651;6970;9628;50896;6950;9506;5911;30054;55044;3994;16836;16835;16829;3824;5739	1658	2551	2604	3550	5151.5	1859.5	5955	4734	7748	6687	3136.5	2038	1352	6601.5	8359	2914	8188.5	3949	3459.5	2206.5	3284.5	4709	3967	1090.5	82239	4111.95
ORTHO000782	CCCH-type zinc finger protein with ARM repeat domain	AT2G41900;AT5G12850	5634;43231;43227;43226;5575;43229;44424;44464;5623;5622;3700;1071;3674;2001141;31326;9889;19222;50789;65007;8150;31323;50794;51252;19219;80090;51171;60255;10556;6355;1903506;10468;2000112;3677;3676;1901363;5488;97159;5737;46872;43169;43167	1659	1866	4048.5	6438	4356	3602.5	2951	3434	2959	3190.5	4330.5	6240	2980	5895.5	5523	7360.5	7495.5	9090	3067.5	9107.5	3271	9174	7818	281	97771	4888.55
ORTHO002787	Serine carboxypeptidase S28 family protein	AT2G18080;AT4G36190;AT4G36195	5576;5575;6508;19538;43170;71704;8152;8150;44238;8236;70011;8233;16787;3824;3674;17171;9561;44767;32502;44699;44707;32501;9553;48229;7275;48856;5773;43231;43227;43226;43229;44424;44464;5623;5622;44444;5737;4180;8238;5774;44437;44446;44422;98588;31090;16020;98805;9505;5618;30312;71944	1660	1182	1723	1786	1066.5	2333	3758	4571	298	3955	4758.5	4086	8605	5887	2163.5	797.5	210.5	8768	3473	2455	1166.5	8029.5	2079	3401.5	70795.5	3.539.775
ORTHO004232	vascular related NAC-domain protein 1	AT2G18060;AT4G36160	48759;30154;48869;44767;32502;8150;44699;44763;9987;10089;10087;9888;48856;6355;1903506;2001141;31326;9889;19222;50789;65007;31323;50794;51252;19219;80090;51171;60255;10556;10468;2000112;5515;5488;3674;6351;34645;44260;43170;71704;8152;44237;9059;1901576;9058;44249;97659;32774;16070;90304;6139;46483;6725;1901360;34641;6807;44238;34654;19438;44271;18130;1901362;10467;1990110;44707;32501;42060;9611;6950;50896;7275;5634;43231;43227;43226;5575;43229;44424;44464;5623;5622;44212;975;3677;3676;1901363;97159;1067;10200;10243;9719;10033;42221;1901698;1901700;71555;45229;16043;71840;71554;3700;1071;1901348;1903340;48522;48518;1903338;44089;44087;2000652	1661	3887	2472	3283	2097	3296	6361.5	3579.5	4507	8934.5	4391	2851	5740	6764.5	6867.5	7782	3132	6388.5	552.5	2854.5	353.5	2328.5	1405.5	2699.5	80789	4039.45
ORTHO004745	FUNCTIONS IN: molecular_function unknown	AT1G57680	3674;8150	1662	691	1001	340	672.5	4287.5	2234.5	917.5	553.5	1094.5	544	1576.5	7498	4662.5	6378.5	508.5	351	5992	839.5	3747	696.5	2763	3457	669.5	48771	2438.55
ORTHO004527	SPX (SYG1/Pho81/XPR1) domain-containing protein	AT1G02860	16607;16604;44451;44428;44446;44422;5575;43226;44424;44464;5623;5622;43229;5634;43231;43227;5654;31981;70013;43233;31974;43161;10498;51603;6508;19538;43170;71704;8152;8150;44238;44257;30163;9057;1901575;9056;44265;44260;44237;9987;44248;44267;6511;19941;43632;5886;16020;71944;5515;5488;3674;61630;4842;19787;16740;3824;16567;32446;70647;6464;36211;43412;61659;9627;9814;98542;6952;6950;50896;51707;43207;9605;9607;51704;45087;6955;2376;10337;10565;31323;50794;50789;65007;19222;9697;72330;46394;16053;6082;44281;44710;44699;44763;44283;44711;9058;1901576;44249;19752;43436;32787;9696;42537;6725;1901360;18958;1901615;46189;19438;1901617;1901362;9751;14070;10033;42221;1101;1901700;80021;9626;34050;12501;8219;16265;33554;51716;42742;9617;10167;1901698;10035	1663	1659	1654.5	1646	1281	3788.5	924	208	3279	7722.5	56	9079.5	1352	5832.5	4705.5	1975.5	210.5	8915	2626	2185	1482	9165.5	5762.5	96	69365.5	3.468.275
ORTHO001148	Ribosomal protein L14p/L23e family protein	AT1G04480;AT2G33370;AT3G04400	9507;9536;43231;43227;43226;5575;43229;44424;44464;5623;5622;44444;5737;6412;43043;43604;43603;34641;6807;8152;8150;44237;9987;44271;44249;9058;6518;1901564;71704;1901566;1901576;44267;19538;43170;44238;44260;34645;9059;10467;3735;5198;3674;5840;30529;32991;43232;43228;22625;15934;44391;44446;44422;44445;5829;22626;5730;44428;5634;31981;70013;43233;31974;9793;44702;22414;44699;3006;32502;9790;44767;48856;7275;44707;32501;48316;48608;61458;48731;9791;10154	1664	2200	2654	3644	1281	3154	234.5	9075.5	3215.5	6592	81	6100	8605	5941	3047.5	1975.5	1896	8859	3529	1632	2280	8223.5	2479	5806	82726	4136.3
ORTHO004084	Cytochrome P450 superfamily protein	AT3G50660	5506;46914;46872;43169;43167;5488;3674;9867;9755;7165;50794;50789;65007;8150;51716;9987;50896;7154;44763;44699;44700;23052;32870;9725;9719;10033;42221;71495;71310;70887;71395;9753;1101;1901700;71229;1901701;9826;902;32989;16043;71840;9653;32502;48856;48869;44767;60560;48589;40007;16049;10012;8395;4497;16491;3824;8152;55114;44710;9741;14070;33993;97305;16132;42446;9058;42445;10817;65008;16131;16128;6066;1901615;71704;44281;8202;1901360;6629;44238;16129;46165;1901617;1901576;44283;44711;6694;1901362;8610;16021;31224;44425;5575;16020;16705;5783;43231;43227;43226;43229;44424;44464;5623;5622;44444;5737;12505;10358;48532;9965;9887;48513;48731;7275;44707;32501;48366;48827;48367;10016;20037;46906;1901363;97159	1665	845	1181.5	698	672.5	6723	64.5	864	4028	1540.5	544	5839	7743	4694.5	6378.5	508.5	3016.5	5992	857	78	113	3854	3810	725.5	57373.5	2.868.675
ORTHO005754	Protein of unknown function (DUF567)	AT3G15810	5737;44424;44464;5575;5623;5622;6952;6950;50896;8150;3674	1666	3050	3967	6268	2097	1423	6283.5	7331	8331	1462	1981	1198.5	1352	7343.5	7349.5	2476	6896.5	5626	7831	1532.5	7786.5	7725	8520	4291.5	96740	4837
ORTHO005021	Mevalonate/galactokinase family protein	AT3G06580	4335;16773;16772;16740;3824;3674;8152;8150;19200;16301;16310;6796;6793;44237;9987;46835;44262;5975;71704;44238;5524;35639;1901265;1901363;5488;97159;43168;43167;32559;30554;17076;166;36094;32555;32553;97367;32550;32549;1882;1883;5829;44444;44424;44464;5575;5623;5622;5737;46872;43169;6012;19318;5996;44723;44710;44699;44281	1667	703	1629	1591	4356	8619.5	3513	1389	2069	642.5	1483.5	409.5	1352	5378	766.5	508.5	2671.5	8362.5	1589	8721.5	9091	7637.5	2202	2575	68981	3449.05
ORTHO001847	Nucleotide-sugar transporter family protein	AT2G43240;AT3G59360	139;98588;31090;16020;5575;44422;43226;43227;44431;44444;44424;44464;5623;5622;5737;44446;43229;5794;43231;12505;15780;1901264;44765;6810;51234;51179;8150;1902578;44699;71702;6862;15748;15931;71705;8643;16021;31224;44425;5351;5402;15294;15293;15291;22804;22857;5215;3674;55085;44763;9987;8324;15075;22891;22892;34220;6811;98655;6812;51119;15144;1901476;34219;15295;15992;15672;6818;5338;1901505;15215;15605;1901677;15932;1901679;9507;9536	1668	826	1920	2172	672.5	2776	444.5	251.5	3855	738	118	6701	4793	5726	1812.5	508.5	2351.5	9147.5	9112	3165	3478.5	8970.5	2536	7161.5	73646.5	3.682.325
ORTHO004975	Peptidase S24/S26A/S26B/S26C family protein	AT1G06200;AT2G31140	6508;19538;43170;71704;8152;8150;44238;16020;5575;8236;70011;8233;16787;3824;3674;17171;5739;43231;43227;43226;43229;44424;44464;5623;5622;44444;5737;5774;44437;44446;44422;5773;98588;31090;98805	1669	2634	3344	5019	1522.5	2128	6688	1322	8721	5074	3136.5	5372	1352	5094.5	369	2914	7280.5	7446.5	7987	757.5	7568	8330.5	5295.5	3289.5	90126	4506.3
ORTHO006278	Protein of unknown function (DUF616)	AT4G38500	5768;43231;43227;43226;5575;43229;44424;44464;5623;5622;44444;5737;12505;5802;98791;44431;44446;44422;5794;31984;16757;16740;3824;3674;8152;8150;5739	1670	1129	1533.5	1397	944.5	7543.5	1132	2660	3717	3610	195.5	4566	2706	5917.5	5788.5	1307	7557.5	7659.5	1253	1835.5	1219.5	7520.5	928.5	218.5	67335.5	3.366.775
ORTHO004366	Oleosin family protein	AT3G01570	19915;51235;51179;8150;65008;65007;10876;33036;16020;5575;12511;5811;43232;43228;43226;43229;44424;44464;5623;5622;50826;9409;9266;9628;50896;6950;10344;44085;71840;48316;48608;3006;32502;22414;48856;61458;48731;7275;44767;44699;44707;32501;44702;9791;10154;3674	1671	3091	4778.25	7885.5	2097	8807.5	6514	8912.5	3783.5	3869	4934.5	7595.5	8446	5465	960	6712.5	1321	8955.5	2662	2409.5	2945.5	8666	8840	6161.5	107961	5398.05
ORTHO004849	Protein of unknown function (DUF179)	AT1G33780	9543;31978;31977;44436;44424;44464;5575;5623;5622;9579;44435;44444;5737;44446;44422;43226;43229;9536;43231;43227;31976;31984;44434;9507;9534	1672	1159	1094	516	1066.5	693.5	924	3971	1839.5	4289.5	5337.5	2392.5	3738	4486	6007	508.5	2933	5720	2877	178	3621.5	1132	807.5	1546.5	53002.5	2.650.125
ORTHO006033	RNA-binding (RRM/RBD/RNP motifs) family protein	AT4G36960	3676;1901363;5488;3674;97159;3723;166;36094;1901265;8150	1673	2332	4591.5	7510	4356	717.5	8076	2614.5	1328.5	1189	3136.5	5257	8754.5	5023	693	6075	8070.5	8054.5	8987	2059.5	8738	8695.5	8869	8615.5	104954	5247.7
ORTHO003394	ENTH/VHS/GAT family protein	AT2G38410	6891;48193;1902582;46907;6810;51234;51179;8150;51649;51641;44765;1902578;44699;16192;5795;98791;44431;44444;44424;44464;5575;5623;5622;5737;44446;44422;43226;43229;5794;43231;43227;12505;31984;5634;6886;15031;45184;8104;33036;71702;34613;70727;8565;22892;5215;3674;5886;16020;71944	1674	2938	1387	1100	1522.5	3092	2627.5	6831.5	4816.5	3412.5	5393	5053	4555.5	3497	4705.5	2914	2999	1494	154	3528.5	3264	1910	2855	604.5	63707	3185.35
ORTHO003387	Eukaryotic protein of unknown function (DUF914)	AT3G59310;AT3G59340	16021;31224;44425;5575;16020;6810;51234;51179;8150;3674	1675	2266	1617.5	1560	4356	3511	739	4251.5	3682	7350.5	4529.5	393	2749	5972.5	5969	2080.5	21	8785	4237	3208	1572.5	6512.5	2642.5	528	68734	3436.7
ORTHO004390	WRKY DNA-binding protein 57	AT1G69310	43565;3677;3676;1901363;5488;3674;97159;6970;9628;50896;8150;6950;3700;1071;2001141;31326;9889;19222;50789;65007;31323;50794;51252;19219;80090;51171;60255;10556;6355;1903506;10468;2000112;6351;34645;44260;43170;71704;8152;44237;9987;9059;1901576;9058;44249;97659;32774;16070;90304;6139;46483;6725;1901360;34641;6807;44238;34654;19438;44271;18130;1901362;10467;5634;43231;43227;43226;5575;43229;44424;44464;5623;5622;9414;9415;1101;42221;10035;1901700;9651	1676	503	2147	2618	672.5	615.5	6989.5	8366.5	1234	763	2402	337.5	9141	4912.5	511.5	136	2506.5	8013	4328.5	5816	8798.5	7147.5	1979	2850	76848	3842.4
ORTHO006887	post-illumination chlorophyll fluorescence increase	AT3G15840	9570;9532;44435;44444;44424;44464;5575;5623;5622;5737;44446;44422;43226;43229;9536;43231;43227;44434;9507;9579;3674;10478;22904;22900;6091;44237;8152;8150;9987;55114;44710;44699;44763;45333;15980	1677	743.5	2470.5	3264	672.5	8892	64.5	3795	40.5	6934	118	4239	1352	6347.5	6054.5	2080.5	2377.5	9147.5	7764.5	3409.5	3146	9165.5	5649	88	80665	4033.25
ORTHO005301	S-adenosyl-L-methionine-dependent methyltransferases superfamily protein	AT2G43320	9507;9536;43231;43227;43226;5575;43229;44424;44464;5623;5622;44444;5737;32259;8152;8150;8168;16741;16740;3824;3674	1678	369	1884.5	2091	672.5	2877	398	1114.5	8509.5	3913	5497	1791.5	8754.5	7101	8927.5	1073.5	3284	6737.5	335.5	37	6696	1310	3740.5	1090.5	73188	3659.4
ORTHO004859	Calcium-binding EF-hand family protein	AT1G12310	5829;44444;44424;44464;5575;5623;5622;5737;5509;46872;43169;43167;5488;3674;5634;43231;43227;43226;43229;5886;16020;71944;8150	1679	1083	1803.5	1928	4356	2672	575	4964	8207	136	982	2729	7743	6542.5	8638.5	2476	562	6590	3857.5	366.5	1693.5	5789.5	4887	2699.5	72110.5	3.605.525
ORTHO007429	Bax inhibitor-1 family protein	AT4G15470	16021;31224;44425;5575;16020	1680	1725	2147.5	2615	4356	3663	3628.5	143.5	3704.5	1674	4610.5	6271	1352	7448.5	8471.5	2476	1396.5	8002	1210.5	4586	7672.5	4970.5	3504.5	2046	76831.5	3.841.575
ORTHO004080	SWITCH/sucrose nonfermenting 3C	AT1G21700	5515;5488;3674;6351;34645;44260;43170;71704;8152;8150;44237;9987;9059;1901576;9058;44249;97659;32774;16070;90304;6139;46483;6725;1901360;34641;6807;44238;34654;19438;44271;18130;1901362;10467;3677;3676;1901363;97159;16514;90544;70603;44428;44446;44422;5575;43226;44424;44464;5623;5622;43229;5634;43231;43227;43234;32991;7275;44767;32502;44699;44707;32501;3682;44877;6338;16568;6325;43933;16043;71840;51276;6996	1681	1084	2268.5	2856	4356	7766.5	360	602	985	555.5	397.5	907	1352	7448.5	9135.5	1073.5	3891.5	7073	8325	78	8798.5	7814.5	8290	3366.5	78220	3911
ORTHO002206	Alkaline-phosphatase-like family protein	AT4G29680;AT4G29690;AT4G29700	5773;43231;43227;43226;5575;43229;44424;44464;5623;5622;44444;5737;16787;3824;3674;8152;8150;35529;4551;16462;16818;16817;5634;9117;6753;19637;71704;6793;44237;9987;55086;6139;46483;6725;1901360;34641;6807;44238;44281;44710;44699;44763;6796;5576	1682	176	2277.5	2873	672.5	6739	1672.5	1780.5	1042.5	607.5	1312.5	3108	9130	5045.5	438.5	508.5	1564	5992	1232	8632.5	8990	8049	8993	3501.5	78339	3916.95
ORTHO007192	Phox-associated domain	AT1G15240	5634;43231;43227;43226;5575;43229;44424;44464;5623;5622;35556;7165;50794;50789;65007;8150;51716;9987;50896;7154;44763;44699;44700;23052;35091;5543;8289;5488;3674;43168;43167	1683	1851	1536.5	1390	4356	994.5	1881	4133.5	800	210.5	8842.5	1576.5	6731.5	4486	6137	1830	3891.5	5221.5	4388	4392	4445	2061	3686	1546.5	67254.5	3.362.725
ORTHO003656	RNA recognition motif (RRM)-containing protein	AT5G10800;AT5G25060	5634;43231;43227;43226;5575;43229;44424;44464;5623;5622;166;36094;5488;3674;1901265;1901363;97159;3723;3676	1684	1019	1568.5	1453	672.5	2837	512	805.5	1625	1371	621.5	1576.5	8754.5	7213.5	9046	2476	324.5	6854.5	4328.5	167.5	1761	7301.5	7244	3055	67875	3393.75
ORTHO001084	trehalose-phosphatase/synthase 2	AT1G16980;AT1G17000;AT1G78580;AT4G27550	3825;35251;46527;16758;16757;16740;3824;3674;8152;8150;8194;5992;46351;5984;44262;5975;71704;44238;44237;9987;9311;44723;44710;44699;44763;34637;16051;1901576;9058;44711;44249;9312;5991;5575;5739;43231;43227;43226;43229;44424;44464;5623;5622;44444;5737;5576;5773;9790;44767;32502;48856;7275;44707;32501;9832;42546;44085;71840;71554;71669;51301;5618;30312;71944;10182;9756;7165;50794;50789;65007;51716;50896;7154;44700;23052;71322;71310;10033;42221;70887;1901701;1901700;9743;9793;44702;22414;3006;48316;48608;61458;48731;9791;10154	1685	1565	2929	4173	4356	994.5	3224.5	2796	2505.5	4452	2539	9058.5	1352	5210.5	988	1429.5	2253.5	7659.5	7901.5	6103	8738	8223.5	2617	7721.5	85767.5	4.288.375
ORTHO001510	Protein kinase superfamily protein	AT1G61860;AT3G20530	6468;16310;6796;6793;44237;8152;8150;9987;6464;36211;19538;43170;71704;44238;43412;44267;44260;16301;16772;16740;3824;3674;9507;9536;43231;43227;43226;5575;43229;44424;44464;5623;5622;44444;5737	1686	3605	2202.5	2719	2097	4561.5	2627.5	1912	5144	2908	1312.5	998	3485	3815.5	4705.5	6712.5	400	3750.5	4165.5	7299	5061.5	4780.5	6854	6949.5	77442.5	3.872.125
ORTHO003190	RING/U-box superfamily protein	AT3G55530	5634;43231;43227;43226;5575;43229;44424;44464;5623;5622;8270;46914;46872;43169;43167;5488;3674;9414;9415;9628;50896;8150;1101;42221;10035;1901700;6950;16021;31224;44425;16020;9651;6970;16567;32446;70647;6464;36211;19538;43170;71704;8152;44238;43412;44267;44260;44237;9987;31090;44422;9737;9725;9719;10033;33993;97305;9789;9967;9966;10646;50794;50789;65007;48583;23051;10647;48522;48518;48584;23056;1901421;1901419;9787;4842;19787;16740;3824;5783;44444;5737;12505;16874	1687	3440	1805.5	1924	4356	4865.5	1224.5	8988.5	3425	5520.5	669	1198.5	1352	6971	7082.5	5325.5	36.5	7117	4328.5	1584.5	1933.5	5059	1767.5	3635.5	72084.5	3.604.225
ORTHO000610_1	REF4-related 1	AT3G23590	9698;19748;44710;8152;8150;44699;6725;44237;9987;1901360;71704;44763;2000762;43455;19222;50789;65007;31323;50794;16592;44451;44428;44446;44422;5575;43226;44424;44464;5623;5622;43229;5634;43231;43227;5654;31981;70013;43233;31974;43234;32991;6355;1903506;2001141;31326;9889;51252;19219;80090;51171;60255;10556;10468;2000112;3674;6351;34645;44260;43170;9059;1901576;9058;44249;97659;32774;16070;90304;6139;46483;34641;6807;44238;34654;19438;44271;18130;1901362;10467	1688	1993	1692.5	1697	4356	717.5	2328.5	6573	3957.5	3547	8606.5	1198.5	6316	4415.5	5886	1606	1321	4982.5	3504.5	3976	3586.5	1466	3634.5	2314	69937	3496.85
ORTHO004593	RAB GTPase homolog C2A	AT5G03530	5525;35639;1901265;1901363;5488;3674;97159;43168;43167;32550;32549;1882;36094;97367;1883;32561;19001;17076;166;32555;32553;5886;16020;5575;44464;5623;71944;5777;42579;43231;43227;43226;43229;44424;5622;44444;5737;30742;5515;5794;12505;80115;32029;32036;17022;8092	1689	3321	2019	2349	2097	214	2881	8842	985	7035	1981	7888.5	5066	3815.5	3265	1606	3891.5	3121	3691	3976	4668.5	3754	5902.5	2314	74897.5	3.744.875
ORTHO002442	Calcium-dependent lipid-binding (CaLB domain) family protein	AT1G53590;AT3G14590	5886;16020;5575;44464;5623;71944;16021;31224;44425;5773;43231;43227;43226;43229;44424;5622;44444;5737;9507;9536;5576	1690	1579	2724.5	3759	4356	2672	398	3534.5	3584	6050.5	8984.5	5667	1352	4935	511.5	508.5	8604.5	8912.5	2952.5	2455	3435.5	8617.5	2776	7376.5	83327.5	4.166.375
ORTHO002697	global transcription factor group E2	AT5G10550;AT5G65630	5634;43231;43227;43226;5575;43229;44424;44464;5623;5622;9294;9292;44764;51704;8150;9987;3677;3676;1901363;5488;3674;97159;6351;34645;44260;43170;71704;8152;44237;9059;1901576;9058;44249;97659;32774;16070;90304;6139;46483;6725;1901360;34641;6807;44238;34654;19438;44271;18130;1901362;10467;6355;1903506;2001141;31326;9889;19222;50789;65007;31323;50794;51252;19219;80090;51171;60255;10556;10468;2000112	1691	1950	1856	2021	1281	2295.5	652	1780.5	702.5	738	1810	6929	1352	7850	8793	2476	6099.5	6265.5	1807.5	951.5	6696	6859.5	6040	2623	72721	3636.05
ORTHO003765	Polyketide cyclase/dehydrase and lipid transport superfamily protein	AT4G17870;AT5G46790	4864;19888;19208;30234;98772;3674;50790;19222;50789;65007;8150;65009;19212;4857;43086;44092;9892;48519;5515;5488;42803;42802;46983;5634;43231;43227;43226;5575;43229;44424;44464;5623;5622;9738;9755;7165;50794;51716;9987;50896;7154;44763;44699;44700;23052;32870;9725;9719;10033;42221;71495;71310;70887;71215;9737;33993;97305;1901700;1101;71396;97306;1901701;71229;10427;33293;31406;43177;36094;43168;43167;42562;43178;19840;8289;80163;43666;10921;35304;31399;32268;51246;80090;60255;31323;35303;19220;51174;51336;4872;60089;5737	1692	3145	4669.5	7647	4356	293	7282.5	1709	2541	7539	3831.5	8454.5	3973.5	8686.5	5596.5	7782	1266	6683.5	8173	3085	7489.5	8330.5	8593.5	4586.5	105896.5	5.294.825
ORTHO001030	Trypsin family protein	AT2G35155;AT3G12950;AT5G45030	3824;3674;8152;8150;5575;9507;9536;43231;43227;43226;43229;44424;44464;5623;5622;44444;5737	1693	118	1402.5	1112	6.5	4322	1011	63.5	1328.5	4556	3596.5	466.5	1352	6027	6280	1175.5	7258	9055.5	2800	2688	1416	8776	1581	104.5	63857.5	3.192.875
ORTHO005551	Plant protein of unknown function (DUF936)	AT1G23790;AT1G70340	5634;43231;43227;43226;5575;43229;44424;44464;5623;5622;3674;8150	1694	1310	4134	6574	1066.5	2776	6651.5	1855	8748.5	1346	1211	4162.5	8519	9001	6687	797.5	793	7335.5	6700.5	3899.5	8909	8070.5	7729.5	3447.5	98640	4932
ORTHO001090	BEST Arabidopsis thaliana protein match is: dentin sialophosphoprotein-related (TAIR:AT5G07980.1)	AT5G07940;AT5G07970;AT5G07980	5634;43231;43227;43226;5575;43229;44424;44464;5623;5622;3674;8150;9506;5911;30054;55044	1695	1641	1010	325	1281	2964.5	1595.5	1204.5	493.5	4256	1623	267.5	1352	7779.5	8512	2476	2086	5720	1004.5	920	233.5	837.5	1035	3920	48280.5	2.414.025
ORTHO004165	Proteasome component (PCI) domain protein	AT1G02090	5515;5488;3674;8180;44428;44446;44422;5575;43226;44424;44464;5623;5622;43229;5634;43231;43227;43234;32991;4708;4712;4672;16301;16772;16740;3824;8152;8150;16310;6796;6793;44237;9987;16773;6468;6464;36211;19538;43170;71704;44238;43412;44267;44260;165;23014;7165;50794;50789;65007;51716;50896;7154;44763;44699;44700;23052;44710;35556;187;43406;71902;45860;45859;43549;42325;19220;51174;31323;19222;51338;50790;65009;1932;31399;32268;51246;80090;60255;1934;42327;45937;10562;31325;9893;48518;48522;31401;32270;51247;10604;33674;51347;43085;44093;71900;43405;43408;1902531;9966;10646;48583;23051;43410;1902533;9967;10647;48584;23056;32147;5737;9640;9639;9416;9314;9628;9791;44767;32502;44707;32501;7275;10388;338;70646;70647;6508;5829;44444;9585;7602;9583;9582;51606;9581;9605;10017;71489;71482;71478;71214;10387;43623;6461;65003;43933;16043;71840;22607;44085;71822;70271;34622	1696	1709	885.5	75	1281	766.5	4457	676	460	6480	134	409.5	3995.5	138	136.5	3183	6409	451.5	2000.5	860	2328.5	292	1121.5	255.5	34554.5	1.727.725
ORTHO000955_2	phosphoglycerate kinase	AT1G79550	5829;44444;44424;44464;5575;5623;5622;5737;48046;5576;6096;6090;32787;19752;43436;6082;71704;8152;8150;44281;44710;44699;44763;9987;44237;44724;44712;9056;44723;5975;44238;16052;1901575;6757;6091;46031;9150;6163;72521;46483;6725;1901360;34641;6807;1901564;9117;6753;19637;6793;55086;6139;6796;9259;19693;1901135;9179;9185;9132;9135;9167;9161;9123;9126;46128;9119;9116;1901657;42278;46034;9205;9144;9141;9199;6165;46939;16310;46496;19362;6733;6732;51186;72524;5774;44437;44446;44422;43226;43229;5773;43231;43227;98588;31090;16020;98805;5634;9570;9532;44435;9536;44434;9507;4618;16301;16772;16740;3824;3674;16774;5524;35639;1901265;1901363;5488;97159;43168;43167;32559;30554;17076;166;36094;32555;32553;97367;32550;32549;1882;1883;9506;5911;30054;55044;5886;71944	1697	1643	1942.5	2188	1584.5	6850	2791.5	2000	4111.5	1506.5	982	3108	1352	7699.5	8638.5	2476	1432.5	6085	1807.5	4258.5	5903.5	6512.5	3675	2623	73813	3690.65
ORTHO003960	RING/U-box superfamily protein	AT4G26580;AT5G55970	8270;46914;46872;43169;43167;5488;3674	1698	2674	3684.25	5670.5	4356	4101	1204	4571	8053.5	3944	4151.5	5699	2708.5	6144.5	3265	2080.5	8528	7617	5502	1869	6180.5	8368.5	7818	1644	93449.5	4.672.475
ORTHO003628	Tudor/PWWP/MBT domain-containing protein	AT5G08230;AT5G23150	5634;43231;43227;43226;5575;43229;44424;44464;5623;5622;6355;1903506;2001141;31326;9889;19222;50789;65007;8150;31323;50794;51252;19219;80090;51171;60255;10556;10468;2000112;6397;16071;16070;44260;43170;71704;8152;44237;9987;90304;6139;46483;6725;1901360;34641;6807;44238;6396;10467;9506;5911;30054;55044;6351;34645;9059;1901576;9058;44249;97659;32774;34654;19438;44271;18130;1901362;3674;48497;48496;45596;48523;48519;45595;50793;51093;48513;48856;32502;48731;7275;44767;44699;44707;32501;48437;44702;22414;3006;48569;9908;90567;48608;61458;9791;48367;3700;1071;9910;48581;48580;2000026;51239;51241;2000242;2000241;9909;48831;48510;48506;48509;40034;30154;48869;44763	1699	1802	3023.5	4348	4356	4216	3224.5	1013.5	1839.5	2170.5	9015.5	3835.5	7377.5	7448.5	8512	7782	1786.5	6085	5648	3976	740.5	5924	3945	2091	86631	4331.55
ORTHO005624	Protein kinase superfamily protein	AT5G01020	5886;16020;5575;44464;5623;71944;6468;16310;6796;6793;44237;8152;8150;9987;6464;36211;19538;43170;71704;44238;43412;44267;44260;16301;16772;16740;3824;3674	1700	2149	2221.5	2743	1281	1658.5	1132	765	5619	7094.5	3136.5	6383.5	7121	6971	8203.5	2476	4054.5	5720	4715	326.5	723.5	4970.5	4806.5	1644	77521	3876.05
ORTHO004600	unknown protein	AT3G21710	10089;10087;9888;48856;32502;8150;5829;44444;44424;44464;5575;5623;5622;5737;5634;43231;43227;43226;43229;3674	1701	2073	3720	5739	4356	2629	2190	7588.5	553.5	4127	1623	1576.5	1352	7996	8995	2476	6752	6737.5	7742	5929.5	7672.5	7392.5	7486	2940	93758.5	4.687.925
ORTHO003417	unknown protein	AT3G50910	8150;5634;43231;43227;43226;5575;43229;44424;44464;5623;5622;3674	1702	2524	3236.5	4771	1689.5	3801	1011	1389	280	7152	5636.5	25.5	7498	7448.5	7258.5	7782	7214.5	8584	2648.5	2373.5	2448.5	6512.5	5762.5	4060.5	88886.5	4.444.325
ORTHO003274	Duplicated homeodomain-like superfamily protein	AT3G52250	3677;3676;1901363;5488;3674;97159;5634;43231;43227;43226;5575;43229;44424;44464;5623;5622;8380;6396;16070;44260;43170;71704;8152;8150;44237;9987;90304;6139;46483;6725;1901360;34641;6807;44238;10467;3682;44877;3700;1071;2001141;31326;9889;19222;50789;65007;31323;50794;51252;19219;80090;51171;60255;10556;6355;1903506;10468;2000112	1703	1365	875.5	48	1442.5	3114.5	5939	1.5	280	52.5	513.5	2597	1352	9123	6425.5	1307	5.5	7.5	3	518	12.5	9.5	9.5	8	31279	1563.95
ORTHO006004	decapping 2	AT5G13570	16441;10608;10468;60255;19222;50789;65007;8150;40029;16458;10629;10605;9892;48519;44763;9987;44699;30145;46914;46872;43169;43167;5488;3674;287;6397;16071;16070;44260;43170;71704;8152;44237;90304;6139;46483;6725;1901360;34641;6807;44238;6396;10467;3723;3676;1901363;97159;19048;16032;44764;51704;44403;44419;44003;51817;35821;65008;51701;932;36464;35770;30529;32991;5575;44424;44464;5623;5622;43232;43228;43226;43229;44444;5737;6402;6401;44265;9057;1901575;9056;44248;34655;19439;44270;1901361;46700;5515;16787;3824;50072;16462;16818;16817;5634;43231;43227;3729;44822;9791;44767;32502;44707;32501;7275;42803;42802;46983;10072;44702;22414;90421;10014;9933;48532;9653;48856;48507;9888;48513;48731;3006;48508;9793;9790;48316;48608;61458;10154;10016;48367;5524;35639;1901265;43168;32559;30554;17076;166;36094;32555;32553;97367;32550;32549;1882;1883;31087;90305;31086;956	1704	1566	2040.5	2377	4356	436.5	6107	602	344	266	435.5	1389.5	1352	8151	9114	7782	562	7117	8281	2156.5	992	7950.5	8748.5	3340.5	75127.5	3.756.375
ORTHO006930	HAL3-like protein A	AT3G18030	15937;9108;51188;51186;44237;8152;8150;9987;44249;9058;6732;34033;33866;1901293;90407;19637;71704;6793;1901576;6753;55086;6139;46483;6725;1901360;34641;6807;44238;44281;44710;44699;44763;6796;34654;19438;44271;18130;1901362;44711;33865;34032;72521;1901564;72522;1901566;34030;33875;9152;9150;6163;9117;9259;19693;1901135;9260;46390;1901137;9165;6164;15936;46128;9119;9116;1901657;42278;46129;42451;9163;1901659;42455;4633;16831;16830;16829;3824;3674;42538;9651;6970;9628;50896;6950;6972;10181;50662;48037;5488;43168;43167;32553;97367;166;36094;1901265;1901363;97159;5829;44444;44424;44464;5575;5623;5622;5737;40008;50789;65007	1705	1778	3013.5	4322	4356	2097.5	6940	917.5	2505.5	432	3917	497	4165.5	5307	1016	1429.5	7411.5	7728	8605.5	4258.5	8019	8454	8775	4016	86492	4324.6
ORTHO005599	Plant protein of unknown function (DUF827)	AT1G75720	5575;8150;3674	1706	3033	3166.75	4627.5	5151.5	2260.5	7830.5	8675	2701	6308	3596.5	4877	4142	5401	551	1239.5	1526.5	6590	7562	6860	3778.5	7786.5	4149	2136	87970.5	4.398.525
ORTHO002674	K-box region and MADS-box transcription factor family protein	AT2G22540	5515;5488;3674;48438;44767;32502;8150;44699;44702;22414;3006;48856;9908;90567;48608;61458;48731;7275;44707;32501;9791;48367;9266;9628;50896;5634;43231;43227;43226;5575;43229;44424;44464;5623;5622;46983;900;90079;3676;1901363;97159;45182;6417;10608;10468;60255;19222;50789;65007;32268;51246;80090;31323;50794;34248;51171;2000112;31326;9889;10556;30371;17148;10629;10605;9892;48519;34249;51172;31324;48523;2000113;31327;9890;10558;32269;51248;9910;48581;48580;2000026;50793;51239;51241;51093;2000242;2000241;9909;48831;6351;34645;44260;43170;71704;8152;44237;9987;9059;1901576;9058;44249;97659;32774;16070;90304;6139;46483;6725;1901360;34641;6807;44238;34654;19438;44271;18130;1901362;10467;10582;10022;10073;48507;9888;48513;10076;10074;19827;98727;45892;1903507;1903506;2001141;51252;19219;1902679;51253;45934;6355;3700;1071;3677	1707	3106	4026	6345	2097	1423	6265.5	7084	2979	6459.5	9130	4805.5	3956.5	6187	1481.5	7360.5	7091.5	7761	2419.5	2455	6810.5	7992	2291.5	3238	97191	4859.55
ORTHO005328	catalytics	AT5G11560	5773;43231;43227;43226;5575;43229;44424;44464;5623;5622;44444;5737;5783;12505;9507;9536;5774;44437;44446;44422;98588;31090;16020;98805;34975;6457;9987;8150;72546;98796;43234;32991;44425;44432;30176;31227;31300;31224;5789;42175;31301;16021;5886;71944;5794;3824;3674;8152	1708	1098	2068.5	2429	4356	4913	888	1581	8101	1282.5	982	2937.5	7743	7699.5	8638.5	2476	2230.5	6590	6531	178	5839	3854	910.5	2229	75604	3780.2
ORTHO006743	CONSTANS-like 4	AT5G24930	5634;43231;43227;43226;5575;43229;44424;44464;5623;5622;6355;1903506;2001141;31326;9889;19222;50789;65007;8150;31323;50794;51252;19219;80090;51171;60255;10556;10468;2000112;9416;9314;9628;50896;3700;1071;3674;9909;48580;2000026;50793;51239;48831;2000241;8270;46914;46872;43169;43167;5488	1709	3939	2268.75	2828.5	2097	4454	4971.5	2250	867	8535.5	6763.5	1198.5	1352	3815.5	3265	6712.5	4054.5	3121	3904.5	5277	4668.5	4067	6282.5	2439.5	77999.5	3.899.975
ORTHO002769	glycine-rich RNA-binding protein 3	AT5G61030	9409;9266;9628;50896;8150;6950;80156;16556;9451;16070;44260;43170;71704;8152;44237;9987;90304;6139;46483;6725;1901360;34641;6807;44238;43412;16071;1900864;959;5524;35639;1901265;1901363;5488;3674;97159;43168;43167;32559;30554;17076;166;36094;32555;32553;97367;32550;32549;1882;1883;3723;3676;5515;5739;43231;43227;43226;5575;43229;44424;44464;5623;5622;44444;5737;5507;46914;46872;43169	1710	2213	3245.5	4781	1689.5	1594	2328.5	4373.5	1994.5	2891.5	9015.5	1354.5	7554	7536	8593.5	2476	92	6183.5	7764.5	5002	5903.5	6429	3717	4117.5	88920.5	4.446.025
ORTHO004710	unknown protein	AT5G38700	8150;3674	1711	1466	1221	731	1449.5	838.5	2452	2185	2134	2366.5	1483.5	4905	6731.5	6601.5	7844	1307	3106	4400	2997	4297.5	696.5	1277	1918	330.5	57871	2893.55
ORTHO002384	NOT2 / NOT3 / NOT5 family	AT1G07705;AT5G59710	932;36464;35770;30529;32991;5575;44424;44464;5623;5622;43232;43228;43226;43229;44444;5737;288;956;6402;16071;16070;44260;43170;71704;8152;8150;44237;9987;90304;6139;46483;6725;1901360;34641;6807;44238;6401;44265;9057;1901575;9056;44248;34655;19439;44270;1901361;46700;5634;43231;43227;9507;9536;17148;10629;10605;9892;48519;50789;65007;19222;60255;10468;6417;10608;32268;51246;80090;31323;50794;34248;51171;2000112;31326;9889;10556;34249;51172;31324;48523;2000113;31327;9890;10558;32269;51248;30015;43234;30014;45892;1903507;1903506;2001141;51252;19219;1902679;51253;45934;6355;15074;6259;5515;5488;3674	1712	1695	1566	1420	944.5	8675.5	1155	175.5	1133	5281	744	7055.5	1352	5856.5	5775.5	1175.5	1564	8063	2317.5	2688	1250.5	9151.5	4116	52	67581.5	3.379.075
ORTHO003237	RING/U-box superfamily protein	AT1G65040;AT3G16090	5789;98588;31090;16020;5575;44422;43226;43227;44432;44444;44424;44464;5623;5622;5737;44446;43229;5783;43231;12505;44425;42175;16874;3824;3674;8152;8150;30433;43161;10498;51603;6508;19538;43170;71704;44238;44257;30163;9057;1901575;9056;44265;44260;44237;9987;44248;44267;6511;19941;43632;36503;44712;44710;44699;44763;10033;42221;50896;34976;33554;51716;6950;5886;71944;16021;31224;16567;32446;70647;6464;36211;43412;8270;46914;46872;43169;43167;5488	1713	778	3232	4751	365.5	7563	5466	1114.5	702.5	450.5	982	5795.5	9008.5	8969	6687	797.5	6244	7597	1788	4809.5	8909	8182	2059	1615.5	88740	4437
ORTHO006492	unknown protein	AT3G07210	8150;3824;3674;8152;5634;43231;43227;43226;5575;43229;44424;44464;5623;5622	1714	1113	1291	868	1066.5	2897	444.5	1114.5	2729.5	1208.5	982	2255.5	1352	8576.5	8838	1073.5	3215	6388.5	3553	662	1012	6512.5	5263	2229	60306.5	3.015.325
ORTHO001416	salt tolerance zinc finger	AT1G27730	6351;34645;44260;43170;71704;8152;8150;44237;9987;9059;1901576;9058;44249;97659;32774;16070;90304;6139;46483;6725;1901360;34641;6807;44238;34654;19438;44271;18130;1901362;10467;43565;3677;3676;1901363;5488;3674;97159;9414;9415;9628;50896;1101;42221;10035;1901700;6950;9651;6970;5634;43231;43227;43226;5575;43229;44424;44464;5623;5622;45892;1903507;1903506;2001141;31326;9889;19222;50789;65007;31323;50794;51252;19219;80090;51171;60255;10556;1902679;51253;10605;9892;48519;45934;51172;31324;48523;31327;9890;10558;10629;10468;6355;2000112;2000113;8270;46914;46872;43169;43167;15979;10200;10243;9719;10033;1901698;3700;1071;10117;9416;9314;9644;9642;6979;9611;9737;9725;33993;97305;35264;44707;32501;44699;48589;44767;32502;40007;9409;9266	1715	3884	4637.5	7560	5748	285	8645.5	2711	7748	7539	3702.5	6418.5	1352	6764.5	6867.5	7782	965	4673.5	4830.5	8025.5	5061.5	6791.5	7729.5	7376.5	105269	5263.45
ORTHO005297	translocation protein-related	AT3G20920	5634;43231;43227;43226;5575;43229;44424;44464;5623;5622;5886;16020;71944;16021;31224;44425;8565;22892;5215;3674;6810;51234;51179;8150;15031;45184;8104;33036;71702	1716	638	1294	872	3586.5	568.5	5935	1204.5	6225	2752	5520.5	2851	1352	6601.5	8359	797.5	523	6440	505.5	565.5	1830	4970.5	2513.5	885.5	60400	3020
ORTHO005000	NAC (No Apical Meristem) domain transcriptional regulator superfamily protein	AT1G79580	6355;1903506;2001141;31326;9889;19222;50789;65007;8150;31323;50794;51252;19219;80090;51171;60255;10556;10468;2000112;5634;43231;43227;43226;5575;43229;44424;44464;5623;5622;3002;7389;44767;32502;44699;44707;32501;7275;48829;48856;48364;48513;48731;22622;10455;45597;45595;50793;51094;48518;48522;10453;3700;1071;3674;3677;3676;1901363;5488;97159;9834;9832;42546;44085;71840;71554;9987;71669;6351;34645;44260;43170;71704;8152;44237;9059;1901576;9058;44249;97659;32774;16070;90304;6139;46483;6725;1901360;34641;6807;44238;34654;19438;44271;18130;1901362;10467	1717	114	1562	1407	672.5	113	2627.5	397	89.5	136	241.5	4566	9066	8906.5	6560	797.5	8996	8538.5	3333.5	2794.5	8952.5	476.5	388	438.5	67418.5	3.370.925
ORTHO001409	Ribosomal protein S3 family protein	AT5G35530	22626;44445;44444;44424;44464;5575;5623;5622;5737;5829;5840;30529;32991;43232;43228;43226;43229;22627;15935;44391;44446;44422;5730;44428;5634;43231;43227;31981;70013;43233;31974;3723;3676;1901363;5488;3674;97159;6412;43043;43604;43603;34641;6807;8152;8150;44237;9987;44271;44249;9058;6518;1901564;71704;1901566;1901576;44267;19538;43170;44238;44260;34645;9059;10467;9651;6970;9628;50896;6950;9506;5911;30054;55044;16020;3735;5198	1718	2226	2158.5	2599	5121	3878.5	5935	8612	2628	3337	180	6561.5	1352	5378	400.5	1239.5	1450	8577	2310.5	3362	2224.5	8658.5	6989	3635.5	76709	3835.45
ORTHO005298	Proteasome component (PCI) domain protein	AT5G42970	5829;44444;44424;44464;5575;5623;5622;5737;5515;5488;3674;43234;32991;9585;7602;9583;9416;9314;9628;50896;8150;9582;51606;9581;9605;7165;50794;50789;65007;51716;9987;7154;44763;44699;44700;23052;10017;71489;9639;71482;71478;71214;8180;44428;44446;44422;43226;43229;5634;43231;43227;10388;338;70646;70647;6464;36211;19538;43170;71704;8152;44238;43412;44267;44260;44237;6508;10100;48581;48580;2000026;50793;51239;51241;48519;51093;48585;48583;10099;2000030;9640;9791;44767;32502;44707;32501;7275;19784;19783;8234;70011;8233;16787;3824;10971;1901992;1901989;90068;10564;51726;45787;48522;48518;1901987;1901990;7346;45931;1902751;1902749;10389	1719	219	946	173	672.5	361.5	142	602	553.5	210.5	241.5	818.5	1352	8541.5	9022.5	267	1000	6854.5	381.5	64.5	1532.5	2213.5	6467.5	1324	41950.5	2.097.525
ORTHO004106	phosphate starvation response  1	AT4G28610	3682;44877;5488;3674;16036;9267;31669;31667;9991;9605;50896;8150;31668;51716;9987;71496;7154;44763;44699;42594;6950;33554;5634;43231;43227;43226;5575;43229;44424;44464;5623;5622;55063;72505;98771;50801;48878;42592;65008;65007;55081;6355;1903506;2001141;31326;9889;19222;50789;31323;50794;51252;19219;80090;51171;60255;10556;10468;2000112;7623;48511;71486;71484;71482;9416;9314;9628;71478;71214;9642;9644;3677;3676;1901363;97159;3700;1071	1720	3080	3263	4806	2097	1658.5	3758	4251.5	7978	7094.5	3136.5	3422.5	1352	6764.5	7017.5	7782	1321	5824	5502	8214	1227	6429	2780	3565	89077.5	4.453.875
ORTHO005978	photosystem II subunit R	AT1G79040	9535;55035;42651;34357;16020;5575;44436;44424;44464;5623;5622;9579;44435;44444;5737;44446;44422;43226;43229;9536;43231;43227;31976;31984;44434;9507;9534;9735;9725;9719;50896;8150;10033;42221;10270;10207;43623;6461;65003;43933;16043;71840;9987;22607;44085;71822;70271;34622;19684;6091;44237;8152;15979;9523;9521;98796;43234;32991;44425;9654;1990204;1902494;5515;5488;3674	1721	758	1823.5	1926	4356	3218	687.5	3345.5	1839.5	1155	3971	5126	8966.5	5989.5	4842.5	797.5	2391.5	7028	1345	1391	8873.5	8029.5	2037	1061.5	72095.5	3.604.775
ORTHO002544	thylakoidal ascorbate peroxidase	AT1G77490;AT4G08390	9534;31976;9579;44424;44464;5575;5623;5622;31984;44446;44422;43226;43229;43227;44435;44444;5737;9536;43231;44434;9507;9535;55035;42651;34357;16020;44436;6979;6950;50896;8150;46872;43169;43167;5488;3674;10019;7165;50794;50789;65007;51716;9987;7154;44763;44699;44700;23052;9631;9409;9266;9628;42744;42743;72593;44237;8152;44712;9056;44710;44248;71588;16688;4601;16684;16491;3824;55114;16209;20037;46906;1901363;97159;16021;31224;44425;9570;9532;5739;9735;9725;9719;10033;42221	1722	567	1243	764	248.5	7853.5	3224.5	488	867	14.5	1211	4162.5	1352	5289	693	136	2398.5	4595	1031	8832.5	1744	8989.5	2603	3055	58539.5	2.926.975
ORTHO004632	dehydroascorbate reductase	AT1G19570;AT1G75270	34765;34762;50794;50789;65007;8150;51049;32879;43269;43903;43900;5777;42579;43231;43227;43226;5575;43229;44424;44464;5623;5622;44444;5737;9570;9532;44435;44446;44422;9536;44434;9507;10043;10038;10035;42221;50896;1990267;10193;302;6979;6950;1901700;1101;10731;6464;36211;19538;43170;71704;8152;44238;43412;44267;44260;44237;9987;5886;16020;71944;45174;16672;16667;16491;3824;3674;55114;44710;44699;16209;15038;15037;15036;5829;6811;44765;6810;51234;51179;1902578;5244;5216;15075;22891;22857;5215;55085;44763;22892;34220;22838;15267;22803;22832;22836;6952;9753;9725;9719;10033;9610;9608;51707;43207;9605;9607;51704;9620;5739;48046;5576;4364;16765;16740;5773;9636;5507;46914;46872;43169;43167;5488;6749;6518;43603;34641;6807;1901564;6790;6575;43295;72341;1901681;1900750;42277;33218;43168	1723	1667	1139.5	556	1281	476	1720.5	727.5	344	502	544	212.5	1352	4616	6464.5	1830	5329.5	5720	3473	3899.5	6578.5	4169	3986	2003.5	53948	2697.4
ORTHO004528	Homeodomain-like protein with RING/FYVE/PHD-type zinc finger domain	AT3G19510	5634;43231;43227;43226;5575;43229;44424;44464;5623;5622;6355;1903506;2001141;31326;9889;19222;50789;65007;8150;31323;50794;51252;19219;80090;51171;60255;10556;10468;2000112;3677;3676;1901363;5488;3674;97159;3700;1071;6351;34645;44260;43170;71704;8152;44237;9987;9059;1901576;9058;44249;97659;32774;16070;90304;6139;46483;6725;1901360;34641;6807;44238;34654;19438;44271;18130;1901362;10467;8270;46914;46872;43169;43167;43565;45893;10628;10604;9893;48518;1903508;1902680;51254;45935;31325;48522;51173;31328;9891;10557	1724	1688	1442	1160	4356	3282	6349.5	1013.5	1916	4421.5	4839.5	247	1352	4616	6243.5	6712.5	3752	7934	1849	1509.5	569	2061	4391	1487.5	64546	3227.3
ORTHO002801	ARABIDILLO-1	AT2G44900;AT3G60350	48527;48528;9791;44767;32502;8150;44699;44707;32501;7275;48364;48513;48856;48731;22622;48569;5515;5488;3674;5634;43231;43227;43226;5575;43229;44424;44464;5623;5622;4842;19787;16740;3824;8152;16567;32446;70647;6464;36211;19538;43170;71704;44238;43412;44267;44260;44237;9987;6511;19941;51603;6508;44257;30163;9057;1901575;9056;44265;44248;43632	1725	2776	3180.5	4636	4356	7658.5	1155	1426	460	2025.5	582	8712.5	1352	8123.5	8061.5	7782	2098.5	6982	8008.5	951.5	8153	6831.5	1615	6057.5	88036	4401.8
ORTHO001034	AZA-guanine resistant1	AT3G10960;AT5G50300	6863;15851;71705;6810;51234;51179;8150;44765;1902578;44699;71702;5215;3674;16020;5575;15854;22857;55085;44763;9987;5345;15205;22891;22892;15853;16021;31224;44425	1726	1534	1603	1480	1066.5	3531	6430	357.5	160.5	1058	982	181.5	1352	9077	6867.5	2476	2287	7697.5	2519	1835.5	2989	8380.5	2104	7768	68053.5	3.402.675
ORTHO004272	C2H2 and C2HC zinc fingers superfamily protein	AT1G68360	44212;975;3677;3676;1901363;5488;3674;97159;1067;5634;43231;43227;43226;5575;43229;44424;44464;5623;5622;9736;9755;7165;50794;50789;65007;8150;51716;9987;50896;7154;44763;44699;44700;23052;32870;9725;9719;10033;42221;71495;71310;70887;71368;9735;3700;1071;2001141;31326;9889;19222;31323;51252;19219;80090;51171;60255;10556;6355;1903506;10468;2000112;9740;10476;71370;9739;33993;1101;1901700;71396;71229;1901701;10090;904;902;32989;16043;71840;9653;32502;48856;48869;44767;48468;30154;10026;90558;9888;90626	1727	3466	5027	8327	2097	1859.5	7744.5	9022	6225	6381.5	3971	5191.5	7743	6170.5	1481.5	7360.5	8269	6683.5	7901.5	5277	6908	8148	2965	3501.5	112804	5640.2
ORTHO004854	novel plant snare 12	AT1G48240;AT3G17440	9507;9536;43231;43227;43226;5575;43229;44424;44464;5623;5622;44444;5737;5886;16020;71944;8565;22892;5215;3674;6810;51234;51179;8150;15031;45184;8104;33036;71702;16021;31224;44425;9506;5911;30054;55044	1728	3669	3035	4342	2097	3168.5	1358	2728	8423.5	6687	8871	6418.5	3632.5	6971	7017.5	7782	8026.5	4253	216	461.5	2179	3609.5	1681.5	3103.5	86588	4329.4
ORTHO004046	RING/FYVE/PHD-type zinc finger family protein	AT3G43230	5737;44424;44464;5575;5623;5622;1900027;60491;44087;50789;65007;8150;31344;51128;50794;35091;5543;8289;5488;3674;43168;43167;7165;51716;9987;50896;7154;44763;44699;44700;23052;32587;31253;44463;42995;98590;44459;44425;16020;5886;71944;98589;98805;31256;31252;1726;8270;46914;46872;43169	1729	706	1783	1837	672.5	3010.5	6220	3563	9117	6856.5	582	4162.5	1352	5011.5	693	508.5	33.5	9129	2997	1835.5	3252	8413.5	2311	2314	71362	3568.1
ORTHO001813	Ribosomal protein L2 family	AT4G36130	6412;43043;43604;43603;34641;6807;8152;8150;44237;9987;44271;44249;9058;6518;1901564;71704;1901566;1901576;44267;19538;43170;44238;44260;34645;9059;10467;3735;5198;3674;22625;15934;44391;30529;32991;5575;44424;44464;5623;5622;44444;5737;44446;44422;43226;43229;5840;43232;43228;44445;5829;22626;5773;43231;43227;3723;3676;1901363;5488;97159;5886;16020;71944	1730	1992	3113.5	4497	1689.5	3710	1881	917.5	224.5	1604.5	5577	6171.5	1352	7909	8942.5	2476	6722.5	6388.5	1189.5	5781.5	7254	7227.5	6989	5007.5	87325.5	4.366.275
ORTHO002131	RAB GTPase homolog A4D	AT3G12160;AT5G47960	70382;30133;16023;31988;43227;43226;5575;31982;43231;43229;44424;44464;5623;5622;31410;44444;5737;12505;9860;44702;22414;8150;44699;904;902;32989;16043;71840;9987;9653;32502;48856;48869;44767;44763;48468;30154;3006;48588;48589;40007;16049;9932;9826;60560;48868;9856;44703;51704;44706;32501;30659;12506;31090;16020;44422;44433;44446;45177;5525;35639;1901265;1901363;5488;3674;97159;43168;43167;32550;32549;1882;36094;97367;1883;32561;19001;17076;166;32555;32553;90404;35838;51286;60187;30427;44463;42995;90406;5794;80092;43900;50789;65007;10769;22604;22603;50793;51128;50794;60284;45595;51239;2000241;51510;1558;40008;48638;19900;19899;5515;5886;71944	1731	1823	2122.5	2514	4356	3334	1011	1484	8596	821	2992.5	6590	3882.5	6764.5	8203.5	2476	4346.5	5518	1004.5	1043.5	4103	5376	5081	3565	76192.5	3.809.625
ORTHO000814	ribosomal protein large subunit 16A	AT2G42740;AT3G58700;AT4G18730;AT5G45775	22625;15934;44391;30529;32991;5575;44424;44464;5623;5622;44444;5737;44446;44422;43226;43229;5840;43232;43228;44445;5829;22626;5730;44428;5634;43231;43227;31981;70013;43233;31974;9507;9536;6412;43043;43604;43603;34641;6807;8152;8150;44237;9987;44271;44249;9058;6518;1901564;71704;1901566;1901576;44267;19538;43170;44238;44260;34645;9059;10467;5773;9506;5911;30054;55044;44822;3723;3676;1901363;5488;3674;97159;27;22618;71826;43933;16043;71840;34622;65003;22607;44085;22613;42255;70925;6996;42254;42273;3735;5198;10102;10101;10015;44767;32502;44699;9653;48856;48364;48513;48731;7275;44707;32501;22622;9886;9791;48528;48569;48527;16020;19843	1732	3956	1899.25	2066.5	5196	6966	5187.5	2923.5	4953	1409.5	5489.5	1687.5	1352	5795.5	7162	2914	763	6145	4388	4687	3323	3111.5	3770	1029	73056.5	3.652.825
ORTHO003256	RING/U-box superfamily protein	AT2G18650;AT4G30400	5634;43231;43227;43226;5575;43229;44424;44464;5623;5622;16567;32446;70647;6464;36211;19538;43170;71704;8152;8150;44238;43412;44267;44260;44237;9987;8270;46914;46872;43169;43167;5488;3674;9793;44702;22414;44699;3006;32502;9790;44767;48856;7275;44707;32501;48316;48608;61458;48731;9791;10154;16021;31224;44425;16020;80167;9628;50896	1733	67	1228.5	724	112	2726.5	102	3824.5	27	266	4622	6819	1352	6414.5	1223	25.5	2329.5	9042	2877	3638.5	2207.5	7567	2191.5	561.5	57816.5	2.890.825
ORTHO007729	ARID/BRIGHT DNA-binding domain	AT4G11400	5773;43231;43227;43226;5575;43229;44424;44464;5623;5622;44444;5737;3682;44877;5488;3674;6351;34645;44260;43170;71704;8152;8150;44237;9987;9059;1901576;9058;44249;97659;32774;16070;90304;6139;46483;6725;1901360;34641;6807;44238;34654;19438;44271;18130;1901362;10467;6355;1903506;2001141;31326;9889;19222;50789;65007;31323;50794;51252;19219;80090;51171;60255;10556;10468;2000112;5634;3677;3676;1901363;97159	1734	2077	2350	2966	4356	7324.5	1068	864	8782	7407.5	3269.5	9048	4184.5	5258.5	810.5	1429.5	1711.5	7728	1849	436	1637.5	8380.5	3123.5	4678.5	78991	3949.55
ORTHO002571	nuclear factor Y; subunit B5	AT2G47810	5634;43231;43227;43226;5575;43229;44424;44464;5623;5622;6355;1903506;2001141;31326;9889;19222;50789;65007;8150;31323;50794;51252;19219;80090;51171;60255;10556;10468;2000112;43565;3677;3676;1901363;5488;3674;97159;3700;1071;6351;34645;44260;43170;71704;8152;44237;9987;9059;1901576;9058;44249;97659;32774;16070;90304;6139;46483;6725;1901360;34641;6807;44238;34654;19438;44271;18130;1901362;10467;46982;46983;5515	1735	3355	2384.5	3034	4356	3632	1132	1484	3425	8934.5	1312.5	1198.5	1352	9138	6520.5	7782	2546.5	9099	2788	2734	2143.5	8018	2819	3238	79297	3964.85
ORTHO003543	Phosphoglycerate mutase family protein	AT3G05170	5634;43231;43227;43226;5575;43229;44424;44464;5623;5622;5975;71704;8152;8150;44238;3824;3674	1736	915	2666.5	3597	4356	505	2121.5	310.5	1625	103.5	744	140	8754.5	6971	8868	2476	3548.5	6854.5	7901.5	6064.5	8153	7227.5	7089	3005.5	82463	4123.15
ORTHO002437	Prolyl oligopeptidase family protein	AT1G20380;AT1G76140	4252;4175;70011;8233;16787;3824;3674;8152;8150;6508;19538;43170;71704;44238;8236;17171;5737;44424;44464;5575;5623;5622;70008;8238;9507;9536;43231;43227;43226;43229;44444	1737	1738	2061.5	2386	4356	8310	1410	3467	3471	763	4886.5	4162.5	8446	8936	6639	2476	793	8605	3730.5	1747	1156	1985	1157	3055	75195.5	3.759.775
ORTHO000869_2	Exostosin family protein	AT1G74680;AT3G03650;AT3G45400	16740;3824;3674;8152;8150;16020;5575;5794;43231;43227;43226;43229;44424;44464;5623;5622;44444;5737;12505;48868;3006;32502;22414;48856;9856;44703;51704;44706;32501;9561;44767;44699;44707;9553;48229;7275;9506;5911;30054;55044	1738	2013	3244	4750	1281	1777	6866	1780.5	4178.5	7064	3269.5	8654.5	1352	8660.5	4462	7419	9077.5	7028	7712	4211	1156	476.5	488.5	3103.5	88736.5	4.436.825
ORTHO003493	Dihydrodipicolinate reductase; bacterial/plant	AT2G44040;AT3G59890	9570;9532;44435;44444;44424;44464;5575;5623;5622;5737;44446;44422;43226;43229;9536;43231;43227;44434;9507;19877;46451;43648;19752;43436;6082;71704;8152;8150;44281;44710;44699;44763;9987;44237;6520;1901564;6807;44238;8652;46394;16053;44283;44711;9058;1901576;44249;1901566;43650;9089;9085;9067;9066;1901605;1901607;6553;70402;50661;50662;48037;5488;3674;166;36094;1901265;1901363;97159;43168;43167;8839;16628;16627;16491;3824;55114	1739	1316	1904.25	2069.5	1066.5	2672	512	1361	1481	4115.5	982	2467.5	7963	7779.5	8793	2476	8462.5	6388.5	3904.5	346	1786	6512.5	2576	2485	73063.5	3.653.175
ORTHO001171	Lactate/malate dehydrogenase family protein	AT1G04410;AT5G43330;AT5G56720	5737;44424;44464;5575;5623;5622;9570;9532;44435;44444;44446;44422;43226;43229;9536;43231;43227;44434;9507;9651;6970;9628;50896;8150;6950;5886;16020;71944;5774;44437;5773;98588;31090;98805;44262;5975;71704;8152;44238;44237;9987;5634;6108;43648;19752;43436;6082;44281;44710;44699;44763;5515;5488;3674;9506;5911;30054;55044;16615;16614;16491;3824;55114;46686;10038;10035;42221;6099;6101;72350;9060;45333;15980;6091;9735;9725;9719;10033;10043;1990267;48046;5576;30060;16616;5829	1740	961	2687.5	3635	672.5	7780	924	1389	8447.5	2330	1312.5	5810	1352	9152.5	6955.5	1073.5	8408	6784	875	399	7568	8182	2059	1876	82677.5	4.133.875
ORTHO000401_1	glycerol-3-phosphate acyltransferase 6	AT2G38110	10143;9059;43170;71704;8152;8150;1901576;9058;5739;43231;43227;43226;5575;43229;44424;44464;5623;5622;44444;5737;16311;6796;6793;44237;9987;90447;8374;16747;16746;16740;3824;3674;16020;16791;42578;16788;16787;9908;90567;48608;3006;32502;22414;48856;61458;48731;7275;44767;44699;44707;32501;44702;9791;48367	1741	2206	2275	2809	4356	8518.5	1818.5	1640.5	493.5	2124.5	1981	181.5	1352	7954.5	7844	2476	935.5	6590	451.5	6001	8618.5	7520.5	8455.5	2940	77897	3894.85
ORTHO000903_1	senescence-associated E3 ubiquitin ligase 1	AT1G20780;AT1G76390	5634;43231;43227;43226;5575;43229;44424;44464;5623;5622;10150;10260;7568;44767;32502;8150;44699;48513;48856;48731;7275;44707;32501;48366;48827;48367;10115;31326;9889;19222;50789;65007;31323;50794;19747;19216;80090;46890;10565;43455;1902930;5515;5488;3674;5737;10271;90056;51193;1901401;51171;1901404;31329;9894;70696;33612;5102;16567;32446;70647;6464;36211;19538;43170;71704;8152;44238;43412;44267;44260;44237;9987;5886;16020;71944;90359;51055;9890;9892;48519;45833;31327;31324;48523;45827;1902931;10380;1901463;4842;19787;16740;3824;16874	1742	640	1792	1842	672.5	2837	360	428.5	702.5	1318	1082.5	6027	1352	4798	350.5	343	8695.5	8631	9112	178	9153	9079.5	2884	4060.5	71392.5	3.569.625
ORTHO000959	Major facilitator superfamily protein	AT1G31470;AT3G01630;AT4G19450;AT5G45275	16021;31224;44425;5575;16020;9651;6970;9628;50896;8150;6950;6810;51234;51179;10197;741;48284;6996;16043;71840;9987;6997;9559;30154;48869;44767;32502;44699;44763;9561;44707;32501;9553;48229;7275;48856;5739;43231;43227;43226;43229;44424;44464;5623;5622;44444;5737;5634;3674	1743	2346	3828	5913	1689.5	2672	1985	7491.5	2069	969	1981	2038	8205.5	7779.5	7487.5	5325.5	1102.5	6440	7353.5	5519.5	6810.5	7087	7818	4678.5	94813	4740.65
ORTHO001531	Plant protein of unknown function (DUF828)	AT3G06080;AT5G19160	71554;9987;8150;7623;48511;5634;43231;43227;43226;5575;43229;44424;44464;5623;5622;5794;44444;5737;12505;16413;16407;16747;16746;16740;3824;3674;8152;8374	1744	3424	4948.5	8153	2097	9062.5	4904	8906	2940	7485	4151.5	7637.5	8205.5	6292	4842.5	7419	8179	7942.5	2410	2185	2207.5	8980	3084.5	3771.5	110605.5	5.530.275
ORTHO004957	20S proteasome beta subunit E1	AT1G13060;AT3G26340	4175;70011;8233;16787;3824;3674;8152;8150;6508;19538;43170;71704;44238;5737;44424;44464;5575;5623;5622;5839;43234;32991;502;10499;10498;51603;44257;30163;9057;1901575;9056;44265;44260;44237;9987;44248;44267;43161;6511;19941;43632;5634;43231;43227;43226;43229;46686;10038;10035;42221;50896	1745	1729	3471.5	5198	1281	7583.5	4638.5	1581	493.5	369.5	669	1576.5	8306	7996	9046	2476	8200	6784	7792.5	4473	7860	6648	1573	2940	91006	4550.3
ORTHO002108	Ubiquitin-associated/translation elongation factor EF1B protein	AT2G26920;AT5G12120	6414;34645;44260;43170;71704;8152;8150;44237;9987;9059;1901576;9058;44249;6412;43043;43604;43603;34641;6807;44271;6518;1901564;1901566;44267;19538;44238;10467;5634;43231;43227;43226;5575;43229;44424;44464;5623;5622;3746;8135;3723;3676;1901363;5488;3674;97159;5886;16020;71944	1746	713	1958	2170	365.5	3542.5	6132	517	3598.5	3494	291	181.5	9057	5856.5	3936.5	1830	8179	8803	5301	2665	1374	5308.5	1900.5	1672.5	73640	3682
ORTHO003507	unknown protein	AT3G06150;AT5G19060	3674;8150;9507;9536;43231;43227;43226;5575;43229;44424;44464;5623;5622;44444;5737	1747	2489	4580	7413	1689.5	8834	7262.5	2962.5	8616	6198.5	9114	6861.5	4083.5	5411.5	892.5	1606	7313	7181.5	1031	3815.5	6696	7603.5	2412.5	6379.5	104275	5213.75
ORTHO003555	basic helix-loop-helix (bHLH) DNA-binding superfamily protein	AT2G14760;AT4G33880	6355;1903506;2001141;31326;9889;19222;50789;65007;8150;31323;50794;51252;19219;80090;51171;60255;10556;10468;2000112;46983;5515;5488;3674;9555;48229;7275;44767;32502;44699;44707;32501;48856;5634;43231;43227;43226;5575;43229;44424;44464;5623;5622;6351;34645;44260;43170;71704;8152;44237;9987;9059;1901576;9058;44249;97659;32774;16070;90304;6139;46483;6725;1901360;34641;6807;44238;34654;19438;44271;18130;1901362;10467;3700;1071;3677;3676;1901363;97159;16049;40007;44763;48766;904;902;32989;16043;71840;9653;48869;48468;30154;48765;10053;90627;10015;48364;48513;48731;22622;90558;9888;48764;48469;21700;10054;9733;9725;9719;50896;10033;42221	1748	3250	5062	8376	2097	5904	6249.5	8028.5	8541.5	4515	2992.5	4059.5	1352	8776.5	5937	7782	8387	7151.5	8559.5	995	8400	8148	1991	5806	113576	5678.8
ORTHO004003	Ubiquitin carboxyl-terminal hydrolase-related protein	AT3G47890;AT3G47910	46872;43169;43167;5488;3674;16579;70646;70647;6464;36211;19538;43170;71704;8152;8150;44238;43412;44267;44260;44237;9987;6508;6511;19941;51603;44257;30163;9057;1901575;9056;44265;44248;43632;36459;16787;3824;5634;43231;43227;43226;5575;43229;44424;44464;5623;5622	1749	174	1650.5	1552	248.5	87.5	512	462	210.5	238.5	5589	5823	9066	8916	6687	797.5	5240.5	7219.5	516	120	1761	6027.5	7729.5	1672.5	68675.5	3.433.775
ORTHO002448	Leucine-rich repeat (LRR) family protein	AT1G13230;AT1G68780;AT3G25670	9507;9536;43231;43227;43226;5575;43229;44424;44464;5623;5622;44444;5737;5886;16020;71944;9610;9608;51707;43207;9605;50896;8150;9607;51704;9620;44403;44419;7165;50794;50789;65007;51716;9987;7154;44763;44699;44700;23052	1750	3438	4425	7100	4356	8881.5	5974	7244.5	7748	5547.5	2539	2553.5	1352	6764.5	7082.5	7782	5685	4507	284	2373.5	6696	7227.5	8115.5	3721	102078.5	5.103.925
ORTHO005131	light harvesting complex photosystem II subunit 6	AT1G15820	9534;31976;9579;44424;44464;5575;5623;5622;31984;44446;44422;43226;43229;43227;44435;44444;5737;9536;43231;44434;9507;9535;55035;42651;34357;16020;44436;15979;44237;8152;8150;9987;10287;9570;9532;31409;5488;3674;9768;9765;6091;19684;9783;98796;43234;32991;44425;9523;9521;9941;9526;31967;31975;10196;1990066;9416;9314;9628;50896;16021;31224;16168;46906;1901363;97159	1751	1305	1134.5	518	4356	961.5	1560	4025.5	1625	502	744	1779	1352	4560	6192.5	508.5	935.5	5992	4663	4527	5061.5	2923.5	3457	1644	53013.5	2.650.675
ORTHO003361	alpha-adaptin	AT5G22770;AT5G22780	8289;5488;3674;16020;5575;6897;16192;6810;51234;51179;8150;30131;30119;98796;43234;32991;44425;44444;44424;44464;5623;5622;5737;30117;48475;30118;6886;15031;45184;8104;33036;71702;46907;51649;51641;34613;70727;5515;5886;71944;5905;98589;98805;12505;8565;22892;5215;5634;43231;43227;43226;43229	1752	604	2560	3368	248.5	3066	2951	1204.5	9050	184	982	4018.5	1352	4807.5	358	1429.5	7526.5	8496.5	1862	8975	2815.5	9112.5	9161	3920	81272	4063.6
ORTHO004511	Protein of unknown function (DUF1664)	AT1G24265;AT1G24267	5739;43231;43227;43226;5575;43229;44424;44464;5623;5622;44444;5737;8150;3674;31307;31306;98573;31300;44422;31224;44425;16020;31090;44455;44429;44446;31966;5740;31967;31975;5741;31968;19867;98805;98588;32592;31301;16021	1753	270	1581.5	1410	248.5	444.5	5001	1581	9020.5	1003.5	1144	5435.5	9077	5795.5	2396.5	797.5	2408	7547.5	802.5	3899.5	185	7038.5	2142.5	1769	67489	3374.45
ORTHO000655	zinc ion binding	AT1G18910;AT1G74770;AT3G18290	5634;43231;43227;43226;5575;43229;44424;44464;5623;5622;8270;46914;46872;43169;43167;5488;3674;8150;10106;9267;31669;31667;9991;9605;50896;31668;51716;9987;71496;7154;44763;44699;42594;6950;33554;16874;3824;8152;9793;44702;22414;3006;32502;9790;44767;48856;7275;44707;32501;48316;48608;61458;48731;9791;10154	1754	3410	2442.5	3131	4356	900	6430	4133.5	8721	6785.5	4583	6240	4738	3815.5	2910	1606	3152.5	7073	552.5	2665	1149	3222.5	5171.5	6057.5	79906	3995.3
ORTHO000779_1	K+ efflux antiporter 4	AT2G19600;AT5G11800	16021;31224;44425;5575;16020;6813;15672;6812;6811;44765;6810;51234;51179;8150;1902578;44699;30001;15079;15077;22890;8324;15075;22891;22857;5215;3674;55085;44763;9987;22892;34220;98655;46873;71805;98662;98660;71804;15386;5451;15299;15078;1902600;15992;6818;15298;15297;15291;22804;15491;22821	1755	680	2479.5	3204	672.5	717.5	6155.5	1013.5	1328.5	210.5	2992.5	8888.5	9077	5110.5	693	1429.5	2466	8045.5	8655.5	2185	8909	8285	2239	1906.5	80308	4015.4
ORTHO004769	XB3 ortholog 5 in Arabidopsis thaliana	AT3G23280	5737;44424;44464;5575;5623;5622;16567;32446;70647;6464;36211;19538;43170;71704;8152;8150;44238;43412;44267;44260;44237;9987;16874;3824;3674;8270;46914;46872;43169;43167;5488;4842;19787;16740;5634;43231;43227;43226;43229	1756	3032	4434.5	7113	2097	1658.5	6075.5	1640.5	2202	930.5	8984.5	8236	6617.5	6764.5	7082.5	7782	5685	5221.5	6785	738.5	6696	7259	8115.5	3721	102195.5	5.109.775
ORTHO006519	NADH-ubiquinone oxidoreductase-related	AT2G47690;AT3G62790	5739;43231;43227;43226;5575;43229;44424;44464;5623;5622;44444;5737;5747;45271;30964;98796;43234;32991;44425;16020;1990204;1902494;98803;70469;98800;98798;44429;44446;44422;44455;31966;31090;5740;31967;31975;5743;19866;5746;5758;31970;31974;9853;43094;44249;9058;8152;8150;44237;9987;55114;44710;44699;3674;5634	1757	3009	2137	2517	2097	332.5	1789.5	2250	2914.5	6934	4693.5	4670	8306	5523.5	1109.5	1830	2338.5	8920.5	2788	2124.5	2533.5	7567	2928	6669	76222	3811.1
ORTHO003883	SNARE associated Golgi protein family	AT1G71940;AT4G09580	5794;43231;43227;43226;5575;43229;44424;44464;5623;5622;44444;5737;12505;3674;8150;5789;98588;31090;16020;44422;44432;44446;5783;44425;42175;16021;31224	1758	1465	2874	3990	1066.5	2797	2032.5	1780.5	8359.5	2945.5	5577	4752.5	4114	6027	6092	797.5	400	6982	4328.5	5637	5903.5	8644	6194.5	1414.5	84779	4238.95
ORTHO005679	Reticulon family protein	AT5G58000	5789;98588;31090;16020;5575;44422;43226;43227;44432;44444;44424;44464;5623;5622;5737;44446;43229;5783;43231;12505;44425;42175;16021;31224;5634	1759	1666	1334	909	4356	2557.5	5001	1204.5	1625	4896	982	2553.5	3712	4344	5969	508.5	7897.5	5720	3597	3600	3756	1045	664.5	1371.5	61004.5	3.050.225
ORTHO006245	unknown protein	AT5G59960	5783;43231;43227;43226;5575;43229;44424;44464;5623;5622;44444;5737;12505;3674;5739;8150;5634	1760	1426	1546.5	1333	4356	3632	739	8705.5	4507	502	1082.5	5395	1352	4969	511.5	508.5	2899	9010	8593.5	2665	2123	750	1235	7376.5	66556	3327.8
ORTHO001388	GRAS family transcription factor family protein	AT1G14920;AT1G66350;AT2G01570;AT3G03450;AT5G17490	9867;9755;7165;50794;50789;65007;8150;51716;9987;50896;7154;44763;44699;44700;23052;32870;9725;9719;10033;42221;71495;71310;70887;71395;9753;1101;1901700;71229;1901701;10187;48581;48580;2000026;50793;51239;51241;48519;51093;10029;1900140;9723;9938;9968;9966;10646;48583;23051;48585;10648;48523;23057;9937;6355;1903506;2001141;31326;9889;19222;31323;51252;19219;80090;51171;60255;10556;10468;2000112;9651;6970;9628;6950;3700;1071;3674;989;988;5515;5488;42538;6972;9740;10476;71370;9739;33993;71396;5634;43231;43227;43226;5575;43229;44424;44464;5623;5622;9863;71446;71407;14070;9751;10218;9639;9416;9314;9737;97305;6351;34645;44260;43170;71704;8152;44237;9059;1901576;9058;44249;97659;32774;16070;90304;6139;46483;6725;1901360;34641;6807;44238;34654;19438;44271;18130;1901362;10467;6808;2000033;2000034;80050;2000241;2000377;10233;10232;44707;32501;44765;6810;51234;51179;1902578;30154;48869;44767;32502;44212;975;3677;3676;1901363;97159;1067;42176;9894;51246;6952	1761	4045	4768.5	7776	4356	3309	7032	6741	6379.5	7247	8786.5	4724	3557.5	6455	6867.5	5325.5	4346.5	4326.5	1878.5	7299	2072	6429	7156	7028	106960	5348
ORTHO000461_2	zinc finger (CCCH-type) family protein	AT2G28450;AT3G09760;AT5G60580	5634;43231;43227;43226;5575;43229;44424;44464;5623;5622;8173;8168;16741;16740;3824;3674;8152;8150;32259;1510;43414;44260;43170;71704;44237;9987;43412;9451;16070;90304;6139;46483;6725;1901360;34641;6807;44238;3676;1901363;5488;97159;6396;10467;3677;46872;43169;43167;166;36094;1901265;8270;46914;5737	1762	3190	1623	1484	5172	8263	3025	6864	2202	7441.5	5393	1915.5	4617.5	3450.5	4705.5	2914	3006.5	1494	926	3331	1682.5	2213.5	3634.5	1009	68088.5	3.404.425
ORTHO004132	ubiquitin fusion degradation 1	AT2G21270	6511;19941;51603;6508;19538;43170;71704;8152;8150;44238;44257;30163;9057;1901575;9056;44265;44260;44237;9987;44248;44267;43632;5829;44444;44424;44464;5575;5623;5622;5737;9507;9536;43231;43227;43226;43229;3674	1763	561	1579.5	1396	248.5	407.5	652	563	3312	4699	4541.5	2000.5	8446	6601.5	8359	267	7664	8592	1680.5	1698.5	2376.5	3955.5	629	885.5	67330.5	3.366.525
ORTHO004154	histone H2A 8	AT2G38810;AT3G54560	5730;44428;44446;44422;5575;43226;44424;44464;5623;5622;43229;5634;43231;43227;43232;43228;31981;70013;43233;31974;6342;45814;10629;10605;9892;48519;50789;65007;8150;19222;60255;10468;40029;45892;1903507;1903506;2001141;31326;9889;31323;50794;51252;19219;80090;51171;10556;1902679;51253;45934;51172;31324;48523;31327;9890;10558;6355;2000112;2000113;16458;44763;9987;44699;790;785;44427;5694;32991;44454;228;9909;48580;2000026;50793;51239;48831;2000241;44030;51052;3677;3676;1901363;5488;3674;97159;6325;43933;16043;71840;51276;6996;9908;90567;48608;3006;32502;22414;48856;61458;48731;7275;44767;44707;32501;44702;9791;48367;5515;42742;9617;51707;43207;9605;50896;9607;51704;98542;6952;6950;16048;9582;9628;51606;9581;9266	1764	3087	2097.5	2431	4356	4633.5	5105.5	1114.5	702.5	4345.5	7199	7997	5740	3815.5	4842.5	6712.5	2086	3949	3792	3331	4103	2433.5	859	2850	75611.5	3.780.575
ORTHO000455_2	Transmembrane amino acid transporter family protein	AT1G47670	5886;16020;5575;44464;5623;71944;6865;71705;6810;51234;51179;8150;46942;15849;44765;1902578;44699;71702;15711;6820;6811;16021;31224;44425;15171;46943;8514;8509;15075;22891;22857;5215;3674;55085;44763;9987;22892;34220;98656;5342;1903825;3333	1765	1059	2954.5	4144	4356	2837	624.5	1484	1328.5	1462	1810	6171.5	8754.5	4995.5	693	508.5	8200	8080	8683	3184	8909	8454	2311	7120	85610	4280.5
ORTHO004789	translocase of the outer mitochondrial membrane 40	AT3G20000	5739;43231;43227;43226;5575;43229;44424;44464;5623;5622;44444;5737;5774;44437;44446;44422;5773;98588;31090;16020;98805;30150;1902580;51641;51179;8150;1902578;44699;16482;46907;6810;51234;51649;70585;33365;34613;70727;33036;8104;72655;72594;45184;1990542;6839;1902582;44765;55085;44763;9987;44743;17038;15031;71702;65002;6886;71806;6626;6605;7005;6996;16043;71840;98656;6820;6811;34220;5515;5488;3674;5742;98799;98796;43234;32991;44425;98798;44429;44455;31966;5740;31967;31975;5741;31968;19867;46930;16021;31224;15450;15405;15399;22804;22857;5215;8320;8565;22892;22884;22891;5743;19866;15266;15267;22803;1903959;44070;43269;51049;32879;50789;65007;34765;34762;50794;8308;5253;5216;15075;22838;8509;5244;22832;22836	1766	1640	2489.25	3212.5	4356	4598.5	3628.5	4088	1234	1155	5481.5	3950.5	3973.5	7387.5	8429	2476	3043	6388.5	3529	4809.5	5061.5	5059	4026	2046	80364.5	4.018.225
ORTHO004439	Cation efflux family protein	AT2G39450	5385;72509;22890;8324;15075;22891;22857;5215;3674;6810;51234;51179;8150;55085;44763;9987;44699;44765;1902578;22892;34220;6811;98655;6812;72511;46915;46873;30001;41;71577;98662;98660;6829;70838;10486;5384;71421;6828;51139;15299;15078;15077;15672;1902600;15992;6818;15298;15297;15291;22804;15491;10042;10038;10035;42221;50896;1990267;5770;5768;43231;43227;43226;5575;43229;44424;44464;5623;5622;44444;5737;12505;46688;61088;32879;50789;65007;50794;2000021;32844;16020;5794;5634;10043;30026;46916;6875;55065;98771;50801;48878;42592;65008;55080;30003;6873;55082;19725;55076;55071	1767	2286	1210	653	4356	8050	3430	310.5	298	3267	1623	485	1352	8825.5	5836.5	2476	28.5	8428.5	3067.5	1667	124	1228	1498	4541	56536	2826.8
ORTHO001237	Glutamyl-tRNA reductase family protein	AT1G09940;AT1G58290;AT2G31250	55114;44710;8152;8150;44699;6782;6779;51188;51186;44237;9987;44249;9058;6778;33013;46483;6725;1901360;71704;1901564;6807;33014;19438;44271;34641;18130;1901362;1901576;1901566;46501;6783;42168;42440;44763;46148;44711;15995;15994;9507;9536;43231;43227;43226;5575;43229;44424;44464;5623;5622;44444;5737;8883;16620;16903;16491;3824;3674;50661;50662;48037;5488;166;36094;1901265;1901363;97159;6979;6950;50896;31969;42170;31090;16020;44422;44435;44446;9526;31967;31975;44434;9941;5515;9416;9314;9628	1768	1789	3210	4652	4356	2097.5	961	9101	3610	3996.5	744	6808	1352	5077	693	1429.5	1711.5	9104.5	9126	3431	9120	8510	2871.5	8396	88140	4407
ORTHO007003	PLAC8 family protein	AT2G37110	3674;5737;44424;44464;5575;5623;5622;8150	1769	3133	3928.5	6088	2097	1729.5	7422	6741	7455	2551	6763.5	4841.5	3474.5	6475	6791	7782	7840	4400	4016	6860	4103	2433.5	1498	2575	95751.5	4.787.575
ORTHO002659	Rubredoxin-like superfamily protein	AT1G80230;AT3G15640	5743;19866;31090;16020;5575;44422;43226;43227;44424;44464;5623;5622;31967;31975;44446;43229;31966;44429;44444;5737;5739;43231;5740;4129;15002;16491;3824;3674;8152;8150;55114;44710;44699;15078;15077;22890;8324;15075;22891;22857;5215;6810;51234;51179;55085;44763;9987;44765;1902578;22892;34220;6811;98655;6812;15672;1902600;15992;6818;98662;98660;9055;16676;16675;46872;43169;43167;5488;8270;46914;9535;55035;42651;34357;44436;9579;44435;9536;31976;31984;44434;9507;9534;50897	1770	4118	930	90	2375	838.5	7110	727.5	460	5376	241.5	367.5	3888.5	138	136.5	3183	2776.5	307	2270	3231	2686	433	1555.5	586.5	36312.5	1.815.625
ORTHO002959	homeobox protein 6	AT2G22430;AT4G40060	45893;10628;10604;9893;48518;50789;65007;8150;19222;60255;10468;1903508;1903506;2001141;31326;9889;31323;50794;51252;19219;80090;51171;10556;1902680;51254;45935;31325;48522;51173;31328;9891;10557;6355;2000112;5515;5488;3674;43565;3677;3676;1901363;97159;6351;34645;44260;43170;71704;8152;44237;9987;9059;1901576;9058;44249;97659;32774;16070;90304;6139;46483;6725;1901360;34641;6807;44238;34654;19438;44271;18130;1901362;10467;9414;9415;9628;50896;1101;42221;10035;1901700;6950;5634;43231;43227;43226;5575;43229;44424;44464;5623;5622;9788;9968;9966;10646;48583;23051;48585;48519;10648;48523;23057;1901420;1901419;9787;3700;1071;9738;9755;7165;51716;7154;44763;44699;44700;23052;32870;9725;9719;10033;71495;71310;70887;71215;9737;33993;97305;71396;97306;1901701;71229;48573;9648;9416;9314;10228;3006;32502;22414;48608;48856;61458;48731;7275;44767;44707;32501;9791;48510;48506;48509;2000026;50793;51239;40034;30308;45926;40008;1558;51128;9637	1771	4249	2832	3893	1551	7694	5362.5	3713.5	3245.5	7782	4367.5	6590	3608.5	8456.5	4462	2914	1849.5	6505.5	802.5	5062.5	3139.5	5213.5	2846	549.5	84164.5	4.208.225
ORTHO005043	GRIM-19 protein	AT1G04630;AT2G33220	9853;43094;44249;9058;8152;8150;44237;9987;5747;45271;30964;98796;43234;32991;5575;44425;16020;1990204;1902494;44464;5623;98803;70469;98800;98798;44429;44444;44424;5622;5737;44446;44422;43226;43229;5739;43231;43227;44455;31966;31090;5740;31967;31975;5743;19866;5746;3674;16021;31224;9793;44702;22414;44699;3006;32502;9790;44767;48856;7275;44707;32501;48316;48608;61458;48731;9791;10154;55114;44710;9507;9536	1772	2333	3105.5	4439	1689.5	3232	7227	3193.5	7978	1655.5	2809.5	4309	7377.5	7387.5	7195	2476	5329.5	6085	2195.5	1584.5	914	6429	5762.5	3920	87060.5	4.353.025
ORTHO004961	Coatomer epsilon subunit	AT1G30630;AT2G34840	5774;44437;44444;44424;44464;5575;5623;5622;5737;44446;44422;43226;43229;5773;43231;43227;98588;31090;16020;98805;30663;30660;30659;12506;31988;31982;44433;31410;16023;139;44431;5794;12505;5798;30662;30135;30137;6890;48193;1902582;46907;6810;51234;51179;8150;51649;51641;44765;1902578;44699;16192;5198;3674;8565;22892;5215;15031;45184;8104;33036;71702;5829	1773	615	2489	3205	672.5	9058	2528	52	3471	2551	147	7602.5	1352	5733	1910.5	508.5	1952.5	8943	8310	8998	3478.5	8910.5	2495	2314	80315	4015.75
ORTHO000322_3	Uncharacterized protein	AT2G41830;AT5G21080	5886;16020;5575;44464;5623;71944;3674;5739;43231;43227;43226;43229;44424;5622;44444;5737;8150	1774	815	2090.5	2407	672.5	80.5	5794	4251.5	210.5	210.5	319	1070.5	8929.5	7448.5	9114	1073.5	294.5	7181.5	7197.5	1343.5	1121	7897.5	8405	3501.5	75444	3772.2
ORTHO002773	SWIB complex BAF60b domain-containing protein	AT4G22360	5634;43231;43227;43226;5575;43229;44424;44464;5623;5622;8150;3677;3676;1901363;5488;3674;97159	1775	286	1100.5	426	672.5	2726.5	234.5	129.5	18.5	450.5	5177.5	517.5	8094	4807.5	6464.5	508.5	3043	7988	1210.5	2253	2189	961.5	3215	831.5	50820.5	2.541.025
ORTHO002050	ethylene responsive element binding factor 3	AT1G50640;AT3G20310	6355;1903506;2001141;31326;9889;19222;50789;65007;8150;31323;50794;51252;19219;80090;51171;60255;10556;10468;2000112;5515;5488;3674;45892;1903507;1902679;51253;10605;9892;48519;45934;51172;31324;48523;31327;9890;10558;10629;2000113;9873;160;35556;7165;51716;9987;50896;7154;44763;44699;44700;23052;9755;32870;9725;9719;10033;42221;71495;71310;70887;71369;9723;3700;1071;10105;70298;70297;1902531;9966;10646;48583;23051;1902532;9968;48585;10648;23057;10104;5634;43231;43227;43226;5575;43229;44424;44464;5623;5622;3677;3676;1901363;97159;6952;6950;6351;34645;44260;43170;71704;8152;44237;9059;1901576;9058;44249;97659;32774;16070;90304;6139;46483;6725;1901360;34641;6807;44238;34654;19438;44271;18130;1901362;10467;9414;9415;9628;1101;10035;1901700;44212;975;1067;43565;9737;33993;97305	1776	3719	4097.5	6419	4356	7430.5	3430	7244.5	4060.5	1003.5	2809.5	2467.5	1352	6764.5	7082.5	7782	737	6085	6897.5	8364.5	6810.5	7259	8163.5	1906.5	97650.5	4.882.525
ORTHO006237	Leucine-rich repeat protein kinase family protein	AT1G10850;AT1G60630	6468;16310;6796;6793;44237;8152;8150;9987;6464;36211;19538;43170;71704;44238;43412;44267;44260;5524;35639;1901265;1901363;5488;3674;97159;43168;43167;32559;30554;17076;166;36094;32555;32553;97367;32550;32549;1882;1883;7169;7167;7166;7165;50794;50789;65007;51716;50896;7154;44763;44699;44700;23052;5886;16020;5575;44464;5623;71944;4674;4672;16301;16772;16740;3824;16773	1777	2665	4195.5	6614	4356	2054	8364	1912	2465.5	1155	3674	9042.5	8898	5258.5	599	1429.5	1642	7801.5	8625.5	8397.5	8738	8260	3040	7591	98947.5	4.947.375
ORTHO004891	zinc finger (C2H2 type) family protein	AT3G02790	6355;1903506;2001141;31326;9889;19222;50789;65007;8150;31323;50794;51252;19219;80090;51171;60255;10556;10468;2000112;5737;44424;44464;5575;5623;5622;71452;34614;302;6979;6950;50896;1901700;42221;34599;33554;51716;9987;70887;1901701;304;10035;5634;43231;43227;43226;43229;3700;1071;3674	1778	2825	3757	5736	1812	7905.5	6651.5	2250	8149.5	5874.5	2809.5	8061	1352	6971	7129	2476	5329.5	5720	1086	3721.5	2533.5	6182.5	5617	3920	93739.5	4.686.975
ORTHO003898	Homeodomain-like superfamily protein	AT5G17300	9734;9755;7165;50794;50789;65007;8150;51716;9987;50896;7154;44763;44699;44700;23052;32870;9725;9719;10033;42221;71495;71310;70887;71365;9733;3677;3676;1901363;5488;3674;97159;9851;42446;9058;8152;42445;10817;65008;9850;44237;44249;7623;48511;10600;90354;32350;19222;31323;46885;31326;9889;6355;1903506;2001141;51252;19219;80090;51171;60255;10556;10468;2000112;3700;1071;5634;43231;43227;43226;5575;43229;44424;44464;5623;5622;6351;34645;44260;43170;71704;9059;1901576;97659;32774;16070;90304;6139;46483;6725;1901360;34641;6807;44238;34654;19438;44271;18130;1901362;10467;3682;44877	1779	1041	3051	4323	4356	3406.5	1627	4503	8359.5	1346	669	1658	8675.5	6764.5	8942.5	976.5	3399	6590	1345	4664.5	7860	6813.5	6194.5	2699.5	86494	4324.7
ORTHO003340	Protein of unknown function (DUF630 and DUF632)	AT2G19090;AT4G30130	5634;43231;43227;43226;5575;43229;44424;44464;5623;5622;3674	1780	1838	1414	1048	4356	4519	924	548.5	3262	3494	5062.5	7055.5	1352	4560	5691.5	1429.5	1798	8605	7764.5	1698.5	2098.5	940	827.5	1371.5	63002	3150.1
ORTHO000451_2	Kinesin motor family protein	AT2G21380;AT4G39050	5524;35639;1901265;1901363;5488;3674;97159;43168;43167;32559;30554;17076;166;36094;32555;32553;97367;32550;32549;1882;1883;5874;44430;44446;44422;5575;43226;44424;44464;5623;5622;43229;5856;43232;43228;43234;32991;15630;3777;3774;17111;16462;16818;16817;16787;3824;8152;8150;7018;6928;44763;9987;44699;7017;5871;5875;9507;9536;43231;43227;44444;5737;31347;80134;48583;50789;65007	1781	1517	1357.5	934	4356	994.5	687.5	1013.5	1328.5	3283.5	8820	307.5	6731.5	4486	6092	1830	8188.5	5221.5	4328.5	884	1540	1466	2630	1546.5	61379.5	3.068.975
ORTHO003586	DCD (Development and Cell Death) domain protein	AT5G42050	5634;43231;43227;43226;5575;43229;44424;44464;5623;5622;3674	1782	1919	2499	3216	4356	8518.5	8364	3534.5	2069	2025.5	3971	1422	1352	5719.5	1184.5	1830	2314	7728	1271.5	8320	8264.5	6759.5	2171	3565	80384	4019.2
ORTHO005319	hydroxyproline-rich glycoprotein family protein	AT4G25620;AT5G52430	5886;16020;5575;44464;5623;71944;3674;8150;5634;43231;43227;43226;43229;44424;5622	1783	4105	3922	6061	2375	8968.5	4904	2838	6379.5	6179.5	3702.5	4724	3557.5	6455	7713.5	7782	4346.5	4253	528	5519.5	1201.5	6429	7156	2940	95577.5	4.778.875
ORTHO002822	Encodes a protein related to BYPASS1 (BPS1).  Regulates production of mobile compound: bps signal.	AT2G46080	9790;44767;32502;8150;44699;48856;7275;44707;32501;9507;9536;43231;43227;43226;5575;43229;44424;44464;5623;5622;44444;5737	1784	3708	1203	622	5196	151	4341	3021	6124	5864.5	3366.5	3686.5	4492.5	4134.5	4462	2914	1997.5	4747.5	73	3579.5	1100	822	273	561.5	55711.5	2.785.575
ORTHO004081	N-terminal nucleophile aminohydrolases (Ntn hydrolases) superfamily protein	AT3G60820	5737;44424;44464;5575;5623;5622;43161;10498;51603;6508;19538;43170;71704;8152;8150;44238;44257;30163;9057;1901575;9056;44265;44260;44237;9987;44248;44267;6511;19941;43632;48046;5576;8233;16787;3824;3674;502;43234;32991;9817;9814;98542;6952;6950;50896;51707;43207;9605;9607;51704;45087;6955;2376;50832;9620;4175;70011;5839;5829;44444;5886;16020;71944;9507;9536;43231;43227;43226;43229;10499	1785	589	2715	3645	3586.5	7241	1985	4571	8392	163.5	2992.5	4877	1352	5110.5	766.5	136	901	7728	1232	6923.5	8850	8784	8952	1769	82726.5	4.136.325
ORTHO003187	SAUR-like auxin-responsive protein family	AT1G56150;AT3G12830	9734;9755;7165;50794;50789;65007;8150;51716;9987;50896;7154;44763;44699;44700;23052;32870;9725;9719;10033;42221;71495;71310;70887;71365;9733;3674;7275;44767;32502;44707;32501;5737;44424;44464;5575;5623;5622;40008	1786	3219	1631.5	1477	5172	1423	2264.5	2114.5	4323	763	621.5	1471	6513.5	4179	5761.5	2080.5	3682	6505.5	7398	4331	3942	5434	4216.5	1009	68033	3401.65
ORTHO004083	Protein of unknown function (DUF1645)	AT3G62630	5634;43231;43227;43226;5575;43229;44424;44464;5623;5622;3674;8150	1787	3290	1958	2129	2097	5351.5	2791.5	2460.5	4387	5034.5	2809.5	7822.5	4738	3815.5	3047.5	3976.5	3589	2199.5	3352	3899.5	3978	3026	5171.5	1958.5	73408.5	3.670.425
ORTHO005054	Zinc finger; C3HC4 type (RING finger) family protein	AT1G68070	5774;44437;44444;44424;44464;5575;5623;5622;5737;44446;44422;43226;43229;5773;43231;43227;98588;31090;16020;98805;8270;46914;46872;43169;43167;5488;3674	1788	1359	1808	1828	4356	2054	3758	1114.5	702.5	3688.5	982	181.5	1352	4770.5	285.5	1429.5	2329.5	8645	9155	284	9155.5	9094.5	3466.5	8828.5	71277	3563.85
ORTHO002172	unknown protein	AT5G22450	9507;9536;43231;43227;43226;5575;43229;44424;44464;5623;5622;44444;5737	1789	1418	1966.5	2144	4356	3511	2080	765	9078	4316.5	669	409.5	1352	8983	6687	2476	8528	8943	2454	2289	2827	1228	969	5913	73478	3673.9
ORTHO003523	Plasma-membrane choline transporter family protein	AT3G15380	90603;30154;48869;44767;32502;8150;44699;44763;9987;5802;98791;44431;44444;44424;44464;5575;5623;5622;5737;44446;44422;43226;43229;5794;43231;43227;12505;31984;9506;5911;30054;55044;5886;16020;71944;10088;10087;9888;48856;15220;8519;15077;22890;8324;15075;22891;22857;5215;3674;6810;51234;51179;55085;44765;1902578;22892;34220;6811;98655;6812;15672;72488;15696;71705;98662;98660;15665;1901618;15871;15850;71702;9524;97218;44426;44462;30312;5618;9505;48364;48513;48731;7275;44707;32501;22622;10051;3002;7389;5634	1790	97	1840.5	1891	112	615.5	1672.5	1581	8983.5	295	2539	2937.5	1352	6358.5	1278.5	136	1545.5	7846	3730.5	4809.5	8697	8049	8869	509	71804.5	3.590.225
ORTHO003879	proline-rich spliceosome-associated (PSP) family protein	AT4G21660	6397;16071;16070;44260;43170;71704;8152;8150;44237;9987;90304;6139;46483;6725;1901360;34641;6807;44238;6396;10467;5829;44444;44424;44464;5575;5623;5622;5737;5634;43231;43227;43226;43229	1791	1206	1644.5	1498	1066.5	866.5	652	8428.5	1328.5	136	1082.5	4162.5	7743	7699.5	8638.5	2476	7568.5	6590	1141	920	1374	3955.5	1203	2229	68194.5	3.409.725
ORTHO005999	sphere organelles protein-related	AT1G13030	5634;43231;43227;43226;5575;43229;44424;44464;5623;5622;30620;17069;3723;3676;1901363;5488;3674;97159;30619;8150	1792	1597	4302.5	6813	4356	2097.5	5693	8612	8766	674	3136.5	5600.5	8605	5378	1081	1606	8154.5	7547.5	8458.5	3254	7568	7972	2412.5	3447.5	100064	5003.2
ORTHO004820	Ras-related small GTP-binding family protein	AT2G44610	5774;44437;44444;44424;44464;5575;5623;5622;5737;44446;44422;43226;43229;5773;43231;43227;98588;31090;16020;98805;5886;71944;5525;35639;1901265;1901363;5488;3674;97159;43168;43167;32550;32549;1882;36094;97367;1883;32561;19001;17076;166;32555;32553;5794;12505;9506;5911;30054;55044;139;44431;5768;5802;98791;31984;5829;5515;32940;46903;44765;6810;51234;51179;8150;1902578;44699;51649;51641;44763;9987	1793	2172	3864.75	5936.5	1689.5	880.5	5746.5	8327.5	3095.5	2880	4732	7296.5	1352	7536	8512	7782	5561	8730.5	2459.5	3600	1661.5	6576.5	6040	2166	94935.5	4.746.775
ORTHO003967	high-affinity nickel-transport family protein	AT2G16800	15675;41;30001;6812;6811;44765;6810;51234;51179;8150;1902578;44699;15099;46915;46873;22890;8324;15075;22891;22857;5215;3674;55085;44763;9987;22892;34220;98655;35444;98662;98660;5886;16020;5575;44464;5623;71944;17004;43623;6461;65003;43933;16043;71840;22607;44085;71822;70271;34622;16021;31224;44425;55114;44710;8152;46872;43169;43167;5488	1794	1682	1339	884	1281	790.5	398	1013.5	160.5	6020	397.5	46	8519	8396.5	9145.5	2476	450	1114.5	188	96	1003	8049	8827.5	3501.5	60592.5	3.029.625
ORTHO003921	Single-stranded nucleic acid binding R3H protein	AT2G40960;AT3G56680	3676;1901363;5488;3674;97159;5634;43231;43227;43226;5575;43229;44424;44464;5623;5622;8150;5737	1795	1515	1307	819	1066.5	994.5	5705.5	1114.5	1430.5	3040	982	367.5	6617.5	4415.5	6092	1830	2937.5	5221.5	4263.5	1391	5903.5	2541	3259.5	1506	59613	2980.65
ORTHO000420_1	3-ketoacyl-acyl carrier protein synthase I	AT5G46290	9570;9532;44435;44444;44424;44464;5575;5623;5622;5737;44446;44422;43226;43229;9536;43231;43227;44434;9507;9941;9526;31967;31975;6633;72330;46394;16053;6082;71704;8152;8150;44281;44710;44699;44763;9987;44237;44283;44711;9058;1901576;44249;19752;43436;32787;6631;44255;6629;44238;8610;16020;16747;16746;16740;3824;3674;4315;4312;10020;9658;9657;6996;16043;71840;43572;48285;9790;44767;32502;48856;7275;44707;32501;9735;9725;9719;50896;10033;42221	1796	710	1198	600	1428.5	3253	652	917.5	800	5847	2216.5	6728.5	1352	9087.5	6581	1175.5	172	6505.5	802.5	773.5	389	6679	616	595.5	55143.5	2.757.175
ORTHO002628	Nse4; component of Smc5/6 DNA repair complex	AT1G51130	6310;6259;44260;43170;71704;8152;8150;44237;9987;90304;6139;46483;6725;1901360;34641;6807;44238;6281;6974;33554;51716;50896;6950;44763;44699;44710;5634;43231;43227;43226;5575;43229;44424;44464;5623;5622;3674;30915;44427;44446;44422;5694;43232;43228;43234;32991;793	1797	3126	905.5	14	2097	3073.5	776.5	602	1839.5	4866.5	4583	29	1352	138	136.5	1202.5	45.5	2199.5	80.5	461.5	239	343	97	248.5	22313.5	1.115.675
ORTHO003438	VIRE2-interacting protein 1	AT1G43700	5634;43231;43227;43226;5575;43229;44424;44464;5623;5622;43565;3677;3676;1901363;5488;3674;97159;7231;71470;71214;9628;50896;8150;51716;9987;6970;6950;33554;7165;50794;50789;65007;7154;44763;44699;44700;23052;9294;9292;44764;51704;5515;3700;1071;2001141;31326;9889;19222;31323;51252;19219;80090;51171;60255;10556;6355;1903506;10468;2000112;51170;6913;16482;46907;6810;51234;51179;51649;51641;51169;45596;48523;48519;45595;50793;51093;5829;44444;5737;51019;19901;19900;19899;8272;15698;6820;6811;44765;1902578;72348;9970;9267;31669;31667;9991;9605;31668;71496;42594	1798	2682	2863	3928	4356	8600	924	3421	298	6621	5231.5	7968.5	6227	6764.5	6867.5	7782	1980.5	8482.5	2332	2935	2672	1090.5	1072	3103.5	84373	4218.65
ORTHO003845	aspartate aminotransferase	AT2G22250	9094;9095;9073;9072;6725;44237;8152;8150;9987;1901360;71704;6520;1901564;6807;19752;43436;6082;44281;44710;44699;44763;44238;19438;44249;9058;1901362;1901576;8652;46394;16053;44283;44711;1901566;6558;1902221;1901605;1902223;1901607;33853;8483;16769;16740;3824;3674;9507;9536;43231;43227;43226;5575;43229;44424;44464;5623;5622;44444;5737;9570;9532;44435;44446;44422;44434;33854;9793;44702;22414;3006;32502;9790;44767;48856;7275;44707;32501;48316;48608;61458;48731;9791;10154;4069;80130;70546;30170;1901363;5488;97159;48037;43168;43167	1799	1216	1042.5	286	4356	10.5	312	251.5	393.5	502	582	1576.5	1352	5481.5	1244	508.5	2277	8592	2448	78	114	9119	3100.5	8882.5	46825	2341.25
ORTHO002299	Protein of unknown function (DUF288)	AT2G41770;AT3G57420	5794;43231;43227;43226;5575;43229;44424;44464;5623;5622;44444;5737;12505;5768;5802;98791;44431;44446;44422;31984;9507;9536;16757;16740;3824;3674;8152;8150;5634;5618;30312;71944	1800	378	2326.5	2853	248.5	2837	376.5	3301	3117	3547	5057.5	6819	1352	6764.5	8793	267	8420.5	8894	1849	1320	8909	4970.5	664.5	945.5	78204.5	3.910.225
ORTHO005442	unknown protein	AT5G67620	5737;44424;44464;5575;5623;5622;5874;44430;44446;44422;43226;43229;5856;43232;43228;43234;32991;15630;3674	1801	1917	2693	3585	1281	4633.5	6090	2392	1234	2212.5	8924.5	4752.5	3904	7101	8276	2476	4666	5886.5	4914	366.5	4321	4873	3519	1858	82400	4120
ORTHO006153	Encodes HCF243 (high chlorophyll fluorescence); a chloroplast-localized protein involved in the D1 protein stability of the photosystem II complex1.	AT3G15095	10207;43623;6461;65003;43933;16043;71840;8150;9987;22607;44085;71822;70271;34622;19684;6091;44237;8152;15979;5634;43231;43227;43226;5575;43229;44424;44464;5623;5622;3674;9507;9536;44444;5737	1802	2608	2068.5	2335	4356	3406.5	4244.5	3787.5	4645.5	2684.5	1981	6327.5	1352	5815	1209.5	7360.5	2314	8620	2546.5	5887	538	5924	1878.5	4291.5	74813.5	3.740.675
ORTHO003850	Regulator of chromosome condensation (RCC1) family protein	AT5G63860	5515;5488;3674;5085;98772;43547;43087;51336;50790;19222;50789;65007;8150;65009;51345;43085;44093;9893;48518;18298;6464;36211;19538;43170;71704;8152;44238;43412;44267;44260;44237;9987;5829;44444;44424;44464;5575;5623;5622;5737;9411;9416;9314;9628;50896;785;44427;44446;44422;43226;43229;5694;43232;43228;32991;10224;42803;42802;46983;9881;38023;4871;60089;7165;50794;51716;7154;44763;44699;44700;23052;4872;3682;44877;5634;43231;43227;9649;9605;42752	1803	727	3037.5	4272	4356	125.5	6497.5	4670	1916	3547	1144	4111	8966.5	8862.5	6608.5	797.5	2170	7446.5	8485.5	662	8909	7836	2191.5	1297.5	86244	4312.2
ORTHO004773	unknown protein	AT5G40740	51225;70925;6996;16043;71840;8150;9987;22607;44085;7051;226;7010;1902589;44763;44699;7017;22402;7049;71822;43933;6461;65003;70271;51011;8017;32403;44877;5488;3674;5515;15631;8092;9524;44444;44424;44464;5575;5623;5622;5737;51297;31023;70652;5875;44430;44446;44422;43226;43229;5856;43232;43228;43234;32991;15630;5634;43231;43227;5819	1804	2687	1554.5	1305	1812	892	5048.5	2614.5	3471	8168.5	4522.5	6027	4555.5	3815.5	2396.5	1606	1482.5	7637	1726.5	3396.5	2280	1154	3271	2121	66186	3309.3
ORTHO003659	Major facilitator superfamily protein	AT3G01350;AT5G14940	5886;16020;5575;44464;5623;71944;6810;51234;51179;8150;5215;3674;16021;31224;44425;6857;15833;42886;71705;44765;1902578;44699;71702;9624;51707;43207;9605;50896;9607;51704;15171;46943;8514;8509;15075;22891;22857;55085;44763;9987;22892;34220;6811;98656;6820;15711;5342;1903825;15849;46942;3333;6865	1805	2361	4307	6809	1689.5	7241	3025	3421	9044	1626.5	1623	2291.5	1352	8884.5	6560	2476	1482.5	8496.5	8485.5	8661.5	2672	8111.5	8641.5	5913	100008.5	5.000.425
ORTHO001315_1	O-fucosyltransferase family protein	AT3G03810	16757;16740;3824;3674;8152;8150;9507;9536;43231;43227;43226;5575;43229;44424;44464;5623;5622;44444;5737;10197;741;48284;6996;16043;71840;9987;6997;9559;30154;48869;44767;32502;44699;44763;9561;44707;32501;9553;48229;7275;48856;5794;12505;48868;3006;22414;9856;44703;51704;44706	1806	874	3198	4590	672.5	2604.5	924	602	9176	4750	5254	7515.5	1352	5045.5	599	1429.5	6648.5	8821	2214	3013.5	3195.5	8861	8919	6850.5	87775	4388.75
ORTHO006602	NagB/RpiA/CoA transferase-like superfamily protein	AT5G24400	9570;9532;44435;44444;44424;44464;5575;5623;5622;5737;44446;44422;43226;43229;9536;43231;43227;44434;9507;2229;98542;6952;6950;50896;8150;51707;43207;9605;9607;51704;2239;3824;3674;8152;5975;71704;44238;6098;51156;19637;6793;44237;9987;1901135;6796;6739;46496;19362;6733;6732;51186;9117;6753;55086;6139;46483;6725;1901360;34641;6807;44281;44710;44699;44763;72524;1901564;19682;6081;19693;71461;51775;5777;42579;42742;9617;42128;42126;43436;6082;2001057;71941;17057;52689;16788;16787;9793;44702;22414;3006;32502;9790;44767;48856;7275;44707;32501;48316;48608;61458;48731;9791;10154;5515;5488	1807	840	1272	737	672.5	1959	74.5	3166	3046	789	17	181.5	1352	8418.5	9172	1073.5	2063	9134.5	2788	2986	12.5	8049	1918	1769	57969	2898.45
ORTHO006957	ARM repeat superfamily protein	AT3G22990	5634;43231;43227;43226;5575;43229;44424;44464;5623;5622;40008;50789;65007;8150;9908;90567;48608;3006;32502;22414;48856;61458;48731;7275;44767;44699;44707;32501;44702;9791;48367;48366;48827;48653;48443;48437;48569;48513;48466;48438	1808	1353	3843	5878	1066.5	726.5	2032.5	3381	2760.5	334.5	7382.5	5795.5	1352	5258.5	766.5	508.5	7513	8139	8406.5	8905.5	8828	8706	8827.5	5007.5	94631.5	4.731.575
ORTHO002049	Plant-specific transcription factor YABBY family protein	AT2G45190	10093;44702;22414;8150;44699;3006;32502;10092;3002;7389;44767;44707;32501;7275;48645;48646;9653;48856;9887;48513;48731;48449;48444;48563;9886;9791;48569;48437;9908;90567;48608;61458;48367;5515;5488;3674;10154;5634;43231;43227;43226;5575;43229;44424;44464;5623;5622;9944;65001;9798;9943;9955;3700;1071;2001141;31326;9889;19222;50789;65007;31323;50794;51252;19219;80090;51171;60255;10556;6355;1903506;10468;2000112;45165;48869;44763;9987;30154;1902183;48509;2000026;50793;51239;10159;9933;48532;48507;9888;9909;48580;48831;2000241;2000024;10450;35266;48589;40007;10229;10158;1708	1809	4011	1683.5	1558	4356	8310	2791.5	6428.5	4953	2496	2653	2160	1352	4244	3265	6712.5	2002.5	2199.5	2972	6397	864.5	1566.5	1405.5	5957	68730	3436.5
ORTHO000487_2	Transcription factor jumonji (jmj) family protein / zinc finger (C5HC2 type) family protein	AT1G30810;AT2G34880;AT4G20400	51213;16491;3824;3674;8152;8150;55114;44710;44699;48573;9648;9416;9314;9628;50896;10228;3006;32502;22414;48608;48856;61458;48731;7275;44767;44707;32501;9791;5634;43231;43227;43226;5575;43229;44424;44464;5623;5622;3700;1071;2001141;31326;9889;19222;50789;65007;31323;50794;51252;19219;80090;51171;60255;10556;6355;1903506;10468;2000112;46872;43169;43167;5488;32453;32452;32451;70988;16577;16570;16569;16568;6325;43933;16043;71840;9987;51276;6996;6464;36211;19538;43170;71704;44238;43412;44267;44260;44237;1902589;44763;6482;8214;34720;70076;6351;34645;9059;1901576;9058;44249;97659;32774;16070;90304;6139;46483;6725;1901360;34641;6807;34654;19438;44271;18130;1901362;10467;9555;48229;9793;44702;9790;48316;10154;34721;34647;9909;48580;2000026;50793;51239;48831;2000241;976;1990837;3690;43566;3677;3676;1901363;97159;43565;44212;975;1067;10216;6259;45892;1903507;1902679;51253;10605;9892;48519;45934;51172;31324;48523;31327;9890;10558;10629;2000113;5654;44428;44446;44422;31981;70013;43233;31974;9910;48581;51241;51093;2000242;5515	1810	1356	1863.5	1917	1066.5	3386.5	2032.5	7409.5	4740.5	1926.5	4404	1576.5	1352	5318	960	508.5	1711.5	7801.5	2662	6274.5	8760.5	5213.5	1705	4291.5	72034.5	3.601.725
ORTHO001167	methylenetetrahydrofolate reductase 2	AT2G44160;AT3G59970;AT4G35740	55114;44710;8152;8150;44699;35999;46653;6760;6732;51186;44237;9987;42558;46483;6725;1901360;71704;1901564;6807;43603;34641;1901605;6520;19752;43436;6082;44281;44763;44238;6575;6730;5634;43231;43227;43226;5575;43229;44424;44464;5623;5622;4489;16646;16645;16491;3824;3674;6555;96;6790;9066;5829;44444;5737;43138;3678;4386;17111;16462;16818;16817;16787;32508;32392;71103;51276;6996;16043;71840;9378;46872;43169;43167;5488;5524;35639;1901265;1901363;97159;43168;32559;30554;17076;166;36094;32555;32553;97367;32550;32549;1882;1883;36310;97617;3676;733;6259;44260;43170;90304;6139;6310;8026;42623;16887;70035	1811	495	1226.5	642	672.5	505	1560	1289.5	1625	334.5	513.5	1854	8754.5	6971	8838	976.5	450	6737.5	2778	4809.5	643	1310	3329.5	2940	56219	2810.95
ORTHO005025	unknown protein	AT1G61900	5886;16020;5575;44464;5623;71944;46658;31226;44459;44425;31224;31225;5739;43231;43227;43226;43229;44424;5622;44444;5737;9506;5911;30054;55044;3674;8150	1812	1403	3079	4346	4356	3684	924	3450	9094	1642.5	982	8855.5	1352	8825.5	6560	797.5	901	8889	2843.5	1667	8438.5	7871	6989	2850	86616	4330.8
ORTHO005241	RING/U-box superfamily protein	AT1G32530;AT2G35330	8270;46914;46872;43169;43167;5488;3674;5515;5737;44424;44464;5575;5623;5622	1813	2667	1974.5	2136	4356	8095.5	1173.5	1361	1328.5	4322.5	2809.5	6171.5	1352	8576.5	7258.5	2476	4346.5	4507	315	518	4384	5924	5171.5	3340.5	73431.5	3.671.575
ORTHO001694	Mannose-6-phosphate isomerase; type I	AT1G67070;AT3G02570	5737;44424;44464;5575;5623;5622;9298;19673;9225;6139;46483;44237;8152;8150;9987;6725;1901360;71704;34641;6807;44238;1901135;9226;1901137;1901576;9058;34654;19438;44249;44271;18130;1901362;4476;16861;16860;16853;3824;3674;7568;44767;32502;44699;10043;10038;10035;42221;50896;1990267;9744;34285;9743;10033;1901700;9646;9642;9416;9314;9628;8270;46914;46872;43169;43167;5488;19853;46394;16053;6082;44281;44710;44763;44283;44711;19752;43436;46364;5996;44723;5975;16051;42364;6767;6766;9110;19852;33591;33273;7584;31667;9991;9605;34284;1101;46686;46680;14070;17085;9636;32025;9793;44702;22414;3006;9790;48856;7275;44707;32501;48316;48608;61458;48731;9791;10154	1814	2012	3223.5	4633	4356	2672	1881	1114.5	702.5	698.5	1810	2038	8205.5	7779.5	8793	2476	6208.5	6388.5	7353.5	5519.5	6810.5	7061.5	7818	2699.5	88030	4401.5
ORTHO000651_1	Protein kinase superfamily protein	AT2G23080;AT3G50000;AT5G67380	2001020;80135;50794;50789;65007;8150;80134;48583;6281;6259;44260;43170;71704;8152;44237;9987;90304;6139;46483;6725;1901360;34641;6807;44238;6974;33554;51716;50896;6950;44763;44699;44710;4674;4672;16301;16772;16740;3824;3674;16310;6796;6793;16773;6468;6464;36211;19538;43412;44267;6325;43933;16043;71840;51276;6996;5634;43231;43227;43226;5575;43229;44424;44464;5623;5622;5524;35639;1901265;1901363;5488;97159;43168;43167;32559;30554;17076;166;36094;32555;32553;97367;32550;32549;1882;1883;10332;10212;9314;9628;10225;9411;9416;7623;48511;51726;5829;44444;5737;5515;5886;16020;71944	1815	1865	1148	481	1281	838.5	512	310.5	1545.5	1058	669	1576.5	1352	8704	9073.5	2476	1526.5	6440	1164.5	366.5	914	6679	1918	5007.5	52131.5	2.606.575
ORTHO002741	DNA-binding bromodomain-containing protein	AT2G44430;AT3G57980;AT3G60110	3677;3676;1901363;5488;3674;97159;3682;44877;5634;43231;43227;43226;5575;43229;44424;44464;5623;5622	1816	3944	2341.25	2866.5	4356	1959	1457	2185	1198	7298.5	4107	8132.5	3973.5	6764.5	4842.5	7419	2287	5944.5	5502	1747	1641.5	8486	3030.5	319.5	78294.5	3.914.725
ORTHO001784_2	Carbohydrate-binding X8 domain superfamily protein	AT1G09460	NA	1817	2932	2767	3717	4356	7932.5	3327	6507.5	8178.5	6401	2539	3422.5	4955.5	3815.5	3047.5	6712.5	5962.5	5518	284	3933	3539	1466	3438.5	2121	83101	4155.05
ORTHO001516	endoplasmatic reticulum retrieval protein 1B	AT2G21600;AT4G39220	5623;5575;5794;43231;43227;43226;43229;44424;44464;5622;44444;5737;12505;16021;31224;44425;16020;5739;3674;6890;48193;1902582;46907;6810;51234;51179;8150;51649;51641;44765;1902578;44699;16192;5783;5801	1818	3978	5329	8840	4356	7583.5	8364	2750.5	5144	4095	8934.5	9035	8898	5223.5	599	6712.5	1155.5	7801.5	8940.5	8478	2770	9002	9037	9018	123542	6177.1
ORTHO001012_1	Core-2/I-branching beta-1;6-N-acetylglucosaminyltransferase family protein	AT5G15050;AT5G39990	16020;5575;5794;43231;43227;43226;43229;44424;44464;5623;5622;44444;5737;12505;8375;8194;16757;16740;3824;3674;8152;8150;16758;15020;16051;44723;5975;71704;44238;44710;44699;1901576;9058;44711;5886;71944;16049;40007;44763;9987	1819	650	1326	833	248.5	2710	262	676	931	1674	271.5	907	1352	9108.5	6791	976.5	2261.5	8297	8930	78	12.5	8879	2458	3340.5	59916	2995.8
ORTHO002323	GDP-D-mannose 3';5'-epimerase	AT5G28840	5829;44444;44424;44464;5575;5623;5622;5737;3824;3674;8152;8150;51287;50662;48037;5488;166;36094;1901265;1901363;97159;19853;46394;16053;6082;71704;44281;44710;44699;44763;9987;44237;44283;44711;9058;1901576;44249;19752;43436;46364;5996;44723;5975;44238;16051;42364;6767;6766;9110;19852;9225;6139;46483;6725;1901360;34641;6807;1901135;47918;16857;16854;16853	1820	2133	1462.5	1105	4356	1089	1985	1912	5144	402.5	8737.5	998	6397.5	4415.5	6007	1830	3471	5101.5	4205.5	4211	569	1910	3967	1414.5	63767.5	3.188.375
ORTHO006575	RNA-binding KH domain-containing protein	AT1G09660	3723;3676;1901363;5488;3674;97159;8150;5634;43231;43227;43226;5575;43229;44424;44464;5623;5622	1821	2358	1571	1321	1689.5	2629	1011	6428.5	6823.5	896.5	3136.5	6120	3617	4415.5	5856	1606	3264.5	5056.5	3385	1320	3719.5	1466	3519	2121	66391	3319.55
ORTHO001891	NAD(P)-binding Rossmann-fold superfamily protein	AT2G23910;AT4G30470	3824;3674;8152;8150;50662;48037;5488;9809;9808;9698;19748;44710;44699;6725;44237;9987;1901360;71704;44763;9699;19438;44249;9058;1901362;1901576;44550;44711;16621;16620;16903;16491;55114;80167;9628;50896;5575;5634;43231;43227;43226;43229;44424;44464;5623;5622	1822	1658	3827	5832	1281	1777	1881	2000	8467	3464	2992.5	4018.5	1352	9013	6687	2476	831.5	7028	7764.5	5929.5	6810.5	8260	8609.5	5007.5	94369	4718.45
ORTHO005765	alpha/beta-Hydrolases superfamily protein	AT1G52700;AT3G15650	2084;42159;42157;19538;43170;71704;8152;8150;44238;30163;9057;1901575;9056;98734;98732;43412;35601;6464;36211;44267;44260;44237;9987;5737;44424;44464;5575;5623;5622;52689;16788;16787;3824;3674;8474;16790;98599	1823	4094	5110.5	8398	2375	7583.5	5163.5	7084	1234	4146	8924.5	8194	1352	6764.5	7017.5	7782	5561	4982.5	6056.5	6632	6578.5	7147.5	8026.5	3635.5	113865.5	5.693.275
ORTHO001093	Peroxidase superfamily protein	AT2G18140;AT2G18150;AT4G36430;AT5G66390	46872;43169;43167;5488;3674;42744;42743;72593;44237;8152;8150;9987;44712;9056;44710;44699;44763;44248;20037;46906;1901363;97159;5576;5575;55114;4601;16684;16491;3824;16209;5618;30312;44464;5623;71944;6979;6950;50896;9624;51707;43207;9605;9607;51704;9809;9808;9698;19748;6725;1901360;71704;9699;19438;44249;9058;1901362;1901576;44550;44711	1824	2741	2448	3072	4356	3375	1393	1709	4365	7666.5	4909.5	4841.5	1352	6076	1389	1996.5	9074	8939.5	2546.5	2966.5	1909	7897.5	2171	5007.5	79584.5	3.979.225
ORTHO004491	GDA1/CD39 nucleoside phosphatase family protein	AT4G19180	10584;10208;45229;16043;71840;8150;9987;10927;44767;32502;44699;22607;44085;44763;48646;9653;48856;32989;48869;85029;30198;43062;9555;48229;7275;44707;32501;16021;31224;44425;5575;16020;5524;35639;1901265;1901363;5488;3674;97159;43168;43167;32559;30554;17076;166;36094;32555;32553;97367;32550;32549;1882;1883;5634;43231;43227;43226;43229;44424;44464;5623;5622;9901;9900;44702;22414;48609;32504;3;48653;3006;48443;48827;48367;48731;48437;48569;48513;9908;90567;48608;61458;9791;48466;48438;16787;3824;8152	1825	2128	3250	4675	4356	7207	2528	7491.5	931	1409.5	1810	998	1352	7850	8893	2476	8117.5	6471	8281	5519.5	6810.5	5924	1523.5	2699.5	88292.5	4.414.625
ORTHO004996	embryonic cell protein 63	AT2G36640;AT3G53040	9793;44702;22414;8150;44699;3006;32502;9790;44767;48856;7275;44707;32501;48316;48608;61458;48731;9791;10154;5829;44444;44424;44464;5575;5623;5622;5737;10227;9838;48437;48569;48513;9908;90567;48367	1826	3049	3723.5	5621	2097	1658.5	3129.5	1581	7748	2615.5	8871	4162.5	6316	6764.5	6867.5	7782	7809	4673.5	4607.5	4392	5061.5	4067	1878.5	3179.5	93164.5	4.658.225
ORTHO006834	Late embryogenesis abundant (LEA) hydroxyproline-rich glycoprotein family	AT4G01410	5886;16020;5575;44464;5623;71944;4871;60089;3674;7165;50794;50789;65007;8150;51716;9987;50896;7154;44763;44699;44700;23052;46658;31226;44459;44425;31224;31225;9506;5911;30054;55044;6952;6950	1827	1897	3804	5781	4356	8560	8661.5	1912	702.5	1058	1981	3218	8929.5	5726	1404.5	1830	7777	8139	8858.5	326.5	153.5	9002	9121.5	6669	94030	4701.5
ORTHO003407	tubby like protein 7	AT1G53320	5829;44444;44424;44464;5575;5623;5622;5737;3700;1071;3674;2001141;31326;9889;19222;50789;65007;8150;31323;50794;51252;19219;80090;51171;60255;10556;6355;1903506;10468;2000112;5634;43231;43227;43226;43229;9620;51707;43207;9605;50896;9607;51704;44212;975;3677;3676;1901363;5488;97159;1067;9536;8081;42578;16788;16787;3824;8152;5886;16020;71944;9555;48229;7275;44767;32502;44699;44707;32501;48856;35091;5543;8289;43168;43167	1828	1935	2806.5	3785	4356	8627.5	2328.5	2114.5	4551	4458.5	1082.5	6240	4030.5	7536	8512	797.5	8542.5	5886.5	1164.5	4956.5	5903.5	3111.5	1453	2166	83462.5	4.173.125
ORTHO001014_1	galacturonosyltransferase 11	AT1G18580	45489;271;5976;5975;71704;8152;8150;44238;43170;16051;44723;44710;44699;1901576;9058;44711;9059;45488;10393;139;98588;31090;16020;5575;44422;43226;43227;44431;44444;44424;44464;5623;5622;5737;44446;43229;5794;43231;12505;16021;31224;44425;71555;45229;16043;71840;9987;71554;47262;8194;16757;16740;3824;3674;16758	1829	1441	1829	1829	4356	679	512	9116	393.5	4645.5	4793.5	6629	1352	5878	2163.5	1975.5	1711.5	8920.5	2831.5	2230.5	1287.5	8413.5	4693	3055	71280.5	3.564.025
ORTHO000440_1	xylosyltransferase 1	AT3G62720;AT4G02500	5802;98791;44431;44444;44424;44464;5575;5623;5622;5737;44446;44422;43226;43229;5794;43231;43227;12505;31984;6486;44763;9987;8150;44699;6464;36211;19538;43170;71704;8152;44238;43412;44267;44260;44237;43413;70085;44723;5975;44710;9101;9100;1901135;34645;9059;1901576;9058;44249;1901137;16757;16740;3824;3674;35252;8194;42285;16763;10411;6073;44042;5976;44264;44262;10410;10383;44036;71554;271;16051;44711;9969;9250;33692;34637;16758;5768;48767;60560;48589;44767;32502;40007;9653;48856;48588;16049;48468;48869;30154;80147;48765;10053;90627;10015;48364;48513;48731;7275;44707;32501;22622;90558;9888;48764;48469;21700;10054;5515;5488;33843	1830	1728	4114.5	6399	1584.5	3768.5	3327	4670	8748.5	3122	9130	5667	4148	5401	1168.5	6712.5	2365	7295.5	2030.5	5277	7254	7923.5	2570	6949.5	97528	4876.4
ORTHO006715	Ribosomal protein L10 family protein	AT1G25260	42254;22613;44085;71840;8150;6412;43043;43604;43603;34641;6807;8152;44237;9987;44271;44249;9058;6518;1901564;71704;1901566;1901576;44267;19538;43170;44238;44260;34645;9059;10467;22626;44445;44444;44424;44464;5575;5623;5622;5737;5829;5840;30529;32991;43232;43228;43226;43229;3735;5198;3674;5634;43231;43227	1831	2483	3992.25	6153.5	5552	3351.5	3129.5	7290.5	1691	2702	2129.5	8178.5	3888.5	6971	7258.5	7782	5685	5886.5	1051.5	4956.5	5903.5	7725	6413.5	4117.5	96111.5	4.805.575
ORTHO005649	SNARE associated Golgi protein family	AT2G02370	3674;8150;5886;16020;5575;44464;5623;71944	1832	2093	1770.5	1709	4356	4410.5	924	6741	6225	4887	1810	2131	6397.5	4560	6007	1830	7850.5	5056.5	3730.5	270.5	3800.5	980	876	1546.5	70034	3501.7
ORTHO003877	Terpenoid synthases superfamily protein	AT2G18620;AT4G36810	33386;16114;6721;6720;44255;6629;71704;8152;8150;44710;44699;44238;44763;9987;44237;8299;8610;1901576;9058;44711;44249;33385;6644;19637;6793;6796;8654;90407;46872;43169;43167;5488;3674;16117;16109;16108;46148;42440;16116;4311;4659;16765;16740;3824;33384;33383;45337;45338;4337;9507;9536;43231;43227;43226;5575;43229;44424;44464;5623;5622;44444;5737;4161;5515;43693;43692;42214;46246;9513	1833	2456	1378.5	924	4356	8825	177	33.5	1133	3007	1810	409.5	1352	6358.5	6092	7419	226.5	7181.5	2599.5	1094	740.5	9002	3141.5	627	61229	3061.45
ORTHO006149	movement protein binding protein 2C	AT5G08120	10497;10496;6810;51234;51179;8150;9987;43622;30865;7010;6996;16043;71840;31122;226;1902589;44763;44699;7017;71822;43933;9414;9415;9628;50896;1101;42221;10035;1901700;6950;15630;5856;43232;43228;43226;5575;43229;44424;44464;5623;5622;5634;43231;43227;51607;2252;2376;9615;51707;43207;9605;9607;51704;98542;6952;5515;5488;3674;10375;3002;7389;44767;32502;44707;32501;7275	1834	768	1631.5	1429	672.5	103	5545	336	1328.5	720	865	212.5	4114	6764.5	8793	2476	450	6808.5	4485	2289	7925	6920	6538.5	988.5	67662	3383.1
ORTHO002573	Lipase/lipooxygenase; PLAT/LH2 family protein	AT2G22170;AT4G39730	5576;5575;3674;9507;9536;43231;43227;43226;43229;44424;44464;5623;5622;44444;5737;9579;8150;16020;5886;71944;9535;55035;42651;34357;44436;44435;44446;44422;31976;31984;44434;9534;5773;5774;44437;98588;31090;98805	1835	1683	1374	913	4356	2501	1881	917.5	4474.5	1970.5	1623	1576.5	6731.5	4415.5	6137	1830	3891.5	5221.5	4441	4392	569	2328.5	4564	1580.5	61046	3052.3
ORTHO005581	Cysteine proteinases superfamily protein	AT3G45310;AT5G60360	6508;19538;43170;71704;8152;8150;44238;5576;5575;8234;70011;8233;16787;3824;3674;51603;44257;30163;9057;1901575;9056;44265;44260;44237;9987;44248;44267;5764;323;5773;43231;43227;43226;43229;44424;44464;5623;5622;44444;5737;6955;2376;50896;4197;4175;5615;44421;7568;44767;32502;44699;9723;9725;9719;10033;42221	1836	3366	5205	8574	2097	390.5	1358	9087	8509.5	8168.5	9098	8595.5	4058.5	5523.5	1109.5	6712.5	8172.5	7151.5	8447.5	2124.5	7786.5	8362	7244	5222.5	117122	5856.1
ORTHO004553	interactor of constitutive active rops 1	AT1G17140;AT1G78430	2000012;51049;32879;50789;65007;8150;5886;16020;5575;44464;5623;71944;90404;35838;51286;60187;30427;44463;42995;90406;3674;5634;43231;43227;43226;43229;44424;5622;5576	1837	3728	4169.5	6502	5748	2260.5	6021	3203	8467	6097	4121.5	6701	3977.5	5596	1184.5	3976.5	1450	6896	8228.5	1747	6908	8330.5	8609.5	4413.5	98188.5	4.909.425
ORTHO001918	RAB GTPase homolog A2B	AT1G07410	5525;35639;1901265;1901363;5488;3674;97159;43168;43167;32550;32549;1882;36094;97367;1883;32561;19001;17076;166;32555;32553;9504;44444;44424;44464;5575;5623;5622;5737;5768;43231;43227;43226;43229;12505;10008;98588;31090;16020;44422;44440;44446;98805;5794;5886;71944	1838	2818	1726.5	1615	4356	3489.5	2032.5	1912	2743.5	5953	4558	6651.5	1352	6764.5	6867.5	7782	92	6737.5	1423.5	518	3870	2213.5	1072	3103.5	69136	3456.8
ORTHO004359	Phototropic-responsive NPH3 family protein	AT3G22104	5886;16020;5575;44464;5623;71944;16567;32446;70647;6464;36211;19538;43170;71704;8152;8150;44238;43412;44267;44260;44237;9987	1839	2791	3203	4567	4356	4506.5	3129.5	7084	2202	1318	8892.5	3872	1352	6764.5	7017.5	7782	7897.5	5720	4715	4392	3870	1910	1918	3340.5	87683.5	4.384.175
ORTHO002019	CCCH-type zinc fingerfamily protein with RNA-binding domain	AT2G05160;AT3G52980	8150;3723;3676;1901363;5488;3674;97159;46872;43169;43167;166;36094;1901265;5634;43231;43227;43226;5575;43229;44424;44464;5623;5622;4518;16788;16787;3824;8152;90305;90304;6139;46483;44237;9987;6725;1901360;71704;34641;6807;44238;43170;3677;9505;5618;30312;71944	1840	1062	1619	1398	944.5	9	3628.5	1013.5	393.5	821	804.5	3108	1352	5045.5	409	508.5	8766.5	7846	1731.5	8975	1909	9112.5	3080.5	8828.5	67342.5	3.367.125
ORTHO006688	NAD(P)-binding Rossmann-fold superfamily protein	AT4G13250	9507;9536;43231;43227;43226;5575;43229;44424;44464;5623;5622;44444;5737;16021;31224;44425;16020;9535;55035;42651;34357;44436;9579;44435;44446;44422;31976;31984;44434;9534;16491;3824;3674;8152;8150;55114;44710;44699;5515;5488;15996;6787;51187;51186;44237;9987;44248;9056;6778;33013;46483;6725;1901360;71704;1901564;6807;33015;19439;44270;34641;1901361;1901575;1901565;46700;44763;46149;44712;42440;15994;34256;16616;16614;10304;44257;30163;19538;43170;44238;9057;44265;44260;44267	1841	909	2392.5	2944	672.5	2385.5	739	1389	8892.5	502	4650	653	8966.5	8862.5	6639	797.5	630	8683.5	1862	2289	2836.5	8285	8470.5	1324	78857	3942.85
ORTHO000732	Exostosin family protein	AT1G27440;AT5G61840	71555;45229;16043;71840;8150;9987;71554;10417;45492;45491;10410;10383;5976;5975;71704;8152;44238;43170;44036;44260;44237;70592;33692;271;16051;44723;44710;44699;1901576;9058;44711;9059;34637;44262;44763;44249;44264;34645;44038;70589;44085;42546;10413;16020;5575;16021;31224;44425;139;98588;31090;44422;43226;43227;44431;44444;44424;44464;5623;5622;5737;44446;43229;5794;43231;12505;42285;16763;16757;16740;3824;3674;9834;9832;71669;80116;15020;8194;16758;5768;5802;98791;31984;47517	1842	1274	1496.5	1151	1066.5	285	512	310.5	1328.5	4667	544	1576.5	1352	7954.5	8995	976.5	3493.5	6808.5	4715	105.5	934.5	7567	6854	5433.5	64413	3220.65
ORTHO000522	RNA-binding (RRM/RBD/RNP motifs) family protein	AT1G51520;AT3G21100;AT3G51950;AT5G12440	3676;1901363;5488;3674;97159;8150;5634;43231;43227;43226;5575;43229;44424;44464;5623;5622;166;36094;1901265;3723;3677;46872;43169;43167;4518;16788;16787;3824;8152;90305;90304;6139;46483;44237;9987;6725;1901360;71704;34641;6807;44238;43170	1843	1647	2879	3915	1281	2054	4457	3534.5	9177	2524.5	319	7616	1352	4850	343	508.5	2436.5	8955.5	9051	3659	2770	8900	2965	8828.5	84301	4215.05
ORTHO000363_2	LEUNIG_homolog	AT2G32700	3713;3712;989;988;3674;1903506;2001141;31326;9889;19222;50789;65007;8150;31323;50794;51252;19219;80090;51171;60255;10556;6355;10468;2000112;9414;9415;9628;50896;1101;42221;10035;1901700;6950;9624;51707;43207;9605;9607;51704;9733;9725;9719;10033;10192;10191;44237;8152;9987;44249;9058;5634;43231;43227;43226;5575;43229;44424;44464;5623;5622;5515;5488;80001;44702;22414;44699;48609;32504;3;32501;9845;44707;90351;9791;44767;32502;7275;48316;48608;3006;48856;61458;48731;10154;48359;10214;9944;65001;7389;9798;9943;9955;3002;9617;9827;42545;71555;45229;16043;71840;71554;9664;71669;2000024;48831;2000026;50793;51239;45892;1903507;1902679;51253;10605;9892;48519;45934;51172;31324;48523;31327;9890;10558;10629;2000113;1901001;48585;48583;1901000;47484;80134;6351;34645;44260;43170;71704;9059;1901576;97659;32774;16070;90304;6139;46483;6725;1901360;34641;6807;44238;34654;19438;44271;18130;1901362;10467;45893;10628;10604;9893;48518;1903508;1902680;51254;45935;31325;48522;51173;31328;9891;10557;1902183;48509;6974;33554;51716;46898;14070;97305;1901654;10243;1901698;9909;48580;2000241;1666;36293;70482;48358;48363;45488;10393;5976;5975;45489;271;16051;44723;44710;44711;10073;48507;9888;48513;1902074;71217;71496;71216;9611;9620;9790;9908;90567;48367;30154;48869;44763;6979;45995;10272;10038;1990267	1844	1880	2043	2242	1479.5	4827.5	6055.5	2044	4060.5	1346	3366.5	5347.5	6397.5	6475	7667.5	1307	3399	3949	3301	2033	3231.5	4471.5	3867.5	1070.5	74217.5	3.710.875
ORTHO000508	Protein of unknown function (DUF668)	AT1G30755;AT1G34320;AT5G08660	5634;43231;43227;43226;5575;43229;44424;44464;5623;5622;8150;5886;16020;71944;9507;9536;44444;5737;5739	1845	2535	1708.75	1572.5	4356	923	575	203.5	1916	4759	2809.5	2597	1352	9108.5	6243.5	7782	9020.5	7547.5	888	1129.5	1362	596	1523.5	8491	68827	3441.35
ORTHO007602	Protein of unknown function (DUF760)	AT3G07310	9507;9536;43231;43227;43226;5575;43229;44424;44464;5623;5622;44444;5737;8150;3674	1846	2570	2625.5	3405	1689.5	1658.5	4528.5	2392	1328.5	7183	1981	4752.5	7377.5	6764.5	7082.5	2476	4666	5886.5	4914	419.5	4445	5376	4521	3721	81473.5	4.073.675
ORTHO002188	Ubiquitin system component Cue protein	AT5G32440	5634;43231;43227;43226;5575;43229;44424;44464;5623;5622	1847	3024	3581	5315	2097	8518.5	1204	3625.5	2940	8934.5	5603.5	5931	1352	5508.5	1040.5	6712.5	8387	9080.5	4328.5	1584.5	144.5	8127.5	2104	6456	91583	4579.15
ORTHO004522	Arabidopsis NAC domain containing protein 87	AT5G18270	5634;43231;43227;43226;5575;43229;44424;44464;5623;5622;6355;1903506;2001141;31326;9889;19222;50789;65007;8150;31323;50794;51252;19219;80090;51171;60255;10556;10468;2000112;3677;3676;1901363;5488;3674;97159;7275;44767;32502;44699;44707;32501;6351;34645;44260;43170;71704;8152;44237;9987;9059;1901576;9058;44249;97659;32774;16070;90304;6139;46483;6725;1901360;34641;6807;44238;34654;19438;44271;18130;1901362;10467;5737;3700;1071	1848	816	1631.5	1415	4356	4259	2528	1013.5	931	5864.5	744	8441	1352	6764.5	8677	976.5	2195	6590	4016	4586	1744	4873	1072	885.5	67512.5	3.375.625
ORTHO003462	Ribose 5-phosphate isomerase; type A protein	AT1G71100;AT2G01290	5737;44424;44464;5575;5623;5622;5829;44444;9052;19682;6081;71704;8152;8150;44763;9987;44699;44237;44710;19637;6793;1901135;6796;19693;6098;51156;6739;46496;19362;6733;6732;51186;9117;6753;55086;6139;46483;6725;1901360;34641;6807;44238;44281;72524;1901564;80167;9628;50896;46109;46132;46131;9119;9116;1901657;6213;72527;46134;72528;44271;44249;9058;18130;1901362;1901576;1901566;9163;1901659;1901137;44711;34654;19438;42455;46108;4751;16861;16860;16853;3824;3674;30244;51274;9250;33692;271;5976;5975;43170;16051;44723;9059;34637;44262;44264;44260;34645;6073;44042;51273;30243;8219;16265;10228;3006;32502;22414;48608;48856;61458;48731;7275;44767;44707;32501;9791	1849	1624	1589.5	1330	1281	3253	3327	4312	1954.5	4407.5	2809.5	4566	3942	7343.5	8359	2476	5329.5	330	55.5	366.5	155	5924	5617	2003.5	66531	3326.55
ORTHO001073_2	ubiquitin-conjugating enzyme 23	AT2G16920	4842;19787;16740;3824;3674;8152;8150;16567;32446;70647;6464;36211;19538;43170;71704;44238;43412;44267;44260;44237;9987;16874;5737;44424;44464;5575;5623;5622;5524;35639;1901265;1901363;5488;97159;43168;43167;32559;30554;17076;166;36094;32555;32553;97367;32550;32549;1882;1883;5634;43231;43227;43226;43229;5829;44444	1850	926	1517.5	1185	4356	4946.5	4918.5	2460.5	2069	5834	3136.5	4018.5	7121	4662.5	6305	1606	523	6145	1311	2749	445	1985	3171	1414.5	64821.5	3.241.075
ORTHO006753	GDSL-like Lipase/Acylhydrolase superfamily protein	AT3G48460	16788;16787;3824;3674;8152;8150;5576;5575;16042;44712;9056;44710;44699;6629;71704;44238;1901575	1851	1830	2016.5	2182	4356	186.5	6478	917.5	2828	1674	4374.5	1338	1352	7699.5	8726.5	2476	80.5	8196	1942.5	2059.5	8438.5	6759.5	5826.5	2382	73735.5	3.686.775
ORTHO001840	aspartate kinase 3	AT3G02020;AT5G13280;AT5G14060	5524;35639;1901265;1901363;5488;3674;97159;43168;43167;32559;30554;17076;166;36094;32555;32553;97367;32550;32549;1882;1883;9088;9067;9066;1901605;6520;1901564;71704;8152;8150;6807;19752;43436;6082;44281;44710;44699;44763;9987;44237;44238;1901607;8652;46394;16053;44283;44711;9058;1901576;44249;1901566;6566;9507;9536;43231;43227;43226;5575;43229;44424;44464;5623;5622;44444;5737;9089;9085;6553;46451;43648;4072;16774;16772;16740;3824;19202;16301;16310;6796;6793;16597;31406;43177;9570;9532;44435;44446;44422;44434	1852	2397	1437.5	1023	1281	4598.5	6117.5	1114.5	702.5	3896	1981	147	6397.5	4415.5	6007	508.5	3521.5	5221.5	3792	1094	4023	1910	4100.5	3179.5	62727.5	3.136.375
ORTHO003965	plasmodesmata callose-binding protein 3	AT1G18650;AT5G61130	8150;1872;30247;1871;5488;3674;30246;9506;5911;30054;5575;55044;5886;16020;44464;5623;71944;31225;31224;44425;46658;31226;44459;9505;5618;30312;52543;52386;42545;71555;45229;16043;71840;9987;71554;70727;51641;51179;33036;52545;33037	1853	4076	1023.5	194	5121	3684	1954	3879.5	800	8446	5124	3578.5	3650.5	138	136.5	3183	2694	261.5	1164.5	2688	158.5	371.5	1121.5	204.5	43238	2161.9
ORTHO001711	Translation protein SH3-like family protein	AT1G09590;AT1G09690;AT1G57660;AT1G57860	22626;44445;44444;44424;44464;5575;5623;5622;5737;5829;5840;30529;32991;43232;43228;43226;43229;6412;43043;43604;43603;34641;6807;8152;8150;44237;9987;44271;44249;9058;6518;1901564;71704;1901566;1901576;44267;19538;43170;44238;44260;34645;9059;10467;3735;5198;3674;22625;15934;44391;44446;44422;5730;44428;5634;43231;43227;31981;70013;43233;31974;9507;9536	1854	2705	1470	1086	1522.5	1839.5	5362.5	2322	298	8063.5	3526	5347.5	1352	4134.5	4462	2914	7953	5944.5	2809	2206.5	628.5	1045	2749.5	571.5	63529	3176.45
ORTHO004243	Apoptosis inhibitory protein 5 (API5)	AT1G29030;AT2G34040	8150;5829;44444;44424;44464;5575;5623;5622;5737;9506;5911;30054;55044;5634;43231;43227;43226;43229	1855	2189	1508	1161	1281	176	360	4266	393.5	3706.5	1312.5	581	1352	4616	6425.5	6712.5	4942.5	5518	4914	284	5903.5	3955.5	5407	3721	64547	3227.35
ORTHO005905	Ypt/Rab-GAP domain of gyp1p superfamily protein	AT3G02460;AT5G15930	5634;43231;43227;43226;5575;43229;44424;44464;5623;5622;5737	1856	2534	1798.5	1741	4356	961.5	4785	7084	1625	184	1623	1471	6397.5	3815.5	5254.5	1830	4252.5	5221.5	4756.5	3899.5	5637	3026	4927.5	3565	70316.5	3.515.825
ORTHO005466	Ribosomal protein L1p/L10e family	AT3G63490	9570;9532;44435;44444;44424;44464;5575;5623;5622;5737;44446;44422;43226;43229;9536;43231;43227;44434;9507;9535;55035;42651;34357;16020;44436;9579;31976;31984;9534;9941;9526;31967;31975;15934;44391;30529;32991;5840;43232;43228;3735;5198;3674;6412;43043;43604;43603;34641;6807;8152;8150;44237;9987;44271;44249;9058;6518;1901564;71704;1901566;1901576;44267;19538;43170;44238;44260;34645;9059;10467;5634;19843;3723;3676;1901363;5488;97159	1857	1606	3804.5	5752	1281	3726.5	2080	1547.5	8634	334.5	621.5	1576.5	8410.5	7996	9046	2476	6925.5	6737.5	1290	5002	8019	7637.5	8609.5	3179.5	93849.5	4.692.475
ORTHO003276	Protein of unknown function (DUF1421)	AT4G28300	5634;43231;43227;43226;5575;43229;44424;44464;5623;5622;8150;3674	1858	1540	1477	1096	1584.5	3658	187.5	3345.5	3095.5	3494	5277.5	2729	1352	7448.5	8404	2476	2230.5	8564.5	2324.5	1129.5	2086.5	2433.5	1478.5	1958.5	63673.5	3.183.675
ORTHO001838	Cytosol aminopeptidase family protein	AT2G24200;AT4G30910;AT4G30920	6508;19538;43170;71704;8152;8150;44238;5773;43231;43227;43226;5575;43229;44424;44464;5623;5622;44444;5737;4177;8238;70011;8233;16787;3824;3674;9570;9532;44435;44446;44422;9536;44434;9507;46686;10038;10035;42221;50896;8235;8237;30145;46914;46872;43169;43167;5488;5829;10150;10260;7568;44767;32502;44699;48513;48856;48731;7275;44707;32501;48366;48827;48367	1859	692	2205	2551	672.5	7169.5	961	129.5	3340.5	8647.5	319	9070	2769	6144.5	6444.5	2080.5	6298	9028	8593.5	2665	1339	611	335	493	76438	3821.9
ORTHO004821	Reticulon family protein	AT3G10260	5634;43231;43227;43226;5575;43229;44424;44464;5623;5622;5789;98588;31090;16020;44422;44432;44444;5737;44446;5783;12505;44425;42175;16021;31224;5739	1860	1174	1048	236	1066.5	113	117.5	765	2	184	621.5	5810	1352	5481.5	1244	508.5	80.5	8557.5	2361.5	3774.5	1840	9104	2977	8	44902	2245.1
ORTHO004771	P-loop containing nucleoside triphosphate hydrolases superfamily protein	AT1G80350	51013;7017;44763;9987;8150;44699;5515;5488;3674;8017;32403;44877;15631;8092;10091;904;902;32989;16043;71840;9653;32502;48856;48869;44767;48468;30154;10090;10026;90558;9888;90626;5737;44424;44464;5575;5623;5622;5874;44430;44446;44422;43226;43229;5856;43232;43228;43234;32991;15630;43622;30865;7010;6996;31122;226;1902589;71822;43933;9832;42546;44085;71554;71669;5524;35639;1901265;1901363;97159;43168;43167;32559;30554;17076;166;36094;32555;32553;97367;32550;32549;1882;1883;9825;16049;40007	1861	1427	3605.5	5350	4356	5904	2528	1013.5	2465.5	1409.5	5549	8441	1352	7850	8793	2476	1102.5	6440	7435.5	4586	6810.5	7120.5	7818	2699.5	91794	4589.7
ORTHO000363_1	LisH dimerisation motif	AT4G32551	80001;44702;22414;8150;44699;48609;32504;3;32501;9845;44707;90351;9791;44767;32502;7275;48316;48608;3006;48856;61458;48731;10154;48359;10191;44237;8152;9987;10214;1902183;48509;2000026;50793;50789;65007;51239;9909;48580;48831;2000241;51512;48639;45927;48518;40008;51094;48638;30307;1558;51128;50794;48522;51130;51510;22604;22603;5515;5488;3674;9414;9415;9628;50896;1101;42221;10035;1901700;6950;9611;9620;51707;43207;9605;9607;51704;9733;9725;9719;10033;71217;71496;71216;51716;45892;1903507;1903506;2001141;31326;9889;19222;31323;51252;19219;80090;51171;60255;10556;1902679;51253;10605;9892;48519;45934;51172;31324;48523;31327;9890;10558;10629;10468;6355;2000112;2000113;6974;33554;9617;1666;36293;70482;9624;5634;43231;43227;43226;5575;43229;44424;44464;5623;5622;10393;5976;5975;71704;44238;43170;10073;48507;9888;48513;10272;10038;1990267;2000024;6979;46898;14070;97305;1901654;10243;1901698;45995;9908;90567;48367;5737;9944;65001;7389;9798;9943;9955;3002;46982;46983;1902074	1862	1440	2138.5	2415	3586.5	6761.5	2881	3147.5	2611.5	6247	2992.5	5741.5	4034.5	8825.5	5836.5	1175.5	3183	1311.5	381.5	4727.5	3417.5	7109	3740.5	1371.5	75496.5	3.774.825
ORTHO005747	proton gradient regulation 5	AT2G05620	9534;31976;9579;44424;44464;5575;5623;5622;31984;44446;44422;43226;43229;43227;44435;44444;5737;9536;43231;44434;9507;9535;55035;42651;34357;16020;44436;71484;71482;9416;9314;9628;50896;8150;71478;71214;51716;9987;9642;9773;9767;22900;6091;44237;8152;55114;44710;44699;44763;19684;15979;9055;3674;5515;5488;9414;9415;1101;42221;10035;1901700;6950;10117;9644	1863	1953	1993	2123	4356	3351.5	875.5	7084	5754	2284	3136.5	307.5	3904	6971	8276	2476	4408.5	5569	1004.5	971	4384	5603	5171.5	1858	73389.5	3.669.475
ORTHO005074	sigma factor A	AT1G64860	6355;1903506;2001141;31326;9889;19222;50789;65007;8150;31323;50794;51252;19219;80090;51171;60255;10556;10468;2000112;71482;9416;9314;9628;50896;71478;71214;51716;9987;6352;32774;9059;43170;71704;8152;1901576;9058;16070;44260;44237;90304;6139;46483;6725;1901360;34641;6807;44238;34654;19438;44249;44271;18130;1901362;6351;34645;97659;10467;80005;10109;5515;5488;3674;3700;1071;9507;9536;43231;43227;43226;5575;43229;44424;44464;5623;5622;44444;5737;16987;996;990;988;3677;3676;1901363;97159;1053;3899;34062;16779;16772;16740;3824;71461;51775	1864	793	3059	4254	672.5	739.5	6430	917.5	1481	3176.5	2402	4949	4206	5175	915	1429.5	5194	7728	8200	2734	8738	8566.5	8775	4413.5	86170	4308.5
ORTHO002513	chromatin-remodeling protein 11	AT3G06400;AT5G18620	5829;44444;44424;44464;5575;5623;5622;5737;16584;34728;6325;43933;16043;71840;8150;9987;51276;6996;71824;71822;31497;65003;22607;44085;6333;6323;71103;16589;31010;70603;44428;44446;44422;43226;43229;5634;43231;43227;43234;32991;3677;3676;1901363;5488;3674;97159;16049;40007;44763;44699;4386;17111;16462;16818;16817;16787;3824;8152;10228;3006;32502;22414;48608;48856;61458;48731;7275;44767;44707;32501;9791;5515;8094;42623;16887;5524;35639;1901265;43168;43167;32559;30554;17076;166;36094;32555;32553;97367;32550;32549;1882;1883;31491;32403;44877;3682;9553;48229	1865	734	1472.5	1080	672.5	2170	398	765	6493	4362.5	513.5	119.5	1352	7213.5	9022.5	2476	2170	6854.5	1878.5	1094	8909	5308.5	1203	1156	63459	3172.95
ORTHO001571	Major facilitator superfamily protein	AT1G33440;AT1G59740	6810;51234;51179;8150;5215;3674;16021;31224;44425;5575;16020;6857;15833;42886;71705;44765;1902578;44699;71702;5886;44464;5623;71944;9624;51707;43207;9605;50896;9607;51704	1866	675	1494	1122	672.5	2837	345	279.5	98	1709.5	32	6171.5	1352	6764.5	8793	976.5	3192	8397.5	1501	2880.5	2203.5	6952	6538.5	2940	63963.5	3.198.175
ORTHO005334	FUNCTIONS IN: molecular_function unknown	AT1G76660	5886;16020;5575;44464;5623;71944;5634;43231;43227;43226;43229;44424;5622;8150;3674	1867	1139	2558.5	3250	4356	3844	5075.5	4734	1430.5	969	2129.5	551.5	8675.5	5142.5	693	508.5	1746.5	7821.5	1210.5	5002	8873.5	8723	7404.5	6057.5	80592.5	4.029.625
ORTHO003810	Rad23 UV excision repair protein family	AT1G16190;AT1G79650	6289;6281;6259;44260;43170;71704;8152;8150;44237;9987;90304;6139;46483;6725;1901360;34641;6807;44238;6974;33554;51716;50896;6950;44763;44699;44710;43161;10498;51603;6508;19538;44257;30163;9057;1901575;9056;44265;44248;44267;6511;19941;43632;6284;5515;5488;3674;5737;44424;44464;5575;5623;5622;5634;43231;43227;43226;43229;43130;32182;31593;70628;32403;44877;3684;3677;3676;1901363;97159	1868	3370	1913	1958	2097	8957.5	2627.5	1963.5	8259	6020	1981	1198.5	5338.5	1375.5	3265	6712.5	4135	2199.5	122.5	4060.5	864.5	4169	6467.5	2575	72292	3614.6
ORTHO001072	Ribosomal protein L7Ae/L30e/S12e/Gadd45 family protein	AT3G62870	22626;44445;44444;44424;44464;5575;5623;5622;5737;5829;5840;30529;32991;43232;43228;43226;43229;5774;44437;44446;44422;5773;43231;43227;98588;31090;16020;98805;6412;43043;43604;43603;34641;6807;8152;8150;44237;9987;44271;44249;9058;6518;1901564;71704;1901566;1901576;44267;19538;43170;44238;44260;34645;9059;10467;22625;15934;44391;42254;22613;44085;71840;3735;5198;3674	1869	3517	4299.5	6730	2097	1821.5	4742	6323	2570.5	7967.5	3749	6651.5	5740	6475	6791	7782	8323.5	4400	4016	5816	4321	2923.5	2341	6801.5	99555.5	4.977.775
ORTHO006506	Homeodomain-like superfamily protein	AT3G10760	3677;3676;1901363;5488;3674;97159;6355;1903506;2001141;31326;9889;19222;50789;65007;8150;31323;50794;51252;19219;80090;51171;60255;10556;10468;2000112;3682;44877;3700;1071;5634;43231;43227;43226;5575;43229;44424;44464;5623;5622	1870	3088	955	40	2097	151	1428	676	4014	6785.5	5148.5	164.5	1352	138	136.5	3183	110	298	2000.5	2409.5	158.5	424.5	1181	265.5	30024.5	1.501.225
ORTHO005692	unknown protein	AT4G22320	8150;3674;5634;43231;43227;43226;5575;43229;44424;44464;5623;5622	1871	333	1380	889	672.5	528.5	575	834.5	867	402.5	1211	2851	4180	8884.5	6687	267	4252.5	7073	472.5	1268.5	7386	4612.5	6989	1324	60666	3033.3
ORTHO000839_1	O-acetyltransferase family protein	AT1G29890;AT2G34410;AT5G46340	9834;9832;42546;44085;71840;8150;71554;9987;71669;5794;43231;43227;43226;5575;43229;44424;44464;5623;5622;44444;5737;12505;16740;3824;3674;8152;45492;45491;10410;10383;5976;5975;71704;44238;43170;44036;44260;44237;70592;33692;271;16051;44723;44710;44699;1901576;9058;44711;9059;34637;44262;44763;44249;44264;34645;44038;70589;16413;16407;16747;16746;8374;9507;9536;5739	1872	1494	1652	1432	1066.5	8440.5	6395	3758.5	2301	2059	2539	4351.5	6316	4486	5907.5	1830	8351	5221.5	967.5	773.5	992	868	779	1344.5	67681	3384.05
ORTHO001212	Pyruvate kinase family protein	AT3G22960	9570;9532;44435;44444;44424;44464;5575;5623;5622;5737;44446;44422;43226;43229;9536;43231;43227;44434;9507;6096;6090;32787;19752;43436;6082;71704;8152;8150;44281;44710;44699;44763;9987;44237;44724;44712;9056;44723;5975;44238;16052;1901575;6757;6091;46031;9150;6163;72521;46483;6725;1901360;34641;6807;1901564;9117;6753;19637;6793;55086;6139;6796;9259;19693;1901135;9179;9185;9132;9135;9167;9161;9123;9126;46128;9119;9116;1901657;42278;46034;9205;9144;9141;9199;6165;46939;16310;46496;19362;6733;6732;51186;72524;5524;35639;1901265;1901363;5488;3674;97159;43168;43167;32559;30554;17076;166;36094;32555;32553;97367;32550;32549;1882;1883;16301;16772;16740;3824;6629;287;46872;43169;46686;10038;10035;42221;50896;4743;16773;30955;31420;10431;44702;22414;48609;32504;3;32501;3006;32502;21700;44767;48316;48608;48856;61458;48731;7275;44707;9791;10154	1873	1272	1432	991	1436	9049.5	6021	2114.5	3855	5797.5	74.5	5699	1352	9143	6537	1175.5	7615.5	398	67	2347	440.5	268	43.5	195	62193	3109.65
ORTHO001371	Ribosomal protein L18ae/LX family protein	AT2G34480;AT3G14600	6412;43043;43604;43603;34641;6807;8152;8150;44237;9987;44271;44249;9058;6518;1901564;71704;1901566;1901576;44267;19538;43170;44238;44260;34645;9059;10467;22625;15934;44391;30529;32991;5575;44424;44464;5623;5622;44444;5737;44446;44422;43226;43229;5840;43232;43228;44445;5829;22626;44822;3723;3676;1901363;5488;3674;97159;3735;5198;5774;44437;5773;43231;43227;98588;31090;16020;98805;5886;71944;42254;22613;44085;71840;9506;5911;30054;55044	1874	3430	4437	7000	4356	7116	8704	1426	2202	7012	3426.5	6947.5	3751.5	6764.5	7017.5	7782	5561	4982.5	5502	8214	202.5	5059	2239	7453	101362.5	5.068.125
ORTHO004529	regulatory particle non-ATPase 12A	AT1G64520;AT5G42040	5634;43231;43227;43226;5575;43229;44424;44464;5623;5622;9736;9755;7165;50794;50789;65007;8150;51716;9987;50896;7154;44763;44699;44700;23052;32870;9725;9719;10033;42221;71495;71310;70887;71368;9735;51788;35966;6950;9908;90567;48608;3006;32502;22414;48856;61458;48731;7275;44767;44707;32501;44702;9791;48367;43161;10498;51603;6508;19538;43170;71704;8152;44238;44257;30163;9057;1901575;9056;44265;44260;44237;44248;44267;6511;19941;43632;48366;48827;31540;31537;80090;19222;9962;9889;9647;9646;9642;9416;9314;9628;9941;9526;31967;31975;44446;44422;44435;44444;5737;9536;44434;9507;5515;5488;3674;48825;9793;9790;48316;10154;48528;48364;48513;22622;48569;5829;8541;43234;32991;5838;22624;502;43248;43623;6461;65003;43933;16043;71840;22607;44085;71822;70271;34622;9733;9408;9266;8233;16787;3824	1875	1686	2085.5	2296	1281	2557.5	6595	488	8656.5	1094.5	804.5	5395	4109	5972.5	3521.5	7360.5	2314	8470.5	2310.5	1764.5	1063.5	7725	2214	2229	74645.5	3.732.275
ORTHO006311	dicarboxylate diiron protein; putative (Crd1)	AT3G56940	15995;6779;51188;51186;44237;8152;8150;9987;44249;9058;6778;33013;46483;6725;1901360;71704;1901564;6807;33014;19438;44271;34641;18130;1901362;1901576;1901566;46148;42440;44710;44699;44711;44763;15994;9535;55035;42651;34357;16020;5575;44436;44424;44464;5623;5622;9579;44435;44444;5737;44446;44422;43226;43229;9536;43231;43227;31976;31984;44434;9507;9534;55114;15979;9706;9528;19866;31090;31967;31975;42170;9526;31969;9941;3677;3676;1901363;5488;3674;97159;1901401;51171;19222;50789;65007;31323;50794;48529;16709;16705;16491;3824;4497;9658;9657;6996;16043;71840;5515;46872;43169;43167	1876	456	1454.5	1033	672.5	2964.5	376.5	112.5	7455	334.5	3749	4467	1352	9141	6867.5	1073.5	2268.5	7728	1031	78	1469.5	8533	2239	1546.5	62786.5	3.139.325
ORTHO004205	Major facilitator superfamily protein	AT2G44280;AT3G60070	8150;3674;5575;16020	1877	1859	1465	1053	4356	3929	715.5	310.5	8484.5	1256.5	1623	6027	1352	7996	9046	2476	74	6085	1232	366.5	992	6648	1594	2940	63147.5	3.157.375
ORTHO005984	photosystem I light harvesting complex gene 1	AT3G54890	9534;31976;9579;44424;44464;5575;5623;5622;31984;44446;44422;43226;43229;43227;44435;44444;5737;9536;43231;44434;9507;18298;6464;36211;19538;43170;71704;8152;8150;44238;43412;44267;44260;44237;9987;15979;9535;55035;42651;34357;16020;44436;9941;9526;31967;31975;9522;9521;98796;43234;32991;44425;16021;31224;9765;6091;19684;30076;16168;46906;1901363;5488;3674;97159;10218;9639;9416;9314;9628;50896;10287;9570;9532;9523;9768;10114;9637;31409	1878	461	1364.5	851	672.5	2981	6132	488	239.5	879.5	1082.5	3775.5	1352	5770	2702.5	797.5	8300	7949	1232	860	2439.5	8861	2412.5	1825	60079	3003.95
ORTHO005797	BES1/BZR1 homolog 2	AT4G36780	6355;1903506;2001141;31326;9889;19222;50789;65007;8150;31323;50794;51252;19219;80090;51171;60255;10556;10468;2000112;5634;43231;43227;43226;5575;43229;44424;44464;5623;5622	1879	3926	2896.5	3914	2097	3466.5	2190	6741	7183.5	3412.5	8701	8284.5	1352	3815.5	3265	6712.5	2581.5	2199.5	122.5	6960	4833.5	4067	5826.5	2575	84289.5	4.214.475
ORTHO005801	unknown protein	AT1G32260	5739;43231;43227;43226;5575;43229;44424;44464;5623;5622;44444;5737;3674;8150	1880	2778	2321	2762	4356	3351.5	5345.5	1389	1916	2124.5	8984.5	6171.5	3831	6971	7195	2476	1396.5	5720	358	3495.5	773.5	6429	5762.5	3920	77610.5	3.880.525
ORTHO005518	RHO-related protein from plants 9	AT4G28950	7264;35556;7165;50794;50789;65007;8150;51716;9987;50896;7154;44763;44699;44700;23052;5576;5575;9738;9755;32870;9725;9719;10033;42221;71495;71310;70887;71215;9737;33993;97305;1901700;1101;71396;97306;1901701;71229;5525;35639;1901265;1901363;5488;3674;97159;43168;43167;32550;32549;1882;36094;97367;1883;32561;19001;17076;166;32555;32553;5622;44464;5623;5886;16020;71944	1881	1449	1993.5	2106	1066.5	2214.5	6606.5	2044	2202	582	2539	6518	1352	4969	511.5	1429.5	2351.5	8139	2972	1509.5	9128	8723	2412.5	7075	73278.5	3.663.925
ORTHO004269	P-loop containing nucleoside triphosphate hydrolases superfamily protein	AT5G22330	9507;9536;43231;43227;43226;5575;43229;44424;44464;5623;5622;44444;5737;43141;43139;3678;4386;17111;16462;16818;16817;16787;3824;3674;8152;8150;32508;32392;71103;51276;6996;16043;71840;9987;4003;8094;42623;16887;8026;70035;5634;5829;5524;35639;1901265;1901363;5488;97159;43168;43167;32559;30554;17076;166;36094;32555;32553;97367;32550;32549;1882;1883;5730;44428;44446;44422;43232;43228;31981;70013;43233;31974;2000072;1900150;31347;80134;48583;50789;65007;43900;32101;2831;45088;50776;2682;9908;90567;48608;3006;32502;22414;48856;61458;48731;7275;44767;44699;44707;32501;44702;9791;48367;48507;9888;48513;5515	1882	431	1503	1124	3586.5	3548	3863.5	2647.5	635	8168.5	210.5	2038	1352	6125.5	6291	797.5	630	9069.5	2997	1747	2392	8676.5	2770	44	64003	3200.15
ORTHO001754	Ribosomal protein L10 family protein	AT2G40010;AT3G09200;AT3G11250	42254;22613;44085;71840;8150;6414;34645;44260;43170;71704;8152;44237;9987;9059;1901576;9058;44249;6412;43043;43604;43603;34641;6807;44271;6518;1901564;1901566;44267;19538;44238;10467;5515;5488;3674;22626;44445;44444;44424;44464;5575;5623;5622;5737;5829;5840;30529;32991;43232;43228;43226;43229;3735;5198;5886;16020;71944;5730;44428;44446;44422;5634;43231;43227;31981;70013;43233;31974;9506;5911;30054;55044;9651;6970;9628;50896;6950;9507;9536;9735;9725;9719;10033;42221;9409;9266;48046;5576;46686;10038;10035;5507;46914;46872;43169;43167;10043;1990267	1883	1140	2434	2985	1066.5	2054	7128.5	765	1328.5	1058	1623	5218.5	4210.5	5045.5	638	508.5	1855	8080	9008	5160	1178	8814.5	8663.5	6732.5	79069.5	3.953.475
ORTHO001357	RAN GTPase activating protein 1	AT3G63130;AT5G19320	5634;43231;43227;43226;5575;43229;44424;44464;5623;5622;5886;16020;71944;5635;44428;44446;44422;31967;31975;12505;9507;9536;44444;5737;5096;8047;30234;98772;3674;50790;19222;50789;65007;8150;65009;43085;44093;9893;48518;30695;60589;43547;43087;51336;51345;5515;5488;9504;910;22402;44763;9987;44699;7049;51301;32153;6606;17038;15031;45184;51234;51179;8104;33036;71702;6810;44765;1902578;6886;46907;51649;51641;34613;70727;34504;33365;1902580;1902593;1902582;51170;6913;16482;51169;72594;44744;6605;31965;31090;9524;5783;5774;44437;5773;98588;98805;9651;6970;9628;50896;6950;5819;44430;5856;43232;43228;15630	1884	3165	1901.5	1919	2097	6085.5	2951	2250	4452.5	2284	8701	1198.5	5338.5	3815.5	3265	1606	1266	2199.5	552.5	4060.5	4833.5	4067	6413.5	6732.5	72072.5	3.603.625
ORTHO003230	ARF-GAP domain 13	AT4G05330;AT4G21160	5634;43231;43227;43226;5575;43229;44424;44464;5623;5622;46872;43169;43167;5488;3674;8270;46914;9555;48229;7275;44767;32502;8150;44699;44707;32501;48856;5096;8047;30234;98772;50790;19222;50789;65007;65009;43085;44093;9893;48518;30695;60589;43547;43087;51336;51345;6886;15031;45184;51234;51179;8104;33036;71702;6810;46907;51649;51641;34613;70727;5773;44444;5737;5886;16020;71944;5543;8289;43168;5794;12505	1885	3699	3937	5989	4356	9154	3025	2460.5	1042.5	5497	2402	6316	6895.5	6971	7195	7782	8238.5	1227	315	8590.5	7166	5376	1640	3920	95213.5	4.760.675
ORTHO002677	membrane-anchored ubiquitin-fold protein 4 precursor	AT3G26980;AT4G24990	3674;5886;16020;5575;44464;5623;71944	1886	2236	2518.5	3151	1281	2170	4118.5	6573	7325.5	698.5	5331	7740	6316	4415.5	5907.5	6712.5	3399	4809.5	598.5	3563	3675	1613	3686	1344.5	79996.5	3.999.825
ORTHO004323	3-ketoacyl-acyl carrier protein synthase III	AT1G62640	4315;4312;16747;16746;16740;3824;3674;8152;8150;9570;9532;44435;44444;44424;44464;5575;5623;5622;5737;44446;44422;43226;43229;9536;43231;43227;44434;9507;6633;72330;46394;16053;6082;71704;44281;44710;44699;44763;9987;44237;44283;44711;9058;1901576;44249;19752;43436;32787;6631;44255;6629;44238;8610;33818	1887	1387	1606	1325	1066.5	4389	2032.5	4208	7561.5	607.5	582	1471	7121	4560	6267.5	508.5	831.5	5824	1523.5	4527	5637	3374.5	3614.5	1825	66465.5	3.323.275
ORTHO003238	AAA-type ATPase family protein	AT1G14460;AT2G02480	5886;16020;5575;44464;5623;71944;5634;43231;43227;43226;43229;44424;5622;5663;44427;44446;44422;5694;43232;43228;43234;32991;5657;6281;6259;44260;43170;71704;8152;8150;44237;9987;90304;6139;46483;6725;1901360;34641;6807;44238;6974;33554;51716;50896;6950;44763;44699;44710;3689;33170;8094;42623;16887;17111;16462;16818;16817;16787;3824;3674;3677;3676;1901363;5488;97159;10091;904;902;32989;16043;71840;9653;32502;48856;48869;44767;48468;30154;10090;10026;90558;9888;90626	1888	446	1400	912	63.5	7116	512	1114.5	2202	1189	8964.5	4877	1352	4760	295	44.5	1642	8107	1141	727.5	3978	8197.5	4292	528	61039.5	3.051.975
ORTHO000983	ribosomal protein 1	AT1G43170;AT1G61580	22626;44445;44444;44424;44464;5575;5623;5622;5737;5829;5840;30529;32991;43232;43228;43226;43229;16020;22625;15934;44391;44446;44422;5730;44428;5634;43231;43227;31981;70013;43233;31974;27;22618;71826;43933;16043;71840;8150;9987;34622;65003;22607;44085;22613;42255;70925;6996;42254;42273;5774;44437;5773;98588;31090;98805;5886;71944;44822;3723;3676;1901363;5488;3674;97159;6412;43043;43604;43603;34641;6807;8152;44237;44271;44249;9058;6518;1901564;71704;1901566;1901576;44267;19538;43170;44238;44260;34645;9059;10467;9506;5911;30054;55044;5618;30312;3735;5198;9793;44702;22414;44699;3006;32502;9790;44767;48856;7275;44707;32501;48316;48608;61458;48731;9791;10154	1889	197	1560	1231	407	6149	859	2660	3568	2654.5	4740	2937.5	1352	9037	7713.5	1175.5	1973	8128	1118.5	1980	1963	6612.5	488.5	234.5	65344	3267.2
ORTHO003401	2-oxoglutarate (2OG) and Fe(II)-dependent oxygenase superfamily protein	AT1G77330	55114;44710;8152;8150;44699;9693;9692;43449;1900673;71704;44237;9987;43450;1900674;1901576;9058;44249;46872;43169;43167;5488;3674;31418;31406;43177;36094;43168;48029;30246;19842;9815;16641;16638;16491;3824;5737;44424;44464;5575;5623;5622;6952;6950;50896;16706;16705;51213	1890	449	1188	486	3586.5	444.5	2032.5	52	3649	855	5260	4949	1352	6170.5	6267.5	2080.5	1816.5	9028	2719.5	2903	1398	636	578	29	52220.5	2.611.025
ORTHO004822	Aluminium induced protein with YGL and LRDR motifs	AT5G19140	5737;44424;44464;5575;5623;5622;5886;16020;71944;6541;9064;1901605;6520;1901564;71704;8152;8150;6807;19752;43436;6082;44281;44710;44699;44763;9987;44237;44238;5829;44444;10044;10038;10035;42221;50896;9733;9725;9719;10033	1891	2998	2557.5	3224	1522.5	6723	1294.5	2044	6124	5641.5	5577	5372	1352	8456.5	8359	2914	7630.5	3949	7464	586	3179	2061	728.5	1009	80464.5	4.023.225
ORTHO002483	Small nuclear ribonucleoprotein family protein	AT3G07590;AT4G02840	387;22618;71826;43933;16043;71840;8150;9987;34622;65003;22607;44085;22613;398;6397;16071;16070;44260;43170;71704;8152;44237;90304;6139;46483;6725;1901360;34641;6807;44238;6396;10467;377;375;8380;245;97526;97525;30532;44428;44446;44422;5575;43226;44424;44464;5623;5622;43229;5634;43231;43227;30529;32991;3723;3676;1901363;5488;3674;97159;5686;5829;44444;5737;5774;44437;5773;98588;31090;16020;98805;71010;5681;5685;5689;34719;43234;34715;71013;71011;243;5684;5732;5682;5687;5730;43232;43228;31981;70013;43233;31974;19013;44423;19012;19028	1892	3160	4075.5	6259	4356	4474	4341	2545	1625	8231.5	7886	4162.5	3650.5	6601.5	6867.5	7782	1221.5	4507	4864	7747	4946	6576.5	5497.5	3179.5	96705.5	4.835.275
ORTHO003687	Calcium-dependent ARF-type GTPase activating protein family	AT3G07940	46872;43169;43167;5488;3674;5634;43231;43227;43226;5575;43229;44424;44464;5623;5622;5096;8047;30234;98772;50790;19222;50789;65007;8150;65009;43085;44093;9893;48518;30695;60589;43547;43087;51336;51345;8270;46914	1893	1068	3873	5853	4356	4946.5	3758	8453.5	8423.5	1094.5	1981	5257	9057	5110.5	693	508.5	2452.5	7821.5	2410	6960	8873.5	8398	2239	6057.5	94495	4724.75
ORTHO004170	NAC domain containing protein 83	AT5G13180	3677;3676;1901363;5488;3674;97159;45892;1903507;1903506;2001141;31326;9889;19222;50789;65007;8150;31323;50794;51252;19219;80090;51171;60255;10556;1902679;51253;10605;9892;48519;45934;51172;31324;48523;31327;9890;10558;10629;10468;6355;2000112;2000113;9651;6970;9628;50896;6950;9737;9725;9719;10033;42221;33993;97305;1901700;1101;3700;1071;5634;43231;43227;43226;5575;43229;44424;44464;5623;5622;16032;44764;51704;9987;44403;44419;10150;10260;7568;44767;32502;44699;48513;48856;48731;7275;44707;32501;48366;48827;48367;10089;10087;9888;5515;6351;34645;44260;43170;71704;8152;44237;9059;1901576;9058;44249;97659;32774;16070;90304;6139;46483;6725;1901360;34641;6807;44238;34654;19438;44271;18130;1901362;10467	1894	3140	1910.5	1927	5552	2501	5725.5	6978.5	635	5653	1623	1576.5	6071.5	4244	5254.5	1830	8220	5221.5	4485	549.5	6810.5	596	558	3565	72098	3604.9
ORTHO002558	PHD finger family protein / bromo-adjacent homology (BAH) domain-containing protein	AT4G22140	6355;1903506;2001141;31326;9889;19222;50789;65007;8150;31323;50794;51252;19219;80090;51171;60255;10556;10468;2000112;9911;48582;48580;2000026;50793;51239;51240;48518;51094;2000243;2000241;9909;48831;5634;43231;43227;43226;5575;43229;44424;44464;5623;5622;9845;44707;32501;44699;90351;9791;44767;32502;7275;3677;3676;1901363;5488;3674;97159	1895	4140	3366.5	4838	2375	6898	2080	6323	5144	2770	1312.5	3034.5	3485	3815.5	4233.5	3976.5	4252.5	3580	7435.5	7299	5061.5	4709	6854	6949.5	89213.5	4.460.675
ORTHO002650	peptidyl-prolyl cis-trans isomerases	AT4G17070	6457;9987;8150;5737;44424;44464;5575;5623;5622;413;18208;18193;6464;36211;19538;43170;71704;8152;44238;43412;44267;44260;44237;6979;6950;50896;3755;16859;16853;3824;3674	1896	2415	2886.5	3877	4356	3585	6236.5	1963.5	2505.5	4887	5577	6393	8410.5	5983	1404.5	1996.5	8818.5	6737.5	1552	773.5	5903.5	1827.5	1720	7792.5	84067	4203.35
ORTHO003725	Myzus persicae-induced lipase 1	AT5G14180	2213;9625;51707;43207;9605;50896;8150;9607;51704;98542;6952;6950;16298;16788;16787;3824;3674;8152;4806;52689;5576;5575	1897	460	1153	409	248.5	4865.5	2155	1114.5	1198	402.5	478.5	1471	7498	4662.5	6378.5	136	8092	5788	658	3331	452.5	729	345.5	669.5	50425.5	2.521.275
ORTHO005121	basic pentacysteine 6	AT5G42520	5634;43231;43227;43226;5575;43229;44424;44464;5623;5622;5515;5488;3674;6355;1903506;2001141;31326;9889;19222;50789;65007;8150;31323;50794;51252;19219;80090;51171;60255;10556;10468;2000112;5730;44428;44446;44422;43232;43228;31981;70013;43233;31974;42803;42802;46983;3677;3676;1901363;97159;9723;9725;9719;50896;10033;42221;6351;34645;44260;43170;71704;8152;44237;9987;9059;1901576;9058;44249;97659;32774;16070;90304;6139;46483;6725;1901360;34641;6807;44238;34654;19438;44271;18130;1901362;10467;3700;1071	1898	2324	1113	328	5121	3710	2528	1912	5071	1208.5	3269.5	1889	1352	4321	4705.5	1239.5	7568.5	1440	154	3579.5	3089	688.5	161.5	604.5	48491.5	2.424.575
ORTHO005889	NAD(P)-binding Rossmann-fold superfamily protein	AT1G17890;AT1G73250	42351;42350;46368;9225;6139;46483;44237;8152;8150;9987;6725;1901360;71704;34641;6807;44238;1901135;9226;1901137;1901576;9058;34654;19438;44249;44271;18130;1901362;50577;16616;16614;16491;3824;3674;55114;44710;44699;5737;44424;44464;5575;5623;5622;50662;48037;5488;16853;6005;42353;19319;19318;5996;44723;5975;44281;46364;44283;44711;16051;6004;42354	1899	1938	3302.5	4706	1281	8095.5	6449.5	1484	7325.5	5757	2809.5	2851	7377.5	6971	8240.5	2476	4408.5	5569	1051.5	711.5	4321	5603	5171.5	1858	88531	4426.55
ORTHO002836	S-adenosyl-L-methionine-dependent methyltransferases superfamily protein	AT4G34050	46686;10038;10035;42221;50896;8150;9805;9804;46483;44237;8152;9987;9698;19748;44710;44699;6725;1901360;71704;44763;18130;44249;9058;9699;19438;1901362;1901576;44550;44711;32259;5634;43231;43227;43226;5575;43229;44424;44464;5623;5622;5829;44444;5737;9809;9808;8171;8168;16741;16740;3824;3674;46872;43169;43167;5488;42409;8757	1900	2418	1765.5	1631	1689.5	4561.5	1011	1709	1691	8398	3269.5	7818.5	3784.5	6389.5	8118	2476	1605.5	1780	948.5	1426	3719.5	3111.5	4414.5	3005.5	69237.5	3.461.875
ORTHO003724	Protein of unknown function (DUF630 and DUF632)	AT2G27090	5634;43231;43227;43226;5575;43229;44424;44464;5623;5622;5886;16020;71944;9506;5911;30054;55044	1901	1908	1633.5	1366	1281	961.5	2080	1547.5	3991.5	1970.5	1623	632	6895.5	4486	6192.5	1830	4191.5	5221.5	5502	4527	5637	3026	4843.5	1735.5	66894	3344.7
ORTHO004125	unknown protein	AT3G10120;AT5G03890	3674;5634;43231;43227;43226;5575;43229;44424;44464;5623;5622;8150	1902	3439	4808.5	7715	2097	1500	8930	9049.5	702.5	3637.5	1810	1198.5	7554	7600	7461.5	5325.5	7091.5	6265.5	8228.5	8998	139.5	7897.5	8593.5	4541	106524	5326.2
ORTHO001491_1	Core-2/I-branching beta-1;6-N-acetylglucosaminyltransferase family protein	AT1G03520;AT4G03340	5794;43231;43227;43226;5575;43229;44424;44464;5623;5622;44444;5737;12505;16051;44723;5975;71704;8152;8150;44238;44710;44699;1901576;9058;44711;16020;5634;8375;8194;16757;16740;3824;3674;16758	1903	1944	1733.5	1564	1281	8600	3960	357.5	2849.5	3747.5	9086.5	1576.5	1352	7536	8203.5	2476	2535.5	4595	1706.5	1509.5	5637	678.5	779	1580.5	68766.5	3.438.325
ORTHO003730	Protein of unknown function (DUF668)	AT5G51670	8150;5739;43231;43227;43226;5575;43229;44424;44464;5623;5622;44444;5737	1904	2192	2440.5	2977	1281	2054	3327	3758.5	3366.5	5174	4846	5667	1352	5481.5	1109.5	1606	2723	8526.5	8945	6240	8738	1090.5	1573	3447.5	79025.5	3.951.275
ORTHO006015	MAR binding filament-like protein 1	AT3G16000	9535;55035;42651;34357;16020;5575;44436;44424;44464;5623;5622;9579;44435;44444;5737;44446;44422;43226;43229;9536;43231;43227;31976;31984;44434;9507;9534;42646;9295;43232;43228;9532;5634;3677;3676;1901363;5488;3674;97159;16363;44428;34399;31981;70013;43233;31974	1905	1575	3137	4369	1584.5	1089	550.5	602	8928.5	136	397.5	1374.5	1352	8316	9114	2476	7214.5	7117	8354.5	995	8534	7972	8775	3447.5	86745.5	4.337.275
ORTHO005705	sucrose transporter 4	AT1G09960	15770;15766;15772;8643;44765;6810;51234;51179;8150;1902578;44699;71702;15144;22891;22857;5215;3674;55085;44763;9987;22892;1901476;34219;16020;5575;5887;31226;44459;44464;5623;44425;5886;71944;31224;16021;5985;5984;44262;5975;71704;8152;44238;44237;9311;44723;44710;5773;43231;43227;43226;43229;44424;5622;44444;5737;15293;15291;22804;8515;15154;15157;51119;5801;5351;5402;15294;8324;15075;34220;6811;98655;6812;15295;15992;15672;6818;8506	1906	1108	2222	2538	4356	6313	2703	4424	8207	4244.5	982	2729	1352	6542.5	8638.5	797.5	630	6440	598.5	4258.5	5637	5434	4026	2382	76339	3816.95
ORTHO000662_1	glutamate dehydrogenase 2	AT5G07440	5774;44437;44444;44424;44464;5575;5623;5622;5737;44446;44422;43226;43229;5773;43231;43227;98588;31090;16020;98805;5524;35639;1901265;1901363;5488;3674;97159;43168;43167;32559;30554;17076;166;36094;32555;32553;97367;32550;32549;1882;1883;16491;3824;8152;8150;55114;44710;44699;5739;6520;1901564;71704;6807;19752;43436;6082;44281;44763;9987;44237;44238;9651;6970;9628;50896;6950;46686;10038;10035;42221;5507;46914;46872;43169;8270;50897;4353;16639;16638;4352	1907	1913	4845.5	7784	1689.5	7430.5	1985	8778	8178.5	184	1810	1198.5	8950	8787	6639	2476	8932.5	7677.5	8702.5	8691.5	1440.5	9171	5617	382.5	107031.5	5.351.575
ORTHO007142	alpha/beta-Hydrolases superfamily protein	AT4G19860	9395;6644;19637;71704;8152;8150;6793;44237;9987;44255;6629;44710;44699;44238;44763;6796;44242;16042;44712;9056;1901575;44248;46434;5829;44444;44424;44464;5575;5623;5622;5737;8374;16747;16746;16740;3824;3674;4607;4620;16298;16788;16787	1908	1302	2034	2160	4356	2214.5	6595	2044	8808.5	4385	1981	8763	1352	5613	1040.5	508.5	143.5	7821.5	2851	920	2722.5	8510	2291.5	5007.5	73572.5	3.678.625
ORTHO001319	NPR1-like protein 4	AT4G19660;AT5G45110	16567;32446;70647;6464;36211;19538;43170;71704;8152;8150;44238;43412;44267;44260;44237;9987;9817;9814;98542;6952;6950;50896;51707;43207;9605;9607;51704;45087;6955;2376;50832;9620;9816;42742;9617;5515;5488;3674;2000022;9966;10646;50794;50789;65007;48583;23051;2000031;80185;52559;52558;52555;52552;52564;52173;44403;44419;52255;31347;80134;51817;35821;65008;50776;2682;50778;48584;48518;2684;52556;52553;52572;52200;75136;51701;52031;44003;9627;1901149;33293;31406;43177;36094;43168;43167;97159;5634;43231;43227;43226;5575;43229;44424;44464;5623;5622	1909	1783	3028.5	4148	4356	3334	4341	3698.5	2301	7584	8892.5	3872	3875.5	6764.5	8203.5	797.5	4135	5518	1004.5	3976	4103	4970.5	4806.5	3447.5	85625	4281.25
ORTHO002008	signal recognition particle 54 kDa subunit	AT1G15310;AT1G48900;AT5G49500	5525;35639;1901265;1901363;5488;3674;97159;43168;43167;32550;32549;1882;36094;97367;1883;32561;19001;17076;166;32555;32553;5786;48500;30529;32991;5575;44424;44464;5623;5622;44444;5737;6614;6613;6612;6605;6886;15031;45184;51234;51179;8150;8104;33036;71702;6810;46907;51649;51641;34613;70727;1902582;44765;1902578;44699;90150;72657;44802;61024;16043;71840;9987;44763;1902580;45047;16482;72599;72594;33365;70972;6617;43623;6461;65003;43933;22607;44085;71822;70271;34622;3924;17111;16462;16818;16817;16787;3824;8152;3729;44822;3723;3676;8312;5829;5515	1910	2233	1809	1708	1479.5	8881.5	1457	2684	8.5	5971	3639.5	6575.5	1352	5094.5	400.5	1239.5	1581	8794	4607.5	2206.5	436	8029.5	4693	2382	70033	3501.65
ORTHO008260	Integral membrane Yip1 family protein	AT2G39805	16020;5575;8150;3674	1911	2841	2897	3883	2097	8152	2881	4294	4323	5874.5	4529.5	5600.5	1352	6971	7082.5	2476	7922.5	6217	1290	5400	2485.5	2061	1453	3721	84086	4204.3
ORTHO003509	Phototropic-responsive NPH3 family protein	AT1G67900;AT3G26490	5886;16020;5575;44464;5623;71944;16567;32446;70647;6464;36211;19538;43170;71704;8152;8150;44238;43412;44267;44260;44237;9987;4871;60089;3674;7165;50794;50789;65007;51716;50896;7154;44763;44699;44700;23052;9416;9314;9628	1912	2257	3636	5360	1281	4675.5	1011	2392	9079	8319	5471.5	4670	1352	7343.5	8276	7782	4464.5	5886.5	6265.5	1070.5	708.5	5924	5295.5	1876	91862.5	4.593.125
ORTHO003583	xyloglucan endotransglucosylase/hydrolase 30	AT1G32170	48046;5576;5575;71555;45229;16043;71840;8150;9987;71554;5618;30312;44464;5623;71944;16762;16758;16757;16740;3824;3674;8152;10411;6073;44042;5976;5975;71704;44238;43170;44264;44260;44237;44262;10410;10383;44036;42546;44085;4553;16798;16787	1913	669	1205	497	248.5	3726.5	512	1204.5	553.5	103.5	669	1915.5	4126	6971	8838	976.5	7922.5	6590	658	399	643	4612.5	1035	1131	52587	2629.35
ORTHO005977	Polyketide cyclase/dehydrase and lipid transport superfamily protein	AT1G55960;AT3G13062	8289;5488;3674;8150;5739;43231;43227;43226;5575;43229;44424;44464;5623;5622;44444;5737	1914	1965	1594	1274	1281	7853.5	4341	1013.5	2505.5	2988	4678.5	337.5	1352	5350.5	1040.5	1429.5	2170	8231	2862	971	3185.5	8182	3049	4291.5	65832	3291.6
ORTHO006331	Exostosin family protein	AT1G34270	3824;3674;8152;8150;16020;5575;16740;5794;43231;43227;43226;43229;44424;44464;5623;5622;44444;5737;12505	1915	1354	3067	4219	4356	717.5	4742	1855	8766	1233	5836	4805.5	1352	5926.5	2396.5	797.5	793	7677.5	7644	1486	9083	8676.5	8896.5	3289.5	85973.5	4.298.675
ORTHO005430	Peroxisomal membrane 22 kDa (Mpv17/PMP22) family protein	AT2G14860;AT4G33905	5778;44439;44438;44444;44424;44464;5575;5623;5622;5737;44446;44422;43226;43229;42579;43231;43227;5777;31903;98588;31090;16020;98805;8150;16021;31224;44425;5739	1916	2613	2908.5	3901	4356	1839.5	1118	1823.5	1625	7666.5	3526	6832	8519	6047	1354.5	1996.5	1581	7181.5	7950	635	2779.5	8368.5	8686.5	4678.5	84208	4210.4
ORTHO005381	glyoxalase I homolog	AT1G11840	9941;9526;31967;31975;44464;5575;5623;44446;44422;43226;44424;5622;43229;43227;44435;44444;5737;9536;43231;44434;9507;4462;16846;16829;3824;3674;8152;8150;46686;10038;10035;42221;50896;5773;5829;5739;5886;16020;71944;5777;42579;5975;71704;44238	1917	3752	3429.5	4942	4356	2467	6449.5	2750.5	1839.5	8168.5	3639.5	4566	5740	6601.5	6867.5	7782	7991.5	4507	6897.5	1509.5	4668.5	2923.5	1538	2850	89757	4487.85
ORTHO005909	PDI-like 2-2	AT1G04980;AT2G32920	5783;43231;43227;43226;5575;43229;44424;44464;5623;5622;44444;5737;12505;5788;70013;43233;31974;44422;44446;44432;34976;33554;51716;9987;8150;50896;6950;6457;3756;16864;16860;16853;3824;3674;8152;9505;5618;30312;71944;9507;9536;5794;5773;5886;16020	1918	1852	2215	2512	1281	7895	961	4016	8178.5	1462	4069.5	5667	1352	5350.5	1016	1429.5	8977.5	5720	1989	2008	8909	1466	1661.5	4016	76144	3807.2
ORTHO002509	Phosphoglycerate mutase; 2;3-bisphosphoglycerate-independent	AT1G09780;AT3G08590	9409;9266;9628;50896;8150;6950;5740;44429;44444;44424;44464;5575;5623;5622;5737;44446;44422;43226;43229;5739;43231;43227;31967;31975;6007;6006;19318;5996;44723;5975;71704;8152;44238;44710;44699;44281;19320;46365;44724;44712;9056;16052;1901575;44282;46686;10038;10035;42221;6096;6090;32787;19752;43436;6082;44763;9987;44237;6757;6091;46031;9150;6163;72521;46483;6725;1901360;34641;6807;1901564;9117;6753;19637;6793;55086;6139;6796;9259;19693;1901135;9179;9185;9132;9135;9167;9161;9123;9126;46128;9119;9116;1901657;42278;46034;9205;9144;9141;9199;6165;46939;16310;46496;19362;6733;6732;51186;72524;46537;4619;16868;16866;16853;3824;3674;5829;9507;9536;9506;5911;30054;55044;5886;16020;71944;9555;48229;7275;44767;32502;44707;32501;48856;48046;5576;10118;30145;46914;46872;43169;43167;5488	1919	2284	4907.5	7896	1281	3059.5	4587.5	7409.5	6225	7298.5	9044.5	5053	7743	8747	6331.5	2476	1642	6590	5128	5002	5061.5	7520.5	6989	2166	108074	5403.7
ORTHO001487	mitogen-activated protein kinase kinase kinase 9	AT4G08480;AT4G08500	4672;16301;16772;16740;3824;3674;8152;8150;16310;6796;6793;44237;9987;16773;6468;6464;36211;19538;43170;71704;44238;43412;44267;44260;31347;80134;48583;50789;65007;5524;35639;1901265;1901363;5488;97159;43168;43167;32559;30554;17076;166;36094;32555;32553;97367;32550;32549;1882;1883;5737;44424;44464;5575;5623;5622;5515;1902065;43200;1101;42221;50896;10243;9719;10033;1901698;1901700;9611;6950;165;23014;7165;50794;51716;7154;44763;44699;44700;23052;44710;35556;4709;4702;5057;4871;60089;4674;186;32147;45860;45859;43549;42325;19220;51174;31323;19222;51338;50790;65009;1932;31399;32268;51246;80090;60255;1934;42327;45937;10562;31325;9893;48518;48522;31401;32270;51247;10604;33674;51347;43085;44093;43410;43408;1902531;9966;10646;23051;1902533;9967;10647;48584;23056;9651;6970;9628;5634;43231;43227;43226;43229;9409;9266;46777;3677;3676;46686;10038;10035;22622;48731;48856;32502;7275;44767;44707;32501;10449;35266;48589;40007;48507;9888;48513;48364;19900;19899	1920	1244	3902.5	5885	1066.5	8440.5	6542.5	4734	1916	5245.5	5685.5	5543	8605	5350.5	1063	6712.5	4638.5	7446.5	1004.5	2059.5	1435.5	8197.5	6467.5	3565	94652.5	4.732.625
ORTHO000463_1	O-fucosyltransferase family protein	AT1G20550;AT1G76270;AT4G38390	5794;43231;43227;43226;5575;43229;44424;44464;5623;5622;44444;5737;12505;16757;16740;3824;3674;8152;8150;5802;98791;44431;44446;44422;31984;5768	1921	2754	1008	95	1408	5833.5	1428	3664	460	3317	5148.5	164.5	3856.5	138	136.5	335	2723	451.5	1827	2409.5	2634.5	300.5	1181	571.5	36580	1829
ORTHO003589	WPP domain interacting protein 1	AT4G26455;AT5G56210	6997;6996;16043;71840;8150;9987;5515;5488;3674;9504;44444;44424;44464;5575;5623;5622;5737;5635;44428;44446;44422;43226;43229;5634;43231;43227;31967;31975;12505;42803;42802;46983;46982	1922	578	1424.5	927	63.5	37	1490.5	2985.5	89.5	2025.5	4583	1658	1352	6971	8893	1175.5	7630.5	8304.5	2868	7647	1391	1778.5	303.5	176	61359.5	3.067.975
ORTHO000478	tonoplast monosaccharide transporter1	AT1G20840;AT3G51490;AT4G35300	5774;44437;44444;44424;44464;5575;5623;5622;5737;44446;44422;43226;43229;5773;43231;43227;98588;31090;16020;98805;1901642;15858;1901264;44765;6810;51234;51179;8150;1902578;44699;71702;15931;71705;55085;44763;9987;46323;15758;8645;15749;8643;9705;325;5351;5402;15294;15293;15291;22804;22857;5215;3674;8324;15075;22891;22892;34220;6811;98655;6812;51119;15144;1901476;34219;15295;15992;15672;6818;5887;31226;44459;44425;5886;71944;31224;16021;5355;15149;15145;35428;1904659;5337;1901505;15932;9624;51707;43207;9605;50896;9607;51704;5794;12505	1923	1593	3529	5135	4356	8484	2528	1709	4602.5	3815	1810	6120	8205.5	7850	8893	2476	2049.5	6505.5	1232	4586	8300	5376	1498	4678.5	90718.5	4.535.925
ORTHO008126	unknown protein	AT1G45688	3674;5886;16020;5575;44464;5623;71944;8150;9507;9536;43231;43227;43226;43229;44424;5622;44444;5737	1924	4490	1961	1998	5938.5	2837	5725.5	5813.5	1234	6934	2809.5	2291.5	6071.5	1800.5	4462	6712.5	3682	2199.5	2796	1426	4946	2213.5	2794.5	5806	72555	3627.75
ORTHO002044	DNAse I-like superfamily protein	AT2G48030;AT3G21530	4519;4518;16788;16787;3824;3674;8152;8150;90305;90304;6139;46483;44237;9987;6725;1901360;71704;34641;6807;44238;43170;4527;5634;43231;43227;43226;5575;43229;44424;44464;5623;5622	1925	4151	5237	8549	2375	7563	3430	2460.5	7978	5748	2402	6327.5	6895.5	6971	7162	7782	630	5368	7281	8590.5	7052	7259	7818	7997	116715	5835.75
ORTHO000265_4	chaperonin 60 beta	AT1G55490;AT3G13470;AT5G56500	9570;9532;44435;44444;44424;44464;5575;5623;5622;5737;44446;44422;43226;43229;9536;43231;43227;44434;9507;22626;44445;5829;5840;30529;32991;43232;43228;42026;6457;9987;8150;10319;9526;31967;31975;9409;9266;9628;50896;6950;5886;16020;71944;9941;9627;9814;98542;6952;51707;43207;9605;9607;51704;45087;6955;2376;8219;16265;44699;44763;5524;35639;1901265;1901363;5488;3674;97159;43168;43167;32559;30554;17076;166;36094;32555;32553;97367;32550;32549;1882;1883;5515;51085;51084;6458;61077;48046;5576;5730;44428;5634;31981;70013;43233;31974;5739	1926	2158	3767.5	5609	1281	2672	3430	1013.5	6124	4931	9015.5	1954	7498	7850	8638.5	2476	5404	6085	5851	4848	800.5	6512.5	5826.5	2166	93096	4654.8
ORTHO003822	F-box family protein	AT2G26850;AT2G32560	9507;9536;43231;43227;43226;5575;43229;44424;44464;5623;5622;44444;5737;3674;8150;5576	1927	798	1384.5	842	672.5	3710	162.5	3333.5	4164	4975	56	7439.5	1352	6971	8677	976.5	2597	8880	2575.5	1811	421	585.5	345.5	926.5	59959	2997.95
ORTHO005256	Sphingomyelin synthetase family protein	AT1G43580	9506;5911;30054;5575;55044;8150;3674;5739;43231;43227;43226;43229;44424;44464;5623;5622;44444;5737	1928	1303	1894	1860	1066.5	7543.5	142	2985.5	3490	4617	319	4841.5	1352	5808	1677.5	1830	9094	9028	8900	2092	1398	710	1386	4291.5	71505.5	3.575.275
ORTHO005646	Eukaryotic initiation factor 4E protein	AT5G35620	6413;44237;8152;8150;9987;6412;43043;43604;43603;34641;6807;44271;44249;9058;6518;1901564;71704;1901566;1901576;44267;19538;43170;44238;44260;34645;9059;10467;5515;5488;3674;50687;31348;31347;80134;48583;50789;65007;48585;48519;43901;43900;2832;2831;2698;2683;2682;2697;32102;32101;50688;6417;10608;10468;60255;19222;32268;51246;80090;31323;50794;34248;51171;2000112;31326;9889;10556;9615;51707;43207;9605;50896;9607;51704;5829;44444;44424;44464;5575;5623;5622;5737;5634;43231;43227;43226;43229;340;339;3723;3676;1901363;97159;3743;8135	1929	112	1546	1163	672.5	3054.5	64.5	4009	2804.5	5653	4225	3872	1352	4969	382.5	136	1526.5	8340	1423.5	1532.5	3045	8165	9079.5	945.5	64579.5	3.228.975
ORTHO006829	Serine/threonine-protein kinase WNK (With No Lysine)-related	AT1G60060	5576;5575;16310;6796;6793;44237;8152;8150;9987;16301;16772;16740;3824;3674	1930	1878	3760.5	5591	1281	1089	1818.5	7935.5	1328.5	266	1483.5	1471	8410.5	7996	9073.5	2476	7113.5	7028	8121	6676	957	7814.5	8641.5	3289.5	92989	4649.45
ORTHO001114	2-oxoglutarate (2OG) and Fe(II)-dependent oxygenase superfamily protein	AT4G25420;AT5G51810	9686;16102;16114;6721;6720;44255;6629;71704;8152;8150;44710;44699;44238;44763;9987;44237;8299;8610;1901576;9058;44711;44249;16101;46394;16053;6082;44281;44283;19752;43436;9685;5506;46914;46872;43169;43167;5488;3674;9739;9725;9719;50896;10033;42221;33993;1101;1901700;55114;9908;90567;48608;3006;32502;22414;48856;61458;48731;7275;44767;44707;32501;44702;9791;48367;9740;10476;9755;7165;50794;50789;65007;51716;7154;44700;23052;32870;71495;71310;70887;71370;71396;71229;1901701;5737;44424;44464;5575;5623;5622;9826;902;32989;16043;71840;9653;48869;60560;48589;40007;16049;45544;16706;16705;16491;3824;51213;48366;48827;48575;48572;9648;9416;9314;9628;48573;10228;80167;9639	1931	3246	4880	7829	2097	2837	6580.5	2876.5	8882.5	3869	3917	5543	8817.5	5279.5	693	1429.5	1633	7885.5	8894	3254	8760.5	8454	8896.5	8998.5	107501	5375.05
ORTHO004391	basic helix-loop-helix (bHLH) DNA-binding superfamily protein	AT5G53210	3677;3676;1901363;5488;3674;97159;10374;9791;44767;32502;8150;44699;44707;32501;7275;90558;9888;48856;6355;1903506;2001141;31326;9889;19222;50789;65007;31323;50794;51252;19219;80090;51171;60255;10556;10468;2000112;5634;43231;43227;43226;5575;43229;44424;44464;5623;5622;3700;1071;6351;34645;44260;43170;71704;8152;44237;9987;9059;1901576;9058;44249;97659;32774;16070;90304;6139;46483;6725;1901360;34641;6807;44238;34654;19438;44271;18130;1901362;10467;46983;5515	1932	3578	1817.5	1703	4356	961.5	6039	1912	7831	1999	1623	679.5	6227	4134.5	5254.5	1830	7091.5	4326.5	4914	616.5	6908	3026	1424	3179.5	69977	3498.85
ORTHO000464_2	Protein kinase protein with adenine nucleotide alpha hydrolases-like domain	AT2G16750;AT4G35030	4672;16301;16772;16740;3824;3674;8152;8150;16310;6796;6793;44237;9987;16773;6468;6464;36211;19538;43170;71704;44238;43412;44267;44260;5886;16020;5575;44464;5623;71944;5524;35639;1901265;1901363;5488;97159;43168;43167;32559;30554;17076;166;36094;32555;32553;97367;32550;32549;1882;1883;5634;43231;43227;43226;43229;44424;5622;4674	1933	887	1362	791	672.5	4236.5	2627.5	1204.5	2412.5	184	982	2640.5	4074.5	6601.5	8359	797.5	2230.5	6590	3904.5	4444	1693.5	4169	969	926.5	59047	2952.35
ORTHO002739	Integral membrane HRF1 family protein	AT1G30890;AT3G59500	16021;31224;44425;5575;16020;8150;3674;5783;43231;43227;43226;43229;44424;44464;5623;5622;44444;5737;12505;5739;5794	1934	594	2402	2870	672.5	2097.5	1720.5	705.5	8676	555.5	5503	907	1352	7343.5	9073.5	1073.5	294.5	6946	658	5277	8798.5	7814.5	8290	1230.5	78316.5	3.915.825
ORTHO004383	Hypoxia-responsive family protein	AT3G05550;AT5G27760	1666;36293;70482;9628;50896;8150;6950;16021;31224;44425;5575;16020;3674	1935	2244	2104.5	2274	4356	3956	5974	1547.5	3855	3637.5	8947	5096	7258.5	7300	7017.5	2476	2063	5720	2361.5	1632	800.5	1778.5	1322	1735.5	74478	3723.9
ORTHO002366	ARM repeat superfamily protein	AT2G31660;AT3G59020	5829;44444;44424;44464;5575;5623;5622;5737;5635;44428;44446;44422;43226;43229;5634;43231;43227;31967;31975;12505;5643;35280;70922;22618;71826;43933;16043;71840;8150;9987;34622;65003;22607;44085;22613;31047;16458;10629;10605;9892;48519;50789;65007;19222;60255;10468;44763;44699;35195;35194;16441;10608;40029;7165;50794;51716;50896;7154;44700;23052;59;43623;6461;71822;70271;6606;17038;15031;45184;51234;51179;8104;33036;71702;6810;44765;1902578;6886;46907;51649;51641;34613;70727;34504;33365;1902580;1902593;1902582;51170;6913;16482;51169;72594;44744;6605;8565;22892;5215;3674;5515;5488	1936	657	1718.5	1501	3606	4285.5	6283.5	166.5	8782	334.5	1312.5	5839	1352	8897	6687	797.5	166	7431.5	875	2593.5	1374	7897.5	1790	1371.5	68236	3411.8
ORTHO004735	Kinase-related protein of unknown function (DUF1296)	AT3G13990	5634;43231;43227;43226;5575;43229;44424;44464;5623;5622;5829;44444;5737;8150;3674	1937	1567	2118.5	2300	944.5	3270.5	5607	2750.5	2760.5	4754	3702.5	6961.5	8675.5	5199	892.5	1239.5	1581	6471	824.5	2880.5	3978	7972	4468.5	674	74662.5	3.733.125
ORTHO005456	unknown protein	AT1G19330;AT1G75060	5634;43231;43227;43226;5575;43229;44424;44464;5623;5622;3674;8150	1938	3787	3893.25	5848.5	4356	3831.5	1627	3698.5	4209	7916.5	5114.5	4239	1352	8862.5	6054.5	7782	8323.5	8803	3149.5	3288	3001	6895.5	2214	4117.5	94479	4723.95
ORTHO003009	Eukaryotic aspartyl protease family protein	AT3G54400;AT5G07030	9505;5618;30312;44464;5575;5623;71944;9507;9536;43231;43227;43226;43229;44424;5622;44444;5737;5576;48046;6508;19538;43170;71704;8152;8150;44238	1939	1447	4236.5	6534	4356	2837	888	8279.5	8359.5	1462	7199	4905	8675.5	5191	693	1429.5	6099.5	7846	8846.5	366.5	2369	8617.5	8913	5433.5	98410.5	4.920.525
ORTHO002546	phytochrome-associated protein phosphatase type 2C	AT1G22280;AT1G34750	9506;5911;30054;5575;55044;5634;43231;43227;43226;43229;44424;44464;5623;5622;4722;4721;16791;42578;16788;16787;3824;3674;8152;8150;16311;6796;6793;44237;9987;6470;6464;36211;19538;43170;71704;44238;43412;44267;44260;5886;16020;71944;10161;71491;10114;9639;9416;9314;9628;50896;71489;71482;71478;71214;51716;10017;7165;50794;50789;65007;7154;44763;44699;44700;23052;46872;43169;43167;5488	1940	3336	3648	5356	5651.5	5650.5	2452	2185	800	8168.5	2539	2086	7031	6971	7195	2476	6099.5	5368	7464	8691.5	1239.5	7567	5762.5	2091	91837	4591.85
ORTHO005270	Protein of unknown function; DUF647	AT5G49820	9793;44702;22414;8150;44699;3006;32502;9790;44767;48856;7275;44707;32501;48316;48608;61458;48731;9791;10154;9507;9536;43231;43227;43226;5575;43229;44424;44464;5623;5622;44444;5737;3674	1941	1551	1911.25	1881.5	1281	3697.5	652	1114.5	1328.5	2869.5	982	6120	1352	7850	8893	2476	6298	6808.5	1486.5	1160.5	970	7147.5	7818	2699.5	71723.5	3.586.175
ORTHO001428	small ubiquitin-like modifier 1	AT4G26840;AT5G55160	31386;3674;16925;18205;18193;6464;36211;19538;43170;71704;8152;8150;44238;43412;44267;44260;44237;9987;32446;70647;5515;5488;5634;43231;43227;43226;5575;43229;44424;44464;5623;5622;5737;43433;44092;65009;65007;45892;1903507;1903506;2001141;31326;9889;19222;50789;31323;50794;51252;19219;80090;51171;60255;10556;1902679;51253;10605;9892;48519;45934;51172;31324;48523;31327;9890;10558;10629;10468;6355;2000112;2000113;51090;10286;9408;9266;9628;50896;6950;5829;44444	1942	1737	2100	2258	1584.5	2981	7529.5	5121.5	2666	738	161	1323.5	8675.5	5199	693	1429.5	2351.5	8023	2000.5	3377.5	2815.5	8434	2637	8159	74315.5	3.715.775
ORTHO006106	NADH-ubiquinone oxidoreductase-related	AT5G67590	5747;45271;30964;98796;43234;32991;5575;44425;16020;1990204;1902494;44464;5623;98803;70469;98800;98798;44429;44444;44424;5622;5737;44446;44422;43226;43229;5739;43231;43227;44455;31966;31090;5740;31967;31975;5743;19866;5746;8137;50136;3954;16651;16491;3824;3674;8152;8150;55114;44710;44699;16655;9631;9409;9266;9628;50896;6950;22900;6091;44237;9987;44763;50897;46914;46872;43169;43167;5488;6970	1943	2119	4284.5	6626	1281	8845.5	3758	1426	8467	855	1623	5209	1352	4969	599	6075	1581	8045.5	3730.5	8956	8909	8793	9022.5	6801.5	99017.5	4.950.875
ORTHO001463	Ribosomal protein L31e family protein	AT2G19740;AT4G26230;AT5G56710	22626;44445;44444;44424;44464;5575;5623;5622;5737;5829;5840;30529;32991;43232;43228;43226;43229;44822;3723;3676;1901363;5488;3674;97159;3735;5198;22625;15934;44391;44446;44422;42254;22613;44085;71840;8150;2181;6412;43043;43604;43603;34641;6807;8152;44237;9987;44271;44249;9058;6518;1901564;71704;1901566;1901576;44267;19538;43170;44238;44260;34645;9059;10467;9507;9536;43231;43227;5886;16020;71944;5618;30312;9506;5911;30054;55044	1944	4145	2333	2722	5121	3168.5	5001	6142.5	1042.5	3396	2129.5	3218	5066	3815.5	5413.5	6712.5	562	3121	2223.5	5400	4833.5	3754	5902.5	6553	77455	3872.75
ORTHO005803	MMS ZWEI homologue 1	AT1G23260;AT1G70660	4842;19787;16740;3824;3674;8152;8150;16567;32446;70647;6464;36211;19538;43170;71704;44238;43412;44267;44260;44237;9987;5634;43231;43227;43226;5575;43229;44424;44464;5623;5622;6301;6281;6259;90304;6139;46483;6725;1901360;34641;6807;6974;33554;51716;50896;6950;44763;44699;44710;5515;5488;31372;31371;1990234;1902494;43234;32991	1945	2507	3119.5	4294	4356	1089	2080	7084	7455	1462	8892.5	1471	6895.5	4486	6243.5	6712.5	867	5221.5	4756.5	4527	5637	3026	4887	3565	86358	4317.9
ORTHO000517	fatty acid desaturase 3	AT2G29980;AT3G11170;AT5G05580	55114;44710;8152;8150;44699;80167;9628;50896;5783;43231;43227;43226;5575;43229;44424;44464;5623;5622;44444;5737;12505;6636;6633;72330;46394;16053;6082;71704;44281;44763;9987;44237;44283;44711;9058;1901576;44249;19752;43436;32787;6631;44255;6629;44238;8610;33559;5789;98588;31090;16020;44422;44432;44446;44425;42175;42389;16705;16491;3824;3674;9507;9536;16021;31224;16717;9706;9528;19866;31967;31975;42170;44435;9526;31969;44434;9941;9409;9266;6950	1946	3934	4625.5	7305	5272.5	2097.5	4244.5	7762	7691.5	5571.5	2809.5	3218	6804.5	8123.5	8316.5	1307	5864.5	6808.5	7562	7498.5	3551.5	6512.5	4216.5	3447.5	103407.5	5.170.375
ORTHO006246	COP9 signalosome subunit 6B	AT4G26430;AT5G56280	10388;338;70646;70647;6464;36211;19538;43170;71704;8152;8150;44238;43412;44267;44260;44237;9987;6508;8180;44428;44446;44422;5575;43226;44424;44464;5623;5622;43229;5634;43231;43227;43234;32991;6511;19941;51603;44257;30163;9057;1901575;9056;44265;44248;43632;7275;44767;32502;44699;44707;32501;5576;5737;10387;43623;6461;65003;43933;16043;71840;22607;44085;71822;70271;34622;5515;5488;3674;9640;9639;9416;9314;9628;50896;9791	1947	2994	3320.5	4694	4356	4308	1484	3811	4365	7152	3749	5810	1352	6764.5	6969.5	7782	5685	8920.5	2913	1426	3391.5	6077	3177.5	3289.5	88427	4421.35
ORTHO003545	unknown protein	AT5G62960	8150;9507;9536;43231;43227;43226;5575;43229;44424;44464;5623;5622;44444;5737;3674	1948	3805	4065	6182	2097	6313	3129.5	6831.5	4452.5	2856.5	3269.5	4566	5740	6601.5	6867.5	7782	4761	4507	7742	7647	4668.5	3609.5	2003	2940	96287.5	4.814.375
ORTHO004681	Transducin/WD40 repeat-like superfamily protein	AT1G49910;AT3G19590	51321;7049;44763;9987;8150;44699;3;51301;5634;43231;43227;43226;5575;43229;44424;44464;5623;5622;7067;280;48285;6996;16043;71840;1903047;22402;278;1902589;777;776;44427;44446;44422;5694;43232;43228;43234;32991;775;98687;779;793;5819;44430;5856;15630;9524;44444;5737;7059;80008;31461;151;1990234;1902494;166;36094;5488;3674;1901265;1901363;97159;5515;7094;71173;31577;75;71174;7093;45930;45786;48523;50794;50789;65007;48519;51726;7346;45841;2000816;10965;33047;7088;51783;33043;51128;51302;10564;33045;33044;51983;33048;45839;10948;51784;51782;10639;51129;33046;2001251;51985;30071;1901990;1901987;1902099;32434;61136;1903050;1903362;31329;9894;19222;31323;42176;51246;80090;60255;32268;30162;1902100;1901988;1901991;32435;1901799;1903051;1903363;42177;9895;9892;51248;10605;31330;31324;32269;45861;1904667;1904666;51438;51338;50790;65009;31396;1903320;31399;51444;51352;51340;43086;44092;31397;1903321;31400;51348;51436;51439;5828;5876;5874	1949	1227	2437.5	2926	1066.5	663	687.5	4503	702.5	642.5	5559.5	267.5	8205.5	7850	6560	797.5	6244	6471	7435.5	399	6810.5	6576.5	5649	2699.5	78723.5	3.936.175
ORTHO004233	DEK domain-containing chromatin associated protein	AT4G26630;AT5G55660	5829;44444;44424;44464;5575;5623;5622;5737;5515;5488;3674;5634;43231;43227;43226;43229;45892;1903507;1903506;2001141;31326;9889;19222;50789;65007;8150;31323;50794;51252;19219;80090;51171;60255;10556;1902679;51253;10605;9892;48519;45934;51172;31324;48523;31327;9890;10558;10629;10468;6355;2000112;2000113;3682;44877;9651;6970;9628;50896;6950;6338;16568;6325;43933;16043;71840;9987;51276;6996;3677;3676;1901363;97159;5739	1950	1372	4667	7384	4356	8412.5	1011	8878	8892.5	6604.5	2216.5	8724.5	1352	9024.5	6687	797.5	6896.5	6982	1589	366.5	7166	8111.5	7729.5	2623	104064.5	5.203.225
ORTHO003547	chorismate synthase; putative / 5-enolpyruvylshikimate-3-phosphate phospholyase; putative	AT1G48850	9570;9532;44435;44444;44424;44464;5575;5623;5622;5737;44446;44422;43226;43229;9536;43231;43227;44434;9507;9073;9072;6725;44237;8152;8150;9987;1901360;71704;6520;1901564;6807;19752;43436;6082;44281;44710;44699;44763;44238;19438;44249;9058;1901362;1901576;8652;46394;16053;44283;44711;1901566;5730;44428;5634;43232;43228;31981;70013;43233;31974;4107;16838;16835;16829;3824;3674;9423;46417;43648;43650;9793;44702;22414;3006;32502;9790;44767;48856;7275;44707;32501;48316;48608;61458;48731;9791;10154	1951	2247	2213.5	2476	1689.5	2054	776.5	188	1133	3524.5	2809.5	4162.5	1352	4881.5	382.5	6075	494	8340	9097.5	586	3126.5	9002	9151.5	8744.5	75881	3794.05
ORTHO001266_2	O-fucosyltransferase family protein	AT1G22460	8150;5794;43231;43227;43226;5575;43229;44424;44464;5623;5622;44444;5737;12505;16757;16740;3824;3674;8152	1952	2115	2358.75	2765.5	4356	8494.5	1818.5	4462	553.5	2615.5	1623	1576.5	1352	9140	9140	2476	8143	6982	505.5	5816	2343	6813.5	1615	2166	77635.5	3.881.775
ORTHO004531	SNARE associated Golgi protein family	AT1G12450;AT4G22850	8150;5886;16020;5575;44464;5623;71944;3674	1953	3812	2802	3651	2097	7051	2032.5	6831.5	8259	4649.5	1312.5	998	1352	3815.5	4462	6712.5	4346.5	3949	4237	7299	5170.5	3955.5	3545	2784	82762.5	4.138.125
ORTHO000565_1	NAD(P)-binding Rossmann-fold superfamily protein	AT1G64440;AT4G10960;AT4G23920	42546;44085;71840;8150;71554;9987;10053;90627;30154;48869;44767;32502;44699;44763;10015;9653;48856;48364;48513;48731;7275;44707;32501;22622;90558;9888;5794;43231;43227;43226;5575;43229;44424;44464;5623;5622;44444;5737;12505;5795;98791;44431;44446;44422;31984;9969;9250;33692;271;5976;5975;71704;8152;44238;43170;16051;44723;44710;1901576;9058;44711;9059;34637;44262;44237;44249;44264;44260;34645;6073;44042;10411;10410;10383;44036;3978;16857;16854;16853;3824;3674;6012;19318;5996;44281;46983;5515;5488;50662;48037;9832;71669;71555;45229;16043;5886;16020;71944;5829	1954	3982	2818.5	3683	5196	2128	4457	7409.5	1753	3996.5	5533.5	4991	1352	7850	7917.5	1307	3200.5	6590	5502	6274.5	3354	4709	3748.5	847	82920.5	4.146.025
ORTHO006835	mitotic phosphoprotein N' end (MPPN) family protein	AT3G16310	5643;44428;44446;44422;5575;43226;44424;44464;5623;5622;43229;5634;43231;43227;5635;31967;31975;12505;55085;44763;9987;8150;44699;44765;6810;51234;51179;1902578;31965;31090;16020;3674;51028;50658;50657;15931;71705;71702;51236;6403;33036;15031;45184;8104	1955	1131	3106	4257	1066.5	2837	6630.5	3318	4573.5	1058	5264.5	6287.5	1352	4969	638	508.5	8238.5	8785	8846.5	1632	3146	8723	2341	7028	86176.5	4.308.825
ORTHO001154	FUNCTIONS IN: molecular_function unknown	AT3G25680;AT3G25690	9507;9536;43231;43227;43226;5575;43229;44424;44464;5623;5622;44444;5737;9941;9526;31967;31975;44446;44422;44435;44434;3674;8150;9902;9658;9657;6996;16043;71840;9987;19750;51644;51640;51641;51179;51667;51649;51234;51656;9707;9527;31968;31090;16020;19867;98805;98588;42170;31969;5634	1956	1099	1195.5	435	944.5	80.5	776.5	6652	8541.5	1567.5	5303	3034.5	1352	4295.5	5969	1239.5	2949	1568.5	206.5	860	3162.5	940	2369	200.5	51067.5	2.553.375
ORTHO004777	pectin methylesterase 31	AT3G29090	45490;272;5976;5975;71704;8152;8150;44238;43170;16052;1901575;9056;9057;45488;10393;30599;52689;16788;16787;3824;3674;50829;42742;9617;51707;43207;9605;50896;9607;51704;98542;6952;6950;9505;5618;30312;44464;5575;5623;71944;45330;5634;43231;43227;43226;43229;44424;5622;42545;71555;45229;16043;71840;9987;71554	1957	1832	3131.5	4306	1689.5	1423	6309	4396	1753	184	982	3108	7743	7536	8638.5	2476	5962.5	6265.5	7831	1532.5	5903.5	6648	5497.5	2229	86418	4320.9
ORTHO001104_1	Concanavalin A-like lectin protein kinase family protein	AT3G53380;AT5G03140	16301;16772;16740;3824;3674;8152;8150;16310;6796;6793;44237;9987;5886;16020;5575;44464;5623;71944;30246;5488	1958	982	2625.5	3293	672.5	3296	142	3491	7748	5300	3426.5	5347.5	4192	8954	6192.5	1307	7758	8950.5	2519	3061	1444	6340.5	545.5	807	80822	4041.1
ORTHO002751	tobamovirus multiplication 2A	AT1G32400	9705;5774;44437;44444;44424;44464;5575;5623;5622;5737;44446;44422;43226;43229;5773;43231;43227;98588;31090;16020;98805;325;5576;5515;5488;3674;5794;12505;43621;9506;5911;30054;55044;5886;71944;16021;31224;44425;46786;16032;44764;51704;8150;9987;44403;44419;19079;19058	1959	1483	2460	2961	1449.5	6946	6700.5	834.5	2202	1409.5	5549	5172.5	1352	9044.5	6092	1307	8520.5	6919	7676.5	4258.5	3778.5	504.5	124	571.5	78962.5	3.948.125
ORTHO000512_1	endomembrane-type CA-ATPase 4	AT1G07670;AT1G07810;AT4G00900	5388;15662;42625;42626;43492;42623;16887;17111;16462;16818;16817;16787;3824;3674;8152;8150;15405;15399;22804;22857;5215;6810;51234;51179;55085;44763;9987;44699;44765;1902578;16820;15075;22891;22892;34220;6811;15085;72509;22890;8324;98655;6812;72511;46873;30001;70588;98662;98660;6816;70838;19829;5887;31226;44459;44464;5575;5623;44425;16020;5886;71944;31224;16021;5634;43231;43227;43226;43229;44424;5622;5783;44444;5737;12505;5524;35639;1901265;1901363;5488;97159;43168;43167;32559;30554;17076;166;36094;32555;32553;97367;32550;32549;1882;1883;10042;10038;10035;42221;50896;1990267;30176;31227;44432;44446;44422;31300;31090;5789;98588;42175;31301;46686;5774;44437;5773;98805;30026;46916;6875;55065;98771;50801;48878;42592;65008;65007;55080;30003;6873;55082;19725;55076;55071;6828;41;46872;43169	1960	1550	2706.5	3453	1449.5	8296	1093.5	2185	2367.5	5300	2539	7571	8898	4874	313	2914	5561	7547.5	1423.5	689	1563	7923.5	6854	3799.5	81712	4085.6
ORTHO000279_1	tetratricopeptide repeat (TPR)-containing protein	AT2G43040	5634;43231;43227;43226;5575;43229;44424;44464;5623;5622;35058;42384;70925;6996;16043;71840;8150;9987;22607;44085;10927;44767;32502;44699;44763;48646;9653;48856;32989;48869;30031;30030;44782;1902589;60271;48858;32990;902;5516;5515;5488;3674;9846;44707;32501;9856;44703;51704;22414;44706;34464;43234;32991	1961	430	2225.5	2490	672.5	422	444.5	4462	8207	502	865	2640.5	1352	8936	6687	267	5561	7597	904	1320	8909	8434	6854	1615.5	75979.5	3.798.975
ORTHO005831	NAC domain containing protein 1	AT1G56010	48527;48528;9791;44767;32502;8150;44699;44707;32501;7275;48364;48513;48856;48731;22622;48569;3700;1071;3674;2001141;31326;9889;19222;50789;65007;31323;50794;51252;19219;80090;51171;60255;10556;6355;1903506;10468;2000112;3677;3676;1901363;5488;97159;6351;34645;44260;43170;71704;8152;44237;9987;9059;1901576;9058;44249;97659;32774;16070;90304;6139;46483;6725;1901360;34641;6807;44238;34654;19438;44271;18130;1901362;10467;10072;44702;22414;90421;10014;9933;48532;9653;48507;9888;3006;48508;9793;9790;48316;48608;61458;10154;10016;48367;5634;43231;43227;43226;5575;43229;44424;44464;5623;5622;9734;9755;7165;51716;50896;7154;44763;44700;23052;32870;9725;9719;10033;42221;71495;71310;70887;71365;9733	1962	792	1936	1910	365.5	3697.5	4885.5	1114.5	702.5	295	982	2291.5	8519	6601.5	8553	797.5	3224	6440	577.5	3409.5	7166	6340.5	5497.5	885.5	71980	3599
ORTHO000479_1	Endomembrane protein 70 protein family	AT1G14670;AT2G01970;AT5G37310	5802;98791;44431;44444;44424;44464;5575;5623;5622;5737;44446;44422;43226;43229;5794;43231;43227;12505;31984;5768;6810;51234;51179;8150;16021;31224;44425;16020;9506;5911;30054;55044;5774;44437;5773;98588;31090;98805;9505;5618;30312;71944;5576	1963	2449	2975.5	3988	1408	1423	6813.5	3689.5	6660.5	7012	4399.5	7997	5467.5	6332.5	7487.5	2914	901	5720	505.5	6240	3345.5	2837	4116	913	84774.5	4.238.725
ORTHO000351_2	extra-large GTP-binding protein 3	AT1G31930	5525;35639;1901265;1901363;5488;3674;97159;43168;43167;32550;32549;1882;36094;97367;1883;32561;19001;17076;166;32555;32553;31234;19897;44459;44464;5575;5623;44425;16020;5886;71944;19898;44424;5622;9898;98562;98552;7186;7165;50794;50789;65007;8150;51716;9987;50896;7154;44763;44699;44700;23052;31683;32403;44877;5515;5834;1902494;43234;32991;98797;98796;3924;17111;16462;16818;16817;16787;3824;8152;5634;43231;43227;43226;43229;5737;4871;60089;2000067;22603;50793;2000280;2000026;51239;9750;9746;34284;9743;10033;42221;1901700;9737;9725;9719;33993;97305;1101;9744;34285;9652;9606;9605;9612;9628;9630;9629;10555;9749;7188;7187;1664;5102;9617;51707;43207;9607;51704;46872;43169;48364;44767;32502;48513;48856;48731;7275;44707;32501;22622;9723	1964	435	1877.5	1791	672.5	3040	5784	4734	9014	238.5	744	8693.5	1352	5989.5	6092	136	2098.5	7408	692	2854.5	150.5	8533	2744.5	535	70833.5	3.541.675
ORTHO001659	Plant protein of unknown function (DUF869)	AT1G19835;AT1G47900;AT4G36120	5737;44424;44464;5575;5623;5622;5886;16020;71944;3674;8150;5634;43231;43227;43226;43229	1965	3040	3291.5	4618	1522.5	7616	1358	8593	8999.5	6345	4538.5	2851	1352	8123.5	8138	2914	3183	8262.5	2399	1869	1830	5603	2991.5	961	87927.5	4.396.375
ORTHO002416	multiprotein bridging factor 1A	AT2G42680;AT3G58680	43565;3677;3676;1901363;5488;3674;97159;5730;44428;44446;44422;5575;43226;44424;44464;5623;5622;43229;5634;43231;43227;43232;43228;31981;70013;43233;31974;9723;9725;9719;50896;8150;10033;42221;3713;3712;989;988;1903506;2001141;31326;9889;19222;50789;65007;31323;50794;51252;19219;80090;51171;60255;10556;45893;10628;10604;9893;48518;10468;1903508;1902680;51254;45935;31325;48522;51173;31328;9891;10557;6355;2000112;6351;34645;44260;43170;71704;8152;44237;9987;9059;1901576;9058;44249;97659;32774;16070;90304;6139;46483;6725;1901360;34641;6807;44238;34654;19438;44271;18130;1901362;10467;5737	1966	3183	2305.5	2645	2097	4415.5	1985	6741	4452.5	2832.5	1810	7770	1352	3815.5	3265	6712.5	400	3580	4113.5	7299	5061.5	4780.5	3918.5	2699.5	77004	3850.2
ORTHO003304	Basic-leucine zipper (bZIP) transcription factor family protein	AT1G06070;AT2G31370	5634;43231;43227;43226;5575;43229;44424;44464;5623;5622;3700;1071;3674;2001141;31326;9889;19222;50789;65007;8150;31323;50794;51252;19219;80090;51171;60255;10556;6355;1903506;10468;2000112;3677;3676;1901363;5488;97159;5737;5829;44444;6351;34645;44260;43170;71704;8152;44237;9987;9059;1901576;9058;44249;97659;32774;16070;90304;6139;46483;6725;1901360;34641;6807;44238;34654;19438;44271;18130;1901362;10467	1967	1997	2157	2347	4356	4082	6325.5	2114.5	2760.5	2081	4503.5	7162	1352	5744	1292	6712.5	2314	8605	2599.5	1980	2430.5	7603.5	2369	2850	74881	3744.05
ORTHO001249	40s ribosomal protein SA	AT1G72370	5634;43231;43227;43226;5575;43229;44424;44464;5623;5622;30686;30684;30529;32991;6412;43043;43604;43603;34641;6807;8152;8150;44237;9987;44271;44249;9058;6518;1901564;71704;1901566;1901576;44267;19538;43170;44238;44260;34645;9059;10467;9651;6970;9628;50896;6950;22626;44445;44444;5737;5829;5840;43232;43228;22627;15935;44391;44446;44422;9507;9536;447;479;478;469;90501;16070;90304;6139;46483;6725;1901360;90305;6364;34470;34660;6396;16072;42254;22613;44085;71840;90502;466;460;462;30490;42274;5886;16020;71944;28;22618;71826;43933;16043;34622;65003;22607;42255;70925;6996;3735;5198;3674;42256;461;31125;43628;31123;6407;6405;51168;6913;16482;46907;6810;51234;51179;51649;51641;51169;50658;50657;15931;71705;71702;51236;6403;33036;1902582;44765;1902578;44699;51029;71428;71426;71166;9506;5911;30054;55044	1968	2466	2154.5	2341	5121	8296	1542	3884	3185.5	7035	5267	5720.5	1352	5425.5	1081	2914	4408.5	8023	1989	1919	48.5	7109	4271.5	1371.5	74842.5	3.742.125
ORTHO000762	SLAC1 homologue 2	AT4G27970;AT5G24030	5886;16020;5575;44464;5623;71944;16021;31224;44425;5215;3674;6810;51234;51179;8150;6811;44765;1902578;44699;8308;5253;5216;15075;22891;22857;55085;44763;9987;22892;34220;22838;15267;22803;8509;98656;6820;5244;22832;22836;51049;32879;50789;65007;34765;34762;50794;43269;1903959;44070;6873;50801;48878;42592;65008;55082;19725	1969	946	1498	1027	1584.5	8030	888	1263.5	635	1800	1144	444.5	4024	6501	8163.5	797.5	3106	6330	1141	995	5265	5213.5	6194.5	819.5	62755.5	3.137.775
ORTHO003985	Small nuclear ribonucleoprotein family protein	AT3G14080	5634;43231;43227;43226;5575;43229;44424;44464;5623;5622;932;36464;35770;30529;32991;43232;43228;44444;5737;16070;44260;43170;71704;8152;8150;44237;9987;90304;6139;46483;6725;1901360;34641;6807;44238;5515;5488;3674;6397;16071;6396;10467;5732;1990726;43234;5845;34518	1970	4214	2285	2600	5938.5	4434.5	7389.5	2114.5	931	2976	2290	3218	5195	3815.5	3265	6712.5	3958.5	3121	3792	6860	4668.5	3754	5902.5	2314	76712	3835.6
ORTHO005152	Homeodomain-like superfamily protein	AT2G33550	45892;1903507;1903506;2001141;31326;9889;19222;50789;65007;8150;31323;50794;51252;19219;80090;51171;60255;10556;1902679;51253;10605;9892;48519;45934;51172;31324;48523;31327;9890;10558;10629;10468;6355;2000112;2000113;3700;1071;3674;6952;6950;50896;6351;34645;44260;43170;71704;8152;44237;9987;9059;1901576;9058;44249;97659;32774;16070;90304;6139;46483;6725;1901360;34641;6807;44238;34654;19438;44271;18130;1901362;10467;5634;43231;43227;43226;5575;43229;44424;44464;5623;5622;3677;3676;1901363;5488;97159;5515;42803;42802;46983;50777;2683;2682;48585;48583;50776;71219;2237;43207;9605;9607;10033;42221;9617;51707;51704;71216;51716	1971	2865	2618.5	3266	1522.5	1821.5	5441.5	8677.5	2069	4493.5	2216.5	5347.5	1352	8418.5	8359	2914	1507	3949	7562	3331	3391.5	6077	2730.5	1029	80687.5	4.034.375
ORTHO004145	EF hand calcium-binding protein family	AT1G24620	5509;46872;43169;43167;5488;3674;48767;60560;48589;44767;32502;8150;44699;40007;9653;48856;48588;16049;44763;9987;48468;48869;30154;80147;48765;10053;90627;10015;48364;48513;48731;7275;44707;32501;22622;90558;9888;48764;48469;21700;10054;9409;9266;9628;50896;6950;5737;44424;44464;5575;5623;5622;5634;43231;43227;43226;43229	1972	1529	2990.5	4009	4356	640.5	1881	917.5	8423.5	1058	744	1576.5	8306	7954.5	8968.5	2476	6752	6737.5	7742	920	914	7493	8405	2940	84849.5	4.242.475
ORTHO005060	unknown protein	AT1G12330	9507;9536;43231;43227;43226;5575;43229;44424;44464;5623;5622;44444;5737;8150	1973	2711	2017	2061	1812	4434.5	2881	2114.5	5028	4881	8606.5	6055	1352	3815.5	3047.5	6712.5	1396.5	4982.5	3119	3699	3551.5	1466	3561.5	2314	73018	3650.9
ORTHO002519	Leucine-rich repeat (LRR) family protein	AT3G24480;AT4G13340;AT4G18670	5618;30312;44464;5575;5623;71944;71555;45229;16043;71840;8150;9987;71554;9506;5911;30054;55044;9505;5576;5199;5198;3674;5515;5488	1974	3284	1473.5	973	4356	1227	5105.5	6142.5	7046.5	2319.5	1082.5	1198.5	5066	3815.5	3265	1606	4666	3121	3691	3899.5	4668.5	837.5	827.5	2314	61899.5	3.094.975
ORTHO003894	Inositol 1;3;4-trisphosphate 5/6-kinase family protein	AT5G16760	5829;44444;44424;44464;5575;5623;5622;5737;287;46872;43169;43167;5488;3674;52746;46835;16310;6796;6793;44237;8152;8150;9987;44262;5975;71704;44238;6020;44723;44710;44699;19751;6066;1901615;44281;44763;5524;35639;1901265;1901363;97159;43168;32559;30554;17076;166;36094;32555;32553;97367;32550;32549;1882;1883;32957;43647;19637;10264;33517;32958;46173;46165;1901617;1901576;9058;44283;44711;90407;52725;51766;16301;16772;16740;3824;16773;47325;51765;52726	1975	2123	2540	3105	4356	4233	575	4462	8307	1233	982	267.5	8205.5	4969	8726.5	2080.5	8092	6388.5	4914	220.5	6696	5376	1498	2485	79711	3985.55
ORTHO004649	light-regulated zinc finger protein 1	AT1G78600	9718;46283;9812;71704;8152;8150;42440;44710;44699;9813;1901576;9058;46148;44711;9658;9657;6996;16043;71840;9987;6351;34645;44260;43170;44237;9059;44249;97659;32774;16070;90304;6139;46483;6725;1901360;34641;6807;44238;34654;19438;44271;18130;1901362;10467;9641;9639;9416;9314;9628;50896;16607;16604;44451;44428;44446;44422;5575;43226;44424;44464;5623;5622;43229;5634;43231;43227;5654;31981;70013;43233;31974;3700;1071;3674;2001141;31326;9889;19222;50789;65007;31323;50794;51252;19219;80090;51171;60255;10556;6355;1903506;10468;2000112;10099;48580;2000026;50793;51239;2000030;48583;5515;5488;15995;6779;51188;51186;6778;33013;1901564;33014;1901566;44763;15994;8270;46914;46872;43169;43167	1976	903	1274	572	4356	4214	3758	917.5	1328.5	1155	744	1854	7258.5	4662.5	6378.5	508.5	450	5886.5	2972	160.5	4321	2763	3355	1580.5	54267.5	2.713.375
ORTHO006145	plant UBX domain containing protein 4	AT4G04210;AT4G22150	5634;43231;43227;43226;5575;43229;44424;44464;5623;5622;51117;19899;5515;5488;3674	1977	3417	3761	5545	4356	900	5303	7192	1625	3838	2653	7017.5	6513.5	6764.5	6969.5	7782	5240.5	5368	335.5	5816	1239.5	6952	7868.5	3401.5	92779.5	4.638.975
ORTHO005047	Small nuclear ribonucleoprotein family protein	AT2G43810;AT3G59810	5732;30529;32991;5575;44424;44464;5623;5622;5634;43231;43227;43226;43229;5681;44428;44446;44422	1978	4084	4780.5	7583	2375	1594	8793	8743	8149.5	821	2539	1954	1352	8576.5	8429	7782	562	5368	7281	6754	7052	7637.5	8321	3721	105429.5	5.271.475
ORTHO005469	heat shock factor 4	AT4G36990	5634;43231;43227;43226;5575;43229;44424;44464;5623;5622;3700;1071;3674;2001141;31326;9889;19222;50789;65007;8150;31323;50794;51252;19219;80090;51171;60255;10556;6355;1903506;10468;2000112;45892;1903507;1902679;51253;10605;9892;48519;45934;51172;31324;48523;31327;9890;10558;10629;2000113;6351;34645;44260;43170;71704;8152;44237;9987;9059;1901576;9058;44249;97659;32774;16070;90304;6139;46483;6725;1901360;34641;6807;44238;34654;19438;44271;18130;1901362;10467;9408;9266;9628;50896;6950;43565;3677;3676;1901363;5488;97159	1979	1958	1874	1769	4356	8135	1881	1426	393.5	184	8924.5	7977	7258.5	4616	6305	6712.5	2041	5221.5	188	4258.5	569	1525	1004	2046	70666	3533.3
ORTHO002387	Helicase/SANT-associated; DNA binding protein	AT3G24870;AT3G24880	43981;43967;16573;16570;16569;16568;6325;43933;16043;71840;8150;9987;51276;6996;6464;36211;19538;43170;71704;8152;44238;43412;44267;44260;44237;1902589;44763;44699;44710;18393;18394;18205;18193;6473;43543;6475;5515;5488;3674;5634;43231;43227;43226;5575;43229;44424;44464;5623;5622;2000028;48580;2000026;50793;50789;65007;51239;48583;2000241;48046;5576;35267;43189;1902562;123;31248;1902493;1990234;1902494;43234;32991;44451;44428;44446;44422;5654;31981;70013;43233;31974	1980	1541	3060	4140	1281	9132.5	3863.5	143.5	2435.5	7666.5	3639.5	6027	1352	7850	8793	7782	96.5	8815	3067.5	3362	1819.5	5603	1498	2623	85569.5	4.278.475
ORTHO003571	Signal peptidase subunit	AT5G27430	5576;5575;5787;98796;43234;32991;44425;16020;44432;44444;44424;44464;5623;5622;5737;44446;44422;43226;43229;5783;43231;43227;12505;1990234;1902494;5789;98588;31090;42175;6465;16485;6508;19538;43170;71704;8152;8150;44238;51604;10467;6518;43603;34641;6807;44237;9987;1901564;44267;44260;5618;30312;71944;8233;16787;3824;3674;16021;31224	1981	3790	2188	2395	2097	4540.5	2528	6741	1042.5	2496	1810	998	1352	3815.5	4124.5	3976.5	4252.5	3580	7435.5	7299	5061.5	4709	6854	2699.5	75315.5	3.765.775
ORTHO006568	Protein of unknown function (DUF761)	AT2G26110	9737;9725;9719;50896;8150;10033;42221;33993;97305;1901700;1101;3674;9507;9536;43231;43227;43226;5575;43229;44424;44464;5623;5622;44444;5737	1982	2076	2440.5	2899	1281	3632	1765.5	4183	3797	4766.5	4723	4351.5	1352	8936	6639	2476	1633	8428.5	2519	1747	1689	7992	5826.5	2091	78547.5	3.927.375
ORTHO003937	unknown protein	AT1G22790;AT1G34010	8150;3674;5634;43231;43227;43226;5575;43229;44424;44464;5623;5622;5886;16020;71944	1983	600	1383	783	672.5	38.5	142	3021	8509.5	720	241.5	907	1352	9172	7432.5	1073.5	2162	8023	1210.5	17.5	1472.5	9036.5	2617	1672.5	58821	2941.05
ORTHO005901	Myotubularin-like phosphatases II superfamily	AT3G10550;AT5G04540	52629;34593;52866;16791;42578;16788;16787;3824;3674;8152;8150;16311;6796;6793;44237;9987;2000070;80134;48583;50789;65007;4438;52744;42631;31668;51716;50896;71496;9605;7154;44763;44699;9991;71462;71214;9628;9415;1101;42221;10035;1901700;71229;70887;1901701;9414;6950;33554;5634;43231;43227;43226;5575;43229;44424;44464;5623;5622;35556;7165;50794;44700;23052;31410;31982;44444;5737	1984	2190	1714.5	1445	4356	7528	4457	4065.5	5994	896.5	2809.5	567	6071.5	4486	5856	1606	8200	4747.5	732	3528.5	3454.5	774.5	779	1263	67816	3390.8
ORTHO001978	BEST Arabidopsis thaliana protein match is: copper ion binding (TAIR:AT4G32610.1)	AT2G25670;AT4G32610	5829;44444;44424;44464;5575;5623;5622;5737;5634;43231;43227;43226;43229;3674;8150;5507;46914;46872;43169;43167;5488;5759;44429;44446;44422;5739;70013;43233;31974	1985	3028	2357	2729	2097	9134.5	54.5	1013.5	2777	8398	4137	6055	1352	6347.5	1758.5	7419	9020.5	8683.5	2712.5	2373.5	934.5	2213.5	1720	1371.5	77476	3873.8
ORTHO000543_1	Protein kinase superfamily protein	AT5G56890	4672;16301;16772;16740;3824;3674;8152;8150;16310;6796;6793;44237;9987;16773;6468;6464;36211;19538;43170;71704;44238;43412;44267;44260;5886;16020;5575;44464;5623;71944	1986	3525	2368.75	2751.5	2097	1500	5303	5813.5	4953	7407.5	8404	2343.5	4677	3815.5	2396.5	1606	7758	2199.5	3233.5	3466.5	3870	1566.5	1640	5601	77554.5	3.877.725
ORTHO005659	RNA-binding protein	AT3G19090	30529;32991;5575;44424;44464;5623;5622;6355;1903506;2001141;31326;9889;19222;50789;65007;8150;31323;50794;51252;19219;80090;51171;60255;10556;10468;2000112;6351;34645;44260;43170;71704;8152;44237;9987;9059;1901576;9058;44249;97659;32774;16070;90304;6139;46483;6725;1901360;34641;6807;44238;34654;19438;44271;18130;1901362;10467;3723;3676;1901363;5488;3674;97159;5634;43231;43227;43226;43229;6396;166;36094;1901265	1987	1630	1670	1353	4356	4434.5	5903	6573	5028	3040	1082.5	3108	6316	4415.5	5907.5	1606	3299	4982.5	3504.5	586	538	1466	3606.5	1344.5	66741	3337.05
ORTHO004512	Leucine-rich repeat protein kinase family protein	AT2G31880	4674;4672;16301;16772;16740;3824;3674;8152;8150;16310;6796;6793;44237;9987;16773;6468;6464;36211;19538;43170;71704;44238;43412;44267;44260;5886;16020;5575;44464;5623;71944;18108;18212;18193;4713;5524;35639;1901265;1901363;5488;97159;43168;43167;32559;30554;17076;166;36094;32555;32553;97367;32550;32549;1882;1883;31349;31347;80134;48583;50789;65007;48584;48518;60862;60860;9909;48580;2000026;50793;51239;48831;2000241;9910;48581;51241;48519;51093;2000242;10942;10941;50794;48522;7169;7167;7166;7165;51716;50896;7154;44763;44699;44700;23052	1988	1436	2740.25	3492.5	1584.5	6679.5	6375	917.5	8868.5	582	744	1915.5	1352	7954.5	8968.5	976.5	400	6808.5	4715	160.5	7925	7061.5	6624.5	2940	81968.5	4.098.425
ORTHO006455	Octicosapeptide/Phox/Bem1p (PB1) domain-containing protein / tetratricopeptide repeat (TPR)-containing protein	AT1G62390	5829;44444;44424;44464;5575;5623;5622;5737	1989	1847	2228.25	2467.5	1281	1500	5370	3243.5	6943.5	5988	4896.5	1374.5	1352	8600	8593.5	2476	2202	7335.5	5851	3721.5	285	2837	1453	1825	75847.5	3.792.375
ORTHO006162	receptor like protein 44	AT3G49750	7165;50794;50789;65007;8150;51716;9987;50896;7154;44763;44699;44700;23052;5886;16020;5575;44464;5623;71944	1990	837	1244.5	499	672.5	2757.5	107	112.5	6379.5	4452	319	1854	1352	4816.5	6378.5	1830	2351.5	8625	1765.5	860	7386	499	233	566	52644.5	2.632.225
ORTHO008267	Vacuolar protein sorting-associated protein VPS28 family protein	AT4G05000	813;98796;43234;32991;5575;44425;16020;36452;44440;44444;44424;44464;5623;5622;5737;44446;44422;43226;43229;5768;43231;43227;12505;10008;98588;31090;98805;5515;5488;3674;6810;51234;51179;8150;5634;5215	1991	3388	1475	959	4356	214	8162.5	1604.5	1430.5	8231.5	3749	6316	4555.5	4134.5	2396.5	3976.5	7799	2199.5	122.5	1556.5	380.5	1566.5	1203	2046	61644.5	3.082.225
ORTHO003791	ATPase; V0/A0 complex; subunit C/D	AT3G28710;AT3G28715	5886;16020;5575;44464;5623;71944;15991;15988;1902600;15992;15672;6812;6811;44765;6810;51234;51179;8150;1902578;44699;6818;98662;98660;34220;55085;44763;9987;98655;5773;43231;43227;43226;43229;44424;5622;44444;5737;5794;12505;5774;44437;44446;44422;98588;31090;98805;325;9506;5911;30054;55044;33179;33177;98796;43234;32991;44425;16469;33176;15078;15077;22890;8324;15075;22891;22857;5215;3674;22892;46961;44769;42625;42626;43492;42623;16887;17111;16462;16818;16817;16787;3824;8152;15405;15399;22804;16820;36442;19829	1992	986	2010.5	2029	672.5	2776	5138	3421	1481	1540.5	4793.5	1576.5	1352	6170.5	5788.5	797.5	3132	8852	7712	2289	2989	8962	3200.5	819.5	72791	3639.55
ORTHO008754	Protein of unknown function (DUF3511)	AT2G19460	8150;3674;5634;43231;43227;43226;5575;43229;44424;44464;5623;5622	1993	3760	5503.5	9014	5748	2128	3224.5	8761	8748.5	1506.5	8934.5	9035	8898	5223.5	599	3976.5	7758	7801.5	8940.5	9145.5	8850	9002	9037	7768	129337.5	6.466.875
ORTHO002171	translocase of inner mitochondrial membrane 23	AT1G17530;AT1G72750;AT3G04800	15031;45184;51234;51179;8150;8104;33036;71702;6810;15450;15405;15399;22804;22857;5215;3674;55085;44763;9987;44699;44765;1902578;8320;8565;22892;22884;22891;71806;5743;19866;31090;16020;5575;44422;43226;43227;44424;44464;5623;5622;31967;31975;44446;43229;31966;44429;44444;5737;5739;43231;5740;31305;31304;98573;31300;31224;44425;44455;32592;31301;16021;5744;98800;98796;43234;32991;98798;6626;1902580;51641;6605;6886;46907;51649;34613;70727;1902582;16482;70585;33365;6839;72655;72594;7005;6996;16043;71840;30150;1990542;44743;17038;65002;15266;15267;22803	1994	4176	5229.5	8465	5938.5	7278	6580.5	3632.5	1545.5	5927.5	4285.5	6575.5	4049	5780	1223	6712.5	8849	7181.5	8526	3129.5	8496	8604	8675	8111.5	115162	5758.1
ORTHO002399	basic pentacysteine 2	AT1G14685;AT2G01930	6355;1903506;2001141;31326;9889;19222;50789;65007;8150;31323;50794;51252;19219;80090;51171;60255;10556;10468;2000112;3677;3676;1901363;5488;3674;97159;50793;3700;1071;5634;43231;43227;43226;5575;43229;44424;44464;5623;5622;6351;34645;44260;43170;71704;8152;44237;9987;9059;1901576;9058;44249;97659;32774;16070;90304;6139;46483;6725;1901360;34641;6807;44238;34654;19438;44271;18130;1901362;10467;9723;9725;9719;50896;10033;42221;43565	1995	3189	2323.5	2652	2097	8900	2328.5	2322	1916	1123	1810	2197	1352	6971	7258.5	2476	737	5368	3792	4848	7386	7441	4887	3920	77033	3851.65
ORTHO003161	Plant protein of unknown function (DUF869)	AT2G23360	5737;44424;44464;5575;5623;5622;8150;3674	1996	3714	1773.5	1551	2097	560.5	1410	2322	6943.5	7916.5	2809.5	2197	4738	3815.5	2702.5	6712.5	3589	2199.5	6327	518	3978	2923.5	5081	1906.5	68650	3432.5
ORTHO001779	ELF4-like 4	AT1G17455;AT1G72630;AT2G06255	5634;43231;43227;43226;5575;43229;44424;44464;5623;5622;9648;9416;9314;9628;50896;8150;3674;48511	1997	4346	3049.75	4102.5	2982.5	314	2951	2322	5994	1800	8606.5	8224	6617.5	2711.5	3265	3976.5	8387	3121	3691	6754	4668.5	3754	5902.5	2314	85374	4268.7
ORTHO003554	RNA binding (RRM/RBD/RNP motifs) family protein	AT3G12640	3676;1901363;5488;3674;97159;3723;5634;43231;43227;43226;5575;43229;44424;44464;5623;5622;166;36094;1901265	1998	552	3426.75	4855.5	672.5	528.5	8376	2000	1328.5	2591.5	2216.5	9006.5	9103	4948.5	599	1429.5	7051	8120.5	2092	7647	1658.5	8954.5	9093.5	2575	89319.5	4.465.975
ORTHO003747	glycolipid transfer protein 1	AT2G33470	5737;44424;44464;5575;5623;5622;5886;16020;71944;5829;44444;17089;1901505;5215;3674;6810;51234;51179;8150;1901264;44765;1902578;44699;71702;5319;22892;6869;10876;33036;46836;51861;97367;5488;8289	1999	1790	2770	3541	4356	961.5	262	462	169	2170.5	9139	818.5	1352	8456.5	8726.5	2476	8494	7251.5	8886.5	220.5	8909	7786.5	1991	3667.5	82200	4110
ORTHO005460	copper/zinc superoxide dismutase 1	AT1G08830	5829;44444;44424;44464;5575;5623;5622;5737;19430;6801;72593;44237;8152;8150;9987;1990748;98754;9636;42221;50896;44763;44699;44710;71451;71450;34614;302;6979;6950;1901700;34599;33554;51716;70887;1901701;305;10035;303;71472;71470;71214;9628;6970;9651;71484;71482;9416;9314;71478;9642;5576;71280;46688;10038;1990267;71248;71241;35195;35194;16441;10608;10468;60255;19222;50789;65007;40029;16458;10629;10605;9892;48519;31047;71457;10193;1101;71229;55114;8270;46914;46872;43169;43167;5488;3674;4784;16209;16721;16491;3824;42742;9617;51707;43207;9605;9607;51704;98542;6952;5634;43231;43227;43226;43229;71493;10224;9411;34644;10039;5507;5515;71329;71324;34285;9743;10033;71322;71310;9744	2000	2595	2027.5	2055	4356	961.5	1789.5	4200.5	8541.5	2752	1623	632	1352	4179	5254.5	6712.5	4252.5	5221.5	4795.5	4527	5637	2837	4149	3565	72982.5	3.649.125
ORTHO001920	translocase outer membrane 20-2	AT1G27390;AT3G27080;AT5G40930	22626;44445;44444;44424;44464;5575;5623;5622;5737;5829;5840;30529;32991;43232;43228;43226;43229;5741;31966;31090;16020;44422;43227;44429;44446;5739;43231;5740;31967;31975;31968;19867;98805;98588;5742;98799;98796;43234;44425;98798;44455;5744;98800;5743;19866;6626;1902580;51641;51179;8150;1902578;44699;6605;6886;15031;45184;51234;8104;33036;71702;6810;46907;51649;34613;70727;1902582;44765;16482;70585;33365;6839;72655;72594;7005;6996;16043;71840;9987;15450;15405;15399;22804;22857;5215;3674;55085;44763;8320;8565;22892;22884;22891;71806;16021;31224;46872;43169;43167;5488;5515;5774;44437;5773	2001	3055	1986.75	1972.5	4356	819.5	1011	3549.5	4551	7035	4503.5	1198.5	1352	4244	4705.5	3976.5	8408	7571	802.5	1775	8153	762.5	728.5	7223	72369.5	3.618.475
ORTHO005067	Protein of unknown function (DUF803)	AT5G11960	16021;31224;44425;5575;16020;15095;72509;22890;8324;15075;22891;22857;5215;3674;6810;51234;51179;8150;55085;44763;9987;44699;44765;1902578;22892;34220;6811;98655;6812;72511;46873;30001;1903830;9507;9536;43231;43227;43226;43229;44424;44464;5623;5622;44444;5737	2002	249.5	1538	1074	672.5	528.5	444.5	517	2979	2472.5	4969.5	653	8950	8151	8838	267	1356.5	8605	7435.5	1043.5	440.5	1228	3519	988.5	63386.5	3.169.325
ORTHO006220	Calcium-binding EF-hand family protein	AT4G26470	5737;44424;44464;5575;5623;5622;5509;46872;43169;43167;5488;3674;5634;43231;43227;43226;43229	2003	2405	4003	6003	4356	8118	3758	4274	7325.5	3396	1414	7977	7377.5	7213.5	7017.5	2476	4408.5	5626	1051.5	4527	4384	5924	5295.5	3721	95284.5	4.764.225
ORTHO004693	ABC transporter family protein	AT5G09930;AT5G64840	6810;51234;51179;8150;5215;3674;16887;17111;16462;16818;16817;16787;3824;8152;5524;35639;1901265;1901363;5488;97159;43168;43167;32559;30554;17076;166;36094;32555;32553;97367;32550;32549;1882;1883;5886;16020;5575;44464;5623;71944;9624;51707;43207;9605;50896;9607;51704	2004	1673	2795.5	3587	1281	6023.5	5746.5	4373.5	2069	1028.5	1082.5	3422.5	4027	7448.5	8512	2476	1221.5	6085	6109.5	2289	5779	6512.5	6040	2166	82412	4120.6
ORTHO004671	eukaryotic translation initiation factor 2	AT2G39990	5634;43231;43227;43226;5575;43229;44424;44464;5623;5622;16020;6413;44237;8152;8150;9987;6412;43043;43604;43603;34641;6807;44271;44249;9058;6518;1901564;71704;1901566;1901576;44267;19538;43170;44238;44260;34645;9059;10467;9744;34285;9743;10033;42221;50896;1901700;5737;31369;5515;5488;3674;9790;44767;32502;44699;48856;7275;44707;32501;5852;43234;32991;44444;71541;3743;8135;3723;3676;1901363;97159;9846;9856;44703;51704;22414;44706;5829	2005	2385	2075	2145	4356	8077	3025	6741	4142	2846	8651	2851	6316	4344	3265	1606	494	4809.5	658	4060.5	3719.5	1613	3686	2575	73479.5	3.673.975
ORTHO003741	membrane-associated progesterone binding protein 3	AT3G48890;AT5G52240	9535;55035;42651;34357;16020;5575;44436;44424;44464;5623;5622;9579;44435;44444;5737;44446;44422;43226;43229;9536;43231;43227;31976;31984;44434;9507;9534;5634;5886;71944;5496;97159;5488;3674;8289;12505;5783;5794;5515;30308;45926;48519;50789;65007;8150;40008;1558;51128;50794;48523	2006	2164	2600.25	3194.5	1281	4389	3628.5	2322	7899.5	2059	2809.5	4566	7377.5	7387.5	8316.5	2476	2854	5720	284	4778	1917	5603	3884	2003.5	80274.5	4.013.725
ORTHO002673	basic helix-loop-helix (bHLH) DNA-binding superfamily protein	AT2G42300;AT3G57800	5634;43231;43227;43226;5575;43229;44424;44464;5623;5622;6355;1903506;2001141;31326;9889;19222;50789;65007;8150;31323;50794;51252;19219;80090;51171;60255;10556;10468;2000112;46983;5515;5488;3674;3677;3676;1901363;97159;3700;1071;6351;34645;44260;43170;71704;8152;44237;9987;9059;1901576;9058;44249;97659;32774;16070;90304;6139;46483;6725;1901360;34641;6807;44238;34654;19438;44271;18130;1901362;10467	2007	608	3556.5	5106	672.5	7030	7802.5	1204.5	8467	821	5440	1889	8754.5	6764.5	8838	2476	400	6590	658	662	7925	7087	6624.5	1131	90564.5	4.528.225
ORTHO004064	Transducin/WD40 repeat-like superfamily protein	AT3G05090	166;36094;5488;3674;1901265;1901363;97159;10311;9791;44767;32502;8150;44699;44707;32501;7275;48645;48646;9653;48856;9887;48513;48731;10102;10101;10015;48364;22622;9886;48528;48569;48527;5634;43231;43227;43226;5575;43229;44424;44464;5623;5622;80008;31461;151;1990234;1902494;43234;32991	2008	1782	1007.5	7	4356	739.5	360	357.5	169	3221	354.5	87	4071	138	136.5	1202.5	3891.5	507	2179.5	87	144.5	268	147	308	18369	918.45
ORTHO005773	unknown protein	AT3G02420	9506;5911;30054;5575;55044;16021;31224;44425;16020;3674;5783;43231;43227;43226;43229;44424;44464;5623;5622;44444;5737;12505;5739;8150	2009	3090	4269.5	6530	4356	1959	4587.5	2838	8766	2257.5	3639.5	5053	1352	5673.5	1109.5	1830	8446.5	7597	8447.5	7576.5	8663	8676.5	3123.5	6801.5	98397.5	4.919.875
ORTHO001690	RING/U-box superfamily protein	AT3G03550;AT5G17600	16567;32446;70647;6464;36211;19538;43170;71704;8152;8150;44238;43412;44267;44260;44237;9987;5634;43231;43227;43226;5575;43229;44424;44464;5623;5622;8270;46914;46872;43169;43167;5488;3674;80167;9628;50896;16021;31224;44425;16020	2010	804	2326	2642	672.5	2557.5	7665	4227	183	969	319	907	8817.5	7300	9046	1073.5	4346.5	6982	5589.5	5189.5	118.5	6679	1720	3289.5	76979	3848.95
ORTHO007409	plant UBX domain-containing protein 1	AT3G27310	5737;44424;44464;5575;5623;5622;5634;43231;43227;43226;43229;35265;44707;32501;8150;44699;48589;44767;32502;40007;51117;19899;5515;5488;3674;43241;32984;43933;16043;71840;9987;22411;44763;71822	2011	1352	1591.75	1172.5	1066.5	8050	6200	310.5	553.5	1409.5	5407.5	1576.5	6895.5	4560	6192.5	508.5	7991.5	5788	418	160.5	5061.5	1358.5	591	1644	64677	3233.85
ORTHO001580_1	Serinc-domain containing serine and sphingolipid biosynthesis protein	AT1G16180	16020;5575	2012	1395	1017.5	23	4356	6.5	1311	3333.5	3237.5	502	4513	6561.5	1352	138	136.5	2	1816.5	7.5	3	1356.5	1808.5	9.5	9.5	18	26122.5	1.306.125
ORTHO002619	BEST Arabidopsis thaliana protein match is: loricrin-related (TAIR:AT5G64550.1)	AT1G64140	5576;5575;3674;8150	2013	3235	3962	5911	2097	9022	6249.5	2876.5	1753	8934.5	744	7330.5	2721	6156	3265	797.5	8505.5	8584	2922	8721.5	2515	8723	3438.5	1546.5	94805.5	4.740.275
ORTHO005117	RAB GTPase homolog  G3B	AT1G22740;AT4G09720	5773;43231;43227;43226;5575;43229;44424;44464;5623;5622;44444;5737;15031;45184;51234;51179;8150;8104;33036;71702;6810;48102;12501;8219;16265;44699;44763;9987;5525;35639;1901265;1901363;5488;3674;97159;43168;43167;32550;32549;1882;36094;97367;1883;32561;19001;17076;166;32555;32553;7264;35556;7165;50794;50789;65007;51716;50896;7154;44700;23052;10089;10087;9888;48856;32502;10623;48869;44767;48468;30154;10508;10506;31329;9894;19222;31323;31331;31325;9893;48518;48522;9896;5886;16020;71944;5774;44437;44446;44422;98588;31090;98805;5794;12505	2014	3986	3744	5474	4356	7482.5	4835.5	3778	3152	8398	3749	5126	1352	8485	1389	7419	7649.5	8514.5	3011	3108	461	8070.5	2581.5	3841	92403	4620.15
ORTHO006496	unknown protein	AT3G59680	5739;43231;43227;43226;5575;43229;44424;44464;5623;5622;44444;5737;3674;8150	2015	780	1279	543	365.5	2406.5	7352	834.5	1133	582	435.5	1374.5	1352	4718.5	6378.5	1830	3026	6029.5	3333.5	3850	1454.5	3609.5	3188	741	53629	2681.45
ORTHO002183	peptidoglycan-binding LysM domain-containing protein	AT4G25433;AT5G62150	5576;5575;3674;16998;44036;44260;43170;71704;8152;8150;44237;9987;71554;44248;9056;5739;43231;43227;43226;43229;44424;44464;5623;5622;44444;5737	2016	4067	2076.5	2137	2375	8371.5	5486.5	5568.5	931	8535.5	5836	7115.5	1352	4244	3936.5	3976.5	3682	1669.5	257	3659	3604.5	1566.5	2079	1580.5	73451.5	3.672.575
ORTHO002839	beta carbonic anhydrase 4	AT1G70410;AT5G14740	9507;9536;43231;43227;43226;5575;43229;44424;44464;5623;5622;44444;5737;9941;9526;31967;31975;44446;44422;44435;44434;2000122;48581;48580;2000026;50793;50789;65007;8150;51239;51241;48519;51093;2000038;10037;10033;42221;50896;1901700;5886;16020;71944;8270;46914;46872;43169;43167;5488;3674;4089;16836;16835;16829;3824;8152;15976;44699;10119;50794;9535;55035;42651;34357;44436;9579;31976;31984;9534;5829;9570;9532;31969;42170;31090;42742;9617;51707;43207;9605;9607;51704;98542;6952;6950;48046;5576	2017	4471	2949	3881	2982.5	1381.5	6200	5813.5	1133	5732.5	6173.5	2197	6071.5	1800.5	4705.5	3976.5	8323.5	3580	6389	2347	4103	2923.5	5171.5	6057.5	84080	4204
ORTHO005631	Transducin/WD40 repeat-like superfamily protein	AT3G27640	5634;43231;43227;43226;5575;43229;44424;44464;5623;5622;166;36094;5488;3674;1901265;1901363;97159;80008;31461;151;1990234;1902494;43234;32991;8150	2018	1289	2003	1988	4356	4165.5	7630.5	2044	3135.5	1028.5	4955.5	1779	1352	7600	8429	2476	8013.5	5992	732	2033	7568	997	646.5	1906.5	72484	3624.2
ORTHO001173_1	nucleobase-ascorbate transporter 12	AT2G27810	35344;6863;15851;71705;6810;51234;51179;8150;44765;1902578;44699;71702;22857;5215;3674;55085;44763;9987;5886;16020;5575;44464;5623;71944;15210;5350;15205;22891;22892;72531;15855;1903791;15857;1904082;15208;5345;1903716;72530;15854;98721;1902431;98657;98739;98702;61488;15853;98655;6812;6811;34220;9507;9536;43231;43227;43226;43229;44424;5622;44444;5737;98710;61489;15207;15294;15293;15291;22804;8324;15075;16021;31224;44425;5634	2019	2014	2532.5	3046	4356	7959	5825	2185	1916	6480	8606.5	3218	6227	4415.5	5856	1606	8070.5	4747.5	154	2289	3551.5	1466	3538	1282	79392.5	3.969.625
ORTHO001709	ER lumen protein retaining receptor family protein	AT1G75760;AT2G21190;AT4G38790	16021;31224;44425;5575;16020;15031;45184;51234;51179;8150;8104;33036;71702;6810;4872;60089;3674;6621;35437;51220;32507;51651;44763;9987;44699;51235;65008;65007;1902578;51641;45185;34613;70727;72595;33365;70972;46923;5048;42277;33218;5488	2020	4708	2112.5	2205	1551	7116	5653	3434	4188.5	8647.5	2992.5	7724	1352	4244	3265	3023.5	7354	7507.5	1589	2206.5	2179	649	378	443.5	73946.5	3.697.325
ORTHO001887	secE/sec61-gamma protein transport protein	AT4G24920;AT5G50460	6605;6886;15031;45184;51234;51179;8150;8104;33036;71702;6810;46907;51649;51641;34613;70727;1902582;44765;1902578;44699;5623;5575	2021	4156	5183.5	8346	5938.5	4519	3960	7192	7831	5996.5	3136.5	8724.5	6513.5	6764.5	7999	5325.5	8674	4673.5	5400	8077	5170.5	4067	1615	7453	113092	5654.6
ORTHO000749	plant U-box 23	AT2G35930;AT3G52450	9414;9415;9628;50896;8150;1101;42221;10035;1901700;6950;5829;44444;44424;44464;5575;5623;5622;5737;16567;32446;70647;6464;36211;19538;43170;71704;8152;44238;43412;44267;44260;44237;9987;2679;2252;2376;45730;44710;44699;6952;51865;4842;19787;16740;3824;3674;10200;10243;9719;10033;1901698;16874	2022	1967	3484.5	4947	5404	3808	6982	917.5	931	4146	3269.5	9042.5	1352	5645.5	1168.5	1830	1581	7967.5	1961.5	5519.5	8438.5	8604	8952	7656.5	89773	4488.65
ORTHO003983	RING/U-box superfamily protein	AT1G72310	16567;32446;70647;6464;36211;19538;43170;71704;8152;8150;44238;43412;44267;44260;44237;9987;16021;31224;44425;5575;16020;8270;46914;46872;43169;43167;5488;3674;5634;43231;43227;43226;43229;44424;44464;5623;5622	2023	2706	2824.5	3626	1812	2735	3025	7084	1328.5	4682	1082.5	6590	1352	7536	7129	7782	7982	5720	5502	4473	1875	1695	1498	3565	82636	4131.8
ORTHO004985	ZIP metal ion transporter family	AT3G08650	98655;6812;6811;44765;6810;51234;51179;8150;1902578;44699;34220;55085;44763;9987;5886;16020;5575;44464;5623;71944;139;98588;31090;44422;43226;43227;44431;44444;44424;5622;5737;44446;43229;5794;43231;12505;46873;22890;8324;15075;22891;22857;5215;3674;22892;30001;71577;98662;98660;6829;41;70838;72511;5802;98791;31984;5385;72509;46915;6882;55069;72507;98771;50801;48878;42592;65008;65007;55080;55076;55065;46916;6875;30003;6873;55082;19725;72503	2024	1063	1351.5	679	4356	2672	2080	4183	239.5	855	5407.5	1471	7498	4662.5	6192.5	508.5	2970.5	5824	418	3747	696.5	2763	3188	1696.5	57073	2853.65
ORTHO005798	nuclear factor Y; subunit C1	AT3G48590;AT5G63470	5515;5488;3674;6355;1903506;2001141;31326;9889;19222;50789;65007;8150;31323;50794;51252;19219;80090;51171;60255;10556;10468;2000112;3700;1071;45893;10628;10604;9893;48518;1903508;1902680;51254;45935;31325;48522;51173;31328;9891;10557;3677;3676;1901363;97159;5634;43231;43227;43226;5575;43229;44424;44464;5623;5622;6351;34645;44260;43170;71704;8152;44237;9987;9059;1901576;9058;44249;97659;32774;16070;90304;6139;46483;6725;1901360;34641;6807;44238;34654;19438;44271;18130;1901362;10467;46982;46983;43565;16602;90575;44798;44428;44446;44422;5667;43234;32991;9738;9755;7165;51716;50896;7154;44763;44699;44700;23052;32870;9725;9719;10033;42221;71495;71310;70887;71215;9737;33993;97305;1901700;1101;71396;97306;1901701;71229	2025	3690	2215.5	2406	4356	3435.5	4341	2460.5	8101	3530	6343	7837	3294	3815.5	2910	6712.5	7897.5	2199.5	122.5	5303	864.5	2213.5	2104	1958.5	75443	3772.15
ORTHO005093	receptor like protein 4	AT1G28340	5794;43231;43227;43226;5575;43229;44424;44464;5623;5622;44444;5737;12505;7165;50794;50789;65007;8150;51716;9987;50896;7154;44763;44699;44700;23052;5768;5802;98791;44431;44446;44422;31984;5886;16020;71944	2026	1448	2293.5	2561	1066.5	3351.5	3224.5	4373.5	867	2787	5497	3422.5	7554	7536	8553	797.5	1962.5	6330	1164.5	4956.5	5903.5	4169	1866	2166	76481.5	3.824.075
ORTHO004685	Homeodomain-like superfamily protein	AT1G13450;AT3G25990	42802;5515;5488;3674;5634;43231;43227;43226;5575;43229;44424;44464;5623;5622;3682;44877;3700;1071;2001141;31326;9889;19222;50789;65007;8150;31323;50794;51252;19219;80090;51171;60255;10556;6355;1903506;10468;2000112;43565;3677;3676;1901363;97159;6351;34645;44260;43170;71704;8152;44237;9987;9059;1901576;9058;44249;97659;32774;16070;90304;6139;46483;6725;1901360;34641;6807;44238;34654;19438;44271;18130;1901362;10467	2027	3181	3648	5269	2097	2170	1560	2460.5	7455	5252.5	4456.5	7102	1352	5492	960	6712.5	1321	8222	8750.5	711.5	2789	8695.5	8853.5	7028	91344	4567.2
ORTHO004223	magnesium transporter 2	AT1G16010;AT1G80900	16021;31224;44425;5575;16020;30001;6812;6811;44765;6810;51234;51179;8150;1902578;44699;5886;44464;5623;71944;98655;34220;55085;44763;9987;15693;70838;72511;15095;72509;22890;8324;15075;22891;22857;5215;3674;22892;46873;1903830;5773;43231;43227;43226;43229;44424;5622;44444;5737	2028	1236	2709	3390	4356	3750.5	5974	3345.5	3291	6401	4628.5	6981	1352	7779.5	8726.5	797.5	630	8868.5	2233.5	1811	1447	6791.5	4131	2439.5	81379	4068.95
ORTHO003847	Major facilitator superfamily protein	AT2G30300	9507;9536;43231;43227;43226;5575;43229;44424;44464;5623;5622;44444;5737;8150;3674	2029	3326	4936.5	7844	5651.5	1926	1311	8459	1328.5	1750.5	3136.5	8905	8754.5	6004.5	1338.5	7360.5	7599.5	7408	8750.5	1229.5	8663	8980	8909	5806	107620	5381
ORTHO005998	phosphoglucose isomerase 1	AT4G24620	9570;9532;44435;44444;44424;44464;5575;5623;5622;5737;44446;44422;43226;43229;9536;43231;43227;44434;9507;9941;9526;31967;31975;6096;6090;32787;19752;43436;6082;71704;8152;8150;44281;44710;44699;44763;9987;44237;44724;44712;9056;44723;5975;44238;16052;1901575;6757;6091;46031;9150;6163;72521;46483;6725;1901360;34641;6807;1901564;9117;6753;19637;6793;55086;6139;6796;9259;19693;1901135;9179;9185;9132;9135;9167;9161;9123;9126;46128;9119;9116;1901657;42278;46034;9205;9144;9141;9199;6165;46939;16310;46496;19362;6733;6732;51186;72524;4347;16861;16860;16853;3824;3674;6094;6006;19318;5996;19319;46364;44283;44711;9058;16051;1901576;5982;6073;44042;5976;43170;44264;44260;44262;5829;9911;48582;48580;2000026;50793;50789;65007;51239;51240;48518;51094;2000243;2000241;9909;48831	2030	1898	3502.25	4974.5	4356	293	2328.5	4329	8053.5	1567.5	2290	3108	1352	8576.5	8726.5	7782	5404	6085	5502	4848	5637	6612.5	5171.5	2229	89895.5	4.494.775
ORTHO005387	GRAS family transcription factor	AT3G49950	6351;34645;44260;43170;71704;8152;8150;44237;9987;9059;1901576;9058;44249;97659;32774;16070;90304;6139;46483;6725;1901360;34641;6807;44238;34654;19438;44271;18130;1901362;10467;3700;1071;3674;2001141;31326;9889;19222;50789;65007;31323;50794;51252;19219;80090;51171;60255;10556;6355;1903506;10468;2000112;5634;43231;43227;43226;5575;43229;44424;44464;5623;5622	2031	2420	1623	1215	1281	4068.5	7389.5	4077.5	3991.5	4743	4259	567	1352	4486	5907.5	6712.5	3299	3121	598.5	3976	593.5	1466	3240.5	1311	65159.5	3.257.975
ORTHO004619	Reticulon family protein	AT2G15280;AT3G19460	5739;43231;43227;43226;5575;43229;44424;44464;5623;5622;44444;5737;3674;16021;31224;44425;16020;5789;98588;31090;44422;44432;44446;5783;12505;42175;8150	2032	532	1637.5	1243	672.5	113	1672.5	602	597.5	4447.5	1312.5	4239	1352	5318	988	508.5	1994.5	8458	9023	8832.5	249	9036.5	2943	3799.5	65486.5	3.274.325
ORTHO006700	SUMO-activating enzyme 2	AT2G21470	46872;43169;43167;5488;3674;5524;35639;1901265;1901363;97159;43168;32559;30554;17076;166;36094;32555;32553;97367;32550;32549;1882;1883;19948;8641;16877;16874;3824;8152;8150;5515;9793;44702;22414;44699;3006;32502;9790;44767;48856;7275;44707;32501;48316;48608;61458;48731;9791;10154;16925;18205;18193;6464;36211;19538;43170;71704;44238;43412;44267;44260;44237;9987;32446;70647;5634;43231;43227;43226;5575;43229;44424;44464;5623;5622;5829;44444;5737;9506;5911;30054;55044	2033	800	1438.5	844	672.5	3768.5	776.5	3421	3504.5	5397.5	5286	21.5	1352	9130	6748	976.5	252.5	8946.5	2454	2156.5	2827	510	228.5	2229	59986	2999.3
ORTHO003148	Survival protein SurE-like phosphatase/nucleotidase	AT1G72880	5737;44424;44464;5575;5623;5622;16787;3824;3674;8152;8150;8252;16791;42578;16788;16311;6796;6793;44237;9987;3993	2034	4326	2552.5	3071	5439	1227	2528	6323	8968	1318	1312.5	998	1352	1800.5	5523	3976.5	400	3949	7464	8590.5	5170.5	4873	6854	6949.5	79577	3978.85
ORTHO000640	FUNCTIONS IN: molecular_function unknown	AT1G79090;AT3G22270;AT4G14990	290;956;6402;16071;16070;44260;43170;71704;8152;8150;44237;9987;90304;6139;46483;6725;1901360;34641;6807;44238;6401;44265;9057;1901575;9056;44248;34655;19439;44270;1901361;46700;288;932;36464;35770;30529;32991;5575;44424;44464;5623;5622;43232;43228;43226;43229;44444;5737;5515;5488;3674;33962;70925;6996;16043;71840;22607;44085;22618;71826;43933;34622;65003;22613;45087;6952;6950;50896;6955;2376;3723;3676;1901363;97159	2035	3177	4950.5	7866	4356	299	6737	3480	3568	4023	4404	6327.5	8675.5	5445	892.5	1606	7194	8739	8936	2534.5	8850	8706	8520	8869	107806	5390.3
ORTHO002806	Proteasome component (PCI) domain protein	AT4G19006;AT5G45620	30163;19538;43170;71704;8152;8150;44238;9057;1901575;9056;8541;43234;32991;5575;44424;44464;5623;5622;5838;22624;502;6511;19941;51603;6508;44257;44265;44260;44237;9987;44248;44267;43632;5737;43248;43623;6461;65003;43933;16043;71840;22607;44085;71822;70271;34622;5198;3674;5829;44444;5634;43231;43227;43226;43229	2036	3115	4956	7876	4356	7658.5	5643	8789	5144	2101.5	9153	5019	1352	5238.5	599	6712.5	2287	7870.5	8968.5	8905.5	2985	8736	2834	7860.5	107857	5392.85
ORTHO006435	photosystem II subunit Q-2	AT4G05180	9535;55035;42651;34357;16020;5575;44436;44424;44464;5623;5622;9579;44435;44444;5737;44446;44422;43226;43229;9536;43231;43227;31976;31984;44434;9507;9534;9543;31978;31977;30095;98807;98796;43234;32991;44425;9523;9521;9654;1990204;1902494;18119;17014;6464;36211;19538;43170;71704;8152;8150;44238;43412;44267;44260;44237;9987;18198;18193;9570;9532;5509;46872;43169;43167;5488;3674;48046;5576	2037	2787	4125.5	6214	4356	8686	875.5	229	1328.5	2856.5	2992.5	5150	8929.5	4807.5	382.5	6075	7721	8114.5	2207	518	8990	8879	9093.5	8615.5	96451	4822.55
ORTHO002167	PAP/OAS1 substrate-binding domain superfamily	AT3G51620	3674;5634;43231;43227;43226;5575;43229;44424;44464;5623;5622;8150	2038	4248	3581	5124	2982.5	930.5	5746.5	4640	2570.5	855	4485.5	6240	1352	6764.5	6969.5	7782	5240.5	8297	1407	3659	2660.5	6759.5	6854	7453	90666.5	4.533.325
ORTHO003703	DEAD box RNA helicase (PRH75)	AT5G62190	10501;16070;44260;43170;71704;8152;8150;44237;9987;90304;6139;46483;6725;1901360;34641;6807;44238;5730;44428;44446;44422;5575;43226;44424;44464;5623;5622;43229;5634;43231;43227;43232;43228;31981;70013;43233;31974;4004;8186;42623;16887;17111;16462;16818;16817;16787;3824;3674;3724;4386;8026;70035;17151;19899;5515;5488	2039	2304	4163.5	6288	1689.5	2672	5746.5	7527.5	8359.5	555.5	1623	8547	1352	7909	8942.5	7782	1102.5	6657.5	7676.5	2635.5	914	7183	6854	2850	96889.5	4.844.475
ORTHO000419_3	ACT domain repeat 4	AT1G69040;AT2G03730	9507;9536;43231;43227;43226;5575;43229;44424;44464;5623;5622;44444;5737;6521;80090;19222;50789;65007;8150;10565;31323;50794;33238;51171;5829;9735;9725;9719;50896;10033;42221;16597;31406;43177;36094;5488;3674;43168;43167;8152	2040	550	3667	5294	672.5	585	6700.5	446.5	1625	210.5	865	2937.5	8993.5	8897	6687	267	5240.5	7597	8200	4586	8850	8454	8775	1546.5	91463.5	4.573.175
ORTHO005963	NAC domain containing protein 58	AT3G18400	6355;1903506;2001141;31326;9889;19222;50789;65007;8150;31323;50794;51252;19219;80090;51171;60255;10556;10468;2000112;3700;1071;3674;7275;44767;32502;44699;44707;32501;3677;3676;1901363;5488;97159;5634;43231;43227;43226;5575;43229;44424;44464;5623;5622;6351;34645;44260;43170;71704;8152;44237;9987;9059;1901576;9058;44249;97659;32774;16070;90304;6139;46483;6725;1901360;34641;6807;44238;34654;19438;44271;18130;1901362;10467	2041	2049	1838	1635	4356	6966	5504	1289.5	393.5	502	1211	551.5	1352	4616	6425.5	1830	5329.5	5720	5128	3448	6431	4970.5	5617	2003.5	69288.5	3.464.425
ORTHO001710	zinc ion binding	AT2G22690;AT4G37880;AT5G09630	5634;43231;43227;43226;5575;43229;44424;44464;5623;5622;8270;46914;46872;43169;43167;5488;3674;8150	2042	2187	1675	1308	4356	3511	1577.5	917.5	702.5	14.5	744	409.5	7743	4616	6545	1830	400	5720	926	5337	7672.5	6429	6854	4291.5	66240.5	3.312.025
ORTHO005465	light-harvesting chlorophyll-protein complex I subunit A4	AT3G47470	9941;9526;31967;31975;44464;5575;5623;44446;44422;43226;44424;5622;43229;43227;44435;44444;5737;9536;43231;44434;9507;9535;55035;42651;34357;16020;44436;9579;31976;31984;9534;16168;46906;1901363;5488;3674;97159;9768;9765;6091;44237;8152;8150;9987;19684;15979;10287;9570;9532;9416;9314;9628;50896;30076;43234;32991;9523;9521;98796;44425;9522;16021;31224;80167;31409	2043	4108	2343	2643	2375	1381.5	2791.5	5813.5	6712.5	5898.5	6173.5	3422.5	3279.5	3815.5	2702.5	3976.5	3589	2724.5	3321.5	6467.5	5061.5	2923.5	5021	1906.5	76982.5	3.849.125
ORTHO002042	mitogen-activated protein kinase phosphatase 1	AT3G55270	4725;4721;16791;42578;16788;16787;3824;3674;8152;8150;16311;6796;6793;44237;9987;6470;6464;36211;19538;43170;71704;44238;43412;44267;44260;35335;17017;33549;188;43407;71901;6469;45859;43549;42325;19220;51174;31323;50794;50789;65007;19222;51338;50790;65009;1932;31399;32268;51246;80090;60255;1933;42326;45936;10563;31324;48523;48519;9892;31400;32269;51248;10605;33673;51348;43086;44092;71900;43405;43408;1902531;9966;10646;48583;23051;43409;1902532;9968;48585;10648;23057;8138;5829;44444;44424;44464;5575;5623;5622;5737;6952;6950;50896;5634;43231;43227;43226;43229;10224;9411;9416;9314;9628;9651;6970;10225	2044	2326	3882.5	5721	4356	8440.5	7562.5	1484	7899.5	450.5	3136.5	6316	7377.5	7213.5	8276	2476	1432.5	6265.5	1359	4586	4445	5924	5295.5	3721	93661	4683.05
ORTHO000644	UDP-xylose synthase 4	AT2G47650;AT3G53520;AT3G62830	5794;43231;43227;43226;5575;43229;44424;44464;5623;5622;44444;5737;12505;5774;44437;44446;44422;5773;98588;31090;16020;98805;5768;42732;19321;5996;44723;5975;71704;8152;8150;44238;44710;44699;44281;33320;33319;9225;6139;46483;44237;9987;6725;1901360;34641;6807;1901135;9226;1901137;1901576;9058;34654;19438;44249;44271;18130;1901362;48040;16831;16830;16829;3824;3674;5802;98791;44431;31984;5886;71944;50662;48037;5488;139;19305;46383;8460;16836;16835	2045	4561	4861	7677	5938.5	8600	888	2000	8509.5	5018.5	1144	9006.5	8675.5	8456.5	8572	2476	276	6590	8773.5	696	408.5	8588.5	8700	8763	106142	5307.1
ORTHO003132	tryptophan synthase alpha chain	AT3G54640;AT4G02610	33984;16832;16830;16829;3824;3674;8152;8150;162;6568;9072;6725;44237;9987;1901360;71704;6520;1901564;6807;19752;43436;6082;44281;44710;44699;44763;44238;1901605;6586;42430;46483;34641;6576;44106;9308;9073;19438;44249;9058;1901362;1901576;8652;46394;16053;44283;44711;1901566;46219;42435;44271;18130;42401;9309;1901607;9570;9532;44435;44444;44424;44464;5575;5623;5622;5737;44446;44422;43226;43229;9536;43231;43227;44434;9507;42742;9617;51707;43207;9605;50896;9607;51704;98542;6952;6950;52544;52542;52545;33037;33036;51179;52543;52386;42545;71555;45229;16043;71840;71554;70727;51641;1902580;1902578;52482;33554;51716;4834;16836;16835;9630;9606;9629;9628;9735;9725;9719;10033;42221;9851;42446;42445;10817;65008;65007;9850	2046	862	2849	3652	69	7516.5	2528	8918.5	3162.5	5792	1211	7312.5	1352	5983	2702.5	1153	7788.5	8759	2270	2665	2392	7087	4006.5	168.5	82768	4138.4
ORTHO001609	TRICHOME BIREFRINGENCE-LIKE 33	AT2G40320;AT3G11030	16413;16407;16747;16746;16740;3824;3674;8152;8150;8374;5794;43231;43227;43226;5575;43229;44424;44464;5623;5622;44444;5737;12505;71554;9987;9507;9536	2047	454	1575.5	1104	248.5	2953.5	6382	1204.5	6379.5	136	513.5	1854	8754.5	6971	8838	267	1882.5	6590	629.5	112	1078.5	6182.5	1979	1029	63736.5	3.186.825
ORTHO003020	HR-like lesion-inducing protein-related	AT4G14420	5794;43231;43227;43226;5575;43229;44424;44464;5623;5622;44444;5737;12505;5783	2048	2988	1991.5	1935	5151.5	8892	1330.5	4462	6712.5	5136	3426.5	197	1352	8825.5	5799	1307	8766.5	7870.5	3021.5	2935	471	433	111	1090.5	72139	3606.95
ORTHO006150	Ribophorin I	AT1G76400	8250;98796;43234;32991;5575;44425;16020;44432;44444;44424;44464;5623;5622;5737;44446;44422;43226;43229;5783;43231;43227;12505;1990234;1902494;5789;98588;31090;42175;4579;4576;16758;16757;16740;3824;3674;8152;8150;18279;18196;18193;6464;36211;19538;43170;71704;44238;43412;44267;44260;44237;9987;6487;6486;44763;44699;43413;70085;44723;5975;44710;9101;9100;1901135;34645;9059;1901576;9058;44249;1901137;9507;9536	2049	751	2659.75	3270.5	672.5	4319	6506	4571	1994.5	1318	1414	4841.5	4151.5	8825.5	6574	797.5	935.5	7273.5	5430	662	7925	7897.5	4131	1156	80723	4036.15
ORTHO003886	alpha/beta-Hydrolases superfamily protein	AT4G37470	9704;9416;9314;9628;50896;8150;9640;9639;9791;44767;32502;44699;44707;32501;7275;16787;3824;3674;8152;5737;44424;44464;5575;5623;5622;5634;43231;43227;43226;43229;5829;44444;80167	2050	904	3029	4008	4356	8214	1672.5	3230.5	98	582	4974.5	5600.5	1352	6764.5	8726.5	2476	3322.5	7677.5	1748	4809.5	8771.5	6512.5	5617	2699.5	84849	4242.45
ORTHO000475_2	Leucine-rich receptor-like protein kinase family protein	AT3G28040	5524;35639;1901265;1901363;5488;3674;97159;43168;43167;32559;30554;17076;166;36094;32555;32553;97367;32550;32549;1882;1883;6468;16310;6796;6793;44237;8152;8150;9987;6464;36211;19538;43170;71704;44238;43412;44267;44260;7169;7167;7166;7165;50794;50789;65007;51716;50896;7154;44763;44699;44700;23052;4674;4672;16301;16772;16740;3824;16773;5886;16020;5575;44464;5623;71944	2051	1712	2211.75	2372.5	4356	8412.5	822.5	834.5	2979	763	3269.5	9082.5	1352	5199	693	1429.5	8462.5	7910.5	1253	1980	2890	8454	2637	6669	75093	3754.65
ORTHO005421	Integrase-type DNA-binding superfamily protein	AT1G64380	9873;160;35556;7165;50794;50789;65007;8150;51716;9987;50896;7154;44763;44699;44700;23052;9755;32870;9725;9719;10033;42221;71495;71310;70887;71369;9723;5634;43231;43227;43226;5575;43229;44424;44464;5623;5622;6355;1903506;2001141;31326;9889;19222;31323;51252;19219;80090;51171;60255;10556;10468;2000112;3700;1071;3674;6351;34645;44260;43170;71704;8152;44237;9059;1901576;9058;44249;97659;32774;16070;90304;6139;46483;6725;1901360;34641;6807;44238;34654;19438;44271;18130;1901362;10467;3677;3676;1901363;5488;97159;10200;10243;1901698;1901700	2052	2277	2581.5	3111	4356	7677.5	5735	805.5	1430.5	5043.5	3269.5	5096	3823	6414.5	8118	7782	3891.5	5221.5	1031	2534.5	1840	3854	4632	1580.5	79780	3989
ORTHO004740	expansin A7	AT1G12560	16020;5575;9828;9827;42545;71555;45229;16043;71840;8150;9987;71554;9664;71669;5576;48767;60560;48589;44767;32502;44699;40007;9653;48856;48588;16049;44763;48468;48869;30154;80147;48765;10053;90627;10015;48364;48513;48731;7275;44707;32501;22622;90558;9888;48764;48469;21700;10054;9826;902;32989;9831;42547;9825;5618;30312;44464;5623;71944	2053	4443	5560	9067	5439	1859.5	4698	7244.5	7748	7125	8314	5295.5	8094	8776.5	5718	7782	5962.5	6145	8394	8632.5	5839	7992	8436	7656.5	131712.5	6.585.625
ORTHO000448_1	nuclear RNA polymerase D2B	AT3G18090;AT3G23780;AT4G21710	5634;43231;43227;43226;5575;43229;44424;44464;5623;5622;3677;3676;1901363;5488;3674;97159;3899;34062;16779;16772;16740;3824;8152;8150;32774;9059;43170;71704;1901576;9058;16070;44260;44237;9987;90304;6139;46483;6725;1901360;34641;6807;44238;34654;19438;44249;44271;18130;1901362;16020;6351;34645;97659;10467;1055;6366;31047;16458;10629;10605;9892;48519;50789;65007;19222;60255;10468;44763;44699;6306;43414;32259;43412;6305;6304;6259;44728;40029;5720;790;785;44427;44446;44422;5694;43232;43228;32991;44454;44428;228;31981;70013;43233;31974;792;30880;61695;1990234;1902494;43234;419;55029;428;46872;43169;43167;6355;1903506;2001141;31326;9889;31323;50794;51252;19219;80090;51171;10556;2000112;30422;70918;31050;6396;44710;71359;71407;14070;10033;42221;50896;71310;70887;51716;43331;1901698;1901699;16246;35194;16441;10608;418;44451;5654;50832;98542;6952;6950;51707;43207;9605;9607;51704;9620;5515;50776;2682;48583;5665;16591;5829;44444;5737;9506;5911;30054;55044;9793;44702;22414;3006;32502;9790;44767;48856;7275;44707;32501;48316;48608;61458;48731;9791;10154	2054	1256	1749	1444	1436	8169	1011	3325	7691.5	1800	982	5543	1352	5129	473.5	1239.5	2495	8868.5	2377.5	3108	3079.5	7520.5	591	3055	67810.5	3.390.525
ORTHO003625	ATP phosphoribosyl transferase 2	AT1G09795;AT1G58080	105;19438;6725;44237;8152;8150;9987;44249;9058;6547;1901605;6520;1901564;71704;6807;19752;43436;6082;44281;44710;44699;44763;44238;52803;46483;1901360;34641;1901607;8652;46394;16053;44283;44711;1901576;1901566;18130;1901362;9507;9536;43231;43227;43226;5575;43229;44424;44464;5623;5622;44444;5737;9570;9532;44435;44446;44422;44434;287;46872;43169;43167;5488;3674;3879;16763;16757;16740;3824	2055	2897	3533	5011	4356	3334	6407	7084	8596	7485	4684	2291.5	3642	6764.5	6867.5	2476	7840	7525.5	1719	1509.5	5988	1466	1235	3179.5	90094	4504.7
ORTHO004612	Homeobox-leucine zipper protein family	AT2G22800;AT4G37790	6355;1903506;2001141;31326;9889;19222;50789;65007;8150;31323;50794;51252;19219;80090;51171;60255;10556;10468;2000112;43565;3677;3676;1901363;5488;3674;97159;5634;43231;43227;43226;5575;43229;44424;44464;5623;5622;3700;1071;6351;34645;44260;43170;71704;8152;44237;9987;9059;1901576;9058;44249;97659;32774;16070;90304;6139;46483;6725;1901360;34641;6807;44238;34654;19438;44271;18130;1901362;10467;9735;9725;9719;50896;10033;42221	2056	4482	2951	3846	2982.5	8007.5	7422	6142.5	5028	3547	2216.5	3218	6617.5	4134.5	5413.5	6712.5	4666	2199.5	154	3850	4668.5	2061	1289.5	6553	83901	4195.05
ORTHO004561	glutaredoxin-related	AT3G11920	15035;15036;16667;16491;3824;3674;8152;8150;55114;44710;44699;35556;7165;50794;50789;65007;51716;9987;50896;7154;44763;44700;23052;45454;19725;42592;65008;5634;43231;43227;43226;5575;43229;44424;44464;5623;5622;9055	2057	1762	2164	2271	1281	3466.5	575	2044	4209	5874.5	4802	632	1352	6004.5	8316.5	2476	5240.5	9003.5	7464	971	1149	5376	3322	2166	74444	3722.2
ORTHO000570_1	Beta-glucosidase; GBA2 type family protein	AT3G24180	5886;16020;5575;44464;5623;71944;6680;6678;6677;6672;43603;34641;6807;8152;8150;44237;9987;6665;1901564;71704;6643;44255;6629;44710;44699;44238;44763;6687;6664;1903509;1901135;46477;46479;30149;1901565;1901575;9056;46466;44242;16042;44712;44248;19377;1901136;46514;4348;4553;16798;16787;3824;3674;16021;31224;44425	2058	247	1484.5	911	248.5	113	1672.5	4154.5	8359.5	52.5	2129.5	431	1352	8072	8429	267	1482.5	6590	2712.5	4778	4946	1154	3393.5	945.5	61034.5	3.051.725
ORTHO002543	ferredoxin 1	AT1G10960;AT1G60950	9570;9532;44435;44444;44424;44464;5575;5623;5622;5737;44446;44422;43226;43229;9536;43231;43227;44434;9507;22900;6091;44237;8152;8150;9987;55114;44710;44699;44763;80167;9628;50896;51537;51536;51540;5488;3674;9055;46872;43169;43167;9767;19684;15979;9643;9642;9416;9314	2059	2311	2422.5	2786	4356	3050.5	3129.5	676	8656.5	4213.5	4016	863	1352	6369.5	1254.5	1996.5	1888	6737.5	802.5	9090	8300	8205.5	2630	4541	77772	3888.6
ORTHO001914	CRINKLY4 related 3	AT3G55950	5886;16020;5575;44464;5623;71944;16301;16772;16740;3824;3674;8152;8150;16310;6796;6793;44237;9987;42803;42802;5515;5488;46983	2060	3062	2738.5	3417	4356	176	2414	1013.5	4452.5	1842.5	8820	743.5	5740	3815.5	5034.5	3976.5	3891.5	4253	4607.5	4392	6696	5213.5	7244	7223	81549	4077.45
ORTHO003615	Homeodomain-like superfamily protein	AT1G09710	3677;3676;1901363;5488;3674;97159;5634;43231;43227;43226;5575;43229;44424;44464;5623;5622;3682;44877	2061	3005	2836.5	3612	4356	819.5	1789.5	7084	7831	2025.5	8892.5	632	6397.5	3815.5	5254.5	6712.5	235.5	5221.5	692	8214	5637	3026	4843.5	3447.5	82571	4128.55
ORTHO004123	peroxin 11c	AT1G01820;AT2G45740	5777;42579;43231;43227;43226;5575;43229;44424;44464;5623;5622;44444;5737;16559;48285;6996;16043;71840;8150;9987;7031;9506;5911;30054;55044;5779;31231;44439;44438;44446;44422;31300;31224;44425;16020;31090;5778;31903;98588;98805;31301;16021;3674;44375;32535;90066;65008;65007;44763;44699;42802;5515;5488;5739;9507;9536	2062	2272	1061	60	4356	3066	398	3971	4073.5	6288	478.5	409.5	1352	138	136.5	1202.5	6409	439.5	58	461.5	2333	300.5	1121.5	248.5	32885	1644.25
ORTHO007884	Ribosomal protein L21	AT4G30930	9507;9536;43231;43227;43226;5575;43229;44424;44464;5623;5622;44444;5737;6412;43043;43604;43603;34641;6807;8152;8150;44237;9987;44271;44249;9058;6518;1901564;71704;1901566;1901576;44267;19538;43170;44238;44260;34645;9059;10467;5840;30529;32991;43232;43228;10197;741;48284;6996;16043;71840;6997;9559;30154;48869;44767;32502;44699;44763;9561;44707;32501;9553;48229;7275;48856;9567;9566;44702;22414;19953;44703;51704;3;3735;5198;3674;7338;44822;3723;3676;1901363;5488;97159;9555;5739	2063	1937	2637	3211	1689.5	4278	5238	4424	1839.5	52.5	1810	2160	1352	8638.5	8893	2476	1102.5	6265.5	4830.5	3528.5	6578.5	7016	7244	2623	80350	4017.5
ORTHO003680	Protein of unknown function (DUF3527)	AT4G11450	8150;5634;43231;43227;43226;5575;43229;44424;44464;5623;5622	2064	372	1493	922	248.5	640.5	5075.5	4503	75.5	3972	4997	4059.5	1352	5856.5	3936.5	136	8838	8179	1537.5	2534.5	2448.5	810	1035	1188	61174.5	3.058.725
ORTHO002699	wound-responsive family protein	AT1G21610;AT1G77310	3677;3676;1901363;5488;3674;97159;5634;43231;43227;43226;5575;43229;44424;44464;5623;5622;9611;6950;50896;8150;3700;1071;2001141;31326;9889;19222;50789;65007;31323;50794;51252;19219;80090;51171;60255;10556;6355;1903506;10468;2000112;6357	2065	3278	5510.5	8956	2097	3684	9052	3038.5	8721	5376	9123	8921.5	8754.5	5411.5	892.5	6712.5	7615.5	7335.5	1922	7408.5	8438.5	8763	8881.5	6949.5	127001	6350.05
ORTHO002176	Protein kinase superfamily protein	AT2G40980	16310;6796;6793;44237;8152;8150;9987;5634;43231;43227;43226;5575;43229;44424;44464;5623;5622;5886;16020;71944;16301;16772;16740;3824;3674	2066	1461	3160.5	4255	4356	3542.5	1118	8778	4209	7094.5	3879	409.5	1352	9065	6748	2476	9134.5	9032.5	8539	1869	1786	193	147	6801.5	86174	4308.7
ORTHO001509	A20/AN1-like zinc finger family protein	AT1G51200	3677;3676;1901363;5488;3674;97159;5634;43231;43227;43226;5575;43229;44424;44464;5623;5622;8270;46914;46872;43169;43167;8150	2067	3200	1950.5	1834	2097	923	254.5	3504.5	3019	4515	4188.5	7421.5	1352	6971	7017.5	7782	1581	8139	1335	1129.5	421	2433.5	1681.5	7656.5	71325.5	3.566.275
ORTHO004628	Aluminium induced protein with YGL and LRDR motifs	AT4G27450	5886;16020;5575;44464;5623;71944;6541;9064;1901605;6520;1901564;71704;8152;8150;6807;19752;43436;6082;44281;44710;44699;44763;9987;44237;44238;5515;5488;3674;5634;43231;43227;43226;43229;44424;5622;5829;44444;5737;9506;5911;30054;55044	2068	2008	1775	1482	4356	1423	312	153.5	800	3921.5	1981	2851	1352	6047	8726.5	2476	6027	6330	6785	884	1982	6791.5	6854	2382	68079	3403.95
ORTHO006147	Basic-leucine zipper (bZIP) transcription factor family protein	AT5G11260	5515;5488;3674;31539;31537;80090;19222;50789;65007;8150;9893;48518;3677;3676;1901363;97159;10017;7165;50794;51716;9987;50896;7154;44763;44699;44700;23052;71489;9639;9416;9314;9628;71482;71478;71214;5634;43231;43227;43226;5575;43229;44424;44464;5623;5622;9640;9791;44767;32502;44707;32501;7275;3700;1071;2001141;31326;9889;31323;51252;19219;51171;60255;10556;6355;1903506;10468;2000112;6351;34645;44260;43170;71704;8152;44237;9059;1901576;9058;44249;97659;32774;16070;90304;6139;46483;6725;1901360;34641;6807;44238;34654;19438;44271;18130;1901362;10467;80167;3690;43566;10224;9411;9585;7602;9583;9582;51606;9581;9605;10099;48580;2000026;50793;51239;2000030;48583;9740;10476;9755;32870;9725;9719;10033;42221;71495;71310;70887;71370;9739;33993;1101;1901700;71396;71229;1901701;9963;9891;9962;42753;42752;10114;10218;9737;97305	2069	3995	3292.5	4516	4356	1658.5	1204	3758.5	5484	7782	1981	4724	8205.5	5500	1109.5	6712.5	1356.5	8196	2632.5	3563	753.5	8425.5	8551.5	5806	87404	4370.2
ORTHO004034	FUNCTIONS IN: molecular_function unknown	AT1G05320;AT2G32240	3674;5737;44424;44464;5575;5623;5622;46686;10038;10035;42221;50896;8150;9737;9725;9719;10033;33993;97305;1901700;1101;5886;16020;71944	2070	1102	1259	448	944.5	2981	5849	4373.5	1753	2319.5	744	3686.5	5338.5	4295.5	5254.5	1239.5	6825	1669.5	1901	493	1462.5	729	128.5	200.5	51243.5	2.562.175
ORTHO004199	Eukaryotic translation initiation factor 2B (eIF-2B) family protein	AT1G53880;AT1G53900;AT1G72340	6446;6417;10608;10468;60255;19222;50789;65007;8150;32268;51246;80090;31323;50794;34248;51171;2000112;31326;9889;10556;3743;8135;3723;3676;1901363;5488;3674;97159;6412;43043;43604;43603;34641;6807;8152;44237;9987;44271;44249;9058;6518;1901564;71704;1901566;1901576;44267;19538;43170;44238;44260;34645;9059;10467;6413;5525;35639;1901265;43168;43167;32550;32549;1882;36094;97367;1883;32561;19001;17076;166;32555;32553;5851;43234;32991;5575;44444;44424;44464;5623;5622;5737;5085;98772;43547;43087;51336;50790;65009;51345;43085;44093;9893;48518;9507;9536;43231;43227;43226;43229	2071	1676	3832	5593	1281	2837	2627.5	488	635	642.5	1144	4841.5	8950	4830	327	1429.5	8849	8411.5	9122	8843	9120	8900	3001.5	7997	92996	4649.8
ORTHO004625	Bifunctional inhibitor/lipid-transfer protein/seed storage 2S albumin superfamily protein	AT2G13820;AT5G64080	5886;16020;5575;44464;5623;71944;8289;5488;3674;6869;44765;6810;51234;51179;8150;1902578;44699;71702;10876;33036;46658;31226;44459;44425;31224;31225;5576	2072	2724	3227	4382	4356	1500	7714.5	4312	1133	4036	1144	4059.5	7031	6971	7195	2476	1396.5	6085	5430	4848	5265	6512.5	5762.5	3920	86791.5	4.339.575
ORTHO005960	Translation initiation factor 2; small GTP-binding protein	AT1G17220	9507;9536;43231;43227;43226;5575;43229;44424;44464;5623;5622;44444;5737;9941;9526;31967;31975;44446;44422;44435;44434;6413;44237;8152;8150;9987;6412;43043;43604;43603;34641;6807;44271;44249;9058;6518;1901564;71704;1901566;1901576;44267;19538;43170;44238;44260;34645;9059;10467;3924;17111;16462;16818;16817;16787;3824;3674;9570;9532;3743;8135;3723;3676;1901363;5488;97159	2073	779	2455.5	2838	672.5	2425	187.5	129.5	280	1604.5	4732	7526	1352	9001	6687	797.5	3796.5	8943	2419.5	1698.5	8952.5	8330.5	8202.5	1029	78094	3904.7
ORTHO001061	Major facilitator superfamily protein	AT3G01930;AT5G14120;AT5G50520;AT5G50630	5886;16020;5575;44464;5623;71944;5774;44437;44444;44424;5622;5737;44446;44422;43226;43229;5773;43231;43227;98588;31090;98805;5576	2074	2940	1388.5	703	1408	1658.5	1224.5	2903.5	6379.5	5709.5	5393	1889	4617.5	3815.5	4705.5	2080.5	3006.5	1780	2886.5	616.5	3296.5	1827.5	2650	1009	57449	2872.45
ORTHO002101_1	Glucose-6-phosphate/phosphate translocator-related	AT5G46110	9941;9526;31967;31975;44464;5575;5623;44446;44422;43226;44424;5622;43229;43227;44435;44444;5737;9536;43231;44434;9507;15297;15291;22804;22857;5215;3674;6810;51234;51179;8150;55085;44763;9987;44699;44765;1902578;15717;1901264;71702;15748;35436;5739;9534;31976;9579;31984;16021;31224;44425;16020;31969;42170;31090;15714;15718;46942;15849;15711;6820;6811;1903825;98656;34220;34219;8643;15120;1901505;42879;15144;22891;22892;1901476;8028;46943;8514;8509;15075;5342;42873;15605;1901677;15713;9643;9642;9416;9314;9628;50896;71917	2075	933	2160.25	2245.5	4356	8865	924	143.5	3262	8319	5215	6908.5	1352	6542.5	8163.5	797.5	3235	8196	2493.5	1698.5	914	3609.5	1498	2091	74228	3711.4
ORTHO001467	Tudor/PWWP/MBT superfamily protein	AT3G09670;AT5G02950	5634;43231;43227;43226;5575;43229;44424;44464;5623;5622;8150;3674	2076	3320	4013	5950	2097	3632	1672.5	1263.5	1133	2496	1623	597.5	8675.5	8378.5	8203.5	5325.5	210.5	6896	552.5	9112	8952.5	8533	8881.5	8891	95029.5	4.751.475
ORTHO000488_2	uridine kinase-like 3	AT1G55810;AT4G26510	16301;16772;16740;3824;3674;8152;8150;16310;6796;6793;44237;9987;6206;9112;55086;6139;46483;6725;1901360;71704;34641;6807;44238;44281;44710;44699;44763;1901564;72527;43097;43174;43094;44249;9058;9163;1901659;1901137;1901135;1901576;1901657;44711;1901566;34654;19438;44271;18130;1901362;9116;46134;72528;6213;8655;5524;35639;1901265;1901363;5488;97159;43168;43167;32559;30554;17076;166;36094;32555;32553;97367;32550;32549;1882;1883;5829;44444;44424;44464;5575;5623;5622;5737;4845;16763;16757;4849;19206;19205;9165;1901293;90407;19637;6753;9117;6222;9220;9260;46390;19693;9259;9218;6220;6221;9174;9173;9161;9123;9129;9130;9124;9156;46132;46131;9119;42455;46049	2077	2163	2637.5	3198	4356	8278	5105.5	8878	5754	3706.5	128.5	863	6804.5	4486	6137	6712.5	935.5	7117	552.5	3976	2356.5	2328.5	4586	1580.5	80286	4014.3
ORTHO005785	HSP20-like chaperones superfamily protein	AT5G54660	3674;5737;44424;44464;5575;5623;5622;8150	2078	2406	3766.5	5455	1689.5	2672	6670	7290.5	1994.5	2170.5	5497	3108	7743	7779.5	8638.5	7782	2248.5	6217	6265.5	3830	5903.5	1228	1235	4060.5	92333.5	4.616.675
ORTHO002943	Lactate/malate dehydrogenase family protein	AT4G17260	9651;6970;9628;50896;8150;6950;44262;5975;71704;8152;44238;44237;9987;55114;44710;44699;4459;4457;16614;16491;3824;3674;16616;19752;43436;6082;44281;44763;5737;44424;44464;5575;5623;5622;5829;44444;9737;9725;9719;10033;42221;33993;97305;1901700;1101;5886;16020;71944	2079	1221	2392	2705	4356	5351.5	3628.5	4462	4602.5	1926.5	1144	2597	1352	7779.5	8726.5	797.5	562	6590	7042	3850	2506	6831.5	5263	2382	77394	3869.7
ORTHO000765_2	SIT4 phosphatase-associated family protein	AT1G30470	5634;43231;43227;43226;5575;43229;44424;44464;5623;5622;8150;5774;44437;44444;5737;44446;44422;5773;98588;31090;16020;98805;3674	2080	1054	1603.5	1127	4356	2887.5	4638.5	229	3312	642.5	2402	4905	1352	8969	6748	2476	867	7446.5	904	860	1552.5	8029.5	2953.5	2850	64024.5	3.201.225
ORTHO005169	Integrase-type DNA-binding superfamily protein	AT5G18560	9873;160;35556;7165;50794;50789;65007;8150;51716;9987;50896;7154;44763;44699;44700;23052;9755;32870;9725;9719;10033;42221;71495;71310;70887;71369;9723;44212;975;3677;3676;1901363;5488;3674;97159;1067;3700;1071;2001141;31326;9889;19222;31323;51252;19219;80090;51171;60255;10556;6355;1903506;10468;2000112;9908;90567;48608;3006;32502;22414;48856;61458;48731;7275;44767;44707;32501;44702;9791;48367;10582;10022;10073;48507;9888;48513;10102;10101;10015;9653;48364;22622;9886;48528;48569;48527;5634;43231;43227;43226;5575;43229;44424;44464;5623;5622;6351;34645;44260;43170;71704;8152;44237;9059;1901576;9058;44249;97659;32774;16070;90304;6139;46483;6725;1901360;34641;6807;44238;34654;19438;44271;18130;1901362;10467;10432;48827;10451;35266;48589;40007	2081	2607	4172.5	6264	5552	4827.5	1358	1780.5	6379.5	6934	5533.5	5150	7963	6144.5	1462	7360.5	6027	6737.5	8173	586	2189	7992	6413.5	3721	96732	4836.6
ORTHO005333	INVOLVED IN: protein processing	AT3G44330	9506;5911;30054;5575;55044;5886;16020;44464;5623;71944;9966;10646;50794;50789;65007;8150;48583;23051;16021;31224;44425;5774;44437;44444;44424;5622;5737;44446;44422;43226;43229;5773;43231;43227;98588;31090;98805;5794;12505;5739;5783;16485;6508;19538;43170;71704;8152;44238;51604;10467	2082	366	1255	428	672.5	505	7134.5	103	493.5	2846	478.5	1810.5	1352	6971	8868	1073.5	1507	6854.5	2788	2092	643	1228	2943	1188	50879	2543.95
ORTHO005544	Galactosyltransferase family protein	AT2G25300;AT4G32120	5794;43231;43227;43226;5575;43229;44424;44464;5623;5622;44444;5737;12505;139;98588;31090;16020;44422;44431;44446;16758;16757;16740;3824;3674;8152;8150;1990714;8378;6486;44763;9987;44699;6464;36211;19538;43170;71704;44238;43412;44267;44260;44237;43413;70085;44723;5975;44710;9101;9100;1901135;34645;9059;1901576;9058;44249;1901137;16021;31224;44425	2083	2317	1919.5	1756	4356	3334	288.5	3421	2069	7666.5	3136.5	6575.5	6804.5	6637	6867.5	2476	1816.5	8222	2092	2688	474.5	1466	1498	3005.5	70538.5	3.526.925
ORTHO000481_1	Ribosomal protein S4 (RPS4A) family protein	AT2G17360;AT5G07090;AT5G58420	5886;16020;5575;44464;5623;71944;5774;44437;44444;44424;5622;5737;44446;44422;43226;43229;5773;43231;43227;98588;31090;98805;3735;5198;3674;6412;43043;43604;43603;34641;6807;8152;8150;44237;9987;44271;44249;9058;6518;1901564;71704;1901566;1901576;44267;19538;43170;44238;44260;34645;9059;10467;22627;15935;44391;30529;32991;5840;43232;43228;44445;5829;22626;9507;9536;44822;3723;3676;1901363;5488;97159;5515;5730;44428;5634;31981;70013;43233;31974	2084	2356	3955.5	5827	1281	8169	1985	7461	1753	642.5	1810	998	1352	7387.5	8793	2476	6162	6388.5	7353.5	5519.5	6696	7038.5	7774	4586.5	94345.5	4.717.275
ORTHO006134	unknown protein	AT5G17510	5634;43231;43227;43226;5575;43229;44424;44464;5623;5622;8150;3674	2085	2643	1936	1787	4356	2557.5	5903	6906	5221.5	1028.5	1810	7783.5	6397.5	4415.5	4705.5	1830	3521.5	5221.5	4328.5	326.5	569	1910	3510.5	2850	70796	3539.8
ORTHO005890	Protein of unknown function (DUF616)	AT1G34550;AT4G09630	46686;10038;10035;42221;50896;8150;5634;43231;43227;43226;5575;43229;44424;44464;5623;5622;9793;44702;22414;44699;3006;32502;9790;44767;48856;7275;44707;32501;48316;48608;61458;48731;9791;10154;16757;16740;3824;3674;8152	2086	1085	2990	3894	1066.5	3351.5	345	1823.5	2611.5	6167	582	6374.5	8519	6047	6137	2080.5	3493.5	8899.5	2972	2455	8873.5	8644	3311.5	1487.5	84175	4208.75
ORTHO004126	phosphomannomutase	AT2G45790	5515;5488;3674;9298;19673;9225;6139;46483;44237;8152;8150;9987;6725;1901360;71704;34641;6807;44238;1901135;9226;1901137;1901576;9058;34654;19438;44249;44271;18130;1901362;4615;16868;16866;16853;3824;5737;44424;44464;5575;5623;5622;9651;6970;9628;50896;6950;19853;46394;16053;6082;44281;44710;44699;44763;44283;44711;19752;43436;46364;5996;44723;5975;16051;42364;6767;6766;9110;19852;19307;19319;19318;6013;5829;44444	2087	10	1478.5	870	83.5	52.5	7.5	3354	54.5	607.5	147	5823	1352	9065	7844	25.5	7873	8514.5	3730.5	1268.5	2701	5376	1866	660	60322	3016.1
ORTHO001271	annexin 1	AT1G35720;AT5G10220;AT5G10230;AT5G65020	9570;9532;44435;44444;44424;44464;5575;5623;5622;5737;44446;44422;43226;43229;9536;43231;43227;44434;9507;5524;35639;1901265;1901363;5488;3674;97159;43168;43167;32559;30554;17076;166;36094;32555;32553;97367;32550;32549;1882;1883;5886;16020;71944;9579;5544;5543;8289;70588;98662;98660;34220;6811;44765;6810;51234;51179;8150;1902578;44699;55085;44763;9987;98655;6812;6816;70838;72511;30001;6970;9628;50896;6950;5774;44437;5773;98588;31090;98805;71435;71805;71804;6813;15672;9409;9266;9651;9408;9506;5911;30054;55044;5618;30312;46686;10038;10035;42221;5509;46872;43169;6979;9414;9415;1101;1901700;5739;5507;46914;48046;5576;4601;16684;16491;3824;8152;55114;44710;16209;9737;9725;9719;10033;33993;97305;8270;5634;42803;42802;5515;46983;5829;9639;9416;9314;9986;15774;8643;71702;33037;33036	2088	3373	2048	2008	5172	3710	1428	1484	6493	7064	5423	6001.5	1352	5378	417.5	1239.5	74	8929.5	4914	3699	3162.5	7603.5	1538	2699.5	72610.5	3.630.525
ORTHO003613	Remorin family protein	AT2G41870;AT3G57540	5737;44424;44464;5575;5623;5622;3677;3676;1901363;5488;3674;97159;8150;5634;43231;43227;43226;43229	2089	3544	1949.5	1810	4356	3205.5	2791.5	8810.5	2134	4127	8606.5	2000.5	4738	4244	3047.5	1606	8494	2199.5	1031	6467.5	4103	961.5	591	1858	71016.5	3.550.825
ORTHO001743	Cysteine proteinases superfamily protein	AT3G48340;AT3G48350;AT5G50260	8234;70011;8233;16787;3824;3674;8152;8150;6508;19538;43170;71704;44238;4197;4175;51603;44257;30163;9057;1901575;9056;44265;44260;44237;9987;44248;44267;5576;5575;5764;323;5773;43231;43227;43226;43229;44424;44464;5623;5622;44444;5737;5615;44421;10623;12501;8219;16265;44699;44763;48869;44767;32502;48468;48856;30154;48658;3006;22414;48653;44702;48443;48827;48367;48731;7275;44707;32501;48437;48569;48513;9908;90567;48608;61458;9791;48466;48438;325;9505;5618;30312;71944;9555;48229	2090	2626	5233.5	8377	1812	7633.5	5718	2796	8847.5	1409.5	9153	5435.5	8898	5223.5	551	1429.5	1618.5	7801.5	8957	4392	8300	8510	8952	7952.5	113578.5	5.678.925
ORTHO006010	Protein of unknown function (DUF803)	AT3G26670	5886;16020;5575;44464;5623;71944;15095;72509;22890;8324;15075;22891;22857;5215;3674;6810;51234;51179;8150;55085;44763;9987;44699;44765;1902578;22892;34220;6811;98655;6812;72511;46873;30001;1903830;16021;31224;44425	2091	1342	2723	3355	4356	2557.5	1441	535	7183.5	1256.5	319	907	8519	8316	9140	2476	351	7151.5	6835.5	7647	1121	7725	4257.5	3447.5	81186.5	4.059.325
ORTHO003261	CCT motif -containing response regulator protein	AT5G61380	5515;5488;3674;9908;90567;48608;3006;32502;8150;22414;48856;61458;48731;7275;44767;44699;44707;32501;44702;9791;48367;6355;1903506;2001141;31326;9889;19222;50789;65007;31323;50794;51252;19219;80090;51171;60255;10556;10468;2000112;156;5057;4871;60089;7165;51716;9987;50896;7154;44763;44700;23052;35556;160;10629;10605;9892;48519;5634;43231;43227;43226;5575;43229;44424;44464;5623;5622;10031;50879;7623;48511;6351;34645;44260;43170;71704;8152;44237;9059;1901576;9058;44249;97659;32774;16070;90304;6139;46483;6725;1901360;34641;6807;44238;34654;19438;44271;18130;1901362;10467;3700;1071;3677;3676;1901363;97159	2092	2381	4666	7240	4356	1329	776.5	1780.5	1753	3147	9062.5	8370.5	8205.5	7779.5	8793	7782	6099.5	6388.5	7353.5	220.5	6696	6991	7729.5	2699.5	102957	5147.85
ORTHO004052	Leucine-rich repeat protein kinase family protein	AT5G45800	4674;4672;16301;16772;16740;3824;3674;8152;8150;16310;6796;6793;44237;9987;16773;6468;6464;36211;19538;43170;71704;44238;43412;44267;44260;5886;16020;5575;44464;5623;71944;7169;7167;7166;7165;50794;50789;65007;51716;50896;7154;44763;44699;44700;23052;5524;35639;1901265;1901363;5488;97159;43168;43167;32559;30554;17076;166;36094;32555;32553;97367;32550;32549;1882;1883;9793;44702;22414;3006;32502;9790;44767;48856;7275;44707;32501;48316;48608;61458;48731;9791;10154	2093	2858	1258	423	1522.5	7616	2190	2647.5	267.5	2235	1623	2729	1352	4179	5661	1239.5	324.5	1780	1486.5	3976	3179	3955.5	3365	961	50767	2538.35
ORTHO004742	myosin-related	AT1G51405	3674;5737;44424;44464;5575;5623;5622;8150	2094	1711	3088.5	4083	4356	2837	3758	727.5	8892.5	402.5	1623	5150	1352	5508.5	1016	1606	1482.5	7967.5	8915.5	6960	2686	8793	9053	6553	85283.5	4.264.175
ORTHO000774	unknown protein	AT1G09040;AT1G09050;AT1G55050;AT2G47820	5634;43231;43227;43226;5575;43229;44424;44464;5623;5622;16020;3677;3676;1901363;5488;3674;97159;8150	2095	3664	2031.5	1968	2097	8494.5	3129.5	1912	3083	7584	8820	5464.5	4492.5	4321	2396.5	3976.5	2912	2199.5	444.5	3850	4519	371.5	199	4174.5	72344	3617.2
ORTHO001937	RING/U-box superfamily protein	AT2G16090;AT3G27710;AT3G27720;AT4G34370	209;16567;32446;70647;6464;36211;19538;43170;71704;8152;8150;44238;43412;44267;44260;44237;9987;32436;1901800;1903052;1903050;1903362;31329;9894;19222;50789;65007;31323;50794;42176;51246;80090;60255;32268;30162;1903364;32270;31325;9893;48518;48522;51247;10604;31331;9896;45732;45862;61136;32434;8270;46914;46872;43169;43167;5488;3674;61630;4842;19787;16740;3824;61659;42787;6511;19941;51603;6508;44257;30163;9057;1901575;9056;44265;44248;43632;5737;44424;44464;5575;5623;5622;31624;44390;19899;5515;151;1990234;1902494;43234;32991;5634;43231;43227;43226;43229	2096	3110	4788	7480	4356	1777	3628.5	8366.5	1133	763	2809.5	7179.5	2735	6206.5	5523	7419	8637.5	7335.5	8292	9095.5	8663	5789.5	2764	6669	104786.5	5.239.325
ORTHO004775	Phosphorylase superfamily protein	AT4G34840;AT4G38800	8930;8477;16799;16798;16787;3824;3674;8152;8150;19509;71267;71265;9086;97;96;6790;44237;9987;6520;1901564;71704;6807;19752;43436;6082;44281;44710;44699;44763;44238;44272;44249;9058;8652;46394;16053;44283;44711;1901576;1901566;9067;9066;1901605;1901607;6555;43102;43094;9116;55086;6139;46483;6725;1901360;34641;1901657;1901135;1944;48731;48856;32502;7275;44767;44707;32501;72358;72359;8782;3;5886;16020;5575;44464;5623;71944;5829;44444;44424;5622;5737	2097	1814	1633.5	1170	4356	3672	6430	1484	7046.5	2615.5	4793.5	587.5	1352	8668.5	8793	2476	2063	6505.5	1253	1129.5	253.5	2061	1361	2091	64636	3231.8
ORTHO003854	vacuolar ATP synthase subunit C (VATC) / V-ATPase C subunit / vacuolar proton pump C subunit (DET3)	AT1G12840	5773;43231;43227;43226;5575;43229;44424;44464;5623;5622;44444;5737;5794;12505;9507;9536;5774;44437;44446;44422;98588;31090;16020;98805;46961;15078;15077;22890;8324;15075;22891;22857;5215;3674;6810;51234;51179;8150;55085;44763;9987;44699;44765;1902578;22892;34220;6811;98655;6812;15672;1902600;15992;6818;98662;98660;44769;42625;42626;43492;42623;16887;17111;16462;16818;16817;16787;3824;8152;15405;15399;22804;16820;36442;19829;9826;902;32989;16043;71840;9653;32502;48856;48869;44767;60560;48589;40007;16049;43255;9889;19222;50789;65007;6109;80090;5886;71944;221;33180;33178;98796;43234;32991;44425;16469;33176;16471;325;5515;5488;9809;9808;9698;19748;44710;6725;44237;1901360;71704;9699;19438;44249;9058;1901362;1901576;44550;44711	2098	416	1649.5	1201	3586.5	3232	1672.5	9072.5	89.5	6167	5489.5	72	1352	4850	417.5	508.5	2864	9111	7197.5	3274.5	4023	997	1094.5	3565	65049.5	3.252.475
ORTHO003540	Sec23/Sec24 protein transport family protein	AT3G07100	32876;10948;10564;51726;50794;50789;65007;8150;45786;48523;48519;2000104;8156;51053;10605;9892;19222;60255;45934;19219;80090;51171;31323;51172;31324;51052;6275;2000112;31326;9889;10556;2000113;31327;9890;10558;90329;32875;5789;98588;31090;16020;5575;44422;43226;43227;44432;44444;44424;44464;5623;5622;5737;44446;43229;5783;43231;12505;44425;42175;80119;6996;16043;71840;9987;48232;7276;44702;22414;44699;48609;32504;3;32501;19953;44703;51704;16049;40007;44763;30127;30120;30117;98796;43234;32991;48475;44433;31410;31982;30662;30659;12506;31988;16023;98805;30135;12507;30658;30133;30134;6810;51234;51179;5515;5488;3674;33116;5793;139;44431;5794;8361;32535;90066;65008;5215;7029;10256;7030	2099	1639	2365.5	2632	1584.5	3073.5	254.5	9173	4045.5	6345	4217.5	1323.5	1352	6088.5	5856	7419	2683	8815	3067.5	3184	222.5	6512.5	2713	579	76924.5	3.846.225
ORTHO004941	protein arginine methyltransferase 1A	AT2G19670;AT4G29510	16274;16273;8170;8168;16741;16740;3824;3674;8152;8150;32259;8757;8276;6479;43414;44260;43170;71704;44237;9987;43412;8213;6464;36211;19538;44238;44267;35246;18216;18195;18193;5634;43231;43227;43226;5575;43229;44424;44464;5623;5622;5829;44444;5737;6351;34645;9059;1901576;9058;44249;97659;32774;16070;90304;6139;46483;6725;1901360;34641;6807;34654;19438;44271;18130;1901362;10467;5515;5488	2100	2219	1723	1346	4356	3253	2080	1204.5	7455	879.5	8737.5	2255.5	3727	4415.5	5969	1606	3399	4887	692	4131	3778.5	1827.5	3832.5	2575	66705	3335.25
ORTHO005710	Protein kinase superfamily protein	AT1G24030	5886;16020;5575;44464;5623;71944;16301;16772;16740;3824;3674;8152;8150;16310;6796;6793;44237;9987	2101	2641	1222.5	344	4356	4065	2951	2000	1753	1926.5	2290	409.5	1352	3815.5	3265	1606	3399	4253	105	4060.5	3719.5	1695	3702.5	2575	48943	2447.15
ORTHO006894	P-loop containing nucleoside triphosphate hydrolases superfamily protein	AT3G09720	8026;42623;16887;17111;16462;16818;16817;16787;3824;3674;8152;8150;70035;4386;4004;8186;3724;10501;16070;44260;43170;71704;44237;9987;90304;6139;46483;6725;1901360;34641;6807;44238;5634;43231;43227;43226;5575;43229;44424;44464;5623;5622;6364;34470;34660;6396;10467;16072;42254;22613;44085;71840	2102	914	2920	3738	672.5	3684	2528	1484	8447.5	879.5	744	6120	8519	6601.5	8471.5	2476	523	6440	577.5	4527	7166	6182.5	5407	2439.5	83217.5	4.160.875
ORTHO006979	LYR family of Fe/S cluster biogenesis protein	AT4G34700	5747;45271;30964;98796;43234;32991;5575;44425;16020;1990204;1902494;44464;5623;98803;70469;98800;98798;44429;44444;44424;5622;5737;44446;44422;43226;43229;5739;43231;43227;44455;31966;31090;5740;31967;31975;5743;19866;5746;5774;44437;5773;98588;98805;9853;43094;44249;9058;8152;8150;44237;9987;6120;22904;22900;6091;55114;44710;44699;44763;45333;15980;42775;42773;6119;16310;6796;6793;46034;9150;6163;72521;46483;6725;1901360;71704;34641;6807;1901564;9117;6753;19637;55086;6139;44238;44281;9259;19693;1901135;9167;9161;9123;9126;9205;9144;9141;9199;46128;9119;9116;1901657;42278;3824;3674;5975;8137;50136;3954;16651;16491;16655	2103	2144	4968	7833	4356	2260.5	6349.5	4670	8734	6401	9130	1389.5	8519	5673.5	1292	1830	7214.5	7471.5	8380.5	493	7254	8260	8775	3447.5	107545	5377.25
ORTHO005246	unknown protein	AT3G53490	3674;8150;9507;9536;43231;43227;43226;5575;43229;44424;44464;5623;5622;44444;5737	2104	2558	1722.5	1341	1479.5	4890.5	1109	864	6493	5369.5	3366.5	597.5	1352	8436.5	7667.5	2914	8420.5	3949	3445.5	971	3271	2061	345.5	1120	66643.5	3.332.175
ORTHO003368	succinate dehydrogenase 1-2	AT2G18450;AT5G66760	45273;98803;98796;43234;32991;5575;44425;16020;70469;44424;44464;5623;5622;6121;22904;22900;6091;44237;8152;8150;9987;55114;44710;44699;44763;45333;15980;42775;42773;6119;16310;6796;6793;46034;9150;6163;72521;46483;6725;1901360;71704;34641;6807;1901564;9117;6753;19637;55086;6139;44238;44281;9259;19693;1901135;9167;9161;9123;9126;9205;9144;9141;9199;46128;9119;9116;1901657;42278;5739;43231;43227;43226;43229;44444;5737;8177;104;16627;16491;3824;3674;16635;6099;6101;72350;19752;43436;6082;9060;5749;45283;98800;98798;44429;44446;44422;44455;31966;31090;5740;31967;31975;5743;19866;45257;45281;1990204;1902494;5746;50660;50662;48037;5488;43168;43167;166;36094;1901265;1901363;97159;5524;35639;32559;30554;17076;32555;32553;97367;32550;32549;1882;1883;50897;46914;46872;43169;5618;30312;71944	2105	1114	2566.5	3028	1066.5	2557.5	2528	765	393.5	136	582	1471	1352	8028.5	9073.5	2476	3682	6946	8008.5	4586	8496	7392.5	7611.5	3179.5	79265	3963.25
ORTHO005497	ATP synthase epsilon chain; mitochondrial	AT1G51650	46933;15078;15077;22890;8324;15075;22891;22857;5215;3674;6810;51234;51179;8150;55085;44763;9987;44699;44765;1902578;22892;34220;6811;98655;6812;15672;1902600;15992;6818;98662;98660;44769;42625;42626;43492;42623;16887;17111;16462;16818;16817;16787;3824;8152;15405;15399;22804;16820;19829;6754;46034;9150;6163;72521;46483;44237;6725;1901360;71704;34641;6807;1901564;9117;6753;19637;6793;55086;6139;44238;44281;44710;6796;9259;19693;1901135;9167;9161;9123;9126;9205;9144;9141;9199;46128;9119;9116;1901657;42278;9152;9260;46390;90407;1901576;9058;1901137;9165;1901293;34654;19438;44249;44271;18130;1901362;44711;6164;72522;1901566;9168;9156;9124;9127;9206;9201;9142;9145;46129;42451;9163;1901659;42455;5739;43231;43227;43226;5575;43229;44424;44464;5623;5622;44444;5737;275;45261;33178;98796;43234;32991;44425;16020;16469;45259;98800;98798;44429;44446;44422;44455;31966;31090;5740;31967;31975;5743;19866;5753	2106	2235	4476	6846	4356	194.5	8251	3480	4365	2405	3639.5	5983.5	4144	5350.5	1168.5	6712.5	7214.5	8985	8858.5	4473	1121	8260	8775	6949.5	100330.5	5.016.525
ORTHO002698	putative mitochondrial RNA helicase 1	AT3G22310;AT3G22330	9414;9415;9628;50896;8150;1101;42221;10035;1901700;6950;3677;3676;1901363;5488;3674;97159;9651;6970;43234;32991;5575;5634;43231;43227;43226;43229;44424;44464;5623;5622;10501;16070;44260;43170;71704;8152;44237;9987;90304;6139;46483;6725;1901360;34641;6807;44238;4004;8186;42623;16887;17111;16462;16818;16817;16787;3824;3724;4386;8026;70035;9409;9266;3723;5739;44444;5737;373;377;375;8380;6396;10467;5730;44428;44446;44422;43232;43228;31981;70013;43233;31974;5618;30312;71944	2107	1317	1607	1107	944.5	866.5	2080	2614.5	7691.5	5352	5320.5	6629	3856.5	6501	7667.5	1307	202	3949	3283.5	920	3222	1910	175	248.5	63796	3189.8
ORTHO004766	C2H2 and C2HC zinc fingers superfamily protein	AT1G34370	10447;9268;9628;50896;8150;6351;34645;44260;43170;71704;8152;44237;9987;9059;1901576;9058;44249;97659;32774;16070;90304;6139;46483;6725;1901360;34641;6807;44238;34654;19438;44271;18130;1901362;10467;5634;43231;43227;43226;5575;43229;44424;44464;5623;5622;3700;1071;3674;2001141;31326;9889;19222;50789;65007;31323;50794;51252;19219;80090;51171;60255;10556;6355;1903506;10468;2000112;3676;1901363;5488;97159;8270;46914;46872;43169;43167;10044;10038;10035;42221	2108	1584	2471	2834	1449.5	3309	1294.5	8495	9005	1058	3366.5	6929	1352	5129	473.5	2914	7158.5	6982	1004.5	1356.5	4384	8165	4887	795	78058	3902.9
ORTHO001332	Translation initiation factor SUI1 family protein	AT1G54290;AT4G27130;AT5G54760	6417;10608;10468;60255;19222;50789;65007;8150;32268;51246;80090;31323;50794;34248;51171;2000112;31326;9889;10556;6413;44237;8152;9987;6412;43043;43604;43603;34641;6807;44271;44249;9058;6518;1901564;71704;1901566;1901576;44267;19538;43170;44238;44260;34645;9059;10467;5737;44424;44464;5575;5623;5622;3743;8135;3723;3676;1901363;5488;3674;97159	2109	3157	2680	3251	2097	4519	1881	6978.5	1328.5	2591.5	1623	1576.5	5740	3815.5	5254.5	6712.5	3891.5	4253	4756.5	7747	6810.5	4873	3061.5	3179.5	80593	4029.65
ORTHO005694	DNAse I-like superfamily protein	AT2G37440	5737;44424;44464;5575;5623;5622;16787;3824;3674;8152;8150;46856;46839;30258;44255;6629;71704;44710;44699;44238;44763;9987;44237;16311;6796;6793;46488;6650;6644;19637;46486	2110	2463	4683	7256	1689.5	1959	6338	4670	8757	1970.5	9130	5435.5	1352	5696	1278.5	6712.5	7280.5	7471.5	8421	461.5	7489.5	8310.5	7048.5	3289.5	103071.5	5.153.575
ORTHO005120	SNARE associated Golgi protein family	AT1G03260;AT5G19070	5829;44444;44424;44464;5575;5623;5622;5737;5886;16020;71944	2111	3081	1870.5	1630	2097	961.5	1789.5	6906	5619	1155	1623	1471	1352	3396	5254.5	1830	5329.5	4400	4756.5	4527	7386	3026	4887	3565	69234.5	3.461.725
ORTHO004319	unknown protein	AT3G63430	5634;43231;43227;43226;5575;43229;44424;44464;5623;5622;8150;3674	2112	1487	1805.5	1499	1066.5	5904	2528	1013.5	1753	1058	865	2000.5	4074.5	7699.5	8868	797.5	450	6590	4165.5	4586	1026	6512.5	5617	2699.5	68208	3410.4
ORTHO002496	Nodulin MtN3 family protein	AT3G14770	5515;5488;3674;8150;5886;16020;5575;44464;5623;71944;51119;15144;22891;22857;5215;6810;51234;51179;55085;44763;9987;44699;44765;1902578;22892;1901476;8643;71702;34219;5887;31226;44459;44425;31224;16021	2113	2542	2027	1941	1689.5	214	1818.5	6978.5	1234	2770	8871	679.5	1352	4134.5	5254.5	1830	4004	5221.5	4914	8214	5265	2328.5	3849	3238	72170.5	3.608.525
ORTHO001464	phosphorylcholine cytidylyltransferase	AT2G32260;AT4G15130	6656;46470;97164;6807;8152;8150;42439;6066;1901615;71704;44281;44710;44699;44763;9987;6576;44106;9308;1901564;34641;44237;6650;6644;19637;6793;44255;6629;44238;6796;46486;46474;45017;8610;1901576;9058;44711;44249;8654;90407;46165;1901617;44283;1901566;4105;70567;16779;16772;16740;3824;3674;6657;5737;44424;44464;5575;5623;5622;5634;43231;43227;43226;43229	2114	2016	1166.5	219	1689.5	3232	1155	641	1691	3040	3269.5	5096	1352	4616	5873.5	1606	2179	4887	732	436	606	762.5	779	2003.5	43957	2197.85
ORTHO002518	Mevalonate/galactokinase family protein	AT3G42850;AT4G16130	5524;35639;1901265;1901363;5488;3674;97159;43168;43167;32559;30554;17076;166;36094;32555;32553;97367;32550;32549;1882;1883;4335;16773;16772;16740;3824;8152;8150;19200;16301;16310;6796;6793;44237;9987;46835;44262;5975;71704;44238;9507;9536;43231;43227;43226;5575;43229;44424;44464;5623;5622;44444;5737;9506;5911;30054;55044;19566;19321;5996;44723;44710;44699;44281;16021;31224;44425;16020;5829;9702	2115	943	1925	1735	672.5	8118	6155.5	446.5	3450	4393	5254	1658	1352	8627	8793	1073.5	2539.5	8852	2214	2230.5	1426	889.5	629	2166	70267	3513.35
ORTHO003480	Protein kinase superfamily protein	AT4G24810;AT5G50330	5886;16020;5575;44464;5623;71944;6468;16310;6796;6793;44237;8152;8150;9987;6464;36211;19538;43170;71704;44238;43412;44267;44260;4672;16301;16772;16740;3824;3674;16773;5524;35639;1901265;1901363;5488;97159;43168;43167;32559;30554;17076;166;36094;32555;32553;97367;32550;32549;1882;1883;9507;9536;43231;43227;43226;43229;44424;5622;44444;5737	2116	1097	1930.5	1745	1066.5	3632	6309	676	1042.5	555.5	1414	6171.5	1352	6542.5	8512	2476	3092	6388.5	984	1426	8153	5213.5	4224.5	2166	70330.5	3.516.525
ORTHO000441_2	CHASE domain containing histidine kinase protein	AT2G01830	5789;98588;31090;16020;5575;44422;43226;43227;44432;44444;44424;44464;5623;5622;5737;44446;43229;5783;43231;12505;44425;42175;10029;1900140;48580;2000026;50793;50789;65007;8150;51239;9414;9415;9628;50896;1101;42221;10035;1901700;6950;43424;19901;19900;19899;5515;5488;3674;9884;4888;38023;4871;60089;7165;50794;51716;9987;7154;44763;44699;44700;23052;4872;9736;9755;32870;9725;9719;10033;71495;71310;70887;71368;9735;18106;6468;16310;6796;6793;44237;8152;6464;36211;19538;43170;71704;44238;43412;44267;44260;18202;18193;9885;9784;19199;4672;16301;16772;16740;3824;16773;4673;16775;16021;31224;7231;71470;71214;6970;33554;48509;42742;9617;51707;43207;9605;9607;51704;98542;6952;48831;8272;15698;6820;6811;44765;6810;51234;51179;1902578;72348;33500;48878;42592;65008;16036;9267;31669;31667;9991;31668;71496;42594;71329;71324;34285;9743;71322;1901701;9744;10086;10015;44767;32502;9653;48856;48364;48513;48731;7275;44707;32501;22622;48598;9790;5886;71944;5034;4721;16791;42578;16788;16787;16311;6470;160;35556;19955	2117	1425	5021.5	7926	1066.5	422	3758	2000	2134	82.5	8232.5	5096	8817.5	4935	511.5	6075	6982.5	8139	9043	8125.5	8990	8900	9012	7120	108376	5418.8
ORTHO001906	PP2C induced by AVRRPM1	AT2G20630;AT3G15260;AT4G28400	6470;16311;6796;6793;44237;8152;8150;9987;6464;36211;19538;43170;71704;44238;43412;44267;44260;5575;4722;4721;16791;42578;16788;16787;3824;3674;46872;43169;43167;5488	2118	3385	3134.5	4151	2097	7932.5	2791.5	6428.5	7748	5874.5	8606.5	1954	4865.5	3815.5	3047.5	1606	3215	4747.5	154	3899.5	4103	3222.5	5407	6210	85628.5	4.281.425
ORTHO004580	unknown protein	AT5G53620	9507;9536;43231;43227;43226;5575;43229;44424;44464;5623;5622;44444;5737;5829;8150	2119	1224	1853.5	1588	1066.5	2214.5	2627.5	103	3340.5	5345	319	1708.5	7743	7779.5	8726.5	2476	166	8362.5	1335	6103	2343	4612.5	1263	2382	68950	3447.5
ORTHO002911	Auxin-responsive family protein	AT3G25290;AT4G12980	55114;44710;8152;8150;44699;9507;9536;43231;43227;43226;5575;43229;44424;44464;5623;5622;44444;5737;5886;16020;71944;46872;43169;43167;5488;3674;7275;44767;32502;44707;32501;16021;31224;44425;9506;5911;30054;55044	2120	164	1245	370	43	80.5	177	676	317.5	266	544	61.5	9008.5	8541.5	8995	267	763	6946	2868	23	8083.5	868	664.5	391	49541.5	2.477.075
ORTHO006581	thioredoxin F-type 1	AT3G02730;AT5G16400	9507;9536;43231;43227;43226;5575;43229;44424;44464;5623;5622;44444;5737;9534;31976;9579;31984;44446;44422;44435;44434;9570;9532;43085;44093;65009;65007;8150;50790;19222;50789;9893;48518;43086;44092;9892;48519;8047;30234;98772;3674;6109;80090;4857;5829	2121	2992	3419.5	4718	2097	1423	2951	4424	2881	1709.5	397.5	5372	7377.5	7536	7377.5	7782	8323.5	7073	6897.5	7498.5	1514.5	2433.5	1361	4291.5	88624	4431.2
ORTHO004500	NAD(P)-binding Rossmann-fold superfamily protein	AT4G24050	16491;3824;3674;8152;8150;55114;44710;44699	2122	1769	3887.25	5652.5	4356	2710	2791.5	7156.5	522.5	7094.5	8984.5	307.5	7377.5	7387.5	8316.5	2476	8238.5	5886.5	5128	4727.5	723.5	5924	5617	2003.5	93373	4668.65
ORTHO002832	fructose-2;6-bisphosphatase	AT1G07110	5524;35639;1901265;1901363;5488;3674;97159;43168;43167;32559;30554;17076;166;36094;32555;32553;97367;32550;32549;1882;1883;5886;16020;5575;44464;5623;71944;43609;50789;65007;8150;6003;19637;71704;8152;6793;44237;9987;1901135;6796;6002;5829;44444;44424;5622;5737;6000;19318;5996;44723;5975;44238;44710;44699;44281;3873;8443;16773;16772;16740;3824;19200;16301;16310;46835;44262;6499;6498;6497;6464;36211;19538;43170;43412;44267;44260;42158;42157;34645;9059;1901576;9058;44249;31365;18377;43543;4331;50308;19203;16791;42578;16788;16787;16311;5634;43231;43227;43226;43229;2001070;30247;1871;30246	2123	1498	2429.5	2736	1066.5	1089	6879	727.5	1133	3099	544	1422	8817.5	8123.5	9073.5	1073.5	1000	6946	8121	3774.5	970	7567	3849	3289.5	77498.5	3.874.925
ORTHO001160_1	phosphoribosyl pyrophosphate (PRPP) synthase 2	AT1G32380;AT2G35390;AT2G44530	9156;9161;9123;6753;19637;71704;8152;8150;6793;44237;9987;55086;6139;46483;6725;1901360;34641;6807;44238;44281;44710;44699;44763;6796;9124;1901293;90407;1901576;9058;34654;19438;44249;44271;18130;1901362;44711;9165;9117;9507;9536;43231;43227;43226;5575;43229;44424;44464;5623;5622;44444;5737;16310;5524;35639;1901265;1901363;5488;3674;97159;43168;43167;32559;30554;17076;166;36094;32555;32553;97367;32550;32549;1882;1883;287;46872;43169;16301;16772;16740;3824;4749;16778;9116;1901564;1901657;1901135	2124	2038	4272.5	6421	1281	2260.5	6309	8445	3302	6573.5	5423	307.5	8446	5500	1233.5	1606	8070.5	8852	8655.5	3899.5	2827	7567	2214	6161.5	97653	4882.65
ORTHO002215	Transducin/WD40 repeat-like superfamily protein	AT1G15470;AT1G52730;AT3G15610	8150;80008;31461;151;1990234;1902494;43234;32991;5575;44424;44464;5623;5622;166;36094;5488;3674;1901265;1901363;97159;5737;5829;44444	2125	4439	4575.5	7026	5151.5	2054	9102.5	7244.5	2541	5206.5	4086	7421.5	3986.5	8604	5596.5	7782	2338.5	5626	6056.5	3362	4946	6340.5	2013	7223	101530.5	5.076.525
ORTHO005056	Protein of unknown function (DUF3506)	AT4G33630	304;302;6979;6950;50896;8150;1901700;42221;10035;9507;9536;43231;43227;43226;5575;43229;44424;44464;5623;5622;44444;5737;10343;97468;36473;8219;16265;44699;44763;9987;34599;33554;51716;70887;12501;34614;1901701;71452;42651;34357;16020;44436;9579	2126	1853	1756	1386	4356	7603	2414	1361	1042.5	5300	2809.5	307.5	6227	4486	5523	6712.5	7691	4747.5	732	3976	3511.5	799	700.5	1263	67206.5	3.360.325
ORTHO002965	unknown protein	AT1G72690;AT5G57000	3674;5634;43231;43227;43226;5575;43229;44424;44464;5623;5622;8150	2127	2740	1544.5	962	4356	4308	3129.5	2614.5	2264	6381.5	4107	5053	4555.5	3815.5	2396.5	1606	3067	2199.5	3119	3563	3296.5	1154	3271	1794	61695	3084.75
ORTHO004640	BCL-2-associated athanogene 7	AT5G62390	5783;43231;43227;43226;5575;43229;44424;44464;5623;5622;44444;5737;12505;5515;5488;3674;70417;9409;9266;9628;50896;8150;6950;33554;51716;9987;9506;5911;30054;55044;5886;16020;71944;34605;9408;6457;5516;34620;6986;35966;10033;42221;35967;71310;70887;9507;9536	2128	1237	2350.5	2573	1066.5	4519	5974	1780.5	1625	4190.5	2402	5231.5	8446	6027	6092	797.5	2384.5	5569	692	1869	7052	8310.5	2191.5	1371.5	76525	3826.25
ORTHO001489_1	LUC7 related protein	AT3G03340;AT5G17440	5829;44444;44424;44464;5575;5623;5622;5737;3729;44822;3723;3676;1901363;5488;3674;97159;71004;71010;5681;44428;44446;44422;43226;43229;5634;43231;43227;30529;32991;5684;9567;9566;44702;22414;8150;44699;19953;44703;51704;3;6376;22618;71826;43933;16043;71840;9987;34622;65003;22607;44085;22613;245;398;6397;16071;16070;44260;43170;71704;8152;44237;90304;6139;46483;6725;1901360;34641;6807;44238;6396;10467;377;375;8380;5685;97525;30532	2129	1755	3137.5	4146	4356	3726.5	652	3434	2777	2340	5177.5	7069.5	8380	7954.5	8968.5	2476	901	8211.5	1942.5	2059.5	421	7567	8551.5	3005.5	85615	4280.75
ORTHO003486	ENTH/VHS family protein	AT2G36480	5634;43231;43227;43226;5575;43229;44424;44464;5623;5622;46872;43169;43167;5488;3674;8150	2130	1358	1327.5	525	1066.5	838.5	242	3301	3324.5	502	56	409.5	1352	9108.5	7129	2476	294.5	8976	2728	2903	12.5	488.5	378	8649.5	53169	2658.45
ORTHO002916	Double Clp-N motif-containing P-loop nucleoside triphosphate hydrolases superfamily protein	AT4G29920;AT5G57130	5737;44424;44464;5575;5623;5622;19538;43170;71704;8152;8150;44238;9507;9536;43231;43227;43226;43229;44444	2131	2946	2690	3249	2097	3531	6840	1013.5	6225	2235	1144	181.5	1352	7101	8638.5	7782	5962.5	6085	2233.5	3899.5	800.5	6714	6624.5	2229	80592	4029.6
ORTHO003824	golgin candidate 4	AT2G46180;AT3G61570	3674;5794;43231;43227;43226;5575;43229;44424;44464;5623;5622;44444;5737;12505;7030;6996;16043;71840;8150;9987;10256;5768;5515;5488	2132	2112	3763	5394	1281	7710.5	5130.5	602	2134	2799	2809.5	267.5	1352	5878	2163.5	1975.5	7469	7728	8936	5519.5	8438.5	8644	8952	3501.5	92010.5	4.600.525
ORTHO006007	Plant protein of unknown function (DUF639)	AT2G21720	NA	2133	2612	3111	4089	1812	1658.5	1247	4238	7831	3815	8892.5	4877	6513.5	6764.5	7017.5	2476	4191.5	5720	4795.5	794.5	4103	3609.5	3188	3565	85297.5	4.264.875
ORTHO001835	nitrate reductase 2	AT1G37130;AT1G77760	50660;50662;48037;5488;3674;43168;43167;166;36094;1901265;1901363;97159;50464;46857;16661;16491;3824;8152;8150;55114;44710;44699;8940;20037;46906;6809;46209;72593;44237;9987;2001057;6807;1903409;9058;44271;34641;44249;42128;42126;43436;6082;71704;44281;44763;71941;5773;43231;43227;43226;5575;43229;44424;44464;5623;5622;44444;5737;9055;9416;9314;9628;50896;5829;9635;9636;42221;6950;5506;46914;46872;43169;9703;5739;5886;16020;71944;43546;30151;9610;9608;51707;43207;9605;9607;51704;9620;5515	2134	1781	1632.5	1131	4356	3386.5	776.5	428.5	702.5	3742.5	2539	367.5	4064.5	7779.5	8726.5	2476	6099.5	6265.5	1164.5	284	128	6831.5	5826.5	2485	64074	3203.7
ORTHO001290	Ribosomal L29 family protein	AT2G39390;AT3G09500	5737;44424;44464;5575;5623;5622;22626;44445;44444;5829;5840;30529;32991;43232;43228;43226;43229;22625;15934;44391;44446;44422;3729;44822;3723;3676;1901363;5488;3674;97159;463;470;6364;34470;34660;16070;44260;43170;71704;8152;8150;44237;9987;90304;6139;46483;6725;1901360;34641;6807;44238;6396;10467;16072;42254;22613;44085;71840;42273;3735;5198;6412;43043;43604;43603;44271;44249;9058;6518;1901564;1901566;1901576;44267;19538;34645;9059;9506;5911;30054;55044;5730;44428;5634;43231;43227;31981;70013;43233;31974	2135	4889	3671.5	5208	5938.5	7116	2881	6142.5	8484.5	1233	7886	1198.5	6617.5	1800.5	960	6075	3958.5	3121	3730.5	8320	4668.5	3754	5902.5	7190.5	91040	4552
ORTHO004537	myb-like HTH transcriptional regulator family protein	AT5G06800	3682;44877;5488;3674;6355;1903506;2001141;31326;9889;19222;50789;65007;8150;31323;50794;51252;19219;80090;51171;60255;10556;10468;2000112;5634;43231;43227;43226;5575;43229;44424;44464;5623;5622;3700;1071;3677;3676;1901363;97159	2136	1419	2356	2576	1584.5	2170	7262.5	4133.5	7183.5	5172.5	5273.5	6213.5	6397.5	4415.5	5907.5	1606	7840	5368	598.5	3600	538	980	500	1371.5	76531.5	3.826.575
ORTHO006709	calmodulin-binding protein	AT5G56360	42742;9617;51707;43207;9605;50896;8150;9607;51704;98542;6952;6950;9507;9536;43231;43227;43226;5575;43229;44424;44464;5623;5622;44444;5737;5783;12505;6491;9311;44723;5975;71704;8152;44238;44710;44699;6487;6486;44763;9987;6464;36211;19538;43170;43412;44267;44260;44237;43413;70085;9101;9100;1901135;34645;9059;1901576;9058;44249;1901137;5516;5515;5488;3674	2137	1107	1835	1533	4356	3425	4698	3393.5	89.5	334.5	4863.5	551.5	8605	6125.5	6305	2080.5	2607	8702.5	2632.5	2156.5	1166.5	7567	2503	691.5	68498	3424.9
ORTHO001481	CBS domain-containing protein with a domain of unknown function (DUF21)	AT1G03270;AT4G14230;AT4G14240	16021;31224;44425;5575;16020;5886;44464;5623;71944;3674;8150;5739;43231;43227;43226;43229;44424;5622;44444;5737;30554;17076;166;36094;5488;1901265;1901363;97159	2138	3078	2107.75	2077.5	1408	1089	7483.5	6978.5	393.5	1462	8786.5	818.5	1352	3815.5	4842.5	1830	1102.5	5221.5	4485	4060.5	5988	2061	4257.5	7075	73102.5	3.655.125
ORTHO007475	Cytochrome b561/ferric reductase transmembrane protein family	AT4G25570	5773;43231;43227;43226;5575;43229;44424;44464;5623;5622;44444;5737;9507;9536;16021;31224;44425;16020;5576;16491;3824;3674;8152;8150;55114;44710;44699;5774;44437;44446;44422;98588;31090;98805;5515;5488;46872;43169;43167;8805;16622;16903	2139	3354	4998	7857	4356	8310	5146.5	2796	1481	2524.5	3702.5	5600.5	8205.5	8715.5	5817	7782	8220	6683.5	629.5	4331	8663	8260	6194.5	4678.5	107741	5387.05
ORTHO004239	root FNR 2	AT1G30510;AT4G05390	15979;44237;8152;8150;9987;9507;9536;43231;43227;43226;5575;43229;44424;44464;5623;5622;44444;5737;16709;16705;16491;3824;3674;55114;44710;44699;4497;5507;46914;46872;43169;43167;5488;3958;16653;16651	2140	1315	2341	2542	1066.5	8787	5849	4571	3229.5	5571.5	5035.5	2392.5	1352	7448.5	8359	797.5	3092	7471.5	2122.5	2326	1967.5	2677	1405.5	1906.5	76361.5	3.818.075
ORTHO004347	atypical CYS  HIS rich thioredoxin 1	AT4G26160;AT4G29670	9570;9532;44435;44444;44424;44464;5575;5623;5622;5737;44446;44422;43226;43229;9536;43231;43227;44434;9507;5515;5488;3674;10109;31323;50794;50789;65007;8150;19222;16671;16667;16491;3824;8152;55114;44710;44699;51776;9593;51606;50896;42221;51775	2141	277	2159	2177	248.5	7603	5075.5	3824.5	1133	266	2402	3835.5	1352	5094.5	302.5	508.5	7051	7942.5	1086	5852	2448.5	7567	7486	2850	73680	3684
ORTHO004342	A20/AN1-like zinc finger family protein	AT2G36320;AT3G52800	3677;3676;1901363;5488;3674;97159;8270;46914;46872;43169;43167;8150;5634;43231;43227;43226;5575;43229;44424;44464;5623;5622;10200;10243;9719;50896;10033;42221;1901698;1901700	2142	4775	3793.5	5445	2982.5	6529	3628.5	5813.5	8101	6934	6343	2086	3577.5	1800.5	4705.5	6712.5	737	2199.5	6700.5	7871	4103	3222.5	5171.5	6057.5	92293.5	4.614.675
ORTHO004841	RING/FYVE/PHD zinc finger superfamily protein	AT1G50620	6355;1903506;2001141;31326;9889;19222;50789;65007;8150;31323;50794;51252;19219;80090;51171;60255;10556;10468;2000112;5634;43231;43227;43226;5575;43229;44424;44464;5623;5622;8270;46914;46872;43169;43167;5488;3674;3677;3676;1901363;97159	2143	3193	3337.5	4532	4356	1329	1093.5	7084	7561.5	2124.5	1981	1198.5	1352	8993	7804.5	7782	562	4982.5	6897.5	696	7254	7786.5	7868.5	3179.5	87530	4376.5
ORTHO005662	Leucine-rich repeat (LRR) family protein	AT3G12610	42493;42221;50896;8150;166;36094;5488;3674;1901265;1901363;97159;5886;16020;5575;44464;5623;71944;7165;50794;50789;65007;51716;9987;7154;44763;44699;44700;23052;9507;9536;43231;43227;43226;43229;44424;5622;44444;5737;9650;9411;9416;9314;9628	2144	3247	2869.5	3595	2097	8152	1393	3778	3198	7916.5	2992.5	5720.5	8094	6170.5	3265	7419	2911	7967.5	2487.5	1129.5	1610.5	5059	2657	523	82444	4122.2
ORTHO003156	B-box type zinc finger protein with CCT domain	AT1G28050;AT2G33500	6355;1903506;2001141;31326;9889;19222;50789;65007;8150;31323;50794;51252;19219;80090;51171;60255;10556;10468;2000112;5634;43231;43227;43226;5575;43229;44424;44464;5623;5622;8270;46914;46872;43169;43167;5488;3674;3700;1071	2145	3508	3835.5	5526	5196	1859.5	2627.5	7935.5	3036	6604.5	3366.5	1708.5	6895.5	8418.5	8359	2914	3836.5	6919	7742	4586	3604.5	6859.5	4301.5	1120	92694	4634.7
ORTHO002515	pyridoxine biosynthesis 1.1	AT2G38230;AT5G01410	42823;19438;6725;44237;8152;8150;9987;44249;9058;9108;51188;51186;6732;42822;1901615;71704;6081;44763;44699;44710;19637;6793;72524;46483;1901360;34641;6807;1901564;6796;46184;1901576;44711;1901617;90407;72525;44271;18130;1901362;1901566;42819;42816;6767;6766;44281;42364;9110;44283;9646;9642;9416;9314;9628;50896;3824;3674;5829;44444;44424;44464;5575;5623;5622;5737;9507;9536;43231;43227;43226;43229;46982;46983;5515;5488;36381;16843;16840;16829;42538;9651;6970;6950;6972;8615;8614;6520;19752;43436;6082;44238;5886;16020;71944;6979;10224;9411;10335;15994;6778;33013;12505;6982;33194;1901700;42221;10033;42803;42802	2146	3498	2058.5	1971	4356	1227	2528	6741	1545.5	1709.5	1810	998	5740	3815.5	4233.5	6712.5	166	3949	4205.5	7299	5170.5	4873	6854	2784	72361.5	3.618.075
ORTHO005635	lactate/malate dehydrogenase family protein	AT5G58330	9570;9532;44435;44444;44424;44464;5575;5623;5622;5737;44446;44422;43226;43229;9536;43231;43227;44434;9507;9941;9526;31967;31975;16615;16614;16491;3824;3674;8152;8150;55114;44710;44699;9579;48046;5576;6099;6101;72350;19752;43436;6082;71704;44281;44763;9987;44237;44238;9060;45333;15980;6091;30060;16616;46554;8746;16652;16651;51775;50896;5739	2147	1963	1934	1721	1689.5	8600	512	446.5	149	4730	1623	5435.5	1352	5972.5	6243.5	2080.5	1685	8722.5	5027.5	2092	92	9147	5762.5	481.5	70154.5	3.507.725
ORTHO004434	ubiquitin-specific protease 6	AT1G51710;AT3G21280	6511;19941;51603;6508;19538;43170;71704;8152;8150;44238;44257;30163;9057;1901575;9056;44265;44260;44237;9987;44248;44267;43632;4843;19783;8234;70011;8233;16787;3824;3674;36459;5516;5515;5488;16579;70646;70647;6464;36211;43412;9506;5911;30054;5575;55044;5634;43231;43227;43226;43229;44424;44464;5623;5622;43161;10498;4197;4175;61136;1903050;1903362;31329;9894;19222;50789;65007;31323;50794;42176;51246;80090;60255;32268;30162	2148	3041	4187	6226	2097	332.5	2951	7084	1328.5	6422.5	2129.5	6781	6513.5	6764.5	7017.5	7782	235.5	5101.5	6056.5	4527	6696	7147.5	8026.5	3635.5	96532.5	4.826.625
ORTHO005302	myo-inositol polyphosphate 5-phosphatase 2	AT4G18010	46856;46839;30258;44255;6629;71704;8152;8150;44710;44699;44238;44763;9987;44237;16311;6796;6793;46488;6650;6644;19637;46486;46855;44723;5975;46838;44262;71545;43647;19751;6066;1901615;44281;46174;46164;1901616;1901575;9056;44282;44712;46434;32957;34485;34594;52866;16791;42578;16788;16787;3824;3674;34595;9845;44707;32501;90351;9791;44767;32502;7275;4445;46030;52745;4439;34593;9737;9725;9719;50896;10033;42221;33993;97305;1901700;1101;5737;44424;44464;5575;5623;5622	2149	4461	5393.5	8638	5938.5	2446.5	3863.5	7084	6712.5	6273	7886	4111	6316	6764.5	7885	7782	5108	4673.5	7987	7986	5061.5	6648	6709	7376.5	118673.5	5.933.675
ORTHO005409	golgi snare 11	AT1G15880	139;98588;31090;16020;5575;44422;43226;43227;44431;44444;44424;44464;5623;5622;5737;44446;43229;5794;43231;12505;6891;48193;1902582;46907;6810;51234;51179;8150;51649;51641;44765;1902578;44699;16192;31201;98796;43234;32991;44425;48209;60627;50794;50789;65007;51049;32879;32386;60341;5797;31985;98791;31984;5795;6888;16482;6906;48284;6996;16043;71840;9987;16050;90174;44801;44802;61024;44763;61025;1902589;5801;16021;31224;149;5515;5488;3674;5484	2150	1609	1528	906	4356	2557.5	3224.5	1780.5	2666	1584.5	982	1810.5	6513.5	4415.5	6092	1830	1102.5	5221.5	4059	3431	5903.5	2061	4264	1487.5	60986.5	3.049.325
ORTHO003599	NAC (No Apical Meristem) domain transcriptional regulator superfamily protein	AT1G01720	5634;43231;43227;43226;5575;43229;44424;44464;5623;5622;6355;1903506;2001141;31326;9889;19222;50789;65007;8150;31323;50794;51252;19219;80090;51171;60255;10556;10468;2000112;6351;34645;44260;43170;71704;8152;44237;9987;9059;1901576;9058;44249;97659;32774;16070;90304;6139;46483;6725;1901360;34641;6807;44238;34654;19438;44271;18130;1901362;10467;3677;3676;1901363;5488;3674;97159;9788;9968;9966;10646;48583;23051;48585;48519;10648;48523;23057;1901420;1901419;9787;7275;44767;32502;44699;44707;32501;3700;1071;9611;6950;50896	2151	1474	1625	1099	1066.5	141.5	2032.5	3393.5	3366.5	2405	478.5	597.5	1352	5926.5	5775.5	2080.5	2518	8837	2519	2854.5	4519	9159	4468.5	1282	63706.5	3.185.325
ORTHO002893	Plant invertase/pectin methylesterase inhibitor superfamily	AT3G49220;AT5G53370	46910;4857;30234;98772;3674;50790;19222;50789;65007;8150;65009;43086;44092;9892;48519;71944;44464;5575;5623;9505;5618;30312;45490;272;5976;5975;71704;8152;44238;43170;16052;1901575;9056;9057;45488;10393;42545;71555;45229;16043;71840;9987;71554;30599;52689;16788;16787;3824;5634;43231;43227;43226;43229;44424;5622	2152	3095	1947	1742	5552	693.5	652	6741	7831	4335.5	8737.5	181.5	1352	3815.5	3265	6712.5	4346.5	3580	4016	3231	864.5	3609.5	3779	2575	70318.5	3.515.925
ORTHO004278	myb domain protein 42	AT4G12350;AT4G22680	5634;43231;43227;43226;5575;43229;44424;44464;5623;5622;6355;1903506;2001141;31326;9889;19222;50789;65007;8150;31323;50794;51252;19219;80090;51171;60255;10556;10468;2000112;44212;975;3677;3676;1901363;5488;3674;97159;1067;2000652;44087;1903338;3682;44877;3700;1071;45893;10628;10604;9893;48518;1903508;1902680;51254;45935;31325;48522;51173;31328;9891;10557	2153	4267	2624	3095	2982.5	4434.5	2881	6142.5	2069	4854.5	6763.5	1198.5	5195	1800.5	3265	6712.5	3958.5	3121	3792	6860	4668.5	3754	5902.5	2314	79687	3984.35
ORTHO002186	Polyketide cyclase/dehydrase and lipid transport superfamily protein	AT1G64720	5739;43231;43227;43226;5575;43229;44424;44464;5623;5622;44444;5737;8289;5488;3674;5773;8150	2154	1156	1224	294	1066.5	857.5	37.5	1114.5	460	266	982	267.5	1352	8654.5	8726.5	2476	3367.5	6440	552.5	920	1012	5132.5	2341	2229	47188.5	2.359.425
ORTHO001064_2	polypyrimidine tract-binding protein 1	AT3G01150	381;48024;50684;1903311;51252;19219;80090;19222;50789;65007;8150;51171;31323;50794;60255;10468;43484;5634;43231;43227;43226;5575;43229;44424;44464;5623;5622;6397;16071;16070;44260;43170;71704;8152;44237;9987;90304;6139;46483;6725;1901360;34641;6807;44238;6396;10467;3723;3676;1901363;5488;3674;97159;166;36094;1901265;9845;44707;32501;44699;90351;9791;44767;32502;7275;932;36464;35770;30529;32991;43232;43228;44444;5737;6417;10608;32268;51246;34248;2000112;31326;9889;10556;8380;9846;9856;44703;51704;22414;44706	2155	2625	1339.5	524	4356	3154	3129.5	166.5	5221.5	1155	354.5	5096	1352	4206	4842.5	6712.5	2086	7547.5	2442.5	635	321.5	1068	827.5	2850	53168	2658.4
ORTHO002285	aluminum-activated; malate transporter 12	AT4G17970;AT5G46600;AT5G46610	15140;15556;5310;46943;8514;8509;15075;22891;22857;5215;3674;6810;51234;51179;8150;55085;44763;9987;44699;44765;1902578;22892;34220;6811;98656;6820;15711;71702;5342;1903825;15849;46942;6835;15740;71423;15743;10118;9705;5774;44437;44444;44424;44464;5575;5623;5622;5737;44446;44422;43226;43229;5773;43231;43227;98588;31090;16020;98805;325;12505;5886;71944	2156	2807	2336	2516	1408	2467	3327	8307	702.5	6050.5	4097	5435.5	2777	6257.5	4462	2080.5	1463.5	6590	1407	8942.5	992	7567	2683	611.5	76220	3811
ORTHO006148	Inositol monophosphatase family protein	AT3G02870	5886;16020;5575;44464;5623;71944;46855;44723;5975;71704;8152;8150;44238;44710;44699;46838;16311;6796;6793;44237;9987;44262;71545;43647;19637;19751;6066;1901615;44281;44763;46174;46164;1901616;1901575;9056;44282;44712;46434;80167;9628;50896;6021;46173;46165;1901617;1901576;9058;44283;44711;34637;16051;44249;6020;6790;19853;46394;16053;6082;19752;43436;46364;5996;42364;6767;6766;9110;19852;10347;70456;50308;19203;16791;42578;16788;16787;3824;3674;287;46872;43169;43167;5488;5737;44424;5622;7165;50794;50789;65007;51716;7154;44700;23052;9409;9266;6950;8441;8252;5829;44444;8934;52834;52745	2157	1978	1609	1061	4356	3542.5	2452	2185	1042.5	7722.5	1144	7728.5	6227	4560	5856	1606	3521.5	4747.5	658	3933	3551.5	774.5	728.5	1263	63243.5	3.162.175
ORTHO006756	SNARE-like superfamily protein	AT1G15370	6810;51234;51179;8150;9507;9536;43231;43227;43226;5575;43229;44424;44464;5623;5622;44444;5737;5515;5488;3674	2158	2349	3000.5	3843	1689.5	332.5	6090	3713.5	7899.5	8398	2992.5	6171.5	6895.5	6971	7129	2476	5457.5	6085	5220.5	518	170	2061	1453	3841	83875	4193.75
ORTHO006125	unknown protein	AT5G16250	8150;3674;9507;9536;43231;43227;43226;5575;43229;44424;44464;5623;5622;44444;5737	2159	1983	3813	5467	4356	1227	3628.5	1389	867	2366.5	1414	5053	8950	4839	343	6075	1432.5	8278	2538	9095.5	9098.5	9002	9121.5	7656.5	92374.5	4.618.725
ORTHO004006	Protein kinase superfamily protein	AT2G37840;AT3G53930	5737;44424;44464;5575;5623;5622;6468;16310;6796;6793;44237;8152;8150;9987;6464;36211;19538;43170;71704;44238;43412;44267;44260;16301;16772;16740;3824;3674;5524;35639;1901265;1901363;5488;97159;43168;43167;32559;30554;17076;166;36094;32555;32553;97367;32550;32549;1882;1883;4672;16773;5634;43231;43227;43226;43229	2160	1249	3147	4134	1066.5	4530.5	3628.5	1484	344	1371	5973.5	4239	8675.5	5907	2163.5	1975.5	8576	7637	7862.5	6103	1426	8091	2104	3447.5	85539	4276.95
ORTHO006567	unknown protein	AT1G55535	8150;3674;5739;43231;43227;43226;5575;43229;44424;44464;5623;5622;44444;5737	2161	2884	1107.5	54	4356	7616	1519.5	3947	149	8063.5	513.5	466.5	1352	138	136.5	1202.5	1738.5	439.5	69	2230.5	2214.5	181.5	97	229.5	32304	1615.2
ORTHO004607	phospholipases	AT1G61850	9695;72330;46394;16053;6082;71704;8152;8150;44281;44710;44699;44763;9987;44237;44283;44711;9058;1901576;44249;19752;43436;32787;9694;50832;98542;6952;6950;50896;51707;43207;9605;9607;51704;9620;47714;16298;16788;16787;3824;3674;52689;9507;9536;43231;43227;43226;5575;43229;44424;44464;5623;5622;44444;5737;5634;4620;47372;16042;44712;9056;6629;44238;1901575	2162	1827	1890.5	1619	1281	994.5	1881	1709	635	334.5	8842.5	1576.5	6731.5	4486	6137	6712.5	4004	5221.5	4388	4392	4445	1910	3227	1546.5	69174	3458.7
ORTHO002566	AP2/B3-like transcriptional factor family protein	AT3G19184;AT5G42700	5634;43231;43227;43226;5575;43229;44424;44464;5623;5622;6355;1903506;2001141;31326;9889;19222;50789;65007;8150;31323;50794;51252;19219;80090;51171;60255;10556;10468;2000112;6351;34645;44260;43170;71704;8152;44237;9987;9059;1901576;9058;44249;97659;32774;16070;90304;6139;46483;6725;1901360;34641;6807;44238;34654;19438;44271;18130;1901362;10467;3677;3676;1901363;5488;3674;97159	2163	1808	4299	6435	1281	5904	2528	4503	1328.5	738	9062.5	2000.5	1352	7850	8793	7782	6208.5	6388.5	7353.5	5519.5	864.5	7087	7818	4678.5	97759.5	4.887.975
ORTHO003766	Cytochrome b-c1 complex; subunit 8 protein	AT3G10860;AT5G05370	8121;15078;15077;22890;8324;15075;22891;22857;5215;3674;6810;51234;51179;8150;55085;44763;9987;44699;44765;1902578;22892;34220;6811;98655;6812;15672;1902600;15992;6818;98662;98660;16681;16679;16491;3824;8152;55114;44710;5739;43231;43227;43226;5575;43229;44424;44464;5623;5622;44444;5737;16020;22900;6091;44237;5750;45275;1902495;98796;43234;32991;44425;1990351;16021;31224;1990204;1902494;70069;98803;70469;98800;98798;44429;44446;44422;44455;31966;31090;5740;31967;31975;5743;19866;5746	2164	3121	3507	4850	4356	1500	3513	1484	5754	3504.5	2809.5	8178.5	1352	8576.5	7258.5	7782	2984	4809.5	5502	4527	6578.5	6859.5	2965	3340.5	89278.5	4.463.925
ORTHO006006	tonneau 2 (TON2)	AT5G18580	9524;44444;44424;44464;5575;5623;5622;5737;226;7010;6996;16043;71840;8150;9987;1902589;44763;44699;7017;5819;44430;44446;44422;43226;43229;5856;43232;43228;15630;5515;5488;3674;30865;5509;46872;43169;43167;5634;43231;43227;913;1902408;1902410;32506;22402;7049;910;51301;1903047;278;61640;281;7105;22607;44085;911;9826;902;32989;9653;32502;48856;48869;44767;60560;48589;40007;16049;30359;19888;19208;30234;98772;50790;19222;50789;65007;65009	2165	818	2306	2447	672.5	2776	6132	563	1042.5	2385.5	1144	4162.5	1352	5895.5	4705.5	1975.5	7411.5	7659.5	8200	773.5	8798.5	7332.5	2079	1311	75699.5	3.784.975
ORTHO003917	Serine/threonine-protein kinase WNK (With No Lysine)-related	AT3G15240;AT5G53900	16310;6796;6793;44237;8152;8150;9987;16301;16772;16740;3824;3674;5634;43231;43227;43226;5575;43229;44424;44464;5623;5622	2166	1757	1727	1288	1281	3253	2121.5	1204.5	1042.5	6785.5	1981	2255.5	6397.5	4415.5	5969	6712.5	3399	4809.5	692	4131	3778.5	1778.5	3859.5	1394.5	65980.5	3.299.025
ORTHO005892	unknown protein	AT2G40800;AT3G56430	8150;5634;43231;43227;43226;5575;43229;44424;44464;5623;5622;5739;44444;5737;3674;9507;9536;5773	2167	2129	2849.5	3532	1281	3511	6430	4099	553.5	3017.5	9044.5	1198.5	1352	7779.5	8726.5	7782	1790.5	6388.5	2632.5	586	6578.5	5924	2458	2314	82166	4108.3
ORTHO004915	Sucrase/ferredoxin-like family protein	AT4G26620;AT5G55900	5634;43231;43227;43226;5575;43229;44424;44464;5623;5622;5829;44444;5737;8150;3674	2168	2652	2874.25	3580.5	4356	7444.5	924	3608	3068.5	2170.5	4357	5543	1352	5656	1109.5	6712.5	2329.5	8150.5	8559.5	1016.5	2749.5	8148	2437.5	7028	82364.5	4.118.225
ORTHO006322	unknown protein	AT4G22758	5634;43231;43227;43226;5575;43229;44424;44464;5623;5622	2169	2487	1985.5	1802	4356	228.5	5873	4163.5	7831	2925	8860.5	1576.5	1352	4560	5254.5	1830	935.5	5221.5	4485	201.5	4668.5	2608	4668	3635.5	70878	3543.9
ORTHO005494	prolyl oligopeptidase family protein	AT5G24260	16020;5575;6508;19538;43170;71704;8152;8150;44238;5829;44444;44424;44464;5623;5622;5737;8236;70011;8233;16787;3824;3674;17171;5886;71944	2170	1424	2587.5	3005	1066.5	2710	1011	8670	7899.5	698.5	1414	4670	7377.5	6047	8276	2476	7922.5	5886.5	3312.5	1208	4445	1985	1289.5	1858	79156.5	3.957.825
ORTHO004087	nucleolin like 2	AT3G18610	6364;34470;34660;16070;44260;43170;71704;8152;8150;44237;9987;90304;6139;46483;6725;1901360;34641;6807;44238;6396;10467;16072;42254;22613;44085;71840;183;6342;45814;10629;10605;9892;48519;50789;65007;19222;60255;10468;40029;45892;1903507;1903506;2001141;31326;9889;31323;50794;51252;19219;80090;51171;10556;1902679;51253;45934;51172;31324;48523;31327;9890;10558;6355;2000112;2000113;16458;44763;44699;166;36094;5488;3674;1901265;1901363;97159;5634;43231;43227;43226;5575;43229;44424;44464;5623;5622;5730;44428;44446;44422;43232;43228;31981;70013;43233;31974;31491;32403;44877;5515;3682;3676;3723	2171	765	2210.5	2250	4356	2837	6850.5	4462	1625	4115.5	982	2553.5	1352	6764.5	8726.5	976.5	8300	6440	1141	3483.5	7052	4612.5	1035	945.5	74254.5	3.712.725
ORTHO001904	Tetratricopeptide repeat (TPR)-like superfamily protein	AT1G04770;AT5G48850	9658;9657;6996;16043;71840;8150;9987;10438;9267;31669;31667;9991;9605;50896;31668;51716;71496;7154;44763;44699;42594;6950;33554;5634;43231;43227;43226;5575;43229;44424;44464;5623;5622;6792;50789;65007	2172	2399	2410	2648	1689.5	4519	2328.5	1709	1328.5	3718.5	744	8051	6617.5	4415.5	5254.5	1830	3891.5	5221.5	4388	4392	4445	2328.5	4564	7266.5	77013	3850.65
ORTHO002219	farnesyl diphosphate synthase 2	AT4G17190;AT5G47770	16740;3824;3674;8152;8150;45337;16114;6721;6720;44255;6629;71704;44710;44699;44238;44763;9987;44237;8299;8610;1901576;9058;44711;44249;45338;6644;19637;6793;6796;8654;90407;5737;44424;44464;5575;5623;5622;33384;33383;6695;1902653;46165;1901617;1901615;44283;44281;6066;1902652;8203;16125;8202;1901360;16126;6694;1901362;5829;44444;4161;4659;16765;4337;46872;43169;43167;5488;5739;43231;43227;43226;43229	2173	2951	1535.5	898	4356	4389	5944	2185	1042.5	642.5	3136.5	528	4955.5	3815.5	3047.5	6712.5	3796.5	3121	3352	1160.5	4519	3222.5	3188	2091	60849	3042.45
ORTHO002780	cyclin p4	AT2G44740	7049;44763;9987;8150;44699;79;1904029;45859;43549;42325;19220;51174;31323;50794;50789;65007;19222;51338;50790;65009;1932;31399;32268;51246;80090;60255;51726;71900;4693;97472;4672;16301;16772;16740;3824;3674;8152;16310;6796;6793;44237;16773;6468;6464;36211;19538;43170;71704;44238;43412;44267;44260;4674;51301;19901;19900;19899;5515;5488	2174	2930	2038.5	1903	2097	4278	3025	6142.5	2202	6308	5303	4724	4555.5	3815.5	1910.5	1606	3067	4809.5	3136.5	3797	3284.5	1132	3248	5601	71945.5	3.597.275
ORTHO006078	senescence-associated gene 29	AT5G13170	10150;10260;7568;44767;32502;8150;44699;48513;48856;48731;7275;44707;32501;48366;48827;48367;139;98588;31090;16020;5575;44422;43226;43227;44431;44444;44424;44464;5623;5622;5737;44446;43229;5794;43231;12505;51119;15144;22891;22857;5215;3674;6810;51234;51179;55085;44763;9987;44765;1902578;22892;1901476;8643;71702;34219;71446;71407;14070;10033;42221;50896;71310;70887;51716;9751;1101;1901700;71229;1901701;5515;5488;71470;71214;9628;6970;6950;33554;15770;15766;15772;5887;31226;44459;44425;5886;71944;31224;16021;9793;44702;22414;3006;9790;48316;48608;61458;9791;10154;10431;48609;32504;3;21700;71215;9737;9725;9719;33993;97305;71396;32870;71495;97306;8515;15154;15157	2175	4055	2807.5	3440	2375	5155.5	3960	5568.5	6712.5	7183	5973.5	2729	4555.5	3815.5	2023.5	3976.5	3367.5	2199.5	5851	6197.5	3756	2541	4366	1735.5	81667	4083.35
ORTHO005285	GDSL-like Lipase/Acylhydrolase superfamily protein	AT1G74460	16788;16787;3824;3674;8152;8150;16042;44712;9056;44710;44699;6629;71704;44238;1901575;5576;5575	2176	2473	4968	7760	1689.5	9071	1342.5	2876.5	1753	4115.5	9139	5600.5	8605	5378	867	1606	7733.5	7547.5	8830	518	7568	8354	8806.5	7120	106831.5	5.341.575
ORTHO004267	myb domain protein 98	AT4G18770	5634;43231;43227;43226;5575;43229;44424;44464;5623;5622;3677;3676;1901363;5488;3674;97159;45697;45595;50794;50789;65007;8150;50793;2000026;51239;6351;34645;44260;43170;71704;8152;44237;9987;9059;1901576;9058;44249;97659;32774;16070;90304;6139;46483;6725;1901360;34641;6807;44238;34654;19438;44271;18130;1901362;10467;6355;1903506;2001141;31326;9889;19222;31323;51252;19219;80090;51171;60255;10556;10468;2000112;10183;50918;6935;42330;40011;9605;50896;42221;48868;3006;32502;22414;48856;9856;44703;51704;44706;32501;3700;1071;3682;44877;9553;48229;7275;44767;44699;44707	2177	4082	4937.5	7698	5938.5	5432.5	1011	7331	1133	3055	8314	3422.5	7031	6971	7195	7782	6027	5368	7398	1869	7254	7520.5	8348.5	3920	106383	5319.15
ORTHO006471	Homeodomain-like superfamily protein	AT5G52660	6355;1903506;2001141;31326;9889;19222;50789;65007;8150;31323;50794;51252;19219;80090;51171;60255;10556;10468;2000112;9737;9725;9719;50896;10033;42221;33993;97305;1901700;1101;46686;10038;10035;3682;44877;5488;3674;9753;3700;1071;5634;43231;43227;43226;5575;43229;44424;44464;5623;5622;9751;14070;6351;34645;44260;43170;71704;8152;44237;9987;9059;1901576;9058;44249;97659;32774;16070;90304;6139;46483;6725;1901360;34641;6807;44238;34654;19438;44271;18130;1901362;10467;9723;9739;3677;3676;1901363;97159;9651;6970;9628;6950	2178	4881	5517.5	8857	5938.5	8675.5	4948.5	9114	8838.5	6112	3749	5600.5	1352	5635	1040.5	6712.5	7091.5	8872	3021.5	9114.5	8400	8330.5	8686.5	8649.5	123944	6197.2
ORTHO003653	TRICHOME BIREFRINGENCE-LIKE 22	AT3G28150	10411;6073;44042;5976;5975;71704;8152;8150;44238;43170;44264;44260;44237;9987;44262;10410;10383;44036;71554;16021;31224;44425;5575;16020;16413;16407;16747;16746;16740;3824;3674;8374;5794;43231;43227;43226;43229;44424;44464;5623;5622;44444;5737;12505	2179	3234	2045.5	1912	4356	1089	2121.5	6741	8259	3372	1810	998	5740	3815.5	4233.5	1830	4252.5	3580	3730.5	4131	5061.5	4612.5	3918.5	2699.5	71995.5	3.599.775
ORTHO001203_1	Protein of unknown function (DUF803)	AT2G21120;AT4G38730	16021;31224;44425;5575;16020;8150;5886;44464;5623;71944;15095;72509;22890;8324;15075;22891;22857;5215;3674;6810;51234;51179;55085;44763;9987;44699;44765;1902578;22892;34220;6811;98655;6812;72511;46873;30001;1903830;9507;9536;43231;43227;43226;43229;44424;5622;44444;5737	2180	3957	4629	7078	2097	1658.5	7562.5	1361	1133	2059	8232.5	2597	3808.5	6764.5	7082.5	7782	5685	5221.5	6785	8320	6696	7259	8163.5	3721	101892	5094.6
ORTHO000406_1	Protein kinase superfamily protein	AT1G06700;AT2G30730;AT2G30740;AT2G43230;AT3G59350	19901;19900;19899;5515;5488;3674;5886;16020;5575;44464;5623;71944;16301;16772;16740;3824;8152;8150;16310;6796;6793;44237;9987;9506;5911;30054;55044;5524;35639;1901265;1901363;97159;43168;43167;32559;30554;17076;166;36094;32555;32553;97367;32550;32549;1882;1883;4713;4672;16773;6468;6464;36211;19538;43170;71704;44238;43412;44267;44260;18108;18212;18193;5634;43231;43227;43226;43229;44424;5622	2181	2428	1730	1279	1689.5	3205.5	1938.5	6906	8259	3027.5	1810	1779	1352	4486	6054.5	6712.5	4346.5	3121	1486.5	4258.5	569	1827.5	3271	1454.5	65865	3293.25
ORTHO003837	BET1P/SFT1P-like protein 14A	AT3G58170	9860;44702;22414;8150;44699;904;902;32989;16043;71840;9987;9653;32502;48856;48869;44767;44763;48468;30154;3006;48588;48589;40007;16049;9932;9826;60560;48868;9856;44703;51704;44706;32501;8565;22892;5215;3674;6810;51234;51179;15031;45184;8104;33036;71702;6888;16482;46907;51649;51641;48193;1902582;44765;1902578;16192;5737;44424;44464;5575;5623;5622;5794;43231;43227;43226;43229;44444;12505;5886;16020;71944;61025;61024;5484;5515;5488;5634	2182	2827	3379	4576	5151.5	2735	5955	3258.5	2760.5	7862.5	3948.5	5517.5	8380	6227.5	4705.5	1307	8208.5	4595	3172	2665	3204.5	8454	4209.5	566	87732	4386.6
ORTHO003601	Thioredoxin superfamily protein	AT4G33040;AT5G11930	5737;44424;44464;5575;5623;5622;15035;15036;16667;16491;3824;3674;8152;8150;55114;44710;44699;45454;19725;42592;65008;65007;44763;9987;50794;50789;9055	2183	4182	3679.5	5176	5938.5	1381.5	6430	2684	3450	8535.5	4912.5	5667	1352	8715.5	5775.5	7782	9010.5	8592	2568.5	2986	2966	2213.5	1740	4117.5	90879.5	4.543.975
ORTHO002586	squalene synthase 1	AT4G34640;AT4G34650	8299;6720;44255;6629;71704;8152;8150;44710;44699;44238;44763;9987;44237;8610;1901576;9058;44711;44249;5783;43231;43227;43226;5575;43229;44424;44464;5623;5622;44444;5737;12505;4310;4311;4659;16765;16740;3824;3674;5789;98588;31090;16020;44422;44432;44446;44425;42175;16126;16125;6066;1901615;44281;8202;1901360;46165;1901617;44283;6694;1901362;55114;16491;5886;71944;16021;31224;51996	2184	206	1147.5	111	672.5	15	5	88.5	16.5	14.5	25.5	393	6731.5	5715	5523	797.5	1356.5	9164.5	2851	1356.5	1193	889.5	1767.5	113.5	38017	1900.85
ORTHO005173	HAD superfamily; subfamily IIIB acid phosphatase	AT4G25150;AT5G51260	3993;16791;42578;16788;16787;3824;3674;8152;8150;16311;6796;6793;44237;9987;9507;9536;43231;43227;43226;5575;43229;44424;44464;5623;5622;44444;5737	2185	3202	2848	3511	4356	3585	4244.5	3108.5	2828	8934.5	4766.5	1198.5	8446	5500	1063	6712.5	965	7408	1501	2534.5	1702	8330.5	3299.5	5913	82040.5	4.102.025
ORTHO001458	germin-like protein 1	AT1G72610;AT5G20630	31012;5575;45735;3674;48046;5576;8150;30145;46914;46872;43169;43167;5488;9505;5618;30312;44464;5623;71944;18119;17014;6464;36211;19538;43170;71704;8152;44238;43412;44267;44260;44237;9987;18198;18193;33609;43648;19752;43436;6082;44281;44710;44699;44763;5634;43231;43227;43226;43229;44424;5622;46564;16831;16830;16829;3824;9409;9266;9628;50896;6950;9735;9725;9719;10033;42221	2186	2633	4921	7656	1812	2054	2528	9024.5	9076	3785.5	1211	4905	1352	4850	336.5	1429.5	8832.5	8352	9117.5	9102.5	9104	8888.5	2943	9122	106014	5300.7
ORTHO004214	SPla/RYanodine receptor (SPRY) domain-containing protein	AT1G35470;AT4G09340	5634;43231;43227;43226;5575;43229;44424;44464;5623;5622;3674;5737;8150	2187	272	1589.5	992	248.5	2943.5	5621.5	1780.5	1691	4102	1312.5	337.5	9077	6358.5	6484	797.5	2103	7151.5	528	824	1026	7301.5	2003	831.5	62274	3113.7
ORTHO003215	unknown protein	AT3G22530;AT4G14830	5774;44437;44444;44424;44464;5575;5623;5622;5737;44446;44422;43226;43229;5773;43231;43227;98588;31090;16020;98805;3674;8150;5515;5488;5634	2188	4375	5004	7820	5151.5	6739	7507.5	2545	2412.5	1409.5	7999	4059.5	7377.5	6764.5	7939.5	7782	1650.5	5569	5430	8025.5	5170.5	6576.5	4961.5	7453	107372	5368.6
ORTHO004743	Aldolase-type TIM barrel family protein	AT5G13420	6098;51156;19637;71704;8152;8150;6793;44237;9987;1901135;6796;6739;46496;19362;6733;6732;51186;9117;6753;55086;6139;46483;6725;1901360;34641;6807;44238;44281;44710;44699;44763;72524;1901564;19682;6081;19693;9536;43231;43227;43226;5575;43229;44424;44464;5623;5622;44444;5737;9507;4801;16744;16740;3824;3674;9570;9532;44435;44446;44422;44434;33587;1901617;1901615;1901576;9058;72330;46394;16053;6082;44283;44711;44249;19752;43436;32787;19632;9809;9808;9698;19748;9699;19438;1901362;44550;46686;10038;10035;42221;50896;5739	2189	861	1376	563	4356	2097.5	5176	1013.5	7831	1655.5	865	1658	3896	4662.5	6331.5	508.5	7313	5626	598.5	995	684	1132	591	1487.5	54122	2706.1
ORTHO004204	P-loop containing nucleoside triphosphate hydrolases superfamily protein	AT1G50140;AT3G19740	16887;17111;16462;16818;16817;16787;3824;3674;8152;8150;5886;16020;5575;44464;5623;71944;5524;35639;1901265;1901363;5488;97159;43168;43167;32559;30554;17076;166;36094;32555;32553;97367;32550;32549;1882;1883	2190	4475	3972	5754	2982.5	6227.5	5673.5	6428.5	5028	5356	6763.5	1510.5	6316	1800.5	5034.5	6712.5	3796.5	3949	3575.5	2935	4519	6182.5	5678	6379.5	93866	4693.3
ORTHO005789	Late embryogenesis abundant (LEA) hydroxyproline-rich glycoprotein family	AT1G17620	3674;9506;5911;30054;5575;55044;5886;16020;44464;5623;71944;8150	2191	4366	3724	5257	5938.5	6313	3025	6573	4418	3252.5	6763.5	6171.5	6513.5	1800.5	5034.5	6712.5	562	3121	3691	6689.5	4668.5	3609.5	5826.5	6553	91298.5	4.564.925
ORTHO002467	evolutionarily conserved C-terminal region 5	AT3G13060	8150;5634;43231;43227;43226;5575;43229;44424;44464;5623;5622;5829;44444;5737;3674	2192	3066	1815.5	1439	2097	4434.5	5808	2114.5	5028	6038.5	2290	1198.5	5066	3815.5	2702.5	6712.5	3399	4982.5	3504.5	1291.5	271.5	3222.5	3040	2850	67770	3388.5
ORTHO004044	Protein kinase superfamily protein	AT1G74320	4103;16301;16772;16740;3824;3674;8152;8150;16310;6796;6793;44237;9987;16773;6657;6656;46470;97164;6807;42439;6066;1901615;71704;44281;44710;44699;44763;6576;44106;9308;1901564;34641;6650;6644;19637;44255;6629;44238;46486;46474;45017;8610;1901576;9058;44711;44249;8654;90407;46165;1901617;44283;1901566;5737;44424;44464;5575;5623;5622;5524;35639;1901265;1901363;5488;97159;43168;43167;32559;30554;17076;166;36094;32555;32553;97367;32550;32549;1882;1883	2193	2969	2470.5	2748	4356	2672	7808.5	1361	1839.5	402.5	2809.5	3950.5	1352	8593	7349.5	2476	562	6085	7281	4848	914	7637.5	5762.5	3841	77545	3877.25
ORTHO006879	6-phosphogluconolactonase 1	AT1G13700	5975;71704;8152;8150;44238;3824;3674;9507;9536;43231;43227;43226;5575;43229;44424;44464;5623;5622;44444;5737;6098;51156;19637;6793;44237;9987;1901135;6796;6739;46496;19362;6733;6732;51186;9117;6753;55086;6139;46483;6725;1901360;34641;6807;44281;44710;44699;44763;72524;1901564;19682;6081;19693;17057;52689;16788;16787;5829	2194	1946	2541	2888	4356	892	312	3156	4014	8168.5	4461	5096	2745	6004.5	6054.5	2080.5	9104.5	9054	8292	2570	3027	774.5	1594	1090.5	78490.5	3.924.525
ORTHO004595	gamma carbonic anhydrase-like 2	AT3G48680;AT5G63510	9737;9725;9719;50896;8150;10033;42221;33993;97305;1901700;1101;5747;45271;30964;98796;43234;32991;5575;44425;16020;1990204;1902494;44464;5623;98803;70469;98800;98798;44429;44444;44424;5622;5737;44446;44422;43226;43229;5739;43231;43227;44455;31966;31090;5740;31967;31975;5743;19866;5746;5515;5488;3674;5774;44437;5773;98588;98805;9853;43094;44249;9058;8152;44237;9987;10228;3006;32502;22414;48608;48856;61458;48731;7275;44767;44699;44707;32501;9791;9507;9536;9651;6970;9628;6950;46872;43169;43167;4089;16836;16835;16829;3824	2195	4207	1663.5	1132	5121	8391.5	7302.5	4503	3525	1604.5	4295	998	4555.5	3815.5	1812.5	3976.5	3264.5	4982.5	394	1960	331.5	2433.5	4047.5	1906.5	64099.5	3.204.975
ORTHO005004	FUNCTIONS IN: molecular_function unknown	AT1G04200	5634;43231;43227;43226;5575;43229;44424;44464;5623;5622;7030;6996;16043;71840;8150;9987;10256;3674;5794;44444;5737;12505	2196	2594	4430.75	6665.5	1812	8263	2234.5	1640.5	1328.5	2235	1623	1576.5	1352	7954.5	7764	7782	6752	6737.5	8435	5887	7672.5	7358	7404.5	5222.5	99222.5	4.961.125
ORTHO005316	1-deoxy-D-xylulose 5-phosphate reductoisomerase	AT5G62790	46872;43169;43167;5488;3674;30604;16616;16614;16491;3824;8152;8150;55114;44710;44699;19288;6090;32787;19752;43436;6082;71704;44281;44763;9987;44237;9240;46490;6644;19637;6793;44255;6629;44238;6796;8654;90407;1901576;9058;8610;44711;44249;8299;6720;19682;6081;1901135;9570;9532;44435;44444;44424;44464;5575;5623;5622;5737;44446;44422;43226;43229;9536;43231;43227;44434;9507;46686;10038;10035;42221;50896;70402;50661;50662;48037;166;36094;1901265;1901363;97159;43168;16853	2197	1972	1104.5	12	4356	1777	5048.5	196	105.5	969	354.5	79.5	1352	138	136.5	3183	2835	663.5	1827	52	312.5	343	1498	339	21209.5	1.060.475
ORTHO005470	Syntaxin/t-SNARE family protein	AT2G18860;AT4G30240	5794;43231;43227;43226;5575;43229;44424;44464;5623;5622;44444;5737;12505;5634;16020;48193;1902582;46907;6810;51234;51179;8150;51649;51641;44765;1902578;44699;16192;5739	2198	4110	1132	66	2375	285	1818.5	3457	3895.5	8535.5	1082.5	1755.5	1352	138	136.5	3183	2692	330	77.5	2935	180.5	371.5	1121.5	229.5	33576.5	1.678.825
ORTHO003306	FASCICLIN-like arabinoogalactan 7	AT2G04780	46658;31226;44459;44464;5575;5623;44425;16020;5886;71944;31224;31225	2199	3473	2680.5	3162	4356	1227	3224.5	3939	7046.5	7247	6763.5	1354.5	4955.5	3815.5	3047.5	6712.5	3796.5	3121	3616	3949.5	4668.5	3609.5	5678	2314	80086	4004.3
ORTHO000589_1	FTSH protease 8	AT1G06430;AT2G30950;AT5G15250	8270;46914;46872;43169;43167;5488;3674;5524;35639;1901265;1901363;97159;43168;32559;30554;17076;166;36094;32555;32553;97367;32550;32549;1882;1883;9535;55035;42651;34357;16020;5575;44436;44424;44464;5623;5622;9579;44435;44444;5737;44446;44422;43226;43229;9536;43231;43227;31976;31984;44434;9507;9534;5739;8237;70011;8233;16787;3824;8152;8150;6508;19538;43170;71704;44238;4176;42623;16887;17111;16462;16818;16817;9941;9526;31967;31975;7275;44767;32502;44699;44707;32501;10304;44257;30163;9057;1901575;9056;44265;44260;44237;9987;44248;44267;16021;31224;44425;4222;4175;10205;43155;42548;10109;31323;50794;50789;65007;19222;43467;31324;48523;48519;9892;9644;9642;9416;9314;9628;50896;10027;9668;44802;61024;16043;71840;44763;9657;6996;31977;9735;9725;9719;10033;42221;10206;30091;9765;6091;19684;15979;72593	2200	2150	3299	4398	4356	1500	6309	4424	702.5	1462	1810	8294	7743	7636	8726.5	2476	1545.5	6330	7042	1160.5	6578.5	6077	2630	4413.5	86860	4343
ORTHO001254	hydroxyproline-rich glycoprotein family protein	AT2G25930;AT3G21320	10119;50794;50789;65007;8150;9409;9266;9628;50896;6950;6355;1903506;2001141;31326;9889;19222;31323;51252;19219;80090;51171;60255;10556;10468;2000112;5634;43231;43227;43226;5575;43229;44424;44464;5623;5622;9733;9725;9719;10033;42221;9826;902;32989;16043;71840;9987;9653;32502;48856;48869;44767;44699;44763;60560;48589;40007;16049;6351;34645;44260;43170;71704;8152;44237;9059;1901576;9058;44249;97659;32774;16070;90304;6139;46483;6725;1901360;34641;6807;44238;34654;19438;44271;18130;1901362;10467;48573;9648;9416;9314;10228;3006;22414;48608;61458;48731;7275;44707;32501;9791;10031;50879;7623;48511;9909;48580;2000026;50793;51239;48831;2000241;9649;9605;42752;9585;7602;9583;9582;51606;9581;7165;51716;7154;44700;23052;10017;71489;9639;71482;71478;71214;8022;5515;5488;3674;3700;1071;9737;33993;97305;1901700;1101	2201	2477	4756.5	7312	1689.5	7116	3129.5	310.5	8874	3977.5	2539	6651.5	1352	5258.5	908	1429.5	7495.5	7910.5	8720.5	8691.5	2573	8510	8952	9053	103452	5172.6
ORTHO000572_1	CRM family member 3A	AT3G23070;AT4G14510	3723;3676;1901363;5488;3674;97159;9507;9536;43231;43227;43226;5575;43229;44424;44464;5623;5622;44444;5737;373;377;375;8380;6396;16070;44260;43170;71704;8152;8150;44237;9987;90304;6139;46483;6725;1901360;34641;6807;44238;10467;48316;48608;3006;32502;22414;48856;61458;48731;7275;44767;44699;44707;32501;44702;9791;10154	2202	1822	5007.5	7813	1281	8296	3628.5	9103	9173	3017.5	1623	2197	1352	8983	6639	2476	7214.5	8971.5	2742.5	9015.5	2533.5	8260	8775	3289.5	107290	5364.5
ORTHO002197	arginine/serine-rich zinc knuckle-containing protein 33	AT2G37340;AT3G53500	5681;44428;44446;44422;5575;43226;44424;44464;5623;5622;43229;5634;43231;43227;30529;32991;8270;46914;46872;43169;43167;5488;3674;8380;6396;16070;44260;43170;71704;8152;8150;44237;9987;90304;6139;46483;6725;1901360;34641;6807;44238;10467;245;22618;71826;43933;16043;71840;34622;65003;22607;44085;22613;398;6397;16071;377;375;16607;16604;44451;5654;31981;70013;43233;31974;3676;1901363;97159;5515;166;36094;1901265	2203	3710	5223	8243	4356	1594	5560.5	7331	8207	1318	9015.5	3422.5	7031	6971	7258.5	2476	6099.5	5518	7562	4809.5	7489.5	7603.5	8436	4016	111719	5585.95
ORTHO002600	Ribosomal protein S26e family protein	AT2G40510;AT2G40590;AT3G56340	6412;43043;43604;43603;34641;6807;8152;8150;44237;9987;44271;44249;9058;6518;1901564;71704;1901566;1901576;44267;19538;43170;44238;44260;34645;9059;10467;3735;5198;3674;22627;15935;44391;30529;32991;5575;44424;44464;5623;5622;44444;5737;44446;44422;43226;43229;5840;43232;43228;44445;5829;22626;3729;44822;3723;3676;1901363;5488;97159;42254;22613;44085;71840;9507;9536;43231;43227;9506;5911;30054;55044;16020	2204	3222	3862	5520	2097	1500	5075.5	1780.5	6379.5	1567.5	1810	1070.5	7554	7636	7487.5	7782	1827.5	6265.5	8720.5	4392	8264.5	7147.5	1847	4541	92648.5	4.632.425
ORTHO003269	RUB1 conjugating enzyme 1	AT4G36800	19787;16740;3824;3674;8152;8150;5524;35639;1901265;1901363;5488;97159;43168;43167;32559;30554;17076;166;36094;32555;32553;97367;32550;32549;1882;1883;45116;32446;70647;6464;36211;19538;43170;71704;44238;43412;44267;44260;44237;9987;9790;44767;32502;44699;48856;7275;44707;32501;9733;9725;9719;50896;10033;42221;16874;19788;5515	2205	3482	4135	6065	2097	1729.5	5187.5	2614.5	7183.5	1233	8892.5	3808	6513.5	6764.5	7017.5	5325.5	6027	4887	5502	3899.5	7636	5213.5	2650	3565	95649.5	4.782.475
ORTHO000948_1	ARM repeat superfamily protein	AT1G65220;AT5G36230	6446;6417;10608;10468;60255;19222;50789;65007;8150;32268;51246;80090;31323;50794;34248;51171;2000112;31326;9889;10556;6413;44237;8152;9987;6412;43043;43604;43603;34641;6807;44271;44249;9058;6518;1901564;71704;1901566;1901576;44267;19538;43170;44238;44260;34645;9059;10467;3743;8135;3723;3676;1901363;5488;3674;97159;5829;44444;44424;44464;5575;5623;5622;5737;5634;43231;43227;43226;43229;16020	2206	827	1506.5	807	365.5	3632	2155	834.5	8541.5	1709.5	669	1510.5	7498	4662.5	6378.5	1830	351	5788	418	3747	1440.5	3111.5	3484.5	1644	59405.5	2.970.275
ORTHO000369_2	alpha-vacuolar processing enzyme	AT2G25940;AT4G32940	6624;16485;6508;19538;43170;71704;8152;8150;44238;51604;10467;44267;44260;44237;9987;4197;8234;70011;8233;16787;3824;3674;4175;51603;44257;30163;9057;1901575;9056;44265;44248;5576;5575;43202;5775;44437;44444;44424;44464;5623;5622;5737;44446;44422;43226;43229;5773;43231;43227;70013;43233;31974;5764;323;9611;6950;50896;9723;9725;9719;10033;42221;9751;14070;1101;1901700;10150;10260;7568;44767;32502;44699;48513;48856;48731;7275;44707;32501;48366;48827;48367;9753	2207	1791	1906	1605	1281	2908.5	739	4503	867	698.5	865	1854	8205.5	7850	8893	2476	1753.5	6440	4914	461.5	914	6859.5	5171.5	2699.5	69073	3453.65
ORTHO004070	dolichyl-diphosphooligosaccharide-protein glycosyltransferase 48kDa subunit family protein	AT5G66680	4579;4576;16758;16757;16740;3824;3674;8152;8150;5576;5575;5774;44437;44444;44424;44464;5623;5622;5737;44446;44422;43226;43229;5773;43231;43227;98588;31090;16020;98805;5730;44428;5634;43232;43228;31981;70013;43233;31974;5783;12505;9505;5618;30312;71944;18279;18196;18193;6464;36211;19538;43170;71704;44238;43412;44267;44260;44237;9987;6487;6486;44763;44699;43413;70085;44723;5975;44710;9101;9100;1901135;34645;9059;1901576;9058;44249;1901137;9506;5911;30054;55044;9826;902;32989;16043;71840;9653;32502;48856;48869;44767;60560;48589;40007;16049;8250;98796;43234;32991;44425;44432;1990234;1902494;5789;42175;5794;9664;71555;45229;71554;71669;16021;31224	2208	3013	4900	7592	2097	6810	6236.5	2796	8634	2170.5	3526	8702.5	8519	6088.5	1389	7360.5	2408	7219.5	8526	1129.5	8828	8148	2591	4413.5	105496	5274.8
ORTHO005561	Core-2/I-branching beta-1;6-N-acetylglucosaminyltransferase family protein	AT1G11940;AT1G62305	5794;43231;43227;43226;5575;43229;44424;44464;5623;5622;44444;5737;12505;16020;16757;16740;3824;3674;8152;8150;8375;8194;16758;5739	2209	4125	2704.5	3200	5121	8888	3327	3632.5	4551	8934.5	4551	6171.5	1352	8610	5254.5	7782	1703	7028	1878.5	1869	268.5	1566.5	1681.5	1243	80292	4014.6
ORTHO001454_1	Leucine-rich repeat (LRR) family protein	AT3G05990	5886;16020;5575;44464;5623;71944;7165;50794;50789;65007;8150;51716;9987;50896;7154;44763;44699;44700;23052	2210	1340	1286.5	363	4356	3716	1595.5	535	393.5	334.5	319	818.5	1352	4763.5	6545	797.5	494	5992	418	3933	6578.5	4780.5	4037.5	2003.5	49407	2470.35
ORTHO000925_1	binding	AT2G22125	5886;16020;5575;44464;5623;71944;5737;44424;5622;5634;43231;43227;43226;43229;30244;51274;9250;33692;271;5976;5975;71704;8152;8150;44238;43170;16051;44723;44710;44699;1901576;9058;44711;9059;34637;44262;44237;9987;44763;44249;44264;44260;34645;6073;44042;51273;30243;51211;16049;40007;9506;5911;30054;55044	2211	723	2137.5	2064	672.5	2425	605.5	517	3632	5938	4693.5	9062	4202	6187	6425.5	797.5	901	8985	2802.5	2409.5	1178	8861	2524	885.5	73031.5	3.651.575
ORTHO007145	alpha-mannosidase 3	AT1G30000	5768;43231;43227;43226;5575;43229;44424;44464;5623;5622;44444;5737;12505;5802;98791;44431;44446;44422;5794;31984;30433;43161;10498;51603;6508;19538;43170;71704;8152;8150;44238;44257;30163;9057;1901575;9056;44265;44260;44237;9987;44248;44267;6511;19941;43632;36503;44712;44710;44699;44763;10033;42221;50896;34976;33554;51716;6950;48364;44767;32502;48513;48856;48731;7275;44707;32501;22622;6487;6486;6464;36211;43412;43413;70085;44723;5975;9101;9100;1901135;34645;9059;1901576;9058;44249;1901137;97466;6516;1901136;1904587;1901700;6491;9311;5783;4559;15923;4553;16798;16787;3824;3674;4571;15924	2212	1343	1833	1454	4356	2672	575	1114.5	702.5	607.5	982	2131	1352	7850	8793	797.5	6162	6590	4016	201.5	8534	6512.5	5586.5	2699.5	67879	3393.95
ORTHO005804	photosystem II reaction center PSB28 protein	AT4G28660	9507;9536;43231;43227;43226;5575;43229;44424;44464;5623;5622;44444;5737;9579;9535;55035;42651;34357;16020;44436;44435;44446;44422;31976;31984;44434;9534;15979;44237;8152;8150;9987;9539;98796;43234;32991;44425;9523;9521;9570;9532;3674;9654;1990204;1902494	2213	2211	3087	3961	1689.5	1089	512	1547.5	460	763	1623	8482.5	1352	9138	9114	7782	6549	6440	7612.5	178	7386	7637.5	4668	2229	84563	4228.15
ORTHO004089	chromatin remodeling 1	AT5G66750	6346;6342;45814;10629;10605;9892;48519;50789;65007;8150;19222;60255;10468;40029;45892;1903507;1903506;2001141;31326;9889;31323;50794;51252;19219;80090;51171;10556;1902679;51253;45934;51172;31324;48523;31327;9890;10558;6355;2000112;2000113;16458;44763;9987;44699;16569;16568;6325;43933;16043;71840;51276;6996;1902589;3677;3676;1901363;5488;3674;97159;32197;32196;51574;31062;31060;31056;1903308;1902275;33044;33043;51128;31399;32268;51246;31058;1903310;2001252;10638;51130;48522;48518;31401;32270;31325;9893;51247;10604;51570;90241;35067;2000757;2000756;1901983;1901984;31400;32269;51248;35065;31057;1903309;2001251;10639;51129;90239;44030;51052;6349;71514;6139;46483;44237;8152;6725;1901360;71704;34641;6807;44238;786;44427;44446;44422;5575;43226;44424;44464;5623;5622;43229;5694;43232;43228;44815;43234;32991;32993;785;16887;17111;16462;16818;16817;16787;3824;4003;8094;42623;3678;4386;32508;32392;71103;8026;70035;9294;9292;44764;51704;5634;43231;43227;6351;34645;44260;43170;9059;1901576;9058;44249;97659;32774;16070;90304;34654;19438;44271;18130;1901362;10467;5515;6344;5524;35639;1901265;43168;43167;32559;30554;17076;166;36094;32555;32553;97367;32550;32549;1882;1883	2214	2419	2239.5	2265	1689.5	3334	6572	3698.5	113.5	1346	147	6629	3856.5	6601.5	6937	2476	4004	8670	2430.5	2409.5	2313	4780.5	4723.5	3340.5	74382.5	3.719.125
ORTHO005668	unknown protein	AT3G16200	5794;43231;43227;43226;5575;43229;44424;44464;5623;5622;44444;5737;12505;5802;98791;44431;44446;44422;31984;3674;8150;5768;5739	2215	477	1612	1009	672.5	4240	3513	4109.5	8392	402.5	865	2597	1352	7101	8726.5	976.5	2107.5	6590	3904.5	60.5	1026	4612.5	1121.5	885.5	62583	3129.15
ORTHO003109	K+ efflux antiporter 1	AT1G01790;AT4G00630	9941;9526;31967;31975;44464;5575;5623;44446;44422;43226;44424;5622;43229;43227;44435;44444;5737;9536;43231;44434;9507;31969;42170;31090;16020;6813;15672;6812;6811;44765;6810;51234;51179;8150;1902578;44699;30001;15386;5451;15299;15078;15077;22890;8324;15075;22891;22857;5215;3674;55085;44763;9987;22892;34220;98655;1902600;15992;6818;98662;98660;15298;15297;15291;22804;15491;22821;15079;46873;71805;71804;16021;31224;44425;9706;9528;19866	2216	2256	3813	5410	1689.5	1329	7147	4462	2959	3706.5	3269.5	4421	8605	8747	5691.5	7782	3399	6265.5	394	5400	5903.5	9079.5	3426.5	125	92112.5	4.605.625
ORTHO004260	Galactose oxidase/kelch repeat superfamily protein	AT1G67480	16567;32446;70647;6464;36211;19538;43170;71704;8152;8150;44238;43412;44267;44260;44237;9987;31463;31461;151;1990234;1902494;43234;32991;5575;44424;44464;5623;5622;4842;19787;16740;3824;3674;5737	2217	3828	1733.5	1250	2097	1089	2703	2250	6379.5	1800	8737.5	3218	1352	3815.5	3265	1606	494	3121	3944	4060.5	4833.5	4067	6365	2485	65585.5	3.279.275
ORTHO004543	terminal EAR1-like 1	AT3G26120	5737;44424;44464;5575;5623;5622;166;36094;5488;3674;1901265;1901363;97159;3676;3723	2218	2429	1537.5	857	4356	7721.5	1457	1389	1198	8647.5	1623	7102	1352	4766.5	6137	1830	2123.5	7617	1726.5	1426	467.5	868	779	1958.5	60189.5	3.009.475
ORTHO005818	Ribosomal protein L19 family protein	AT4G17560;AT5G47190	9507;9536;43231;43227;43226;5575;43229;44424;44464;5623;5622;44444;5737;6412;43043;43604;43603;34641;6807;8152;8150;44237;9987;44271;44249;9058;6518;1901564;71704;1901566;1901576;44267;19538;43170;44238;44260;34645;9059;10467;9570;9532;44435;44446;44422;44434;9941;9526;31967;31975;5840;30529;32991;43232;43228;42254;22613;44085;71840;3735;5198;3674;16020	2219	2958	1726	1233	2097	4496	2190	4571	1133	1842.5	2809.5	2851	5338.5	3815.5	3265	1606	4135	3949	3653	4131	7386	1778.5	3832.5	2575	65358	3267.9
ORTHO005449	Polyketide cyclase/dehydrase and lipid transport superfamily protein	AT1G02475;AT4G01883	5634;43231;43227;43226;5575;43229;44424;44464;5623;5622;3674;8150;9507;9536;44444;5737	2220	1094	1330	440	1066.5	686.5	652	1204.5	1753	2366.5	4435	551.5	1352	5719.5	1040.5	508.5	2542	8352	8764.5	2289	1909	596	462.5	5957	51141.5	2.557.075
ORTHO001413	GATA transcription factor 9	AT4G32890;AT5G25830	1228;981;3700;1071;3674;2001141;31326;9889;19222;50789;65007;8150;31323;50794;51252;19219;80090;51171;60255;10556;6355;1903506;10468;2000112;6357;45944;45893;10628;10604;9893;48518;1903508;1902680;51254;45935;31325;48522;51173;31328;9891;10557;6366;6351;34645;44260;43170;71704;8152;44237;9987;9059;1901576;9058;44249;97659;32774;16070;90304;6139;46483;6725;1901360;34641;6807;44238;34654;19438;44271;18130;1901362;10467;7623;48511;5634;43231;43227;43226;5575;43229;44424;44464;5623;5622;977;976;1990837;3690;43566;3677;3676;1901363;5488;97159;43565;44212;975;1067;1012;1085;8134;5515;30154;48869;44767;32502;44699;44763;3682;44877;9416;9314;9628;50896;5667;43234;32991	2221	4469	1949	1677	2982.5	8453	5303	2460.5	1328.5	7441.5	3136.5	2392.5	5740	1800.5	4462	3976.5	1155.5	3121	490.5	3331	3870	2433.5	3215	5601	69712	3485.6
ORTHO000430	Pectin lyase-like superfamily protein	AT2G23900;AT3G48950;AT3G61490;AT4G23500	5576;5575;16829;3824;3674;8152;8150;5975;71704;44238;4650;4553;16798;16787;71555;45229;16043;71840;9987;71554;5618;30312;44464;5623;71944	2222	3180	2181.25	2140.5	4356	214	8474	1484	169	5847	8701	2851	5338.5	3815.5	3265	1606	3399	4982.5	3944	4060.5	814	4067	3702.5	6732.5	73467	3673.35
ORTHO006337	phosphoadenosine phosphosulfate (PAPS) reductase family protein	AT5G03430	16740;3824;3674;8152;8150;6777;9108;51188;51186;44237;9987;44249;9058;6732;19538;43170;71704;44238;19720;43545;19637;6793;51189;44267;44260;46483;1901360;1901564;6807;6796;32324;18130;1901362;1901576;90407;1901566;5737;44424;44464;5575;5623;5622	2223	1862	2668.5	3114	1689.5	273.5	376.5	3421	169	3963	7594	6575.5	1352	9087.5	6937	2476	2632	9003.5	8900	1632	9075	1613	1705	3005.5	79791	3989.55
ORTHO003688	plastidic GLC translocator	AT5G16150	9941;9526;31967;31975;44464;5575;5623;44446;44422;43226;44424;5622;43229;43227;44435;44444;5737;9536;43231;44434;9507;5887;31226;44459;44425;16020;5886;71944;31224;16021;15144;22891;22857;5215;3674;6810;51234;51179;8150;55085;44763;9987;44699;44765;1902578;22892;1901476;8643;71702;34219;10353;34285;9743;10033;42221;50896;1901700;35428;8645;15749;5355;15149;15145;51119;1904659;15758;5351;5402;15294;15293;15291;22804;8324;15075;34220;6811;98655;6812;15295;15992;15672;6818;46323	2224	2152	2806	3388	4356	663	7321	1289.5	1133	8398	2809.5	8014	7377.5	7387.5	8316.5	2476	7679.5	5720	967.5	920	822	4970.5	3100.5	2003.5	81369	4068.45
ORTHO001363	diacylglycerol kinase 5	AT2G20900;AT4G28130	16310;6796;6793;44237;8152;8150;9987;5524;35639;1901265;1901363;5488;3674;97159;43168;43167;32559;30554;17076;166;36094;32555;32553;97367;32550;32549;1882;1883;4143;16301;16772;16740;3824;16773;7205;7186;7165;50794;50789;65007;51716;50896;7154;44763;44699;44700;23052;3951;6952;6950;9507;9536;43231;43227;43226;5575;43229;44424;44464;5623;5622;44444;5737	2225	4391	4904.5	7584	2982.5	8240.5	4785	8778	2069	6856.5	2129.5	3422.5	8094	6971	8254	2476	6208.5	5221.5	1118.5	4473	1407	8330.5	8455.5	8159	105449.5	5.272.475
ORTHO002383	KMS2 encode a endoplasmic reticulum protein  involved in the early secretory pathway.	AT1G05360;AT4G14950	10256;16043;71840;8150;9987;5783;43231;43227;43226;5575;43229;44424;44464;5623;5622;44444;5737;12505;5789;98588;31090;16020;44422;44432;44446;44425;42175;16192;6810;51234;51179;9507;9536;3674	2226	897	1240	254	672.5	375.5	5794	4294	13	238.5	669	1374.5	1352	4736	6378.5	1830	7630.5	5992	732	96	740.5	1910	689	741	45586	2279.3
ORTHO004496	Pentatricopeptide repeat (PPR) superfamily protein	AT3G49240	5524;35639;1901265;1901363;5488;3674;97159;43168;43167;32559;30554;17076;166;36094;32555;32553;97367;32550;32549;1882;1883;5739;43231;43227;43226;5575;43229;44424;44464;5623;5622;44444;5737;9793;44702;22414;8150;44699;3006;32502;9790;44767;48856;7275;44707;32501;48316;48608;61458;48731;9791;10154;9507;9536	2227	1215	1687.5	1148	1584.5	3672	5840	1780.5	298	1094.5	1082.5	3218	4030.5	7536	8593.5	797.5	1743	6330	552.5	1654	5637	5059	3259.5	2166	64344	3217.2
ORTHO006929	beta carbonic anhydrase 5	AT4G33580	4089;16836;16835;16829;3824;3674;8152;8150;8270;46914;46872;43169;43167;5488;9507;9536;43231;43227;43226;5575;43229;44424;44464;5623;5622;44444;5737;15976;44699	2228	2024	1612.5	997	4356	186.5	6829	1426	435	1189	582	1422	1352	4616	6291	6712.5	5329.5	5368	4914	3659	5839	1985	2412.5	1825	62373	3118.65
ORTHO003856	Homeodomain-like superfamily protein	AT1G01060	6351;34645;44260;43170;71704;8152;8150;44237;9987;9059;1901576;9058;44249;97659;32774;16070;90304;6139;46483;6725;1901360;34641;6807;44238;34654;19438;44271;18130;1901362;10467;9733;9725;9719;50896;10033;42221;42752;50789;65007;6355;1903506;2001141;31326;9889;19222;31323;50794;51252;19219;80090;51171;60255;10556;10468;2000112;5634;43231;43227;43226;5575;43229;44424;44464;5623;5622;3682;44877;5488;3674;9723;43433;44092;65009;45892;1903507;1902679;51253;10605;9892;48519;45934;51172;31324;48523;31327;9890;10558;10629;2000113;51090;9409;9266;9628;6950;46686;10038;10035;3700;1071;44212;975;3677;3676;1901363;97159;1067;48574;48571;9648;9416;9314;48573;10228;3006;32502;22414;48608;48856;61458;48731;7275;44767;44699;44707;32501;9791;9753;1101;1901700;9739;33993;7623;48511;42754;9737;97305;9651;6970;9751;14070	2229	2302	2277.5	2326	1689.5	8708	1011	1484	1234	2702	2809.5	6287.5	1352	9126	8868	7782	7850.5	5221.5	2972	518	3719.5	630.5	728.5	1769	74773.5	3.738.675
ORTHO007416	unknown protein	AT4G20150	5774;44437;44444;44424;44464;5575;5623;5622;5737;44446;44422;43226;43229;5773;43231;43227;98588;31090;16020;98805;5747;45271;30964;98796;43234;32991;44425;1990204;1902494;98803;70469;98800;98798;44429;5739;44455;31966;5740;31967;31975;5743;19866;5746;9507;9536;3674;8150	2230	1290	4791	7352	4356	2837	5466	8705.5	1328.5	1926.5	4872.5	7450.5	8605	5297	1016	1429.5	4638.5	8976	8683	2665	8990	8413.5	8641.5	3841	103782.5	5.189.125
ORTHO007127	CONTAINS InterPro DOMAIN/s: GOLD (InterPro:IPR009038)	AT5G01010	5739;43231;43227;43226;5575;43229;44424;44464;5623;5622;44444;5737;16021;31224;44425;16020;6810;51234;51179;8150	2231	1291	2433	2635	4356	2672	652	4396	8053.5	502	5508	8178.5	1352	7636	8638.5	797.5	6298	6440	3792	436	1012	5132.5	3215	2229	76940.5	3.847.025
ORTHO002378	Glycosyltransferase family 61 protein	AT2G41640;AT3G10320;AT3G57380	5576;5575;16757;16740;3824;3674;8152;8150	2232	2217	2135.5	2039	1408	2260.5	6595	2772	2134	4944.5	3674	7312.5	1352	5325	960	1239.5	8528	6085	6327	1764.5	3539	6648	876	518.5	72855	3642.75
ORTHO001143	Auxin-responsive family protein	AT4G17280;AT5G35735;AT5G47530	16020;5575;55114;44710;8152;8150;44699;5576;7275;44767;32502;44707;32501;46872;43169;43167;5488;3674;16021;31224;44425;5886;44464;5623;71944	2233	2603	2939.5	3646	1408	3489.5	2951	7331	635	7407.5	2402	1810.5	1352	7300	8512	7782	7962.5	5886.5	1748	4392	1863.5	3854	2037	4016	82732	4136.6
ORTHO003529	unknown protein	AT4G27610;AT4G27620	3674;8150;5575;5634;43231;43227;43226;43229;44424;44464;5623;5622	2234	1220	3089.5	3945	1066.5	2776	3628.5	8148	1133	607.5	1414	4841.5	4138	8936	6639	797.5	2123.5	7219.5	5430	5189.5	7925	7836	2396.5	3289.5	84468.5	4.223.425
ORTHO000751_1	O-Glycosyl hydrolases family 17 protein	AT3G55430	4553;16798;16787;3824;3674;8152;8150;5618;30312;44464;5575;5623;71944;9506;5911;30054;55044;5975;71704;44238;5576	2235	3850	2447	2659	5748	4278	3025	6142.5	4953	1750.5	8314	7788	1352	4206	2396.5	6712.5	1934	2199.5	3199	6103	3675	1778.5	2079	5222.5	77108.5	3.855.425
ORTHO001394_1	vacuolar glucose transporter 1	AT3G03090;AT5G17010	35428;34219;55085;44763;9987;8150;44699;44765;6810;51234;51179;1902578;8643;71702;8645;15749;9705;5774;44437;44444;44424;44464;5575;5623;5622;5737;44446;44422;43226;43229;5773;43231;43227;98588;31090;16020;98805;325;5355;15149;15145;51119;15144;22891;22857;5215;3674;22892;1901476;1904659;15758;9624;51707;43207;9605;50896;9607;51704;5351;5402;15294;15293;15291;22804;8324;15075;34220;6811;98655;6812;15295;15992;15672;6818;46323;9911;48582;48580;2000026;50793;50789;65007;51239;51240;48518;51094;2000243;2000241;9909;48831;9845;44707;32501;90351;9791;44767;32502;7275;5353;15755;5886;71944;5887;31226;44459;44425;31224;16021;9507;9536	2236	3396	1154	72	2097	3985.5	5001	4053	89.5	295	271.5	74	4024	138	136.5	3183	6409	398	1901	96	3063	418.5	111	365.5	34013	1700.65
ORTHO001880	P-loop containing nucleoside triphosphate hydrolases superfamily protein	AT3G18600;AT5G65900	8026;42623;16887;17111;16462;16818;16817;16787;3824;3674;8152;8150;70035;4386;5730;44428;44446;44422;5575;43226;44424;44464;5623;5622;43229;5634;43231;43227;43232;43228;31981;70013;43233;31974	2237	1542	1273	309	4356	838.5	4971.5	1013.5	1753	4197	865	1658	6617.5	4616	6137	508.5	2162	4982.5	598.5	3254	606	678.5	616	1644	47717	2385.85
ORTHO004237	TRICHOME BIREFRINGENCE-LIKE 18	AT4G25360;AT5G51640	71554;9987;8150;5794;43231;43227;43226;5575;43229;44424;44464;5623;5622;44444;5737;12505;16413;16407;16747;16746;16740;3824;3674;8152;8374;9507;9536;10150;10260;7568;44767;32502;44699;48513;48856;48731;7275;44707;32501;48366;48827;48367	2238	3472	2603.75	2969.5	5748	4581	5410	6323	702.5	2284	1312.5	907	5740	3815.5	4462	6712.5	4346.5	3949	4328.5	3976	5170.5	4970.5	7156	2850	78997	3949.85
ORTHO000394_1	plant glycogenin-like starch initiation protein 3	AT4G33330	139;98588;31090;16020;5575;44422;43226;43227;44431;44444;44424;44464;5623;5622;5737;44446;43229;5794;43231;12505;80116;15020;8194;16757;16740;3824;3674;8152;8150;16758;45492;45491;10410;10383;5976;5975;71704;44238;43170;44036;44260;44237;9987;71554;70592;33692;271;16051;44723;44710;44699;1901576;9058;44711;9059;34637;44262;44763;44249;44264;34645;44038;70589;44085;71840;42546;10417;10413;9834;9832;71669;16021;31224;44425;46872;43169;43167;5488;71555;45229;16043	2239	1128	1831.5	1424	4356	615.5	687.5	1484	8906.5	821	1483.5	9106.5	1352	5523.5	988	508.5	219	8023	8987	1268.5	1563	8070.5	2191.5	5806	67605	3380.25
ORTHO005976	unknown protein	AT5G38880	5876;5874;44430;44446;44422;5575;43226;44424;44464;5623;5622;43229;5856;43232;43228;43234;32991;15630;5819;51225;70925;6996;16043;71840;8150;9987;22607;44085;7051;226;7010;1902589;44763;44699;7017;22402;7049;71822;43933;6461;65003;70271;51011;8017;32403;44877;5488;3674;5515;15631;8092	2240	1623	1871	1502	4356	5155.5	888	3491	3229.5	1155	621.5	4877	6397.5	4718.5	6092	6712.5	9148	7637	2599.5	1811	2237	120.5	99	1263	68253	3412.65
ORTHO007879	Haloacid dehalogenase-like hydrolase (HAD) superfamily protein	AT5G44730	16787;3824;3674;8152;8150	2241	2019	2633	3025	4356	1423	3758	4396	800	1777	982	3108	4040	7536	8593.5	2476	5962.5	6265.5	6327	326.5	5903.5	6714	6624.5	2229	79242	3962.1
ORTHO005603	Concanavalin A-like lectin family protein	AT5G01090	30246;5488;3674;8150;5886;16020;5575;44464;5623;71944	2242	2910	4968.5	7695	4356	8818	6021	4360	8656.5	4570	4016	5741.5	8519	5445	915	1606	7113.5	7571	1290	2713.5	6696	8091	7818	6379.5	106340.5	5.317.025
ORTHO005477	unknown protein	AT5G62550	9507;9536;43231;43227;43226;5575;43229;44424;44464;5623;5622;44444;5737;5886;16020;71944;8150;3674	2243	1952	4072	5901	1281	8716.5	924	1204.5	7978	2124.5	982	3108	7743	7536	8118	7782	8323.5	6265.5	6327	299.5	1889.5	6648	6538.5	2229	94737	4736.85
ORTHO003041	RING/U-box superfamily protein	AT3G42830;AT5G20570	6511;19941;51603;6508;19538;43170;71704;8152;8150;44238;44257;30163;9057;1901575;9056;44265;44260;44237;9987;44248;44267;43632;4842;19787;16740;3824;3674;16567;32446;70647;6464;36211;43412;151;1990234;1902494;43234;32991;5575;44424;44464;5623;5622;5634;43231;43227;43226;43229;31146;43161;10498;5515;5488;80008;31461;43224;152;44428;44446;44422;19005;19788;45116;97602;31467;31463;61630;61659;42787;31462;9733;9725;9719;50896;10033;42221	2244	3969	1567	890	2097	7834.5	5770.5	2614.5	2760.5	1003.5	3831.5	3422.5	1352	3815.5	2702.5	6712.5	1000	2199.5	257	3129.5	4103	2541	3795.5	1825	60670.5	3.033.525
ORTHO004656	mago nashi family protein	AT1G02140	5730;44428;44446;44422;5575;43226;44424;44464;5623;5622;43229;5634;43231;43227;43232;43228;31981;70013;43233;31974;5515;5488;3674;10183;50918;6935;42330;40011;8150;9605;50896;42221;48868;3006;32502;22414;48856;9856;44703;51704;44706;32501;16607;16604;44451;5654;10628;10604;9893;48518;50789;65007;19222;60255;10468;9507;9536;44444;5737;35145;43234;32991;9793;44702;44699;9790;44767;7275;44707;48316;48608;61458;48731;9791;10154;7530	2245	978	3354.5	4464	4356	615.5	6630.5	1013.5	1481	1462	7524	4670	9057	5077	693	1429.5	1356.5	8045.5	8987	366.5	8909	8723	4468.5	6669	87178	4358.9
ORTHO005396	vacuolar protein sorting 41	AT1G08190	6623;1902580;51641;51179;8150;1902578;44699;6605;6886;15031;45184;51234;8104;33036;71702;6810;46907;51649;34613;70727;1902582;44765;16482;72665;33365;72666;72594;7034;5623;5575;166;36094;5488;3674;1901265;1901363;97159;5634;43231;43227;43226;43229;44424;44464;5622;9630;9606;9605;50896;9629;9628	2246	1153	2928.5	3611	1066.5	3859	5521	9036	4452.5	184	4905	5795.5	8754.5	5210.5	693	508.5	9057	9093.5	2868	3331	1610.5	729	1035	5913	82556.5	4.127.825
ORTHO003403	Telomerase activating protein Est1	AT5G19400	932;36464;35770;30529;32991;5575;44424;44464;5623;5622;43232;43228;43226;43229;44444;5737;90306;51225;70925;6996;16043;71840;8150;9987;22607;44085;7051;226;7010;1902589;44763;44699;7017;22402;7049;71822;43933;6461;65003;70271;212;1903046;51321;3;7126;280;48285;40008;50789;65007;5515;5488;3674;184;956;6402;16071;16070;44260;43170;71704;8152;44237;90304;6139;46483;6725;1901360;34641;6807;44238;6401;44265;9057;1901575;9056;44248;34655;19439;44270;1901361;46700;5634;43231;43227;7275;44767;32502;44707;32501;6952;6950;50896	2247	708	1642.5	1038	672.5	8412.5	1611.5	77.5	3382.5	4136	4711.5	61.5	1352	9044.5	6687	2476	118	4982.5	732	1486	1339	8354	2129.5	1735.5	62829	3141.45
ORTHO004850	cytidine deaminase 1	AT2G19570	5829;44444;44424;44464;5575;5623;5622;5737;9972;6216;46087;46131;9119;9116;55086;6139;46483;44237;8152;8150;9987;6725;1901360;71704;34641;6807;44238;44281;44710;44699;44763;1901564;1901657;1901135;6213;72527;46133;46135;72529;44270;44248;9056;1901361;1901575;1901565;46700;9164;1901658;44712;1901136;34655;19439;42454;8270;46914;46872;43169;43167;5488;3674;5634;43231;43227;43226;43229;4126;19239;3824;16814;16810;16787;42803;42802;5515;46983	2248	3393	2246.75	2245.5	4356	1089	6265.5	6323	1839.5	855	1810	998	3485	4244	5254.5	6712.5	4252.5	3750.5	7435.5	518	5061.5	4780.5	6854	2699.5	74228	3711.4
ORTHO006744	isoprenoid F	AT1G63970	16117;16109;16114;6721;6720;44255;6629;71704;8152;8150;44710;44699;44238;44763;9987;44237;8299;8610;1901576;9058;44711;44249;16108;46148;42440;16116;8685;16849;16829;3824;3674;9507;9536;43231;43227;43226;5575;43229;44424;44464;5623;5622;44444;5737;9570;9532;44435;44446;44422;44434;46872;43169;43167;5488;15995;6779;51188;51186;6778;33013;46483;6725;1901360;1901564;6807;33014;19438;44271;34641;18130;1901362;1901566;15994;19288;6090;32787;19752;43436;6082;44281;9240;46490;6644;19637;6793;6796;8654;90407;19682;6081;1901135	2249	1882	3477	4705	4356	476	4885.5	727.5	8914.5	763	1483.5	1422	1352	8123.5	9073.5	7782	2567.5	7028	8121	5094	981	7814.5	8623.5	3289.5	88522	4426.1
ORTHO000254_1	ENTH/ANTH/VHS superfamily protein	AT5G35200	NA	2250	2030	3839	5428	1281	1423	2791.5	1912	8331	2856.5	9015.5	2937.5	7743	7636	8638.5	2476	1432.5	6265.5	6531	3774.5	5988	6512.5	3702.5	2229	92196	4609.8
ORTHO003471	Protein of unknown function (DUF761)	AT1G61260	9507;9536;43231;43227;43226;5575;43229;44424;44464;5623;5622;44444;5737;8150;3674	2251	4441	2652.5	3054	2982.5	4308	3758	5439.5	2202	4656.5	2809.5	7804.5	1352	1800.5	4462	6712.5	3589	2199.5	3301	6368.5	4946	2923.5	4887	5913	79432.5	3.971.625
ORTHO004235	SMAD/FHA domain-containing protein	AT3G07220;AT3G07260	5634;43231;43227;43226;5575;43229;44424;44464;5623;5622;80086;3006;32502;8150;22414;48856;48443;48827;48367;44767;44699;48731;7275;44707;32501;48437;44702;48569;48513;9908;90567;48608;61458;9791;48466;48438;48638;50793;50789;65007;40008;3674	2252	2000	2137.5	2023	1281	5722.5	2528	1389	5994	2124.5	1144	3950.5	1352	7536	8512	797.5	1738.5	6085	5502	4848	6908	3026	1498	2091	72746.5	3.637.325
ORTHO004781	defective in exine formation protein (DEX1)	AT3G09090	16021;31224;44425;5575;16020;5886;44464;5623;71944;5576;10208;45229;16043;71840;8150;9987;10927;44767;32502;44699;22607;44085;44763;48646;9653;48856;32989;48869;85029;30198;43062;9555;48229;7275;44707;32501;5509;46872;43169;43167;5488;3674;71555;71554;10584;5783;43231;43227;43226;43229;44424;5622;44444;5737;12505	2253	1391	2526	2799	4356	3788.5	4587.5	1013.5	8721	3873	5227	503.5	1352	5258.5	1063	508.5	1753.5	8544.5	2347	8918.5	1540	8295.5	6854	3667.5	77816.5	3.890.825
ORTHO002466	Protein of unknown function (DUF1639)	AT1G55340;AT3G03880	5634;43231;43227;43226;5575;43229;44424;44464;5623;5622;3674;8150;5739;44444;5737	2254	1539	4132	6010	4356	7116	2234.5	8792.5	8838.5	1409.5	2290	4949	8675.5	5258.5	915	508.5	1356.5	7728	8217.5	1391	2573	8454	6624.5	7997	95329	4766.45
ORTHO004028	DnaJ domain	AT3G11450;AT5G06110	6457;9987;8150;3677;3676;1901363;5488;3674;97159;3682;44877;5634;43231;43227;43226;5575;43229;44424;44464;5623;5622;51301;44763;44699	2255	1060	2744	3233	4356	2557.5	5545	218	54.5	7916.5	4821.5	5295.5	8519	5952.5	3265	797.5	7818.5	8577	1827	2289	2587	7897.5	1888	2699.5	80526	4026.3
ORTHO002295	Protein of unknown function (DUF1685)	AT1G05870;AT2G31560	5634;43231;43227;43226;5575;43229;44424;44464;5623;5622;3674;8150;9507;9536;44444;5737	2256	3454	5046.25	7836.5	2097	7051	3327	2923.5	2069	6573.5	3948.5	5231.5	4099.5	5425.5	892.5	6712.5	7664	7525.5	8750.5	7138.5	8438.5	8544.5	4301.5	6949.5	107566.5	5.378.325
ORTHO006822	Uncharacterised protein family (UPF0497)	AT2G35760	NA	2257	3610	4731	7205	4356	1500	2791.5	8705.5	8101	2284	1483.5	3218	7377.5	7343.5	7349.5	7782	494	5626	7901.5	8863.5	1299.5	7786.5	8551.5	4291.5	102750	5137.5
ORTHO005644	peroxin 14	AT5G62810	5886;16020;5575;44464;5623;71944;5778;44439;44438;44444;44424;5622;5737;44446;44422;43226;43229;42579;43231;43227;5777;31903;98588;31090;98805;6625;6605;6886;15031;45184;51234;51179;8150;8104;33036;71702;6810;46907;51649;51641;34613;70727;1902582;44765;1902578;44699;72662;1902580;7031;6996;16043;71840;9987;33365;1902589;44763;16482;72663;72594;43574;5515;5488;3674;16560;22615;22406;16558;44743;17038;65002;71806;55085;16021;31224;44425;5739;5634;8565;22892;5215;5829	2258	2177	4072	5886	4356	755.5	7600	8256	2412.5	7722.5	1981	5372	1352	5500	1233.5	6712.5	7615.5	7335.5	8141.5	2059.5	452.5	8223.5	8641.5	3289.5	94656.5	4.732.825
ORTHO002676	Protein of unknown function (DUF679)	AT4G18425;AT5G46090	8150;5739;43231;43227;43226;5575;43229;44424;44464;5623;5622;44444;5737;3674;9705;5774;44437;44446;44422;5773;98588;31090;16020;98805;325;9507;9536;5783;12505	2259	3842	2981.5	3704	2097	7207	1881	6978.5	393.5	5996.5	865	2937.5	1352	3815.5	5034.5	6712.5	4870.5	3580	552.5	7871	6810.5	5434	7554.5	3179.5	83026	4151.3
ORTHO006573	B-cell receptor-associated 31-like	AT1G48440	5783;43231;43227;43226;5575;43229;44424;44464;5623;5622;44444;5737;12505;3674;6886;15031;45184;51234;51179;8150;8104;33036;71702;6810;46907;51649;51641;34613;70727;16021;31224;44425;16020	2260	3865	1148	36	2097	3632	1155	3914.5	553.5	2642.5	319	228.5	3808.5	138	136.5	3183	2738	286	1335	884	2515	412	1361	245	29487	1474.35
ORTHO000728_2	ARM repeat superfamily protein	AT5G53480	5515;5488;3674;6610;6606;17038;15031;45184;51234;51179;8150;8104;33036;71702;6810;44765;1902578;44699;6886;46907;51649;51641;34613;70727;34504;33365;1902580;1902593;1902582;51170;6913;16482;51169;72594;44744;6605;8565;22892;5215;5634;43231;43227;43226;5575;43229;44424;44464;5623;5622;5643;44428;44446;44422;5635;31967;31975;12505;9507;9536;44444;5737;34399;31981;70013;43233;31974;31965;31090;16020;60;8139;5048;42277;33218;59;43623;6461;65003;43933;16043;71840;9987;22607;44085;71822;70271;34622;6607	2261	2061	2963.5	3666	1281	4008	6670	4312	1042.5	5226.5	8984.5	2255.5	1352	7448.5	8429	2476	1463.5	5944.5	3904.5	3830	934.5	5924	4705.5	3920	82831	4141.55
ORTHO005284	unknown protein	AT5G55060	5096;8047;30234;98772;3674;50790;19222;50789;65007;8150;65009;43085;44093;9893;48518;30695;60589;43547;43087;51336;51345;5737;44424;44464;5575;5623;5622	2262	2097	1751	1240	4356	3296	5075.5	6978.5	7831	698.5	744	1576.5	1352	4486	6137	1830	3891.5	5056.5	154	3331	4519	2328.5	4564	1580.5	65430	3271.5
ORTHO006349	Plant protein of unknown function (DUF936)	AT4G13370	5634;43231;43227;43226;5575;43229;44424;44464;5623;5622;5829;44444;5737;3674;8150	2263	1947	1799.5	1336	4356	3253	1881	1204.5	1839.5	1709.5	8737.5	7762	6397.5	4415.5	5969	1606	1221.5	4887	692	4131	3778.5	1827.5	3859.5	1394.5	66566.5	3.328.325
ORTHO005075	C2 domain-containing protein	AT3G18370	8150;5783;43231;43227;43226;5575;43229;44424;44464;5623;5622;44444;5737;12505	2264	3364	3894.5	5525	4356	8494.5	6325.5	8681.5	2666	5653	3831.5	485	4133.5	5258.5	638	6712.5	8473.5	7637	1359	757.5	1909	8706	3418.5	7543.5	92683.5	4.634.175
ORTHO003701	Protein kinase superfamily protein	AT5G54590	5886;16020;5575;44464;5623;71944;4672;16301;16772;16740;3824;3674;8152;8150;16310;6796;6793;44237;9987;16773;6468;6464;36211;19538;43170;71704;44238;43412;44267;44260;5524;35639;1901265;1901363;5488;97159;43168;43167;32559;30554;17076;166;36094;32555;32553;97367;32550;32549;1882;1883;9409;9266;9628;50896;6950;4674;5516;5515	2265	1370	2170.5	2076	4356	2501	1577.5	4251.5	344	642.5	319	841.5	1352	8396.5	9145.5	1073.5	294.5	7219.5	8485.5	5672	1149	7897.5	8436	3501.5	73100	3655
ORTHO000275_1	aspartic proteinase A1	AT1G11910;AT1G62290;AT4G04460	30163;19538;43170;71704;8152;8150;44238;9057;1901575;9056;5773;43231;43227;43226;5575;43229;44424;44464;5623;5622;44444;5737;5576;4190;70001;70011;8233;16787;3824;3674;6508;4175;9506;5911;30054;55044;5829;9651;6970;9628;50896;6950;9735;9725;9719;10033;42221;46686;10038;10035	2266	5071	4679.5	7093	2982.5	7583.5	1985	6428.5	7325.5	4656.5	8314	3034.5	1352	3283.5	5596.5	5325.5	400	4154.5	4485	8675.5	8771.5	5059	7729.5	7860.5	102020.5	5.101.025
ORTHO004548	unknown protein	AT3G44150	5576;5575;8150;5886;16020;44464;5623;71944;3674	2267	4260	5274.5	8282	2982.5	2295.5	2452	7331	7978	4714	2402	267.5	1352	6971	8240.5	7782	6099.5	5518	8435	8691.5	7489.5	7567	8436	8092	112114	5605.7
ORTHO003746	protodermal factor 1	AT2G42840	5576;5575;5634;43231;43227;43226;43229;44424;44464;5623;5622	2268	4278	4839	7410	5938.5	3253	3129.5	7084	5619	7916.5	3526	4421	3642	8028.5	7258.5	7782	4870.5	4507	2837.5	7747	4946	6791.5	7729.5	3179.5	104268.5	5.213.425
ORTHO004193	alpha/beta-Hydrolases superfamily protein	AT5G18630;AT5G18640	5576;5575;6629;71704;8152;8150;44710;44699;44238;16787;3824;3674;4806;16298;16788;52689	2269	3227	2116	1963	2097	1227	2528	6741	7455	1189	1810	998	5740	3815.5	3521.5	1606	4252.5	3750.5	4165.5	4131	5061.5	4780.5	6854	2699.5	72326	3616.3
ORTHO005994	Protein kinase superfamily protein	AT1G70740	5886;16020;5575;44464;5623;71944;5634;43231;43227;43226;43229;44424;5622;6952;6950;50896;8150;4674;4672;16301;16772;16740;3824;3674;8152;16310;6796;6793;44237;9987;16773;6468;6464;36211;19538;43170;71704;44238;43412;44267;44260;9506;5911;30054;55044	2270	1421	1629	988	1584.5	1089	6349.5	3038.5	98	2721	3136.5	5741.5	6397.5	4415.5	6007	1830	3521.5	6946	2972	366.5	708.5	2061	3188	1597.5	62185	3109.25
ORTHO005537	RPA70-kDa subunit B	AT5G08020;AT5G61000	10224;9411;9416;9314;9628;50896;8150;46872;43169;43167;5488;3674;5634;43231;43227;43226;5575;43229;44424;44464;5623;5622;6260;6259;44260;43170;71704;8152;44237;9987;90304;6139;46483;6725;1901360;34641;6807;44238;34645;9059;1901576;9058;44249;3677;3676;1901363;97159;6281;6974;33554;51716;6950;44763;44699;44710;4386;17111;16462;16818;16817;16787;3824;5524;35639;1901265;43168;32559;30554;17076;166;36094;32555;32553;97367;32550;32549;1882;1883;6310	2271	2658	3299.5	4328	4356	1821.5	5545	1114.5	2338	5785	3948.5	8014	4024	7954.5	5254.5	7782	1816.5	5626	5128	3830	981	8861	6282.5	400.5	86507	4325.35
ORTHO005667	ankyrin repeat family protein	AT1G11740;AT1G62050	8150;5575;48046;5576;3674;5634;43231;43227;43226;43229;44424;44464;5623;5622	2272	3940	5363	8454	2097	6679.5	3129.5	7084	7831	7298.5	7886	6717.5	6316	6601.5	6867.5	7782	1048	4507	4864	7747	4946	6759.5	7729.5	3179.5	114973.5	5.748.675
ORTHO003452	CCT motif family protein	AT4G27900;AT5G53420	3674;8150;5634;43231;43227;43226;5575;43229;44424;44464;5623;5622	2273	1279	1286.5	300	1066.5	436.5	345	4312	867	607.5	319	863	1352	4616	6520.5	1830	3106	5824	3691	860	740.5	4780.5	4257.5	2166	47494	2374.7
ORTHO005759	Protein of unknown function (DUF1336)	AT5G10750	3674;5634;43231;43227;43226;5575;43229;44424;44464;5623;5622;8150	2274	3921	4760	7246	2097	4366.5	4528.5	8929.5	2505.5	1626.5	8770	6440	3541.5	6455	6867.5	7782	4252.5	4507	4328.5	7194	4519	6377.5	7156	2850	102997	5149.85
ORTHO006205	methionine aminopeptidase 1B	AT1G13270	9507;9536;43231;43227;43226;5575;43229;44424;44464;5623;5622;44444;5737;31365;6464;36211;19538;43170;71704;8152;8150;44238;43412;44267;44260;44237;9987;8235;8237;70011;8233;16787;3824;3674;6508;8238;5739;46872;43169;43167;5488;4177	2275	2461	2033.5	1792	4356	1705	3960	3345.5	7831	4115.5	4428.5	1576.5	1352	6764.5	6867.5	2476	2244	8278	5648	1229.5	1795	1827.5	2291.5	3103.5	70839	3541.95
ORTHO001478_1	Chalcone and stilbene synthase family protein	AT4G34850	5515;5488;3674;10584;10208;45229;16043;71840;8150;9987;10927;44767;32502;44699;22607;44085;44763;48646;9653;48856;32989;48869;85029;30198;43062;9555;48229;7275;44707;32501;5783;43231;43227;43226;5575;43229;44424;44464;5623;5622;44444;5737;12505;80110;19438;6725;44237;8152;44249;9058;90439;16747;16746;16740;3824;30639;30638;71704;19748;44710;44550;44711;1901576;9813;9812;9699;1901362;1901360;9698	2276	1207	3382.75	4489.5	1584.5	5351.5	2155	3345.5	3753	1462	4650	2086	7743	7779.5	8726.5	2476	8070.5	8890.5	7197.5	1940	2497	5376	1004	2784	87287.5	4.364.375
ORTHO004667	Drought-responsive family protein	AT3G05700;AT5G26990	45893;10628;10604;9893;48518;50789;65007;8150;19222;60255;10468;1903508;1903506;2001141;31326;9889;31323;50794;51252;19219;80090;51171;10556;1902680;51254;45935;31325;48522;51173;31328;9891;10557;6355;2000112;9414;9415;9628;50896;1101;42221;10035;1901700;6950;3677;3676;1901363;5488;3674;97159;5634;43231;43227;43226;5575;43229;44424;44464;5623;5622;9737;9725;9719;10033;33993;97305;9651;6970	2277	5070	3651	5025	2982.5	8391.5	8251	2772	3875	6592	6543	7977	5740	1800.5	3521.5	3976.5	4610.5	2199.5	315	7012	5170.5	2433.5	4085.5	4898	90164.5	4.508.225
ORTHO004094	Glycosyl hydrolase superfamily protein	AT5G01930	46355;10412;44264;5976;5975;71704;8152;8150;44238;43170;44260;44237;9987;44262;44036;71554;16998;44248;9056;44247;272;16052;1901575;9057;44275;4553;16798;16787;3824;3674;5576;5575;16985;4567;15923;9845;44707;32501;44699;90351;9791;44767;32502;7275	2278	2384	1470.5	663	4356	1089	776.5	1013.5	1328.5	4178	865	307.5	6731.5	4560	6092	1830	7922.5	5221.5	4548.5	920	4384	1110.5	910.5	3005.5	56794.5	2.839.725
ORTHO002545	prohibitin 2	AT1G03860;AT2G20530;AT4G28510	5774;44437;44444;44424;44464;5575;5623;5622;5737;44446;44422;43226;43229;5773;43231;43227;98588;31090;16020;98805;5739;5747;45271;30964;98796;43234;32991;44425;1990204;1902494;98803;70469;98800;98798;44429;44455;31966;5740;31967;31975;5743;19866;5746;16021;31224;9507;9536;5618;30312;71944;8150	2279	3820	2087.5	1896	4356	3270.5	6765	3108.5	2902.5	3190.5	4492.5	1954	1352	8616.5	5254.5	7782	2492	7408	2286.5	1070.5	2587	2433.5	1767.5	3103.5	71837	3591.85
ORTHO003962	Integrase-type DNA-binding superfamily protein	AT2G40340	5634;43231;43227;43226;5575;43229;44424;44464;5623;5622;9737;9725;9719;50896;8150;10033;42221;33993;97305;1901700;1101;45893;10628;10604;9893;48518;50789;65007;19222;60255;10468;1903508;1903506;2001141;31326;9889;31323;50794;51252;19219;80090;51171;10556;1902680;51254;45935;31325;48522;51173;31328;9891;10557;6355;2000112;10286;9408;9266;9628;6950;43565;3677;3676;1901363;5488;3674;97159;3700;1071;44212;975;1067;5515	2280	2744	4542	6804	4356	314	8282	4571	1328.5	789	2809.5	3775.5	4091	8825.5	5937	2476	7599.5	7219.5	8217.5	9090	1239.5	8182	8686.5	6553	99986.5	4.999.325
ORTHO006693	phytochromobilin:ferredoxin oxidoreductase; chloroplast / phytochromobilin synthase (HY2)	AT3G09150	5886;16020;5575;44464;5623;71944;3755;16859;16853;3824;3674;8152;8150;413;18208;18193;6464;36211;19538;43170;71704;44238;43412;44267;44260;44237;9987;6457;5737;44424;5622;5829;44444;5773;43231;43227;43226;43229;42277;33218;5488	2281	824.5	2325	2369	672.5	2837	8536	1114.5	1625	5705.5	2809.5	572.5	4249.5	5110.5	766.5	508.5	8748.5	8013	8559.5	681.5	2722.5	8434	2274	1769	75037	3751.85
ORTHO002811	BTB and TAZ domain protein 2	AT3G48360;AT5G63160	16567;32446;70647;6464;36211;19538;43170;71704;8152;8150;44238;43412;44267;44260;44237;9987;9743;10033;42221;50896;1901700;9734;9755;7165;50794;50789;65007;51716;7154;44763;44699;44700;23052;32870;9725;9719;71495;71310;70887;71365;9733;9651;6970;9628;6950;6355;1903506;2001141;31326;9889;19222;31323;51252;19219;80090;51171;60255;10556;10468;2000112;9738;71215;9737;33993;97305;1101;71396;97306;1901701;71229;9555;48229;7275;44767;32502;44707;32501;48856;9553;51973;2000573;31328;31325;9893;48518;48522;9891;10557;10604;51054;45935;51173;51052;2000278;45740;6275;51972;51338;50790;65009;51347;43085;44093;3700;1071;3674;7623;48511;5634;43231;43227;43226;5575;43229;44424;44464;5623;5622;9409;9266;5515;5488;9753;9751;14070;42542;302;6979;10035;3712;989;988;8270;46914;46872;43169;43167;10167;1901698;10182;9756;71322;5516;9611;4402;61733;34212;8080;16410;16747;16746;16740;3824;16407;16573;16570;16569;16568;6325;43933;16043;71840;51276;6996;1902589;44710;18393;18394;18205;18193;6473;43543;6475;5737	2282	3436	4412.5	6543	2097	1423	2155	7372.5	2868	432	2216.5	1198.5	1352	7536	7349.5	7782	7051	5720	7862.5	8863.5	7786.5	7637.5	7554.5	4291.5	98452	4922.6
ORTHO002226	Endosomal targeting BRO1-like domain-containing protein	AT1G17940;AT1G73390	5634;43231;43227;43226;5575;43229;44424;44464;5623;5622;3674	2283	2303	4957	7631	1281	7932.5	7007	2392	2202	2284	2992.5	4566	1352	4969	599	1429.5	7708	8162	9102	7498.5	8990	8861	9093.5	8615.5	105756	5287.8
ORTHO007893	GRAM domain family protein	AT2G22475	48765;10053;90627;30154;48869;44767;32502;8150;44699;44763;9987;10015;9653;48856;48364;48513;48731;7275;44707;32501;22622;90558;9888;48764;48469;21700;48468;10054;5829;44444;44424;44464;5575;5623;5622;5737;10026;10482;51302;50794;50789;65007;51567;34968;16571;6479;43414;44260;43170;71704;8152;44237;32259;43412;8213;6464;36211;19538;44238;44267;16570;16569;16568;6325;43933;16043;71840;51276;6996;1902589;44710;18022;18205;18193;61647;5634;43231;43227;43226;43229;3674	2284	4956	3201	4118	5938.5	2877	3025	6142.5	6584	5369.5	3269.5	7777	5740	1800.5	3936.5	3976.5	8300	2199.5	2742.5	6103	3646	2433.5	4310	5222.5	85455	4272.75
ORTHO006165	chloroplast chaperonin 10	AT2G44650;AT3G60210	9941;9526;31967;31975;44464;5575;5623;44446;44422;43226;44424;5622;43229;43227;44435;44444;5737;9536;43231;44434;9507;9570;9532;6457;9987;8150;51087;5515;5488;3674	2285	3945	2271	2257	2097	1594	7321	5957	7632	3831	2539	7747	1352	4244	2396.5	3976.5	3224	2199.5	3067.5	5672	3529.5	2433.5	4047.5	1546.5	74310	3715.5
ORTHO000635	nucleic acid binding	AT2G16485;AT2G18090;AT3G51120	31048;6342;45814;10629;10605;9892;48519;50789;65007;8150;19222;60255;10468;40029;45892;1903507;1903506;2001141;31326;9889;31323;50794;51252;19219;80090;51171;10556;1902679;51253;45934;51172;31324;48523;31327;9890;10558;6355;2000112;2000113;16458;44763;9987;44699;31047;5829;44444;44424;44464;5575;5623;5622;5737;42393;5515;5488;3674;5634;43231;43227;43226;43229;3677;3676;1901363;97159;8270;46914;46872;43169;43167;16570;16569;16568;6325;43933;16043;71840;51276;6996;6464;36211;19538;43170;71704;8152;44238;43412;44267;44260;44237;1902589;44710;6352;32774;9059;1901576;9058;16070;90304;6139;46483;6725;1901360;34641;6807;34654;19438;44249;44271;18130;1901362;6351;34645;97659;10467	2286	3171	3632	4978	4356	4693.5	1627	1604.5	393.5	8934.5	5365.5	7595.5	3973.5	7699.5	5254.5	3976.5	5240.5	7728	2386	2805.5	2840.5	9126.5	7774	885.5	89904.5	4.495.225
ORTHO005153	unknown protein	AT4G02920	3674;8150;5739;43231;43227;43226;5575;43229;44424;44464;5623;5622;44444;5737	2287	3970	2913	3539	4356	176	2528	3268	702.5	2124.5	2129.5	6100	5740	3815.5	4842.5	6712.5	367.5	6590	7862.5	7647	6431	5059	7156	2940	82192	4109.6
ORTHO004497	CTC-interacting domain 9	AT3G14450	5737;44424;44464;5575;5623;5622;166;36094;5488;3674;1901265;1901363;97159;5634;43231;43227;43226;43229;8150;3723;3676	2288	4890	2222	2156	5476.5	407.5	1818.5	1263.5	2592	8934.5	4151.5	5543	1352	8800.5	5937	5325.5	6982.5	5720	5502	1189.5	72	659	844	6456	73550.5	3.677.525
ORTHO002362	Protein of unknown function (DUF833)	AT4G38260	8150;3674	2289	749	2441	2593	672.5	7749.5	624.5	77.5	3068.5	6551	169.5	3775.5	4128.5	6971	8838	976.5	351	8514.5	4715	1980	957	7183	6989	3005.5	76625	3831.25
ORTHO003329	SNF7 family protein	AT2G06530	5771;5768;43231;43227;43226;5575;43229;44424;44464;5623;5622;44444;5737;12505;10008;98588;31090;16020;44422;44440;44446;98805;5515;5488;3674;815;98796;43234;32991;44425;36452;5770;70676;1902580;51641;51179;8150;1902578;44699;1902591;6900;61024;16043;71840;9987;16050;6996;16192;6810;51234;44802;44763;1902589;1902582;46907;51649;44765;51668;15031;45184;8104;33036;71702;7034	2290	4222	4883	7476	2982.5	1658.5	8719.5	6978.5	2645.5	6889	8892.5	3983	3701.5	6764.5	7017.5	7782	5240.5	4673.5	5400	4169.5	2123	6895.5	7868.5	3340.5	104743	5237.15
ORTHO006520	unknown protein	AT1G27385	3674;8150	2291	3242	3396	4501	2097	8734.5	859	727.5	3262	7247	9148	6393	1352	6971	7162	2476	101	8785	2419.5	2496	8663	5059	1640	3841	87336.5	4.366.825
ORTHO005083	RING/U-box superfamily protein	AT5G45290	5634;43231;43227;43226;5575;43229;44424;44464;5623;5622;8270;46914;46872;43169;43167;5488;3674	2292	530	1406	520	248.5	2385.5	312	336	597.5	1674	669	2467.5	1352	5645.5	1404.5	508.5	92	8327	2150.5	1356.5	9136.5	8989.5	2603	3055	53062	2653.1
ORTHO005304	unknown protein	AT1G11915	5576;5575;30247;1871;5488;3674;30246;8150	2293	3485	2963	3633	2097	1089	8523	1912	702.5	3876	1312.5	7988.5	3492.5	3815.5	4233.5	6712.5	400	3949	7482.5	7299	5170.5	4873	7048.5	2784	82664	4133.2
ORTHO005527	Myosin heavy chain-related protein	AT4G40020	5737;44424;44464;5575;5623;5622;3674	2294	1772	1564.5	835	4356	892	2528	1114.5	7632	698.5	86	2729	6397.5	4415.5	6054.5	1830	3521.5	4982.5	1141	4211	4103	1985	4149	1454.5	59925	2996.25
ORTHO006061	Putative lysine decarboxylase family protein	AT5G11950	5829;44444;44424;44464;5575;5623;5622;5737;42803;42802;5515;5488;3674;46983;16799;16798;16787;3824;8152;8150;9691;42446;9058;42445;10817;65008;65007;9690;9308;1901564;71704;6807;46483;44237;9987;6725;34754;44249;5634;43231;43227;43226;43229	2295	3617	2161.5	2028	2097	3375	6283.5	5957	8178.5	4982	2539	1510.5	4955.5	4206	4124.5	6712.5	7973	2199.5	552.5	586	4519	1154	928.5	2046	72782.5	3.639.125
ORTHO005231	Polynucleotidyl transferase; ribonuclease H-like superfamily protein	AT5G07710;AT5G61390	5737;44424;44464;5575;5623;5622;46872;43169;43167;5488;3674;5634;43231;43227;43226;43229;4527;4518;16788;16787;3824;8152;8150;90305;90304;6139;46483;44237;9987;6725;1901360;71704;34641;6807;44238;43170;3676;1901363;97159	2296	2373	4801.5	7307	4356	1089	8109.5	1426	460	334.5	1623	1471	8306	8123.5	8118	2476	7091.5	6896	8083	9073.5	8153	7725	8641.5	6210	103410	5170.5
ORTHO003508	myb domain protein 3r-3	AT3G09370;AT5G02320	3700;1071;3674;2001141;31326;9889;19222;50789;65007;8150;31323;50794;51252;19219;80090;51171;60255;10556;6355;1903506;10468;2000112;5634;43231;43227;43226;5575;43229;44424;44464;5623;5622;3677;3676;1901363;5488;97159;3682;44877	2297	1662	4492.5	6688	4356	2747.5	6966	397	931	5988	982	9065	1352	9051	6748	2476	7495.5	7677.5	8694.5	4586	2448.5	8486	8952	4291.5	99335	4966.75
ORTHO002490	related to AP2 1	AT1G46768;AT2G23340;AT3G50260	45893;10628;10604;9893;48518;50789;65007;8150;19222;60255;10468;1903508;1903506;2001141;31326;9889;31323;50794;51252;19219;80090;51171;10556;1902680;51254;45935;31325;48522;51173;31328;9891;10557;6355;2000112;6351;34645;44260;43170;71704;8152;44237;9987;9059;1901576;9058;44249;97659;32774;16070;90304;6139;46483;6725;1901360;34641;6807;44238;34654;19438;44271;18130;1901362;10467;3700;1071;3674;9409;9266;9628;50896;6950;3677;3676;1901363;5488;97159;9873;160;35556;7165;51716;7154;44763;44699;44700;23052;9755;32870;9725;9719;10033;42221;71495;71310;70887;71369;9723;5634;43231;43227;43226;5575;43229;44424;44464;5623;5622;9414;9415;1101;10035;1901700;42742;9617;51707;43207;9605;9607;51704;98542;6952;10200;10243;1901698;10941	2298	4975	2428.5	2559	2982.5	375.5	3025	8102.5	7183.5	7183	2129.5	1198.5	1352	1800.5	5413.5	3976.5	693.5	3949	5851	6860	1808.5	3609.5	5407	6553	76471.5	3.823.575
ORTHO004048	T-complex protein 1 alpha subunit	AT3G20050	5829;44444;44424;44464;5575;5623;5622;5737;5524;35639;1901265;1901363;5488;3674;97159;43168;43167;32559;30554;17076;166;36094;32555;32553;97367;32550;32549;1882;1883;6457;9987;8150;51082;5515	2299	1065	2661	3023	4356	2735	1560	1204.5	138.5	1462	744	9100.5	1352	5917.5	5775.5	2080.5	118	7846	8593.5	7647	9136.5	9149.5	3349.5	1324	79234	3961.7
ORTHO003435	WRKY DNA-binding protein 75	AT5G13080	5634;43231;43227;43226;5575;43229;44424;44464;5623;5622;43620;6355;1903506;2001141;31326;9889;19222;50789;65007;8150;31323;50794;51252;19219;80090;51171;60255;10556;10468;2000112;33554;51716;9987;50896;6950;122;45892;1903507;1902679;51253;10605;9892;48519;45934;51172;31324;48523;31327;9890;10558;10629;2000113;6357;3700;1071;3674;1046;976;1990837;3690;43566;3677;3676;1901363;5488;97159;43565;44212;975;1067;1047;6351;34645;44260;43170;71704;8152;44237;9059;1901576;9058;44249;97659;32774;16070;90304;6139;46483;6725;1901360;34641;6807;44238;34654;19438;44271;18130;1901362;10467;10055;10053;90627;30154;48869;44767;32502;44699;44763;10015;9653;48856;48364;48513;48731;7275;44707;32501;22622;90558;9888;32107;32104;32101;48583;48527;48528;9791;48569	2300	4331	2455	2610	5938.5	4073	822.5	2545	1328.5	8934.5	4670.5	6518	2801	7213.5	1812.5	3976.5	2365	8808.5	2831.5	2935	2587	8793	3177.5	586.5	76779.5	3.838.975
ORTHO000819_1	HEAT repeat	AT4G38600	61630;4842;19787;16740;3824;3674;8152;8150;16567;32446;70647;6464;36211;19538;43170;71704;44238;43412;44267;44260;44237;9987;61659;42787;6511;19941;51603;6508;44257;30163;9057;1901575;9056;44265;44248;43632;42023;44786;6261;6260;6259;90304;6139;46483;6725;1901360;34641;6807;34645;9059;1901576;9058;44249;22402;44763;44699;7049;44711;44710;10091;904;902;32989;16043;71840;9653;32502;48856;48869;44767;48468;30154;10090;10026;90558;9888;90626;5634;43231;43227;43226;5575;43229;44424;44464;5623;5622;5886;16020;71944	2301	1477	1615.5	930	1066.5	3205.5	4528.5	3230.5	2979	5767	4513	1576.5	1352	4616	6054.5	508.5	7240	7597	2092	1698.5	1773	810	433.5	1394.5	61369.5	3.068.475
ORTHO002864	Abscisic acid-responsive (TB2/DP1; HVA22) family protein	AT5G42560	3674;8150;5634;43231;43227;43226;5575;43229;44424;44464;5623;5622;16020	2302	4239	1194	86	2982.5	4148.5	1818.5	3884	224.5	6524	478.5	1687.5	3662	138	136.5	3183	2698	261.5	89.5	2935	2264.5	371.5	1121.5	209.5	35836	1791.8
ORTHO001393_1	Protein of unknown function (DUF3550/UPF0682)	AT4G40050	38032;23021;9968;9966;10646;50794;50789;65007;8150;48583;23051;48585;48519;10648;48523;23057;45744;8277;6351;34645;44260;43170;71704;8152;44237;9987;9059;1901576;9058;44249;97659;32774;16070;90304;6139;46483;6725;1901360;34641;6807;44238;34654;19438;44271;18130;1901362;10467;3714;3712;989;988;3674;1903506;2001141;31326;9889;19222;31323;51252;19219;80090;51171;60255;10556;1903507;1902679;51253;10605;9892;45934;51172;31324;31327;9890;10558;5739;43231;43227;43226;5575;43229;44424;44464;5623;5622;44444;5737	2303	1076	2961	3619	944.5	4827.5	398	488	867	1642.5	982	3950.5	1352	5770	2702.5	797.5	6409	8002	8655.5	3165	8990	8970.5	9049	5601	82619.5	4.130.975
ORTHO005051	Survival protein SurE-like phosphatase/nucleotidase	AT4G14930	8252;16791;42578;16788;16787;3824;3674;8152;8150;16311;6796;6793;44237;9987;3993;5829;44444;44424;44464;5575;5623;5622;5737	2304	980	2101.5	1899	4356	528.5	512	1289.5	702.5	821	5380	6741.5	8519	6764.5	8893	2476	2086	6590	4059	201.5	7386	4970.5	1263	2699.5	71883	3594.15
ORTHO005161	myosin heavy chain-related	AT5G53310	5737;44424;44464;5575;5623;5622;3774;17111;16462;16818;16817;16787;3824;3674;8152;8150;5886;16020;71944	2305	2055	1459	613	4356	3632	5001	1912	2264	2025.5	2216.5	2255.5	1352	4486	6007	1830	3521.5	4809.5	692	3638.5	3800.5	1525	3100.5	1394.5	55463.5	2.773.175
ORTHO002876	cold; circadian rhythm; and rna binding 2	AT2G21660	9507;9536;43231;43227;43226;5575;43229;44424;44464;5623;5622;44444;5737;5515;5488;3674;10501;16070;44260;43170;71704;8152;8150;44237;9987;90304;6139;46483;6725;1901360;34641;6807;44238;9409;9266;9628;50896;6950;5777;42579;9651;6970;46686;10038;10035;42221;380;398;6397;16071;6396;10467;377;375;8380;48046;5576;9414;9415;1101;1901700;3723;3676;1901363;97159;6406;6405;51168;6913;16482;46907;6810;51234;51179;51649;51641;51169;50658;50657;15931;71705;71702;51236;6403;33036;51028;71427;71426;1902582;44765;1902578;44699;71166;7623;48511;5739;45087;6952;6955;2376;10119;50794;50789;65007;3677;5634;5829;32508;32392;71103;51276;6996;16043;71840;9506;5911;30054;55044;10228;3006;32502;22414;48608;48856;61458;48731;7275;44767;44707;32501;9791;3697;43566;3729;44822;10043;1990267;3690;9735;9725;9719;10033	2306	1861	1406.5	507	1479.5	790.5	5705.5	3664	1994.5	1800	1623	2729	1352	4295.5	5596.5	2914	2526.5	1921.5	5851	1291.5	3222	2017.5	3251.5	209.5	52755.5	2.637.775
ORTHO007580	Sugar isomerase (SIS) family protein	AT3G54690	5524;35639;1901265;1901363;5488;3674;97159;43168;43167;32559;30554;17076;166;36094;32555;32553;97367;32550;32549;1882;1883;30246;5975;71704;8152;8150;44238;19146;16861;16860;16853;3824	2307	1980	1638	969	4356	4540.5	776.5	143.5	702.5	2670	1810	1198.5	8094	7779.5	8726.5	7782	18.5	6183.5	1164.5	995	864.5	4525.5	1453	2439.5	61867.5	3.093.375
ORTHO001113	zinc finger (CCCH-type) family protein	AT2G40140;AT3G55980;AT5G58620	50832;98542;6952;6950;50896;8150;51707;43207;9605;9607;51704;9620;3700;1071;3674;2001141;31326;9889;19222;50789;65007;31323;50794;51252;19219;80090;51171;60255;10556;6355;1903506;10468;2000112;5634;43231;43227;43226;5575;43229;44424;44464;5623;5622;46872;43169;43167;5488;9409;9266;9628;10200;10243;9719;10033;42221;1901698;1901700;3677;3676;1901363;97159	2308	5020	3854.5	5401	5196	8358.5	8251	4964	6379.5	5381	5836	7763.5	5740	1800.5	3521.5	6712.5	4870.5	2199.5	284	5852	3604.5	2213.5	3090	5222.5	92044.5	4.602.225
ORTHO002228	aspartate kinase-homoserine dehydrogenase i	AT1G31230;AT4G19710	55114;44710;8152;8150;44699;5524;35639;1901265;1901363;5488;3674;97159;43168;43167;32559;30554;17076;166;36094;32555;32553;97367;32550;32549;1882;1883;9570;9532;44435;44444;44424;44464;5575;5623;5622;5737;44446;44422;43226;43229;9536;43231;43227;44434;9507;9086;97;96;6790;44237;9987;6520;1901564;71704;6807;19752;43436;6082;44281;44763;44238;44272;44249;9058;8652;46394;16053;44283;44711;1901576;1901566;9067;9066;1901605;1901607;6555;16310;6796;6793;9088;6566;50661;50662;48037;9089;9085;6553;46451;43648;4412;16616;16614;16491;3824;16597;31406;43177;4072;16774;16772;16740;19202;16301	2309	3064	1557.5	806	4356	961.5	2234.5	1912	702.5	1233	1623	705.5	6071.5	1375.5	5254.5	3976.5	50	4253	4795.5	7986	6810.5	3609.5	2274	3565	59393.5	2.969.675
ORTHO000584_1	Leucine-rich repeat protein kinase family protein	AT1G25320;AT1G66830;AT2G01210	6468;16310;6796;6793;44237;8152;8150;9987;6464;36211;19538;43170;71704;44238;43412;44267;44260;5524;35639;1901265;1901363;5488;3674;97159;43168;43167;32559;30554;17076;166;36094;32555;32553;97367;32550;32549;1882;1883;7169;7167;7166;7165;50794;50789;65007;51716;50896;7154;44763;44699;44700;23052;5886;16020;5575;44464;5623;71944;16301;16772;16740;3824;4674;4672;16773;9570;9532;44435;44444;44424;5622;5737;44446;44422;43226;43229;9536;43231;43227;44434;9507;9505;5618;30312	2310	3898	2745	3180	4356	1329	1011	6428.5	8950	6524	3136.5	3578.5	4677	3815.5	2702.5	6712.5	3589	3121	3352	662	6696	2923.5	5021	5957	80186.5	4.009.325
ORTHO002439	calreticulin 1b	AT1G09210;AT1G56340	9651;6970;9628;50896;8150;6950;5788;70013;43233;31974;5575;44422;43226;44446;44424;44464;5623;5622;43229;44432;44444;5737;5783;43231;43227;12505;5739;5509;46872;43169;43167;5488;3674;5773;30246;51082;5515;48046;5576;6979;9507;9536;6457;9987;9506;5911;30054;55044;5774;44437;98588;31090;16020;98805;46686;10038;10035;42221;55074;72507;98771;50801;48878;42592;65008;65007;55080;55065	2311	3093	1545.5	780	2097	314	7422	1484	1328.5	1604.5	3269.5	1389.5	3425	3815.5	3265	6712.5	1294.5	5368	3691	3600	740.5	3955.5	3662.5	2439.5	58781.5	2.939.075
ORTHO004365	Uncharacterised BCR; YbaB family COG0718	AT2G24020;AT4G30620	9941;9526;31967;31975;44464;5575;5623;44446;44422;43226;44424;5622;43229;43227;44435;44444;5737;9536;43231;44434;9507;9535;55035;42651;34357;16020;44436;9579;31976;31984;9534;9570;9532;8150;5515;5488;3674	2312	2310	5052.5	7793	4356	8716.5	7483.5	3504.5	3312	7916.5	1144	5327.5	1352	5972.5	3721.5	7360.5	6752	8739	3067.5	3528.5	8264.5	8260	8574.5	4117.5	107114.5	5.355.725
ORTHO000833_1	Protein of unknown function (DUF300)	AT4G38360	5886;16020;5575;44464;5623;71944;16021;31224;44425;6810;51234;51179;8150;5829;44444;44424;5622;5737;12501;8219;16265;44699;44763;9987;5215;3674;12505	2313	2109	2362.5	2412	4356	2214.5	7040.5	3698.5	4123.5	930.5	4428.5	6171.5	8446	5972.5	3265	797.5	2329.5	8222	2347	2409.5	992	7493	2214	2382	75477.5	3.773.875
ORTHO004573	heat shock transcription factor A1D	AT1G32330	6355;1903506;2001141;31326;9889;19222;50789;65007;8150;31323;50794;51252;19219;80090;51171;60255;10556;10468;2000112;5634;43231;43227;43226;5575;43229;44424;44464;5623;5622;43565;3677;3676;1901363;5488;3674;97159;9408;9266;9628;50896;6950;5737;5515;3700;1071;6351;34645;44260;43170;71704;8152;44237;9987;9059;1901576;9058;44249;97659;32774;16070;90304;6139;46483;6725;1901360;34641;6807;44238;34654;19438;44271;18130;1901362;10467	2314	3103	5321.5	8329	2097	6417	7744.5	7372.5	1954.5	1777	1623	1198.5	7189	7300	7349.5	5325.5	6896.5	5626	7831	8832.5	7786.5	7756.5	8551.5	4291.5	112823	5641.15
ORTHO007491	myb domain protein 17	AT3G61250	5634;43231;43227;43226;5575;43229;44424;44464;5623;5622;9753;9725;9719;50896;8150;10033;42221;1101;1901700;6355;1903506;2001141;31326;9889;19222;50789;65007;31323;50794;51252;19219;80090;51171;60255;10556;10468;2000112;3677;3676;1901363;5488;3674;97159;3682;44877;9909;48580;2000026;50793;51239;48831;2000241;9751;14070;3700;1071	2315	4760	5575.5	8836	5938.5	1658.5	3863.5	7290.5	7325.5	1058	8095	2729	7554	8316	7999	6712.5	7280.5	4982.5	8173	8873	8534	7147.5	8321	7591	123504	6175.2
ORTHO005090	RNA-binding (RRM/RBD/RNP motifs) family protein	AT2G46610;AT3G61860	5681;44428;44446;44422;5575;43226;44424;44464;5623;5622;43229;5634;43231;43227;30529;32991;8150;166;36094;5488;3674;1901265;1901363;97159;3723;3676;5737;398;6397;16071;16070;44260;43170;71704;8152;44237;9987;90304;6139;46483;6725;1901360;34641;6807;44238;6396;10467;377;375;8380;16607;16604;44451;5654;31981;70013;43233;31974	2316	1169	1639.5	963	1066.5	4224.5	5281.5	1780.5	985	1777	1144	444.5	1352	7954.5	8593.5	2476	8662	6440	3283.5	3495.5	1003	530	284.5	2003.5	61715	3085.75
ORTHO001077	unknown protein	AT1G15350;AT5G25360	5634;43231;43227;43226;5575;43229;44424;44464;5623;5622;3674;8150;9507;9536;44444;5737	2317	5130	3868	5419	6100.5	2170	3863.5	5568.5	4323	6988	5973.5	3686.5	5740	1800.5	4462	3976.5	5108	3121	5851	7299	5422.5	5603	5407	5806	92169.5	4.608.475
ORTHO003742	Acid phosphatase/vanadium-dependent haloperoxidase-related protein	AT1G24350;AT1G67600	4601;16684;16491;3824;3674;8152;8150;55114;44710;44699;16209;5886;16020;5575;44464;5623;71944;9507;9536;43231;43227;43226;43229;44424;5622;44444;5737	2318	2967	2079.25	1840.5	4356	3205.5	7463	1289.5	5028	5535.5	8651	7734	5195	3815.5	3265	1606	8387	4809.5	552.5	366.5	606	837.5	728.5	2314	71389.5	3.569.475
ORTHO001705	basic helix-loop-helix (bHLH) DNA-binding superfamily protein	AT1G63650;AT5G41315	5515;5488;3674;5634;43231;43227;43226;5575;43229;44424;44464;5623;5622;3700;1071;2001141;31326;9889;19222;50789;65007;8150;31323;50794;51252;19219;80090;51171;60255;10556;6355;1903506;10468;2000112;9957;1708;48869;44767;32502;44699;44763;9987;45165;30154;9913;30855;60429;9888;48856;8544;6351;34645;44260;43170;71704;8152;44237;9059;1901576;9058;44249;97659;32774;16070;90304;6139;46483;6725;1901360;34641;6807;44238;34654;19438;44271;18130;1901362;10467;46983;3677;3676;1901363;97159;7275;44707;32501;10091;904;902;32989;16043;71840;9653;48468;10090;10026;90558;90626	2319	5001	4451.5	6584	2982.5	5904	8162.5	5568.5	4323	6988	5973.5	7788	5740	1800.5	4462	6712.5	3367.5	3121	3172	6197.5	3675	5603	4366	5806	98730.5	4.936.525
ORTHO000837_2	SNF2 domain-containing protein / helicase domain-containing protein / zinc finger protein-related	AT1G11100;AT1G61140	5524;35639;1901265;1901363;5488;3674;97159;43168;43167;32559;30554;17076;166;36094;32555;32553;97367;32550;32549;1882;1883;5634;43231;43227;43226;5575;43229;44424;44464;5623;5622;4386;17111;16462;16818;16817;16787;3824;8152;8150;8270;46914;46872;43169;3677;3676;9553;48229;7275;44767;32502;44699;44707;32501;48856	2320	3409	4849	7378	2097	165.5	4698	4238	8914.5	7298.5	9114	7055.5	1352	5523.5	1063	6712.5	2626	7335.5	8526	6103	8153	6991	2239	5913	104021.5	5.201.075
ORTHO000507_3	Phototropic-responsive NPH3 family protein	AT1G03010;AT2G47860	16567;32446;70647;6464;36211;19538;43170;71704;8152;8150;44238;43412;44267;44260;44237;9987;9860;44702;22414;44699;904;902;32989;16043;71840;9653;32502;48856;48869;44767;44763;48468;30154;3006;48588;48589;40007;16049;9932;9826;60560;48868;9856;44703;51704;44706;32501;5886;16020;5575;44464;5623;71944;4871;60089;3674;7165;50794;50789;65007;51716;50896;7154;44700;23052;9416;9314;9628	2321	1850	2924	3527	1479.5	314	2080	8127	7455	789	1810	3034.5	7258.5	7536	8163.5	1307	965	4887	8310	5337	3573.5	6512.5	4244	424.5	82128	4106.4
ORTHO002731	ubiquitin-conjugating enzyme 5	AT1G63800	16567;32446;70647;6464;36211;19538;43170;71704;8152;8150;44238;43412;44267;44260;44237;9987;5737;44424;44464;5575;5623;5622;6511;19941;51603;6508;44257;30163;9057;1901575;9056;44265;44248;43632;16874;3824;3674;5634;43231;43227;43226;43229;5524;35639;1901265;1901363;5488;97159;43168;43167;32559;30554;17076;166;36094;32555;32553;97367;32550;32549;1882;1883;4842;19787;16740;5829;44444	2322	5197	5651	8980	2982.5	8030	2155	7409.5	4087	3163.5	8404	9077	1352	8610	8471.5	7782	8662	6217	8625.5	9038.5	8828	7786.5	1802.5	8512	128013.5	6.400.675
ORTHO002204	Uncharacterised protein family (UPF0497)	AT2G28370;AT2G37200	16021;31224;44425;5575;16020;5886;44464;5623;71944;3674;8150	2323	4400	5074	7825	2982.5	3270.5	8889.5	3914.5	2134	2891.5	2809.5	2729	7554	8378.5	7999	7782	5685	4809.5	2538	8214	6696	6952	5678	8512	107436.5	5.371.825
ORTHO000837_1	SNF2 domain-containing protein / helicase domain-containing protein / zinc finger protein-related	AT1G50410;AT3G16600;AT3G20010	3677;3676;1901363;5488;3674;97159;5634;43231;43227;43226;5575;43229;44424;44464;5623;5622;8270;46914;46872;43169;43167;4386;17111;16462;16818;16817;16787;3824;8152;8150;5524;35639;1901265;43168;32559;30554;17076;166;36094;32555;32553;97367;32550;32549;1882;1883;80188;6306;43414;44260;43170;71704;44237;9987;32259;43412;6305;6304;6259;90304;6139;46483;6725;1901360;34641;6807;44238;44728;40029;10468;60255;19222;50789;65007;31047;16458;10629;10605;9892;48519;44763;44699;44710;5515	2324	3416	2416.5	2509	2097	6784	2528	1912	4452.5	2670	1981	6674.5	5740	3815.5	3521.5	1606	450	3580	4113.5	7299	5061.5	4525.5	6709	2699.5	76123	3806.15
ORTHO001919	PLAC8 family protein	AT2G45010;AT5G51400	8150;3674;5886;16020;5575;44464;5623;71944;5794;43231;43227;43226;43229;44424;5622;44444;5737;12505	2325	2546	4188	6051	4356	4106.5	3430	7244.5	1042.5	2170.5	8984.5	4059.5	1352	7448.5	7195	2476	5329.5	6029.5	4205.5	4848	5265	6512.5	5762.5	8062	95524	4776.2
ORTHO003876	ubiquitin-specific protease 20	AT4G17895;AT5G46740	5634;43231;43227;43226;5575;43229;44424;44464;5623;5622;4843;19783;8234;70011;8233;16787;3824;3674;8152;8150;6508;19538;43170;71704;44238;36459	2326	3467	4471	6616	4356	7116	2528	7461	1753	2124.5	1810	998	1352	7636	7487.5	5325.5	324.5	6265.5	8266	8987	8350.5	7923.5	8663.5	4586.5	98958.5	4.947.925
ORTHO006156	DNAJ-like 20	AT4G13830	9507;9536;43231;43227;43226;5575;43229;44424;44464;5623;5622;44444;5737;5515;5488;3674;61077;6457;9987;8150;1902395;51338;50790;19222;50789;65007;65009;5634;10322;71071;31326;9889;31323;50794;46890;19216;80090;1903725;19220;51174;19747;10565;10675;6109	2327	1231	2328.5	2330	4356	2672	1672.5	4396	1042.5	1567.5	5520.5	2851	4049	7600	8638.5	797.5	5962.5	6590	3857.5	5245.5	800.5	5308.5	3902	2314	74787.5	3.739.375
ORTHO002735	PHD finger family protein	AT1G77800	9506;5911;30054;5575;55044;8270;46914;46872;43169;43167;5488;3674;5634;43231;43227;43226;43229;44424;44464;5623;5622	2328	2278	3587	4846	4356	6023.5	961	2114.5	6124	3205.5	1144	8339.5	7498	7536	8512	2476	7991.5	6183.5	6109.5	419.5	7254	3609.5	1594	2166	89261.5	4.463.075
ORTHO000419_2	ACT domain repeat 6	AT3G01990	16597;31406;43177;36094;5488;3674;43168;43167;9507;9536;43231;43227;43226;5575;43229;44424;44464;5623;5622;44444;5737	2329	3943	1219.5	110	4356	3768.5	715.5	3939	3991.5	3396	5062.5	1354.5	3760.5	138	136.5	3183	2738	261.5	1253	549.5	2392	371.5	700.5	223.5	37935	1896.75
ORTHO006547	Pollen Ole e 1 allergen and extensin family protein	AT5G47635	5576;5575;3674;8150	2330	2279	3606	4882	1689.5	7583.5	1247	2114.5	1691	2988	9130	1422	8519	5393.5	867	1606	7214.5	4982.5	1680.5	738.5	8300	8260	8775	6949.5	89462	4473.1
ORTHO004623	NADH-ubiquinone oxidoreductase 20 kDa subunit; mitochondrial	AT5G11770	5747;45271;30964;98796;43234;32991;5575;44425;16020;1990204;1902494;44464;5623;98803;70469;98800;98798;44429;44444;44424;5622;5737;44446;44422;43226;43229;5739;43231;43227;44455;31966;31090;5740;31967;31975;5743;19866;5746;55114;44710;8152;8150;44699;48038;48037;5488;3674;6120;22904;22900;6091;44237;9987;44763;45333;15980;42775;42773;6119;16310;6796;6793;46034;9150;6163;72521;46483;6725;1901360;71704;34641;6807;1901564;9117;6753;19637;55086;6139;44238;44281;9259;19693;1901135;9167;9161;9123;9126;9205;9144;9141;9199;46128;9119;9116;1901657;42278;8270;46914;46872;43169;43167;51539;51536;51540;8137;50136;3954;16651;16491;3824;16655	2331	3383	2077	1823	5651.5	1089	2190	6142.5	931	3967	1810	6120	5338.5	3815.5	3265	6712.5	8026.5	3121	3944	4060.5	4833.5	2213.5	1157	2439.5	71176.5	3.558.825
ORTHO003834	signal recognition particle receptor alpha subunit family protein	AT4G30600	5525;35639;1901265;1901363;5488;3674;97159;43168;43167;32550;32549;1882;36094;97367;1883;32561;19001;17076;166;32555;32553;3924;17111;16462;16818;16817;16787;3824;8152;8150;6605;6886;15031;45184;51234;51179;8104;33036;71702;6810;46907;51649;51641;34613;70727;1902582;44765;1902578;44699;6614;6613;6612;90150;72657;44802;61024;16043;71840;9987;44763;1902580;45047;16482;72599;72594;33365;70972;5783;43231;43227;43226;5575;43229;44424;44464;5623;5622;44444;5737;12505;5047;43021;44877;5786;48500;30529;32991	2332	1381	1658	984	3586.5	686.5	333.5	1322	7748	2081	865	5517.5	1352	5691.5	1081	1144	8726	8482.5	8217.5	1764.5	5779	626.5	178	544	62140	3107
ORTHO003556	pyrophosphorylase 6	AT5G09650	9570;9532;44435;44444;44424;44464;5575;5623;5622;5737;44446;44422;43226;43229;9536;43231;43227;44434;9507;9651;6970;9628;50896;8150;6950;287;46872;43169;43167;5488;3674;8152;42742;9617;51707;43207;9605;9607;51704;98542;6952;9941;9526;31967;31975;4427;16462;16818;16817;16787;3824;46686;10038;10035;42221;16020;9579	2333	2902	3196.5	4060	4356	4256.5	4835.5	4133.5	2505.5	3372	8770	5295.5	5740	6434	6867.5	2476	3426.5	4507	4113.5	5672	3511.5	2608	3918.5	2699.5	85142.5	4.257.125
ORTHO004144	RING/U-box superfamily protein	AT5G48655	5634;43231;43227;43226;5575;43229;44424;44464;5623;5622;43161;10498;51603;6508;19538;43170;71704;8152;8150;44238;44257;30163;9057;1901575;9056;44265;44260;44237;9987;44248;44267;6511;19941;43632;8270;46914;46872;43169;43167;5488;3674;16567;32446;70647;6464;36211;43412;61630;4842;19787;16740;3824;61659;10200;10243;9719;50896;10033;42221;1901698;1901700	2334	2350	4217.75	6101.5	1689.5	2837	652	8694	8808.5	5622	5873	5435.5	1352	5307	988	1429.5	8238.5	7728	8625.5	1229.5	8153	8205.5	2642.5	4016	95837	4791.85
ORTHO003130	golgi nucleotide sugar transporter 3	AT1G76340	15780;1901264;44765;6810;51234;51179;8150;1902578;44699;71702;6862;15748;15931;71705;5886;16020;5575;44464;5623;71944;98656;6820;6811;34220;55085;44763;9987;15297;15291;22804;22857;5215;3674	2335	2108	1728	1121	1479.5	819.5	5859	2684	2828	3896	2539	4877	1352	7101	7844	2914	1048	4400	3904.5	1371	981	5059	4085.5	400.5	63963	3198.15
ORTHO002720	cell division control 2	AT3G48750	5515;5488;3674;4672;16301;16772;16740;3824;8152;8150;16310;6796;6793;44237;9987;16773;6468;6464;36211;19538;43170;71704;44238;43412;44267;44260;5829;44444;44424;44464;5575;5623;5622;5737;910;22402;44763;44699;7049;51301;9409;9266;9628;50896;6950;9574;44430;44446;44422;43226;43229;5856;43232;43228;15630;7067;280;48285;6996;16043;71840;1903047;278;1902589;42023;44786;6261;6260;6259;90304;6139;46483;6725;1901360;34641;6807;34645;9059;1901576;9058;44249;44711;44710;8284;48522;48518;50789;65007;50794;42127;4693;97472;51726;4674;10005;55028;44448;5938;71944;5881;5874;43234;32991;30981;30863;5524;35639;1901265;1901363;97159;43168;43167;32559;30554;17076;166;36094;32555;32553;97367;32550;32549;1882;1883;8356;40020;51783;33043;51128;51302;10564;51445;5634;43231;43227;8353;9793;44702;22414;3006;32502;9790;44767;48856;7275;44707;32501;48316;48608;61458;48731;9791;10154;5886;16020;9555;48229	2336	107	1404.5	473	53.5	361.5	43.5	3021	3584	82.5	744	1810.5	1352	8151	9150.5	56	2942	8847	1807.5	549.5	1848	4612.5	2884	74	51921	2596.05
ORTHO006333	alpha/beta-Hydrolases superfamily protein	AT5G20520	5783;43231;43227;43226;5575;43229;44424;44464;5623;5622;44444;5737;12505;19866;31090;16020;44422;31967;31975;44446;5886;71944;48364;44767;32502;8150;44699;48513;48856;48731;7275;44707;32501;22622	2337	1344	2109.25	1881.5	4356	57.5	888	19	3019	8398	4217.5	1070.5	8446	6004.5	6137	797.5	9057	8659.5	3265	884	1121	6340.5	2079	1263	71723.5	3.586.175
ORTHO006478	unknown protein	AT2G17350	5737;44424;44464;5575;5623;5622;3674;8150	2338	3215	4301.5	6265	2097	7877	2328.5	7331	1994.5	1970.5	2129.5	1374.5	1352	7300	7258.5	2476	6752	5626	7812.5	5002	7786.5	7725	8520	4117.5	96733.5	4.836.675
ORTHO005672	leo1-like family protein	AT5G61150	10048;9409;9266;9628;50896;8150;6950;5634;43231;43227;43226;5575;43229;44424;44464;5623;5622;32968;45944;45893;10628;10604;9893;48518;50789;65007;19222;60255;10468;1903508;1903506;2001141;31326;9889;31323;50794;51252;19219;80090;51171;10556;1902680;51254;45935;31325;48522;51173;31328;9891;10557;6355;2000112;6357;34243;32784;32786;1990269;1099;1098;5515;5488;3674;50815;16597;31406;43177;36094;43168;43167;45309;51219;5829;44444;5737;9910;48581;48580;2000026;50793;51239;51241;48519;51093;2000242;2000241;9909;48831	2339	2238	1726.5	1114	4356	801	5840	2114.5	1198	4578	2539	247	6316	4415.5	5907.5	6712.5	3344	4887	2361.5	2059.5	3646	1358.5	3100.5	2439.5	63865.5	3.193.275
ORTHO003074	RING/U-box superfamily protein	AT3G10910;AT5G05280	16567;32446;70647;6464;36211;19538;43170;71704;8152;8150;44238;43412;44267;44260;44237;9987;16021;31224;44425;5575;16020;8270;46914;46872;43169;43167;5488;3674;5634;43231;43227;43226;43229;44424;44464;5623;5622;80141;42304;19217;10565;31323;50794;50789;65007;19222;19216;80090;31326;9889;46890;80140;4842;19787;16740;3824;48443;48827;48856;32502;48367;44767;44699;48731;7275;44707;32501;48437;44702;22414;3006;48569;48513;9908;90567;48608;61458;9791;48466;48438;9901;9900;48609;32504;3;48653;9555;48229	2340	4825	2616.25	2892.5	2982.5	4056	8038	4734	2592	6687	3831.5	6344	5066	1800.5	2702.5	6712.5	3141.5	1669.5	3529	3976	3375	2213.5	3758.5	4291.5	78518.5	3.925.925
ORTHO004209	O-Glycosyl hydrolases family 17 protein	AT4G29360;AT5G56590	31225;31224;44425;5575;16020;46658;31226;44459;44464;5623;5886;71944;5618;30312;42973;8422;15926;4553;16798;16787;3824;3674;8152;8150;5576;71555;45229;16043;71840;9987;71554;5975;71704;44238;6952;6950;50896;9505	2341	3038	2593	2845	2097	7959	1155	3588	9141	5189.5	1623	6344	1352	3815.5	3265	6712.5	2581.5	8564.5	1827	1094	2264.5	3609.5	5263	2784	78132.5	3.906.625
ORTHO000648_2	Protein kinase superfamily protein	AT4G24480	4712;4672;16301;16772;16740;3824;3674;8152;8150;16310;6796;6793;44237;9987;16773;6468;6464;36211;19538;43170;71704;44238;43412;44267;44260;4674;5524;35639;1901265;1901363;5488;97159;43168;43167;32559;30554;17076;166;36094;32555;32553;97367;32550;32549;1882;1883;5634;43231;43227;43226;5575;43229;44424;44464;5623;5622	2342	2083	1764.5	1187	4356	8169	1881	1114.5	4452.5	3785.5	1810	1810.5	6397.5	4486	6092	1830	3521.5	4982.5	154	4258.5	4103	1613	3001.5	1454.5	64917	3245.85
ORTHO001469	Alba DNA/RNA-binding protein	AT1G20220;AT1G76010	5634;43231;43227;43226;5575;43229;44424;44464;5623;5622;9506;5911;30054;55044;8150;3676;1901363;5488;3674;97159;5829;44444;5737;9505;5618;30312;71944;5576	2343	2306	4848	7353	4356	2776	8674.5	8327.5	8705	4892	2992.5	281	8519	8969	6639	7782	1678.5	7251.5	8266	326.5	361	7836	2479	7028	103784	5189.2
ORTHO003091	AP2/B3-like transcriptional factor family protein	AT2G36080;AT3G11580;AT5G06250	5634;43231;43227;43226;5575;43229;44424;44464;5623;5622;45892;1903507;1903506;2001141;31326;9889;19222;50789;65007;8150;31323;50794;51252;19219;80090;51171;60255;10556;1902679;51253;10605;9892;48519;45934;51172;31324;48523;31327;9890;10558;10629;10468;6355;2000112;2000113;3700;1071;3674;80167;9628;50896;6351;34645;44260;43170;71704;8152;44237;9987;9059;1901576;9058;44249;97659;32774;16070;90304;6139;46483;6725;1901360;34641;6807;44238;34654;19438;44271;18130;1901362;10467;3677;3676;1901363;5488;97159;44212;975;1067;10358;48532;44767;32502;44699;9653;48856;9965;9887;48513;48731;7275;44707;32501;48366;48827;48367;10016;10073;48507;9888	2344	4206	2235.5	2127	2982.5	3406.5	4118.5	5568.5	132	1540.5	8364	6271	4555.5	3815.5	4705.5	6712.5	1000	1888	315	6148	1715	2541	4324	6281	73402	3670.1
ORTHO002623	LMBR1-like membrane protein	AT5G65290	9507;9536;43231;43227;43226;5575;43229;44424;44464;5623;5622;44444;5737;16021;31224;44425;16020;8150;3674	2345	3993	4207.5	6070	5196	1885	5163.5	7409.5	4418	5641.5	4164.5	6741.5	6227	7885	7885	2914	3235	6657.5	6109.5	5303	3391.5	5603	4116	913	95663	4783.15
ORTHO005697	mevalonate kinase	AT5G27450	4496;16301;16772;16740;3824;3674;8152;8150;16310;6796;6793;44237;9987;16773;5737;44424;44464;5575;5623;5622;5524;35639;1901265;1901363;5488;97159;43168;43167;32559;30554;17076;166;36094;32555;32553;97367;32550;32549;1882;1883;5829;44444;16126;16125;6066;1901615;71704;44281;44710;44699;8202;1901360;6629;44238;46165;1901617;1901576;9058;44283;44711;6694;1901362;8610;19287;6084;6637;6732;51186;35383;6790;9240;46490;6644;19637;44255;44763;8654;90407;44249;8299;6720	2346	1324	2926.5	3507	4356	7116	7294.5	3003.5	4365	7666.5	4610.5	228.5	1352	7954.5	8726.5	2476	8953.5	7697.5	2399	2289	3055	488.5	264.5	2091	82031.5	4.101.575
ORTHO003380	NAC domain containing protein 35	AT2G02450	6355;1903506;2001141;31326;9889;19222;50789;65007;8150;31323;50794;51252;19219;80090;51171;60255;10556;10468;2000112;3677;3676;1901363;5488;3674;97159;5634;43231;43227;43226;5575;43229;44424;44464;5623;5622;6351;34645;44260;43170;71704;8152;44237;9987;9059;1901576;9058;44249;97659;32774;16070;90304;6139;46483;6725;1901360;34641;6807;44238;34654;19438;44271;18130;1901362;10467;7275;44767;32502;44699;44707;32501;3700;1071	2347	438	1746	1145	1425	5722.5	1224.5	414	2367.5	4506	4513	6344	1352	5963	2396.5	1153	8117.5	8862.5	2052.5	1869	1909	4873	479	183	64301.5	3.215.075
ORTHO005163	eukaryotic translation initiation factor 2 beta subunit	AT5G20920	5634;43231;43227;43226;5575;43229;44424;44464;5623;5622;3743;8135;3723;3676;1901363;5488;3674;97159;6412;43043;43604;43603;34641;6807;8152;8150;44237;9987;44271;44249;9058;6518;1901564;71704;1901566;1901576;44267;19538;43170;44238;44260;34645;9059;10467;6413;9793;44702;22414;44699;3006;32502;9790;44767;48856;7275;44707;32501;48316;48608;61458;48731;9791;10154;46872;43169;43167;5886;16020;71944;5515	2348	2132	2708.5	3069	1281	8007.5	822.5	1912	6225	4479	1981	1198.5	1352	8593	8726.5	2476	5685	5886.5	1642	461.5	5903.5	6714	5407	2091	79563.5	3.978.175
ORTHO000627_2	multifunctional protein 2	AT3G06860	4300;16836;16835;16829;3824;3674;8152;8150;5737;44424;44464;5575;5623;5622;9506;5911;30054;55044;5777;42579;43231;43227;43226;43229;44444;6635;9062;44242;16042;44712;9056;44710;44699;6629;71704;44238;1901575;44255;44763;9987;44237;44248;72329;46395;16054;44282;44281;6082;19752;43436;32787;6631;19395;34440;30258;55114;9514;8692;16856;16854;16853;50662;48037;5488;5730;44428;44446;44422;5634;43232;43228;31981;70013;43233;31974;3857;16616;16614;16491;5618;30312;71944;4165;16863;16860;16508	2349	3096	5467	8585	5552	5650.5	5362.5	2185	9160	6327	2539	6300	7031	6971	7258.5	7782	6099.5	5368	7464	4630.5	7386	7567	8405	3920	117406.5	5.870.325
ORTHO004321	Plant protein of unknown function (DUF827)	AT2G38370	5576;5575;5829;44444;44424;44464;5623;5622;5737;9903;9902;9658;9657;6996;16043;71840;8150;9987;19750;51644;51640;51641;51179;51667;51649;51234;51656;3674;9904	2350	2677	4412	6474	1812	7977	6478	3877.5	8634	1777	4097	2729	1352	7387.5	8638.5	2476	8342	7028	8098.5	995	2369	6759.5	6709	2229	97953.5	4.897.675
ORTHO000277_2	tubby like protein 10	AT1G25280;AT1G43640;AT1G76900	6355;1903506;2001141;31326;9889;19222;50789;65007;8150;31323;50794;51252;19219;80090;51171;60255;10556;10468;2000112;5634;43231;43227;43226;5575;43229;44424;44464;5623;5622;9536;44444;5737;5886;16020;71944;3700;1071;3674;8081;42578;16788;16787;3824;8152;9620;51707;43207;9605;50896;9607;51704;35091;5543;8289;5488;43168;43167;5829	2351	2364	1936	1521	1479.5	3139	1744	8181.5	7561.5	5028	4449	6418.5	5195	4295.5	4842.5	1239.5	1155.5	5221.5	2179.5	1189.5	321.5	1613	3909	715.5	68399	3419.95
ORTHO001091_3	Plant protein of unknown function (DUF639)	AT1G48840;AT3G18350	3674;5575;8150;5739;43231;43227;43226;43229;44424;44464;5623;5622;44444;5737	2352	2680	1703.5	1055	4356	994.5	5859	4133.5	8307	4385	1623	743.5	1352	3815.5	5034.5	1830	1000	5221.5	4293	518	4384	2112.5	4451.5	3103.5	63161.5	3.158.075
ORTHO004835	unknown protein	AT1G78170	5634;43231;43227;43226;5575;43229;44424;44464;5623;5622;3674;8150	2353	2782	3066	3779	5552	1859.5	5955	1426	8596	2124.5	118	4566	1352	8897	6192.5	2476	110	7073	8458.5	3466.5	6696	7683.5	2104	4291.5	83445.5	4.172.275
ORTHO003788	photosystem II light harvesting complex gene 2.2	AT2G05070;AT2G05100;AT3G27690	5774;44437;44444;44424;44464;5575;5623;5622;5737;44446;44422;43226;43229;5773;43231;43227;98588;31090;16020;98805;9535;55035;42651;34357;44436;9579;44435;9536;31976;31984;44434;9507;9534;10287;9570;9532;16168;46906;1901363;5488;3674;97159;31409;9768;9765;6091;44237;8152;8150;9987;19684;15979;30076;43234;32991;9941;9526;31967;31975;16021;31224;44425;9416;9314;9628;50896;9522;9521;98796;9523;10218;9639;9637;10114	2354	407	1456	558	248.5	33	43.5	129.5	4573.5	4629	35.5	7943.5	1352	4746.5	6484	508.5	7557.5	7295.5	802.5	1698.5	2701	868	1828	831.5	54061	2703.05
ORTHO006913	unknown protein	AT1G30880	5739;43231;43227;43226;5575;43229;44424;44464;5623;5622;44444;5737;8150;3674	2355	2103	2725.5	3096	1689.5	4758	1881	1013.5	7831	2170.5	1810	5983.5	6731.5	4486	6137	6712.5	3836.5	5221.5	4293	4331	4384	2112.5	4451.5	1546.5	79691	3984.55
ORTHO006452	Glutaredoxin family protein	AT5G03870	5634;43231;43227;43226;5575;43229;44424;44464;5623;5622;45454;19725;42592;65008;65007;8150;44763;9987;44699;50794;50789;9055;3674;15035;15036;16667;16491;3824;8152;55114;44710;9506;5911;30054;55044	2356	1374	3593	4830	1066.5	2501	5410	917.5	8688.5	1604.5	5636.5	5257	8519	5941	3047.5	797.5	7214.5	7446.5	875	3721.5	1325	8434	8827.5	3005.5	89169.5	4.458.475
ORTHO006758	E1 C-terminal related 1	AT5G19180	5524;35639;1901265;1901363;5488;3674;97159;43168;43167;32559;30554;17076;166;36094;32555;32553;97367;32550;32549;1882;1883;5737;44424;44464;5575;5623;5622;45116;32446;70647;6464;36211;19538;43170;71704;8152;8150;44238;43412;44267;44260;44237;9987;19781;8641;16877;16874;3824;5634;43231;43227;43226;43229;46982;46983;5515;16881;16879	2357	1821	3409	4461	4356	1423	7830.5	2114.5	931	1233	2290	3422.5	7498	7536	8512	2476	8360.5	6085	6109.5	4884.5	5779	5603	2884	2166	87138	4356.9
ORTHO004140	Ribosomal protein L12/ ATP-dependent Clp protease adaptor protein ClpS family protein	AT1G68660	6508;19538;43170;71704;8152;8150;44238;30163;9057;1901575;9056;8233;16787;3824;3674;5840;30529;32991;5575;44424;44464;5623;5622;43232;43228;43226;43229;44444;5737	2358	4029	1496	634	5748	3511	859	2460.5	1481	4466.5	3461	367.5	4677	3815.5	2396.5	6712.5	3589	2199.5	1961.5	3208	3870	2213.5	2683	2166	56098.5	2.804.925
ORTHO003914	Ypt/Rab-GAP domain of gyp1p superfamily protein	AT2G30710	5794;43231;43227;43226;5575;43229;44424;44464;5623;5622;44444;5737;12505	2359	2781	3862.5	5366	4356	7603	2414	2250	2760.5	7916.5	2992.5	4351.5	3819.5	6764.5	7162	2476	5329.5	6085	7281	4809.5	1922.5	6266	5762.5	3920	91886	4594.3
ORTHO006704	AAA-type ATPase family protein	AT4G24790	6281;6259;44260;43170;71704;8152;8150;44237;9987;90304;6139;46483;6725;1901360;34641;6807;44238;6974;33554;51716;50896;6950;44763;44699;44710;3689;33170;8094;42623;16887;17111;16462;16818;16817;16787;3824;3674;3677;3676;1901363;5488;97159;5634;43231;43227;43226;5575;43229;44424;44464;5623;5622;5663;44427;44446;44422;5694;43232;43228;43234;32991;5657	2360	3059	3167	3974	2097	6227.5	652	917.5	6379.5	2615.5	1623	1658	1352	7699.5	7619.5	7782	2609	6590	8332	326.5	2280	7183	7818	5007.5	84672	4233.6
ORTHO000381_2	rho guanyl-nucleotide exchange factor 1	AT4G38430	80092;43900;50789;65007;8150;10769;22604;22603;50793;51128;50794;60284;45595;51239;2000241;51510;1558;40008;48638;5829;44444;44424;44464;5575;5623;5622;5737;43547;43087;51336;50790;19222;65009;51345;43085;44093;9893;48518;5634;43231;43227;43226;43229;5089;5088;5085;98772;3674;9860;44702;22414;44699;904;902;32989;16043;71840;9987;9653;32502;48856;48869;44767;44763;48468;30154;3006;48588;48589;40007;16049;9932;9826;60560;48868;9856;44703;51704;44706;32501;16324;98590;44459;44425;16020;5886;71944;98589;98805;45177;5515;5488	2361	2328	4024.5	5688	4356	1839.5	3129.5	1709	2367.5	6785.5	2809.5	6590	1352	8123.5	2163.5	7419	2314	7728	8406.5	7576.5	7709	8260	2564	4678.5	93525	4676.25
ORTHO001433	SNF1 kinase homolog 10	AT3G01090;AT3G29160;AT5G39440	5515;5488;3674;4674;4672;16301;16772;16740;3824;8152;8150;16310;6796;6793;44237;9987;16773;6468;6464;36211;19538;43170;71704;44238;43412;44267;44260;5634;43231;43227;43226;5575;43229;44424;44464;5623;5622;10260;7568;44767;32502;44699;48513;48856;48731;7275;44707;32501;10182;9756;7165;50794;50789;65007;51716;50896;7154;44763;44700;23052;71322;71310;10033;42221;70887;1901701;1901700;9743;3006;22414;152;44428;44446;44422;151;1990234;1902494;43234;32991;9738;9755;32870;9725;9719;71495;71215;9737;33993;97305;1101;71396;97306;71229;10050;9791;80022;48364;22622;9594;9593;51606;7584;31667;9991;9605;5737;46777	2362	2970	3373.5	4385	2097	1500	1410	3834	3933.5	5938	4918.5	8818.5	8306	5445	1109.5	1830	7354	8577	1975.5	2059.5	2985	8330.5	3259.5	5222.5	86806.5	4.340.325
ORTHO003607	Late embryogenesis abundant (LEA) hydroxyproline-rich glycoprotein family	AT1G65690;AT5G36970	8150;5886;16020;5575;44464;5623;71944;3674;9814;98542;6952;6950;50896;51707;43207;9605;9607;51704;45087;6955;2376;9863;7165;50794;50789;65007;51716;9987;7154;44763;44699;44700;23052;71446;71407;14070;10033;42221;71310;70887;9751;1101;1901700;71229;1901701	2363	3051	1897	1431	4356	1594	739	229	8748.5	1094.5	2992.5	4670	1352	6971	7129	2476	85	5569	6897.5	635	6908	4525.5	1337.5	3721	67674	3383.7
ORTHO001603	tryptophan synthase beta-subunit 2	AT4G27070;AT5G28237;AT5G54810	162;6568;9072;6725;44237;8152;8150;9987;1901360;71704;6520;1901564;6807;19752;43436;6082;44281;44710;44699;44763;44238;1901605;6586;42430;46483;34641;6576;44106;9308;9073;19438;44249;9058;1901362;1901576;8652;46394;16053;44283;44711;1901566;46219;42435;44271;18130;42401;9309;1901607;4834;16836;16835;16829;3824;3674;9570;9532;44435;44444;44424;44464;5575;5623;5622;5737;44446;44422;43226;43229;9536;43231;43227;44434;9507;9941;9526;31967;31975;5739;9651;6970;9628;50896;6950;9684;72330;32787;9851;42446;42445;10817;65008;65007;9850;9683;34754;5886;16020;71944;6979	2364	2673	4541.5	6719	4356	6810	8109.5	2044	4209	5206.5	3526	6518	1352	5549.5	1081	6712.5	9062	7295.5	8141.5	9073.5	6810.5	710	1361	5913	99485	4974.25
ORTHO004116	20S proteasome alpha subunit E1	AT1G53850;AT3G14290	5829;44444;44424;44464;5575;5623;5622;5737;5774;44437;44446;44422;43226;43229;5773;43231;43227;98588;31090;16020;98805;43161;10498;51603;6508;19538;43170;71704;8152;8150;44238;44257;30163;9057;1901575;9056;44265;44260;44237;9987;44248;44267;6511;19941;43632;22626;44445;5840;30529;32991;43232;43228;4175;70011;8233;16787;3824;3674;5886;71944;10499;5634;4540;4518;16788;90305;90304;6139;46483;6725;1901360;34641;6807;90501;16070;5839;43234;502;46686;10038;10035;42221;50896;19773	2365	2983	1878	1391	4356	7834.5	1985	1204.5	493.5	642.5	1810	998	5740	4244	5254.5	1830	4346.5	3580	3149.5	7299	5170.5	4873	4047.5	2784	67286.5	3.364.325
ORTHO007366	Tetratricopeptide repeat (TPR)-like superfamily protein	AT1G04190	8150;5634;43231;43227;43226;5575;43229;44424;44464;5623;5622;5829;44444;5737	2366	1306	3087	3808	1066.5	2797	1985	4571	1625	2976	1981	5231.5	1352	6004.5	5523	797.5	6752	6982	4756.5	4727.5	7166	8723	8115.5	1546.5	83612.5	4.180.625
ORTHO007849	Dof-type zinc finger DNA-binding family protein	AT1G21340	46872;43169;43167;5488;3674;3677;3676;1901363;97159;3700;1071;2001141;31326;9889;19222;50789;65007;8150;31323;50794;51252;19219;80090;51171;60255;10556;6355;1903506;10468;2000112;5634;43231;43227;43226;5575;43229;44424;44464;5623;5622;6351;34645;44260;43170;71704;8152;44237;9987;9059;1901576;9058;44249;97659;32774;16070;90304;6139;46483;6725;1901360;34641;6807;44238;34654;19438;44271;18130;1901362;10467	2367	1979	1960	1553	4356	994.5	5873	917.5	1328.5	5898.5	5351	743.5	6731.5	4415.5	6092	6712.5	1000	5221.5	4388	270.5	4445	2213.5	4535	1546.5	68678	3433.9
ORTHO004763	phospholipid/glycerol acyltransferase family protein	AT1G32200	9570;9532;44435;44444;44424;44464;5575;5623;5622;5737;44446;44422;43226;43229;9536;43231;43227;44434;9507;6655;46471;6650;6644;19637;71704;8152;8150;6793;44237;9987;44255;6629;44710;44699;44238;44763;6796;46486;46474;45017;8610;1901576;9058;44711;44249;8654;90407;16024;46341;4366;8374;16747;16746;16740;3824;3674	2368	2294	2475	2582	4356	2501	7472.5	6978.5	7455	2170.5	1623	7853.5	6731.5	4560	6137	1830	2063	5221.5	4441	4392	1525	1132	910.5	1546.5	76544	3827.2
ORTHO001530	Zinc-binding ribosomal protein family protein	AT1G15250;AT1G52300;AT3G16080	5737;44424;44464;5575;5623;5622;3723;3676;1901363;5488;3674;97159;22625;15934;44391;30529;32991;44444;44446;44422;43226;43229;5840;43232;43228;44445;5829;22626;3735;5198;6412;43043;43604;43603;34641;6807;8152;8150;44237;9987;44271;44249;9058;6518;1901564;71704;1901566;1901576;44267;19538;43170;44238;44260;34645;9059;10467;42254;22613;44085;71840	2369	5079	3290	4211	5938.5	4758	4118.5	5439.5	6379.5	2425	5836	4018.5	5740	1800.5	3521.5	6712.5	4610.5	2724.5	5347.5	5852	3573.5	4525.5	3349.5	5222.5	85955	4297.75
ORTHO000288_3	OSBP(oxysterol binding protein)-related protein 1A	AT2G31020;AT2G31030;AT4G08180	8142;32934;43178;36094;5488;3674;5496;97159;8289;5634;43231;43227;43226;5575;43229;44424;44464;5623;5622;6869;44765;6810;51234;51179;8150;1902578;44699;71702;10876;33036;8202;1901360;71704;8152;6629;44710;44238;35091;5543;43168;43167;7165;50794;50789;65007;51716;9987;50896;7154;44763;44700;23052	2370	1721	1831.5	1293	1281	161.5	1672.5	4294	344	1094.5	1312.5	1354.5	7377.5	4616	6425.5	1830	5329.5	5569	5128	4727.5	6431	3111.5	3271	2003.5	66053.5	3.302.675
ORTHO006479	Sec23/Sec24 protein transport family protein	AT4G01810	5794;43231;43227;43226;5575;43229;44424;44464;5623;5622;44444;5737;12505;6888;16482;46907;6810;51234;51179;8150;51649;51641;48193;1902582;44765;1902578;44699;16192;3674	2371	485.5	1632	893	248.5	436.5	1500	4044.5	344	450.5	5303	907	7743	4706.5	6425.5	508.5	294.5	6029.5	3352	4211	5903.5	3955.5	3849	741	60705	3035.25
ORTHO006374	zinc finger (Ran-binding) family protein	AT5G17790	1900871;16556;9451;16070;44260;43170;71704;8152;8150;44237;9987;90304;6139;46483;6725;1901360;34641;6807;44238;43412;16071;1900865;9507;9536;43231;43227;43226;5575;43229;44424;44464;5623;5622;44444;5737;9658;9657;6996;16043;71840;9570;9532;44435;44446;44422;44434;5515;5488;3674	2372	1409	1778	1184	4356	663	575	1780.5	8359.5	136	92	511.5	1352	7850	8868	2476	2025	6919	4205.5	662	8738	4970.5	1991	2623	64797.5	3.239.875
ORTHO006320	ARM repeat superfamily protein	AT2G27430	NA	2373	488	1561	749	672.5	7658.5	5794	488	702.5	210.5	195.5	679.5	1352	7699.5	9149	1073.5	1780.5	7219.5	824.5	23	2755.5	7493	1661.5	1434.5	58194.5	2.909.725
ORTHO001692	BEST Arabidopsis thaliana protein match is: NHL domain-containing protein (TAIR:AT5G14890.1)	AT3G01430;AT5G62865	3674;8150;5634;43231;43227;43226;5575;43229;44424;44464;5623;5622	2374	5148	3154	3934	6100.5	8227.5	7339	2614.5	1545.5	5277	5973.5	3686.5	5740	1800.5	4233.5	3976.5	3367.5	2724.5	2676	7408.5	2039	5603	4366	5806	84404.5	4.220.225
ORTHO006746	Calcium-binding EF hand family protein	AT5G08580	5886;16020;5575;44464;5623;71944;5794;43231;43227;43226;43229;44424;5622;44444;5737;12505;5509;46872;43169;43167;5488;3674;5783	2375	1116	2307	2239	4356	422	312	676	224.5	930.5	5636.5	907	8519	8396.5	9114	1073.5	2142.5	7151.5	6835.5	1094	8828	7109	1386	3447.5	74205.5	3.710.275
ORTHO001944	magnesium transporter 7	AT5G09690;AT5G64560	15095;72509;22890;8324;15075;22891;22857;5215;3674;6810;51234;51179;8150;55085;44763;9987;44699;44765;1902578;22892;34220;6811;98655;6812;72511;46873;30001;1903830;16021;31224;44425;5575;16020;5789;98588;31090;44422;43226;43227;44432;44444;44424;44464;5623;5622;5737;44446;43229;5783;43231;12505;42175;5634;15693;70838	2376	4965	5628	8880	5938.5	7812.5	9062	8656	6379.5	7125	9098	7509	4122.5	5635	1109.5	6712.5	235.5	7181.5	8406.5	9028.5	8711.5	6952	2239	8763	124739	6236.95
ORTHO003470	SEC14 cytosolic factor family protein / phosphoglyceride transfer family protein	AT4G35750	8150;5737;44424;44464;5575;5623;5622;3674	2377	4021	5198.5	8020	2097	1594	4885.5	2460.5	1198	2787	2992.5	6344	7031	6971	7195	7782	6027	5569	7398	6754	8350.5	7520.5	8348.5	8062	109270	5463.5
ORTHO005463	translocon at inner membrane of chloroplasts 21	AT2G15290	9941;9526;31967;31975;44464;5575;5623;44446;44422;43226;44424;5622;43229;43227;44435;44444;5737;9536;43231;44434;9507;9706;9528;19866;31090;16020;42170;31969;31897;98796;43234;32991;44425;42803;42802;5515;5488;3674;46983;15088;5375;46915;46873;22890;8324;15075;22891;22857;5215;6810;51234;51179;8150;55085;44763;9987;44699;44765;1902578;22892;34220;6811;98655;6812;30001;41;35434;98662;98660;6825;45037;45036;1902580;51641;6605;6886;15031;45184;8104;33036;71702;46907;51649;34613;70727;1902582;72596;72594;33365;72598;16482;44743;17038;65002;71806;6875;55065;98771;50801;48878;42592;65008;65007;55080;30003;6873;55082;19725;5381;34755;6826	2378	2529	3962.5	5547	4356	6085.5	2328.5	268	3057.5	4871.5	4570	3108	8410.5	5535	1109.5	1830	6825	8713	8509	2230.5	2901.5	8049	8574.5	5806	92782.5	4.639.125
ORTHO001955	Ubiquinol-cytochrome C reductase iron-sulfur subunit	AT5G13430;AT5G13440	55114;44710;8152;8150;44699;8121;15078;15077;22890;8324;15075;22891;22857;5215;3674;6810;51234;51179;55085;44763;9987;44765;1902578;22892;34220;6811;98655;6812;15672;1902600;15992;6818;98662;98660;16681;16679;16491;3824;5739;43231;43227;43226;5575;43229;44424;44464;5623;5622;44444;5737;5750;45275;1902495;98796;43234;32991;44425;16020;1990351;16021;31224;1990204;1902494;70069;98803;70469;98800;98798;44429;44446;44422;44455;31966;31090;5740;31967;31975;5743;19866;5746;46872;43169;43167;5488;51537;51536;51540	2379	2099	2038.5	1698	4356	141.5	2703	143.5	702.5	1003.5	1981	1198.5	1352	8627	8893	2476	1102.5	6330	6327	4586	6431	6859.5	6854	2229	69940.5	3.497.025
ORTHO005559	isochorismate synthase 2	AT1G18870;AT1G74710	9507;9536;43231;43227;43226;5575;43229;44424;44464;5623;5622;44444;5737;9697;72330;46394;16053;6082;71704;8152;8150;44281;44710;44699;44763;9987;44237;44283;44711;9058;1901576;44249;19752;43436;32787;9696;42537;6725;1901360;18958;1901615;46189;19438;1901617;1901362;6952;6950;50896;8909;50486;16866;16853;3824;3674;42372;42374;1901661;51186;42180;1901663;9108;51188;6732;42181;9409;9266;9628;10118;9627;9814;98542;51707;43207;9605;9607;51704;45087;6955;2376;31348;31347;80134;48583;50789;65007;48585;48519;50832;9620;9617;42742	2380	2773	2845.25	3310.5	4356	1729.5	776.5	1640.5	2301	3109	3269.5	367.5	1352	9031	6243.5	2476	7943.5	6590	6897.5	3037	7254	8295.5	5497.5	3103.5	80914.5	4.045.725
ORTHO005670	Protein kinase superfamily protein	AT5G20050	4674;4672;16301;16772;16740;3824;3674;8152;8150;16310;6796;6793;44237;9987;16773;6468;6464;36211;19538;43170;71704;44238;43412;44267;44260;5886;16020;5575;44464;5623;71944	2381	1345	2110.75	1840.5	4356	7932.5	242	357.5	3162.5	2472.5	5162	8.5	1352	7850	8915.5	976.5	965	8381	3597	1835.5	2890	6679	5826.5	2784	71389.5	3.569.475
ORTHO003650	Beige/BEACH domain	AT1G03060;AT4G02660	7033;6996;16043;71840;8150;9987;7165;50794;50789;65007;51716;50896;7154;44763;44699;44700;23052;9737;9725;9719;10033;42221;33993;97305;1901700;1101;10090;904;902;32989;9653;32502;48856;48869;44767;48468;30154;10026;90558;9888;90626;5634;43231;43227;43226;5575;43229;44424;44464;5623;5622;9825;16049;40007;16197;1902582;46907;6810;51234;51179;51649;51641;44765;1902578;12505;19898;44425;16020;9507;9536;44444;5737;5543;8289;5488;3674;43168;43167	2382	2577	1382.5	383	4356	3218	859	4133.5	931	2353	1810	998	6397.5	4415.5	4462	1830	1102.5	4982.5	1473.5	493	1525	1910	4131	2850	49875	2493.75
ORTHO003026	TCP-1/cpn60 chaperonin family protein	AT1G24510	9506;5911;30054;5575;55044;51082;5515;5488;3674;5829;44444;44424;44464;5623;5622;5737;6457;9987;8150;5886;16020;71944;5524;35639;1901265;1901363;97159;43168;43167;32559;30554;17076;166;36094;32555;32553;97367;32550;32549;1882;1883	2383	2723	2902	3421	1812	332.5	1011	4329	2729.5	6004	4456.5	5859.5	6617.5	6892	7082.5	2476	7897.5	6657.5	5220.5	1160.5	5061.5	2328.5	1720	3721	81557	4077.85
ORTHO004282	Actin-binding FH2 (formin homology 2) family protein	AT3G05470	3779;8092;5515;5488;3674;16021;31224;44425;5575;16020;5576	2384	2033	3926.5	5469	4356	1089	1881	1640.5	2264	1094.5	1623	1576.5	8306	7954.5	8968.5	2476	6752	6737.5	7712	5929.5	7568	7470	8405	2940	92387.5	4.619.375
ORTHO000918_3	AAA-type ATPase family protein	AT2G18330;AT4G36580	5524;35639;1901265;1901363;5488;3674;97159;43168;43167;32559;30554;17076;166;36094;32555;32553;97367;32550;32549;1882;1883;5886;16020;5575;44464;5623;71944;16887;17111;16462;16818;16817;16787;3824;8152;8150;5739;43231;43227;43226;43229;44424;5622;44444;5737;8270;46914;46872;43169	2385	3282	2105.5	1826	4356	4065	2155	1963.5	1839.5	4953.5	8701	1198.5	5338.5	3815.5	3265	3976.5	8051	3121	3067.5	4060.5	4833.5	2433.5	1828	2575	71241.5	3.562.075
ORTHO006110	zinc finger (C2H2 type; AN1-like) family protein	AT2G41835	5634;43231;43227;43226;5575;43229;44424;44464;5623;5622;8150;8270;46914;46872;43169;43167;5488;3674;3676;1901363;97159	2386	3480	2916.25	3446.5	4356	7468.5	776.5	1709	7831	985.5	982	8522.5	1352	3815.5	4842.5	6712.5	4761	4154.5	4607.5	794.5	6578.5	5213.5	7486	3103.5	81696.5	4.084.825
ORTHO006865	unknown protein	AT2G14910	9507;9536;43231;43227;43226;5575;43229;44424;44464;5623;5622;44444;5737	2387	1893	3179.5	3972	1281	214	7851	1013.5	1753	2770	1810	247	1352	7909	8893	7782	6896.5	6590	7612.5	4392	7254	6077	1538	2699.5	84654	4232.7
ORTHO007025	Lateral organ boundaries (LOB) domain family protein	AT5G63090	5634;43231;43227;43226;5575;43229;44424;44464;5623;5622;10199;10160;48859;44767;32502;8150;44699;48646;9653;48856;3002;7389;44707;32501;7275;48645;9887;48513;48731	2388	4817	2684.5	2981	2982.5	1227	2328.5	6142.5	7325.5	2591.5	1623	1198.5	6731.5	1800.5	5413.5	6712.5	4135	3121	3944	6860	4668.5	3111.5	3438.5	6669	79042	3952.1
ORTHO002193	Bifunctional inhibitor/lipid-transfer protein/seed storage 2S albumin superfamily protein	AT3G22600	6508;19538;43170;71704;8152;8150;44238;6869;44765;6810;51234;51179;1902578;44699;71702;10876;33036;8233;16787;3824;3674;8289;5488;31225;31224;44425;5575;16020;5886;44464;5623;71944	2389	2679	1988	1587	1812	4256.5	5705.5	2071	1625	6889	9098	1576.5	8205.5	5613	1145.5	1830	12	1114.5	348	6064.5	7786.5	504.5	558	4541	68944.5	3.447.225
ORTHO003483	sulfate transporter 4	AT3G12520;AT5G13550	1902358;98661;98660;34220;6811;44765;6810;51234;51179;8150;1902578;44699;55085;44763;9987;98656;6820;15698;8272;72348;5887;31226;44459;44464;5575;5623;44425;16020;5886;71944;31224;16021;9507;9536;43231;43227;43226;43229;44424;5622;44444;5737;15116;1901682;22857;5215;3674;15103;8509;15075;22891;22892	2390	1842	2085	1780	1281	8600	6249.5	3758.5	169	7666.5	435.5	2197	1352	8541.5	2023.5	2080.5	9128.5	9052.5	3032	3377.5	1311.5	79	51.5	1644	70750	3537.5
ORTHO009595	phosphate transporter 4	AT2G38060	55085;44763;9987;8150;44699;44765;6810;51234;51179;1902578;5351;5402;15294;15293;15291;22804;22857;5215;3674;8324;15075;22891;22892;34220;6811;98655;6812;51119;15144;1901476;8643;71702;34219;15295;15992;15672;6818;8514;8509;98656;6820;15711;16020;5575;9536;43231;43227;43226;43229;44424;44464;5623;5622;44444;5737;5315;1901677;16021;31224;44425	2391	4852	5276	8161	2982.5	3949	3129.5	7084	7748	3913	3526	4018.5	7377.5	8316	7939.5	5325.5	5240.5	4673.5	3553	8077	5170.5	6429	7818	7453	110741	5537.05
ORTHO001643	K-box region and MADS-box transcription factor family protein	AT1G69120;AT5G60910	5634;43231;43227;43226;5575;43229;44424;44464;5623;5622;5515;5488;3674;45893;10628;10604;9893;48518;50789;65007;8150;19222;60255;10468;1903508;1903506;2001141;31326;9889;31323;50794;51252;19219;80090;51171;10556;1902680;51254;45935;31325;48522;51173;31328;9891;10557;6355;2000112;6351;34645;44260;43170;71704;8152;44237;9987;9059;1901576;9058;44249;97659;32774;16070;90304;6139;46483;6725;1901360;34641;6807;44238;34654;19438;44271;18130;1901362;10467;10076;10074;19827;44767;32502;44699;44707;32501;98727;10073;48507;9888;48856;48513;48731;7275;3677;3676;1901363;97159;10582;44702;22414;3006;10022;9908;90567;48608;61458;9791;48367;3700;1071;46982;46983;9933;48532;9653;10077;30154;48869;44763;9911;48582;48580;2000026;50793;51239;51240;51094;2000243;2000241;9909;48831;10154	2392	1788	2375	2358	4356	1329	687.5	378.5	1328.5	555.5	1810	2038	8205.5	7779.5	8793	2476	1102.5	6388.5	7353.5	436	6696	7061.5	7818	2699.5	74936.5	3.746.825
ORTHO001507	NAC domain containing protein 12	AT1G32770;AT2G46770	9809;9808;9698;19748;44710;8152;8150;44699;6725;44237;9987;1901360;71704;44763;9699;19438;44249;9058;1901362;1901576;44550;44711;5634;43231;43227;43226;5575;43229;44424;44464;5623;5622;7275;44767;32502;44707;32501;45893;10628;10604;9893;48518;50789;65007;19222;60255;10468;1903508;1903506;2001141;31326;9889;31323;50794;51252;19219;80090;51171;10556;1902680;51254;45935;31325;48522;51173;31328;9891;10557;6355;2000112;9834;9832;42546;44085;71840;71554;71669;6351;34645;44260;43170;9059;97659;32774;16070;90304;6139;46483;34641;6807;44238;34654;44271;18130;10467;10047;9900;44702;22414;48609;32504;3;43565;3677;3676;1901363;5488;3674;97159;3700;1071;9901;48653;3006;48856;48443;48827;48367;48731;48437;48569;48513;9908;90567;48608;61458;9791;48466;48438;9793;9790;48316;10154	2393	1926	2256.5	2120	4356	6184	5048.5	3842	1545.5	4297.5	1981	5218.5	1352	6414.5	1509	1996.5	1914	5720	1629.5	5519.5	2573	8260	2570	5806	73381	3669.05
ORTHO000619_2	Transmembrane amino acid transporter family protein	AT3G30390;AT5G38820	16021;31224;44425;5575;16020;6865;71705;6810;51234;51179;8150;46942;15849;44765;1902578;44699;71702;15711;6820;6811;5774;44437;44444;44424;44464;5623;5622;5737;44446;44422;43226;43229;5773;43231;43227;98588;31090;98805;15171;46943;8514;8509;15075;22891;22857;5215;3674;55085;44763;9987;22892;34220;98656;5342;1903825;3333;5886;71944;71369;32870;9725;9719;50896;10033;42221;71495;71310;70887;51716;9723;71281;10039;10038;10035;1990267;71248;71241;71732;1902170;1901699;1901698;34614;302;6979;6950;1901700;34599;33554;1901701;71731;5275;22804;15837	2394	2836	1839	1284	5151.5	5547	1330.5	1823.5	3117	789	3971	7977	1352	7996	7917.5	2914	3081.5	4595	3097.5	1094	1211.5	4525.5	2749.5	847	65936	3296.8
ORTHO006012	response regulator 11	AT1G67710	5634;43231;43227;43226;5575;43229;44424;44464;5623;5622;5515;5488;3674;9736;9755;7165;50794;50789;65007;8150;51716;9987;50896;7154;44763;44699;44700;23052;32870;9725;9719;10033;42221;71495;71310;70887;71368;9735;156;5057;4871;60089;35556;160;6355;1903506;2001141;31326;9889;19222;31323;51252;19219;80090;51171;60255;10556;10468;2000112;3700;1071;3677;3676;1901363;97159;6351;34645;44260;43170;71704;8152;44237;9059;1901576;9058;44249;97659;32774;16070;90304;6139;46483;6725;1901360;34641;6807;44238;34654;19438;44271;18130;1901362;10467;3682;44877;10082;10075;48509;2000026;50793;51239;48638;40008;10073;44767;32502;44707;32501;48507;9888;48856;48513;48731;7275;2000280;10015;9653;48364;22622	2395	1368	2507.5	2620	4356	1500	687.5	4345	985	1208.5	5489.5	431	7377.5	7448.5	8512	2476	5404	6085	5648	549.5	5637	5132.5	5826.5	2121	76864	3843.2
ORTHO009634	unknown protein	AT4G29110	5773;43231;43227;43226;5575;43229;44424;44464;5623;5622;44444;5737;10200;10243;9719;50896;8150;10033;42221;1901698;1901700;3674	2396	5213	4866.75	7337.5	6194	3040	6338	6978.5	7632	6988	3269.5	4670	1352	8727.5	7999	7782	901	4507	2922	1391	7709	6895.5	7554.5	7028	103684.5	5.184.225
ORTHO005253	2-oxoglutarate (2OG) and Fe(II)-dependent oxygenase superfamily protein	AT1G35190	16706;16705;16491;3824;3674;8152;8150;55114;44710;44699;51213;5737;44424;44464;5575;5623;5622;5506;46914;46872;43169;43167;5488;9821;44271;34641;6807;44237;9987;44249;9058;1901566;1901576;71704;1901564;9820	2397	2564	1773	1149	1479.5	7616	6325.5	8890	1481	2814	5431	4239	4955.5	3815.5	5254.5	1239.5	3031	1669.5	967.5	681.5	538	1613	3113	707	64382	3219.1
ORTHO003402	TRICHOME BIREFRINGENCE-LIKE 7	AT1G48880	71554;9987;8150;16413;16407;16747;16746;16740;3824;3674;8152;8374;5794;43231;43227;43226;5575;43229;44424;44464;5623;5622;44444;5737;12505	2398	2605	3957.5	5517	4356	361.5	4758.5	4183	1430.5	7035	8871	7881.5	6316	6601.5	8138	2476	6825	5720	4485	3830	3778.5	3854	4468.5	1615.5	92629	4631.45
ORTHO007752	Protein of unknown function; DUF617	AT5G42680	9507;9536;43231;43227;43226;5575;43229;44424;44464;5623;5622;44444;5737;8150;3674	2399	2157	1871.5	1344	4356	4865.5	5784	1709	1753	1282.5	744	7849	6731.5	4415.5	6137	1830	3891.5	5221.5	4388	1248	538	2213.5	4535	1546.5	66683	3334.15
ORTHO003641	cytochrome P450; family 735; subfamily A; polypeptide 2	AT1G67110;AT5G38450	55114;44710;8152;8150;44699;33466;33398;9691;42446;9058;42445;10817;65008;65007;9690;9308;1901564;71704;6807;46483;44237;9987;6725;34754;44249;72522;19438;44271;34641;18130;1901362;1901360;1901576;72521;1901566;33397;33400;16021;31224;44425;5575;16020;9506;5911;30054;55044;19825;5488;3674	2400	3853	2690	2980	4356	4454	8474	6142.5	298	1642.5	6763.5	1198.5	5195	3815.5	2702.5	6712.5	4054.5	3121	3904.5	6860	914	4067	6282.5	2439.5	79041.5	3.952.075
ORTHO002344	WD-40 repeat family protein	AT5G67320	16575;16570;16569;16568;6325;43933;16043;71840;8150;9987;51276;6996;6464;36211;19538;43170;71704;8152;44238;43412;44267;44260;44237;1902589;44763;44699;44710;6476;35601;98732;9409;9266;9628;50896;6950;5634;43231;43227;43226;5575;43229;44424;44464;5623;5622;5834;1902494;43234;32991;98797;44459;44425;16020;5886;71944;98796;31234;19897;19898;9898;98562;98552;80008;31461;151;1990234	2401	2375	5230	8059	4356	2128	3025	2392	8940	163.5	2992.5	4566	4217	4969	599	6075	7698.5	8162	9104	9168	8967.5	8861	9093.5	8615.5	109737	5486.85
ORTHO004746	pyruvate dehydrogenase E1 alpha	AT1G01090	9941;9526;31967;31975;44464;5575;5623;44446;44422;43226;44424;5622;43229;43227;44435;44444;5737;9536;43231;44434;9507;4739;4738;16903;16491;3824;3674;8152;8150;55114;44710;44699;16624;9570;9532;6086;6090;32787;19752;43436;6082;71704;44281;44763;9987;44237;6085;71616;9108;51188;51186;44249;9058;6732;6637;35383;6790;6793;35384;44272;1901576;6084;44711;5739;6096;44724;44712;9056;44723;5975;44238;16052;1901575;6757;6091;46031;9150;6163;72521;46483;6725;1901360;34641;6807;1901564;9117;6753;19637;55086;6139;6796;9259;19693;1901135;9179;9185;9132;9135;9167;9161;9123;9126;46128;9119;9116;1901657;42278;46034;9205;9144;9141;9199;6165;46939;16310;46496;19362;6733;72524	2402	1262	3476	4550	4356	1329	2328.5	1013.5	8509.5	1540.5	669	1708.5	8205.5	7909	8934	976.5	8143	6657.5	7612.5	5637	7672.5	4970.5	1072	2699.5	87588	4379.4
ORTHO003310	inner membrane protein OXA1-like	AT2G46470;AT5G62050	5739;43231;43227;43226;5575;43229;44424;44464;5623;5622;44444;5737;5743;19866;31090;16020;44422;31967;31975;44446;31966;44429;5740;3674;51205;90150;45184;51234;51179;8150;8104;33036;72657;44802;61024;16043;71840;9987;44763;44699;1902580;51641;1902578;34613;70727;45039;7007;7006;1902589;6996;7005;16482;46907;6810;51649;70585;33365;90151;72655;72594;1990542;6839;1902582;44765;55085;44743;17038;15031;71702;65002;6886;71806;6626;6605;16021;31224;44425;6461;65003;43933;22607;44085;71822;70271;15450;15405;15399;22804;22857;5215;8320;8565;22892;22884;22891	2403	2698	3228.5	4054	4356	3726.5	888	7527.5	344	3240.5	4610.5	6361.5	8410.5	6170.5	4842.5	2080.5	8051	8882.5	2519	3899.5	375.5	8260	2617	2314	85121	4256.05
ORTHO004549	Leucine-rich repeat (LRR) family protein	AT5G61240	5802;98791;44431;44444;44424;44464;5575;5623;5622;5737;44446;44422;43226;43229;5794;43231;43227;12505;31984;5768;5886;16020;71944;7165;50794;50789;65007;8150;51716;9987;50896;7154;44763;44699;44700;23052	2404	2386	3498	4592	1689.5	4693.5	3129.5	7084	5754	3147	8947	4670	1352	7387.5	7017.5	2476	4548.5	5886.5	4914	995	723.5	5924	5407	3721	87777.5	4.388.875
ORTHO005956	light harvesting complex photosystem II	AT3G08940;AT5G01530	9507;9536;43231;43227;43226;5575;43229;44424;44464;5623;5622;44444;5737;10114;9639;9416;9314;9628;50896;8150;9535;55035;42651;34357;16020;44436;9579;44435;44446;44422;31976;31984;44434;9534;9637;9941;9526;31967;31975;10287;9570;9532;16168;46906;1901363;5488;3674;97159;10218;9735;9725;9719;10033;42221;9768;9765;6091;44237;8152;9987;19684;15979;31409;30076;43234;32991	2405	3511	4258.5	6112	4356	8030	859	1912	8423.5	3751	1981	140	3942	7536	7432.5	7782	7051	6145	8173	662	1275.5	7836	8551.5	4413.5	95896.5	4.794.825
ORTHO004472	ELMO/CED-12 family protein	AT3G03610	5856;43232;43228;43226;5575;43229;44424;44464;5623;5622;5739;43231;43227;44444;5737;3674;6909;6897;16192;6810;51234;51179;8150;44765;1902578;44699	2406	2135	2219.5	2033	4356	2672	888	2185	3425	7094.5	2290	818.5	8306	6004.5	4705.5	1996.5	8520.5	7117	2462.5	2455	517	7358	2142.5	1858	72816	3640.8
ORTHO004460	Haloacid dehalogenase-like hydrolase (HAD) superfamily protein	AT1G55900	5744;98800;98796;43234;32991;5575;44425;16020;98798;44429;44444;44424;44464;5623;5622;5737;44446;44422;43226;43229;5739;43231;43227;44455;31966;31090;5740;31967;31975;5743;19866;4721;16791;42578;16788;16787;3824;3674;8152;8150;16311;6796;6793;44237;9987;6470;6464;36211;19538;43170;71704;44238;43412;44267;44260;30150;1902580;51641;51179;1902578;44699;16482;46907;6810;51234;51649;70585;33365;34613;70727;33036;8104;72655;72594;45184;1990542;6839;1902582;44765;55085;44763;44743;17038;15031;71702;65002;6886;71806;6626;6605;7005;6996;16043;71840;9793;44702;22414;3006;32502;9790;44767;48856;7275;44707;32501;48316;48608;61458;48731;9791;10154	2407	3991	5090.75	7774.5	5196	7430.5	9052	8327.5	2814	7407.5	3917	5839	4095.5	5535	892.5	2914	8117.5	7761	8526	5637	4445	7914	4748	1580.5	106953.5	5.347.675
ORTHO004532	Protein kinase family protein with ARM repeat domain	AT2G40730	5643;44428;44446;44422;5575;43226;44424;44464;5623;5622;43229;5634;43231;43227;5635;31967;31975;12505;6409;6405;51168;6913;16482;46907;6810;51234;51179;8150;51649;51641;51169;50658;50657;15931;71705;71702;51236;6403;33036;1902582;44765;1902578;44699;51031;71431;71426;71166;5737;5524;35639;1901265;1901363;5488;3674;97159;43168;43167;32559;30554;17076;166;36094;32555;32553;97367;32550;32549;1882;1883;6468;16310;6796;6793;44237;8152;9987;6464;36211;19538;43170;71704;44238;43412;44267;44260;5515;4672;16301;16772;16740;3824;16773;49;3723;3676	2408	1351	3397.75	4387.5	4356	7390	5632	3811	3135.5	5062	2809.5	5295.5	1352	5077	693	1429.5	2371.5	8063	8979	7080	1710	8398	2239	6281	86808.5	4.340.425
ORTHO003258	aldehyde dehydrogenase 11A3	AT2G24270	5737;44424;44464;5575;5623;5622;55114;44710;8152;8150;44699;8802;4029;16620;16903;16491;3824;3674;8886;4028	2409	2518	3771	5133	1689.5	6085.5	2328.5	3189.5	2914.5	3983	2809.5	1889	7554	7536	7258.5	2476	5685	6330	7792.5	4956.5	864.5	6612.5	6326.5	4117.5	90709	4535.45
ORTHO002333	CONTAINS InterPro DOMAIN/s: Ankyrin repeat-containing domain (InterPro:IPR020683); Ankyrin repeat (InterPro:IPR002110)	AT5G14230	8150;5737;44424;44464;5575;5623;5622	2410	3587	2966.5	3523	2097	2170	4948.5	6741	7183.5	4115.5	1483.5	3034.5	5338.5	3815.5	3265	6712.5	8351	3121	3283.5	3600	4833.5	2213.5	1157	6732.5	82100	4105
ORTHO003958	RING/U-box superfamily protein	AT3G06140;AT5G19080	16567;32446;70647;6464;36211;19538;43170;71704;8152;8150;44238;43412;44267;44260;44237;9987;8270;46914;46872;43169;43167;5488;3674;5737;44424;44464;5575;5623;5622;4842;19787;16740;3824;16874	2411	4416	5599.5	8788	2982.5	7633.5	3224.5	7244.5	1042.5	2496	8232.5	8272.5	1352	8747	8359	7782	5864.5	5720	7042	8551.5	6908	7603.5	8321	7721.5	122118	6105.9
ORTHO003283	thiazole biosynthetic enzyme; chloroplast (ARA6) (THI1) (THI4)	AT5G54770	42803;42802;5515;5488;3674;46983;10319;44435;44444;44424;44464;5575;5623;5622;5737;44446;44422;43226;43229;9536;43231;43227;9526;31967;31975;9409;9266;9628;50896;8150;6950;9570;9532;44434;9507;9228;42724;19438;6725;44237;8152;9987;44249;9058;42723;6767;6766;44281;44710;44699;6790;44763;72527;46483;1901360;71704;34641;6807;1901564;72528;44271;18130;1901362;1901576;1901566;44272;42364;9110;44283;44711;6772;9941;8270;46914;46872;43169;43167;5739;6974;33554;51716;18131;46484;9579	2412	2632	4685	6958	5552	8818	3628.5	2185	2367.5	8319	3366.5	8763	4079.5	5445	960	1606	7113.5	7117	984	6397	6696	8148	8663.5	6379.5	101036.5	5.051.825
ORTHO003795	Proteasome component (PCI) domain protein	AT3G02200;AT5G15610	502;43234;32991;5575;44424;44464;5623;5622;33290;70993;30529;44444;5737;6446;6417;10608;10468;60255;19222;50789;65007;8150;32268;51246;80090;31323;50794;34248;51171;2000112;31326;9889;10556;1731;22618;71826;43933;16043;71840;9987;34622;65003;22607;44085;22613;6413;44237;8152;6412;43043;43604;43603;34641;6807;44271;44249;9058;6518;1901564;71704;1901566;1901576;44267;19538;43170;44238;44260;34645;9059;10467;5852;16282;5829;3743;8135;3723;3676;1901363;5488;3674;97159	2413	2636	3279	4145	1522.5	1959	6523.5	7409.5	8616	6308	3702.5	5150	3733	6332.5	7917.5	1307	7029	6505.5	5400	635	3103	1695	1478.5	807	85611.5	4.280.575
ORTHO004793	Homeodomain-like superfamily protein	AT2G03500	9266;9628;50896;8150;5634;43231;43227;43226;5575;43229;44424;44464;5623;5622;10452;34968;16571;6479;43414;44260;43170;71704;8152;44237;9987;32259;43412;8213;6464;36211;19538;44238;44267;16570;16569;16568;6325;43933;16043;71840;51276;6996;1902589;44763;44699;44710;18022;18205;18193;48579;48581;48580;2000026;50793;50789;65007;51239;51241;48519;51093;48585;48583;48586;2000028;2000241;2000242;6355;1903506;2001141;31326;9889;19222;31323;50794;51252;19219;80090;51171;60255;10556;10468;2000112;3677;3676;1901363;5488;3674;97159;43565;3700;1071;1903507;1902679;51253;10605;9892;45934;51172;31324;48523;31327;9890;10558;9740;10476;9755;7165;51716;7154;44700;23052;32870;9725;9719;10033;42221;71495;71310;70887;71370;9739;33993;1101;1901700;71396;71229;1901701	2414	2305	4152.25	5890.5	1689.5	4827.5	5903	7372.5	931	3221	2129.5	3108	7743	7536	8638.5	2476	8323.5	6265.5	6327	1532.5	822	6679	6538.5	4291.5	94665.5	4.733.275
ORTHO002689	Pectin lyase-like superfamily protein	AT4G23820;AT5G41870	4650;4553;16798;16787;3824;3674;8152;8150;5576;5575;5975;71704;44238;71555;45229;16043;71840;9987;71554;16829	2415	3954	3460.25	4505.5	2097	3154	1500	8583.5	4014	7666.5	4583	7280	1352	8916	6192.5	2476	2185.5	8695	2648.5	3254	1211.5	8473.5	3466.5	1696.5	87348.5	4.367.425
ORTHO006016	Subunits of heterodimeric actin filament capping protein Capz superfamily	AT3G05520	51016;51693;30835;30834;1901879;43244;51128;50794;50789;65007;8150;8064;30832;32535;90066;65008;16043;71840;9987;44763;44699;32956;51493;33043;32970;51494;10639;51129;48523;48519;1901880;43242;30837;30833;32271;43254;44087;32272;31333;5737;44424;44464;5575;5623;5622;30036;30029;7010;6996;1902589;8290;44430;44446;44422;43226;43229;5856;43232;43228;43234;32991;15629;5634;43231;43227;71203;44444;3779;8092;5515;5488;3674;7015;71822;43933	2416	475	2154	1892	672.5	4708.5	739	676	3168	5600	4642.5	7085	1352	6764.5	6378.5	797.5	3367.5	7677.5	2386	2534.5	2737	8354	2808	34.5	71810.5	3.590.525
ORTHO006830	sequence-specific DNA binding transcription factors	AT3G18380	3677;3676;1901363;5488;3674;97159;5634;43231;43227;43226;5575;43229;44424;44464;5623;5622	2417	1632	4105.5	5794	4356	8296	1881	4571	8467	1999	1623	1576.5	1352	7954.5	8968.5	7782	6752	6505.5	1748	4809.5	914	7520.5	8455.5	2940	94115.5	4.705.775
ORTHO003213	galacturonosyltransferase 5	AT1G02720;AT3G62660;AT4G02130	45489;271;5976;5975;71704;8152;8150;44238;43170;16051;44723;44710;44699;1901576;9058;44711;9059;45488;10393;139;98588;31090;16020;5575;44422;43226;43227;44431;44444;44424;44464;5623;5622;5737;44446;43229;5794;43231;12505;71668;70726;22607;16043;71840;9987;44085;71555;45229;71554;42546;9664;71669;9832;48354;10192;10191;44237;44249;48359;10214;3006;32502;22414;48856;48316;48608;61458;48731;7275;44767;44707;32501;44702;9791;10154;16757;16740;3824;3674;48363;5783;47262;8194;16758;16021;31224;44425	2418	5194	3477.25	4536.5	2982.5	1959	8090	4964	4740.5	6785.5	5788.5	7933	5467.5	1375.5	3265	5325.5	4464.5	1921.5	1359	5672	4226.5	4612.5	4927.5	4678.5	87556	4377.8
ORTHO001513	uncoupling protein 5	AT2G22500;AT4G24570	5623;5575;16021;31224;44425;16020;5743;19866;31090;44422;43226;43227;44424;44464;5622;31967;31975;44446;43229;31966;44429;44444;5737;5739;43231;5740;6839;1902582;46907;6810;51234;51179;8150;51649;51641;44765;1902578;44699;98656;6820;6811;34220;55085;44763;9987;15992;15672;6812;6818;17077;22857;5215;3674;5310;46943;8514;8509;15075;22891;22892;15711;71702;5342;1903825;15849;46942;6835	2419	4448	5398.5	8378	2982.5	2054	4948.5	7290.5	3237.5	7916.5	9032	6741.5	7554	8645.5	5817	7782	1923	6145	5502	8214	4833.5	6648	2274	7028	113586.5	5.679.325
ORTHO003205	prenylated RAB acceptor 1.A3	AT3G11397;AT5G02040;AT5G05987	5739;43231;43227;43226;5575;43229;44424;44464;5623;5622;44444;5737;3674;10008;98588;31090;16020;44422;44440;44446;5768;12505;98805;5783;16192;6810;51234;51179;8150;16021;31224;44425;5634;5789;44432;42175	2420	3747	5265	8110	4356	4827.5	2791.5	7156.5	1954.5	5748	2402	3578.5	6895.5	6971	7129	7782	5864.5	5368	6897.5	8632.5	6908	7301.5	8202.5	3841	110251.5	5.512.575
ORTHO003255	myb domain protein 60	AT1G08810	9414;9415;9628;50896;8150;1101;42221;10035;1901700;6950;6355;1903506;2001141;31326;9889;19222;50789;65007;31323;50794;51252;19219;80090;51171;60255;10556;10468;2000112;9751;14070;10033;3677;3676;1901363;5488;3674;97159;10118;44763;9987;44699;9737;9725;9719;33993;97305;3700;1071;5634;43231;43227;43226;5575;43229;44424;44464;5623;5622;9753;9416;9314;3682;44877	2421	3313	3356	4291	2097	8227.5	1011	2322	4188.5	1094.5	4137	3686.5	6895.5	6971	7162	2476	5962.5	5720	1086	1129.5	7254	7392.5	5710.5	3920	86346.5	4.317.325
ORTHO004092	Calcium-binding EF-hand family protein	AT4G38810	5634;43231;43227;43226;5575;43229;44424;44464;5623;5622;5509;46872;43169;43167;5488;3674	2422	2530	2281.25	2140.5	4356	8050	1720.5	1347	7455	985.5	1312.5	1374.5	1352	4616	5661	1830	630	5569	6897.5	4727.5	5988	4612.5	5497.5	3841	73467	3673.35
ORTHO000374_1	SHV3-like 2	AT1G66970;AT1G66980;AT3G20520;AT4G26690;AT5G55480	5886;16020;5575;44464;5623;71944;6629;71704;8152;8150;44710;44699;44238;8889;8081;42578;16788;16787;3824;3674;6071;19400;44723;5975;44262;44237;9987;19751;6066;1901615;44281;44763;30643;72501;30002;55081;50801;48878;42592;65008;65007;6873;55082;19725;72505;98771;55062;72506;55083;30320;72502;31225;31224;44425;5509;46872;43169;43167;5488;16301;16772;16740;16310;6796;6793;9507;9536;43231;43227;43226;43229;44424;5622;44444;5737;46658;31226;44459;48046;5576;4675;19199;4888;38023;4871;60089;7165;50794;50789;51716;50896;7154;44700;23052;4872;4672;16773;6468;6464;36211;19538;43170;43412;44267;44260;4674;7178;7167;7166;9506;5911;30054;55044;46777;9755;32870;9725;9719;10033;42221;71495;71310;70887;1653;6952;6950;31625;44389;19899;5515;6968;16021;10026;30154;48869;44767;32502;90558;9888;48856;9505;5618;30312;48765;10053;90627;10015;9653;48364;48513;48731;7275;44707;32501;22622;48764;48469;21700;48468;10054;9932;9826;902;32989;16043;71840;60560;48589;40007;16049;10442;904;9886;9791;10441;10052;10103;90626;10016;48367;10374;52541;10383;5976;44036;71554;30243;51273;6073;44042;44264;9664;71555;45229;71669	2423	3588	4503	6583	6534	7633.5	8876	2322	4209	4849	3136.5	6674.5	1352	6358.5	2702.5	2080.5	7091.5	8920.5	8593.5	9090	1654	8980	3402	795	98720.5	4.936.025
ORTHO005758	Haloacid dehalogenase-like hydrolase (HAD) superfamily protein	AT2G41250	16787;3824;3674;8152;8150	2424	2407	4245	6066	4356	1658.5	3758	488	7978	6422.5	3948.5	743.5	7377.5	7101	7129	7782	4408.5	6183.5	4914	4630.5	5988	5924	5295.5	3920	95650.5	4.782.525
ORTHO002894	Lactate/malate dehydrogenase family protein	AT1G53240;AT3G15020	9651;6970;9628;50896;8150;6950;6099;6101;72350;19752;43436;6082;71704;8152;44281;44710;44699;44763;9987;44237;44238;9060;45333;15980;6091;55114;5739;43231;43227;43226;5575;43229;44424;44464;5623;5622;44444;5737;5507;46914;46872;43169;43167;5488;3674;5759;44429;44446;44422;70013;43233;31974;30060;16616;16614;16491;3824;16615;5618;30312;71944;46686;10038;10035;42221;6108;43648;48046;5576;42742;9617;51707;43207;9605;9607;51704;98542;6952;18119;17014;6464;36211;19538;43170;43412;44267;44260;18198;18193;9409;9266;9507;9536;44262;5975;16020	2425	5312	5149	7873	6194	7278	5430	6142.5	7455	855	6763.5	3218	6731.5	1800.5	5413.5	6712.5	6648.5	3949	7042	4664.5	7568	6377.5	7048.5	6732.5	107830.5	5.391.525
ORTHO003588	dormancy-associated protein-like 1	AT1G28330;AT2G33830	9749;9746;34284;9743;10033;42221;50896;8150;1901700;5634;43231;43227;43226;5575;43229;44424;44464;5623;5622;3674;9744;34285;9750	2426	4193	4234.5	6043	2982.5	1227	8450	6573	7183.5	5996.5	6763.5	1198.5	3406.5	3815.5	5413.5	6712.5	3958.5	3121	3792	6754	4668.5	3854	6040	6553	95481	4774.05
ORTHO005707	myb-like transcription factor family protein	AT5G47390	30307;45927;48518;50789;65007;8150;40008;1558;51128;50794;48522;5737;44424;44464;5575;5623;5622;3677;3676;1901363;5488;3674;97159;5634;43231;43227;43226;43229;122;45892;1903507;1903506;2001141;31326;9889;19222;31323;51252;19219;80090;51171;60255;10556;1902679;51253;10605;9892;48519;45934;51172;31324;48523;31327;9890;10558;10629;10468;6355;2000112;2000113;6357;9723;9725;9719;50896;10033;42221;3700;1071;976;1990837;3690;43566;43565;44212;975;1067;9751;14070;1101;1901700;9737;33993;97305;46686;10038;10035;9753;9651;6970;9628;6950;48366;48827;48856;32502;48367;44767;44699;48731;7275;44707;32501;8270;46914;46872;43169;43167;3682;44877;2000469;51354;51341;50790;65009;43086;44092;2000468;9739	2427	3967	2458	2489	2097	1227	2881	6573	7183.5	3372	6763.5	1198.5	1352	3815.5	3265	3976.5	3958.5	3121	3792	6860	4668.5	3754	5902.5	2314	75978	3798.9
ORTHO005574	ubiquitin-specific protease 2	AT1G04860;AT2G32780	9507;9536;43231;43227;43226;5575;43229;44424;44464;5623;5622;44444;5737;6511;19941;51603;6508;19538;43170;71704;8152;8150;44238;44257;30163;9057;1901575;9056;44265;44260;44237;9987;44248;44267;43632;4843;19783;8234;70011;8233;16787;3824;3674;36459;5634;502;43234;32991	2428	2413	1394.5	361	4356	3253	6132	1204.5	702.5	1655.5	1810	998	1352	4523.5	3521.5	1830	3682	4887	692	1371	3870	1613	3113	3179.5	49390	2469.5
ORTHO000344_2	Protein kinase superfamily protein	AT3G01490;AT5G50000	5575;16301;16772;16740;3824;3674;8152;8150;16310;6796;6793;44237;9987;6468;6464;36211;19538;43170;71704;44238;43412;44267;44260;4674;4672;16773;4712;5524;35639;1901265;1901363;5488;97159;43168;43167;32559;30554;17076;166;36094;32555;32553;97367;32550;32549;1882;1883;9506;5911;30054;55044;5886;16020;44464;5623;71944;5737;44424;5622	2429	3557	1245	61	4356	3632	1155	1114.5	255	6112	4529.5	3034.5	1352	138	136.5	3183	2728	1322	1463	1320	643	306.5	143	400.5	32968	1648.4
ORTHO002905	glutamate-cysteine ligase	AT4G23100	9570;9532;44435;44444;44424;44464;5575;5623;5622;5737;44446;44422;43226;43229;9536;43231;43227;44434;9507;6750;19184;43043;43604;43603;34641;6807;8152;8150;44237;9987;44271;44249;9058;6518;1901564;71704;1901566;1901576;44272;6790;6749;6575;42398;9816;9814;98542;6952;6950;50896;51707;43207;9605;9607;51704;45087;6955;2376;42742;9617;5524;35639;1901265;1901363;5488;3674;97159;43168;43167;32559;30554;17076;166;36094;32555;32553;97367;32550;32549;1882;1883;4357;16881;16879;16874;3824;52544;52542;52545;33037;33036;51179;52543;52386;42545;71555;45229;16043;71840;71554;70727;51641;1902580;1902578;44699;52482;33554;51716;44763;50832;9620;19761;19758;19757;43436;6082;44281;44710;19748;16143;1901657;1901135;16144;1901659;1901137;44711;44550;19760;9700;42435;19438;6725;18130;46483;1901362;1901360;42430;52315;9403;9404;52314;46217;10193;302;6979;1901700;42221;1101;10035;2213;9625;9408;9266;9628;46686;10038;9753;9725;9719;10033;9908;90567;48608;3006;32502;22414;48856;61458;48731;7275;44767;44707;32501;44702;9791;48367	2430	1319	5199.5	7969	4356	8371.5	5917.5	8148	8808.5	3785.5	6912.5	5295.5	8675.5	5199	766.5	1429.5	1581	7761	1942.5	2880.5	8798.5	8566.5	8869	5007.5	108716	5435.8
ORTHO004355	unknown protein	AT1G09330	5802;98791;44431;44444;44424;44464;5575;5623;5622;5737;44446;44422;43226;43229;5794;43231;43227;12505;31984;16192;6810;51234;51179;8150;5768;7030;6996;16043;71840;9987;10256;30173;31228;31300;31224;44425;16020;31090;139;98588;31301;16021;9306;15031;45184;8104;33036;71702;32940;46903;44765;1902578;44699;51649;51641;44763;3674;9826;902;32989;9653;32502;48856;48869;44767;60560;48589;40007;16049	2431	2839	3372.5	4314	2097	3632	7886	1204.5	8101	4095	1623	3108	7377.5	7536	7432.5	2476	1221.5	6085	1807.5	4060.5	864.5	6791.5	6854	4291.5	86447.5	4.322.375
ORTHO003243	transcription regulator NOT2/NOT3/NOT5 family protein	AT5G18230	288;956;6402;16071;16070;44260;43170;71704;8152;8150;44237;9987;90304;6139;46483;6725;1901360;34641;6807;44238;6401;44265;9057;1901575;9056;44248;34655;19439;44270;1901361;46700;45892;1903507;1903506;2001141;31326;9889;19222;50789;65007;31323;50794;51252;19219;80090;51171;60255;10556;1902679;51253;10605;9892;48519;45934;51172;31324;48523;31327;9890;10558;10629;10468;6355;2000112;2000113;17148;6417;10608;32268;51246;34248;34249;32269;51248;932;36464;35770;30529;32991;5575;44424;44464;5623;5622;43232;43228;43226;43229;44444;5737;5634;43231;43227;30015;43234;30014	2432	1478	1713.5	995	3586.5	8007.5	5925	1581	4287	2642.5	1211	1810.5	3995.5	7213.5	8093.5	2914	2133.5	4154.5	375.5	299.5	3435.5	3503.5	388	372.5	62343.5	3.117.175
ORTHO005549	PDI-like 1-5	AT1G52260;AT3G16110	5788;70013;43233;31974;5575;44422;43226;44446;44424;44464;5623;5622;43229;44432;44444;5737;5783;43231;43227;12505;3756;16864;16860;16853;3824;3674;8152;8150;6457;9987;9507;9536	2433	2503	3154	3875	4356	3253	3628.5	4294	7748	334.5	2809.5	4670	3918	7300	7082.5	2476	4942.5	5720	1748	4630.5	4445	5924	5407	3721	84052	4202.6
ORTHO004629	RNA-binding (RRM/RBD/RNP motifs) family protein	AT1G76460	8150;5634;43231;43227;43226;5575;43229;44424;44464;5623;5622;3676;1901363;5488;3674;97159;166;36094;1901265;3723	2434	3334	3740	5046	4356	8708	5903	3632.5	224.5	8934.5	2653	3422.5	1352	9087.5	7737.5	7782	9001.5	8995	2546.5	3377.5	3103	762.5	1094.5	1958.5	90276	4513.8
ORTHO000392_1	translocon at the outer envelope membrane of chloroplasts 159	AT4G02510	16021;31224;44425;5575;16020;9536;43231;43227;43226;43229;44424;44464;5623;5622;44444;5737;45036;1902580;51641;51179;8150;1902578;44699;6605;6886;15031;45184;51234;8104;33036;71702;6810;46907;51649;34613;70727;1902582;44765;72596;72594;33365;72598;16482;9941;9526;31967;31975;44446;44422;44435;44434;9507;5525;35639;1901265;1901363;5488;3674;97159;43168;43167;32550;32549;1882;36094;97367;1883;32561;19001;17076;166;32555;32553;9707;9527;31968;31090;19867;98805;98588;42170;31969;5515;3924;17111;16462;16818;16817;16787;3824;8152;4888;38023;4871;60089;7165;50794;50789;65007;51716;9987;50896;7154;44763;44700;23052;4872;5829;46872;43169	2435	2130	4207.5	5980	4356	7444.5	924	727.5	9135	2025.5	7382.5	6440	1352	5581	988	6712.5	1482.5	8002	8750.5	518	1689	8793	9065.5	8159	95172	4758.6
ORTHO002742	NSP (nuclear shuttle protein)-interacting GTPase	AT4G13350	5737;44424;44464;5575;5623;5622;5525;35639;1901265;1901363;5488;3674;97159;43168;43167;32550;32549;1882;36094;97367;1883;32561;19001;17076;166;32555;32553;5096;8047;30234;98772;50790;19222;50789;65007;8150;65009;43085;44093;9893;48518;30695;60589;43547;43087;51336;51345;3924;17111;16462;16818;16817;16787;3824;8152;5829;44444;8270;46914;46872;43169;6913;16482;46907;6810;51234;51179;51649;51641;51169;9615;51707;43207;9605;50896;9607;51704	2436	3068	4421.5	6407	5552	6085.5	7863	7491.5	175.5	1540.5	1810	1830	1352	7699.5	7582.5	7782	6298	6505.5	8310	3579.5	864.5	8049	7818	4972	97608.5	4.880.425
ORTHO004899	Cox19-like CHCH family protein	AT5G09570	5634;43231;43227;43226;5575;43229;44424;44464;5623;5622;3674;8150	2437	3590	1947.5	1458	2097	1227	7378.5	2322	1839.5	3267	2216.5	1198.5	3406.5	3374	3265	6712.5	3958.5	3121	3792	3976	4668.5	3854	5902.5	2439.5	67919	3395.95
ORTHO003853	TCP-1/cpn60 chaperonin family protein	AT5G20890	5618;30312;44464;5575;5623;71944;5524;35639;1901265;1901363;5488;3674;97159;43168;43167;32559;30554;17076;166;36094;32555;32553;97367;32550;32549;1882;1883;5829;44444;44424;5622;5737;6457;9987;8150;46658;31226;44459;44425;16020;5886;31224;31225;51082;5515	2438	2685	3836	5234	5552	2672	2190	7372.5	867	642.5	1981	3108	7743	7536	7349.5	2476	5962.5	6265.5	6327	5038	5903.5	6714	6709	4291.5	91148.5	4.557.425
ORTHO007367	D-ribulose-5-phosphate-3-epimerase	AT5G61410	9507;9536;43231;43227;43226;5575;43229;44424;44464;5623;5622;44444;5737;9570;9532;44435;44446;44422;44434;9579;9941;9526;31967;31975;4750;16857;16854;16853;3824;3674;8152;8150;48046;5576;5975;71704;44238;10319;9624;51707;43207;9605;50896;9607;51704;9409;9266;9628;6950;9793;44702;22414;44699;3006;32502;9790;44767;48856;7275;44707;32501;48316;48608;61458;48731;9791;10154	2439	1337	3227	4015	4356	2672	2703	1581	8359.5	3007	982	2803.5	7743	7779.5	8726.5	2476	6027	6590	3857.5	4258.5	6431	4612.5	1900.5	2382	84892	4244.6
ORTHO005053	Fes1A	AT3G09350	6457;9987;8150;5737;44424;44464;5575;5623;5622;9651;6970;9628;50896;6950;30544;31072;5515;5488;3674;774;60590;60589;30234;98772;50790;19222;50789;65007;65009;30554;17076;166;36094;1901265;1901363;97159;5634;43231;43227;43226;43229;9408;9266	2440	1635	4023	5606	4356	8764.5	7886	3563	3649	5501.5	1414	6674.5	8519	5425.5	1209.5	508.5	1642	8713	3119	3165	2827	8260	8737	3501.5	93079.5	4.653.975
ORTHO002217	2-oxoglutarate (2OG) and Fe(II)-dependent oxygenase superfamily protein	AT2G17970;AT4G36090	16491;3824;3674;8152;8150;55114;44710;44699;5634;43231;43227;43226;5575;43229;44424;44464;5623;5622;16706;16705;51213;9506;5911;30054;55044	2441	2216	1360.5	280	1408	257.5	5545	1963.5	5258	5988	2402	511.5	1352	4295.5	4842.5	1239.5	1221.5	1780	904	616.5	3146	1613	2846	771.5	46553.5	2.327.675
ORTHO006524	photosynthetic electron transfer C	AT4G03280	51537;51536;51540;5488;3674;5515;9535;55035;42651;34357;16020;5575;44436;44424;44464;5623;5622;9579;44435;44444;5737;44446;44422;43226;43229;9536;43231;43227;31976;31984;44434;9507;9534;42742;9617;51707;43207;9605;50896;8150;9607;51704;98542;6952;6950;9941;9526;31967;31975;5886;71944;9767;22900;6091;44237;8152;9987;55114;44710;44699;44763;19684;15979;80167;9628;16021;31224;44425;10196;1990066;9416;9314;46028;9055;46872;43169;43167;9496;52880;16679;16491;3824;9512;70069;43234;32991	2442	1009	2302.5	2163	4356	2385.5	822.5	1780.5	8782	3283.5	5836	8441	2757	6099.5	6560	2080.5	2732	7408	857	662	1362	8029.5	3093	619	73590.5	3.679.525
ORTHO004290	ubiquitin-associated (UBA)/TS-N domain-containing protein	AT1G04850	5737;44424;44464;5575;5623;5622;46872;43169;43167;5488;3674;8150;5829;44444	2443	1610	2783	3123	1281	113	117.5	8705.5	1625	7722.5	4513	1471	8675.5	5258.5	841.5	1429.5	8888	9039	3553	1486	2313	7603.5	1918	4586.5	79859.5	3.992.975
ORTHO003913	DNAse I-like superfamily protein	AT2G01900	2000369;48259;30100;60627;50794;50789;65007;8150;51049;32879;51128;71472;71470;71214;9628;50896;51716;9987;6970;6950;33554;9651;46856;46839;30258;44255;6629;71704;8152;44710;44699;44238;44763;44237;16311;6796;6793;46488;6650;6644;19637;46486;5634;43231;43227;43226;5575;43229;44424;44464;5623;5622;2000377;31323;19222;16787;3824;3674;34595;52866;16791;42578;16788;4439;34593;34485;34594	2444	3209	1792	1140	4356	3446.5	1011	2114.5	931	5304.5	8675.5	6171.5	5195	3815.5	3265	6712.5	4054.5	2199.5	122.5	971	957	3609.5	3259.5	2439.5	64255.5	3.212.775
ORTHO006332	Pyridoxal phosphate (PLP)-dependent transferases superfamily protein	AT1G80360	10366;31336;51175;42762;31323;50794;50789;65007;8150;19222;31324;48523;48519;9892;45763;33239;51172;51171;33238;6521;80090;10565;31335;1900912;1900911;9889;1900908;9890;1900909;31327;31326;10364;9851;42446;9058;8152;42445;10817;65008;9850;44237;9987;44249;1901997;90356;90354;32350;32351;32353;46885;1901996;90357;10600;8483;16769;16740;3824;3674;5829;44444;44424;44464;5575;5623;5622;5737;10326;30170;1901363;5488;97159;48037;43168;43167;9641;9639;9416;9314;9628;50896	2445	2287	5308.5	8172	1689.5	6946	1204	2923.5	8705	4399	9119.5	1576.5	8519	5411.5	892.5	6712.5	7194	7376.5	8281	662	7166	8260	8748.5	6801.5	110898.5	5.544.925
ORTHO002413	ACT-like superfamily protein	AT2G36840	16597;31406;43177;36094;5488;3674;43168;43167;5634;43231;43227;43226;5575;43229;44424;44464;5623;5622	2446	3657	3193	3940	4356	6832.5	2080	2000	8101	3267	2290	3034.5	5740	3815.5	4124.5	3976.5	400	4253	4165.5	4392	7636	4525.5	6854	6949.5	84437	4221.85
ORTHO007946	RNA-binding (RRM/RBD/RNP motifs) family protein	AT1G14340	166;36094;5488;3674;1901265;1901363;97159;3676	2447	4958	2641.5	2836	2982.5	1500	5581	218	5355.5	8934.5	5726.5	4566	5467.5	1800.5	3521.5	3976.5	8562.5	3121	3067.5	1960	4226.5	2213.5	3795.5	4484	78078	3903.9
ORTHO005836	TRS120	AT5G11040	5769;5768;43231;43227;43226;5575;43229;44424;44464;5623;5622;44444;5737;12505;919;22607;16043;71840;8150;9987;44085;1902410;32506;22402;44763;44699;7049;910;51301;1903047;278;61640;281;911;5802;98791;44431;44446;44422;5794;31984;3674;6810;51234;51179	2448	1257	2383.5	2319	1066.5	3531	2703	1204.5	8509.5	3412.5	1144	367.5	7743	7699.5	8726.5	797.5	562	6590	3265	4473	170	6182.5	5263	2382	74726	3736.3
ORTHO002835	chorismate mutase 3	AT1G69370;AT3G29200	9507;9536;43231;43227;43226;5575;43229;44424;44464;5623;5622;44444;5737;9073;9072;6725;44237;8152;8150;9987;1901360;71704;6520;1901564;6807;19752;43436;6082;44281;44710;44699;44763;44238;19438;44249;9058;1901362;1901576;8652;46394;16053;44283;44711;1901566;42742;9617;51707;43207;9605;50896;9607;51704;98542;6952;6950;4106;16866;16853;3824;3674;162;6568;1901605;6586;42430;46483;34641;6576;44106;9308;46219;42435;44271;18130;42401;9309;1901607;16688;4601;16684;16491;55114;16209;5829	2449	4306	5201	7953	5938.5	1500	3960	7244.5	5994	4909.5	2402	1954	7031	6971	8240.5	5325.5	8269	5518	7509	8025.5	7489.5	6429	1748	8092	108612	5430.6
ORTHO003131	Late embryogenesis abundant 3 (LEA3) family protein	AT1G02820;AT4G02380	9790;44767;32502;8150;44699;48856;7275;44707;32501;3674;9507;9536;43231;43227;43226;5575;43229;44424;44464;5623;5622;44444;5737;5829;42631;31668;51716;9987;50896;71496;9605;7154;44763;9991;71462;71214;9628;9415;1101;42221;10035;1901700;71229;70887;1901701;9414;6950;33554;6979;5739;9409;9266;302	2450	4268	2647	2844	5196	1658.5	8400	7084	4178.5	3651	2216.5	1810.5	4865.5	3815.5	6267.5	2914	3106	6145	4914	5887	3375	2837	3896.5	1106.5	78128.5	3.906.425
ORTHO001582	Nucleic acid-binding; OB-fold-like protein	AT3G48930;AT4G30800;AT5G23740	22626;44445;44444;44424;44464;5575;5623;5622;5737;5829;5840;30529;32991;43232;43228;43226;43229;9793;44702;22414;8150;44699;3006;32502;9790;44767;48856;7275;44707;32501;48316;48608;61458;48731;9791;10154;22627;15935;44391;44446;44422;6412;43043;43604;43603;34641;6807;8152;44237;9987;44271;44249;9058;6518;1901564;71704;1901566;1901576;44267;19538;43170;44238;44260;34645;9059;10467;5618;30312;71944;19843;3723;3676;1901363;5488;3674;97159;9506;5911;30054;55044;3735;5198;16020	2451	4794	2426.5	2402	1551	8865	6810	6652	4231.5	5205	2992.5	1708.5	4355	3497	6137	2914	3471	1386	4165.5	3747	3236.5	1695	3393.5	945.5	75407.5	3.770.375
ORTHO000942	Aldolase-type TIM barrel family protein	AT3G14415;AT3G14420;AT4G18360	52854;3973;16899;16614;16491;3824;3674;8152;8150;55114;44710;44699;5773;43231;43227;43226;5575;43229;44424;44464;5623;5622;44444;5737;5777;42579;52852;8891;9854;43094;44249;9058;44237;9987;9853;10181;50662;48037;5488;43168;43167;32553;97367;166;36094;1901265;1901363;97159;50665;42743;72593;1903409;9570;9532;44435;44446;44422;9536;44434;9507;42742;9617;51707;43207;9605;50896;9607;51704;98542;6952;6950;48046;5576;5634;52853;22626;44445;5829;5840;30529;32991;43232;43228;16020;9506;5911;30054;55044;9735;9725;9719;10033;42221;10204;2218;2253;50778;48584;48518;50789;65007;48583;50776;2682;2684;2376;45089;31349;31347;80134;45088;7165;50794;51716;7154;44763;44700;23052	2452	2232	1699.5	947	5413	9108	1881	1912	7325.5	5434	2402	140	6513.5	4560	6054.5	1830	1798	1425.5	615.5	4392	696.5	1090.5	986.5	3340.5	61505.5	3.075.275
ORTHO004220	Pyridoxal-dependent decarboxylase family protein	AT3G14390;AT5G11880	9570;9532;44435;44444;44424;44464;5575;5623;5622;5737;44446;44422;43226;43229;9536;43231;43227;44434;9507;9089;9085;9067;9066;1901605;6520;1901564;71704;8152;8150;6807;19752;43436;6082;44281;44710;44699;44763;9987;44237;44238;1901607;8652;46394;16053;44283;44711;9058;1901576;44249;1901566;6553;46451;43648;8836;16831;16830;16829;3824;3674;5829	2453	1812	3807.25	5161.5	4356	1329	5887	1013.5	8467	5426.5	865	2038	1352	7850	8868	7782	6208.5	6388.5	7353.5	1532.5	864.5	7061.5	7818	2699.5	90804.5	4.540.225
ORTHO006529	golgi snare 12	AT2G45200	5768;43231;43227;43226;5575;43229;44424;44464;5623;5622;44444;5737;12505;9737;9725;9719;50896;8150;10033;42221;33993;97305;1901700;1101;5794;5773;16021;31224;44425;16020;139;98588;31090;44422;44431;44446;5789;44432;5783;42175;6888;16482;46907;6810;51234;51179;51649;51641;48193;1902582;44765;1902578;44699;16192;5829;15031;45184;8104;33036;71702;5802;98791;31984;6891;149;5515;5488;3674	2454	1275	3976	5498	1066.5	2837	1672.5	4345	9001	4356	4655	6518	8519	5378	1109.5	1606	7897.5	8458	7812.5	2185	2761	7814.5	2153.5	3447.5	92526.5	4.626.325
ORTHO007341	Oleosin family protein	AT3G18570	16021;31224;44425;5575;16020;3674;19915;51235;51179;8150;65008;65007;10876;33036;12511;5811;43232;43228;43226;43229;44424;44464;5623;5622	2455	4457	2448	2441	2982.5	1329	5187.5	5957	2069	4766.5	6543	1954	6227	1800.5	5034.5	6712.5	3752	2558	3233.5	4727.5	1761	2541	3299.5	6210	75663	3783.15
ORTHO000399_1	Ankyrin repeat family protein	AT1G04780;AT3G04470;AT3G24210	8150;5886;16020;5575;44464;5623;71944;5634;43231;43227;43226;43229;44424;5622;3674	2456	2252	3738	5020	1408	8708	4118.5	3189.5	4526.5	1409.5	8095	9026	4159	5129	473.5	2914	8269	6982	1922	7463	1530.5	7786.5	1424	3005.5	90131	4506.55
ORTHO004509	long-chain base1	AT4G36480	5789;98588;31090;16020;5575;44422;43226;43227;44432;44444;44424;44464;5623;5622;5737;44446;43229;5783;43231;12505;44425;42175;9507;9536;4758;16454;16409;16747;16746;16740;3824;3674;8152;8150;16408;5515;5488;16049;40007;44763;9987;44699;30148;46467;6643;44255;6629;71704;44710;44238;44237;8610;1901576;9058;44711;44249;1901566;1901564;6807;6665;16021;31224;30170;1901363;97159;48037;43168;43167;43067;10941;50794;50789;65007	2457	1198	2419	2381	4356	2964.5	1093.5	1604.5	4045.5	2212.5	4069.5	5489.5	8675.5	5279.5	915	1429.5	2408	7885.5	1232	1678.5	8990	8070.5	2104	5007.5	75155	3757.75
ORTHO006092	Lateral root primordium (LRP) protein-related	AT5G12330	9734;9755;7165;50794;50789;65007;8150;51716;9987;50896;7154;44763;44699;44700;23052;32870;9725;9719;10033;42221;71495;71310;70887;71365;9733;9851;42446;9058;8152;42445;10817;65008;9850;44237;44249;42803;42802;5515;5488;3674;46983;5575;48364;44767;32502;48513;48856;48731;7275;44707;32501;22622;3677;3676;1901363;97159;46872;43169;43167	2458	3258	3370.5	4283	2097	1500	5903	4424	8178.5	1058	982	2729	1352	7536	7432.5	2476	7051	6330	8083	1609.5	800.5	6831.5	7048.5	4972	86297	4314.85
ORTHO001299	Arabidopsis RAC-like 1	AT2G17800;AT3G51300;AT4G35020;AT4G35950	7264;35556;7165;50794;50789;65007;8150;51716;9987;50896;7154;44763;44699;44700;23052;5737;44424;44464;5575;5623;5622;5515;5488;3674;5634;43231;43227;43226;43229;9734;9755;32870;9725;9719;10033;42221;71495;71310;70887;71365;9733;5819;44430;44446;44422;5856;43232;43228;15630;9738;71215;9737;33993;97305;1901700;1101;71396;97306;1901701;71229;5525;35639;1901265;1901363;97159;43168;43167;32550;32549;1882;36094;97367;1883;32561;19001;17076;166;32555;32553;9524;44444;5886;16020;71944;5730;44428;31981;70013;43233;31974;3924;17111;16462;16818;16817;16787;3824;8152;30833;8064;30832;32535;90066;65008;16043;71840;32956;51493;33043;51128;32970;32271;43254;44087;30834;1901879;43244;45177;9860;44702;22414;904;902;32989;9653;32502;48856;48869;44767;48468;30154;3006;48588;48589;40007;16049;9932;9826;60560;48868;9856;44703;51704;44706;32501;51650;51649;51234;51179;51641;51648;51640;51656;17157;60627;51049;32879;1903530;51046;60341;32794;10928;9966;10646;48583;23051;9958;9630;9606;9605;9629;9628;30427	2459	5340	4879.5	7300	2982.5	6810	8400	5957	1916	3303	6763.5	3422.5	6227	1800.5	5034.5	5325.5	6027	3949	3484.5	8025.5	7052	6129	6365	7376.5	103368	5168.4
ORTHO006692	NAC domain containing protein 38	AT2G24430	5634;43231;43227;43226;5575;43229;44424;44464;5623;5622;3677;3676;1901363;5488;3674;97159;6355;1903506;2001141;31326;9889;19222;50789;65007;8150;31323;50794;51252;19219;80090;51171;60255;10556;10468;2000112;7275;44767;32502;44699;44707;32501;3700;1071;6351;34645;44260;43170;71704;8152;44237;9987;9059;1901576;9058;44249;97659;32774;16070;90304;6139;46483;6725;1901360;34641;6807;44238;34654;19438;44271;18130;1901362;10467	2460	1900	1867.5	1275	4356	2557.5	2528	3123	3046	2670	4097	409.5	6617.5	4616	6192.5	6712.5	3141.5	6085	4441	4392	152	1358.5	2214	1487.5	65841	3292.05
ORTHO002332	methyltransferases	AT5G01710	8168;16741;16740;3824;3674;8152;8150;32259	2461	5108	4410.5	6360	6100.5	1227	8450	6142.5	7183.5	1709.5	7886	3218	6617.5	1800.5	5254.5	3976.5	562	3949	3857.5	8397.5	7386	6266	6854	6553	97290.5	4.864.525
ORTHO000829_1	Leucine-rich repeat protein kinase family protein	AT1G31420;AT2G35620	30244;51274;9250;33692;271;5976;5975;71704;8152;8150;44238;43170;16051;44723;44710;44699;1901576;9058;44711;9059;34637;44262;44237;9987;44763;44249;44264;44260;34645;6073;44042;51273;30243;9506;5911;30054;5575;55044;9755;7165;50794;50789;65007;51716;50896;7154;44700;23052;32870;9725;9719;10033;42221;71495;71310;70887;46777;6468;16310;6796;6793;6464;36211;19538;43412;44267;7169;7167;7166;4674;4672;16301;16772;16740;3824;3674;16773;5886;16020;44464;5623;71944;1653;38023;4871;60089;4872;31625;44389;19899;5515;5488;9664;71555;45229;16043;71840;71554;71669;4675;19199;4888;7178;9826;902;32989;9653;32502;48856;48869;44767;60560;48589;40007;16049;5524;35639;1901265;1901363;97159;43168;43167;32559;30554;17076;166;36094;32555;32553;97367;32550;32549;1882;1883	2462	625	1730.5	999	407	908.5	5163.5	2614.5	2367.5	1604.5	2216.5	6327.5	1352	9013	6537	1307	9151.5	5824	3385	3288	1078.5	152.5	29	110	62430	3121.5
ORTHO004596	Syntaxin/t-SNARE family protein	AT1G27700	5634;43231;43227;43226;5575;43229;44424;44464;5623;5622;16020;48193;1902582;46907;6810;51234;51179;8150;51649;51641;44765;1902578;44699;16192;5794;44444;5737;12505	2463	3210	3597.5	4732	2097	1329	822.5	1114.5	8307	1926.5	1810	998	7743	7699.5	7518.5	2476	6099.5	6388.5	8266	220.5	6696	6991	7729.5	4541	88676.5	4.433.825
ORTHO000899	DEAD box RNA helicase 1	AT3G01540;AT3G06480;AT5G14610	5634;43231;43227;43226;5575;43229;44424;44464;5623;5622;5524;35639;1901265;1901363;5488;3674;97159;43168;43167;32559;30554;17076;166;36094;32555;32553;97367;32550;32549;1882;1883;3723;3676;4004;8186;42623;16887;17111;16462;16818;16817;16787;3824;8152;8150;3724;4386;8026;70035;10501;16070;44260;43170;71704;44237;9987;90304;6139;46483;6725;1901360;34641;6807;44238;5773;44444;5737	2464	1233	2124.5	1785	1066.5	1089	2234.5	336	702.5	163.5	865	181.5	1352	7954.5	8968.5	2476	3493.5	6808.5	4715	6001	7636	6679	3909	5222.5	70787.5	3.539.375
ORTHO003587	adenine phosphoribosyl transferase 2	AT1G80050;AT5G11160	5829;44444;44424;44464;5575;5623;5622;5737;3999;16763;16757;16740;3824;3674;8152;8150;15114;15103;8509;15075;22891;22857;5215;6810;51234;51179;55085;44763;9987;44699;44765;1902578;22892;34220;6811;98656;6820;15698;35435;98661;98660;6817;44209;32261;43173;43094;44249;9058;44237;9165;1901293;90407;19637;71704;6793;1901576;6753;55086;6139;46483;6725;1901360;34641;6807;44238;44281;44710;6796;34654;19438;44271;18130;1901362;44711;9117;6164;72522;72521;1901564;1901566;6163;43101;6166;43174;9163;1901659;1901137;1901135;1901657;9116;46129;42451;42278;46128;9119;42455;6167;9152;9150;9259;19693;9260;46390;46033;9167;9161;9123;9126;9168;9156;9124;9127;5794;43231;43227;43226;43229;12505;5886;16020;71944;6168;46084;46083;6144;9112;9113;46112;46148;42440;43096	2465	5078	1462	459	5938.5	4031.5	7113.5	3769	3914.5	7916.5	397.5	1422	3935.5	138	136.5	3183	7411.5	398	2052.5	1584.5	2533.5	281.5	969	493	51681	2584.05
ORTHO001890	RING/U-box superfamily protein	AT1G03365;AT4G03000	5634;43231;43227;43226;5575;43229;44424;44464;5623;5622;16874;3824;3674;8152;8150;16567;32446;70647;6464;36211;19538;43170;71704;44238;43412;44267;44260;44237;9987;8270;46914;46872;43169;43167;5488	2466	5157	3790.5	5115	2982.5	2005.5	3628.5	2460.5	8101	6459.5	6343	3422.5	3577.5	1800.5	5034.5	6712.5	3682	3949	6700.5	7871	4103	3222.5	5171.5	6379.5	90624.5	4.531.225
ORTHO004759	C2H2-like zinc finger protein	AT1G75710	46872;43169;43167;5488;3674;8270;46914;3950;16763;16757;16740;3824;8152;8150;3676;1901363;97159;3700;1071;2001141;31326;9889;19222;50789;65007;31323;50794;51252;19219;80090;51171;60255;10556;6355;1903506;10468;2000112;5634;43231;43227;43226;5575;43229;44424;44464;5623;5622	2467	1562	2562.5	2658	4356	3663	3513	1823.5	7831	5577.5	1144	6361.5	1352	7536	8512	2476	3183	5886.5	528	3949.5	5170.5	4169	2341	2091	77108	3855.4
ORTHO001140	FASCICLIN-like arabinogalactan protein 16 precursor	AT2G35860;AT3G11700;AT3G52370;AT5G06390	5576;5575;7155;22610;8150;5773;43231;43227;43226;43229;44424;44464;5623;5622;44444;5737;10583;14070;10033;42221;50896;3674	2468	5080	1350	232	5938.5	3557.5	1457	3758.5	800	8647.5	4137	6482	3492.5	138	136.5	3183	4135	867.5	154	920	1830	173	353.5	265.5	44488	2224.4
ORTHO005658	Protein kinase superfamily protein	AT1G79600	6468;16310;6796;6793;44237;8152;8150;9987;6464;36211;19538;43170;71704;44238;43412;44267;44260;1902171;31279;50790;19222;50789;65007;65009;10287;44434;44435;44444;44424;44464;5575;5623;5622;5737;44446;44422;43226;43229;9536;43231;43227;9507;9570;9532;4672;16301;16772;16740;3824;3674;16773;5524;35639;1901265;1901363;5488;97159;43168;43167;32559;30554;17076;166;36094;32555;32553;97367;32550;32549;1882;1883;5886;16020;71944;50821;31647;65008	2469	1057	1999.25	1529.5	4356	542.5	2881	175.5	1994.5	2524.5	982	3218	1352	6542.5	8638.5	2476	7582.5	6590	6327	4258.5	5637	3609.5	910.5	2229	68471	3423.55
ORTHO001788	gibberellin 3-oxidase 1	AT1G15550;AT1G80340;AT4G21690	9639;9416;9314;9628;50896;8150;5737;44424;44464;5575;5623;5622;5506;46914;46872;43169;43167;5488;3674;9686;16102;16114;6721;6720;44255;6629;71704;8152;44710;44699;44238;44763;9987;44237;8299;8610;1901576;9058;44711;44249;16101;46394;16053;6082;44281;44283;19752;43436;9685;16707;16706;16705;16491;3824;55114;51213;9739;9725;9719;10033;42221;33993;1101;1901700;9740;10476;9755;7165;50794;50789;65007;51716;7154;44700;23052;32870;71495;71310;70887;71370;71396;71229;1901701;8134;5515;10114;9845;44707;32501;90351;9791;44767;32502;7275	2470	3255	5231.5	7993	4356	8152	6182	3095.5	8892.5	7830	4663	7330.5	6617.5	6764.5	7017.5	7782	1660	7295.5	778.5	1869	8400	6859.5	4047.5	3721	108958	5447.9
ORTHO006505	Protein of unknown function (DUF1295)	AT1G18180;AT1G73650	5886;16020;5575;44464;5623;71944;16627;16491;3824;3674;8152;8150;55114;44710;44699;16021;31224;44425;5737;44424;5622;6629;71704;44238;9506;5911;30054;55044;5774;44437;44444;44446;44422;43226;43229;5773;43231;43227;98588;31090;98805;5783;12505;5739;5794;9507;9536	2471	3631	3296	4121	2097	6529	4244.5	2114.5	8259	2702	6763.5	3218	5195	3815.5	3047.5	6712.5	3958.5	3121	3792	5189.5	4668.5	3854	5902.5	2382	85469	4273.45
ORTHO006290	Mo25 family protein	AT5G18940	8150;5737;44424;44464;5575;5623;5622	2472	3357	1680	888	4356	4454	5756	2250	1042.5	7539	1981	1198.5	1352	4694.5	5254.5	1830	8562.5	3121	3730.5	1129.5	800.5	2213.5	1157	2575	60641.5	3.032.075
ORTHO004885	GDSL-like Lipase/Acylhydrolase superfamily protein	AT5G03610	5576;5575;16042;44712;9056;8152;8150;44710;44699;6629;71704;44238;1901575;16788;16787;3824;3674	2473	3403	3974.5	5476	4356	8937	3327	3698.5	3404.5	4178	4558	5903.5	1352	5279.5	638	6712.5	2086	8739	2459.5	8930.5	2737	8260	3686	7543.5	92430	4621.5
ORTHO000755	S-adenosylmethionine decarboxylase	AT3G02470;AT3G25570;AT5G15950	6557;44272;6790;44237;8152;8150;9987;44249;9058;46499;97164;6807;46128;9119;9116;55086;6139;46483;6725;1901360;71704;34641;44238;44281;44710;44699;44763;1901564;1901657;1901135;42278;72521;46129;42451;9163;1901659;1901137;1901576;44711;1901566;34654;19438;44271;18130;1901362;72522;42455;16458;10629;10605;9892;48519;50789;65007;19222;60255;10468;4014;16831;16830;16829;3824;3674;6597;8215;6595;6576;44106;9308;6596;42401;9309;8295;8216;19079;16032;44764;51704;44403;44419;19058;48513;48856;32502;48731;7275;44767;44707;32501;5515;5488;5829;44444;44424;44464;5575;5623;5622;5737;5634;43231;43227;43226;43229	2474	3937	4424.5	6375	1522.5	8240.5	6542.5	7656	8721	6756.5	2216.5	3218	1352	8436.5	8359	2821	7698.5	6919	5648	681.5	5988	4169	545.5	1414.5	97383.5	4.869.175
ORTHO005832	Tetratricopeptide repeat (TPR)-like superfamily protein	AT3G51280	7049;44763;9987;8150;44699;5634;43231;43227;43226;5575;43229;44424;44464;5623;5622;51301	2475	1298	2789	3103	1066.5	3726.5	1818.5	727.5	210.5	1371	1414	1471	8446	8123.5	9073.5	2476	693.5	6854.5	1189.5	5160	8300	7493	7868.5	3289.5	79706.5	3.985.325
ORTHO004501	C2 domain-containing protein / GRAM domain-containing protein	AT3G59660	3674;8150;5576;5575	2476	300	1551	626	672.5	2837	81.5	378.5	4387	3679.5	4391	5720.5	1352	6971	8726.5	976.5	2611.5	7988	904	2033	1121	521.5	313	885.5	55878.5	2.793.925
ORTHO005164	BTB/POZ domain-containing protein	AT1G63850	16567;32446;70647;6464;36211;19538;43170;71704;8152;8150;44238;43412;44267;44260;44237;9987;5634;43231;43227;43226;5575;43229;44424;44464;5623;5622	2477	2262	1745	1013	1281	994.5	776.5	1013.5	635	2856.5	5351	6055	6617.5	4415.5	6092	1830	3796.5	5221.5	4263.5	419.5	4321	2061	4434.5	1473	62627.5	3.131.375
ORTHO002629	Smg-4/UPF3 family protein	AT1G33980	184;956;6402;16071;16070;44260;43170;71704;8152;8150;44237;9987;90304;6139;46483;6725;1901360;34641;6807;44238;6401;44265;9057;1901575;9056;44248;34655;19439;44270;1901361;46700;5634;43231;43227;43226;5575;43229;44424;44464;5623;5622;51028;50658;50657;15931;71705;6810;51234;51179;71702;51236;6403;33036;42742;9617;51707;43207;9605;50896;9607;51704;98542;6952;6950;5730;44428;44446;44422;43232;43228;31981;70013;43233;31974;5737;3723;3676;1901363;5488;3674;97159;166;36094;1901265	2478	1548	4669.5	6861	1584.5	7932.5	3758	2000	1133	2832.5	1623	5150	1352	4995.5	599	1429.5	7698.5	8150.5	9043	8975	8967.5	8840	9093.5	6883	100456	5022.8
ORTHO005570	Transducin/WD40 repeat-like superfamily protein	AT1G12910;AT3G26640	5634;43231;43227;43226;5575;43229;44424;44464;5623;5622;44212;975;3677;3676;1901363;5488;3674;97159;1067;48511;8150;48573;9648;9416;9314;9628;50896;10228;3006;32502;22414;48608;48856;61458;48731;7275;44767;44699;44707;32501;9791;43153;9649;9605;42752;50789;65007;166;36094;1901265;9718;46283;9812;71704;8152;42440;44710;9813;1901576;9058;46148;44711;5737	2479	4086	2216	1953	1551	5974	5075.5	2772	1954.5	5702	2402	1810.5	4865.5	3815.5	5254.5	2914	3106	6085	4830.5	4904	3375	2837	3884	707	72268.5	3.613.425
ORTHO000936	Transducin/WD40 repeat-like superfamily protein	AT1G11160;AT1G61210;AT5G08390;AT5G23430	5874;44430;44446;44422;5575;43226;44424;44464;5623;5622;43229;5856;43232;43228;43234;32991;15630;51013;7017;44763;9987;8150;44699;8017;32403;44877;5488;3674;5515;15631;8092;8352;5875;44450;44444;5737;5815;80008;31461;151;1990234;1902494;166;36094;1901265;1901363;97159;5834;98797;44459;44425;16020;5886;71944;98796;31234;19897;19898;9898;98562;98552;9651;6970;9628;50896;6950;9737;9725;9719;10033;42221;33993;97305;1901700;1101	2480	3524	5740.5	9001	1408	2757.5	4698	8212.5	8656.5	6889	3971	9058.5	4087.5	5492	960	6712.5	7469	7408	8655.5	9073.5	8350.5	8676.5	8775	8863.5	128766.5	6.438.325
ORTHO000527_1	Di-glucose binding protein with Kinesin motor domain	AT1G72250	7018;6928;44763;9987;8150;44699;7017;3777;3774;17111;16462;16818;16817;16787;3824;3674;8152;8017;32403;44877;5488;5515;15631;8092;5874;44430;44446;44422;5575;43226;44424;44464;5623;5622;43229;5856;43232;43228;43234;32991;15630;5524;35639;1901265;1901363;97159;43168;43167;32559;30554;17076;166;36094;32555;32553;97367;32550;32549;1882;1883;5871;5875;5737	2481	820	3523	4565	672.5	3726.5	1672.5	1204.5	800	674	982	8467	9103	8704	6581	2476	562	7446.5	2150.5	5929.5	8798.5	9164	9079.5	153	87674	4383.7
ORTHO003610	Phosphatidic acid phosphatase (PAP2) family protein	AT3G50920;AT5G66450	8195;16791;42578;16788;16787;3824;3674;8152;8150;16311;6796;6793;44237;9987;9706;9528;19866;31090;16020;5575;44422;43226;43227;44424;44464;5623;5622;31967;31975;44446;43229;42170;44435;44444;5737;9536;43231;9526;31969;44434;9507;9941;16021;31224;44425;6651;46463;46460;6638;44255;6629;71704;44710;44699;44238;44763;8610;1901576;9058;44711;44249;6639;46486;45017;46339	2482	3004	5214.5	7947	4356	6382	2328.5	2000	8053.5	4003	1981	1198.5	3904	7536	7349.5	7782	6896.5	5626	6327	8818.5	7786.5	7725	8551.5	4291.5	108540.5	5.427.025
ORTHO005914	quiescin-sulfhydryl oxidase 1	AT1G15020;AT2G01270	43157;9651;6970;9628;50896;8150;6950;6457;9987;30173;31228;44431;44444;44424;44464;5575;5623;5622;5737;44446;44422;43226;43229;5794;43231;43227;12505;31300;31224;44425;16020;31090;139;98588;31301;16021;16971;16972;16670;16667;16491;3824;3674;8152;55114;44710;44699;5576;5618;30312;71944;43268;43270;51050;48518;50789;65007;51049;32879;43269;43266;10959;5615;44421;3756;16864;16860;16853;5802;98791;31984;5768	2483	2231	1967	1451	4356	961.5	2080	7084	1133	1642.5	5407.5	1471	1352	4560	6243.5	1830	4252.5	5221.5	4756.5	4527	5637	3026	4927.5	1735.5	67848.5	3.392.425
ORTHO001368	Ribosomal protein L7Ae/L30e/S12e/Gadd45 family protein	AT1G15930;AT2G32060	22626;44445;44444;44424;44464;5575;5623;5622;5737;5829;5840;30529;32991;43232;43228;43226;43229;6412;43043;43604;43603;34641;6807;8152;8150;44237;9987;44271;44249;9058;6518;1901564;71704;1901566;1901576;44267;19538;43170;44238;44260;34645;9059;10467;22627;15935;44391;44446;44422;9651;6970;9628;50896;6950;46686;10038;10035;42221;3735;5198;3674;44822;3723;3676;1901363;5488;97159;5634;43231;43227	2484	1571	2025.5	1567	3606	3466.5	8427.5	7331	5258	6065.5	49	818.5	5338.5	4277	4842.5	1144	2958.5	8309.5	1748	1811	1959	1778.5	2380.5	819.5	68782.5	3.439.125
ORTHO004926	purin-rich alpha 1	AT2G32080	5634;43231;43227;43226;5575;43229;44424;44464;5623;5622;6355;1903506;2001141;31326;9889;19222;50789;65007;8150;31323;50794;51252;19219;80090;51171;60255;10556;10468;2000112;46686;10038;10035;42221;50896;6351;34645;44260;43170;71704;8152;44237;9987;9059;1901576;9058;44249;97659;32774;16070;90304;6139;46483;6725;1901360;34641;6807;44238;34654;19438;44271;18130;1901362;10467;3676;1901363;5488;3674;97159;3677;5737	2485	777	2119	1753	365.5	2557.5	512	1114.5	8509.5	4036	397.5	1576.5	4136	6971	8927.5	2476	324.5	6896	5027.5	160.5	1063.5	7320	7335	1106.5	70447.5	3.522.375
ORTHO006719	ribosome biogenesis regulatory protein (RRS1) family protein	AT2G37990	447;479;478;469;90501;16070;44260;43170;71704;8152;8150;44237;9987;90304;6139;46483;6725;1901360;34641;6807;44238;90305;6364;34470;34660;6396;10467;16072;42254;22613;44085;71840;90502;466;460;462;30490;42274;5730;44428;44446;44422;5575;43226;44424;44464;5623;5622;43229;5634;43231;43227;43232;43228;31981;70013;43233;31974;55;54;71428;71426;51168;6913;16482;46907;6810;51234;51179;51649;51641;51169;1902582;44765;1902578;44699;71166;1902580;33753;33750;51640;51656;42273;30687;30684;30529;32991	2486	1626	2838	3190	4356	3824	1247	3467	3366.5	1970.5	4610.5	6575.5	1352	4881.5	369	6075	8779.5	8815	2561	1698.5	1482	8801	2884	7508	80267.5	4.013.375
ORTHO004711	FER-like regulator of iron uptake	AT2G28160	3677;3676;1901363;5488;3674;97159;46983;5515;6355;1903506;2001141;31326;9889;19222;50789;65007;8150;31323;50794;51252;19219;80090;51171;60255;10556;10468;2000112;71732;1902170;1901699;1901698;42221;50896;70887;51716;9987;34614;302;6979;6950;1901700;34599;33554;1901701;71241;10035;71731;5634;43231;43227;43226;5575;43229;44424;44464;5623;5622;6351;34645;44260;43170;71704;8152;44237;9059;1901576;9058;44249;97659;32774;16070;90304;6139;46483;6725;1901360;34641;6807;44238;34654;19438;44271;18130;1901362;10467;34756;10959;43269;51049;32879;10039;10038;1990267;3700;1071;71369;32870;9725;9719;10033;71495;71310;9723;71281;71248;9735	2487	1689	1948	1409	4356	880.5	1173.5	2044	7455	1540.5	5314.5	818.5	6071.5	6455	7548.5	2914	7630.5	3949	7281	518	3174	1910	558	234.5	67470.5	3.373.525
ORTHO000682_2	NRAMP metal ion transporter 6	AT1G15960;AT1G80830	46873;22890;8324;15075;22891;22857;5215;3674;6810;51234;51179;8150;55085;44763;9987;44699;44765;1902578;22892;34220;6811;98655;6812;30001;55072;55076;55065;98771;50801;48878;42592;65008;65007;55080;12505;44464;5575;5623;16021;31224;44425;16020;15086;72509;72511;46915;41;70574;98662;98660;15691;70838;15103;8509;98656;6820;15698;9507;9536;43231;43227;43226;43229;44424;5622;44444;5737;6875;30003;6873;55082;19725;34755;6826;71421;6828;5384;15692;5886;71944;5381;55071	2488	974	3698.5	4909	4356	8253.5	1744	4640	1133	2670	1414	4779	4151.5	8825.5	6574	797.5	3836.5	7073	857	5189.5	8019	8049	8290	3289.5	89585.5	4.479.275
ORTHO004234	zinc transporter 4 precursor	AT1G10970;AT1G60960	9507;9536;43231;43227;43226;5575;43229;44424;44464;5623;5622;44444;5737;8324;15075;22891;22857;5215;3674;6810;51234;51179;8150;55085;44763;9987;44699;44765;1902578;22892;34220;6811;98655;6812;5375;46915;46873;22890;30001;41;35434;98662;98660;6825;5515;5488;5385;72509;72511;71577;6829;70838;9535;55035;42651;34357;16020;44436;9579;44435;44446;44422;31976;31984;44434;9534;6826;16021;31224;44425;5381;34755;5886;71944;9624;51707;43207;9605;50896;9607;51704;5774;44437;5773;98588;31090;98805	2489	4256	2515	2541	5151.5	1227	3224.5	6428.5	5028	1842.5	8606.5	1954	6227	1800.5	3047.5	6712.5	737	4326.5	3575.5	6555.5	4384	3222.5	5407	2046	76352.5	3.817.625
ORTHO001291	Pentatricopeptide repeat (PPR) superfamily protein	AT2G16880;AT5G63220	8150;5739;43231;43227;43226;5575;43229;44424;44464;5623;5622;44444;5737;3674;71818;72379;43234;32991;44445;5829;502;45048;51205;90150;45184;51234;51179;8104;33036;72657;44802;61024;16043;71840;9987;44763;44699;1902580;51641;1902578;34613;70727;7029;6996;10256;33365	2490	289	1438	386	57	4462	1672.5	143.5	2134	3007	2402	2851	1352	6501	9129.5	56	3548.5	4507	88	3528.5	1257.5	2837	264.5	158.5	49900	2495
ORTHO003145	Cell differentiation; Rcd1-like protein	AT3G20800	288;956;6402;16071;16070;44260;43170;71704;8152;8150;44237;9987;90304;6139;46483;6725;1901360;34641;6807;44238;6401;44265;9057;1901575;9056;44248;34655;19439;44270;1901361;46700;30015;43234;32991;5575;44424;44464;5623;5622;30014;3674;932;36464;35770;30529;43232;43228;43226;43229;44444;5737;7275;44767;32502;44699;44707;32501;5634;43231;43227;17148;10629;10605;9892;48519;50789;65007;19222;60255;10468;6417;10608;32268;51246;80090;31323;50794;34248;51171;2000112;31326;9889;10556;34249;51172;31324;48523;2000113;31327;9890;10558;32269;51248	2491	2864	1551	611	2097	900	2791.5	4053	1994.5	4756.5	5310.5	2291.5	4677	4179	3047.5	1606	1985.5	4595	1374.5	6467.5	606	1566.5	910.5	2314	55426.5	2.771.325
ORTHO006368	Bacterial sec-independent translocation protein mttA/Hcf106	AT5G28750	9941;9526;31967;31975;44464;5575;5623;44446;44422;43226;44424;5622;43229;43227;44435;44444;5737;9536;43231;44434;9507;9535;55035;42651;34357;16020;44436;9579;31976;31984;9534;9306;15031;45184;51234;51179;8150;8104;33036;71702;6810;32940;46903;44765;1902578;44699;51649;51641;44763;9987;16021;31224;44425;33281;98797;44459;5886;71944;98796;43234;32991;8565;22892;5215;3674	2492	3092	2202.5	1913	2097	8412.5	1011	1389	2684.5	3948	3136.5	6171.5	1352	9119	7619.5	7782	2595	5221.5	3233.5	995	4833.5	468	500	1546.5	72018.5	3.600.925
ORTHO003372	RING/FYVE/PHD zinc finger superfamily protein	AT3G02890;AT5G16680	8150;8270;46914;46872;43169;43167;5488;3674;5634;43231;43227;43226;5575;43229;44424;44464;5623;5622;6355;1903506;2001141;31326;9889;19222;50789;65007;31323;50794;51252;19219;80090;51171;60255;10556;10468;2000112;3677;3676;1901363;97159	2493	1503	2323	2153	1066.5	8990	5327.5	3549.5	7831	5767	982	281	1352	5689	1233.5	508.5	2377.5	8744.5	5128	1094	934.5	7897.5	2047.5	3799.5	73534	3676.7
ORTHO005935	Tetratricopeptide repeat (TPR)-like superfamily protein	AT5G41950	5829;44444;44424;44464;5575;5623;5622;5737	2494	1101	2162.5	1831	1066.5	9022	961	336	4645.5	3594	4723	2131	1352	6047	5788.5	797.5	8948	8678.5	2575.5	1919	957	6512.5	2274	43	71305	3565.25
ORTHO004225	NAC domain containing protein 53	AT3G10500;AT5G04410	16021;31224;44425;5575;16020;5634;43231;43227;43226;43229;44424;44464;5623;5622;2000377;31323;50794;50789;65007;8150;19222;9819;9414;9415;9628;50896;1101;42221;10035;1901700;6950;3700;1071;3674;2001141;31326;9889;51252;19219;80090;51171;60255;10556;6355;1903506;10468;2000112;7275;44767;32502;44699;44707;32501;5789;98588;31090;44422;44432;44444;5737;44446;5783;12505;42175;6351;34645;44260;43170;71704;8152;44237;9987;9059;1901576;9058;44249;97659;32774;16070;90304;6139;46483;6725;1901360;34641;6807;44238;34654;19438;44271;18130;1901362;10467;3677;3676;1901363;5488;97159;5886;71944;45893;10628;10604;9893;48518;1903508;1902680;51254;45935;31325;48522;51173;31328;9891;10557;10150;10260;7568;48513;48856;48731;48366;48827;48367;9644;9642;9416;9314;9962	2495	1595	3571.5	4648	4356	5904	1011	4571	1691	1318	2402	8795.5	8519	6047	6192.5	2080.5	1703	7251.5	8098.5	1129.5	8438.5	8510	2834	1615.5	88112	4405.6
ORTHO000703_1	phragmoplast-associated kinesin-related protein; putative	AT3G23670;AT4G14150	5524;35639;1901265;1901363;5488;3674;97159;43168;43167;32559;30554;17076;166;36094;32555;32553;97367;32550;32549;1882;1883;8574;3777;3774;17111;16462;16818;16817;16787;3824;8152;8150;16887;914;1902407;912;32506;22402;44763;9987;44699;7049;910;51301;22607;16043;71840;44085;61640;1902410;1903047;278;281;911;80175;226;7010;6996;1902589;7017;55046;44767;32502;44707;32501;9555;48229;7275;48856;9524;44444;44424;44464;5575;5623;5622;5737;5515	2496	3030	4330	6164	4356	3557.5	1204	8647	3632	3190.5	4655	8595.5	1352	8843	6035	2476	1048	8821	2324.5	1960	8935.5	8644	8202.5	4060.5	96183.5	4.809.175
ORTHO008109	Small nuclear ribonucleoprotein family protein	AT5G48870	956;6402;16071;16070;44260;43170;71704;8152;8150;44237;9987;90304;6139;46483;6725;1901360;34641;6807;44238;6401;44265;9057;1901575;9056;44248;34655;19439;44270;1901361;46700;46540;97526;97525;30532;44428;44446;44422;5575;43226;44424;44464;5623;5622;43229;5634;43231;43227;30529;32991;9414;9415;9628;50896;1101;42221;10035;1901700;6950;398;6397;6396;10467;377;375;8380;1990726;43234;3723;3676;1901363;5488;3674;97159;5688;5732;9737;9725;9719;10033;33993;97305	2497	2716	2598.5	2700	1812	6023.5	7422	1263.5	5994	4308	2290	6027	5195	3815.5	3265	6712.5	3399	4809.5	1501	4012.5	3646	1566.5	3662.5	2439.5	77352.5	3.867.625
ORTHO008282	Peroxisomal membrane 22 kDa (Mpv17/PMP22) family protein	AT1G52870	9507;9536;43231;43227;43226;5575;43229;44424;44464;5623;5622;44444;5737;3674;16021;31224;44425;16020;8150	2498	2870	2250.5	2003	4356	6643.5	1818.5	1426	7691.5	2025.5	1483.5	1422	1352	4206	5254.5	6712.5	4408.5	5368	4914	4586	569	3609.5	5171.5	3920	72582	3629.1
ORTHO000678_2	GDP dissociation inhibitor family protein / Rab GTPase activator family protein	AT5G09550	5093;5092;30695;60589;30234;98772;3674;50790;19222;50789;65007;8150;65009;48046;5576;5575;15031;45184;51234;51179;8104;33036;71702;6810;5737;44424;44464;5623;5622;5096;8047;43085;44093;9893;48518;43547;43087;51336;51345	2499	1281	1936.5	1374	1584.5	2776	822.5	291	123.5	1371	6173.5	3808	8817.5	6047	6007	797.5	2842.5	7637	8173	346	408.5	7332.5	2669.5	611.5	67055	3352.75
ORTHO003884	RAB GTPase homolog G3D	AT1G52280;AT3G16100	5773;43231;43227;43226;5575;43229;44424;44464;5623;5622;44444;5737;5525;35639;1901265;1901363;5488;3674;97159;43168;43167;32550;32549;1882;36094;97367;1883;32561;19001;17076;166;32555;32553;5774;44437;44446;44422;98588;31090;16020;98805;5794;12505;5886;71944;5634	2500	3311	3944	5388	4356	6986.5	3430	3393.5	2069	985.5	4410	1576.5	8675.5	5445	892.5	1606	2425.5	7885.5	8406.5	7498.5	8873.5	8362	2261.5	6801.5	91984.5	4.599.225
ORTHO001395	DNAJ heat shock family protein	AT2G20560;AT4G28480	51082;5515;5488;3674;6457;9987;8150;5737;44424;44464;5575;5623;5622	2501	4299	3612.5	4724	2982.5	2953.5	6168	517	2892	7441.5	5002	1755.5	6316	8561.5	5596.5	6075	2494	8231	4548.5	2373.5	7254	2433.5	1748	6281	88642	4432.1
ORTHO005407	Protein of unknown function (DUF1218)	AT4G31130	5576;5575;5886;16020;44464;5623;71944;3674;8150	2502	2043	2776.25	3050.5	4356	7794.5	3758	4238	2202	2340	8892.5	4905	1352	7213.5	8203.5	2476	1482.5	5720	3977	4527	782.5	4169	3634.5	1735.5	79403	3970.15
ORTHO006261	Transducin family protein / WD-40 repeat family protein	AT2G16780;AT4G35050	6351;34645;44260;43170;71704;8152;8150;44237;9987;9059;1901576;9058;44249;97659;32774;16070;90304;6139;46483;6725;1901360;34641;6807;44238;34654;19438;44271;18130;1901362;10467;3674;5829;44444;44424;44464;5575;5623;5622;5737;6355;1903506;2001141;31326;9889;19222;50789;65007;31323;50794;51252;19219;80090;51171;60255;10556;10468;2000112;80008;31461;151;1990234;1902494;43234;32991;5634;43231;43227;43226;43229;5515;5488;16568;6325;43933;16043;71840;51276;6996	2503	3411	2274	2045	2097	5833.5	2703	6428.5	5994	2856.5	2539	1889	3321	3815.5	3047.5	6712.5	7829	2558	3459.5	3899.5	4384	2061	1640	1958.5	72929.5	3.646.475
ORTHO002665	myb domain protein 84	AT3G49690	7275;44767;32502;8150;44699;44707;32501;3677;3676;1901363;5488;3674;97159;9751;14070;10033;42221;50896;1101;1901700;6355;1903506;2001141;31326;9889;19222;50789;65007;31323;50794;51252;19219;80090;51171;60255;10556;10468;2000112;5634;43231;43227;43226;5575;43229;44424;44464;5623;5622;6351;34645;44260;43170;71704;8152;44237;9987;9059;1901576;9058;44249;97659;32774;16070;90304;6139;46483;6725;1901360;34641;6807;44238;34654;19438;44271;18130;1901362;10467;3682;44877;3700;1071	2504	4134	2749	2994	2375	8853	1519.5	3740.5	493.5	8446	5508	1810.5	1352	6764.5	1266.5	7360.5	9134.5	8428.5	2809	2635.5	1620	311	118	6949.5	79120.5	3.956.025
ORTHO002889	exocyst subunit exo70 family protein B2	AT1G07000;AT5G58430	5829;44444;44424;44464;5575;5623;5622;5737;6887;16192;6810;51234;51179;8150;32940;46903;44765;1902578;44699;51649;51641;44763;9987;6904;48278;22406;5634;43231;43227;43226;43229;145;44448;5938;71944;43234;32991;5886;16020;70062;31988;31982;1903561;43230;44421;5576;65010;45335;30139;16023;31410	2505	1692	2843.5	3182	4356	4381	961	1322	9024.5	6889	1414	6629	3932	7343.5	8316.5	2476	1396.5	5720	1004.5	1129.5	4833.5	5924	5541.5	1958.5	80196.5	4.009.825
ORTHO000355_3	Transducin/WD40 repeat-like superfamily protein	AT1G55680;AT3G13340;AT5G56190	80008;31461;151;1990234;1902494;43234;32991;5575;44424;44464;5623;5622;5834;98797;44459;44425;16020;5886;71944;98796;31234;19897;19898;9898;98562;98552;3674;5737;8150	2506	4436	3866	5226	5938.5	1227	2627.5	6741	7455	5201.5	1312.5	3034.5	5740	1800.5	5413.5	1606	6825	3750.5	7435.5	7299	5061.5	4780.5	6854	6949.5	91114.5	4.555.725
ORTHO007431	Josephin family protein	AT3G54130	6355;1903506;2001141;31326;9889;19222;50789;65007;8150;31323;50794;51252;19219;80090;51171;60255;10556;10468;2000112;8242;8238;70011;8233;16787;3824;3674;8152;6508;19538;43170;71704;44238;5634;43231;43227;43226;5575;43229;44424;44464;5623;5622;6351;34645;44260;44237;9987;9059;1901576;9058;44249;97659;32774;16070;90304;6139;46483;6725;1901360;34641;6807;34654;19438;44271;18130;1901362;10467;8234	2507	1242	2946.5	3386	4356	717.5	7223	3914.5	3704.5	3303	4892.5	5572	7377.5	7448.5	8471.5	2476	7991.5	7295.5	3730.5	1160.5	361	2763	910.5	2046	81359	4067.95
ORTHO004361	P-loop containing nucleoside triphosphate hydrolases superfamily protein	AT1G01910	45048;51205;90150;45184;51234;51179;8150;8104;33036;72657;44802;61024;16043;71840;9987;44763;44699;1902580;51641;1902578;34613;70727;7029;6996;10256;33365;5524;35639;1901265;1901363;5488;3674;97159;43168;43167;32559;30554;17076;166;36094;32555;32553;97367;32550;32549;1882;1883;16887;17111;16462;16818;16817;16787;3824;8152;6810;9507;9536;43231;43227;43226;5575;43229;44424;44464;5623;5622;44444;5737;16020;5515;46872;43169;5783;12505;6820;6811;44765	2508	960	1463	418	672.5	2557.5	5521	4133.5	1430.5	607.5	865	1658	1352	4694.5	6092	508.5	2152.5	5824	2922	3331	3870	1132	568.5	1454.5	50674.5	2.533.725
ORTHO005160	Sterile alpha motif (SAM) domain-containing protein	AT3G07170	16757;16740;3824;3674;8152;8150;5737;44424;44464;5575;5623;5622	2509	1936	2991.5	3474	4356	422	6155.5	765	702.5	1409.5	1981	6171.5	8754.5	6112	6608.5	7782	1873	7571	1719	247	8738	8970.5	3001.5	2850	81834	4091.7
ORTHO001182	Protein kinase superfamily protein	AT1G16670	46777;6468;16310;6796;6793;44237;8152;8150;9987;6464;36211;19538;43170;71704;44238;43412;44267;44260;4674;4672;16301;16772;16740;3824;3674;16773;5524;35639;1901265;1901363;5488;97159;43168;43167;32559;30554;17076;166;36094;32555;32553;97367;32550;32549;1882;1883;5886;16020;5575;44464;5623;71944	2510	2707	2550	2590	5552	8581.5	2791.5	4065.5	7046.5	3547	1211	6120	4793	3815.5	3047.5	6712.5	1463.5	4747.5	732	3899.5	3454.5	1228	3141.5	6210	76608	3830.4
ORTHO005671	IQ-domain 11	AT5G13460	5886;16020;5575;44464;5623;71944;5516;5515;5488;3674;8150;5634;43231;43227;43226;43229;44424;5622	2511	1458	2813	3115	4356	314	6478	3291	4645.5	8319	4522.5	7162	1352	7536	8429	797.5	1816.5	8794	7901.5	2289	452.5	2328.5	1361	2003.5	79793	3989.65
ORTHO000923_2	6-phosphogluconate dehydrogenase family protein	AT3G02360	19521;19520;44723;5975;71704;8152;8150;44238;44710;44699;44262;44237;9987;32787;19752;43436;6082;44281;44763;6098;51156;19637;6793;1901135;6796;6739;46496;19362;6733;6732;51186;9117;6753;55086;6139;46483;6725;1901360;34641;6807;72524;1901564;19682;6081;19693;50661;50662;48037;5488;3674;166;36094;1901265;1901363;97159;4616;16616;16614;16491;3824;55114;5737;44424;44464;5575;5623;5622;9651;6970;9628;50896;6950;5829;44444;9570;9532;44435;44446;44422;43226;43229;9536;43231;43227;44434;9507;5777;42579	2512	2894	4326.75	6141.5	2097	8169	5756	2392	5851.5	6687	3136.5	2729	6617.5	6764.5	7129	7782	5032.5	5720	1086	2409.5	4833.5	5603	4564	3771.5	96034	4801.7
ORTHO003358	damaged DNA binding protein 1A	AT4G05420;AT4G21100	5634;43231;43227;43226;5575;43229;44424;44464;5623;5622;5515;5488;3674;5829;44444;5737;9585;7602;9583;9416;9314;9628;50896;8150;9582;51606;9581;9605;7165;50794;50789;65007;51716;9987;7154;44763;44699;44700;23052;10017;71489;9639;71482;71478;71214;3677;3676;1901363;97159;45892;1903507;1903506;2001141;31326;9889;19222;31323;51252;19219;80090;51171;60255;10556;1902679;51253;10605;9892;48519;45934;51172;31324;48523;31327;9890;10558;10629;10468;6355;2000112;2000113;10100;48581;48580;2000026;50793;51239;51241;51093;48585;48583;10099;2000030;16567;32446;70647;6464;36211;19538;43170;71704;8152;44238;43412;44267;44260;44237;80008;31461;151;1990234;1902494;43234;32991;9793;44702;22414;3006;32502;9790;44767;48856;7275;44707;32501;48316;48608;61458;48731;9791;10154;3684	2513	1716	2245.5	1978	1281	156	1611.5	7156.5	985	930.5	1312.5	50	7377.5	4616	6464.5	6712.5	5329.5	5720	5347.5	4848	606	5376	5762.5	2046	72408	3620.4
ORTHO002842	photosystem II subunit X	AT2G06520	9507;9536;43231;43227;43226;5575;43229;44424;44464;5623;5622;44444;5737;9523;9521;98796;43234;32991;44425;16020;44436;9579;34357;9535;55035;42651;44435;44446;44422;31976;31984;44434;9534;15979;44237;8152;8150;9987;3674	2514	3961	5448	8382	5748	7877	4638.5	8761	1133	3601	9139	5150	8754.5	5378	766.5	3976.5	2152.5	7597	7562	9125.5	8663	8644	3571.5	7161.5	113652	5682.6
ORTHO002988	N-terminal nucleophile aminohydrolases (Ntn hydrolases) superfamily protein	AT3G27430;AT5G40580	10499;10498;51603;6508;19538;43170;71704;8152;8150;44238;44257;30163;9057;1901575;9056;44265;44260;44237;9987;44248;44267;6511;19941;43632;8233;16787;3824;3674;43161;5737;44424;44464;5575;5623;5622;5839;43234;32991;502;4175;70011	2515	3733	2921.25	3327.5	4356	2776	2528	6323	1839.5	6856.5	1312.5	998	5740	3374	4233.5	6712.5	4346.5	3580	3119	7299	5170.5	4873	7048.5	2850	80980	4049
ORTHO003700	RING/U-box superfamily protein	AT1G53190;AT3G15070	5634;43231;43227;43226;5575;43229;44424;44464;5623;5622;8270;46914;46872;43169;43167;5488;3674;5737	2516	5168	4646	6776	6194	6529	3513	5698.5	2134	6733	6343	3422.5	6071.5	1800.5	4705.5	3976.5	5864.5	3949	7042	7871	6180.5	5924	6040	6057.5	99855.5	4.992.775
ORTHO007940	alpha/beta-Hydrolases superfamily protein	AT5G38220	16787;3824;3674;8152;8150;5576;5575	2517	4311	5783	9049	2982.5	6085.5	8902.5	7331	1839.5	6733	8404	8339.5	7189	8541.5	8359	5325.5	7158.5	5569	7742	9004	7636	6576.5	1767.5	8332.5	130836	6541.8
ORTHO004819	RNI-like superfamily protein	AT2G42620	42335;44767;32502;8150;44699;48856;7275;44707;32501;19005;31461;151;1990234;1902494;43234;32991;5575;44424;44464;5623;5622;5737;10016;9653;48367;48731;7568;16567;32446;70647;6464;36211;19538;43170;71704;8152;44238;43412;44267;44260;44237;9987;6511;19941;51603;6508;44257;30163;9057;1901575;9056;44265;44248;43632;5634;43231;43227;43226;43229;31146;43161;10498;9414;9415;9628;50896;1101;42221;10035;1901700;6950;9934;48509;2000026;50793;50789;65007;51239;22603;9416;9314;1902584;2000070;80134;48583;48584;48518;9926;60918;9914;10817;65008;44765;6810;51234;51179;1902578;61630;4842;19787;16740;3824;3674;61659;10187;48581;48580;51241;48519;51093;10029;1900140	2518	2330	1982.5	1447	4356	257.5	5075.5	6906	6379.5	642.5	1810	1779	6397.5	4486	6092	1830	3521.5	5221.5	3904.5	3331	4103	1613	3020	1454.5	67824.5	3.391.225
ORTHO002369	ATP-citrate lyase B-1	AT3G06650;AT5G49460	3878;46912;16746;16740;3824;3674;8152;8150;6629;71704;44710;44699;44238;6085;71616;9108;51188;51186;44237;9987;44249;9058;6732;6637;35383;6790;6793;35384;44272;1901576;6084;5524;35639;1901265;1901363;5488;97159;43168;43167;32559;30554;17076;166;36094;32555;32553;97367;32550;32549;1882;1883;16020;5575;9346;43234;32991;44444;44424;44464;5623;5622;5737;44262;5975;4775;4774;16405;16877;16874;16878;46872;43169;48037;5829;5886;71944	2519	3053	4177	5835	4356	3435.5	3129.5	7084	5619	3622.5	8892.5	8132.5	6513.5	6764.5	7017.5	2476	4135	4507	1051.5	8077	723.5	4970.5	4806.5	3447.5	94405.5	4.720.275
ORTHO001633	thioredoxin H-type 5	AT1G45145;AT3G51030	50832;98542;6952;6950;50896;8150;51707;43207;9605;9607;51704;9620;48046;5576;5575;5886;16020;44464;5623;71944;5737;44424;5622;46686;10038;10035;42221;10188;9636;6979;9506;5911;30054;55044;16671;16667;16491;3824;3674;8152;55114;44710;44699;5829;44444;8047;30234;98772;50790;19222;50789;65007;65009;43085;44093;9893;48518	2520	5233	5259.5	7999	6194	1859.5	8474	5957	8900	7539	6763.5	3422.5	6227	1800.5	4233.5	6712.5	6027	3949	6785	4331	6810.5	6077	6365	6801.5	109035	5451.75
ORTHO001330	Ribosomal protein S25 family protein	AT2G21580;AT4G34555;AT4G39200	9506;5911;30054;5575;55044;5774;44437;44444;44424;44464;5623;5622;5737;44446;44422;43226;43229;5773;43231;43227;98588;31090;16020;98805;22626;44445;5829;5840;30529;32991;43232;43228;22627;15935;44391;6412;43043;43604;43603;34641;6807;8152;8150;44237;9987;44271;44249;9058;6518;1901564;71704;1901566;1901576;44267;19538;43170;44238;44260;34645;9059;10467;3735;5198;3674	2521	3339	5257.75	7994.5	1522.5	8050	1247	8991	8782	6825	3526	5257	8993.5	5142.5	273	2844	8370.5	7493.5	8930	586	7568	8544.5	1937.5	5601	108962	5448.1
ORTHO003282	PHD finger family protein	AT3G08020;AT3G52100	5634;43231;43227;43226;5575;43229;44424;44464;5623;5622;8270;46914;46872;43169;43167;5488;3674;9506;5911;30054;55044	2522	374	1502.5	483	672.5	2837	5849	279.5	239.5	1058	478.5	1854	4133.5	6971	8838	1073.5	118	6657.5	732	234.5	8019	1010.5	728.5	1061.5	52173	2608.65
ORTHO004848	DNA-binding family protein	AT4G34430	5634;43231;43227;43226;5575;43229;44424;44464;5623;5622;6355;1903506;2001141;31326;9889;19222;50789;65007;8150;31323;50794;51252;19219;80090;51171;60255;10556;10468;2000112;3700;1071;3674;8270;46914;46872;43169;43167;5488;7275;44767;32502;44699;44707;32501;3677;3676;1901363;97159;3682;44877;6351;34645;44260;43170;71704;8152;44237;9987;9059;1901576;9058;44249;97659;32774;16070;90304;6139;46483;6725;1901360;34641;6807;44238;34654;19438;44271;18130;1901362;10467;16568;6325;43933;16043;71840;51276;6996	2523	1168	3166	3809	1066.5	8077	6430	4099	1839.5	1371	5520.5	2937.5	7743	7536	8638.5	797.5	3167.5	6388.5	598.5	565.5	5637	5376	4668	2229	83619.5	4.180.975
ORTHO001514	Protein of unknown function; DUF538	AT3G07470;AT5G16380	5576;5575;5773;43231;43227;43226;43229;44424;44464;5623;5622;44444;5737;8150;3674;9507;9536	2524	2469	4368.5	6213	4356	1329	7600	1963.5	4645.5	1233	8606.5	1658	8205.5	7850	7619.5	2476	1000	6590	7644	461.5	7254	7227.5	8070	5007.5	96441	4822.05
ORTHO006301	Tetratricopeptide repeat (TPR)-like superfamily protein	AT1G04080	6397;16071;16070;44260;43170;71704;8152;8150;44237;9987;90304;6139;46483;6725;1901360;34641;6807;44238;6396;10467;48510;48506;48509;2000026;50793;50789;65007;51239;40034;5634;43231;43227;43226;5575;43229;44424;44464;5623;5622;5829;44444;5737	2525	2549	2439.25	2353.5	4356	4865.5	1881	917.5	4452.5	4016	8842.5	743.5	5740	3374	5034.5	6712.5	3891.5	5221.5	4388	4392	569	2213.5	4564	3103.5	74922.5	3.746.125
ORTHO004131	zinc finger (C2H2 type) family protein	AT1G30970	51568;34968;16571;6479;43414;44260;43170;71704;8152;8150;44237;9987;32259;43412;8213;6464;36211;19538;44238;44267;16570;16569;16568;6325;43933;16043;71840;51276;6996;1902589;44763;44699;44710;18022;18205;18193;5634;43231;43227;43226;5575;43229;44424;44464;5623;5622;6355;1903506;2001141;31326;9889;19222;50789;65007;31323;50794;51252;19219;80090;51171;60255;10556;10468;2000112;46872;43169;43167;5488;3674;3677;3676;1901363;97159;3700;1071;30154;48869;44767;32502;9908;90567;48608;3006;22414;48856;61458;48731;7275;44707;32501;44702;9791;48367;9910;48581;48580;2000026;50793;51239;51241;48519;51093;2000242;2000241;9909;48831;46982;46983;5515;42803;42802	2526	1743	1623.5	721	4356	1926	6688	3258.5	2264	2670	4418.5	5295.5	6397.5	4560	6092	1830	130.5	5518	1878.5	1094	421	1026	876	1434.5	57778.5	2.888.925
ORTHO004330	transducin family protein / WD-40 repeat family protein	AT5G50970	5737;44424;44464;5575;5623;5622;8150	2527	4502	3519.5	4512	2982.5	273.5	2627.5	6741	7455	3267	1312.5	998	3727	1800.5	5413.5	3976.5	6825	3580	7435.5	8551.5	5061.5	4525.5	6854	6949.5	87374.5	4.368.725
ORTHO001205	Ribosomal protein L36e family protein	AT2G37600;AT3G53740;AT5G02450	2181;6412;43043;43604;43603;34641;6807;8152;8150;44237;9987;44271;44249;9058;6518;1901564;71704;1901566;1901576;44267;19538;43170;44238;44260;34645;9059;10467;22625;15934;44391;30529;32991;5575;44424;44464;5623;5622;44444;5737;44446;44422;43226;43229;5840;43232;43228;44445;5829;22626;44822;3723;3676;1901363;5488;3674;97159;3735;5198;16020;5774;44437;5773;43231;43227;98588;31090;98805;9506;5911;30054;55044	2528	4854	2266.5	2005	5238	1705	6039	6652	4816.5	3293	7594	1854	4328	3497	6035	2080.5	2999	5886.5	3553	2835.5	3169	1656	3162	1434.5	72589.5	3.629.475
ORTHO002664	Cyclin D6	AT4G03270	5634;43231;43227;43226;5575;43229;44424;44464;5623;5622;4693;97472;4672;16301;16772;16740;3824;3674;8152;8150;16310;6796;6793;44237;9987;16773;6468;6464;36211;19538;43170;71704;44238;43412;44267;44260;51726;50794;50789;65007;4674;5515;5488;51301;44763;44699	2529	4816	2774	3019	2982.5	5155.5	5001	2545	2666	6934	6070	2729	5740	1800.5	4462	6712.5	6208.5	2199.5	3233.5	4444	864.5	2608	4224.5	5601	79199	3959.95
ORTHO006832	Transcription elongation factor (TFIIS) family protein	AT1G32130	5634;43231;43227;43226;5575;43229;44424;44464;5623;5622;6414;34645;44260;43170;71704;8152;8150;44237;9987;9059;1901576;9058;44249;6412;43043;43604;43603;34641;6807;44271;6518;1901564;1901566;44267;19538;44238;10467;3746;8135;3723;3676;1901363;5488;3674;97159;32784;6355;1903506;2001141;31326;9889;19222;50789;65007;31323;50794;51252;19219;80090;51171;60255;10556;10468;2000112;3677;9742;43401;9755;7165;51716;50896;7154;44763;44699;44700;23052;32870;9725;9719;10033;42221;71495;71310;70887;71383;71407;14070;71396;33993;48545;71367;9741;97305;1901700;97306;1901701;6351;97659;32774;16070;90304;6139;46483;6725;1901360;34654;19438;18130;1901362	2530	764	2070	1610	672.5	3788.5	687.5	1780.5	5144	1604.5	2402	367.5	8993.5	8906.5	6687	2476	2338.5	7597	1031	1208	2815.5	7914	1847	1506	69094.5	3.454.725
ORTHO005323	ARM repeat superfamily protein	AT5G14790	8150;5575	2531	1785	4149	5767	1584.5	165.5	8064	765	1430.5	1709.5	582	8712.5	8410.5	8123.5	9073.5	7782	8250.5	6982	7987	2289	2039	6791.5	1615	3179.5	93952	4697.6
ORTHO004791	unknown protein	AT3G62010	4725;4721;16791;42578;16788;16787;3824;3674;8152;8150;16311;6796;6793;44237;9987;6470;6464;36211;19538;43170;71704;44238;43412;44267;44260;35335;5634;43231;43227;43226;5575;43229;44424;44464;5623;5622;5829;44444;5737	2532	1971	2800	3068	4356	5248.5	1011	4312	931	4937.5	2539	6832	7377.5	7448.5	8429	2476	2063	6085	7281	1016.5	5170.5	2677	1498	2229	79562	3978.1
ORTHO004990	Homeodomain-like superfamily protein	AT1G79430	45893;10628;10604;9893;48518;50789;65007;8150;19222;60255;10468;1903508;1903506;2001141;31326;9889;31323;50794;51252;19219;80090;51171;10556;1902680;51254;45935;31325;48522;51173;31328;9891;10557;6355;2000112;5739;43231;43227;43226;5575;43229;44424;44464;5623;5622;44444;5737;10089;10087;9888;48856;32502;3700;1071;3674;5634;6351;34645;44260;43170;71704;8152;44237;9987;9059;1901576;9058;44249;97659;32774;16070;90304;6139;46483;6725;1901360;34641;6807;44238;34654;19438;44271;18130;1901362;10467;3682;44877;5488;3677;3676;1901363;97159;10088	2533	3593	4280.5	6028	5748	314	3327	2614.5	1545.5	3844.5	3136.5	9100.5	4174	5045.5	473.5	6075	2103	8162	9077	8818.5	2123	9052	7868.5	8552	95406.5	4.770.325
ORTHO006365	P-loop containing nucleoside triphosphate hydrolases superfamily protein	AT4G21800	3924;17111;16462;16818;16817;16787;3824;3674;8152;8150;5737;44424;44464;5575;5623;5622;166;36094;5488;1901265;1901363;97159;51301;44763;9987;44699;5874;44430;44446;44422;43226;43229;5856;43232;43228;43234;32991;15630;5524;35639;43168;43167;32559;30554;17076;32555;32553;97367;32550;32549;1882;1883;9790;44767;32502;48856;7275;44707;32501	2534	1284	2170.5	1807	4356	3672	7453.5	1204.5	2628	2425	1211	3218	1352	7779.5	8726.5	797.5	8250.5	6440	577.5	2289	5903.5	3854	910.5	2229	70921.5	3.546.075
ORTHO001671	ENTH/VHS/GAT family protein	AT3G08790;AT4G32760	5795;98791;44431;44444;44424;44464;5575;5623;5622;5737;44446;44422;43226;43229;5794;43231;43227;12505;31984;8565;22892;5215;3674;6810;51234;51179;8150;15031;45184;8104;33036;71702;6886;46907;51649;51641;34613;70727;6891;48193;1902582;44765;1902578;44699;16192;5886;16020;71944	2535	1736	3252	3969	4356	1089	8022.5	1709	2570.5	4619.5	5577	212.5	8306	7909	8968.5	976.5	935.5	6737.5	7712	586	256.5	7392.5	8202.5	2850	84632.5	4.231.625
ORTHO007380	unknown protein	AT2G39950	5634;43231;43227;43226;5575;43229;44424;44464;5623;5622;8150;3674	2536	1405	3367.5	4199	1066.5	2672	776.5	8810.5	702.5	1208.5	5549	2086	8205.5	7779.5	8893	976.5	6099.5	6590	3977	160.5	6696	6429	5586.5	2699.5	85897.5	4.294.875
ORTHO003852	TCP-1/cpn60 chaperonin family protein	AT3G18190	6457;9987;8150;46686;10038;10035;42221;50896;51082;5515;5488;3674;5829;44444;44424;44464;5575;5623;5622;5737;5524;35639;1901265;1901363;97159;43168;43167;32559;30554;17076;166;36094;32555;32553;97367;32550;32549;1882;1883	2537	1759	4220.5	5904	4356	2837	6236.5	1709	2412.5	1282.5	1981	5295.5	8675.5	5094.5	693	6712.5	7599.5	7967.5	8900	2059.5	1673.5	8644	9037	5957	94767.5	4.738.375
ORTHO000604_2	Serine/threonine protein phosphatase family protein	AT1G03445;AT4G03080	5634;43231;43227;43226;5575;43229;44424;44464;5623;5622;9742;43401;9755;7165;50794;50789;65007;8150;51716;9987;50896;7154;44763;44699;44700;23052;32870;9725;9719;10033;42221;71495;71310;70887;71383;71407;14070;71396;33993;48545;71367;9741;97305;1901700;97306;1901701;4722;4721;16791;42578;16788;16787;3824;3674;8152;16311;6796;6793;44237;6470;6464;36211;19538;43170;71704;44238;43412;44267;44260;46872;43169;43167;5488;5506;46914;30145;5515;32880;32879;5886;16020;71944	2538	3445	2867	3196	2097	4561.5	2528	8906	5144	1540.5	1312.5	998	5740	3815.5	4233.5	6712.5	400	3580	4113.5	7299	5061.5	4780.5	6854	2699.5	80280	4014
ORTHO002614	malate dehydrogenase	AT3G47520	9570;9532;44435;44444;44424;44464;5575;5623;5622;5737;44446;44422;43226;43229;9536;43231;43227;44434;9507;6099;6101;72350;19752;43436;6082;71704;8152;8150;44281;44710;44699;44763;9987;44237;44238;9060;45333;15980;6091;55114;10319;9526;31967;31975;9941;16615;16614;16491;3824;3674;30060;16616;5774;44437;5773;98588;31090;16020;98805;8746;16652;16651;9409;9266;9628;50896;6950;5739;48046;5576;9793;44702;22414;3006;32502;9790;44767;48856;7275;44707;32501;48316;48608;61458;48731;9791;10154;9735;9725;9719;10033;42221;5975	2539	1881	3451	4363	1281	6023.5	3513	3108.5	8757	1189	8364	5257	1352	4948.5	313	1239.5	1507	7547.5	8435	8551.5	1584	8421	5649	945.5	86705.5	4.335.275
ORTHO006453	SGNH hydrolase-type esterase superfamily protein	AT5G37690	16788;16787;3824;3674;8152;8150;5576;5575;16298;16042;44712;9056;44710;44699;6629;71704;44238;1901575	2540	3361	4730	6920	4356	2920.5	5075.5	7084	7691.5	7183	2992.5	3578.5	6513.5	6764.5	7017.5	7782	737	4673.5	3233.5	3146	5839	7087	7946.5	3565	100830.5	5.041.525
ORTHO004393	RING/U-box superfamily protein	AT2G46160;AT3G61550	16567;32446;70647;6464;36211;19538;43170;71704;8152;8150;44238;43412;44267;44260;44237;9987;16021;31224;44425;5575;16020;8270;46914;46872;43169;43167;5488;3674;9507;9536;43231;43227;43226;43229;44424;44464;5623;5622;44444;5737;5634	2541	5170	3140	3739	2982.5	1500	3863.5	5813.5	4953	2551	8450	2291.5	5740	1800.5	4462	6712.5	3589	2199.5	3265	6322.5	5637	5059	3227	5806	83242.5	4.162.125
ORTHO004744	sedoheptulose-bisphosphatase	AT3G55800	9941;9526;31967;31975;44464;5575;5623;44446;44422;43226;44424;5622;43229;43227;44435;44444;5737;9536;43231;44434;9507;16051;44723;5975;71704;8152;8150;44238;44710;44699;1901576;9058;44711;9570;9532;48046;5576;9579;42132;50308;19203;16791;42578;16788;16787;3824;3674;16311;6796;6793;44237;9987;19252;9250;33692;271;5976;43170;9059;34637;44262;44763;44249;44264;44260;34645;6073;44042;5982;19253;19685;15979;15977;42742;9617;51707;43207;9605;50896;9607;51704;98542;6952;6950;5986;5985;5984;9311;46351;9312;50278;46872;43169;43167;5488	2542	1590	3954.5	5367	1584.5	2054	7819	1484	1994.5	1282.5	1483.5	5096	1352	4935	511.5	1429.5	7777	8211.5	9077	3165	9055.5	8919.5	9121.5	7120	91888.5	4.594.425
ORTHO002567	ascorbate peroxidase 1	AT1G07890;AT3G09640	9651;6970;9628;50896;8150;6950;6979;9408;9266;46686;10038;10035;42221;9507;9536;43231;43227;43226;5575;43229;44424;44464;5623;5622;44444;5737;5794;12505;9570;9532;44435;44446;44422;44434;20037;46906;1901363;5488;3674;97159;9793;44702;22414;44699;3006;32502;9790;44767;48856;7275;44707;32501;48316;48608;61458;48731;9791;10154;5618;30312;71944;5829;55114;44710;8152;42744;42743;72593;44237;9987;44712;9056;44763;44248;5886;16020;9506;5911;30054;55044;16688;4601;16684;16491;3824;16209;302;1901700;46872;43169;43167;9735;9725;9719;10033	2543	3328	4865	7187	4356	1594	2791.5	2460.5	1994.5	4730	2809.5	8240	6731.5	6764.5	7082.5	7782	5685	5221.5	6785	8364.5	6810.5	7259	5497.5	4060.5	102664	5133.2
ORTHO003360	LMBR1-like membrane protein	AT3G08930;AT5G01460	5576;5575;9506;5911;30054;55044;16021;31224;44425;16020;5886;44464;5623;71944	2544	1775	2341.25	2138.5	1281	1089	6309	1426	344	502	669	1471	1352	8210.5	9129.5	2476	2086	7151.5	8720.5	1208	9120	7183	1720	3289.5	73456.5	3.672.825
ORTHO007377	heme binding	AT3G62370	5768;43231;43227;43226;5575;43229;44424;44464;5623;5622;44444;5737;12505;5794;5802;98791;44431;44446;44422;31984;20037;46906;1901363;5488;3674;97159	2545	1856	1907.5	1270	1281	3205.5	1985	4133.5	702.5	1750.5	8770	1854	6397.5	4415.5	6007	1830	3521.5	4982.5	1486.5	4211	4103	1735	3248	1434.5	65773	3288.65
ORTHO006304	O-fucosyltransferase family protein	AT1G52630	5794;43231;43227;43226;5575;43229;44424;44464;5623;5622;44444;5737;12505;16757;16740;3824;3674;8152;8150	2546	2830	1777	1008	4356	7812.5	7529.5	6323	1328.5	4197	2809.5	2392.5	4677	3815.5	1579	1429.5	3086.5	4595	732	3830	538	1090.5	3001.5	1794	62561	3128.05
ORTHO002270	myb domain protein 45	AT3G48920;AT4G25560;AT5G52260	3677;3676;1901363;5488;3674;97159;3682;44877;6355;1903506;2001141;31326;9889;19222;50789;65007;8150;31323;50794;51252;19219;80090;51171;60255;10556;10468;2000112;5634;43231;43227;43226;5575;43229;44424;44464;5623;5622;9751;14070;10033;42221;50896;1101;1901700;3700;1071;10018;71490;10218;9639;9416;9314;9628;71489;71482;71478;71214;51716;9987;10017;7165;7154;44763;44699;44700;23052;6351;34645;44260;43170;71704;8152;44237;9059;1901576;9058;44249;97659;32774;16070;90304;6139;46483;6725;1901360;34641;6807;44238;34654;19438;44271;18130;1901362;10467;16607;16604;44451;44428;44446;44422;5654;31981;70013;43233;31974;9585;7602;9583;9582;51606;9581;9605;45893;10628;10604;9893;48518;1903508;1902680;51254;45935;31325;48522;51173;31328;9891;10557;5515	2547	2956	1741	935	1408	1089	1881	6978.5	5619	5312.5	1810	743.5	5740	4134.5	4842.5	1830	494	5569	4756.5	4392	569	1228	1289.5	3103.5	61382	3069.1
ORTHO007385	Transducin/WD40 repeat-like superfamily protein	AT4G29830	71555;45229;16043;71840;8150;9987;71554;5618;30312;44464;5575;5623;71944;4553;16798;16787;3824;3674;8152;10411;6073;44042;5976;5975;71704;44238;43170;44264;44260;44237;44262;10410;10383;44036;16762;16758;16757;16740;5576;42546;44085;48046	2548	1857.5	3662	4776	1281	6946	2032.5	4462	800	969	1981	2392.5	1352	7779.5	8726.5	2476	6027	6946	7281	5447	6578.5	6859.5	7404.5	2439.5	88900	4445
ORTHO007437	xyloglucan endotransglucosylase/hydrolase 8	AT1G11545	32968;45944;45893;10628;10604;9893;48518;50789;65007;8150;19222;60255;10468;1903508;1903506;2001141;31326;9889;31323;50794;51252;19219;80090;51171;10556;1902680;51254;45935;31325;48522;51173;31328;9891;10557;6355;2000112;6357;34243;32784;32786;31062;31060;31056;1903308;1902275;33044;33043;51128;31399;32268;51246;31058;1903310;2001252;10638;51130;31401;32270;51247;10452;34968;16571;6479;43414;44260;43170;71704;8152;44237;9987;32259;43412;8213;6464;36211;19538;44238;44267;16570;16569;16568;6325;43933;16043;71840;51276;6996;1902589;44763;44699;44710;18022;18205;18193;5834;1902494;43234;32991;5575;98797;44459;44464;5623;44425;16020;5886;71944;98796;44424;5622;31234;19897;19898;9898;98562;98552;5515;5488;3674;5737;6351;34645;9059;1901576;9058;44249;97659;32774;16070;90304;6139;46483;6725;1901360;34641;6807;34654;19438;44271;18130;1901362;10467;9908;90567;48608;3006;32502;22414;48856;61458;48731;7275;44767;44707;32501;44702;9791;48367;51568;5829;44444;55087;9910;48581;48580;2000026;50793;51239;51241;48519;51093;2000242;2000241;9909;48831;34427;291;956;6402;16071;6401;44265;9057;1901575;9056;44248;34655;19439;44270;1901361;46700;80008;31461;151;1990234;5634;43231;43227;43226;43229;166;36094;1901265;1901363;97159	2549	1857.5	2271.5	1994	1281	257.5	5887	1114.5	800	2170.5	2129.5	367.5	1352	8638.5	8915.5	2476	6027	6330	6835.5	1632	970	7061.5	7335	2229	72528.5	3.626.425
ORTHO002974	Predicted AT-hook DNA-binding family protein	AT2G35270;AT4G17800	48653;44767;32502;8150;44699;44702;22414;3006;48856;48443;48827;48367;48731;7275;44707;32501;48437;48569;48513;9908;90567;48608;61458;9791;48466;48438;45892;1903507;1903506;2001141;31326;9889;19222;50789;65007;31323;50794;51252;19219;80090;51171;60255;10556;1902679;51253;10605;9892;48519;45934;51172;31324;48523;31327;9890;10558;10629;10468;6355;2000112;2000113;3677;3676;1901363;5488;3674;97159;48440;48467;48481;35670;5737;44424;44464;5575;5623;5622;6351;34645;44260;43170;71704;8152;44237;9987;9059;1901576;9058;44249;97659;32774;16070;90304;6139;46483;6725;1901360;34641;6807;44238;34654;19438;44271;18130;1901362;10467;5654;44428;44446;44422;43226;43229;5634;43231;43227;31981;70013;43233;31974;3680;1990837;3690;43566;43565	2550	1763	4650	6750	1281	8065.5	3628.5	1389	6660.5	607.5	1211	4949	8950	4850	343	1429.5	8849	8352	9117.5	9102.5	2848	8749	2863.5	7721.5	99686.5	4.984.325
ORTHO006950	unknown protein	AT5G65250	9941;9526;31967;31975;44464;5575;5623;44446;44422;43226;44424;5622;43229;43227;44435;44444;5737;9536;43231;44434;9507;8150;3674	2551	2309	2884	3217	1689.5	7895	6478	4312	1133	7125	4793.5	5372	7377.5	7448.5	8316.5	2476	143.5	6265.5	1311	1043.5	1510.5	2213.5	1337.5	3841	80393	4019.65
ORTHO001767	TRAM; LAG1 and CLN8 (TLC) lipid-sensing domain containing protein	AT1G31300;AT4G19645	16021;31224;44425;5575;16020;3674;8150	2552	2623	4311.5	6071	4356	2672	1985	1114.5	6379.5	1094.5	1810	998	8205.5	7996	8968.5	2476	6208.5	6471	7353.5	5519.5	6810.5	7109	7818	4678.5	95668	4783.4
ORTHO006211	C2H2-like zinc finger protein	AT3G60580	3700;1071;3674;2001141;31326;9889;19222;50789;65007;8150;31323;50794;51252;19219;80090;51171;60255;10556;6355;1903506;10468;2000112;46872;43169;43167;5488;5634;43231;43227;43226;5575;43229;44424;44464;5623;5622;8270;46914;3676;1901363;97159;6351;34645;44260;43170;71704;8152;44237;9987;9059;1901576;9058;44249;97659;32774;16070;90304;6139;46483;6725;1901360;34641;6807;44238;34654;19438;44271;18130;1901362;10467;44212;975;3677;1067	2553	2964	4328.5	6104	2097	4986.5	6075.5	2250	8757	555.5	1981	4670	6895.5	6971	7258.5	2476	693.5	6085	7281	662	8153	7470	8348.5	4291.5	95861	4793.05
ORTHO005811	Encodes a member of the MAKR (MEMBRANE-ASSOCIATED KINASE REGULATOR)  gene family. MAKRs have putative kinase interacting motifs and membrane localization signals. Known members include: AT5G26230 (MAKR1); AT1G64080 (MAKR2); AT2G37380 (MAKR3); AT2G39370 (MAKR4); AT5G52870 (MAKR5) and AT5G52900 (MAKR6).	AT1G64080	8150;5634;43231;43227;43226;5575;43229;44424;44464;5623;5622;5886;16020;71944;3674	2554	2127	3226.5	3899	1281	3658	6430	2322	3152	6381.5	2992.5	3983	7377.5	7448.5	8452	2476	5329.5	5944.5	1086	773.5	2030.5	6512.5	5762.5	2091	84203	4210.15
ORTHO005598	Cysteine proteinases superfamily protein	AT3G62940	8234;70011;8233;16787;3824;3674;8152;8150;6508;19538;43170;71704;44238;5737;44424;44464;5575;5623;5622;5829;44444	2555	1705	1701.5	848	1479.5	1554	2121.5	7409.5	7046.5	821	5310.5	2851	1352	4295.5	5523	1239.5	3067	2199.5	3067.5	3699	3174	1827.5	3244	209.5	60012	3000.6
ORTHO001488	RNI-like superfamily protein	AT5G07670;AT5G51370;AT5G51380	61630;4842;19787;16740;3824;3674;8152;8150;16567;32446;70647;6464;36211;19538;43170;71704;44238;43412;44267;44260;44237;9987;61659;31146;43161;10498;51603;6508;44257;30163;9057;1901575;9056;44265;44248;6511;19941;43632;5634;43231;43227;43226;5575;43229;44424;44464;5623;5622;19005;31461;151;1990234;1902494;43234;32991;5737	2556	2431	5412	8268	4356	2128	6971.5	8656	8734	2472.5	3989.5	6518	8605	5332	1016	1429.5	8888	7697.5	8559.5	4956.5	7925	8091	2412.5	7543.5	111925.5	5.596.275
ORTHO002401	Methionine sulfoxide reductase (MSS4-like) family protein	AT3G05540;AT3G16640	8150;5737;44424;44464;5575;5623;5622;5829;44444;5634;43231;43227;43226;43229;9735;9725;9719;50896;10033;42221;48527;48528;9791;44767;32502;44699;44707;32501;7275;48364;48513;48856;48731;22622;48569;42742;9617;51707;43207;9605;9607;51704;98542;6952;6950;9507;9536;31117;1901881;1901879;43244;51128;50794;50789;65007;43243;51130;48522;48518;31112;51495;10638;33043;51493;31110;70507;32886;31114;90406;42995;48768;904;902;32989;16043;71840;9987;9653;48869;44763;48468;30154;9932;9826;60560;48589;40007;16049;48767;48588;80147;48765;10053;90627;10015;90558;9888;48764;48469;21700;10054;1558;40008;5794;12505;9506;5911;30054;55044;9579;8017;32403;44877;5488;3674;5515;15631;8092;5774;44437;44446;44422;5773;98588;31090;16020;98805;46686;10038;10035;40014;51239;48638;50793;9790;10252;48878;42592;65008;5886;71944;9819;9414;9415;9628;1101;1901700;9860;44702;22414;3006;48868;9856;44703;44706;48046;5576;90333;10119;8283;7346;51726	2557	2648	3621	4685	4356	4506.5	1011	7156.5	1133	4813.5	2809.5	2291.5	6895.5	7387.5	7129	7782	1396.5	5886.5	6897.5	1129.5	4833.5	5924	5541.5	3841	88365.5	4.418.275
ORTHO003381	autophagy 9 (APG9)	AT2G31260	50832;98542;6952;6950;50896;8150;51707;43207;9605;9607;51704;9620;6914;44248;9056;8152;44237;9987;5634;43231;43227;43226;5575;43229;44424;44464;5623;5622	2558	2474	1663.5	769	1479.5	7749.5	1500	3534.5	460	7967.5	4137	1374.5	1352	5933	4124.5	1307	1790.5	8297	4059	1980	1528	710	340.5	514	58658.5	2.932.925
ORTHO005521	Calcineurin-like metallo-phosphoesterase superfamily protein	AT3G47810	1881;43112;44260;43170;71704;8152;8150;44237;9987;23051;50789;65007;5771;5768;43231;43227;43226;5575;43229;44424;44464;5623;5622;44444;5737;12505;7034;1902582;46907;6810;51234;51179;51649;51641;44765;1902578;44699;6623;1902580;6605;6886;15031;45184;8104;33036;71702;34613;70727;16482;72665;33365;72666;72594;30904;98796;43234;32991;44425;16020;4722;4721;16791;42578;16788;16787;3824;3674;16311;6796;6793;6470;6464;36211;19538;44238;43412;44267;8333;16197;7041	2559	3176	5802.5	9046	4356	2097.5	8162.5	8743	8940	4862.5	3879	5172.5	8754.5	5401	841.5	6712.5	7649.5	7637	8838	9125.5	8663	8840	8952	7161.5	130433	6521.65
ORTHO000811_1	S-adenosyl-L-methionine-dependent methyltransferases superfamily protein	AT1G78240	5802;98791;44431;44444;44424;44464;5575;5623;5622;5737;44446;44422;43226;43229;5794;43231;43227;12505;31984;5768;10289;10394;10393;5976;5975;71704;8152;8150;44238;43170;52325;70592;10383;44036;44260;44237;9987;71554;33692;271;16051;44723;44710;44699;1901576;9058;44711;9059;34637;44262;44763;44249;44264;34645;44038;70589;44085;71840;42546;52546;45488;9664;71555;45229;16043;71669;45489;9832;48367;44767;32502;48731;48856;7275;44707;32501;9735;9725;9719;50896;10033;42221;7155;22610;8168;16741;16740;3824;3674;32259;48364;48513;22622	2560	4049	1928.5	1297	2375	4946.5	1393	5568.5	4387	2976	3526	4309	4555.5	4134.5	1910.5	3976.5	7758	2199.5	5347.5	1426	3621.5	1407.5	1035	1597.5	66075.5	3.303.775
ORTHO008322	glycosylphosphatidylinositol-anchored lipid protein transfer 1	AT1G27950	8289;5488;3674;5886;16020;5575;44464;5623;71944;31225;31224;44425;5576;46658;31226;44459;6869;44765;6810;51234;51179;8150;1902578;44699;71702;10876;33036;50832;98542;6952;6950;50896;51707;43207;9605;9607;51704;9620;5783;43231;43227;43226;43229;44424;5622;44444;5737;12505;9505;5618;30312;5794;42335;44767;32502;48856;7275;44707;32501	2561	2583	2183.5	1806	1812	1089	6325.5	1912	1839.5	1233	8737.5	7774	1352	3815.5	4842.5	6712.5	3471	5101.5	3792	461.5	3870	1910	3967	2699.5	70905.5	3.545.275
ORTHO006346	myb domain protein 36	AT5G57620	5634;43231;43227;43226;5575;43229;44424;44464;5623;5622;3677;3676;1901363;5488;3674;97159;3682;44877;6355;1903506;2001141;31326;9889;19222;50789;65007;8150;31323;50794;51252;19219;80090;51171;60255;10556;10468;2000112;3700;1071	2562	1655	2545	2528	4356	7543.5	822.5	4503	493.5	6020	319	6171.5	1352	9108.5	8968.5	2476	8494	7846	3172	2033	569	3955.5	928.5	1519	76295	3814.75
ORTHO006544	peptidylprolyl cis/trans isomerase; NIMA-interacting 1	AT2G18040	5515;5488;3674;9506;5911;30054;5575;55044;3755;16859;16853;3824;8152;8150;413;18208;18193;6464;36211;19538;43170;71704;44238;43412;44267;44260;44237;9987;51726;50794;50789;65007;5829;44444;44424;44464;5623;5622;5737;5886;16020;71944;5783;43231;43227;43226;43229;12505	2563	2188	3750	4937	4356	8050	5048.5	7084	867	3731	3136.5	5019	7121	7101	8203.5	7782	8163	5221.5	1031	3600	4103	1525	1289.5	1644	89720.5	4.486.025
ORTHO004698	Acyl-CoA thioesterase family protein	AT1G01710;AT4G00520	6637;6732;51186;44237;8152;8150;9987;35383;71704;6790;6793;30551;166;36094;5488;3674;1901265;1901363;97159;5777;42579;43231;43227;43226;5575;43229;44424;44464;5623;5622;44444;5737;47617;16289;16790;16788;16787;3824	2564	2514	1935.5	1307	4356	1089	7203.5	1013.5	1691	7152	3136.5	7734	6227	4415.5	3047.5	1606	1396.5	6085	3977	1426	1889.5	1466	3545	2136	66236.5	3.311.825
ORTHO009859	histidine-containing phosphotransmitter 1	AT3G21510	16310;6796;6793;44237;8152;8150;9987;5737;44424;44464;5575;5623;5622;9736;9755;7165;50794;50789;65007;51716;50896;7154;44763;44699;44700;23052;32870;9725;9719;10033;42221;71495;71310;70887;71368;9735;5515;5488;3674;9553;48229;7275;44767;32502;44707;32501;48856;9927;16301;16772;16740;3824;4871;60089;5634;43231;43227;43226;43229;51301;43424;19901;19900;19899;16049;40007;80036;9966;10646;48583;23051;160;35556;5829;44444	2565	5481	3256.5	3948	2982.5	7812.5	6361.5	5957	3057.5	8535.5	3136.5	6861.5	3617	1800.5	5034.5	3976.5	693.5	3580	1440.5	1043.5	2848	6077	6365	6281	84479	4223.95
ORTHO006104	IQ-domain 6	AT2G26180	5634;43231;43227;43226;5575;43229;44424;44464;5623;5622;5516;5515;5488;3674	2566	2981	3567.5	4569	4356	3466.5	7778	4251.5	7325.5	6687	1483.5	3686.5	3751.5	6764.5	7017.5	2476	4346.5	5518	552.5	4473	4103	5376	5081	3565	87703	4385.15
ORTHO000269_1	Exostosin family protein	AT2G20370	6486;44763;9987;8150;44699;6464;36211;19538;43170;71704;8152;44238;43412;44267;44260;44237;43413;70085;44723;5975;44710;9101;9100;1901135;34645;9059;1901576;9058;44249;1901137;5768;43231;43227;43226;5575;43229;44424;44464;5623;5622;44444;5737;12505;9863;7165;50794;50789;65007;51716;50896;7154;44700;23052;71446;71407;14070;10033;42221;71310;70887;9751;1101;1901700;71229;1901701;30173;31228;44431;44446;44422;5794;31300;31224;44425;16020;31090;139;98588;31301;16021;9969;9250;33692;271;5976;16051;44711;34637;44262;44264;6073;44042;10411;10410;10383;44036;71554;32580;31985;98791;31984;5795;3824;3674;5802;16757;16740;42353;19319;19318;5996;44281;46364;44283;6004;10256;16043;71840;9826;902;32989;9653;32502;48856;48869;44767;60560;48589;40007;16049	2567	1451	3584.5	4602	4356	3739.5	6375	4396	3046	674	4381.5	5699	1352	4905.5	473.5	3976.5	1432.5	8397.5	2270	2347	9147	8927	9093.5	7190.5	87823.5	4.391.175
ORTHO003061	unknown protein	AT2G42760	8150;3674;5634;43231;43227;43226;5575;43229;44424;44464;5623;5622	2568	4488	3853.5	5139	2982.5	6529	5105.5	5957	5028	3955	6343	2086	6071.5	1800.5	5034.5	3976.5	5864.5	2199.5	6700.5	5519.5	4103	3222.5	5171.5	6057.5	90725	4536.25
ORTHO005515	RNA polymerase II fifth largest subunit; D	AT2G41340;AT3G57080	418;55029;44428;44446;44422;5575;43226;44424;44464;5623;5622;43229;5634;43231;43227;428;30880;61695;1990234;1902494;43234;32991;44451;5654;31981;70013;43233;31974;419;6351;34645;44260;43170;71704;8152;8150;44237;9987;9059;1901576;9058;44249;97659;32774;16070;90304;6139;46483;6725;1901360;34641;6807;44238;34654;19438;44271;18130;1901362;10467;3899;34062;16779;16772;16740;3824;3674;3677;3676;1901363;5488;97159	2569	4109	3611	4653	5121	4188	2703	9014	7455	3476	3526	6418.5	1352	6389.5	7432.5	7782	1321	8002	4548.5	2880.5	2621	3453.5	3795.5	1794	88152.5	4.407.625
ORTHO001039_1	phosphate 1	AT3G23430	5886;16020;5575;44464;5623;71944;5802;98791;44431;44444;44424;5622;5737;44446;44422;43226;43229;5794;43231;43227;12505;31984;16036;9267;31669;31667;9991;9605;50896;8150;31668;51716;9987;71496;7154;44763;44699;42594;6950;33554;15114;15103;8509;15075;22891;22857;5215;3674;6810;51234;51179;55085;44765;1902578;22892;34220;6811;98656;6820;15698;35435;98661;98660;6817;16021;31224;44425	2570	3492	2632	2694	2097	1227	2881	2250	931	2591.5	1981	7917	5338.5	3815.5	3265	6712.5	4135	3949	7281	7463	1933.5	4169	6467.5	3005.5	77313.5	3.865.675
ORTHO006081	APR-like 4	AT1G34780	5576;5575;16021;31224;44425;16020	2571	2379	3064	3557	1689.5	1089	3628.5	2185	3046	2025.5	4946	3218	1352	5258.5	551	6712.5	1941.5	8023	1942.5	8873	8738	8223.5	2524	7997	82274.5	4.113.725
ORTHO004412	RNA binding	AT2G43410	10228;3006;32502;8150;22414;48608;48856;61458;48731;7275;44767;44699;44707;32501;9791;398;6397;16071;16070;44260;43170;71704;8152;44237;9987;90304;6139;46483;6725;1901360;34641;6807;44238;6396;10467;377;375;8380;785;44427;44446;44422;5575;43226;44424;44464;5623;5622;43229;5694;43232;43228;32991;3723;3676;1901363;5488;3674;97159;9911;48582;48580;2000026;50793;50789;65007;51239;51240;48518;51094;2000243;2000241;9909;48831;5634;43231;43227;5737;6378;31124;31123;43631;31048;6342;45814;10629;10605;9892;48519;19222;60255;10468;40029;45892;1903507;1903506;2001141;31326;9889;31323;50794;51252;19219;80090;51171;10556;1902679;51253;45934;51172;31324;48523;31327;9890;10558;6355;2000112;2000113;16458;44763;31047;9790;9553;48229	2572	812	1918.5	1265	365.5	2776	398	1263.5	1481	1926.5	982	2851	1352	5840.5	4705.5	797.5	2374.5	8035	8712	178	9023	9048	2696.5	1311	65751.5	3.287.575
ORTHO000488_1	uridine kinase-like 2	AT3G27190;AT5G40870	9507;9536;43231;43227;43226;5575;43229;44424;44464;5623;5622;44444;5737;44206;43097;43174;43094;44249;9058;8152;8150;44237;9987;9163;1901659;1901137;1901135;71704;1901576;1901657;44710;44699;44711;1901566;1901564;6807;34654;6139;46483;6725;1901360;34641;44238;19438;44271;18130;1901362;9116;55086;44281;44763;46134;72528;72527;6213;8655;10138;9220;9260;46390;19693;19637;6793;6796;90407;9165;1901293;6753;9117;9259;9218;6220;6221;32262;43173;6222;9174;9173;9161;9123;9129;9130;9124;9156;46132;46131;9119;42455;46049;2000904;10675;6109;80090;19222;50789;65007;31323;50794;32881;60255;44211;6241;9209;9208;9147;9141;9199;9201;9142;9148;46036;2001006;32951;10962;32885;10556;9889;43255;2000112;31326;32950;16310;5524;35639;1901265;1901363;5488;3674;97159;43168;43167;32559;30554;17076;166;36094;32555;32553;97367;32550;32549;1882;1883;6207;19856;6206;9112;46112;5829;4849;19206;19205;16301;16772;16740;3824;1901141;1900376;43455;2000762;4845;16763;16757;5525;32561;19001	2573	5028	3961	5349	5938.5	4946.5	8162.5	5439.5	5355.5	4166.5	5836	7977	3455.5	3283.5	3721.5	6712.5	8038.5	2724.5	5347.5	4630.5	5061.5	1228	807.5	4898	91792.5	4.589.625
ORTHO003907	Heavy metal transport/detoxification superfamily protein	AT5G50740	5634;43231;43227;43226;5575;43229;44424;44464;5623;5622;46872;43169;43167;5488;3674;5737;46916;6875;55065;98771;50801;48878;42592;65008;65007;8150;55080;30003;6873;55082;19725;44763;9987;44699;55076;5886;16020;71944;30001;6812;6811;44765;6810;51234;51179;1902578;46914	2574	5280	3294	4014	2982.5	5773	6617	5568.5	2338	2059	5973.5	3835.5	5740	1800.5	3936.5	3976.5	5032.5	3121	6531	1208	5422.5	5434	5295.5	5222.5	84885	4244.25
ORTHO007413	eukaryotic translation initiation factor 3K	AT4G33250	5852;43234;32991;5575;44444;44424;44464;5623;5622;5737;5829;33290;70993;30529;6446;6417;10608;10468;60255;19222;50789;65007;8150;32268;51246;80090;31323;50794;34248;51171;2000112;31326;9889;10556;1731;22618;71826;43933;16043;71840;9987;34622;65003;22607;44085;22613;6413;44237;8152;6412;43043;43604;43603;34641;6807;44271;44249;9058;6518;1901564;71704;1901566;1901576;44267;19538;43170;44238;44260;34645;9059;10467;16282;3743;8135;3723;3676;1901363;5488;3674;97159;43022;43021;44877	2575	1348	2359	2143	4356	2557.5	360	602	344	674	5625	1374.5	1352	8210.5	9129.5	1073.5	523	7073	6265.5	201.5	8534	7836	8290	3447.5	73473	3673.65
ORTHO006927	TSL-kinase interacting protein 1	AT2G36960	3677;3676;1901363;5488;3674;97159;5634;43231;43227;43226;5575;43229;44424;44464;5623;5622;6355;1903506;2001141;31326;9889;19222;50789;65007;8150;31323;50794;51252;19219;80090;51171;60255;10556;10468;2000112;6351;34645;44260;43170;71704;8152;44237;9987;9059;1901576;9058;44249;97659;32774;16070;90304;6139;46483;6725;1901360;34641;6807;44238;34654;19438;44271;18130;1901362;10467;16310;6796;6793;16301;16772;16740;3824;5515;3700;1071;3682;44877	2576	1768	3669	4762	1281	780	605.5	3243.5	9105.5	8319	4732	7549	8675.5	5199	693	6712.5	2314	7967.5	2430.5	2059.5	2280	8354	2749.5	5041.5	88811	4440.55
ORTHO004451	Got1/Sft2-like vescicle transport protein family	AT3G03180;AT3G49420;AT5G01430	5886;16020;5575;44464;5623;71944;16192;6810;51234;51179;8150;3674	2577	2539	3231	3885	4356	8440.5	3863.5	1640.5	2069	3069.5	3269.5	790	1352	5223.5	551	6712.5	2314	7934	9014.5	8891.5	1761	6831.5	2214	8159	84101	4205.05
ORTHO006434	WUSCHEL related homeobox 4	AT1G46480	3700;1071;3674;2001141;31326;9889;19222;50789;65007;8150;31323;50794;51252;19219;80090;51171;60255;10556;6355;1903506;10468;2000112;1944;48731;48856;32502;7275;44767;44699;44707;32501;72358;72359;7165;51716;9987;50896;7154;44763;44700;23052;6351;34645;44260;43170;71704;8152;44237;9059;1901576;9058;44249;97659;32774;16070;90304;6139;46483;6725;1901360;34641;6807;44238;34654;19438;44271;18130;1901362;10467;51301;5634;43231;43227;43226;5575;43229;44424;44464;5623;5622;3677;3676;1901363;5488;97159;10067;10065;48508;48507;9888;48513;3006;22414;9793;44702;9790;48316;48608;61458;9791;10154	2578	1969	1572	566	4356	46.5	575	917.5	210.5	5402	9130	2937.5	1352	6047	6291	2080.5	9109.5	7181.5	1537.5	549.5	207	320.5	226	96	54217	2710.85
ORTHO007748	2Fe-2S ferredoxin-like superfamily protein	AT1G32550	9055;3674;9507;9536;43231;43227;43226;5575;43229;44424;44464;5623;5622;44444;5737;22900;6091;44237;8152;8150;9987;55114;44710;44699;44763;51537;51536;51540;5488;46872;43169;43167	2579	2007	2578.25	2577.5	4356	1089	6630.5	602	2995.5	238.5	3136.5	6543.5	1352	5023	599	1429.5	1396.5	8237	2136.5	436	9083	9002	9151.5	7453	76534.5	3.826.725
ORTHO001133_1	unknown protein	AT2G04280;AT4G12700	5768;43231;43227;43226;5575;43229;44424;44464;5623;5622;44444;5737;12505;5802;98791;44431;44446;44422;5794;31984;16757;16740;3824;3674;8152;8150	2580	1638	4503.5	6427	1281	8183	8571.5	8968	3584	1155	4802	6629	8605	5350.5	1063	1606	2365	8906.5	2734.5	8214	2827	8049	2513.5	3565	97691.5	4.884.575
ORTHO001563	MSCS-like 3	AT1G58200;AT5G10490	31969;42170;31090;16020;5575;44422;43226;43227;44435;44444;44424;44464;5623;5622;5737;44446;43229;9536;43231;9526;31967;31975;44434;9507;9941;5886;71944;6970;9628;50896;8150;6950;5216;15075;22891;22857;5215;3674;6810;51234;51179;55085;44763;9987;44699;44765;1902578;22892;34220;6811;22838;15267;22803;9657;6996;16043;71840;16021;31224;44425;10020;9658;43572;48285	2581	2445	2068.5	1556	4356	176	2528	4571	702.5	3205.5	5351	907	6456	4415.5	4842.5	1830	1000	5221.5	3944	4331	5903.5	2017.5	4236.5	7075	68714	3435.7
ORTHO005630	Transducin/WD40 repeat-like superfamily protein	AT1G29320	166;36094;5488;3674;1901265;1901363;97159;8150;5737;44424;44464;5575;5623;5622;80008;31461;151;1990234;1902494;43234;32991	2582	542	3247.5	3913	3586.5	615.5	7329.5	602	1481	1003.5	6173.5	5347.5	9103	4995.5	599	1429.5	8250.5	8768	8863	2935	3252	8736	2363	2439.5	84286.5	4.214.325
ORTHO005070	HAD-superfamily hydrolase; subfamily IG; 5'-nucleotidase	AT1G75210	16787;3824;3674;8152;8150;8253;8252;16791;42578;16788;16311;6796;6793;44237;9987;9507;9536;43231;43227;43226;5575;43229;44424;44464;5623;5622;44444;5737	2583	2545	2141	1699	1689.5	4865.5	1881	1709	7455	2832.5	5365.5	743.5	5740	3815.5	5034.5	1830	3891.5	5221.5	4715	4392	569	2213.5	4564	3103.5	69942	3497.1
ORTHO005502	Modifier of rudimentary (Mod(r)) protein	AT2G36680;AT3G53120	5634;43231;43227;43226;5575;43229;44424;44464;5623;5622;813;98796;43234;32991;44425;16020;36452;44440;44444;5737;44446;44422;5768;12505;10008;98588;31090;98805;15031;45184;51234;51179;8150;8104;33036;71702;6810;5515;5488;3674	2584	3307	5059	7534	4356	1594	8876	7290.5	1839.5	5107.5	2539	1889	7121	6971	7258.5	7782	6208.5	6590	7742	4884.5	1264.5	7637.5	8436	4060.5	105091.5	5.254.575
ORTHO004954	Outer arm dynein light chain 1 protein	AT1G48540;AT3G17920	5737;44424;44464;5575;5623;5622;8150	2585	2325	4494.5	6404	4356	8278	6168	8863.5	3490	738	5533.5	2851	7498	7448.5	7258.5	2476	5404	8725.5	2478.5	2455	1507	6512.5	5826.5	4060.5	97572.5	4.878.625
ORTHO005939	ENTH/VHS family protein	AT3G16270	5634;43231;43227;43226;5575;43229;44424;44464;5623;5622;16020	2586	2883	3288.75	3991.5	4356	1227	1627	6428.5	2995.5	8647.5	1144	6781	7963	8704	5746.5	7782	2314	7471.5	1693	1129.5	421	6648	1767.5	4291.5	84782	4239.1
ORTHO007832	IAA-leucine resistant (ILR)-like gene 6	AT1G44350	8237;70011;8233;16787;3824;3674;8152;8150;6508;19538;43170;71704;44238;9850;44237;9987;42445;10817;65008;65007;9694;32787;19752;43436;6082;44281;44710;44699;44763;10112;43900;50789;45088;31347;80134;48583;50776;2682;32101;2831;5576;5575;1990206;16810;10178;9753;9725;9719;50896;10033;42221;1101;1901700	2587	2018	2057.5	1528	4356	961.5	3513	1547.5	493.5	2025.5	8892.5	1471	6895.5	4486	6243.5	1830	867	5221.5	4795.5	3899.5	5637	3026	4927.5	1735.5	68469	3423.45
ORTHO003573	DNA-binding storekeeper protein-related transcriptional regulator	AT3G04930;AT5G28040	6355;1903506;2001141;31326;9889;19222;50789;65007;8150;31323;50794;51252;19219;80090;51171;60255;10556;10468;2000112;5634;43231;43227;43226;5575;43229;44424;44464;5623;5622;3677;3676;1901363;5488;3674;97159	2588	4840	3202.5	3817	2982.5	4344.5	6781.5	6428.5	1133	3601	2290	7215	1352	1800.5	5034.5	6712.5	3682	3750.5	6700.5	4331	4103	3222.5	5171.5	6057.5	83711.5	4.185.575
ORTHO005483	Vps51/Vps67 family (components of vesicular transport) protein	AT5G16300	5829;44444;44424;44464;5575;5623;5622;5737;5794;43231;43227;43226;43229;12505;301;6891;48193;1902582;46907;6810;51234;51179;8150;51649;51641;44765;1902578;44699;16192;3674;7030;6996;16043;71840;9987;10256	2589	1874	1880	1171	1281	8007.5	1051.5	641	7325.5	6327	4357	632	1352	4774.5	6192.5	6712.5	2261.5	8411.5	2195.5	1747	452.5	536.5	500	1188	64665.5	3.233.275
ORTHO004882	unknown protein	AT1G48330;AT3G17580	3674;8150;5575	2590	4413	3588	4586	5938.5	4168.5	1577.5	7244.5	3855	8398	865	7280	8094	7536	1812.5	3976.5	2473	8707.5	3653	4473	2179	6952	2202	2314	87761	4388.05
ORTHO001756	transducin family protein / WD-40 repeat family protein	AT2G30050;AT3G01340	5635;44428;44446;44422;5575;43226;44424;44464;5623;5622;43229;5634;43231;43227;31967;31975;12505;166;36094;5488;3674;1901265;1901363;97159;6900;61024;16043;71840;8150;9987;16050;6996;16192;6810;51234;51179;5737;5730;43232;43228;31981;70013;43233;31974;51028;50658;50657;15931;71705;71702;51236;6403;33036;15031;45184;8104;5643;5834;1902494;43234;32991;98797;44459;44425;16020;5886;71944;98796;31234;19897;19898;9898;98562;98552;5794;44444;5783;5829;6886;46907;51649;51641;34613;70727	2591	2335	2753.5	2916	5121	2260.5	5261.5	8395.5	1839.5	5874.5	3526	1198.5	8817.5	5199	810.5	2914	1692	7151.5	7987	4060.5	1532.5	7725	1594	831.5	78671	3933.55
ORTHO005132	DNA-directed RNA polymerase II protein	AT1G77890;AT4G08540	5634;43231;43227;43226;5575;43229;44424;44464;5623;5622;3899;34062;16779;16772;16740;3824;3674;8152;8150;32774;9059;43170;71704;1901576;9058;16070;44260;44237;9987;90304;6139;46483;6725;1901360;34641;6807;44238;34654;19438;44249;44271;18130;1901362;10508;10506;31329;9894;19222;50789;65007;31323;50794;31331;31325;9893;48518;48522;9896	2592	2676	3421	4250	4356	8050	3129.5	4734	1545.5	6785.5	3269.5	5096	3727	6764.5	7017.5	2476	4135	6265.5	1345	4473	4103	4970.5	4806.5	3447.5	86141	4307.05
ORTHO002820	Mov34/MPN/PAD-1 family protein	AT5G23540	5829;44444;44424;44464;5575;5623;5622;5737;46872;43169;43167;5488;3674;5634;43231;43227;43226;43229;9651;6970;9628;50896;8150;6950;8237;70011;8233;16787;3824;8152;6508;19538;43170;71704;44238;502;43234;32991;6511;19941;51603;44257;30163;9057;1901575;9056;44265;44260;44237;9987;44248;44267;43632;8541;5838;22624	2593	3394	4190	5787	5172	7543.5	3025	2684	8748.5	1028.5	5636.5	1830	1352	8456.5	8553	2914	4638.5	7273.5	8008.5	5094	4519	7038.5	4500.5	1230.5	94074.5	4.703.725
ORTHO006101	Protein of unknown function (DUF630)	AT3G51290	5634;43231;43227;43226;5575;43229;44424;44464;5623;5622;16020;5525;35639;1901265;1901363;5488;3674;97159;43168;43167;32550;32549;1882;36094;97367;1883;32561;19001;17076;166;32555;32553;7264;35556;7165;50794;50789;65007;8150;51716;9987;50896;7154;44763;44699;44700;23052;5737	2594	867	4040.5	5487	672.5	2837	1093.5	3534.5	3584	1674	4821.5	6688.5	9031.5	5129	841.5	508.5	901	9016	8821.5	2373.5	9023	8723	8869	5007.5	92478	4623.9
ORTHO006315	pyrimidine 1	AT3G17810	55114;44710;8152;8150;44699;6222;9220;9260;46390;19693;19637;71704;6793;44237;9987;1901135;6796;90407;1901576;9058;1901137;9165;1901293;6753;55086;6139;46483;6725;1901360;34641;6807;44238;44281;44763;34654;19438;44249;44271;18130;1901362;44711;9117;9259;9218;6220;72527;1901564;6221;72528;1901566;9174;9173;9161;9123;9129;9130;9124;9156;46132;46131;9119;9116;1901657;6213;46134;9163;1901659;42455;46049;4152;16635;16627;16491;3824;3674;9536;43231;43227;43226;5575;43229;44424;44464;5623;5622;44444;5737;6207;19856;6206;9112;46112;9570;9532;44435;44446;44422;44434;9507;43562;31669;31667;9991;9605;50896;31668;51716;71496;7154;17113;16628;19483;19482;6520;19752;43436;6082;8652;46394;16053;44283;6212;6208;72529;44270;44248;9056;1901361;1901575;1901565;46700;46113;44712;19860;5886;16020;71944	2595	1259	1833	1071	4356	2720	687.5	129.5	3352.5	6756.5	4827	5600.5	1352	5878	1244	508.5	9089.5	8815	2233.5	2455	3162.5	407	137	4016	63371.5	3.168.575
ORTHO008535	unknown protein	AT1G27300	5794;43231;43227;43226;5575;43229;44424;44464;5623;5622;44444;5737;12505;5802;98791;44431;44446;44422;31984;5768;5515;5488;3674;8150;5634	2596	2635	2674.5	2753	1812	2710	2791.5	1484	2202	1842.5	2809.5	6629	6731.5	6764.5	7129	2476	8431	5886.5	5027.5	4630.5	1830	2541	1918	3721	77555	3877.75
ORTHO000319_1	SERINE CARBOXYPEPTIDASE-LIKE 49	AT3G10410;AT3G45010;AT5G22980	5773;43231;43227;43226;5575;43229;44424;44464;5623;5622;44444;5737;6508;19538;43170;71704;8152;8150;44238;5576;5829;4185;4180;8238;70011;8233;16787;3824;3674;70008;8236;17171	2597	3299	2710	2823	5552	2557.5	6798	6741	1042.5	3882	1312.5	998	5740	3815.5	4462	1830	4252.5	5056.5	4113.5	4727.5	5061.5	4709	3918.5	6949.5	77967.5	3.898.375
ORTHO003097	Protein of unknown function (DUF630 and DUF632)	AT1G02110;AT3G60320	5634;43231;43227;43226;5575;43229;44424;44464;5623;5622;6499;6498;6497;6464;36211;19538;43170;71704;8152;8150;44238;43412;44267;44260;44237;9987;42158;42157;34645;9059;1901576;9058;44249;31365;18377;43543;3674;5886;16020;71944;3677;3676;1901363;5488;97159	2598	3677	3065.5	3533	4356	1777	7161.5	1204.5	3117	6179.5	1623	1954	1352	8877.5	6192.5	5325.5	2103	8670	8310	920	3027	8473.5	4301.5	1597.5	82166.5	4.108.325
ORTHO007326	unknown protein	AT2G37960	5634;43231;43227;43226;5575;43229;44424;44464;5623;5622;8150;3674	2599	2876	3547.5	4496	4356	3557.5	6075.5	1709	8808.5	930.5	1981	4841.5	8898	5175	551	1429.5	1839	7846	2377.5	3146	2672	8566.5	8806.5	8111.5	87322	4366.1
ORTHO003564	Mitochondrial substrate carrier family protein	AT3G51870;AT5G01500	55085;44763;9987;8150;44699;44765;6810;51234;51179;1902578;5743;19866;31090;16020;5575;44422;43226;43227;44424;44464;5623;5622;31967;31975;44446;43229;31966;44429;44444;5737;5739;43231;5740;31969;42170;44435;9536;9526;44434;9507;9941;5215;3674;16021;31224;44425;9624;51707;43207;9605;50896;9607;51704;9535;55035;42651;34357;44436;9579;31976;31984;9534;15860;72530;71705;71702;1901642;15858;1901264;15931;10117;9416;9314;9628;10206;30091;44267;19538;43170;71704;8152;44238;44260;44237;9765;6091;19684;15979;1901679;6862;15748;5347;295;15216;15215;15605;1901677;22857;15932;22891;22892;15865;51503;5346;1901505;15211;5337;8514;8509;15075;34220;6811;98656;6820;15711;15867;15868	2600	2437	5405	8210	4356	2837	3327	3959.5	3117	7350.5	4295	5795.5	8519	5378	867	1606	7214.5	8162	8846.5	7576.5	8350.5	8260	8775	7028	111264.5	5.563.225
ORTHO005257	Protein kinase superfamily protein	AT5G56460	5886;16020;5575;44464;5623;71944;9506;5911;30054;55044;16301;16772;16740;3824;3674;8152;8150;16310;6796;6793;44237;9987	2601	3426	2841.5	3082	4356	9038.5	1184.5	3632.5	4323	6889	1623	5053	5740	6601.5	6867.5	2476	5404	6265.5	1655.5	2496	2497	3026	1991	2850	79613.5	3.980.675
ORTHO002994	alpha/beta-Hydrolases superfamily protein	AT1G05800;AT2G31690	47714;16298;16788;16787;3824;3674;8152;8150;52689;52740;4620;52739;5811;43232;43228;43226;5575;43229;44424;44464;5623;5622;8970;6629;71704;44710;44699;44238;16042;44712;9056;1901575;30308;45926;48519;50789;65007;40008;1558;51128;50794;48523;9695;72330;46394;16053;6082;44281;44763;9987;44237;44283;44711;9058;1901576;44249;19752;43436;32787;9694;50832;98542;6952;6950;50896;51707;43207;9605;9607;51704;9620;9507;9536;43231;43227;44444;5737;4806;9611;10287;44434;44435;44446;44422;9570;9532;19433;46464;46461;6638;44255;44242;44248;6639;46486;46503;6641;10150;10260;7568;44767;32502;48513;48856;48731;7275;44707;32501;48366;48827;48367;10027;9668;44802;61024;16043;71840;9657;6996	2602	3745	1397.5	193	4356	3573	6727.5	3889	800	5497	5141	1389.5	3746.5	138	136.5	3183	2993.5	261.5	1210.5	1584.5	2343	311	97	214.5	43236.5	2.161.825
ORTHO003803	Protein kinase superfamily protein	AT1G13350;AT3G25840;AT3G53640	5524;35639;1901265;1901363;5488;3674;97159;43168;43167;32559;30554;17076;166;36094;32555;32553;97367;32550;32549;1882;1883;4672;16301;16772;16740;3824;8152;8150;16310;6796;6793;44237;9987;16773;6468;6464;36211;19538;43170;71704;44238;43412;44267;44260;4674;5634;43231;43227;43226;5575;43229;44424;44464;5623;5622;5737	2603	2504	4307	6011	4356	5211.5	7239	3608	1916	4404.5	4452	5720.5	1352	6088.5	2396.5	2080.5	6027	7910.5	7612.5	3396.5	7568	8827.5	8609.5	913	95333.5	4.766.675
ORTHO002066	glyoxal oxidase-related protein	AT1G67290;AT5G19580	5576;5575;8150;3674	2604	3909	4855.5	7107	5748	1658.5	5607	9087	9065.5	7967.5	4740	5372	3856.5	5613	1209.5	6712.5	6648.5	7801.5	2189.5	2734	2641	7814.5	7156	4291.5	102165.5	5.108.275
ORTHO007161	Protein of unknown function (DUF620)	AT5G66740	3674;8150;5634;43231;43227;43226;5575;43229;44424;44464;5623;5622	2605	4827	3037	3469	5476.5	8169	5784	5095	2979	7247	4474.5	7756.5	5066	3283.5	2910	6712.5	2025	7335.5	1423.5	2966.5	1610.5	1228	1453	4291.5	81810.5	4.090.525
ORTHO006717	conserved oligomeric Golgi complex component-related / COG complex component-related	AT5G11980	6891;48193;1902582;46907;6810;51234;51179;8150;51649;51641;44765;1902578;44699;16192;17119;44431;44444;44424;44464;5575;5623;5622;5737;44446;44422;43226;43229;5794;43231;43227;12505;43234;32991;9506;5911;30054;55044;3674	2606	1811	3205.75	3805.5	4356	3573	6630.5	3824.5	9164	266	4946	1198.5	1352	5378	599	6712.5	2323	8458	4485	3563	1761	8927	2984	7453	83598	4179.9
ORTHO003920	Haloacid dehalogenase-like hydrolase (HAD) superfamily protein	AT5G02230	8152;8150;16787;3824;3674	2607	5073	3695	4783	2982.5	8323	4341	5957	6379.5	7247	5788.5	7756.5	3425	1800.5	3521.5	6712.5	3245	1617	284	6632	4519	2433.5	4047.5	4898	88928	4446.4
ORTHO001726	Ribosomal protein S24e family protein	AT3G04920;AT5G28060	5829;44444;44424;44464;5575;5623;5622;5737;5774;44437;44446;44422;43226;43229;5773;43231;43227;98588;31090;16020;98805;22627;15935;44391;30529;32991;5840;43232;43228;44445;22626;6412;43043;43604;43603;34641;6807;8152;8150;44237;9987;44271;44249;9058;6518;1901564;71704;1901566;1901576;44267;19538;43170;44238;44260;34645;9059;10467;166;36094;5488;3674;1901265;1901363;97159;6414;462;30490;6364;34470;34660;16070;90304;6139;46483;6725;1901360;6396;16072;42254;22613;44085;71840;42274;3735;5198;5886;71944;9507;9536;5730;44428;5634;31981;70013;43233;31974;5618;30312	2608	5123	4441.5	6275	2982.5	1227	3025	2114.5	7899.5	4064	6763.5	8224	6617.5	1800.5	5335.5	3976.5	3891.5	3949	3691	8214	7386	6182.5	5902.5	6553	96817	4840.85
ORTHO004611	RHO-related protein from plants 10	AT3G48040;AT5G62880	9788;9968;9966;10646;50794;50789;65007;8150;48583;23051;48585;48519;10648;48523;23057;1901420;1901419;9787;5886;16020;5575;44464;5623;71944;9738;9755;7165;51716;9987;50896;7154;44763;44699;44700;23052;32870;9725;9719;10033;42221;71495;71310;70887;71215;9737;33993;97305;1901700;1101;71396;97306;1901701;71229;5515;5488;3674;5622;3924;17111;16462;16818;16817;16787;3824;8152;5525;35639;1901265;1901363;97159;43168;43167;32550;32549;1882;36094;97367;1883;32561;19001;17076;166;32555;32553;7264;35556;5576;5856;43232;43228;43226;43229;44424;5737;9664;71555;45229;16043;71840;71554;71669;19903;19902;19899;19901;19900;5634;43231;43227;9531;9505;5618;30312	2609	3866	3454.5	4300	2097	7834.5	7422	2876.5	2611.5	7666.5	6763.5	4841.5	5740	6455	6867.5	2476	4135	3949	315	4060.5	1193	4970.5	3634.5	2575	86387	4319.35
ORTHO006564	homologue of bacterial MinE 1	AT1G69390	9706;9528;19866;31090;16020;5575;44422;43226;43227;44424;44464;5623;5622;31967;31975;44446;43229;42170;44435;44444;5737;9536;43231;9526;31969;44434;9507;9941;42802;5515;5488;3674;10020;9658;9657;6996;16043;71840;8150;9987;43572;48285;32955;1901891;32954;32465;10564;51726;50794;50789;65007;51302;44087;51128;1903436;1902412;7346;51301;44763;44699;51117;19899	2610	3272	3801.5	4993	2097	7834.5	1789.5	6906	493.5	1346	669	2803.5	6397.5	4295.5	5596.5	6712.5	5404	4400	5502	4527	7386	6429	7946.5	3565	90003.5	4.500.175
ORTHO004551	RING/FYVE/PHD zinc finger superfamily protein	AT2G22120	5737;44424;44464;5575;5623;5622;8270;46914;46872;43169;43167;5488;3674	2611	1611	3900.5	5190	4356	3768.5	3758	4183	2979	2212.5	4474.5	1576.5	8446	8916	6608.5	2476	1432.5	7910.5	1870.5	8125.5	2108	8165	8712	3238	90960.5	4.548.025
ORTHO005133	basic leucine zipper 9	AT5G24800	6351;34645;44260;43170;71704;8152;8150;44237;9987;9059;1901576;9058;44249;97659;32774;16070;90304;6139;46483;6725;1901360;34641;6807;44238;34654;19438;44271;18130;1901362;10467;5515;5488;3674;71333;9749;9746;34284;9743;10033;42221;50896;1901700;71331;71326;71322;71310;70887;51716;1901701;1678;42593;33500;48878;42592;65008;65007;55082;19725;44763;44699;3677;3676;1901363;97159;6355;1903506;2001141;31326;9889;19222;50789;31323;50794;51252;19219;80090;51171;60255;10556;10468;2000112;43565;3700;1071;5634;43231;43227;43226;5575;43229;44424;44464;5623;5622;46982;46983;42803;42802	2612	4168	2838.5	3065	5938.5	7071.5	5903	2114.5	5994	5694	1981	1198.5	5066	3374	3047.5	6712.5	3796.5	3121	7042	1160.5	4668.5	3609.5	5678	2314	79546.5	3.977.325
ORTHO003712	Calmodulin binding protein-like	AT1G73805	5634;43231;43227;43226;5575;43229;44424;44464;5623;5622;3700;1071;3674;2001141;31326;9889;19222;50789;65007;8150;31323;50794;51252;19219;80090;51171;60255;10556;6355;1903506;10468;2000112;42742;9617;51707;43207;9605;50896;9607;51704;98542;6952;6950;6351;34645;44260;43170;71704;8152;44237;9987;9059;1901576;9058;44249;97659;32774;16070;90304;6139;46483;6725;1901360;34641;6807;44238;34654;19438;44271;18130;1901362;10467;1900426;31349;31347;80134;48583;48584;48518;43902;43900;2833;2831;32103;32101;1900424;80142;10337;10565;10112;45088;50776;2682;10224;9411;9416;9314;9628;9626;34050;12501;8219;16265;44699;44763;45087;6955;2376;33554;51716;71219;2237;10033;42221;71216;43565;3677;3676;1901363;5488;97159;2229;2239;5516;5515	2613	3135	2216.5	1820	2097	176	7472.5	1709	7455	210.5	5365.5	1576.5	5740	3815.5	5034.5	6712.5	965	5221.5	4715	4392	538	2328.5	4564	3179.5	71171	3558.55
ORTHO002380	Methylenetetrahydrofolate reductase family protein	AT3G30775;AT5G38710	9414;9415;9628;50896;8150;1101;42221;10035;1901700;6950;6562;9065;1901606;1901605;6520;1901564;71704;8152;6807;19752;43436;6082;44281;44710;44699;44763;9987;44237;44238;9063;46395;16054;44282;44712;9056;1901575;44248;1901565;9064;1901361;1901360;6560;46483;46700;55114;6979;5739;43231;43227;43226;5575;43229;44424;44464;5623;5622;44444;5737;6537;9084;1901607;8652;46394;16053;44283;44711;9058;1901576;44249;1901566;6536;43648;43650;42742;9617;51707;43207;9605;9607;51704;98542;6952;4657;16645;16491;3824;3674;10133;6970	2614	1469	3671	4728	4356	68.5	8627.5	3504.5	9148	7377.5	4793.5	7296.5	1352	5378	1063	1606	7873	8613.5	2493.5	3830	1325	7897.5	2239	4174.5	88661	4433.05
ORTHO003620	ubiquitin-conjugating enzyme 22	AT5G05080	16874;3824;3674;8152;8150;6511;19941;51603;6508;19538;43170;71704;44238;44257;30163;9057;1901575;9056;44265;44260;44237;9987;44248;44267;43632;5524;35639;1901265;1901363;5488;97159;43168;43167;32559;30554;17076;166;36094;32555;32553;97367;32550;32549;1882;1883;4842;19787;16740;16567;32446;70647;6464;36211;43412	2615	1252	3929.5	5244	4356	2837	6220	834.5	8808.5	2170.5	1981	5295.5	8675.5	5199	766.5	508.5	5864.5	7821.5	8673	606	2369	8723	8869	5007.5	91230	4561.5
ORTHO006056	fatty acid desaturase family protein	AT4G04930	30148;46467;6643;44255;6629;71704;8152;8150;44710;44699;44238;44763;9987;44237;8610;1901576;9058;44711;44249;1901566;1901564;6807;6665;55114;16021;31224;44425;5575;16020;5789;98588;31090;44422;43226;43227;44432;44444;44424;44464;5623;5622;5737;44446;43229;5783;43231;12505;42175;42284;16705;16491;3824;3674	2616	2027	1903	1190	4356	3253	2234.5	1013.5	800	5397.5	8701	1198.5	6316	4415.5	5907.5	1606	3521.5	4887	692	4060.5	5061.5	1466	3061.5	1344.5	64937.5	3.246.875
ORTHO008004	photosystem I subunit K	AT1G30380	9534;31976;9579;44424;44464;5575;5623;5622;31984;44446;44422;43226;43229;43227;44435;44444;5737;9536;43231;44434;9507;9535;55035;42651;34357;16020;44436;15979;44237;8152;8150;9987;16168;46906;1901363;5488;3674;97159;9522;9521;98796;43234;32991;44425;16021;31224	2617	2070	4455	6293	4356	8371.5	3224.5	2114.5	8705	4362.5	2290	4162.5	1352	6065	6520.5	2080.5	1294.5	7335.5	1942.5	8077	8350.5	9018.5	8952	2699.5	96918.5	4.845.925
ORTHO007045	ssDNA-binding transcriptional regulator	AT1G14410;AT2G02740	3697;43566;3677;3676;1901363;5488;3674;97159;32211;8156;51053;10605;9892;48519;50789;65007;8150;19222;60255;45934;19219;80090;51171;31323;50794;51172;31324;48523;51052;6275;2000112;31326;9889;10556;2000113;31327;9890;10558;32210;1904356;32204;32844;33044;33043;51128;1904357;32205;32845;2001251;10639;51129;5697;44428;44446;44422;5575;43226;44424;44464;5623;5622;43229;5634;43231;43227;30529;32991;9295;6355;1903506;2001141;51252;10468;6281;6259;44260;43170;71704;8152;44237;9987;90304;6139;46483;6725;1901360;34641;6807;44238;6974;33554;51716;50896;6950;44763;44699;44710;9508;229;44444;5737;5694;43232;43228;44435;9536;42646;9532;9507;6952;6351;34645;9059;1901576;9058;44249;97659;32774;16070;34654;19438;44271;18130;1901362;10467;42162;43565;9570;44434	2618	3386	2718.5	2819	4356	1089	3960	1780.5	7691.5	5471	1623	147	5740	3815.5	4842.5	6712.5	400	4154.5	3904.5	5672	5779	5059	7156	2940	77937.5	3.896.875
ORTHO004976	PDI-like 5-2	AT1G35620	5774;44437;44444;44424;44464;5575;5623;5622;5737;44446;44422;43226;43229;5773;43231;43227;98588;31090;16020;98805;9505;5618;30312;71944;9507;9536;5783;12505;9506;5911;30054;55044;16021;31224;44425;3756;16864;16860;16853;3824;3674;8152;8150;6457;9987	2619	3886	2322.5	2026	4356	4946.5	2328.5	2114.5	1839.5	1409.5	6763.5	1198.5	5195	3815.5	3265	6712.5	4054.5	2558	2249	6860	4668.5	4067	6282.5	2439.5	72767.5	3.638.375
ORTHO005229	O-acetylserine (thiol) lyase B	AT2G43750;AT3G59760	9570;9532;44435;44444;44424;44464;5575;5623;5622;5737;44446;44422;43226;43229;9536;43231;43227;44434;9507;48046;5576;46686;10038;10035;42221;50896;8150;5768;12505;19344;97;96;6790;44237;8152;9987;6520;1901564;71704;6807;19752;43436;6082;44281;44710;44699;44763;44238;44272;44249;9058;8652;46394;16053;44283;44711;1901576;1901566;6534;9069;1901605;9070;1901607;4124;16835;16829;3824;3674;9941;9526;31967;31975;16740;5802;98791;44431;5794;31984;5739;9735;9725;9719;10033;9860;44702;22414;904;902;32989;16043;71840;9653;32502;48856;48869;44767;48468;30154;3006;48588;48589;40007;16049;9932;9826;60560;48868;9856;44703;51704;44706;32501;9567;9566;19953;3;5524;35639;1901265;1901363;5488;97159;43168;43167;32559;30554;17076;166;36094;32555;32553;97367;32550;32549;1882;1883;6535;6563;5515;8270;46914;46872;43169;30170;48037	2620	3984	4540	6460	2097	3406.5	3129.5	8598.5	4526.5	8168.5	4137	5372	6071.5	6501	6639	5325.5	4666	4507	1118.5	7692.5	408.5	6576.5	7486	3565	97895.5	4.894.775
ORTHO003548	Galactosyltransferase family protein	AT5G53340	5768;43231;43227;43226;5575;43229;44424;44464;5623;5622;44444;5737;12505;16758;16757;16740;3824;3674;8152;8150;6486;44763;9987;44699;6464;36211;19538;43170;71704;44238;43412;44267;44260;44237;43413;70085;44723;5975;44710;9101;9100;1901135;34645;9059;1901576;9058;44249;1901137;5794;16021;31224;44425;16020;1990714;8378;139;98588;31090;44422;44431;44446;5802;98791;31984	2621	3938	2073.5	1526	2097	1423	3863.5	6142.5	1545.5	2670	5973.5	3686.5	3192.5	3815.5	2163.5	3976.5	3367.5	2199.5	5851	6240	3675	2541	4366	1769	68461.5	3.423.075
ORTHO003698	Nucleotide/sugar transporter family protein	AT4G32272	3674;5886;16020;5575;44464;5623;71944;16021;31224;44425;8643;44765;6810;51234;51179;8150;1902578;44699;71702	2622	5162	4259	5896	6194	1423	5238	5213.5	8149.5	4340.5	5973.5	3686.5	5740	1800.5	4462	5325.5	7378	3121	5851	5189.5	5422.5	5603	5171.5	5601	94690	4734.5
ORTHO007157	Leucine-rich repeat (LRR) family protein	AT5G19680	5634;43231;43227;43226;5575;43229;44424;44464;5623;5622;8150	2623	1166	2766	2909	4356	2672	6963.5	4503	1328.5	14.5	865	7943.5	1352	7909	8893	976.5	8133	6590	4293	436	7052	4970.5	1035	2699.5	78629.5	3.931.475
ORTHO000590_1	serine/threonine protein kinase 2	AT3G08720;AT3G08730	5524;35639;1901265;1901363;5488;3674;97159;43168;43167;32559;30554;17076;166;36094;32555;32553;97367;32550;32549;1882;1883;9409;9266;9628;50896;8150;6950;6468;16310;6796;6793;44237;8152;9987;6464;36211;19538;43170;71704;44238;43412;44267;44260;9408;4672;16301;16772;16740;3824;16773;9651;6970;45727;10628;10604;9893;48518;50789;65007;19222;60255;10468;31328;31326;9889;31323;50794;31325;48522;9891;10557;10556;6417;10608;32268;51246;80090;34248;51171;2000112;32270;51247;34250;51173;5634;43231;43227;43226;5575;43229;44424;44464;5623;5622;4674;5515;5737;8285;48523;48519;42127	2624	2254	2328	2032	5121	930.5	1985	8878	522.5	5480.5	291	6741.5	5467.5	4360.5	5799	2914	3113.5	8446.5	1765.5	5637	3942	2061	3545	926.5	72807	3640.35
ORTHO002046	RING/U-box superfamily protein	AT3G19950	16567;32446;70647;6464;36211;19538;43170;71704;8152;8150;44238;43412;44267;44260;44237;9987;8270;46914;46872;43169;43167;5488;3674;16874;3824	2625	2392	2424.5	2224	4356	930.5	687.5	3345.5	553.5	502	4593.5	503.5	8605	6047	5596.5	7419	7582.5	8179	1399	2347	696.5	8588.5	2785	3721	74082	3704.1
ORTHO006173	hydroxyproline-rich glycoprotein family protein	AT4G26750	5634;43231;43227;43226;5575;43229;44424;44464;5623;5622;15031;45184;51234;51179;8150;8104;33036;71702;6810;9814;98542;6952;6950;50896;51707;43207;9605;9607;51704;45087;6955;2376;5737;5515;5488;3674;10008;98588;31090;16020;44422;44440;44444;44446;5768;12505;98805;42803;42802;46983;1900426;31349;31347;80134;48583;50789;65007;48584;48518;43902;43900;2833;2831;32103;32101;1900424;5771;16192	2626	2288	4413	6200	4356	755.5	3327	1013.5	8207	6125	9044.5	6688.5	8306	6004.5	5907.5	7419	1816.5	6657.5	6531	5002	1121	8223.5	3001.5	1215.5	96366.5	4.818.325
ORTHO002771	Adenine nucleotide alpha hydrolases-like superfamily protein	AT1G11360	5886;16020;5575;44464;5623;71944;5634;43231;43227;43226;43229;44424;5622;5829;44444;5737;16787;3824;3674;8152;8150	2627	4727	5570.5	8514	2982.5	1705	7562.5	7290.5	4507	2405	8095	3686.5	7554	8316	7999	6712.5	5561	4982.5	6056.5	8214	6578.5	7147.5	8026.5	3635.5	116035	5801.75
ORTHO002403	Plant Tudor-like protein	AT2G25590;AT4G32440;AT5G20030	8150;5634;43231;43227;43226;5575;43229;44424;44464;5623;5622	2628	5709	5580	8532	2982.5	2467	4341	6864	4483.5	1371	7594	8939	3846.5	8210.5	7804.5	5325.5	1000	5452.5	7831	8691.5	8580	7520.5	8026.5	8092	116440.5	5.822.025
ORTHO004147	unknown protein	AT2G27830	3674;5634;43231;43227;43226;5575;43229;44424;44464;5623;5622	2629	3082	4064	5499	4356	8723.5	5955	7244.5	5754	1655.5	2653	2255.5	1352	6971	7129	2476	5864.5	4673.5	857	3231	6908	7259	7729.5	3841	92532.5	4.626.625
ORTHO002165	clathrin adaptor complexes medium subunit family protein	AT5G05010	5829;44444;44424;44464;5575;5623;5622;5737;30131;30119;98796;43234;32991;44425;16020;30117;48475;30118;30126;30120;44433;44446;44422;43226;43229;31410;31982;30662;30659;12506;31090;43227;31988;16023;43231;98588;98805;30135;44431;5794;12505;30663;30660;139;5798;30137;6890;48193;1902582;46907;6810;51234;51179;8150;51649;51641;44765;1902578;44699;16192;6886;15031;45184;8104;33036;71702;34613;70727;9506;5911;30054;55044	2630	1600	2407	2184	3606	6946	1204	2939.5	8178.5	555.5	2216.5	4162.5	1352	5770	1330	1273	7258	6854.5	7950	1268.5	4519	7914	1453	595.5	73740	3687
ORTHO005592	unknown protein	AT1G31940;AT2G35585	5886;16020;5575;44464;5623;71944;5634;43231;43227;43226;43229;44424;5622;3674;8150	2631	2749	1589.5	548	1522.5	1705	7262.5	2185	1234	2443	5407.5	4905	4793	3815.5	4705.5	1239.5	3016.5	1780	2899.5	813	675.5	1310	2923.5	648	53761.5	2.688.075
ORTHO005481	unknown protein	AT1G32690;AT2G35200	5634;43231;43227;43226;5575;43229;44424;44464;5623;5622;3674;8150;5886;16020;71944	2632	4339	4843	7054	5151.5	6529	4813.5	7244.5	2367.5	8647.5	8984.5	5395	8094	7536	1616	7360.5	2374.5	5626	6897.5	8214	5061.5	1407.5	1681.5	1858	101708.5	5.085.425
ORTHO004753	zinc finger (C2H2 type) family protein	AT4G06634	8150;46872;43169;43167;5488;3674;5634;43231;43227;43226;5575;43229;44424;44464;5623;5622;3676;1901363;97159;43565;3677	2633	557	1593	553	672.5	2981	5725.5	834.5	2069	821	1211	4086	1352	5856.5	3521.5	136	1678.5	7471.5	778.5	565.5	421	8827.5	3930	1580.5	53847	2692.35
ORTHO003638	syntaxin of plants  32	AT3G24350	31201;98796;43234;32991;5575;44425;16020;44444;44424;44464;5623;5622;5737;6906;48284;6996;16043;71840;8150;9987;16050;90174;44801;44802;61024;44763;44699;61025;1902589;16192;6810;51234;51179;12505;16021;31224;6886;15031;45184;8104;33036;71702;46907;51649;51641;34613;70727;139;98588;31090;44422;43226;43227;44431;44446;43229;5794;43231;5484;5515;5488;3674;48278;22406;149;6888;16482;48193;1902582;44765;1902578	2634	1599	2299	1964	4356	2629	2881	2985.5	8874	1282.5	744	1576.5	1352	7954.5	8995	976.5	6925.5	6919	7792.5	150	957	5213.5	1181	2940	72329	3616.45
ORTHO005312	BEST Arabidopsis thaliana protein match is: C2H2-like zinc finger protein (TAIR:AT2G01940.3)	AT3G48550	3674;5634;43231;43227;43226;5575;43229;44424;44464;5623;5622;8150	2635	3400	2900.5	3166	2097	293	1519.5	8670	3083	3610	4172	679.5	5740	6475	6867.5	2476	4346.5	4747.5	4548.5	1426	4833.5	6429	7244	2940	80100.5	4.005.025
ORTHO005342	Phototropic-responsive NPH3 family protein	AT2G30520	16567;32446;70647;6464;36211;19538;43170;71704;8152;8150;44238;43412;44267;44260;44237;9987;9638;9606;9605;50896;9637;9416;9314;9628;5634;43231;43227;43226;5575;43229;44424;44464;5623;5622;5886;16020;71944;5737;7165;50794;50789;65007;51716;7154;44763;44699;44700;23052;4871;60089;3674	2636	5077	3803	4970	5938.5	5833.5	8064	5439.5	4705.5	7782	5788.5	7933	5467.5	2711.5	2702.5	6712.5	1839	2199.5	2626	5519.5	4226.5	3311	2479	4541	89881.5	4.494.075
ORTHO005524	FAD/NAD(P)-binding oxidoreductase	AT1G15140	16491;3824;3674;8152;8150;55114;44710;44699;9570;9532;44435;44444;44424;44464;5575;5623;5622;5737;44446;44422;43226;43229;9536;43231;43227;44434;9507;9579;9735;9725;9719;50896;10033;42221;9941;9526;31967;31975;5507;46914;46872;43169;43167;5488	2637	1136	3225	3813	4356	2629	1560	1204.5	553.5	502	5577	1915.5	8754.5	6764.5	8968.5	976.5	3471	6808.5	4715	4727.5	7925	7038.5	6624.5	2940	83655.5	4.182.775
ORTHO009815	prenylated RAB acceptor 1.B1	AT3G56110	3674;5794;43231;43227;43226;5575;43229;44424;44464;5623;5622;44444;5737;12505;16192;6810;51234;51179;8150;5783	2638	5522	3474.5	4311	6478.5	5285	8064	5439.5	3135.5	7274.5	5788.5	2640.5	1352	3283.5	3521.5	3976.5	4346.5	2724.5	4968.5	6368.5	4226.5	4612.5	4887	4541	86436	4321.8
ORTHO005701	Protein of unknown function (DUF2361)	AT1G04230;AT5G43720	5634;43231;43227;43226;5575;43229;44424;44464;5623;5622;3674;8150	2639	1677	2822.75	3006.5	4356	2385.5	1720.5	7084	1042.5	502	5471.5	1374.5	7377.5	4560	6464.5	6712.5	630	5569	5128	4727.5	6180.5	4780.5	5541.5	1906.5	79158.5	3.957.925
ORTHO005995	heptahelical transmembrane protein1	AT5G20270	9744;34285;9743;10033;42221;50896;8150;1901700;16021;31224;44425;5575;16020;9651;6970;9628;6950;4872;60089;3674;9725;9719;5634;43231;43227;43226;43229;44424;44464;5623;5622;9788;9968;9966;10646;50794;50789;65007;48583;23051;48585;48519;10648;48523;23057;1901420;1901419;9787	2640	2499	4206	5772	5552	303	3025	1547.5	8.5	720	4896.5	5851	1352	5581	599	1606	7615.5	8114.5	8979	8942.5	8798.5	8827.5	9065.5	8159	93991.5	4.699.575
ORTHO000320_3	ubiquitin-specific protease 11	AT1G32850;AT4G10570;AT4G10590	5634;43231;43227;43226;5575;43229;44424;44464;5623;5622;6511;19941;51603;6508;19538;43170;71704;8152;8150;44238;44257;30163;9057;1901575;9056;44265;44260;44237;9987;44248;44267;43632;4197;8234;70011;8233;16787;3824;3674;4175	2641	3195	3978.5	5316	4356	4655.5	3758	7084	2134	1409.5	2653	2803.5	3784.5	6764.5	7017.5	7782	793	4982.5	6056.5	4527	6578.5	7147.5	8026.5	3635.5	91593	4579.65
ORTHO002258	Mitochondrial substrate carrier family protein	AT5G64970	5743;19866;31090;16020;5575;44422;43226;43227;44424;44464;5623;5622;31967;31975;44446;43229;31966;44429;44444;5737;5739;43231;5740;9536;5215;3674;6810;51234;51179;8150;16021;31224;44425;6839;1902582;46907;51649;51641;44765;1902578;44699;55085;44763;9987	2642	3114	4099	5556	2097	4827.5	1881	8912.5	597.5	930.5	1623	8038	5740	3815.5	5034.5	6712.5	324.5	5221.5	4663	7692.5	6696	5308.5	7554.5	7266.5	92839.5	4.641.975
ORTHO004787	alpha/beta-Hydrolases superfamily protein	AT4G24160	3841;16411;8374;16747;16746;16740;3824;3674;8152;8150;42171;71617;55091;55088;48878;42592;65008;65007;55081;50801;55089;16787;16298;16788;4623;4620;52689;5737;44424;44464;5575;5623;5622;70328;55090	2643	2436	3784.25	4925.5	1689.5	361.5	8571.5	357.5	1691	5362	5836	5600.5	8605	5350.5	693	1429.5	1896	7761	8873	549.5	8580	8111.5	2785	7240	89654	4482.7
ORTHO003729	unknown protein	AT4G24590;AT5G49710	5634;43231;43227;43226;5575;43229;44424;44464;5623;5622;3674;8150;5737	2644	1235	3558.75	4473.5	1066.5	4519	1985	1013.5	393.5	82.5	582	1471	8410.5	7996	9073.5	1073.5	3752	6946	8059	5002	8496	7392.5	7729.5	3238	87215	4360.75
ORTHO005110	unknown protein	AT1G29195	9507;9536;43231;43227;43226;5575;43229;44424;44464;5623;5622;44444;5737;3674;8150	2645	4498	4444	6243	5938.5	3917	6309	7084	1625	8535.5	3136.5	6717.5	7258.5	8316	7917.5	7782	2954.5	4400	284	2409.5	1193	6027.5	3383	7376.5	96626.5	4.831.325
ORTHO002079	adenosine kinase 1	AT3G09820;AT5G03300	9506;5911;30054;5575;55044;46686;10038;10035;42221;50896;8150;5886;16020;44464;5623;71944;5829;44444;44424;5622;5737;48046;5576;5507;46914;46872;43169;43167;5488;3674;9507;9536;43231;43227;43226;43229;4001;19206;19205;16301;16772;16740;3824;8152;16310;6796;6793;44237;9987;9165;1901293;90407;19637;71704;1901576;9058;6753;55086;6139;46483;6725;1901360;34641;6807;44238;44281;44710;44699;44763;34654;19438;44249;44271;18130;1901362;44711;9117;16773;6167;9152;9150;6163;72521;1901564;9259;19693;1901135;9260;46390;1901137;6164;72522;1901566;46033;9167;9161;9123;9126;46128;9119;9116;1901657;42278;9168;9156;9124;9127;46129;42451;9163;1901659;42455;44209;32261;43173;43094;43101;6166;43174;6169;46086;46085;16032;44764;51704;44403;44419;5524;35639;1901265;1901363;97159;43168;32559;30554;17076;166;36094;32555;32553;97367;32550;32549;1882;1883;80094;46683;10033;1901700	2646	5224	5097.5	7549	6194	2747.5	4698	8722.5	4740.5	6308	3596.5	9035	8817.5	5645.5	988	3976.5	8903.5	7273.5	8894	9098	1933.5	678.5	488.5	8670.5	105215.5	5.260.775
ORTHO001446	FTSH protease 10	AT1G07510;AT2G29080	5739;43231;43227;43226;5575;43229;44424;44464;5623;5622;44444;5737;5524;35639;1901265;1901363;5488;3674;97159;43168;43167;32559;30554;17076;166;36094;32555;32553;97367;32550;32549;1882;1883;9535;55035;42651;34357;16020;44436;9579;44435;44446;44422;9536;31976;31984;44434;9507;9534;5743;19866;31090;31967;31975;31966;44429;5740;16021;31224;44425;4222;4175;70011;8233;16787;3824;8152;8150;6508;19538;43170;71704;44238;8237;8270;46914;46872;43169;16887;17111;16462;16818;16817;4176;42623;9735;9725;9719;50896;10033;42221	2647	5061	3043	3439	5238	5285	8251	6741	8509.5	4596	5460	1658	4444	3497	6192.5	2914	3053.5	1406.5	4441	5094	3284.5	2213.5	3634.5	988.5	81664	4083.2
ORTHO004103	EamA-like transporter family	AT4G32140	16020;5575;16021;31224;44425;3674;8150	2648	3122	2960.5	3273	4356	3050.5	7463	4462	3291	7064	4357	6590	1352	6764.5	6867.5	5325.5	1827.5	4507	732	1371	1863.5	6429	4310	3103.5	80730.5	4.036.525
ORTHO002572	rotamase CYP 3	AT2G16600;AT2G21130;AT4G38740	9506;5911;30054;5575;55044;9507;9536;43231;43227;43226;43229;44424;44464;5623;5622;44444;5737;6457;9987;8150;3755;16859;16853;3824;3674;8152;413;18208;18193;6464;36211;19538;43170;71704;44238;43412;44267;44260;44237;5794;12505;5829;42277;33218;5488;5886;16020;71944;7165;50794;50789;65007;51716;50896;7154;44763;44699;44700;23052;1932;42325;19220;51174;31323;19222;31399;32268;51246;80090;60255;9585;7602;9583;9416;9314;9628;9582;51606;9581;9605;10017;71489;9639;71482;71478;71214;9626;34050;12501;8219;16265;45087;6952;6950;6955;2376;33554;9785;30522;71483;9637;9735;9725;9719;10033;42221;9704;9640;9791;44767;32502;44707;32501;7275;9742;43401;9755;32870;71495;71310;70887;71383;71407;14070;71396;33993;48545;71367;9741;97305;1901700;97306;1901701;46686;10038;10035;48046;5576	2649	4219	2645	2641	5121	9049.5	2528	1114.5	702.5	3844.5	7382.5	841.5	5740	3815.5	5596.5	3976.5	693.5	3121	315	7647	5779	4169	3581	7075	76972	3848.6
ORTHO000879	ethylene-forming enzyme	AT1G05010	31418;31406;43177;36094;5488;3674;43168;43167;48029;30246;19842;9693;9692;43449;1900673;71704;8152;8150;44237;9987;43450;1900674;1901576;9058;44249;9835;7568;44767;32502;44699;44702;22414;71695;21700;48856;7275;44707;32501;10154;48608;3006;61458;48731;46872;43169;9620;51707;43207;9605;50896;9607;51704;16706;16705;16491;3824;55114;44710;51213;5737;44424;44464;5575;5623;5622;9815;16641;16638;71398;71396;33993;10033;42221;71310;70887;51716;70542;1101;1901700;71229;1901701	2650	3806	4614	6578	2097	9062.5	5643	2250	7978	2366.5	2653	3578.5	6895.5	6971	7195	7782	1321	4673.5	802.5	5245.5	6908	6648	2834	7860.5	98668	4933.4
ORTHO000374_2	SHV3-like 4	AT5G58050;AT5G58170	6071;19400;44723;5975;71704;8152;8150;44238;44710;44699;44262;44237;9987;19751;6066;1901615;44281;44763;6629;31225;31224;44425;5575;16020;16301;16772;16740;3824;3674;16310;6796;6793;5886;44464;5623;71944;16021;8889;8081;42578;16788;16787;48046;5576	2651	1520	1901.5	1152	4356	4027	177	805.5	8831.5	7620	4628.5	3983	1352	5983	5661	2080.5	2770	7028	1870.5	2635.5	394.5	1358.5	1900.5	1311	64417.5	3.220.875
ORTHO002184	Transcription factor jumonji (jmj) family protein / zinc finger (C5HC2 type) family protein	AT5G46910	6355;1903506;2001141;31326;9889;19222;50789;65007;8150;31323;50794;51252;19219;80090;51171;60255;10556;10468;2000112;5634;43231;43227;43226;5575;43229;44424;44464;5623;5622;10200;10243;9719;50896;10033;42221;1901698;1901700;3700;1071;3674	2652	2824	4426.75	6201.5	4356	6149	4785	3563	3404.5	8319	8984.5	6781	5740	6601.5	6867.5	7782	1844	7376.5	5502	1632	5637	1228	1322	2850	96368.5	4.818.425
ORTHO003579	FUNCTIONS IN: molecular_function unknown	AT5G09960;AT5G64850	8150;5886;16020;5575;44464;5623;71944;3674;5634;43231;43227;43226;43229;44424;5622	2653	5286	3658.5	4664	6194	8095.5	5001	3276	3262	7183	4265.5	6482	5467.5	7699.5	7349.5	3976.5	1882.5	2558	1141	6555.5	3942	3609.5	2341	4174.5	88262	4413.1
ORTHO006329	Ribosomal protein L1p/L10e family	AT3G58660	5730;44428;44446;44422;5575;43226;44424;44464;5623;5622;43229;5634;43231;43227;43232;43228;31981;70013;43233;31974;5840;30529;32991;44444;5737;16020;3723;3676;1901363;5488;3674;97159	2654	3549	4774	6894	2097	1594	7339	7244.5	1198	5000	8232.5	2197	6895.5	6764.5	7195	5325.5	5864.5	5368	7281	1426	2160.5	7392.5	8247	3920	100645	5032.25
ORTHO003558	isopentenyltransferase 1	AT1G68460	6400;9451;16070;44260;43170;71704;8152;8150;44237;9987;90304;6139;46483;6725;1901360;34641;6807;44238;43412;8033;34470;34660;6396;10467;6399;80117;80190;40007;44699;9536;43231;43227;43226;5575;43229;44424;44464;5623;5622;44444;5737;9691;42446;9058;42445;10817;65008;65007;9690;9308;1901564;34754;44249;9507;9824;16765;16740;3824;3674;5739;52622;52381;52623	2655	4849	2882.5	3110	5938.5	4278	7339	5568.5	1328.5	2670	5973.5	2803.5	5740	1800.5	4233.5	6712.5	3367.5	2199.5	3199	7194	3675	2433.5	3662.5	5601	79779.5	3.988.975
ORTHO003344	Putative endonuclease or glycosyl hydrolase	AT5G09840;AT5G64710	5739;43231;43227;43226;5575;43229;44424;44464;5623;5622;44444;5737;10468;60255;19222;50789;65007;8150;4519;4518;16788;16787;3824;3674;8152;90305;90304;6139;46483;44237;9987;6725;1901360;71704;34641;6807;44238;43170;9507;9536;5777;42579	2656	3476	3796	4936	4356	7169.5	1068	2392	1994.5	2385.5	2992.5	8150	1352	8566	7162	7782	737	4747.5	5502	1811	7786.5	7147.5	7244	3721	89710.5	4.485.525
ORTHO002997	Tetratricopeptide repeat (TPR)-like superfamily protein	AT4G04790;AT4G21880	5739;43231;43227;43226;5575;43229;44424;44464;5623;5622;44444;5737;8150;3674	2657	1430	1704	751	1066.5	880.5	687.5	705.5	1916	3412.5	2129.5	466.5	4010.5	7448.5	8512	2476	5561	6388.5	1164.5	436	497	5132.5	4209.5	2166	58200	2910
ORTHO004556	Integrase-type DNA-binding superfamily protein	AT5G11590	6355;1903506;2001141;31326;9889;19222;50789;65007;8150;31323;50794;51252;19219;80090;51171;60255;10556;10468;2000112;9873;160;35556;7165;51716;9987;50896;7154;44763;44699;44700;23052;9755;32870;9725;9719;10033;42221;71495;71310;70887;71369;9723;5634;43231;43227;43226;5575;43229;44424;44464;5623;5622;3677;3676;1901363;5488;3674;97159;3700;1071;45893;10628;10604;9893;48518;1903508;1902680;51254;45935;31325;48522;51173;31328;9891;10557;43565;6351;34645;44260;43170;71704;8152;44237;9059;1901576;9058;44249;97659;32774;16070;90304;6139;46483;6725;1901360;34641;6807;44238;34654;19438;44271;18130;1901362;10467	2658	5622	4395	6132	6534	5155.5	5486.5	5213.5	6584	7152	6070	8061	5740	1800.5	4462	3976.5	5281.5	3121	6109.5	4211	800.5	5603	5541.5	5601	95970.5	4.798.525
ORTHO002260	lipid-binding serum glycoprotein family protein	AT1G04970	5774;44437;44444;44424;44464;5575;5623;5622;5737;44446;44422;43226;43229;5773;43231;43227;98588;31090;16020;98805;8289;5488;3674;8150;5576;5615;44421	2659	2661	2848.5	3038	4356	3511	1109	1709	2435.5	4302.5	3702.5	5435.5	1352	5297	638	1429.5	8960	7637	2843.5	635	8153	8666	2479	9009.5	79304.5	3.965.225
ORTHO005867	nudix hydrolase homolog 15	AT1G28960	6753;19637;71704;8152;8150;6793;44237;9987;55086;6139;46483;6725;1901360;34641;6807;44238;44281;44710;44699;44763;6796;10945;16462;16818;16817;16787;3824;3674;15937;9108;51188;51186;44249;9058;6732;34033;33866;1901293;90407;1901576;34654;19438;44271;18130;1901362;44711;33865;34032;72521;1901564;72522;1901566;34030;33875;9152;9150;6163;9117;9259;19693;1901135;9260;46390;1901137;9165;6164;15936;46128;9119;9116;1901657;42278;46129;42451;9163;1901659;42455;5739;43231;43227;43226;5575;43229;44424;44464;5623;5622;44444;5737;46872;43169;43167;5488;6104;6637;35383;6790;8893;16794;42578;16788	2660	3253	2483.25	2306.5	4356	1089	1294.5	1912	7455	5352	8737.5	7933	5467.5	3815.5	3265	1606	4761	3580	4016	366.5	4946	3222.5	3284.5	2575	74678.5	3.733.925
ORTHO002862	unknown protein	AT3G57950;AT5G06790	3674;8150;9507;9536;43231;43227;43226;5575;43229;44424;44464;5623;5622;44444;5737	2661	2606	1907	1153	4356	1089	1881	6978.5	1328.5	555.5	8855	705.5	1352	3815.5	6137	1830	935.5	5221.5	4756.5	4392	4519	2328.5	4564	3179.5	64424	3221.2
ORTHO004104	gigantea protein (GI)	AT1G22770	5634;43231;43227;43226;5575;43229;44424;44464;5623;5622;10218;9639;9416;9314;9628;50896;8150;42752;50789;65007;5515;5488;3674;10378;9266;9908;90567;48608;3006;32502;22414;48856;61458;48731;7275;44767;44699;44707;32501;44702;9791;48367;30154;48869;44763;9987;9409;6950;6355;1903506;2001141;31326;9889;19222;31323;50794;51252;19219;80090;51171;60255;10556;10468;2000112;7623;48511;48578;48582;48580;2000026;50793;51239;51240;48518;51094;48586;2000028;48583;2000241;48584;2000243;5654;44428;44446;44422;31981;70013;43233;31974;80167;42542;302;6979;1901700;42221;10035;9585;7602;9583;9582;51606;9581;9605;7165;51716;7154;44700;23052;10017;71489;71482;71478;71214;5737;9637	2662	2927	3588	4514	4356	2054	1204	4734	2505.5	1506.5	3879	5543	1352	5411.5	810.5	6712.5	8238.5	7846	8873	1460	7709	7897.5	2479	7161.5	87377	4368.85
ORTHO002923	cation-chloride co-transporter 1	AT1G30450	5802;98791;44431;44444;44424;44464;5575;5623;5622;5737;44446;44422;43226;43229;5794;43231;43227;12505;31984;8511;15377;15296;8509;15075;22891;22857;5215;3674;6810;51234;51179;8150;55085;44763;9987;44699;44765;1902578;22892;34220;6811;98656;6820;15294;15293;15291;22804;8324;98655;6812;15108;15103;15698;6821;1902476;98661;98660;5887;31226;44459;44425;16020;5886;71944;31224;16021;22820;15079;15077;22890;15672;46873;30001;71805;98662;71804;6813;5768;6884;19725;42592;65008;65007;8361;32535;90066;16043;71840;55075;55067;98771;50801;48878;55080;55065;15379;55064;55083;55081;10107	2663	459	1333.5	4	672.5	228.5	93.5	175.5	4142	3176.5	46	181.5	2708.5	138	136.5	335	62	1017	53	37	210.5	389	84	132	13346	667.3
ORTHO001552	RS-containing zinc finger protein 21	AT1G23860;AT2G24590;AT4G31580	5681;44428;44446;44422;5575;43226;44424;44464;5623;5622;43229;5634;43231;43227;30529;32991;398;6397;16071;16070;44260;43170;71704;8152;8150;44237;9987;90304;6139;46483;6725;1901360;34641;6807;44238;6396;10467;377;375;8380;8270;46914;46872;43169;43167;5488;3674;166;36094;1901265;1901363;97159;5515;16607;16604;44451;5654;31981;70013;43233;31974;3676;5730;43232;43228;5829;44444;5737	2664	4491	4145.5	5627	5151.5	7241	2881	6142.5	6379.5	3844.5	1981	1198.5	6731.5	1800.5	5413.5	3976.5	6648.5	3121	3944	6860	7568	6182.5	4544.5	6732.5	93191	4659.55
ORTHO000949_2	DNAse I-like superfamily protein	AT5G65090	48766;904;902;32989;16043;71840;8150;9987;9653;32502;48856;48869;44767;44699;44763;48468;30154;48765;10053;90627;10015;48364;48513;48731;7275;44707;32501;22622;90558;9888;48764;48469;21700;10054;16787;3824;3674;8152;9932;9826;60560;48589;40007;16049;5737;44424;44464;5575;5623;5622	2665	2572	4006.25	5347.5	1689.5	8310	575	1640.5	4178.5	2257.5	744	1576.5	1352	7954.5	8968.5	7782	6752	6388.5	1389	3146	7672.5	7470	8405	5222.5	91784.5	4.589.225
ORTHO005824	PCF11P-similar protein 4	AT4G04885	6378;31124;6397;16071;16070;44260;43170;71704;8152;8150;44237;9987;90304;6139;46483;6725;1901360;34641;6807;44238;6396;10467;31123;43631;5634;43231;43227;43226;5575;43229;44424;44464;5623;5622;5737;9911;48582;48580;2000026;50793;50789;65007;51239;51240;48518;51094;2000243;2000241;9909;48831;5515;5488;3674	2666	1613	2113.5	1561	1281	3270.5	739	1013.5	7325.5	3267	8798.5	790	3784.5	4415.5	6092	6712.5	3752	4982.5	692	920	4226.5	2061	4391	1506	68739.5	3.436.975
ORTHO000391_2	SEC7-like guanine nucleotide exchange family protein	AT1G01960;AT3G60860	5634;43231;43227;43226;5575;43229;44424;44464;5623;5622;32588;139;98588;31090;16020;44422;44431;44444;5737;44446;5794;12505;5802;98791;31984;43547;43087;51336;50790;19222;50789;65007;8150;65009;51345;43085;44093;9893;48518;16192;6810;51234;51179;5829;5086;5085;98772;3674;9561;44767;32502;44699;44707;32501;9553;48229;7275;48856;15031;45184;8104;33036;71702	2667	3449	3538.75	4410.5	4356	8686	1393	1547.5	6379.5	8647.5	1623	7450.5	3288	8485	5254.5	7782	219	8381	2437	2124.5	262	9131.5	3634.5	183	86909	4345.45
ORTHO001033	peptidase M20/M25/M40 family protein	AT1G51760;AT1G51780;AT5G56650;AT5G56660	5788;70013;43233;31974;5575;44422;43226;44446;44424;44464;5623;5622;43229;44432;44444;5737;5783;43231;43227;12505;9507;9536;8152;8150;6508;19538;43170;71704;44238;10179;10178;16810;16787;3824;3674;8237;70011;8233;9611;6950;50896;5886;16020;71944;10112;43900;50789;65007;45088;31347;80134;48583;50776;2682;32101;2831;9850;44237;9987;42445;10817;65008;5794	2668	2493	3845	5022	4356	3956	859	1204.5	553.5	5195	1082.5	3775.5	1352	9127	6331.5	7782	7071	6982	1629.5	326.5	7672.5	8617.5	8775	7860.5	90153	4507.65
ORTHO001071	rubisco activase	AT2G39730	9570;9532;44435;44444;44424;44464;5575;5623;5622;5737;44446;44422;43226;43229;9536;43231;43227;44434;9507;9579;9941;9526;31967;31975;9535;55035;42651;34357;16020;44436;31976;31984;9534;5634;43531;32559;30554;17076;166;36094;5488;3674;1901265;1901363;97159;32555;32553;97367;32550;32549;1882;1883;43168;43167;42742;9617;51707;43207;9605;50896;8150;9607;51704;98542;6952;6950;5524;35639;46863;8047;30234;98772;50790;19222;50789;65007;65009;43085;44093;9893;48518;10287;48046;5576;10319;9409;9266;9628;9416;9314;10150;10260;7568;44767;32502;44699;48513;48856;48731;7275;44707;32501;48366;48827;48367;5618;30312;71944;9753;9725;9719;10033;42221;1101;1901700	2669	4946	2553	2437	5476.5	2333	5450	6428.5	1133	7035	2653	3578.5	6071.5	1800.5	4462	6712.5	1884.5	4154.5	3067.5	3747	3870	2328.5	3020	5913	75642.5	3.782.125
ORTHO003119	heptahelical protein 4	AT4G37680;AT4G38320	9725;9719;50896;8150;10033;42221;16021;31224;44425;5575;16020;4872;60089;3674;9744;34285;9743;1901700;5739;43231;43227;43226;43229;44424;44464;5623;5622;44444;5737	2670	3402	4579	6488	2097	3154	6804	2545	3046	7830	2402	8132.5	1352	6764.5	7017.5	7782	5240.5	4507	2500.5	5337	5265	6991	7946.5	3447.5	98064.5	4.903.225
ORTHO002341	Protein of unknown function (DUF607)	AT1G09575;AT1G57610	70588;98662;98660;34220;6811;44765;6810;51234;51179;8150;1902578;44699;55085;44763;9987;98655;6812;6816;70838;72511;30001;16021;31224;44425;5575;16020;5743;19866;31090;44422;43226;43227;44424;44464;5623;5622;31967;31975;44446;43229;31966;44429;44444;5737;5739;43231;5740;9507;9536;15292;15291;22804;22857;5215;3674	2671	4895	4437.5	6204	2982.5	7543.5	2528	6428.5	7325.5	4682	1312.5	3034.5	1352	3283.5	5596.5	3976.5	8473.5	4253	7950	7647	8153	4873	1035	6949.5	96397	4819.85
ORTHO006943	unknown protein	AT1G27990	3674;5575;8150	2672	1922	3123.5	3575	4356	8655.5	2703	2185	9043	720	2653	4991	1352	4850	343	1429.5	1678.5	8309.5	2299	9102.5	1140	8927	3945	8026	82352.5	4.117.625
ORTHO003772	alpha carbonic anhydrase 1	AT3G52720	9570;9532;44435;44444;44424;44464;5575;5623;5622;5737;44446;44422;43226;43229;9536;43231;43227;44434;9507;6730;44281;44710;8152;8150;44699;44763;9987;44237;4089;16836;16835;16829;3824;3674;8270;46914;46872;43169;43167;5488;5783;12505	2673	4072	3315	3957	5121	1089	3025	6573	7899.5	6480	8606.5	3218	5066	3815.5	3265	1606	3836.5	3121	3691	6754	4668.5	3609.5	5902.5	2314	84540.5	4.227.025
ORTHO003737	Nucleic acid-binding; OB-fold-like protein	AT2G33845	5634;43231;43227;43226;5575;43229;44424;44464;5623;5622;8150;3674	2674	5377	4880	7086	2982.5	8560	9120	3549.5	1839.5	8934.5	4016	8595.5	1352	8378.5	7885	5325.5	8960	6145	1975.5	1919	1264.5	5603	1337.5	7223	101983.5	5.099.175
ORTHO007270	Golgi transport complex protein-related	AT1G67930	6891;48193;1902582;46907;6810;51234;51179;8150;51649;51641;44765;1902578;44699;16192;5829;44444;44424;44464;5575;5623;5622;5737;17119;44431;44446;44422;43226;43229;5794;43231;43227;12505;43234;32991;9507;9536	2675	1133.5	3208.5	3742	1066.5	8263	5917.5	3847	4526.5	3457	4435	367.5	1352	7909	8942.5	976.5	965	7471.5	875	220.5	7925	6759.5	6194.5	2850	83254.5	4.162.725
ORTHO004579	uv-b-insensitive 4	AT2G42260;AT3G57860	10091;904;902;32989;16043;71840;8150;9987;9653;32502;48856;48869;44767;44699;44763;48468;30154;10090;10026;90558;9888;90626;5634;43231;43227;43226;5575;43229;44424;44464;5623;5622;1900426;31349;31347;80134;48583;50789;65007;48584;48518;43902;43900;2833;2831;32103;32101;1900424;9960;3006;22414;48513;48731;7275;44707;32501;48316;48608;61458;44702;9791;10154;42023;44786;6261;6260;6259;44260;43170;71704;8152;44237;90304;6139;46483;6725;1901360;34641;6807;44238;34645;9059;1901576;9058;44249;22402;7049;44711;44710;51301;7067;280;48285;6996;1903047;278;1902589;60564;1901990;1901987;10564;51726;50794;7346;32435;32434;61136;1903050;1903362;31329;9894;19222;31323;42176;51246;80090;60255;32268;30162;1901799;1903051;1903363;42177;9895;9892;48519;51248;10605;31330;31324;48523;32269;45861;51436;51439;51438;51338;50790;65009;31396;1903320;31399;51444;51352;51340;43086;44092;31397;1903321;31400;51348;5515;5488;3674;10224;9411;9416;9314;9628;50896;6952;6950;9561;9553;48229;7113;7127;7126;1903046;51321;3;7088;51783;33043;51128;51302;40020;51445;7135	2676	4132	5318	7960	5121	7812.5	3960	3625.5	8359.5	4795.5	8566	5699	3990.5	5540	1016	6712.5	7137.5	2724.5	802.5	8956	7386	8330.5	8700	4541	108655	5432.75
ORTHO003330	YEATS family protein	AT5G45600	43981;43967;16573;16570;16569;16568;6325;43933;16043;71840;8150;9987;51276;6996;6464;36211;19538;43170;71704;8152;44238;43412;44267;44260;44237;1902589;44763;44699;44710;18393;18394;18205;18193;6473;43543;6475;90239;35065;2000756;1901983;31399;32268;51246;80090;19222;50789;65007;60255;31323;50794;31056;1903308;1902275;33044;33043;51128;6355;1903506;2001141;31326;9889;51252;19219;51171;10556;10468;2000112;9507;9536;43231;43227;43226;5575;43229;44424;44464;5623;5622;44444;5737;5515;5488;3674;48510;48506;48509;2000026;50793;51239;40034;2000028;48580;48583;2000241;5634	2677	2056	2828	2979	1281	3632	7174	4183	2570.5	3983	3136.5	6717.5	1352	8456.5	8276	2476	3891.5	5221.5	984	2059.5	3800.5	4970.5	4668	1487.5	79040	3952
ORTHO005129	tonoplast intrinsic protein 2	AT4G17340;AT5G47450	5774;44437;44444;44424;44464;5575;5623;5622;5737;44446;44422;43226;43229;5773;43231;43227;98588;31090;16020;98805;9705;325;15250;22838;15267;22803;22857;5215;3674;6810;51234;51179;8150;55085;44763;9987;44699;44765;1902578;22891;22892;5372;6833;42044;9507;9536;9651;6970;9628;50896;6950;42807;15200;15101;8324;15075;34220;6811;98655;6812;15695;71702;8519;15077;22890;15672;72488;15696;71705;98662;98660;5275;22804;15837;72489;15843;19755	2678	5452	3266	3854	2982.5	4126.5	4528.5	8486	6225	4795.5	6343	6947.5	5195	1800.5	1677.5	3976.5	4464.5	1342.5	257	6555.5	5637	3854	3329.5	4413.5	83955	4197.75
ORTHO001196	nicotianamine synthase 3	AT1G09240;AT1G56430;AT5G04950;AT5G56080	30410;16765;16740;3824;3674;8152;8150;30418;30417;72350;19752;43436;6082;71704;44281;44710;44699;44763;9987;44237;46483;1901360;32787;6576;44106;9308;1901564;6807;34641;72351;46394;16053;44283;44711;9058;1901576;44249;18130;72330;1901362;42401;9309;44271;1901566;9555;48229;7275;44767;32502;44707;32501;48856;9860;44702;22414;904;902;32989;16043;71840;9653;48869;48468;30154;3006;48588;48589;40007;16049;9932;9826;60560;48868;9856;44703;51704;44706;10233;10232;44765;6810;51234;51179;1902578;5634;43231;43227;43226;5575;43229;44424;44464;5623;5622;71732;1902170;1901699;1901698;42221;50896;70887;51716;34614;302;6979;6950;1901700;34599;33554;1901701;71241;10035;71731;71369;32870;9725;9719;10033;71495;71310;9723;71281;10039;10038;1990267;71248;10043	2679	5022	4414	6149	2982.5	214	1155	8778	8149.5	5369.5	2402	2291.5	7743	8485	8163.5	8660.5	8922	5518	270	1940	1496.5	7038.5	1640	7860.5	96097	4804.85
ORTHO005955	INO80 ortholog	AT3G57300	5524;35639;1901265;1901363;5488;3674;97159;43168;43167;32559;30554;17076;166;36094;32555;32553;97367;32550;32549;1882;1883;6281;6259;44260;43170;71704;8152;8150;44237;9987;90304;6139;46483;6725;1901360;34641;6807;44238;6974;33554;51716;50896;6950;44763;44699;44710;45739;51054;45935;31325;9893;48518;50789;65007;19222;48522;50794;31323;19219;80090;51171;51173;51052;60255;10604;6282;2001020;80135;80134;48583;2001022;48584;4386;17111;16462;16818;16817;16787;3824;6355;1903506;2001141;31326;9889;51252;10556;10468;2000112;6338;16568;6325;43933;16043;71840;51276;6996;16444;6310;5634;43231;43227;43226;5575;43229;44424;44464;5623;5622;6351;34645;9059;1901576;9058;44249;97659;32774;16070;34654;19438;44271;18130;1901362;10467;31011;97346;70603;44428;44446;44422;43234;32991;44454;44427;5694;43232;43228;228;31981;70013;43233;31974;33202;1902494;790;785;3677;3676;16887	2680	2022	2643	2606	4356	133.5	54.5	159	3797	8398	804.5	4162.5	1352	9072	6748	7782	8989.5	8965	2742.5	1632	80	7147.5	2047.5	2699.5	76766.5	3.838.325
ORTHO000555	SIGNAL PEPTIDE PEPTIDASE-LIKE 4	AT1G01650;AT1G05820;AT1G63690;AT2G43070	6508;19538;43170;71704;8152;8150;44238;4190;70001;70011;8233;16787;3824;3674;4175;5886;16020;5575;44464;5623;71944;10008;98588;31090;44422;43226;43227;44440;44444;44424;5622;5737;44446;43229;5768;43231;12505;98805;16021;31224;44425;5794;5774;44437;5773	2681	4725	2674.75	2668.5	5172	1821.5	2703	6142.5	1753	3795.5	7999	1198.5	1352	1800.5	5413.5	1606	4135	4507	7281	6960	934.5	4067	6365	7315.5	77150	3857.5
ORTHO001921	AT-hook motif nuclear-localized protein 19	AT3G04570;AT4G14465	45087;6952;6950;50896;8150;6955;2376;6355;1903506;2001141;31326;9889;19222;50789;65007;31323;50794;51252;19219;80090;51171;60255;10556;10468;2000112;45824;31348;31347;80134;48583;48585;48519;45088;50776;2682;50777;2683;5737;44424;44464;5575;5623;5622;6351;34645;44260;43170;71704;8152;44237;9987;9059;1901576;9058;44249;97659;32774;16070;90304;6139;46483;6725;1901360;34641;6807;44238;34654;19438;44271;18130;1901362;10467;5634;43231;43227;43226;43229;50832;98542;51707;43207;9605;9607;51704;9620;3677;3676;1901363;5488;3674;97159;42742;9617;1900425;43901;43900;2832;2831;32102;32101;1900424	2682	4934	4952.5	7223	2982.5	7116	3025	6142.5	7183.5	6498.5	8606.5	1198.5	6617.5	1800.5	5254.5	3976.5	8387	3121	3792	6754	4668.5	6266	5902.5	6553	102863.5	5.143.175
ORTHO001138_1	plastidic pyruvate kinase beta subunit 1	AT5G52920	9570;9532;44435;44444;44424;44464;5575;5623;5622;5737;44446;44422;43226;43229;9536;43231;43227;44434;9507;6096;6090;32787;19752;43436;6082;71704;8152;8150;44281;44710;44699;44763;9987;44237;44724;44712;9056;44723;5975;44238;16052;1901575;6757;6091;46031;9150;6163;72521;46483;6725;1901360;34641;6807;1901564;9117;6753;19637;6793;55086;6139;6796;9259;19693;1901135;9179;9185;9132;9135;9167;9161;9123;9126;46128;9119;9116;1901657;42278;46034;9205;9144;9141;9199;6165;46939;16310;46496;19362;6733;6732;51186;72524;4743;16773;16772;16740;3824;3674;6633;72330;46394;16053;44283;44711;9058;1901576;44249;6631;44255;6629;8610;5739;46686;10038;10035;42221;50896;5524;35639;1901265;1901363;5488;97159;43168;43167;32559;30554;17076;166;36094;32555;32553;97367;32550;32549;1882;1883;10431;44702;22414;48609;32504;3;32501;3006;32502;21700;44767;48316;48608;48856;61458;48731;7275;44707;9791;10154;30955;31420;46872;43169;16301;287	2683	1999	3329.75	3976.5	1689.5	1423	859	7372.5	3324.5	2752	5520.5	3218	7743	7636	8638.5	2476	2573.5	6265.5	7987	461.5	822	6759.5	6467.5	2382	84681.5	4.234.075
ORTHO005645	syntaxin of plants 131	AT3G03800;AT5G08080	5623;5575;5886;16020;44464;71944;5484;5515;5488;3674;61025;61024;16043;71840;8150;9987;6886;15031;45184;51234;51179;8104;33036;71702;6810;46907;51649;51641;34613;70727;48278;22406;44763;44699;16192;6906;48284;6996;16050;90174;44801;44802;1902589;9506;5911;30054;55044;5802;98791;44431;44444;44424;5622;5737;44446;44422;43226;43229;5794;43231;43227;12505;31984;6887;32940;46903;44765;1902578;9504;149;31201;98796;43234;32991;44425;16021;31224;5634;9737;9725;9719;50896;10033;42221;33993;97305;1901700;1101	2684	2028	4149.5	5615	1689.5	3672	2528	7491.5	1753	3581	865	2038	8205.5	7909	8893	7782	8092	6265.5	1612.5	5519.5	6810.5	5924	1498	2699.5	93139.5	4.656.975
ORTHO006948	CONTAINS InterPro DOMAIN/s: Ovarian tumour; otubain (InterPro:IPR003323); Ubiquitin thioesterase Otubain (InterPro:IPR016615); Peptidase C65; otubain (InterPro:IPR019400)	AT1G28120	71108;16579;70646;70647;6464;36211;19538;43170;71704;8152;8150;44238;43412;44267;44260;44237;9987;6508;5634;43231;43227;43226;5575;43229;44424;44464;5623;5622;19784;19783;8234;70011;8233;16787;3824;3674;4843;36459;43130;32182;5515;5488;5737	2685	1941	4190	5695	4356	8077	2528	7409.5	8447.5	698.5	9044.5	2291.5	1352	7850	8638.5	2476	2049.5	6330	5128	5400	6578.5	5376	1498	2382	93555	4677.75
ORTHO006192	CONTAINS InterPro DOMAIN/s: Uncharacterised conserved protein UCP017207; transmembrane protein 85 (InterPro:IPR016687); Protein of unknown function DUF1077 (InterPro:IPR009445)	AT5G10780	3674;8150;5634;43231;43227;43226;5575;43229;44424;44464;5623;5622;5783;44444;5737;12505	2686	1855	2947.5	3209	4356	8619.5	2951	2114.5	6225	3283.5	1144	6171.5	1352	7536	8593.5	2476	1396.5	5944.5	1399	5002	2049.5	6512.5	5407	2166	80343.5	4.017.175
ORTHO002212	Major facilitator superfamily protein	AT2G16660;AT4G34950	80167;9628;50896;8150;9507;9536;43231;43227;43226;5575;43229;44424;44464;5623;5622;44444;5737	2687	5326	2291	1895	5316.5	4946.5	4341	6652	2301	4501.5	5440	1708.5	4355	3497	5969	3023.5	3471	1568.5	4293	5002	4023	1695	4085.5	945.5	71818.5	3.590.925
ORTHO007181	Lojap-related protein	AT3G12930	5739;43231;43227;43226;5575;43229;44424;44464;5623;5622;44444;5737;9570;9532;44435;44446;44422;9536;44434;9507;8150	2688	1270.5	2679.5	2671	4356	8412.5	1542	1013.5	1328.5	3396	582	1422	1352	7996	9073.5	1073.5	324.5	6808.5	692	5126.5	8618.5	7392.5	7818	3179.5	77151.5	3.857.575
ORTHO007375	unknown protein	AT5G58020	380;398;6397;16071;16070;44260;43170;71704;8152;8150;44237;9987;90304;6139;46483;6725;1901360;34641;6807;44238;6396;10467;377;375;8380;3674	2689	1270.5	1881	1073	4356	3697.5	6155.5	4670	1839.5	2524.5	1082.5	2640.5	1352	7850	8793	797.5	630	6590	629.5	662	1967.5	5434	3215	2850	63380.5	3.169.025
ORTHO008628	S-adenosyl-L-methionine-dependent methyltransferases superfamily protein	AT1G29790	5794;43231;43227;43226;5575;43229;44424;44464;5623;5622;44444;5737;12505;5768;5802;98791;44431;44446;44422;31984;5886;16020;71944;32259;8152;8150;8168;16741;16740;3824;3674	2690	3526	3267.5	3845	2097	3557.5	4948.5	3276	3068.5	6020	4343	2131	7963	5549.5	1145.5	6712.5	8220	7073	926	920	2621	7786.5	2834	4801	83896.5	4.194.825
ORTHO002859	arginine/serine-rich splicing factor 35	AT4G25500;AT5G52040	31053;34470;34660;16070;44260;43170;71704;8152;8150;44237;9987;90304;6139;46483;6725;1901360;34641;6807;44238;6396;10467;35196;70918;31050;44763;44699;44710;71359;71407;14070;10033;42221;50896;71310;70887;51716;43331;1901698;1901699;31047;16458;10629;10605;9892;48519;50789;65007;19222;60255;10468;35195;35194;16441;10608;40029;398;6397;16071;377;375;8380;5681;44428;44446;44422;5575;43226;44424;44464;5623;5622;43229;5634;43231;43227;30529;32991;16607;16604;44451;5654;31981;70013;43233;31974;3723;3676;1901363;5488;3674;97159;10445;5515	2691	3840	3110.5	3530	4356	1089	4918.5	6573	8920.5	2455.5	2129.5	3218	5195	3815.5	3265	6712.5	4054.5	3121	3857.5	4211	1801.5	3955.5	6194.5	6669	82156.5	4.107.825
ORTHO001053	Core-2/I-branching beta-1;6-N-acetylglucosaminyltransferase family protein	AT1G51770;AT3G21310;AT5G11730;AT5G25970	5634;43231;43227;43226;5575;43229;44424;44464;5623;5622;16757;16740;3824;3674;8152;8150;16020;8375;8194;16758;5802;98791;44431;44444;5737;44446;44422;5794;12505;31984;5739;5768	2692	4368	5406.5	8121	5938.5	1959	7311	3729.5	1753	7862.5	3917	7637.5	8675.5	8825.5	5836.5	7782	1321	8995	2632.5	3563	3211	8260	8247	8780.5	110299	5514.95
ORTHO005068	P-loop containing nucleoside triphosphate hydrolases superfamily protein	AT3G10350	9570;9532;44435;44444;44424;44464;5575;5623;5622;5737;44446;44422;43226;43229;9536;43231;43227;44434;9507;16887;17111;16462;16818;16817;16787;3824;3674;8152;8150;16020;5524;35639;1901265;1901363;5488;97159;43168;43167;32559;30554;17076;166;36094;32555;32553;97367;32550;32549;1882;1883;6820;6811;44765;6810;51234;51179;1902578;44699	2693	2611	3406	4119	1812	1423	6670	4462	2743.5	1567.5	1981	2553.5	7498	7600	7461.5	2476	1102.5	6896	7281	3949.5	914	6859.5	7486	4541	85465.5	4.273.275
ORTHO005008	hydroxymethylbilane synthase	AT5G08280	9570;9532;44435;44444;44424;44464;5575;5623;5622;5737;44446;44422;43226;43229;9536;43231;43227;44434;9507;9941;9526;31967;31975;4418;16765;16740;3824;3674;8152;8150;6779;51188;51186;44237;9987;44249;9058;6778;33013;46483;6725;1901360;71704;1901564;6807;33014;19438;44271;34641;18130;1901362;1901576;1901566;48046;5576;42742;9617;51707;43207;9605;50896;9607;51704;98542;6952;6950;15995;46148;42440;44710;44699;44711;44763;15994;18160;18065;6464;36211;19538;43170;44238;43412;44267;44260;18198;18193;6782;46501;6783;42168	2694	2347	2732.5	2771	1689.5	244	2528	1322	2069	1155	2809.5	679.5	1352	4839	327	1429.5	2329.5	8411.5	9147	9102.5	9120	8927	3001.5	8875.5	77669	3883.45
ORTHO005814	Transducin/WD40 repeat-like superfamily protein	AT4G14310	5634;43231;43227;43226;5575;43229;44424;44464;5623;5622;5515;5488;3674;5618;30312;71944;8150	2695	1326	2816.5	2938	1066.5	3632	5026.5	917.5	4188.5	6401	982	6629	8519	5941	3265	1996.5	9146.5	8937.5	2936.5	5672	1166.5	585.5	365	2485	78792.5	3.939.625
ORTHO001239_1	staurosporin and temperature sensitive 3-like b	AT1G34130	18279;18196;18193;6464;36211;19538;43170;71704;8152;8150;44238;43412;44267;44260;44237;9987;6487;6486;44763;44699;43413;70085;44723;5975;44710;9101;9100;1901135;34645;9059;1901576;9058;44249;1901137;43687;5886;16020;5575;44464;5623;71944;4579;4576;16758;16757;16740;3824;3674;8250;98796;43234;32991;44425;44432;44444;44424;5622;5737;44446;44422;43226;43229;5783;43231;43227;12505;1990234;1902494;5789;98588;31090;42175	2696	1307	3218.5	3741	4356	7733	605.5	6906	9102	642.5	8167.5	3108	1352	5733	1509	1830	1618.5	8080	8764.5	234.5	9069.5	1466	1730	5601	83252.5	4.162.625
ORTHO006142	chloroplast RNA-binding protein 33	AT3G52380	3723;3676;1901363;5488;3674;97159;9507;9536;43231;43227;43226;5575;43229;44424;44464;5623;5622;44444;5737;9570;9532;44435;44446;44422;44434;9579;30529;32991;6397;16071;16070;44260;43170;71704;8152;8150;44237;9987;90304;6139;46483;6725;1901360;34641;6807;44238;6396;10467;166;36094;1901265	2697	1331	2542	2387	4356	4506.5	1173.5	3405.5	2069	6401	4723	4991	3935.5	7343.5	8316.5	797.5	1507	8744.5	4830.5	2156.5	538	4612.5	3188	1958.5	75198	3759.9
ORTHO001548	phosphoenolpyruvate carboxylase kinase 1	AT1G08650;AT3G04530	5634;43231;43227;43226;5575;43229;44424;44464;5623;5622;4674;4672;16301;16772;16740;3824;3674;8152;8150;16310;6796;6793;44237;9987;16773;6468;6464;36211;19538;43170;71704;44238;43412;44267;44260;16036;9267;31669;31667;9991;9605;50896;31668;51716;71496;7154;44763;44699;42594;6950;33554	2698	3723	3016.5	3335	2097	1227	2627.5	6323	5144	2235	8737.5	998	1352	3815.5	3521.5	1830	4252.5	3750.5	4165.5	7299	5061.5	4873	6854	6949.5	81016.5	4.050.825
ORTHO005249	unknown protein	AT1G78110	5886;16020;5575;44464;5623;71944;3674;8150;5634;43231;43227;43226;43229;44424;5622	2699	4066	2131	1563	5284	3980	1577.5	1640.5	3152	7862.5	4802	7767.5	4398	3815.5	5937	2080.5	2982	6683.5	1642	2206.5	3391.5	1310	3001.5	535	68765	3438.25
ORTHO002230	Histone H3 K4-specific methyltransferase SET7/9 family protein	AT1G21920;AT1G77660	16310;6796;6793;44237;8152;8150;9987;8168;16741;16740;3824;3674;32259;9507;9536;43231;43227;43226;5575;43229;44424;44464;5623;5622;44444;5737;16301;16772;5739	2700	1393	3665	4630	1066.5	8807.5	4341	1963.5	2505.5	3547	3269.5	863	8605	5297	988	508.5	4942.5	4747.5	1655.5	6103	8534	8454	8686.5	4174.5	87993	4399.65
ORTHO006671	phosphoribosylaminoimidazole carboxylase; putative / AIR carboxylase; putative	AT2G37690	46084;46083;6144;9112;55086;6139;46483;44237;8152;8150;9987;6725;1901360;71704;34641;6807;44238;44281;44710;44699;44763;1901564;72521;9113;72522;19438;44249;9058;44271;18130;1901362;1901576;1901566;46112;44711;46148;42440;9570;9532;44435;44444;44424;44464;5575;5623;5622;5737;44446;44422;43226;43229;9536;43231;43227;44434;9507;5739;6189;6188;46040;9150;6163;9117;6753;19637;6793;6796;9259;19693;1901135;9167;9161;9123;9126;9152;9260;46390;90407;1901137;9165;1901293;34654;6164;9168;9156;9124;9127;4638;16831;16830;16829;3824;3674;9555;48229;7275;44767;32502;44707;32501;48856;4639;16881;16879;16874	2701	844	2575.5	2450	672.5	2837	3758	5064	1481	879.5	1810	4752.5	9077	5077	693	508.5	1102.5	8035	8625.5	7408.5	1593.5	8454	2650	1906.5	75713	3785.65
ORTHO008542	unknown protein	AT3G52110	3674;5634;43231;43227;43226;5575;43229;44424;44464;5623;5622;8150	2702	2809	4911.5	7121	1812	3193.5	4785	2044	8656.5	5286.5	3948.5	5667	8675.5	5425.5	892.5	1606	7177	5824	1612.5	6960	6810.5	8223.5	8723	6732.5	102243.5	5.112.175
ORTHO006017	Complex I subunit NDUFS6	AT1G49140;AT3G18410	31966;31090;16020;5575;44422;43226;43227;44429;44444;44424;44464;5623;5622;5737;44446;43229;5739;43231;5740;31967;31975;5747;45271;30964;98796;43234;32991;44425;1990204;1902494;98803;70469;98800;98798;44455;5743;19866;5746;9853;43094;44249;9058;8152;8150;44237;9987;55114;44710;44699;3674	2703	2175	1362.5	22	4356	3697.5	5545	676	317.5	3742.5	513.5	54	1352	138	136.5	3183	294.5	451.5	1975.5	78	2280	281.5	1072	248.5	26037	1301.85
ORTHO007007	Late embryogenesis abundant (LEA) hydroxyproline-rich glycoprotein family	AT4G13270	3674;8150;5634;43231;43227;43226;5575;43229;44424;44464;5623;5622	2704	4869	2280	1856	2982.5	1227	8400	2545	1545.5	7216	1623	2343.5	3566	1800.5	3936.5	3976.5	3589	3121	3352	3815.5	5170.5	3026	5171.5	6057.5	71482.5	3.574.125
ORTHO004135	Heavy metal transport/detoxification superfamily protein	AT5G60800	46872;43169;43167;5488;3674;5886;16020;5575;44464;5623;71944;30001;6812;6811;44765;6810;51234;51179;8150;1902578;44699	2705	4516	5526	8347	5938.5	1705	3758	7244.5	6225	502	1981	4018.5	7554	8316	8061.5	7782	5685	5221.5	6389	8891.5	6696	7227.5	8115.5	7721.5	113095	5654.75
ORTHO005145	CONSTANS-like 2	AT3G02380	3700;1071;3674;2001141;31326;9889;19222;50789;65007;8150;31323;50794;51252;19219;80090;51171;60255;10556;6355;1903506;10468;2000112;8270;46914;46872;43169;43167;5488;9658;9657;6996;16043;71840;9987;3677;3676;1901363;97159;9909;48580;2000026;50793;51239;48831;2000241;5634;43231;43227;43226;5575;43229;44424;44464;5623;5622	2706	4244	3082	3458	5938.5	1227	2328.5	6142.5	2069	4218.5	8651	3218	5195	3815.5	3265	6712.5	3958.5	3121	3857.5	6860	4668.5	3955.5	6040	2439.5	81743	4087.15
ORTHO005762	Plastid-lipid associated protein PAP / fibrillin family protein	AT2G42130;AT3G58010	9579;44424;44464;5575;5623;5622;10287;44434;44435;44444;5737;44446;44422;43226;43229;9536;43231;43227;9507;9570;9532;8150;9534;31976;31984;9535;55035;42651;34357;16020;44436;31977	2707	4305	3447	4187	2982.5	3168.5	2703	6428.5	7046.5	2284	6763.5	7861	4955.5	4244	5413.5	3976.5	793	3580	2179.5	6555.5	4384	3111.5	4116	6281	85845	4292.25
ORTHO006839	Transcription initiation factor IIF; beta subunit	AT1G75510	32968;45944;45893;10628;10604;9893;48518;50789;65007;8150;19222;60255;10468;1903508;1903506;2001141;31326;9889;31323;50794;51252;19219;80090;51171;10556;1902680;51254;45935;31325;48522;51173;31328;9891;10557;6355;2000112;6357;34243;32784;32786;60261;60260;2000142;43254;44087;51128;2000144;31334;51130;44089;5674;90575;44798;44428;44446;44422;5575;43226;44424;44464;5623;5622;43229;5634;43231;43227;5667;43234;32991;44451;5654;31981;70013;43233;31974;16591;55029;428;30880;61695;1990234;1902494;6367;6352;32774;9059;43170;71704;8152;1901576;9058;16070;44260;44237;9987;90304;6139;46483;6725;1901360;34641;6807;44238;34654;19438;44249;44271;18130;1901362;6351;34645;97659;10467;6366;991;990;988;3674;5739;44444;5737	2708	3331	1432	156	4356	8655.5	6506	3953	553.5	5260	513.5	247	3808.5	138	136.5	3183	2738	261.5	30	773.5	2497	398.5	1289.5	240.5	41183	2059.15
ORTHO003253	tryptophan aminotransferase related 2	AT4G24670	9851;42446;9058;8152;8150;42445;10817;65008;65007;9850;44237;9987;44249;43562;31669;31667;9991;9605;50896;31668;51716;71496;7154;44763;44699;9908;90567;48608;3006;32502;22414;48856;61458;48731;7275;44767;44707;32501;44702;9791;48367;16846;16829;3824;3674;5789;98588;31090;16020;5575;44422;43226;43227;44432;44444;44424;44464;5623;5622;5737;44446;43229;5783;43231;12505;44425;42175;9958;9630;9606;9629;9628;9793;9790;48316;10154;80097;70529;8483;16769;16740;30170;1901363;5488;97159;48037;43168;43167;42742;9617;51707;43207;9607;51704;98542;6952;6950;10087;9888;48825;48366;48827;50362;16021;31224;10078;10074;19827;98727;10073;48507;48513;10015;9653;48364;22622;10588;10051;3002;7389;48826;48598;9965;9887;10016;9886;48467;48438;9684;42435;19438;6725;44271;34641;6807;18130;46483;1901362;1901360;71704;1901576;42430;1901564;1901566;72330;46394;16053;6082;44281;44710;44283;44711;19752;43436;32787;9683;34754;48527;48528;48569;9723;9725;9719;10033;42221;80022	2709	5118	5684.5	8660	2982.5	4474	3129.5	7084	7325.5	3436.5	3639.5	6981	7258.5	8210.5	7885	5325.5	5108	4673.5	7950	8756	5061.5	7725	7729.5	7376.5	119129.5	5.956.475
ORTHO001126	GRAS family transcription factor	AT4G00150	5634;43231;43227;43226;5575;43229;44424;44464;5623;5622;6351;34645;44260;43170;71704;8152;8150;44237;9987;9059;1901576;9058;44249;97659;32774;16070;90304;6139;46483;6725;1901360;34641;6807;44238;34654;19438;44271;18130;1901362;10467;51301;44763;44699;3700;1071;3674;2001141;31326;9889;19222;50789;65007;31323;50794;51252;19219;80090;51171;60255;10556;6355;1903506;10468;2000112;10492;10074;19827;44767;32502;44707;32501;98727;10073;48507;9888;48856;48513;48731;7275;48768;904;902;32989;16043;71840;9653;48869;48468;30154;9932;9826;60560;48589;40007;16049;48767;48588;80147;48765;10053;90627;10015;48364;22622;90558;48764;48469;21700;10054;5515;5488;7623;48511	2710	4061	2562	2414	5196	2097.5	5430	6428.5	2902.5	8446	3749	6674.5	4398	4179	4462	2080.5	7884	5944.5	3459.5	3949.5	1795	649	210.5	741	75480.5	3.774.025
ORTHO005911	BRCT domain-containing DNA repair protein	AT3G21480	8150;3674;5634;43231;43227;43226;5575;43229;44424;44464;5623;5622	2711	3927	4178	5645	2097	1227	8523	6741	7325.5	3069.5	6763.5	3034.5	5740	3815.5	4233.5	3976.5	4252.5	3750.5	4165.5	7299	5061.5	4780.5	6854	2699.5	93312.5	4.665.625
ORTHO003202	ADP-ribosylation factor-like A1C	AT3G49870;AT5G67560	5576;5575;5774;44437;44444;44424;44464;5623;5622;5737;44446;44422;43226;43229;5773;43231;43227;98588;31090;16020;98805;5886;71944;5525;35639;1901265;1901363;5488;3674;97159;43168;43167;32550;32549;1882;36094;97367;1883;32561;19001;17076;166;32555;32553;9506;5911;30054;55044;7264;35556;7165;50794;50789;65007;8150;51716;9987;50896;7154;44763;44699;44700;23052;5829;5634;5794;12505;51607;2252;2376;9615;51707;43207;9605;9607;51704;98542;6952;6950	2712	5417	4540	6368	2982.5	6986.5	1155	9106	2465.5	3679.5	3831.5	5667	1352	1800.5	5034.5	3976.5	6244	8080	7950	2289	8534	6182.5	6624.5	6379.5	97338	4866.9
ORTHO004240	Exonuclease family protein	AT3G27970;AT5G40310	5634;43231;43227;43226;5575;43229;44424;44464;5623;5622;4527;4518;16788;16787;3824;3674;8152;8150;90305;90304;6139;46483;44237;9987;6725;1901360;71704;34641;6807;44238;43170;46872;43169;43167;5488;3676;1901363;97159	2713	2688	1927.5	1142	1522.5	790.5	1938.5	7409.5	7046.5	1282.5	1312.5	2640.5	6227	4134.5	5718	1239.5	3117	1921.5	3067.5	6632	3252	2061	3561.5	926.5	64278.5	3.213.925
ORTHO002252	Protein of unknown function (DUF3411)	AT5G12470	9941;9526;31967;31975;44464;5575;5623;44446;44422;43226;44424;5622;43229;43227;44435;44444;5737;9536;43231;44434;9507;5739;9706;9528;19866;31090;16020;42170;31969;16021;31224;44425;3674;7275;44767;32502;8150;44699;44707;32501	2714	2267	2828.5	2943	1689.5	1658.5	1184.5	4640	1481	1371	8892.5	5019	7121	7101	8203.5	2476	7884	5720	4756.5	1094	4103	1613	1289.5	3238	78846	3942.3
ORTHO004208	RNA 3'-terminal phosphate cyclase/enolpyruvate transferase; alpha/beta	AT1G48860;AT2G45300	9073;9072;6725;44237;8152;8150;9987;1901360;71704;6520;1901564;6807;19752;43436;6082;44281;44710;44699;44763;44238;19438;44249;9058;1901362;1901576;8652;46394;16053;44283;44711;1901566;9507;9536;43231;43227;43226;5575;43229;44424;44464;5623;5622;44444;5737;18920;6793;6575;9423;46417;43648;43650;3866;16765;16740;3824;3674;9570;9532;44435;44446;44422;44434	2715	305	1709.5	704	248.5	2837	1377.5	397	3490	502	210.5	4239	1352	6764.5	8726.5	267	3132	8695	1849	1356.5	8264.5	980	2104	913	57457	2872.85
ORTHO006582	unknown protein	AT4G26990;AT5G54920	5634;43231;43227;43226;5575;43229;44424;44464;5623;5622	2716	3452	1964.5	1213	4356	3178.5	1457	6428.5	2790.5	8118.5	804.5	7861	1352	4662.5	4233.5	6712.5	70	2724.5	598.5	995	4384	2923.5	4085.5	1769	65149	3257.45
ORTHO004498	CONTAINS InterPro DOMAIN/s: Spt20 family (InterPro:IPR021950)	AT1G72390	3712;989;988;3674;1903506;2001141;31326;9889;19222;50789;65007;8150;31323;50794;51252;19219;80090;51171;60255;10556;5634;43231;43227;43226;5575;43229;44424;44464;5623;5622;124;70461;123;31248;1902493;1990234;1902494;43234;32991;44451;44428;44446;44422;5654;31981;70013;43233;31974	2717	945	1757	797	4356	693.5	924	488	800	555.5	1082.5	3108	4034.5	6542.5	8638.5	797.5	7973	6471	3730.5	366.5	1047	5308.5	4434.5	2229	59224.5	2.961.225
ORTHO003088	Peroxisomal membrane 22 kDa (Mpv17/PMP22) family protein	AT3G24570	5778;44439;44438;44444;44424;44464;5575;5623;5622;5737;44446;44422;43226;43229;42579;43231;43227;5777;31903;98588;31090;16020;98805;5739;3674;16021;31224;44425;8150	2718	3712	4278.5	5839	2097	8412.5	1274.5	3698.5	183	3372	669	7585	1352	8936	6192.5	7782	7630.5	9065	2825	2455	3336	8330.5	2591	8737.5	94427.5	4.721.375
ORTHO006313	transferases	AT5G19485	5737;44424;44464;5575;5623;5622;9058;8152;8150;16779;16772;16740;3824;3674	2719	981	2821	2923	4356	8412.5	624.5	1709	8392	674	1981	6213.5	9046	5094.5	693	508.5	1000	7785	1164.5	586	1536	8736	8593.5	5957	78706.5	3.935.325
ORTHO006343	N-acetyl-l-glutamate kinase	AT3G57560	9507;9536;43231;43227;43226;5575;43229;44424;44464;5623;5622;44444;5737;16310;6796;6793;44237;8152;8150;9987;9570;9532;44435;44446;44422;44434;4349;16774;16772;16740;3824;3674;19202;16301;42450;6526;9084;1901607;1901605;6520;1901564;71704;6807;19752;43436;6082;44281;44710;44699;44763;44238;8652;46394;16053;44283;44711;9058;1901576;44249;1901566;9064;6525;6591;3991;9534;31976;9579;31984;6561;18130;46483;1901362;1901360;6560;5524;35639;1901265;1901363;5488;97159;43168;43167;32559;30554;17076;166;36094;32555;32553;97367;32550;32549;1882;1883;5515;34618;16597;31406;43177;43169	2720	3113	5499.5	8279	2097	8807.5	8022.5	8569.5	6712.5	4009	3971	5347.5	4083.5	5445	934	1606	7469	7181.5	1290	6467.5	8153	8687.5	8853.5	6456	112066	5603.3
ORTHO003674	Actin-like ATPase superfamily protein	AT1G13180	5737;44424;44464;5575;5623;5622;5200;5198;3674;7015;71822;43933;16043;71840;8150;9987;30036;30029;44763;44699;7010;6996;1902589;5524;35639;1901265;1901363;5488;97159;43168;43167;32559;30554;17076;166;36094;32555;32553;97367;32550;32549;1882;1883;902;32989;9653;32502;48856;48869;44767;10090;904;48468;30154;10026;90558;9888;90626;9825;16049;40007;7275;44707;32501;5885;44430;44446;44422;43226;43229;5856;43232;43228;43234;32991;15629;3779;8092;5515;34314;45010;30838;51495;10638;33043;51128;50794;50789;65007;51130;48522;48518;51493;30833;8064;30832;32535;90066;65008;32956;32970;32271;43254;44087;32273;31334;44089;5829;44444	2721	1047	1770.5	820	944.5	6761.5	1744	602	7748	1346	435.5	907	1352	4616	6378.5	508.5	294.5	5992	436.5	3868	6578.5	4169	3884	2003.5	59625	2981.25
ORTHO006174	CYCLIN D1	AT1G70210	51726;50794;50789;65007;8150;5634;43231;43227;43226;5575;43229;44424;44464;5623;5622;16538;19887;19207;30234;98772;3674;50790;19222;65009;42325;19220;51174;31323;45859;43549;51338;1932;31399;32268;51246;80090;60255;5515;5488;51301;44763;9987;44699	2722	2985	2616	2510	4356	8494.5	652	2114.5	1430.5	5825	1810	4086	1352	7213.5	7258.5	2476	523	6183.5	2907	3061	1488	6648	8485	4117.5	76125.5	3.806.275
ORTHO003396	phosphoenolpyruvate carboxylase-related kinase 2	AT1G12680	16301;16772;16740;3824;3674;8152;8150;16310;6796;6793;44237;9987;5634;43231;43227;43226;5575;43229;44424;44464;5623;5622	2723	3323	2642.5	2562	5651.5	1227	5105.5	2071	7978	5069	8701	1198.5	5338.5	4244	4842.5	1830	494	3121	3944	3274.5	4833.5	4169	6467.5	2575	76483.5	3.824.175
ORTHO008501	Protein of unknown function (DUF1000)	AT3G04780	5737;44424;44464;5575;5623;5622	2724	2853	2373	2022	2097	663	7724	1780.5	931	5014	8770	367.5	1352	4244	4842.5	6712.5	7897.5	5221.5	3792	4258.5	4103	1010.5	859	3179.5	72722.5	3.636.125
ORTHO001176	Ribosomal protein S10p/S20e family protein	AT3G45030;AT3G47370;AT5G62300	15935;44391;30529;32991;5575;44424;44464;5623;5622;44444;5737;44446;44422;43226;43229;5840;43232;43228;22627;44445;5829;22626;6412;43043;43604;43603;34641;6807;8152;8150;44237;9987;44271;44249;9058;6518;1901564;71704;1901566;1901576;44267;19538;43170;44238;44260;34645;9059;10467;3735;5198;3674;9507;9536;43231;43227;5730;44428;5634;31981;70013;43233;31974;5618;30312;71944;16020;3723;3676;1901363;5488;97159;9506;5911;30054;55044	2725	2993	2008.5	1292	2097	1089	1881	1709	6493	763	1623	743.5	5740	3815.5	5034.5	1830	3891.5	5221.5	4663	4392	4445	5213.5	4366	3103.5	66017.5	3.300.875
ORTHO003651	TCP-1/cpn60 chaperonin family protein	AT3G03960	6457;9987;8150;9506;5911;30054;5575;55044;5524;35639;1901265;1901363;5488;3674;97159;43168;43167;32559;30554;17076;166;36094;32555;32553;97367;32550;32549;1882;1883;5829;44444;44424;44464;5623;5622;5737;16020;44183;5515;51050;48518;50789;65007;51049;32879	2726	1753	4001	5276	1584.5	3956	2328.5	2000	1328.5	821	1144	2392.5	8993.5	4780	302.5	6075	1266	8458	2599.5	8935	9142.5	9088.5	9172	8615.5	91398.5	4.569.925
ORTHO002459	Pyridoxal phosphate (PLP)-dependent transferases superfamily protein	AT3G22200	5774;44437;44444;44424;44464;5575;5623;5622;5737;44446;44422;43226;43229;5773;43231;43227;98588;31090;16020;98805;9651;6970;9628;50896;8150;6950;6541;9064;1901605;6520;1901564;71704;8152;6807;19752;43436;6082;44281;44710;44699;44763;9987;44237;44238;10183;50918;6935;42330;40011;9605;42221;48868;3006;32502;22414;48856;9856;44703;51704;44706;32501;9450;9063;46395;16054;44282;44712;9056;1901575;44248;1901565;9448;32787;72329;30170;1901363;5488;3674;97159;48037;43168;43167;48364;44767;48513;48731;7275;44707;22622;5985;5984;44262;5975;9311;44723;34387;3867;8483;16769;16740;3824;46686;10038;10035;5739;10033;6540;6105;43648;6538;6536;9065;1901606;43649;9860;44702;904;902;32989;16043;71840;9653;48869;48468;30154;48588;48589;40007;16049;9932;9826;60560;5794;12505;6020;19751;6066;1901615;8270;46914;46872;43169;48367;10154;48608;61458;19484;19482;6979;9865;98609;7155;22610;98740;9875;7154;50897	2727	1602	2720.5	2714	1584.5	3080.5	6236.5	917.5	2338	4999	2402	5295.5	4114	5941	3521.5	7360.5	2314	7117	7281	773.5	1193	7923.5	2390.5	2229	77427.5	3.871.375
ORTHO003910	metalloendopeptidases	AT5G42620	5886;16020;5575;44464;5623;71944;7155;22610;8150;4222;4175;70011;8233;16787;3824;3674;8152;6508;19538;43170;71704;44238;8237	2728	3979	3226.5	3725	4356	1089	4856.5	6652	7325.5	1540.5	1810	841.5	1352	3815.5	4842.5	3976.5	4346.5	4154.5	7644	5852	7786.5	5059	7244	2940	83128	4156.4
ORTHO002347	alpha/beta-Hydrolases superfamily protein	AT3G60340	98734;98732;43412;43170;71704;8152;8150;2084;42159;42157;19538;44238;30163;9057;1901575;9056;35601;6464;36211;44267;44260;44237;9987;8474;16790;16788;16787;3824;3674;98599;5773;43231;43227;43226;5575;43229;44424;44464;5623;5622;44444;5737;5829	2729	3484	2409.25	2089.5	4356	4561.5	2080	6741	985	4051	1312.5	998	5740	4134.5	4705.5	1830	351	3750.5	4165.5	4131	5061.5	4780.5	6854	6949.5	73182.5	3.659.125
ORTHO003785	NAD(P)-binding Rossmann-fold superfamily protein	AT3G06060;AT5G19200	9507;9536;43231;43227;43226;5575;43229;44424;44464;5623;5622;44444;5737;30148;46467;6643;44255;6629;71704;8152;8150;44710;44699;44238;44763;9987;44237;8610;1901576;9058;44711;44249;1901566;1901564;6807;6665;5789;98588;31090;16020;44422;44432;44446;5783;12505;44425;42175;55114;47560;16616;16614;16491;3824;3674;16021;31224	2730	2078	4206.5	5683	1281	1423	7187.5	1289.5	1839.5	4640	2290	6844	7498	7448.5	8512	7782	1356.5	6085	6109.5	2835.5	5637	6512.5	6040	2166	93496	4674.8
ORTHO003086	Pectin lyase-like superfamily protein	AT3G55140	30570;16837;16835;16829;3824;3674;8152;8150;5886;16020;5575;44464;5623;71944;45490;272;5976;5975;71704;44238;43170;16052;1901575;9056;9057;45488;10393;46872;43169;43167;5488	2731	3877	2851	2971	4356	1089	5105.5	2071	8259	1462	1312.5	8427	5740	3815.5	4842.5	6712.5	1692	3949	4328.5	4012.5	5265	4169	3902	2850	79004.5	3.950.225
ORTHO002579	Optic atrophy 3 protein (OPA3)	AT1G28510	3674;5739;43231;43227;43226;5575;43229;44424;44464;5623;5622;44444;5737;19216;80090;19222;50789;65007;8150	2732	4047	4879.5	7027	2375	4462	4587.5	2711	931	6687	7734.5	4309	1352	6764.5	6867.5	7782	4870.5	4507	4795.5	6467.5	4946	6714	7729.5	7315.5	101533.5	5.076.675
ORTHO000402_2	Phototropic-responsive NPH3 family protein	AT4G31820	48513;48856;32502;8150;48731;7275;44767;44699;44707;32501;5770;5768;43231;43227;43226;5575;43229;44424;44464;5623;5622;44444;5737;12505;5886;16020;71944;10229;90567;48608;3006;22414;61458;44702;9791;48367;16567;32446;70647;6464;36211;19538;43170;71704;8152;44238;43412;44267;44260;44237;9987;4871;60089;3674;7165;50794;50789;65007;51716;50896;7154;44763;44700;23052;48825;48366;48827;9793;9790;48316;10154;9911;48582;48580;2000026;50793;51239;51240;48518;51094;2000243;2000241;9909;48831;45176;8105;8104;33036;51179;9908;9416;9314;9628;10540;9926;60918;9914;10817;65008;44765;6810;51234;1902578	2733	2370	2799.75	2866.5	4356	9004.5	1132	1640.5	8996	2025.5	3526	454	1352	5175	551	6712.5	1618.5	7728	1389	586	675.5	8617.5	8952	8159	78294.5	3.914.725
ORTHO006494	Protein of unknown function (DUF1191)	AT4G22900	8150;5576;5575;3674	2734	2651	2108.5	1483	4356	460	1881	7461	702.5	1155	1810	6171.5	1352	7699.5	7487.5	2476	2002.5	6265.5	2469	5447	864.5	5924	1918	4541	68087.5	3.404.375
ORTHO003714	Phospholipid/glycerol acyltransferase family protein	AT1G80950	5783;43231;43227;43226;5575;43229;44424;44464;5623;5622;44444;5737;12505;5634;5789;98588;31090;16020;44422;44432;44446;44425;42175;6644;19637;71704;8152;8150;6793;44237;9987;44255;6629;44710;44699;44238;44763;6796;16021;31224;50200;16747;16746;16740;3824;3674	2735	2481	2197.5	1660	1689.5	923	1672.5	7084	183	432	1312.5	551.5	7377.5	4560	5596.5	1830	630	5569	6897.5	4727.5	6180.5	4612.5	5541.5	3841	69522	3476.1
ORTHO004840	RING/U-box superfamily protein	AT5G12310;AT5G19430	8270;46914;46872;43169;43167;5488;3674;5634;43231;43227;43226;5575;43229;44424;44464;5623;5622	2736	2312	4947	7158	4356	8310	5345.5	4373.5	6225	5416	9015.5	8339.5	7498	7536	8512	2476	1321	5886.5	1141	3508	800.5	6612.5	6040	4117.5	102474	5123.7
ORTHO007292	Protein kinase superfamily protein	AT5G57670	5634;43231;43227;43226;5575;43229;44424;44464;5623;5622	2737	1367	2805.5	2874	1066.5	8050	6430	3680	7899.5	5434	1144	3422.5	7554	7850	8593.5	797.5	867	6590	692	259.5	5903.5	567	378	2229	78341	3917.05
ORTHO002925	unknown protein	AT2G23690;AT4G37240	5575;3674	2738	2617	4797.5	6857	4356	1423	7744.5	7372.5	800	698.5	9015.5	1198.5	7743	7536	7323.5	2476	5962.5	6265.5	6327	5002	5903.5	6714	6624.5	4291.5	100421.5	5.021.075
ORTHO000703_2	Kinesin motor family protein	AT3G20150;AT4G26660;AT5G55520	7018;6928;44763;9987;8150;44699;7017;5524;35639;1901265;1901363;5488;3674;97159;43168;43167;32559;30554;17076;166;36094;32555;32553;97367;32550;32549;1882;1883;5874;44430;44446;44422;5575;43226;44424;44464;5623;5622;43229;5856;43232;43228;43234;32991;15630;5871;5875;3777;3774;17111;16462;16818;16817;16787;3824;8152;9507;9536;43231;43227;44444;5737	2739	4146	3252.5	3766	5121	3750.5	7339	2684	4953	5694	8314	7771.5	4555.5	3815.5	2163.5	6712.5	3322.5	1888	1423.5	6322.5	3800.5	2541	4292	2046	83389	4169.45
ORTHO006105	Putative endonuclease or glycosyl hydrolase	AT3G62200;AT3G62210	5777;42579;43231;43227;43226;5575;43229;44424;44464;5623;5622;44444;5737;5634;10468;60255;19222;50789;65007;8150;4519;4518;16788;16787;3824;3674;8152;90305;90304;6139;46483;44237;9987;6725;1901360;71704;34641;6807;44238;43170;10197;741;48284;6996;16043;71840;6997;9559;30154;48869;44767;32502;44699;44763;9561;44707;32501;9553;48229;7275;48856	2740	5263	5673	8606	2982.5	7363.5	1322	6978.5	7455	2524.5	8651	511.5	7377.5	8316	7885	5325.5	7158.5	5626	8031	995	8663	7786.5	8290	7721.5	117981.5	5.899.075
ORTHO001202	Transketolase	AT2G45290;AT3G60750	9535;55035;42651;34357;16020;5575;44436;44424;44464;5623;5622;9579;44435;44444;5737;44446;44422;43226;43229;9536;43231;43227;31976;31984;44434;9507;9534;9570;9532;19253;19685;16051;44723;5975;71704;8152;8150;44238;44710;44699;1901576;9058;44711;15979;44237;9987;15977;46686;10038;10035;42221;50896;4802;16744;16740;3824;3674;46872;43169;43167;5488;9651;6970;9628;6950;9941;9526;31967;31975	2741	2922	2983	3225	1522.5	7563	6860.5	1640.5	6823.5	3622.5	2402	1830	1352	8456.5	8553	1307	4004	4595	4165.5	3638.5	2250	6027.5	4149	1230.5	80470.5	4.023.525
ORTHO006036	XB3 ortholog 3 in Arabidopsis thaliana	AT5G07270	16567;32446;70647;6464;36211;19538;43170;71704;8152;8150;44238;43412;44267;44260;44237;9987;8270;46914;46872;43169;43167;5488;3674;5737;44424;44464;5575;5623;5622;4842;19787;16740;3824;16874	2742	3729	3481	4220	4356	8663	5974	3588	1753	8934.5	8232.5	7759	4328	3815.5	1758.5	6712.5	3141.5	7870.5	2179.5	1869	2049.5	2213.5	3702.5	1434.5	85979	4298.95
ORTHO007996	basic helix-loop-helix (bHLH) DNA-binding superfamily protein	AT3G06120	9913;30855;30154;48869;44767;32502;8150;44699;44763;9987;60429;9888;48856;8544;10374;9791;44707;32501;7275;90558;6355;1903506;2001141;31326;9889;19222;50789;65007;31323;50794;51252;19219;80090;51171;60255;10556;10468;2000112;46983;5515;5488;3674;5634;43231;43227;43226;5575;43229;44424;44464;5623;5622;3677;3676;1901363;97159;6351;34645;44260;43170;71704;8152;44237;9059;1901576;9058;44249;97659;32774;16070;90304;6139;46483;6725;1901360;34641;6807;44238;34654;19438;44271;18130;1901362;10467;3700;1071	2743	2185	2187.5	1632	1689.5	8643	2791.5	4099	5994	1750.5	8701	1198.5	6316	4415.5	5907.5	1606	1753.5	4809.5	802.5	4060.5	538	1466	3061.5	1344.5	69258.5	3.462.925
ORTHO005393	Chaperone DnaJ-domain superfamily protein	AT1G80920	9507;9536;43231;43227;43226;5575;43229;44424;44464;5623;5622;44444;5737;51087;5515;5488;3674;9570;9532;44435;44446;44422;44434;6457;9987;8150;5634;51082;9416;9314;9628;50896;42026	2744	1923	1743.5	743	1689.5	3531	288.5	2114.5	54.5	5565.5	4225	147	2770	6019	6444.5	2080.5	2261.5	8926	7712	1229.5	2430.5	561.5	616	1047.5	58024.5	2.901.225
ORTHO004388	ubiquitin C-terminal hydrolase 3	AT4G17510	9507;9536;43231;43227;43226;5575;43229;44424;44464;5623;5622;44444;5737;16579;70646;70647;6464;36211;19538;43170;71704;8152;8150;44238;43412;44267;44260;44237;9987;6508;4843;19783;8234;70011;8233;16787;3824;3674;36459;6511;19941;51603;44257;30163;9057;1901575;9056;44265;44248;43632;5829	2745	3368	5089	7433	2097	4496	7027	6573	2849.5	6381.5	4892.5	6756	7189	6206.5	1509	3976.5	6027	8278	8239.5	1869	2722.5	7814.5	8520	3103.5	104430.5	5.221.525
ORTHO003264	ARID/BRIGHT DNA-binding domain-containing protein	AT2G17410	5634;43231;43227;43226;5575;43229;44424;44464;5623;5622;6355;1903506;2001141;31326;9889;19222;50789;65007;8150;31323;50794;51252;19219;80090;51171;60255;10556;10468;2000112;3677;3676;1901363;5488;3674;97159;6351;34645;44260;43170;71704;8152;44237;9987;9059;1901576;9058;44249;97659;32774;16070;90304;6139;46483;6725;1901360;34641;6807;44238;34654;19438;44271;18130;1901362;10467;3700;1071	2746	4476	5021	7296	5938.5	2735	3224.5	2838	5144	2170.5	4016	2197	1352	5656	810.5	3976.5	7664	7885.5	8886.5	9139.5	8760.5	8980	8993	8909.5	103338.5	5.166.925
ORTHO002476	EF hand calcium-binding protein family	AT1G18530;AT3G25600	8150;5509;46872;43169;43167;5488;3674;5794;43231;43227;43226;5575;43229;44424;44464;5623;5622;44444;5737;12505	2747	4053	3359	3971	2375	4827.5	1881	1709	149	1709.5	8820	743.5	1352	3815.5	5034.5	6712.5	4761	4253	4607.5	7747	6696	5213.5	7486	7120	84638	4231.9
ORTHO009058	cytochrome B561-1	AT5G38630	16491;3824;3674;8152;8150;55114;44710;44699;5794;43231;43227;43226;5575;43229;44424;44464;5623;5622;44444;5737;12505;16021;31224;44425;16020;8805;16622;16903	2748	3899	4763.5	6779	2097	1959	3129.5	2460.5	8392	2925	3526	511.5	1352	5564	638	6712.5	8133	8002	9031	9158	2072	9126.5	9065.5	8111.5	99869.5	4.993.475
ORTHO004072	Rho GTPase activating protein with PAK-box/P21-Rho-binding domain	AT4G03100	5622;44464;5575;5623;5737;44424;7165;50794;50789;65007;8150;51716;9987;50896;7154;44763;44699;44700;23052;43547;43087;51336;50790;19222;65009;51345;43085;44093;9893;48518;5096;8047;30234;98772;3674;30695;60589	2749	3207	4219.5	5690	2097	2672	4813.5	3608	2541	3163.5	621.5	6440	1352	7636	7432.5	7782	8342	8981	8773.5	3165	3252	6895.5	1767.5	4291.5	93530	4676.5
ORTHO001008	SecY protein transport family protein	AT1G29310;AT1G78720;AT2G34250	5886;16020;5575;44464;5623;71944;5739;43231;43227;43226;43229;44424;5622;44444;5737;5794;12505;15031;45184;51234;51179;8150;8104;33036;71702;6810;9306;32940;46903;44765;1902578;44699;51649;51641;44763;9987;71806;55085;15450;15405;15399;22804;22857;5215;3674;8320;8565;22892;22884;22891;9507;9536;5783	2750	3119	4393.5	6037	2097	8873.5	1577.5	1709	8734	4023	3879	9070	4117.5	5393.5	810.5	6712.5	6722.5	7335.5	1359	461.5	2745	8644	4366	8909.5	95443	4772.15
ORTHO005564	proliferating cellular nuclear antigen 1	AT1G07370;AT2G29570	6275;51052;19219;80090;19222;50789;65007;8150;51171;31323;50794;60255;2000112;31326;9889;10556;5730;44428;44446;44422;5575;43226;44424;44464;5623;5622;43229;5634;43231;43227;43232;43228;31981;70013;43233;31974;5737;5515;5488;3674;30337;30234;98772;50790;65009;6259;44260;43170;71704;8152;44237;9987;90304;6139;46483;6725;1901360;34641;6807;44238;3677;3676;1901363;97159;51726;42276;19985;71897;34645;9059;1901576;9058;44249;34654;19438;44271;18130;1901362;6301;6281;6974;33554;51716;50896;6950;44763;44699;44710;44711	2751	4167	2188.5	1626	1551	1500	1224.5	2923.5	3504.5	3851	5393	6383.5	1352	9031	8118	2914	7071	6388.5	1210.5	2713.5	3375	1228	528	498.5	69208	3460.4
ORTHO005016	polyamine oxidase 5	AT4G29720	5737;44424;44464;5575;5623;5622;55114;44710;8152;8150;44699;48510;48506;48509;2000026;50793;50789;65007;51239;40034;1990534;16647;16645;16491;3824;3674;5739;43231;43227;43226;43229;44444;8131;16641;16638	2752	1670	4092	5432	4356	6149	1881	1709	4602.5	969	1810	1810.5	8205.5	7850	8893	2476	1048	6590	7509	5637	7166	7147.5	7818	2940	92211	4610.55
ORTHO004029	AGC (cAMP-dependent; cGMP-dependent and protein kinase C) kinase family protein	AT3G25250;AT4G13000	4672;16301;16772;16740;3824;3674;8152;8150;16310;6796;6793;44237;9987;16773;6468;6464;36211;19538;43170;71704;44238;43412;44267;44260;5515;5488;6979;6950;50896;19901;19900;19899;9611;5524;35639;1901265;1901363;97159;43168;43167;32559;30554;17076;166;36094;32555;32553;97367;32550;32549;1882;1883;46777;4674;5634;43231;43227;43226;5575;43229;44424;44464;5623;5622	2753	4909	2769	2785	2982.5	2747.5	5261.5	6428.5	2924.5	4350.5	3526	307.5	1352	1800.5	5034.5	3976.5	3682	3949	4113.5	4473	5422.5	6077	6194.5	6145.5	77766.5	3.888.325
ORTHO008023	Protein of unknown function DUF106; transmembrane	AT5G06660	5739;43231;43227;43226;5575;43229;44424;44464;5623;5622;44444;5737;16020;3674;8150	2754	3540	2674	2594	4356	3466.5	5784	2071	7325.5	5323.5	1312.5	998	5740	3815.5	4233.5	6712.5	4346.5	3121	154	2156.5	5170.5	4970.5	7089	2850	76640.5	3.832.025
ORTHO001607	formin homologue 4	AT1G24150;AT1G59910;AT1G70140	30041;8154;7015;71822;43933;16043;71840;8150;9987;30036;30029;44763;44699;7010;6996;1902589;51258;43623;6461;65003;22607;44085;70271;34622;5886;16020;5575;44464;5623;71944;5515;5488;3674;3779;8092;5911;30054;5634;43231;43227;43226;43229;44424;5622;51015;32403;44877;5522;45010;30838;51495;10638;33043;51128;50794;50789;65007;51130;48522;48518;51493;30833;8064;30832;32535;90066;65008;32956;32970;32271;43254;44087;32273;31334;44089;9932;9826;902;32989;9653;32502;48856;48869;44767;60560;48589;40007;16049;16021;31224;44425	2755	5539	4742	6729	2982.5	4344.5	2791.5	6428.5	8101	3448	7594	3422.5	6071.5	1800.5	4705.5	3976.5	5864.5	2199.5	6531	7747	6180.5	5924	6040	6379.5	99550	4977.5
ORTHO005027	modifier of snc1	AT4G24680	3674;40029;10468;60255;19222;50789;65007;8150	2756	1765	5508	8260	4356	2837	3758	2392	1133	1028.5	8095	4566	8754.5	4935	511.5	6075	7721	8162	9043	8987	8990	8879	9093.5	6883	111844	5592.2
ORTHO002055	cold-regulated 413-plasma membrane 2	AT3G50830	5739;43231;43227;43226;5575;43229;44424;44464;5623;5622;44444;5737;5774;44437;44446;44422;5773;98588;31090;16020;98805;16021;31224;44425;3674;5886;71944	2757	3237	2590	2423	5552	1089	1881	6978.5	7455	1462	1623	6001.5	5740	3815.5	5034.5	1830	3891.5	5221.5	4388	4392	864.5	2112.5	4535	7266.5	75581.5	3.779.075
ORTHO003062	RPM1 interacting protein 4	AT3G25070	5886;16020;5575;44464;5623;71944;5515;5488;3674;34051;45824;31348;31347;80134;48583;50789;65007;8150;48585;48519;45088;50776;2682;50777;2683;43069;43067;10941;50794;60548;48523;10363;80135;9816;9814;98542;6952;6950;50896;51707;43207;9605;9607;51704;45087;6955;2376;42742;9617;6468;16310;6796;6793;44237;8152;9987;6464;36211;19538;43170;71704;44238;43412;44267;44260;12505;10204;2218;2253;50778;48584;48518;2684;45089;31349;7165;51716;7154;44763;44699;44700;23052;9626;34050;12501;8219;16265;33554;19897;44459;44425;19898;5634;43231;43227;43226;43229;44424;5622;2237;10033;42221	2758	1816	5192.5	7627	1281	8845.5	4904	7491.5	4164	3610	3426.5	5435.5	8205.5	8787	6484	2476	6099.5	5221.5	1748	4778	6180.5	7683.5	7818	2382	105740.5	5.287.025
ORTHO004876	outer envelope protein of 80 kDa	AT5G19620	9507;9536;43231;43227;43226;5575;43229;44424;44464;5623;5622;44444;5737;9707;9527;31968;31090;16020;44422;19867;98805;31967;31975;44446;98588;42170;44435;9526;31969;44434;9941;9658;9657;6996;16043;71840;8150;9987;5739;9793;44702;22414;44699;3006;32502;9790;44767;48856;7275;44707;32501;48316;48608;61458;48731;9791;10154;3674	2759	766	2126	1493	672.5	8310	652	3680	8509.5	5349	744	2038	1352	7101	8838	2476	3796.5	6683.5	658	259.5	164	5213.5	1322	1009	68155.5	3.407.775
ORTHO002221	Phosphoglycerate mutase-like family protein	AT3G01310;AT5G15070	828;16301;16772;16740;3824;3674;8152;8150;16310;6796;6793;44237;9987;16776;9861;9814;98542;6952;6950;50896;51707;43207;9605;9607;51704;45087;6955;2376;9611;5886;16020;5575;44464;5623;71944;9817;50832;9620;829;5737;44424;5622;32958;43647;19637;71704;19751;6066;1901615;44281;44710;44699;44763;46173;46165;1901617;1901576;9058;44283;44711;90407	2760	1817	3104	3448	4356	4581	6055.5	7192	1198	2799	2539	2197	3973.5	7387.5	8429	797.5	1396.5	6029.5	7281	635	5061.5	6340.5	5762.5	2046	81701.5	4.085.075
ORTHO003154	probable small nuclear ribonucleoprotein G	AT2G23930;AT3G11500	5634;43231;43227;43226;5575;43229;44424;44464;5623;5622;71013;5681;44428;44446;44422;30529;32991;34719;43234;44444;5737;71004;71010;5684;43186;36464;35770;43232;43228;60293;45495;5829;398;6397;16071;16070;44260;43170;71704;8152;8150;44237;9987;90304;6139;46483;6725;1901360;34641;6807;44238;6396;10467;377;375;8380;71011;5686;97525;30532;31124;31123;5685;5732;5682;5689;97526;5687;8334;3723;3676;1901363;5488;3674;97159;5730;31981;70013;43233;31974	2761	3695	1676	591	5748	1594	1093.5	5077	3262	5953	4497	431	1352	4244	1758.5	6712.5	1772.5	7117	1407	1584.5	1510.5	1525	2458	1597.5	54946.5	2.747.325
ORTHO004495	Leucine-rich repeat protein kinase family protein	AT2G41820	16301;16772;16740;3824;3674;8152;8150;16310;6796;6793;44237;9987;7169;7167;7166;7165;50794;50789;65007;51716;50896;7154;44763;44699;44700;23052;6468;6464;36211;19538;43170;71704;44238;43412;44267;44260;5524;35639;1901265;1901363;5488;97159;43168;43167;32559;30554;17076;166;36094;32555;32553;97367;32550;32549;1882;1883;5886;16020;5575;44464;5623;71944;4674;4672;16773	2762	1120	2530.25	2298.5	4356	7877	1011	3218	3302	969	3461	6440	7377.5	7448.5	8404	2476	8133	6590	1374.5	757.5	1211.5	1910	793.5	1906.5	74660.5	3.733.025
ORTHO003482	glycine decarboxylase P-protein 2	AT2G26080;AT4G33010	9941;9526;31967;31975;44464;5575;5623;44446;44422;43226;44424;5622;43229;43227;44435;44444;5737;9536;43231;44434;9507;5960;1990204;1902494;43234;32991;5739;48046;5576;4375;16642;16638;16491;3824;3674;8152;8150;55114;44710;44699;5524;35639;1901265;1901363;5488;97159;43168;43167;32559;30554;17076;166;36094;32555;32553;97367;32550;32549;1882;1883;19464;6546;9071;1901606;1901605;6520;1901564;71704;6807;19752;43436;6082;44281;44763;9987;44237;44238;9063;46395;16054;44282;44712;9056;1901575;44248;1901565;9069;6544;16594;16597;31406;43177;43169;9570;9532;46686;10038;10035;42221;50896;9534;31976;9579;31984;5515	2763	2806	4810.5	6858	4356	8118	2032.5	1114.5	8259	3267	9044.5	1198.5	7554	8072	7619.5	2476	1798	6265.5	8251.5	5447	6696	7147.5	1523.5	4541	100425.5	5.021.275
ORTHO002961	S-adenosyl-L-methionine-dependent methyltransferases superfamily protein	AT3G63410	9507;9536;43231;43227;43226;5575;43229;44424;44464;5623;5622;44444;5737;9941;9526;31967;31975;44446;44422;44435;44434;10189;1901617;1901615;71704;8152;8150;1901576;9058;18130;46483;44237;9987;44249;42360;1901360;44763;44699;6775;6766;44281;44710;1901362;42362;9110;44283;44711;10236;1901663;9108;51188;51186;6732;1901661;42180;42181;9706;9528;19866;31090;16020;42170;31969;8757;8168;16741;16740;3824;3674;32259;51741;16021;31224;44425	2764	5135	5677	8590	2982.5	7633.5	1484	9148.5	8509.5	8118.5	5069	6929	8817.5	5596	988	3976.5	1356.5	8678.5	9002.5	2820	3045	8801	8869	8837	117679.5	5.883.975
ORTHO005720	Ribosomal protein L17 family protein	AT5G09770;AT5G64650	9507;9536;43231;43227;43226;5575;43229;44424;44464;5623;5622;44444;5737;5840;30529;32991;43232;43228;6412;43043;43604;43603;34641;6807;8152;8150;44237;9987;44271;44249;9058;6518;1901564;71704;1901566;1901576;44267;19538;43170;44238;44260;34645;9059;10467;3735;5198;3674	2765	3309	4412.5	6060	2097	4794.5	2951	7084	2202	2630.5	2992.5	6171.5	6513.5	6764.5	7017.5	7782	5561	4809.5	3857.5	4527	1227	7109	7946.5	3635.5	95576.5	4.778.825
ORTHO003468	expansin-like A1	AT3G45970;AT4G38400	5794;43231;43227;43226;5575;43229;44424;44464;5623;5622;44444;5737;12505;5576;5618;30312;71944;9828;9827;42545;71555;45229;16043;71840;8150;9987;71554;9664;71669;9826;902;32989;9653;32502;48856;48869;44767;44699;44763;60560;48589;40007;16049;16020;9506;5911;30054;55044;9505;19953;44703;51704;22414;3;10583;14070;10033;42221;50896	2766	4181	5032	7298	2982.5	5248.5	4587.5	6741	2541	8319	3948.5	6614	5740	6414.5	6791	7782	4135	4400	4016	7194	4384	5308.5	6624.5	2575	103364	5168.2
ORTHO006381	Ribosomal protein L30/L7 family protein	AT1G80750	5829;44444;44424;44464;5575;5623;5622;5737;22625;15934;44391;30529;32991;44446;44422;43226;43229;5840;43232;43228;44445;22626;3735;5198;3674;5730;44428;5634;43231;43227;31981;70013;43233;31974;2181;6412;43043;43604;43603;34641;6807;8152;8150;44237;9987;44271;44249;9058;6518;1901564;71704;1901566;1901576;44267;19538;43170;44238;44260;34645;9059;10467;463;470;6364;34470;34660;16070;90304;6139;46483;6725;1901360;6396;16072;42254;22613;44085;71840;42273;44822;3723;3676;1901363;5488;97159	2767	1879	5143.5	7520	4356	2797	3129.5	8835.5	8359.5	3882	3526	6518	1352	8795	6504.5	2476	6244	6946	7464	5519.5	5903.5	7683.5	6624.5	2439.5	104999.5	5.249.975
ORTHO001884	OSBP(oxysterol binding protein)-related protein 3B	AT3G09300;AT5G02100;AT5G59420	8289;5488;3674;8202;1901360;71704;8152;8150;6629;44710;44699;44238;5829;44444;44424;44464;5575;5623;5622;5737;5634;43231;43227;43226;43229;6869;44765;6810;51234;51179;1902578;71702;10876;33036;8142;32934;43178;36094;5496;97159;7338;9566;44702;22414;19953;44703;51704;3;5783;12505;5794;5515;9567	2768	4740	2410.5	2053	5284	9147	360	1709	3117	8934.5	4199.5	7515.5	1352	7996	6192.5	2476	7982	6505.5	1389	1654	1570.5	540	228.5	109	72977.5	3.648.875
ORTHO002986	Arginyl-tRNA synthetase; class Ic	AT1G66530;AT4G26300	4814;4812;16876;16875;16874;3824;3674;8152;8150;5524;35639;1901265;1901363;5488;97159;43168;43167;32559;30554;17076;166;36094;32555;32553;97367;32550;32549;1882;1883;6420;6418;43039;6399;34660;16070;44260;43170;71704;44237;9987;90304;6139;46483;6725;1901360;34641;6807;44238;43038;6520;1901564;19752;43436;6082;44281;44710;44699;44763;6412;43043;43604;43603;44271;44249;9058;6518;1901566;1901576;44267;19538;34645;9059;10467;5737;44424;44464;5575;5623;5622;5829;44444;9570;9532;44435;44446;44422;43226;43229;9536;43231;43227;44434;9507;9793;44702;22414;3006;32502;9790;44767;48856;7275;44707;32501;48316;48608;61458;48731;9791;10154;5739	2769	2125	3360.5	3952	4356	9062.5	5382	279.5	3176	3396	4939	5983.5	1352	7300	8163.5	7782	7850.5	5056.5	888	3508	5903.5	1525	1306.5	1644	84498	4224.9
ORTHO004917	Transducin/WD40 repeat-like superfamily protein	AT3G16650;AT4G15900	5634;43231;43227;43226;5575;43229;44424;44464;5623;5622;80008;31461;151;1990234;1902494;43234;32991;398;6397;16071;16070;44260;43170;71704;8152;8150;44237;9987;90304;6139;46483;6725;1901360;34641;6807;44238;6396;10467;377;375;8380;5662;44454;44427;44446;44422;5694;43232;43228;44428;228;31981;70013;43233;31974;43601;30894;32993;5657;43596;166;36094;5488;3674;1901265;1901363;97159;974;71013;5681;30529;71011;5515;42742;9617;51707;43207;9605;50896;9607;51704;98542;6952;6950;10182;9756;7165;50794;50789;65007;51716;7154;44763;44699;44700;23052;71322;71310;10033;42221;70887;1901701;1901700;9743;50832;9620;48825;48366;48827;48856;32502;48367;44767;48731;7275;44707;32501;9793;44702;22414;3006;9790;48316;48608;61458;9791;10154;48364;48513;22622;10204;2218;2253;50778;48584;48518;48583;50776;2682;2684;2376;45089;31349;31347;80134;45088;9755;32870;9725;9719;71495;45892;1903507;1903506;2001141;31326;9889;19222;31323;51252;19219;80090;51171;60255;10556;1902679;51253;10605;9892;48519;45934;51172;31324;48523;31327;9890;10558;10629;10468;6355;2000112;2000113;9870;9749;9746;34284;6508;19538	2770	3715	5511	8252	2097	1554	2791.5	7290.5	1839.5	1506.5	8404	1198.5	7189	7300	7323.5	7782	6896.5	5626	7862.5	8832.5	7786.5	7756.5	8551.5	4291.5	111782.5	5.589.125
ORTHO000487_1	Transcription factor jumonji (jmj) family protein / zinc finger (C5HC2 type) family protein	AT1G08620	5634;43231;43227;43226;5575;43229;44424;44464;5623;5622;6355;1903506;2001141;31326;9889;19222;50789;65007;8150;31323;50794;51252;19219;80090;51171;60255;10556;10468;2000112;3700;1071;3674;46872;43169;43167;5488;6351;34645;44260;43170;71704;8152;44237;9987;9059;1901576;9058;44249;97659;32774;16070;90304;6139;46483;6725;1901360;34641;6807;44238;34654;19438;44271;18130;1901362;10467;16568;6325;43933;16043;71840;51276;6996;51213;16491;3824;55114;44710;44699	2771	2458	4930.5	7090	1689.5	2097.5	1204	2876.5	4865	5506.5	3879	8997.5	4159	5350.5	766.5	3976.5	7299	7547.5	8509	1391	7672.5	8310.5	8675	8923.5	102006.5	5.100.325
ORTHO006326	TraB family protein	AT1G05270	31307;31306;98573;31300;44422;5575;43226;31224;44425;16020;31090;43227;44455;44429;44444;44424;44464;5623;5622;5737;44446;43229;5739;43231;31966;5740;31967;31975;5741;31968;19867;98805;98588;32592;31301;16021;5886;71944;8150;3674	2772	2963	2524.5	2277	5552	8536.5	7724	1114.5	7455	7485	1810	1779	1352	3815.5	4842.5	1830	3521.5	4982.5	824.5	4211	4103	1985	4199	2940	74510.5	3.725.525
ORTHO003384	Transcription elongation factor (TFIIS) family protein	AT4G24200	5739;43231;43227;43226;5575;43229;44424;44464;5623;5622;44444;5737;5634	2773	3239	1733.5	694	5172	314	3025	2772	1625	1058	2216.5	1389.5	4955.5	3815.5	5254.5	2914	3106	6145	4830.5	3797	3391.5	2837	3113	707	57266.5	2.863.325
ORTHO002420	ovate family protein 13	AT5G04820	5634;43231;43227;43226;5575;43229;44424;44464;5623;5622;45892;1903507;1903506;2001141;31326;9889;19222;50789;65007;8150;31323;50794;51252;19219;80090;51171;60255;10556;1902679;51253;10605;9892;48519;45934;51172;31324;48523;31327;9890;10558;10629;10468;6355;2000112;2000113;6351;34645;44260;43170;71704;8152;44237;9987;9059;1901576;9058;44249;97659;32774;16070;90304;6139;46483;6725;1901360;34641;6807;44238;34654;19438;44271;18130;1901362;10467	2774	4230	2565	2356	2982.5	9117.5	652	1823.5	435	7247	4867	6287.5	6895.5	6088.5	2396.5	7360.5	1048	7761	1629.5	1724	4833.5	1228	1740	1794	74928.5	3.746.425
ORTHO007503	NIFU-like protein 2	AT5G49940	5506;46914;46872;43169;43167;5488;3674;16226;9058;8152;8150;31163;22607;16043;71840;9987;44085;9507;9536;43231;43227;43226;5575;43229;44424;44464;5623;5622;44444;5737;9570;9532;44435;44446;44422;44434;51537;51536;51540;9658;9657;6996;5198	2775	1308	1712	649	4356	244	1342.5	602	931	2059	4642.5	367.5	1352	7779.5	8593.5	797.5	8562.5	8815	2410	1940	684	2017.5	827.5	2382	56349.5	2.817.475
ORTHO000548_2	ETO1-like 1	AT4G02680	5634;43231;43227;43226;5575;43229;44424;44464;5623;5622;5515;5488;3674;9873;160;35556;7165;50794;50789;65007;8150;51716;9987;50896;7154;44763;44699;44700;23052;9755;32870;9725;9719;10033;42221;71495;71310;70887;71369;9723;16567;32446;70647;6464;36211;19538;43170;71704;8152;44238;43412;44267;44260;44237;10364;31326;9889;19222;31323;1900911;1900908;31335;42762;6521;80090;10565;33238;51171	2776	513	2303	1830	248.5	7905.5	1672.5	203.5	169	5048	4740	4239	1352	9170	8163.5	1073.5	450	8577	2886.5	2156.5	1193	7897.5	3100.5	1297.5	71295	3564.75
ORTHO000953	AGAMOUS-like 16	AT3G57230;AT4G37940	3677;3676;1901363;5488;3674;97159;5515;5634;43231;43227;43226;5575;43229;44424;44464;5623;5622;3700;1071;2001141;31326;9889;19222;50789;65007;8150;31323;50794;51252;19219;80090;51171;60255;10556;6355;1903506;10468;2000112;46983;2000029;1900376;43455;2000762;48481;3006;32502;22414;48856;35670;48608;61458;48731;7275;44767;44699;44707;32501;48440;48827;48367;48437;44702;48569;48513;9908;90567;9791;48467;48438;48574;48571;9648;9416;9314;9628;50896;48573;10228;42803;42802;10440;48869;44763;9987;10374;90558;9888;6351;34645;44260;43170;71704;8152;44237;9059;1901576;9058;44249;97659;32774;16070;90304;6139;46483;6725;1901360;34641;6807;44238;34654;19438;44271;18130;1901362;10467;8134;48316;10154	2777	2314	2353	1929	1689.5	2557.5	5794	1013.5	7455	5600	8701	409.5	1352	4244	3265	6712.5	1221.5	5056.5	3597	1291.5	1563	1695	3783.5	6801.5	72113.5	3.605.675
ORTHO004245	nucleoside diphosphate kinase 3	AT4G11010;AT4G23895;AT4G23900	5524;35639;1901265;1901363;5488;3674;97159;43168;43167;32559;30554;17076;166;36094;32555;32553;97367;32550;32549;1882;1883;5739;43231;43227;43226;5575;43229;44424;44464;5623;5622;44444;5737;4550;16776;16772;16740;3824;8152;8150;19205;16301;16310;6796;6793;44237;9987;6165;46939;9117;6753;19637;71704;55086;6139;46483;6725;1901360;34641;6807;44238;44281;44710;44699;44763;9132;5743;19866;31090;16020;44422;31967;31975;44446;31966;44429;5740;9507;9536;6979;6950;50896;50897;46914;46872;43169;8270;6183;1901070;1901068;46128;9119;9116;1901564;1901657;1901135;42278;72521;46129;42451;9163;1901659;1901137;1901576;9058;44711;1901566;34654;19438;44249;44271;18130;1901362;72522;42455;9152;9150;6163;9259;19693;9260;46390;90407;9165;1901293;6164;9206;9201;9142;9141;9199;9145;9144;9205;46039;6241;9209;9208;9147;9148;9220;9218;6220;72527;6221;72528;46132;46131;6213;46134;46036;6228;46051;5634;5758;31970;31974;9543;31978;31977;44436;9579;44435;31976;31984;44434;9534	2778	2796	2109.5	1441	4356	3334	715.5	1547.5	4492.5	5009	8892.5	164.5	6397.5	3815.5	5254.5	6712.5	4252.5	4154.5	778.5	616.5	222.5	3026	4843.5	3565	67794.5	3.389.725
ORTHO005119	Magnesium transporter CorA-like family protein	AT2G04305	16020;5575;46873;22890;8324;15075;22891;22857;5215;3674;6810;51234;51179;8150;55085;44763;9987;44699;44765;1902578;22892;34220;6811;98655;6812;30001;5886;44464;5623;71944	2779	2283	2200	1621	1281	8518.5	1068	917.5	2940	4610	4046	818.5	1352	5726	1254.5	1830	8915	7571	1849	662	8738	2923.5	1937.5	3501.5	69178.5	3.458.925
ORTHO004762	heat shock protein 70 (Hsp 70) family protein	AT4G16660	5524;35639;1901265;1901363;5488;3674;97159;43168;43167;32559;30554;17076;166;36094;32555;32553;97367;32550;32549;1882;1883;5783;43231;43227;43226;5575;43229;44424;44464;5623;5622;44444;5737;12505;9507;9536;5788;70013;43233;31974;44422;44446;44432;5774;44437;5773;98588;31090;16020;98805;5794	2780	2765	2503.5	2227	1812	3205.5	6572	4099	8259	5847	1981	1198.5	5195	3815.5	3265	6712.5	3399	4809.5	1486.5	3466.5	3719.5	1466	3133.5	2485	74115.5	3.705.775
ORTHO000995_2	glyceraldehyde-3-phosphate dehydrogenase B subunit	AT1G42970	9570;9532;44435;44444;44424;44464;5575;5623;5622;5737;44446;44422;43226;43229;9536;43231;43227;44434;9507;31969;42170;31090;16020;9526;31967;31975;9941;47100;43891;16620;16903;16491;3824;3674;8152;8150;55114;44710;44699;9535;55035;42651;34357;44436;9579;31976;31984;9534;50661;50662;48037;5488;166;36094;1901265;1901363;97159;19253;19685;16051;44723;5975;71704;44238;1901576;9058;44711;15979;44237;9987;15977;9409;9266;9628;50896;6950;48046;5576;4365;6096;6090;32787;19752;43436;6082;44281;44763;44724;44712;9056;16052;1901575;6757;6091;46031;9150;6163;72521;46483;6725;1901360;34641;6807;1901564;9117;6753;19637;6793;55086;6139;6796;9259;19693;1901135;9179;9185;9132;9135;9167;9161;9123;9126;46128;9119;9116;1901657;42278;46034;9205;9144;9141;9199;6165;46939;16310;46496;19362;6733;6732;51186;72524;10319;51287;9744;34285;9743;10033;42221;1901700;9416;9314;46686;10038;10035;6006;19318;5996	2781	2978	2517	2253	4356	1089	7130.5	1912	7455	5046.5	8737.5	2291.5	5338.5	3815.5	3265	1606	4135	5056.5	3616	711.5	4946	1735	3815.5	2575	74277.5	3.713.875
ORTHO002463	RING/U-box superfamily protein	AT1G78420	5737;44424;44464;5575;5623;5622;8270;46914;46872;43169;43167;5488;3674	2782	2557	3194	3606	1689.5	3351.5	6982	917.5	3340.5	6645	3948.5	4841.5	1352	8541.5	7313.5	5325.5	1396.5	7295.5	1612.5	773.5	2770	6512.5	5762.5	3841	82523	4126.15
ORTHO000781_1	C2H2-like zinc finger protein	AT1G14580;AT2G02080	6355;1903506;2001141;31326;9889;19222;50789;65007;8150;31323;50794;51252;19219;80090;51171;60255;10556;10468;2000112;3676;1901363;5488;3674;97159;8270;46914;46872;43169;43167;5634;43231;43227;43226;5575;43229;44424;44464;5623;5622;3700;1071;9507;9536;44444;5737;3677;6351;34645;44260;43170;71704;8152;44237;9987;9059;1901576;9058;44249;97659;32774;16070;90304;6139;46483;6725;1901360;34641;6807;44238;34654;19438;44271;18130;1901362;10467	2783	2525	1746.75	710.5	5552	4073	1985	864	7325.5	2721	982	998	1352	4486	4462	1830	1102.5	5101.5	3172	4211	4023	1910	4100.5	2850	57549	2877.45
ORTHO002036	Chitinase family protein	AT1G05850;AT3G16920	9651;6970;9628;50896;8150;6950;10053;90627;30154;48869;44767;32502;44699;44763;9987;10015;9653;48856;48364;48513;48731;7275;44707;32501;22622;90558;9888;48046;5576;5575;9414;9415;1101;42221;10035;1901700;4568;4553;16798;16787;3824;3674;8152;30244;51274;9250;33692;271;5976;5975;71704;44238;43170;16051;44723;44710;1901576;9058;44711;9059;34637;44262;44237;44249;44264;44260;34645;6073;44042;51273;30243;9809;9808;9698;19748;6725;1901360;9699;19438;1901362;44550;9873;160;35556;7165;50794;50789;65007;51716;7154;44700;23052;9755;32870;9725;9719;10033;71495;71310;70887;71369;9723;5794;43231;43227;43226;43229;44424;44464;5623;5622;44444;5737;12505;10337;10565;31323;19222;9408;9266;9825;16049;40007;16998;44036;71554;44248;9056;10167;1901698;43255;9889;6109;80090;6032;1901072;1901071;6040;1901135;46348;1901136;1901575;6030;6022;1901564;6807;6026;1901565;9057;30247;1871;5488;30246;9735;5886;16020;71944	2784	1268	2512	2240	1066.5	3557.5	6542.5	1204.5	1916	2425	3269.5	6271	4159	5350.5	1063	508.5	1952.5	7471.5	984	2059.5	8019	7897.5	2341	7223	74215	3710.75
ORTHO000408_1	histone deacetylase 9	AT3G44680;AT3G44690;AT5G35600;AT5G63110	6355;1903506;2001141;31326;9889;19222;50789;65007;8150;31323;50794;51252;19219;80090;51171;60255;10556;10468;2000112;16575;16570;16569;16568;6325;43933;16043;71840;9987;51276;6996;6464;36211;19538;43170;71704;8152;44238;43412;44267;44260;44237;1902589;44763;44699;44710;6476;35601;98732;10187;48581;48580;2000026;50793;51239;51241;48519;51093;10029;1900140;6351;34645;9059;1901576;9058;44249;97659;32774;16070;90304;6139;46483;6725;1901360;34641;6807;34654;19438;44271;18130;1901362;10467;5634;43231;43227;43226;5575;43229;44424;44464;5623;5622;4407;33558;19213;16787;3824;3674;16811;16810;5515;5488;5739;44444;5737;9845;44707;32501;90351;9791;44767;32502;7275;32041;17136;34979;31078;70932;9793;44702;22414;3006;9790;48856;48316;48608;61458;48731;10154;9553;48229;5730;44428;44446;44422;43232;43228;31981;70013;43233;31974;9941;9526;31967;31975;44435;9536;44434;9507;16441;10608;40029;16458;10629;10605;9892;9651;6970;9628;50896;6950;10431;48609;32504;3;21700;10228;9737;9725;9719;10033;42221;33993;97305;1901700;1101	2785	1849	2760	2735	1479.5	8050	1954	2044	3525	2472.5	2402	1658	8605	8983	5907.5	1175.5	2598.5	5569	762.5	6148	1875	7603.5	4468.5	1696.5	77498	3874.9
ORTHO000494_2	Major facilitator superfamily protein	AT1G30560;AT3G47420;AT4G25220	15169;1901505;5215;3674;6810;51234;51179;8150;1901264;44765;1902578;44699;71702;8514;8509;15075;22891;22857;55085;44763;9987;22892;34220;6811;98656;6820;15711;15166;15665;1901618;15791;15850;15605;1901677;15748;15794;5737;44424;44464;5575;5623;5622;16021;31224;44425;16020;15315;15114;15103;15698;35435;98661;98660;6817;15301;15297;15291;22804;55062;72506;98771;50801;48878;42592;65008;65007;55081;55083;72505;98655;6812;8643;5351;5402;15294;15293;8324;51119;15144;1901476;34219;15295;15992;15672;6818	2786	2647	3152.5	3519	1408	3489.5	6395	3698.5	4045.5	8398	4846	5096	1352	5815	1196	1830	8865	8045.5	2092	2156.5	569	7109	2079	5007.5	82085	4104.25
ORTHO003660	Leucine-rich repeat protein kinase family protein	AT2G24230;AT5G58150	6468;16310;6796;6793;44237;8152;8150;9987;6464;36211;19538;43170;71704;44238;43412;44267;44260;7169;7167;7166;7165;50794;50789;65007;51716;50896;7154;44763;44699;44700;23052;4674;4672;16301;16772;16740;3824;3674;16773;5886;16020;5575;44464;5623;71944;5524;35639;1901265;1901363;5488;97159;43168;43167;32559;30554;17076;166;36094;32555;32553;97367;32550;32549;1882;1883;5773;43231;43227;43226;43229;44424;5622;44444;5737	2787	1066	3511	4235	944.5	7116	6361.5	7527.5	5144	674	2402	4905	1352	5175	841.5	508.5	8003	7761	8734.5	2986	2485.5	7950.5	2059	4060.5	86047	4302.35
ORTHO001105	Protein of unknown function (DUF640)	AT2G31160;AT3G23290	5634;43231;43227;43226;5575;43229;44424;44464;5623;5622;10492;10074;19827;44767;32502;8150;44699;44707;32501;98727;10073;48507;9888;48856;48513;48731;7275;3677;3676;1901363;5488;3674;97159;48834;48833;44702;22414;3006;48832;50793;50789;65007;3002;7389;9908;90567;48608;61458;9791;48367;48465;48438;48441;48827;48437;48569;6355;1903506;2001141;31326;9889;19222;31323;50794;51252;19219;80090;51171;60255;10556;10468;2000112;9886;9653;10199;10160;48859;48646;48645;9887;5739;44444;5737	2788	5813	3665.75	4543.5	2982.5	8518.5	5223.5	3370	3504.5	8934.5	4802	6908.5	2705	7699.5	2163.5	6020.5	4191.5	5720	2030.5	2749	3870	4471.5	2171	2522	87575.5	4.378.775
ORTHO001954	LETM1-like protein	AT1G65540;AT3G59820	8150;5739;43231;43227;43226;5575;43229;44424;44464;5623;5622;44444;5737;5509;46872;43169;43167;5488;3674	2789	2363	2498.5	2208	4356	8214	1011	7156.5	493.5	1750.5	2653	2197	7377.5	7448.5	7162	797.5	8310.5	5720	348	1016.5	5061.5	2061	1361	3841	73980.5	3.699.025
ORTHO005036	receptor like protein 51	AT4G18760	5886;16020;5575;44464;5623;71944;7165;50794;50789;65007;8150;51716;9987;50896;7154;44763;44699;44700;23052	2790	5850	5130.5	7471	6664	6529	2791.5	6142.5	7183.5	3135	6763.5	3218	6617.5	310.5	5254.5	3976.5	6409	3949	7042	8320	7386	6266	6854	6553	104701	5235.05
ORTHO006074	SNF7 family protein	AT5G22950	5770;5768;43231;43227;43226;5575;43229;44424;44464;5623;5622;44444;5737;12505;70676;1902580;51641;51179;8150;1902578;44699;1902591;6900;61024;16043;71840;9987;16050;6996;16192;6810;51234;44802;44763;1902589;1902582;46907;51649;44765;51668;815;98796;43234;32991;44425;16020;36452;44440;44446;44422;10008;98588;31090;98805;5829;5634;5515;5488;3674	2791	4229	2841.75	2892.5	2982.5	8118	5048.5	8778	5619	6785.5	4435	3686.5	1352	4244	2702.5	6712.5	7411.5	6330	629.5	1486	1624	1110.5	1121.5	1324	78518.5	3.925.925
ORTHO001612	ribosomal protein L5	AT3G25520;AT5G39740	22626;44445;44444;44424;44464;5575;5623;5622;5737;5829;5840;30529;32991;43232;43228;43226;43229;5730;44428;44446;44422;5634;43231;43227;31981;70013;43233;31974;27;22618;71826;43933;16043;71840;8150;9987;34622;65003;22607;44085;22613;42255;70925;6996;42254;42273;44822;3723;3676;1901363;5488;3674;97159;6412;43043;43604;43603;34641;6807;8152;44237;44271;44249;9058;6518;1901564;71704;1901566;1901576;44267;19538;43170;44238;44260;34645;9059;10467;16020;22625;15934;44391;5886;71944;9955;3002;7389;44767;32502;44699;44707;32501;7275;9735;9725;9719;50896;10033;42221;8283;9507;9536;10015;9653;48856;48364;48513;48731;22622;5773;3735;5198;8097;19843;6913;16482;46907;6810;51234;51179;51649;51641;51169;9965;9887;48366;48827;48367;10016	2792	1826	2361	1930	1281	3253	4528.5	3658.5	7455	1926.5	8701	1198.5	6397.5	4415.5	5937	1606	3399	4809.5	692	3528.5	3756	1695	3795.5	1371.5	72124	3606.2
ORTHO002043	CONTAINS InterPro DOMAIN/s: Sel1-like (InterPro:IPR006597)	AT2G38450;AT5G05360	5634;43231;43227;43226;5575;43229;44424;44464;5623;5622;8150	2793	3878	2880	2967	4356	9014	6200	1709	7831	2284	5002	6947.5	3235	3815.5	2163.5	6712.5	1048	4673.5	1311	2206.5	6810.5	2433.5	3770	1825	78992	3949.6
ORTHO005826	Phosphatidic acid phosphatase (PAP2) family protein	AT3G58490	16021;31224;44425;5575;16020;90332;10118;44763;9987;8150;44699;6665;1901564;71704;8152;6807;6643;44255;6629;44710;44238;44237;5789;98588;31090;44422;43226;43227;44432;44444;44424;44464;5623;5622;5737;44446;43229;5783;43231;12505;42175;3824;3674;16787;42392;16791;42578;16788;16311;6796;6793;5576;9737;9725;9719;50896;10033;42221;33993;97305;1901700;1101	2794	2448	4766.5	6739	4356	7207	7963	1780.5	1753	821	1810	998	1352	7850	7548.5	7782	6244	6982	7482.5	5519.5	6810.5	7147.5	7818	4758	99627	4981.35
ORTHO007006	LAG1 homologue 2	AT3G19260	16021;31224;44425;5575;16020;5789;98588;31090;44422;43226;43227;44432;44444;44424;44464;5623;5622;5737;44446;43229;5783;43231;12505;42175;5886;71944;42759;6633;72330;46394;16053;6082;71704;8152;8150;44281;44710;44699;44763;9987;44237;44283;44711;9058;1901576;44249;19752;43436;32787;6631;44255;6629;44238;8610;1676;2238;43207;9605;50896;9607;10033;42221;9620;51707;51704;50291;16410;16747;16746;16740;3824;3674;5794	2795	3363	2875	2955	2097	3697.5	5486.5	188	2435.5	8535.5	2653	307.5	1352	6358.5	1223	7360.5	245.5	8840.5	2299	2570	1407	9052	8993	5913	78917.5	3.945.875
ORTHO002982	Phototropic-responsive NPH3 family protein	AT3G49970;AT5G67385	9416;9314;9628;50896;8150;16567;32446;70647;6464;36211;19538;43170;71704;8152;44238;43412;44267;44260;44237;9987;5886;16020;5575;44464;5623;71944;4871;60089;3674;7165;50794;50789;65007;51716;7154;44763;44699;44700;23052	2796	1212	3301.5	3807	1066.5	8412.5	3758	251.5	8541.5	2880	5601	4309	3904	8511.5	6137	797.5	1738.5	7028	1612.5	6197.5	1909	8763	3162	98	83612	4180.6
ORTHO002340	Adenylate kinase family protein	AT5G50370;AT5G63400	5739;43231;43227;43226;5575;43229;44424;44464;5623;5622;44444;5737;5774;44437;44446;44422;5773;98588;31090;16020;98805;5524;35639;1901265;1901363;5488;3674;97159;43168;43167;32559;30554;17076;166;36094;32555;32553;97367;32550;32549;1882;1883;4017;19201;19205;16301;16772;16740;3824;8152;8150;16310;6796;6793;44237;9987;46939;9117;6753;19637;71704;55086;6139;46483;6725;1901360;34641;6807;44238;44281;44710;44699;44763;16776;44209;32261;43173;43094;44249;9058;9165;1901293;90407;1901576;34654;19438;44271;18130;1901362;44711;6164;72522;72521;1901564;1901566;6163;43101;6166;43174;9163;1901659;1901137;1901135;1901657;9116;46129;42451;42278;46128;9119;42455;6167;9152;9150;9259;19693;9260;46390;46033;9167;9161;9123;9126;9168;9156;9124;9127;5507;46914;46872;43169;46686;10038;10035;42221;50896	2797	4396	3561.5	4326	2982.5	1227	5205.5	6142.5	3724.5	5732.5	6763.5	1198.5	6617.5	1800.5	5413.5	6712.5	3958.5	3121	3792	4630.5	1744	6266	5902.5	6553	86505.5	4.325.275
ORTHO000819_2	ubiquitin-protein ligase 4	AT5G02880	4842;19787;16740;3824;3674;8152;8150;16567;32446;70647;6464;36211;19538;43170;71704;44238;43412;44267;44260;44237;9987;5634;43231;43227;43226;5575;43229;44424;44464;5623;5622;61630;61659;42787;6511;19941;51603;6508;44257;30163;9057;1901575;9056;44265;44248;43632;151;1990234;1902494;43234;32991	2798	1402	4174.5	5551	4356	3684	924	8509	9118.5	5683.5	4593.5	7237	1352	7600	8593.5	2476	1266	8739	2478.5	2185	2686	6679	6467.5	2522	92794	4639.7
ORTHO006067	unknown protein	AT1G65720	3674;9507;9536;43231;43227;43226;5575;43229;44424;44464;5623;5622;44444;5737;8150	2799	2753	4004.5	5210	1812	8600	6090	2711	7748	6785.5	8871	863	3632.5	6542.5	6867.5	7782	1581	5221.5	1063.5	1320	3756	3854	4586	3179.5	91054.5	4.552.725
ORTHO004547	unknown protein	AT3G08670	5634;43231;43227;43226;5575;43229;44424;44464;5623;5622;6979;6950;50896;8150	2800	3448	3740.5	4681	2097	3093.5	2452	7461	931	7782	1312.5	100.5	7743	8378.5	7619.5	7782	9150	2199.5	284	9004	8400	258	79	4291.5	88321.5	4.416.075
ORTHO006141	Mitochondrial import inner membrane translocase subunit Tim17/Tim22/Tim23 family protein	AT4G16160	15031;45184;51234;51179;8150;8104;33036;71702;6810;15450;15405;15399;22804;22857;5215;3674;55085;44763;9987;44699;44765;1902578;8320;8565;22892;22884;22891;71806;5744;98800;98796;43234;32991;5575;44425;16020;98798;44429;44444;44424;44464;5623;5622;5737;44446;44422;43226;43229;5739;43231;43227;44455;31966;31090;5740;31967;31975;5743;19866;9527;31968;19867;98805;98588;42170;44435;9536;9526;15171;46943;8514;8509;15075;34220;6811;98656;6820;15711;5342;1903825;15849;46942;3333;6865;71705;31359;31358;31354;31350;31300;31224;44434;9507;9707;31969;9941;31355;31351;31301;16021;15266;15267;22803	2801	3481	3417.5	4034	4356	1089	2791.5	6741	8259	6551	8701	1198.5	5338.5	1375.5	3265	6712.5	8026.5	3121	4016	6960	4833.5	2213.5	1235	2575	85003	4250.15
ORTHO004042	xyloglucanase 113	AT2G35610	5634;43231;43227;43226;5575;43229;44424;44464;5623;5622;80147;48468;48869;44767;32502;8150;44699;44763;9987;48856;30154;48765;10053;90627;10015;9653;48364;48513;48731;7275;44707;32501;22622;90558;9888;48764;48469;21700;10054;52325;70592;10383;5976;5975;71704;8152;44238;43170;44036;44260;44237;71554;33692;271;16051;44723;44710;1901576;9058;44711;9059;34637;44262;44249;44264;34645;44038;70589;44085;71840;42546;52546;45488;10393;9664;71555;45229;16043;71669;45489;9832;5794;44444;5737;12505;5768;6486;6464;36211;19538;43412;44267;43413;70085;9101;9100;1901135;1901137;5802;98791;44431;44446;44422;31984;52636;16763;16757;16740;3824;3674	2802	1649	2000	1198	4356	244	3025	3769	5619	1777	92	4467	1352	4486	6267.5	1830	3891.5	5886.5	4548.5	3638.5	5265	2763	4564	1546.5	65032	3251.6
ORTHO000841	Protein of unknown function (DUF1336)	AT1G13970;AT3G29180;AT5G39430	3674;5739;43231;43227;43226;5575;43229;44424;44464;5623;5622;44444;5737;5886;16020;71944	2803	4976	3393.5	3984	2982.5	1381.5	3513	2392	4953	2752	6343	6797	6071.5	1800.5	4705.5	3976.5	3589	2199.5	3352	7747	5988	5789.5	5171.5	6210	84732	4236.6
ORTHO000274_1	Actin binding Calponin homology (CH) domain-containing protein	AT2G04750;AT4G26700;AT5G35700;AT5G48460;AT5G48470;AT5G55400	5737;44424;44464;5575;5623;5622;3779;8092;5515;5488;3674;5856;43232;43228;43226;43229;5618;30312;71944;8150;46872;43169;43167;5509;7623;48511;51015;32403;44877;9860;44702;22414;44699;904;902;32989;16043;71840;9987;9653;32502;48856;48869;44767;44763;48468;30154;3006;48588;48589;40007;16049;9932;9826;60560;48868;9856;44703;51704;44706;32501;9846;44707;5829;44444;30036;30029;7010;6996;1902589;9507;9536;43231;43227;5773	2804	3285	3920	5036	1408	2214.5	7978.5	2684	7748	4501.5	3948.5	4949	1352	5564	892.5	2914	5962.5	6183.5	8625.5	3254	5061.5	8091	5295.5	3005.5	90225.5	4.511.275
ORTHO007422	copper/zinc superoxide dismutase 2	AT2G28190	9570;9532;44435;44444;44424;44464;5575;5623;5622;5737;44446;44422;43226;43229;9536;43231;43227;44434;9507;9579;19430;6801;72593;44237;8152;8150;9987;1990748;98754;9636;42221;50896;44763;44699;44710;71451;71450;34614;302;6979;6950;1901700;34599;33554;51716;70887;1901701;305;10035;303;46688;10038;1990267;10039;9416;9314;9628;71493;10224;9411;34644;71482;71478;71214;48046;5576;4784;16209;3674;16721;16491;3824;55114;71486;71484;9642;9644;8270;46914;46872;43169;43167;5488;35195;35194;16441;10608;10468;60255;19222;50789;65007;40029;16458;10629;10605;9892;48519;31047;71472;71470;6970;9651;71457;10193;1101;71229;5507;71329;71324;34285;9743;10033;71322;71310;9744	2805	1350	2692.5	2580	1066.5	4598.5	3430	1389	1198	2212.5	5481.5	4239	7377.5	6475	8429	797.5	1618.5	6440	3553	3933	6696	4169	2458	2046	76541	3827.05
ORTHO005274	Pleckstrin homology (PH) domain-containing protein	AT2G30880	7165;50794;50789;65007;8150;51716;9987;50896;7154;44763;44699;44700;23052;5737;44424;44464;5575;5623;5622;9505;5618;30312;71944;35091;5543;8289;5488;3674;43168;43167	2806	1297	1423.5	41	1066.5	12.5	1500	488	255	14.5	319	1374.5	1352	9108.5	7082.5	2476	5.5	4326.5	1706.5	3	12.5	9.5	9.5	18	30073.5	1.503.675
ORTHO002003	serine palmitoyltransferase 1	AT3G48780;AT3G48790;AT5G23670	30148;46467;6643;44255;6629;71704;8152;8150;44710;44699;44238;44763;9987;44237;8610;1901576;9058;44711;44249;1901566;1901564;6807;6665;9640;9639;9416;9314;9628;50896;9791;44767;32502;44707;32501;7275;4758;16454;16409;16747;16746;16740;3824;3674;16408;16021;31224;44425;5575;16020;30170;1901363;5488;97159;48037;43168;43167;5789;98588;31090;44422;43226;43227;44432;44444;44424;44464;5623;5622;5737;44446;43229;5783;43231;12505;42175;9555;48229;48856;9507;9536;5773;46512;44271;34641;6670;97164;46519;34311;19751;6066;1901615;44281;46520;34312;46173;46165;1901617;44283;43067;10941;50794;50789;65007;5515	2807	4710	2116	1425	5938.5	3446.5	3129.5	2071	2715.5	1970.5	3596.5	4841.5	5467.5	1375.5	2702.5	3976.5	8286.5	2199.5	188	6368.5	4384	2328.5	3884	4678.5	67610.5	3.380.525
ORTHO002972	unknown protein	AT1G62520;AT4G12450;AT4G22560	3950;16763;16757;16740;3824;3674;8152;8150;5634;43231;43227;43226;5575;43229;44424;44464;5623;5622	2808	5665	4139.5	5471	2982.5	7241	2881	6142.5	7899.5	1346	1623	3218	6731.5	1800.5	5413.5	3976.5	6648.5	3949	7509	6860	765	6182.5	5541.5	6669	92397.5	4.619.875
ORTHO004032	P-loop containing nucleoside triphosphate hydrolases superfamily protein	AT4G25835;AT4G30250;AT5G57480	16887;17111;16462;16818;16817;16787;3824;3674;8152;8150;34551;97033;70271;44085;71840;33108;43623;6461;65003;43933;16043;9987;22607;71822;34622;7005;6996;17062;17004;5524;35639;1901265;1901363;5488;97159;43168;43167;32559;30554;17076;166;36094;32555;32553;97367;32550;32549;1882;1883;5886;16020;5575;44464;5623;71944	2809	4074	3356.75	3904.5	2375	1227	2627.5	6741	7325.5	5137	1312.5	1070.5	5740	3815.5	4124.5	6712.5	4252.5	3580	4113.5	7299	5061.5	4525.5	6854	2699.5	84219	4210.95
ORTHO007347	unknown protein	AT4G10970	5739;43231;43227;43226;5575;43229;44424;44464;5623;5622;44444;5737;3674;8150;5634	2810	2855	2929.5	3049	4356	8253.5	2791.5	4312	1042.5	1346	1144	2000.5	1352	6971	7195	7782	5329.5	5824	1271.5	951.5	5637	6512.5	5762.5	3920	79398.5	3.969.925
ORTHO004435	LOCATED IN: mitochondrion; chloroplast thylakoid membrane; chloroplast; plastid; chloroplast envelope	AT5G23890;AT5G52410	9535;55035;42651;34357;16020;5575;44436;44424;44464;5623;5622;9579;44435;44444;5737;44446;44422;43226;43229;9536;43231;43227;31976;31984;44434;9507;9534;9941;9526;31967;31975;5739;8150	2811	1558	3294.5	3778	4356	2557.5	444.5	3680	1430.5	930.5	582	1471	8410.5	7996	9073.5	2476	793	6982	8008.5	951.5	8153	7683.5	8641.5	3179.5	83444.5	4.172.225
ORTHO006498	pyrophosphorylase 4	AT3G53620	16020;5575;5829;44444;44424;44464;5623;5622;5737;4427;16462;16818;16817;16787;3824;3674;8152;8150;6796;6793;44237;9987;46686;10038;10035;42221;50896;287;46872;43169;43167;5488	2812	4198	2142.25	1472.5	5938.5	2295.5	739	7290.5	597.5	8934.5	1483.5	503.5	1352	6088.5	4233.5	7419	9173	9131	2831.5	2665	2621	389	178	85	68010.5	3.400.525
ORTHO003750	Vesicle transport v-SNARE family protein	AT5G39510	5515;5488;3674;5795;98791;44431;44444;44424;44464;5575;5623;5622;5737;44446;44422;43226;43229;5794;43231;43227;12505;31984;5802;5770;5768;5774;44437;5773;98588;31090;16020;98805;6896;16482;46907;6810;51234;51179;8150;51649;51641;6892;48193;1902582;44765;1902578;44699;16192;7034;9630;9606;9605;50896;9629;9628;16021;31224;44425;30140;5798;16023;31988;31982;31410;30133;30136;30135;325;6623;1902580;6605;6886;15031;45184;8104;33036;71702;34613;70727;72665;33365;72666;72594;4872;60089	2813	5844	2898	2983	6534	1777	4638.5	4640	4645.5	7916.5	513.5	7812.5	3180.5	2711.5	2163.5	5325.5	3836.5	4253	5027.5	6001	4023	3453.5	2965	4174.5	79058.5	3.952.925
ORTHO005834	SBP (S-ribonuclease binding protein) family protein	AT1G10650;AT1G60610	5737;44424;44464;5575;5623;5622;31347;80134;48583;50789;65007;8150;16567;32446;70647;6464;36211;19538;43170;71704;8152;44238;43412;44267;44260;44237;9987;5634;43231;43227;43226;43229;8270;46914;46872;43169;43167;5488;3674;4842;19787;16740;3824	2814	5083	2973	3132	2982.5	2170	4118.5	5213.5	5619	1540.5	5973.5	3686.5	3521	1800.5	4462	3976.5	5108	3121	3172	6148	3675	5603	5407	5601	79916.5	3.995.825
ORTHO003222	Ankyrin repeat family protein	AT2G44090;AT3G59910	3674;5634;43231;43227;43226;5575;43229;44424;44464;5623;5622;8150	2815	2567	1876	937	1408	1959	1068	1912	2202	6459.5	7199	3218	1352	9097	6280	2914	14.5	5720	6327	635	3870	139.5	31	1047.5	61445	3072.25
ORTHO005022	LUC7 N_terminus domain-containing protein	AT5G51410	5685;97525;30532;44428;44446;44422;5575;43226;44424;44464;5623;5622;43229;5634;43231;43227;30529;32991;3729;44822;3723;3676;1901363;5488;3674;97159;6376;22618;71826;43933;16043;71840;8150;9987;34622;65003;22607;44085;22613;245;398;6397;16071;16070;44260;43170;71704;8152;44237;90304;6139;46483;6725;1901360;34641;6807;44238;6396;10467;377;375;8380;71004;71010;5681;5684	2816	944	2697.5	2579	4356	3425	7963	129.5	3753	2425	669	4670	1352	4969	511.5	1429.5	7177	8713	2754	2289	5903.5	8784	2458	7161.5	76536.5	3.826.825
ORTHO002166	T-complex protein 11	AT1G22930;AT4G09150	5634;43231;43227;43226;5575;43229;44424;44464;5623;5622;9506;5911;30054;55044;8150	2817	3230	1692.5	568	4356	2604.5	1938.5	1912	1625	6459.5	1981	998	1352	4244	3265	1606	2086	4154.5	3172	8125.5	2086.5	2213.5	1235	3179.5	54238	2711.9
ORTHO001654	Putative serine esterase  family protein	AT1G09980;AT1G58350	44255;6629;71704;8152;8150;44710;44699;44238;44763;9987;44237;52689;16788;16787;3824;3674	2818	4970	2781.5	2745	2982.5	2333	5261.5	5348	1133	7830	3749	5372	3321	3283.5	3265	5325.5	7840	2558	4663	3546.5	4226.5	2541	1640	4291.5	77528	3876.4
ORTHO005715	G protein alpha subunit 1	AT2G26300	4871;60089;3674;7165;50794;50789;65007;8150;51716;9987;50896;7154;44763;44699;44700;23052;10027;9668;44802;61024;16043;71840;9657;6996;5525;35639;1901265;1901363;5488;97159;43168;43167;32550;32549;1882;36094;97367;1883;32561;19001;17076;166;32555;32553;5834;1902494;43234;32991;5575;98797;44459;44464;5623;44425;16020;5886;71944;98796;44424;5622;31234;19897;19898;9898;98562;98552;72593;44237;8152;42127;5515;9749;9746;34284;9743;10033;42221;1901700;6571;9095;9073;9072;6725;1901360;71704;6520;1901564;6807;19752;43436;6082;44281;44710;44238;19438;44249;9058;1901362;1901576;8652;46394;16053;44283;44711;1901566;1901607;1901605;6570;16247;98772;9738;9755;32870;9725;9719;71495;71310;70887;71215;9737;33993;97305;1101;71396;97306;1901701;71229;5789;98588;31090;44422;43226;43227;44432;44444;5737;44446;43229;5783;43231;12505;42175;10119;3924;17111;16462;16818;16817;16787;3824;9785;30522;71483;9637;9416;9314;9628;71482;71478;71214;9788;9968;9966;10646;48583;23051;48585;48519;10648;48523;23057;1901420;1901419;9787;9740;10476;71370;9739;9094;6558;1902221;1902223;6499;6498;6497;6464;36211;19538;43170;43412;44267;44260;42158;42157;34645;9059;31365;18377;43543;9845;44707;32501;90351;9791;44767;32502;7275;9506;5911;30054;55044;46872;43169;31683;32403;44877;1664;5102;51020;19899;7186;1789;7188;7187;5095;4857;30234;50790;19222;65009;43086;44092;9892;30695;60589;34260;43087;51336;51346;9789;9967;10647;48522;48518;48584;23056;1901421;10244;9645;9642;8219;16265	2819	1444	2816	2813	1066.5	3602.5	859	563	3117	1777	4121.5	5543	8754.5	5059.5	693	508.5	7615.5	8162	2332	738.5	740.5	8784	8499.5	6456	77926.5	3.896.325
ORTHO004591	RNA helicase; putative	AT5G47010	5524;35639;1901265;1901363;5488;3674;97159;43168;43167;32559;30554;17076;166;36094;32555;32553;97367;32550;32549;1882;1883;42742;9617;51707;43207;9605;50896;8150;9607;51704;98542;6952;6950;184;956;6402;16071;16070;44260;43170;71704;8152;44237;9987;90304;6139;46483;6725;1901360;34641;6807;44238;6401;44265;9057;1901575;9056;44248;34655;19439;44270;1901361;46700;3677;3676;932;36464;35770;30529;32991;5575;44424;44464;5623;5622;43232;43228;43226;43229;44444;5737;8270;46914;46872;43169;5515;9506;5911;30054;55044;3723;3724;4386;17111;16462;16818;16817;16787;3824;10182;9756;7165;50794;50789;65007;51716;7154;44763;44699;44700;23052;71322;71310;10033;42221;70887;1901701;1901700;9743;16246;35194;16441;10608;10468;60255;19222;40029;16458;10629;10605;9892;48519;31047;9744;34285;5829;5886;16020;71944	2820	2989	2749.5	2679	4356	4827.5	1881	1013.5	702.5	1893	8820	743.5	5740	3815.5	4893	6712.5	4761	5221.5	4328.5	7692.5	4445	2112.5	4500.5	3103.5	77207	3860.35
ORTHO003513	SAP domain-containing protein	AT4G39680	3676;1901363;5488;3674;97159;3677;9507;9536;43231;43227;43226;5575;43229;44424;44464;5623;5622;44444;5737;5829;5634	2821	4008	1783	745	5307.5	4633.5	1294.5	8973	2069	1094.5	8537.5	4162.5	1352	504	5907.5	3296	2939.5	963	3301	1268.5	3195.5	1310	2890	365.5	58057	2902.85
ORTHO000824	secretory 1A	AT1G02010;AT1G12360;AT4G12120	8565;22892;5215;3674;6810;51234;51179;8150;15031;45184;8104;33036;71702;6904;48278;22406;44763;9987;44699;16192;6887;32940;46903;44765;1902578;51649;51641;9306;5634;43231;43227;43226;5575;43229;44424;44464;5623;5622;5773;44444;5737;9524;910;22402;7049;51301;5515;5488;19898;44425;16020;5856;43232;43228;5886;71944;5829	2822	4041	2849.5	2877	2375	7959	5974	5957	7046.5	1626.5	6763.5	3218	1352	4662.5	4842.5	1830	3776	2199.5	154	884	4519	3854	5678	6057.5	78353.5	3.917.675
ORTHO004426	fatA acyl-ACP thioesterase	AT3G25110;AT4G13050	6633;72330;46394;16053;6082;71704;8152;8150;44281;44710;44699;44763;9987;44237;44283;44711;9058;1901576;44249;19752;43436;32787;6631;44255;6629;44238;8610;9507;9536;43231;43227;43226;5575;43229;44424;44464;5623;5622;44444;5737;16296;16297;4312;16747;16746;16740;3824;3674;16790;16788;16787;16295;4320;36;44620;51192;48037;5488	2823	3600	3533.5	4244	2097	7563	5370	5348	3771.5	5463	4172	8132.5	1352	7536	7017.5	7782	9005.5	2199.5	732	3949.5	2381.5	668	728.5	2940	86112	4305.6
ORTHO002458	calcium-binding EF hand family protein	AT4G32060	5509;46872;43169;43167;5488;3674;5739;43231;43227;43226;5575;43229;44424;44464;5623;5622;44444;5737	2824	5370	3925.5	5027	2982.5	4344.5	2528	2071	5144	607.5	6763.5	3034.5	6895.5	1800.5	5523	3976.5	494	4154.5	5430	7299	8153	6759.5	7611.5	7591	90181	4509.05
ORTHO004657	proline-rich protein 2	AT2G21140;AT4G38770	5576;5575;9664;71555;45229;16043;71840;8150;9987;71554;71669;5618;30312;44464;5623;71944	2825	3102	5100.5	7376	4356	1329	1985	7461	4602.5	4672	865	998	7743	7636	7487.5	2476	7158.5	6265.5	8266	5519.5	8350.5	7937	8675	4586.5	104013.5	5.200.675
ORTHO002041	MAC/Perforin domain-containing protein	AT1G29690	10337;10565;31323;50794;50789;65007;8150;19222;9626;34050;12501;8219;16265;44699;44763;9987;45087;6952;6950;50896;6955;2376;33554;51716	2826	2433	4017.5	5209	4356	8152	4971.5	6831.5	6379.5	5674.5	5351	1889	6397.5	4415.5	4462	6712.5	3521.5	4982.5	762.5	3676.5	3942	1910	4065	6949.5	91046	4552.3
ORTHO004443	Protein of unknown function (DUF581)	AT5G49120	3674;5634;43231;43227;43226;5575;43229;44424;44464;5623;5622;8150	2827	4930	3542.5	4258	5938.5	1329	5974	5957	8149.5	1540.5	6763.5	1889	6227	1800.5	5413.5	6712.5	3752	3121	6785	2156.5	4384	3222.5	4723.5	6281	86181.5	4.309.075
ORTHO005050	Protein of unknown function (DUF579)	AT1G33800;AT4G09990	16021;31224;44425;5575;16020;32259;8152;8150;139;98588;31090;44422;43226;43227;44431;44444;44424;44464;5623;5622;5737;44446;43229;5794;43231;12505;5976;5975;71704;44238;43170;45491;10410;10383;44036;44260;44237;9987;71554;30775;8757;8168;16741;16740;3824;3674;9808;9698;19748;44710;44699;6725;1901360;44763;5739;5576	2828	2592	4966.5	7105	4356	7959	2528	1361	8053.5	2235	8984.5	2000.5	7377.5	7448.5	7258.5	7782	5404	5886.5	1086	4848	5637	6512.5	5762.5	4016	102140.5	5.107.025
ORTHO000906_2	cryptochrome 2	AT1G04400	5773;43231;43227;43226;5575;43229;44424;44464;5623;5622;44444;5737;10118;44763;9987;8150;44699;5634;6281;6259;44260;43170;71704;8152;44237;90304;6139;46483;6725;1901360;34641;6807;44238;6974;33554;51716;50896;6950;44710;9414;9415;9628;1101;42221;10035;1901700;10075;48509;2000026;50793;50789;65007;51239;48638;40008;10073;44767;32502;44707;32501;48507;9888;48856;48513;48731;7275;18298;6464;36211;19538;43412;44267;3913;16830;16829;3824;3674;5515;5488;9911;48582;48580;51240;48518;51094;2000243;2000241;9909;48831;6338;16568;6325;43933;16043;71840;51276;6996;9882;9881;38023;4871;60089;7165;50794;7154;44700;23052;4872;9785;30522;71483;9637;9416;9314;71482;71478;71214;42803;42802;46983;10617;7623;48511;51480;6874;6875;55065;98771;50801;48878;42592;65008;55080;30003;6873;55082;19725;55074;72507;72503;9638;9606;9605	2829	1995	2062	1295	4356	2501	234.5	4281	2338	7216	40.5	5096	1352	8638.5	8572	2476	6825	5720	1719	461.5	4519	1228	1181	1672.5	66071.5	3.303.575
ORTHO006583	Integral membrane Yip1 family protein	AT2G18840;AT4G30260	5515;5488;3674;5634;43231;43227;43226;5575;43229;44424;44464;5623;5622;5802;98791;44431;44444;5737;44446;44422;5794;12505;31984;16020;15774;8643;44765;6810;51234;51179;8150;1902578;44699;71702;33037;33036;5768;5829;5886;71944	2830	5218	3282	3734	2982.5	1500	6309	5213.5	5619	8231.5	2809.5	3686.5	3521	1800.5	3936.5	3976.5	5108	3121	5589.5	1208	5422.5	5603	5322	5222.5	83200	4160
ORTHO001355	ARM repeat superfamily protein	AT5G19820	34399;44428;44446;44422;5575;43226;44424;44464;5623;5622;43229;5634;43231;43227;31981;70013;43233;31974;16829;3824;3674;8152;8150;30089;98796;43234;32991;44425;16020;30076;44436;9579;42651;34357;5618;30312;71944;8565;22892;5215;6810;51234;51179;15031;45184;8104;33036;71702;8139;5048;42277;33218;5488;31965;31090;5635;31967;31975;12505;59;43623;6461;65003;43933;16043;71840;9987;22607;44085;71822;70271;34622;6606;17038;44765;1902578;44699;6886;46907;51649;51641;34613;70727;34504;33365;1902580;1902593;1902582;51170;6913;16482;51169;72594;44744;6605;60;9793;44702;22414;3006;32502;9790;44767;48856;7275;44707;32501;48316;48608;61458;48731;9791;10154;6607;5829;44444;5737;6610	2831	1996	4621.5	6412	4356	1821.5	1093.5	1640.5	4209	698.5	4420.5	8547	8306	8795	6520.5	797.5	8408	7251.5	7676.5	518	6431	7836	8070	4586.5	97627	4881.35
ORTHO004376	photosystem II reaction center W	AT2G30570	9535;55035;42651;34357;16020;5575;44436;44424;44464;5623;5622;9579;44435;44444;5737;44446;44422;43226;43229;9536;43231;43227;31976;31984;44434;9507;9534;9523;9521;98796;43234;32991;44425;3674;42549;42548;10109;31323;50794;50789;65007;8150;19222;43467;16021;31224	2832	5791	4137.5	5443	6534	1594	8221	5439.5	6379.5	8168.5	5788.5	4841.5	5740	1800.5	3521.5	3976.5	4666	2724.5	5851	6555.5	4384	4423	3402	4801	92278	4613.9
ORTHO001406	Pyridoxal phosphate phosphatase-related protein	AT1G17710;AT1G73010	52731;16791;42578;16788;16787;3824;3674;8152;8150;16311;6796;6793;44237;9987;5634;43231;43227;43226;5575;43229;44424;44464;5623;5622;46872;43169;43167;5488;52732;16036;9267;31669;31667;9991;9605;50896;31668;51716;71496;7154;44763;44699;42594;6950;33554;16462;16818;16817;51262;51259;6461;65003;43933;16043;71840;22607;44085;71822;70271;4427	2833	2541	3042.75	3252.5	5151.5	3593	5725.5	1855	1839.5	7485	6343	8150	4064.5	5613	1016	2914	7850.5	5056.5	1552	6148	3309	5924	793.5	1371.5	80603.5	4.030.175
ORTHO006563	zinc-finger protein 10	AT2G37740	5634;43231;43227;43226;5575;43229;44424;44464;5623;5622;6355;1903506;2001141;31326;9889;19222;50789;65007;8150;31323;50794;51252;19219;80090;51171;60255;10556;10468;2000112;3700;1071;3674;46872;43169;43167;5488;8270;46914;3676;1901363;97159	2834	3315	3213.5	3593	2097	7482.5	2414	6831.5	1753	1970.5	8820	743.5	1352	3815.5	4842.5	6712.5	324.5	4154.5	4328.5	4392	6696	5213.5	7486	3103.5	82436	4121.8
ORTHO005972	unknown protein	AT4G28260	3674;8150	2835	2009	4477	6119	4356	4865.5	2703	1263.5	5851.5	5864.5	8984.5	4309	3942	7448.5	8387.5	7782	8494	5944.5	5128	4727.5	4833.5	2112.5	1322	1958.5	95922	4796.1
ORTHO003941	CASC3/Barentsz eIF4AIII binding	AT1G80000	8150;5634;43231;43227;43226;5575;43229;44424;44464;5623;5622;3674	2836	4423	5248.5	7661	2982.5	3929	4244.5	9031	4865	7967.5	4684	3422.5	1352	8758	8138	7782	8637.5	7728	2030.5	9053	2573	3222.5	1538	7075	106031	5301.55
ORTHO000539_1	translocon at the outer membrane of chloroplasts 64-III	AT3G17970	9941;9526;31967;31975;44464;5575;5623;44446;44422;43226;44424;5622;43229;43227;44435;44444;5737;9536;43231;44434;9507;31359;31358;31354;31350;31300;31224;44425;16020;31090;42170;9527;31968;19867;98805;98588;9707;31969;31355;31351;31301;16021;15031;45184;51234;51179;8150;8104;33036;71702;6810;16884;16879;16874;3824;3674;8152	2837	4087	2875	2913	2375	8227.5	2881	7435.5	6584	720	5973.5	2729	4555.5	3815.5	4233.5	6712.5	965	2199.5	2913	6274.5	3756	2541	4366	1769	78651.5	3.932.575
ORTHO000474	plasma membrane intrinsic protein 1C	AT1G01620;AT2G45960;AT3G61430;AT4G00430;AT4G23400	9414;9415;9628;50896;8150;1101;42221;10035;1901700;6950;6810;51234;51179;5886;16020;5575;44464;5623;71944;9651;6970;16021;31224;44425;15250;22838;15267;22803;22857;5215;3674;55085;44763;9987;44699;44765;1902578;22891;22892;5372;6833;42044;9507;9536;43231;43227;43226;43229;44424;5622;44444;5737;5515;5488;46658;31226;44459;31225;34220;6811;9992;30104;48878;42592;65008;65007;55082;19725;6884;8361;32535;90066;16043;71840;5773;15254;15168;15144;1901476;8643;71702;34219;15166;15665;1901618;15791;15850;15793;5887;9506;5911;30054;55044;15670;15669;19755;9941;9526;31967;31975;44446;44422;44435;44434;5739	2838	5916	4089.5	5341	5238	6023.5	8109.5	6652	8331	6089.5	7734.5	7910	4355	3497	6092	2080.5	3426.5	1386	3977	4956.5	4023	1525	4065	1506	91739.5	4.586.975
ORTHO000392_3	multimeric translocon complex in the outer envelope membrane 132	AT2G16640;AT3G16620	9507;9536;43231;43227;43226;5575;43229;44424;44464;5623;5622;44444;5737;5525;35639;1901265;1901363;5488;3674;97159;43168;43167;32550;32549;1882;36094;97367;1883;32561;19001;17076;166;32555;32553;16817;16787;3824;8152;8150;45036;1902580;51641;51179;1902578;44699;6605;6886;15031;45184;51234;8104;33036;71702;6810;46907;51649;34613;70727;1902582;44765;72596;72594;33365;72598;16482;16021;31224;44425;16020;9707;9527;31968;31090;44422;19867;98805;31967;31975;44446;98588;42170;44435;9526;31969;44434;9941;4888;38023;4871;60089;7165;50794;50789;65007;51716;9987;50896;7154;44763;44700;23052;4872;46872;43169	2839	1731	4643.5	6448	4356	3684	2155	3333.5	3262	5808	5246	247	7743	7636	8638.5	7782	5962.5	8318	2108	8320	1579	6759.5	6854	2382	97818	4890.9
ORTHO007468	RNA polymerase transcriptional regulation mediator-related	AT3G21350	6357;6355;1903506;2001141;31326;9889;19222;50789;65007;8150;31323;50794;51252;19219;80090;51171;60255;10556;10468;2000112;16592;44451;44428;44446;44422;5575;43226;44424;44464;5623;5622;43229;5634;43231;43227;5654;31981;70013;43233;31974;43234;32991;1104;1076;989;988;3674;3712;6351;34645;44260;43170;71704;8152;44237;9987;9059;1901576;9058;44249;97659;32774;16070;90304;6139;46483;6725;1901360;34641;6807;44238;34654;19438;44271;18130;1901362;10467	2840	1918	2706	2572	4356	7932.5	1881	1709	7831	502	8842.5	1576.5	6731.5	4486	6137	1830	3891.5	5056.5	802.5	4392	4445	2328.5	4564	1580.5	76519.5	3.825.975
ORTHO002300	GDSL-like Lipase/Acylhydrolase superfamily protein	AT1G09390;AT1G56670	9570;9532;44435;44444;44424;44464;5575;5623;5622;5737;44446;44422;43226;43229;9536;43231;43227;44434;9507;5576;16788;16787;3824;3674;8152;8150;16042;44712;9056;44710;44699;6629;71704;44238;1901575	2841	3504	3177.5	3514	4356	2170	1881	1709	7455	2081	7594	8522.5	1352	3815.5	5034.5	1830	324.5	4154.5	3944	7692.5	6696	5213.5	7486	3103.5	82059	4102.95
ORTHO000440_2	Galactosyl transferase GMA12/MNN10 family protein	AT1G18690;AT1G74380;AT5G07720	16021;31224;44425;5575;16020;139;98588;31090;44422;43226;43227;44431;44444;44424;44464;5623;5622;5737;44446;43229;5794;43231;12505;16757;16740;3824;3674;8152;8150;5802;98791;31984;33843;42285;16763;16758;35252;8194;5768;10411;6073;44042;5976;5975;71704;44238;43170;44264;44260;44237;9987;44262;10410;10383;44036;71554;5515;5488;48767;60560;48589;44767;32502;44699;40007;9653;48856;48588;16049;44763;48468;48869;30154;80147;48765;10053;90627;10015;48364;48513;48731;7275;44707;32501;22622;90558;9888;48764;48469;21700;10054	2842	4142	3957.25	5072.5	5121	6898	2528	6323	7455	3889.5	1312.5	3034.5	5740	3815.5	4233.5	5325.5	4252.5	3580	4113.5	8590.5	5061.5	4709	6854	2699.5	90415.5	4.520.775
ORTHO000978	expansin A6	AT2G28950;AT2G39700	9505;5618;30312;44464;5575;5623;71944;9828;9827;42545;71555;45229;16043;71840;8150;9987;71554;9664;71669;9831;42547;9825;16049;40007;44763;44699;9826;902;32989;9653;32502;48856;48869;44767;60560;48589;16020;5576;6949;48646;5829;44444;44424;5622;5737;9506;5911;30054;55044	2843	6166	3908.75	4974.5	7245.5	1859.5	2190	2322	8423.5	3372	7594	8107.5	1352	1800.5	4705.5	3976.5	2542	3580	6531	7747	6180.5	5789.5	5541.5	6281	89895.5	4.494.775
ORTHO007220	Chaperone DnaJ-domain superfamily protein	AT1G56300	6457;9987;8150;5737;44424;44464;5575;5623;5622	2844	2812	3492.5	4141	4356	2735	859	4214	8392	4233.5	8892.5	4991	6513.5	6764.5	7017.5	2476	4252.5	5720	4756.5	2782	4103	1910	1594	3366.5	85573	4278.65
ORTHO006880	Galactose oxidase/kelch repeat superfamily protein	AT5G15710	5634;43231;43227;43226;5575;43229;44424;44464;5623;5622;3674;8150	2845	784	2336	1827	672.5	1926	6430	1484	6379.5	1318	2129.5	6171.5	8519	6764.5	8572	797.5	7742.5	4747.5	1063.5	1043.5	510	3854	928.5	885.5	71266.5	3.563.325
ORTHO008417	NA	NA	NA	2846	4154	6005	9164	2375	8007.5	4948.5	8148	8748.5	8006.5	8820	6120	8519	5445	934	6712.5	7469	7335.5	8605.5	8975	8264.5	8687.5	8853.5	8857.5	141457.5	7.072.875
ORTHO007019	5'-AMP-activated protein kinase beta-2 subunit protein	AT2G28060	45859;43549;42325;19220;51174;31323;50794;50789;65007;8150;19222;51338;50790;65009;1932;31399;32268;51246;80090;60255;9744;34285;9743;10033;42221;50896;1901700;43562;31669;31667;9991;9605;31668;51716;9987;71496;7154;44763;44699;5515;5488;3674;19887;19207;30234;98772;5634;43231;43227;43226;5575;43229;44424;44464;5623;5622	2847	2368	5038	7229	4356	2837	5718	1640.5	1625	1567.5	9153	5435.5	8675.5	5258.5	892.5	1429.5	7495.5	7821.5	8694.5	4392	8300	8510	8952	4484	102882	5144.1
ORTHO001699	Ribosomal protein S13/S18 family	AT1G22780;AT1G34030;AT4G09800	5737;44424;44464;5575;5623;5622;5618;30312;71944;15935;44391;30529;32991;44444;44446;44422;43226;43229;5840;43232;43228;6413;44237;8152;8150;9987;6412;43043;43604;43603;34641;6807;44271;44249;9058;6518;1901564;71704;1901566;1901576;44267;19538;43170;44238;44260;34645;9059;10467;9506;5911;30054;55044;22627;44445;5829;22626;5886;16020;5774;44437;5773;43231;43227;98588;31090;98805;3735;5198;3674;42254;22613;44085;71840;5515;5488;5730;44428;5634;31981;70013;43233;31974;19843;3723;3676;1901363;97159	2848	5248	3452.5	4057	5307.5	7780	8964	7409.5	8656.5	3147	8566	1915.5	1352	8843	9104	2914	2663.5	2199.5	1210.5	6197.5	2468	418.5	199	1120	85128	4256.4
ORTHO006742	putative type 1 membrane protein	AT3G24160	8150;5774;44437;44444;44424;44464;5575;5623;5622;5737;44446;44422;43226;43229;5773;43231;43227;98588;31090;16020;98805;5783;12505;5794;3674	2849	2034	2437	2025	1689.5	349	2032.5	3441.5	3001.5	6038.5	4272.5	6374.5	3846.5	6542.5	8240.5	2476	1545.5	6590	4795.5	1129.5	1166.5	4612.5	4668	1644	72767	3638.35
ORTHO006251	Nucleoporin interacting component (Nup93/Nic96-like) family protein	AT2G41620;AT3G57350	5515;5488;3674;5730;44428;44446;44422;5575;43226;44424;44464;5623;5622;43229;5634;43231;43227;43232;43228;31981;70013;43233;31974;15031;45184;51234;51179;8150;8104;33036;71702;6810;5643;5635;31967;31975;12505;9506;5911;30054;55044;51028;50658;50657;15931;71705;51236;6403	2850	2554	5154	7458	4356	7278	5504	4571	1328.5	3504.5	2809.5	4779	1352	8916	6192.5	2476	7029	7117	8008.5	4586	7254	8260	8686.5	4972	104624	5231.2
ORTHO002150	ENHANCED DISEASE RESISTANCE 2	AT4G19040;AT5G45560	9873;160;35556;7165;50794;50789;65007;8150;51716;9987;50896;7154;44763;44699;44700;23052;9755;32870;9725;9719;10033;42221;71495;71310;70887;71369;9723;1900150;31347;80134;48583;43900;32101;2831;9751;14070;1101;1901700;70273;1901981;35091;5543;8289;5488;3674;43168;43167;5886;16020;5575;44464;5623;71944;9626;34050;12501;8219;16265;45087;6952;6950;6955;2376;33554;10008;98588;31090;44422;43226;43227;44440;44444;44424;5622;5737;44446;43229;5768;43231;12505;98805;5789;44432;5783;44425;42175;5739;16021;31224;1900056;51241;48519;51239;1900055;2000024;48831;2000026;50793;51093	2851	3743	2597.5	2344	2097	4396.5	3224.5	2185	5994	4663.5	2129.5	8150	4955.5	3815.5	3047.5	6712.5	4135	3121	3529	6632	864.5	2433.5	2819	2046	74854	3742.7
ORTHO000477_1	Major facilitator superfamily protein	AT1G67300;AT1G79820	31969;42170;31090;16020;5575;44422;43226;43227;44435;44444;44424;44464;5623;5622;5737;44446;43229;9536;43231;9526;31967;31975;44434;9507;9941;55085;44763;9987;8150;44699;44765;6810;51234;51179;1902578;8643;71702;16021;31224;44425;98655;6812;6811;34220;15144;22891;22857;5215;3674;22892;1901476;34219;5351;5402;15294;15293;15291;22804;8324;15075;51119;15295;15992;15672;6818;5802;98791;44431;5794;12505;31984;35428;8645;15749;5355;15149;15145;1904659;15758;5887;31226;44459;5886;71944;5768;46323	2852	2396	5613	8374	4356	2170	7851	7656	8874	5270	5589	6947.5	1352	5573	1292	6712.5	6692.5	7117	7712	5637	5903.5	7937	8247	5007.5	113540.5	5.677.025
ORTHO004256	golgi nucleotide sugar transporter 4	AT5G19980	16021;31224;44425;5575;16020;139;98588;31090;44422;43226;43227;44431;44444;44424;44464;5623;5622;5737;44446;43229;5794;43231;12505;98656;6820;6811;44765;6810;51234;51179;8150;1902578;44699;34220;55085;44763;9987;15780;1901264;71702;6862;15748;15931;71705;15297;15291;22804;22857;5215;3674;5886;71944	2853	2422	1609	365	5265	4362	1247	2684	2134	3337	2539	521.5	5195	4295.5	5254.5	1239.5	3035.5	1780	2972	586	3146	1566.5	2808	725.5	49428.5	2.471.425
ORTHO003325	Protein of unknown function (DUF1685)	AT4G33985	8150;3674;5634;43231;43227;43226;5575;43229;44424;44464;5623;5622	2854	5375	3688	4522	6358.5	1959	8282	3642.5	3695.5	6004	4545	6861.5	1352	5878	1278.5	5325.5	2114	7408	2042	3013.5	1830	8205.5	6282.5	7721.5	87440.5	4.372.025
ORTHO004801	ubiquitin-conjugating enzyme 32	AT3G17000	6511;19941;51603;6508;19538;43170;71704;8152;8150;44238;44257;30163;9057;1901575;9056;44265;44260;44237;9987;44248;44267;43632;16020;5575;48471;44444;44424;44464;5623;5622;5737;16567;32446;70647;6464;36211;43412;5783;43231;43227;43226;43229;12505;5524;35639;1901265;1901363;5488;3674;97159;43168;43167;32559;30554;17076;166;36094;32555;32553;97367;32550;32549;1882;1883;5634;4842;19787;16740;3824;16874	2855	2690	1657.5	460	4356	1089	2703	2114.5	931	4682	2216.5	1198.5	3406.5	3815.5	2702.5	1606	3299	3121	3792	3976	3586.5	1525	3634.5	2314	51713	2585.65
ORTHO003458	Yippee family putative zinc-binding protein	AT4G27745	3674;8150;5634;43231;43227;43226;5575;43229;44424;44464;5623;5622	2856	3108	5797	8738	2097	8937	6680	1709	2465.5	4385	9062.5	5631.5	1352	8704	5775.5	7782	7177	6683.5	4016	6960	7786.5	8398	8700	8631	120836	6041.8
ORTHO006675	FKBP-type peptidyl-prolyl cis-trans isomerase family protein	AT3G21640	9734;9755;7165;50794;50789;65007;8150;51716;9987;50896;7154;44763;44699;44700;23052;32870;9725;9719;10033;42221;71495;71310;70887;71365;9733;5528;5527;1901363;5488;3674;97159;8144;5886;16020;5575;44464;5623;71944;48366;48827;48856;32502;48367;44767;48731;7275;44707;32501;5516;5515;18208;18193;6464;36211;19538;43170;71704;8152;44238;43412;44267;44260;44237;3755;16859;16853;3824;413;5737;44424;5622	2857	2569	2409	1961	1689.5	7895	7600	4065.5	2684.5	2891.5	8606.5	3775.5	4955.5	3815.5	3047.5	1606	3299	4747.5	1311	3933	3511.5	914	1615	2046	72320	3616
ORTHO004222	gamma-tubulin	AT3G61650;AT5G05620	5525;35639;1901265;1901363;5488;3674;97159;43168;43167;32550;32549;1882;36094;97367;1883;32561;19001;17076;166;32555;32553;5938;44444;44424;44464;5575;5623;5622;5737;71944;48768;904;902;32989;16043;71840;8150;9987;9653;32502;48856;48869;44767;44699;44763;48468;30154;9932;9826;60560;48589;40007;16049;48767;48588;80147;48765;10053;90627;10015;48364;48513;48731;7275;44707;32501;22622;90558;9888;48764;48469;21700;10054;51641;51179;46785;31109;226;7010;6996;1902589;7017;51258;43623;6461;65003;43933;22607;44085;71822;70271;34622;910;22402;7049;51301;5739;43231;43227;43226;43229;5886;16020;3924;17111;16462;16818;16817;16787;3824;8152;5198;914;1902407;912;32506;61640;1902410;1903047;278;281;911;48366;48827;48367;7020;5874;44430;44446;44422;5856;43232;43228;43234;32991;15630;5634;9624;51707;43207;9605;50896;9607;51704;10103;90626;9886;9791;10016;10374;9553;48229;5635;44428;31967;31975;12505;930;44450;5815;5618;30312	2858	1554	2025	1192	944.5	542.5	1985	2614.5	1481	1318	865	2937.5	7377.5	7600	8240.5	2914	2999	4887	4059	4727.5	1039	6077	2846	438.5	64948.5	3.247.425
ORTHO007119	NAC domain containing protein 70	AT4G10350	3677;3676;1901363;5488;3674;97159;3700;1071;2001141;31326;9889;19222;50789;65007;8150;31323;50794;51252;19219;80090;51171;60255;10556;6355;1903506;10468;2000112;5634;43231;43227;43226;5575;43229;44424;44464;5623;5622;45893;10628;10604;9893;48518;1903508;1902680;51254;45935;31325;48522;51173;31328;9891;10557;48829;48856;32502;48364;44767;44699;48513;48731;7275;44707;32501;22622;9834;9832;42546;44085;71840;71554;9987;71669;6351;34645;44260;43170;71704;8152;44237;9059;1901576;9058;44249;97659;32774;16070;90304;6139;46483;6725;1901360;34641;6807;44238;34654;19438;44271;18130;1901362;10467	2859	1334	2613.5	2368	4356	2672	1881	1289.5	2069	5454	5497	6383.5	4020	7536	8512	2476	5685	6440	3575.5	3721.5	782.5	3609.5	1263	2166	75033	3751.65
ORTHO004088	Protein phosphatase 2C family protein	AT5G06750	6470;16311;6796;6793;44237;8152;8150;9987;6464;36211;19538;43170;71704;44238;43412;44267;44260;4722;4721;16791;42578;16788;16787;3824;3674;5739;43231;43227;43226;5575;43229;44424;44464;5623;5622;44444;5737;46872;43169;43167;5488	2860	4036	2625.5	2391	5748	1227	5808	2322	5994	582	6763.5	6171.5	5066	3815.5	3265	6712.5	3891.5	3121	3691	2326	4668.5	3222.5	4301.5	2314	75263	3763.15
ORTHO005793	Ribonuclease E inhibitor RraA/Dimethylmenaquinone methyltransferase	AT3G02770;AT5G16450	51252;19219;80090;19222;50789;65007;8150;51171;31323;50794;60255;46872;43169;43167;5488;3674;47443;16833;16830;16829;3824;8152;8948;16831;8428;4857;30234;98772;50790;65009;43086;44092;9892;48519;5737;44424;44464;5575;5623;5622	2861	3905	5265	7669	2097	176	2032.5	1912	2881	3267	2129.5	3218	7498	7536	7432.5	7782	7071	6265.5	8200	8987	8798.5	7855	8574.5	4484	106100	5305
ORTHO003890	Tetratricopeptide repeat (TPR)-like superfamily protein	AT3G11540	5829;44444;44424;44464;5575;5623;5622;5737;5515;5488;3674;5634;43231;43227;43226;43229;16757;16740;3824;8152;8150;9938;9968;9966;10646;50794;50789;65007;48583;23051;48585;48519;10648;48523;23057;9937;30154;48869;44767;32502;44699;44763;9987;9908;90567;48608;3006;22414;48856;61458;48731;7275;44707;32501;44702;9791;48367;48511;6486;6464;36211;19538;43170;71704;44238;43412;44267;44260;44237;43413;70085;44723;5975;44710;9101;9100;1901135;34645;9059;1901576;9058;44249;1901137;9740;10476;9755;7165;51716;50896;7154;44700;23052;32870;9725;9719;10033;42221;71495;71310;70887;71370;9739;33993;1101;1901700;71396;71229;1901701;9736;71368;9735;2000377;31323;19222;16262;8375;8194;16758	2862	2131	2871.5	2881	4356	1089	6325.5	8705.5	2465.5	6733	3269.5	7330.5	1352	5887	1354.5	1830	191	7547.5	1118.5	586	8153	8260	2650	3565	78413	3920.65
ORTHO006197	Proline-rich spliceosome-associated (PSP) family protein / zinc knuckle (CCHC-type) family protein	AT1G67210;AT5G38600	3676;1901363;5488;3674;97159;8150;5634;43231;43227;43226;5575;43229;44424;44464;5623;5622;8270;46914;46872;43169;43167	2863	1845	2135.5	1408	1281	7794.5	262	357.5	4705.5	7862.5	169.5	998	1352	5952.5	6267.5	2080.5	1914	8862.5	5502	635	2098.5	7520.5	2977	142	67453.5	3.372.675
ORTHO003666	ribosomal protein L12-A	AT3G27830;AT3G27850	9506;5911;30054;5575;55044;9570;9532;44435;44444;44424;44464;5623;5622;5737;44446;44422;43226;43229;9536;43231;43227;44434;9507;9941;9526;31967;31975;9535;55035;42651;34357;16020;44436;9579;31976;31984;9534;3723;3676;1901363;5488;3674;97159;6412;43043;43604;43603;34641;6807;8152;8150;44237;9987;44271;44249;9058;6518;1901564;71704;1901566;1901576;44267;19538;43170;44238;44260;34645;9059;10467;3735;5198;15934;44391;30529;32991;5840;43232;43228;311;315;313;9547;9295;42742;9617;51707;43207;9605;50896;9607;51704;98542;6952;6950;9735;9725;9719;10033;42221	2864	4915	4752.5	6641	5295.5	6149	6595	8414.5	7183.5	5426.5	3269.5	8339.5	1352	8151	9008.5	2821	3367.5	3580	6785	794.5	5779	6340.5	4468.5	1263	99088	4954.4
ORTHO004734	Exostosin family protein	AT4G38040	3824;3674;8152;8150;5768;43231;43227;43226;5575;43229;44424;44464;5623;5622;44444;5737;12505;5802;98791;44431;44446;44422;5794;31984;16740;16020	2865	3037	2434.5	2004	2097	1089	2627.5	6741	931	2385.5	8737.5	7988.5	1352	3815.5	4233.5	6712.5	400	5101.5	3792	4131	3870	1910	3986	2784	72588	3629.4
ORTHO000887_1	monogalactosyldiacylglycerol synthase type C	AT2G11810;AT5G20410	9707;9527;31968;31090;16020;5575;44422;43226;43227;19867;44424;44464;5623;5622;98805;31967;31975;44446;43229;98588;42170;44435;44444;5737;9536;43231;9526;31969;44434;9507;9941;30259;30258;44255;6629;71704;8152;8150;44710;44699;44238;44763;9987;44237;70085;44723;5975;6631;32787;19752;43436;6082;44281;19374;6664;1903509;1901135;6643;19375;9247;46467;8610;1901576;9058;44711;44249;1901137;46509;35250;8194;16757;16740;3824;3674;8378;16758;16036;9267;31669;31667;9991;9605;50896;31668;51716;71496;7154;42594;6950;33554;30246;5488	2866	69	1643	420	6.5	35.5	210	121	3826	163.5	4622	5126	1352	9072	7999	7.5	1628.5	8496.5	2669.5	1486	402.5	3222.5	188.5	84	50712.5	2.535.625
ORTHO008427	FUNCTIONS IN: molecular_function unknown	AT5G39570	5634;43231;43227;43226;5575;43229;44424;44464;5623;5622;5829;44444;5737;3674;8150	2867	4605	2439.5	2012	2982.5	8470.5	2032.5	917.5	800	5011.5	6763.5	7957.5	1352	3283.5	5523	6712.5	2013	3580	3172	7576.5	957	2213.5	1203	3103.5	72642.5	3.632.125
ORTHO003158	Nucleotide/sugar transporter family protein	AT1G06470	16020;5575;5886;44464;5623;71944	2868	2560	1925.5	983	1479.5	3015.5	1441	2660	2645.5	4278.5	3948.5	6001.5	1352	5795.5	1145.5	2914	1450	5720	3385	971	3391.5	7520.5	4047.5	450.5	62133.5	3.106.675
ORTHO003668	Protein kinase superfamily protein with octicosapeptide/Phox/Bem1p domain	AT3G46920	5524;35639;1901265;1901363;5488;3674;97159;43168;43167;32559;30554;17076;166;36094;32555;32553;97367;32550;32549;1882;1883;6468;16310;6796;6793;44237;8152;8150;9987;6464;36211;19538;43170;71704;44238;43412;44267;44260;4712;4672;16301;16772;16740;3824;16773;4674;5634;43231;43227;43226;5575;43229;44424;44464;5623;5622	2869	2509	4003	5137	4356	1423	5903	488	800	642.5	9015.5	2937.5	7743	7536	7349.5	7782	1221.5	6265.5	6531	1532.5	5903.5	6648	6709	4291.5	90722.5	4.536.125
ORTHO001354_1	SET domain-containing protein	AT2G23380	16571;6479;43414;44260;43170;71704;8152;8150;44237;9987;32259;43412;8213;6464;36211;19538;44238;44267;16570;16569;16568;6325;43933;16043;71840;51276;6996;1902589;44763;44699;44710;6355;1903506;2001141;31326;9889;19222;50789;65007;31323;50794;51252;19219;80090;51171;60255;10556;10468;2000112;9908;90567;48608;3006;32502;22414;48856;61458;48731;7275;44767;44707;32501;44702;9791;48367;31519;44428;44446;44422;5575;43226;44424;44464;5623;5622;43229;5634;43231;43227;43234;32991;3727;3723;3676;1901363;5488;3674;97159;10228;10048;9409;9266;9628;50896;6950;6351;34645;9059;1901576;9058;44249;97659;32774;16070;90304;6139;46483;6725;1901360;34641;6807;34654;19438;44271;18130;1901362;10467;30154;48869;5515;9294;9292;44764;51704;9965;9887;9653;48513;48366;48827;10016;6349;40029;71514;3700;1071;45857;44092;65009;40030;18024;16279;16278;8170;8168;16741;16740;3824;8757;8276;18022;18205;18193;42054;34968	2870	1043	1932	994	944.5	8095.5	2190	5077	1042.5	1462	982	3034.5	1352	6112	8203.5	1175.5	3183	4747.5	472.5	4727.5	3529.5	2763	3717	438.5	62305	3115.25
ORTHO004542	glycoside hydrolase family 2 protein	AT1G09010	6516;30163;19538;43170;71704;8152;8150;44238;9057;1901575;9056;44265;44260;44237;9987;44248;9100;1901135;1901136;5576;5575;33947;4567;15923;4553;16798;16787;3824;3674;5773;43231;43227;43226;43229;44424;44464;5623;5622;44444;5737;46355;10412;44264;5976;5975;44262;44036;71554;16998;44247;272;16052;44275	2871	3689	1913.5	956	2097	3917	859	3563	1994.5	8398	11	307.5	1352	7996	7323.5	7782	1507	7761	2648.5	1094	227	468	327	4091.5	61627.5	3.081.375
ORTHO003189	RNA-binding (RRM/RBD/RNP motifs) family protein	AT5G59950	5654;44428;44446;44422;5575;43226;44424;44464;5623;5622;43229;5634;43231;43227;31981;70013;43233;31974;3676;1901363;5488;3674;97159;5730;43232;43228;51028;50658;50657;15931;71705;6810;51234;51179;8150;71702;51236;6403;33036;166;36094;1901265;3723	2872	5594	4558.5	6245	6478.5	2260.5	8162.5	5568.5	6493	8006.5	6543	4421	3450.5	1800.5	3521.5	5325.5	4666	2724.5	5347.5	6754	5061.5	5308.5	5171.5	6057.5	96644	4832.2
ORTHO002114	SKP1-like 20	AT2G45950;AT3G61415	5634;43231;43227;43226;5575;43229;44424;44464;5623;5622;16567;32446;70647;6464;36211;19538;43170;71704;8152;8150;44238;43412;44267;44260;44237;9987;6511;19941;51603;6508;44257;30163;9057;1901575;9056;44265;44248;43632;19005;31461;151;1990234;1902494;43234;32991;4842;19787;16740;3824;3674	2873	6081	5170.5	7468	6857.5	7324.5	8162.5	8850	4323	6988	5973.5	3686.5	5740	1800.5	4233.5	3976.5	5108	3121	5851	7299	5422.5	5603	5407	5806	104676	5233.8
ORTHO002890	Enhancer of polycomb-like transcription factor protein	AT1G16690;AT1G79020	32777;35267;43189;1902562;123;31248;1902493;1990234;1902494;43234;32991;5575;44424;44464;5623;5622;44451;44428;44446;44422;43226;43229;5634;43231;43227;5654;31981;70013;43233;31974;6355;1903506;2001141;31326;9889;19222;50789;65007;8150;31323;50794;51252;19219;80090;51171;60255;10556;10468;2000112;6351;34645;44260;43170;71704;8152;44237;9987;9059;1901576;9058;44249;97659;32774;16070;90304;6139;46483;6725;1901360;34641;6807;44238;34654;19438;44271;18130;1901362;10467;6357;3700;1071;3674	2874	3671	4359.5	5845	5196	4865.5	6829	2985.5	2505.5	3851	2809.5	8507.5	6804.5	8210.5	8316.5	2914	763	6808.5	7612.5	5160	3551.5	6648	4244	1078.5	94465	4723.25
ORTHO000532_2	vacuolar proton ATPase A1	AT2G28520	5794;43231;43227;43226;5575;43229;44424;44464;5623;5622;44444;5737;12505;5802;98791;44431;44446;44422;31984;12510;30665;30662;30659;12506;31090;16020;31988;31982;44433;31410;16023;98588;98805;30135;30136;30658;30133;30660;139;5798;30140;16887;17111;16462;16818;16817;16787;3824;3674;8152;8150;5773;5768;70070;70071;43623;6461;65003;43933;16043;71840;9987;22607;44085;71822;70271;34622	2875	3876	4855.5	6836	5748	2333	5581	7156.5	1234	2235	8232.5	2291.5	6895.5	6971	7129	7782	6896.5	5221.5	8251.5	4444	6810.5	5213.5	1767.5	3771.5	100217.5	5.010.875
ORTHO003991	Protein of unknown function (DUF3411)	AT3G08630;AT3G08640	31969;42170;31090;16020;5575;44422;43226;43227;44435;44444;44424;44464;5623;5622;5737;44446;43229;9536;43231;9526;31967;31975;44434;9507;9941;16021;31224;44425;7275;44767;32502;8150;44699;44707;32501;3674;48366;48827;48856;48367;48731;9793;44702;22414;3006;9790;48316;48608;61458;9791;10154;9648;9416;9314;9628;50896;302;6979;6950;1901700;42221	2876	1798	3803	4730	4356	6085.5	3758	4571	8634	896.5	5625	743.5	8519	5941	3265	1996.5	2314	7251.5	8200	7080	399	8127.5	2412.5	2850	88669.5	4.433.475
ORTHO005912	Ypt/Rab-GAP domain of gyp1p superfamily protein	AT2G43490;AT3G59570	5794;43231;43227;43226;5575;43229;44424;44464;5623;5622;44444;5737;12505	2877	3522	2541.5	2206	2097	8600	7262.5	2185	5028	6273	2653	3422.5	4865.5	3815.5	3047.5	6712.5	3836.5	2199.5	154	1391	4384	2608	3529.5	2003.5	73971	3698.55
ORTHO002637	2-oxoglutarate (2OG) and Fe(II)-dependent oxygenase superfamily protein	AT2G36690	55114;44710;8152;8150;44699;5737;44424;44464;5575;5623;5622;46872;43169;43167;5488;3674;16706;16705;16491;3824;51213;9058	2878	3105	2044	1210	4356	8484	5048.5	548.5	2804.5	7666.5	3269.5	2729	1352	4244	2396.5	1606	7799	4595	188	4012.5	3870	1566.5	1203	1735.5	65118.5	3.255.925
ORTHO005792	cytomatrix protein-related	AT1G19980	8150;3674;5886;16020;5575;44464;5623;71944	2879	4133	2186.5	1494	5938.5	3178.5	3327	3987	2959	7377.5	5726.5	7069.5	2906	4244	1725.5	6712.5	3031	2199.5	1501	5519.5	3364.5	1045	969	1324	68166.5	3.408.325
ORTHO005385	myb domain protein 117	AT1G26780	6355;1903506;2001141;31326;9889;19222;50789;65007;8150;31323;50794;51252;19219;80090;51171;60255;10556;10468;2000112;3682;44877;5488;3674;10199;10160;48859;44767;32502;44699;48646;9653;48856;3002;7389;44707;32501;7275;48645;9887;48513;48731;5634;43231;43227;43226;5575;43229;44424;44464;5623;5622;3677;3676;1901363;97159;3700;1071	2880	4398	2551.5	2223	2982.5	436.5	6338	7637	5994	7539	2129.5	3218	6397.5	1800.5	5034.5	6712.5	2049.5	3121	3119	696	4519	2433.5	2785	2121	74081	3704.05
ORTHO002012	brassinosteroid-6-oxidase 2	AT3G30180;AT5G38970	20037;46906;1901363;5488;3674;97159;55114;44710;8152;8150;44699;4497;16491;3824;16132;42446;9058;42445;10817;65008;65007;16131;16128;6066;1901615;71704;44281;8202;1901360;6629;44238;16129;46165;1901617;1901576;44283;44711;6694;1901362;8610;16021;31224;44425;5575;16020;5576;16705;19825;5506;46914;46872;43169;43167;5739;43231;43227;43226;43229;44424;44464;5623;5622;44444;5737;10268;55088;48878;42592	2881	4928	5752	8623	5938.5	7278	6523.5	6906	5619	5615	7886	4905	7258.5	8210.5	7885	7782	4870.5	4595	7950	884	2160.5	6759.5	7729.5	7376.5	118194	5909.7
ORTHO000611	Aluminium activated malate transporter family protein	AT1G18420;AT1G25480;AT1G68600;AT2G17470;AT3G18440	71423;1903825;15849;44765;6810;51234;51179;8150;1902578;44699;71702;55085;44763;9987;98656;6820;6811;34220;15743;15740;6835;46942;15711;9705;5774;44437;44444;44424;44464;5575;5623;5622;5737;44446;44422;43226;43229;5773;43231;43227;98588;31090;16020;98805;325;15140;15556;5310;46943;8514;8509;15075;22891;22857;5215;3674;22892;5342;5634;16021;31224;44425;5253;5216;22838;15267;22803	2882	4432	2231.5	1581	1551	2406.5	6457.5	3608	2924.5	4385	4508	6844	1352	4206	6192.5	2914	763	7251.5	4548.5	1208	2232	1827.5	3426.5	1825	68880	3444
ORTHO001581	Core-2/I-branching beta-1;6-N-acetylglucosaminyltransferase family protein	AT3G52060;AT5G22070	16020;5575;8375;8194;16757;16740;3824;3674;8152;8150;16758;9506;5911;30054;55044;5576	2883	3966	5091	7299	5748	7390	4244.5	3713.5	4275	3637.5	4445.5	6240	3856.5	8668.5	5523	3976.5	8117.5	8620	8332	1869	7925	6576.5	2037	3920	103367.5	5.168.375
ORTHO006135	ferredoxin/thioredoxin reductase subunit A (variable subunit) 2	AT5G08410;AT5G23440	9107;6633;72330;46394;16053;6082;71704;8152;8150;44281;44710;44699;44763;9987;44237;44283;44711;9058;1901576;44249;19752;43436;32787;6631;44255;6629;44238;8610;9108;51188;51186;6732;44272;6790;18130;46483;1901362;1901360;9106;19684;6091;15979;9249;18065;6464;36211;19538;43170;43412;44267;44260;16992;16783;16782;16740;3824;3674;70283;16979;16879;16874;9507;9536;43231;43227;43226;5575;43229;44424;44464;5623;5622;44444;5737;30385;16730;16491;55114	2884	4996	5953	9022	2982.5	7987.5	2703	8148	8331	2405	8404	3218	8205.5	8541.5	8452	5325.5	630	6183.5	7831	8832.5	8798.5	8380.5	8551.5	8491	129419.5	6.470.975
ORTHO006254	Afadin/alpha-actinin-binding protein	AT2G18876;AT5G57410	5739;43231;43227;43226;5575;43229;44424;44464;5623;5622;44444;5737;5875;44430;44446;44422;5856;43232;43228;43234;32991;15630;3674;8150;46686;10038;10035;42221;50896;5634	2885	2621	1662	439	4356	1089	6338	641	4365	4115.5	4357	367.5	1352	3408	3047.5	1606	1396.5	3949	3504.5	711.5	3604.5	1466	3561.5	2229	51109	2555.45
ORTHO005882	hydroxyproline-rich glycoprotein family protein	AT1G32610;AT2G35230	3674;5634;43231;43227;43226;5575;43229;44424;44464;5623;5622;8150;9960;3006;32502;22414;9888;48856;48513;48731;7275;44767;44699;44707;32501;48316;48608;61458;44702;9791;10154;43078;43076;5515;5488;80113;80050;48580;2000026;50793;50789;65007;51239;2000241;48638;40008	2886	5794	5933.5	8981	6534	6529	4457	6864	1430.5	8006.5	7734.5	4991	7258.5	8210.5	7885	5325.5	7113.5	5452.5	7862.5	8025.5	7709	7637.5	8163.5	7376.5	128032.5	6.401.625
ORTHO003494	Ubiquitin-conjugating enzyme/RWD-like protein	AT3G12400;AT5G13860	5515;5488;3674;813;98796;43234;32991;5575;44425;16020;36452;44440;44444;44424;44464;5623;5622;5737;44446;44422;43226;43229;5768;43231;43227;12505;10008;98588;31090;98805;5770;5769;51301;44763;9987;8150;44699;6464;36211;19538;43170;71704;8152;44238;43412;44267;44260;44237;10091;904;902;32989;16043;71840;9653;32502;48856;48869;44767;48468;30154;10090;10026;90558;9888;90626;15031;45184;51234;51179;8104;33036;71702;6810;5634;43130;32182	2887	1254	2257.5	1628	944.5	9054	2951	3632.5	3682	1409.5	5286	597.5	1352	9044.5	6066	1175.5	2398.5	8739	2728	3085	2039	4873	479	636.5	69228.5	3.461.425
ORTHO000382_3	Sec23/Sec24 protein transport family protein	AT1G05520;AT3G23660;AT4G14160	8270;46914;46872;43169;43167;5488;3674;6888;16482;46907;6810;51234;51179;8150;51649;51641;48193;1902582;44765;1902578;44699;16192;5215;30127;30120;30117;98796;43234;32991;5575;44425;16020;44444;44424;44464;5623;5622;5737;48475;44433;44446;44422;43226;43229;31410;31982;30662;30659;12506;31090;43227;31988;16023;43231;98588;98805;30135;12507;30658;30133;12505;30134;5829;6886;15031;45184;8104;33036;71702;34613;70727	2888	1890	2379.5	1871	1281	476	1720.5	462	1133	4407.5	582	610	1352	8715.5	9114	7782	62	6982	7950	6467.5	2000	7087	1705	3005.5	71613.5	3.580.675
ORTHO005330	VH1-interacting kinase	AT1G14000	4674;4672;16301;16772;16740;3824;3674;8152;8150;16310;6796;6793;44237;9987;16773;6468;6464;36211;19538;43170;71704;44238;43412;44267;44260;9734;9755;7165;50794;50789;65007;51716;50896;7154;44763;44699;44700;23052;32870;9725;9719;10033;42221;71495;71310;70887;71365;9733;10305;10051;3002;7389;44767;32502;44707;32501;7275;5524;35639;1901265;1901363;5488;97159;43168;43167;32559;30554;17076;166;36094;32555;32553;97367;32550;32549;1882;1883;9742;43401;71383;71407;14070;71396;33993;48545;71367;9741;97305;1901700;97306;1901701;9966;10646;48583;23051;4712;5634;43231;43227;43226;5575;43229;44424;44464;5623;5622	2889	2402	3416.5	3944	1689.5	1329	739	357.5	1753	2385.5	9062.5	8441	1352	7699.5	7518.5	2476	6208.5	6471	7353.5	860	864.5	7087	7818	4678.5	84454.5	4.222.725
ORTHO001325_2	GPI transamidase component family protein / Gaa1-like family protein	AT5G19130;AT5G40470	5634;43231;43227;43226;5575;43229;44424;44464;5623;5622;16255;6464;36211;19538;43170;71704;8152;8150;44238;43412;44267;44260;44237;9987;6506;6505;46488;6650;6644;19637;6793;44255;6629;44710;44699;44763;6796;46486;6664;1903509;1901135;6643;6661;46474;45017;8610;1901576;9058;44711;44249;8654;90407;6497;42158;42157;34645;9059;9247;46467;1901137;42765;98796;43234;32991;44425;16020;1902494;44432;44444;5737;44446;44422;5783;12505;30176;31227;31300;31224;31090;5789;98588;42175;31301;16021;3923;16787;3824;3674;31146;43161;10498;51603;6508;44257;30163;9057;1901575;9056;44265;44248;6511;19941;43632;19005;31461;151;1990234;16567;32446;70647;61630;4842;19787;16740;61659	2890	2440	1847	804	1479.5	1554	1985	4345	6823.5	1584.5	1623	2729	5467.5	4295.5	5691.5	1239.5	7708	1921.5	3067.5	3976	3195.5	1045	264.5	847	59363	2968.15
ORTHO006866	Tetraspanin family protein	AT2G20230;AT4G28770	5774;44437;44444;44424;44464;5575;5623;5622;5737;44446;44422;43226;43229;5773;43231;43227;98588;31090;16020;98805;16021;31224;44425;3674	2891	3541	2640	2389	4356	1381.5	3129.5	2460.5	1994.5	5312.5	8514	8092	4738	4179	3047.5	6712.5	7840	2199.5	3333.5	3600	4103	1566.5	1121.5	1876	75201.5	3.760.075
ORTHO003275	triosephosphate isomerase	AT3G55440	9570;9532;44435;44444;44424;44464;5575;5623;5622;5737;44446;44422;43226;43229;9536;43231;43227;44434;9507;19563;19405;44724;44712;9056;8152;8150;44710;44699;44723;5975;71704;44238;16052;1901575;46174;46164;1901616;1901615;44282;44281;6066;19751;44275;44262;44237;9987;44248;19400;44763;6071;6096;6090;32787;19752;43436;6082;6757;6091;46031;9150;6163;72521;46483;6725;1901360;34641;6807;1901564;9117;6753;19637;6793;55086;6139;6796;9259;19693;1901135;9179;9185;9132;9135;9167;9161;9123;9126;46128;9119;9116;1901657;42278;46034;9205;9144;9141;9199;6165;46939;16310;46496;19362;6733;6732;51186;72524;18119;17014;6464;36211;19538;43170;43412;44267;44260;18198;18193;5739;9651;6970;9628;50896;6950;5773;5829;5618;30312;71944;6094;6006;19318;5996;19319;46364;44283;44711;9058;16051;1901576;48046;5576;5507;46914;46872;43169;43167;5488;3674;46686;10038;10035;42221;9735;9725;9719;10033;4807;16861;16860;16853;3824;9506;5911;30054;55044;5774;44437;98588;31090;16020;98805;46166;46184;6081;44249;19682;90407;1901137;5886;10043;1990267	2892	5179	2438.5	1985	6194	6023.5	4244.5	2460.5	1198	5683.5	2402	2343.5	1352	2711.5	5034.5	3976.5	6162	4887	3691	1043.5	2150	5789.5	4500.5	6801.5	72455	3622.75
ORTHO001473	basic helix-loop-helix (bHLH) DNA-binding superfamily protein	AT2G22750;AT4G37850	3677;3676;1901363;5488;3674;97159;6351;34645;44260;43170;71704;8152;8150;44237;9987;9059;1901576;9058;44249;97659;32774;16070;90304;6139;46483;6725;1901360;34641;6807;44238;34654;19438;44271;18130;1901362;10467;5634;43231;43227;43226;5575;43229;44424;44464;5623;5622;3700;1071;2001141;31326;9889;19222;50789;65007;31323;50794;51252;19219;80090;51171;60255;10556;6355;1903506;10468;2000112;46983;5515	2893	4117	5261.5	7630	2375	5722.5	5048.5	7084	4209	7666.5	2216.5	7376	7743	5573	1168.5	6712.5	7299	6590	1748	2880.5	8019	7637.5	2570	8491	105755	5287.75
ORTHO003334	AMP-dependent synthetase and ligase family protein	AT3G23790;AT4G14070	9941;9526;31967;31975;44464;5575;5623;44446;44422;43226;44424;5622;43229;43227;44435;44444;5737;9536;43231;44434;9507;16874;3824;3674;8152;8150;6631;44255;6629;71704;44710;44699;44238;44763;9987;44237;32787;19752;43436;6082;44281;30497;6633;72330;46394;16053;44283;44711;9058;1901576;44249;8610;8922;16878;16877;15645	2894	3249	2381.5	1869	4356	8600	5345.5	6573	1839.5	6551	2290	1198.5	5066	3815.5	3047.5	6712.5	562	2199.5	188	3208	1880	3754	5902.5	2850	71583	3579.15
ORTHO006404	ACT domain repeat 1	AT5G65890	5634;43231;43227;43226;5575;43229;44424;44464;5623;5622;8152;8150;16597;31406;43177;36094;5488;3674;43168;43167	2895	3186	4660.5	6426	4356	7987.5	6075.5	7084	2301	6889	1981	6171.5	6513.5	6764.5	7017.5	7782	1000	4507	1031	748	5170.5	6952	7868.5	3841	97685	4884.25
ORTHO002654	Ribosomal protein L18ae family	AT4G26060;AT5G57060	6412;43043;43604;43603;34641;6807;8152;8150;44237;9987;44271;44249;9058;6518;1901564;71704;1901566;1901576;44267;19538;43170;44238;44260;34645;9059;10467;44822;3723;3676;1901363;5488;3674;97159;3735;5198;5739;43231;43227;43226;5575;43229;44424;44464;5623;5622;44444;5737	2896	5941	3846.5	4797	2982.5	8050	4341	4964	6493	3731	5873	6883.5	5740	1800.5	3721.5	3976.5	4942.5	2199.5	1423.5	6860	5170.5	4423	3215	5222.5	89030.5	4.451.525
ORTHO000547_1	Early-responsive to dehydration stress protein (ERD4)	AT1G69450;AT3G01100	5886;16020;5575;44464;5623;71944;16021;31224;44425;6811;44765;6810;51234;51179;8150;1902578;44699;9507;9536;43231;43227;43226;43229;44424;5622;44444;5737	2897	4880	5234	7571	2982.5	8853	6478	8985.5	3262	8934.5	4914.5	7408	1352	6389.5	1404.5	7360.5	8220	8688.5	2809	2156.5	5637	4970.5	2495	5041.5	105360	5268
ORTHO005411	Eukaryotic aspartyl protease family protein	AT1G79720	5576;5575;6508;19538;43170;71704;8152;8150;44238;48046	2898	3089	2641.5	2385	4356	3205.5	1377.5	3625.5	6584	8535.5	5169	337.5	5740	6542.5	6867.5	2476	1849.5	8397.5	2249	2373.5	2686	2837	1640	2699.5	75192.5	3.759.625
ORTHO007421	Ribonuclease P protein subunit P38-related	AT5G53020	5737;44424;44464;5575;5623;5622;8150	2899	1396	1461.5	24	1066.5	3193.5	81.5	3953	89.5	7094.5	63.5	164.5	4077	138	136.5	335	400	1669.5	732	662	3154	65	42	301	26352	1317.6
ORTHO003627	chromatin remodeling 38	AT3G42670;AT5G20420	5524;35639;1901265;1901363;5488;3674;97159;43168;43167;32559;30554;17076;166;36094;32555;32553;97367;32550;32549;1882;1883;5654;44428;44446;44422;5575;43226;44424;44464;5623;5622;43229;5634;43231;43227;31981;70013;43233;31974;31047;16458;10629;10605;9892;48519;50789;65007;8150;19222;60255;10468;44763;9987;44699;4386;17111;16462;16818;16817;16787;3824;8152;3677;3676;5730;43232;43228	2900	4096	2796.5	2693	5121	9108	5873	3927.5	7183.5	8231.5	2402	597.5	1352	5776	988	6712.5	1356.5	8702.5	3529	1919	242.5	997	1681.5	6732.5	77312	3865.6
ORTHO009638	CONTAINS InterPro DOMAIN/s: EGF-like (InterPro:IPR006210)	AT4G14746	8150;31225;31224;44425;5575;16020	2901	4898	5734.5	8568	2982.5	7812.5	4244.5	7762	2684.5	8006.5	4016	5489.5	4130.5	5663.5	1016	6712.5	8360.5	7151.5	8458.5	8796	7786.5	7725	2437.5	8780.5	117034	5851.7
ORTHO007469	Carbohydrate-binding X8 domain superfamily protein	AT2G30933	5886;16020;5575;44464;5623;71944;8150;3674	2902	6065	5873	8844	6857.5	6810	4341	1823.5	7748	3464	8314	8476.5	3756.5	8072	7713.5	5325.5	6925.5	5101.5	7644	8590.5	7386	7358	7729.5	7075	123654.5	6.182.725
ORTHO000938	cationic amino acid transporter 2	AT1G58030;AT3G03720;AT5G36940	5773;43231;43227;43226;5575;43229;44424;44464;5623;5622;44444;5737;9705;5774;44437;44446;44422;98588;31090;16020;98805;325;80144;55081;50801;48878;42592;65008;65007;8150;6810;51234;51179;15297;15291;22804;22857;5215;3674;55085;44763;9987;44699;44765;1902578;5887;31226;44459;44425;5886;71944;31224;16021;15802;6865;71705;46942;15849;71702;15711;6820;6811;3333;1903825;98656;34220;15179;15171;46943;8514;8509;15075;22891;22892;5342;15807;1902475;5635;44428;5634;31967;31975;12505;5783	2903	1135	2395.5	1888	1066.5	2170	2627.5	1114.5	1481	5397.5	982	2467.5	7963	6601.5	8726.5	2476	118	6440	1031	4527	1982	6266	4843.5	4541	71755.5	3.587.775
ORTHO004277	NAC (No Apical Meristem) domain transcriptional regulator superfamily protein	AT5G53950	5634;43231;43227;43226;5575;43229;44424;44464;5623;5622;3700;1071;3674;2001141;31326;9889;19222;50789;65007;8150;31323;50794;51252;19219;80090;51171;60255;10556;6355;1903506;10468;2000112;7275;44767;32502;44699;44707;32501;10160;48859;48646;9653;48856;3002;7389;48645;9887;48513;48731;48504;40034;50793;3156;2000027;22603;2000026;51239;3677;3676;1901363;5488;97159;48366;48827;48367;6351;34645;44260;43170;71704;8152;44237;9987;9059;1901576;9058;44249;97659;32774;16070;90304;6139;46483;6725;1901360;34641;6807;44238;34654;19438;44271;18130;1901362;10467;10072;44702;22414;90421;10014;9933;48532;48507;9888;3006;48508;9793;9790;48316;48608;61458;9791;10154;10016;10223;10346;1763	2904	4101	2637.5	2371	5938.5	1959	8450	2322	931	4412	2290	1198.5	5066	3815.5	3265	3976.5	3836.5	3121	7042	6754	4668.5	3754	5902.5	2314	75078	3753.9
ORTHO007639	unknown protein	AT5G13100	9507;9536;43231;43227;43226;5575;43229;44424;44464;5623;5622;44444;5737	2905	1873	3121	3337	4356	2054	1011	3698.5	3525	6327	4121.5	517.5	1352	5110.5	693	1429.5	9026.5	8926	9094	3448	4023	7470	2311	6883	81021	4051.05
ORTHO002847	alpha/beta-Hydrolases superfamily protein	AT4G10955	16787;3824;3674;8152;8150;5634;43231;43227;43226;5575;43229;44424;44464;5623;5622;16042;44712;9056;44710;44699;6629;71704;44238;1901575;4806;16298;16788;52689	2906	2943	2339.5	1773	4356	4434.5	333.5	2185	3504.5	7485	2653	8482.5	1352	8692.5	5718	2476	2898	8262.5	2800	2409.5	970	1110.5	1072	3841	70680	3534
ORTHO002851	annexin 5	AT1G68090	51015;32403;44877;5488;3674;5515;3779;8092;9860;44702;22414;8150;44699;904;902;32989;16043;71840;9987;9653;32502;48856;48869;44767;44763;48468;30154;3006;48588;48589;40007;16049;9932;9826;60560;48868;9856;44703;51704;44706;32501;9846;44707;9414;9415;9628;50896;1101;42221;10035;1901700;6950;5544;5543;8289;43168;43167;9408;9266;9639;9416;9314;5509;46872;43169;9555;48229;7275;9651;6970;9409	2907	4598	3339	3771	2982.5	4986.5	6412.5	6264	3245.5	4688.5	1211	6287.5	5740	1800.5	4124.5	3976.5	3322.5	7219.5	7042	2903	2224.5	2433.5	4310	5222.5	83414.5	4.170.725
ORTHO005020	Protein phosphatase 2C family protein	AT5G01700	6470;16311;6796;6793;44237;8152;8150;9987;6464;36211;19538;43170;71704;44238;43412;44267;44260;4722;4721;16791;42578;16788;16787;3824;3674;46872;43169;43167;5488;5634;43231;43227;43226;5575;43229;44424;44464;5623;5622	2908	3325	4183.5	5459	4356	7207	5735	2545	5754	2319.5	2809.5	3218	3773	6764.5	6867.5	2476	5561	4982.5	5589.5	1960	6180.5	7087	7946.5	3565	92341	4617.05
ORTHO008443	AGAMOUS-like 6	AT2G45650	3677;3676;1901363;5488;3674;97159;5515;3700;1071;2001141;31326;9889;19222;50789;65007;8150;31323;50794;51252;19219;80090;51171;60255;10556;6355;1903506;10468;2000112;9911;48582;48580;2000026;50793;51239;51240;48518;51094;2000243;2000241;9909;48831;10228;3006;32502;22414;48608;48856;61458;48731;7275;44767;44699;44707;32501;9791;6351;34645;44260;43170;71704;8152;44237;9987;9059;1901576;9058;44249;97659;32774;16070;90304;6139;46483;6725;1901360;34641;6807;44238;34654;19438;44271;18130;1901362;10467;46983;48437;44702;48569;48513;9908;90567;48367;5634;43231;43227;43226;5575;43229;44424;44464;5623;5622;30154;48869;44763	2909	3174	4037	5165	2097	7324.5	3628.5	8670	1328.5	4249	1623	4670	1352	6971	7082.5	7782	8188.5	5720	1748	4848	8019	2328.5	1555.5	3721	90809.5	4.540.475
ORTHO003476	DWNN domain; a CCHC-type zinc finger	AT4G17410;AT5G47430	8270;46914;46872;43169;43167;5488;3674;3676;1901363;97159;8150;5634;43231;43227;43226;5575;43229;44424;44464;5623;5622	2910	4303	3111.5	3313	5151.5	1089	7422	3939	1839.5	4623.5	6763.5	998	5740	3815.5	4233.5	6712.5	4252.5	3949	4113.5	7299	1840	4423	5171.5	2699.5	80924	4046.2
ORTHO002477	FUNCTIONS IN: molecular_function unknown	AT3G23760;AT4G14100	3674;5576;5575;8150;5773;43231;43227;43226;43229;44424;44464;5623;5622;44444;5737;9507;9536;16757;16740;3824;8152	2911	3505	3016	3121	2097	1089	7043	6652	1839.5	4580	1623	907	1352	3815.5	4842.5	6712.5	351	5368	4715	7647	5988	5059	7244	3005.5	79833.5	3.991.675
ORTHO005936	Ribosomal RNA processing Brix domain protein	AT3G23620	5730;44428;44446;44422;5575;43226;44424;44464;5623;5622;43229;5634;43231;43227;43232;43228;31981;70013;43233;31974	2912	1704	1949	986	4356	2501	2234.5	4163.5	3771.5	184	744	679.5	6895.5	4486	6192.5	1830	935.5	5221.5	4548.5	3747	5061.5	2677	4668	1615.5	62156.5	3.107.825
ORTHO002813	CCCH-type zinc fingerfamily protein with RNA-binding domain	AT1G07360;AT2G29580	387;22618;71826;43933;16043;71840;8150;9987;34622;65003;22607;44085;22613;398;6397;16071;16070;44260;43170;71704;8152;44237;90304;6139;46483;6725;1901360;34641;6807;44238;6396;10467;377;375;8380;5634;43231;43227;43226;5575;43229;44424;44464;5623;5622;71007;71013;5681;44428;44446;44422;30529;32991;5684;36002;3723;3676;1901363;5488;3674;97159;71006;71012;42742;9617;51707;43207;9605;50896;9607;51704;98542;6952;6950;974;43234;17070;17069	2913	4114	4608.5	6304	1551	1777	2528	2796	8792.5	6733	2216.5	1915.5	7031	8436.5	8387.5	2914	4054.5	7151.5	7792.5	8320	3778.5	6895.5	4345.5	1120	96985.5	4.849.275
ORTHO000514_1	galactinol synthase 3	AT1G09350;AT1G56600;AT1G60450;AT1G60470;AT2G47180	16758;16757;16740;3824;3674;8152;8150;5737;44424;44464;5575;5623;5622;47216;35250;8194;8378;6979;6950;50896;9409;9266;9628;46872;43169;43167;5488;16051;44723;5975;71704;44238;44710;44699;1901576;9058;44711;5634;43231;43227;43226;43229;9651;6970;9414;9415;1101;42221;10035;1901700;9737;9725;9719;10033;33993;97305;6012;19318;5996;44281;9408;42542;302;9644;9642;9416;9314	2914	4767	5526	8138	5172	2425	3960	4053	5071	4660.5	4164.5	5257	7377.5	8316	7999	7782	1048	5518	5502	8125.5	5779	7756.5	7048.5	8595	110438	5521.9
ORTHO005480	ADP-ribosylation factor C1	AT3G22950	6499;6498;6497;6464;36211;19538;43170;71704;8152;8150;44238;43412;44267;44260;44237;9987;42158;42157;34645;9059;1901576;9058;44249;31365;18377;43543;7264;35556;7165;50794;50789;65007;51716;50896;7154;44763;44699;44700;23052;5886;16020;5575;44464;5623;71944;5525;35639;1901265;1901363;5488;3674;97159;43168;43167;32550;32549;1882;36094;97367;1883;32561;19001;17076;166;32555;32553	2915	2732	3783	4651	4356	4598.5	6478	2000	8577	4322.5	4583	5327.5	6513.5	6764.5	7017.5	2476	8431	6388.5	6265.5	1229.5	452.5	1827.5	1322	3565	88139.5	4.406.975
ORTHO004247	signal recognition particle binding	AT5G05670	5785;98796;43234;32991;5575;44425;16020;44432;44444;44424;44464;5623;5622;5737;44446;44422;43226;43229;5783;43231;43227;12505;30867;5789;98588;31090;42175;5791;6614;6613;6612;6605;6886;15031;45184;51234;51179;8150;8104;33036;71702;6810;46907;51649;51641;34613;70727;1902582;44765;1902578;44699;90150;72657;44802;61024;16043;71840;9987;44763;1902580;45047;16482;72599;72594;33365;70972;5047;43021;44877;5488;3674;5886;71944	2916	3933	2560	2204	1522.5	5285	3430	6652	6379.5	3396	2402	1915.5	4617.5	3815.5	4705.5	2914	3053.5	5944.5	4165.5	5519.5	3284.5	2213.5	3634.5	611.5	73939.5	3.696.975
ORTHO004518	DNA binding	AT5G12400	5634;43231;43227;43226;5575;43229;44424;44464;5623;5622;6355;1903506;2001141;31326;9889;19222;50789;65007;8150;31323;50794;51252;19219;80090;51171;60255;10556;10468;2000112;3677;3676;1901363;5488;3674;97159;8270;46914;46872;43169;43167	2917	1181	4166.75	5416.5	1584.5	4794.5	3758	8619.5	2202	4308	1623	4670	8754.5	5154.5	693	1429.5	2824	8063	8281	8967.5	8952.5	810	1573	6669	92146.5	4.607.325
ORTHO004318	TBP-associated factor 8	AT4G34340	5515;5488;3674;6351;34645;44260;43170;71704;8152;8150;44237;9987;9059;1901576;9058;44249;97659;32774;16070;90304;6139;46483;6725;1901360;34641;6807;44238;34654;19438;44271;18130;1901362;10467;5634;43231;43227;43226;5575;43229;44424;44464;5623;5622	2918	3164	3965.5	5013	4356	1839.5	4587.5	3713.5	2902.5	6551	4330.5	6171.5	8205.5	5523.5	1109.5	6712.5	7299	8063	1451.5	1667	2827	8127.5	2965	6057.5	90104.5	4.505.225
ORTHO007293	RING/U-box superfamily protein	AT4G19670	32436;1901800;1903052;1903050;1903362;31329;9894;19222;50789;65007;8150;31323;50794;42176;51246;80090;60255;32268;30162;1903364;32270;31325;9893;48518;48522;51247;10604;31331;9896;45732;45862;61136;32434;209;16567;32446;70647;6464;36211;19538;43170;71704;8152;44238;43412;44267;44260;44237;9987;61630;4842;19787;16740;3824;3674;61659;5634;43231;43227;43226;5575;43229;44424;44464;5623;5622;42787;6511;19941;51603;6508;44257;30163;9057;1901575;9056;44265;44248;43632;8270;46914;46872;43169;43167;5488;5737;31624;44390;19899;5515;151;1990234;1902494;43234;32991	2919	1439	3883.5	4848	1066.5	8536.5	444.5	7084	2301	2670	1623	4566	1352	4969	599	508.5	7962.5	8045.5	1345	3254	9009	8910.5	9065.5	7028	89273.5	4.463.675
ORTHO005883	Alcohol dehydrogenase transcription factor Myb/SANT-like family protein	AT2G44730	44212;975;3677;3676;1901363;5488;3674;97159;1067;3682;44877;3700;1071;2001141;31326;9889;19222;50789;65007;8150;31323;50794;51252;19219;80090;51171;60255;10556;6355;1903506;10468;2000112;5634;43231;43227;43226;5575;43229;44424;44464;5623;5622	2920	1240	1773.75	627.5	4356	2097.5	6283.5	4163.5	1691	1842.5	669	228.5	3823	4344	6192.5	1830	3958.5	5720	658	120	4519	2763	3383	1615.5	55902	2795.1
ORTHO006739	unknown protein	AT1G04650	5575	2921	1945	3171.5	3422	4356	3296	624.5	4345	985	1567.5	9015.5	3808	7498	7448.5	8512	2476	1396.5	5886.5	1772.5	2835.5	5637	6512.5	5826.5	2121	81564	4078.2
ORTHO005100	light-harvesting chlorophyll B-binding protein 3	AT5G54270	9534;31976;9579;44424;44464;5575;5623;5622;31984;44446;44422;43226;43229;43227;44435;44444;5737;9536;43231;44434;9507;9535;55035;42651;34357;16020;44436;9941;9526;31967;31975;15979;44237;8152;8150;9987;31409;5488;3674;10287;9570;9532;16168;46906;1901363;97159;5198;9768;9765;6091;19684;9416;9314;9628;50896;30076;43234;32991	2922	1313	2368.5	1815	1066.5	615.5	961	2796	8831.5	1409.5	4570	5096	1352	6347.5	1481.5	797.5	2314	8631	8059	1698.5	2533.5	8310.5	2341	2940	71085.5	3.554.275
ORTHO001943	GYF domain-containing protein	AT1G24300;AT1G27430	9507;9536;43231;43227;43226;5575;43229;44424;44464;5623;5622;44444;5737;3674;5634;8150	2923	3003	4089	5255	4356	1423	2155	1912	4551	2284	5520.5	1198.5	1352	7536	7432.5	2476	6027	6330	6785	5337	6431	6791.5	6989	8763	91294	4564.7
ORTHO004674	ataurora2	AT2G25880;AT4G32830	16572;6468;16310;6796;6793;44237;8152;8150;9987;6464;36211;19538;43170;71704;44238;43412;44267;44260;16570;16569;16568;6325;43933;16043;71840;51276;6996;1902589;44763;44699;44710;7052;7051;226;7010;7017;22402;7049;71822;1903047;278;5524;35639;1901265;1901363;5488;3674;97159;43168;43167;32559;30554;17076;166;36094;32555;32553;97367;32550;32549;1882;1883;31616;5813;5815;44430;44446;44422;5575;43226;44424;44464;5623;5622;43229;5856;43232;43228;15630;922;5819;4672;16301;16772;16740;3824;16773;780;779;775;98687;44427;5694;793;44454;44428;5634;43231;43227;228;31981;70013;43233;31974;794;35175;35174;35173;4674;35404;18105;18209;18193;43987;51233;32133;5875;43234;32991;5876;5874;32465;10564;51726;50794;50789;65007;51302;9966;10646;48583;23051;7067;280;48285;5730;9504;44444;5737;9524;51301;31965;31090;16020;5635;31967;31975;12505	2924	3179	4966	7008	4356	1329	7963	1013.5	8359.5	369.5	9062.5	998	1352	7600	7548.5	7782	6244	6471	7435.5	8998	864.5	6952	6413.5	4678.5	101434.5	5.071.725
ORTHO004212	glutamine-fructose-6-phosphate transaminase (isomerizing)s	AT3G24090	16051;44723;5975;71704;8152;8150;44238;44710;44699;1901576;9058;44711;30246;5488;3674;6042;1901073;1901071;6040;1901135;46349;1901137;6041;8483;16769;16740;3824;5829;44444;44424;44464;5575;5623;5622;5737;4360;70548	2925	3071	3382	3839	2097	73	6700.5	77.5	1691	3869	9098	8562.5	8306	6125.5	1432	7360.5	2593	7335.5	732	4392	1761	7392.5	2437.5	3920	83859	4192.95
ORTHO001392	HXXXD-type acyl-transferase family protein	AT3G48720;AT5G41040;AT5G63560	5737;44424;44464;5575;5623;5622;10143;9059;43170;71704;8152;8150;1901576;9058;33494;18958;1901615;6725;44237;9987;1901360;18904;44281;44710;44699;9698;19748;44763;32787;19752;43436;6082;5829;44444;50734;16747;16746;16740;3824;3674;10345;9699;19438;44249;1901362;44550;44711;52325;70592;10383;5976;5975;44238;44036;44260;71554;33692;271;16051;44723;34637;44262;44264;34645;44038;70589;44085;71840;42546;52546;45488;10393;9664;71555;45229;16043;71669;45489;9832;90430;90431;9713;46189;1901617;9712;9802;9801;9803;42537	2926	5591	4761.5	6597	5238	2943.5	4528.5	7435.5	4323	5732.5	5577	1954	5467.5	8123.5	9022.5	2821	4870.5	3580	5648	6689.5	5839	6429	4481.5	3340.5	98806.5	4.940.325
ORTHO004285	unknown protein	AT1G27850	5886;16020;5575;44464;5623;71944;8150;3674	2927	3072	2194.5	1462	2097	3446.5	7630.5	6573	2069	2385.5	2402	6171.5	5195	3815.5	4462	1830	3399	4809.5	122.5	4060.5	3586.5	2213.5	1453	2314	67939	3396.95
ORTHO005971	Transmembrane amino acid transporter family protein	AT1G80510	16021;31224;44425;5575;16020;6865;71705;6810;51234;51179;8150;46942;15849;44765;1902578;44699;71702;15711;6820;6811;5886;44464;5623;71944;15171;46943;8514;8509;15075;22891;22857;5215;3674;55085;44763;9987;22892;34220;98656;5342;1903825;3333	2928	807	2062	1196	4356	4506.5	5686	1013.5	5221.5	930.5	5351	1576.5	7189	4662.5	6331.5	508.5	450	5824	2945	1320	3978	2677	3311.5	1546.5	65029	3251.45
ORTHO000673	calmodulin-binding family protein	AT2G26190;AT4G33050;AT5G57010	5516;5515;5488;3674;10197;741;48284;6996;16043;71840;8150;9987;6997;9559;30154;48869;44767;32502;44699;44763;9561;44707;32501;9553;48229;7275;48856;10200;10243;9719;50896;10033;42221;1901698;1901700;5634;43231;43227;43226;5575;43229;44424;44464;5623;5622;5737;10119;50794;50789;65007	2929	5509	4941	6953	5552	9071	3628.5	5813.5	8307	2170.5	6070	3578.5	5740	1800.5	4462	3976.5	5281.5	3580	6185.5	7408.5	5637	5603	5617	7075	101005.5	5.050.275
ORTHO009841	cytochrome B5 isoform E	AT5G53560	5774;44437;44444;44424;44464;5575;5623;5622;5737;44446;44422;43226;43229;5773;43231;43227;98588;31090;16020;98805;9535;55035;42651;34357;44436;9579;44435;9536;31976;31984;44434;9507;9534;5783;12505;5789;44432;44425;42175;20037;46906;1901363;5488;3674;97159;55114;44710;8152;8150;44699;16021;31224;5886;71944;46872;43169;43167	2930	5605	5789	8648	2982.5	2446.5	4244.5	6906	6712.5	1750.5	8537.5	4841.5	1352	8316	7939.5	5325.5	7137.5	5452.5	7950	8796	7786.5	7725	8247	7376.5	118843	5942.15
ORTHO002899	mitochondrial lipoamide dehydrogenase 1	AT1G48030;AT3G17240	5759;44429;44444;44424;44464;5575;5623;5622;5737;44446;44422;43226;43229;5739;43231;43227;70013;43233;31974;16152;16723;16722;16491;3824;3674;8152;8150;55114;44710;44699;50660;50662;48037;5488;43168;43167;166;36094;1901265;1901363;97159;5747;45271;30964;98796;43234;32991;44425;16020;1990204;1902494;98803;70469;98800;98798;44455;31966;31090;5740;31967;31975;5743;19866;5746;46686;10038;10035;42221;50896;50661;5524;35639;32559;30554;17076;32555;32553;97367;32550;32549;1882;1883;9416;9314;9628;4148;16668;16651;16667;50897;46914;46872;43169;5507;48046;5576;50787;61687;98754;9636;46689;1990267;45340;45454;19725;42592;65008;65007;44763;9987;50794;50789;8270;9507;9536	2931	3151	3195	3459	1522.5	1926	6829	3095.5	2570.5	4858	291	6947.5	3831	8028.5	8118	1307	965	6683.5	6785	4848	3454.5	6077	4178	961	81754	4087.7
ORTHO004929	arginine-tRNA protein transferase 2	AT3G11240;AT5G05700	16598;6464;36211;19538;43170;71704;8152;8150;44238;43412;44267;44260;44237;9987;6511;19941;51603;6508;44257;30163;9057;1901575;9056;44265;44248;43632;4057;16755;16746;16740;3824;3674;5634;43231;43227;43226;5575;43229;44424;44464;5623;5622;5737;10029;1900140;48580;2000026;50793;50789;65007;51239;9737;9725;9719;50896;10033;42221;33993;97305;1901700;1101;50994;9894;19222;19216;80090;10150;10260;7568;44767;32502;44699;48513;48856;48731;7275;44707;32501;48366;48827;48367	2932	4004	4118	5304	4356	7499.5	1881	6978.5	5221.5	1123	7594	743.5	5740	3815.5	4842.5	6712.5	324.5	4253	4607.5	7692.5	6696	5213.5	7486	3103.5	91528	4576.4
ORTHO004274	RNApolymerase sigma subunit 2	AT1G08540	6355;1903506;2001141;31326;9889;19222;50789;65007;8150;31323;50794;51252;19219;80090;51171;60255;10556;10468;2000112;71482;9416;9314;9628;50896;71478;71214;51716;9987;6399;34660;16070;44260;43170;71704;8152;44237;90304;6139;46483;6725;1901360;34641;6807;44238;6352;32774;9059;1901576;9058;34654;19438;44249;44271;18130;1901362;6351;34645;97659;10467;3899;34062;16779;16772;16740;3824;3674;9658;9657;6996;16043;71840;9507;9536;43231;43227;43226;5575;43229;44424;44464;5623;5622;44444;5737;3677;3676;1901363;5488;97159;9637;16987;996;990;988;3700;1071;1053;10114;9639	2933	696	3281	3629	672.5	3040	3628.5	1855	2069	52.5	8487.5	4239	9150.5	4881.5	473.5	1429.5	9077.5	8278	1537.5	8784	1744	8398	2341	3179.5	82646	4132.3
ORTHO006118	Zinc-finger domain of monoamine-oxidase A repressor R1	AT2G23530;AT4G37110	5634;43231;43227;43226;5575;43229;44424;44464;5623;5622;8150;3674;8270;46914;46872;43169;43167;5488	2934	5276	5187	7440	2982.5	6529	5430	6142.5	7183.5	2059	6763.5	3218	6731.5	1800.5	5413.5	3976.5	6648.5	3949	7042	3850	7568	6377.5	7048.5	6732.5	104463.5	5.223.175
ORTHO001218	dehydratase family	AT3G23940;AT3G24190	9570;9532;44435;44444;44424;44464;5575;5623;5622;5737;44446;44422;43226;43229;9536;43231;43227;44434;9507;9553;48229;7275;44767;32502;8150;44699;44707;32501;48856;9555;9082;9081;6520;1901564;71704;8152;6807;19752;43436;6082;44281;44710;44763;9987;44237;44238;8652;46394;16053;44283;44711;9058;1901576;44249;1901566;9651;6970;9628;50896;6950;5507;46914;46872;43169;43167;5488;3674;3824;48364;48513;48731;22622;16836;16835;16829;6468;16310;6796;6793;6464;36211;19538;43170;43412;44267;44260;5524;35639;1901265;1901363;97159;43168;32559;30554;17076;166;36094;32555;32553;97367;32550;32549;1882;1883;4672;16301;16772;16740;16773;5886;16020;71944	2935	725	1630.5	326	672.5	3080.5	739	641	1042.5	238.5	5423	247	1352	9130	9124	1202.5	901	4400	459	1160.5	696.5	4471.5	3717	339	48364.5	2.418.225
ORTHO000827_2	Rho GTPase activation protein (RhoGAP) with PH domain	AT4G24580	70382;30133;16023;31988;43227;43226;5575;31982;43231;43229;44424;44464;5623;5622;31410;44444;5737;12505;9860;44702;22414;8150;44699;904;902;32989;16043;71840;9987;9653;32502;48856;48869;44767;44763;48468;30154;3006;48588;48589;40007;16049;9932;9826;60560;48868;9856;44703;51704;44706;32501;9846;44707;35024;46580;51058;51056;1902531;9966;10646;50794;50789;65007;48583;23051;1902532;9968;48585;48519;10648;48523;23057;46578;35023;43547;43087;51336;50790;19222;65009;51345;43085;44093;9893;48518;5938;71944;5096;8047;30234;98772;3674;30695;60589;16324;98590;44459;44425;16020;5886;98589;98805;45177;35091;5543;8289;5488;43168;43167;9865;98609;7155;22610;98740;9875;7154;90406;42995;17048;17016;31267;51020;19899;5515;7165;51716;50896;44700;23052	2936	4038	4862.5	6789	5748	9014	6804	1640.5	7831	6551	8860.5	4566	6227	6501	6867.5	5325.5	4761	1227	188	5094	1239.5	6612.5	7486	3103.5	99899.5	4.994.975
ORTHO004476	Tetratricopeptide repeat (TPR)-like superfamily protein	AT5G35430	8150;5575	2937	417	2690	2443	672.5	3040	512	2000	9076	4233.5	7524	409.5	9150.5	4861	438.5	508.5	630	8428.5	1325	247	1761	9043	9137	3340.5	75665.5	3.783.275
ORTHO006639	Transducin/WD40 repeat-like superfamily protein	AT1G20540;AT1G76260	8150;80008;31461;151;1990234;1902494;43234;32991;5575;44424;44464;5623;5622;5634;43231;43227;43226;43229;166;36094;5488;3674;1901265;1901363;97159;16567;32446;70647;6464;36211;19538;43170;71704;8152;44238;43412;44267;44260;44237;9987;9738;9755;7165;50794;50789;65007;51716;50896;7154;44763;44699;44700;23052;32870;9725;9719;10033;42221;71495;71310;70887;71215;9737;33993;97305;1901700;1101;71396;97306;1901701;71229;9788;9968;9966;10646;48583;23051;48585;48519;10648;48523;23057;1901420;1901419;9787;5515	2938	3947	2133.5	1329	2097	4247	1204	3147.5	7325.5	8168.5	5052.5	907	4677	3815.5	2702.5	6712.5	1827.5	6896	1389	2635.5	1325	1566.5	1072	1858	66529	3326.45
ORTHO005446	unknown protein	AT1G35780;AT1G78150	8150;5634;43231;43227;43226;5575;43229;44424;44464;5623;5622;3674;9507;9536;44444;5737	2939	6117	4395.5	5852	2982.5	6184	3513	5813.5	7691.5	896.5	7382.5	3578.5	5740	3431.5	4462	3976.5	5404	3121	6185.5	7463	5637	5059	3349.5	5601	94489.5	4.724.475
ORTHO006009	transmembrane protein-related	AT2G46060	5576;5575;16020;8150;3674	2940	3626	3007.5	3075	2097	923	1818.5	3136.5	2715.5	5920.5	513.5	7055.5	1352	7536	7082.5	7782	8026.5	8179	2150.5	1992	8019	822	1004	3565	79593.5	3.979.675
ORTHO004210	DHHC-type zinc finger family protein	AT3G60800	19707;16417;16747;16746;16740;3824;3674;8152;8150;6612;6605;6886;15031;45184;51234;51179;8104;33036;71702;6810;46907;51649;51641;34613;70727;1902582;44765;1902578;44699;90150;72657;44802;61024;16043;71840;9987;44763;1902580;10150;10260;7568;44767;32502;48513;48856;48731;7275;44707;32501;48366;48827;48367;5783;43231;43227;43226;5575;43229;44424;44464;5623;5622;44444;5737;12505;18230;18231;18198;18193;6464;36211;19538;43170;71704;44238;43412;44267;44260;44237;18345;6497;42158;42157;34645;9059;1901576;9058;44249;43543;5794;2000377;31323;50794;50789;65007;19222;19706;16409	2941	5527	5880	8819	6478.5	2501	4587.5	6323	7455	7782	6763.5	5699	6895.5	8316	7667.5	5325.5	8695.5	4747.5	7281	8397.5	6180.5	6895.5	4927.5	6732.5	123173	6158.65
ORTHO006376	ENTH/VHS family protein	AT3G26990	8150;5634;43231;43227;43226;5575;43229;44424;44464;5623;5622;3674	2942	4157	5290.5	7639	5938.5	1777	8674.5	2647.5	3198	8934.5	3366.5	4670	6397.5	6764.5	6867.5	7782	5864.5	4887	5272.5	8077	7386	4067	1767.5	7376.5	105777.5	5.288.875
ORTHO000998	Ribosomal protein S11 family protein	AT2G36160;AT3G11510;AT3G52580	9506;5911;30054;5575;55044;5829;44444;44424;44464;5623;5622;5737;22626;44445;5840;30529;32991;43232;43228;43226;43229;22627;15935;44391;44446;44422;5774;44437;5773;43231;43227;98588;31090;16020;98805;462;30490;6364;34470;34660;16070;44260;43170;71704;8152;8150;44237;9987;90304;6139;46483;6725;1901360;34641;6807;44238;6396;10467;16072;42254;22613;44085;71840;42274;6412;43043;43604;43603;44271;44249;9058;6518;1901564;1901566;1901576;44267;19538;34645;9059;9507;9536;70181;19843;3723;3676;1901363;5488;3674;97159;3735;5198;5886;71944;5515;28;22618;71826;43933;16043;34622;65003;22607;42255;70925;6996;48027;3729;44822;5730;44428;5634;31981;70013;43233;31974	2943	4640	5352	7761	2982.5	9117.5	9093	3243.5	1839.5	8934.5	4357	3422.5	1352	5581	867	6712.5	7397	6145	1118.5	2635.5	9023	8544.5	8551.5	8903.5	106838.5	5.341.925
ORTHO004102	myb domain protein 46	AT5G12870	6351;34645;44260;43170;71704;8152;8150;44237;9987;9059;1901576;9058;44249;97659;32774;16070;90304;6139;46483;6725;1901360;34641;6807;44238;34654;19438;44271;18130;1901362;10467;45893;10628;10604;9893;48518;50789;65007;19222;60255;10468;1903508;1903506;2001141;31326;9889;31323;50794;51252;19219;80090;51171;10556;1902680;51254;45935;31325;48522;51173;31328;9891;10557;6355;2000112;3682;44877;5488;3674;50832;98542;6952;6950;50896;51707;43207;9605;9607;51704;9620;9834;9832;42546;44085;71840;71554;71669;3700;1071;3677;3676;1901363;97159;9751;14070;10033;42221;1101;1901700;2000652;44087;1903338;1901348;1903340;44089;5634;43231;43227;43226;5575;43229;44424;44464;5623;5622	2944	5050	2984	3024	5938.5	4240	8251	4964	2914.5	8231.5	3136.5	4779	3433.5	2711.5	3521.5	6712.5	2033.5	2724.5	5347.5	5816	1982	1613	2025	4801	79238	3961.9
ORTHO000377_3	4-coumarate:CoA ligase 1	AT1G51680;AT3G21230;AT3G21240	16874;3824;3674;8152;8150;9698;19748;44710;44699;6725;44237;9987;1901360;71704;44763;16207;16405;16877;16878;9620;51707;43207;9605;50896;9607;51704;5634;43231;43227;43226;5575;43229;44424;44464;5623;5622;5524;35639;1901265;1901363;5488;97159;43168;43167;32559;30554;17076;166;36094;32555;32553;97367;32550;32549;1882;1883;9611;6950;5737;9411;9416;9314;9628;9699;19438;44249;9058;1901362;1901576;44550;44711	2945	4297	3835	4725	2982.5	3859	4244.5	2545	522.5	2319.5	4465	5699	1352	6971	8093.5	2476	5764.5	6330	2168	1698.5	6908	7259	8202.5	7768	88645.5	4.432.275
ORTHO004163	lateral organ boundaries-domain 16	AT2G42430	5634;43231;43227;43226;5575;43229;44424;44464;5623;5622;10311;9791;44767;32502;8150;44699;44707;32501;7275;48645;48646;9653;48856;9887;48513;48731;10102;10101;10015;48364;22622;9886;48528;48569;48527	2946	2023	4325	5704	4356	2776	7562.5	1640.5	2202	5653	3136.5	7017.5	8410.5	8843	6560	2476	2253.5	7117	7792.5	711.5	6696	7392.5	2396.5	2940	93577	4678.85
ORTHO003643	XB3 ortholog 2 in Arabidopsis thaliana	AT5G57740	16874;3824;3674;8152;8150;51865;16567;32446;70647;6464;36211;19538;43170;71704;44238;43412;44267;44260;44237;9987;4842;19787;16740;10366;31336;51175;42762;31323;50794;50789;65007;19222;31324;48523;48519;9892;45763;33239;51172;51171;33238;6521;80090;10565;31335;1900912;1900911;9889;1900908;9890;1900909;31327;31326;10364;6511;19941;51603;6508;44257;30163;9057;1901575;9056;44265;44248;43632;5515;5488;8270;46914;46872;43169;43167;10311;9791;44767;32502;44699;44707;32501;7275;48645;48646;9653;48856;9887;48513;48731;10102;10101;10015;48364;22622;9886;48528;48569;48527;9733;9725;9719;50896;10033;42221	2947	1834	3830.5	4714	4356	6810	5597.5	864	1625	1926.5	5589	1576.5	1352	7954.5	8968.5	976.5	935.5	6737.5	7764.5	3254	7709	7567	8455.5	2940	88603	4430.15
ORTHO006454	purine permease 11	AT1G44750	16021;31224;44425;5575;16020;55085;44763;9987;8150;44699;44765;6810;51234;51179;1902578;5345;15205;22891;22857;5215;3674;22892;15851;71705;71702;6863;9507;9536;43231;43227;43226;43229;44424;44464;5623;5622;44444;5737	2948	4052	4467	5986	2375	4251	8324.5	3021	7046.5	8118.5	4016	5960	4955.5	6389.5	6728	7782	2909.5	4154.5	3473	6397	3675	3026	3020	1958.5	95206	4760.3
ORTHO006262	homolog of yeast autophagy 18C	AT2G40810;AT3G56440	6914;44248;9056;8152;8150;44237;9987;5774;44437;44444;44424;44464;5575;5623;5622;5737;44446;44422;43226;43229;5773;43231;43227;98588;31090;16020;98805;80025;1902936;1901981;35091;5543;8289;5488;3674;43168;43167;42594;31667;9991;9605;50896;6950;5634	2949	4856	3225.5	3502	2982.5	1959	4638.5	3698.5	3914.5	8647.5	4570	907	5195	7699.5	7349.5	3976.5	3076	7821.5	3504.5	5852	2468	1228	1322	4174.5	82002	4100.1
ORTHO002421	Nascent polypeptide-associated complex (NAC); alpha subunit family protein	AT3G12390;AT5G13850	5634;43231;43227;43226;5575;43229;44424;44464;5623;5622;22626;44445;44444;5737;5829;5840;30529;32991;43232;43228;9651;6970;9628;50896;8150;6950;9506;5911;30054;55044;5794;12505;15031;45184;51234;51179;8104;33036;71702;6810;3674	2950	2939	1992	1034	2097	7694	3129.5	676	6493	4335.5	3269.5	4018.5	4555.5	3815.5	1812.5	1606	3047.5	4595	839.5	3747	3264	1090.5	3188	1615.5	62792.5	3.139.625
ORTHO004857	CAAX amino terminal protease family protein	AT5G60750	6508;19538;43170;71704;8152;8150;44238;9643;9642;9416;9314;9628;50896;9507;9536;43231;43227;43226;5575;43229;44424;44464;5623;5622;44444;5737;8233;16787;3824;3674;4175;70011;5886;16020;71944	2951	4035	2776.5	2602	2375	1423	7158.5	5813.5	4953	7539	2402	2230.5	4677	3408	2702.5	6712.5	3682	2199.5	6185.5	738.5	3978	2213.5	2794.5	5913	76724	3836.2
ORTHO001233	S-adenosyl-L-methionine-dependent methyltransferases superfamily protein	AT1G48600;AT1G73600;AT3G18000	5737;44424;44464;5575;5623;5622;6656;46470;97164;6807;8152;8150;42439;6066;1901615;71704;44281;44710;44699;44763;9987;6576;44106;9308;1901564;34641;44237;6650;6644;19637;6793;44255;6629;44238;6796;46486;46474;45017;8610;1901576;9058;44711;44249;8654;90407;46165;1901617;44283;1901566;234;8170;8168;16741;16740;3824;3674;32259;8757;52667;9860;44702;22414;904;902;32989;16043;71840;9653;32502;48856;48869;44767;48468;30154;3006;48588;48589;40007;16049;9932;9826;60560;48868;9856;44703;51704;44706;32501;10183;50918;6935;42330;40011;9605;50896;42221;9555;48229;7275;44707;42425;19695;42401;9309;44271;5829;44444;48528;9791;48364;48513;48731;22622;48569	2952	5788	5775	8598	5260.5	8118	4698	9151.5	6943.5	3823.5	3426.5	5931	1352	5941	988	6712.5	7873	7408	9031	9141.5	316.5	9088.5	9053	8828.5	117825.5	5.891.275
ORTHO007389	unknown protein	AT1G72020	8150;3674	2953	4515	3576.5	4200	5439	7499.5	2414	6831.5	6493	1462	982	743.5	1352	2711.5	5596.5	6712.5	4761	4253	4607.5	7692.5	1863.5	5213.5	7486	7223	85898	4294.9
ORTHO003289	Fibronectin type III domain-containing protein	AT3G24440	6351;34645;44260;43170;71704;8152;8150;44237;9987;9059;1901576;9058;44249;97659;32774;16070;90304;6139;46483;6725;1901360;34641;6807;44238;34654;19438;44271;18130;1901362;10467;51571;31062;31060;31056;1903308;1902275;33044;33043;51128;50794;50789;65007;31399;32268;51246;80090;19222;60255;31323;31058;1903310;2001252;10638;51130;48522;48518;31401;32270;31325;9893;51247;10604;51569;10048;9409;9266;9628;50896;6950;16568;6325;43933;16043;71840;51276;6996;5515;5488;3674;9908;90567;48608;3006;32502;22414;48856;61458;48731;7275;44767;44699;44707;32501;44702;9791;48367;5677;44428;44446;44422;5575;43226;44424;44464;5623;5622;43229;5634;43231;43227;43234;32991;9909;48580;2000026;50793;51239;48831;2000241;61087;61085;16607;16604;44451;5654;31981;70013;43233;31974;45814;10629;10605;9892;48519;10468;40029;16571;6479;43414;32259;43412;8213;6464;36211;19538;44267;16570;16569;1902589;44763;44710;48575;48572;9648;9416;9314;48573;10228;46872;43169;43167	2954	1939	1620.5	287	4356	819.5	6200	548.5	239.5	2235	744	155.5	3869.5	4560	6464.5	1830	1941.5	5221.5	122.5	201.5	5637	1466	1072	3565	46893	2344.65
ORTHO001611	apyrase 1	AT3G04080;AT5G18280	5802;98791;44431;44444;44424;44464;5575;5623;5622;5737;44446;44422;43226;43229;5794;43231;43227;12505;31984;16021;31224;44425;16020;17110;16462;16818;16817;16787;3824;3674;8152;8150;5524;35639;1901265;1901363;5488;97159;43168;43167;32559;30554;17076;166;36094;32555;32553;97367;32550;32549;1882;1883;45134;5768;4382;5516;5515;90450;9846;44707;32501;44699;9856;44703;51704;22414;44706;16887;17111;9507;9536	2955	4912	4617.5	6280	5938.5	8633	5450	3642.5	597.5	8535.5	513.5	5395	7377.5	8316	7939.5	5325.5	276	8196	2241.5	3108	2621	7392.5	3821	7453	96834.5	4.841.725
ORTHO004489	unknown protein	AT5G18420	3674;8150	2956	1905	3091	3226	4356	201.5	2234.5	917.5	7831	3055	8871	7898.5	6895.5	4560	6192.5	6712.5	1962.5	5221.5	4607.5	4392	5061.5	1228	986.5	1644	80473	4023.65
ORTHO006394	unknown protein	AT1G73885	9535;55035;42651;34357;16020;5575;44436;44424;44464;5623;5622;9579;44435;44444;5737;44446;44422;43226;43229;9536;43231;43227;31976;31984;44434;9507;9534;8150;3674	2957	1292	3608.5	4260	4356	8796	7851	1855	1625	2770	2539	4991	8675.5	5077	841.5	1429.5	935.5	7659.5	1290	6322.5	1435.5	8625	8796	4678.5	86193	4309.65
ORTHO006158	aldehyde dehydrogenase 7B4	AT1G54100	5829;44444;44424;44464;5575;5623;5622;5737;9737;9725;9719;50896;8150;10033;42221;33993;97305;1901700;1101;9651;6970;9628;6950;55114;44710;8152;44699;9269;9414;9415;10035;4028;16620;16903;16491;3824;3674	2958	3034	3891	4824	4356	3073.5	1184.5	2962.5	9120.5	4887	118	7641.5	3331	8485	5596.5	7782	2205	9097	4795.5	2409.5	2207.5	9153	4773	330.5	89153	4457.65
ORTHO003567	Protein of unknown function (DUF1637)	AT2G42670;AT3G58670	55114;44710;8152;8150;44699;5737;44424;44464;5575;5623;5622;17172;16702;16701;16491;3824;3674;51213;47800;46872;43169;43167;5488;5634;43231;43227;43226;43229;9061;45333;15980;6091;44237;9987;44763;70483;1666;36293;70482;9628;50896;6950;3032;9593;51606;42221;18171;18198;18193;6464;36211;19538;43170;71704;44238;43412;44267;44260;18158	2959	5918	4148.5	5338	6664	3573	4885.5	2071	3425	8398	4952.5	7635.5	1352	8795	1910.5	6075	1806	8995	2986	2326	3586.5	8942	3123.5	6883	91721	4586.05
ORTHO005111	Protein of unknown function (DUF506)	AT3G22970	5634;43231;43227;43226;5575;43229;44424;44464;5623;5622;8150;3674;9507;9536;44444;5737	2960	6337	1541.5	123	5651.5	3938.5	5410	3729.5	985	8647.5	544	863	1352	138	136.5	3232.5	2687.5	398	1788	1189.5	2280	250.5	779	391	38740	1937
ORTHO005952	emp24/gp25L/p24 family/GOLD family protein	AT3G07680	32580;139;98588;31090;16020;5575;44422;43226;43227;44431;44444;44424;44464;5623;5622;5737;44446;43229;5794;43231;12505;31985;98791;31984;5795;8320;8565;22892;5215;3674;6810;51234;51179;8150;15031;45184;8104;33036;71702;22884;22891;22857;55085;44763;9987;44699;44765;1902578;71806;16192;30134;30133;16023;31988;31982;31410;30135;16021;31224;44425;6886;46907;51649;51641;34613;70727;5789;44432;5783;42175	2961	3952	4204.5	5448	2097	1227	7399.5	6573	7183.5	4871.5	8651	1198.5	5195	3815.5	3265	3976.5	3958.5	3121	3792	6860	4668.5	3955.5	6040	6553	92304.5	4.615.225
ORTHO005023	FASCICLIN-like arabinogalactan 2	AT4G12730	5886;16020;5575;44464;5623;71944;5774;44437;44444;44424;5622;5737;44446;44422;43226;43229;5773;43231;43227;98588;31090;98805;10583;14070;10033;42221;50896;8150;31225;31224;44425;46658;31226;44459	2962	2693	2064	1166	1812	1089	2032.5	488	8577	3122	3702.5	2851	5740	3815.5	4233.5	1830	3521.5	5221.5	3792	4211	1633.5	1910	4047.5	2784	64602	3230.1
ORTHO005569	Tetratricopeptide repeat (TPR)-like superfamily protein	AT1G11630;AT1G61870	5739;43231;43227;43226;5575;43229;44424;44464;5623;5622;44444;5737;8150;5743;19866;31090;16020;44422;31967;31975;44446;31966;44429;5740;3723;3676;1901363;5488;3674;97159;166;36094;1901265	2963	2390	2649.5	2336	4356	8077	2121.5	1204.5	2760.5	432	2653	172	1352	8638.5	7535	2476	6027	5886.5	1118.5	5002	5903.5	6429	2965	4060.5	74814	3740.7
ORTHO004254	Protein phosphatase 2C family protein	AT3G16560	6470;16311;6796;6793;44237;8152;8150;9987;6464;36211;19538;43170;71704;44238;43412;44267;44260;5634;43231;43227;43226;5575;43229;44424;44464;5623;5622;4722;4721;16791;42578;16788;16787;3824;3674;46872;43169;43167;5488	2964	2756	2380.5	1797	1522.5	1839.5	5048.5	4734	800	3594	2653	1854	1352	8436.5	8429	2914	562	4887	7862.5	3933	1933.5	4873	4026	1120	70851.5	3.542.575
ORTHO004748	Exostosin family protein	AT1G67410	16740;3824;3674;8152;8150;16020;5575;5794;43231;43227;43226;43229;44424;44464;5623;5622;44444;5737;12505	2965	2289	4056.5	5148	1689.5	7528	715.5	446.5	3632	2472.5	9114	35.5	8306	7996	7917.5	2476	8188.5	7571	7901.5	586	2573	6512.5	1555.5	5222.5	90750	4537.5
ORTHO004877	Glutaredoxin family protein	AT2G41330;AT3G57070	5634;43231;43227;43226;5575;43229;44424;44464;5623;5622;15035;15036;16667;16491;3824;3674;8152;8150;55114;44710;44699;45454;19725;42592;65008;65007;44763;9987;50794;50789;9055	2966	5343	4899	6832	6358.5	5799	3327	2322	5994	6733	6543	3422.5	6227	1800.5	5034.5	3976.5	5962.5	4400	6897.5	6467.5	6696	6077	6282.5	6210	100172	5008.6
ORTHO002508	NOD26-like intrinsic protein 1	AT4G18910;AT4G19030	5886;16020;5575;44464;5623;71944;80170;55085;44763;9987;8150;44699;44765;6810;51234;51179;1902578;15700;15698;6820;6811;15105;15103;8509;15075;22891;22857;5215;3674;22892;34220;98656;15250;22838;15267;22803;5372;6833;42044;46685;42221;50896;5737;44424;5622;5515;5488;31347;80134;48583;50789;65007	2967	3479	3109.75	3252.5	2097	1329	1519.5	7935.5	3152	7666.5	118	6100	1352	5828	1209.5	7360.5	8310.5	7335.5	1862	2373.5	2207.5	7786.5	2479	4678.5	80603.5	4.030.175
ORTHO000263_3	VACUOLAR SORTING RECEPTOR 6	AT1G30900;AT2G34940;AT4G20110	31902;10008;98588;31090;16020;5575;44422;43226;43227;44440;44444;44424;44464;5623;5622;5737;44446;43229;5768;43231;12505;98805;5770;139;44431;5794;17119;43234;32991;15031;45184;51234;51179;8150;8104;33036;71702;6810;30665;30662;30659;12506;31988;31982;44433;31410;16023;30135;30136;6623;1902580;51641;1902578;44699;6605;6886;46907;51649;34613;70727;1902582;44765;16482;72665;33365;72666;72594;7034;5887;31226;44459;44425;5886;71944;31224;16021;5509;46872;43169;43167;5488;3674;5802;98791;31984	2968	4705	5715	8462	5172	3672	1377.5	8935.5	3229.5	6459.5	4876.5	9065	8859	5523.5	934	6712.5	7469	9050	2764	3254	8935.5	8687.5	8853.5	6456	115114	5755.7
ORTHO003711	P-loop containing nucleoside triphosphate hydrolases superfamily protein	AT4G14330	5874;44430;44446;44422;5575;43226;44424;44464;5623;5622;43229;5856;43232;43228;43234;32991;15630;5524;35639;1901265;1901363;5488;3674;97159;43168;43167;32559;30554;17076;166;36094;32555;32553;97367;32550;32549;1882;1883;3777;3774;17111;16462;16818;16817;16787;3824;8152;8150;7018;6928;44763;9987;44699;7017;9524;44444;5737;5871;5875	2969	2718	2778	2587	1812	2629	5673.5	3467	5851.5	2472.5	5030	705.5	5066	3815.5	3265	6712.5	3299	7471.5	4328.5	3676.5	5779	1466	3561.5	2314	76584	3829.2
ORTHO002075	mannose-1-phosphate guanylyltransferase (GDP)s	AT4G26850;AT5G55120	52544;52542;6952;6950;50896;8150;52545;33037;33036;51179;52543;52386;42545;71555;45229;16043;71840;9987;71554;70727;51641;1902580;1902578;44699;52482;33554;51716;44763;9753;9725;9719;10033;42221;1101;1901700;42742;9617;51707;43207;9605;9607;51704;98542;9408;9266;9628;19853;46394;16053;6082;71704;8152;44281;44710;44237;44283;44711;9058;1901576;44249;19752;43436;46364;5996;44723;5975;44238;16051;42364;6767;6766;9110;19852;16787;3824;3674;166;36094;5488;1901265;1901363;97159;5737;44424;44464;5575;5623;5622;10475;70568;16779;16772;16740;10474;5085;98772;43547;43087;51336;50790;19222;50789;65007;65009;51345;43085;44093;9893;48518;10472;6006;19318;10473;10471;8905;5634;43231;43227;43226;43229;80048;4645;16758;16757;80046;35251;46527;8194;8928;10193;302;6979;10035	2970	5049	5442	7914	5938.5	2501	5345.5	2838	1916	6551	8770	6651.5	6895.5	8210.5	7667.5	7782	7922.5	4887	7482.5	5126.5	4519	3609.5	2730.5	6883	108289	5414.45
ORTHO006367	Mitochondrial import inner membrane translocase subunit Tim17/Tim22/Tim23 family protein	AT5G51150	9507;9536;43231;43227;43226;5575;43229;44424;44464;5623;5622;44444;5737;16021;31224;44425;16020	2971	2561	1848.5	726	1689.5	1089	1985	6741	1839.5	2235	1810	2000.5	3492.5	3815.5	4233.5	1830	1102.5	5101.5	3792	4211	3870	1910	3986	2784	57828.5	2.891.425
ORTHO005916	HMG (high mobility group) box protein	AT4G11080;AT4G23800	5634;43231;43227;43226;5575;43229;44424;44464;5623;5622;794;228;44428;44446;44422;5694;43232;43228;31981;70013;43233;31974;793;3700;1071;3674;2001141;31326;9889;19222;50789;65007;8150;31323;50794;51252;19219;80090;51171;60255;10556;6355;1903506;10468;2000112;3677;3676;1901363;5488;97159	2972	3964	2553	2134	4356	1227	2080	6741	7325.5	2330	1810	1070.5	5740	3815.5	3265	6712.5	400	3580	4113.5	7299	1830	4525.5	6854	2699.5	73418.5	3.670.925
ORTHO005125	photosystem I subunit E-2	AT2G20260;AT4G28750	9507;9536;43231;43227;43226;5575;43229;44424;44464;5623;5622;44444;5737;9534;31976;9579;31984;44446;44422;44435;44434;9941;9526;31967;31975;9538;98796;43234;32991;44425;16020;44436;9522;9521;34357;9535;55035;42651;10287;9570;9532;9735;9725;9719;50896;8150;10033;42221	2973	4823	4595.5	6218	2982.5	8600	3025	2392	8950	5439.5	6763.5	1708.5	6397.5	1800.5	5034.5	6712.5	6208.5	3121	284	6860	6578.5	3609.5	6624.5	6379.5	96489	4824.45
ORTHO000892_2	cinnamate-4-hydroxylase	AT2G30490	5774;44437;44444;44424;44464;5575;5623;5622;5737;44446;44422;43226;43229;5773;43231;43227;98588;31090;16020;98805;20037;46906;1901363;5488;3674;97159;5515;9699;19438;6725;44237;8152;8150;9987;44249;9058;1901362;1901360;71704;1901576;44550;19748;44710;44699;44711;9698;44763;55114;9808;40007;9555;48229;7275;44767;32502;44707;32501;48856;9416;9314;9628;50896;16710;16709;16705;16491;3824;4497;5576;5794;12505;16021;31224;44425;6744;6743;6733;6732;51186;1901661;42180;44281;1901663;9108;51188;42181;44283;5783;5506;46914;46872;43169;43167;9505;5618;30312;71944;9611;6950;42802;9506;5911;30054;55044;5886;80167	2974	2079	3516.5	4059	1689.5	2672	6407	397	2592	1462	2539	8441	8205.5	7850	7548.5	2476	8092	6590	7435.5	461.5	2270.5	5924	1072	2699.5	85135	4256.75
ORTHO009428	Tetratricopeptide repeat (TPR)-like superfamily protein	AT1G28690	8150;5739;43231;43227;43226;5575;43229;44424;44464;5623;5622;44444;5737	2975	4603	5554	8133	2982.5	8470.5	4638.5	2614.5	6943.5	7485	3269.5	3872	7377.5	8316	7999	7782	1155.5	4673.5	3944	6368.5	5170.5	6714	5826.5	7792.5	110413	5520.65
ORTHO005796	RNA-binding (RRM/RBD/RNP motifs) family protein	AT4G35785	5634;43231;43227;43226;5575;43229;44424;44464;5623;5622;166;36094;5488;3674;1901265;1901363;97159;3676;8150;30529;32991	2976	3968	1527.5	79	2097	4008	6890	3947	196	4345.5	354.5	247	1352	138	136.5	3183	2738	261.5	206.5	2713.5	2485.5	398.5	1035	240.5	34876.5	1.743.825
ORTHO000314_2	Major facilitator superfamily protein	AT3G21670	42128;42126;43436;6082;71704;8152;8150;44281;44710;44699;44763;9987;44237;2001057;6807;71941;16021;31224;44425;5575;16020;6857;15833;42886;71705;6810;51234;51179;44765;1902578;71702;5886;44464;5623;71944;15293;15291;22804;22857;5215;3674;55085	2977	3131	4254	5531	2097	5833.5	1519.5	6978.5	1839.5	7967.5	3526	6674.5	3550	6455	6867.5	7782	2611.5	4507	4328.5	1869	4519	6340.5	6709	2850	92728	4636.4
ORTHO006973	Haloacid dehalogenase-like hydrolase (HAD) superfamily protein	AT4G33140	9264;9262;1901135;71704;8152;8150;9117;6753;19637;6793;44237;9987;55086;6139;46483;6725;1901360;34641;6807;44238;44281;44710;44699;44763;6796;9166;1901292;44712;9056;46434;1901575;34655;19439;44248;44270;1901361;46700;1901136;8253;8252;16791;42578;16788;16787;3824;3674;16311	2978	3014	4162.75	5347.5	2097	3205.5	5955	3862.5	9072.5	2799	6912.5	337.5	1352	5378	766.5	1606	7649.5	9018.5	3067.5	3146	3211	8368.5	8853.5	7223	91784.5	4.589.225
ORTHO005012	unknown protein	AT4G39840	5768;43231;43227;43226;5575;43229;44424;44464;5623;5622;44444;5737;12505;5802;98791;44431;44446;44422;5794;31984;8150;3674	2979	3349	5438.5	7898	2097	880.5	961	3588	7632	4185	5227	7259.5	7189	6971	7258.5	7782	6896.5	8278	1311	3254	8850	7756.5	8520	4291.5	108091	5404.55
ORTHO004375	Small nuclear ribonucleoprotein family protein	AT1G20580	34719;43234;32991;5575;44444;44424;44464;5623;5622;5737;34715;387;22618;71826;43933;16043;71840;8150;9987;34622;65003;22607;44085;22613;398;6397;16071;16070;44260;43170;71704;8152;44237;90304;6139;46483;6725;1901360;34641;6807;44238;6396;10467;377;375;8380;71011;5681;44428;44446;44422;43226;43229;5634;43231;43227;30529;5687;97525;30532;97526;5686;5685;3723;3676;1901363;5488;3674;97159;243;5684;5682;5829;5730;43232;43228;31981;70013;43233;31974;71010;245;71013;5689;5732;48589;44767;32502;44699;40007	2980	5485	5220.5	7461	2982.5	1381.5	8499.5	5957	6823.5	5076.5	7734.5	2343.5	6071.5	1800.5	5034.5	5325.5	5864.5	3949	6700.5	7871	6180.5	5924	6040	6057.5	104635	5231.75
ORTHO006747	Domain of unknown function (DUF543)	AT1G22520;AT1G72170	5634;43231;43227;43226;5575;43229;44424;44464;5623;5622;3674;5739;44444;5737;8150	2981	3997	3303	3625	2097	3351.5	2155	6741	7183.5	3240.5	6763.5	1198.5	5740	3815.5	3265	6712.5	4252.5	2199.5	122.5	7138.5	4946	4525.5	6709	2575	82635	4131.75
ORTHO003336	NAD(P)-binding Rossmann-fold superfamily protein	AT4G27760;AT5G53090;AT5G53100	16491;3824;3674;8152;8150;55114;44710;44699;5634;43231;43227;43226;5575;43229;44424;44464;5623;5622;7275;44767;32502;44707;32501;10073;48507;9888;48856;48513;48731;5783;44444;5737;12505	2982	1394	3129.5	3277	4356	3632	3628.5	8705.5	2465.5	3190.5	4570	6120	7377.5	7387.5	8316.5	2476	2891.5	7028	732	860	1610.5	4471.5	3393.5	1906.5	80763	4038.15
ORTHO007343	non-intrinsic ABC protein 11	AT1G65410	9507;9536;43231;43227;43226;5575;43229;44424;44464;5623;5622;44444;5737;9570;9532;44435;44446;44422;44434;6869;44765;6810;51234;51179;8150;1902578;44699;71702;10876;33036;5215;3674;5524;35639;1901265;1901363;5488;97159;43168;43167;32559;30554;17076;166;36094;32555;32553;97367;32550;32549;1882;1883;16887;17111;16462;16818;16817;16787;3824;8152	2983	2451	2457	1931	4356	9014	1068	3522	3682	4533.5	4295	5851	1352	6764.5	6867.5	2476	8360.5	4887	1655.5	1291.5	239	1466	1235	3565	72125	3606.25
ORTHO005187	Alpha-helical ferredoxin	AT1G16700;AT1G79010	5739;43231;43227;43226;5575;43229;44424;44464;5623;5622;44444;5737;5747;45271;30964;98796;43234;32991;44425;16020;1990204;1902494;98803;70469;98800;98798;44429;44446;44422;44455;31966;31090;5740;31967;31975;5743;19866;5746;55114;44710;8152;8150;44699;8137;50136;3954;16651;16491;3824;3674;16655;46872;43169;43167;5488;51539;51536;51540	2984	4800	3976	4968	2982.5	1423	4904	5568.5	7046.5	6308	5973.5	6861.5	5740	1800.5	4164	6712.5	3344	3121	5851	5062.5	3675	2541	4324	5433.5	89854	4492.7
ORTHO003460	RNA-binding (RRM/RBD/RNP motifs) family protein	AT3G15010	5730;44428;44446;44422;5575;43226;44424;44464;5623;5622;43229;5634;43231;43227;43232;43228;31981;70013;43233;31974;166;36094;5488;3674;1901265;1901363;97159;9693;9692;43449;1900673;71704;8152;8150;44237;9987;43450;1900674;1901576;9058;44249;3723;3676;10150;10260;7568;44767;32502;44699;48513;48856;48731;7275;44707;32501;48366;48827;48367;8219;16265;44763;6952;6950;50896	2985	2249	4937.5	6890	4356	1423	7766	7372.5	8331	1155	1981	1198.5	7743	7600	8638.5	7782	1356.5	6265.5	6531	5038	5988	6648	5586.5	2229	100633	5031.65
ORTHO003399	Calcium-binding EF-hand family protein	AT3G03430;AT5G17480	5737;44424;44464;5575;5623;5622;5509;46872;43169;43167;5488;3674;8150	2986	419	1637.5	289	248.5	4946.5	5597.5	1013.5	2202	103.5	478.5	5019	1352	8727.5	9073.5	1073.5	2647.5	2724.5	241.5	60.5	118.5	412	264.5	988.5	47044.5	2.352.225
ORTHO001465	Nucleotide-diphospho-sugar transferases superfamily protein	AT1G19300;AT3G50760	45489;271;5976;5975;71704;8152;8150;44238;43170;16051;44723;44710;44699;1901576;9058;44711;9059;45488;10393;5794;43231;43227;43226;5575;43229;44424;44464;5623;5622;44444;5737;12505;32504;3;32501;48366;48827;48856;32502;48367;44767;48731;7275;44707;16757;16740;3824;3674;52386;42545;71555;45229;16043;71840;9987;71554;5783;47262;8194;16758;10417;45492;45491;10410;10383;44036;44260;44237;70592;33692;34637;44262;44763;44249;44264;34645;44038;70589;44085;42546;10413;10051;3002;7389;16021;31224;44425;16020;139;98588;31090;44422;44431;44446	2987	5842	1618.5	250	6534	3896.5	1457	3914.5	4111.5	7183	5169	1198.5	1352	138	136.5	3232.5	2838	398	2168	3331	2840.5	329	1203	487	45383.5	2.269.175
ORTHO000776	eukaryotic release factor 1-2	AT1G12920;AT3G26618;AT5G47880	6415;43624;43241;32984;43933;16043;71840;8150;9987;22411;44763;44699;71822;6412;43043;43604;43603;34641;6807;8152;44237;44271;44249;9058;6518;1901564;71704;1901566;1901576;44267;19538;43170;44238;44260;34645;9059;10467;3747;8079;8135;3723;3676;1901363;5488;3674;97159;18444;43234;32991;5575;44444;44424;44464;5623;5622;5737;5886;16020;71944;5829	2988	4165	2761	2534	1551	8425	7194	3680	5144	6273	4890	6651.5	1352	4134.5	4462	1239.5	2999	7967.5	1862	1788	2722.5	1466	3227	847	76324.5	3.816.225
ORTHO000393_2	CTP synthase family protein	AT4G02120	5737;44424;44464;5575;5623;5622;5524;35639;1901265;1901363;5488;3674;97159;43168;43167;32559;30554;17076;166;36094;32555;32553;97367;32550;32549;1882;1883;44210;6241;9209;9208;9147;9141;6753;19637;71704;8152;8150;6793;44237;9987;55086;6139;46483;6725;1901360;34641;6807;44238;44281;44710;44699;44763;6796;9199;9201;9142;1901293;90407;1901576;9058;34654;19438;44249;44271;18130;1901362;44711;9148;9220;9260;46390;19693;1901135;1901137;9165;9117;9259;9218;6220;72527;1901564;6221;72528;1901566;46132;46131;9119;9116;1901657;6213;46134;9163;1901659;42455;46036;3883;16879;16874;3824	2989	2041	3535.25	4081.5	4356	2897	2234.5	7372.5	1042.5	1777	2129.5	3108	1352	7600	8638.5	2476	8323.5	6183.5	3792	5002	5903.5	6679	6538.5	2229	85278.5	4.263.925
ORTHO004241	Structural maintenance of chromosomes (SMC) family protein	AT3G47460;AT5G62410	796;44427;44446;44422;5575;43226;44424;44464;5623;5622;43229;5694;43232;43228;44815;43234;32991;793;5524;35639;1901265;1901363;5488;3674;97159;43168;43167;32559;30554;17076;166;36094;32555;32553;97367;32550;32549;1882;1883;5215;6810;51234;51179;8150;5634;43231;43227;7076;30261;1902589;6996;16043;71840;9987;44763;44699;6323;71103;51276;1903047;22402;7049;278;70;819;98813;7059;7067;280;48285;51301;51321;3	2990	3276	5929	8868	4356	1885	4118.5	7762	6493	2170.5	3136.5	5172.5	8306	8766.5	5856	7782	7397	7073	8509	9057	8350.5	8525.5	8700	5222.5	124283	6214.15
ORTHO002246	peptidyl-prolyl cis-trans isomerase / cyclophilin-40 (CYP40) / rotamase	AT2G15790	6457;9987;8150;3755;16859;16853;3824;3674;8152;413;18208;18193;6464;36211;19538;43170;71704;44238;43412;44267;44260;44237;5829;44444;44424;44464;5575;5623;5622;5737;42277;33218;5488;10582;44702;22414;44699;3006;32502;10022;44767;44707;32501;10073;48507;9888;48856;48513;48731;7275;9908;90567;48608;61458;9791;48367;10050	2991	5459	4030	5069	2982.5	3818.5	5686	5813.5	1994.5	4637	4410	3422.5	1352	8727.5	7885	7782	1962.5	7846	2507	6001	1563	5789.5	1828	7376.5	90402	4520.1
ORTHO002351	Haloacid dehalogenase-like hydrolase (HAD) superfamily protein	AT2G38740	5829;44444;44424;44464;5575;5623;5622;5737;46872;43169;43167;5488;3674;5886;16020;71944;16787;3824;8152;8150	2992	1835	1973.5	955	4356	3296	5643	1709	6124	3240.5	74.5	2038	6804.5	4616	6192.5	1830	7962.5	5056.5	732	1043.5	593.5	822	728.5	3103.5	61610	3080.5
ORTHO007596	ubiquitin family protein	AT3G13235	5634;43231;43227;43226;5575;43229;44424;44464;5623;5622;5829;44444;5737;46686;10038;10035;42221;50896;8150;6508;19538;43170;71704;8152;44238;31593;43130;32182;5515;5488;3674	2993	1896	5147.25	7301.5	4356	5833.5	776.5	3354	9049	4289.5	1312.5	6374.5	7498	7448.5	8512	2476	5561	8318	7562	2409.5	8019	6512.5	5902.5	2166	103374.5	5.168.725
ORTHO000861	Neutral/alkaline non-lysosomal ceramidase	AT1G07380;AT2G38010;AT5G58980	46514;30149;1901565;1901564;71704;8152;8150;6807;1901575;9056;46466;44242;16042;44712;44710;44699;6629;44238;44255;44763;9987;44237;44248;6643;6665;6672;43603;34641;46512;44271;44249;9058;6670;97164;46519;34311;19751;6066;1901615;44281;46520;30148;46467;8610;1901576;44711;1901566;34312;46173;46165;1901617;44283;5576;5575;90156;55088;48878;42592;65008;65007;55082;19725;42759;6633;72330;46394;16053;6082;19752;43436;32787;6631;1676;17040;16811;16810;16787;3824;3674;34599;6979;6950;50896;33554;51716;70887;42221;5774;44437;44444;44424;44464;5623;5622;5737;44446;44422;43226;43229;5773;43231;43227;98588;31090;16020;98805;5783;12505;9506;5911;30054;55044	2994	4288	3474	3954	2982.5	5432.5	8704	5439.5	2666	3122	5788.5	4841.5	4492.5	3815.5	3521.5	6712.5	3224	2199.5	5220.5	4100	3551.5	2433.5	4037.5	5222.5	84525	4226.25
ORTHO008169	ABC2 homolog 9	AT2G40090	5886;16020;5575;44464;5623;71944;16772;16740;3824;3674;8152;8150;5215;6810;51234;51179	2995	2708	3698	4401	1812	4758	3628.5	7084	7455	3718.5	2809.5	4566	6731.5	6971	7082.5	2476	2041	5886.5	5128	4664.5	4519	2112.5	1523.5	3721	86876.5	4.343.825
ORTHO003147	Alkaline phytoceramidase (aPHC)	AT4G22330	5634;43231;43227;43226;5575;43229;44424;44464;5623;5622;5783;44444;5737;12505;30148;46467;6643;44255;6629;71704;8152;8150;44710;44699;44238;44763;9987;44237;8610;1901576;9058;44711;44249;1901566;1901564;6807;6665;9651;6970;9628;50896;6950;16020;3824;3674;9814;98542;6952;51707;43207;9605;9607;51704;45087;6955;2376;16811;16810;16787;5794	2996	3761	2971.5	2947	2097	4434.5	4785	2114.5	393.5	6065.5	1981	8224	5066	3815.5	3265	6712.5	3891.5	3121	3730.5	4630.5	4668.5	3754	5902.5	2314	78869.5	3.943.475
ORTHO003367	histidine kinase 5	AT5G10720	5773;43231;43227;43226;5575;43229;44424;44464;5623;5622;44444;5737;5886;16020;71944;9736;9755;7165;50794;50789;65007;8150;51716;9987;50896;7154;44763;44699;44700;23052;32870;9725;9719;10033;42221;71495;71310;70887;71368;9735;18106;6468;16310;6796;6793;44237;8152;6464;36211;19538;43170;71704;44238;43412;44267;44260;18202;18193;10105;70298;70297;1902531;9966;10646;48583;23051;1902532;9968;48585;48519;10648;48523;23057;10104;48364;44767;32502;48513;48856;48731;7275;44707;32501;22622;46872;43169;43167;5488;3674;90333;10119;4673;4672;16301;16772;16740;3824;16773;16775;160;35556;70301;34614;302;6979;6950;1901700;34599;33554;1901701;42542;10035;71219;2237;43207;9605;9607;9617;51707;51704;71216;71732;1902170;1901699;1901698;71241;71731;9788;1901420;1901419;9787	2997	1921	2669.75	2342.5	4356	8926	1247	3834	8207	5665	2216.5	5839	1352	5845	1278.5	1830	9020.5	8162	2770.5	3208	461	596	1157	3238	74853	3742.65
ORTHO004574	GYF domain-containing protein	AT5G42950	9507;9536;43231;43227;43226;5575;43229;44424;44464;5623;5622;44444;5737;3674;9737;9725;9719;50896;8150;10033;42221;33993;97305;1901700;1101	2998	2920	3232.5	3467	4356	1089	6200	7084	8541.5	4746	1623	6756	1352	4179	5254.5	1830	235.5	5221.5	5430	178	7386	6429	4806.5	3447.5	81789	4089.45
ORTHO002248	alpha/beta-Hydrolases superfamily protein	AT4G39955;AT5G09430	5886;16020;5575;44464;5623;71944;8152;8150;16787;3824;3674;5737;44424;5622	2999	4255	5401.5	7804	2982.5	739.5	3628.5	5095	5851.5	4267	4912.5	1400	8446	5500	810.5	3976.5	7599.5	8327	8720.5	9073.5	8350.5	8330.5	3393.5	8821.5	107243.5	5.362.175
ORTHO008143	ubiquitin-specific protease 15	AT1G17110	6511;19941;51603;6508;19538;43170;71704;8152;8150;44238;44257;30163;9057;1901575;9056;44265;44260;44237;9987;44248;44267;43632;4843;19783;8234;70011;8233;16787;3824;3674;36459;10154;48608;3006;32502;22414;48856;61458;48731;7275;44767;44699;44707;32501;16579;70646;70647;6464;36211;43412;61136;1903050;1903362;31329;9894;19222;50789;65007;31323;50794;42176;51246;80090;60255;32268;30162;48366;48827;48367;9908;90567;44702;9791;8283;5737;44424;44464;5575;5623;5622;43161;10498;5634;43231;43227;43226;43229;5576;16021;31224;44425;16020;4197;4175;48364;48513;22622	3000	3319	2845.5	2691	2097	4827.5	1881	4133.5	7455	1842.5	5351	1576.5	5740	3815.5	4842.5	6712.5	1000	5221.5	4328.5	4392	4445	2112.5	4521	3103.5	77301.5	3.865.075
ORTHO002054	Ubiquitin-like superfamily protein	AT1G62040;AT2G05630	6995;9267;31669;31667;9991;9605;50896;8150;31668;51716;9987;71496;7154;44763;44699;42594;6950;33554;43562;44804;6914;44248;9056;8152;44237;421;5774;44437;44444;44424;44464;5575;5623;5622;5737;44446;44422;43226;43229;5773;43231;43227;98588;31090;16020;98805;5776;19898;44425;61025;61024;16043;71840;45;70925;6996;22607;44085;7033;16236;44712;44710;422;61726;1903008;1902589;22411;7005;9507;9536;8017;32403;44877;5488;3674;5515;15631;8092;407;5829;5634	3001	6091	4024	5047	2982.5	5744.5	6506	5121.5	4323	2385.5	5973.5	7017.5	5740	1800.5	3936.5	3976.5	4998.5	3121	5502	2409.5	5422.5	5603	5263	5433.5	90278	4513.9
ORTHO005691	Protein kinase family protein with ARM repeat domain	AT5G18700	9506;5911;30054;5575;55044;9555;48229;7275;44767;32502;8150;44699;44707;32501;48856;914;1902407;912;32506;22402;44763;9987;7049;910;51301;22607;16043;71840;44085;61640;1902410;1903047;278;281;911;9574;44430;44446;44422;43226;44424;44464;5623;5622;43229;5856;43232;43228;44444;5737;15630;5524;35639;1901265;1901363;5488;3674;97159;43168;43167;32559;30554;17076;166;36094;32555;32553;97367;32550;32549;1882;1883;10245;226;7010;6996;1902589;7017;5874;43234;32991;7349;48646;9653;5819;10342;8017;32403;44877;5515;15631;8092;9793;44702;22414;3006;9790;48316;48608;61458;48731;9791;10154;9524;9556;48236;51321;3;48869;5886;16020;71944;16301;16772;16740;3824;8152;16310;6796;6793;44237	3002	3214	4436	5870	2097	7008.5	4118.5	7192	1328.5	930.5	2992.5	3686.5	6513.5	6764.5	7017.5	5325.5	5685	4747.5	5502	8125.5	5779	5434	2863.5	3565	94579.5	4.728.975
ORTHO005923	unknown protein	AT3G60850	8150;5634;43231;43227;43226;5575;43229;44424;44464;5623;5622;3674	3003	1691	1918.5	834	1479.5	7959	5794	1912	2202	5277	2216.5	581	1352	6971	7844	1307	1946.5	4673.5	381.5	1320	3345.5	3374.5	1157	308	59922	2996.1
ORTHO007910	Uroporphyrinogen decarboxylase	AT3G14930	9570;9532;44435;44444;44424;44464;5575;5623;5622;5737;44446;44422;43226;43229;9536;43231;43227;44434;9507;15995;6779;51188;51186;44237;8152;8150;9987;44249;9058;6778;33013;46483;6725;1901360;71704;1901564;6807;33014;19438;44271;34641;18130;1901362;1901576;1901566;46148;42440;44710;44699;44711;44763;15994;6782;46501;6783;42168;46686;10038;10035;42221;50896;4853;16831;16830;16829;3824;3674	3004	2182	2104	1204	4356	1423	715.5	4294	1042.5	1842.5	2539	3912.5	1352	8616.5	8638.5	2476	5962.5	5886.5	5128	2820	1808.5	3026	1498	2091	65072.5	3.253.625
ORTHO005317	GTP-binding protein Obg/CgtA	AT1G07615;AT1G07620	5525;35639;1901265;1901363;5488;3674;97159;43168;43167;32550;32549;1882;36094;97367;1883;32561;19001;17076;166;32555;32553;5739;43231;43227;43226;5575;43229;44424;44464;5623;5622;44444;5737;3924;17111;16462;16818;16817;16787;3824;8152;8150;287;46872;43169;5634	3005	1361	1930	855	4356	8278	1595.5	535	2301	2170.5	397.5	998	1352	4616	6497	1830	400	5518	444.5	4060.5	8300	4612.5	4149	2091	60146	3007.3
ORTHO006841	chaperone protein dnaJ-related	AT5G43260	9507;9536;43231;43227;43226;5575;43229;44424;44464;5623;5622;44444;5737;51082;5515;5488;3674;31072	3006	4655	4502	5998	5938.5	2097.5	5597.5	3713.5	4111.5	5527.5	4583	632	7377.5	8704	5413.5	3976.5	4666	7677.5	6265.5	4727.5	2885	7087	3418.5	6801.5	95262.5	4.763.125
ORTHO008278	YGGT family protein	AT5G21920	16020;5575;5886;44464;5623;71944;3674;8150;9535;55035;42651;34357;44436;44424;5622;9579;44435;44444;5737;44446;44422;43226;43229;9536;43231;43227;31976;31984;44434;9507;9534;16021;31224;44425	3007	2852	2889.5	2772	2097	8750	924	279.5	3176	2170.5	5249.5	8272.5	1352	7300	7258.5	2476	1294.5	8023	1942.5	2033	427	6612.5	6040	4091.5	77672.5	3.883.625
ORTHO003722	mini zinc finger 2	AT3G28917	5515;5488;3674;3677;3676;1901363;97159;6355;1903506;2001141;31326;9889;19222;50789;65007;8150;31323;50794;51252;19219;80090;51171;60255;10556;10468;2000112;46872;43169;43167;5634;43231;43227;43226;5575;43229;44424;44464;5623;5622;7275;44767;32502;44699;44707;32501;6351;34645;44260;43170;71704;8152;44237;9987;9059;1901576;9058;44249;97659;32774;16070;90304;6139;46483;6725;1901360;34641;6807;44238;34654;19438;44271;18130;1901362;10467	3008	1696	3098.5	3189	4356	4168.5	2155	1204.5	800	266	982	2851	7743	7699.5	8726.5	2476	1102.5	6330	5502	5519.5	6578.5	6791.5	6989	2382	80267	4013.35
ORTHO001665	Ribosomal L27e protein family	AT4G15000	6412;43043;43604;43603;34641;6807;8152;8150;44237;9987;44271;44249;9058;6518;1901564;71704;1901566;1901576;44267;19538;43170;44238;44260;34645;9059;10467;3735;5198;3674;22625;15934;44391;30529;32991;5575;44424;44464;5623;5622;44444;5737;44446;44422;43226;43229;5840;43232;43228;44445;5829;22626;44822;3723;3676;1901363;5488;97159	3009	4826	4625.5	6242	5396	2128	6915	8716	6943.5	6756.5	5540	4841.5	1352	8123.5	8927.5	2821	3215	6590	5648	4687	3375	5059	3795.5	1188	96622	4831.1
ORTHO005165	indole-3-butyric acid response 5	AT2G04550	6470;16311;6796;6793;44237;8152;8150;9987;6464;36211;19538;43170;71704;44238;43412;44267;44260;43407;71901;6469;45859;43549;42325;19220;51174;31323;50794;50789;65007;19222;51338;50790;65009;1932;31399;32268;51246;80090;60255;1933;42326;45936;10563;31324;48523;48519;9892;31400;32269;51248;10605;33673;51348;43086;44092;71900;43405;43408;1902531;9966;10646;48583;23051;43409;1902532;9968;48585;10648;23057;9737;9725;9719;50896;10033;42221;33993;97305;1901700;1101;9738;9755;7165;51716;7154;44763;44699;44700;23052;32870;71495;71310;70887;71215;71396;97306;1901701;71229;8138;4721;16791;42578;16788;16787;3824;3674;9734;71365;9733;33549;188;5515;5488;4725;35335;5634;43231;43227;43226;5575;43229;44424;44464;5623;5622	3010	2459	3101	3192	4356	3813	1330.5	7084	7978	4866.5	397.5	6055	7554	6187	1481.5	2080.5	1724	7910.5	2587	2935	2901.5	7441	2764	3179.5	80270	4013.5
ORTHO006051	Protein phosphatase 2C family protein	AT3G17090	4722;4721;16791;42578;16788;16787;3824;3674;8152;8150;16311;6796;6793;44237;9987;6470;6464;36211;19538;43170;71704;44238;43412;44267;44260;46872;43169;43167;5488	3011	4715	4077	5143	2982.5	4372.5	6506	2460.5	4788.5	8231.5	7382.5	5960	4865.5	2711.5	3265	6712.5	3124.5	7728	6785	2092	3756	2213.5	3606.5	4174.5	90736	4536.8
ORTHO000564_2	P-loop containing nucleoside triphosphate hydrolases superfamily protein	AT5G60930	9506;5911;30054;5575;55044;5524;35639;1901265;1901363;5488;3674;97159;43168;43167;32559;30554;17076;166;36094;32555;32553;97367;32550;32549;1882;1883;5874;44430;44446;44422;43226;44424;44464;5623;5622;43229;5856;43232;43228;43234;32991;15630;7018;6928;44763;9987;8150;44699;7017;5871;5875;5634;43231;43227;3777;3774;17111;16462;16818;16817;16787;3824;8152	3012	1797	3876	4740	4356	554.5	6457.5	4025.5	3717	2235	4217.5	6629	1352	7448.5	8382	7782	7953	7251.5	5851	1678.5	7166	2541	1555.5	1906.5	88703.5	4.435.175
ORTHO000408_2	histone deacetylase 1	AT4G38130	45892;1903507;1903506;2001141;31326;9889;19222;50789;65007;8150;31323;50794;51252;19219;80090;51171;60255;10556;1902679;51253;10605;9892;48519;45934;51172;31324;48523;31327;9890;10558;10629;10468;6355;2000112;2000113;4407;33558;19213;16787;3824;3674;8152;6476;35601;98732;43412;43170;71704;6464;36211;19538;44238;44267;44260;44237;9987;16811;16810;16575;16570;16569;16568;6325;43933;16043;71840;51276;6996;1902589;44763;44699;44710;5634;43231;43227;43226;5575;43229;44424;44464;5623;5622;9861;9814;98542;6952;6950;50896;51707;43207;9605;9607;51704;45087;6955;2376;9611;5515;5488;1902459;2000738;2000736;45595;50793;45597;51094;48518;48522;51240;51239;10720;60284;2000036;9294;9292;44764;16573;18393;18394;18205;18193;6473;43543;6475;9405;2000026	3013	3134	4622.5	6232	4356	8412.5	6075.5	4133.5	3826	6687	4655	597.5	7498	7636	7461.5	7782	8726	7376.5	824.5	1229.5	708.5	6991	1453	4484	96557.5	4.827.875
ORTHO001755	nuclear matrix constituent protein-related	AT1G13220;AT1G67230;AT1G68790	5634;43231;43227;43226;5575;43229;44424;44464;5623;5622;5652;44428;44446;44422;34399;31981;70013;43233;31974;97298;32535;90066;65008;65007;8150;16043;71840;9987;44763;44699;31965;31090;16020;5635;31967;31975;12505;5654;5737;6997;6996;789;785;44427;5694;43232;43228;32991;44444;229;5829;5515;5488;3674;9506;5911;30054;55044;5730	3014	3144	4483	5952	4356	8845.5	4244.5	4670	3104	6459.5	4610.5	6383.5	6617.5	6764.5	7082.5	2476	4998.5	7846	2587	1632	2409.5	3754	2834	7721.5	95040.5	4.752.025
ORTHO006127	ARM repeat superfamily protein	AT3G01780	71805;98662;98660;34220;6811;44765;6810;51234;51179;8150;1902578;44699;55085;44763;9987;98655;6812;71804;6813;15672;30001;9504;44444;44424;44464;5575;5623;5622;5737;5249;22843;5261;5216;15075;22891;22857;5215;3674;22892;22838;15267;22803;8324;5244;22832;22836;51049;32879;50789;65007;34765;34762;50794;43269;5267;15079;15077;22890;46873;9555;48229;7275;44767;32502;44707;32501;48856;5887;31226;44459;44425;16020;5886;71944;31224;16021;6897;16192;910;22402;7049;51301;5515;5488;9506;5911;30054;55044;9524;5634;43231;43227;43226;43229;5829;42391;65008	3015	1871	4955	6895	1281	2054	3224.5	2114.5	9031	103.5	2402	2640.5	4492.5	4790	313	6075	7922.5	8458	9140	9130.5	2098.5	9072	9170	8420	100652	5032.6
ORTHO001701	Nucleotide-diphospho-sugar transferase family protein	AT1G19360;AT1G75110;AT1G75120	5802;98791;44431;44444;44424;44464;5575;5623;5622;5737;44446;44422;43226;43229;5794;43231;43227;12505;31984;80147;48468;48869;44767;32502;8150;44699;44763;9987;48856;30154;48765;10053;90627;10015;9653;48364;48513;48731;7275;44707;32501;22622;90558;9888;48764;48469;21700;10054;5768	3016	4212	3984.5	4953	2982.5	3905	5001	7084	2202	3581	2992.5	3983	3760.5	6764.5	7999	5325.5	2944.5	4507	552.5	5519.5	5988	6576.5	3581	7543.5	89810.5	4.490.525
ORTHO000489	ubiquitin-specific protease 13	AT3G11910;AT5G06600	8234;70011;8233;16787;3824;3674;8152;8150;6508;19538;43170;71704;44238;6511;19941;51603;44257;30163;9057;1901575;9056;44265;44260;44237;9987;44248;44267;43632;4843;19783;36459;9506;5911;30054;5575;55044;16579;70646;70647;6464;36211;43412;5634;43231;43227;43226;43229;44424;44464;5623;5622;5829;44444;5737	3017	2921	3467.5	3918	5401	994.5	1881	6831.5	4452.5	2963.5	1623	743.5	5740	3815.5	5034.5	6712.5	4004	5221.5	4388	7747	6696	4970.5	3227	7266.5	84312.5	4.215.625
ORTHO008132	gibberellin 2-oxidase 6	AT1G02400	55114;44710;8152;8150;44699;9686;16102;16114;6721;6720;44255;6629;71704;44238;44763;9987;44237;8299;8610;1901576;9058;44711;44249;16101;46394;16053;6082;44281;44283;19752;43436;9685;5737;44424;44464;5575;5623;5622;46872;43169;43167;5488;3674;9639;9416;9314;9628;50896;45487;16103;16115;8300;44242;16042;44712;9056;1901575;44248;46395;16054;44282;52634;45543;16706;16705;16491;3824;51213	3018	6184	3813	4608	5651.5	8775	3628.5	5568.5	1545.5	7830	7199	2467.5	5740	2711.5	3936.5	5325.5	367.5	1780	231	7408.5	5637	5603	5295.5	6801.5	87851.5	4.392.575
ORTHO003908	GDSL-like Lipase/Acylhydrolase superfamily protein	AT3G16370	48046;5576;5575;16788;16787;3824;3674;8152;8150;16042;44712;9056;44710;44699;6629;71704;44238;1901575	3019	4438	4524.25	6029.5	2982.5	8787	6430	3065	3291	5716	5293	632	7743	5828	1244	6712.5	7897.5	7728	2519	3184	1689	7087	3055	7508	95409	4770.45
ORTHO005873	plasmodesmata-located protein 8	AT3G60720	9506;5911;30054;5575;55044;5886;16020;44464;5623;71944;6810;51234;51179;8150;16032;44764;51704;9987;44403;44419;3674;16021;31224;44425	3020	4054	2807.5	2595	2375	4474	2881	6264	7455	2385.5	2290	228.5	1352	3815.5	3265	6712.5	7051	3121	3944	6960	1899	4067	5902.5	2575	76642.5	3.832.125
ORTHO003797	Nuclear pore localisation protein NPL4	AT2G47970;AT3G63000	5829;44444;44424;44464;5575;5623;5622;5737	3021	3333	1969	917	4356	4381	5735	2185	2069	2170.5	2809.5	1576.5	3331	3815.5	3047.5	3976.5	3752	3121	3504.5	493	4384	3222.5	5497.5	2046	61117.5	3.055.875
ORTHO002365	sugar-dependent 1-like	AT3G57140;AT5G04040	5634;43231;43227;43226;5575;43229;44424;44464;5623;5622;4806;16298;16788;16787;3824;3674;8152;8150;52689;16021;31224;44425;16020;5811;43232;43228;16042;44712;9056;44710;44699;6629;71704;44238;1901575;12511;19433;46464;46461;6638;44255;44763;9987;44237;44242;44248;6639;46486;46503;6641;6071;19400;44723;5975;44262;19751;6066;1901615;44281	3022	12	2554.5	2087	83.5	8750	43.5	3193.5	3291	4564.5	4593.5	337.5	9150.5	8511.5	9176	25.5	210.5	8362.5	2899.5	2880.5	624	2541	3561.5	450.5	73167	3658.35
ORTHO002984_1	unknown protein	AT5G55960	3674;9507;9536;43231;43227;43226;5575;43229;44424;44464;5623;5622;44444;5737;8150	3023	3075	5572.5	8122	4356	2128	4457	8705.5	1753	821	9148	5435.5	8817.5	5411.5	810.5	1606	7733.5	7728	8907	9143	2770	8454	8930	7543.5	110302.5	5.515.125
ORTHO000815	BURP domain-containing protein	AT1G23760;AT1G60390;AT1G70370	48046;5576;5575;4650;4553;16798;16787;3824;3674;8152;8150;5618;30312;44464;5623;71944	3024	4240	2991	2958	5151.5	1885	5075.5	5439.5	4188.5	6687	4642.5	7343	4281	3815.5	1725.5	6712.5	3124.5	5368	948.5	4131	3586.5	2213.5	3606.5	4174.5	78948.5	3.947.425
ORTHO003225	Eukaryotic aspartyl protease family protein	AT1G01300;AT3G61820	6508;19538;43170;71704;8152;8150;44238;80167;9628;50896;16020;5575;5576;9505;5618;30312;44464;5623;71944;9506;5911;30054;55044	3025	3757	5506	7987	2097	2170	4587.5	8743	2570.5	3581	3749	7246.5	8754.5	5378	810.5	6712.5	1189	7617	9094	9121.5	2701	8840	8952	7120	108937.5	5.446.875
ORTHO006653	isocitrate lyase	AT3G21720	4451;16833;16830;16829;3824;3674;8152;8150;6097;44723;5975;71704;44238;44710;44699;44262;44237;9987;46487;6081;44763;32787;19752;43436;6082;44281;6099;6101;72350;9060;45333;15980;6091;55114;9514;5777;42579;43231;43227;43226;5575;43229;44424;44464;5623;5622;44444;5737;46912;16746;16740	3026	2844	3537	4048	5151.5	4827.5	6829	2939.5	7561.5	369.5	5601	5347.5	6804.5	8210.5	8276	1307	3752	3949	3301	3396.5	3222	4471.5	3867.5	1070.5	85103.5	4.255.175
ORTHO005290	calcineurin B-like protein 1	AT4G17615;AT5G47100	5886;16020;5575;44464;5623;71944;10107;71805;98662;98660;34220;6811;44765;6810;51234;51179;8150;1902578;44699;55085;44763;9987;98655;6812;71804;6813;15672;30001;9414;9415;9628;50896;1101;42221;10035;1901700;6950;5509;46872;43169;43167;5488;3674;9651;6970;9409;9266;5515;19722;19932;35556;7165;50794;50789;65007;51716;7154;44700;23052;90406;42995;9738;9755;32870;9725;9719;10033;71495;71310;70887;71215;9737;33993;97305;71396;97306;1901701;71229;10118;19900;19899;9860;44702;22414;904;902;32989;16043;71840;9653;32502;48856;48869;44767;48468;30154;3006;48588;48589;40007;16049;9932;9826;60560;48868;9856;44703;51704;44706;32501;5737;44424;5622;8287;1903293;1902494;43234;32991	3027	6195	3542.5	4058	5651.5	1594	4118.5	5348	6225	8319	5726.5	5347.5	5195	2711.5	2702.5	3976.5	4346.5	2558	4715	6397	4226.5	3754	3072.5	4801	85134.5	4.256.725
ORTHO000699	Ras-related small GTP-binding family protein	AT3G62560;AT4G02080	5783;43231;43227;43226;5575;43229;44424;44464;5623;5622;44444;5737;12505;6886;15031;45184;51234;51179;8150;8104;33036;71702;6810;46907;51649;51641;34613;70727;5525;35639;1901265;1901363;5488;3674;97159;43168;43167;32550;32549;1882;36094;97367;1883;32561;19001;17076;166;32555;32553;5794;16192;5886;16020;71944	3028	5283	3702.5	4377	5238	8183	9004	3166	2849.5	8319	5450.5	4841.5	4417	7699.5	8359	2914	1321	1425.5	2618.5	3815.5	3719.5	2923.5	4149	1597.5	86773	4338.65
ORTHO003923	Outer arm dynein light chain 1 protein	AT1G78230	5773;43231;43227;43226;5575;43229;44424;44464;5623;5622;44444;5737;8150;5576	3029	3012	4681	6333	4356	3086.5	8645.5	1581	9009	3992	3136.5	4724	1352	5596	810.5	1830	1545.5	7846	8750.5	727.5	8935.5	8625	8993	7952.5	97138.5	4.856.925
ORTHO002373	transcription factor IIB	AT2G41630;AT3G10330	10183;50918;6935;42330;40011;8150;9605;50896;42221;48868;3006;32502;22414;48856;9856;44703;51704;44706;32501;6355;1903506;2001141;31326;9889;19222;50789;65007;31323;50794;51252;19219;80090;51171;60255;10556;10468;2000112;5634;43231;43227;43226;5575;43229;44424;44464;5623;5622;80092;43900;10769;22604;22603;50793;51128;60284;45595;51239;2000241;51510;1558;40008;48638;8270;46914;46872;43169;43167;5488;3674;6352;32774;9059;43170;71704;8152;1901576;9058;16070;44260;44237;9987;90304;6139;46483;6725;1901360;34641;6807;44238;34654;19438;44249;44271;18130;1901362;6351;34645;97659;10467;17025;8134;5515;9960;9888;48513;48731;7275;44767;44699;44707;48316;48608;61458;44702;9791;10154;5737	3030	3372	4122.5	5215	2097	3672	6449.5	3563	3439	5641.5	1623	6701	1352	9087.5	6280	5325.5	1266	9022	2688	3466.5	3243	8861	6282.5	3103.5	91066.5	4.553.325
ORTHO007864	oleosin 1	AT4G25140	10344;44085;71840;8150;48316;48608;3006;32502;22414;48856;61458;48731;7275;44767;44699;44707;32501;44702;9791;10154;19915;51235;51179;65008;65007;10876;33036;50826;9409;9266;9628;50896;6950;19953;44703;51704;3;9845;90351;3674;5739;43231;43227;43226;5575;43229;44424;44464;5623;5622;44444;5737;5576;16020	3031	3879	2903.5	2776	5748	6529	2328.5	6573	7183.5	1409.5	2129.5	1198.5	5195	3815.5	3265	6712.5	4054.5	3121	3857.5	6860	864.5	3955.5	6194.5	2439.5	77686.5	3.884.325
ORTHO004774	phosphatidic acid phosphohydrolase 2	AT5G42870	48046;5576;5575;19375;19374;6664;1903509;6629;71704;8152;8150;44710;44699;44238;1901135;6643;44255;44763;9987;44237;9247;46467;8610;1901576;9058;44711;44249;1901137;8195;16791;42578;16788;16787;3824;3674;16311;6796;6793;5829;44444;44424;44464;5623;5622;5737;8654;6644;19637;90407;16036;9267;31669;31667;9991;9605;50896;31668;51716;71496;7154;42594;6950;33554;16020;5634;43231;43227;43226;43229	3032	3347	4191.5	5351	2097	407.5	1311	8918.5	4551	8231.5	3136.5	2197	1352	7536	7258.5	7782	2074	6683.5	8239.5	951.5	8697	6612.5	1767.5	4091.5	91798.5	4.589.925
ORTHO005664	DHHC-type zinc finger family protein	AT3G51390	5774;44437;44444;44424;44464;5575;5623;5622;5737;44446;44422;43226;43229;5773;43231;43227;98588;31090;16020;98805;6612;6605;6886;15031;45184;51234;51179;8150;8104;33036;71702;6810;46907;51649;51641;34613;70727;1902582;44765;1902578;44699;90150;72657;44802;61024;16043;71840;9987;44763;1902580;19706;19707;16417;16747;16746;16740;3824;3674;8152;16409;18230;18231;18198;18193;6464;36211;19538;43170;71704;44238;43412;44267;44260;44237;18345;6497;42158;42157;34645;9059;1901576;9058;44249;43543;5794;12505;5634;5783	3033	3048	4872	6711	2097	4389	6021	3670	3135.5	4322.5	9144.5	6287.5	6316	6764.5	6867.5	7782	7777	8620	7042	2496	2294	1695	1640	3179.5	99443.5	4.972.175
ORTHO000615	PATELLIN 2	AT1G22530;AT1G72150;AT1G72160;AT4G09160	16021;31224;44425;5575;16020;5215;3674;6810;51234;51179;8150;5886;44464;5623;71944;9507;9536;43231;43227;43226;43229;44424;5622;44444;5737;7049;44763;9987;44699;5794;12505;8289;5488;2020;19899;5515;51301;48046;5576;5773;9860;44702;22414;904;902;32989;16043;71840;9653;32502;48856;48869;44767;48468;30154;3006;48588;48589;40007;16049;9932;9826;60560;48868;9856;44703;51704;44706;32501;9506;5911;30054;55044;5634	3034	2593	2713.5	2393	1812	1594	1247	1484	1042.5	3564.5	2539	610	6617.5	6971	7082.5	7782	5685	6085	5027.5	773.5	5265	2061	1767.5	8092	75290.5	3.764.525
ORTHO005902	Protein of unknown function (DUF1712)	AT1G16020;AT1G80910	5739;43231;43227;43226;5575;43229;44424;44464;5623;5622;44444;5737;3674	3035	3519	2636.5	2238	4356	9162	1247	7588.5	3490	7666.5	4748	4724	4738	3815.5	2702.5	6712.5	1321	4507	1164.5	2008	2381.5	2213.5	2104	1906.5	74200.5	3.710.025
ORTHO006881	unknown protein	AT1G27461	NA	3036	3279	2479	1922	2097	3154	3960	6831.5	5144	3122	1810	998	5740	3815.5	4462	3976.5	400	3121	1693	3699	5170.5	4970.5	7156	2850	72073.5	3.603.675
ORTHO008163	Glycolipid transfer protein (GLTP) family protein	AT4G39670	5737;44424;44464;5575;5623;5622;17089;1901505;5215;3674;6810;51234;51179;8150;1901264;44765;1902578;44699;71702;5319;22892;6869;10876;33036;46836;51861;97367;5488;8289;5634;43231;43227;43226;43229	3037	2579	5393.5	7750	1812	1423	2791.5	7372.5	8577	3190.5	5520.5	1198.5	7189	7300	7304.5	7782	5962.5	6265.5	6327	5038	5903.5	6714	6624.5	4291.5	106775.5	5.338.775
ORTHO001828	small and basic intrinsic protein 1A	AT3G04090;AT5G18290	5789;98588;31090;16020;5575;44422;43226;43227;44432;44444;44424;44464;5623;5622;5737;44446;43229;5783;43231;12505;44425;42175;6810;51234;51179;8150;15250;22838;15267;22803;22857;5215;3674;55085;44763;9987;44699;44765;1902578;22891;22892;5372;6833;42044	3038	3917	1879	720	1522.5	4075.5	2703	2939.5	280	7782	3366.5	1708.5	1352	4179	4705.5	2914	1743	5944.5	3149.5	5369.5	3243	837.5	528	945.5	57766	2888.3
ORTHO004371	acyl-CoA-binding protein 6	AT1G31812	62;50662;48037;5488;3674;1901681;43168;43167;5886;16020;5575;44464;5623;71944;1666;36293;70482;9628;50896;8150;6950;50826;9409;9266;5829;44444;44424;5622;5737;31210;70405;43169;50997;43178;36094;5543;8289;9646;9642;9416;9314;6869;44765;6810;51234;51179;1902578;44699;71702;10876;33036	3039	346	4215.5	5392	672.5	2964.5	1672.5	310.5	3554	369.5	4670.5	6404.5	9016.5	8969	6687	267	1482.5	8995	2286.5	8776	9033.5	6576.5	8202.5	1769	92007	4600.35
ORTHO002156	pre-mRNA-processing protein 40A	AT1G44910;AT3G19670	71004;71010;5681;44428;44446;44422;5575;43226;44424;44464;5623;5622;43229;5634;43231;43227;30529;32991;5684;3723;3676;1901363;5488;3674;97159;5829;44444;5737;5685;97525;30532;16592;44451;5654;31981;70013;43233;31974;43234;70063;19899;5515;8380;6396;16070;44260;43170;71704;8152;8150;44237;9987;90304;6139;46483;6725;1901360;34641;6807;44238;10467;398;6397;16071;377;375;5886;16020;71944	3040	3606	4901.5	6763	4356	7499.5	2328.5	4133.5	8656.5	2025.5	7594	2937.5	5740	3815.5	4842.5	6712.5	324.5	4253	4607.5	7692.5	6696	5213.5	7486	7223	99781.5	4.989.075
ORTHO006815	unknown protein	AT1G18290	3674;5634;43231;43227;43226;5575;43229;44424;44464;5623;5622	3041	3658	5202	7363	5748	2908.5	2791.5	7244.5	1954.5	4335.5	8984.5	307.5	6895.5	6764.5	7129	5325.5	5864.5	5221.5	4059	8397.5	6908	7259	7729.5	3841	103921	5196.05
ORTHO004268	FRIGIDA-like protein	AT5G48385	30154;48869;44767;32502;8150;44699;44763;9987;5634;43231;43227;43226;5575;43229;44424;44464;5623;5622;9908;90567;48608;3006;22414;48856;61458;48731;7275;44707;32501;44702;9791;48367;5515;5488;3674	3042	1678	4219.5	5397	1584.5	2837	3025	1204.5	2202	642.5	1082.5	9133.5	1352	5307	511.5	1429.5	1294.5	8411.5	9128.5	9107.5	9120	9072	9166.5	7997	92024.5	4.601.225
ORTHO000946	catalase 3	AT1G20620;AT1G20630;AT4G35090	9409;9266;9628;50896;8150;6950;9970;9267;31669;31667;9991;9605;31668;51716;9987;71496;7154;44763;44699;42594;33554;5777;42579;43231;43227;43226;5575;43229;44424;44464;5623;5622;44444;5737;9570;9532;44435;44446;44422;9536;44434;9507;5886;16020;71944;48046;5576;22626;44445;5829;5840;30529;32991;43232;43228;5773;4096;4601;16684;16491;3824;3674;8152;55114;44710;16209;9416;9314;16036;46686;10038;10035;42221;50897;46914;46872;43169;43167;5488;9506;5911;30054;55044;5515;20037;46906;1901363;97159;6995;43562;9941;9526;31967;31975;5618;30312;42744;42743;72593;44237;44712;9056;44248;42542;302;6979;1901700;5739;5634;9737;9725;9719;10033;33993;97305;1101;10319;9514;45454;19725;42592;65008;65007;50794;50789;9648;8219;16265	3043	4126	3851	4659	5386.5	7959	7453.5	3203	4164	8647.5	3879	6464.5	1352	7636	7487.5	2914	8107.5	6029.5	1423.5	5447	3185.5	1310	578	971.5	88212.5	4.410.625
ORTHO006472	BRI1 kinase inhibitor 1	AT5G42750	5634;43231;43227;43226;5575;43229;44424;44464;5623;5622;5515;5488;3674;10423;90032;10894;51055;9890;9889;19222;50789;65007;8150;9892;48519;46890;19216;80090;45833;45939;19218;50810;32353;31327;31326;31323;50794;31324;48523;32351;32350;46885;90030;10422;1902930;1902931;5886;16020;71944;5829;44444;5737;4860;19210;19207;30234;98772;50790;65009;42325;19220;51174;4857;43086;44092;42326;45936;10563;19887;45859;43549;51338;1932;31399;32268;51246;60255;1904030;6469;1933;31400;32269;51248;10605;33673;51348;1904029;9742;43401;9755;7165;51716;9987;50896;7154;44763;44699;44700;23052;32870;9725;9719;10033;42221;71495;71310;70887;71383;71407;14070;71396;33993;48545;71367;9741;97305;1901700;97306;1901701;6629;71704;8152;44710;44238;46982;46983	3044	4495	6021	8998	2982.5	293	9071	2939.5	8734	6273	9130	8978.5	1352	5465	766.5	6712.5	7922.5	7617	9090.5	9015.5	8663	8840	8930	8909.5	128703	6435.15
ORTHO005562	Nucleotide/sugar transporter family protein	AT2G28315	5886;16020;5575;44464;5623;71944;15790;15781;15780;1901264;44765;6810;51234;51179;8150;1902578;44699;71702;6862;15748;15931;71705;15711;6820;6811;5464;8514;8509;15075;22891;22857;5215;3674;55085;44763;9987;22892;34220;98656;15165;5338;1901505;15215;15605;1901677;15932;1901679;90481;72531;5783;43231;43227;43226;43229;44424;5622;44444;5737;12505;5794	3045	5576	6043.5	9042	6478.5	7278	4118.5	2684	8541.5	5069	8537.5	4949	7258.5	8316	7885	5325.5	7137.5	5452.5	7950	8756	7786.5	7683.5	8202.5	7376.5	130307.5	6.515.375
ORTHO008900	BSD domain-containing protein	AT4G13110	9507;9536;43231;43227;43226;5575;43229;44424;44464;5623;5622;44444;5737;3674;8150	3046	5689	6088.5	9131	2982.5	7278	8645.5	6906	7455	3809	7886	4949	7258.5	8210.5	7885	5325.5	7113.5	5452.5	7901.5	8721.5	7786.5	7683.5	8163.5	7376.5	135807	6790.35
ORTHO005578	Protein of unknown function; transmembrane-40	AT3G05010;AT5G27210	9507;9536;43231;43227;43226;5575;43229;44424;44464;5623;5622;44444;5737;16020;3674;10015;44767;32502;8150;44699;9653;48856;48364;48513;48731;7275;44707;32501;22622;2237;43207;9605;50896;9607;10033;42221;9617;51707;51704	3047	2656	2231.5	1416	4356	7710.5	2791.5	4077.5	7455	5723.5	8651	1198.5	5195	3815.5	3265	1606	1980.5	4809.5	732	920	3604.5	852	827.5	2314	67529	3376.45
ORTHO002274	Seed maturation protein	AT3G22490	9793;44702;22414;8150;44699;3006;32502;9790;44767;48856;7275;44707;32501;48316;48608;61458;48731;9791;10154;3674;5737;44424;44464;5575;5623;5622;5829;44444	3048	4937	3457.5	3867	2982.5	5621	1428	2460.5	6943.5	6273	2290	7828.5	6071.5	1800.5	5034.5	6712.5	4135	2199.5	6700.5	757.5	4103	4612.5	2834	6210	84015.5	4.200.775
ORTHO005408	Uncharacterised protein family (UPF0041)	AT5G20090	5774;44437;44444;44424;44464;5575;5623;5622;5737;44446;44422;43226;43229;5773;43231;43227;98588;31090;16020;98805;5739;5886;71944;6850;6848;15718;46942;15849;44765;6810;51234;51179;8150;1902578;44699;71702;15711;6820;6811;6839;1902582;46907;51649;51641;9507;9536	3049	4560	5211	7373	5938.5	9145	1155	563	3618	6687	5726.5	5823	8898	5465	693	6712.5	7639.5	8670	2607	2986	662.5	9094.5	8930	8909.5	103985	5199.25
ORTHO005821	basic helix-loop-helix (bHLH) DNA-binding superfamily protein	AT2G41130	9941;9526;31967;31975;44464;5575;5623;44446;44422;43226;44424;5622;43229;43227;44435;44444;5737;9536;43231;44434;9507;3700;1071;3674;2001141;31326;9889;19222;50789;65007;8150;31323;50794;51252;19219;80090;51171;60255;10556;6355;1903506;10468;2000112;42538;9651;6970;9628;50896;6950;6972;5634;3677;3676;1901363;5488;97159	3050	2176	1988	926	4356	2557.5	822.5	1114.5	931	3581	8770	119.5	6397.5	4415.5	6054.5	1830	3521.5	5221.5	3857.5	461.5	4103	1985	4149	1454.5	61347	3067.35
ORTHO000753_1	glutamine-dependent asparagine synthase 1	AT3G47340	5829;44444;44424;44464;5575;5623;5622;5737;6541;9064;1901605;6520;1901564;71704;8152;8150;6807;19752;43436;6082;44281;44710;44699;44763;9987;44237;44238;9749;9746;34284;9743;10033;42221;50896;1901700;6529;43604;43603;34641;44271;44249;9058;6528;9066;9067;1901607;8652;46394;16053;44283;44711;1901576;1901566;43617;9267;31669;31667;9991;9605;31668;51716;71496;7154;42594;6950;33554;9744;34285;9063;46395;16054;44282;44712;9056;1901575;44248;1901565;4066;16884;16879;16874;3824;3674;42803;42802;5515;5488;46983;9646;9642;9416;9314;9628;9750	3051	3269	4088	5125	2097	819.5	4587.5	2185	3895.5	8319	8798.5	5096	5740	6434	6867.5	5325.5	4252.5	1888	948.5	4630.5	5061.5	6266	6854	2699.5	90668.5	4.533.425
ORTHO001208	Ribosomal protein L30/L7 family protein	AT2G01250;AT2G44120;AT3G13580	5886;16020;5575;44464;5623;71944;463;470;6364;34470;34660;16070;44260;43170;71704;8152;8150;44237;9987;90304;6139;46483;6725;1901360;34641;6807;44238;6396;10467;16072;42254;22613;44085;71840;42273;22625;15934;44391;30529;32991;44424;5622;44444;5737;44446;44422;43226;43229;5840;43232;43228;44445;5829;22626;6412;43043;43604;43603;44271;44249;9058;6518;1901564;1901566;1901576;44267;19538;34645;9059;5618;30312;44822;3723;3676;1901363;5488;3674;97159;3735;5198;5774;44437;5773;43231;43227;98588;31090;98805;9507;9536;2181;5730;44428;5634;31981;70013;43233;31974;9506;5911;30054;55044	3052	4068	2366.5	1681	5196	6023.5	5653	3021	8359.5	3027.5	5440	841.5	4492.5	4134.5	4462	2080.5	3016.5	5944.5	3691	3495.5	3195.5	1010.5	1094.5	757.5	69741	3487.05
ORTHO006252	nodulin MtN21 /EamA-like transporter family protein	AT1G53660;AT3G14410	8514;8509;15075;22891;22857;5215;3674;6810;51234;51179;8150;55085;44763;9987;44699;44765;1902578;22892;34220;6811;98656;6820;15711;71702;5886;16020;5575;44464;5623;71944;22626;44445;44444;44424;5622;5737;5829;5840;30529;32991;43232;43228;43226;43229	3053	4129	3193	3333	2375	1227	2080	6741	702.5	2284	1810	998	5740	3815.5	5523	6712.5	8408	3949	4205.5	7299	5170.5	4780.5	6854	2699.5	80999.5	4.049.975
ORTHO005886	Ribosomal protein S16 family protein	AT5G56940	9536;43231;43227;43226;5575;43229;44424;44464;5623;5622;44444;5737;42254;22613;44085;71840;8150;6412;43043;43604;43603;34641;6807;8152;44237;9987;44271;44249;9058;6518;1901564;71704;1901566;1901576;44267;19538;43170;44238;44260;34645;9059;10467;3735;5198;3674;5840;30529;32991;43232;43228;5739	3054	3199	2089.5	1125	2097	4358	2328.5	6142.5	931	3476	2129.5	1198.5	5195	3815.5	2702.5	6712.5	450	3121	3904.5	4060.5	800.5	3955.5	6282.5	2439.5	64003.5	3.200.175
ORTHO001664	cAMP-regulated phosphoprotein 19-related protein	AT1G69510;AT5G64130	5634;43231;43227;43226;5575;43229;44424;44464;5623;5622;8150;3674;5886;16020;71944;5737;5739;44444	3055	2615	2957.5	2860	5151.5	2097.5	6630.5	8633	2134	930.5	3674	743.5	1352	5465	473.5	1239.5	7421.5	7471.5	8394	813	5839	8148	2003	4801	78264	3913.2
ORTHO005281	cellular apoptosis susceptibility protein; putative / importin-alpha re-exporter; putative	AT2G46520	6606;17038;15031;45184;51234;51179;8150;8104;33036;71702;6810;44765;1902578;44699;6886;46907;51649;51641;34613;70727;34504;33365;1902580;1902593;1902582;51170;6913;16482;51169;72594;44744;6605;9507;9536;43231;43227;43226;5575;43229;44424;44464;5623;5622;44444;5737;9506;5911;30054;55044;5829;5049;8565;22892;5215;3674;6611;51168;5643;44428;44446;44422;5634;5635;31967;31975;12505;59;43623;6461;65003;43933;16043;71840;9987;22607;44085;71822;70271;34622;16020	3056	2052	4309	5562	4356	1423	5632	2114.5	8766	4556	1082.5	3108	7743	7536	8638.5	7782	1294.5	6217	6265.5	3528.5	1899	6648	6413.5	2229	92876.5	4.643.825
ORTHO003207	Ribosomal protein PSRP-3/Ycf65	AT1G68590;AT5G15760	9535;55035;42651;34357;16020;5575;44436;44424;44464;5623;5622;9579;44435;44444;5737;44446;44422;43226;43229;9536;43231;43227;31976;31984;44434;9507;9534;9570;9532;32544;9657;6996;16043;71840;8150;9987;1902589;44763;44699;6412;43043;43604;43603;34641;6807;8152;44237;44271;44249;9058;6518;1901564;71704;1901566;1901576;44267;19538;43170;44238;44260;34645;9059;10467;44711;44710;3735;5198;3674;5840;30529;32991;43232;43228	3057	2383	2217	1377	4356	866.5	3327	1263.5	1916	6934	3136.5	790	1352	7536	7258.5	2476	7991.5	6085	3857.5	4884.5	1416	2541	1453	2046	67130.5	3.356.525
ORTHO001610	Vps51/Vps67 family (components of vesicular transport) protein	AT1G10385;AT5G49830	3674;6887;16192;6810;51234;51179;8150;32940;46903;44765;1902578;44699;51649;51641;44763;9987;5618;30312;44464;5575;5623;71944;5886;16020;5737;44424;5622;5829;44444;5856;43232;43228;43226;43229;5576;9524	3058	2500	5753	8448	4356	3788.5	5521	8686.5	8766	3823.5	3879	8989	8605	5378	841.5	6712.5	8163	7376.5	1748	5519.5	7672.5	7972	2380.5	8909.5	114732	5736.6
ORTHO004336	Enhancer of polycomb-like transcription factor protein	AT4G32620	5634;43231;43227;43226;5575;43229;44424;44464;5623;5622;8150	3059	1044	3265.5	3472	944.5	8764.5	2791.5	3642.5	2592	2496	1144	2937.5	8446	6542.5	8726.5	2476	523	6440	1164.5	4258.5	6180.5	5434	4887	2382	81828.5	4.091.425
ORTHO006253	Cobalamin biosynthesis CobW-like protein	AT1G15730;AT1G80480	9570;9532;44435;44444;44424;44464;5575;5623;5622;5737;44446;44422;43226;43229;9536;43231;43227;44434;9507;9295;9508;229;5694;43232;43228;42646	3060	4350	3512.5	3965	2982.5	1227	2190	6741	1042.5	3122	1623	7917	3690.5	338.5	5413.5	6712.5	4135	4154.5	4016	7080	7254	4471.5	6624.5	6850.5	84603.5	4.230.175
ORTHO002271	Transducin/WD40 repeat-like superfamily protein	AT1G24130;AT5G50120	166;36094;5488;3674;1901265;1901363;97159;5834;1902494;43234;32991;5575;98797;44459;44464;5623;44425;16020;5886;71944;98796;44424;5622;31234;19897;19898;9898;98562;98552;5737;8150	3061	5428	4554.5	6048	2982.5	7499.5	6651.5	3381	3237.5	8535.5	3749	8245	1352	6292	1404.5	3976.5	5864.5	5720	2907	1960	4946	7836	7048.5	4898	95504	4775.2
ORTHO007630	Exostosin family protein	AT5G16890	5794;43231;43227;43226;5575;43229;44424;44464;5623;5622;44444;5737;12505;16020;8150;3824;3674;8152;16740	3062	1920	1872.5	683	1689.5	3511	1247	1963.5	2849.5	1926.5	4974.5	998	1352	5868.5	2023.5	1975.5	143.5	8002	2354	1460	1819.5	8454	2630	3565	57117.5	2.855.875
ORTHO005702	rRNA processing protein-related	AT3G22660	5634;43231;43227;43226;5575;43229;44424;44464;5623;5622;42254;22613;44085;71840;8150;5730;44428;44446;44422;43232;43228;31981;70013;43233;31974	3063	2291	2844	2625	1689.5	1089	2703	4109.5	6124	3823.5	1981	7756.5	6397.5	4486	3265	6712.5	7829	4982.5	3597	4060.5	3719.5	889.5	779	2575	76879.5	3.843.975
ORTHO005244	syntaxin  of plants 111	AT1G08560	9504;44444;44424;44464;5575;5623;5622;5737;6886;15031;45184;51234;51179;8150;8104;33036;71702;6810;46907;51649;51641;34613;70727;9524;5886;16020;71944;5484;5515;5488;3674;61025;61024;16043;71840;9987;9506;5911;30054;55044;12505;10583;14070;10033;42221;50896	3064	1748	3176.25	3288.5	1479.5	1554	9004	8148	2645.5	3622.5	3702.5	7230.5	4020	8811.5	5817	2914	4191.5	4887	394	920	1287.5	7016	4251.5	391	80808	4040.4
ORTHO003487	ubiquitin-specific protease 26	AT3G49600	6508;19538;43170;71704;8152;8150;44238;5730;44428;44446;44422;5575;43226;44424;44464;5623;5622;43229;5634;43231;43227;43232;43228;31981;70013;43233;31974;48316;48608;3006;32502;22414;48856;61458;48731;7275;44767;44699;44707;32501;44702;9791;10154;4843;19783;8234;70011;8233;16787;3824;3674;36459	3065	2462	3797	4529	1689.5	3585	2080	805.5	4740.5	2101.5	1623	679.5	8410.5	7996	8061.5	2476	867	6657.5	444.5	6103	7925	7603.5	8574.5	6732.5	87466.5	4.373.325
ORTHO005091	nudix hydrolase homolog 8	AT5G47240	5829;44444;44424;44464;5575;5623;5622;5737;16787;3824;3674;8152;8150;9611;6950;50896;46872;43169;43167;5488	3066	3700	3065	3064	1522.5	4454	6249.5	3853.5	2760.5	6756.5	5636.5	8245	1352	5726	1233.5	2914	3752	6919	2030.5	1919	3675	6991	4014.5	1047.5	79529.5	3.976.475
ORTHO004732	CONTAINS InterPro DOMAIN/s: Casein kinase substrate; phosphoprotein PP28 (InterPro:IPR019380)	AT5G46020	5634;43231;43227;43226;5575;43229;44424;44464;5623;5622;5829;44444;5737;8150;3674	3067	4893	5009	6951	5938.5	1729.5	4341	1963.5	6379.5	7247	3749	6440	6895.5	8316	7667.5	7782	8446.5	4400	7464	7080	1193	1778.5	1322	6801.5	100996	5049.8
ORTHO006210	Acyl-CoA N-acyltransferases (NAT) superfamily protein	AT5G11340	8080;16410;16747;16746;16740;3824;3674;8152;8150;16407;5737;44424;44464;5575;5623;5622	3068	1146	2125.5	1183	1066.5	375.5	1672.5	4462	1839.5	6081	982	2160	8205.5	7850	8793	797.5	74	6505.5	2092	4586	170	4612.5	1035	2485	64778.5	3.238.925
ORTHO007868	PPPDE putative thiol peptidase family protein	AT3G07090	5737;44424;44464;5575;5623;5622;8150;5634;43231;43227;43226;43229;3674	3069	1925	2351	1633	4356	7932.5	2190	3534.5	3291	6592	4748	247	6227	4415.5	5856	1606	3264.5	8411.5	2223.5	1371	2098.5	1154	2846	1263	69271.5	3.463.575
ORTHO004837	unknown protein	AT5G35460	3674;5634;43231;43227;43226;5575;43229;44424;44464;5623;5622;8150	3070	2090	2482	1894	4356	2797	5997.5	3284.5	3312	5237	1312.5	1658	6397.5	4560	6007	6712.5	7884	8262.5	2317.5	1129.5	1922.5	852	759.5	1414.5	71817.5	3.590.875
ORTHO001925	Pollen Ole e 1 allergen and extensin family protein	AT1G29140;AT4G18596	5576;5575;8150;48046;3674;5615;44421	3071	4019	2190	1309	5413	4496	6497.5	2185	1625	5183.5	1981	1198.5	1352	3815.5	3265	6712.5	494	3580	4016	1094	4946	4525.5	6709	2575	66251	3312.55
ORTHO004053	homeobox protein 31	AT1G14440;AT2G02540	6355;1903506;2001141;31326;9889;19222;50789;65007;8150;31323;50794;51252;19219;80090;51171;60255;10556;10468;2000112;3677;3676;1901363;5488;3674;97159;48574;48571;9648;9416;9314;9628;50896;48573;10228;3006;32502;22414;48608;48856;61458;48731;7275;44767;44699;44707;32501;9791;5515;6351;34645;44260;43170;71704;8152;44237;9987;9059;1901576;9058;44249;97659;32774;16070;90304;6139;46483;6725;1901360;34641;6807;44238;34654;19438;44271;18130;1901362;10467;3700;1071;42803;42802;46983;5634;43231;43227;43226;5575;43229;44424;44464;5623;5622;46872;43169;43167	3072	3920	2533.5	1995	2097	1089	2328.5	6142.5	985	789	8606.5	6171.5	5066	1254	3047.5	6075	3836.5	3121	3630	3976	4668.5	3609.5	5826.5	2314	72536.5	3.626.825
ORTHO006918	unknown protein	AT1G45170;AT5G42960	9536;43231;43227;43226;5575;43229;44424;44464;5623;5622;44444;5737;3674;6811;44765;6810;51234;51179;8150;1902578;44699;9941;9526;31967;31975;44446;44422;44435;44434;9507;5739	3073	2610	3348	3623	4356	1594	3628.5	4294	1328.5	7350.5	2992.5	307.5	1352	6764.5	7129	2476	8208.5	5886.5	5027.5	4664.5	4519	5924	5407	3771.5	82625.5	4.131.275
ORTHO004884	Cornichon family protein	AT1G12340;AT1G12390	35556;7165;50794;50789;65007;8150;51716;9987;50896;7154;44763;44699;44700;23052;16021;31224;44425;5575;16020;3674;5515;5488	3074	6021	3584.5	4095	6664	808	7529.5	2876.5	2701	8934.5	4295	7495	1352	5862.5	1278.5	3976.5	7953	1180.5	451.5	8987	399	8111.5	3702.5	7453	85347	4267.35
ORTHO005045	unknown protein	AT2G15860	5829;44444;44424;44464;5575;5623;5622;5737;5634;43231;43227;43226;43229;8150;3674	3075	2484	2778	2481	1689.5	57.5	1132	3834	3610	4831.5	1623	6781	1352	5175	551	1429.5	8922	8815	2568.5	2835.5	3195.5	8111.5	2553	8552	75929.5	3.796.475
ORTHO006727	Phosphotyrosine protein phosphatases superfamily protein	AT2G35680	5737;44424;44464;5575;5623;5622;4725;4721;16791;42578;16788;16787;3824;3674;8152;8150;16311;6796;6793;44237;9987;6470;6464;36211;19538;43170;71704;44238;43412;44267;44260;35335;4439;34593;52866;34595;8138;46855;44723;5975;44710;44699;46838;44262;71545;43647;19637;19751;6066;1901615;44281;44763;46174;46164;1901616;1901575;9056;44282;44712;46434	3076	2618	2623.5	2171	5552	8007.5	2951	4088	5994	1842.5	2129.5	7738	5195	3815.5	3265	1606	3399	4809.5	732	6754	3646	1566.5	3662.5	2439.5	73641	3682.05
ORTHO000914	eukaryotic elongation factor 5A-1	AT1G13950;AT1G69410	45905;6449;6417;10608;10468;60255;19222;50789;65007;8150;32268;51246;80090;31323;50794;34248;51171;2000112;31326;9889;10556;43244;51128;45727;10628;10604;9893;48518;31328;31325;48522;9891;10557;32270;51247;34250;51173;43243;51130;6452;6414;34645;44260;43170;71704;8152;44237;9987;9059;1901576;9058;44249;6412;43043;43604;43603;34641;6807;44271;6518;1901564;1901566;44267;19538;44238;10467;45901;6448;8612;18205;18193;6464;36211;43412;44763;44699;44711;44710;10089;10087;9888;48856;32502;5737;44424;44464;5575;5623;5622;6413;3743;8135;3723;3676;1901363;5488;3674;97159;3746;43022;43021;44877	3077	6111	3446	3815	5238	2214.5	7187.5	8366.5	2729.5	2353	3366.5	5517.5	4677	8316	8677	3074	7721	2558	5301	2688	5988	433	191	2314	83673	4183.65
ORTHO005703	floral meristem identity control protein LEAFY (LFY)	AT5G61850	5515;5488;3674;10077;10074;19827;44767;32502;8150;44699;44707;32501;98727;10073;48507;9888;48856;48513;48731;7275;9908;90567;48608;3006;22414;61458;44702;9791;48367;9740;10476;9755;7165;50794;50789;65007;51716;9987;50896;7154;44763;44700;23052;32870;9725;9719;10033;42221;71495;71310;70887;71370;9739;33993;1101;1901700;71396;71229;1901701;31490;3682;44877;43566;3677;3676;1901363;97159;6355;1903506;2001141;31326;9889;19222;31323;51252;19219;80090;51171;60255;10556;10468;2000112;43565;42803;42802;46983;3700;1071;6351;34645;44260;43170;71704;8152;44237;9059;1901576;9058;44249;97659;32774;16070;90304;6139;46483;6725;1901360;34641;6807;44238;34654;19438;44271;18130;1901362;10467;43621;10582;10022;5634;43231;43227;43226;5575;43229;44424;44464;5623;5622;30154;48869	3078	2222	4851.5	6625	1689.5	8764.5	512	1289.5	344	8934.5	4846	7144.5	8605	5350.5	1063	6712.5	8163	9139	8141.5	518	1959	7972	2437.5	7120	99016	4950.8
ORTHO005856	Late embryogenesis abundant (LEA) hydroxyproline-rich glycoprotein family	AT2G46150	5886;16020;5575;44464;5623;71944;3674;8150	3079	6325	4128.5	5178	7245.5	5047	6200	5213.5	6660.5	7916.5	2809.5	3835.5	7963	2711.5	4124.5	3976.5	5032.5	3121	5502	2593.5	2058	5603	5295.5	5222.5	90886	4544.3
ORTHO006286	histone-lysine N-methyltransferase ASHH3	AT2G44150	5634;43231;43227;43226;5575;43229;44424;44464;5623;5622;18024;16279;16278;8170;8168;16741;16740;3824;3674;8152;8150;32259;8757;8276;6479;43414;44260;43170;71704;44237;9987;43412;8213;6464;36211;19538;44238;44267;18022;18205;18193;42054;16571;16570;16569;16568;6325;43933;16043;71840;51276;6996;1902589;44763;44699;44710;34968;775;98687;44427;44446;44422;5694;43232;43228;5783;44444;5737;12505;9506;5911;30054;55044	3080	3965	3825.5	4571	2097	4462	1011	4053	8688.5	4550	1623	3578.5	1352	6971	7195	5325.5	8801.5	5518	4485	1268.5	7254	5924	1730	3920	87710.5	4.385.525
ORTHO007275	peroxin-12	AT3G04460	5779;31231;44439;44438;44444;44424;44464;5575;5623;5622;5737;44446;44422;43226;43229;42579;43231;43227;5777;31300;31224;44425;16020;31090;5778;31903;98588;98805;31301;16021;16558;6625;6605;6886;15031;45184;51234;51179;8150;8104;33036;71702;6810;46907;51649;51641;34613;70727;1902582;44765;1902578;44699;72662;1902580;7031;6996;16043;71840;9987;33365;1902589;44763;16482;72663;72594;43574;44743;17038;65002;71806;55085;6635;9062;44242;16042;44712;9056;8152;44710;6629;71704;44238;1901575;44255;44237;44248;72329;46395;16054;44282;44281;6082;19752;43436;32787;6631;19395;34440;30258;55114;6513;16567;32446;70647;6464;36211;19538;43170;43412;44267;44260;4842;19787;16740;3824;3674;1990429;1990415;43234;32991;1990351;8270;46914;46872;43169;43167;5488;48598;44767;32502;9653;48856;9790;7275;44707;32501;8022;5515	3081	1280	1923.5	766	4356	3992.5	2791.5	428.5	3083	2846	4753.5	485	1352	7954.5	8942.5	976.5	62	6440	629.5	3868	1149	4970.5	1072	2784	58580.5	2.929.025
ORTHO004953	RNA-binding KH domain-containing protein	AT4G18375;AT5G46190	5634;43231;43227;43226;5575;43229;44424;44464;5623;5622;8150;5737;3723;3676;1901363;5488;3674;97159	3082	3132	2676	2270	4356	994.5	7463	917.5	702.5	4213.5	1623	5983.5	1352	4662.5	5254.5	1830	4464.5	3949	4485	4331	6578.5	5434	7335	2850	74423.5	3.721.175
ORTHO006553	Plant protein of unknown function (DUF827)	AT1G66840;AT5G38150	5515;5488;3674;9903;9902;9658;9657;6996;16043;71840;8150;9987;19750;51644;51640;51641;51179;51667;51649;51234;51656;9904;9637;9416;9314;9628;50896;5829;44444;44424;44464;5575;5623;5622;5737	3083	4178	2693	2303	2982.5	460	6385	8713.5	4365	2551	118	5741.5	4677	3815.5	4462	6712.5	7818.5	5101.5	3067.5	1509.5	1012	1525	1035	5601	74671	3733.55
ORTHO003008	alpha/beta-Hydrolases superfamily protein	AT1G18360;AT1G73480	16020;5575;6629;71704;8152;8150;44710;44699;44238;16298;16788;16787;3824;3674;5737;44424;44464;5623;5622	3084	3856	4214	5344	2097	961.5	4587.5	4109.5	3117	6480	7524	7115.5	3501.5	6434	6867.5	5325.5	1266	4507	270	7408.5	1955	6340.5	7048.5	6949.5	91768.5	4.588.425
ORTHO007652	catalytics	AT2G30200	9570;9532;44435;44444;44424;44464;5575;5623;5622;5737;44446;44422;43226;43229;9536;43231;43227;44434;9507;4314;4312;16747;16746;16740;3824;3674;8152;8150;16419;16420;16417;5739	3085	2054	2168.5	1252	4356	436.5	512	9135.5	196	2235	5647.5	7343	1352	8123.5	8893	2476	1670.5	8794	2669.5	2496	300.5	300.5	308	2699.5	65588.5	3.279.425
ORTHO005722	transcriptional regulator family protein	AT1G29220	6355;1903506;2001141;31326;9889;19222;50789;65007;8150;31323;50794;51252;19219;80090;51171;60255;10556;10468;2000112;5634;43231;43227;43226;5575;43229;44424;44464;5623;5622	3086	2540	2339	1592	4356	4344.5	2951	8850	4429.5	2025.5	2129.5	2851	5195	3815.5	3265	6712.5	2123.5	4982.5	3529	4060.5	3646	889.5	876	2314	68990	3449.5
ORTHO001328_1	associated molecule with the SH3 domain of STAM 3	AT4G16144	44090;10638;33043;51128;50794;50789;65007;8150;51130;48522;48518;44088;5634;43231;43227;43226;5575;43229;44424;44464;5623;5622;15031;45184;51234;51179;8104;33036;71702;6810;5774;44437;44444;5737;44446;44422;5773;98588;31090;16020;98805;16021;31224;44425;71108;16579;70646;70647;6464;36211;19538;43170;71704;8152;44238;43412;44267;44260;44237;9987;6508;90316;51222;51223;70201;32880;32879;51049;51050;1903829;1903827;60341;33157;32386;32388;70536;5515;5488;3674;46872;43169;43167;8237;70011;8233;16787;3824;46907;51649;51641;6897;16192;7033;6996;16043;71840	3087	2424	2705.5	2324	4356	4633.5	1985	6906	1430.5	5444	982	6001.5	6397.5	4486	4233.5	6712.5	1860.5	5221.5	3792	4211	4103	1228	2291.5	2850	74769.5	3.738.475
ORTHO007330	F-box family protein	AT5G48170	16567;32446;70647;6464;36211;19538;43170;71704;8152;8150;44238;43412;44267;44260;44237;9987;48831;2000026;50793;50789;65007;51239;19005;31461;151;1990234;1902494;43234;32991;5575;44424;44464;5623;5622;9740;10476;9755;7165;50794;51716;50896;7154;44763;44699;44700;23052;32870;9725;9719;10033;42221;71495;71310;70887;71370;9739;33993;1101;1901700;71396;71229;1901701;9937;9966;10646;48583;23051;5634;43231;43227;43226;43229;5515;5488;3674	3088	3501	2322.5	1557	5748	4031.5	8400	2185	1042.5	6988	2539	307.5	1352	3815.5	3047.5	3976.5	3752	2558	2972	6632	4445	3222.5	5407	2046	68719.5	3.435.975
ORTHO002086	AAA-type ATPase family protein	AT2G20140;AT4G29040	502;43234;32991;5575;44424;44464;5623;5622;45899;60261;45944;45893;10628;10604;9893;48518;50789;65007;8150;19222;60255;10468;1903508;1903506;2001141;31326;9889;31323;50794;51252;19219;80090;51171;10556;1902680;51254;45935;31325;48522;51173;31328;9891;10557;6355;2000112;6357;60260;2000142;43254;44087;51128;2000144;31334;51130;44089;45898;7292;7276;44702;22414;44699;48609;32504;3;32501;19953;44703;51704;16887;17111;16462;16818;16817;16787;3824;3674;8152;8540;5838;22624;5886;16020;71944;10078;10074;19827;44767;32502;44707;98727;10073;48507;9888;48856;48513;48731;7275;10015;9653;48364;22622;6499;6498;6497;6464;36211;19538;43170;71704;44238;43412;44267;44260;44237;9987;42158;42157;34645;9059;1901576;9058;44249;31365;18377;43543;5829;44444;5737;36402;42623;1901800;1903052;1903050;1903362;31329;9894;42176;51246;32268;30162;1903364;32270;51247;31331;9896;45732;45862;61136;17025;8134;5515;5488;30433;43161;10498;51603;6508;44257;30163;9057;1901575;9056;44265;44248;6511;19941;43632;36503;44712;44710;44763;10033;42221;50896;34976;33554;51716;6950;31597;44445;48232;5634;43231;43227;43226;43229;31595;44428;44446;44422;31981;70013;43233;31974;60968;51788;35966;9408;9266;9628;9933;48532;45087;6952;6955;2376;10311;9791;48645;48646;9887;10102;10101;9886;48528;48569;48527;43248;43623;6461;65003;43933;16043;71840;22607;44085;71822;70271;34622;48827;48367;48829;90351;35266;48589;40007;9965;48366;10016;46686;10038;10035	3089	5866	3844	4599	6664	1859.5	3863.5	5813.5	6943.5	6934	2653	8070	3550	2711.5	4462	3976.5	8124.5	3580	6109.5	7408.5	2098.5	3026	827.5	5806	87817.5	4.390.875
ORTHO005441	5'-AMP-activated protein kinase beta-2 subunit protein	AT5G21170	5515;5488;3674;45859;43549;42325;19220;51174;31323;50794;50789;65007;8150;19222;51338;50790;65009;1932;31399;32268;51246;80090;60255;43562;31669;31667;9991;9605;50896;31668;51716;9987;71496;7154;44763;44699;4679;4674;4672;16301;16772;16740;3824;8152;16310;6796;6793;44237;16773;6468;6464;36211;19538;43170;71704;44238;43412;44267;44260;6499;6498;6497;42158;42157;34645;9059;1901576;9058;44249;31365;18377;43543;5737;44424;44464;5575;5623;5622;19887;19207;30234;98772	3090	3141	2021	952	2097	4434.5	4118.5	1347	867	6621	2290	1198.5	5195	3815.5	2702.5	1606	1321	5221.5	3575.5	3600	3632	3955.5	3634.5	2439.5	61575	3078.75
ORTHO001849	Endoribonuclease/protein kinase IRE1-like	AT2G17520;AT5G24360	5524;35639;1901265;1901363;5488;3674;97159;43168;43167;32559;30554;17076;166;36094;32555;32553;97367;32550;32549;1882;1883;4674;4672;16301;16772;16740;3824;8152;8150;16310;6796;6793;44237;9987;16773;6468;6464;36211;19538;43170;71704;44238;43412;44267;44260;6987;32075;45935;31325;9893;48518;50789;65007;19222;48522;50794;31323;19219;80090;51171;51173;10604;60255;32069;51336;50790;65009;51345;43085;44093;45860;45859;43549;42325;19220;51174;51338;1932;31399;32268;51246;1934;42327;45937;10562;31401;32270;51247;33674;51347;30968;7165;51716;50896;7154;44763;44699;44700;23052;34976;33554;6950;34620;6986;35966;10033;42221;35967;71310;70887;90502;90501;16070;90304;6139;46483;6725;1901360;34641;6807;90305;46777;8380;6396;10467;9816;9814;98542;6952;51707;43207;9605;9607;51704;45087;6955;2376;42742;9617;42406;44432;44444;44424;44464;5575;5623;5622;5737;44446;44422;43226;43229;5783;43231;43227;12505;31312;19898;44425;16020;31090;5789;98588;42175;9507;9536;46872;43169;6355;1903506;2001141;31326;9889;51252;10556;10468;2000112;16021;31224;9751;14070;1101;1901700;6351;34645;9059;1901576;9058;44249;97659;32774;34654;19438;44271;18130;1901362;6397;16071;4521;4519;4518;16788;16787;4540;34263;44712;9056;44710;6914;44248;6983;71216;6984;394	3091	4341	3425.5	3760	5151.5	1227	6055.5	6428.5	7748	5304.5	8606.5	1954	3605.5	1800.5	2702.5	3976.5	8323.5	2558	3421.5	794.5	4103	3222.5	5295.5	6210	83337.5	4.166.875
ORTHO002345	POX (plant homeobox) family protein	AT5G41410	5515;5488;3674;5634;43231;43227;43226;5575;43229;44424;44464;5623;5622;6351;34645;44260;43170;71704;8152;8150;44237;9987;9059;1901576;9058;44249;97659;32774;16070;90304;6139;46483;6725;1901360;34641;6807;44238;34654;19438;44271;18130;1901362;10467;9506;5911;30054;55044;6355;1903506;2001141;31326;9889;19222;50789;65007;31323;50794;51252;19219;80090;51171;60255;10556;10468;2000112;48481;3006;32502;22414;48856;35670;48608;61458;48731;7275;44767;44699;44707;32501;48440;48827;48367;48437;44702;48569;48513;9908;90567;9791;48467;48438;5829;44444;5737;3677;3676;1901363;97159;3700;1071	3092	4242	5855	8618	2982.5	2385.5	4341	7192	8596	5212	2809.5	8795.5	1352	6764.5	7999	7782	5561	4982.5	8173	6960	6578.5	7147.5	7946.5	7543.5	118121.5	5.906.075
ORTHO003771	Late embryogenesis abundant (LEA) hydroxyproline-rich glycoprotein family	AT2G27260	8150;9506;5911;30054;5575;55044;3674;5634;43231;43227;43226;43229;44424;44464;5623;5622	3093	3371	2525	1957	5651.5	4693.5	8090	2000	1753	2319.5	1082.5	790	3601	3815.5	4842.5	3976.5	4638.5	4154.5	4548.5	689	5988	5059	7244	3005.5	72291	3614.55
ORTHO004469	Nucleotide-diphospho-sugar transferases superfamily protein	AT1G27600	42285;16763;16757;16740;3824;3674;8152;8150;10584;10208;45229;16043;71840;9987;10927;44767;32502;44699;22607;44085;44763;48646;9653;48856;32989;48869;85029;30198;43062;9555;48229;7275;44707;32501;5794;43231;43227;43226;5575;43229;44424;44464;5623;5622;44444;5737;12505;10417;45492;45491;10410;10383;5976;5975;71704;44238;43170;44036;44260;44237;71554;70592;33692;271;16051;44723;44710;1901576;9058;44711;9059;34637;44262;44249;44264;34645;44038;70589;42546;10413;139;98588;31090;16020;44422;44431;44446;6486;6464;36211;19538;43412;44267;43413;70085;9101;9100;1901135;1901137;9834;9832;71669;15018;15020;8194;16758	3094	1587	2571.5	2049	1449.5	151	2703	8536	123.5	1893	582	6961.5	1352	5849.5	5799	1175.5	8618.5	8551.5	2286.5	6064.5	1239.5	7871	3162	41	72960.5	3.648.025
ORTHO004071	Transducin/WD40 repeat-like superfamily protein	AT5G15550	466;460;6364;34470;34660;16070;44260;43170;71704;8152;8150;44237;9987;90304;6139;46483;6725;1901360;34641;6807;44238;6396;10467;16072;42254;22613;44085;71840;166;36094;5488;3674;1901265;1901363;97159;5834;1902494;43234;32991;5575;98797;44459;44464;5623;44425;16020;5886;71944;98796;44424;5622;31234;19897;19898;9898;98562;98552;80008;31461;151;1990234;9506;5911;30054;55044;43021;44877;5730;44428;44446;44422;43226;43229;5634;43231;43227;43232;43228;31981;70013;43233;31974;5654;30687;30684;30529;463;470;42273	3095	3086	2330	1565	5552	7030	6989.5	6831.5	1481	1642.5	1312.5	998	5740	3815.5	4233.5	1830	494	5101.5	4237	3797	5170.5	1827.5	3457	2784	68772.5	3.438.625
ORTHO006569	lsd one like 1	AT1G32540	5576;5575;9626;34050;12501;8219;16265;44699;8150;44763;9987;45087;6952;6950;50896;6955;2376;33554;51716;9814;98542;51707;43207;9605;9607;51704;3677;3676;1901363;5488;3674;97159;2000121;90322;2000377;31323;50794;50789;65007;19222;1900407;80135;80134;48583;1902882;1901031;5634;43231;43227;43226;43229;44424;44464;5623;5622;43068;10942;10941;48522;48518;43067;34052;45089;31349;31347;48584;45088;50776;2682;50778;2684;10363	3096	2642	3574	4052	4356	1500	6168	3361.5	3291	1028.5	5293	6271	6895.5	6764.5	7129	2476	494	8211.5	7042	2409.5	1166.5	6077	5617	3920	85115.5	4.255.775
ORTHO005983	Auxin efflux carrier family protein	AT5G15100	5215;3674;6810;51234;51179;8150;10315;60918;9914;10817;65008;65007;44765;1902578;44699;10928;9966;10646;50794;50789;48583;23051;9555;48229;7275;44767;32502;44707;32501;48856;9926;9672;15294;15293;15291;22804;22857;55085;44763;9987;8324;15075;22891;22892;34220;6811;98655;6812;80161;15992;15672;6818;9507;9536;43231;43227;43226;5575;43229;44424;44464;5623;5622;44444;5737;10252;48878;42592;5783;12505	3097	3620	2413	1729	2097	1089	2155	2185	7325.5	2340	1312.5	1070.5	3479.5	3815.5	3521.5	6712.5	4252.5	3580	7398	4131	5061.5	4067	4165.5	2575	70237	3511.85
ORTHO001586	Double Clp-N motif-containing P-loop nucleoside triphosphate hydrolases superfamily protein	AT3G52490	19538;43170;71704;8152;8150;44238;5737;44424;44464;5575;5623;5622	3098	4879	3989.5	4881	5396	8897	7218	3038.5	6943.5	7035	5503	2392.5	4955.5	8123.5	8793	2821	8038.5	6388.5	1451.5	3129.5	1121	1985	416.5	1188	89439	4471.95
ORTHO005370	Protein of unknown function (DUF3527)	AT5G01030	5634;43231;43227;43226;5575;43229;44424;44464;5623;5622;3674;8150	3099	5950	3950.5	4802	6664	7324.5	3758	5698.5	7691.5	4302.5	2992.5	8595.5	1352	2711.5	4233.5	5325.5	831.5	3949	6531	1160.5	5988	5603	5407	5601	89056.5	4.452.825
ORTHO006980	unknown protein	AT5G47830	3674;8150;5739;43231;43227;43226;5575;43229;44424;44464;5623;5622;44444;5737;5634	3100	1864	3608	4116	4356	7528	5105.5	1640.5	1625	450.5	1623	743.5	8306	7954.5	8968.5	2476	294.5	6737.5	7742	4527	914	7470	8405	2940	85451	4272.55
ORTHO008837	unknown protein	AT5G11280	8150;9507;9536;43231;43227;43226;5575;43229;44424;44464;5623;5622;44444;5737;3674	3101	3597	2927.5	2754	4356	4022	2791.5	6428.5	7978	4362.5	6888	6171.5	4865.5	3815.5	3047.5	3976.5	793	2199.5	2972	6467.5	1761	2923.5	4047.5	2046	77557	3877.85
ORTHO007158	prefoldin 5	AT5G23290	6457;9987;8150;16272;43234;32991;5575;5737;44424;44464;5623;5622;5829;44444;51082;5515;5488;3674	3102	1314	1758	414	4356	2406.5	312	805.5	344	502	544	100.5	7377.5	4560	6425.5	508.5	494	6085	3459.5	220.5	6431	4169	3896.5	2003.5	50645	2532.25
ORTHO007654	Plasma-membrane choline transporter family protein	AT5G13760	5886;16020;5575;44464;5623;71944;3674;16021;31224;44425	3103	1986	3927.5	4752	4356	2837	1184.5	8912.5	597.5	3283.5	4918.5	6629	8519	5393.5	1168.5	1606	8149.5	8584	8625.5	1532.5	3001	7950.5	2412.5	3447.5	88752.5	4.437.625
ORTHO007997	Pentatricopeptide repeat (PPR) superfamily protein	AT4G35850	3674;5739;43231;43227;43226;5575;43229;44424;44464;5623;5622;44444;5737	3104	1987	1790	476	4356	961.5	2234.5	336	553.5	763	1623	679.5	6895.5	4486	6192.5	1830	4004	5221.5	4548.5	4392	569	2017.5	3084.5	1615.5	52007.5	2.600.375
ORTHO000391_3	SEC7-like guanine nucleotide exchange family protein	AT4G35380;AT4G38200	32588;139;98588;31090;16020;5575;44422;43226;43227;44431;44444;44424;44464;5623;5622;5737;44446;43229;5794;43231;12505;5802;98791;31984;50790;19222;50789;65007;8150;65009;43547;43087;51336;51345;43085;44093;9893;48518;15031;45184;51234;51179;8104;33036;71702;6810;5086;5085;98772;3674;16192;9507;9536;5634;5829	3105	5240	3186	3267	2982.5	4050.5	6944	2838	3682	8647.5	4237	6838.5	2868	3283.5	1812.5	6712.5	1450	5626	4059	3699	3870	3111.5	3581	3383	80693.5	4.034.675
ORTHO002178	Dynein light chain type 1 family protein	AT3G16120	3777;3774;17111;16462;16818;16817;16787;3824;3674;8152;8150;5875;44430;44446;44422;5575;43226;44424;44464;5623;5622;43229;5856;43232;43228;43234;32991;15630;5737;7017;44763;9987;44699	3106	5451	3390	3674	6478.5	9075.5	1155	3847	3245.5	8934.5	4399.5	1400	1352	9132.5	8138	7782	9131	7471.5	2575.5	1177	1773	116.5	36	2136	82878	4143.9
ORTHO004925	THO complex;  subunit 5	AT1G45233;AT5G42920	6397;16071;16070;44260;43170;71704;8152;8150;44237;9987;90304;6139;46483;6725;1901360;34641;6807;44238;6396;10467;51028;50658;50657;15931;71705;6810;51234;51179;71702;51236;6403;33036;3723;3676;1901363;5488;3674;97159;8380;347;44428;44446;44422;5575;43226;44424;44464;5623;5622;43229;5634;43231;43227;43234;32991	3107	3769	2813.5	2520	4356	7733	7378.5	6428.5	2069	2284	2129.5	1755.5	4955.5	3815.5	3047.5	6712.5	3796.5	3949	732	3933	4519	3453.5	5497.5	2046	76235.5	3.811.775
ORTHO003981	Homeodomain-like superfamily protein	AT5G42630	30154;48869;44767;32502;8150;44699;44763;9987;3682;44877;5488;3674;6355;1903506;2001141;31326;9889;19222;50789;65007;31323;50794;51252;19219;80090;51171;60255;10556;10468;2000112;6351;34645;44260;43170;71704;8152;44237;9059;1901576;9058;44249;97659;32774;16070;90304;6139;46483;6725;1901360;34641;6807;44238;34654;19438;44271;18130;1901362;10467;5634;43231;43227;43226;5575;43229;44424;44464;5623;5622;80060;3006;22414;9888;48856;48481;35670;48608;61458;48731;7275;44707;32501;48440;48827;48367;48437;44702;48569;48513;9908;90567;9791;48467;48438;3700;1071;5618;30312;71944;44212;975;3677;3676;1901363;97159;1067	3108	3896	2473	1838	4356	4434.5	2951	2322	2995.5	6198.5	1312.5	3422.5	5195	3815.5	3265	6712.5	494	3121	3857.5	6860	1819.5	3955.5	6194.5	2439.5	71366	3568.3
ORTHO005014	forkhead-associated (FHA) domain-containing protein	AT1G34355	51321;7049;44763;9987;8150;44699;3;5634;43231;43227;43226;5575;43229;44424;44464;5623;5622;9555;48229;7275;44767;32502;44707;32501;48856	3109	1241	2960	2811	1584.5	2629	652	251.5	4953	3494	4610.5	130	1352	9044.5	6748	797.5	630	8645	8625.5	2966.5	1786	8354	8405	3841	77915	3895.75
ORTHO003400	Integrase-type DNA-binding superfamily protein	AT5G17430	5634;43231;43227;43226;5575;43229;44424;44464;5623;5622;3677;3676;1901363;5488;3674;97159;3700;1071;2001141;31326;9889;19222;50789;65007;8150;31323;50794;51252;19219;80090;51171;60255;10556;6355;1903506;10468;2000112;7275;44767;32502;44699;44707;32501;9887;9653;48856;48513;48731;6351;34645;44260;43170;71704;8152;44237;9987;9059;1901576;9058;44249;97659;32774;16070;90304;6139;46483;6725;1901360;34641;6807;44238;34654;19438;44271;18130;1901362;10467	3110	1840	3571.5	4033	4356	8581.5	822.5	3608	344	2319.5	5221	6344	1352	5972.5	5788.5	2080.5	7354	8551.5	2310.5	1980	3074.5	9148	9037	1106.5	84996	4249.8
ORTHO006371	potassium channel beta subunit 1	AT1G04690	34765;34762;50794;50789;65007;8150;51049;32879;43269;6813;15672;6812;6811;44765;6810;51234;51179;1902578;44699;30001;5737;44424;44464;5575;5623;5622;5244;5216;15075;22891;22857;5215;3674;55085;44763;9987;22892;34220;22838;15267;22803;22832;22836;16020;5886;71944;5267;15079;15077;22890;8324;98655;46873;71805;98662;98660;71804;5261;9506;5911;30054;55044	3111	2586	3944.5	4778	1812	5351.5	687.5	2185	597.5	4667	8984.5	2131	7031	6971	7195	7782	1482.5	6085	5400	2835.5	5265	5924	4414.5	3920	88909.5	4.445.475
ORTHO005413	NADH:ubiquinone oxidoreductase intermediate-associated protein 30	AT1G17350;AT1G72420	5739;43231;43227;43226;5575;43229;44424;44464;5623;5622;44444;5737;8150;3674	3112	3292	5114	7116	4356	8643	3129.5	6978.5	7831	3267	2809.5	8070	6227	6764.5	6867.5	7782	7758	5221.5	394	4392	4946	5059	2977	3103.5	102220.5	5.111.025
ORTHO007008	NFU domain protein 5	AT1G51390;AT3G20970	16226;9058;8152;8150;31163;22607;16043;71840;9987;44085;5507;46914;46872;43169;43167;5488;3674;5739;43231;43227;43226;5575;43229;44424;44464;5623;5622;44444;5737;5198;51536;51540;5524;35639;1901265;1901363;97159;43168;32559;30554;17076;166;36094;32555;32553;97367;32550;32549;1882;1883;5506	3113	4228	5777	8441	5151.5	1500	2528	7244.5	8705	738	8314	2086	7031	6971	7195	7782	6099.5	5368	7398	8632.5	7254	7520.5	8348.5	3920	114635.5	5.731.775
ORTHO007821	photolyase/blue-light receptor 2	AT2G47590	18298;6464;36211;19538;43170;71704;8152;8150;44238;43412;44267;44260;44237;9987;3913;16830;16829;3824;3674;6281;6259;90304;6139;46483;6725;1901360;34641;6807;6974;33554;51716;50896;6950;44763;44699;44710;5634;43231;43227;43226;5575;43229;44424;44464;5623;5622;9881;38023;4871;60089;7165;50794;50789;65007;7154;44700;23052;4872	3114	1885	3067	3020	1281	8686	1093.5	2392	3019	3027.5	1981	4779	7377.5	7343.5	8276	7782	5404	5569	1086	518	4384	2433.5	2239	1825	79215.5	3.960.775
ORTHO000714_2	digalactosyl diacylglycerol deficient 2	AT4G00550	9707;9527;31968;31090;16020;5575;44422;43226;43227;19867;44424;44464;5623;5622;98805;31967;31975;44446;43229;98588;42170;44435;44444;5737;9536;43231;9526;31969;44434;9507;9941;19375;19374;6664;1903509;6629;71704;8152;8150;44710;44699;44238;1901135;6643;44255;44763;9987;44237;9247;46467;8610;1901576;9058;44711;44249;1901137;16757;16740;3824;3674;8194;46481;35250;8378;16758;16036;9267;31669;31667;9991;9605;50896;31668;51716;71496;7154;42594;6950;33554	3115	2296	2769.5	2424	4356	7877	2414	4133.5	702.5	5127.5	8770	6055	6397.5	4616	6137	1830	3521.5	4982.5	778.5	4211	569	1910	4116	1434.5	75583	3779.15
ORTHO001036	TRICHOME BIREFRINGENCE-LIKE 15	AT2G37720;AT5G20680;AT5G64020	9507;9536;43231;43227;43226;5575;43229;44424;44464;5623;5622;44444;5737;8150;16021;31224;44425;16020;5794;12505;5802;98791;44431;44446;44422;31984;16413;16407;16747;16746;16740;3824;3674;8152;8374;5768;71554;9987	3116	2204	3159.5	3203	1689.5	3102.5	1011	805.5	4111.5	2124.5	4295	8272.5	7377.5	7387.5	8316.5	2476	5329.5	5886.5	1655.5	518	5061.5	5376	3359	3841	80307	4015.35
ORTHO002568	B-cell receptor-associated protein 31-like	AT1G11905;AT5G42570	5783;43231;43227;43226;5575;43229;44424;44464;5623;5622;44444;5737;12505;6886;15031;45184;51234;51179;8150;8104;33036;71702;6810;46907;51649;51641;34613;70727;3674;16021;31224;44425;16020;5774;44437;44446;44422;5773;98588;31090;98805;9506;5911;30054;55044;9507;9536	3117	5920	4770	6423	2982.5	4946.5	1881	3480	5028	8535.5	4942.5	7495	3339.5	7699.5	7349.5	6712.5	4252.5	6854.5	4205.5	3061	2908	5603	4887	4484	97665	4883.25
ORTHO004991	Ankyrin repeat family protein	AT1G50900	6886;15031;45184;51234;51179;8150;8104;33036;71702;6810;46907;51649;51641;34613;70727;5515;5488;3674;9570;9532;44435;44444;44424;44464;5575;5623;5622;5737;44446;44422;43226;43229;9536;43231;43227;44434;9507;9535;55035;42651;34357;16020;44436;9579;31976;31984;9534;9941;9526;31967;31975;80167;9628;50896;90391;22607;16043;71840;9987;44085;9658;9657;6996	3118	3340	4710.5	6303	2097	4474	1247	7461	3933.5	5859	4872.5	6575.5	7189	6206.5	1549	7360.5	7006	8659.5	8364.5	1632	773.5	7836	2696.5	3289.5	96985	4849.25
ORTHO003050	Protein of unknown function; DUF584	AT1G11700;AT1G61930	8150;3674;9507;9536;43231;43227;43226;5575;43229;44424;44464;5623;5622;44444;5737	3119	3342	3441.5	3764	4356	7877	3129.5	2684	2412.5	8934.5	3269.5	4111	1352	8576.5	7017.5	2476	7973	4400	948.5	7871	1311.5	4525.5	1640	2850	83359.5	4.167.975
ORTHO007265	glycine-rich protein	AT4G38710	6412;43043;43604;43603;34641;6807;8152;8150;44237;9987;44271;44249;9058;6518;1901564;71704;1901566;1901576;44267;19538;43170;44238;44260;34645;9059;10467;5737;44424;44464;5575;5623;5622;5515;5488;3674;3743;8135;3723;3676;1901363;97159;6413	3120	5206	3100.5	3081	2982.5	5432.5	6885.5	2728	3735.5	7916.5	5788.5	4949	3374.5	1375.5	2702.5	3976.5	1102.5	2724.5	5128	4012.5	4226.5	4780.5	3967	4801	79607	3980.35
ORTHO005431	sequence-specific DNA binding transcription factors	AT4G30410	46983;5515;5488;3674;3700;1071;2001141;31326;9889;19222;50789;65007;8150;31323;50794;51252;19219;80090;51171;60255;10556;6355;1903506;10468;2000112;5634;43231;43227;43226;5575;43229;44424;44464;5623;5622	3121	3458	3332.25	3543.5	2097	1089	1155	6978.5	7831	1750.5	1623	679.5	6227	3815.5	5254.5	6712.5	5194	4326.5	4914	549.5	6908	6182.5	7774	3238	82202.5	4.110.125
ORTHO001881	Pre-mRNA splicing Prp18-interacting factor	AT1G65660;AT3G45950;AT4G37120	8284;48522;48518;50789;65007;8150;50794;42127;8380;6396;16070;44260;43170;71704;8152;44237;9987;90304;6139;46483;6725;1901360;34641;6807;44238;10467;5634;43231;43227;43226;5575;43229;44424;44464;5623;5622;3727;3723;3676;1901363;5488;3674;97159;6397;16071	3122	4983	3559.5	3997	5938.5	4278	3513	5568.5	6712.5	3688.5	5973.5	3686.5	1352	2711.5	3936.5	3976.5	5108	3121	5851	7194	5637	2541	4345.5	5601	84795.5	4.239.775
ORTHO006736	CONTAINS InterPro DOMAIN/s: Defective-in-cullin neddylation protein (InterPro:IPR014764); Protein of unknown function DUF298 (InterPro:IPR005176); UBA-like (InterPro:IPR009060)	AT3G12760	97602;5515;5488;3674;45116;32446;70647;6464;36211;19538;43170;71704;8152;8150;44238;43412;44267;44260;44237;9987;51443;51351;43085;44093;65009;65007;50790;19222;50789;9893;48518;51340;51438;51338;31396;1903320;31399;32268;51246;80090;60255;31323;50794;31398;1903322;31401;32270;31325;48522;51247;10604;51347;151;1990234;1902494;43234;32991;5575;44424;44464;5623;5622;32182;31624;44390;19899;5634;43231;43227;43226;43229	3123	3266	1576.5	30	5552	3992.5	1410	268	4028	3464	478.5	37.5	3888.5	138	136.5	1202.5	110	307	1473.5	2455	2701	433	1573	272	28368.5	1.418.425
ORTHO007510	unknown protein	AT1G47640	5739;43231;43227;43226;5575;43229;44424;44464;5623;5622;44444;5737;9507;9536;3674;5794;12505;8150	3124	1347	1719	314	1066.5	1907.5	776.5	488	6225	3851	1211	393	6397.5	4415.5	5969	508.5	3399	1332.5	335.5	366.5	3778.5	1910	3133.5	1371.5	47769.5	2.388.475
ORTHO005863	unknown protein	AT1G20816;AT1G76405	5739;43231;43227;43226;5575;43229;44424;44464;5623;5622;44444;5737;3674;46930;98796;43234;32991;44425;16020;16021;31224;6811;44765;6810;51234;51179;8150;1902578;44699;9941;9526;31967;31975;44446;44422;44435;9536;44434;9507	3125	3201	2699	2273	2097	4723.5	1789.5	7084	4492.5	3190.5	1623	632	6397.5	3815.5	5254.5	1830	235.5	4507	5502	4527	914	6429	7946.5	3565	74458.5	3.722.925
ORTHO000591_2	aconitase 3	AT2G05710;AT4G26970	5739;43231;43227;43226;5575;43229;44424;44464;5623;5622;44444;5737;9570;9532;44435;44446;44422;9536;44434;9507;6097;44723;5975;71704;8152;8150;44238;44710;44699;44262;44237;9987;46487;6081;44763;32787;19752;43436;6082;44281;6099;6101;72350;9060;45333;15980;6091;55114;5829;9651;6970;9628;50896;6950;5507;46914;46872;43169;43167;5488;3674;6102;6979;9737;9725;9719;10033;42221;33993;97305;1901700;1101;5774;44437;5773;98588;31090;16020;98805;3994;16836;16835;16829;3824;5618;30312;71944;51539;51536;51540;46686;10038;10035;5524;35639;1901265;1901363;97159;43168;32559;30554;17076;166;36094;32555;32553;97367;32550;32549;1882;1883	3126	4177	1977	828	2982.5	3750.5	7194	2250	3668.5	8319	4086	743.5	2873	4244	1725.5	5325.5	2920	1568.5	875	1869	1063.5	1228	2059	4016	59778.5	2.988.925
ORTHO003498	DnaJ / Sec63 Brl domains-containing protein	AT1G79940;AT4G21180	30176;31227;44432;44444;44424;44464;5575;5623;5622;5737;44446;44422;43226;43229;5783;43231;43227;12505;31300;31224;44425;16020;31090;5789;98588;42175;31301;16021;31204;65002;6886;15031;45184;51234;51179;8150;8104;33036;71702;6810;46907;51649;51641;34613;70727;1902582;44765;1902578;44699;71806;55085;44763;9987;6620;6612;6605;90150;72657;44802;61024;16043;71840;1902580;45047;16482;72599;72594;33365;70972;5886;71944;9507;9536;5794;8565;22892;5215;3674;6457;5739	3127	721	2530.25	1933.5	365.5	2467	1474	462	702.5	674	271.5	818.5	1352	7636	9145.5	2476	4638.5	7295.5	7676.5	5816	1149	8029.5	8609.5	1434.5	72128	3606.4
ORTHO004568	O-fucosyltransferase family protein	AT3G05320	16757;16740;3824;3674;8152;8150	3128	2495	4343.5	5559	4356	838.5	7790.5	4462	8207	5615	1810	2291.5	1352	7779.5	7432.5	7782	6027	6085	315	5447	914	6831.5	7404.5	4484	92868.5	4.643.425
ORTHO006699	CONTAINS InterPro DOMAIN/s: P60-like (InterPro:IPR011687); Tumour suppressor protein Gltscr2 (InterPro:IPR011211)	AT2G40430	51781;48522;48518;50789;65007;8150;50794;51302;10971;1901992;1901989;90068;10564;51726;45787;1901987;1901990;7346;45931;1902751;1902749;10389;5634;43231;43227;43226;5575;43229;44424;44464;5623;5622;3674	3129	4253	1658.5	188	5938.5	3891.5	6885.5	3959.5	3933.5	4452	319	228.5	3808.5	138	136.5	3183	2738	286	1311	3331	2506	412	1361	240.5	43121	2156.05
ORTHO006975	Oligosaccharyltransferase complex/magnesium transporter family protein	AT4G29870	5886;16020;5575;44464;5623;71944;8150;16740;3824;3674;8152	3130	774	2538.5	1947	672.5	2170	7166.5	357.5	3176	1777	4610.5	5931	1352	9152.5	9022.5	1073.5	2524	8257.5	1232	2156.5	8738	1985	859	691.5	72232.5	3.611.625
ORTHO007379	Predicted AT-hook DNA-binding family protein	AT5G49700	6351;34645;44260;43170;71704;8152;8150;44237;9987;9059;1901576;9058;44249;97659;32774;16070;90304;6139;46483;6725;1901360;34641;6807;44238;34654;19438;44271;18130;1901362;10467;6355;1903506;2001141;31326;9889;19222;50789;65007;31323;50794;51252;19219;80090;51171;60255;10556;10468;2000112;3677;3676;1901363;5488;3674;97159;5634;43231;43227;43226;5575;43229;44424;44464;5623;5622	3131	5722	4511.5	5892	2982.5	6529	3327	5348	4953	7407.5	2290	3422.5	1352	4344	5523	3976.5	5457.5	3580	6185.5	7692.5	5839	6077	5762.5	5601	94667.5	4.733.375
ORTHO006191	unknown protein	AT3G55420	8150;3674;5634;43231;43227;43226;5575;43229;44424;44464;5623;5622	3132	2074	2101	1070	4356	8675.5	1184.5	1709	3392	2025.5	4748	4239	1352	5972.5	3521.5	1996.5	22	8278	2519	3146	504	5376	2003	2699.5	63363.5	3.168.175
ORTHO007623	RING/U-box superfamily protein	AT3G11110	16567;32446;70647;6464;36211;19538;43170;71704;8152;8150;44238;43412;44267;44260;44237;9987;8270;46914;46872;43169;43167;5488;3674;16021;31224;44425;5575;16020;5634;43231;43227;43226;43229;44424;44464;5623;5622	3133	6314	5048.5	6964	5651.5	1500	3863.5	2545	7183.5	3809	7382.5	6883.5	8094	1800.5	4124.5	3976.5	7397	3949	6185.5	7871	7709	5603	5295.5	5913	101085.5	5.054.275
ORTHO001656	alpha/beta-Hydrolases superfamily protein	AT1G34340;AT5G49950	16787;3824;3674;8152;8150;5575	3134	1526	1899.25	664.5	1066.5	3593	924	4016	5221.5	5051	2129.5	5096	3755	4486	6007	508.5	1396.5	7547.5	1655.5	1371	275.5	1090.5	1289.5	1394.5	56808	2840.4
ORTHO007442	photosystem I subunit F	AT1G31330	9534;31976;9579;44424;44464;5575;5623;5622;31984;44446;44422;43226;43229;43227;44435;44444;5737;9536;43231;44434;9507;9535;55035;42651;34357;16020;44436;15979;44237;8152;8150;9987;9538;98796;43234;32991;44425;9522;9521;10287;9570;9532;9941;9526;31967;31975;3674;16021;31224	3135	1916	4850.5	6566	1689.5	7959	2234.5	4345	7831	6364	2402	3872	7377.5	7448.5	8512	7782	5404	5886.5	1118.5	4848	782.5	6512.5	5826.5	2091	98597	4929.85
ORTHO004797	Plasma-membrane choline transporter family protein	AT1G25500	8150;9507;9536;43231;43227;43226;5575;43229;44424;44464;5623;5622;44444;5737;5886;16020;71944;16021;31224;44425	3136	1406	4380.5	5625	1066.5	4291.5	924	2000	1328.5	334.5	5618	4239	8446	8916	6639	797.5	7177	7251.5	8121	483.5	7386	7972	8026.5	3238	93189.5	4.659.475
ORTHO003727	Nucleic acid-binding; OB-fold-like protein	AT1G10590;AT1G23750	5886;16020;5575;44464;5623;71944;8150	3137	2444	3593	4049	1281	7977	605.5	7637	1481	4190.5	3269.5	6781	2717.5	6004.5	6092	797.5	2185.5	7028	8421	1094	6431	8413.5	2637	1344.5	85107.5	4.255.375
ORTHO002611	Small nuclear ribonucleoprotein family protein	AT2G47640;AT3G62840	5730;44428;44446;44422;5575;43226;44424;44464;5623;5622;43229;5634;43231;43227;43232;43228;31981;70013;43233;31974;5829;44444;5737;5732;30529;32991;3674;8380;6396;16070;44260;43170;71704;8152;8150;44237;9987;90304;6139;46483;6725;1901360;34641;6807;44238;10467;30532;19013;44423;19012;19028	3138	4093	2726	2314	5121	6784	7901	2114.5	702.5	2496	1312.5	998	1352	4662.5	5254.5	6712.5	4135	3580	4016	1070.5	7489.5	4970.5	6709	2439.5	74700	3735
ORTHO003820	tRNAse Z3	AT1G52160;AT3G16260	34414;42779;90501;16070;44260;43170;71704;8152;8150;44237;9987;90304;6139;46483;6725;1901360;34641;6807;44238;90305;42780;43628;34470;34660;6396;10467;31123;8033;6399;90502;42781;16891;4521;4519;4518;16788;16787;3824;3674;4540;16893;5634;43231;43227;43226;5575;43229;44424;44464;5623;5622	3139	1754	5095	7051	1281	7710.5	1247	9049.5	9166	6966.5	4465	6171.5	1352	5972.5	3521.5	1996.5	8070.5	9116	8509	3699	2343	7836	2274	2229	101695	5084.75
ORTHO003027	glutathione synthetase 2	AT5G27380	9507;9536;43231;43227;43226;5575;43229;44424;44464;5623;5622;44444;5737;4363;16881;16879;16874;3824;3674;8152;8150;6750;19184;43043;43604;43603;34641;6807;44237;9987;44271;44249;9058;6518;1901564;71704;1901566;1901576;44272;6790;6749;6575;42398;5829;9753;9725;9719;50896;10033;42221;1101;1901700	3140	1730	2332.5	1525	1479.5	151	5661.5	1640.5	3366.5	163.5	5100	6728.5	1352	6971	7844	1307	1670.5	8532.5	8526	1460	340.5	4525.5	2808	308	68456.5	3.422.825
ORTHO005417	chromatin remodeling 5	AT2G13370	5524;35639;1901265;1901363;5488;3674;97159;43168;43167;32559;30554;17076;166;36094;32555;32553;97367;32550;32549;1882;1883;4386;17111;16462;16818;16817;16787;3824;8152;8150;9506;5911;30054;5575;55044;5634;43231;43227;43226;43229;44424;44464;5623;5622;3677;3676;16568;6325;43933;16043;71840;9987;51276;6996;3682;44877;6333	3141	3489	2939.5	2738	4356	7915	8400	2460.5	1133	2425	6543	7844	4738	3815.5	2910	3976.5	3682	2199.5	154	5038	4103	3222.5	5171.5	1769	77500	3875
ORTHO003134	gametophytic factor 2	AT5G48030	46872;43169;43167;5488;3674;51085;51084;6458;6457;9987;8150;61077;5739;43231;43227;43226;5575;43229;44424;44464;5623;5622;44444;5737;10198;44702;22414;44699;3006;32502;10623;12501;8219;16265;44763;48869;44767;48468;48856;30154;9856;44703;51704;44706;32501;740;90174;44801;44802;61024;16043;71840;61025;9558;7349;48646;9653;7275;44707;9561;9553;48229;10197;741;48284;6996;6997;9559	3142	2355	2903	2664	1479.5	422	2452	2772	4452.5	3622.5	5636.5	5019	6731.5	6601.5	7844	1307	1266	4154.5	7792.5	4664.5	3323	4780.5	3997.5	301	77140	3857
ORTHO004015	SUMO-activating enzyme 1A	AT4G24940;AT5G50580;AT5G50680	19948;8641;16877;16874;3824;3674;8152;8150;5515;5488;16925;18205;18193;6464;36211;19538;43170;71704;44238;43412;44267;44260;44237;9987;32446;70647;5634;43231;43227;43226;5575;43229;44424;44464;5623;5622;5737	3143	3065	2060.5	978	4356	2170	1011	6741	7325.5	698.5	1810	1658	1352	4662.5	5254.5	6712.5	4408.5	3580	3445.5	635	5170.5	1228	1615	2575	62053	3102.65
ORTHO001869	SNARE-like superfamily protein	AT1G60970;AT3G09800;AT4G08520	30663;30660;30659;12506;31090;16020;5575;44422;43226;43227;31988;31982;44433;44444;44424;44464;5623;5622;5737;44446;43229;31410;16023;43231;139;98588;44431;5794;12505;98805;5798;30662;30135;30137;15031;45184;51234;51179;8150;8104;33036;71702;6810;30125;30118;30117;98796;43234;32991;44425;48475;30120;30665;30136;16192;6886;46907;51649;51641;34613;70727;5886;71944	3144	3281	5479	7814	4356	7834.5	3758	1426	4551	3785.5	3136.5	4670	1352	5129	511.5	6075	8832.5	8080	8951	9166.5	9023	8954.5	2991.5	9098	107326	5366.3
ORTHO004968	Dormancy/auxin associated family protein	AT1G56220	5634;43231;43227;43226;5575;43229;44424;44464;5623;5622;3674	3145	4353	4351	5557	5396	2214.5	7923	9027	4028	8934.5	4715	5960	4271.5	7536	8118	2821	2976.5	8179	2112	6274.5	3296.5	1358.5	2363	741	92849.5	4.642.475
ORTHO007637	unknown protein	AT1G73020	34707;34702;1902495;98796;43234;32991;5575;44425;16020;1990351;16021;31224;5254;15108;15103;8509;15075;22891;22857;5215;3674;6810;51234;51179;8150;55085;44763;9987;44699;44765;1902578;22892;34220;6811;98656;6820;15698;6821;1902476;98661;98660;5253;5216;22838;15267;22803	3146	1940	3153	3160	4356	332.5	2528	3842	2760.5	7830	4046	5667	1352	5378	1081	6712.5	7313	7408	1693	711.5	1589	8260	8070	3501.5	80075.5	4.003.775
ORTHO003675	yeast YAK1-related gene 1	AT5G35980	9506;5911;30054;5575;55044;6468;16310;6796;6793;44237;8152;8150;9987;6464;36211;19538;43170;71704;44238;43412;44267;44260;5524;35639;1901265;1901363;5488;3674;97159;43168;43167;32559;30554;17076;166;36094;32555;32553;97367;32550;32549;1882;1883;4672;16301;16772;16740;3824;16773;4674;5737;44424;44464;5623;5622;5829;44444;9737;9725;9719;50896;10033;42221;33993;97305;1901700;1101	3147	2601	5623.75	8100.5	1812	4794.5	3327	7588.5	8359.5	6288	3269.5	4724	7963	8715.5	5817	2476	8051	6982	7644	4848	5988	6831.5	1918	4541	110126	5506.3
ORTHO004950	unknown protein	AT1G19370;AT1G75140	5783;43231;43227;43226;5575;43229;44424;44464;5623;5622;44444;5737;12505;5576;16021;31224;44425;16020;5774;44437;44446;44422;5773;98588;31090;98805	3148	4169	4658.5	6169	5121	1329	2414	1709	1328.5	1233	865	790	7963	7909	7619.5	7782	7758	6982	8421	9038.5	8534	7392.5	2120	5007.5	96195.5	4.809.775
ORTHO005966	nitrite reductase 1	AT2G15620	9570;9532;44435;44444;44424;44464;5575;5623;5622;5737;44446;44422;43226;43229;9536;43231;43227;44434;9507;42128;42126;43436;6082;71704;8152;8150;44281;44710;44699;44763;9987;44237;2001057;6807;71941;48307;16664;16661;16491;3824;3674;55114;98809;47889;50421;16662;51539;51536;51540;5488;46872;43169;43167;5739;16020;20037;46906;1901363;97159;10167;1901698;42221;50896;1101;10035;1901700;48046;5576	3149	1070	3612	4075	4356	3768.5	1818.5	2000	4551	502	5618	6651.5	8446	8825.5	6581	2476	793	6982	802.5	5062.5	1275.5	7950.5	7946.5	3179.5	85230	4261.5
ORTHO003980	Thioredoxin superfamily protein	AT1G20225;AT1G76020	3674;5773;43231;43227;43226;5575;43229;44424;44464;5623;5622;44444;5737;8150;5829;5618;30312;71944	3150	3077	3440	3730	4356	8581.5	4904	143.5	3425	8934.5	4918.5	5543	1352	8645.5	5254.5	2080.5	1798	9046.5	2837.5	2347	1134	6612.5	1681.5	3920	83159.5	4.157.975
ORTHO006552	unknown protein	AT4G22190	5739;43231;43227;43226;5575;43229;44424;44464;5623;5622;44444;5737	3151	3720	3880.5	4610	2097	4434.5	3758	7244.5	2202	1604.5	8947	6781	3808.5	6764.5	7082.5	5325.5	1903.5	4507	299	8320	1227	6648	3284.5	3721	87862.5	4.393.125
ORTHO005424	Tetratricopeptide repeat (TPR)-like superfamily protein	AT3G14110	9535;55035;42651;34357;16020;5575;44436;44424;44464;5623;5622;9579;44435;44444;5737;44446;44422;43226;43229;9536;43231;43227;31976;31984;44434;9507;9534;31408;6633;72330;46394;16053;6082;71704;8152;8150;44281;44710;44699;44763;9987;44237;44283;44711;9058;1901576;44249;19752;43436;32787;6631;44255;6629;44238;8610;31407;9941;9526;31967;31975;31969;42170;31090;5886;71944;304;302;6979;6950;50896;1901700;42221;10035;15995;6779;51188;51186;6778;33013;46483;6725;1901360;1901564;6807;33014;19438;44271;34641;18130;1901362;1901566;46148;42440;15994;5515;5488;3674;16021;31224;44425	3152	2352	4222.5	5293	4356	8278	3327	1361	7978	6889	2539	6287.5	1352	7536	7258.5	2476	5404	5886.5	1086	4848	5637	5924	3466.5	3920	91454	4572.7
ORTHO008032	WRKY DNA-binding protein 9	AT1G68150	5634;43231;43227;43226;5575;43229;44424;44464;5623;5622;3700;1071;3674;2001141;31326;9889;19222;50789;65007;8150;31323;50794;51252;19219;80090;51171;60255;10556;6355;1903506;10468;2000112;6351;34645;44260;43170;71704;8152;44237;9987;9059;1901576;9058;44249;97659;32774;16070;90304;6139;46483;6725;1901360;34641;6807;44238;34654;19438;44271;18130;1901362;10467;43565;3677;3676;1901363;5488;97159	3153	2881	3315.5	3478	4356	2604.5	1011	3713.5	3490	4821.5	4655	5209	1352	8727.5	5836.5	2476	5685	8670	2469	1678.5	2459.5	7814.5	5762.5	3447.5	81883	4094.15
ORTHO003949	2-oxoglutarate (2OG) and Fe(II)-dependent oxygenase superfamily protein	AT4G33910	4656;31545;31543;16706;16705;16491;3824;3674;8152;8150;55114;44710;44699;51213;19511;18208;18193;6464;36211;19538;43170;71704;44238;43412;44267;44260;44237;9987;18126;19798;18401;19471;1901605;6520;1901564;6807;19752;43436;6082;44281;44763;46483;1901360;6575;32787;5794;43231;43227;43226;5575;43229;44424;44464;5623;5622;44444;5737;12505;31418;31406;43177;36094;5488;43168;43167;48029;30246;19842;5788;70013;43233;31974;44422;44446;44432;5783;5506;46914;46872;43169	3154	4669	3059.25	2964.5	2982.5	1329	3327	5957	1198	1709.5	8606.5	1889	6227	1800.5	4233.5	6712.5	3752	2558	6785	6467.5	4384	2541	3299.5	6210	78986.5	3.949.325
ORTHO005636	Plant protein of unknown function (DUF828)	AT5G01360	45489;271;5976;5975;71704;8152;8150;44238;43170;16051;44723;44710;44699;1901576;9058;44711;9059;45488;10393;139;98588;31090;16020;5575;44422;43226;43227;44431;44444;44424;44464;5623;5622;5737;44446;43229;5794;43231;12505;16413;16407;16747;16746;16740;3824;3674;8374;30244;51274;9250;33692;34637;44262;44237;9987;44763;44249;44264;44260;34645;6073;44042;51273;30243;9827;42545;71555;45229;16043;71840;71554;9664;71669;5886;71944;16021;31224;44425;5739	3155	4187	4517.25	5879.5	5938.5	6149	3327	5957	8178.5	7407.5	2402	307.5	4955.5	3815.5	5034.5	6712.5	3796.5	3121	6897.5	6632	4519	3453.5	5586.5	6379.5	94632	4731.6
ORTHO003123	Polynucleotidyl transferase; ribonuclease H-like superfamily protein	AT3G44260;AT5G22250	5634;43231;43227;43226;5575;43229;44424;44464;5623;5622;43928;291;956;6402;16071;16070;44260;43170;71704;8152;8150;44237;9987;90304;6139;46483;6725;1901360;34641;6807;44238;6401;44265;9057;1901575;9056;44248;34655;19439;44270;1901361;46700;288;30015;43234;32991;30014;17148;10629;10605;9892;48519;50789;65007;19222;60255;10468;6417;10608;32268;51246;80090;31323;50794;34248;51171;2000112;31326;9889;10556;34249;51172;31324;48523;2000113;31327;9890;10558;32269;51248;932;36464;35770;30529;43232;43228;44444;5737;9611;6950;50896;289;4540;4518;16788;16787;3824;3674;90305;90501;42742;9617;51707;43207;9605;9607;51704;98542;6952;4535;175;8408;4527;16896;4532;90503;16796;2213;9625;9451;43412	3156	5607	2624.5	2093	5328	5684	8616.5	3038.5	4164	5089	5393	2160	1352	4134.5	6035	2080.5	3322.5	1386	5301	4956.5	4384	1358.5	3967	771.5	73194	3659.7
ORTHO006874	D111/G-patch domain-containing protein	AT5G26610	3676;1901363;5488;3674;97159;46872;43169;43167;8150;5634;43231;43227;43226;5575;43229;44424;44464;5623;5622	3157	1833	4287.5	5418	1281	3557.5	6182	1709	8826	3372	3639.5	5435.5	8675.5	5279.5	960	1429.5	1618.5	7728	2168	1129.5	8697	8510	8952	4291.5	92160.5	4.608.025
ORTHO007445	CONTAINS InterPro DOMAIN/s: Taxilin (InterPro:IPR019132)	AT5G50840	5634;43231;43227;43226;5575;43229;44424;44464;5623;5622;19905;149;5515;5488;3674;8150	3158	1414	2269	1380	1066.5	505	888	3549.5	3753	3293	4853	4239	1352	4995.5	511.5	1429.5	8983	9114	2936.5	3165	3511.5	1277	1424	7376.5	67156.5	3.357.825
ORTHO003076	Ubiquitin-conjugating enzyme family protein	AT1G45050;AT1G75440;AT5G42990	9910;48581;48580;2000026;50793;50789;65007;8150;51239;51241;48519;51093;2000242;2000241;9909;48831;6511;19941;51603;6508;19538;43170;71704;8152;44238;44257;30163;9057;1901575;9056;44265;44260;44237;9987;44248;44267;43632;4842;19787;16740;3824;3674;16567;32446;70647;6464;36211;43412;16874;5524;35639;1901265;1901363;5488;97159;43168;43167;32559;30554;17076;166;36094;32555;32553;97367;32550;32549;1882;1883;9965;9887;44767;32502;44699;9653;48856;48513;48731;7275;44707;32501;48366;48827;48367;10016;5634;43231;43227;43226;5575;43229;44424;44464;5623;5622	3159	5560	4949.5	6740	2982.5	6529	3327	5698.5	6943.5	1346	7594	2343.5	6071.5	1800.5	4705.5	5325.5	5764.5	3580	6531	7871	6180.5	5924	6040	6057.5	99633	4981.65
ORTHO008360	arginine/serine-rich 45	AT1G16610	8380;6396;16070;44260;43170;71704;8152;8150;44237;9987;90304;6139;46483;6725;1901360;34641;6807;44238;10467;6397;16071;10182;9756;7165;50794;50789;65007;51716;50896;7154;44763;44699;44700;23052;71322;71310;10033;42221;70887;1901701;1901700;9743;5654;44428;44446;44422;5575;43226;44424;44464;5623;5622;43229;5634;43231;43227;31981;70013;43233;31974;5515;5488;3674;5730;43232;43228;16607;16604;44451;5681;30529;32991;398;377;375;3723;3676;1901363;97159;166;36094;1901265	3160	4678	2833	2506	2982.5	8198	5808	2545	5355.5	4023	3269.5	2729	1352	4360.5	5413.5	3976.5	8269	3580	2893	1043.5	3646	2213.5	2749.5	4678.5	76103.5	3.805.175
ORTHO007107	root cap 1 (RCP1)	AT5G17520	5975;71704;8152;8150;44238;9706;9528;19866;31090;16020;5575;44422;43226;43227;44424;44464;5623;5622;31967;31975;44446;43229;42170;44435;44444;5737;9536;43231;9526;31969;44434;9507;9941;5983;9251;272;5976;43170;16052;1901575;9056;9057;44042;44247;44264;44260;44237;9987;44262;44275;44248;5982;6073;16021;31224;44425;5363;15154;15157;15144;22891;22857;5215;3674;6810;51234;51179;55085;44763;44699;44765;1902578;22892;1901476;8643;71702;34219;15772;51119;15766;15768;7275;44767;32502;44707;32501;23;5984;9311;44723;44710;9629;9628;50896;9624;51707;43207;9605;9607;51704;7154	3161	2891	4309.5	5458	2097	8536.5	2791.5	7084	2202	4858	8947	4670	1352	6764.5	7082.5	2476	4638.5	5720	1086	4630.5	4445	5924	5407	3721	92336	4616.8
ORTHO005835	cyclin p3	AT2G45080;AT3G60550	51726;50794;50789;65007;8150;51301;44763;9987;44699;79;1904029;45859;43549;42325;19220;51174;31323;19222;51338;50790;65009;1932;31399;32268;51246;80090;60255;71900;19901;19900;19899;5515;5488;3674;4693;97472;4672;16301;16772;16740;3824;8152;16310;6796;6793;44237;16773;6468;6464;36211;19538;43170;71704;44238;43412;44267;44260;4674;7049;5737;44424;44464;5575;5623;5622	3162	4295	2089	1016	2982.5	3296	242	765	1625	6934	3596.5	431	4417	4321	4233.5	6712.5	8562.5	8231	1629.5	2534.5	504	371.5	199	4060.5	62666	3133.3
ORTHO002622	UDP-Glycosyltransferase superfamily protein	AT1G32900	9569;43036;44435;44444;44424;44464;5575;5623;5622;5737;44446;44422;43226;43229;9536;43231;43227;44434;9507;5515;5488;3674;16757;16740;3824;8152;8150;4373;35251;46527;16758;8194;19252;9250;33692;271;5976;5975;71704;44238;43170;16051;44723;44710;44699;1901576;9058;44711;9059;34637;44262;44237;9987;44763;44249;44264;44260;34645;6073;44042;5982	3163	3821	3531.5	3900	4356	7516.5	6804	6978.5	7455	1233	1623	743.5	5740	3815.5	5034.5	1830	324.5	4253	4663	3528.5	6696	5308.5	7554.5	3103.5	84205	4210.25
ORTHO001702	cytochrome P450; family 90; subfamily D; polypeptide 1	AT3G13730;AT4G36380	16709;16705;16491;3824;3674;8152;8150;55114;44710;44699;4497;19825;5488;9507;9536;43231;43227;43226;5575;43229;44424;44464;5623;5622;44444;5737;48443;48827;48856;32502;48367;44767;48731;7275;44707;32501;48437;44702;22414;3006;48569;48513;9908;90567;48608;61458;9791;48466;48438;48366;5789;98588;31090;16020;44422;44432;44446;5783;12505;44425;42175;20037;46906;1901363;97159;5506;46914;46872;43169;43167;16132;42446;9058;42445;10817;65008;65007;16131;16128;6066;1901615;71704;44281;8202;1901360;6629;44238;16129;46165;1901617;1901576;44283;44711;6694;1901362;8610;48441;48465;16021;31224;42814;9826;902;32989;16043;71840;9987;9653;48869;44763;60560;48589;40007;16049;9965;9887;10016;8395;10268;55088;48878;42592	3164	5106	2530.5	1897	5307.5	4708.5	4528.5	6573	2465.5	6856.5	5380	4111	3374.5	3497	5969	2914	2987.5	1360.5	3616	5160	3139.5	1358.5	3072.5	771.5	71843.5	3.592.175
ORTHO007197	Oxoglutarate/iron-dependent oxygenase	AT3G28480;AT3G28490	16705;16491;3824;3674;8152;8150;55114;44710;44699;5802;98791;44431;44444;44424;44464;5575;5623;5622;5737;44446;44422;43226;43229;5794;43231;43227;12505;31984;18401;19471;1901605;6520;1901564;71704;6807;19752;43436;6082;44281;44763;9987;44237;44238;46483;1901360;6575;32787;19511;18208;18193;6464;36211;19538;43170;43412;44267;44260;18126;5774;44437;5773;98588;31090;16020;98805;5768;5506;46914;46872;43169;43167;5488;4656;31545;31543;16706;51213;19798;31418;31406;43177;36094;43168;48029;30246;19842;5576;5788;70013;43233;31974;44432;5783	3165	3345	2285.5	1406	4356	214	8450	6573	2069	1003.5	6763.5	1198.5	1352	3815.5	3265	3976.5	4135	3121	3691	3976	4668.5	3222.5	3598.5	2314	67407	3370.35
ORTHO000884	TRICHOME BIREFRINGENCE-LIKE 28	AT2G40150;AT2G40160;AT3G55990	5634;43231;43227;43226;5575;43229;44424;44464;5623;5622;16021;31224;44425;16020;50826;9409;9266;9628;50896;8150;6950;45893;10628;10604;9893;48518;50789;65007;19222;60255;10468;1903508;1903506;2001141;31326;9889;31323;50794;51252;19219;80090;51171;10556;1902680;51254;45935;31325;48522;51173;31328;9891;10557;6355;2000112;5794;44444;5737;12505;139;98588;31090;44422;44431;44446;45492;45491;10410;10383;5976;5975;71704;8152;44238;43170;44036;44260;44237;9987;71554;70592;33692;271;16051;44723;44710;44699;1901576;9058;44711;9059;34637;44262;44763;44249;44264;34645;44038;70589;44085;71840;42546;16413;16407;16747;16746;16740;3824;3674;8374;1990538	3166	3826	3092	3018	2097	4561.5	2528	1322	7455	4289.5	1810	998	5740	3815.5	4233.5	6712.5	400	3949	4205.5	7299	5170.5	4873	7048.5	2784	79195	3959.75
ORTHO004050	Core-2/I-branching beta-1;6-N-acetylglucosaminyltransferase family protein	AT1G10280	16757;16740;3824;3674;8152;8150;16020;5575;5739;43231;43227;43226;43229;44424;44464;5623;5622;44444;5737;8375;8194;16758	3167	1357	4804	6441	4356	3859	1954	8619.5	8928.5	1750.5	1623	5209	8754.5	5011.5	599	508.5	901	8013	1290	7747	8952.5	8814.5	8405	6850.5	97790.5	4.889.525
ORTHO007286	plastid transcriptionally active 4	AT1G65260	9570;9532;44435;44444;44424;44464;5575;5623;5622;5737;44446;44422;43226;43229;9536;43231;43227;44434;9507;9941;9526;31967;31975;9535;55035;42651;34357;16020;44436;9579;31976;31984;9534;9508;229;5694;43232;43228;42646;9295;16050;6996;16043;71840;8150;9987;10027;9668;44802;61024;44763;44699;9657	3168	1323	2211	1254	1066.5	663	3628.5	3	2505.5	5653	147	130	1352	5983	5799	2080.5	1463.5	9177	9008	3659	1949.5	8749	2855	831.5	65637	3281.85
ORTHO003378	SWIB/MDM2 domain superfamily protein	AT2G14880;AT4G34290	8150;3674;5634;43231;43227;43226;5575;43229;44424;44464;5623;5622	3169	2299	2634.5	2100	1408	332.5	5632	8127	8307	1540.5	1144	6561.5	1352	7536	8118	1307	1962.5	4747.5	4237	3231	3529.5	4525.5	664.5	391	73246	3662.3
ORTHO002338	TATA BOX ASSOCIATED FACTOR II 59	AT1G04950;AT1G54360	51090;6355;1903506;2001141;31326;9889;19222;50789;65007;8150;31323;50794;51252;19219;80090;51171;60255;10556;10468;2000112;65009;6352;32774;9059;43170;71704;8152;1901576;9058;16070;44260;44237;9987;90304;6139;46483;6725;1901360;34641;6807;44238;34654;19438;44249;44271;18130;1901362;6351;34645;97659;10467;5634;43231;43227;43226;5575;43229;44424;44464;5623;5622;46982;46983;5515;5488;3674;9860;44702;22414;44699;904;902;32989;16043;71840;9653;32502;48856;48869;44767;44763;48468;30154;3006;48588;48589;40007;16049;9932;9826;60560;48868;9856;44703;51704;44706;32501	3170	2523	4901	6632	4356	8198	2528	1013.5	8509.5	1926.5	1810	267.5	8205.5	7850	8893	2476	8092	6505.5	7464	5606	7052	6182.5	1661.5	4801	99042	4952.1
ORTHO000881	rapid alkalinization factor 1	AT1G02900;AT3G16570;AT4G15800	9506;5911;30054;5575;55044;19722;19932;35556;7165;50794;50789;65007;8150;51716;9987;50896;7154;44763;44699;44700;23052;5515;5488;3674;7267;30308;45926;48519;40008;1558;51128;48523;5576;48046;4871;60089;48364;44767;32502;48513;48856;48731;7275;44707;32501;22622;9741;9725;9719;10033;42221;14070;33993;97305;1901700;9505;5618;30312;44464;5623;71944	3171	6677	4918.25	6665.5	7662	6898	2528	8064.5	6379.5	8446	5788.5	4905	7743	2711.5	3721.5	3976.5	1102.5	2724.5	5128	6632	4321	4873	5021	8258.5	99222.5	4.961.125
ORTHO005185	DUF679 domain membrane protein 2	AT3G21550	8150;5783;43231;43227;43226;5575;43229;44424;44464;5623;5622;44444;5737;12505;3674;9705;5774;44437;44446;44422;5773;98588;31090;16020;98805;325	3172	3435	3406	3640	2097	4827.5	1881	6831.5	1328.5	502	1623	8522.5	1352	3815.5	5034.5	6712.5	4761	4253	4607.5	4392	6696	5213.5	7244	3103.5	82701	4135.05
ORTHO006701	eukaryotic translation initiation factor 4E	AT4G18040	5634;43231;43227;43226;5575;43229;44424;44464;5623;5622;6417;10608;10468;60255;19222;50789;65007;8150;32268;51246;80090;31323;50794;34248;51171;2000112;31326;9889;10556;3743;8135;3723;3676;1901363;5488;3674;97159;6412;43043;43604;43603;34641;6807;8152;44237;9987;44271;44249;9058;6518;1901564;71704;1901566;1901576;44267;19538;43170;44238;44260;34645;9059;10467;6413;5737;9615;51707;43207;9605;50896;9607;51704;932;36464;35770;30529;32991;43232;43228;44444;10494;5730;44428;44446;44422;31981;70013;43233;31974;5515;339	3173	2360	3985.5	4798	1689.5	2710	8876	4312	8149.5	1674	2653	2230.5	7377.5	7387.5	7129	2476	1396.5	5944.5	5220.5	832	4946	6182.5	5617	3920	89034	4451.7
ORTHO003216	glutamine-tRNA ligase; putative / glutaminyl-tRNA synthetase; putative / GlnRS; putative	AT1G25350	5524;35639;1901265;1901363;5488;3674;97159;43168;43167;32559;30554;17076;166;36094;32555;32553;97367;32550;32549;1882;1883;5737;44424;44464;5575;5623;5622;5829;44444;6424;6418;43039;6399;34660;16070;44260;43170;71704;8152;8150;44237;9987;90304;6139;46483;6725;1901360;34641;6807;44238;43038;6520;1901564;19752;43436;6082;44281;44710;44699;44763;6412;43043;43604;43603;44271;44249;9058;6518;1901566;1901576;44267;19538;34645;9059;10467;4819;4812;16876;16875;16874;3824;48481;3006;32502;22414;48856;35670;48608;61458;48731;7275;44767;44707;32501;48440;48827;48367;48437;44702;48569;48513;9908;90567;9791;48467;48438;6425	3174	3225	4178	5182	4356	8030	288.5	3803	3198	3987	5431	4724	8675.5	5523.5	892.5	1606	9050.5	9043	8995.5	2635.5	3001	3222.5	2013	6801.5	90921.5	4.546.075
ORTHO007873	Protein kinase superfamily protein	AT3G51990	16301;16772;16740;3824;3674;8152;8150;16310;6796;6793;44237;9987;5576;5575	3175	1990	2867.5	2560	4356	6832.5	6630.5	1322	344	1371	435.5	1374.5	7377.5	4560	6378.5	6712.5	630	5518	5128	3721.5	5988	4709	5541.5	1906.5	76481	3824.05
ORTHO008183	unknown protein	AT5G53650	3674;8150;9507;9536;43231;43227;43226;5575;43229;44424;44464;5623;5622;44444;5737	3176	3152	4714	6252	2097	4693.5	3430	4360	7978	5426.5	9015.5	466.5	1352	7101	7258.5	2476	8528	6085	5851	4884.5	1299.5	6512.5	5902.5	4060.5	96681	4834.05
ORTHO002667	Lateral organ boundaries (LOB) domain family protein	AT2G30130	9965;9887;44767;32502;8150;44699;9653;48856;48513;48731;7275;44707;32501;48366;48827;48367;10016;3677;3676;1901363;5488;3674;97159;5634;43231;43227;43226;5575;43229;44424;44464;5623;5622	3177	4018	2851	2525	5748	3351.5	1247	4053	2666	8168.5	8606.5	5126	3359.5	6434	6764.5	7782	2074	3580	284	2124.5	3870	2433.5	1767.5	2575	76267	3813.35
ORTHO001544	2-oxoacid dehydrogenases acyltransferase family protein	AT1G34430;AT3G25860	9570;9532;44435;44444;44424;44464;5575;5623;5622;5737;44446;44422;43226;43229;9536;43231;43227;44434;9507;5886;16020;71944;22626;44445;5829;5840;30529;32991;43232;43228;9941;9526;31967;31975;9793;44702;22414;8150;44699;3006;32502;9790;44767;48856;7275;44707;32501;48316;48608;61458;48731;9791;10154;6096;6090;32787;19752;43436;6082;71704;8152;44281;44710;44763;9987;44237;44724;44712;9056;44723;5975;44238;16052;1901575;6757;6091;46031;9150;6163;72521;46483;6725;1901360;34641;6807;1901564;9117;6753;19637;6793;55086;6139;6796;9259;19693;1901135;9179;9185;9132;9135;9167;9161;9123;9126;46128;9119;9116;1901657;42278;46034;9205;9144;9141;9199;6165;46939;16310;46496;19362;6733;6732;51186;72524;4742;30523;16417;16747;16746;16740;3824;3674;16418;16407;5739;9534;31976;9579;31984;6086;6085;71616;9108;51188;44249;9058;6637;35383;6790;35384;44272;1901576;6084;44711	3178	2173	2532	1886	1479.5	7677.5	2627.5	3874	1430.5	5279	5320.5	5435.5	6397.5	6542.5	7619.5	2914	2261.5	4507	732	5215.5	1943.5	750	214.5	1009	71751	3587.55
ORTHO005315	unknown protein	AT5G13030	8150;3674;5739;43231;43227;43226;5575;43229;44424;44464;5623;5622;44444;5737;9570;9532;44435;44446;44422;9536;44434;9507	3179	1219	2296	1413	4356	505	6283.5	602	800	295	319	8978.5	1352	8316	9145.5	1073.5	2086	7181.5	7197.5	419.5	1121	6920	1405.5	3501.5	67502.5	3.375.125
ORTHO005861	x-ray induced transcript 1	AT5G48720	6281;6259;44260;43170;71704;8152;8150;44237;9987;90304;6139;46483;6725;1901360;34641;6807;44238;6974;33554;51716;50896;6950;44763;44699;44710;5634;43231;43227;43226;5575;43229;44424;44464;5623;5622;5515;5488;3674;7143;7126;280;48285;6996;16043;71840;1903046;22402;7049;51321;3;1902589;9555;48229;7275;44767;32502;44707;32501;48856;10165;10212;9314;9628;7140	3180	3297	4407	5634	5552	1705	5261.5	6428.5	1691	4876.5	3269.5	6651.5	1352	8485	6867.5	7782	4252.5	4400	4113.5	5400	4519	6512.5	7089	2575	93231.5	4.661.575
ORTHO002841	KH domain-containing protein	AT2G25970	5829;44444;44424;44464;5575;5623;5622;5737;3676;1901363;5488;3674;97159;3723	3181	4173	4449	5717	5196	7563	4244.5	2939.5	2264	5898.5	3366.5	6651.5	1352	8665.5	8359	2843	3682	6683.5	6056.5	7299	3491.5	6759.5	4236.5	1297.5	93653	4682.65
ORTHO006659	unknown protein	AT1G54520	9507;9536;43231;43227;43226;5575;43229;44424;44464;5623;5622;44444;5737;8150;3674	3182	2588	2616	2050	4356	7455.5	7050.5	2322	8053.5	5286.5	1981	6120	1352	4662.5	4233.5	6712.5	2891.5	4595	732	757.5	3391.5	1068	2603	1696.5	72964.5	3.648.225
ORTHO008352	unknown protein	AT5G13970	8150;5634;43231;43227;43226;5575;43229;44424;44464;5623;5622;3674	3183	2712	2243.5	1304	4356	7710.5	4118.5	864	493.5	5808	4237	6464.5	3173	3815.5	2163.5	6712.5	3067	5720	1612.5	3659	345	1154	3271	1794	66183	3309.15
ORTHO005757	RNA-binding protein	AT2G43970	166;36094;5488;3674;1901265;1901363;97159;5634;43231;43227;43226;5575;43229;44424;44464;5623;5622;6355;1903506;2001141;31326;9889;19222;50789;65007;8150;31323;50794;51252;19219;80090;51171;60255;10556;10468;2000112;6396;16070;44260;43170;71704;8152;44237;9987;90304;6139;46483;6725;1901360;34641;6807;44238;10467;30529;32991;3676;6351;34645;9059;1901576;9058;44249;97659;32774;34654;19438;44271;18130;1901362;3723	3184	2170	3744	4304	1281	6986.5	2528	4462	1430.5	334.5	1810	2160	1352	7850	8793	2476	6298	6388.5	7281	5447	6696	6791.5	4806.5	2522	86413	4320.65
ORTHO004853	HAD superfamily; subfamily IIIB acid phosphatase	AT2G38600	3993;16791;42578;16788;16787;3824;3674;8152;8150;16311;6796;6793;44237;9987	3185	3800	4372.5	5560	2097	3489.5	3129.5	2838	7455	1462	8892.5	4670	6316	6601.5	6867.5	7782	7378	4673.5	802.5	1788	1344	6714	7486	3179.5	92869	4643.45
ORTHO003812	S-adenosyl-L-methionine-dependent methyltransferases superfamily protein	AT3G27230;AT5G40830	8168;16741;16740;3824;3674;8152;8150;32259;5768;43231;43227;43226;5575;43229;44424;44464;5623;5622;44444;5737;12505;5794;5802;98791;44431;44446;44422;31984	3186	4401	2671.5	2157	5214.5	5285	2627.5	6652	6379.5	2752	2402	1915.5	4444	3815.5	6192.5	2080.5	3053.5	5944.5	4441	5447	3284.5	2213.5	3634.5	988.5	73553	3677.65
ORTHO006223	unknown protein	AT1G23110;AT1G70900	3674	3187	6027	5146.5	7106	2982.5	5621	8499.5	5698.5	8101	4899	2290	3422.5	6071.5	1800.5	5034.5	3976.5	5864.5	3949	6700.5	5606	6180.5	6340.5	6040	6057.5	102153	5107.65
ORTHO004689	Nucleotidylyl transferase superfamily protein	AT1G28350;AT2G33840	4831;4812;16876;16875;16874;3824;3674;8152;8150;6418;43039;6399;34660;16070;44260;43170;71704;44237;9987;90304;6139;46483;6725;1901360;34641;6807;44238;43038;6520;1901564;19752;43436;6082;44281;44710;44699;44763;6412;43043;43604;43603;44271;44249;9058;6518;1901566;1901576;44267;19538;34645;9059;10467;5524;35639;1901265;1901363;5488;97159;43168;43167;32559;30554;17076;166;36094;32555;32553;97367;32550;32549;1882;1883;5829;44444;44424;44464;5575;5623;5622;5737	3188	4042	2094	1000	2375	923	4904	4238	1625	8647.5	582	5372	4555.5	3815.5	4462	3976.5	3264.5	4154.5	216	1426	2123	2433.5	4116	1597.5	62432	3121.6
ORTHO004422	NADH-ubiquinone dehydrogenase; mitochondrial; putative	AT5G37510	45333;15980;6091;44237;8152;8150;9987;55114;44710;44699;44763;31966;31090;16020;5575;44422;43226;43227;44429;44444;44424;44464;5623;5622;5737;44446;43229;5739;43231;5740;31967;31975;5747;45271;30964;98796;43234;32991;44425;1990204;1902494;98803;70469;98800;98798;44455;5743;19866;5746;9507;9536;9853;43094;44249;9058;8137;50136;3954;16651;16491;3824;3674;16655;9793;44702;22414;3006;32502;9790;44767;48856;7275;44707;32501;48316;48608;61458;48731;9791;10154;6979;6950;50896	3189	2784	5691	8193	4356	8643	1011	3824.5	9144.5	5122.5	8606.5	2197	8929.5	5059.5	511.5	6075	7649.5	8837	2587	3331	3231.5	8784	9065.5	8552	111162	5558.1
ORTHO005533	S-adenosyl-L-methionine-dependent methyltransferases superfamily protein	AT3G10200;AT5G04060	5789;98588;31090;16020;5575;44422;43226;43227;44432;44444;44424;44464;5623;5622;5737;44446;43229;5783;43231;12505;44425;42175;5794;32259;8152;8150;8168;16741;16740;3824;3674;16021;31224;139;44431;5802;98791;31984;5768	3190	3547	3443	3696	4356	7749.5	7507.5	1912	702.5	1409.5	669	79.5	6227	3815.5	5254.5	6712.5	5194	4326.5	5027.5	8077	945.5	6340.5	7774	3238	82962	4148.1
ORTHO008171	CLP protease proteolytic subunit 6	AT1G11750	9941;9526;31967;31975;44464;5575;5623;44446;44422;43226;44424;5622;43229;43227;44435;44444;5737;9536;43231;44434;9507;9570;9532;6508;19538;43170;71704;8152;8150;44238;9840;9368;43234;32991;9534;31976;9579;31984;15979;44237;9987;4252;4175;70011;8233;16787;3824;3674;8236;17171;9658;9657;6996;16043;71840	3191	2850	2654.5	2118	2097	8118	2032.5	4133.5	8259	5347.5	1810	2000.5	5740	3815.5	4233.5	1830	3521.5	4982.5	762.5	4169.5	3870	1910	4047.5	2784	73367.5	3.668.375
ORTHO005475	PRP38 family protein	AT5G37370	9651;6970;9628;50896;8150;6950;5634;43231;43227;43226;5575;43229;44424;44464;5623;5622;6396;16070;44260;43170;71704;8152;44237;9987;90304;6139;46483;6725;1901360;34641;6807;44238;10467	3192	2186	2556.25	1920.5	1479.5	1089	4785	3434	267.5	5172.5	4704.5	7551.5	6397.5	6501	7667.5	1307	3399	8551.5	2150.5	1992	1654	3311	1866	272	72073	3603.65
ORTHO003421	SET domain protein 2	AT4G15180	42800;18024;16279;16278;8170;8168;16741;16740;3824;3674;8152;8150;32259;8757;8276;6479;43414;44260;43170;71704;44237;9987;43412;8213;6464;36211;19538;44238;44267;18022;18205;18193;42054;16571;16570;16569;16568;6325;43933;16043;71840;51276;6996;1902589;44763;44699;44710;34968;51568;48440;48827;48856;32502;48367;44767;48731;7275;44707;32501;48437;44702;22414;3006;48569;48513;9908;90567;48608;61458;9791;48467;48438;5634;43231;43227;43226;5575;43229;44424;44464;5623;5622;48443;48466;10228	3193	2452	2382.75	1572.5	1689.5	113	249	575	3152	8934.5	4456.5	679.5	1352	7954.5	7401.5	7782	9096	7295.5	2430.5	1160.5	1525	362	388	3920	68827	3441.35
ORTHO004221	methionine aminopeptidase 2A	AT2G44180;AT3G59990	70084;6464;36211;19538;43170;71704;8152;8150;44238;43412;44267;44260;44237;9987;46872;43169;43167;5488;3674;31365;6508;5737;44424;44464;5575;5623;5622;70006;4177;8238;70011;8233;16787;3824;8235;8237;16485;51604;10467	3194	3213	4373	5552	2097	141.5	1011	268	8882.5	821	3269.5	4991	8898	5077	551	6075	7799	7335.5	1189.5	1426	8935.5	9050	9053	8026	92800	4640
ORTHO008860	galacturonosyltransferase-like 3	AT1G13250	139;98588;31090;16020;5575;44422;43226;43227;44431;44444;44424;44464;5623;5622;5737;44446;43229;5794;43231;12505;16758;16757;16740;3824;3674;8152;8150;16021;31224;44425;47262;8194;271;5976;5975;71704;44238;43170;16051;44723;44710;44699;1901576;9058;44711;9059	3195	3763	2345	1495	4356	1227	2881	2322	5994	5013	1810	1198.5	5195	3815.5	3265	3976.5	3958.5	3121	3792	5672	4668.5	3609.5	4345.5	2314	68178.5	3.408.925
ORTHO005331	triosephosphate isomerase	AT2G21170	9570;9532;44435;44444;44424;44464;5575;5623;5622;5737;44446;44422;43226;43229;9536;43231;43227;44434;9507;6096;6090;32787;19752;43436;6082;71704;8152;8150;44281;44710;44699;44763;9987;44237;44724;44712;9056;44723;5975;44238;16052;1901575;6757;6091;46031;9150;6163;72521;46483;6725;1901360;34641;6807;1901564;9117;6753;19637;6793;55086;6139;6796;9259;19693;1901135;9179;9185;9132;9135;9167;9161;9123;9126;46128;9119;9116;1901657;42278;46034;9205;9144;9141;9199;6165;46939;16310;46496;19362;6733;6732;51186;72524;46166;46184;6081;1901576;9058;44249;44711;19682;90407;1901137;9658;9657;6996;16043;71840;4807;16861;16860;16853;3824;3674;19563;19405;46174;46164;1901616;1901615;44282;6066;19751;44275;44262;44248;19400;6071;32504;3;32501;48046;5576;9941;9526;31967;31975;19253;19685;16051;15979;15977;9579;6642;6641;6639;6638;44255;6629;46486;80022;48364;44767;32502;48513;48856;48731;7275;44707;22622;5739;5829;6094;6006;19318;5996;19319;46364;44283	3196	4927	5322.5	7449	5938.5	7241	5808	4065.5	2465.5	6645	7886	503.5	7258.5	8316	7885	5325.5	8387	5221.5	4830.5	3563	7052	3311	1555.5	7223	104543	5227.15
ORTHO007774	Leucine-rich repeat receptor-like protein kinase family protein	AT5G06940	5576;5575;16301;16772;16740;3824;3674;8152;8150;16310;6796;6793;44237;9987	3197	2036	2764	2331	4356	8183	3628.5	602	2914.5	2591.5	2809.5	4566	7377.5	7448.5	8387.5	7782	1764.5	5720	1086	4727.5	782.5	1277	1235	1906.5	74789.5	3.739.475
ORTHO003709	NAD(P)-binding Rossmann-fold superfamily protein	AT2G39080	9570;9532;44435;44444;44424;44464;5575;5623;5622;5737;44446;44422;43226;43229;9536;43231;43227;44434;9507	3198	2338	2242	1286	1689.5	1089	2951	6741	1625	969	8701	2553.5	1352	4560	4124.5	1830	8351	4982.5	4016	4060.5	3719.5	914	859	2575	65973.5	3.298.675
ORTHO007496	Bifunctional inhibitor/lipid-transfer protein/seed storage 2S albumin superfamily protein	AT1G62790	31225;31224;44425;5575;16020;8289;5488;3674;6869;44765;6810;51234;51179;8150;1902578;44699;71702;10876;33036	3199	3406	4256.5	5314	4356	7834.5	859	2250	7978	2945.5	2129.5	197	7189	7213.5	7258.5	5325.5	6752	5626	7764.5	1667	1264.5	7441	5826.5	4060.5	91582	4579.1
ORTHO001606	Translation initiation factor IF2/IF5	AT1G36730;AT1G77840	5829;44444;44424;44464;5575;5623;5622;5737;3743;8135;3723;3676;1901363;5488;3674;97159;6412;43043;43604;43603;34641;6807;8152;8150;44237;9987;44271;44249;9058;6518;1901564;71704;1901566;1901576;44267;19538;43170;44238;44260;34645;9059;10467;6413;5525;35639;1901265;43168;43167;32550;32549;1882;36094;97367;1883;32561;19001;17076;166;32555;32553;6446;6417;10608;10468;60255;19222;50789;65007;32268;51246;80090;31323;50794;34248;51171;2000112;31326;9889;10556;5634;43231;43227;43226;43229	3200	4313	2468	1736	5284	6643.5	5632	6652	4816.5	2319.5	5450.5	1708.5	4555.5	3497	6137	2080.5	763	5944.5	3977	3579.5	670.5	1827.5	3426.5	604.5	70285.5	3.514.275
ORTHO006906	CONTAINS InterPro DOMAIN/s: Mitotic checkpoint protein PRCC; C-terminal (InterPro:IPR018800)	AT2G19270	8150;3674;5634;43231;43227;43226;5575;43229;44424;44464;5623;5622	3201	1260	2605	2009	1066.5	4620	7126.5	2000	1328.5	4356	4217.5	4239	1352	7448.5	8512	2476	3043	6440	3553	920	414.5	4970.5	3510.5	2091	72618.5	3.630.925
ORTHO002404	MED19A	AT5G12230;AT5G19480	6355;1903506;2001141;31326;9889;19222;50789;65007;8150;31323;50794;51252;19219;80090;51171;60255;10556;10468;2000112;3674;5634;43231;43227;43226;5575;43229;44424;44464;5623;5622;16592;44451;44428;44446;44422;5654;31981;70013;43233;31974;43234;32991;6351;34645;44260;43170;71704;8152;44237;9987;9059;1901576;9058;44249;97659;32774;16070;90304;6139;46483;6725;1901360;34641;6807;44238;34654;19438;44271;18130;1901362;10467	3202	4493	5821	8440	2982.5	7207	3960	2545	7691.5	4998	3136.5	3578.5	7498	8396.5	7999	5325.5	867	5824	8200	8214	6578.5	7147.5	7946.5	7508	114621	5731.05
ORTHO004631	SWIB complex BAF60b domain-containing protein	AT1G49520;AT3G19080	3677;3676;1901363;5488;3674;97159;8150;5634;43231;43227;43226;5575;43229;44424;44464;5623;5622;9506;5911;30054;55044	3203	4245	2945.5	2688	2982.5	1329	8400	6428.5	6823.5	1409.5	2129.5	1954	4865.5	3815.5	5034.5	6712.5	3752	2558	3445.5	6467.5	4321	2541	3299.5	2003.5	77290	3864.5
ORTHO003315	Protein of unknown function; DUF538	AT2G03350	8150;5575	3204	5686	4002	4800	5552	1500	3863.5	5568.5	4323	3412.5	5973.5	3686.5	5740	1800.5	4233.5	5325.5	5108	3121	5851	7299	5422.5	5603	5407	5806	89044.5	4.452.225
ORTHO003016	ATP synthase D chain; mitochondrial	AT3G52300	9651;6970;9628;50896;8150;6950;22626;44445;44444;44424;44464;5575;5623;5622;5737;5829;5840;30529;32991;43232;43228;43226;43229;9535;55035;42651;34357;16020;44436;9579;44435;44446;44422;9536;43231;43227;31976;31984;44434;9507;9534;15986;6754;46034;9150;6163;72521;46483;44237;8152;9987;6725;1901360;71704;34641;6807;1901564;9117;6753;19637;6793;55086;6139;44238;44281;44710;44699;44763;6796;9259;19693;1901135;9167;9161;9123;9126;9205;9144;9141;9199;46128;9119;9116;1901657;42278;9152;9260;46390;90407;1901576;9058;1901137;9165;1901293;34654;19438;44249;44271;18130;1901362;44711;6164;72522;1901566;9168;9156;9124;9127;9206;9201;9142;9145;46129;42451;9163;1901659;42455;15985;1902600;15992;15672;6812;6811;44765;6810;51234;51179;1902578;6818;98662;98660;34220;55085;98655;5739;5774;44437;5773;98588;31090;98805;5730;44428;5634;31981;70013;43233;31974;276;45263;33177;98796;43234;44425;16469;45259;98800;98798;44429;44455;31966;5740;31967;31975;5743;19866;5753;16787;3824;3674;15078;15077;22890;8324;15075;22891;22857;5215;22892;8270;46914;46872;43169;43167;5488;5507	3205	4001	2863.5	2522	5196	3270.5	5632	3652.5	6823.5	4714	3879	4351.5	1352	7909	7713.5	2914	7240	6590	2189.5	3431	1287.5	1827.5	616	847	76240	3812
ORTHO000887_2	monogalactosyl diacylglycerol synthase 1	AT4G31780	30259;30258;44255;6629;71704;8152;8150;44710;44699;44238;44763;9987;44237;70085;44723;5975;10027;9668;44802;61024;16043;71840;9657;6996;16757;16740;3824;3674;8194;9941;9526;31967;31975;44464;5575;5623;44446;44422;43226;44424;5622;43229;43227;44435;44444;5737;9536;43231;44434;9507;9706;9528;19866;31090;16020;42170;31969;9247;46467;6643;8610;1901576;9058;44711;44249;1901137;1901135;6664;1903509;19375;19374;30246;5488;9790;44767;32502;48856;7275;44707;32501;35250;8378;16758;46509	3206	4701	3441	3676	2982.5	1381.5	3628.5	5957	6943.5	5459.5	6343	2086	3591.5	1800.5	4705.5	6712.5	3682	2199.5	3385	6467.5	4103	3222.5	5171.5	6057.5	82897.5	4.144.875
ORTHO002034	unknown protein	AT5G13500	8150;5794;43231;43227;43226;5575;43229;44424;44464;5623;5622;44444;5737;12505;5768;5802;98791;44431;44446;44422;31984;1990585;16763;16757;16740;3824;3674;8152	3207	1654	3140	3073	4356	8371.5	3758	488	867	1256.5	982	8224	7743	8541.5	9073.5	1073.5	1221.5	6085	1164.5	461.5	1982	6831.5	7048.5	4413.5	79586.5	3.979.325
ORTHO003490	P-loop containing nucleoside triphosphate hydrolases superfamily protein	AT1G08410;AT2G27200	2000012;51049;32879;50789;65007;8150;42254;22613;44085;71840;5525;35639;1901265;1901363;5488;3674;97159;43168;43167;32550;32549;1882;36094;97367;1883;32561;19001;17076;166;32555;32553;48825;48366;48827;48856;32502;48367;44767;44699;48731;7275;44707;32501;9793;44702;22414;3006;9790;48316;48608;61458;9791;10154;6364;34470;34660;16070;44260;43170;71704;8152;44237;9987;90304;6139;46483;6725;1901360;34641;6807;44238;6396;10467;16072;5730;44428;44446;44422;5575;43226;44424;44464;5623;5622;43229;5634;43231;43227;43232;43228;31981;70013;43233;31974;5829;44444;5737;90070;90069;44087;44089;48518;43022;43021;44877	3208	2470	4895	6582	4356	8425	5450	3480	3068.5	1584.5	5069	8997.5	8519	5378	867	1606	7267.5	7335.5	2369.5	2409.5	2634.5	8310.5	8827.5	7120	98719	4935.95
ORTHO003227	alpha/beta-Hydrolases superfamily protein	AT1G18460;AT1G73920	16787;3824;3674;8152;8150;5576;5575;16298;16788;6629;71704;44710;44699;44238	3209	3478	5621.5	8034	2097	7430.5	7180	2660	9086	4297.5	9159	367.5	1352	5175	551	6712.5	1048	8196	8873	9038.5	2058	9086	9065.5	8111.5	109447.5	5.472.375
ORTHO004751	flavanone 3-hydroxylase	AT3G51240	5524;35639;1901265;1901363;5488;3674;97159;43168;43167;32559;30554;17076;166;36094;32555;32553;97367;32550;32549;1882;1883;10224;9411;9416;9314;9628;50896;8150;31418;31406;43177;48029;30246;19842;45486;16706;16705;16491;3824;8152;55114;44710;44699;51213;5737;44424;44464;5575;5623;5622;46872;43169;9813;9812;71704;1901576;9058	3210	1300	3493.5	3777	4356	2054	512	428.5	298	3981	4902	5126	8950	4825	327	508.5	1396.5	9160	9156.5	1835.5	3778.5	9056	9151.5	7997	83443.5	4.172.175
ORTHO005895	protein phosphatase X 1	AT4G26720;AT5G55260	5634;43231;43227;43226;5575;43229;44424;44464;5623;5622;9532;44435;44444;5737;44446;44422;9536;4722;4721;16791;42578;16788;16787;3824;3674;8152;8150;16311;6796;6793;44237;9987;6470;6464;36211;19538;43170;71704;44238;43412;44267;44260;46872;43169;43167;5488	3211	3949	4201.5	5192	4356	8990	8474	6741	553.5	6223	8701	7917	5338.5	3815.5	3265	6712.5	2025	3580	3944	7012	1863.5	2213.5	1157	2439.5	90965.5	4.548.275
ORTHO005422	homeobox protein 24	AT2G18350	5515;5488;3674;46872;43169;43167;6351;34645;44260;43170;71704;8152;8150;44237;9987;9059;1901576;9058;44249;97659;32774;16070;90304;6139;46483;6725;1901360;34641;6807;44238;34654;19438;44271;18130;1901362;10467;6355;1903506;2001141;31326;9889;19222;50789;65007;31323;50794;51252;19219;80090;51171;60255;10556;10468;2000112;3677;3676;1901363;97159;3700;1071;5634;43231;43227;43226;5575;43229;44424;44464;5623;5622	3212	6778	4872.5	6533	7662	7411.5	8427.5	5813.5	4953	1282.5	7382.5	3686.5	8094	2711.5	4124.5	5325.5	831.5	4253	6185.5	5337	5637	5603	5541.5	5806	98407	4920.35
ORTHO003006	selenium-binding protein 3	AT3G23800;AT4G14030;AT4G14040	5634;43231;43227;43226;5575;43229;44424;44464;5623;5622;8430;5488;3674;5829;44444;5737;42542;302;6979;6950;50896;8150;1901700;42221;10035;46686;10038;103;6790;44237;8152;9987;71291;10269;71248;71241;70887;51716;9506;5911;30054;55044;9507;9536;10197;741;48284;6996;16043;71840;6997;9559;30154;48869;44767;32502;44699;44763;9561;44707;32501;9553;48229;7275;48856	3213	2146	2403.5	1594	1689.5	8007.5	2328.5	765	4551	4730	4503.5	6300	6316	4560	5907.5	1606	1991	5221.5	948.5	4473	4103	738	664.5	1297.5	69012	3450.6
ORTHO005767	SWAP (Suppressor-of-White-APricot)/surp domain-containing protein / D111/G-patch domain-containing protein	AT3G52120	5634;43231;43227;43226;5575;43229;44424;44464;5623;5622;6396;16070;44260;43170;71704;8152;8150;44237;9987;90304;6139;46483;6725;1901360;34641;6807;44238;10467;8380;3723;3676;1901363;5488;3674;97159;6397;16071	3214	4079	2840	2466	2375	6529	7389.5	2322	1133	2101.5	1981	1198.5	5195	3815.5	3265	6712.5	3958.5	3121	3730.5	6754	4668.5	3754	5902.5	2314	75845.5	3.792.275
ORTHO000715_1	AGC (cAMP-dependent; cGMP-dependent and protein kinase C) kinase family protein	AT5G62310	16301;16772;16740;3824;3674;8152;8150;16310;6796;6793;44237;9987;5524;35639;1901265;1901363;5488;97159;43168;43167;32559;30554;17076;166;36094;32555;32553;97367;32550;32549;1882;1883;5622;44464;5575;5623;9826;902;32989;16043;71840;9653;32502;48856;48869;44767;44699;44763;60560;48589;40007;16049;4674;4672;16773;6468;6464;36211;19538;43170;71704;44238;43412;44267;44260;18105;18209;18193;5634;43231;43227;43226;43229;44424;35556;7165;50794;50789;65007;51716;50896;7154;44700;23052;46872;43169	3215	2223	2808	2401	4356	235.5	2264.5	6978.5	7831	2702	8842.5	743.5	6731.5	4486	5969	1830	3891.5	5221.5	4388	4392	569	2213.5	4564	1546.5	75400	3770
ORTHO001910	NADH:cytochrome B5 reductase 1	AT5G17770	5741;31966;31090;16020;5575;44422;43226;43227;44429;44444;44424;44464;5623;5622;5737;44446;43229;5739;43231;5740;31967;31975;31968;19867;98805;98588;5783;12505;9505;5618;30312;71944;4128;16653;16651;16491;3824;3674;8152;8150;55114;44710;44699;5886;16021;31224;44425;22900;6091;44237;9987;44763	3216	3224	2171	1126	2097	1227	1093.5	1484	6823.5	210.5	8606.5	2230.5	4865.5	3815.5	3047.5	1606	3682	3580	3459.5	920	1933.5	3222.5	5407	6801.5	64016	3200.8
ORTHO005822	Late Embryogenesis Abundant 4-5	AT5G06760	9414;9415;9628;50896;8150;1101;42221;10035;1901700;6950;9409;9266;6970;5829;44444;44424;44464;5575;5623;5622;5737;9790;44767;32502;44699;48856;7275;44707;32501;9793;44702;22414;3006;48316;48608;61458;48731;9791;10154;3674	3217	2464	2637	2057	1689.5	7834.5	776.5	58	9063.5	4818	4732	4111	1352	9146.5	8138	2476	400	8297	3172	2635.5	635.5	703.5	1072	3565	72986.5	3.649.325
ORTHO002987	acetyl-CoA carboxylase 1	AT1G36160;AT1G36180	48364;44767;32502;8150;44699;48513;48856;48731;7275;44707;32501;22622;30497;6633;72330;46394;16053;6082;71704;8152;44281;44710;44763;9987;44237;44283;44711;9058;1901576;44249;19752;43436;32787;6631;44255;6629;44238;8610;46872;43169;43167;5488;3674;5524;35639;1901265;1901363;97159;43168;32559;30554;17076;166;36094;32555;32553;97367;32550;32549;1882;1883;2001295;46949;71616;9108;51188;51186;6732;6637;35383;6790;6793;35384;44272;35337;15937;34033;33866;1901293;90407;19637;6753;55086;6139;46483;6725;1901360;34641;6807;6796;34654;19438;44271;18130;1901362;33865;34032;72521;1901564;72522;1901566;34030;33875;9152;9150;6163;9117;9259;19693;1901135;9260;46390;1901137;9165;6164;15936;46128;9119;9116;1901657;42278;46129;42451;9163;1901659;42455;2001293;10072;44702;22414;90421;10014;9933;48532;9653;48507;9888;3006;48508;9793;9790;48316;48608;61458;9791;10154;10016;48367;5886;16020;5575;44464;5623;71944;3989;16421;16885;16874;3824;5737;44424;5622;9735;9725;9719;50896;10033;42221;5829;44444;4075;16879;9631;9409;9266;9628;6950;9507;9536;43231;43227;43226;43229	3218	2494	5387	7556	4356	7324.5	1881	1709	1328.5	3831	9062.5	1779	8205.5	7850	7619.5	7782	6648.5	6590	7562	5637	7166	6429	1878.5	4972	105255.5	5.262.775
ORTHO007004	Cyclophilin-like peptidyl-prolyl cis-trans isomerase family protein	AT2G38730	10024;51188;51186;44237;8152;8150;9987;44249;9058;33014;19438;6725;44271;34641;6807;18130;46483;1901362;1901360;71704;1901576;33013;1901564;1901566;51202;10019;7165;50794;50789;65007;51716;50896;7154;44763;44699;44700;23052;9507;9536;43231;43227;43226;5575;43229;44424;44464;5623;5622;44444;5737;50897;46914;46872;43169;43167;5488;3674;50619;16636;16627;16491;3824;55114;44710	3219	824.5	2345.75	1472.5	672.5	2557.5	9057	2000	1042.5	1674	1981	4421	1352	4874	438.5	508.5	2528.5	8381	1589	9009	5265	5924	2025	3383	68010.5	3.400.525
ORTHO005212	cell division cycle 45	AT3G25100	6279;33260;44786;6261;6260;6259;44260;43170;71704;8152;8150;44237;9987;90304;6139;46483;6725;1901360;34641;6807;44238;34645;9059;1901576;9058;44249;22402;44763;44699;7049;44711;44710;1903046;51321;3;5634;43231;43227;43226;5575;43229;44424;44464;5623;5622;48229;7275;44767;32502;44707;32501	3220	4210	4957.5	6695	5938.5	1777	4341	2684	2412.5	7216	7886	6383.5	1352	6764.5	7885	7782	8674	4507	4864	7871	4946	3026	1740	7266.5	99378	4968.9
ORTHO005627	Plant protein of unknown function (DUF828) with plant pleckstrin homology-like region	AT5G57770	3674;8150;5634;43231;43227;43226;5575;43229;44424;44464;5623;5622	3221	1742	2609	1997	4356	3726.5	1789.5	4571	8447.5	3350	621.5	1576.5	1352	8787	9094.5	2476	2635	6471	1232	4809.5	7860	468	578	2699.5	72545	3627.25
ORTHO004722	sec23/sec24 transport family protein	AT2G27460	8270;46914;46872;43169;43167;5488;3674;6888;16482;46907;6810;51234;51179;8150;51649;51641;48193;1902582;44765;1902578;44699;16192;30127;30120;30117;98796;43234;32991;5575;44425;16020;44444;44424;44464;5623;5622;5737;48475;44433;44446;44422;43226;43229;31410;31982;30662;30659;12506;31090;43227;31988;16023;43231;98588;98805;30135;12507;30658;30133;12505;30134;6886;15031;45184;8104;33036;71702;34613;70727;5215	3222	1445	3783	4344	4356	2837	5560.5	1114.5	2338	821	2129.5	551.5	8754.5	5094.5	693	1429.5	8494	8023	8584.5	3850	8738	8454	2274	6850.5	86591.5	4.329.575
ORTHO004839	Adenine nucleotide alpha hydrolases-like superfamily protein	AT4G13450	5739;43231;43227;43226;5575;43229;44424;44464;5623;5622;44444;5737;16787;3824;3674;8152;8150;6950;50896	3223	3317	4441.5	5660	5651.5	194.5	2414	7588.5	8564	1462	865	743.5	1352	7909	7781	2476	276	6683.5	8421	5887	8663	8148	8748.5	5222.5	93399	4669.95
ORTHO003516	thioredoxin 2	AT5G39950	6499;6498;6497;6464;36211;19538;43170;71704;8152;8150;44238;43412;44267;44260;44237;9987;42158;42157;34645;9059;1901576;9058;44249;31365;18377;43543;5886;16020;5575;44464;5623;71944;5737;44424;5622;5829;44444;103;6790;5739;43231;43227;43226;43229;16671;16667;16491;3824;3674;55114;44710;44699	3224	4364	3099.5	2975	5284	6966	5632	6978.5	4231.5	6459.5	2290	1854	4444	3497	6243.5	2914	3076	5944.5	4485	3621.5	3323	2328.5	3686	1047.5	79022	3951.1
ORTHO001621	Major facilitator superfamily protein	AT2G20780	98655;6812;6811;44765;6810;51234;51179;8150;1902578;44699;34220;55085;44763;9987;15144;22891;22857;5215;3674;22892;1901476;8643;71702;34219;16020;5575;5351;5402;15294;15293;15291;22804;8324;15075;51119;15295;15992;15672;6818;5886;44464;5623;71944	3225	4103	5180	7135	5196	7633.5	8602.5	3284.5	2790.5	4761	5836	5877.5	8519	5581	988	1239.5	7526.5	7637	8421	6274.5	3778.5	7493	3930	2136	102309.5	5.115.475
ORTHO007470	chloroplast 30S ribosomal protein S20; putative	AT3G15190	9941;9526;31967;31975;44464;5575;5623;44446;44422;43226;44424;5622;43229;43227;44435;44444;5737;9536;43231;44434;9507;9570;9532;6412;43043;43604;43603;34641;6807;8152;8150;44237;9987;44271;44249;9058;6518;1901564;71704;1901566;1901576;44267;19538;43170;44238;44260;34645;9059;10467;42254;22613;44085;71840;19843;3723;3676;1901363;5488;3674;97159;3735;5198;5840;30529;32991;43232;43228;16020	3226	2875	1933	640	5552	314	1011	1361	5028	1926.5	8651	3108	5066	3815.5	3047.5	1606	3299	4982.5	3504.5	493	1633.5	1466	3571.5	2314	56198.5	2.809.925
ORTHO007166	smr (Small MutS Related) domain-containing protein	AT5G58720	5634;43231;43227;43226;5575;43229;44424;44464;5623;5622;6298;6281;6259;44260;43170;71704;8152;8150;44237;9987;90304;6139;46483;6725;1901360;34641;6807;44238;6974;33554;51716;50896;6950;44763;44699;44710;5524;35639;1901265;1901363;5488;3674;97159;43168;43167;32559;30554;17076;166;36094;32555;32553;97367;32550;32549;1882;1883;3684;3677;3676;5737	3227	2671	1980.5	734	1812	4240	1155	4053	5754	5600	3136.5	4566	4677	4314	3265	1830	2544	5368	967.5	518	3417.5	476.5	403.5	1644	57929.5	2.896.475
ORTHO000920_1	Cofactor-independent phosphoglycerate mutase	AT3G30841;AT4G09520	46872;43169;43167;5488;3674;3824;8152;8150;46537;4619;16868;16866;16853;5737;44424;44464;5575;5623;5622;5829;44444	3228	1756	4128.5	5029	4356	1500	2791.5	4964	1625	2235	1312.5	5019	7377.5	7387.5	8387.5	7782	5329.5	6183.5	5220.5	3899.5	6578.5	5924	4668	2003.5	90188.5	4.509.425
ORTHO001366_1	phosphoribosyl pyrophosphate (PRPP) synthase 3	AT1G10700	287;46872;43169;43167;5488;3674;9165;1901293;90407;19637;71704;8152;8150;6793;44237;9987;1901576;9058;6753;55086;6139;46483;6725;1901360;34641;6807;44238;44281;44710;44699;44763;6796;34654;19438;44249;44271;18130;1901362;44711;9117;16310;5524;35639;1901265;1901363;97159;43168;32559;30554;17076;166;36094;32555;32553;97367;32550;32549;1882;1883;9507;9536;43231;43227;43226;5575;43229;44424;44464;5623;5622;44444;5737;9116;1901564;1901657;1901135;16301;16772;16740;3824;4749;16778	3229	905	1968.5	708	672.5	3997.5	961	129.5	3083	8446	40.5	1471	1352	9162	7401.5	1073.5	1102.5	8713	2648.5	1788	2779.5	997	1730	636.5	57512.5	2.875.625
ORTHO003000	general control non-repressible 4	AT3G54540	5524;35639;1901265;1901363;5488;3674;97159;43168;43167;32559;30554;17076;166;36094;32555;32553;97367;32550;32549;1882;1883;5886;16020;5575;44464;5623;71944;16887;17111;16462;16818;16817;16787;3824;8152;8150;5215;6810;51234;51179	3230	2432	1985	740	1479.5	361.5	1155	2660	1234	2235	2129.5	1779	1352	9142	9114	2914	351	4595	3597	843	3345.5	6266	3832.5	1090.5	57996.5	2.899.825
ORTHO008112	P-loop containing nucleoside triphosphate hydrolases superfamily protein	AT5G11480	917;90529;32506;22402;44763;9987;8150;44699;7049;910;51301;22607;16043;71840;44085;1902410;1903047;278;61640;281;5525;35639;1901265;1901363;5488;3674;97159;43168;43167;32550;32549;1882;36094;97367;1883;32561;19001;17076;166;32555;32553;9507;9536;43231;43227;43226;5575;43229;44424;44464;5623;5622;44444;5737;16787;3824;8152	3231	2797	2364	1497	1812	4278	3758	3243.5	3104	4763	4974.5	5903.5	4738	3815.5	2702.5	1606	7615.5	6896	1389	4012.5	1853	787	793.5	1958.5	68191.5	3.409.575
ORTHO005191	Transmembrane proteins 14C	AT1G50740;AT3G20510	5739;43231;43227;43226;5575;43229;44424;44464;5623;5622;44444;5737;8150;3674;16021;31224;44425;16020;12505;5634	3232	1934	1806	380	1281	3632	575	517	8149.5	930.5	865	998	1352	4770.5	6560	7360.5	2063	5221.5	839.5	773.5	1641.5	852	827.5	1906.5	49835	2491.75
ORTHO002620	NRAMP metal ion transporter family protein	AT5G03280	9736;9755;7165;50794;50789;65007;8150;51716;9987;50896;7154;44763;44699;44700;23052;32870;9725;9719;10033;42221;71495;71310;70887;71368;9735;2237;43207;9605;9607;9617;51707;51704;31348;31347;80134;48583;48585;48519;9871;9873;160;35556;71369;9723;9861;9814;98542;6952;6950;45087;6955;2376;9611;1944;48731;48856;32502;7275;44767;44707;32501;72358;72359;71281;10039;10038;10035;1990267;71248;71241;5515;5488;3674;52544;52542;52545;33037;33036;51179;52543;52386;42545;71555;45229;16043;71840;71554;70727;51641;1902580;1902578;52482;33554;9651;6970;9628;9734;71365;9733;48765;10053;90627;30154;48869;10015;9653;48364;48513;22622;90558;9888;48764;48469;21700;48468;10054;9408;9266;9789;9967;9966;10646;23051;10647;48522;48518;48584;23056;1901421;1901419;9787;5886;16020;5575;44464;5623;71944;42742;10119;50832;9620;10182;9756;71322;1901701;1901700;9743;51301;5215;6810;51234;6979;10150;10260;7568;48366;48827;48367;1736;7164;1738;2009;48729;60429;9926;60918;9914;10817;65008;44765;16021;31224;44425;8219;16265;9753;1101	3233	2733	1736	239	4356	4474	776.5	765	460	1506.5	1810	863	1352	4244	4842.5	1830	2152.5	5221.5	3904.5	920	5637	762.5	646.5	2784	44952	2247.6
ORTHO007352	cystatin B	AT3G12490	6979;6950;50896;8150;4869;4866;30414;61134;30234;98772;3674;50790;19222;50789;65007;65009;52547;30162;51246;80090;60255;51336;4857;43086;44092;9892;48519;10466;45861;32269;32268;31323;50794;31324;48523;51248;10605;51346;61135;52548;10951;50897;46914;46872;43169;43167;5488;6972;6970;9628;9409;9266;5783;43231;43227;43226;5575;43229;44424;44464;5623;5622;44444;5737;12505;5576;5829;6952;9414;9415;1101;42221;10035;1901700;5515	3234	2890	4451.5	5669	2097	8296	924	3381	8946	3329	4786.5	2851	7189	6971	7258.5	2476	5561	8780.5	2519	2008	2604.5	6512.5	4632	4413.5	93439	4671.95
ORTHO000772	actin depolymerizing factor 2	AT3G46000;AT3G46010;AT5G59880;AT5G59890	5886;16020;5575;44464;5623;71944;3779;8092;5515;5488;3674;5634;43231;43227;43226;43229;44424;5622;30042;51261;43624;43241;32984;43933;16043;71840;8150;9987;22411;44763;44699;71822;8154;7015;30036;30029;7010;6996;1902589;5737;9507;9536;44444;15629;5856;43232;43228;46686;10038;10035;42221;50896;5739;9506;5911;30054;55044;5829;6979;6950;42742;9617;51707;43207;9605;9607;51704;98542;6952;9870;2218;2253;50778;48584;48518;50789;65007;48583;50776;2682;2684;2376;45089;31349;31347;80134;45088;7165;50794;51716;7154;44700;23052	3235	5519	5950	8665	1423	6679.5	4118.5	6906	1430.5	4601	3526	6961.5	7258.5	8210.5	7885	7782	4998.5	4595	4864	7747	7786.5	7520.5	7486	8821.5	119178	5958.9
ORTHO002694	Ypt/Rab-GAP domain of gyp1p superfamily protein	AT1G04830;AT4G13730	5737;44424;44464;5575;5623;5622;5634;43231;43227;43226;43229	3236	900	1786.5	337	672.5	7430.5	376.5	676	931	1626.5	513.5	7742.5	1352	4746.5	6520.5	508.5	80.5	1360.5	598.5	78	8697	2677	827.5	2003.5	48746.5	2.437.325
ORTHO006525	Uncharacterised protein family (UPF0172)	AT5G55940	3674;9793;44702;22414;8150;44699;3006;32502;9790;44767;48856;7275;44707;32501;48316;48608;61458;48731;9791;10154;5783;43231;43227;43226;5575;43229;44424;44464;5623;5622;44444;5737;12505	3237	1968	2628	2019	4356	542.5	1011	3147.5	3516	5362	744	4670	1352	8916	6590.5	2476	400	8808.5	8121	2935	8534	1068	1453	3055	72702	3635.1
ORTHO005942	FUNCTIONS IN: molecular_function unknown	AT1G50120	8150;5634;43231;43227;43226;5575;43229;44424;44464;5623;5622;3674	3238	1970	4965	6692	4356	390.5	8919	4345	8734	6645	4172	8835.5	1352	5492	1233.5	1606	7158.5	7471.5	8121	3377.5	2381.5	8111.5	7729.5	3289.5	99365	4968.25
ORTHO007140	Homeodomain-like superfamily protein	AT2G17950	5634;43231;43227;43226;5575;43229;44424;44464;5623;5622;6351;34645;44260;43170;71704;8152;8150;44237;9987;9059;1901576;9058;44249;97659;32774;16070;90304;6139;46483;6725;1901360;34641;6807;44238;34654;19438;44271;18130;1901362;10467;5515;5488;3674;48653;44767;32502;44699;44702;22414;3006;48856;48443;48827;48367;48731;7275;44707;32501;48437;48569;48513;9908;90567;48608;61458;9791;48466;48438;3700;1071;2001141;31326;9889;19222;50789;65007;31323;50794;51252;19219;80090;51171;60255;10556;6355;1903506;10468;2000112;3677;3676;1901363;97159;10492;10074;19827;98727;10073;48507;9888;45471;97305;10033;42221;50896;1901700;80166;22412;44763;32504;3	3239	2691	4819.5	6400	5552	8358.5	6338	8583.5	8766	7125	1312.5	6947.5	1352	5445	892.5	1606	1633	7846	1989	2713.5	2827	8260	8748.5	6801.5	97545	4877.25
ORTHO007269	3-oxo-5-alpha-steroid 4-dehydrogenase family protein	AT3G55360	9923;98796;43234;32991;5575;44425;16020;44432;44444;44424;44464;5623;5622;5737;44446;44422;43226;43229;5783;43231;43227;12505;1990234;1902494;5789;98588;31090;42175;5886;71944;10025;9058;8152;8150;10166;16627;16491;3824;3674;55114;44710;44699;16021;31224;6633;72330;46394;16053;6082;71704;44281;44763;9987;44237;44283;44711;1901576;44249;19752;43436;32787;6631;44255;6629;44238;8610;6665;1901564;6807;6643;3865;33765;16229;9922;4312;16747;16746;16740;19166;16628	3240	3027	3495.5	3751	4356	994.5	7770.5	2903.5	6225	7722.5	3917	7760.5	5740	6455	6791	2476	4135	5221.5	904	3528.5	3870	1613	2683	2575	83285.5	4.164.275
ORTHO003035	Ribosomal protein L7Ae/L30e/S12e/Gadd45 family protein	AT4G22380	5840;30529;32991;5575;44424;44464;5623;5622;43232;43228;43226;43229;44444;5737;42254;22613;44085;71840;8150;3723;3676;1901363;5488;3674;97159;5634;43231;43227;5730;44428;44446;44422;31981;70013;43233;31974	3241	4674	3030.5	2820	2982.5	8345	4341	2684	4323	6934	3269.5	7744.5	5740	1800.5	3521.5	3976.5	3245	1780	284	5852	3551.5	2213.5	3545	4801	77951.5	3.897.575
ORTHO001901	unknown protein	AT2G14850;AT4G33890	70461;123;31248;1902493;1990234;1902494;43234;32991;5575;44424;44464;5623;5622;44451;44428;44446;44422;43226;43229;5634;43231;43227;5654;31981;70013;43233;31974;3674;8150	3242	3029	5846	8450	4356	8775	1457	8645	8962	5084	3792.5	5096	8817.5	5332	693	3976.5	8238.5	7697.5	8584.5	635	8760.5	8544.5	2749.5	8966	114806.5	5.740.325
ORTHO005641	Radical SAM superfamily protein	AT2G43360	9102;6768;43603;34641;6807;8152;8150;44237;9987;6767;6766;44281;44710;44699;46483;1901360;71704;51186;6790;1901564;32787;19752;43436;6082;44763;43604;44271;44249;9058;44272;18130;72330;46394;16053;44283;44711;1901576;1901362;42364;9110;1901566;5739;43231;43227;43226;5575;43229;44424;44464;5623;5622;44444;5737;4076;16783;16782;16740;3824;3674;70283;8270;46914;46872;43169;43167;5488;51537;51536;51540;51539	3243	2997	2008	773	2097	3066	624.5	917.5	597.5	3464	1623	1576.5	5740	3815.5	5254.5	6712.5	4761	4982.5	1063.5	178	4445	2213.5	4564	3103.5	58702.5	2.935.125
ORTHO007850	SOUL heme-binding family protein	AT1G17100	5774;44437;44444;44424;44464;5575;5623;5622;5737;44446;44422;43226;43229;5773;43231;43227;98588;31090;16020;98805;20037;46906;1901363;5488;3674;97159;8150;9507;9536	3244	2604	1637.5	31	4356	560.5	6670	45	280	6785.5	1623	2	3840.5	138	136.5	1202.5	3059	483	61	662	2409.5	193	95	248.5	28494.5	1.424.725
ORTHO001913_1	tobamovirus multiplication 1	AT4G21790	5774;44437;44444;44424;44464;5575;5623;5622;5737;44446;44422;43226;43229;5773;43231;43227;98588;31090;16020;98805;9705;325;16021;31224;44425;46786;16032;44764;51704;8150;9987;44403;44419;19079;19058;5515;5488;3674	3245	4765	2464.5	1684	5938.5	5155.5	5486.5	2460.5	3046	6401	3879	3422.5	5740	1800.5	4462	6712.5	1923	2199.5	3233.5	3699	3870	1985	2479	1794	69749	3487.45
ORTHO004770	Uncharacterised conserved protein (UCP012943)	AT5G54540	8150;3674	3246	2878	3550.5	3855	2097	4865.5	715.5	1484	2881	8168.5	3136.5	4670	6895.5	6971	7129	7782	8360.5	6085	7197.5	711.5	1063.5	997	1072	3771.5	83957	4197.85
ORTHO000973	Plant protein of unknown function (DUF869)	AT1G21810;AT1G77580;AT3G05270	3674;8150;5737;44424;44464;5575;5623;5622	3247	5943	4534	5821	2982.5	7677.5	3758	5813.5	4365	7782	2539	3578.5	5740	1800.5	4462	3976.5	8637.5	2558	1423.5	7408.5	5637	5603	5649	5913	94322	4716.1
ORTHO005907	ENTH/VHS family protein	AT5G10060;AT5G65180	5576;5575;8150;3674;5634;43231;43227;43226;43229;44424;44464;5623;5622	3248	4675	4531	5814	2982.5	1227	2121.5	6741	7325.5	1893	8737.5	7977	1352	1800.5	5523	6712.5	400	4154.5	7435.5	7299	5061.5	4709	6854	6949.5	94273.5	4.713.675
ORTHO005410	mitochondrial ferredoxin 1	AT4G05450;AT4G21090	9102;6768;43603;34641;6807;8152;8150;44237;9987;6767;6766;44281;44710;44699;46483;1901360;71704;51186;6790;1901564;32787;19752;43436;6082;44763;43604;44271;44249;9058;44272;18130;72330;46394;16053;44283;44711;1901576;1901362;42364;9110;1901566;22900;6091;55114;5759;44429;44444;44424;44464;5575;5623;5622;5737;44446;44422;43226;43229;5739;43231;43227;70013;43233;31974;46872;43169;43167;5488;3674;51537;51536;51540;9055;48868;3006;32502;22414;48856;9856;44703;51704;44706;32501	3249	3688	4020.5	4792	1522.5	4285.5	6560.5	7084	4551	5405	5489.5	7828.5	4865.5	7636	7582.5	2821	7953	6265.5	4441	738.5	3222	1228	365	648	88970	4448.5
ORTHO003397	dual specificity protein phosphatase family protein	AT5G23720	5737;44424;44464;5575;5623;5622;9738;9755;7165;50794;50789;65007;8150;51716;9987;50896;7154;44763;44699;44700;23052;32870;9725;9719;10033;42221;71495;71310;70887;71215;9737;33993;97305;1901700;1101;71396;97306;1901701;71229;43405;43408;1932;42325;19220;51174;31323;19222;31399;32268;51246;80090;60255;1902531;9966;10646;48583;23051;71900;45859;43549;51338;50790;65009;43622;30865;7010;6996;16043;71840;31122;226;1902589;7017;71822;43933;8138;4721;16791;42578;16788;16787;3824;3674;8152;16311;6796;6793;44237;6470;6464;36211;19538;43170;71704;44238;43412;44267;44260;5515;5488;10119;4725;35335;33549;188;43407;71901;6469;1933;42326;45936;10563;31324;48523;48519;9892;31400;32269;51248;10605;33673;51348;43086;44092;43409;1902532;9968;48585;10648;23057;10468	3250	2442	2371	1492	4356	939.5	1881	765	7325.5	1233	1483.5	597.5	7258.5	4560	6305	508.5	793	5518	6056.5	4630.5	7568	3609.5	5263	1858	68153.5	3.407.675
ORTHO001946	AAA-type ATPase family protein	AT2G27600	5515;5488;3674;5771;5768;43231;43227;43226;5575;43229;44424;44464;5623;5622;44444;5737;12505;32585;31902;10008;98588;31090;16020;44422;44440;44446;98805;5770;55075;55067;98771;50801;48878;42592;65008;65007;8150;55080;55065;5634;5524;35639;1901265;1901363;97159;43168;43167;32559;30554;17076;166;36094;32555;32553;97367;32550;32549;1882;1883;55078;16192;6810;51234;51179;7032;6996;16043;71840;9987;10256;9506;5911;30054;55044;7049;44763;44699;7033;10091;904;902;32989;9653;32502;48856;48869;44767;48468;30154;10090;10026;90558;9888;90626	3251	5095	2801	2351	2982.5	3632	5205.5	3680	522.5	8168.5	1312.5	6418.5	3184.5	7636	7258.5	3976.5	3106	5101.5	1693	2854.5	945.5	2433.5	3598.5	4174.5	74902	3745.1
ORTHO001820	Glycosyl hydrolase superfamily protein	AT4G01040;AT4G01050	4568;4553;16798;16787;3824;3674;8152;8150;6032;1901072;1901071;6040;1901135;71704;46348;1901136;1901575;9056;6030;6022;43170;1901564;6807;6026;1901565;9057;5783;43231;43227;43226;5575;43229;44424;44464;5623;5622;44444;5737;12505;9507;9536;9534;31976;9579;31984;44446;44422;44435;44434;9535;55035;42651;34357;16020;44436;42742;9617;51707;43207;9605;50896;9607;51704;98542;6952;6950;5515;5488;9941;9526;31967;31975;9772;9767;22900;6091;44237;9987;55114;44710;44699;44763;19684;15979;16021;31224;44425	3252	1509	2106.5	961	1449.5	7116	6430	1912	800	2025.5	2216.5	5327.5	6397.5	6501	7667.5	1175.5	53.5	3580	358	3377.5	3252	2328.5	876	272	61666.5	3.083.325
ORTHO005472	Transcription initiation factor TFIIE; beta subunit	AT4G20330	6367;6352;32774;9059;43170;71704;8152;8150;1901576;9058;16070;44260;44237;9987;90304;6139;46483;6725;1901360;34641;6807;44238;34654;19438;44249;44271;18130;1901362;6351;34645;97659;10467;6366;6413;6412;43043;43604;43603;6518;1901564;1901566;44267;19538;5634;43231;43227;43226;5575;43229;44424;44464;5623;5622;6355;1903506;2001141;31326;9889;19222;50789;65007;31323;50794;51252;19219;80090;51171;60255;10556;10468;2000112;5673;90575;44798;44428;44446;44422;5667;43234;32991;44451;5654;31981;70013;43233;31974;16591;55029;428;30880;61695;1990234;1902494;3743;8135;3723;3676;1901363;5488;3674;97159	3253	3017	2320	1387	2097	68.5	4587.5	2114.5	3	8934.5	4802	6464.5	1352	8983	6192.5	2476	2086	9153.5	3385	2635.5	293.5	383	308	3005.5	67228	3361.4
ORTHO006923	myb domain protein 52	AT1G17950	2000652;44087;50789;65007;8150;1903338;50794;5634;43231;43227;43226;5575;43229;44424;44464;5623;5622;3677;3676;1901363;5488;3674;97159;3700;1071;2001141;31326;9889;19222;31323;51252;19219;80090;51171;60255;10556;6355;1903506;10468;2000112;3682;44877;9737;9725;9719;50896;10033;42221;33993;97305;1901700;1101	3254	4155	2501.5	1749	2375	4344.5	5001	6428.5	6712.5	2670	2402	3422.5	1352	4244	3047.5	6712.5	8387	2199.5	3352	5038	864.5	1277	1072	1858	70385	3519.25
ORTHO002052	Phosphoglycerate mutase family protein	AT1G58280;AT5G64460	9507;9536;43231;43227;43226;5575;43229;44424;44464;5623;5622;44444;5737;5576;5829;8150	3255	3456	2955.5	2656	4356	838.5	2414	7762	393.5	1626.5	8820	743.5	5740	4206	4842.5	6712.5	8179	3121	122.5	4331	6578.5	2061	1121.5	7453	77066.5	3.853.325
ORTHO005341	Metallo-hydrolase/oxidoreductase superfamily protein	AT1G30300	5634;43231;43227;43226;5575;43229;44424;44464;5623;5622;3674;8150	3256	4362	5731.5	8207	5938.5	7468.5	4118.5	2614.5	7632	5653	3136.5	367.5	7498	6764.5	7999	7782	5404	4673.5	8141.5	8125.5	5637	6648	4131	7453	111247.5	5.562.375
ORTHO004229	Coproporphyrinogen III oxidase	AT1G03475	9570;9532;44435;44444;44424;44464;5575;5623;5622;5737;44446;44422;43226;43229;9536;43231;43227;44434;9507;15995;6779;51188;51186;44237;8152;8150;9987;44249;9058;6778;33013;46483;6725;1901360;71704;1901564;6807;33014;19438;44271;34641;18130;1901362;1901576;1901566;46148;42440;44710;44699;44711;44763;15994;6782;46501;6783;42168;48046;5576;55114;9735;9725;9719;50896;10033;42221;4109;16634;16627;16491;3824;3674	3257	4785	3904.5	4552	5172	4001.5	6560.5	4670	2202	8398	4343	6171.5	3339.5	7699.5	7349.5	7782	3152.5	7335.5	3421.5	2610.5	1599	2433.5	3090	1454.5	87614	4380.7
ORTHO000654_3	Leucine-rich receptor-like protein kinase family protein	AT4G20940	1901529;32414;32411;44093;65009;65007;8150;32409;51049;32879;50789;51050;48518;34767;43270;43269;34764;34762;50794;48522;34765;32412;22898;10359;1903959;44070;1903961;1903793;46777;6468;16310;6796;6793;44237;8152;9987;6464;36211;19538;43170;71704;44238;43412;44267;44260;1901528;71588;7165;51716;50896;7154;44763;44699;44700;23052;10118;4675;19199;4888;38023;4871;60089;3674;4872;4672;16301;16772;16740;3824;16773;4674;7178;7167;7166;5886;16020;5575;44464;5623;71944;5515;5488;1901527;9738;9755;32870;9725;9719;10033;42221;71495;71310;70887;71215;9737;33993;97305;1901700;1101;71396;97306;1901701;71229;9506;5911;30054;55044;31625;44389;19899;1653	3258	1698	1802	346	1479.5	6898	1093.5	1780.5	1954.5	3838	1483.5	4805.5	5066	4321	5254.5	1239.5	3026	1669.5	188	920	628.5	1566.5	3080.5	188	49001.5	2.450.075
ORTHO001733	unknown protein	AT1G15010;AT2G01300	50832;98542;6952;6950;50896;8150;51707;43207;9605;9607;51704;9620;5739;43231;43227;43226;5575;43229;44424;44464;5623;5622;44444;5737;3674;9507;9536	3259	3130	1639	19	4356	686.5	1132	535	113.5	1842.5	241.5	67.5	4058.5	138	136.5	1209.5	2865	867.5	2286.5	3466.5	2937	362	1615	885.5	25446	1272.3
ORTHO004314	lon protease 2	AT5G47040	6515;51603;6508;19538;43170;71704;8152;8150;44238;44257;30163;9057;1901575;9056;44265;44260;44237;9987;44248;44267;16485;51604;10467;16560;22615;22406;44763;44699;16558;6625;6605;6886;15031;45184;51234;51179;8104;33036;71702;6810;46907;51649;51641;34613;70727;1902582;44765;1902578;72662;1902580;7031;6996;16043;71840;33365;1902589;16482;72663;72594;43574;44743;17038;65002;71806;55085;5782;44439;44438;44444;44424;44464;5575;5623;5622;5737;44446;44422;43226;43229;42579;43231;43227;5777;31907;70013;43233;31974;5524;35639;1901265;1901363;5488;3674;97159;43168;43167;32559;30554;17076;166;36094;32555;32553;97367;32550;32549;1882;1883;9295;43565;3677;3676;40007;4176;42623;16887;17111;16462;16818;16817;16787;3824;70011;8233;48527;48528;9791;44767;32502;44707;32501;7275;48364;48513;48856;48731;22622;48569;4252;4175;8236;17171	3260	4347	4244.5	5229	2982.5	2005.5	3327	6428.5	6943.5	7485	6343	3422.5	4738	3815.5	5034.5	3976.5	3682	2199.5	6700.5	6467.5	4103	3222.5	5171.5	6057.5	91123.5	4.556.175
ORTHO001441	mitogen-activated protein kinase 1	AT1G10210;AT1G59580;AT2G18170;AT4G36450	4707;4702;5057;4871;60089;3674;7165;50794;50789;65007;8150;51716;9987;50896;7154;44763;44699;44700;23052;35556;4674;4672;16301;16772;16740;3824;8152;16310;6796;6793;44237;16773;6468;6464;36211;19538;43170;71704;44238;43412;44267;44260;23014;44710;165;9734;9755;32870;9725;9719;10033;42221;71495;71310;70887;71365;9733;5634;43231;43227;43226;5575;43229;44424;44464;5623;5622;5524;35639;1901265;1901363;5488;97159;43168;43167;32559;30554;17076;166;36094;32555;32553;97367;32550;32549;1882;1883;6952;6950;5515;42542;302;6979;1901700;10035;7623;48511	3261	6761	4160	5059	7662	7390	4872.5	5698.5	5619	4175	7382.5	3686.5	8094	2711.5	3936.5	3976.5	1189	3580	5851	5126.5	2749.5	4169	3284.5	6850.5	90342.5	4.517.125
ORTHO001551	histidine biosynthesis bifunctional protein (HISIE)	AT1G31860;AT1G68220	105;19438;6725;44237;8152;8150;9987;44249;9058;6547;1901605;6520;1901564;71704;6807;19752;43436;6082;44281;44710;44699;44763;44238;52803;46483;1901360;34641;1901607;8652;46394;16053;44283;44711;1901576;1901566;18130;1901362;9570;9532;44435;44444;44424;44464;5575;5623;5622;5737;44446;44422;43226;43229;9536;43231;43227;44434;9507;4635;19238;16814;16810;16787;3824;3674;5524;35639;1901265;1901363;5488;97159;43168;43167;32559;30554;17076;166;36094;32555;32553;97367;32550;32549;1882;1883;4636;16462;16818;16817;5576;5886;16020;71944	3262	1521	3819	4376	4356	615.5	6338	1484	1328.5	985.5	1623	5096	8754.5	4935	511.5	508.5	831.5	8204.5	9064	860	9014	8894	9093.5	8631	86772.5	4.338.625
ORTHO009367	RING/U-box superfamily protein	AT3G63530	51865;16567;32446;70647;6464;36211;19538;43170;71704;8152;8150;44238;43412;44267;44260;44237;9987;16874;3824;3674;46621;48640;45926;48519;50789;65007;40008;51093;50793;48638;51241;51239;46620;5634;43231;43227;43226;5575;43229;44424;44464;5623;5622;4842;19787;16740;31624;44390;19899;5515;5488;8270;46914;46872;43169;43167;48437;44702;22414;44699;3006;32502;48569;44767;48513;48856;48731;7275;44707;32501;9908;90567;48608;61458;9791;48367	3263	4542	3171	3079	2982.5	8655.5	3025	2838	2202	2770	4428.5	528	1352	8758	7999	5325.5	2497	6896	1271.5	8077	233.5	3609.5	1681.5	7453	79600.5	3.980.025
ORTHO005363	Ankyrin repeat family protein	AT2G01680	16021;31224;44425;5575;16020;8150;5886;44464;5623;71944	3264	3031	2459	1654	4356	214	2414	6573	5994	1584.5	2402	6171.5	4955.5	1254	3047.5	3976.5	3796.5	3121	3616	3949.5	4668.5	3609.5	5826.5	2314	69488	3474.4
ORTHO008173	Protein kinase superfamily protein	AT3G58690	5886;16020;5575;44464;5623;71944;16301;16772;16740;3824;3674;8152;8150;16310;6796;6793;44237;9987	3265	3308	1661.5	58	2097	766.5	1428	310.5	4014	1750.5	5148.5	164.5	3856.5	138	136.5	3183	2723	458	2000.5	2409.5	2369	300.5	1181	261	32599	1629.95
ORTHO005820	unknown protein	AT3G03210	5796;70013;43233;31974;5575;44422;43226;44446;44424;44464;5623;5622;43229;44431;44444;5737;5794;43231;43227;12505;1990538;16413;16407;16747;16746;16740;3824;3674;8152;8150;8374;45492;45491;10410;10383;5976;5975;71704;44238;43170;44036;44260;44237;9987;71554;70592;33692;271;16051;44723;44710;44699;1901576;9058;44711;9059;34637;44262;44763;44249;44264;34645;44038;70589;44085;71840;42546	3266	3039	4070	4874	4356	1089	2032.5	1361	393.5	1058	582	597.5	1352	8378.5	8163.5	7782	8604.5	6982	8683	7080	8909	7603.5	2037	6732.5	89421	4471.05
ORTHO003998	Protein kinase family protein with ARM repeat domain	AT1G22870;AT1G71410	5829;44444;44424;44464;5575;5623;5622;5737;6468;16310;6796;6793;44237;8152;8150;9987;6464;36211;19538;43170;71704;44238;43412;44267;44260;16301;16772;16740;3824;3674;5524;35639;1901265;1901363;5488;97159;43168;43167;32559;30554;17076;166;36094;32555;32553;97367;32550;32549;1882;1883;4672;16773;16020	3267	4361	5566	7865	2982.5	1777	8499.5	2876.5	4452.5	4016	7199	5631.5	6895.5	8210.5	7667.5	7782	8026.5	4507	4263.5	7576.5	5988	3222.5	2261.5	6949.5	107802.5	5.390.125
ORTHO007024	photosystem I reaction center subunit PSI-N; chloroplast; putative / PSI-N; putative (PSAN)	AT5G64040	15979;44237;8152;8150;9987;9535;55035;42651;34357;16020;5575;44436;44424;44464;5623;5622;9579;44435;44444;5737;44446;44422;43226;43229;9536;43231;43227;31976;31984;44434;9507;9534;9522;9521;98796;43234;32991;44425;9773;9767;22900;6091;55114;44710;44699;44763;19684;9543;31978;31977;5516;5515;5488;3674;30093;98807	3268	911	3102.5	2937	672.5	8214	3129.5	1263.5	867	1604.5	5559.5	1854	8605	6764.5	8726.5	976.5	630	6590	629.5	3747	7568	6077	3284.5	2699.5	78790	3939.5
ORTHO002952	RAB GTPase homolog A1B	AT1G16920;AT4G18800;AT5G45750	42538;9651;6970;9628;50896;8150;6950;6972;5886;16020;5575;44464;5623;71944;5773;43231;43227;43226;43229;44424;5622;44444;5737;5802;98791;44431;44446;44422;5794;12505;31984;5525;35639;1901265;1901363;5488;3674;97159;43168;43167;32550;32549;1882;36094;97367;1883;32561;19001;17076;166;32555;32553;5774;44437;98588;31090;98805;6886;15031;45184;51234;51179;8104;33036;71702;6810;46907;51649;51641;34613;70727;9506;5911;30054;55044;32588;139;5768;31901;10008;44440;5769;5829;5634	3269	6133	4663.75	6058.5	5552	6023.5	4928.5	5568.5	6712.5	3913	7199	3686.5	5740	1800.5	4462	3976.5	5108	3121	5851	5447	5422.5	5603	5407	5601	95571	4778.55
ORTHO001200	Protein of unknown function; DUF642	AT2G41800;AT2G41810;AT3G08030	8150;5618;30312;44464;5575;5623;71944;9506;5911;30054;55044;3674;9505;5576;5886;16020;9507;9536;43231;43227;43226;43229;44424;5622;44444;5737	3270	3367	4228.25	5186.5	2097	7499.5	1881	1709	1753	4791.5	7594	743.5	5740	3815.5	5034.5	6712.5	324.5	4253	4663	7692.5	6696	5213.5	7554.5	7266.5	90937.5	4.546.875
ORTHO005768	Uncharacterised protein family (UPF0497)	AT4G20390;AT5G44550	8150;5886;16020;5575;44464;5623;71944;16021;31224;44425;5515;5488;3674;5576	3271	3462	3091	2911	4356	1658.5	7067.5	2728	702.5	2455.5	3136.5	4724	6456	6764.5	6955.5	7782	1356.5	5101.5	5400	2635.5	2123	5059	2808	3721	78635	3931.75
ORTHO007273	unknown protein	AT2G42110	5634;43231;43227;43226;5575;43229;44424;44464;5623;5622;3674;8150	3272	1133.5	2516	1760	1066.5	8750	1672.5	602	2069	502	3596.5	337.5	1352	4780	302.5	508.5	2365	8544.5	2278	9024.5	3478.5	9030.5	2696.5	8670.5	70560.5	3.528.025
ORTHO006291	Exostosin family protein	AT4G22580	16020;5575;16740;3824;3674;8152;8150	3273	4188	3807	4341	2982.5	7766.5	1118	5957	5258	8535.5	4872.5	5763	4555.5	3815.5	3936.5	6712.5	3322.5	7659.5	1118.5	2124.5	2108	2433.5	4301.5	5222.5	86581	4329.05
ORTHO005457	Translation initiation factor 3 protein	AT2G24060;AT4G30690	6413;44237;8152;8150;9987;6412;43043;43604;43603;34641;6807;44271;44249;9058;6518;1901564;71704;1901566;1901576;44267;19538;43170;44238;44260;34645;9059;10467;9507;9536;43231;43227;43226;5575;43229;44424;44464;5623;5622;44444;5737;3743;8135;3723;3676;1901363;5488;3674;97159;5618;30312;71944	3274	4897	3884	4494	2982.5	1227	2328.5	6573	5028	5480.5	6763.5	1198.5	3674.5	1800.5	5413.5	6712.5	4054.5	3949	7042	6860	4668.5	3609.5	4366	6553	87302.5	4.365.125
ORTHO008146	RNA-binding CRS1 / YhbY (CRM) domain protein	AT3G27550	9507;9536;43231;43227;43226;5575;43229;44424;44464;5623;5622;44444;5737;3723;3676;1901363;5488;3674;97159	3275	2757	5087.5	6900	1812	194.5	1428	3549.5	3340.5	3547	5275	6418.5	8754.5	5297	766.5	6712.5	7299	8961	8915.5	2835.5	3001	8368.5	8840	7161.5	100665.5	5.033.275
ORTHO006689	ATP synthase delta-subunit gene	AT4G09650	9507;9536;43231;43227;43226;5575;43229;44424;44464;5623;5622;44444;5737;9941;9526;31967;31975;44446;44422;44435;44434;46933;15078;15077;22890;8324;15075;22891;22857;5215;3674;6810;51234;51179;8150;55085;44763;9987;44699;44765;1902578;22892;34220;6811;98655;6812;15672;1902600;15992;6818;98662;98660;44769;42625;42626;43492;42623;16887;17111;16462;16818;16817;16787;3824;8152;15405;15399;22804;16820;19829;10287;9570;9532;9772;9767;22900;6091;44237;55114;44710;19684;15979;9534;31976;9579;31984;15986;6754;46034;9150;6163;72521;46483;6725;1901360;71704;34641;6807;1901564;9117;6753;19637;6793;55086;6139;44238;44281;6796;9259;19693;1901135;9167;9161;9123;9126;9205;9144;9141;9199;46128;9119;9116;1901657;42278;9152;9260;46390;90407;1901576;9058;1901137;9165;1901293;34654;19438;44249;44271;18130;1901362;44711;6164;72522;1901566;9168;9156;9124;9127;9206;9201;9142;9145;46129;42451;9163;1901659;42455;15985;9773;42742;9617;51707;43207;9605;50896;9607;51704;98542;6952;6950;9535;55035;42651;34357;16020;44436;10319;45261;33178;98796;43234;32991;44425;16469;45259;9735;9725;9719;10033;42221;9409;9266;9628	3276	2660	3723	4170	1812	4758	6834	1484	5754	698.5	2809.5	4566	6731.5	6971	7129	2476	7962.5	5886.5	5128	3676.5	4519	2677	1961.5	3721	85743.5	4.287.175
ORTHO006120	plant U-box 8	AT4G21350	5634;43231;43227;43226;5575;43229;44424;44464;5623;5622;16567;32446;70647;6464;36211;19538;43170;71704;8152;8150;44238;43412;44267;44260;44237;9987;16874;3824;3674	3277	2766	3971	4665	4356	3511	3327	2838	8423.5	4941	3917	6404.5	8205.5	5989.5	1404.5	1996.5	2063	6784	2108	5726.5	5903.5	7871	2834	4016	88264	4413.2
ORTHO005293	Protein of unknown function (DUF1223)	AT4G27350;AT5G54240	8150;3674;5575	3278	3744	5421.5	7565	2097	7932.5	4341	7084	7831	4656.5	3269.5	6393	6316	6601.5	6867.5	7782	5032.5	4507	802.5	4392	4946	6648	6709	3179.5	105291	5264.55
ORTHO004758	FUNCTIONS IN: molecular_function unknown	AT4G24840	17119;44431;44444;44424;44464;5575;5623;5622;5737;44446;44422;43226;43229;5794;43231;43227;12505;43234;32991;7030;6996;16043;71840;8150;9987;10256;5773;6891;48193;1902582;46907;6810;51234;51179;51649;51641;44765;1902578;44699;16192;8565;22892;5215;3674;15031;45184;8104;33036;71702	3279	2465	2465.5	1652	4356	866.5	1155	917.5	931	3520.5	4497	5600.5	3798.5	6764.5	6867.5	7782	7799	5626	2519	1129.5	3778.5	1466	1361	3103.5	69483	3474.15
ORTHO009484	Acyl-CoA N-acyltransferases (NAT) superfamily protein	AT5G16800	8152;8150;8080;16410;16747;16746;16740;3824;3674;16407;5634;43231;43227;43226;5575;43229;44424;44464;5623;5622;5737	3280	4682	2922.5	2565	5938.5	1329	1577.5	3824.5	8634	8934.5	4909.5	1198.5	1352	6764.5	1372.5	7360.5	7313	7870.5	2102.5	2534.5	1478	889.5	1235	5806	76486	3824.3
ORTHO003842	long-chain base (LCB) kinase 1	AT5G23450	16310;6796;6793;44237;8152;8150;9987;5524;35639;1901265;1901363;5488;3674;97159;43168;43167;32559;30554;17076;166;36094;32555;32553;97367;32550;32549;1882;1883;3951;16301;16772;16740;3824;16773;5739;43231;43227;43226;5575;43229;44424;44464;5623;5622;44444;5737;5886;16020;71944;4143;30148;46467;6643;44255;6629;71704;44710;44699;44238;44763;8610;1901576;9058;44711;44249;1901566;1901564;6807;6665;7205;7186;7165;50794;50789;65007;51716;50896;7154;44700;23052;17050	3281	1293	4044.5	4808	1066.5	6986.5	8536	676	1328.5	555.5	982	4670	8519	8916	6687	797.5	630	7431.5	6897.5	4131	1352	8134.5	8405	3447.5	89083	4454.15
ORTHO005685	Mitochondrial import inner membrane translocase subunit Tim17/Tim22/Tim23 family protein	AT2G42210	15288;22829;15267;22803;22857;5215;3674;6810;51234;51179;8150;55085;44763;9987;44699;44765;1902578;5743;19866;31090;16020;5575;44422;43226;43227;44424;44464;5623;5622;31967;31975;44446;43229;31966;44429;44444;5737;5739;43231;5740;9527;31968;19867;98805;98588;42170;44435;9536;9526;9707;31969;44434;9507;9941;5747;45271;30964;98796;43234;32991;44425;1990204;1902494;98803;70469;98800;98798;44455;5746;5741;46930;16021;31224;15031;45184;8104;33036;71702;15450;15405;15399;22804;8320;8565;22892;22884;22891;71806;5744;6811	3282	3182	4785.5	6289	4356	5722.5	8876	2322	1042.5	4213.5	9015.5	1954	7031	6971	7258.5	2476	1321	5518	7509	4848	7489.5	6714	2696.5	3920	96898.5	4.844.925
ORTHO002754	BEST Arabidopsis thaliana protein match is: proline-rich family protein (TAIR:AT3G09000.1)	AT2G40070	3674;5875;44430;44446;44422;5575;43226;44424;44464;5623;5622;43229;5856;43232;43228;43234;32991;15630;8150;5634;43231;43227	3283	6822	5385.5	7488	6100.5	7932.5	3513	5698.5	6823.5	1626.5	7594	8724.5	1352	2711.5	4462	3976.5	5864.5	3580	7042	7871	7709	5924	6040	6379.5	104824.5	5.241.225
ORTHO005609	Radical SAM superfamily protein	AT5G08415	9107;6633;72330;46394;16053;6082;71704;8152;8150;44281;44710;44699;44763;9987;44237;44283;44711;9058;1901576;44249;19752;43436;32787;6631;44255;6629;44238;8610;9108;51188;51186;6732;44272;6790;18130;46483;1901362;1901360;9106;9249;18065;6464;36211;19538;43170;43412;44267;44260;16992;16783;16782;16740;3824;3674;70283;16979;16879;16874;51539;51536;51540;5488;9507;9536;43231;43227;43226;5575;43229;44424;44464;5623;5622;44444;5737	3284	3602	4172.25	5060.5	2097	1089	7422	6741	7325.5	642.5	6763.5	998	5740	3815.5	4233.5	6712.5	4252.5	3750.5	4165.5	7299	5061.5	4780.5	6854	2699.5	90346	4517.3
ORTHO004784	SAND family protein	AT2G28390	5634;43231;43227;43226;5575;43229;44424;44464;5623;5622	3285	3988	2231	1177	2097	2672	3960	6323	6584	2425	2809.5	2392.5	3235	3815.5	1812.5	6712.5	1102.5	2199.5	3233.5	3830	3870	2433.5	3492.5	1794	64697	3234.85
ORTHO003792	relative of early flowering 6	AT3G48430	5634;43231;43227;43226;5575;43229;44424;44464;5623;5622;33169;70076;16577;16570;16569;16568;6325;43933;16043;71840;8150;9987;51276;6996;6464;36211;19538;43170;71704;8152;44238;43412;44267;44260;44237;1902589;44763;44699;44710;6482;70988;8214;35067;2000757;2000756;1901983;31399;32268;51246;80090;19222;50789;65007;60255;31323;50794;1901984;31400;32269;31324;48523;48519;9892;51248;10605;35065;31056;1903308;1902275;33044;33043;51128;31057;1903309;2001251;10639;51129;6355;1903506;2001141;31326;9889;51252;19219;51171;10556;10468;2000112;9741;9725;9719;50896;10033;42221;14070;33993;97305;1901700;9826;902;32989;9653;32502;48856;48869;44767;60560;48589;40007;16049;10228;3006;22414;48608;61458;48731;7275;44707;32501;9791;6351;34645;9059;1901576;9058;44249;97659;32774;16070;90304;6139;46483;6725;1901360;34641;6807;34654;19438;44271;18130;1901362;10467;51213;16491;3824;3674;55114;46872;43169;43167;5488;3676;1901363;97159;3700;1071;48366;48827;48367	3286	3232	5396.75	7507.5	4356	8240.5	7766	1912	8101	4031.5	9032	1198.5	7377.5	7387.5	7401.5	7782	494	6183.5	2662	5277	1311.5	7786.5	6709	4291.5	104945	5247.25
ORTHO002298	Nucleotide-sugar transporter family protein	AT1G21070;AT1G76670;AT5G42420	48354;10192;10191;44237;8152;8150;9987;44249;9058;48359;10214;3006;32502;22414;48856;48316;48608;61458;48731;7275;44767;44699;44707;32501;44702;9791;10154;55085;44763;44765;6810;51234;51179;1902578;22857;5215;3674;90480;36079;15780;1901264;71702;6862;15748;15931;71705;72530;1901679;98656;6820;6811;34220;16020;5575;16021;31224;44425;5338;1901505;15215;15605;1901677;15932;22891;22892;5886;44464;5623;71944;5794;43231;43227;43226;43229;44424;5622;44444;5737;12505;15297;15291;22804;15786;15781;15711;9624;51707;43207;9605;50896;9607;51704;5457;36080;15783;5459;15165;90481;72531;72334;34219;8643;15785;9833;1903047;22402;7049;278;9832;42546;44085;71840;71554;71669;281;61640;910;51301;5460;8514;8509;15075;9507;9536	3287	3906	5117.5	6948	4356	1594	739	2071	8259	1842.5	9015.5	1198.5	7189	7213.5	7258.5	5325.5	6752	5626	7831	920	7786.5	7725	8520	4117.5	100984	5049.2
ORTHO002645	Protein of unknown function; DUF593	AT1G70750;AT5G16720	17022;8092;5515;5488;3674;5737;44424;44464;5575;5623;5622;30133;16023;31988;43227;43226;31982;43231;43229;31410;44444;12505;8150;16021;31224;44425;16020	3288	3953	4256	5224	4356	4389	1377.5	4133.5	4452.5	7584	3917	7069.5	3450.5	6434	6791	7782	1321	4400	3088	635	4321	6027.5	6709	7223	91105	4555.25
ORTHO003902	La protein 1	AT4G32720	3723;3676;1901363;5488;3674;97159;5730;44428;44446;44422;5575;43226;44424;44464;5623;5622;43229;5634;43231;43227;43232;43228;31981;70013;43233;31974;5618;30312;71944;6396;16070;44260;43170;71704;8152;8150;44237;9987;90304;6139;46483;6725;1901360;34641;6807;44238;10467;5829;44444;5737;9790;44767;32502;44699;48856;7275;44707;32501;5654;34470;34660;166;36094;1901265;42254;22613;44085;71840	3289	4411	5606.5	7924	5938.5	8382	6688	3803	3711	8934.5	4914.5	5960	3948.5	5845	1266.5	6712.5	5240.5	8470.5	2712.5	2688	6908	7567	7156	7453	108361	5418.05
ORTHO008348	AIG2-like (avirulence induced gene) family protein	AT2G24390	5634;43231;43227;43226;5575;43229;44424;44464;5623;5622;3674;8150	3290	4918	3567	3844	2982.5	2735	1818.5	3181	3753	8934.5	4107	6651.5	1352	5952.5	1311.5	7360.5	8779.5	7934	1901	3013.5	538	5059	2120	7376.5	83878.5	4.193.925
ORTHO005778	basic helix-loop-helix (bHLH) DNA-binding superfamily protein	AT1G26945	5634;43231;43227;43226;5575;43229;44424;44464;5623;5622;40008;50789;65007;8150;6355;1903506;2001141;31326;9889;19222;31323;50794;51252;19219;80090;51171;60255;10556;10468;2000112;5737;46983;5515;5488;3674;6351;34645;44260;43170;71704;8152;44237;9987;9059;1901576;9058;44249;97659;32774;16070;90304;6139;46483;6725;1901360;34641;6807;44238;34654;19438;44271;18130;1901362;10467;9416;9314;9628;50896	3291	6720	2569.5	1848	5748	4262.5	1720.5	3318	3584	8934.5	3674	454	3419	6389.5	2023.5	3976.5	450	7637	7042	2455	30	6813.5	2239	3005.5	71428	3571.4
ORTHO003624	Aldolase-type TIM barrel family protein	AT1G16350;AT1G79470	6177;1901070;1901068;46128;9119;9116;55086;6139;46483;44237;8152;8150;9987;6725;1901360;71704;34641;6807;44238;44281;44710;44699;44763;1901564;1901657;1901135;42278;72521;46129;42451;9163;1901659;1901137;1901576;9058;44711;1901566;34654;19438;44249;44271;18130;1901362;72522;42455;9152;9150;6163;9117;6753;19637;6793;6796;9259;19693;9260;46390;90407;9165;1901293;6164;9168;9156;9161;9123;9124;9167;9126;9127;46037;5829;44444;44424;44464;5575;5623;5622;5737;9735;9725;9719;50896;10033;42221;55114;3938;16616;16614;16491;3824;3674;46872;43169;43167;5488	3292	4971	5619	7946	2982.5	6529	6965	2392	1839.5	8006.5	9015.5	5795.5	4027	5757.5	1209.5	6712.5	1463.5	6590	7482.5	1584.5	8153	8510	8436	8062	108531	5426.55
ORTHO007281	unknown protein	AT2G28330	8150;3674;5634;43231;43227;43226;5575;43229;44424;44464;5623;5622	3293	2585	2097	901	4356	8183	2528	1780.5	1328.5	930.5	1981	1198.5	5740	3815.5	4842.5	1830	3521.5	4982.5	778.5	4211	4103	1985	4199	2940	60878.5	3.043.925
ORTHO005280	INVOLVED IN: autophagy	AT4G30790	9506;5911;30054;5575;55044;5634;43231;43227;43226;43229;44424;44464;5623;5622	3294	2159	5729.5	8165	1689.5	2776	3628.5	4571	8928.5	1028.5	2809.5	8873.5	8519	8936	6639	7782	1482.5	7219.5	8251.5	7080	2264.5	8148	8551.5	3289.5	110778.5	5.538.925
ORTHO003823	strictosidine synthase-like 3	AT1G08470;AT5G22020	16788;16787;3824;3674;8152;8150;9058;5783;43231;43227;43226;5575;43229;44424;44464;5623;5622;44444;5737;12505;5774;44437;44446;44422;5773;98588;31090;16020;98805;9821;44271;34641;6807;44237;9987;44249;1901566;1901576;71704;1901564;9820;16844;16843;16840;16829;9507;9536;5576	3295	2516	1998.5	702	4356	3205.5	1224.5	765	2264	7539	3136.5	6344	1352	4760	3265	1830	8208.5	4595	188	635	2098.5	1228	3188	1597.5	57424	2871.2
ORTHO004624	Adenine nucleotide alpha hydrolases-like superfamily protein	AT2G47710	5794;43231;43227;43226;5575;43229;44424;44464;5623;5622;44444;5737;12505;5886;16020;71944;5773;16787;3824;3674;8152;8150	3296	4027	3735.5	4175	5284	542.5	1311	7491.5	4323	4428.5	5567	4309	6456	7996	7917.5	2914	3367.5	6683.5	6835.5	813	3454.5	5924	4178	1263	85775	4288.75
ORTHO006672	phytochrome interacting factor 3	AT1G09530	5515;5488;3674;42802;3677;3676;1901363;97159;9740;10476;9755;7165;50794;50789;65007;8150;51716;9987;50896;7154;44763;44699;44700;23052;32870;9725;9719;10033;42221;71495;71310;70887;71370;9739;33993;1101;1901700;71396;71229;1901701;3700;1071;2001141;31326;9889;19222;31323;51252;19219;80090;51171;60255;10556;6355;1903506;10468;2000112;10017;71489;9639;9416;9314;9628;71482;71478;71214;9585;7602;9583;9582;51606;9581;9605;46983;5634;43231;43227;43226;5575;43229;44424;44464;5623;5622;6351;34645;44260;43170;71704;8152;44237;9059;1901576;9058;44249;97659;32774;16070;90304;6139;46483;6725;1901360;34641;6807;44238;34654;19438;44271;18130;1901362;10467;31539;31537;9893;48518;9704;9640;9791;44767;32502;44707;32501;7275	3297	5650	4518.5	5740	6534	5833.5	8450	5813.5	7046.5	2081	6543	2291.5	3610.5	1800.5	5034.5	3976.5	693.5	3949	6785	4331	6810.5	6077	6365	6281	93773	4688.65
ORTHO003071	myosin heavy chain-related	AT2G34730	5634;43231;43227;43226;5575;43229;44424;44464;5623;5622;5794;44444;5737;12505;5739	3298	1559	2239	1180	1281	3859	117.5	517	317.5	1409.5	397.5	5720.5	1352	9108.5	6969.5	976.5	2230.5	8278	2399	270.5	1593.5	8879	2495	7860.5	64751	3237.55
ORTHO006485	unknown protein	AT5G12930	3674;8150;5634;43231;43227;43226;5575;43229;44424;44464;5623;5622	3299	2925	2298.5	1298	2097	3027.5	2951	3939	2592	6179.5	8701	2803.5	1352	4179	3265	1830	4870.5	5056.5	3067.5	4060.5	3719.5	914	1004	2575	66087	3304.35
ORTHO005777	Glutaredoxin family protein	AT5G58530	45454;19725;42592;65008;65007;8150;44763;9987;44699;50794;50789;15035;15036;16667;16491;3824;3674;8152;55114;44710;5634;43231;43227;43226;5575;43229;44424;44464;5623;5622;9055	3300	6516	3274	3248	7245.5	7008.5	5535	5095	4687.5	8647.5	5625	5903.5	6731.5	2711.5	2023.5	3976.5	1266	1617	2532.5	4060.5	2313	2677	4192	3984	80587	4029.35
ORTHO004279	alpha/beta-Hydrolases superfamily protein	AT3G52430	71327;71324;34285;9743;10033;42221;50896;8150;1901700;71322;71310;70887;51716;9987;1901701;10353;10942;10941;50794;50789;65007;48522;48518;2213;9625;51707;43207;9605;9607;51704;98542;6952;6950;1900367;31349;31347;80134;48583;48584;43902;43900;2833;2831;32103;32101;2000068;5634;43231;43227;43226;5575;43229;44424;44464;5623;5622;9816;9814;45087;6955;2376;42742;9617;9862;9863;7165;7154;44763;44699;44700;23052;71446;71407;14070;9751;1101;71229;9627;1900426;1900424;9626;34050;12501;8219;16265;33554;10618;44767;32502;48646;9653;48856;2000022;9966;10646;23051;16298;16788;16787;3824;3674;8152;10310;2000377;31323;19222;31348;48585;48519;2000031;16042;44712;9056;44710;6629;71704;44238;1901575;9873;160;35556;9755;32870;9725;9719;71495;71369;9723;5515;5488;10150;10260;7568;48513;48731;7275;44707;32501;48366;48827;48367;5737;80151;9967;10647;23056;80142;31326;9889;10337;10565;10225;9411;9416;9314;9628;16740;4806;52689;1666;36293;70482;10105;70298;70297;1902531;1902532;9968;10648;48523;23057;10104;1901183;52322;31328;31325;9893;9891;52320;52318;43455;52319;1900376;1900378;51176;42762;1901182;51171;51173	3301	2171	4393.5	5486	1689.5	866.5	6385	1640.5	1625	5312.5	1623	743.5	8306	7954.5	8968.5	7782	6752	6505.5	1290	167.5	7672.5	7493	8436	2940	92463.5	4.623.175
ORTHO005997	hydrolases; acting on ester bonds	AT3G27325	5783;43231;43227;43226;5575;43229;44424;44464;5623;5622;44444;5737;12505;5774;44437;44446;44422;5773;98588;31090;16020;98805;5739;6886;15031;45184;51234;51179;8150;8104;33036;71702;6810;46907;51649;51641;34613;70727;16788;16787;3824;3674;8152;6505;46488;6650;6644;19637;71704;6793;44237;9987;44255;6629;44710;44699;44238;44763;6796;46486;6664;1903509;1901135;6643	3302	1090	3579.75	3857.5	4356	7207	961	1114.5	2465.5	5920.5	2129.5	4905	8675.5	5154.5	810.5	508.5	8587.5	7659.5	8773.5	1426	2313	8260	2202	4898	83971.5	4.198.575
ORTHO007156	MLP-like protein 423	AT1G24020	9507;9536;43231;43227;43226;5575;43229;44424;44464;5623;5622;44444;5737;6952;6950;50896;8150;16020;9607	3303	2715	3410	3517	1812	8627.5	1672.5	641	344	555.5	1312.5	1400	1352	6227.5	8163.5	2476	7194	6982	1827	7138.5	2686	7937	8737	6801.5	82075	4103.75
ORTHO006027	Aha1 domain-containing protein	AT3G12050	51087;5515;5488;3674;5634;43231;43227;43226;5575;43229;44424;44464;5623;5622;5829;44444;5737;1671;60590;60589;30234;98772;50790;19222;50789;65007;8150;65009;8047;43085;44093;9893;48518;32781;43462;51336;51345	3304	2098	3588	3872	4356	476	398	1426	1133	502	1483.5	1471	8446	8123.5	9073.5	7782	1941.5	7028	8605.5	270.5	8952.5	7603.5	6040	3289.5	84045.5	4.202.275
ORTHO001505	RING/FYVE/PHD zinc finger superfamily protein	AT3G47550;AT5G62460	5634;43231;43227;43226;5575;43229;44424;44464;5623;5622;8270;46914;46872;43169;43167;5488;3674;5737	3305	6835	4249	5193	7662	5833.5	4118.5	5568.5	2202	5411.5	7734.5	2553.5	3351	2711.5	3936.5	5325.5	5032.5	3121	5589.5	7012	5422.5	5132.5	5322	5601	90979.5	4.548.975
ORTHO005799	Protein of unknown function (DUF3353)	AT2G20920	9507;9536;43231;43227;43226;5575;43229;44424;44464;5623;5622;44444;5737;16020	3306	4866	5757	8208	2982.5	7543.5	3430	2460.5	1198	3785.5	8232.5	3422.5	7743	8456.5	8163.5	5325.5	5962.5	5368	7281	8397.5	6908	6648	3061.5	7860.5	111248	5562.4
ORTHO003383_1	glycosyltransferase family protein 47	AT5G04500	31227;44432;44444;44424;44464;5575;5623;5622;5737;44446;44422;43226;43229;5783;43231;43227;12505;31300;31224;44425;16020;31090;5789;98588;42175;15012;44272;6790;44237;8152;8150;9987;44249;9058;30166;6029;9100;19538;43170;71704;44238;44260;1901135;9101;34645;9059;1901576;1901137;30201;43436;6082;44281;44710;44699;44763;44711;16757;16740;3824;3674;6486;6464;36211;43412;44267;43413;70085;44723;5975;6024;30203;6022;1901564;6807;6023;1901566;16021;16758;46872;43169;43167;5488	3307	2398	4796.5	6286	1689.5	6898	924	2838	8207	5709.5	3948.5	5435.5	8605	5307	638	1429.5	8888	7967.5	8655.5	1632	1630.5	8182	2437.5	7543.5	96876.5	4.843.825
ORTHO008817	bifunctional nuclease i	AT1G11190	3676;1901363;5488;3674;97159;80187;10260;7568;44767;32502;8150;44699;48513;48856;48731;7275;44707;32501;44702;22414;3006;48437;48569;9908;90567;48608;61458;9791;48367;6308;6259;44260;43170;71704;8152;44237;9987;90304;6139;46483;6725;1901360;34641;6807;44238;44265;9057;1901575;9056;44248;34655;19439;44270;1901361;46700;14;4520;4536;4518;16788;16787;3824;90305;4519;46872;43169;43167;5576;5575;10150;48366;48827;43765;90502;90501;16070;16891;4521;4540;16893	3308	3539	1720.5	133	2097	3768.5	6737	327.5	4178.5	6381.5	5148.5	281	3751.5	138	136.5	3183	157	261.5	1210.5	1509.5	158.5	380	1203	218.5	39130	1956.5
ORTHO005565	unknown protein	AT4G17960	8150;3674;5737;44424;44464;5575;5623;5622	3309	3924	3041	2773	2097	1500	7045.5	2545	2390.5	8535.5	8314	7780.5	3180.5	4134.5	2910	6712.5	7788.5	2199.5	3172	1509.5	3675	1466	1121.5	1696.5	77677	3883.85
ORTHO006855	RAB GTPase homolog A5A	AT5G47520	5774;44437;44444;44424;44464;5575;5623;5622;5737;44446;44422;43226;43229;5773;43231;43227;98588;31090;16020;98805;5525;35639;1901265;1901363;5488;3674;97159;43168;43167;32550;32549;1882;36094;97367;1883;32561;19001;17076;166;32555;32553;5886;71944	3310	2736	2516	1722	5552	8183	1954	1114.5	7831	2963.5	8770	907	1352	3815.5	4842.5	1830	3521.5	4982.5	762.5	7647	569	2017.5	4178	2940	70181	3509.05
ORTHO001120_1	galactosyltransferase1	AT1G26810	139;98588;31090;16020;5575;44422;43226;43227;44431;44444;44424;44464;5623;5622;5737;44446;43229;5794;43231;12505;16758;16757;16740;3824;3674;8152;8150;6486;44763;9987;44699;6464;36211;19538;43170;71704;44238;43412;44267;44260;44237;43413;70085;44723;5975;44710;9101;9100;1901135;34645;9059;1901576;9058;44249;1901137;30246;5488;10493;33692;271;5976;16051;44711;34637;44262;44264;10488;35250;8194;8378;16021;31224;44425	3311	3900	4276	5241	4356	3466.5	2791.5	2460.5	2202	7916.5	2402	2467.5	3808.5	6764.5	7082.5	7782	5685	4673.5	1118.5	4630.5	6810.5	7259	8163.5	3721	91205.5	4.560.275
ORTHO004141	Transducin family protein / WD-40 repeat family protein	AT2G19540	166;36094;5488;3674;1901265;1901363;97159;8150;80008;31461;151;1990234;1902494;43234;32991;5575;44424;44464;5623;5622;5634;43231;43227;43226;43229	3312	2342	2336.5	1361	1689.5	4723.5	776.5	1013.5	5221.5	2770	1623	1576.5	6731.5	4415.5	3265	6712.5	3796.5	5221.5	4293	884	4321	2112.5	4434.5	2940	66832	3341.6
ORTHO003095	Glycosyl hydrolase family 85	AT3G11040;AT5G05460	5737;44424;44464;5575;5623;5622;5829;44444;6491;9311;44723;5975;71704;8152;8150;44238;44710;44699;6487;6486;44763;9987;6464;36211;19538;43170;43412;44267;44260;44237;43413;70085;9101;9100;1901135;34645;9059;1901576;9058;44249;1901137;33925;4553;16798;16787;3824;3674;6517;5773;43231;43227;43226;43229	3313	2995	2665.5	2018	4356	1227	1985	6741	702.5	5683.5	8737.5	2038	5740	3815.5	4233.5	1830	4252.5	3750.5	4165.5	4169.5	5061.5	1910	3945	2699.5	72687.5	3.634.375
ORTHO003839	unknown protein	AT1G35220	3674;5634;43231;43227;43226;5575;43229;44424;44464;5623;5622;8150	3314	2913	3871	4428	4356	7710.5	859	7084	2301	4836.5	3269.5	6171.5	6513.5	6764.5	7017.5	2476	7599.5	5569	857	3528.5	1012	6576.5	3020	3841	87007	4350.35
ORTHO006876	dentin sialophosphoprotein-related	AT3G21290	3674;8150;5634;43231;43227;43226;5575;43229;44424;44464;5623;5622	3315	2020	2675.75	2036.5	1281	7324.5	2703	2460.5	1328.5	5971	1810	3872	8446	5535	1254.5	6712.5	562	5720	1942.5	1532.5	2686	7470	2214	3289.5	72834	3641.7
ORTHO003525	homologue of NAP57	AT3G57150	5634;43231;43227;43226;5575;43229;44424;44464;5623;5622;5829;44444;5737;9982;16866;16853;3824;3674;8152;8150;5730;44428;44446;44422;43232;43228;31981;70013;43233;31974;9506;5911;30054;55044;3723;3676;1901363;5488;97159	3316	1633	3294	3272	1281	476	1881	4571	113.5	789	5603.5	1471	8410.5	7996	9073.5	2476	693.5	6946	5272.5	5062.5	1091.5	7786.5	7774	3238	80725.5	4.036.275
ORTHO006900	basic helix-loop-helix (bHLH) DNA-binding superfamily protein	AT1G10120	5634;43231;43227;43226;5575;43229;44424;44464;5623;5622;3677;3676;1901363;5488;3674;97159;3700;1071;2001141;31326;9889;19222;50789;65007;8150;31323;50794;51252;19219;80090;51171;60255;10556;6355;1903506;10468;2000112;6351;34645;44260;43170;71704;8152;44237;9987;9059;1901576;9058;44249;97659;32774;16070;90304;6139;46483;6725;1901360;34641;6807;44238;34654;19438;44271;18130;1901362;10467;40008;46983;5515	3317	936	4643.75	5970.5	4356	3859	1744	8366.5	8955.5	2025.5	1414	5096	1352	4921.5	511.5	1429.5	8875.5	8222	2136.5	8590.5	9064.5	8784	2412.5	7376.5	95137	4756.85
ORTHO000760_2	exocyst complex component sec15B	AT4G02350	9506;5911;30054;5575;55044;5856;43232;43228;43226;43229;44424;44464;5623;5622;5618;30312;71944;5886;16020;5829;44444;5737;6904;48278;22406;44763;9987;8150;44699;16192;6810;51234;51179;6887;32940;46903;44765;1902578;51649;51641;5576;9860;44702;22414;904;902;32989;16043;71840;9653;32502;48856;48869;44767;48468;30154;3006;48588;48589;40007;16049;9932;9826;60560;48868;9856;44703;51704;44706;32501;9846;44707;145;44448;5938;43234;32991;9524;3674	3318	833	1962.5	607	672.5	476	6688	602	800	7064	582	247	1352	6292	6054.5	2080.5	6099.5	9059	2754	2455	653	515	221.5	1371.5	55366.5	2.768.325
ORTHO007766	Minichromosome maintenance (MCM2/3/5) family protein	AT2G16440	790;785;44427;44446;44422;5575;43226;44424;44464;5623;5622;43229;5694;43232;43228;32991;44454;44428;5634;43231;43227;228;31981;70013;43233;31974;347;43234;8094;42623;16887;17111;16462;16818;16817;16787;3824;3674;8152;8150;5829;44444;5737;6268;32508;32392;71103;51276;6996;16043;71840;9987;6261;6260;6259;44260;43170;71704;44237;90304;6139;46483;6725;1901360;34641;6807;44238;34645;9059;1901576;9058;44249;5524;35639;1901265;1901363;5488;97159;43168;43167;32559;30554;17076;166;36094;32555;32553;97367;32550;32549;1882;1883;8283;44699;5515;46872;43169;6270;3677;3676	3319	1931	5137.5	6956	1281	6643.5	2951	4396	522.5	698.5	9015.5	2851	7743	7636	8512	7782	5962.5	6265.5	6531	5062.5	5988	6512.5	3717	2229	101019	5050.95
ORTHO003891	RNA-binding (RRM/RBD/RNP motifs) family protein	AT1G22910;AT1G33470	5575;166;36094;5488;3674;1901265;1901363;97159;3676;3723;8150;5576;5634;43231;43227;43226;43229;44424;44464;5623;5622	3320	245	1962.5	605	248.5	63	6236.5	218	2134	821	4277.5	267.5	1352	4935	350.5	343	1991	8544.5	1719	1426	981	8285	7244	4174.5	55363	2768.15
ORTHO001219_2	gamma subunit of Mt ATP synthase	AT2G33040	45261;33178;98796;43234;32991;5575;44425;16020;16469;44424;44464;5623;5622;45259;5753;98800;98798;44429;44444;5737;44446;44422;43226;43229;5739;43231;43227;44455;31966;31090;5740;31967;31975;5743;19866;46961;15078;15077;22890;8324;15075;22891;22857;5215;3674;6810;51234;51179;8150;55085;44763;9987;44699;44765;1902578;22892;34220;6811;98655;6812;15672;1902600;15992;6818;98662;98660;44769;42625;42626;43492;42623;16887;17111;16462;16818;16817;16787;3824;8152;15405;15399;22804;16820;36442;19829;8270;46914;46872;43169;43167;5488;9507;9536;46933;15986;6754;46034;9150;6163;72521;46483;44237;6725;1901360;71704;34641;6807;1901564;9117;6753;19637;6793;55086;6139;44238;44281;44710;6796;9259;19693;1901135;9167;9161;9123;9126;9205;9144;9141;9199;46128;9119;9116;1901657;42278;9152;9260;46390;90407;1901576;9058;1901137;9165;1901293;34654;19438;44249;44271;18130;1901362;44711;6164;72522;1901566;9168;9156;9124;9127;9206;9201;9142;9145;46129;42451;9163;1901659;42455;15985;5618;30312;71944;5730;44428;5634;43232;43228;31981;70013;43233;31974	3321	3567	3333.5	3346	5748	3697.5	1068	5077	1916	4645.5	4277.5	6055	7963	5564	1145.5	6712.5	7051	7335.5	1118.5	1775	1026	7637.5	2437.5	4586.5	81089	4054.45
ORTHO005928	Pseudouridine synthase family protein	AT3G04820	3723;3676;1901363;5488;3674;97159;1522;9451;16070;44260;43170;71704;8152;8150;44237;9987;90304;6139;46483;6725;1901360;34641;6807;44238;43412;9982;16866;16853;3824;5634;43231;43227;43226;5575;43229;44424;44464;5623;5622	3322	2527	2487.5	1653	4356	4344.5	7166.5	2322	4953	7216	2809.5	4239	4738	4415.5	2702.5	6712.5	1526.5	4887	3233.5	1460	606	1154	3040	1958.5	69484.5	3.474.225
ORTHO006904	adenine phosphoribosyl transferase 1	AT1G27450	5794;43231;43227;43226;5575;43229;44424;44464;5623;5622;44444;5737;12505;9570;9532;44435;44446;44422;9536;44434;9507;5886;16020;71944;9690;9308;1901564;71704;8152;8150;6807;46483;44237;9987;6725;34754;42445;10817;65008;65007;3999;16763;16757;16740;3824;3674;7623;48511;5829;44209;32261;43173;43094;44249;9058;9165;1901293;90407;19637;6793;1901576;6753;55086;6139;1901360;34641;44238;44281;44710;44699;44763;6796;34654;19438;44271;18130;1901362;44711;9117;6164;72522;72521;1901566;6163;43101;6166;43174;9163;1901659;1901137;1901135;1901657;9116;46129;42451;42278;46128;9119;42455;6167;9152;9150;9259;19693;9260;46390;46033;9167;9161;9123;9126;9168;9156;9124;9127;6168;46084;46083;6144;9112;9113;46112;46148;42440;43096;46686;10038;10035;42221;50896;9505;5618;30312	3323	3510	2561	1799	2097	1329	8376	2250	6943.5	4023	2653	2086	4738	3815.5	3047.5	3976.5	3682	2199.5	3385	3899.5	4103	3222.5	5171.5	1958.5	70859.5	3.542.975
ORTHO006566	PLAC8 family protein	AT1G11380	5886;16020;5575;44464;5623;71944;8150;3674	3324	2275	5256	7188	4356	4693.5	2452	7290.5	8564	3520.5	9015.5	1810.5	7498	7536	7258.5	2476	8003	6085	7644	4884.5	5637	2923.5	1361	4016	102669	5133.45
ORTHO006778	CAP (Cysteine-rich secretory proteins; Antigen 5; and Pathogenesis-related 1 protein) superfamily protein	AT5G66590	3674;5576;5575;8150	3325	3908	1714	103	4356	3573	3224.5	327.5	4164	6934	397.5	267.5	3773	138	136.5	3183	2728	261.5	1271.5	2534.5	2392	389	1235	223.5	37153.5	1.857.675
ORTHO005648	Protein kinase superfamily protein	AT2G18890	5524;35639;1901265;1901363;5488;3674;97159;43168;43167;32559;30554;17076;166;36094;32555;32553;97367;32550;32549;1882;1883;6468;16310;6796;6793;44237;8152;8150;9987;6464;36211;19538;43170;71704;44238;43412;44267;44260;5634;43231;43227;43226;5575;43229;44424;44464;5623;5622;16301;16772;16740;3824	3326	2439	4709	6092	4356	1329	2528	1780.5	8808.5	2025.5	5549	2038	8205.5	7779.5	8793	2476	1000	6388.5	7353.5	5519.5	6696	7038.5	7774	2699.5	95782	4789.1
ORTHO008942	double-stranded DNA-binding family protein	AT1G29850	5829;44444;44424;44464;5575;5623;5622;5737;3677;3676;1901363;5488;3674;97159;8150;3690;43566	3327	3579	2510.5	1694	2097	8518.5	7369.5	6428.5	6712.5	2642.5	2539	2291.5	4677	3815.5	2396.5	3976.5	737	1888	154	3747	3870	2541	3795.5	1825	69925	3496.25
ORTHO007550	Ribose 5-phosphate isomerase; type A protein	AT3G04790	9570;9532;44435;44444;44424;44464;5575;5623;5622;5737;44446;44422;43226;43229;9536;43231;43227;44434;9507;9941;9526;31967;31975;9535;55035;42651;34357;16020;44436;9579;31976;31984;9534;9052;19682;6081;71704;8152;8150;44763;9987;44699;44237;44710;19637;6793;1901135;6796;19693;6098;51156;6739;46496;19362;6733;6732;51186;9117;6753;55086;6139;46483;6725;1901360;34641;6807;44238;44281;72524;1901564;42742;9617;51707;43207;9605;50896;9607;51704;98542;6952;6950;19253;19685;16051;44723;5975;1901576;9058;44711;15979;15977;9735;9725;9719;10033;42221;4751;16861;16860;16853;3824;3674	3328	3310	2409.5	1491	5172	332.5	3025	2772	8509.5	5263.5	2539	6361.5	1352	4134.5	5254.5	2914	3097.5	6085	4830.5	3774.5	643	2677	3884	691.5	68141	3407.05
ORTHO004387	GNS1/SUR4 membrane protein family	AT4G36830	5739;43231;43227;43226;5575;43229;44424;44464;5623;5622;44444;5737;71215;9737;9725;9719;50896;8150;10033;42221;33993;97305;1901700;1101;71396;71310;70887;51716;9987;32870;71495;97306;1901701;71229;16021;31224;44425;16020;42761;6633;72330;46394;16053;6082;71704;8152;44281;44710;44699;44763;44237;44283;44711;9058;1901576;44249;19752;43436;32787;6631;44255;6629;44238;8610;38;9922;4312;16747;16746;16740;3824;3674;30497	3329	6538	5238	7147	7245.5	6529	3513	2322	6823.5	5634	6343	3422.5	8306	2711.5	4462	3976.5	6099.5	3580	6531	7747	6180.5	5789.5	6040	6379.5	102390	5119.5
ORTHO003530	vacuolar membrane ATPase 10	AT3G01390;AT4G23710	5774;44437;44444;44424;44464;5575;5623;5622;5737;44446;44422;43226;43229;5773;43231;43227;98588;31090;16020;98805;16471;33176;16469;98796;43234;32991;44425;325;15991;15988;1902600;15992;15672;6812;6811;44765;6810;51234;51179;8150;1902578;44699;6818;98662;98660;34220;55085;44763;9987;98655;5886;71944;46933;15078;15077;22890;8324;15075;22891;22857;5215;3674;22892;44769;42625;42626;43492;42623;16887;17111;16462;16818;16817;16787;3824;8152;15405;15399;22804;16820;19829;5794;12505;5829	3330	4220	5369.5	7409	5938.5	1658.5	5997.5	7084	6712.5	3742.5	3366.5	8085	6316	6764.5	7885	7782	1102.5	4673.5	4914	2373.5	5061.5	6648	6709	7376.5	104252.5	5.212.625
ORTHO006198	microtubule end binding protein EB1A	AT3G47690;AT5G62500	7067;280;48285;6996;16043;71840;8150;9987;1903047;22402;44763;44699;7049;278;1902589;5876;5874;44430;44446;44422;5575;43226;44424;44464;5623;5622;43229;5856;43232;43228;43234;32991;15630;5819;9574;44444;5737;9524;10005;55028;44448;5938;71944;5881;30981;30863;16032;44764;51704;44403;44419;922;8017;32403;44877;5488;3674;5515;15631;8092;5815;9652;9606;9605;50896;9612;9628;51301;9958;9630;9629;5634;43231;43227	3331	4916	3881	4431	2982.5	1329	2791.5	5957	6823.5	2630.5	6343	2086	6071.5	1800.5	5034.5	6712.5	6298	3949	6531	6467.5	4103	2541	3504.5	6057.5	87031	4351.55
ORTHO008747	hydroxyproline-rich glycoprotein family protein	AT4G37130	5643;44428;44446;44422;5575;43226;44424;44464;5623;5622;43229;5634;43231;43227;5635;31967;31975;12505;6913;16482;46907;6810;51234;51179;8150;51649;51641;51169;15031;45184;8104;33036;71702;51028;50658;50657;15931;71705;51236;6403;5515;5488;3674	3332	3586	2103.5	875	2097	4723.5	5643	3038.5	2505.5	7125	4997	1198.5	1352	4134.5	1758.5	3976.5	1155.5	4400	3119	2124.5	1379.5	2328.5	3909	1546.5	60415	3020.75
ORTHO006028	Eukaryotic aspartyl protease family protein	AT4G16563	5576;5575;6508;19538;43170;71704;8152;8150;44238;9505;5618;30312;44464;5623;71944	3333	4185	4044.25	4755.5	2982.5	1227	8919	2250	867	4440.5	1810	7898.5	5195	3815.5	5413.5	6712.5	4054.5	3121	7042	4630.5	4668.5	3955.5	6194.5	6553	88768	4438.4
ORTHO000897	RHOMBOID-like 1	AT2G29050;AT5G02250	139;98588;31090;16020;5575;44422;43226;43227;44431;44444;44424;44464;5623;5622;5737;44446;43229;5794;43231;12505;16485;6508;19538;43170;71704;8152;8150;44238;51604;10467;16021;31224;44425;5886;71944;4252;4175;70011;8233;16787;3824;3674;8236;17171;4540;4518;16788;90305;90304;6139;46483;44237;9987;6725;1901360;34641;6807;90501;16070;44260;9507;9536;5739;90503;3723;3676;1901363;5488;97159;175;8408;4527;16896;4532;16796;6364;34470;34660;6396;16072;42254;22613;44085;71840;9658;9657;6996;16043;9793;44702;22414;44699;3006;32502;9790;44767;48856;7275;44707;32501;48316;48608;61458;48731;9791;10154	3334	3475	4207	5080	4356	4827.5	1881	6831.5	7831	1409.5	982	2937.5	5740	3815.5	5254.5	1830	3891.5	4253	4663	7692.5	6696	5213.5	7486	7223	90458.5	4.522.925
ORTHO002897	NAD(P)-binding Rossmann-fold superfamily protein	AT1G24360	9507;9536;43231;43227;43226;5575;43229;44424;44464;5623;5622;44444;5737;9941;9526;31967;31975;44446;44422;44435;44434;9570;9532;6633;72330;46394;16053;6082;71704;8152;8150;44281;44710;44699;44763;9987;44237;44283;44711;9058;1901576;44249;19752;43436;32787;6631;44255;6629;44238;8610;55114;4316;4312;16747;16746;16740;3824;3674;16616;16614;16491;5507;46914;46872;43169;43167;5488;51287;50662;48037;166;36094;1901265;1901363;97159	3335	4933	4625.5	5916	5938.5	6529	2881	6142.5	7183.5	4946.5	6763.5	1198.5	3662	1800.5	5254.5	6712.5	630	3949	7042	6754	4668.5	6266	5902.5	6553	94839	4741.95
ORTHO007939	non-intrinsic ABC protein 4	AT1G03900	42626;43492;42623;16887;17111;16462;16818;16817;16787;3824;3674;8152;8150;15405;15399;22804;22857;5215;6810;51234;51179;55085;44763;9987;44699;44765;1902578;16820;6897;16192;6858;5737;44424;44464;5575;5623;5622	3336	2783	2156	976	4356	68.5	859	2392	2202	5233	2809.5	6781	1352	6332.5	3265	2080.5	8932.5	6737.5	1311	1129.5	6696	1277	1971.5	542	61972	3098.6
ORTHO001336	Actin cross-linking protein	AT1G27100;AT1G59710;AT3G28630	5773;43231;43227;43226;5575;43229;44424;44464;5623;5622;44444;5737;5634;8150;3674;51015;32403;44877;5488;5515;3779;8092;9860;44702;22414;44699;904;902;32989;16043;71840;9987;9653;32502;48856;48869;44767;44763;48468;30154;3006;48588;48589;40007;16049;9932;9826;60560;48868;9856;44703;51704;44706;32501	3337	5026	6202.5	9068	5196	7877	2791.5	7192	2069	3731	8095	8795.5	7554	8316	7999	5325.5	7280.5	5720	7435.5	8214	8534	8049	8321	8491	131790.5	6.589.525
ORTHO006951	Polyketide cyclase / dehydrase and lipid transport protein	AT4G17650	8150;5739;43231;43227;43226;5575;43229;44424;44464;5623;5622;44444;5737;3674	3338	3220	2749.5	2161	2097	2214.5	2703	2460.5	5028	5978.5	8606.5	1889	4865.5	4179	3047.5	6712.5	8003	2199.5	3088	3899.5	4384	1358.5	1004	1958.5	73579.5	3.678.975
ORTHO004316	plastid movement impaired1	AT1G42550	3674;9507;9536;43231;43227;43226;5575;43229;44424;44464;5623;5622;44444;5737;5886;16020;71944;9902;9658;9657;6996;16043;71840;8150;9987;19750;51644;51640;51641;51179;51667;51649;51234;51656	3339	1547	2395.5	1452	1281	8050	1672.5	1581	7183.5	930.5	5333	2467.5	6397.5	4662.5	5856	508.5	7137.5	5368	732	3600	3564	980	500	1344.5	67868.5	3.393.425
ORTHO001894	Clathrin light chain protein	AT2G20760	5634;43231;43227;43226;5575;43229;44424;44464;5623;5622;5886;16020;71944;5829;44444;5737	3340	6177	2680	2020	5346	6739	4457	8279.5	4164	2736.5	5423	1854	4328	3497	4842.5	2080.5	3399	1386	3857.5	4925	4833.5	1358.5	3702.5	847	72710	3635.5
ORTHO000961	Ypt/Rab-GAP domain of gyp1p superfamily protein	AT2G37290;AT2G39280;AT3G55020	5737;44424;44464;5575;5623;5622;9507;9536;43231;43227;43226;43229;44444;5634;5829	3341	4089	4004.25	4667.5	5121	4561.5	2627.5	6741	1042.5	3147	1312.5	8362	5740	3815.5	4124.5	3976.5	4252.5	3580	4113.5	7299	5061.5	4709	6854	6949.5	88269.5	4.413.475
ORTHO003930	Protein of unknown function (DUF1421)	AT3G01560;AT5G14540	5634;43231;43227;43226;5575;43229;44424;44464;5623;5622;3674;8150;5829;44444;5737	3342	4870	4407.5	5473	2982.5	1227	3025	6142.5	4418	4316.5	6763.5	3218	3662	1800.5	5254.5	6712.5	6409	3949	3792	8320	4668.5	6266	5902.5	6553	92400	4620
ORTHO007043	NAD(P)-binding Rossmann-fold superfamily protein	AT3G50560	5575;16491;3824;3674;8152;8150;55114;44710;44699	3343	4445	3722.75	4102.5	2982.5	4758	4341	2750.5	5355.5	3147	8167.5	4162.5	5740	1800.5	3521.5	6712.5	8286.5	2199.5	3067.5	6632	3511.5	2433.5	3986	4801	85374	4268.7
ORTHO006932	novel cap-binding protein	AT5G18110	5634;43231;43227;43226;5575;43229;44424;44464;5623;5622;5737;6417;10608;10468;60255;19222;50789;65007;8150;32268;51246;80090;31323;50794;34248;51171;2000112;31326;9889;10556;6413;44237;8152;9987;6412;43043;43604;43603;34641;6807;44271;44249;9058;6518;1901564;71704;1901566;1901576;44267;19538;43170;44238;44260;34645;9059;10467;3723;3676;1901363;5488;3674;97159;5829;44444;3743;8135	3344	3338	5830	8316	4356	1554	2791.5	7156.5	2202	5073	8984.5	6344	6804.5	6764.5	7082.5	7782	5764.5	5368	6897.5	4687	8019	7259	8202.5	3841	112577.5	5.628.875
ORTHO006686	Nucleotide-sugar transporter family protein	AT4G35335	139;98588;31090;16020;5575;44422;43226;43227;44431;44444;44424;44464;5623;5622;5737;44446;43229;5794;43231;12505;5351;5402;15294;15293;15291;22804;22857;5215;3674;6810;51234;51179;8150;55085;44763;9987;44699;44765;1902578;8324;15075;22891;22892;34220;6811;98655;6812;51119;15144;1901476;8643;71702;34219;15295;15992;15672;6818;5802;98791;31984;5768;5338;1901505;1901264;15215;15605;1901677;15748;15932;15931;71705;1901679;6862;5886;71944;15780;16021;31224;44425	3345	3546	4197	5049	5748	257.5	7019.5	1484	2684.5	8398	4046	7421.5	3926	6134	3047.5	7419	8051	6029.5	6185.5	3466.5	2313	8330.5	2713	1371.5	90298	4514.9
ORTHO004490	tetratricopeptide repeat (TPR)-containing protein	AT3G52140	9507;9536;43231;43227;43226;5575;43229;44424;44464;5623;5622;44444;5737;5739;10636;10635;22603;50793;50789;65007;8150;10821;33043;51128;50794;10822;10638;51130;48522;48518;51094;3723;3676;1901363;5488;3674;97159;5634;48312;48311;1902580;51641;51179;1902578;44699;51646;51640;1902589;6996;16043;71840;9987;44763;7005;5829;5886;16020;71944	3346	2048	3922	4498	4356	2837	1093.5	2000	9069	6966.5	3136.5	5172.5	1352	5350.5	1063	6712.5	8888	7637	8526	1509.5	1593.5	7836	2291.5	4291.5	87326	4366.3
ORTHO002602	Transducin/WD40 repeat-like superfamily protein	AT1G80670	5635;44428;44446;44422;5575;43226;44424;44464;5623;5622;43229;5634;43231;43227;31967;31975;12505;5643;5737;51028;50658;50657;15931;71705;6810;51234;51179;8150;71702;51236;6403;33036;5515;5488;3674;166;36094;1901265;1901363;97159;15031;45184;8104;80008;31461;151;1990234;1902494;43234;32991;5829;44444	3347	2255	2352	1357	1689.5	790.5	4742	765	5619	1346	1623	67.5	7189	4415.5	6243.5	1830	4408.5	5221.5	658	3899.5	5839	3374.5	5171.5	3565	66768.5	3.338.425
ORTHO009308	NFU domain protein 3	AT4G25910	9507;9536;43231;43227;43226;5575;43229;44424;44464;5623;5622;44444;5737;5739;8150	3348	4590.5	4404	5460	2982.5	6529	2328.5	6573	7325.5	6125	1981	1198.5	6731.5	1800.5	5413.5	6712.5	4054.5	3121	3904.5	6860	4668.5	4067	6282.5	6669	92345.5	4.617.275
ORTHO002254	Protein of unknown function (DUF3411)	AT2G37860;AT5G22790	9507;9536;43231;43227;43226;5575;43229;44424;44464;5623;5622;44444;5737;48366;48827;48856;32502;8150;48367;44767;44699;48731;7275;44707;32501;9941;9526;31967;31975;44446;44422;44435;44434;31969;42170;31090;16020;9648;9416;9314;9628;50896;3674;302;6979;6950;1901700;42221;16021;31224;44425;9706;9528;19866;5739	3349	2032	4351.25	5353.5	4356	3466.5	1985	310.5	8634	1926.5	582	1471	8410.5	7996	9046	2476	793	6737.5	1311	6240	8153	7683.5	8623.5	5957	91802.5	4.590.125
ORTHO003684	proteolysis 6	AT5G02310	5737;44424;44464;5575;5623;5622;6511;19941;51603;6508;19538;43170;71704;8152;8150;44238;44257;30163;9057;1901575;9056;44265;44260;44237;9987;44248;44267;43632;61630;4842;19787;16740;3824;3674;16567;32446;70647;6464;36211;43412;61659;9737;9725;9719;50896;10033;42221;33993;97305;1901700;1101;71596;43161;10498;10029;1900140;48580;2000026;50793;50789;65007;51239;5634;43231;43227;43226;43229;151;1990234;1902494;43234;32991;50994;9894;19222;19216;80090	3350	2538	3652.5	3955	5552	3253	4457	2392	1545.5	4031.5	1414	2729	7377.5	7213.5	7082.5	7782	4464.5	5720	1748	3933	4445	5924	5295.5	3721	84528.5	4.226.425
ORTHO005847	thioredoxin Y2	AT1G43560;AT1G76760	9570;9532;44435;44444;44424;44464;5575;5623;5622;5737;44446;44422;43226;43229;9536;43231;43227;44434;9507;16671;16667;16491;3824;3674;8152;8150;55114;44710;44699;9416;9314;9628;50896;43085;44093;65009;65007;50790;19222;50789;9893;48518;8047;30234;98772	3351	2479	3752.5	4154	4356	8663	3758	2614.5	1481	4335.5	2992.5	8150	3882.5	6764.5	6867.5	2476	4191.5	5518	1063.5	4473	4103	5376	5021	3920	85651	4282.55
ORTHO008554	SGF29 tudor-like domain	AT3G27460	9651;6970;9628;50896;8150;6950;5634;43231;43227;43226;5575;43229;44424;44464;5623;5622;3674	3352	2659	3644	3936	4356	4561.5	1051.5	8102.5	3340.5	4610	5035.5	6120	5740	3815.5	4233.5	1830	8387	8505.5	6109.5	1811	6696	980	793.5	2699.5	84422.5	4.221.125
ORTHO005005	RmlC-like cupins superfamily protein	AT2G43120	42742;9617;51707;43207;9605;50896;8150;9607;51704;98542;6952;6950;5515;5488;3674;5516;5886;16020;5575;44464;5623;71944;5634;43231;43227;43226;43229;44424;5622;10466;45861;30162;51246;80090;19222;50789;65007;60255;32269;32268;31323;50794;31324;48523;48519;9892;51248;10605;51346;43086;44092;65009;50790;51336;52547;30414;61134;30234;98772;4857	3353	3083	2598	1843	2097	8581.5	7155	2185	5028	930.5	2539	3808	4955.5	3815.5	3047.5	6712.5	3224	4747.5	824.5	3899.5	3511.5	1228	3155	2046	71394	3569.7
ORTHO003001	endoplasmic reticulum oxidoreductins 1	AT1G72280;AT2G38960	55114;44710;8152;8150;44699;5789;98588;31090;16020;5575;44422;43226;43227;44432;44444;44424;44464;5623;5622;5737;44446;43229;5783;43231;12505;44425;42175;3756;16864;16860;16853;3824;3674;6457;9987;5634;16671;16667;16491	3354	3378	1892.5	431	4356	7932.5	444.5	1709	1545.5	4385	3269.5	307.5	4793	3815.5	3047.5	6712.5	1849.5	2199.5	188	461.5	1193	2328.5	2808	1958.5	50948.5	2.547.425
ORTHO000976	histone mono-ubiquitination 2	AT1G55250;AT2G44950	16874;3824;3674;8152;8150;33523;16574;16570;16569;16568;6325;43933;16043;71840;9987;51276;6996;6464;36211;19538;43170;71704;44238;43412;44267;44260;44237;1902589;44763;44699;44710;16567;32446;70647;5634;43231;43227;43226;5575;43229;44424;44464;5623;5622;8270;46914;46872;43169;43167;5488;10162;44767;32502;44702;22414;48609;32504;3;32501;3006;44707;22611;10431;21700;48316;48608;48856;61458;48731;7275;9791;10154;10390;6513;45087;6952;6950;50896;6955;2376;10228;42803;42802;5515;46983;9965;9887;9653;48513;48366;48827;48367;10016;5739;44444;5737;51301;9817;9814;98542;51707;43207;9605;9607;51704;50832;9620;10389;1902749;1901987;10564;51726;50794;50789;65007;1901990;7346;16049;40007;4842;19787;16740	3355	1500	3352	3349	1449.5	8065.5	1428	3581.5	3215.5	4913.5	5269.5	5409	8675.5	5279.5	934	1239.5	3471	8179	2317.5	2455	2966	7814.5	4026	1876	81116	4055.8
ORTHO007446	Ribosomal protein L13 family protein	AT1G78630	9507;9536;43231;43227;43226;5575;43229;44424;44464;5623;5622;44444;5737;9579;6412;43043;43604;43603;34641;6807;8152;8150;44237;9987;44271;44249;9058;6518;1901564;71704;1901566;1901576;44267;19538;43170;44238;44260;34645;9059;10467;9570;9532;44435;44446;44422;44434;9941;9526;31967;31975;3729;44822;3723;3676;1901363;5488;3674;97159;3735;5198;5840;30529;32991;43232;43228;9793;44702;22414;44699;3006;32502;9790;44767;48856;7275;44707;32501;48316;48608;61458;48731;9791;10154;9735;9725;9719;50896;10033;42221	3356	1889	2158	960	4356	133.5	1011	218	149	6308	4902	1422	1352	5726	2023.5	1830	16	8832	2922	3483.5	3800.5	9116.5	3371.5	5041.5	61658.5	3.082.925
ORTHO003953	NA	NA	NA	3357	3358	1967.5	578	1522.5	4207	1744	2185	63	8934.5	513.5	6561.5	1352	6112	1509	1273	294.5	7471.5	2299	4100	3110	940	646.5	1120	54436	2721.8
ORTHO000537	RING/U-box superfamily protein	AT1G05890;AT1G65430;AT2G31510;AT2G31760;AT2G31770;AT2G31780	16567;32446;70647;6464;36211;19538;43170;71704;8152;8150;44238;43412;44267;44260;44237;9987;4842;19787;16740;3824;3674;8270;46914;46872;43169;43167;5488;5634;43231;43227;43226;5575;43229;44424;44464;5623;5622;16874;5737;3676;1901363;97159;31624;44390;19899;5515;42787;6511;19941;51603;6508;44257;30163;9057;1901575;9056;44265;44248;43632;32436;1901800;1903052;1903050;1903362;31329;9894;19222;50789;65007;31323;50794;42176;51246;80090;60255;32268;30162;1903364;32270;31325;9893;48518;48522;51247;10604;31331;9896;45732;45862;61136;32434;209;61630;61659;151;1990234;1902494;43234;32991	3358	2703	1700	42	4356	3066	1358	3971	298	5732.5	354.5	100.5	3956.5	138	136.5	3183	179	458	72	2570	2621	329	1453	319.5	30296	1514.8
ORTHO006373	Protein of unknown function (DUF3411)	AT5G24690	9941;9526;31967;31975;44464;5575;5623;44446;44422;43226;44424;5622;43229;43227;44435;44444;5737;9536;43231;44434;9507;9706;9528;19866;31090;16020;42170;31969;8150;5739	3359	3035	3683	4007	2097	8030	2328.5	6741	6379.5	1970.5	8701	1198.5	5338.5	4244	4842.5	6712.5	4135	4809.5	154	4060.5	4833.5	4067	3726	2575	84847	4242.35
ORTHO003531	tonoplast dicarboxylate transporter	AT5G47560	16021;31224;44425;5575;16020;15140;15556;5310;46943;8514;8509;15075;22891;22857;5215;3674;6810;51234;51179;8150;55085;44763;9987;44699;44765;1902578;22892;34220;6811;98656;6820;15711;71702;5342;1903825;15849;46942;6835;15740;71423;15743;35725;98662;98660;98655;6812;6814;15672;30001;5773;43231;43227;43226;43229;44424;44464;5623;5622;44444;5737;51453;30641;6885;55067;98771;50801;48878;42592;65008;65007;55080;30004;30003;6873;55082;19725;17153;15296;15294;15293;15291;22804;8324;5343;15370;15081;15077;22890;46873	3360	4057	4435.25	5510.5	5938.5	4327	1428	8796.5	4953	7666.5	8514	3422.5	4677	3815.5	2702.5	6712.5	8323.5	2199.5	6265.5	884	3978	2923.5	5021	5957	92567	4628.35
ORTHO005283	GTP cyclohydrolase I	AT3G07270	5525;35639;1901265;1901363;5488;3674;97159;43168;43167;32550;32549;1882;36094;97367;1883;32561;19001;17076;166;32555;32553;3934;3933;19238;16814;16810;16787;3824;8152;8150;35998;51188;51186;44237;9987;44249;9058;51066;42558;46483;6725;1901360;71704;1901564;6807;42559;19438;44271;34641;18130;1901362;1901576;1901566;90407;19637;6793;6796;5634;43231;43227;43226;5575;43229;44424;44464;5623;5622;6729;9108;6732;46146;5737;46872;43169	3361	4016	2209.5	1058	2097	4327	3129.5	2322	4953	1800	2402	2197	3279.5	3815.5	2702.5	3976.5	3589	2199.5	3333.5	5303	3978	2923.5	5081	1906.5	63218.5	3.160.925
ORTHO007845	FUNCTIONS IN: molecular_function unknown	AT5G27830	6979;6950;50896;8150;3674;5576;5575;5634;43231;43227;43226;43229;44424;44464;5623;5622	3362	1895	3125.5	2889	1281	3205.5	6478	8929.5	3046	6422.5	4322.5	5435.5	1352	7300	8203.5	2476	2230.5	7335.5	2347	1356.5	2000	2112.5	2311	1644	78508	3925.4
ORTHO000567_1	ADP/ATP carrier 1	AT3G08580;AT5G13490	5773;43231;43227;43226;5575;43229;44424;44464;5623;5622;44444;5737;9507;9536;5743;19866;31090;16020;44422;31967;31975;44446;31966;44429;5739;5740;15860;72530;71705;6810;51234;51179;8150;55085;44763;9987;44699;44765;1902578;71702;1901642;15858;1901264;15931;5774;44437;98588;98805;5507;46914;46872;43169;43167;5488;3674;5886;71944;9941;9526;44435;44434;16021;31224;44425;5618;30312;5730;44428;5634;43232;43228;31981;70013;43233;31974;1901679;6862;15748;5471;5347;295;15216;15215;15605;1901677;22857;5215;15932;22891;22892;15865;51503;5346;1901505;15211;5337;8514;8509;15075;34220;6811;98656;6820;15711;15867;15868;15217;15866;15301;15297;15291;22804;5515	3363	2297	3208	3053	4356	866.5	5887	1912	8207	738	9044.5	1198.5	1352	7850	8593.5	7782	2063	6085	1031	1609.5	6431	3026	1453	4291.5	79421	3971.05
ORTHO003316	RAB GTPase homolog A4A	AT5G65270	5525;35639;1901265;1901363;5488;3674;97159;43168;43167;32550;32549;1882;36094;97367;1883;32561;19001;17076;166;32555;32553;5886;16020;5575;44464;5623;71944	3364	2760	2739.5	2115	4356	3511	6478	2322	2202	4672	2539	528	1352	8969	6192.5	2476	8163	7273.5	824.5	635	723.5	7470	2104	4898	73333	3666.65
ORTHO006084	A20/AN1-like zinc finger family protein	AT3G12630	4842;19787;16740;3824;3674;8152;8150;16567;32446;70647;6464;36211;19538;43170;71704;44238;43412;44267;44260;44237;9987;51865;8270;46914;46872;43169;43167;5488;9414;9415;9628;50896;1101;42221;10035;1901700;6950;3677;3676;1901363;97159;5634;43231;43227;43226;5575;43229;44424;44464;5623;5622	3365	5821	4716	6067	6534	3446.5	5673.5	2044	7455	7441.5	3426.5	5631.5	6895.5	8210.5	7667.5	5325.5	2107.5	4400	1031	4956.5	7254	4612.5	1275.5	6801.5	95656	4782.8
ORTHO006093	RING/U-box superfamily protein	AT2G42360	16567;32446;70647;6464;36211;19538;43170;71704;8152;8150;44238;43412;44267;44260;44237;9987;8270;46914;46872;43169;43167;5488;3674;16874;3824;4842;19787;16740;16021;31224;44425;5575;16020;5634;43231;43227;43226;43229;44424;44464;5623;5622	3366	5068	5217	7068	5552	6529	2703	6428.5	8101	5527.5	8566	2086	6071.5	1800.5	4705.5	6712.5	8662	2199.5	6700.5	6467.5	4103	3222.5	5171.5	6057.5	101815	5090.75
ORTHO007848	plant UBX domain-containing protein 2	AT2G01650	50832;98542;6952;6950;50896;8150;51707;43207;9605;9607;51704;9620;19898;44425;5575;16020;46872;43169;43167;5488;3674;8270;46914;3676;1901363;97159;5634;43231;43227;43226;43229;44424;44464;5623;5622	3367	1901	3254.5	3142	4356	8371.5	859	7372.5	867	3757.5	1981	2851	1352	7779.5	8638.5	7782	1962.5	6217	3730.5	461.5	5988	5376	2369	2229	79945	3997.25
ORTHO002782	Lactoylglutathione lyase / glyoxalase I family protein	AT1G80160	5737;44424;44464;5575;5623;5622;5975;71704;8152;8150;44238;4462;16846;16829;3824;3674	3368	6118	1727.5	87	7245.5	732	5607	3670	1545.5	7916.5	4180.5	1954	1352	138	136.5	3183	2620.5	398	42	1391	504	181.5	279.5	214.5	36046	1802.3
ORTHO005860	BAX inhibitor 1	AT5G47120	5886;16020;5575;44464;5623;71944;38;6631;44255;6629;71704;8152;8150;44710;44699;44238;44763;9987;44237;32787;19752;43436;6082;44281;5515;5488;3674;6983;71216;51716;50896;9607;34976;33554;6950;6984;7165;50794;50789;65007;7154;44700;23052;5789;98588;31090;44422;43226;43227;44432;44444;44424;5622;5737;44446;43229;5783;43231;12505;44425;42175;5635;44428;5634;31967;31975;43069;43067;10941;60548;48523;48519;16021;31224;43066;42981;9414;9415;9628;1101;42221;10035;1901700	3369	5235	2610.5	1852	5238	5684	4118.5	8279.5	4602.5	1409.5	5380	1954	4271.5	3497	5969	3023.5	3322.5	1360.5	3616	5160	3719.5	1358.5	3967	771.5	71464.5	3.573.225
ORTHO005154	unknown protein	AT1G26650;AT1G69430	3674;5575;8150	3370	3137	4859	6348	4356	8412.5	1051.5	2460.5	1328.5	7782	3136.5	4162.5	4071	8673	5886	7782	8915	6896	732	1248	8400	8148	2536	5601	97222	4861.1
ORTHO006387	GRAS family transcription factor	AT4G08250	6355;1903506;2001141;31326;9889;19222;50789;65007;8150;31323;50794;51252;19219;80090;51171;60255;10556;10468;2000112;6351;34645;44260;43170;71704;8152;44237;9987;9059;1901576;9058;44249;97659;32774;16070;90304;6139;46483;6725;1901360;34641;6807;44238;34654;19438;44271;18130;1901362;10467;5634;43231;43227;43226;5575;43229;44424;44464;5623;5622;3700;1071;3674	3371	2215	4711.5	6052	4356	2557.5	1765.5	1426	393.5	1462	1623	1471	8410.5	7996	9073.5	2476	7091.5	6982	8576	6467.5	8153	7725	8641.5	3238	95529	4776.45
ORTHO001534	TRAF-like family protein	AT2G25320;AT2G25330;AT5G25320	9507;9536;43231;43227;43226;5575;43229;44424;44464;5623;5622;44444;5737;8152;8150;5634;16597;31406;43177;36094;5488;3674;43168;43167	3372	2248	3278	3184	4356	5974	6075.5	1347	435	1842.5	1414	2392.5	3918	7300	8276	7782	4942.5	5824	2734.5	461.5	4445	5924	5407	3721	80216	4010.8
ORTHO000944	Cysteinyl-tRNA synthetase; class Ia family protein	AT2G31170;AT3G56300;AT5G38830	6423;6418;43039;6399;34660;16070;44260;43170;71704;8152;8150;44237;9987;90304;6139;46483;6725;1901360;34641;6807;44238;43038;6520;1901564;19752;43436;6082;44281;44710;44699;44763;6412;43043;43604;43603;44271;44249;9058;6518;1901566;1901576;44267;19538;34645;9059;10467;42407;7007;7006;44802;61024;16043;71840;1902589;6996;7005;10197;741;48284;6997;9559;30154;48869;44767;32502;9561;44707;32501;9553;48229;7275;48856;5739;43231;43227;43226;5575;43229;44424;44464;5623;5622;44444;5737;9507;9536;5524;35639;1901265;1901363;5488;3674;97159;43168;43167;32559;30554;17076;166;36094;32555;32553;97367;32550;32549;1882;1883;4817;4812;16876;16875;16874;3824;9570;9532;44435;44446;44422;44434;43067;10941;50794;50789;65007;46872;43169;5829;46686;10038;10035;42221;50896	3373	2225	3080.75	2788.5	4356	4404	2881	4214	2892	6785.5	5610	1198.5	1352	7779.5	8203.5	7782	8711.5	7335.5	1680.5	1747	1250.5	454.5	488.5	3005.5	77775.5	3.888.775
ORTHO000706_1	UDP-Glycosyltransferase superfamily protein	AT3G07020	16020;5575;48316;48608;3006;32502;8150;22414;48856;61458;48731;7275;44767;44699;44707;32501;44702;9791;10154;5886;44464;5623;71944;43231;43227;43226;43229;44424;5622;52696;9812;71704;8152;52695;19585;6063;5996;44723;5975;44238;44710;44281;32787;19752;43436;6082;44763;9987;44237;51507;16906;35251;46527;16758;16757;16740;3824;3674;8194;9813;1901576;9058;16125;6066;1901615;8202;1901360;6629	3374	1867	5849.5	8325	1689.5	717.5	3758	8619.5	8484.5	3317	3136.5	4566	8754.5	4969	599	1429.5	2949	8139	9031	8967.5	8952.5	8793	8952	8615.5	112750.5	5.637.525
ORTHO002491	Rubber elongation factor protein (REF)	AT2G47780;AT3G05500	8150;3674;5737;44424;44464;5575;5623;5622;19915;51235;51179;65008;65007;10876;33036;5773;43231;43227;43226;43229;44444;5811;43232;43228	3375	3221	5698	8021	4356	1500	2703	1204.5	8392	2425	8404	1198.5	7377.5	7387.5	7432.5	2476	6027	6145	8083	8956	8760.5	7836	8551.5	4413.5	109273	5463.65
ORTHO007129	ribosomal protein L30 family protein	AT5G55140	3735;5198;3674;42254;22613;44085;71840;8150;15934;44391;30529;32991;5575;44424;44464;5623;5622;44444;5737;44446;44422;43226;43229;5840;43232;43228;5739;43231;43227;6412;43043;43604;43603;34641;6807;8152;44237;9987;44271;44249;9058;6518;1901564;71704;1901566;1901576;44267;19538;43170;44238;44260;34645;9059;10467	3376	2359	4555	5734	1689.5	5432.5	924	1389	1198	3818	8984.5	6171.5	7031	6971	7195	7782	5561	6085	5400	461.5	5637	5924	3849	3920	93734	4686.7
ORTHO004054	cytochrome P450; family 77; subfamily B; polypeptide 1	AT1G11600	5886;16020;5575;44464;5623;71944;19825;5488;3674;55114;44710;8152;8150;44699	3377	3018	2358.5	1340	2097	1423	3129.5	1640.5	6379.5	7666.5	8232.5	6171.5	1352	4134.5	2396.5	1606	1596	4747.5	3067.5	3699	3564	1090.5	3155	1546.5	66598	3329.9
ORTHO000801_1	acyl-CoA oxidase 5	AT2G35690;AT4G16760	33539;6635;9062;44242;16042;44712;9056;8152;8150;44710;44699;6629;71704;44238;1901575;44255;44763;9987;44237;44248;72329;46395;16054;44282;44281;6082;19752;43436;32787;6631;19395;34440;30258;55114;55088;48878;42592;65008;65007;50660;50662;48037;5488;3674;43168;43167;166;36094;1901265;1901363;97159;9695;72330;46394;16053;44283;44711;9058;1901576;44249;9694;2213;9625;51707;43207;9605;50896;9607;51704;98542;6952;6950;3997;16634;16627;16491;3824;5777;42579;43231;43227;43226;5575;43229;44424;44464;5623;5622;44444;5737;9055;52890;3995;62;1901681;9555;48229;7275;44767;32502;44707;32501;48856;9611;9620;1676;9506;5911;30054;55044;46686;10038;10035;42221	3378	4382	2658	1938	2982.5	8391.5	1274.5	1389	5144	3396	1483.5	7924.5	6731.5	1800.5	5413.5	3976.5	494	1180.5	82.5	696	4833.5	4471.5	6624.5	6850.5	72158	3607.9
ORTHO004262	Protein of unknown function (DUF1624)	AT5G47900	8150;3674;5739;43231;43227;43226;5575;43229;44424;44464;5623;5622;44444;5737;5634	3379	5482	4439.5	5500	2982.5	5773	4244.5	2545	4045.5	5694	5973.5	3912.5	5740	1800.5	3936.5	6712.5	5032.5	3121	5502	6960	5422.5	5603	5295.5	5222.5	92536.5	4.626.825
ORTHO007324	Chlorophyll A-B binding family protein	AT1G44575	9534;31976;9579;44424;44464;5575;5623;5622;31984;44446;44422;43226;43229;43227;44435;44444;5737;9536;43231;44434;9507;9535;55035;42651;34357;16020;44436;9517;9503;98807;98796;43234;32991;44425;30076;9523;9521;10196;1990066;9416;9314;9628;50896;8150;16021;31224;10027;9668;44802;61024;16043;71840;9987;44763;44699;9657;6996;80167;51738;31409;5488;3674;19840;8289;16168;46906;1901363;97159	3380	1338	2114.5	849	4356	6986.5	2703	676	2645.5	3069.5	220.5	5600.5	6397.5	4415.5	5969	508.5	1221.5	6982	1961.5	3933	336	1910	3133.5	1371.5	60041	3002.05
ORTHO007797	S-ribonuclease binding protein 1	AT1G45976	31347;80134;48583;50789;65007;8150;5634;43231;43227;43226;5575;43229;44424;44464;5623;5622;16567;32446;70647;6464;36211;19538;43170;71704;8152;44238;43412;44267;44260;44237;9987;4842;19787;16740;3824;3674;8270;46914;46872;43169;43167;5488	3381	2374	5105.5	6830	4356	3386.5	9012.5	8635.5	8826	6327	397.5	6674.5	4044.5	8727.5	6280	7782	1678.5	8670	2487.5	1775	1460.5	7147.5	4806.5	2046	100165	5008.25
ORTHO008327	heat shock transcription factor A3	AT5G03720	3677;3676;1901363;5488;3674;97159;3700;1071;2001141;31326;9889;19222;50789;65007;8150;31323;50794;51252;19219;80090;51171;60255;10556;6355;1903506;10468;2000112;5634;43231;43227;43226;5575;43229;44424;44464;5623;5622;9408;9266;9628;50896;6950;10200;10243;9719;10033;42221;1901698;1901700;43565;6351;34645;44260;43170;71704;8152;44237;9987;9059;1901576;9058;44249;97659;32774;16070;90304;6139;46483;6725;1901360;34641;6807;44238;34654;19438;44271;18130;1901362;10467	3382	2713	5281	7180	4356	3557.5	8586	1963.5	1691	5808	9144.5	5053	8817.5	5307	693	1429.5	7411.5	7547.5	1942.5	8125.5	467.5	8434	8663.5	7997	102639.5	5.131.975
ORTHO005761	unknown protein	AT1G64405	10227;3006;32502;8150;22414;9838;7275;44767;44699;44707;32501;48437;44702;48569;48513;48856;48731;9908;90567;48608;61458;9791;48367;3674;5634;43231;43227;43226;5575;43229;44424;44464;5623;5622	3383	3259	4117.5	4852	2097	3750.5	4244.5	9111	132	4428.5	4265.5	5543	1352	5350.5	766.5	1429.5	7664	8875.5	2410	3146	1673.5	8888.5	8993	7266.5	89290.5	4.464.525
ORTHO004337	20S proteasome alpha subunit F2	AT1G47250;AT5G42790	5737;44424;44464;5575;5623;5622;6511;19941;51603;6508;19538;43170;71704;8152;8150;44238;44257;30163;9057;1901575;9056;44265;44260;44237;9987;44248;44267;43632;43161;10498;9506;5911;30054;55044;5886;16020;71944;10499;502;43234;32991;5829;44444;4175;70011;8233;16787;3824;3674;5839;46685;42221;50896	3384	2292	4144	4904	4356	7658.5	575	7762	6493	266	1623	679.5	1352	7996	9046	2476	831.5	6982	7950	326.5	8083.5	7683.5	8609.5	3179.5	89573	4478.65
ORTHO006239	unknown protein	AT3G04550;AT5G28500	9570;9532;44435;44444;44424;44464;5575;5623;5622;5737;44446;44422;43226;43229;9536;43231;43227;44434;9507;80158;70271;44085;71840;8150;3674	3385	4279	3018	2651	2982.5	1658.5	6514	3971	5144	4345.5	3792.5	4670	4398	4272	3936.5	6712.5	8446.5	3121	3032	4012.5	3454.5	696.5	678.5	4174.5	77030.5	3.851.525
ORTHO005296	golgi alpha-mannosidase II	AT5G14950	5768;43231;43227;43226;5575;43229;44424;44464;5623;5622;44444;5737;12505;4559;15923;4553;16798;16787;3824;3674;8152;8150;6491;9311;44723;5975;71704;44238;44710;44699;6487;6486;44763;9987;6464;36211;19538;43170;43412;44267;44260;44237;43413;70085;9101;9100;1901135;34645;9059;1901576;9058;44249;1901137;42538;9651;6970;9628;50896;6950;6972;5794;6517;139;98588;31090;16020;44422;44431;44446;5802;98791;31984;4572;15924;6013;19318;5996;44281;30246;5488;8270;46914;46872;43169;43167	3386	2329	4337.5	5289	1689.5	5704	3129.5	4133.5	8705	1233	1623	6171.5	1352	6088.5	2396.5	7419	2041	7728	7644	5816	7489.5	8687.5	3200.5	885.5	91447.5	4.572.375
ORTHO001816	BEL1-like homeodomain 1	AT2G35940	46982;46983;5515;5488;3674;5634;43231;43227;43226;5575;43229;44424;44464;5623;5622;5737;3677;3676;1901363;97159;10197;741;48284;6996;16043;71840;8150;9987;6997;9559;30154;48869;44767;32502;44699;44763;9561;44707;32501;9553;48229;7275;48856;6351;34645;44260;43170;71704;8152;44237;9059;1901576;9058;44249;97659;32774;16070;90304;6139;46483;6725;1901360;34641;6807;44238;34654;19438;44271;18130;1901362;10467;10201;10218;9639;9416;9314;9628;50896;3700;1071;2001141;31326;9889;19222;50789;65007;31323;50794;51252;19219;80090;51171;60255;10556;6355;1903506;10468;2000112;9610;9608;51707;43207;9605;9607;51704;9620;42803;42802;9737;9725;9719;10033;42221;33993;97305;1901700;1101	3387	6887	3592	3797	7662	7116	4872.5	4964	4740.5	6592	3596.5	2937.5	1352	2711.5	3936.5	3976.5	4548.5	2199.5	5851	5369.5	4226.5	4308.5	5021	5222.5	83542.5	4.177.125
ORTHO001852	Protein of unknown function; DUF538	AT1G09310;AT1G56580	8150;5634;43231;43227;43226;5575;43229;44424;44464;5623;5622;48046;5576;10090;904;902;32989;16043;71840;9987;9653;32502;48856;48869;44767;44699;44763;48468;30154;10026;90558;9888;90626;5737	3388	5242	2596.5	1805	5400	4530.5	8571.5	3021	2701	8647.5	5372	2851	3262	3497	5937	2914	3167.5	1311.5	3473	4473	1332.5	1277	3832.5	725.5	70897	3544.85
ORTHO008657	Pectin lyase-like superfamily protein	AT3G17060	42545;71555;45229;16043;71840;8150;9987;71554;5576;5575;45330;16788;16787;3824;3674;8152;9505;5618;30312;44464;5623;71944;30599;52689;45490;272;5976;5975;71704;44238;43170;16052;1901575;9056;9057;45488;10393	3389	3543	3826.5	4264	2097	1089	1011	3664	8564	7666.5	4508	1889	1352	6542.5	1266.5	7360.5	8370.5	8803	2223.5	3254	3110	8533	2713	4291.5	86211.5	4.310.575
ORTHO003777	B-cell receptor-associated protein 31-like	AT3G07190;AT5G48660	6886;15031;45184;51234;51179;8150;8104;33036;71702;6810;46907;51649;51641;34613;70727;9507;9536;43231;43227;43226;5575;43229;44424;44464;5623;5622;44444;5737;5783;12505;3674;16021;31224;44425;16020	3390	5012	5634	7878	2982.5	3154	4457	6573	5221.5	7539	3831.5	2467.5	3733	8072	7667.5	5325.5	6825	4400	2500.5	7080	7254	7215.5	7611.5	6949.5	107877.5	5.393.875
ORTHO000671_3	D-3-phosphoglycerate dehydrogenase	AT3G19480;AT4G34200	9570;9532;44435;44444;44424;44464;5575;5623;5622;5737;44446;44422;43226;43229;9536;43231;43227;44434;9507;9070;1901607;1901605;6520;1901564;71704;8152;8150;6807;19752;43436;6082;44281;44710;44699;44763;9987;44237;44238;8652;46394;16053;44283;44711;9058;1901576;44249;1901566;9069;5739;4617;16616;16614;16491;3824;3674;55114;5524;35639;1901265;1901363;5488;97159;43168;43167;32559;30554;17076;166;36094;32555;32553;97367;32550;32549;1882;1883;9555;48229;7275;44767;32502;44707;32501;48856;16020;9793;44702;22414;3006;9790;48316;48608;61458;48731;9791;10154;9561;9553	3391	5126	2957.5	2524	2982.5	4890.5	5382	7244.5	2202	3350	4251.5	7144.5	4865.5	2711.5	2023.5	5325.5	1266	6505.5	2972	3774.5	2533.5	2061	3581	4174.5	76259	3812.95
ORTHO008951	Encodes a plasma membrane localized LITAF domain protein that interacts with LSD1 and acts as a negative regulation of hypersensitive cell death.	AT5G13190	5515;5488;3674;34051;45824;31348;31347;80134;48583;50789;65007;8150;48585;48519;45088;50776;2682;50777;2683;43069;43067;10941;50794;60548;48523;10363;80135;5886;16020;5575;44464;5623;71944	3392	3553	2132.5	873	4356	8643	1410	3373	2849.5	6934	3879	6240	1352	4321	3265	6712.5	2506.5	3949	216	995	1105	371.5	199	2091	60412	3020.6
ORTHO006310	GroES-like zinc-binding dehydrogenase family protein	AT5G43940	51903;16616;16614;16491;3824;3674;8152;8150;55114;44710;44699;9611;6950;50896;46292;6081;71704;44763;9987;44237;44281;6069;6067;34308;6066;1901615;5777;42579;43231;43227;43226;5575;43229;44424;44464;5623;5622;44444;5737;80007;16657;16651;4022;10286;9408;9266;9628;8270;46914;46872;43169;43167;5488;5829;8219;16265;48316;48608;3006;32502;22414;48856;61458;48731;7275;44767;44707;32501;44702;9791;10154	3393	2556	3180.5	2968	1689.5	3154	1132	1709	460	2988	2653	551.5	8898	5223.5	599	1429.5	7469	8496.5	2764	3288	3110	8473.5	8827.5	7768	78994	3949.7
ORTHO007443	unknown protein	AT1G21370	8150;3674	3394	1366	2866.5	2339	1066.5	7051	2080	251.5	1545.5	1318	621.5	1576.5	1352	7996	9046	1073.5	6896.5	6919	5027.5	5002	981	7215.5	5826.5	3055	74834.5	3.741.725
ORTHO005230	Pentatricopeptide repeat (PPR) superfamily protein	AT1G18900;AT1G74750	5739;43231;43227;43226;5575;43229;44424;44464;5623;5622;44444;5737;9507;9536	3395	3923	3998	4601	5748	4561.5	4118.5	6741	6225	2684.5	1810	998	5740	3815.5	4233.5	6712.5	4252.5	3580	7435.5	5519.5	5061.5	4780.5	6854	2699.5	87823	4391.15
ORTHO000584_2	Leucine-rich repeat protein kinase family protein	AT1G67510	4674;4672;16301;16772;16740;3824;3674;8152;8150;16310;6796;6793;44237;9987;16773;6468;6464;36211;19538;43170;71704;44238;43412;44267;44260;5524;35639;1901265;1901363;5488;97159;43168;43167;32559;30554;17076;166;36094;32555;32553;97367;32550;32549;1882;1883;5886;16020;5575;44464;5623;71944;7169;7167;7166;7165;50794;50789;65007;51716;50896;7154;44763;44699;44700;23052	3396	1077	3459	3522	944.5	7363.5	888	641	2804.5	7620	4209.5	5572	8446	8936	6639	797.5	2213.5	6982	2442.5	1811	2971	6920	1661.5	3179.5	82098	4104.9
ORTHO007005	Late embryogenesis abundant protein (LEA) family protein	AT5G44310	9793;44702;22414;8150;44699;3006;32502;9790;44767;48856;7275;44707;32501;48316;48608;61458;48731;9791;10154	3397	3104	3600.5	3804	5552	4827.5	1881	6978.5	7455	2654.5	1623	743.5	1352	3815.5	5034.5	6712.5	4761	4253	4607.5	4392	6696	5213.5	7486	3103.5	83590	4179.5
ORTHO006206	unknown protein	AT5G16550	3674;5634;43231;43227;43226;5575;43229;44424;44464;5623;5622;8150;5783;44444;5737;12505	3398	3810	3362.75	3327.5	2097	8198	2328.5	2322	985	5183.5	2402	1810.5	1352	7213.5	7258.5	5325.5	4761	5368	2324.5	8721.5	1239.5	6952	2943	4291.5	80980	4049
ORTHO008388	thiaminC	AT2G29630	9507;9536;43231;43227;43226;5575;43229;44424;44464;5623;5622;44444;5737;9228;42724;19438;6725;44237;8152;8150;9987;44249;9058;42723;6767;6766;44281;44710;44699;6790;44763;72527;46483;1901360;71704;34641;6807;1901564;72528;44271;18130;1901362;1901576;1901566;44272;42364;9110;44283;44711;6772;3824;3674;9570;9532;44435;44446;44422;44434;10266;33273;7584;31667;9991;9605;50896;42221;14070;10033;10243;9719;1901698;80041;19144;16462;16818;16817;16787;51539;51536;51540;5488;9229;9108;51188;51186;6732;90407;19637;6793;42357;6796;16045;9617;51707;43207;9607;51704;98543;98581;9595;51606;46872;43169;43167;16829	3399	2742	3540	3681	4356	4662.5	1068	2392	1328.5	5874.5	2809.5	4670	6513.5	6764.5	7017.5	2476	8188.5	5886.5	4914	419.5	4384	5376	4451.5	3721	82917.5	4.145.875
ORTHO003580	Protein of unknown function; DUF584	AT3G15040	3674;8150;5634;43231;43227;43226;5575;43229;44424;44464;5623;5622	3400	5385	3505	3610	5552	3010.5	5535	4640	1994.5	8231.5	6173.5	7812.5	3180.5	2711.5	2163.5	3976.5	8562.5	2199.5	3575.5	4012.5	3978	3453.5	3162	4174.5	82547.5	4.127.375
ORTHO006053	Sugar isomerase (SIS) family protein	AT5G42740	4347;16861;16860;16853;3824;3674;8152;8150;5829;44444;44424;44464;5575;5623;5622;5737;46686;10038;10035;42221;50896;6094;6006;19318;5996;44723;5975;71704;44238;44710;44699;44281;19319;46364;44283;44711;9058;16051;1901576;6096;6090;32787;19752;43436;6082;44763;9987;44237;44724;44712;9056;16052;1901575;6757;6091;46031;9150;6163;72521;46483;6725;1901360;34641;6807;1901564;9117;6753;19637;6793;55086;6139;6796;9259;19693;1901135;9179;9185;9132;9135;9167;9161;9123;9126;46128;9119;9116;1901657;42278;46034;9205;9144;9141;9199;6165;46939;16310;46496;19362;6733;6732;51186;72524;9817;9814;98542;6952;6950;51707;43207;9605;9607;51704;45087;6955;2376;50832;9620	3401	3643	5626.5	7852	4356	4946.5	5955	7244.5	7561.5	334.5	8232.5	2197	6895.5	6971	7162	7782	737	5368	7281	2373.5	7052	7392.5	8290	3920	107696	5384.8
ORTHO005332	20S proteasome subunit PAA2	AT2G05840;AT5G35590	4175;70011;8233;16787;3824;3674;8152;8150;6508;19538;43170;71704;44238;43161;10498;51603;44257;30163;9057;1901575;9056;44265;44260;44237;9987;44248;44267;6511;19941;43632;10499;22626;44445;44444;44424;44464;5575;5623;5622;5737;5829;5840;30529;32991;43232;43228;43226;43229;5839;43234;502;5774;44437;44446;44422;5773;43231;43227;98588;31090;16020;98805;10043;10038;10035;42221;50896;1990267	3402	4196	5142	6882	2982.5	8007.5	5303	3987	1625	8118.5	3269.5	4991	6316	6389.5	6867.5	7782	4870.5	4507	335.5	5519.5	5061.5	6714	7729.5	3179.5	100573.5	5.028.675
ORTHO002374	clone eighty-four	AT3G44340;AT4G32640	139;98588;31090;16020;5575;44422;43226;43227;44431;44444;44424;44464;5623;5622;5737;44446;43229;5794;43231;12505;5789;44432;5783;44425;42175;8270;46914;46872;43169;43167;5488;3674;6888;16482;46907;6810;51234;51179;8150;51649;51641;48193;1902582;44765;1902578;44699;16192;33116;5793;30127;30120;30117;98796;43234;32991;48475;44433;31410;31982;30662;30659;12506;31988;16023;98805;30135;12507;30658;30133;30134;6979;6950;50896;5829;5215;6886;15031;45184;8104;33036;71702;34613;70727	3403	2568	1907	411	4356	4344.5	1204	4133.5	931	4051	4069.5	431	4738	3815.5	2702.5	1606	1396.5	5569	3352	971	1185	1277	3438.5	1263	50478.5	2.523.925
ORTHO007898	Arv1-like protein	AT1G01020;AT4G01510	32541;44448;44444;44424;44464;5575;5623;5622;5737;5938;71944;71782;98827;44432;44446;44422;43226;43229;5783;43231;43227;12505;31984;16125;6066;1901615;71704;8152;8150;44281;44710;44699;8202;1901360;6629;44238;6665;1901564;6807;6643;44255;44763;9987;44237;97036;7009;44802;61024;16043;71840;10256;97035;65008;65007;16020;5739;5794;32366;15918;15850;44765;6810;51234;51179;1902578;71702;6869;10876;33036;32365;1902582;46907;51649;51641;3674	3404	5578	5754	8104	2982.5	5684	1627	1912	6712.5	7722.5	7734.5	6614	7377.5	5862.5	1278.5	3976.5	7029	6183.5	7862.5	3037	6180.5	8182	8163.5	7075	110214.5	5.510.725
ORTHO004370	basic helix-loop-helix (bHLH) DNA-binding superfamily protein	AT4G38070	5737;44424;44464;5575;5623;5622;3677;3676;1901363;5488;3674;97159;3700;1071;2001141;31326;9889;19222;50789;65007;8150;31323;50794;51252;19219;80090;51171;60255;10556;6355;1903506;10468;2000112;5739;43231;43227;43226;43229;44444	3405	2411	2885.5	2366	4356	7932.5	5130.5	4133.5	1839.5	1233	2809.5	3872	6227	4415.5	3047.5	6712.5	8070.5	6085	394	2206.5	4103	1358.5	3449	2003.5	75023	3751.15
ORTHO004802	Pheophorbide a oxygenase family protein with Rieske [2Fe-2S] domain	AT1G44446	9535;55035;42651;34357;16020;5575;44436;44424;44464;5623;5622;9579;44435;44444;5737;44446;44422;43226;43229;9536;43231;43227;31976;31984;44434;9507;9534;5506;46914;46872;43169;43167;5488;3674;9706;9528;19866;31090;31967;31975;42170;9526;31969;9941;10277;16703;16701;16491;3824;8152;8150;55114;44710;44699;4497;15995;6779;51188;51186;44237;9987;44249;9058;6778;33013;46483;6725;1901360;71704;1901564;6807;33014;19438;44271;34641;18130;1901362;1901576;1901566;46148;42440;44711;44763;15994;16705;51537;51536;51540	3406	2250	4631	5856	4356	7721.5	3129.5	1855	2505.5	738	4322.5	5631.5	8675.5	5258.5	810.5	1429.5	1941.5	7934	8791.5	8863.5	8990	8310.5	2591	5007.5	94507	4725.35
ORTHO006655	unknown protein	AT3G53630	8150;5575;3674	3407	4309	2505	1603	5284	4581	1274.5	3652.5	2666	7298.5	4046	5257	4398	3815.5	5937	2914	2976.5	7493.5	3977	3146	1325	1090.5	2479	741	69068.5	3.453.425
ORTHO005552	unknown protein	AT3G21465;AT4G15640	3674;5739;43231;43227;43226;5575;43229;44424;44464;5623;5622;44444;5737;8150	3408	3408	3556.5	3705	4356	8997	2328.5	6573	5028	2591.5	6763.5	1198.5	5195	3815.5	3265	6712.5	4054.5	2199.5	188	6860	4668.5	3955.5	6194.5	2439.5	83028	4151.4
ORTHO004059	Eukaryotic aspartyl protease family protein	AT3G12700	5634;43231;43227;43226;5575;43229;44424;44464;5623;5622;4190;70001;70011;8233;16787;3824;3674;8152;8150;6508;19538;43170;71704;44238;4175;5576;10019;7165;50794;50789;65007;51716;9987;50896;7154;44763;44699;44700;23052;9507;9536;44444;5737;30163;9057;1901575;9056;5975	3409	4354	4687.5	5966	5938.5	4358	5643	3698.5	4100	8934.5	4435	7179.5	3674.5	7536	1677.5	7360.5	3493.5	6854.5	3904.5	3508	3978	7358	6194.5	1230.5	95118.5	4.755.925
ORTHO002038	phosphatidic acid phosphatase 1	AT2G01180;AT3G02600	9507;9536;43231;43227;43226;5575;43229;44424;44464;5623;5622;44444;5737;46839;30258;44255;6629;71704;8152;8150;44710;44699;44238;44763;9987;44237;16311;6796;6793;6644;19637;8195;16791;42578;16788;16787;3824;3674;5739;5886;16020;71944;7165;50794;50789;65007;51716;50896;7154;44700;23052;5887;31226;44459;44425;31224;16021;10224;9411;9416;9314;9628	3410	4494	4411	5412	5938.5	8909.5	7321	5957	4323	7916.5	5836	7760.5	5740	1800.5	3521.5	6712.5	3264.5	1669.5	188	5852	3604.5	2433.5	4085.5	5222.5	92118	4605.9
ORTHO006870	BEST Arabidopsis thaliana protein match is: 3'-5' exonuclease domain-containing protein / K homology domain-containing protein / KH domain-containing protein (TAIR:AT2G25910.2)	AT2G25920	3674;5634;43231;43227;43226;5575;43229;44424;44464;5623;5622;8150	3411	4317	5220.5	7030	2982.5	808	2791.5	446.5	8101	3610	2809.5	6344	6804.5	6764.5	8061.5	7782	5685	5221.5	2538	8364.5	2160.5	7259	8202.5	7792.5	101546.5	5.077.325
ORTHO001602	NagB/RpiA/CoA transferase-like superfamily protein	AT1G48970;AT2G44070;AT5G38640	5525;35639;1901265;1901363;5488;3674;97159;43168;43167;32550;32549;1882;36094;97367;1883;32561;19001;17076;166;32555;32553;5851;43234;32991;5575;44444;44424;44464;5623;5622;5737;6413;44237;8152;8150;9987;6412;43043;43604;43603;34641;6807;44271;44249;9058;6518;1901564;71704;1901566;1901576;44267;19538;43170;44238;44260;34645;9059;10467;3743;8135;3723;3676;5634;43231;43227;43226;43229;5085;98772;43547;43087;51336;50790;19222;50789;65007;65009;51345;43085;44093;9893;48518;45947;17148;10629;10605;9892;48519;60255;10468;6417;10608;32268;51246;80090;31323;50794;34248;51171;2000112;31326;9889;10556;34249;51172;31324;48523;2000113;31327;9890;10558;32269;51248;6446;16740;3824	3412	4738	5284	7156	2982.5	3296	6457.5	9176	2979	8934.5	4367.5	5903.5	1352	8210.5	5413.5	7419	8940	9112	8458.5	4727.5	2993.5	1910	1640	1167	102457.5	5.122.875
ORTHO007912	P-loop containing nucleoside triphosphate hydrolases superfamily protein	AT1G59540	5737;44424;44464;5575;5623;5622;5874;44430;44446;44422;43226;43229;5856;43232;43228;43234;32991;15630;5524;35639;1901265;1901363;5488;3674;97159;43168;43167;32559;30554;17076;166;36094;32555;32553;97367;32550;32549;1882;1883;3777;3774;17111;16462;16818;16817;16787;3824;8152;8150	3413	1985	2958	2503	4356	939.5	4758.5	3284.5	4953	1233	4551	5741.5	1352	9001	6687	7782	2277	7219.5	2487.5	586	1458	7567	2047.5	2166	76091.5	3.804.575
ORTHO002160	flavin-dependent monooxygenase 1	AT1G19250;AT5G45180	71456;36294;36293;70482;9628;50896;8150;71453;70887;42221;51716;9987;1666;6950;33554;10204;2218;2253;50778;48584;48518;50789;65007;48583;50776;2682;2684;2376;45089;31349;31347;80134;45088;7165;50794;7154;44763;44699;44700;23052;9627;9814;98542;6952;51707;43207;9605;9607;51704;45087;6955;50832;9620;9626;34050;12501;8219;16265;4497;16491;3824;3674;8152;55114;44710;42742;9617;9507;9536;43231;43227;43226;5575;43229;44424;44464;5623;5622;44444;5737;9870;50661;50662;48037;5488;166;36094;1901265;1901363;97159;4499;16709;16705;50660;43168;43167	3414	4213	2291.5	1169	5938.5	3949	5187.5	917.5	2338	4730	3879	485	4555.5	3815.5	1812.5	3976.5	3322.5	3121	2851	3721.5	4668.5	2433.5	3649	5222.5	64635.5	3.231.775
ORTHO005095	POD1 is involved in pollen tube guidence and early embryo patterning.	AT1G67960	10183;50918;6935;42330;40011;8150;9605;50896;42221;48868;3006;32502;22414;48856;9856;44703;51704;44706;32501;5788;70013;43233;31974;5575;44422;43226;44446;44424;44464;5623;5622;43229;44432;44444;5737;5783;43231;43227;12505;35437;51220;32507;51651;44763;9987;44699;51235;51179;65008;65007;1902578;51641;45185;8104;33036;34613;70727;72595;33365;70972;9790;44767;7275;44707;5634	3415	1792	2155.5	896	1281	961.5	1881	6978.5	597.5	1409.5	1623	679.5	1352	4560	6192.5	1830	4004	5221.5	4914	4473	5061.5	2677	4668	1644	60728	3036.4
ORTHO007396	sorting nexin 1	AT5G06140	9507;9536;43231;43227;43226;5575;43229;44424;44464;5623;5622;44444;5737;31902;10008;98588;31090;16020;44422;44440;44446;5768;12505;98805;5770;5794;5515;5488;3674;8333;16197;1902582;46907;6810;51234;51179;8150;51649;51641;44765;1902578;44699;16482;7041;7034;6623;1902580;6605;6886;15031;45184;8104;33036;71702;34613;70727;72665;33365;72666;72594;30904;98796;43234;32991;44425;48364;44767;32502;48513;48856;48731;7275;44707;32501;22622;35556;7165;50794;50789;65007;51716;9987;50896;7154;44763;44700;23052;5771;5829;10252;48878;42592;65008;9958;9630;9606;9605;9629;9628;6896;6892;48193;16192	3416	2915	4300.5	5185	4356	7516.5	5944	4312	5851.5	402.5	2539	4059.5	1352	6971	7195	7782	5329.5	5886.5	2778	1556.5	5265	6512.5	5762.5	3920	90935.5	4.546.775
ORTHO001795_2	Pectin lyase-like superfamily protein	AT1G23460;AT1G70500	4650;4553;16798;16787;3824;3674;8152;8150;5975;71704;44238;71555;45229;16043;71840;9987;71554;5576;5575;16829	3417	4217	4044.25	4671.5	5938.5	1227	7399.5	2322	7183.5	1058	6763.5	7888.5	5195	3815.5	3265	6712.5	562	3121	3792	6860	4668.5	3854	6040	6553	88280.5	4.414.025
ORTHO000627_1	Enoyl-CoA hydratase/isomerase family	AT4G29010	6635;9062;44242;16042;44712;9056;8152;8150;44710;44699;6629;71704;44238;1901575;44255;44763;9987;44237;44248;72329;46395;16054;44282;44281;6082;19752;43436;32787;6631;19395;34440;30258;55114;5777;42579;43231;43227;43226;5575;43229;44424;44464;5623;5622;44444;5737;9845;44707;32501;90351;9791;44767;32502;7275;8692;16856;16854;16853;3824;3674;4300;16836;16835;16829;9506;5911;30054;55044;9908;90567;48608;3006;22414;48856;61458;48731;44702;48367;4165;16863;16860;9507;9536;50662;48037;5488;9695;72330;46394;16053;44283;44711;9058;1901576;44249;9694;5618;30312;71944;3857;16616;16614;16491	3418	3318	3968.5	4519	5270.5	1658.5	5597.5	2460.5	7561.5	2235	1810	5763	1352	8511.5	8915.5	1307	324.5	7431.5	8354.5	4956.5	5779	7227.5	4806.5	1371.5	87423.5	4.371.175
ORTHO008875	RNA-processing; Lsm domain	AT1G24050	8150;3674	3419	4932	2992.5	2566	2982.5	4723.5	3129.5	5813.5	6225	2702	3639.5	536.5	5467.5	3283.5	3521.5	6712.5	7873	2199.5	3067.5	6555.5	3454.5	1466	1640	4484	76494.5	3.824.725
ORTHO002424	unknown protein	AT5G41761	8150;3674;5634;43231;43227;43226;5575;43229;44424;44464;5623;5622	3420	6221	6215.5	9011	7245.5	7482.5	3960	8453.5	8149.5	5628.5	8095	2553.5	7498	8378.5	8572	5325.5	7397	5626	8141.5	8818.5	8300	6714	1828	8332.5	129254	6462.7
ORTHO002133	unknown protein	AT4G37810	5576;5575;3674;8150	3421	5006	4286.5	5152	5938.5	2005.5	3327	6428.5	4387	6167	2290	6561.5	6071.5	1800.5	4705.5	6712.5	3682	2199.5	6700.5	6467.5	4103	5924	5171.5	6057.5	90762	4538.1
ORTHO003250	Nucleotide-diphospho-sugar transferases superfamily protein	AT1G64980	5829;44444;44424;44464;5575;5623;5622;5737;16740;3824;3674;8152;8150;9860;44702;22414;44699;904;902;32989;16043;71840;9987;9653;32502;48856;48869;44767;44763;48468;30154;3006;48588;48589;40007;16049;9932;9826;60560;48868;9856;44703;51704;44706;32501;5634;43231;43227;43226;43229;9846;44707;7338;9566;19953;3	3422	2686	2072.5	723	1812	994.5	3628.5	1709	1691	698.5	744	705.5	6071.5	3815.5	5254.5	1830	3891.5	5221.5	4756.5	3797	4519	2328.5	4564	1580.5	57801	2890.05
ORTHO004057	NAD(P)-binding Rossmann-fold superfamily protein	AT2G37660;AT5G02240	9570;9532;44435;44444;44424;44464;5575;5623;5622;5737;44446;44422;43226;43229;9536;43231;43227;44434;9507;9579;42742;9617;51707;43207;9605;50896;8150;9607;51704;98542;6952;6950;5507;46914;46872;43169;43167;5488;3674;48046;5576;5774;44437;5773;98588;31090;16020;98805;5886;71944;9737;9725;9719;10033;42221;33993;97305;1901700;1101;5829	3423	3573	2827.5	2232	2097	1089	2791.5	6142.5	7183.5	295	1810	1198.5	1352	3815.5	3265	6712.5	8387	3121	3857.5	5852	4668.5	3955.5	6194.5	2439.5	74130.5	3.706.525
ORTHO000639	Glycosyl hydrolase superfamily protein	AT3G10890;AT3G10900;AT3G30540;AT3G47840;AT5G66460	71585;61687;98754;8152;8150;9636;42221;50896;1990170;97501;10038;10035;6950;46686;48046;5576;5575;16985;4567;15923;4553;16798;16787;3824;3674;46355;10412;44264;5976;5975;71704;44238;43170;44260;44237;9987;44262;44036;71554;16998;44248;9056;44247;272;16052;1901575;9057;44275;5739;43231;43227;43226;43229;44424;44464;5623;5622;44444;5737;71944;9845;44707;32501;44699;90351;9791;44767;32502;7275	3424	5132	2469.5	1515	1551	5684	5261.5	7588.5	8705	5874.5	3702.5	1889	1352	3374	4842.5	1339	2530	1425.5	3445.5	3184	3110	1228	3311.5	509	68356	3417.8
ORTHO008497	Bifunctional inhibitor/lipid-transfer protein/seed storage 2S albumin superfamily protein	AT2G48140	31225;31224;44425;5575;16020;9561;44767;32502;8150;44699;44707;32501;9553;48229;7275;48856;6869;44765;6810;51234;51179;1902578;71702;10876;33036;8289;5488;3674	3425	6962	5769	8113	7947.5	5432.5	8221	4964	6225	7916.5	7382.5	8397	7743	2711.5	3521.5	5325.5	4761	2199.5	5851	6555.5	6180.5	4308.5	7335	5222.5	110253.5	5.512.675
ORTHO001718	Protein kinase superfamily protein	AT2G45590;AT4G25390;AT5G51770	6468;16310;6796;6793;44237;8152;8150;9987;6464;36211;19538;43170;71704;44238;43412;44267;44260;4672;16301;16772;16740;3824;3674;16773;5886;16020;5575;44464;5623;71944;5524;35639;1901265;1901363;5488;97159;43168;43167;32559;30554;17076;166;36094;32555;32553;97367;32550;32549;1882;1883	3426	5567	4165.5	4905	2982.5	6529	3628.5	6428.5	3914.5	1709.5	6343	3422.5	3577.5	1800.5	4705.5	3976.5	693.5	3750.5	6700.5	7871	6180.5	5924	6040	6379.5	89575	4478.75
ORTHO007148	Oligosaccharyltransferase complex/magnesium transporter family protein	AT1G61790	5576;5575;5515;5488;3674;5783;43231;43227;43226;43229;44424;44464;5623;5622;44444;5737;12505;6487;6486;44763;9987;8150;44699;6464;36211;19538;43170;71704;8152;44238;43412;44267;44260;44237;43413;70085;44723;5975;44710;9101;9100;1901135;34645;9059;1901576;9058;44249;1901137;9507;9536;8250;98796;43234;32991;44425;16020;44432;44446;44422;1990234;1902494;5789;98588;31090;42175;5886;71944;16021;31224;15157;15144;22891;22857;5215;6810;51234;51179;55085;44765;1902578;22892;1901476;8643;71702;34219;15772	3427	4324	6070	8713	5938.5	7677.5	3327	7290.5	8688.5	2615.5	2290	6316	7031	6971	7667.5	7782	737	5368	7353.5	8632.5	7254	7358	7868.5	8062	120290	6014.5
ORTHO003365	ARM repeat superfamily protein	AT1G50890;AT4G27060	9507;9536;43231;43227;43226;5575;43229;44424;44464;5623;5622;44444;5737;5874;44430;44446;44422;5856;43232;43228;43234;32991;15630;8150;10005;55028;44448;5938;71944;5881;30981;30863;7275;44767;32502;44699;44707;32501;9826;902;32989;16043;71840;9987;9653;48856;48869;44763;60560;48589;40007;16049;8017;32403;44877;5488;3674;5515;15631;8092;10031;50879	3428	1661	3231.5	3035	1281	3632	4835.5	2392	2202	4399	1414	4752.5	1352	7387.5	8276	7782	7615.5	5569	1440.5	3431	4321	3609.5	3061.5	1825	79297.5	3.964.875
ORTHO002593	aminoalcoholphosphotransferase 1	AT1G13560;AT3G25585	46872;43169;43167;5488;3674;4142;17169;16780;16772;16740;3824;8152;8150;6657;6656;46470;97164;6807;42439;6066;1901615;71704;44281;44710;44699;44763;9987;6576;44106;9308;1901564;34641;44237;6650;6644;19637;6793;44255;6629;44238;6796;46486;46474;45017;8610;1901576;9058;44711;44249;8654;90407;46165;1901617;44283;1901566;5794;43231;43227;43226;5575;43229;44424;44464;5623;5622;44444;5737;12505;6646;46337;16020;30572;4307;16021;31224;44425	3429	1211	1773.5	118	1436	159.5	444.5	1114.5	1545.5	2496	1312.5	1779	6071.5	4295.5	5746.5	1144	2213.5	2199.5	2809	483.5	3284.5	822	137	229.5	38287.5	1.914.375
ORTHO003927	glycosyltransferase 18	AT5G62220	9969;9250;33692;271;5976;5975;71704;8152;8150;44238;43170;16051;44723;44710;44699;1901576;9058;44711;9059;34637;44262;44237;9987;44763;44249;44264;44260;34645;6073;44042;10411;10410;10383;44036;71554;5794;43231;43227;43226;5575;43229;44424;44464;5623;5622;44444;5737;12505;3824;3674;8378;16758;16757;16740;16020	3430	3983	2502	1574	2097	1554	6755	5348	4645.5	7782	3831.5	587.5	1352	4277	1910.5	6712.5	8092	1921.5	3011	4727.5	3391.5	762.5	807.5	1371.5	68840.5	3.442.025
ORTHO006307	Pathogenesis-related thaumatin superfamily protein	AT5G24620	51707;43207;9605;50896;8150;9607;51704;5576;5575	3431	5285	3923	4415	6194	1500	3960	5698.5	6584	789	1483.5	3912.5	5740	2711.5	4462	6712.5	5194	3580	5851	7299	5637	5603	4632	5601	86950.5	4.347.525
ORTHO000309_2	Actin-binding FH2 (Formin Homology) protein	AT2G25050;AT3G32400;AT5G58160	5737;44424;44464;5575;5623;5622;3779;8092;5515;5488;3674;4721;16791;42578;16788;16787;3824;8152;8150;16311;6796;6793;44237;9987;6470;6464;36211;19538;43170;71704;44238;43412;44267;44260;9507;9536;43231;43227;43226;43229;44444	3432	4121	2959.5	2487	2375	1089	6021	3608	3668.5	7035	4231	528	1352	5702	1109.5	6712.5	2489	7659.5	1118.5	3483.5	287	8260	2696.5	8923.5	75974	3798.7
ORTHO006178	Acyl-CoA N-acyltransferases (NAT) superfamily protein	AT2G38130	5737;44424;44464;5575;5623;5622;8152;8150;8080;16410;16747;16746;16740;3824;3674;16407;4596;34212	3433	2620	4562.5	5692	4356	3632	5075.5	4251.5	4045.5	5041	8910.5	4779	6513.5	6764.5	7017.5	7782	1482.5	5518	1004.5	3600	4103	5376	5081	3565	93542.5	4.677.125
ORTHO004690	2A phosphatase associated protein of 46 kD	AT5G53000	9409;9266;9628;50896;8150;6950;34047;43666;10921;35304;31399;32268;51246;80090;19222;50789;65007;60255;31323;50794;35303;19220;51174;51336;50790;65009;5829;44444;44424;44464;5575;5623;5622;5737;8601;19888;19208;30234;98772;3674	3434	4786	5625	7816	2982.5	7694	3224.5	7244.5	1916	6156.5	8232.5	1889	1352	8758	8471.5	5325.5	562	5368	7281	8935	1219.5	7637.5	8348.5	7721.5	107337	5366.85
ORTHO007842	SNARE-like superfamily protein	AT4G10170	6810;51234;51179;8150;5886;16020;5575;44464;5623;71944	3435	1914	4921.5	6408	4356	8345	2951	7372.5	8053.5	2615.5	982	1198.5	7743	7536	8638.5	2476	5962.5	5886.5	1359	5002	5903.5	6648	6709	2229	97611	4880.55
ORTHO005305	ubiquitin-specific protease 14	AT3G20630	9793;44702;22414;8150;44699;3006;32502;9790;44767;48856;7275;44707;32501;48316;48608;61458;48731;9791;10154;16579;70646;70647;6464;36211;19538;43170;71704;8152;44238;43412;44267;44260;44237;9987;6508;48767;60560;48589;40007;9653;48588;16049;44763;48468;48869;30154;80147;48765;10053;90627;10015;48364;48513;22622;90558;9888;48764;48469;21700;10054;4843;19783;8234;70011;8233;16787;3824;3674;36459;5829;44444;44424;44464;5575;5623;5622;5737	3436	1955	5995.5	8555	4356	7932.5	3758	2460.5	2202	3267	9164	4566	8754.5	4969	599	1429.5	7698.5	8150.5	9043	8975	8967.5	8840	9093.5	6883	116753	5837.65
ORTHO003790	Tetratricopeptide repeat (TPR)-like superfamily protein	AT1G02370;AT4G01990	5739;43231;43227;43226;5575;43229;44424;44464;5623;5622;44444;5737;8150;3674	3437	3740	2751.75	2066.5	4356	273.5	2080	1912	6225	6223	1981	1198.5	1352	3815.5	3265	6712.5	4252.5	3580	4016	7299	5061.5	4525.5	6709	2575	73056.5	3.652.825
ORTHO000943_2	ERECTA-like 2	AT5G07180;AT5G62230	48481;3006;32502;8150;22414;48856;35670;48608;61458;48731;7275;44767;44699;44707;32501;48440;48827;48367;48437;44702;48569;48513;9908;90567;9791;48467;48438;9553;48229;16301;16772;16740;3824;3674;8152;16310;6796;6793;44237;9987;10103;90626;9653;90558;9888;9886;10016;10374;16020;5575;5576	3438	3536	5591.5	7745	4356	1658.5	6630.5	7084	1328.5	8535.5	7886	4779	6316	6601.5	6867.5	7782	5108	4673.5	5027.5	3528.5	5061.5	6859.5	7774	3238	106739.5	5.336.975
ORTHO004284	Peptidase M20/M25/M40 family protein	AT4G17830	8777;16811;16810;16787;3824;3674;8152;8150;19213;8237;70011;8233;6508;19538;43170;71704;44238;46872;43169;43167;5488;6526;9084;1901607;1901605;6520;1901564;6807;19752;43436;6082;44281;44710;44699;44763;9987;44237;8652;46394;16053;44283;44711;9058;1901576;44249;1901566;9064;6525;5829;44444;44424;44464;5575;5623;5622;5737	3439	1486	2597	1755	4356	2672	6395	1204.5	1625	4836.5	1082.5	551.5	1352	7699.5	8726.5	2476	1189	6330	6785	616.5	822	6791.5	6989	2382	70526	3526.3
ORTHO002123	dehydration-induced protein (ERD15)	AT2G41430	5515;5488;3674;9414;9415;9628;50896;8150;1101;42221;10035;1901700;6950;9617;51707;43207;9605;9607;51704;9644;9642;9416;9314;5737;44424;44464;5575;5623;5622	3440	3678	4026	4612	4356	7516.5	2791.5	3367	1328.5	3955	3136.5	6908.5	1352	6971	7129	5325.5	6955.5	5626	7281	8397.5	349.5	4067	1594	3841	87892.5	4.394.625
ORTHO001644	thioredoxin M-type 1	AT1G03680;AT3G15360;AT4G03520	43086;44092;65009;65007;8150;50790;19222;50789;9892;48519;43085;44093;9893;48518;9507;9536;43231;43227;43226;5575;43229;44424;44464;5623;5622;44444;5737;9579;8047;30234;98772;3674;9570;9532;44435;44446;44422;44434;10319;9526;31967;31975;9409;9266;9628;50896;6950;48046;5576;4857;6979;9941;6109;80090;9735;9725;9719;10033;42221;9535;55035;42651;34357;16020;44436;31976;31984;9534;5618;30312;71944;5829;5515;5488	3441	6704	3898	4355	3558	505	7203.5	2903.5	2338	8934.5	6173.5	6929	7121	2711.5	2702.5	5325.5	8542.5	2558	4968.5	7498.5	1982	1613	2171	4484	86665	4333.25
ORTHO001037	Myosin heavy chain-related protein	AT1G22260;AT1G22275;AT3G12170;AT5G06910	5634;43231;43227;43226;5575;43229;44424;44464;5623;5622;51301;44763;9987;8150;44699;7131;35825;6310;6259;44260;43170;71704;8152;44237;90304;6139;46483;6725;1901360;34641;6807;44238;1903046;22402;7049;51321;3;44710;7127;7126;280;48285;6996;16043;71840;1902589;7129;70192;51276;45143;45132;98813;7059;795;44454;44427;44446;44422;5694;43232;43228;44428;228;31981;70013;43233;31974;794;793;5515;5488;3674;5737;6457	3442	3136	6005.5	8569	4356	8169	7547	397	8467	4424	1312.5	1070.5	7743	7536	7487.5	7782	6099.5	6854.5	8281	309.5	8300	7923.5	8641.5	8718	117063	5853.15
ORTHO007125	Pleckstrin homology (PH) domain superfamily protein	AT4G11790	46907;6810;51234;51179;8150;51649;51641;3674;5634;43231;43227;43226;5575;43229;44424;44464;5623;5622	3443	1232	1992	541	4356	361.5	3327	3123	2924.5	184	2402	5720.5	6397.5	4486	6092	508.5	1980.5	6217	2922	3418	538	997	545.5	1454.5	53599	2679.95
ORTHO002505	Ribosomal L29e protein family	AT3G06680;AT3G06700	22625;15934;44391;30529;32991;5575;44424;44464;5623;5622;44444;5737;44446;44422;43226;43229;5840;43232;43228;44445;5829;22626;6412;43043;43604;43603;34641;6807;8152;8150;44237;9987;44271;44249;9058;6518;1901564;71704;1901566;1901576;44267;19538;43170;44238;44260;34645;9059;10467;42254;22613;44085;71840;3735;5198;3674;2181;5730;44428;5634;43231;43227;31981;70013;43233;31974;44822;3723;3676;1901363;5488;97159	3444	5225	3484	3524	5307.5	1959	4785	5813.5	3875	6524	4357	5823	4281	7600	8254	2821	3284	7181.5	4663	2033	4023	1466	2603	757.5	82103.5	4.105.175
ORTHO008429	minichromosome maintenance (MCM2/3/5) family protein	AT5G44635	5515;5488;3674;7049;44763;9987;8150;44699;5524;35639;1901265;1901363;97159;43168;43167;32559;30554;17076;166;36094;32555;32553;97367;32550;32549;1882;1883;6270;6259;44260;43170;71704;8152;44237;90304;6139;46483;6725;1901360;34641;6807;44238;6261;6260;34645;9059;1901576;9058;44249;790;785;44427;44446;44422;5575;43226;44424;44464;5623;5622;43229;5694;43232;43228;32991;44454;44428;5634;43231;43227;228;31981;70013;43233;31974;6268;32508;32392;71103;51276;6996;16043;71840;8283;46872;43169;347;43234;3677;3676;8094;42623;16887;17111;16462;16818;16817;16787;3824	3445	2823	2546.5	1648	4356	3253	3025	488	7455	2025.5	8701	444.5	5338.5	3815.5	4705.5	6712.5	2552.5	4809.5	692	4060.5	3719.5	1566.5	3534.5	2522	69421	3471.05
ORTHO001725	cytosolic ribosomal protein S15	AT1G04270;AT5G09500;AT5G09510	5774;44437;44444;44424;44464;5575;5623;5622;5737;44446;44422;43226;43229;5773;43231;43227;98588;31090;16020;98805;22626;44445;5829;5840;30529;32991;43232;43228;15935;44391;22627;6412;43043;43604;43603;34641;6807;8152;8150;44237;9987;44271;44249;9058;6518;1901564;71704;1901566;1901576;44267;19538;43170;44238;44260;34645;9059;10467;5886;71944;3735;5198;3674;9506;5911;30054;55044;3723;3676;1901363;5488;97159;5730;44428;5634;31981;70013;43233;31974;9507;9536	3446	4030	3880.5	4315	2097	8358.5	4341	3515	597.5	821	3917	8038	1352	6764.5	6867.5	7782	2133.5	4982.5	6835.5	7692.5	1257.5	5059	3040	3103.5	86458	4322.9
ORTHO007765	unknown protein	AT5G43150	5739;43231;43227;43226;5575;43229;44424;44464;5623;5622;44444;5737;8150;3674	3447	4751	5746	8045	5938.5	8007.5	5105.5	3108.5	2666	5439.5	9114	7343	1352	6047	1040.5	3976.5	8801.5	7471.5	8593.5	8987	2737	8330.5	2669.5	8795.5	109586	5479.3
ORTHO000842_1	P-loop containing nucleoside triphosphate hydrolases superfamily protein	AT5G08610;AT5G08620;AT5G63630	4004;8186;42623;16887;17111;16462;16818;16817;16787;3824;3674;8152;8150;3724;4386;8026;70035;10501;16070;44260;43170;71704;44237;9987;90304;6139;46483;6725;1901360;34641;6807;44238;9507;9536;43231;43227;43226;5575;43229;44424;44464;5623;5622;44444;5737;9409;9266;9628;50896;6950;5634;9651;6970;3723;3676;1901363;5488;97159;9414;9415;1101;42221;10035;1901700;5739	3448	1192	1855	262	1066.5	3027.5	7047	103	1133	1777	621.5	1422	1352	4766.5	6464.5	136	1396.5	5992	2754	2156.5	569	1827.5	1705	1615.5	45866	2293.3
ORTHO001444	ETHYLENE-INSENSITIVE3-like 1	AT2G27050;AT3G20770	5515;5488;3674;6355;1903506;2001141;31326;9889;19222;50789;65007;8150;31323;50794;51252;19219;80090;51171;60255;10556;10468;2000112;6351;34645;44260;43170;71704;8152;44237;9987;9059;1901576;9058;44249;97659;32774;16070;90304;6139;46483;6725;1901360;34641;6807;44238;34654;19438;44271;18130;1901362;10467;42742;9617;51707;43207;9605;50896;9607;51704;98542;6952;6950;9873;160;35556;7165;51716;7154;44763;44699;44700;23052;9755;32870;9725;9719;10033;42221;71495;71310;70887;71369;9723;5634;43231;43227;43226;5575;43229;44424;44464;5623;5622;3700;1071;3677;3676;1901363;97159;71281;10039;10038;10035;1990267;71248;71241;1666;36293;70482;9628;10182;9756;71322;1901701;1901700;9743;44212;975;1067	3449	5174	6083.5	8718	2982.5	7051	5673.5	2750.5	7831	5702	7594	7343	3784.5	8210.5	7804.5	6712.5	4638.5	5368	7742	4904	4833.5	7470	7868.5	7161.5	120443	6022.15
ORTHO002105	L-O-methylthreonine resistant 1	AT3G10050	4794;16841;16840;16829;3824;3674;8152;8150;9507;9536;43231;43227;43226;5575;43229;44424;44464;5623;5622;44444;5737;9097;9082;9081;6520;1901564;71704;6807;19752;43436;6082;44281;44710;44699;44763;9987;44237;44238;8652;46394;16053;44283;44711;9058;1901576;44249;1901566;6549;1901605;1901607;6566;9066	3450	2435	3450.5	3451	1689.5	3489.5	4928.5	3758.5	3504.5	3718.5	1623	7598.5	1352	5684.5	1223	6712.5	1155.5	8645	2851	8025.5	3060.5	8127.5	2479	3771.5	81708.5	4.085.425
ORTHO003808	Galactose-binding protein	AT1G22882;AT1G71360	3674;5634;43231;43227;43226;5575;43229;44424;44464;5623;5622;5635;44428;44446;44422;31967;31975;12505;8150;5783;44444;5737;6997;6996;16043;71840;9987	3451	4211	3240.5	3030	2982.5	2295.5	5873	5439.5	2465.5	6498.5	5788.5	4949	4444	3815.5	3521.5	6712.5	3209	2199.5	5128	2185	3511.5	2433.5	3997.5	4801	79268	3963.4
ORTHO002814	phosphatidylinositol 4-OH kinase beta2	AT5G09350;AT5G64070	4430;52742;16301;16772;16740;3824;3674;8152;8150;16310;6796;6793;44237;9987;16773;46854;46488;6650;6644;19637;71704;44255;6629;44710;44699;44238;44763;46486;46834;30258;48768;904;902;32989;16043;71840;9653;32502;48856;48869;44767;48468;30154;9932;9826;60560;48589;40007;16049;48767;48588;80147;48765;10053;90627;10015;48364;48513;48731;7275;44707;32501;22622;90558;9888;48764;48469;21700;10054;6661;46474;45017;8610;1901576;9058;44711;44249;8654;90407;9860;44702;22414;3006;48868;9856;44703;51704;44706;9507;9536;43231;43227;43226;5575;43229;44424;44464;5623;5622;44444;5737;48015;48017;35556;7165;50794;50789;65007;51716;50896;7154;44700;23052;16020;5634;5515;5488;30659;12506;31090;44422;31988;31982;44433;44446;31410;16023;5829;35619;44463;42995;35618;43424;19901;19900;19899;5886;71944;17137;17016;31267;51020	3452	4575	4730	6008	2982.5	7116	2328.5	6142.5	5994	1282.5	8606.5	3218	6617.5	310.5	5254.5	3300	6409	3949	7042	6860	4668.5	3754	5902.5	6553	95308.5	4.765.425
ORTHO007519	FKBP-like peptidyl-prolyl cis-trans isomerase family protein	AT1G18170;AT1G73655	9543;31978;31977;44436;44424;44464;5575;5623;5622;9579;44435;44444;5737;44446;44422;43226;43229;9536;43231;43227;31976;31984;44434;9507;9534;413;18208;18193;6464;36211;19538;43170;71704;8152;8150;44238;43412;44267;44260;44237;9987;3755;16859;16853;3824;3674;9535;55035;42651;34357;16020;5528;5527;1901363;5488;97159;8144;6457	3453	3286	3378.5	3304	2097	8968.5	1011	2876.5	1545.5	2496	3879	5150	1352	5411.5	810.5	3976.5	1660	7597	4795.5	1291.5	8663	8644	3581	7161.5	80870.5	4.043.525
ORTHO006155	RING/U-box superfamily protein	AT2G15580	8270;46914;46872;43169;43167;5488;3674;5634;43231;43227;43226;5575;43229;44424;44464;5623;5622;5739;44444;5737	3454	3862	2888	2322	4356	1227	2881	6142.5	1839.5	3679.5	8675.5	1198.5	5195	3815.5	3265	6712.5	4054.5	3121	3857.5	4012.5	4668.5	3609.5	4366	2439.5	74760.5	3.738.025
ORTHO003718	Bifunctional inhibitor/lipid-transfer protein/seed storage 2S albumin superfamily protein	AT1G55260	5634;43231;43227;43226;5575;43229;44424;44464;5623;5622;6869;44765;6810;51234;51179;8150;1902578;44699;71702;10876;33036;5886;16020;71944;31225;31224;44425;8289;5488;3674	3455	2234	3033.5	2612	4356	8214	1938.5	1013.5	702.5	1926.5	1810	100.5	1352	7850	8893	2476	8711.5	6265.5	1189.5	5519.5	6810.5	5924	1498	4586.5	76781.5	3.839.075
ORTHO003363	PLC-like phosphodiesterases superfamily protein	AT1G74210;AT5G08030	6629;71704;8152;8150;44710;44699;44238;8889;8081;42578;16788;16787;3824;3674;5576;5575;5773;43231;43227;43226;43229;44424;44464;5623;5622;44444;5737;6071;19400;44723;5975;44262;44237;9987;19751;6066;1901615;44281;44763;5618;30312;71944;5886;16020	3456	2117	2762	2068	5121	7116	6107	2392	9004	1674	3702.5	1658	1352	5481.5	915	1239.5	191	7446.5	8310	757.5	5265	8091	1538	819.5	73060	3653
ORTHO001889	PLC-like phosphodiesterases superfamily protein	AT1G49740;AT3G19310;AT4G36945	8081;42578;16788;16787;3824;3674;8152;8150;9506;5911;30054;5575;55044;5886;16020;44464;5623;71944;6629;71704;44710;44699;44238;16310;6796;6793;44237;9987;16301;16772;16740	3457	5313	6075	8693	2982.5	2931.5	4118.5	6741	8359.5	3861.5	7594	5435.5	1352	8210.5	7804.5	5325.5	7006	5101.5	7042	8632.5	7568	7441	7818	7453	119796	5989.8
ORTHO005945	pathogenesis related homeodomain protein  A	AT4G29940	3677;3676;1901363;5488;3674;97159;5634;43231;43227;43226;5575;43229;44424;44464;5623;5622;45893;10628;10604;9893;48518;50789;65007;8150;19222;60255;10468;1903508;1903506;2001141;31326;9889;31323;50794;51252;19219;80090;51171;10556;1902680;51254;45935;31325;48522;51173;31328;9891;10557;6355;2000112;9733;9725;9719;50896;10033;42221;5515;8270;46914;46872;43169;43167;3700;1071;6351;34645;44260;43170;71704;8152;44237;9987;9059;1901576;9058;44249;97659;32774;16070;90304;6139;46483;6725;1901360;34641;6807;44238;34654;19438;44271;18130;1901362;10467;43565;6952;6950	3458	1628	4092.5	4727	4356	6832.5	2703	1204.5	800	1123	982	6120	7743	7699.5	8726.5	2476	1189	6330	6109.5	4473	7925	6791.5	7048.5	2382	88658.5	4.432.925
ORTHO006705	endoplasmic reticulum-adenine nucleotide transporter 1	AT5G17400	5743;19866;31090;16020;5575;44422;43226;43227;44424;44464;5623;5622;31967;31975;44446;43229;31966;44429;44444;5737;5739;43231;5740;1901679;55085;44763;9987;8150;44699;44765;6810;51234;51179;1902578;6862;15748;71702;15931;71705;48316;48608;3006;32502;22414;48856;61458;48731;7275;44767;44707;32501;44702;9791;10154;98656;6820;6811;34220;48367;5471;5347;295;15216;15215;15605;1901677;22857;5215;3674;15932;22891;22892;15865;51503;5346;1901505;1901264;15211;5337;1901642;15858;15860;72530;8514;8509;15075;15711;15867;15868;15217;15866;15301;15297;15291;22804;5789;98588;44432;5783;12505;44425;42175;16021;31224;48364;48513;22622	3459	1843	3074	2689	4356	8627.5	512	2044	344	7407.5	354.5	1389.5	3467	6047	5907.5	2080.5	7513	9022	5851	4392	2573	6512.5	2713	535	77292.5	3.864.625
ORTHO005589	S-adenosyl-L-methionine-dependent methyltransferases superfamily protein	AT4G36470	32259;8152;8150;8757;8168;16741;16740;3824;3674;5634;43231;43227;43226;5575;43229;44424;44464;5623;5622	3460	5645	2291.5	1123	5651.5	5650.5	6039	3301	3991.5	1970.5	3702.5	4467	4865.5	3374	4705.5	3296	4054.5	1425.5	3265	1835.5	3354	1132	3236.5	319.5	63985.5	3.199.275
ORTHO001350	RGPR-related	AT5G47480;AT5G47490	5795;98791;44431;44444;44424;44464;5575;5623;5622;5737;44446;44422;43226;43229;5794;43231;43227;12505;31984;3674;15031;45184;51234;51179;8150;8104;33036;71702;6810;5783;5634;48208;6901;16050;6996;16043;71840;9987;6900;61024;16192;6461;65003;43933;22607;44085;71822;70271;90114;1902580;51641;1902578;44699;1902591;44802;44763;1902589;1902582;46907;51649;44765;51668;6888;16482;48193;48207;48199;6903;51650;51648;51640;51656	3461	3427	2299	1137	1522.5	1839.5	2703	2322	2069	6733	5440	1708.5	3441.5	3497	4462	2914	3016.5	5944.5	3944	5160	3222	1827.5	3393.5	579	64216.5	3.210.825
ORTHO003514	unknown protein	AT5G46030	6355;1903506;2001141;31326;9889;19222;50789;65007;8150;31323;50794;51252;19219;80090;51171;60255;10556;10468;2000112;6351;34645;44260;43170;71704;8152;44237;9987;9059;1901576;9058;44249;97659;32774;16070;90304;6139;46483;6725;1901360;34641;6807;44238;34654;19438;44271;18130;1901362;10467;46872;43169;43167;5488;3674;5634;43231;43227;43226;5575;43229;44424;44464;5623;5622	3462	4333	2862.5	2263	5284	4216	5873	8064.5	2505.5	5300	5372	4779	4398	3497	5937	2080.5	2976.5	5886.5	3529	1900	3131	1277	2928	725.5	74376	3718.8
ORTHO007473	unknown protein	AT5G64180	5634;43231;43227;43226;5575;43229;44424;44464;5623;5622;8150;3674	3463	2882	4192	4921	2097	8708	89	2114.5	4687.5	8934.5	7040	6171.5	3695.5	6764.5	6937	7782	7860.5	8428.5	2632.5	1129.5	202.5	1466	1263	3721	89627.5	4.481.375
ORTHO005339	NAC (No Apical Meristem) domain transcriptional regulator superfamily protein	AT1G25580	77;6974;33554;51716;9987;8150;50896;6950;31570;75;22402;44763;44699;7049;5634;43231;43227;43226;5575;43229;44424;44464;5623;5622;3677;3676;1901363;5488;3674;97159;7275;44767;32502;44707;32501;3700;1071;2001141;31326;9889;19222;50789;65007;31323;50794;51252;19219;80090;51171;60255;10556;6355;1903506;10468;2000112;40020;51783;33043;51128;51302;10564;51726;51445;6351;34645;44260;43170;71704;8152;44237;9059;1901576;9058;44249;97659;32774;16070;90304;6139;46483;6725;1901360;34641;6807;44238;34654;19438;44271;18130;1901362;10467;10332;10212;9314;9628	3464	3694	2649.5	1835	2097	1089	2328.5	2322	7046.5	2235	2129.5	6171.5	5066	3815.5	3265	3976.5	3958.5	3121	3691	6860	6696	2433.5	2819	2314	71338	3566.9
ORTHO000443	plasma membrane intrinsic protein 2	AT2G37170;AT2G37180;AT3G53420;AT3G54820;AT5G60660	9507;9536;43231;43227;43226;5575;43229;44424;44464;5623;5622;44444;5737;9414;9415;9628;50896;8150;1101;42221;10035;1901700;6950;9651;6970;9506;5911;30054;55044;6810;51234;51179;5886;16020;71944;6833;42044;44765;1902578;44699;9737;9725;9719;10033;33993;97305;15250;22838;15267;22803;22857;5215;3674;55085;44763;9987;22891;22892;5372;9269;5515;5488;5773;80170;31625;44389;19899;48767;60560;48589;44767;32502;40007;9653;48856;48588;16049;48468;48869;30154;80147;48765;10053;90627;10015;48364;48513;48731;7275;44707;32501;22622;90558;9888;48764;48469;21700;10054	3465	6656	5689	7913	7662	7278	8704	7762	8392	8535.5	4209.5	8194	6397.5	2711.5	2396.5	8358	1432.5	2199.5	4388	7408.5	4833.5	2608	4006.5	8456	108271	5413.55
ORTHO004645	PLATZ transcription factor family protein	AT1G31040	5739;43231;43227;43226;5575;43229;44424;44464;5623;5622;44444;5737;8150	3466	5264	3970.5	4475	6194	4267	7321	8726.5	4323	6687	5973.5	3422.5	5740	1800.5	3936.5	6712.5	4998.5	2199.5	3172	843	1982	5603	4301.5	5222.5	87232	4361.6
ORTHO007298	Regulator of Vps4 activity in the MVB pathway protein	AT1G34220	8150;3674	3467	1379	2106.5	746	1066.5	7633.5	1672.5	1204.5	800	2425	1082.5	6027	3701.5	4415.5	5907.5	1606	1266	5368	658	3600	3719.5	1910	3726	1344.5	58067.5	2.903.375
ORTHO006868	Reticulon family protein	AT3G18260	5739;43231;43227;43226;5575;43229;44424;44464;5623;5622;44444;5737;5789;98588;31090;16020;44422;44432;44446;5783;12505;44425;42175;16021;31224;8150;3674	3468	5177	4901	6334	2982.5	2557.5	4698	6142.5	7046.5	6498.5	4046	2851	1352	8028.5	7518.5	5325.5	630	5518	7042	6467.5	5422.5	6182.5	3758.5	6057.5	97143	4857.15
ORTHO006790	Minichromosome maintenance (MCM2/3/5) family protein	AT2G07690	5634;43231;43227;43226;5575;43229;44424;44464;5623;5622;8094;42623;16887;17111;16462;16818;16817;16787;3824;3674;8152;8150;5524;35639;1901265;1901363;5488;97159;43168;43167;32559;30554;17076;166;36094;32555;32553;97367;32550;32549;1882;1883;8283;44699;347;44428;44446;44422;43234;32991;6270;6259;44260;43170;71704;44237;9987;90304;6139;46483;6725;1901360;34641;6807;44238;6261;6260;34645;9059;1901576;9058;44249;6268;32508;32392;71103;51276;6996;16043;71840;3688;1990837;3690;43566;3677;3676;43565;3682;44877;5515;790;785;44427;5694;43232;43228;44454;228;31981;70013;43233;31974;5737	3469	2889	4422	5375	4356	1500	3758	535	7978	4393	2539	3912.5	7377.5	6971	7349.5	7782	5404	6085	5648	4392	782.5	6429	5081	4016	91933	4596.65
ORTHO005727	SEC14 cytosolic factor family protein / phosphoglyceride transfer family protein	AT3G46450	5215;3674;6810;51234;51179;8150;5739;43231;43227;43226;5575;43229;44424;44464;5623;5622;44444;5737;5634	3470	4043	5070	6670	2375	5833.5	3327	5302.5	5028	6179.5	4435	6171.5	1352	8897	6331.5	5325.5	5404	7028	732	8808	1026	8644	8163.5	1243	99231.5	4.961.575
ORTHO001327	Ribosomal protein L23/L15e family protein	AT4G16720;AT4G17390	22626;44445;44444;44424;44464;5575;5623;5622;5737;5829;5840;30529;32991;43232;43228;43226;43229;22625;15934;44391;44446;44422;5774;44437;5773;43231;43227;98588;31090;16020;98805;44822;3723;3676;1901363;5488;3674;97159;3735;5198;6412;43043;43604;43603;34641;6807;8152;8150;44237;9987;44271;44249;9058;6518;1901564;71704;1901566;1901576;44267;19538;43170;44238;44260;34645;9059;10467;2181;5886;71944;5730;44428;5634;31981;70013;43233;31974	3471	3107	2680.5	1890	5151.5	7543.5	1118	8327.5	8705	1800	5471.5	1889	4677	3497	5254.5	2080.5	3067	5886.5	967.5	1532.5	3323	2328.5	3686	648	71802.5	3.590.125
ORTHO007356	plastid transcriptionally active 16	AT3G46780	9941;9526;31967;31975;44464;5575;5623;44446;44422;43226;44424;5622;43229;43227;44435;44444;5737;9536;43231;44434;9507;9535;55035;42651;34357;16020;44436;9579;31976;31984;9534;7623;48511;8150;5515;5488;3674;98572;98552;44425;42644;42646;9295;43232;43228;9532;9570;9508;229;5694	3472	2521	4109.5	4747	4356	4794.5	1247	8102.5	1430.5	5266	4883	5096	8306	8804.5	5817	2476	1962.5	8605	2778	2409.5	2779.5	6831.5	1918	5222.5	88729.5	4.436.475
ORTHO006859	Uncharacterised protein family (UPF0497)	AT2G38480	16020;5575;8150;5634;43231;43227;43226;43229;44424;44464;5623;5622;5886;71944;3674;16021;31224;44425	3473	3889	2281.5	1090	2097	5580	1068	3939	6943.5	8398	2402	2131	3288	4179	1145.5	6075	2179	3121	3385	1584.5	4103	1228	947.5	1906.5	63603.5	3.180.175
ORTHO000376_2	amino acid transporter 1	AT4G21120	3333;6865;71705;6810;51234;51179;8150;46942;15849;44765;1902578;44699;71702;15711;6820;6811;1903825;55085;44763;9987;98656;34220;5886;16020;5575;44464;5623;71944;51938;43092;43090;15807;15813;6835;15800;1903401;98655;6812;1902022;15819;15802;1902475;15181;15174;15171;46943;8514;8509;15075;22891;22857;5215;3674;22892;5342;1990822;8324;1903826;15809;5313;15179;15172;5310;89711;15189;43091;90467;1902023;5737;44424;5622	3474	2394	2123	772	5121	679	1132	3393.5	3504.5	3514	5169	5150	1352	8747	7844	1307	1849.5	8446.5	2000.5	1291.5	1943.5	353.5	85.5	926.5	58689	2934.45
ORTHO007777	FKBP-like peptidyl-prolyl cis-trans isomerase family protein	AT2G43560	5886;16020;5575;44464;5623;71944;16887;17111;16462;16818;16817;16787;3824;3674;8152;8150	3475	2086	4583	5691	4356	7959	7280.5	1361	1042.5	6288	2539	3950.5	7377.5	7387.5	8429	2476	5404	6085	4441	1509.5	5637	6512.5	5762.5	2091	93533	4676.65
ORTHO004883	sequence-specific DNA binding transcription factors	AT3G54390	6355;1903506;2001141;31326;9889;19222;50789;65007;8150;31323;50794;51252;19219;80090;51171;60255;10556;10468;2000112;5634;43231;43227;43226;5575;43229;44424;44464;5623;5622;3700;1071;3674	3476	3824	3268.5	3061	5196	1885	6518	1823.5	2592	2319.5	5460	8158.5	3712	7636	7844	2821	3167.5	6590	5272.5	2206.5	2224.5	4525.5	3945	807	79508	3975.4
ORTHO005240	KH domain-containing protein	AT1G33680;AT4G10070	3723;3676;1901363;5488;3674;97159;5829;44444;44424;44464;5575;5623;5622;5737;5634;43231;43227;43226;43229;8150	3477	3518	4286	5095	4356	6149	6430	2796	2828	1155	478.5	3034.5	7189	7699.5	7432.5	5325.5	523	7117	7987	1747	2294	7725	8499.5	4117.5	90527.5	4.526.375
ORTHO004286	cleavage stimulating factor 64	AT1G71800	5515;5488;3674;45892;1903507;1903506;2001141;31326;9889;19222;50789;65007;8150;31323;50794;51252;19219;80090;51171;60255;10556;1902679;51253;10605;9892;48519;45934;51172;31324;48523;31327;9890;10558;10629;10468;6355;2000112;2000113;48589;44767;32502;44699;40007;60968;31047;16458;44763;9987;3723;3676;1901363;97159;31124;6397;16071;16070;44260;43170;71704;8152;44237;90304;6139;46483;6725;1901360;34641;6807;44238;6396;10467;31123;3729;44822;5634;43231;43227;43226;5575;43229;44424;44464;5623;5622;42868;34660	3478	1777	5219	6960	1281	7959	3327	1289.5	7978	1674	8984.5	3950.5	7377.5	7448.5	8512	2476	8250.5	5886.5	1086	4848	5637	6512.5	5762.5	2091	101050.5	5.052.525
ORTHO001572	cinnamoyl coa reductase 1	AT1G15950;AT1G80820	5829;44444;44424;44464;5575;5623;5622;5737;50662;48037;5488;3674;9809;9808;9698;19748;44710;8152;8150;44699;6725;44237;9987;1901360;71704;44763;9699;19438;44249;9058;1901362;1901576;44550;44711;7623;48511;9409;9266;9628;50896;6950;55114;3824;16621;16620;16903;16491;42754;48519;50789;65007;42752	3479	4906	6187.5	8896	5938.5	8118	8109.5	2939.5	1994.5	3731	8855	9074.5	8898	5465	693	6712.5	1294.5	7637	9094	9121.5	8663	8840	8952	7120	125312.5	6.265.625
ORTHO006035	PLC-like phosphodiesterases superfamily protein	AT5G67130	46658;31226;44459;44464;5575;5623;44425;16020;5886;71944;31224;31225;6629;71704;8152;8150;44710;44699;44238;8081;42578;16788;16787;3824;3674	3480	2095	3573.5	3667	4356	3351.5	605.5	3563	3450	7666.5	4305	5763	1352	5719.5	1292	1830	1660	8670	4485	662	8952.5	8260	8070	3179.5	82837	4141.85
ORTHO004728	chloroplast signal recognition particle 54 kDa subunit	AT5G03940	9570;9532;44435;44444;44424;44464;5575;5623;5622;5737;44446;44422;43226;43229;9536;43231;43227;44434;9507;5786;48500;30529;32991;6614;6613;6612;6605;6886;15031;45184;51234;51179;8150;8104;33036;71702;6810;46907;51649;51641;34613;70727;1902582;44765;1902578;44699;90150;72657;44802;61024;16043;71840;9987;44763;1902580;45047;16482;72599;72594;33365;70972;5515;5488;3674;5525;35639;1901265;1901363;97159;43168;43167;32550;32549;1882;36094;97367;1883;32561;19001;17076;166;32555;32553;80085;5048;42277;33218;6617;43623;6461;65003;43933;22607;44085;71822;70271;34622;3729;44822;3723;3676;45038;45036;72596;72598;44743;17038;65002;71806;55085;3924;17111;16462;16818;16817;16787;3824;8152;8312	3481	3123	2977	2473	2097	303	2234.5	6741	7455	2908	8701	1198.5	5338.5	3815.5	3265	1606	8387	3121	3944	4060.5	4833.5	2608	2834	2522	75876	3793.8
ORTHO005965	Integrase-type DNA-binding superfamily protein	AT3G54320	5634;43231;43227;43226;5575;43229;44424;44464;5623;5622;19432;46463;46460;6638;44255;6629;71704;8152;8150;44710;44699;44238;44763;9987;44237;8610;1901576;9058;44711;44249;6639;46486;45017;6641;3700;1071;3674;2001141;31326;9889;19222;50789;65007;31323;50794;51252;19219;80090;51171;60255;10556;6355;1903506;10468;2000112;6110;42325;19220;51174;30811;31329;9894;6140;43471;43470;6109;10675;51196;51193;1903578;1900542;9118;43467;1901959;1901957;10557;9891;9893;48518;10604;9744;34285;9743;10033;42221;50896;1901700;3677;3676;1901363;5488;97159	3482	4063	3907	4332	2375	1227	5705.5	3065	1994.5	8535.5	4086	8132.5	3968.5	7343.5	5254.5	7419	2287	5221.5	2102.5	4527	2621	8980	3284.5	787	86542	4327.1
ORTHO004779	glycine-rich protein	AT1G27090	9507;9536;43231;43227;43226;5575;43229;44424;44464;5623;5622;44444;5737;5829	3483	1787	4884	6285	4356	2797	859	3504.5	1839.5	5476.5	4016	5019	4097.5	8804.5	6520.5	7782	1596	7967.5	7901.5	3377.5	6578.5	7871	8163.5	2699.5	96871	4843.55
ORTHO008448	partner of Y14-MAGO	AT1G11400	5515;5488;3674;5634;43231;43227;43226;5575;43229;44424;44464;5623;5622;5737;5654;44428;44446;44422;31981;70013;43233;31974;5730;43232;43228;10628;10604;9893;48518;50789;65007;8150;19222;60255;10468	3484	2879	2621	1758	4356	1089	3327	6428.5	1198	6198.5	2653	6100	1352	3815.5	3047.5	6712.5	5962.5	4982.5	3352	3976	3511.5	1358.5	3438.5	2046	70549	3527.45
ORTHO008553	unknown protein	AT2G21290	5840;30529;32991;5575;44424;44464;5623;5622;43232;43228;43226;43229;44444;5737;8150;5739;43231;43227;3674	3485	2668	4070.25	4655.5	1812	3425	312	3608	8962	7064	5973.5	7102	7031	7343.5	7323.5	7782	2041	8419.5	2669.5	326.5	2573	1132	1157	3920	88165	4408.25
ORTHO002281	Dihydrolipoamide succinyltransferase	AT4G26910;AT5G55070	5739;43231;43227;43226;5575;43229;44424;44464;5623;5622;44444;5737;45252;45240;1990204;1902494;43234;32991;45239;1990234;6099;6101;72350;19752;43436;6082;71704;8152;8150;44281;44710;44699;44763;9987;44237;44238;9060;45333;15980;6091;55114;33512;19474;6084;6637;6732;51186;35383;6790;6793;19477;46440;6553;9066;1901605;6520;1901564;6807;6554;9068;1901606;9063;46395;16054;44282;44712;9056;1901575;44248;1901565;16746;16740;3824;3674;4149;16751;16748;16747;16417;8270;46914;46872;43169;43167;5488;16020;6979;6950;50896;22626;44445;5829;5840;30529;43232;43228	3486	6242	3788	4090	5651.5	2295.5	5105.5	5439.5	2979	6687	3702.5	7280	7743	2711.5	3521.5	3976.5	1048	2724.5	5347.5	5094	4668.5	5059	5021	4898	85302	4265.1
ORTHO007512	unknown protein	AT5G21070	3674;8150;5575	3487	1998	2322.5	1158	1281	892	5643	7156.5	8688.5	295	1082.5	998	1352	4616	6484	1830	55.5	6085	5648	2185	6696	1695	1072	2046	64520	3226
ORTHO001899	Fatty acid hydroxylase superfamily	AT5G57800	16021;31224;44425;5575;16020;55114;44710;8152;8150;44699;43447;1901576;71704;9058;43446;44763;9987;44237;44249;44711;6723;42335;44767;32502;48856;7275;44707;32501;6633;72330;46394;16053;6082;44281;44283;19752;43436;32787;6631;44255;6629;44238;8610;48235;44702;22414;3006;30154;48869;22412;32504;3;55046;9555;48229;48232;7276;48609;19953;44703;51704;5789;98588;31090;44422;43226;43227;44432;44444;44424;44464;5623;5622;5737;44446;43229;5783;43231;12505;42175;16491;3824;3674;5886;71944;10025;10166;5506;46914;46872;43169;43167;5488	3488	4113	4964	6440	5413	4177.5	5849	1426	2684.5	4036	8770	6240	4062.5	5492	1081	1830	1321	7335.5	7901.5	6064.5	2971	8954.5	8775	8812	97783.5	4.889.175
ORTHO004638	Staphylococcal nuclease homologue	AT2G40410;AT3G56170	3676;1901363;5488;3674;97159;4520;4536;4518;16788;16787;3824;8152;8150;90305;90304;6139;46483;44237;9987;6725;1901360;71704;34641;6807;44238;43170;6259;44260;4519;6308;44265;9057;1901575;9056;44248;34655;19439;44270;1901361;46700;90502;90501;16070;5886;16020;5575;44464;5623;71944;6401;46872;43169;43167;4521;4540;5515	3489	4486	5266.5	7044	2982.5	4308	1818.5	3642.5	3753	6401	4423.5	6929	3911.5	8727.5	5413.5	7782	4761	7295.5	5502	1960	4946	7420	5762.5	6883	101640	5082
ORTHO004014	UDP-glcnac-adolichol phosphate glcnac-1-p-transferase	AT2G41490;AT3G57220	3975;16780;16772;16740;3824;3674;8152;8150;5886;16020;5575;44464;5623;71944;8963;5783;43231;43227;43226;43229;44424;5622;44444;5737;12505;271;5976;5975;71704;44238;43170;16051;44723;44710;44699;1901576;9058;44711;9059	3490	3942	2411	1332	2097	8723.5	7074.5	5813.5	4429.5	2284	2653	2197	4677	3815.5	3047.5	3976.5	3589	1295.5	105	586	1729.5	3026	5081	2439.5	66543	3327.15
ORTHO008434	NA	NA	NA	3491	5147	4593.5	5696	2982.5	8643	6523.5	2750.5	7455	7324	3269.5	4566	7189	8210.5	7804.5	5325.5	1450	4400	490.5	1320	2179	4709	2785	7161.5	93556	4677.8
ORTHO004714	histidine acid phosphatase family protein	AT1G09870	3993;16791;42578;16788;16787;3824;3674;8152;8150;16311;6796;6793;44237;9987;5576;5575;5774;44437;44444;44424;44464;5623;5622;5737;44446;44422;43226;43229;5773;43231;43227;98588;31090;16020;98805;5783;12505	3492	3212	4026.5	4561	5172	8007.5	1428	3003.5	8826	7035	4151.5	6080.5	3999	5691.5	1168.5	2914	1581	7446.5	6785	3431	3454.5	7183	4381	1090.5	87657.5	4.382.875
ORTHO006507	Protein of unknown function (DUF3353)	AT5G23040	9941;9526;31967;31975;44464;5575;5623;44446;44422;43226;44424;5622;43229;43227;44435;44444;5737;9536;43231;44434;9507;9793;44702;22414;8150;44699;3006;32502;9790;44767;48856;7275;44707;32501;48316;48608;61458;48731;9791;10154;5515;5488;3674;61077;6457;9987;9570;9532;44183;55035;42651;34357;16020;44436;9579;31976;31984;9658;9657;6996;16043;71840;9706;9528;19866;31090;42170;31969;9534;1904216;1904591;51222;51223;70201;32880;32879;50789;65007;51049;51050;48518;1904589;1903651;1903649;32386;60341;50794;32388;1904215;34762;1903533;33157;1903827;90316;1903829;34764;48522;5739;8219;16265;44763;9704;9416;9314;9628;50896;9640;9639	3493	4215	2698.5	1904	2982.5	961.5	5833	6428.5	6943.5	6020	2290	2000.5	4793	3815.5	3047.5	6712.5	3682	2199.5	552.5	2124.5	4103	3222.5	5263	1958.5	71951	3597.55
ORTHO002402	Ribosomal protein L18ae family	AT1G17080;AT1G53560	6412;43043;43604;43603;34641;6807;8152;8150;44237;9987;44271;44249;9058;6518;1901564;71704;1901566;1901576;44267;19538;43170;44238;44260;34645;9059;10467;3735;5198;3674;44822;3723;3676;1901363;5488;97159;5515	3494	6009	4371.5	5249	5552	2005.5	5130.5	5698.5	6823.5	5195	1312.5	3422.5	1352	1800.5	4705.5	6712.5	7411.5	3949	6531	5519.5	6180.5	5789.5	5649	6057.5	91246	4562.3
ORTHO000343_2	phytochrome A	AT1G09570;AT2G18790;AT4G16250;AT4G18130;AT5G35840	6351;34645;44260;43170;71704;8152;8150;44237;9987;9059;1901576;9058;44249;97659;32774;16070;90304;6139;46483;6725;1901360;34641;6807;44238;34654;19438;44271;18130;1901362;10467;5515;5488;3674;9638;9606;9605;50896;9637;9416;9314;9628;5634;43231;43227;43226;5575;43229;44424;44464;5623;5622;18298;6464;36211;19538;43412;44267;16604;44451;44428;44446;44422;5654;31981;70013;43233;31974;10218;9639;42802;5737;10201;16020;10161;71491;10114;71489;71482;71478;71214;51716;10017;7165;50794;50789;65007;7154;44763;44699;44700;23052;8020;4930;4888;38023;4871;60089;4872;7186;9881;9584;9583;9582;51606;9581;18106;6468;16310;6796;6793;18202;18193;17148;10629;10605;9892;48519;19222;60255;10468;6417;10608;32268;51246;80090;31323;34248;51171;2000112;31326;9889;10556;34249;51172;31324;48523;2000113;31327;9890;10558;32269;51248;31516;9883;9585;7602;10018;71490;4673;4672;16301;16772;16740;3824;16773;16775;9640;9791;44767;32502;44707;32501;7275;10203;55122;9642;6355;1903506;2001141;51252;19219;16607;9630;9629;46685;42221;17012;17007;17006;6325;43933;16043;71840;51276;6996;9867;9755;32870;9725;9719;10033;71495;71310;70887;71395;9753;1101;1901700;71229;1901701;9409;9266;6950;9649;42752;5829;44444;15979;9687;6714;6721;6720;44255;6629;44710;43288;1902644;6066;1901615;44281;32787;19752;43436;6082;42803;46983;31517;10202;9645;10148;6833;42044;44765;6810;51234;51179;1902578;31347;80134;48583;2000028;48580;2000026;50793;51239;2000241;10617;7623;48511;51480;6874;6875;55065;98771;50801;48878;42592;65008;55080;30003;6873;55082;19725;55074;72507;72503;10029;1900140;10374;90558;9888;48856;5886;71944	3495	2980	2154	813	1408	7905.5	6781.5	2545	4602.5	6551	3749	1323.5	1352	4179	4462	2914	1692	1538.5	3088	2835.5	616.5	1045	1594	757.5	59532	2976.6
ORTHO001786	Maf-like protein	AT5G42770;AT5G66550	5737;44424;44464;5575;5623;5622;8150;3674;9507;9536;43231;43227;43226;43229;44444;8152	3496	4159	4688.5	5881	2375	880.5	5261.5	6741	2134	8006.5	3136.5	8330	5740	6434	7582.5	7782	4135	3949	1118.5	5400	1185	5059	4961.5	6801.5	94638	4731.9
ORTHO000309_1	actin binding	AT5G07740;AT5G07770	45010;30838;51495;10638;33043;51128;50794;50789;65007;8150;51130;48522;48518;51493;30833;8064;30832;32535;90066;65008;16043;71840;9987;44763;44699;32956;32970;32271;43254;44087;32273;31334;44089;7015;71822;43933;30036;30029;7010;6996;1902589;5884;44430;44446;44422;5575;43226;44424;44464;5623;5622;43229;5856;43232;43228;43234;32991;15629;5737;4721;16791;42578;16788;16787;3824;3674;8152;16311;6796;6793;44237;6470;6464;36211;19538;43170;71704;44238;43412;44267;44260;3779;8092;5515;5488;5634;43231;43227	3497	4871	4880	6263	5295.5	7051	4638.5	7409.5	7046.5	2630.5	3526	2343.5	4955.5	8072	8927.5	2821	3235	7376.5	6835.5	5519.5	3391.5	5603	4131	1215.5	96729	4836.45
ORTHO007168	DGCR14-related	AT3G07790	5634;43231;43227;43226;5575;43229;44424;44464;5623;5622;8150;3674	3498	2559	4902.5	6307	1689.5	4827.5	7837.5	4034.5	2743.5	5160.5	3136.5	4670	6895.5	6764.5	7082.5	7782	5240.5	6085	5128	2455	1853	5924	5541.5	3841	97002.5	4.850.125
ORTHO000411	Protein kinase superfamily protein	AT1G10620;AT1G23540;AT1G26150;AT1G68690;AT1G70450;AT1G70460;AT5G38560	5886;16020;5575;44464;5623;71944;16301;16772;16740;3824;3674;8152;8150;16310;6796;6793;44237;9987;32502;4672;16773;6468;6464;36211;19538;43170;71704;44238;43412;44267;44260;5524;35639;1901265;1901363;5488;97159;43168;43167;32559;30554;17076;166;36094;32555;32553;97367;32550;32549;1882;1883	3499	5872	5140.5	6782	2982.5	9134.5	9131.5	9072.5	54.5	8934.5	4251.5	7635.5	1352	6206.5	2163.5	6020.5	9097.5	8719.5	4016	3508	1563	6266	2581.5	172	99880.5	4.994.025
ORTHO007263	Mob1/phocein family protein	AT4G19045;AT5G45550	46872;43169;43167;5488;3674;9507;9536;43231;43227;43226;5575;43229;44424;44464;5623;5622;44444;5737;51301;44763;9987;8150;44699;9554;48236;44702;22414;3006;32502;51321;7049;3;48869;44767;48856;9553;48229;7275;44707;32501;16049;40007;8283;9556;9555;5634;10449;35266;48589;48507;9888;48513;48731;48364;22622	3500	3929	3349.5	3199	2097	923	5770.5	2322	3425	6687	3639.5	2131	1352	8681	5596.5	5325.5	2179	8196	2825	2635.5	8711.5	4169	1950	3771.5	80290.5	4.014.525
ORTHO005842	NADH-ubiquinone oxidoreductase-related	AT5G52840	31966;31090;16020;5575;44422;43226;43227;44429;44444;44424;44464;5623;5622;5737;44446;43229;5739;43231;5740;31967;31975;16651;16491;3824;3674;8152;8150;55114;44710;44699;5747;45271;30964;98796;43234;32991;44425;1990204;1902494;98803;70469;98800;98798;44455;5743;19866;5746;9507;9536;9853;43094;44249;9058;44237;9987;22904;22900;6091;44763;45333;15980	3501	4243	5331.5	7162	2982.5	8214	3327	8857	1328.5	2170.5	3269.5	8855.5	1352	6971	8203.5	7782	8801.5	5368	394	8818.5	2896	6266	1767.5	7860.5	102502.5	5.125.125
ORTHO008437	DnaJ/Hsp40 cysteine-rich domain superfamily protein	AT5G17840	9507;9536;43231;43227;43226;5575;43229;44424;44464;5623;5622;44444;5737;31072;5515;5488;3674;51082	3502	2901	4059	4616	4356	4474	3129.5	4183	7831	3547	3136.5	7888.5	3650.5	6601.5	6867.5	2476	3891.5	5720	4548.5	4392	3778.5	3955.5	4668	3179.5	87918.5	4.395.925
ORTHO000796	receptor-like protein kinase 1	AT1G69270;AT3G02130	16301;16772;16740;3824;3674;8152;8150;16310;6796;6793;44237;9987;9651;6970;9628;50896;6950;9409;9266;5886;16020;5575;44464;5623;71944;9737;9725;9719;10033;42221;33993;97305;1901700;1101;4702;5057;4871;60089;7165;50794;50789;65007;51716;7154;44763;44699;44700;23052;35556;4674;4672;16773;6468;6464;36211;19538;43170;71704;44238;43412;44267;44260;23014;44710;48508;48507;9888;48856;32502;48513;48731;7275;44767;44707;32501;3006;22414;9793;44702;9790;48316;48608;61458;9791;10154;9738;9755;32870;71495;71310;70887;71215;71396;97306;1901701;71229;9945;9798;7389;9956;3002;5777;42579;43231;43227;43226;43229;44424;5622;44444;5737;9942;578;9880;9414;9415;10035;10073;5524;35639;1901265;1901363;5488;97159;43168;43167;32559;30554;17076;166;36094;32555;32553;97367;32550;32549;1882;1883;9808;9698;19748;6725;1901360;31625;44389;19899;5515;46777;10152;21700;9555;48229;4675;19199;4888;38023;4872;7178;7167;7166;9506;5911;30054;55044;7169;1653;51260;51259;6461;65003;43933;16043;71840;22607;44085;71822;70271;48653;48443;48827;48367;48437;48569;9908;90567;48466;48438;9846;9856;44703;51704;44706	3503	4091	5037.5	6572	5284	8909.5	5935	3268	6584	6733	3792.5	6781	1352	8747	5761.5	1307	7526.5	7273.5	7764.5	4527	3478.5	6576.5	969	1344.5	98630.5	4.931.525
ORTHO006896	RING/U-box superfamily protein	AT1G49850	5634;43231;43227;43226;5575;43229;44424;44464;5623;5622;8270;46914;46872;43169;43167;5488;3674	3504	1909	2870	2236	4356	3386.5	1274.5	3333.5	3001.5	1371	4416	1400	1352	7779.5	8726.5	7782	8051	8785	2507	2409.5	2573	2433.5	1361	2229	74172	3708.6
ORTHO005657	peroxin 5	AT5G56290	16558;6625;6605;6886;15031;45184;51234;51179;8150;8104;33036;71702;6810;46907;51649;51641;34613;70727;1902582;44765;1902578;44699;72662;1902580;7031;6996;16043;71840;9987;33365;1902589;44763;16482;72663;72594;43574;44743;17038;65002;71806;55085;5634;43231;43227;43226;5575;43229;44424;44464;5623;5622;5778;44439;44438;44444;5737;44446;44422;42579;5777;31903;98588;31090;16020;98805;5515;5488;3674;9733;9725;9719;50896;10033;42221;5052;268;5048;42277;33218;5829	3505	2237	3465	3425	1689.5	2170	776.5	1912	8259	3221	2809.5	140	7963	7850	7461.5	7782	8662	6330	1086	824	7166	1466	1289.5	4413.5	81581.5	4.079.075
ORTHO007441	SAP domain-containing protein	AT5G63460	9507;9536;43231;43227;43226;5575;43229;44424;44464;5623;5622;44444;5737;3677;3676;1901363;5488;3674;97159;5634;8150	3506	2689	2953	2400	4356	961.5	1789.5	7084	7831	1462	1623	1471	6397.5	3815.5	5254.5	1830	4252.5	5221.5	4756.5	4527	5637	3026	4887	3565	75392	3769.6
ORTHO001843	Class I glutamine amidotransferase-like superfamily protein	AT1G15040;AT1G66860;AT5G38200	6541;9064;1901605;6520;1901564;71704;8152;8150;6807;19752;43436;6082;44281;44710;44699;44763;9987;44237;44238;5575;16740;3824;3674;2000032;1900618;22603;50793;50789;65007;48831;2000026;51239;60688;16787;5634;43231;43227;43226;43229;44424;44464;5623;5622;5794;44444;5737;12505	3507	6367	5739	7971	7245.5	8030	6781.5	5439.5	2729.5	6345	3749	6080.5	8205.5	7101	7764	6712.5	5108	3949	4830.5	4956.5	4321	6077	4773	5806	108759	5437.95
ORTHO006323	shrunken seed protein (SSE1)	AT2G45690	5778;44439;44438;44444;44424;44464;5575;5623;5622;5737;44446;44422;43226;43229;42579;43231;43227;5777;31903;98588;31090;16020;98805;5789;44432;5783;12505;44425;42175;7031;6996;16043;71840;8150;9987;3674;6633;72330;46394;16053;6082;71704;8152;44281;44710;44699;44763;44237;44283;44711;9058;1901576;44249;19752;43436;32787;6631;44255;6629;44238;8610	3508	2340	2828.5	2149	5121	5090	1393	3787.5	985	7125	4985	6629	3701.5	6332.5	7713.5	1307	3067	7988	2000.5	1356.5	3277	2608	3322	847	73515	3675.75
ORTHO005812	LORELEI-LIKE-GPI-ANCHORED PROTEIN 1	AT5G56170	90406;42995;44464;5575;5623;3674;5886;16020;71944;31225;31224;44425;8150	3509	2136	4233.5	4958	1281	244	5997.5	4462	2465.5	674	982	8507.5	8205.5	7699.5	8793	2476	1102.5	6388.5	7379	518	6696	6952	7667.5	2623	89833	4491.65
ORTHO009212	phytochrome and flowering time regulatory protein (PFT1)	AT1G25540	5634;43231;43227;43226;5575;43229;44424;44464;5623;5622;5515;5488;3674;45893;10628;10604;9893;48518;50789;65007;8150;19222;60255;10468;1903508;1903506;2001141;31326;9889;31323;50794;51252;19219;80090;51171;10556;1902680;51254;45935;31325;48522;51173;31328;9891;10557;6355;2000112;10114;9639;9416;9314;9628;50896;9867;9755;7165;51716;9987;7154;44763;44699;44700;23052;32870;9725;9719;10033;42221;71495;71310;70887;71395;9753;1101;1901700;71229;1901701;50832;98542;6952;6950;51707;43207;9605;9607;51704;9620;9911;48582;48580;2000026;50793;51239;51240;51094;2000243;2000241;9909;48831;3713;3712;989;988;9585;7602;9583;9582;51606;9581;10017;71489;71482;71478;71214;31349;31347;80134;48583;48584;10218;3677;3676;1901363;97159;16592;44451;44428;44446;44422;5654;31981;70013;43233;31974;43234;32991	3510	4434	3846	4182	5938.5	994.5	8645.5	1709	1753	1506.5	865	743.5	7189	1800.5	5596.5	6712.5	4761	4253	4715	7747	6696	5308.5	7554.5	7266.5	85817	4290.85
ORTHO004385	syntaxin of plants 121	AT3G11820	5515;5488;3674;5886;16020;5575;44464;5623;71944;72661;6612;6605;6886;15031;45184;51234;51179;8150;8104;33036;71702;6810;46907;51649;51641;34613;70727;1902582;44765;1902578;44699;90150;72657;44802;61024;16043;71840;9987;44763;1902580;90002;72659;7009;10256;1990778;72660;72658;32507;51651;51235;65008;65007;45185;9863;7165;50794;50789;51716;50896;7154;44700;23052;71446;71407;14070;10033;42221;71310;70887;9751;1101;1901700;71229;1901701;50832;98542;6952;6950;51707;43207;9605;9607;51704;9620;43069;43067;10941;60548;48523;48519;9867;9755;32870;9725;9719;71495;71395;9753;5802;98791;44431;44444;44424;5622;5737;44446;44422;43226;43229;5794;43231;43227;12505;31984;9506;5911;30054;55044;10119;9737;33993;97305;10363;80135;80134;48583;45088;31347;50776;2682;9504;10148;6833;42044;31201;98796;43234;32991;44425;5484;61025;16192;51245;31348;48585;10185;43495	3511	1679	2276	1041	1281	939.5	1765.5	4238	1430.5	4682	1623	147	7189	4560	6331.5	1830	793	5452.5	6056.5	4586	606	3609.5	5171.5	1858	62869	3143.45
ORTHO004721	DDT domain-containing protein	AT5G08630	5634;43231;43227;43226;5575;43229;44424;44464;5623;5622;8150;3674	3512	4343	4631	5750	5938.5	5248.5	2881	6428.5	6943.5	3718.5	6173.5	3578.5	6071.5	3815.5	4705.5	6712.5	3752	2199.5	6185.5	6467.5	3978	5603	3457	5913	93832.5	4.691.625
ORTHO005877	NAD(P)-binding Rossmann-fold superfamily protein	AT5G10050;AT5G65205	16491;3824;3674;8152;8150;55114;44710;44699;5575;9507;9536;43231;43227;43226;43229;44424;44464;5623;5622;44444;5737	3513	4102	4998	6483	2375	4434.5	2328.5	6573	8995	6733	6763.5	7888.5	3406.5	3815.5	5254.5	6712.5	562	3121	3792	6754	4668.5	3754	5902.5	6553	98012	4900.6
ORTHO000643_2	TBP-associated factor 4B	AT1G27720;AT5G43130	46982;46983;5515;5488;3674;6355;1903506;2001141;31326;9889;19222;50789;65007;8150;31323;50794;51252;19219;80090;51171;60255;10556;10468;2000112;6352;32774;9059;43170;71704;8152;1901576;9058;16070;44260;44237;9987;90304;6139;46483;6725;1901360;34641;6807;44238;34654;19438;44249;44271;18130;1901362;6351;34645;97659;10467;9506;5911;30054;5575;55044;5669;90575;44798;44428;44446;44422;43226;44424;44464;5623;5622;43229;5634;43231;43227;5667;43234;32991;44451;5654;31981;70013;43233;31974;16591;55029;428;30880;61695;1990234;1902494	3514	3216	3772	4030	2097	1227	6099.5	4373.5	9144.5	6125	4610.5	907	1352	4179	3265	6712.5	8026.5	7597	4914	2880.5	7786.5	2213.5	1121.5	2439.5	84974.5	4.248.725
ORTHO004613	GRF1-interacting factor 2	AT1G01160;AT4G00850	6351;34645;44260;43170;71704;8152;8150;44237;9987;9059;1901576;9058;44249;97659;32774;16070;90304;6139;46483;6725;1901360;34641;6807;44238;34654;19438;44271;18130;1901362;10467;5634;43231;43227;43226;5575;43229;44424;44464;5623;5622;8283;44699;6355;1903506;2001141;31326;9889;19222;50789;65007;31323;50794;51252;19219;80090;51171;60255;10556;10468;2000112;48366;48827;48856;32502;48367;44767;48731;7275;44707;32501;3713;3712;989;988;3674;5515;5488	3515	5475	4789.5	6064	2982.5	5580	3513	5957	6943.5	6645	2402	3422.5	3577.5	1800.5	4705.5	6712.5	3589	3580	6531	6467.5	6180.5	5924	6040	6057.5	95628.5	4.781.425
ORTHO002203	Toll-Interleukin-Resistance (TIR) domain family protein	AT1G52900;AT1G61105	5737;44424;44464;5575;5623;5622;6952;6950;50896;8150;7165;50794;50789;65007;51716;9987;7154;44763;44699;44700;23052	3516	5766	3462	3408	6534	4758	4118.5	4964	6379.5	1506.5	2216.5	5150	3374.5	1800.5	3521.5	5325.5	4548.5	2724.5	5128	6555.5	4321	4873	5021	5222.5	81509	4075.45
ORTHO005398	Protein of unknown function (DUF1191)	AT3G08600	3674;5886;16020;5575;44464;5623;71944;5739;43231;43227;43226;43229;44424;5622;44444;5737;8150	3517	6192	2624	1731	5651.5	3040	6721	3744.5	4060.5	8934.5	5249.5	6629	4677	6389.5	2702.5	3976.5	294.5	5992	2223.5	3061	504	626.5	558	859.5	70243.5	3.512.175
ORTHO001128_2	methionine gamma-lyase	AT1G64660	42631;31668;51716;9987;8150;50896;71496;9605;7154;44763;44699;9991;71462;71214;9628;9415;1101;42221;10035;1901700;71229;70887;1901701;9414;6950;33554;5737;44424;44464;5575;5623;5622;30170;1901363;5488;3674;97159;48037;43168;43167;5829;44444;18826;16846;16829;3824;8152;6520;1901564;71704;6807;19752;43436;6082;44281;44710;44237;44238;19458;9087;98;96;6790;9063;46395;16054;44282;44712;9056;1901575;44248;1901565;44273;9068;1901606;1901605;9066;6555;51289;51260;51259;6461;65003;43933;16043;71840;22607;44085;71822;70271;51262;9970;9267;31669;31667;42594	3518	2434	2960.5	2403	4356	4462	2328.5	6741	7455	2925	2129.5	6464.5	6316	4486	5907.5	6712.5	2133.5	5056.5	3575.5	4060.5	606	852	759.5	2439.5	75410.5	3.770.525
ORTHO001007_1	SH2 domain protein A	AT1G17040;AT1G17050;AT1G78510;AT1G78540	3700;1071;3674;2001141;31326;9889;19222;50789;65007;8150;31323;50794;51252;19219;80090;51171;60255;10556;6355;1903506;10468;2000112;7165;51716;9987;50896;7154;44763;44699;44700;23052;4871;60089;5634;43231;43227;43226;5575;43229;44424;44464;5623;5622;9570;9532;44435;44444;5737;44446;44422;9536;44434;9507;15979;44237;8152;10236;1901663;9108;51188;51186;44249;9058;6732;1901661;42180;71704;44281;44710;42181;44283;44711;1901576;46872;43169;43167;5488;8299;6720;44255;6629;44238;8610;50347;16765;16740;3824;52924;5739;5783;12505	3519	4782	5443.5	7368	5172	8796	6075.5	4109.5	867	8006.5	2992.5	247	4040	8511.5	8316.5	5325.5	6896.5	6683.5	528	773.5	7636	8223.5	7156	8749	103933.5	5.196.675
ORTHO006754	Family of unknown function (DUF572)	AT1G25682	5634;43231;43227;43226;5575;43229;44424;44464;5623;5622;8150;3674	3520	3391	4012	4504	2097	7877	3129.5	1823.5	2701	8535.5	1483.5	7330.5	1352	8485	7017.5	5325.5	1221.5	5626	1451.5	8397.5	1492	6512.5	4887	2699.5	87348	4367.4
ORTHO004599	Tautomerase/MIF superfamily protein	AT5G01650	9507;9536;43231;43227;43226;5575;43229;44424;44464;5623;5622;44444;5737;6954;6952;6950;50896;8150;51707;43207;9605;9607;51704;3674	3521	3569	3638	3755	4356	3386.5	3129.5	3301	3974.5	7666.5	3136.5	7607.5	1352	5492	915	1606	8431	9065	2809	2610.5	1610.5	7637.5	2458	7120	83308.5	4.165.425
ORTHO004672	Dihydroxyacetone kinase	AT1G48430;AT3G17770	16310;6796;6793;44237;8152;8150;9987;6071;19400;44723;5975;71704;44238;44710;44699;44262;19751;6066;1901615;44281;44763;4371;16301;16772;16740;3824;3674;16773;5737;44424;44464;5575;5623;5622;5524;35639;1901265;1901363;5488;97159;43168;43167;32559;30554;17076;166;36094;32555;32553;97367;32550;32549;1882;1883	3522	4201	4952	6382	5121	8440.5	5486.5	8979	3632	7485	2402	7598.5	1352	5540	810.5	6712.5	9077.5	9018.5	3653	3300.5	2343	1179	1594	8812	97416	4870.8
ORTHO006129	nucleotide-sensitive chloride conductance regulator (ICln) family protein	AT5G62290	34709;34708;1990234;1902494;43234;32991;5575;44424;44464;5623;5622;44444;5737;6821;15698;6820;6811;44765;6810;51234;51179;8150;1902578;44699;5216;15075;22891;22857;5215;3674;55085;44763;9987;22892;34220;22838;15267;22803;387;22618;71826;43933;16043;71840;34622;65003;22607;44085;22613;398;6397;16071;16070;44260;43170;71704;8152;44237;90304;6139;46483;6725;1901360;34641;6807;44238;6396;10467;377;375;8380;5886;16020;71944;34715;5829;5634;43231;43227;43226;43229;6884;19725;42592;65008;65007;8361;32535;90066	3523	3187	3334.5	3146	2097	7721.5	7010.5	2684	2301	5622	8314	7720	3173	3815.5	1812.5	6712.5	8977.5	1669.5	778.5	3747	3621.5	1466	1235	1597.5	79979	3998.95
ORTHO006733	alpha/beta-Hydrolases superfamily protein	AT3G03990	5737;44424;44464;5575;5623;5622;1902348;71407;14070;10033;42221;50896;8150;71310;70887;51716;9987;71396;33993;1902347;1901700;1901701;1901601;1901336;18130;46483;44237;8152;44249;9058;1901362;1901360;71704;1901576;1901334;1901600;6714;6721;6720;44255;6629;44710;44699;44238;44763;16106;16114;8299;8610;44711;3824;3674;16787;10223;10346;48646;32502;9653;48856;10016;48367;44767;48731;7275;44707;32501;1763	3524	4088	5620	7716	2375	7324.5	2881	7084	1234	821	8924.5	2937.5	3778	6764.5	7017.5	7782	5561	4982.5	5851	8214	6578.5	7147.5	8026.5	3635.5	106545	5327.25
ORTHO006362	CAAX amino terminal protease family protein	AT1G14270	5886;16020;5575;44464;5623;71944;6508;19538;43170;71704;8152;8150;44238;8233;16787;3824;3674	3525	5265	6211.5	8898	6194	6227.5	8571.5	6831.5	5221.5	8118.5	3639.5	8476.5	1352	8210.5	7804.5	7782	6982.5	4982.5	7676.5	7408.5	7386	7038.5	4586	7075	125371	6268.55
ORTHO001695	lysophosphatidyl acyltransferase 3	AT1G51260;AT3G57650	3841;16411;8374;16747;16746;16740;3824;3674;8152;8150;42171;71617;16024;46474;6650;6644;19637;71704;6793;44237;9987;44255;6629;44710;44699;44238;44763;6796;46486;45017;8610;1901576;9058;44711;44249;8654;90407;46341;9507;9536;43231;43227;43226;5575;43229;44424;44464;5623;5622;44444;5737;16021;31224;44425;16020;5789;98588;31090;44422;44432;44446;5783;12505;42175;5576;7275;44767;32502;44707;32501	3526	5497	4097.75	4669.5	2982.5	4708.5	4698	5213.5	8541.5	7916.5	5973.5	7800	4865.5	310.5	2023.5	6075	3682	2199.5	4113.5	5726.5	3296.5	3453.5	3504.5	4174.5	88276.5	4.413.825
ORTHO000621_1	sec7 domain-containing protein	AT1G13980;AT5G39500	42803;42802;5515;5488;3674;46983;5768;43231;43227;43226;5575;43229;44424;44464;5623;5622;44444;5737;12505;911;1902410;32506;22402;44763;9987;8150;44699;7049;910;51301;1903047;278;61640;281;9942;44702;22414;3006;32502;578;9880;7389;44767;44707;32501;7275;9790;48856;9798;9793;48316;48608;61458;48731;9791;10154;98656;6820;6811;44765;6810;51234;51179;1902578;34220;55085;10087;9888;10008;98588;31090;16020;44422;44440;44446;98805;6897;16192;5886;71944;5086;5085;98772;43547;43087;51336;50790;19222;50789;65007;65009;51345;43085;44093;9893;48518;71555;45229;16043;71840;71554;9826;902;32989;9653;48869;60560;48589;40007;16049;15860;72530;71705;71702;1901642;15858;1901264;15931;1736;7164;1738;2009;48729;60429;10311;48645;48646;9887;48513;10102;10101;10015;48364;22622;9886;48528;48569;48527;32509;16197;1902582;46907;51649;51641;48209;60627;50794;51049;32879;32386;60341;15711;5829;48765;10053;90627;30154;90558;48764;48469;21700;48468;10054;7155;22610;10292;5346;1901505;5215;15216;15215;15605;1901677;22857;15748;15932;22891;22892;1901679;6862;15865;15211;5337;8514;8509;15075;1409;1903790;1408;15868;15301;15297;15291;22804;10540;9926;60918;9914;10817;65008;15031;45184;8104;33036;6890;48193;9507;9536;139;44431;5794;80119;6996	3527	2331	2908	2289	4356	332.5	5974	7084	1234	4619.5	2992.5	307.5	7377.5	7387.5	8276	2476	2230.5	5886.5	4914	1532.5	4519	2213.5	1538	3721	74616	3730.8
ORTHO001425	Nodulin MtN3 family protein	AT3G16690;AT4G15920	5515;5488;3674;51119;15144;22891;22857;5215;6810;51234;51179;8150;55085;44763;9987;44699;44765;1902578;22892;1901476;8643;71702;34219;9705;5774;44437;44444;44424;44464;5575;5623;5622;5737;44446;44422;43226;43229;5773;43231;43227;98588;31090;16020;98805;325;1902334;35428;8645;15749;34486;16482;46907;51649;51641;7034;1902582;15755;51260;51259;6461;65003;43933;16043;71840;22607;44085;71822;70271;6995;9267;31669;31667;9991;9605;50896;31668;51716;71496;7154;42594;6950;33554;43562;9409;9266;9628;9744;34285;9743;10033;42221;1901700;5887;31226;44459;44425;5886;71944;31224;16021;8515;15154;15157;15772;15766;15770;5355;15149;15145;1904659;15758;6970;5353;9749;9746;34284;9750;33231;15284;8516;15292;15291;22804	3528	5075	6094.5	8661	2982.5	8382	4856.5	7156.5	7831	8319	3831.5	6717.5	7498	8727.5	5413.5	7782	1581	4673.5	1253	7692.5	4519	8260	7048.5	7591	119133.5	5.956.675
ORTHO002688	unknown protein	AT1G05575;AT2G31945	9061;45333;15980;6091;44237;8152;8150;9987;55114;44710;44699;44763;3674;5783;43231;43227;43226;5575;43229;44424;44464;5623;5622;44444;5737;12505	3529	6645	6144	8759	7662	5155.5	4587.5	6264	2301	8446	7999	5763	3650.5	7101	8093.5	6712.5	6409	4595	7042	8756	7636	7259	7048.5	6553	121372	6068.6
ORTHO008271	unknown protein	AT5G48240	5634;43231;43227;43226;5575;43229;44424;44464;5623;5622;5730;44428;44446;44422;43232;43228;31981;70013;43233;31974;3674;8150	3530	2727	2101.5	673	1812	194.5	1881	917.5	6660.5	7539	1810	743.5	6227	4244	5254.5	1830	130.5	5368	4607.5	4848	158.5	710	616	3179.5	56919.5	2.845.975
ORTHO003762	temperature-induced lipocalin	AT5G58070	5774;44437;44444;44424;44464;5575;5623;5622;5737;44446;44422;43226;43229;5773;43231;43227;98588;31090;16020;98805;9941;9526;31967;31975;44435;9536;44434;9507;5783;12505;6810;51234;51179;8150;9644;9642;9416;9314;9628;50896;1901002;48584;48518;50789;65007;48583;1901000;47484;80134;6883;6875;55065;98771;50801;48878;42592;65008;55080;30003;6873;55082;19725;44763;9987;44699;55078;55067;30004;9898;44459;44425;5886;71944;98562;98552;9408;9266;6950;5215;3674;9414;9415;1101;42221;10035;1901700;5576;42538;9651;6970;6972;10286;1901562;10033;50826;9409;9506;5911;30054;55044;9735;9725;9719;5794;10431;44702;22414;48609;32504;3;32501;3006;32502;21700;44767;48316;48608;48856;61458;48731;7275;44707;9791;10154;30644;55064;55083;55081;30320;30002;5739;1902884;1902882	3531	2348	5009	6487	1689.5	7694	6529.5	8816.5	2465.5	2101.5	3269.5	5372	1352	5258.5	551	1429.5	1786.5	7910.5	8734.5	1724	8438.5	8486	8115.5	8026	98061	4903.05
ORTHO006909	photosystem II reaction center PSB29 protein	AT2G20890	9941;9526;31967;31975;44464;5575;5623;44446;44422;43226;44424;5622;43229;43227;44435;44444;5737;9536;43231;44434;9507;9570;9532;9535;55035;42651;34357;16020;44436;9579;31976;31984;9534;9707;9527;31968;31090;19867;98805;98588;42170;31969;9523;9521;98796;43234;32991;44425;10207;43623;6461;65003;43933;16043;71840;8150;9987;22607;44085;71822;70271;34622;19684;6091;44237;8152;15979;45037;45036;1902580;51641;51179;1902578;44699;6605;6886;15031;45184;51234;8104;33036;71702;6810;46907;51649;34613;70727;1902582;44765;72596;72594;33365;72598;16482;44743;17038;65002;71806;55085;44763;10319;9528;19866;3674;10027;9668;44802;61024;9657;6996;5515;5488;45038;6612;90150;72657;10182;9756;7165;50794;50789;65007;51716;50896;7154;44700;23052;71322;71310;10033;42221;70887;1901701;1901700;9743;16021;31224;7186	3532	2982	2216	900	4356	2054	2080	3658.5	2541	1842.5	8892.5	1471	1352	4134.5	5254.5	1830	935.5	4747.5	122.5	4473	5265	2677	4085.5	3447.5	60864	3043.2
ORTHO001765	Outward rectifying potassium channel protein	AT5G55630	5774;44437;44444;44424;44464;5575;5623;5622;5737;44446;44422;43226;43229;5773;43231;43227;98588;31090;16020;98805;15269;5227;22839;22836;15267;22803;22857;5215;3674;6810;51234;51179;8150;55085;44763;9987;44699;44765;1902578;5261;5216;15075;22891;22892;34220;6811;22838;8324;98655;6812;5267;15079;15077;22890;15672;46873;30001;71805;98662;98660;71804;6813;15271;5249;22843;5244;22832;51049;32879;50789;65007;34765;34762;50794;43269;10029;1900140;48580;2000026;50793;51239;30007;6875;55065;98771;50801;48878;42592;65008;55080;30003;6873;55082;19725;55075;55067;30004;51260;51259;6461;65003;43933;16043;71840;22607;44085;71822;70271;10119	3533	3497	3004	2475	2097	460	1311	1709	1328.5	3147	3971	5053	1352	6292	1725.5	7360.5	1266	6683.5	7712	1460	218	8980	8775	7075	75879	3793.95
ORTHO003262	translocase inner membrane subunit 17-1	AT1G20350;AT2G37410	5744;98800;98796;43234;32991;5575;44425;16020;98798;44429;44444;44424;44464;5623;5622;5737;44446;44422;43226;43229;5739;43231;43227;44455;31966;31090;5740;31967;31975;5743;19866;30150;1902580;51641;51179;8150;1902578;44699;16482;46907;6810;51234;51649;70585;33365;34613;70727;33036;8104;72655;72594;45184;1990542;6839;1902582;44765;55085;44763;9987;44743;17038;15031;71702;65002;6886;71806;6626;6605;7005;6996;16043;71840;31305;31304;98573;31300;31224;32592;31301;16021;15266;15267;22803;22857;5215;3674;8320;8565;22892;22884;22891;15450;15405;15399;22804;45039;7007;7006;44802;61024;1902589;90151;90150;72657;5741;31968;19867;98805;98588	3534	4894	6339	9144	5476.5	8007.5	4698	8973	6712.5	5491	8798.5	9054.5	8859	5535	766.5	6712.5	7897.5	7408	8995.5	9136	8873.5	8398	3810	8847.5	136974	6848.7
ORTHO003697	Protein of unknown function (DUF962)	AT1G18720	9507;9536;43231;43227;43226;5575;43229;44424;44464;5623;5622;44444;5737;3674;8150	3535	6181	4105.5	4676	5651.5	6761.5	2452	6264	7183.5	2787	1312.5	3034.5	8519	2711.5	5254.5	3976.5	901	4887	7435.5	8478	822	5789.5	2877	6850.5	88297	4414.85
ORTHO007478	WRKY DNA-binding protein 13	AT4G39410	45893;10628;10604;9893;48518;50789;65007;8150;19222;60255;10468;1903508;1903506;2001141;31326;9889;31323;50794;51252;19219;80090;51171;10556;1902680;51254;45935;31325;48522;51173;31328;9891;10557;6355;2000112;5634;43231;43227;43226;5575;43229;44424;44464;5623;5622;1046;976;1990837;3690;43566;3677;3676;1901363;5488;3674;97159;43565;44212;975;1067;1047;3700;1071;1901141;1900376;43455;2000762;1904369;45597;45595;50793;51094;1904368	3536	4652	5229.5	6923	5938.5	4389	6595	6831.5	1691	4197	4046	567	1352	8210.5	7713.5	7782	4346.5	4673.5	4485	5245.5	7672.5	6429	7156	7453	100835.5	5.041.775
ORTHO006695	Protein of unknown function (DUF1666)	AT3G20260	3723;3676;1901363;5488;3674;97159;3735;5198;22625;15934;44391;30529;32991;5575;44424;44464;5623;5622;44444;5737;44446;44422;43226;43229;5840;43232;43228;44445;5829;22626;6412;43043;43604;43603;34641;6807;8152;8150;44237;9987;44271;44249;9058;6518;1901564;71704;1901566;1901576;44267;19538;43170;44238;44260;34645;9059;10467;42254;22613;44085;71840;5634;43231;43227	3537	2502	2304.5	1072	1689.5	994.5	776.5	6978.5	7455	642.5	1623	1576.5	5740	3815.5	5907.5	1606	3891.5	5221.5	4293	419.5	4384	2112.5	4451.5	1487.5	63376.5	3.168.825
ORTHO002489	allene oxide cyclase 3	AT3G25780	9507;9536;43231;43227;43226;5575;43229;44424;44464;5623;5622;44444;5737;9651;6970;9628;50896;8150;6950;5886;16020;71944;5774;44437;44446;44422;5773;98588;31090;98805;46423;16860;16853;3824;3674;8152;9975;9695;72330;46394;16053;6082;71704;44281;44710;44699;44763;9987;44237;44283;44711;9058;1901576;44249;19752;43436;32787;9694;9620;51707;43207;9605;9607;51704	3538	5557	5087.5	6637	2982.5	6529	3513	5957	6943.5	821	6343	3422.5	6071.5	1800.5	4842.5	5325.5	5864.5	3949	6700.5	6467.5	6180.5	5924	6040	6379.5	99074.5	4.953.725
ORTHO006849	bromodomain 4	AT1G61215	3677;3676;1901363;5488;3674;97159;8150;5634;43231;43227;43226;5575;43229;44424;44464;5623;5622	3539	5980	4341.5	5144	6664	4758	4118.5	5439.5	6379.5	5086	6543	4779	5740	1800.5	3521.5	5325.5	4548.5	2724.5	5220.5	6632	4384	4612.5	4324	4801	90738	4536.9
ORTHO004230	Seven transmembrane MLO family protein	AT1G26700;AT5G53760	5739;43231;43227;43226;5575;43229;44424;44464;5623;5622;44444;5737;8219;16265;44699;8150;44763;9987;5516;5515;5488;3674;6952;6950;50896;5886;16020;71944;5634	3540	2550	4283	5026	4356	8600	1330.5	1780.5	8808.5	2455.5	3269.5	7237	4159	5175	551	1429.5	7582.5	7910.5	1389	711.5	1982	8617.5	9022.5	8159	90170.5	4.508.525
ORTHO004474	NAD(P)-binding Rossmann-fold superfamily protein	AT5G14700	3824;3674;8152;8150;16621;16620;16903;16491;55114;44710;44699;9809;9808;9698;19748;6725;44237;9987;1901360;71704;44763;9699;19438;44249;9058;1901362;1901576;44550;44711;50662;48037;5488;5575	3541	4572	3190.5	2840	5938.5	1500	3430	2614.5	6823.5	1626.5	3136.5	2729	5740	3408	5034.5	6712.5	5194	2199.5	3233.5	6322.5	3870	5603	3702.5	5222.5	78102.5	3.905.125
ORTHO007867	RING/U-box superfamily protein	AT5G01160	5634;43231;43227;43226;5575;43229;44424;44464;5623;5622	3542	2755	5267.5	6993	4356	4827.5	8586	4571	7183.5	7407.5	4815.5	5209	5740	6475	6867.5	7782	6722.5	7571	2519	2534.5	2506	3026	3986	2940	101269.5	5.063.475
ORTHO001021_1	metallopeptidase M24 family protein	AT3G51800;AT3G51820	5886;16020;5575;44464;5623;71944;7275;44767;32502;8150;44699;44707;32501;6364;34470;34660;16070;44260;43170;71704;8152;44237;9987;90304;6139;46483;6725;1901360;34641;6807;44238;6396;10467;16072;42254;22613;44085;71840;6355;1903506;2001141;31326;9889;19222;50789;65007;31323;50794;51252;19219;80090;51171;60255;10556;10468;2000112;9734;9755;7165;51716;50896;7154;44763;44700;23052;32870;9725;9719;10033;42221;71495;71310;70887;71365;9733;1558;40008;51128;5634;43231;43227;43226;43229;44424;5622;3700;1071;3674;5730;44428;44446;44422;43232;43228;31981;70013;43233;31974;4177;8238;70011;8233;16787;3824;6508;19538;8235;8237;9735;30529;32991;8283;51302;44843;44770;22402;7049;3723;3676;1901363;5488;97159;9534;31976;9579;31984;44435;44444;5737;9536;44434;9507;15995;6779;51188;51186;44249;9058;6778;33013;1901564;33014;19438;44271;18130;1901362;1901576;1901566;46148;42440;44710;44711;15994;31969;42170;31090;9526;31967;31975;9941;9535;55035;42651;34357;44436;46408;4659;16765;16740;16021;31224;44425	3543	3722	2453	1363	2097	4758	2703	1322	4387	7298.5	2809.5	3422.5	4738	3815.5	2702.5	1606	562	1921.5	122.5	6467.5	3978	3026	5171.5	6057.5	66869	3343.45
ORTHO004136	Late embryogenesis abundant protein; group 1 protein	AT1G32560;AT2G35300	6970;9628;50896;8150;6950;9793;44702;22414;44699;3006;32502;9790;44767;48856;7275;44707;32501;48316;48608;61458;48731;9791;10154;9414;9415;1101;42221;10035;1901700;3674;9506;5911;30054;5575;55044;5829;44444;44424;44464;5623;5622;5737;48868;9856;44703;51704;44706	3544	4455	3429	3314	2982.5	8881.5	3129.5	2838	7632	8118.5	3749	551.5	1352	3408	3521.5	6712.5	7542.5	2724.5	3039	5519.5	3478.5	2677	1640	4413.5	80928.5	4.046.425
ORTHO003522	Ribosomal protein L24e family protein	AT2G44860	22625;15934;44391;30529;32991;5575;44424;44464;5623;5622;44444;5737;44446;44422;43226;43229;5840;43232;43228;44445;5829;22626;42254;22613;44085;71840;8150;6412;43043;43604;43603;34641;6807;8152;44237;9987;44271;44249;9058;6518;1901564;71704;1901566;1901576;44267;19538;43170;44238;44260;34645;9059;10467;27;22618;71826;43933;16043;34622;65003;22607;42255;70925;6996;42273;5634;43231;43227;5730;44428;31981;70013;43233;31974;3735;5198;3674;1902626;44822;3723;3676;1901363;5488;97159	3545	3977	3995	4445	5196	6529	8109.5	3003.5	6379.5	6089.5	5372	7788	4555.5	4134.5	4462	2914	7240	5944.5	3944	5369.5	3236.5	837.5	241.5	926.5	87077	4353.85
ORTHO003622	Integrase-type DNA-binding superfamily protein	AT2G44940	9873;160;35556;7165;50794;50789;65007;8150;51716;9987;50896;7154;44763;44699;44700;23052;9755;32870;9725;9719;10033;42221;71495;71310;70887;71369;9723;44212;975;3677;3676;1901363;5488;3674;97159;1067;3700;1071;2001141;31326;9889;19222;31323;51252;19219;80090;51171;60255;10556;6355;1903506;10468;2000112;5634;43231;43227;43226;5575;43229;44424;44464;5623;5622;6351;34645;44260;43170;71704;8152;44237;9059;1901576;9058;44249;97659;32774;16070;90304;6139;46483;6725;1901360;34641;6807;44238;34654;19438;44271;18130;1901362;10467	3546	6301	5807.5	8069	7245.5	6529	8552.5	6142.5	4418	6139.5	1981	3218	8519	2711.5	4842.5	3976.5	6409	3949	7042	8320	7386	6266	6854	6553	109809	5490.45
ORTHO005500	AAA-type ATPase family protein / ankyrin repeat family protein	AT3G24530	16887;17111;16462;16818;16817;16787;3824;3674;8152;8150;5524;35639;1901265;1901363;5488;97159;43168;43167;32559;30554;17076;166;36094;32555;32553;97367;32550;32549;1882;1883;9507;9536;43231;43227;43226;5575;43229;44424;44464;5623;5622;44444;5737;19538;43170;71704;44238;5886;16020;71944	3547	1581	3280.5	3014	1281	451.5	8054.5	1322	317.5	1155	1312.5	1422	1352	8151	9094.5	2476	7299	7073	8239.5	7080	2072	7147.5	1878.5	3289.5	79187.5	3.959.375
ORTHO005775	4-hydroxy-3-methylbut-2-enyl diphosphate synthase	AT5G60600	9862;9863;7165;50794;50789;65007;8150;51716;9987;50896;7154;44763;44699;44700;23052;71446;71407;14070;10033;42221;71310;70887;9751;1101;1901700;71229;1901701;9627;9814;98542;6952;6950;51707;43207;9605;9607;51704;45087;6955;2376;8299;6720;44255;6629;71704;8152;44710;44238;44237;8610;1901576;9058;44711;44249;46429;52592;16725;16491;3824;3674;55114;5634;43231;43227;43226;5575;43229;44424;44464;5623;5622;9570;9532;44435;44444;5737;44446;44422;9536;44434;9507;9941;9526;31967;31975;16114;6721;19288;6090;32787;19752;43436;6082;44281;9240;46490;6644;19637;6793;6796;8654;90407;19682;6081;1901135;9617;5506;46914;46872;43169;43167;5488;51539;51536;51540	3548	3243	4951	6354	4356	2467	2791.5	7290.5	5851.5	3372	2129.5	2197	7031	6971	7162	7782	1507	5368	5400	4778	7254	7259	6709	3920	97240	4862
ORTHO005661	unknown protein	AT5G55610	9507;9536;43231;43227;43226;5575;43229;44424;44464;5623;5622;44444;5737;16020;5739	3549	3147	5426.5	7304	2097	2776	8090	2392	393.5	5767	9098	5053	1352	8897	6192.5	2476	7029	7028	8458.5	6001	8300	7683.5	2120	4291.5	103398.5	5.169.925
ORTHO002823	sequence-specific DNA binding transcription factors	AT3G58630	6355;1903506;2001141;31326;9889;19222;50789;65007;8150;31323;50794;51252;19219;80090;51171;60255;10556;10468;2000112;5634;43231;43227;43226;5575;43229;44424;44464;5623;5622;3700;1071;3674	3550	6809	3006.5	2463	5439	585	4457	8296.5	4164	4095	7594	1755.5	4492.5	1254	4842.5	3023.5	6549	1360.5	6265.5	6632	4023	1466	4065	885.5	75806	3790.3
ORTHO005171	unknown protein	AT1G33490;AT4G10140	3674;5783;43231;43227;43226;5575;43229;44424;44464;5623;5622;44444;5737;12505;8150;5739;5794	3551	2944	2486	1421	4356	1705	7187.5	917.5	2367.5	4496.5	2539	497	1352	6764.5	6867.5	2476	4761	4507	4715	1869	3719.5	3609.5	4131	3103.5	67585.5	3.379.275
ORTHO005055	haloacid dehalogenase-like hydrolase family protein	AT5G53850	19284;71267;71265;9086;97;96;6790;44237;8152;8150;9987;6520;1901564;71704;6807;19752;43436;6082;44281;44710;44699;44763;44238;44272;44249;9058;8652;46394;16053;44283;44711;1901576;1901566;9067;9066;1901605;1901607;6555;43102;43094;46500;6732;51186;6575;46128;9119;9116;55086;6139;46483;6725;1901360;34641;1901657;1901135;42278;72521;33353;9069;46498;5737;44424;44464;5575;5623;5622;9570;9532;44435;44444;44446;44422;43226;43229;9536;43231;43227;44434;9507;19509;43874;16791;42578;16788;16787;3824;3674;16311;6796;6793;8270;46914;46872;43169;43167;5488;46570;16836;16835;16829;5829;43715;16862;16860;16853;287;43716	3552	4452	6001.5	8451	5938.5	1777	5560.5	2545	1545.5	6825	8892.5	6741.5	7377.5	8316	7999	7782	5194	4673.5	8083	4211	5170.5	6895.5	7818	7453	114860	5743
ORTHO001749	beta-hexosaminidase 3	AT1G65590;AT3G55260	5975;71704;8152;8150;44238;4563;15929;4553;16798;16787;3824;3674;9505;5618;30312;44464;5575;5623;71944;5886;16020;5773;43231;43227;43226;43229;44424;5622;44444;5737;5829	3553	4007	2746	1939	1551	8135	4118.5	3003.5	8359.5	3190.5	2809.5	1708.5	4555.5	3497	4462	2914	737	6217	3283.5	5369.5	4103	1695	3407	595.5	72161	3608.05
ORTHO003412	unknown protein	AT5G10010	3674;5737;44424;44464;5575;5623;5622;5730;44428;44446;44422;43226;43229;5634;43231;43227;43232;43228;31981;70013;43233;31974;10369;98687;44427;5694;10286;9408;9266;9628;50896;8150;6950	3554	5188	4487.5	5421	5552	1329	3513	5813.5	7183.5	3293	2653	6770	1352	4360.5	5596.5	6712.5	6162	3580	6265.5	6368.5	5988	5603	4026	5601	92170.5	4.608.525
ORTHO005756	K-box region and MADS-box transcription factor family protein	AT4G09960	6355;1903506;2001141;31326;9889;19222;50789;65007;8150;31323;50794;51252;19219;80090;51171;60255;10556;10468;2000112;3677;3676;1901363;5488;3674;97159;5515;3700;1071;5634;43231;43227;43226;5575;43229;44424;44464;5623;5622;6351;34645;44260;43170;71704;8152;44237;9987;9059;1901576;9058;44249;97659;32774;16070;90304;6139;46483;6725;1901360;34641;6807;44238;34654;19438;44271;18130;1901362;10467;46983;48481;3006;32502;22414;48856;35670;48608;61458;48731;7275;44767;44699;44707;32501;48440;48827;48367;48437;44702;48569;48513;9908;90567;9791;48467;48438;48316;10154;80155;80154;43900;2000241	3555	1042	2204.5	854	672.5	3726.5	624.5	357.5	597.5	2551	744	8595.5	1352	7850	8968.5	976.5	3448	6590	615.5	270.5	1063.5	6648	4178	988.5	60145.5	3.007.275
ORTHO007991	unknown protein	AT3G51580	5768;43231;43227;43226;5575;43229;44424;44464;5623;5622;44444;5737;12505;5886;16020;71944;5794;8150;5802;98791;44431;44446;44422;31984;3674	3556	2885	5213.5	6871	4356	8278	3327	4312	5994	4682	8984.5	3950.5	1352	6971	7258.5	2476	5404	5886.5	1086	8691.5	5637	6512.5	5762.5	3920	100485.5	5.024.275
ORTHO000277_1	tubby like protein 3	AT2G47900	5654;44428;44446;44422;5575;43226;44424;44464;5623;5622;43229;5634;43231;43227;31981;70013;43233;31974;9536;44444;5737;3700;1071;3674;2001141;31326;9889;19222;50789;65007;8150;31323;50794;51252;19219;80090;51171;60255;10556;6355;1903506;10468;2000112;71470;71214;9628;50896;51716;9987;6970;6950;33554;9620;51707;43207;9605;9607;51704;5829;8081;42578;16788;16787;3824;8152;5886;16020;71944;9651;42542;302;6979;1901700;42221;10035	3557	7124	6361	9165	7947.5	8183	4341	8598.5	7899.5	8398	8737.5	6404.5	4004	8616.5	5746.5	6075	7324	5720	8354.5	9032	8300	8425.5	8723	8821.5	141704.5	7.085.225
ORTHO004936	SRP72 RNA-binding domain	AT1G67650;AT1G67680	5786;48500;30529;32991;5575;44424;44464;5623;5622;44444;5737;6614;6613;6612;6605;6886;15031;45184;51234;51179;8150;8104;33036;71702;6810;46907;51649;51641;34613;70727;1902582;44765;1902578;44699;90150;72657;44802;61024;16043;71840;9987;44763;1902580;45047;16482;72599;72594;33365;70972;9506;5911;30054;55044;5829	3558	2950	3364.5	3171	4356	2629	5873	1709	2628	1655.5	3526	5667	1352	5350.5	693	1429.5	8505.5	7637	1807.5	4012.5	8019	7972	2341	7315.5	80122.5	4.006.125
ORTHO002849	Peroxidase superfamily protein	AT5G42180	9664;71555;45229;16043;71840;8150;9987;71554;71669;6950;50896;4601;16684;16491;3824;3674;8152;55114;44710;44699;16209;9505;5618;30312;44464;5575;5623;71944;9506;5911;30054;55044;5576	3559	5154	3003.5	2448	2982.5	113	6021	397	3198	6381.5	5328.5	1830	1352	7699.5	2702.5	3976.5	2365	8979	2952.5	3331	2993.5	8380.5	2479	5222.5	75702.5	3.785.125
ORTHO005499	alpha/beta-Hydrolases superfamily protein	AT5G11650	16020;5575;6629;71704;8152;8150;44710;44699;44238;16298;16788;16787;3824;3674	3560	2731	3252.5	2945	4356	4647.5	7043	3971	2940	1282.5	4188.5	597.5	1352	6764.5	7017.5	2476	4408.5	7181.5	5220.5	3146	2214.5	5603	5171.5	3635.5	78861	3943.05
ORTHO000748	Glycosyl hydrolases family 32 protein	AT1G12240;AT1G62660	9505;5618;30312;44464;5575;5623;71944;5773;43231;43227;43226;43229;44424;5622;44444;5737;9738;9755;7165;50794;50789;65007;8150;51716;9987;50896;7154;44763;44699;44700;23052;32870;9725;9719;10033;42221;71495;71310;70887;71215;9737;33993;97305;1901700;1101;71396;97306;1901701;71229;325;71370;9739;4553;16798;16787;3824;3674;8152;4575;90599;15926;4564;9617;51707;43207;9605;9607;51704;5985;5984;44262;5975;71704;44238;44237;9311;44723;44710;80022;48364;44767;32502;48513;48856;48731;7275;44707;32501;22622	3561	6115	4746.5	5932	5552	7633.5	3513	5698.5	6943.5	2591.5	2290	3422.5	6071.5	1800.5	4705.5	3976.5	5864.5	3580	6531	7747	6180.5	5603	4481.5	6281	94915	4745.75
ORTHO005776	unknown protein	AT5G53440	5634;43231;43227;43226;5575;43229;44424;44464;5623;5622;3674;5829;44444;5737;8150	3562	3558	3992.5	4423	1522.5	3364	7698.5	7588.5	2338	2059	5610	528	6804.5	8123.5	8276	2821	3796.5	6683.5	1765.5	7408.5	1166.5	6182.5	3748.5	1029	86991.5	4.349.575
ORTHO004311	Phox-associated domain	AT2G15900	7165;50794;50789;65007;8150;51716;9987;50896;7154;44763;44699;44700;23052;35091;5543;8289;5488;3674;43168;43167;35556;5794;43231;43227;43226;5575;43229;44424;44464;5623;5622;44444;5737;12505	3563	2414	3701.75	3840.5	4356	1423	5903	1013.5	597.5	2025.5	2290	1658	7498	7536	7258.5	2476	5685	6183.5	7742	1654	5903.5	6612.5	6282.5	4117.5	83859.5	4.192.975
ORTHO001576_2	small G protein family protein / RhoGAP family protein	AT5G61530;AT5G61540	5096;8047;30234;98772;3674;50790;19222;50789;65007;8150;65009;43085;44093;9893;48518;30695;60589;43547;43087;51336;51345;5737;44424;44464;5575;5623;5622;8798;8242;8238;70011;8233;16787;3824;8152;6508;19538;43170;71704;44238;4067;16811;16810;33345;6530;6528;43603;34641;6807;44237;9987;9066;1901605;6520;1901564;19752;43436;6082;44281;44710;44699;44763;9065;1901606;9063;46395;16054;44282;44712;9056;1901575;44248;1901565;9064;9068;5576;3948;51604;10467;6516;30163;9057;44265;44260;9100;1901135;1901136	3564	3263	3948.5	4333	2097	4344.5	3628.5	8810.5	8950	5808	6343	2086	4738	3815.5	2702.5	3976.5	737	2199.5	3385	6467.5	4103	3222.5	5171.5	6057.5	86546.5	4.327.325
ORTHO001689	ethylene responsive element binding factor 1	AT4G17500	51301;44763;9987;8150;44699;3700;1071;3674;2001141;31326;9889;19222;50789;65007;31323;50794;51252;19219;80090;51171;60255;10556;6355;1903506;10468;2000112;5643;44428;44446;44422;5575;43226;44424;44464;5623;5622;43229;5634;43231;43227;5635;31967;31975;12505;6351;34645;44260;43170;71704;8152;44237;9059;1901576;9058;44249;97659;32774;16070;90304;6139;46483;6725;1901360;34641;6807;44238;34654;19438;44271;18130;1901362;10467;1944;48731;48856;32502;7275;44767;44707;32501;72358;72359;10200;10243;9719;50896;10033;42221;1901698;1901700;45893;10628;10604;9893;48518;1903508;1902680;51254;45935;31325;48522;51173;31328;9891;10557;3677;3676;1901363;5488;97159	3565	942	2538.5	1512	4356	3632	2703	1547.5	7978	2945.5	982	2640.5	1352	8418.5	8638.5	1073.5	1839	6388.5	967.5	4258.5	5637	4169	1004	2166	68340.5	3.417.025
ORTHO007398	crumpled leaf	AT5G51020	43572;48285;6996;16043;71840;8150;9987;51302;50794;50789;65007;10020;9658;9657;9507;9536;43231;43227;43226;5575;43229;44424;44464;5623;5622;44444;5737;46741;46739;44000;51814;52192;40011;44403;44419;51704;52126;51701;46794;16032;44764;44766;6810;51234;51179;1902579;16829;3824;3674;8152;302;6979;6950;50896;1901700;42221;9707;9527;31968;31090;16020;44422;19867;98805;31967;31975;44446;98588;42170;44435;9526;31969;44434;9941;16021;31224;44425;98586;9615;51707;43207;9605;9607	3566	4426	4377	5188	2982.5	6149	7218	6428.5	7046.5	1282.5	2129.5	7861	6316	1800.5	5034.5	6712.5	3796.5	3121	3529	2713.5	4445	3453.5	5541.5	6379.5	90958	4547.9
ORTHO001764	Zinc-binding ribosomal protein family protein	AT3G10950;AT3G60245	6412;43043;43604;43603;34641;6807;8152;8150;44237;9987;44271;44249;9058;6518;1901564;71704;1901566;1901576;44267;19538;43170;44238;44260;34645;9059;10467;3735;5198;3674;42254;22613;44085;71840;5737;44424;44464;5575;5623;5622;5829;44444;44822;3723;3676;1901363;5488;97159;22625;15934;44391;30529;32991;44446;44422;43226;43229;5840;43232;43228;44445;22626	3567	5919	6227.5	8888	6664	8399	5261.5	2684	8541.5	3337	3526	6981	7258.5	8210.5	7885	5325.5	7137.5	5452.5	7042	6960	7786.5	7683.5	8202.5	7376.5	125050.5	6.252.525
ORTHO003343	CDC27  family protein	AT2G20000;AT3G16320	5515;5488;3674;51510;22604;22603;50793;50789;65007;8150;51128;50794;1558;40008;48638;5634;43231;43227;43226;5575;43229;44424;44464;5623;5622;5680;152;44428;44446;44422;151;1990234;1902494;43234;32991;31461;7067;280;48285;6996;16043;71840;9987;1903047;22402;44763;44699;7049;278;1902589;16567;32446;70647;6464;36211;19538;43170;71704;8152;44238;43412;44267;44260;44237;51301;7276;44702;22414;48609;32504;3;32501;19953;44703;51704;9504;44444;5737;7346;51726;51302;48364;44767;32502;48513;48856;48731;7275;44707;22622;5819;44430;5856;43232;43228;15630;30154;48869;48829;10071;90421;10014;9933;48532;9653;48507;9888;3006;48508;9793;9790;48316;48608;61458;9791;10154;10015;9733;9725;9719;50896;10033;42221	3568	3764	4086.5	4605	4356	1089	7087	3166	3215.5	8535.5	4265.5	5257	5740	6501	6867.5	7782	8494	6683.5	1232	2092	2686	2837	1730	2575	87835.5	4.391.775
ORTHO001175	Ribosomal protein L6 family	AT1G33120;AT1G33140;AT4G10450	6412;43043;43604;43603;34641;6807;8152;8150;44237;9987;44271;44249;9058;6518;1901564;71704;1901566;1901576;44267;19538;43170;44238;44260;34645;9059;10467;5774;44437;44444;44424;44464;5575;5623;5622;5737;44446;44422;43226;43229;5773;43231;43227;98588;31090;16020;98805;22626;44445;5829;5840;30529;32991;43232;43228;5730;44428;5634;31981;70013;43233;31974;9507;9536;15934;44391;3735;5198;3674;9506;5911;30054;55044;5886;71944;9941;9526;31967;31975;44435;44434;22625;9955;3002;7389;44767;32502;44699;44707;32501;7275;19843;3723;3676;1901363;5488;97159	3569	3788	2569.5	1570	5196	4758	7441.5	3095.5	2412.5	3873	3596.5	1889	4492.5	3815.5	4462	1239.5	2999	6388.5	3944	5303	3375	1656	3227	847	68815	3440.75
ORTHO000789_2	heat shock protein 70 (Hsp 70) family protein	AT1G11660	6457;9987;8150;5524;35639;1901265;1901363;5488;3674;97159;43168;43167;32559;30554;17076;166;36094;32555;32553;97367;32550;32549;1882;1883;5634;43231;43227;43226;5575;43229;44424;44464;5623;5622	3570	3673	4780	5990	2097	1423	6670	1484	931	3252.5	2129.5	6883.5	1352	7300	7258.5	7782	210.5	5626	8526	6397	7709	7683.5	8485	4117.5	95220.5	4.761.025
ORTHO003799	FtsJ-like methyltransferase family protein	AT4G25730	30687;30684;30529;32991;5575;44424;44464;5623;5622;466;460;6364;34470;34660;16070;44260;43170;71704;8152;8150;44237;9987;90304;6139;46483;6725;1901360;34641;6807;44238;6396;10467;16072;42254;22613;44085;71840;463;470;42273;31167;1510;43414;32259;43412;9451;154;5730;44428;44446;44422;43226;43229;5634;43231;43227;43232;43228;31981;70013;43233;31974;8650;8171;8168;16741;16740;3824;3674;16436;8649;8757;8173;16435	3571	2426	2363	1155	1479.5	3489.5	2881	2545	7046.5	2025.5	5508	1422	5467.5	6347.5	7939.5	2914	3132	1921.5	284	6467.5	945.5	1778.5	1424	913	64452	3222.6
ORTHO005358	Protein of unknown function (DUF668)	AT3G23160	8150;3674	3572	2637	4340	5108	4356	1329	1881	4503	4645.5	5342.5	1623	863	4010.5	7954.5	7667.5	2476	7397	6590	8332	5637	7254	6429	1661.5	4972	90568	4528.4
ORTHO006805	Protein of unknown function; DUF538	AT4G24130	5737;44424;44464;5575;5623;5622;5634;43231;43227;43226;43229;8150	3573	3490	2399.5	1226	2097	3446.5	2452	6573	1042.5	2856.5	2129.5	3218	4955.5	3815.5	1145.5	6075	562	3949	188	6754	4519	3609.5	5710.5	2314	65315.5	3.265.775
ORTHO006917	Calcium-dependent lipid-binding (CaLB domain) family protein	AT4G34150	9409;9266;9628;50896;8150;6950;9506;5911;30054;5575;55044;5829;44444;44424;44464;5623;5622;5737	3574	4835	3749.5	3925	5938.5	8334.5	6542.5	6428.5	2069	855	6543	1954	6071.5	1800.5	5034.5	6712.5	3682	2199.5	3011	4331	4103	3222.5	5263	6210	84367.5	4.218.375
ORTHO001966	Protein of unknown function (DUF1022)	AT5G06180;AT5G22350	3674;8150;266;48285;6996;16043;71840;9987;7005;5741;31966;31090;16020;5575;44422;43226;43227;44429;44444;44424;44464;5623;5622;5737;44446;43229;5739;43231;5740;31967;31975;31968;19867;98805;98588;33365;34613;70727;51641;51179;33036;8104;5634;5515;5488	3575	6771	3627	3679	7662	8323	5917.5	3108.5	2666	5847	5873	7162	6895.5	2711.5	1725.5	3976.5	1266	1538.5	3553	3013.5	4833.5	2763	4224.5	7508	82906	4145.3
ORTHO000285_1	aldehyde dehydrogenase 2B7	AT1G23800;AT3G48000	5759;44429;44444;44424;44464;5575;5623;5622;5737;44446;44422;43226;43229;5739;43231;43227;70013;43233;31974;9507;9536;55114;44710;8152;8150;44699;4029;16620;16903;16491;3824;3674;4028;5524;35639;1901265;1901363;5488;97159;43168;43167;32559;30554;17076;166;36094;32555;32553;97367;32550;32549;1882;1883;46686;10038;10035;42221;50896	3576	6040	4245	4914	5552	9004.5	9004	4734	3813	6345	5669.5	8284.5	5066	2711.5	2702.5	3976.5	1155.5	1568.5	375.5	3899.5	4023	4423	4586	8258.5	89600.5	4.480.025
ORTHO007169	phosphate transporter 2	AT3G26570	9941;9526;31967;31975;44464;5575;5623;44446;44422;43226;44424;5622;43229;43227;44435;44444;5737;9536;43231;44434;9507;15293;15291;22804;22857;5215;3674;6810;51234;51179;8150;55085;44763;9987;44699;44765;1902578;9706;9528;19866;31090;16020;42170;31969;16021;31224;44425;6817;15698;6820;6811;5315;1901677;9673;15114;15103;8509;15075;22891;22892;34220;98656;35435;98661;98660	3577	2265	5099	6621	1689.5	2054	2080	1547.5	8447.5	450.5	3136.5	5257	8754.5	5023	473.5	1429.5	7615.5	8054.5	8987	616.5	8738	8763	9065.5	8491	98984.5	4.949.225
ORTHO003849	uridine 5'-monophosphate synthase / UMP synthase (PYRE-F) (UMPS)	AT3G54470	4590;16831;16830;16829;3824;3674;8152;8150;6207;19856;72528;44271;34641;6807;44237;9987;44249;9058;18130;46483;1901362;1901360;71704;1901576;72527;1901564;1901566;6206;9112;55086;6139;6725;44238;44281;44710;44699;44763;46112;44711;5737;44424;44464;5575;5623;5622;44205;6222;9220;9260;46390;19693;19637;6793;1901135;6796;90407;1901137;9165;1901293;6753;34654;19438;9117;9259;9218;6220;6221;9174;9173;9161;9123;9129;9130;9124;9156;46132;46131;9119;9116;1901657;6213;46134;9163;1901659;42455;46049;16036;9267;31669;31667;9991;9605;50896;31668;51716;71496;7154;42594;6950;33554;4588;16763;16757;16740;5829;44444;46686;10038;10035;42221	3578	1619	5140.25	6702.5	4356	5090	6283.5	3450	3291	2524.5	4650	6464.5	8410.5	8825.5	6560	797.5	8494	8488	8750.5	2289	2827	7147.5	2214	2850	99407	4970.35
ORTHO005887	Regulator of chromosome condensation (RCC1) family protein	AT3G02510;AT5G16040	3682;44877;5488;3674;8536;17016;31267;51020;19899;5515;8150;5886;16020;5575;44464;5623;71944;5737;44424;5622	3579	5052	5208	6837	2982.5	1329	3327	5957	6823.5	8118.5	6343	8107.5	6071.5	1800.5	5034.5	5325.5	693.5	3949	6700.5	6467.5	6180.5	5924	6040	6057.5	100250	5012.5
ORTHO008100	unknown protein	AT3G06890	5575;8150;3674	3580	5420	4466.75	5353.5	6358.5	8518.5	5146.5	5348	6712.5	2945.5	7382.5	1755.5	6071.5	1800.5	4462	5325.5	5404	2558	257	5126.5	5637	5789.5	5649	5913	91802.5	4.590.125
ORTHO006937	Leucine-rich repeat (LRR) family protein	AT5G07910	5886;16020;5575;44464;5623;71944	3581	2581	4200	4819	4356	3368	652	4133.5	9126	7584	4793.5	7343	1352	7213.5	7258.5	2476	5561	8794	2519	1632	2929.5	5376	2965	4060.5	89137	4456.85
ORTHO005268	translocon at the inner envelope membrane of chloroplasts 110	AT1G06950	31897;98796;43234;32991;5575;44425;16020;44434;44435;44444;44424;44464;5623;5622;5737;44446;44422;43226;43229;9536;43231;43227;9507;9706;9528;19866;31090;31967;31975;42170;9526;31969;9941;45037;45036;1902580;51641;51179;8150;1902578;44699;6605;6886;15031;45184;51234;8104;33036;71702;6810;46907;51649;34613;70727;1902582;44765;72596;72594;33365;72598;16482;44743;17038;65002;71806;55085;44763;9987;9658;9657;6996;16043;71840;5515;5488;3674;16021;31224	3582	4123	5827.5	8073	5938.5	6643.5	7472.5	2614.5	7455	5032	7734.5	8078.5	1352	6764.5	7885	7782	5685	4595	4830.5	8025.5	4946	3955.5	1767.5	7266.5	109885.5	5.494.275
ORTHO008377	Homeodomain-like superfamily protein	AT3G16350	46686;10038;10035;42221;50896;8150;9739;9725;9719;10033;33993;1101;1901700;9651;6970;9628;6950;6355;1903506;2001141;31326;9889;19222;50789;65007;31323;50794;51252;19219;80090;51171;60255;10556;10468;2000112;3700;1071;3674;8270;46914;46872;43169;43167;5488;3677;3676;1901363;97159;9753;9723;3682;44877;9733;5634;43231;43227;43226;5575;43229;44424;44464;5623;5622	3583	3872	2940.75	2298.5	4356	1227	2328.5	6142.5	5994	295	6763.5	6171.5	1352	3815.5	3265	6712.5	4252.5	4400	3977	4012.5	4668.5	3222.5	3621	2439.5	74660.5	3.733.025
ORTHO005545	Peptidase M50 family protein	AT1G05140;AT2G32480	16021;31224;44425;5575;16020;4222;4175;70011;8233;16787;3824;3674;8152;8150;6508;19538;43170;71704;44238;8237;5886;44464;5623;71944;9706;9528;19866;31090;44422;43226;43227;44424;5622;31967;31975;44446;43229;42170;44435;44444;5737;9536;43231;9526;31969;44434;9507;9941;46872;43169;43167;5488;9658;9657;6996;16043;71840;9987	3584	4124	4985	6386	2375	7482.5	1011	8968	1328.5	6934	2992.5	1687.5	1352	6971	8093.5	5325.5	5764.5	5368	6897.5	1043.5	6908	7259	8202.5	3841	97430	4871.5
ORTHO005447	unknown protein	AT1G16520;AT1G56080	22857;5215;3674;6810;51234;51179;8150;55085;44763;9987;44699;44765;1902578;5886;16020;5575;44464;5623;71944;5634;43231;43227;43226;43229;44424;5622;16021;31224;44425	3585	1093	3974.5	4364	1066.5	2776	1985	4200.5	2390.5	1842.5	5596.5	4467	4109	8843	6560	797.5	7721	7028	4795.5	4809.5	7386	6759.5	1790	2850	86707	4335.35
ORTHO003047	unknown protein	AT1G11120	3674;5634;43231;43227;43226;5575;43229;44424;44464;5623;5622;8150	3586	6820	4556.5	5527	7662	3750.5	4971.5	6741	8721	8934.5	4445.5	7910	1352	4368	2702.5	8358	3200.5	5368	1486.5	6274.5	5422.5	2677	3311.5	2699.5	92694.5	4.634.725
ORTHO005039	4-phospho-panto-thenoylcysteine synthetase	AT1G12350	15937;9108;51188;51186;44237;8152;8150;9987;44249;9058;6732;34033;33866;1901293;90407;19637;71704;6793;1901576;6753;55086;6139;46483;6725;1901360;34641;6807;44238;44281;44710;44699;44763;6796;34654;19438;44271;18130;1901362;44711;33865;34032;72521;1901564;72522;1901566;34030;33875;9152;9150;6163;9117;9259;19693;1901135;9260;46390;1901137;9165;6164;15936;46128;9119;9116;1901657;42278;46129;42451;9163;1901659;42455;3824;3674;9507;9536;43231;43227;43226;5575;43229;44424;44464;5623;5622;44444;5737;4632;16881;16879;16874	3587	3208	2546.5	1506	2097	8152	776.5	6831.5	5355.5	450.5	8770	998	5740	3815.5	4705.5	1830	4346.5	3121	154	951.5	5422.5	2433.5	1594	2850	68298	3414.9
ORTHO002201	myb domain protein 93	AT1G34670	9751;14070;10033;42221;50896;8150;1101;1901700;6355;1903506;2001141;31326;9889;19222;50789;65007;31323;50794;51252;19219;80090;51171;60255;10556;10468;2000112;3700;1071;3674;3682;44877;5488;5634;43231;43227;43226;5575;43229;44424;44464;5623;5622;3677;3676;1901363;97159;9733;9725;9719;9737;33993;97305	3588	5013	3589	3590	2982.5	1089	2881	6142.5	2804.5	2945.5	2290	6908.5	1352	1800.5	5413.5	6712.5	4004	3121	3857.5	6860	4668.5	6266	6040	7266.5	82423	4121.15
ORTHO000506_2	FUS3-complementing gene 2	AT4G24740	5634;43231;43227;43226;5575;43229;44424;44464;5623;5622;5524;35639;1901265;1901363;5488;3674;97159;43168;43167;32559;30554;17076;166;36094;32555;32553;97367;32550;32549;1882;1883;6468;16310;6796;6793;44237;8152;8150;9987;6464;36211;19538;43170;71704;44238;43412;44267;44260;46777;4712;4672;16301;16772;16740;3824;16773;4674;6397;16071;16070;90304;6139;46483;6725;1901360;34641;6807;6396;10467;5515	3589	7182	6325.5	9062	7947.5	7563	7280.5	6741	3324.5	6733	8314	6701	3840.5	8210.5	4462	6075	6896.5	5518	7950	8853	7489.5	8197.5	8574.5	8639.5	131363.5	6.568.175
ORTHO008625	zinc finger (C2H2 type) family protein	AT2G29660	31225;31224;44425;5575;16020;46872;43169;43167;5488;3674;6355;1903506;2001141;31326;9889;19222;50789;65007;8150;31323;50794;51252;19219;80090;51171;60255;10556;10468;2000112;3950;16763;16757;16740;3824;8152;3676;1901363;97159;8270;46914;5576;3700;1071	3590	3550	4424	5258	2097	1885	5261.5	7331	2790.5	5683.5	4172	6688.5	3856.5	6206.5	1549	7360.5	1396.5	7073	7398	1016.5	1628	8330.5	8436	3238	91301	4565.05
ORTHO003794	UDP-Glycosyltransferase superfamily protein	AT1G19710;AT1G75420	5768;43231;43227;43226;5575;43229;44424;44464;5623;5622;44444;5737;12505;16757;16740;3824;3674;8152;8150;5802;98791;44431;44446;44422;5794;31984	3591	6847	4976	6361	7662	5432.5	4118.5	8102.5	4740.5	5506.5	6543	2640.5	7743	2711.5	3521.5	5325.5	4942.5	2199.5	5220.5	6632	6431	4067	6194.5	5222.5	97295	4864.75
ORTHO009076	DNA-binding storekeeper protein-related	AT5G14280	6355;1903506;2001141;31326;9889;19222;50789;65007;8150;31323;50794;51252;19219;80090;51171;60255;10556;10468;2000112;16021;31224;44425;5575;16020;5634;43231;43227;43226;43229;44424;44464;5623;5622;3677;3676;1901363;5488;3674;97159	3592	3888	2244.5	897	4356	994.5	1881	1709	702.5	4714	1810	790	5740	4134.5	1758.5	3976.5	8695.5	4154.5	4548.5	7692.5	864.5	2433.5	1235	3005.5	60840	3042
ORTHO004258	regulatory particle triple-A ATPase 3	AT5G58290	31597;502;43234;32991;5575;44424;44464;5623;5622;44445;44444;5737;5829;36402;42623;16887;17111;16462;16818;16817;16787;3824;3674;8152;8150;1901800;1903052;1903050;1903362;31329;9894;19222;50789;65007;31323;50794;42176;51246;80090;60255;32268;30162;1903364;32270;31325;9893;48518;48522;51247;10604;31331;9896;45732;45862;61136;6511;19941;51603;6508;19538;43170;71704;44238;44257;30163;9057;1901575;9056;44265;44260;44237;9987;44248;44267;43632;16020;45899;60261;45944;45893;10628;10468;1903508;1903506;2001141;31326;9889;51252;19219;51171;10556;1902680;51254;45935;51173;31328;9891;10557;6355;2000112;6357;60260;2000142;43254;44087;51128;2000144;31334;51130;44089;45898;30433;43161;10498;36503;44712;44710;44699;44763;10033;42221;50896;34976;33554;51716;6950;9506;5911;30054;55044;31595;44428;44446;44422;43226;43229;5634;43231;43227;31981;70013;43233;31974;17025;8134;5515;5488;5618;30312;71944;8540;5838;22624	3593	1320	2142	691	1584.5	2557.5	888	1204.5	8968	3921.5	5277.5	2392.5	3738	4486	6007	1830	562	5720	2881.5	399	3621.5	914	500	1371.5	57240	2862
ORTHO005700	gibberellin 2-oxidase 8	AT4G21200	9686;16102;16114;6721;6720;44255;6629;71704;8152;8150;44710;44699;44238;44763;9987;44237;8299;8610;1901576;9058;44711;44249;16101;46394;16053;6082;44281;44283;19752;43436;9685;5737;44424;44464;5575;5623;5622;51213;16491;3824;3674;55114;46872;43169;43167;5488;52635;45543;16706;16705	3594	5256	5786	7978	6194	8937	6911	6142.5	2628	4224.5	3989.5	5903.5	6617.5	8028.5	7548.5	7782	8726	4154.5	6897.5	4444	5637	2328.5	1681.5	6281	108862.5	5.443.125
ORTHO005626	Endoplasmic reticulum vesicle transporter protein	AT3G22290	3674;5783;43231;43227;43226;5575;43229;44424;44464;5623;5622;44444;5737;12505;8150	3595	4033	3258	2921	2097	3168.5	4785	1547.5	1545.5	3396	7734.5	8078.5	1352	7536	6955.5	7782	2600.5	4507	2599.5	6001	4946	649	664.5	2850	78698.5	3.934.925
ORTHO004335	Protein of unknown function (DUF502)	AT2G20120;AT2G20130	5794;43231;43227;43226;5575;43229;44424;44464;5623;5622;44444;5737;12505;16021;31224;44425;16020;5634;10222;10051;3002;7389;44767;32502;8150;44699;44707;32501;7275;3674	3596	3591	3362.5	3129	2097	8412.5	3430	3457	2367.5	8319	4265.5	7115.5	4417	3815.5	1758.5	6712.5	3167.5	4673.5	394	5519.5	4519	2213.5	3815.5	1519	79892	3994.6
ORTHO005507	prefoldin 3	AT5G49510	16272;43234;32991;5575;6457;9987;8150;15631;8092;5515;5488;3674;5829;44444;44424;44464;5623;5622;5737;5844;30529;7021;43623;6461;65003;43933;16043;71840;22607;44085;71822;70271;34622;7017;44763;44699	3597	4262	2761	1925	2982.5	5744.5	4835.5	2250	2868	3221	1810	7853.5	1352	3815.5	4705.5	3976.5	3682	2724.5	3421.5	4331	864.5	3222.5	5263	6145.5	72086.5	3.604.325
ORTHO006665	eukaryotic initiation factor 3 gamma subunit family protein	AT2G45730	6413;44237;8152;8150;9987;6412;43043;43604;43603;34641;6807;44271;44249;9058;6518;1901564;71704;1901566;1901576;44267;19538;43170;44238;44260;34645;9059;10467;5634;43231;43227;43226;5575;43229;44424;44464;5623;5622;30488;1510;43414;32259;43412;9451;16070;90304;6139;46483;6725;1901360;6400;8033;34470;34660;6396;6399;6446;6417;10608;10468;60255;19222;50789;65007;32268;51246;80090;31323;50794;34248;51171;2000112;31326;9889;10556;3743;8135;3723;3676;1901363;5488;3674;97159;31515;43527;34708;1990234;1902494;43234;32991;44444;5737	3598	2298	3064.5	2531	1689.5	3905	5001	2838	3019	5541.5	3971	5435.5	4120	8541.5	5596.5	2080.5	1596	5368	1253	518	4445	8970.5	3902	209.5	76311.5	3.815.575
ORTHO006690	Octicosapeptide/Phox/Bem1p family protein	AT4G05150	4674;4672;16301;16772;16740;3824;3674;8152;8150;16310;6796;6793;44237;9987;16773;6468;6464;36211;19538;43170;71704;44238;43412;44267;44260;46777;5634;43231;43227;43226;5575;43229;44424;44464;5623;5622	3599	3442	3226.75	2854.5	2097	3573	1274.5	3642.5	8616	3303	4896.5	41	1352	6971	7129	7782	2205	8381	2555	3184	2770	5059	1640	3841	78215.5	3.910.775
ORTHO001745	sucrose-phosphatase 1	AT1G51420;AT2G35840;AT3G52340	5986;5985;5984;44262;5975;71704;8152;8150;44238;44237;9987;9311;44723;44710;44699;44763;46351;34637;16051;1901576;9058;44711;44249;9312;5774;44437;44444;44424;44464;5575;5623;5622;5737;44446;44422;43226;43229;5773;43231;43227;98588;31090;16020;98805;50307;50308;19203;16791;42578;16788;16787;3824;3674;16311;6796;6793;287;46872;43169;43167;5488;9506;5911;30054;55044;5829;46686;10038;10035;42221;50896;5634	3600	4468	5285.5	6971	2982.5	6946	2080	6323	7325.5	855	8737.5	3034.5	1352	1800.5	5523	6712.5	6825	3580	4113.5	7299	8083.5	6714	6854	6949.5	101108	5055.4
ORTHO004024	carbamoyl phosphate synthetase A	AT3G27740	9570;9532;44435;44444;44424;44464;5575;5623;5622;5737;44446;44422;43226;43229;9536;43231;43227;44434;9507;6526;9084;1901607;1901605;6520;1901564;71704;8152;8150;6807;19752;43436;6082;44281;44710;44699;44763;9987;44237;44238;8652;46394;16053;44283;44711;9058;1901576;44249;1901566;9064;6525;4088;16884;16879;16874;3824;3674;5951;1902494;43234;32991;6541;16036;9267;31669;31667;9991;9605;50896;31668;51716;71496;7154;42594;6950;33554;44205;6222;9220;9260;46390;19693;19637;6793;1901135;6796;90407;1901137;9165;1901293;6753;55086;6139;46483;6725;1901360;34641;34654;19438;44271;18130;1901362;9117;9259;9218;6220;72527;6221;72528;9174;9173;9161;9123;9129;9130;9124;9156;46132;46131;9119;9116;1901657;6213;46134;9163;1901659;42455;46049;5524;35639;1901265;1901363;5488;97159;43168;43167;32559;30554;17076;166;36094;32555;32553;97367;32550;32549;1882;1883;6207;19856;6206;9112;46112	3601	3154	2787.5	1974	2097	4344.5	5725.5	2684	2729.5	2721	4016	7844	4738	3815.5	2702.5	3976.5	3627.5	5886.5	3597	1584.5	2224.5	3026	5171.5	1958.5	72373	3618.65
ORTHO008150	NOL1/NOP2/sun family protein	AT1G06560	5886;16020;5575;44464;5623;71944;9507;9536;43231;43227;43226;43229;44424;5622;44444;5737;10287;44434;44435;44446;44422;9570;9532;5524;35639;1901265;1901363;5488;3674;97159;43168;43167;32559;30554;17076;166;36094;32555;32553;97367;32550;32549;1882;1883;16310;6796;6793;44237;8152;8150;9987;16301;16772;16740;3824	3602	2662.5	5180.5	6759	1812	5351.5	6478	1709	8484.5	2170.5	3269.5	5150	8306	8739.5	5836.5	2476	1482.5	7117	7792.5	2033	2343	7972	7818	5222.5	99751.5	4.987.575
ORTHO007115	unknown protein	AT4G37090	5634;43231;43227;43226;5575;43229;44424;44464;5623;5622;3674;8150	3603	2197	3574.5	3546	1689.5	1423	6430	1204.5	1839.5	3122	1981	2937.5	1352	7636	8638.5	7782	1102.5	6265.5	6531	309.5	5903.5	6759.5	6709	4291.5	82218	4110.9
ORTHO001924_1	radical SAM domain-containing protein / GCN5-related N-acetyltransferase (GNAT) family protein	AT5G50320	51536;51540;5488;3674;46872;43169;43167;5737;44424;44464;5575;5623;5622;8283;44699;8150;9734;9755;7165;50794;50789;65007;51716;9987;50896;7154;44763;44700;23052;32870;9725;9719;10033;42221;71495;71310;70887;71365;9733;10084;65001;7389;44767;32502;44707;32501;7275;9798;9887;9653;48856;48513;48731;5719;790;785;44427;44446;44422;43226;43229;5694;43232;43228;32991;44454;44428;5634;43231;43227;228;31981;70013;43233;31974;791;33588;43234;2098;2097;6400;9451;16070;44260;43170;71704;8152;44237;90304;6139;46483;6725;1901360;34641;6807;44238;43412;8033;34470;34660;6396;10467;6399;9294;9292;44764;51704;35265;48589;40007;4402;61733;34212;8080;16410;16747;16746;16740;3824;16407;16573;16570;16569;16568;6325;43933;16043;71840;51276;6996;6464;36211;19538;44267;1902589;44710;18393;18394;18205;18193;6473;43543;6475;10928;9966;10646;48583;23051;5829;44444;2000025;1901371;1900618;22603;50793;48831;2000026;51239;2000027;2000024;3156	3604	2697	2943	2282	4356	961.5	1789.5	7084	493.5	930.5	1623	1471	6316	3815.5	4842.5	6712.5	3752	5221.5	4756.5	4473	5637	6429	4806.5	3447.5	74562.5	3.728.125
ORTHO008269	F-box family protein	AT1G70590	8150	3605	2872	4621	5637	4356	1839.5	3960	3842	7978	3944	9015.5	1854	1352	8704	5775.5	7782	1711.5	7251.5	6109.5	4392	4445	7147.5	3141.5	3005.5	93250.5	4.662.525
ORTHO007803	Peptidase M50 family protein	AT5G35220	5575;6952;6950;50896;8150;3674	3606	1931	3675	3744	1281	1423	6855	1204.5	24	6364	4231	130	8605	5350.5	1063	6712.5	7299	8702.5	2487.5	2059.5	47	8368.5	8840	3501.5	83268	4163.4
ORTHO004756	copper transporter 5	AT5G20650	5774;44437;44444;44424;44464;5575;5623;5622;5737;44446;44422;43226;43229;5773;43231;43227;98588;31090;16020;98805;35434;98662;98660;34220;6811;44765;6810;51234;51179;8150;1902578;44699;55085;44763;9987;98655;6812;6825;41;30001;5770;5768;12505;5375;46915;46873;22890;8324;15075;22891;22857;5215;3674;22892;9737;9725;9719;50896;10033;42221;33993;97305;1901700;1101;5794;15680;1902582;46907;51649;51641;9506;5911;30054;55044;16021;31224;44425;15089	3607	5966	5554.5	7502	5552	7116	8450	6142.5	2069	4476	1483.5	3218	6617.5	2711.5	5413.5	3976.5	6409	3949	7509	8320	7386	6266	6854	6553	104920	5246
ORTHO004778	Senescence/dehydration-associated protein-related	AT3G21600;AT4G15450	5634;43231;43227;43226;5575;43229;44424;44464;5623;5622;3674;8150	3608	5967	4369.5	5131	2982.5	6898	4118.5	5439.5	4740.5	5059	6543	4949	5740	1800.5	3521.5	3976.5	4464.5	2199.5	5851	6632	4226.5	4780.5	4961.5	4801	90702.5	4.535.125
ORTHO001511	Thioredoxin superfamily protein	AT1G28480	9055;3674;5515;5488;9867;9755;7165;50794;50789;65007;8150;51716;9987;50896;7154;44763;44699;44700;23052;32870;9725;9719;10033;42221;71495;71310;70887;71395;9753;1101;1901700;71229;1901701;5737;44424;44464;5575;5623;5622;15035;15036;16667;16491;3824;8152;55114;44710;9751;14070;45454;19725;42592;65008;9863;71446;71407;5634;43231;43227;43226;43229	3609	7292	2490.5	1372	5439	2501	5410	4281	2760.5	5953	3879	7223	4297.5	1321.5	4462	3023.5	1952.5	1017	4968.5	5002	3491.5	1358.5	2977	1142.5	67021.5	3.351.075
ORTHO006541	photosystem I subunit l	AT4G12800	9941;9526;31967;31975;44464;5575;5623;44446;44422;43226;44424;5622;43229;43227;44435;44444;5737;9536;43231;44434;9507;16021;31224;44425;16020;9535;55035;42651;34357;44436;9579;31976;31984;9534;5515;5488;3674;9538;98796;43234;32991;9522;9521;10287;9570;9532;19684;6091;44237;8152;8150;9987;15979	3610	1887	4634.5	5659	4356	7051	7288	1114.5	931	1626.5	9062.5	337.5	1352	7699.5	8793	7782	6099.5	6388.5	7353.5	2230.5	864.5	6991	7729.5	2699.5	93394	4669.7
ORTHO005529	Calcium-binding EF-hand family protein	AT1G32250;AT3G03000	5509;46872;43169;43167;5488;3674;8150;5575;325;5773;43231;43227;43226;43229;44424;44464;5623;5622;44444;5737;5515;43269;51049;32879;50789;65007	3611	1143	3098	2585	1066.5	2425	249	3504.5	9156	5011.5	2539	5435.5	1352	5656	1254.5	508.5	8483	8659.5	3136.5	2782	2890	8005	2079	3447.5	76574	3828.7
ORTHO002886	Protein of unknown function (duplicated DUF1399)	AT2G22660;AT4G37900	3674;9738;9755;7165;50794;50789;65007;8150;51716;9987;50896;7154;44763;44699;44700;23052;32870;9725;9719;10033;42221;71495;71310;70887;71215;9737;33993;97305;1901700;1101;71396;97306;1901701;71229;5886;16020;5575;44464;5623;71944;5634;43231;43227;43226;43229;44424;5622;6970;9628;6950;5737;2000028;48580;2000026;50793;51239;48583;2000241;71470;71214;33554;10928;9966;10646;23051	3612	5455	4648	5684	6478.5	5621	3513	5698.5	1328.5	6573.5	2402	3422.5	6071.5	1800.5	4705.5	3976.5	5864.5	3750.5	6700.5	7871	6180.5	5924	6040	6057.5	93501.5	4.675.075
ORTHO008802	Tim10/DDP family zinc finger protein	AT2G29530	5739;43231;43227;43226;5575;43229;44424;44464;5623;5622;44444;5737;5743;19866;31090;16020;44422;31967;31975;44446;31966;44429;5740;8565;22892;5215;3674;6810;51234;51179;8150;15031;45184;8104;33036;71702;5758;31970;31974;45039;7007;7006;44802;61024;16043;71840;9987;44763;44699;1902589;6996;7005;16482;46907;51649;51641;70585;33365;34613;70727;90151;90150;72657;1902580;1902578;72655;72594;1990542;6839;1902582;44765;55085;44743;17038;65002;6886;71806;6626;6605;15450;15405;15399;22804;22857;8320;22884;22891;9507;9536;5515;5488	3613	5901	5950.5	8288	6664	7658.5	9149.5	7290.5	553.5	1800	2539	8795.5	3973.5	8418.5	7999	6712.5	7324	5720	8200	884	8534	7087	1961.5	7656.5	112257	5612.85
ORTHO005066	Mitochondrial substrate carrier family protein	AT1G14560	16021;31224;44425;5575;16020;5743;19866;31090;44422;43226;43227;44424;44464;5623;5622;31967;31975;44446;43229;31966;44429;44444;5737;5739;43231;5740;15228;8514;8509;15075;22891;22857;5215;3674;6810;51234;51179;8150;55085;44763;9987;44699;44765;1902578;22892;34220;6811;98656;6820;15711;71702;51185;51184;51181;51182;71077;295;15216;15215;15605;1901677;15748;15932;15931;71705;1901679;6862;15865;51503;5346;1901505;1901264;15211;5337;1901642;15858;15860;72530;71106;15868;35349;15880;6839;1902582;46907;51649;51641	3614	1586	3712.5	3811	4356	640.5	1881	641	6379.5	450.5	744	1576.5	8306	7954.5	8968.5	976.5	6825	6737.5	7764.5	4809.5	914	7470	7667.5	2940	83646.5	4.182.325
ORTHO001592	unknown protein	AT3G01720;AT5G50310	8150;16757;16740;3824;3674;8152;5737;44424;44464;5575;5623;5622	3615	1636	2036	457	1281	3114.5	1051.5	2044	69	7967.5	4121.5	743.5	3904	7699.5	8316.5	2476	2436.5	1227	358	662	864.5	557	591	3447.5	51651	2582.55
ORTHO008658	novel plant snare 11	AT2G35190	61025;61024;16043;71840;8150;9987;910;22402;44763;44699;7049;51301;9504;44444;44424;44464;5575;5623;5622;5737;8565;22892;5215;3674;6810;51234;51179;15031;45184;8104;33036;71702;5484;5515;5488;5886;16020;71944;16021;31224;44425	3616	3931	5876.5	8137	5748	5744.5	3224.5	7192	7748	7035	2129.5	2131	1352	6971	7162	7782	6099.5	5368	5430	8632.5	7254	7392.5	7868.5	3920	110436.5	5.521.825
ORTHO003398	plastid developmental protein DAG; putative	AT1G32580;AT2G33430	80156;16556;9451;16070;44260;43170;71704;8152;8150;44237;9987;90304;6139;46483;6725;1901360;34641;6807;44238;43412;16071;1900864;959;3674;5739;43231;43227;43226;5575;43229;44424;44464;5623;5622;44444;5737;9507;9536;2103;478;469;90501;90305;6364;34470;34660;6396;10467;16072;42254;22613;44085;71840;90502;5515;5488;9657;6996;16043	3617	4204	3209	2801	2982.5	8440.5	3129.5	5957	8149.5	4036	5873	3686.5	4555.5	3815.5	1812.5	6712.5	3589	1669.5	257	6064.5	3621.5	2061	2757.5	1644	77832	3891.6
ORTHO005065	unknown protein	AT1G50710	5515;5488;3674;5634;43231;43227;43226;5575;43229;44424;44464;5623;5622;51225;70925;6996;16043;71840;8150;9987;22607;44085;7051;226;7010;1902589;44763;44699;7017;22402;7049;71822;43933;6461;65003;70271;51011;8017;32403;44877;15631;8092;5876;5874;44430;44446;44422;5856;43232;43228;43234;32991;15630;5819;70652;5875	3618	1075	2260	902	4356	8968.5	6132	88.5	1042.5	4537.5	1312.5	6271	1352	8877.5	6687	797.5	2398.5	523.5	55.5	259.5	1352	5308.5	1478.5	3447.5	60890	3044.5
ORTHO005753	dsRNA-binding domain-like superfamily protein	AT1G09700	5515;5488;3674;35196;70918;31050;6396;16070;44260;43170;71704;8152;8150;44237;9987;90304;6139;46483;6725;1901360;34641;6807;44238;10467;44763;44699;44710;71359;71407;14070;10033;42221;50896;71310;70887;51716;43331;1901698;1901699;31047;16458;10629;10605;9892;48519;50789;65007;19222;60255;10468;35195;35194;16441;10608;40029;5634;43231;43227;43226;5575;43229;44424;44464;5623;5622;9737;9725;9719;33993;97305;1901700;1101;5737;10305;10051;3002;7389;44767;32502;44707;32501;7275;3725;3723;3676;1901363;97159;35198;10589;9954;10267;30422;16246;31054;34470;34660;35279;98795;6379;90501;90305;16071;10445;16604;44451;44428;44446;44422;5654;31981;70013;43233;31974;9733;9735	3619	4194	3725.5	3832	5938.5	7749.5	2414	1640.5	1625	1155	7886	2851	6316	3815.5	5254.5	6712.5	261	4326.5	5272.5	8125.5	957	6340.5	7818	3289.5	83810	4190.5
ORTHO005932	Tetratricopeptide repeat (TPR)-like superfamily protein	AT4G37210	8150;5634;43231;43227;43226;5575;43229;44424;44464;5623;5622	3620	2945	2712	1804	2097	3154	398	3515	4865	7216	4946	5464.5	2748	6099.5	4124.5	2080.5	9112	8352	3104	2765	358	611	1004	971.5	70888.5	3.544.425
ORTHO008028	Sterile alpha motif (SAM) domain-containing protein	AT3G07760	5737;44424;44464;5575;5623;5622;8150;3674	3621	3815	2945	2269	4356	1089	1294.5	6142.5	931	4672	2216.5	7898.5	5195	3815.5	4462	6712.5	4054.5	3121	3857.5	1584.5	4668.5	4067	6194.5	2439.5	74416	3720.8
ORTHO002242	sodium/calcium exchanger family protein / calcium-binding EF hand family protein	AT1G53210	5774;44437;44444;44424;44464;5575;5623;5622;5737;44446;44422;43226;43229;5773;43231;43227;98588;31090;16020;98805;5432;15081;15077;22890;8324;15075;22891;22857;5215;3674;6810;51234;51179;8150;55085;44763;9987;44699;44765;1902578;22892;34220;6811;98655;6812;15672;46873;30001;35725;98662;98660;6814;15368;15085;72509;72511;70588;6816;70838;15491;15298;15297;15291;22804;9506;5911;30054;55044;71472;71470;71214;9628;50896;51716;6970;6950;33554;9651;325;5509;46872;43169;43167;5488;55074;72507;98771;50801;48878;42592;65008;65007;55080;55065;9507;9536;16021;31224;44425	3622	4748	5254.5	6887	5439	4462	961	6978.5	1328.5	4887	3526	4239	7258.5	8210.5	6867.5	5325.5	7378	4507	4830.5	3331	4946	6714	7486	7376.5	100613	5030.65
ORTHO007800	ABI3-interacting protein 3	AT1G08780	6457;9987;8150;16272;43234;32991;5575;5515;5488;3674;5634;43231;43227;43226;43229;44424;44464;5623;5622;51082;5829;44444;5737	3623	3376	3695.5	3768	2097	1227	2121.5	6323	8259	2101.5	1483.5	6100	5740	4379.5	5817	3976.5	450	3949	4237	7299	5061.5	4970.5	7048.5	2850	83394	4169.7
ORTHO002873	unknown protein	AT4G25670	NA	3624	4241	4393.5	5163	2982.5	6529	2881	6142.5	7325.5	3594	6763.5	3218	5195	3815.5	5413.5	6712.5	523	4400	3977	6860	4668.5	4067	6282.5	2439.5	90807.5	4.540.375
ORTHO007532	zinc finger (C3HC4-type RING finger) family protein	AT3G27330;AT5G40720	5634;43231;43227;43226;5575;43229;44424;44464;5623;5622;8270;46914;46872;43169;43167;5488;3674;16740;3824;8152;8150	3625	4539	5412	7199	5938.5	2295.5	6236.5	2838	8467	8934.5	4305	6651.5	7554	5878	1278.5	6712.5	8865	6854.5	6265.5	3528.5	992	5213.5	2479	7376.5	102725.5	5.136.275
ORTHO001396	Cyclin family protein	AT4G19600;AT5G45190	45737;71902;45860;45859;43549;42325;19220;51174;31323;50794;50789;65007;8150;19222;51338;50790;65009;1932;31399;32268;51246;80090;60255;1934;42327;45937;10562;31325;9893;48518;48522;31401;32270;51247;10604;33674;51347;43085;44093;71900;1904031;1904029;32465;10564;51726;51302;79;45787;1901409;1901407;4693;97472;4672;16301;16772;16740;3824;3674;8152;16310;6796;6793;44237;9987;16773;6468;6464;36211;19538;43170;71704;44238;43412;44267;44260;4674;45944;45893;10628;10468;1903508;1903506;2001141;31326;9889;51252;19219;51171;10556;1902680;51254;45935;51173;31328;9891;10557;6355;2000112;6357;16538;19887;19207;30234;98772;10090;904;902;32989;16043;71840;9653;32502;48856;48869;44767;44699;44763;48468;30154;10026;90558;9888;90626;48366;48827;48367;48731;7275;44707;32501;9615;51707;43207;9605;50896;9607;51704;307;44424;44464;5575;5623;5622;1902911;61695;1990234;1902494;43234;32991;5634;43231;43227;43226;43229;19901;19900;19899;5515;5488;9908;90567;48608;3006;22414;61458;44702;9791;50792;43903;43900;51301;7049	3626	3387	3100	2574	2097	422	444.5	327.5	3753	6621	2539	7330.5	1352	5596	1184.5	1830	6752	8237	8292	1129.5	864.5	8005	7729.5	4117.5	76527	3826.35
ORTHO002524	metacaspase 6	AT1G79320;AT1G79330;AT1G79340	4197;8234;70011;8233;16787;3824;3674;8152;8150;6508;19538;43170;71704;44238;4175;12501;8219;16265;44699;44763;9987;5576;5575;43068;10942;10941;50794;50789;65007;48522;48518;43067;9507;9536;43231;43227;43226;43229;44424;44464;5623;5622;44444;5737;5829;16540;16485;51604;10467;9506;5911;30054;55044;42802;5515;5488;5886;16020;71944;6952;6950;50896	3627	1373	2286	945	1066.5	3632	5705.5	1855	2940	1750.5	2402	2597	6731.5	4486	6137	508.5	3891.5	6737.5	1232	1869	1778.5	2328.5	3339	1580.5	61501.5	3.075.075
ORTHO005654	TBP-associated factor 5	AT5G25150	5515;5488;3674;6355;1903506;2001141;31326;9889;19222;50789;65007;8150;31323;50794;51252;19219;80090;51171;60255;10556;10468;2000112;5634;43231;43227;43226;5575;43229;44424;44464;5623;5622;166;36094;1901265;1901363;97159	3628	2290	5711.5	7795	1689.5	4946.5	8988	2322	3324.5	7620	4906.5	6797	8446	5500	1233.5	6712.5	8092	7525.5	8121	2534.5	7052	7567	2214	3238	107140.5	5.357.025
ORTHO005542	Vacuolar sorting protein 9 (VPS9) domain	AT3G19770;AT5G09320	5515;5488;3674;5634;43231;43227;43226;5575;43229;44424;44464;5623;5622;42546;44085;71840;8150;71554;9987;6810;51234;51179;919;22607;16043;1902410;32506;22402;44763;44699;7049;910;51301;1903047;278;61640;281;911;16020;5096;8047;30234;98772;50790;19222;50789;65007;65009;43085;44093;9893;48518;30695;60589;43547;43087;51336;51345;5829;44444;5737;5089;5088;5085;9790;44767;32502;48856;7275;44707;32501;5525;35639;1901265;1901363;97159;43168;43167;32550;32549;1882;36094;97367;1883;32561;19001;17076;166;32555;32553;48528;9791;48364;48513;48731;22622;48569	3629	2293	2247.5	866	1408	1729.5	5873	2903.5	6379.5	6524	2129.5	5053	3450.5	4277	4705.5	1239.5	3006.5	1780	2886.5	549.5	3084	1179	2901	619	60270	3013.5
ORTHO005144	vacuolar protein sorting-associated protein 20.2	AT5G09260;AT5G63880	5770;5768;43231;43227;43226;5575;43229;44424;44464;5623;5622;44444;5737;12505;5515;5488;3674;5829;70676;1902580;51641;51179;8150;1902578;44699;1902591;6900;61024;16043;71840;9987;16050;6996;16192;6810;51234;44802;44763;1902589;1902582;46907;51649;44765;51668;5886;16020;71944;10008;98588;31090;44422;44440;44446;98805;815;98796;43234;32991;44425;36452;7034;15031;45184;8104;33036;71702	3630	3994	3320	3010	4356	1089	1985	1780.5	7325.5	5938	7199	3034.5	1352	4206	4842.5	3976.5	8446.5	3949	4388	7576.5	5637	2433.5	1157	2850	79166	3958.3
ORTHO007753	trigalactosyldiacylglycerol 1	AT1G19800	15914;6869;44765;6810;51234;51179;8150;1902578;44699;71702;10876;33036;15748;15711;6820;6811;9706;9528;19866;31090;16020;5575;44422;43226;43227;44424;44464;5623;5622;31967;31975;44446;43229;42170;44435;44444;5737;9536;43231;9526;31969;44434;9507;9941;9707;9527;31968;19867;98805;98588;5543;8289;5488;3674;43168;43167;5319;22892;5215;5548	3631	3515	6083.5	8536	4356	8700	4835.5	7637	8423.5	4786	4046	8562.5	8205.5	5549.5	1109.5	6712.5	8269	6683.5	926	9028.5	7709	7786.5	2553	4972	116495	5824.75
ORTHO004772	Transducin/WD40 repeat-like superfamily protein	AT5G58230	5677;44428;44446;44422;5575;43226;44424;44464;5623;5622;43229;5634;43231;43227;43234;32991;7275;44767;32502;8150;44699;44707;32501;5515;5488;3674;10214;3006;22414;48856;48316;48608;61458;48731;44702;9791;10154;9555;48229;80008;31461;151;1990234;1902494;9793;9790;10026;30154;48869;44763;9987;90558;9888;8283;6349;40029;10468;60255;19222;50789;65007;71514;6139;46483;44237;8152;6725;1901360;71704;34641;6807;44238;2000653;19219;80090;51171;31323;50794;45787;51726;48522;48518;48366;48827;48367;16568;6325;43933;16043;71840;51276;6996;9507;9536;44444;5737;9909;48580;2000026;50793;51239;48831;2000241;31507;6338;70828;31497;65003;22607;44085;6333;6323;71103	3632	1033	2961	2290	4356	5974	1672.5	1013.5	8359.5	3851	5559.5	2230.5	1352	6764.5	8893	2476	2195	6590	4205.5	4630.5	336	4780.5	1035	2699.5	74618	3730.9
ORTHO000628	Galactose oxidase/kelch repeat superfamily protein	AT1G14330;AT1G26930;AT1G74510;AT2G02870	5634;43231;43227;43226;5575;43229;44424;44464;5623;5622;3674;8150;5777;42579;44444;5737;9507;9536;16567;32446;70647;6464;36211;19538;43170;71704;8152;44238;43412;44267;44260;44237;9987	3633	7271	4911.5	6190	6194	4129.5	7197.5	4360	6823.5	7485	5836	8224	6071.5	3374	1579	8358	3264.5	1494	4968.5	5887	3870	1466	5263	6669	96320	4816
ORTHO006111	UDP-sugar pyrophosphorylase	AT5G52560	46398;19752;43436;6082;71704;8152;8150;44281;44710;44699;44763;9987;44237;9225;6139;46483;6725;1901360;34641;6807;44238;1901135;33356;47338;51748;70569;16779;16772;16740;3824;3674;3983;52573;6011;9226;1901137;1901576;9058;34654;19438;44249;44271;18130;1901362;5829;44444;44424;44464;5575;5623;5622;5737;9555;48229;7275;44767;32502;44707;32501;48856;9507;9536;43231;43227;43226;43229;46686;10038;10035;42221;50896;47350;10491;90406;42995;17103	3634	3304	2965.5	2297	4356	4708.5	5625.5	6978.5	1753	402.5	1623	790	5740	3815.5	4842.5	6712.5	324.5	4154.5	4548.5	586	6578.5	5059	7404.5	3005.5	74652.5	3.732.625
ORTHO006543	ZIP metal ion transporter family	AT3G20870	98655;6812;6811;44765;6810;51234;51179;8150;1902578;44699;34220;55085;44763;9987;5385;72509;22890;8324;15075;22891;22857;5215;3674;22892;72511;46915;46873;30001;41;71577;98662;98660;6829;70838;6882;55069;72507;98771;50801;48878;42592;65008;65007;55080;55076;55065;46916;6875;30003;6873;55082;19725;72503;5886;16020;5575;44464;5623;71944	3635	4340	6162.5	8690	2982.5	165.5	7766	7372.5	8307	6687	3948.5	5126	3983	7213.5	5413.5	7419	6549	6330	8458.5	5038	6810.5	8861	8700	5601	119749.5	5.987.475
ORTHO007986	glutathione peroxidase 1	AT2G25080	4602;4601;16684;16491;3824;3674;8152;8150;55114;44710;44699;16209;9535;55035;42651;34357;16020;5575;44436;44424;44464;5623;5622;9579;44435;44444;5737;44446;44422;43226;43229;9536;43231;43227;31976;31984;44434;9507;9534;9570;9532;9941;9526;31967;31975;47066;6979;6950;50896	3636	3848	3031	2426	4356	1089	5873	2071	6225	2642.5	1810	6055	1352	4662.5	5254.5	6712.5	400	3949	4205.5	1043.5	7568	5059	7048.5	2575	75595.5	3.779.775
ORTHO006122	P-loop containing nucleoside triphosphate hydrolases superfamily protein	AT2G47330	8026;42623;16887;17111;16462;16818;16817;16787;3824;3674;8152;8150;70035;4386;5634;43231;43227;43226;5575;43229;44424;44464;5623;5622	3637	2161	4871	6105	4356	5211.5	7720	2185	1133	5273.5	1144	2197	7377.5	7387.5	8429	7782	5329.5	6085	5301	4060.5	5061.5	6377.5	5762.5	2046	95863.5	4.793.175
ORTHO007616	NADPH-dependent thioredoxin reductase C	AT2G41680	9570;9532;44435;44444;44424;44464;5575;5623;5622;5737;44446;44422;43226;43229;9536;43231;43227;44434;9507;19430;6801;72593;44237;8152;8150;9987;1990748;98754;9636;42221;50896;44763;44699;44710;71451;71450;34614;302;6979;6950;1901700;34599;33554;51716;70887;1901701;305;10035;303;55114;8047;30234;98772;3674;50790;19222;50789;65007;65009;43085;44093;9893;48518;16671;16667;16491;3824;4791;16209;16668;16651;10380;90056;51193;31323;50794;1901401;51171;1901463;31326;9889;42744;42743;44712;9056;44248;10581;2000904;10675;6109;80090;32881;60255;10962;32885;10556;43255;2000112;5515;5488;50660;50662;48037;43168;43167;166;36094;1901265;1901363;97159;45454;19725;42592;65008	3638	4310	2916	2194	5938.5	4913	3129.5	2684	6493	3221	3526	3983	4555.5	3815.5	3521.5	6712.5	3284	3949	3172	6064.5	1729.5	1778.5	2412.5	4898	73842.5	3.692.125
ORTHO007305	LOCATED IN: vacuole	AT1G22060	5773;43231;43227;43226;5575;43229;44424;44464;5623;5622;44444;5737	3639	2692	2914	2189	4356	2797	1274.5	1780.5	3001.5	6889	9130	5295.5	1352	6971	6969.5	2476	8208.5	7181.5	2469	2455	635.5	762.5	986.5	3179.5	73814.5	3.690.725
ORTHO006755	semialdehyde dehydrogenase family protein	AT1G14810	9570;9532;44435;44444;44424;44464;5575;5623;5622;5737;44446;44422;43226;43229;9536;43231;43227;44434;9507;9088;9067;9066;1901605;6520;1901564;71704;8152;8150;6807;19752;43436;6082;44281;44710;44699;44763;9987;44237;44238;1901607;8652;46394;16053;44283;44711;9058;1901576;44249;1901566;6566;5739;9086;97;96;6790;44272;6555;51287;50662;48037;5488;3674;166;36094;1901265;1901363;97159;9097;9082;9081;6549;50661;55114;46983;5515;9089;9085;6553;46451;43648;4073;16620;16903;16491;3824;3942	3640	3618	4005.5	4371	2097	961.5	2121.5	7084	7691.5	821	669	2553.5	1352	4244	5596.5	6712.5	5561	4507	6056.5	4727.5	7786.5	6648	8026.5	3635.5	86755.5	4.337.775
ORTHO006697	ARM repeat superfamily protein	AT5G62600	8565;22892;5215;3674;6810;51234;51179;8150;15031;45184;8104;33036;71702;6606;17038;44765;1902578;44699;6886;46907;51649;51641;34613;70727;34504;33365;1902580;1902593;1902582;51170;6913;16482;51169;72594;44744;6605;31965;31090;16020;5575;44422;43226;43227;44428;44446;44424;44464;5623;5622;43229;5634;43231;5635;31967;31975;12505;43484;51252;19219;80090;19222;50789;65007;51171;31323;50794;60255;10468;8139;5048;42277;33218;5488;5737	3641	1794	2107.5	574	4356	5090	687.5	4163.5	597.5	555.5	1623	679.5	1352	4616	6192.5	1830	8462.5	5221.5	4485	419.5	4519	1228	986.5	1580.5	54289.5	2.714.475
ORTHO005724	unknown protein	AT1G71110	8150;3674;5576;5575	3642	4128	5646	7650	2375	1658.5	8793	2322	5754	1842.5	8232.5	3422.5	6731.5	6971	7129	7782	8220	5221.5	6785	5852	6810.5	6266	2437.5	3721	105952	5297.6
ORTHO005730	ARM repeat superfamily protein	AT1G51350	8150;9543;31978;31977;44436;44424;44464;5575;5623;5622;9579;44435;44444;5737;44446;44422;43226;43229;9536;43231;43227;31976;31984;44434;9507;9534	3643	2991	3961	4279	4356	4404	1377.5	676	7978	5938	1810	2937.5	5740	6764.5	6867.5	7782	8562.5	8514.5	7831	1747	2328.5	1090.5	1072	2850	86271	4313.55
ORTHO000358_1	glutamate decarboxylase 2	AT1G65960;AT2G02000;AT2G02010;AT5G17330	6536;43648;19752;43436;6082;71704;8152;8150;44281;44710;44699;44763;9987;44237;9064;1901605;6520;1901564;6807;44238;4351;16831;16830;16829;3824;3674;30170;1901363;5488;97159;48037;43168;43167;5516;5515;5575;5634;43231;43227;43226;43229;44424;44464;5623;5622;5829;44444;5737;46686;10038;10035;42221;50896	3644	3460	5951	8258	5408.5	176	3960	3065	8856.5	2101.5	8651	8562.5	4020	5564	1109.5	1830	7214.5	7028	8266	8987	7489.5	8330.5	7774	8847.5	111833	5591.65
ORTHO006408	DNA-binding HORMA family protein	AT3G25980	777;776;44427;44446;44422;5575;43226;44424;44464;5623;5622;43229;5694;43232;43228;43234;32991;775;98687;779;793;7094;71173;31577;75;22402;44763;9987;8150;44699;7049;71174;7093;1903047;278;45930;45786;48523;50794;50789;65007;48519;51726;7346;45841;2000816;10965;33047;7088;51783;33043;51128;51302;10564;33045;33044;51983;33048;45839;10948;51784;51782;10639;51129;33046;2001251;51985;30071;1901990;1901987;1902099;32434;61136;1903050;1903362;31329;9894;19222;31323;42176;51246;80090;60255;32268;30162;1902100;1901988;1901991;32435;1901799;1903051;1903363;42177;9895;9892;51248;10605;31330;31324;32269;45861;1904667;1904666;51438;51338;50790;65009;31396;1903320;31399;51444;51352;51340;43086;44092;31397;1903321;31400;51348;51436;51439;5515;5488;3674;7067;280;48285;6996;16043;71840;1902589;5737;5635;44428;5634;43231;43227;31967;31975;12505;51301;5876;5874;44430;5856;15630;5819;3677;3676;1901363;97159;5828;10369	3645	3542	3010	2375	4356	4561.5	2032.5	2185	7455	1893	6763.5	998	5740	3815.5	4124.5	3976.5	400	3580	4113.5	7299	1830	4780.5	6854	2699.5	75101.5	3.755.075
ORTHO004127	Iron-sulphur cluster biosynthesis family protein	AT2G16710	5739;43231;43227;43226;5575;43229;44424;44464;5623;5622;44444;5737;46872;43169;43167;5488;3674;51536;51540;16226;9058;8152;8150;31163;22607;16043;71840;9987;44085;5198	3646	2840	3246	2846	2097	4865.5	7472.5	917.5	393.5	879.5	8842.5	743.5	5740	3815.5	5254.5	6712.5	4761	5221.5	4441	4392	569	5376	4564	3179.5	78141	3907.05
ORTHO001354_2	SET domain-containing protein	AT4G02020	5677;44428;44446;44422;5575;43226;44424;44464;5623;5622;43229;5634;43231;43227;43234;32991;10048;9409;9266;9628;50896;8150;6950;6349;40029;10468;60255;19222;50789;65007;71514;6139;46483;44237;8152;9987;6725;1901360;71704;34641;6807;44238;3700;1071;3674;2001141;31326;9889;31323;50794;51252;19219;80090;51171;10556;6355;1903506;2000112;31519;3682;44877;5488;9506;5911;30054;55044;5515;9960;3006;32502;22414;9888;48856;48513;48731;7275;44767;44699;44707;32501;48316;48608;61458;44702;9791;10154;6351;34645;44260;43170;9059;1901576;9058;44249;97659;32774;16070;90304;34654;19438;44271;18130;1901362;10467;18024;16279;16278;8170;8168;16741;16740;3824;32259;8757;8276;6479;43414;43412;8213;6464;36211;19538;44267;18022;18205;18193;42054;16571;16570;16569;16568;6325;43933;16043;71840;51276;6996;1902589;44763;44710;34968;3727;3723;3676;1901363;97159	3647	4473	3560	3473	2982.5	4986.5	1881	6978.5	702.5	1970.5	1623	743.5	7121	3815.5	5596.5	3976.5	324.5	4154.5	3691	7647	6696	5213.5	7486	7223	81830.5	4.091.525
ORTHO004881	plastid-specific 50S ribosomal protein 5	AT3G56910	9507;9536;43231;43227;43226;5575;43229;44424;44464;5623;5622;44444;5737;9535;55035;42651;34357;16020;44436;9579;44435;44446;44422;31976;31984;44434;9534;32544;9657;6996;16043;71840;8150;9987;1902589;44763;44699;6412;43043;43604;43603;34641;6807;8152;44237;44271;44249;9058;6518;1901564;71704;1901566;1901576;44267;19538;43170;44238;44260;34645;9059;10467;44711;44710;5840;30529;32991;43232;43228;3674;9941;9526;31967;31975	3648	3698	2701	1754	2097	1227	1985	6323	702.5	1800	1312.5	998	5740	3815.5	4233.5	6712.5	4346.5	3949	4237	7463	864.5	4873	7048.5	2850	70481	3524.05
ORTHO005368	aldehyde dehydrogenase 22A1	AT3G66658	5783;43231;43227;43226;5575;43229;44424;44464;5623;5622;44444;5737;12505;55114;44710;8152;8150;44699;4030;16620;16903;16491;3824;3674;6081;71704;44763;9987;44237;4028;5576	3649	2792	3215.5	2782	4356	8968.5	652	563	8331	4772	4766.5	528	1352	8825.5	6007	2476	2185.5	7910.5	1788	1811	436	7567	2142.5	6669	77751	3887.55
ORTHO006521	Bacterial sec-independent translocation protein mttA/Hcf106	AT5G52440	16021;31224;44425;5575;16020;33281;98797;44459;44464;5623;5886;71944;98796;43234;32991;9535;55035;42651;34357;44436;44424;5622;9579;44435;44444;5737;44446;44422;43226;43229;9536;43231;43227;31976;31984;44434;9507;9534;9306;15031;45184;51234;51179;8150;8104;33036;71702;6810;32940;46903;44765;1902578;44699;51649;51641;44763;9987;45038;6612;6605;6886;46907;34613;70727;1902582;90150;72657;44802;61024;16043;71840;1902580;45036;72596;72594;33365;72598;16482;44743;17038;65002;71806;55085;9941;9526;31967;31975;9977;15450;15405;15399;22804;22857;5215;3674;8320;8565;22892;22884;22891;15291	3650	2720	2418	1186	1812	1089	2703	4109.5	800	5527.5	1981	7917	3441.5	3815.5	3265	1830	7829	4982.5	3597	4060.5	3719.5	889.5	779	2575	64911	3245.55
ORTHO001234	2-oxoglutarate dehydrogenase; E1 component	AT3G55410;AT5G65750	6099;6101;72350;19752;43436;6082;71704;8152;8150;44281;44710;44699;44763;9987;44237;44238;9060;45333;15980;6091;55114;4591;16624;16903;16491;3824;3674;5739;43231;43227;43226;5575;43229;44424;44464;5623;5622;44444;5737;50897;46914;46872;43169;43167;5488;8270;46686;10038;10035;42221;50896	3651	3277	4612.5	5574	2097	5650.5	715.5	2185	1916	2770	2539	2086	3836	6971	7082.5	7782	6099.5	5368	7435.5	2835.5	7386	7392.5	4806.5	8062	92919	4645.95
ORTHO003952	Cytidine/deoxycytidylate deaminase family protein	AT5G28050	47974;19239;3824;3674;8152;8150;16814;16810;16787;8270;46914;46872;43169;43167;5488;9507;9536;43231;43227;43226;5575;43229;44424;44464;5623;5622;44444;5737;6152;42278;72521;46483;44237;9987;6725;1901360;71704;34641;6807;1901564;9116;55086;6139;44238;44281;44710;44699;44763;1901657;1901135;9164;1901658;44712;9056;1901136;1901575;1901565;34655;19439;44248;44270;1901361;46700;72523;9451;16070;44260;43170;90304;43412;5829	3652	3516	2581.5	1511	4356	3406.5	5725.5	2071	2611.5	6573.5	865	6171.5	4555.5	3815.5	1910.5	6712.5	1775.5	8278	2369.5	1919	2199	2328.5	3349.5	1696.5	68334	3416.7
ORTHO004879	Late embryogenesis abundant (LEA) hydroxyproline-rich glycoprotein family	AT2G01080	3674;5886;16020;5575;44464;5623;71944;8150	3653	3252	3705	3757	2097	3375	6090	3467	2814	4570	4285.5	818.5	1352	7699.5	7461.5	7782	8387	7967.5	1942.5	1747	1673.5	5376	1498	5007.5	83314	4165.7
ORTHO000554_1	FUNCTIONS IN: molecular_function unknown	AT3G01810;AT5G43230	5634;43231;43227;43226;5575;43229;44424;44464;5623;5622;5886;16020;71944;3674;8150	3654	5826	5409	7164	6534	6529	3513	8233.5	4387	789	7594	3422.5	6071.5	1800.5	4705.5	3976.5	8662	3750.5	6700.5	7871	6180.5	5924	6040	6379.5	102530	5126.5
ORTHO006534	acid-amino acid ligases	AT1G63680	9295;5575;10020;9658;9657;6996;16043;71840;8150;9987;43572;48285;5524;35639;1901265;1901363;5488;3674;97159;43168;43167;32559;30554;17076;166;36094;32555;32553;97367;32550;32549;1882;1883;8360;22604;22603;50793;50789;65007;51128;50794;65008;16881;16879;16874;3824;8152;5737;44424;44464;5623;5622;51301;44763;44699;9507;9536;43231;43227;43226;43229;44444;9058	3655	2199	4297	4939	1281	6227.5	3129.5	917.5	8509.5	1506.5	3269.5	485	8306	8795	6520.5	2476	1896	7028	7676.5	5726.5	6180.5	6648	1813.5	2623	89734.5	4.486.725
ORTHO002575	ARIA-interacting double AP2 domain protein	AT1G16060	9873;160;35556;7165;50794;50789;65007;8150;51716;9987;50896;7154;44763;44699;44700;23052;9755;32870;9725;9719;10033;42221;71495;71310;70887;71369;9723;45723;45923;19217;10565;31323;19222;19216;80090;31325;9893;48518;48522;45834;42304;31326;9889;46890;31328;9891;46889;6355;1903506;2001141;51252;19219;51171;60255;10556;10468;2000112;9887;44767;32502;9653;48856;48513;48731;7275;44707;32501;3700;1071;3674;6357;981;5634;43231;43227;43226;5575;43229;44424;44464;5623;5622;3677;3676;1901363;5488;97159;9737;33993;97305;1901700;1101;9414;9415;9628;10035;6950;9651;6970;6351;34645;44260;43170;71704;8152;44237;9059;1901576;9058;44249;97659;32774;16070;90304;6139;46483;6725;1901360;34641;6807;44238;34654;19438;44271;18130;1901362;10467;1901959;1901957;10557;10604;10187;48581;48580;2000026;50793;51239;51241;48519;51093;10029;1900140;40008	3656	4294	1879	102	2982.5	4061	1410	3108.5	1753	8319	5162	907	1352	138	136.5	3183	2603.5	949.5	50.5	1320	2058	281.5	107.5	234.5	37135	1856.75
ORTHO005743	Protein kinase superfamily protein	AT4G16970	4674;4672;16301;16772;16740;3824;3674;8152;8150;16310;6796;6793;44237;9987;16773;6468;6464;36211;19538;43170;71704;44238;43412;44267;44260;5634;43231;43227;43226;5575;43229;44424;44464;5623;5622;5524;35639;1901265;1901363;5488;97159;43168;43167;32559;30554;17076;166;36094;32555;32553;97367;32550;32549;1882;1883;46777	3657	2729	5479.25	7301.5	4356	4693.5	7055	3381	3933.5	7064	4918.5	1658	6617.5	6971	7082.5	7782	8200	8683.5	7676.5	3466.5	7254	1910	1306.5	3721	103374.5	5.168.725
ORTHO005849	3-phosphoserine phosphatase	AT1G18640	9555;48229;7275;44767;32502;8150;44699;44707;32501;48856;5737;44424;44464;5575;5623;5622;287;46872;43169;43167;5488;3674;6564;9070;1901607;1901605;6520;1901564;71704;8152;6807;19752;43436;6082;44281;44710;44763;9987;44237;44238;8652;46394;16053;44283;44711;9058;1901576;44249;1901566;9069;6563;9507;9536;43231;43227;43226;43229;44444;9790;48364;48513;48731;22622;4647;16791;42578;16788;16787;3824;16311;6796;6793	3658	3118	5395.75	7133.5	2097	3184	5382	7244.5	1994.5	3317	8232.5	2343.5	6804.5	6764.5	7129	7782	5764.5	4673.5	2112	3466.5	6810.5	7259	8202.5	3841	102307.5	5.115.375
ORTHO008512	ATPase; F0 complex; subunit B/B'; bacterial/chloroplast	AT4G32260	9507;9536;43231;43227;43226;5575;43229;44424;44464;5623;5622;44444;5737;9535;55035;42651;34357;16020;44436;9579;44435;44446;44422;31976;31984;44434;9534;9941;9526;31967;31975;16787;3824;3674;8152;8150;45263;33177;98796;43234;32991;44425;16469;45259;16021;31224;15986;6754;46034;9150;6163;72521;46483;44237;9987;6725;1901360;71704;34641;6807;1901564;9117;6753;19637;6793;55086;6139;44238;44281;44710;44699;44763;6796;9259;19693;1901135;9167;9161;9123;9126;9205;9144;9141;9199;46128;9119;9116;1901657;42278;9152;9260;46390;90407;1901576;9058;1901137;9165;1901293;34654;19438;44249;44271;18130;1901362;44711;6164;72522;1901566;9168;9156;9124;9127;9206;9201;9142;9145;46129;42451;9163;1901659;42455;15985;1902600;15992;15672;6812;6811;44765;6810;51234;51179;1902578;6818;98662;98660;34220;55085;98655;42742;9617;51707;43207;9605;50896;9607;51704;98542;6952;6950;15078;15077;22890;8324;15075;22891;22857;5215;22892;9735;9725;9719;10033;42221	3659	3450	4836.5	6014	4356	332.5	5725.5	3065	2628	6825	8964.5	536.5	1352	5223.5	599	6712.5	1321	8002	8951	9064.5	431	8970.5	8869	7768	95341	4767.05
ORTHO007061	branched-chain alpha-keto acid decarboxylase E1 beta subunit	AT1G55510;AT3G13450	5759;44429;44444;44424;44464;5575;5623;5622;5737;44446;44422;43226;43229;5739;43231;43227;70013;43233;31974;55114;44710;8152;8150;44699;3863;16624;16903;16491;3824;3674;9744;34285;9743;10033;42221;50896;1901700;9416;9314;9628;43617;9267;31669;31667;9991;9605;31668;51716;9987;71496;7154;44763;42594;6950;33554;9646;9642	3660	4351	2739.5	1819	2982.5	1500	4904	2614.5	1328.5	4385	3136.5	7792.5	5740	1800.5	4462	6712.5	1772.5	3121	3199	3466.5	3800.5	2433.5	3383	5601	71153	3557.65
ORTHO000915	AGAMOUS-like 20	AT2G45660;AT4G22950;AT5G62165	9739;9725;9719;50896;8150;10033;42221;33993;1101;1901700;3700;1071;3674;2001141;31326;9889;19222;50789;65007;31323;50794;51252;19219;80090;51171;60255;10556;6355;1903506;10468;2000112;5737;44424;44464;5575;5623;5622;5634;43231;43227;43226;43229;5515;5488;9911;48582;48580;2000026;50793;51239;51240;48518;51094;2000243;2000241;9909;48831;30154;48869;44767;32502;44699;44763;9987;9409;9266;9628;6950;3677;3676;1901363;97159;45893;10628;10604;9893;1903508;1902680;51254;45935;31325;48522;51173;31328;9891;10557;60;6886;15031;45184;51234;51179;8104;33036;71702;6810;46907;51649;51641;34613;70727;1902582;44765;1902578;6606;17038;34504;33365;1902580;1902593;51170;6913;16482;51169;72594;44744;6605;8134;6351;34645;44260;43170;71704;8152;44237;9059;1901576;9058;44249;97659;32774;16070;90304;6139;46483;6725;1901360;34641;6807;44238;34654;19438;44271;18130;1901362;10467;46983;9908;90567;48608;3006;22414;48856;61458;48731;7275;44707;32501;44702;9791;48367;10077;10074;19827;98727;10073;48507;9888;48513;48510;48506;48509;40034;10048;9838;10150;10260;7568;48366;48827;80187;48437;48569	3661	5210	5027.5	6394	2982.5	8888	1204	2185	3516	8006.5	804.5	6374.5	6397.5	7779.5	7518.5	7782	1266	4809.5	6897.5	3288	1257.5	6576.5	6365	6553	97469	4873.45
ORTHO007612	Minichromosome maintenance (MCM2/3/5) family protein	AT4G02060	7049;44763;9987;8150;44699;3677;3676;1901363;5488;3674;97159;6268;32508;32392;71103;51276;6996;16043;71840;6261;6260;6259;44260;43170;71704;8152;44237;90304;6139;46483;6725;1901360;34641;6807;44238;34645;9059;1901576;9058;44249;5515;6270;10182;9756;7165;50794;50789;65007;51716;50896;7154;44700;23052;71322;71310;10033;42221;70887;1901701;1901700;9743;8283;5634;43231;43227;43226;5575;43229;44424;44464;5623;5622;5524;35639;1901265;43168;43167;32559;30554;17076;166;36094;32555;32553;97367;32550;32549;1882;1883;8094;42623;16887;17111;16462;16818;16817;16787;3824;46872;43169;347;44428;44446;44422;43234;32991;6351;97659;32774;16070;34654;19438;44271;18130;1901362;10467;790;785;44427;5694;43232;43228;44454;228;31981;70013;43233;31974;5737	3662	3453	3552.5	3443	2097	3188.5	2328.5	6142.5	7183.5	4672	6763.5	7906.5	5338.5	3815.5	3265	3976.5	494	2558	2249	4060.5	4833.5	4067	6365	2485	81692.5	4.084.625
ORTHO006508	FASCICLIN-like arabinoogalactan 9	AT1G03870;AT2G20520	46658;31226;44459;44464;5575;5623;44425;16020;5886;71944;31224;31225	3663	5003	3246.5	2830	2982.5	5547	5840	2322	6712.5	5898.5	2402	3422.5	1352	1800.5	4893	6712.5	5764.5	3580	3352	2092	765	5603	3884	6057.5	78000.5	3.900.025
ORTHO001793	Protein of unknown function (DUF803)	AT1G34470;AT1G71900;AT4G09640	16021;31224;44425;5575;16020;15095;72509;22890;8324;15075;22891;22857;5215;3674;6810;51234;51179;8150;55085;44763;9987;44699;44765;1902578;22892;34220;6811;98655;6812;72511;46873;30001;1903830;5886;44464;5623;71944	3664	6321	5226	6788	7245.5	2005.5	3513	5698.5	5994	2569	2290	8107.5	8306	2711.5	4233.5	3976.5	5864.5	3580	6700.5	7871	7786.5	6266	6040	6379.5	99893	4994.65
ORTHO006934	Uncharacterized conserved protein (DUF2215)	AT1G28760	9507;9536;43231;43227;43226;5575;43229;44424;44464;5623;5622;44444;5737;5515;5488;3674	3665	1836	2861.5	2058	1281	3205.5	5794	4099	1839.5	3934	8701	2851	6316	4415.5	5907.5	6712.5	3399	4809.5	1486.5	1391	1504	1613	3686	1344.5	73009	3650.45
ORTHO002631	ubiquiting-conjugating enzyme 2	AT2G02760	5634;43231;43227;43226;5575;43229;44424;44464;5623;5622;5829;44444;5737;5524;35639;1901265;1901363;5488;3674;97159;43168;43167;32559;30554;17076;166;36094;32555;32553;97367;32550;32549;1882;1883;33523;16574;16570;16569;16568;6325;43933;16043;71840;8150;9987;51276;6996;6464;36211;19538;43170;71704;8152;44238;43412;44267;44260;44237;1902589;44763;44699;44710;16567;32446;70647;10228;3006;32502;22414;48608;48856;61458;48731;7275;44767;44707;32501;9791;6511;19941;51603;6508;44257;30163;9057;1901575;9056;44265;44248;43632;4842;19787;16740;3824;16874;9650;9411;9416;9314;9628;50896	3666	7416	3948.5	4231	5439	6529	8627.5	8536	4602.5	2832.5	7524	4467	4355	1321.5	4462	3976.5	6409	934	5220.5	6148	3491.5	1910	3349.5	1344.5	86040.5	4.302.025
ORTHO004931	CONTAINS InterPro DOMAIN/s: Protein of unknown function DUF2451; C-terminal (InterPro:IPR019514); Vacuolar protein sorting-associated protein 54 (InterPro:IPR019515)	AT2G27900	3674;5634;43231;43227;43226;5575;43229;44424;44464;5623;5622;8150	3667	2817	3882.5	4098	1812	8183	4758.5	2044	3516	3637.5	4610.5	6240	6731.5	7300	7129	2476	8494	6896	1501	4473	2214.5	688.5	827.5	3635.5	85356	4267.8
ORTHO006773	Protein of unknown function; DUF547	AT5G47380	8150;3674;5634;43231;43227;43226;5575;43229;44424;44464;5623;5622	3668	4111	4993.75	6319.5	2375	7455.5	2627.5	6323	5144	2702	8737.5	998	5740	3815.5	4124.5	6712.5	4252.5	3580	4113.5	7194	5061.5	4709	6854	6949.5	97094	4854.7
ORTHO002668	homolog of anti-oxidant 1	AT1G66240;AT3G56240	46916;6875;55065;98771;50801;48878;42592;65008;65007;8150;55080;30003;6873;55082;19725;44763;9987;44699;55076;5737;44424;44464;5575;5623;5622;785;44427;44446;44422;43226;43229;5694;43232;43228;32991;30001;6812;6811;44765;6810;51234;51179;1902578;5886;16020;71944;46914;46872;43169;43167;5488;3674;9651;6970;9628;50896;6950;6825;41;48046;5576;6827;34755;98662;98660;34220;55085;98655;6826;7568;44767;32502;9507;9536;43231;43227;44444;46686;10038;10035;42221;6878;55070;16531;16530;5507;302;6979;1901700	3669	5127	2663.75	1658.5	6100.5	4561.5	2121.5	5568.5	7183.5	5583	5636.5	863	4738	3283.5	1910.5	6712.5	1772.5	2199.5	4059	995	1982	3311	3020	4016	69517	3475.85
ORTHO004442	Mitochondrial glycoprotein family protein	AT2G39795;AT3G55605;AT5G05990	5759;44429;44444;44424;44464;5575;5623;5622;5737;44446;44422;43226;43229;5739;43231;43227;70013;43233;31974;8150;3674	3670	6300	5030.25	6390.5	2982.5	7071.5	3025	6142.5	1839.5	6065.5	1483.5	7237	1352	1800.5	4462	3976.5	6409	4154.5	7042	8125.5	7254	6182.5	6709	7120	97452	4872.6
ORTHO007230	Plant protein of unknown function (DUF641)	AT3G60680	5777;42579;43231;43227;43226;5575;43229;44424;44464;5623;5622;44444;5737;3674;5856;43232;43228;8150	3671	2750	3470.75	3270.5	4356	2005.5	1342.5	7084	3504.5	7377.5	865	4841.5	1352	9056	6243.5	7782	1896	8613.5	2688	2496	2550.5	6895.5	2171	1958.5	80723	4036.15
ORTHO004494	xyloglucan endotransglucosylase/hydrolase 9	AT4G03210	5618;30312;44464;5575;5623;71944;4553;16798;16787;3824;3674;8152;8150;71555;45229;16043;71840;9987;71554;48046;5576;10411;6073;44042;5976;5975;71704;44238;43170;44264;44260;44237;44262;10410;10383;44036;42546;44085;16762;16758;16757;16740	3672	4905	4091	4510	5938.5	1959	5486.5	6428.5	7046.5	3425.5	2129.5	8132.5	6227	1800.5	5034.5	6712.5	737	2558	6785	3747	4321	3222.5	5407	6210	87370	4368.5
ORTHO004074	homolog of yeast FIP1 [V]	AT5G58040	5515;5488;3674;8150;5634;43231;43227;43226;5575;43229;44424;44464;5623;5622;42802;3723;3676;1901363;97159	3673	2260	4194.5	4716	1689.5	3114.5	7562.5	2392	2301	4308	8924.5	3034.5	3904	6764.5	8163.5	7782	4408.5	5720	3199	3899.5	723.5	5376	5171.5	1858	88607	4430.35
ORTHO007530	Bestrophin-like protein	AT2G45870;AT3G61320	16021;31224;44425;5575;16020;8150;31969;42170;31090;44422;43226;43227;44435;44444;44424;44464;5623;5622;5737;44446;43229;9536;43231;9526;31967;31975;44434;9507;9941;3674	3674	5913	5527	7380	6664	7116	5001	6142.5	5994	5953	7886	3218	1352	1800.5	5254.5	3976.5	6409	3949	7042	5887	7386	6266	6854	6553	104040	5202
ORTHO004962	cytidinediphosphate diacylglycerol synthase 4	AT2G45150;AT3G60620	16024;46474;6650;6644;19637;71704;8152;8150;6793;44237;9987;44255;6629;44710;44699;44238;44763;6796;46486;45017;8610;1901576;9058;44711;44249;8654;90407;46341;16020;5575;4605;70567;16779;16772;16740;3824;3674;5886;44464;5623;71944;6655;46471;9536;43231;43227;43226;43229;44424;5622;44444;5737;9941;9526;31967;31975;44446;44422;44435;44434;9507;31969;42170;31090;9535;55035;42651;34357;44436;9579;31976;31984;9534;16021;31224;44425	3675	6077	4050.5	4426	2982.5	5090	4341	5348	5754	5391.5	6343	5435.5	5195	2711.5	3265	5325.5	4252.5	2558	4548.5	6274.5	4226.5	3609.5	3040	4291.5	87001	4350.05
ORTHO001138_2	plastidial pyruvate kinase 3	AT1G32440	5524;35639;1901265;1901363;5488;3674;97159;43168;43167;32559;30554;17076;166;36094;32555;32553;97367;32550;32549;1882;1883;16301;16772;16740;3824;8152;8150;16310;6796;6793;44237;9987;6096;6090;32787;19752;43436;6082;71704;44281;44710;44699;44763;44724;44712;9056;44723;5975;44238;16052;1901575;6757;6091;46031;9150;6163;72521;46483;6725;1901360;34641;6807;1901564;9117;6753;19637;55086;6139;9259;19693;1901135;9179;9185;9132;9135;9167;9161;9123;9126;46128;9119;9116;1901657;42278;46034;9205;9144;9141;9199;6165;46939;46496;19362;6733;6732;51186;72524;6633;72330;46394;16053;44283;44711;9058;1901576;44249;6631;44255;6629;8610;9570;9532;44435;44444;44424;44464;5575;5623;5622;5737;44446;44422;43226;43229;9536;43231;43227;44434;9507;287;46872;43169;30955;31420;4743;16773	3676	1760	3661.5	3647	1281	2931.5	2528	1114.5	1430.5	1346	865	2038	4071	7779.5	8793	2476	6162	6388.5	6109.5	4586	6696	6991	7729.5	2699.5	82735	4136.75
ORTHO002251	nucleotidyltransferases	AT3G61690	5634;43231;43227;43226;5575;43229;44424;44464;5623;5622;16779;16772;16740;3824;3674;8152;8150	3677	5069	2865.5	2054	5938.5	228.5	6560.5	3914.5	2367.5	5463	6543	2343.5	1352	2711.5	5034.5	3976.5	1764.5	3121	6531	1129.5	4103	5603	3498.5	6732.5	72978	3648.9
ORTHO003524	Tetratricopeptide repeat (TPR)-like superfamily protein	AT3G04240	16757;16740;3824;3674;8152;8150;6493;6486;44763;9987;44699;6464;36211;19538;43170;71704;44238;43412;44267;44260;44237;43413;70085;44723;5975;44710;9101;9100;1901135;34645;9059;1901576;9058;44249;1901137;5634;43231;43227;43226;5575;43229;44424;44464;5623;5622;7275;44767;32502;44707;32501	3678	3120	6324	8970	4356	4647.5	3327	3065	7978	8231.5	3948.5	8350	7377.5	8586	5254.5	7782	8542.5	6505.5	7764.5	8808	6810.5	8134.5	8520	3920	127553	6377.65
ORTHO002100_1	alpha/beta-Hydrolases superfamily protein	AT2G44970	6505;46488;6650;6644;19637;71704;8152;8150;6793;44237;9987;44255;6629;44710;44699;44238;44763;6796;46486;6664;1903509;1901135;6643;6886;15031;45184;51234;51179;8104;33036;71702;6810;46907;51649;51641;34613;70727;16788;16787;3824;3674	3679	4059	2572	1465	5938.5	3296	1577.5	6428.5	1545.5	3785.5	6173.5	2291.5	4677	3815.5	4462	3976.5	3589	2199.5	1253	773.5	3870	2923.5	4773	6553	67963.5	3.398.175
ORTHO000783_2	Major facilitator superfamily protein	AT1G68570	5886;16020;5575;44464;5623;71944;6857;15833;42886;71705;6810;51234;51179;8150;44765;1902578;44699;71702;42128;42126;43436;6082;71704;8152;44281;44710;44763;9987;44237;2001057;6807;71941;5215;3674;16021;31224;44425	3680	2151	2026.5	373	1689.5	5621	624.5	1640.5	7831	184	1623	228.5	1352	4694.5	6331.5	1830	1919.5	5221.5	4607.5	920	606	1358.5	1453	1615.5	49662	2483.1
ORTHO009094	Encodes succinate dehydrogenase assembly factor 2 (SDHAF2); a low abundance mitochondrial protein needed for assembly and activity of mitochondrial complex II and for normal root elongation.	AT5G51040	80022;48364;44767;32502;8150;44699;48513;48856;48731;7275;44707;32501;22622;8177;104;16627;16491;3824;3674;8152;55114;44710;16635;5739;43231;43227;43226;5575;43229;44424;44464;5623;5622;44444;5737	3681	3609	4253	4825	2097	2054	1484	7084	3753	7407.5	3948.5	7495	3767	8593	4842.5	7782	5281.5	7870.5	7281	1869	864.5	2608	1991	3179.5	89155.5	4.457.775
ORTHO008960	Phosphatidic acid phosphatase (PAP2) family protein	AT5G03080	9706;9528;19866;31090;16020;5575;44422;43226;43227;44424;44464;5623;5622;31967;31975;44446;43229;42170;44435;44444;5737;9536;43231;9526;31969;44434;9507;9941;6651;46463;46460;6638;44255;6629;71704;8152;8150;44710;44699;44238;44763;9987;44237;8610;1901576;9058;44711;44249;6639;46486;45017;46339;48868;3006;32502;22414;48856;9856;44703;51704;44706;32501;8195;16791;42578;16788;16787;3824;3674;16311;6796;6793	3682	4205	3136.5	2591	2982.5	1227	2703	6741	800	502	1981	6080.5	5740	3815.5	3521.5	6712.5	4252.5	3580	4059	6148	4946	4525.5	6709	2575	76619	3830.95
ORTHO001146_1	ferrochelatase 1	AT5G26030	31969;42170;31090;16020;5575;44422;43226;43227;44435;44444;44424;44464;5623;5622;5737;44446;43229;9536;43231;9526;31967;31975;44434;9507;9941;9535;55035;42651;34357;44436;9579;31976;31984;9534;6783;6779;51188;51186;44237;8152;8150;9987;44249;9058;6778;33013;46483;6725;1901360;71704;1901564;6807;33014;19438;44271;34641;18130;1901362;1901576;1901566;42168;42440;44710;44699;44763;46148;44711;4325;16829;3824;3674;15995;15994;6979;6950;50896;5739	3683	2965	2539	1395	4356	1089	5105.5	397	2412.5	2925	7199	1810.5	5740	3815.5	4842.5	1830	4346.5	5221.5	3904.5	4012.5	569	4970.5	4199	2940	67330	3366.5
ORTHO007620	NAD(P)-binding Rossmann-fold superfamily protein	AT1G68540	16491;3824;3674;8152;8150;55114;44710;44699;80110;19438;6725;44237;9987;44249;9058;10584;10208;45229;16043;71840;10927;44767;32502;22607;44085;44763;48646;9653;48856;32989;48869;85029;30198;43062;9555;48229;7275;44707;32501;50662;48037;5488;5829;44444;44424;44464;5575;5623;5622;5737	3684	1877	3486.25	3288.5	4356	3368	2234.5	4396	8983.5	4181	982	1198.5	7743	7536	8638.5	2476	2041	6085	1086	5245.5	5988	4873	1523.5	2229	80808	4040.4
ORTHO000565_2	UDP-D-glucose/UDP-D-galactose 4-epimerase 1	AT1G12780;AT1G63180	5886;16020;5575;44464;5623;71944;33358;33356;9225;6139;46483;44237;8152;8150;9987;6725;1901360;71704;34641;6807;44238;1901135;9226;1901137;1901576;9058;34654;19438;44249;44271;18130;1901362;46983;5515;5488;3674;3978;16857;16854;16853;3824;5829;44444;44424;5622;5737;50662;48037;6012;19318;5996;44723;5975;44710;44699;44281;45227;45230;45229;16043;71840;45226;33692;271;5976;43170;16051;44711;9059;34637;44262;44763;44264;44260;34645;46379;46369;19319;46364;44283;71555;71554;5794;43231;43227;43226;43229;12505;50373;9555;48229;7275;44767;32502;44707;32501;48856	3685	5345	5509	7333	5552	4308	8400	5348	3117	8535.5	4961	7495	1352	7699.5	7349.5	5325.5	4464.5	7801.5	7042	3546.5	2232	5603	4391	4678.5	103650	5182.5
ORTHO007167	Sec-independent periplasmic protein translocase	AT2G01110	9535;55035;42651;34357;16020;5575;44436;44424;44464;5623;5622;9579;44435;44444;5737;44446;44422;43226;43229;9536;43231;43227;31976;31984;44434;9507;9534;5886;71944;33281;98797;44459;44425;98796;43234;32991;9567;9566;44702;22414;8150;44699;19953;44703;51704;3;10027;9668;44802;61024;16043;71840;9987;44763;9657;6996;31361;16021;31224;31360;71806;15031;45184;51234;51179;8104;33036;71702;6810;55085;44765;1902578;43235;9977;15450;15405;15399;22804;22857;5215;3674;8320;8565;22892;22884;22891;15291	3686	4281	3016	2346	5938.5	4598.5	7032	3549.5	3176	5281	4251.5	7742.5	4355	3815.5	2702.5	3976.5	3152.5	4673.5	3119	1654	4668.5	2213.5	3457	1454.5	74873	3743.65
ORTHO001348	phosphoenolpyruvate carboxykinase 1	AT4G37870;AT5G65690	5737;44424;44464;5575;5623;5622;5730;44428;44446;44422;43226;43229;5634;43231;43227;43232;43228;31981;70013;43233;31974;6094;6006;19318;5996;44723;5975;71704;8152;8150;44238;44710;44699;44281;19319;46364;44283;44711;9058;16051;1901576;16036;9267;31669;31667;9991;9605;50896;31668;51716;9987;71496;7154;44763;42594;6950;33554;4612;4611;16831;16830;16829;3824;3674;16020;5524;35639;1901265;1901363;5488;97159;43168;43167;32559;30554;17076;166;36094;32555;32553;97367;32550;32549;1882;1883;5829;44444;46686;10038;10035;42221;9817;9814;98542;6952;51707;43207;9607;51704;45087;6955;2376;50832;9620	3687	6876	2805	1923	5439	6417	8616.5	2962.5	4142	4963.5	5380	2086	4355	1321.5	4462	3023.5	3284	1360.5	3616	4727.5	3719.5	2328.5	3967	1344.5	72077	3603.85
ORTHO006136	Heavy metal transport/detoxification superfamily protein	AT3G24450	46916;6875;55065;98771;50801;48878;42592;65008;65007;8150;55080;30003;6873;55082;19725;44763;9987;44699;55076;30001;6812;6811;44765;6810;51234;51179;1902578;6825;41;46914;46872;43169;43167;5488;3674;5507;5737;44424;44464;5575;5623;5622	3688	6156	6376	9064	7245.5	7051	4341	8957	4816.5	7722.5	4678.5	8595.5	7189	8316	8404	5325.5	8310.5	6330	8121	9047	8711.5	6077	1681.5	7860.5	131535.5	6.576.775
ORTHO000601	Leucine-rich repeat protein kinase family protein	AT1G06840;AT3G53590;AT5G01950;AT5G37450	16021;31224;44425;5575;16020;4674;4672;16301;16772;16740;3824;3674;8152;8150;16310;6796;6793;44237;9987;16773;6468;6464;36211;19538;43170;71704;44238;43412;44267;44260;7169;7167;7166;7165;50794;50789;65007;51716;50896;7154;44763;44699;44700;23052;5524;35639;1901265;1901363;5488;97159;43168;43167;32559;30554;17076;166;36094;32555;32553;97367;32550;32549;1882;1883;5886;44464;5623;71944;5576;9507;9536;43231;43227;43226;43229;44424;5622;44444;5737	3689	2301	3240.5	2792	1479.5	8425	1294.5	2392	4953	1842.5	3461	5257	1352	5033	350.5	2914	8351	7547.5	8940.5	711.5	1880	8091	1594	3401.5	77791.5	3.889.575
ORTHO004520	Sulfite exporter TauE/SafE family protein	AT1G61740;AT4G21250	9507;9536;43231;43227;43226;5575;43229;44424;44464;5623;5622;44444;5737;3674;16021;31224;44425;16020;8150	3690	4619	4768	5846	2982.5	6529	2881	6573	8962	5476.5	2216.5	1198.5	6617.5	1800.5	5034.5	6712.5	3958.5	3949	3730.5	8320	1786	6266	5902.5	6553	94467	4723.35
ORTHO006604	ovate family protein 14	AT1G79960	45892;1903507;1903506;2001141;31326;9889;19222;50789;65007;8150;31323;50794;51252;19219;80090;51171;60255;10556;1902679;51253;10605;9892;48519;45934;51172;31324;48523;31327;9890;10558;10629;10468;6355;2000112;2000113;5634;43231;43227;43226;5575;43229;44424;44464;5623;5622;6351;34645;44260;43170;71704;8152;44237;9987;9059;1901576;9058;44249;97659;32774;16070;90304;6139;46483;6725;1901360;34641;6807;44238;34654;19438;44271;18130;1901362;10467	3691	4024	5764.5	7838	2097	7116	2528	2071	1753	3757.5	1810	3034.5	7743	7699.5	7487.5	7782	8387	6330	8734.5	8998	8850	7147.5	1802.5	4541	107572.5	5.378.625
ORTHO007391	FK506 BINDING PROTEIN 53	AT4G25340	5634;43231;43227;43226;5575;43229;44424;44464;5623;5622;3755;16859;16853;3824;3674;8152;8150;413;18208;18193;6464;36211;19538;43170;71704;44238;43412;44267;44260;44237;9987;5829;44444;5737;5730;44428;44446;44422;43232;43228;31981;70013;43233;31974;412;16570;16569;16568;6325;43933;16043;71840;51276;6996;1902589;44763;44699;44710;42393;5515;5488;5528;5527;1901363;97159;8144;6334;65004;71824;34622;65003;22607;44085;34728;71822;6461;70271;31497;6333;6323;71103;16020	3692	4943	2818.5	1945	5938.5	4986.5	5887	2614.5	2301	4786	2809.5	3578.5	3492.5	1800.5	4233.5	6712.5	4998.5	2199.5	3172	1426	5265	2433.5	4292	5222.5	72211	3610.55
ORTHO004730	SHK1 binding protein 1	AT4G31120	6351;34645;44260;43170;71704;8152;8150;44237;9987;9059;1901576;9058;44249;97659;32774;16070;90304;6139;46483;6725;1901360;34641;6807;44238;34654;19438;44271;18130;1901362;10467;8276;8168;16741;16740;3824;3674;32259;6479;43414;43412;8213;6464;36211;19538;44267;10220;10219;80134;48583;50789;65007;48584;48518;5737;44424;44464;5575;5623;5622;5829;44444;9909;48580;2000026;50793;51239;48831;2000241	3693	3204	3279	2865	4356	2672	6099.5	8957	4429.5	3896	4815.5	5720.5	4555.5	3815.5	1910.5	3976.5	1000	7597	4016	1229.5	5170.5	2433.5	4301.5	1696.5	78292.5	3.914.625
ORTHO005941	unknown protein	AT3G54750	5634;43231;43227;43226;5575;43229;44424;44464;5623;5622;3674;8150	3694	3627	5416.5	7139	2097	8440.5	6361.5	9031	8808.5	3665	1810	998	7743	7699.5	7487.5	7782	8387	1260.5	257	696	8350.5	7183	1828	4541	102329.5	5.116.475
ORTHO002015	ribosomal protein L23AA	AT2G39460;AT3G55280	22625;15934;44391;30529;32991;5575;44424;44464;5623;5622;44444;5737;44446;44422;43226;43229;5840;43232;43228;44445;5829;22626;6412;43043;43604;43603;34641;6807;8152;8150;44237;9987;44271;44249;9058;6518;1901564;71704;1901566;1901576;44267;19538;43170;44238;44260;34645;9059;10467;3735;5198;3674;44822;3723;3676;1901363;5488;97159;9506;5911;30054;55044;5730;44428;5634;43231;43227;31981;70013;43233;31974;6979;6950;50896;9409;9266;9628;42254;22613;44085;71840;5618;30312;71944;27;22618;71826;43933;16043;34622;65003;22607;42255;70925;6996;42273;9644;9642;9416;9314;16020	3695	7519	4307.5	4920	8300.5	7430.5	4457	8498.5	4687.5	7324	7382.5	8693.5	4297.5	1321.5	4462	3023.5	5685	1017	4968.5	6001	3417.5	1910	3849	1188	89614	4480.7
ORTHO007219	Protein of unknown function; DUF647	AT2G31190	9926;60918;9914;10817;65008;65007;8150;44765;6810;51234;51179;1902578;44699;9941;9526;31967;31975;44464;5575;5623;44446;44422;43226;44424;5622;43229;43227;44435;44444;5737;9536;43231;44434;9507;5739;10224;9411;9416;9314;9628;50896	3696	2794	4859.25	6022.5	4356	5974	4457	7290.5	985	2963.5	1981	1810.5	1352	7101	7258.5	5325.5	562	5569	7712	7299	7568	7637.5	8470.5	4060.5	95377	4768.85
ORTHO005436	Protein of unknown function (DUF1645)	AT5G62770	5634;43231;43227;43226;5575;43229;44424;44464;5623;5622;3674;8150	3697	7524	5345.5	6994	6358.5	5016	4457	7935.5	5144	7666.5	6173.5	8311	7121	2711.5	2702.5	5325.5	4464.5	1780	5027.5	7576.5	5422.5	3453.5	6467.5	4541	101297	5064.85
ORTHO007644	dual specificity protein phosphatase (DsPTP1) family protein	AT3G52180	6470;16311;6796;6793;44237;8152;8150;9987;6464;36211;19538;43170;71704;44238;43412;44267;44260;5982;6073;44042;5976;5975;44264;44262;9570;9532;44435;44444;44424;44464;5575;5623;5622;5737;44446;44422;43226;43229;9536;43231;43227;44434;9507;5515;5488;3674;8138;4721;16791;42578;16788;16787;3824;5983;9251;272;16052;1901575;9056;9057;44247;44275;44248;7623;48511;30247;1871;30246;19203	3698	2597	3486.5	3275	1812	332.5	8586	2250	3516	8319	5540	1338	1352	5696	1109.5	1830	8832.5	8592	4914	1320	306.5	7972	2380.5	6553	80739.5	4.036.975
ORTHO002884	GDA1/CD39 nucleoside phosphatase family protein	AT1G14230;AT1G14240;AT1G14250;AT2G02970	16021;31224;44425;5575;16020;16787;3824;3674;8152;8150;9507;9536;43231;43227;43226;43229;44424;44464;5623;5622;44444;5737;5524;35639;1901265;1901363;5488;97159;43168;43167;32559;30554;17076;166;36094;32555;32553;97367;32550;32549;1882;1883;5773;5886;71944;10584;10208;45229;16043;71840;9987;10927;44767;32502;44699;22607;44085;44763;48646;9653;48856;32989;48869;85029;30198;43062;9555;48229;7275;44707;32501;30659;12506;31090;44422;31988;31982;44433;44446;31410;16023;9901;9900;44702;22414;48609;32504;3;48653;3006;48443;48827;48367;48731;48437;48569;48513;9908;90567;48608;61458;9791;48466;48438	3699	3020	5849.5	8000	1408	2170	6741	2962.5	2645.5	7350.5	9114	8855.5	8675.5	5465	892.5	1606	7542.5	7408	8173	4527	6810.5	8473.5	2894	6732.5	109039	5451.95
ORTHO002269	K-box region and MADS-box transcription factor family protein	AT2G42830;AT3G58780;AT4G18960	46983;5515;5488;3674;48440;48827;48856;32502;8150;48367;44767;44699;48731;7275;44707;32501;48437;44702;22414;3006;48569;48513;9908;90567;48608;61458;9791;48467;48438;3700;1071;2001141;31326;9889;19222;50789;65007;31323;50794;51252;19219;80090;51171;60255;10556;6355;1903506;10468;2000112;5634;43231;43227;43226;5575;43229;44424;44464;5623;5622;6351;34645;44260;43170;71704;8152;44237;9987;9059;1901576;9058;44249;97659;32774;16070;90304;6139;46483;6725;1901360;34641;6807;44238;34654;19438;44271;18130;1901362;10467;3677;3676;1901363;97159;48481;35670;10047;9900;48609;32504;3;48497;48496;45596;48523;48519;45595;50793;51093;48443;48466;48366	3700	7297	2942.5	2185	7947.5	2604.5	4885.5	7527.5	1916	8535.5	3948.5	6494	6071.5	3461.5	1616	5325.5	3299	1494	3691	5245.5	3646	572.5	629	2784	73747	3687.35
ORTHO004484	transcription activators	AT4G12610	5634;43231;43227;43226;5575;43229;44424;44464;5623;5622;9507;9536;44444;5737	3701	2672	2651.5	1602	1812	4827.5	4928.5	917.5	597.5	1506.5	1623	1576.5	3608.5	3815.5	3265	6712.5	4761	5221.5	4663	3747	4445	5213.5	4535	3103.5	69068	3453.4
ORTHO006389	pfkB-like carbohydrate kinase family protein	AT1G19600	16301;16772;16740;3824;3674;8152;8150;16310;6796;6793;44237;9987;5737;44424;44464;5575;5623;5622	3702	4459	4890.5	6079	2982.5	6898	2080	6323	7455	1540.5	6763.5	998	6895.5	1800.5	5523	6712.5	4252.5	3580	4113.5	7194	5061.5	4709	6854	6949.5	95703.5	4.785.175
ORTHO007591	ATP citrate lyase (ACL) family protein	AT2G20420	5524;35639;1901265;1901363;5488;3674;97159;43168;43167;32559;30554;17076;166;36094;32555;32553;97367;32550;32549;1882;1883;5739;43231;43227;43226;5575;43229;44424;44464;5623;5622;44444;5737;6099;6101;72350;19752;43436;6082;71704;8152;8150;44281;44710;44699;44763;9987;44237;44238;9060;45333;15980;6091;55114;46686;10038;10035;42221;50896;4776;4774;16405;16877;16874;3824;16878;5507;46914;46872;43169;4775	3703	1903	5040.5	6378	4356	8358.5	2703	1912	8149.5	4172	1981	1198.5	7743	7536	8638.5	2476	8351	6085	1164.5	5245.5	5988	6759.5	6709	2229	97399.5	4.869.975
ORTHO005271	Enhancer of polycomb-like transcription factor protein	AT5G04670	6357;6355;1903506;2001141;31326;9889;19222;50789;65007;8150;31323;50794;51252;19219;80090;51171;60255;10556;10468;2000112;6351;34645;44260;43170;71704;8152;44237;9987;9059;1901576;9058;44249;97659;32774;16070;90304;6139;46483;6725;1901360;34641;6807;44238;34654;19438;44271;18130;1901362;10467;32777;35267;43189;1902562;123;31248;1902493;1990234;1902494;43234;32991;5575;44424;44464;5623;5622;44451;44428;44446;44422;43226;43229;5634;43231;43227;5654;31981;70013;43233;31974;3674	3704	2496	3051	2398	4356	8152	3129.5	641	1042.5	6308	1312.5	8284.5	1352	6971	8316.5	7782	5329.5	6265.5	1748	518	800.5	3111.5	2291.5	2003.5	75359.5	3.767.975
ORTHO007737	PAS/LOV protein B	AT2G02710	5886;16020;5575;44464;5623;71944;155;38023;4871;60089;3674;7165;50794;50789;65007;8150;51716;9987;50896;7154;44763;44699;44700;23052;4872;5057;35556;4673;4672;16301;16772;16740;3824;8152;16310;6796;6793;44237;16773;6468;6464;36211;19538;43170;71704;44238;43412;44267;44260;16775;18106;18202;18193;160;23014;44710;6355;1903506;2001141;31326;9889;19222;31323;51252;19219;80090;51171;60255;10556;10468;2000112;18298;9881	3705	1904	4271	4837	4356	7658.5	1118	1604.5	1839.5	3882	3269.5	4841.5	1352	5656	1184.5	1830	7469	7801.5	8673	518	8935.5	8566.5	8952	4060.5	89212	4460.6
ORTHO002155	ACT domain-containing small subunit of acetolactate synthase protein	AT2G31810;AT5G16290	9097;9082;9081;6520;1901564;71704;8152;8150;6807;19752;43436;6082;44281;44710;44699;44763;9987;44237;44238;8652;46394;16053;44283;44711;9058;1901576;44249;1901566;6549;1901605;1901607;9507;9536;43231;43227;43226;5575;43229;44424;44464;5623;5622;44444;5737;9099;6573;3984;16744;16740;3824;3674;16597;31406;43177;36094;5488;43168;43167;5829;6551	3706	2345	2782	1858	1689.5	1089	3025	3713.5	1042.5	7666.5	8606.5	3792.5	6227	4486	3047.5	6712.5	8250.5	5221.5	3504.5	366.5	620	822	728.5	2575	71497	3574.85
ORTHO004946	NAD(P)-binding Rossmann-fold superfamily protein	AT1G05180;AT2G32410	16567;32446;70647;6464;36211;19538;43170;71704;8152;8150;44238;43412;44267;44260;44237;9987;45116;10252;48878;42592;65008;65007;6281;6259;90304;6139;46483;6725;1901360;34641;6807;6974;33554;51716;50896;6950;44763;44699;44710;8641;16877;16874;3824;3674;5886;16020;5575;44464;5623;71944;166;36094;5488;1901265;1901363;97159;7131;35825;6310;1903046;22402;7049;51321;3;7127;7126;280;48285;6996;16043;71840;1902589;9414;9415;9628;1101;42221;10035;1901700;5829;44444;44424;5622;5737;19781;9734;9755;7165;50794;50789;7154;44700;23052;32870;9725;9719;10033;71495;71310;70887;71365;9733;5634;43231;43227;43226;43229;9735;9965;9887;44767;32502;9653;48856;48513;48731;7275;44707;32501;48366;48827;48367;10016;5777;42579;9791	3707	5832	4795.5	5884	6534	7207	3025	6142.5	2611.5	3718.5	1981	3218	1352	1800.5	5413.5	5325.5	6409	3949	7042	8397.5	7386	6266	6854	6553	94651.5	4.732.575
ORTHO002436	lon protease 3	AT3G05780;AT3G05790;AT5G26860	4252;4175;70011;8233;16787;3824;3674;8152;8150;6508;19538;43170;71704;44238;8236;17171;1666;36293;70482;9628;50896;6950;70361;44212;975;3677;3676;1901363;5488;97159;1067;5759;44429;44444;44424;44464;5575;5623;5622;5737;44446;44422;43226;43229;5739;43231;43227;70013;43233;31974;6515;51603;44257;30163;9057;1901575;9056;44265;44260;44237;9987;44248;44267;5524;35639;1901265;43168;43167;32559;30554;17076;166;36094;32555;32553;97367;32550;32549;1882;1883;51131;43623;6461;65003;43933;16043;71840;22607;44085;71822;70271;34622;70407;19941;43632;3697;43566;7005;6996;34599;6979;33554;51716;70887;42221;42645;9295;43232;43228;3727;3723;4176;42623;16887;17111;16462;16818;16817;51260;51259;9507;9536;5829;5515	3708	4789	2728	1748	7245.5	6529	3327	2460.5	1328.5	4447.5	4046	2291.5	1352	3283.5	5034.5	3976.5	1952.5	3949	2958	8125.5	1863.5	4612.5	2553	6281	70371.5	3.518.575
ORTHO003347	Major facilitator superfamily protein	AT2G18590;AT4G36790	22891;22857;5215;3674;6810;51234;51179;8150;55085;44763;9987;44699;44765;1902578;22892;5351;5402;15294;15293;15291;22804;8324;15075;34220;6811;98655;6812;51119;15144;1901476;8643;71702;34219;15295;15992;15672;6818;9507;9536;43231;43227;43226;5575;43229;44424;44464;5623;5622;44444;5737;16020;16021;31224;44425;5739	3709	5930	4263	4817	2982.5	6643.5	6781.5	5698.5	2134	2366.5	2290	8107.5	3591.5	1800.5	5034.5	3976.5	693.5	3949	6700.5	5160	6180.5	5924	6040	6057.5	89129.5	4.456.475
ORTHO007131	GroES-like zinc-binding alcohol dehydrogenase family protein	AT3G15090	55114;44710;8152;8150;44699;16491;3824;3674;8270;46914;46872;43169;43167;5488;5739;43231;43227;43226;5575;43229;44424;44464;5623;5622;44444;5737	3710	2522	2894.5	2079	1689.5	3489.5	5560.5	727.5	1133	3581	1082.5	1471	1352	8123.5	8138	2476	693.5	6854.5	1359	3830	62	7836	8675	6669	73113.5	3.655.675
ORTHO005263	Mitochondrial substrate carrier family protein	AT3G20240	5743;19866;31090;16020;5575;44422;43226;43227;44424;44464;5623;5622;31967;31975;44446;43229;31966;44429;44444;5737;5739;43231;5740;55085;44763;9987;8150;44699;44765;6810;51234;51179;1902578;5215;3674;16021;31224;44425;6839;1902582;46907;51649;51641	3711	4149	3478.5	3246	2375	1227	1985	6741	7455	5416	1312.5	998	1352	3815.5	4705.5	6712.5	4252.5	3750.5	4165.5	7299	5061.5	4780.5	6854	2699.5	80583	4029.15
ORTHO001717	varicose-related	AT3G13290;AT3G13300	166;36094;5488;3674;1901265;1901363;97159;5634;43231;43227;43226;5575;43229;44424;44464;5623;5622;6397;16071;16070;44260;43170;71704;8152;8150;44237;9987;90304;6139;46483;6725;1901360;34641;6807;44238;6396;10467;31087;90305;31086;956;6402;6401;44265;9057;1901575;9056;44248;34655;19439;44270;1901361;46700;9791;44767;32502;44699;44707;32501;7275;9965;9887;9653;48856;48513;48731;48366;48827;48367;10016;5829;44444;5737;10071;44702;22414;90421;10014;9933;48532;48507;9888;3006;48508;9793;9790;48316;48608;61458;10154;10015;48364;22622;10072;932;36464;35770;30529;32991;43232;43228;42803;42802;5515;46983;71365;32870;9725;9719;50896;10033;42221;71495;71310;70887;51716;9733	3712	2003	3606.5	3501	1281	4647.5	2528	6906	5221.5	450.5	5351	8014	6397.5	4486	6054.5	1830	7897.5	5221.5	3904.5	4211	4103	1068	859	2850	82001	4100.05
ORTHO007962	pfkB-like carbohydrate kinase family protein	AT5G58730	5524;35639;1901265;1901363;5488;3674;97159;43168;43167;32559;30554;17076;166;36094;32555;32553;97367;32550;32549;1882;1883;16773;16772;16740;3824;8152;8150;10264;33517;43647;19637;71704;6793;44237;9987;19751;6066;1901615;44281;44710;44699;44763;6796;32958;46173;46165;1901617;1901576;9058;44283;44711;90407;16301;16310	3713	3559	3037.5	2362	4356	4308	6090	3549.5	3450	6381.5	5025.5	6844	1352	3815.5	2396.5	6712.5	3548.5	6590	3653	1584.5	289.5	2837	4723.5	1825	74976	3748.8
ORTHO006319	ACT domain repeat 3	AT1G76990	16597;31406;43177;36094;5488;3674;43168;43167;5829;44444;44424;44464;5575;5623;5622;5737	3714	4868	4176	4638	5476.5	4204.5	2627.5	6741	522.5	763	1483.5	7933	6804.5	2711.5	5413.5	6712.5	8875.5	3121	5272.5	7012	7709	2213.5	1121.5	6801.5	88043.5	4.402.175
ORTHO007584	Zincin-like metalloproteases family protein	AT1G67690	5737;44424;44464;5575;5623;5622;46872;43169;43167;5488;3674;5739;43231;43227;43226;43229;44444;4222;4175;70011;8233;16787;3824;8152;8150;6508;19538;43170;71704;44238;8237	3715	2045	2198.5	682	4356	880.5	107	727.5	3019	5411.5	2992.5	743.5	2766	5972.5	6007	2080.5	9122.5	8318	3046	1724	2573	504.5	500	619	57114.5	2.855.725
ORTHO006473	fucosyltransferase 13	AT1G71990	71555;45229;16043;71840;8150;9987;71554;32580;139;98588;31090;16020;5575;44422;43226;43227;44431;44444;44424;44464;5623;5622;5737;44446;43229;5794;43231;12505;31985;98791;31984;5795;10493;33692;271;5976;5975;71704;8152;44238;43170;16051;44723;44710;44699;1901576;9058;44711;9059;34637;44262;44237;44763;44249;44264;44260;34645;1901137;1901135;16021;31224;44425;6486;6464;36211;19538;43412;44267;43413;70085;9101;9100;16757;16740;3824;3674;8417;16758;36065	3716	2739	2661.5	1607	4356	9128	1011	4065.5	7046.5	2124.5	8606.5	7728.5	4955.5	3815.5	3047.5	1606	3264.5	1260.5	528	366.5	3511.5	1407.5	3519	2091	69083.5	3.454.175
ORTHO008626	NADH:ubiquinone oxidoreductase; 17.2kDa subunit	AT3G03100	5739;43231;43227;43226;5575;43229;44424;44464;5623;5622;44444;5737;55114;44710;8152;8150;44699;16020;5747;45271;30964;98796;43234;32991;44425;1990204;1902494;98803;70469;98800;98798;44429;44446;44422;44455;31966;31090;5740;31967;31975;5743;19866;5746;9735;9725;9719;50896;10033;42221;8137;50136;3954;16651;16491;3824;3674;16655;9055;50897;46914;46872;43169;43167;5488	3717	3799	3067.5	2418	2097	808	3430	2903.5	1839.5	5825	5247	4752.5	1352	8766.5	6007	5325.5	8026.5	4673.5	1290	2534.5	2328.5	6266	2104	2046	75525.5	3.776.275
ORTHO001349	Plant invertase/pectin methylesterase inhibitor superfamily	AT5G09760;AT5G64640	42545;71555;45229;16043;71840;8150;9987;71554;9507;9536;43231;43227;43226;5575;43229;44424;44464;5623;5622;44444;5737;45490;272;5976;5975;71704;8152;44238;43170;16052;1901575;9056;9057;45488;10393;30599;52689;16788;16787;3824;3674;71944;46910;4857;30234;98772;50790;19222;50789;65007;65009;43086;44092;9892;48519;9505;5618;30312;16021;31224;44425;16020;5886	3718	2491	3688.5	3659	5396	1500	1068	2185	8149.5	698.5	8984.5	8085	7377.5	7448.5	7195	2476	5329.5	5368	7398	1070.5	970	2061	1523.5	3920	82808	4140.4
ORTHO006920	ARM repeat superfamily protein	AT1G72560	71528;6409;6405;51168;6913;16482;46907;6810;51234;51179;8150;51649;51641;51169;50658;50657;15931;71705;71702;51236;6403;33036;1902582;44765;1902578;44699;51031;71431;71426;71166;15932;22891;22857;5215;3674;55085;44763;9987;22892;8536;17016;31267;51020;19899;5515;5488;10014;44767;32502;9933;48532;9653;48856;48507;9888;48513;48731;7275;44707;32501;49;3723;3676;1901363;97159;5643;44428;44446;44422;5575;43226;44424;44464;5623;5622;43229;5634;43231;43227;5635;31967;31975;12505;16363;34399;31981;70013;43233;31974;9908;90567;48608;3006;22414;61458;44702;9791;48367;5829;44444;5737	3719	3352	3808.5	3898	4356	6898	2032.5	1912	702.5	2385.5	8737.5	8362	5740	3815.5	4233.5	3976.5	4252.5	3580	4113.5	4131	5061.5	4709	6854	2699.5	84196.5	4.209.825
ORTHO004524	zinc finger (CCCH-type/C3HC4-type RING finger) family protein	AT3G08505	3677;3676;1901363;5488;3674;97159;16567;32446;70647;6464;36211;19538;43170;71704;8152;8150;44238;43412;44267;44260;44237;9987;5634;43231;43227;43226;5575;43229;44424;44464;5623;5622;16874;3824;8270;46914;46872;43169;43167	3720	3379	5723.5	7727	4356	7363.5	3430	7409.5	8766	3372	3948.5	6844	7743	6206.5	1509	7360.5	8818.5	6590	7831	8796	2392	3222.5	2059	2940	106601.5	5.330.075
ORTHO006678	NADH-ubiquinone oxidoreductase B8 subunit; putative	AT5G47890	55114;44710;8152;8150;44699;5739;43231;43227;43226;5575;43229;44424;44464;5623;5622;44444;5737;16655;16651;16491;3824;3674;9507;9536;5747;45271;30964;98796;43234;32991;44425;16020;1990204;1902494;98803;70469;98800;98798;44429;44446;44422;44455;31966;31090;5740;31967;31975;5743;19866;5746	3721	4092	4853	5985	5938.5	8968.5	3224.5	3853.5	6584	6167	4926	5489.5	1352	5223.5	551	6712.5	2420.5	9122	3039	3659	4321	8763	2819	7997	95192.5	4.759.625
ORTHO005656	DCD (Development and Cell Death) domain protein	AT3G27090	8150;3674	3722	4882	5745	7768	2982.5	1554	2881	2185	2979	855	8606.5	281	8205.5	8541.5	8471.5	5325.5	494	6982	8083	8843	7786.5	7756.5	8551.5	8491	106873	5343.65
ORTHO008390	antitermination NusB domain-containing protein	AT4G26370	5739;43231;43227;43226;5575;43229;44424;44464;5623;5622;44444;5737;9507;9536;3723;3676;1901363;5488;3674;97159;6355;1903506;2001141;31326;9889;19222;50789;65007;8150;31323;50794;51252;19219;80090;51171;60255;10556;10468;2000112;6353;32774;9059;43170;71704;8152;1901576;9058;16070;44260;44237;9987;90304;6139;46483;6725;1901360;34641;6807;44238;34654;19438;44249;44271;18130;1901362;6351;34645;97659;10467	3723	2654	2108	493	1812	1089	3025	4077.5	2069	2212.5	2290	1198.5	3406.5	3815.5	3047.5	1606	1685	4982.5	3504.5	4060.5	3604.5	1358.5	3049	2314	52395.5	2.619.775
ORTHO005097	unknown protein	AT3G20720	3674;8150	3724	4781	3076	2428	2982.5	1500	3863.5	2614.5	8766	2670	3136.5	2729	5740	1375.5	3521.5	6712.5	3426.5	2199.5	5851	6240	3756	2433.5	3466.5	5601	75603	3780.15
ORTHO005452	unknown protein	AT1G03730;AT4G03600	9507;9536;43231;43227;43226;5575;43229;44424;44464;5623;5622;44444;5737;8150;3674	3725	6604	6374.5	9024	7245.5	7278	5001	8957	7455	4754	8537.5	4905	1352	7300	8452	5325.5	7214.5	5056.5	8121	7408.5	8350.5	7683.5	8163.5	8159	129474	6473.7
ORTHO003809	Cleavage and polyadenylation specificity factor (CPSF) A subunit protein	AT3G55200;AT3G55220	3676;1901363;5488;3674;97159;5634;43231;43227;43226;5575;43229;44424;44464;5623;5622;48481;3006;32502;8150;22414;48856;35670;48608;61458;48731;7275;44767;44699;44707;32501;48440;48827;48367;48437;44702;48569;48513;9908;90567;9791;48467;48438;398;6397;16071;16070;44260;43170;71704;8152;44237;9987;90304;6139;46483;6725;1901360;34641;6807;44238;6396;10467;377;375;8380;9846;9856;44703;51704;44706;9555;48229;3723;9507;9536;44444;5737;9506;5911;30054;55044	3726	2372	5924.5	8123	4356	1329	1985	7491.5	8307	2856.5	9062.5	2038	7743	7779.5	7487.5	7782	1102.5	6388.5	7353.5	5519.5	6696	7061.5	7774	4586.5	110343.5	5.517.175
ORTHO004987	P-loop containing nucleoside triphosphate hydrolases superfamily protein	AT2G34560	5886;16020;5575;44464;5623;71944;16887;17111;16462;16818;16817;16787;3824;3674;8152;8150;5524;35639;1901265;1901363;5488;97159;43168;43167;32559;30554;17076;166;36094;32555;32553;97367;32550;32549;1882;1883;19538;43170;71704;44238	3727	733	3513	3299	672.5	2776	6879	4227	2134	1318	1312.5	8166	4199	6292	6378.5	797.5	693.5	7181.5	5301	3747	1201.5	9099	8723	431	80857	4042.85
ORTHO006163	unknown protein	AT1G27290	8150;5739;43231;43227;43226;5575;43229;44424;44464;5623;5622;44444;5737;3674	3728	6482	4492	5256	5748	1594	8162.5	5439.5	7046.5	2170.5	6543	5295.5	3374.5	1800.5	3521.5	5325.5	4548.5	3121	5220.5	6860	6578.5	4873	5021	4801	91297	4564.85
ORTHO001345_1	alfin-like 3	AT3G42790;AT5G20510	6355;1903506;2001141;31326;9889;19222;50789;65007;8150;31323;50794;51252;19219;80090;51171;60255;10556;10468;2000112;16568;6325;43933;16043;71840;9987;51276;6996;3677;3676;1901363;5488;3674;97159;5634;43231;43227;43226;5575;43229;44424;44464;5623;5622;6351;34645;44260;43170;71704;8152;44237;9059;1901576;9058;44249;97659;32774;16070;90304;6139;46483;6725;1901360;34641;6807;44238;34654;19438;44271;18130;1901362;10467;8270;46914;46872;43169;43167;42393;5515;1903507;1902679;51253;10605;9892;48519;45934;51172;31324;48523;31327;9890;10558;9414;9415;9628;50896;1101;42221;10035;1901700;6950;35064;9651;6970;3714;3712;989;988	3729	7388	4918.5	6108	8139.5	5090	8674.5	7935.5	6124	6097	3366.5	4059.5	7377.5	2711.5	2702.5	5325.5	92	4154.5	5589.5	3431	5779	3374.5	6040	7952.5	95877	4793.85
ORTHO007927	Thioredoxin superfamily protein	AT5G38900	9817;9814;98542;6952;6950;50896;8150;51707;43207;9605;9607;51704;45087;6955;2376;50832;9620;15035;15036;16667;16491;3824;3674;8152;55114;44710;44699;5829;44444;44424;44464;5575;5623;5622;5737	3730	1974	3833.5	3937	1281	8551.5	1068	4462	2684.5	969	3526	8989	1352	5350.5	1081	6712.5	7280.5	6505.5	1807.5	884	2533.5	8345.5	8827.5	3501.5	84431.5	4.221.575
ORTHO007875	TRAM; LAG1 and CLN8 (TLC) lipid-sensing domain containing protein	AT1G21790	16021;31224;44425;5575;16020;8150;3674;5739;43231;43227;43226;43229;44424;44464;5623;5622;44444;5737	3731	2080	5596.5	7462	4356	1729.5	8571.5	1204.5	931	3267	9139	3912.5	8605	9013	6687	7782	125.5	7471.5	8526	8025.5	8350.5	5924	1813.5	3565	104643.5	5.232.175
ORTHO004326	ribosomal protein S15A B	AT2G19720;AT4G29430	9507;9536;43231;43227;43226;5575;43229;44424;44464;5623;5622;44444;5737;22627;15935;44391;30529;32991;44446;44422;5840;43232;43228;44445;5829;22626;3735;5198;3674;6412;43043;43604;43603;34641;6807;8152;8150;44237;9987;44271;44249;9058;6518;1901564;71704;1901566;1901576;44267;19538;43170;44238;44260;34645;9059;10467;5773;5739	3732	6218	4537.5	5343	2982.5	1329	8400	5957	1042.5	5622	7734.5	3422.5	1352	2711.5	4462	3976.5	6027	4595	7435.5	6923.5	2039	6077	6365	6281	91752.5	4.587.625
ORTHO007130	WEE1 kinase homolog	AT1G02970	4715;4713;4672;16301;16772;16740;3824;3674;8152;8150;16310;6796;6793;44237;9987;16773;6468;6464;36211;19538;43170;71704;44238;43412;44267;44260;18108;18212;18193;4674;5515;5488;5634;43231;43227;43226;5575;43229;44424;44464;5623;5622;7050;22402;44763;44699;7049;45786;48523;50794;50789;65007;48519;51726;76;31570;75;46872;43169;43167;7067;280;48285;6996;16043;71840;1903047;278;1902589;5524;35639;1901265;1901363;97159;43168;32559;30554;17076;166;36094;32555;32553;97367;32550;32549;1882;1883	3733	2573	2618.5	1504	4356	3232	6361.5	3987	6943.5	7094.5	3269.5	6171.5	1352	4244	2702.5	1606	8172.5	4809.5	732	711.5	3778.5	729	591	1794	68282	3414.1
ORTHO005112	unknown protein	AT1G65270	5783;43231;43227;43226;5575;43229;44424;44464;5623;5622;44444;5737;12505;3674;5774;44437;44446;44422;5773;98588;31090;16020;98805;8150	3734	2575	4447	5160	4356	1329	2528	4503	702.5	1842.5	1810	998	7743	7636	7487.5	2476	6208.5	6388.5	7353.5	5519.5	6810.5	7061.5	7818	4586.5	90802	4540.1
ORTHO003538	Protein kinase superfamily protein	AT4G32250	4672;16301;16772;16740;3824;3674;8152;8150;16310;6796;6793;44237;9987;16773;6468;6464;36211;19538;43170;71704;44238;43412;44267;44260;5737;44424;44464;5575;5623;5622;5524;35639;1901265;1901363;5488;97159;43168;43167;32559;30554;17076;166;36094;32555;32553;97367;32550;32549;1882;1883;9507;9536;43231;43227;43226;43229;44444	3735	6755	5808	7881	7245.5	7658.5	8324.5	5698.5	6943.5	1540.5	7594	2343.5	8306	2711.5	4462	3976.5	5864.5	3580	6531	7871	6180.5	5924	6040	6379.5	107929.5	5.396.475
ORTHO002721	Protein of unknown function (DUF1138)	AT1G01170;AT4G00860	5739;43231;43227;43226;5575;43229;44424;44464;5623;5622;44444;5737;3674;16020;5777;42579;9536;9617;51707;43207;9605;50896;8150;9607;51704;10193;302;6979;6950;1901700;42221;1101;10035	3736	6082	3769	3802	5346	2604.5	5261.5	3003.5	7632	3903.5	3702.5	6100	4955.5	8123.5	7999	2821	2213.5	3580	6185.5	4904	7166	1695	528	1188	83566.5	4.178.325
ORTHO004067	Small nuclear ribonucleoprotein family protein	AT1G21190;AT1G76860	5634;43231;43227;43226;5575;43229;44424;44464;5623;5622;5688;97525;30532;44428;44446;44422;30529;32991;33962;70925;6996;16043;71840;8150;9987;22607;44085;22618;71826;43933;34622;65003;22613;71013;5681;46540;97526;71011;932;36464;35770;43232;43228;44444;5737;1990726;43234;3723;3676;1901363;5488;3674;97159;398;6397;16071;16070;44260;43170;71704;8152;44237;90304;6139;46483;6725;1901360;34641;6807;44238;6396;10467;377;375;8380;5732;956;6402;6401;44265;9057;1901575;9056;44248;34655;19439;44270;1901361;46700	3737	5820	5412	7087	6534	2005.5	8499.5	5957	5071	2385.5	7734.5	3422.5	6227	1800.5	5034.5	3976.5	5962.5	3949	6785	7871	6696	6077	6326.5	6210	101991	5099.55
ORTHO004999	BLISTER	AT3G23980	5794;43231;43227;43226;5575;43229;44424;44464;5623;5622;44444;5737;12505;10091;904;902;32989;16043;71840;8150;9987;9653;32502;48856;48869;44767;44699;44763;48468;30154;10090;10026;90558;9888;90626;5829;6355;1903506;2001141;31326;9889;19222;50789;65007;31323;50794;51252;19219;80090;51171;60255;10556;10468;2000112;48826;44702;22414;3006;48598;9790;7275;44707;32501;9965;9887;48513;48731;48366;48827;48367;10016;9886;9791;48825;9793;48316;48608;61458;10154;51781;48522;48518;51302;5634;9908;90567	3738	5160	6195.5	8653	6100.5	1777	6922.5	7192	5619	3122	3269.5	2597	7377.5	8316	7999	6712.5	7240	4747.5	8141.5	6064.5	8264.5	7855	8321	7453	118991	5949.55
ORTHO008312	protein-protein interaction regulator family protein	AT1G15200	5634;43231;43227;43226;5575;43229;44424;44464;5623;5622;3674;8150	3739	2694	2965	2191	4356	257.5	6309	1013.5	7691.5	2025.5	8786.5	841.5	5740	4134.5	5034.5	6712.5	2550	5221.5	3977	461.5	4103	2017.5	3945	3005.5	73827.5	3.691.375
ORTHO001092_3	phototropin 2	AT5G58140	9735;9725;9719;50896;8150;10033;42221;4674;4672;16301;16772;16740;3824;3674;8152;16310;6796;6793;44237;9987;16773;6468;6464;36211;19538;43170;71704;44238;43412;44267;44260;42802;5515;5488;10362;10360;10359;1903959;44070;43269;51049;32879;50789;65007;34765;34762;50794;32412;22898;32409;65009;1903960;1903792;43271;51051;48519;34766;34763;48523;32413;32410;44092;10361;9637;9416;9314;9628;10181;50662;48037;43168;43167;32553;97367;166;36094;1901265;1901363;97159;9882;9881;38023;4871;60089;7165;51716;7154;44763;44699;44700;23052;4872;9785;30522;71483;71482;71478;71214;5886;16020;5575;44464;5623;71944;7623;48511;5524;35639;32559;30554;17076;32555;32550;32549;1882;1883;10118;9638;9606;9605;5794;43231;43227;43226;43229;44424;5622;44444;5737;12505;46777;9902;9658;9657;6996;16043;71840;19750;51644;51640;51641;51179;51667;51649;51234;51656	3740	2974	3951.5	4163	5552	194.5	5048.5	3258.5	8808.5	4452	3749	307.5	8519	8811.5	5937	2476	2298	7273.5	2179.5	4848	3036.5	7301.5	1971.5	5222.5	85693	4284.65
ORTHO006776	actin-related protein 7	AT3G60830	5634;43231;43227;43226;5575;43229;44424;44464;5623;5622;5856;43232;43228;9653;32502;8150;48856;6325;43933;16043;71840;9987;51276;6996;5737;9793;44702;22414;44699;3006;9790;44767;7275;44707;32501;48316;48608;61458;48731;9791;10154;5200;5198;3674;10227;9838;48437;48569;48513;9908;90567;48367;16568	3741	2900	2559.5	1378	4356	8643	5026.5	4065.5	4405.5	6621	2539	3422.5	4955.5	3815.5	3047.5	1606	3264.5	4673.5	154	326.5	3511.5	1466	3519	2091	67153.5	3.357.675
ORTHO004093	Eukaryotic aspartyl protease family protein	AT3G20015	6508;19538;43170;71704;8152;8150;44238;5576;5575	3742	1525	4416	5090	1066.5	5904	2528	727.5	435	642.5	865	2038	8205.5	7779.5	8868	2476	6208.5	6471	7398	5519.5	6810.5	7109	7818	2699.5	90503	4525.15
ORTHO006877	Clathrin adaptor complex small chain family protein	AT3G50860	30659;12506;31090;16020;5575;44422;43226;43227;31988;31982;44433;44444;44424;44464;5623;5622;5737;44446;43229;31410;16023;43231;6886;15031;45184;51234;51179;8150;8104;33036;71702;6810;46907;51649;51641;34613;70727;5794;12505;30125;30118;30117;98796;43234;32991;44425;48475;30120;30662;98588;98805;30135;30665;30136;8565;22892;5215;3674;30123;30119;16192	3743	4064	4687.5	5632	2375	201.5	3863.5	1426	3279	4750	9105	5150	1352	7636	8471.5	7782	630	6683.5	7862.5	8397.5	8663	2433.5	1424	4091.5	93202	4660.1
ORTHO005851	Cupredoxin superfamily protein	AT1G20340;AT1G76100	9579;44424;44464;5575;5623;5622;17148;10629;10605;9892;48519;50789;65007;8150;19222;60255;10468;6417;10608;32268;51246;80090;31323;50794;34248;51171;2000112;31326;9889;10556;34249;51172;31324;48523;2000113;31327;9890;10558;32269;51248;46688;10038;10035;42221;50896;1990267;9534;31976;31984;44446;44422;43226;43229;43227;44435;44444;5737;9536;43231;44434;9507;9543;31978;31977;44436;9570;9532;55035;42651;34357;16020;55070;55076;55065;98771;50801;48878;42592;65008;55080;55114;44710;8152;44699;9055;3674;5507;46914;46872;43169;43167;5488;9411;9416;9314;9628;9535	3744	4718	5551.5	7359	2982.5	285	1247	4163.5	2069	5248.5	8232.5	5053	7377.5	8316	7939.5	7782	5108	6145	5400	1509.5	5903.5	6859.5	7774	7453	103866	5193.3
ORTHO006041	WPP domain-interacting protein 1	AT5G11390	5635;44428;44446;44422;5575;43226;44424;44464;5623;5622;43229;5634;43231;43227;31967;31975;12505;5515;5488;3674;31965;31090;16020;16021;31224;44425;8150	3745	5862	5189	6633	6664	6529	2881	6142.5	5994	896.5	1623	3218	6617.5	1800.5	4842.5	3976.5	6409	3949	7042	8397.5	8580	6266	6854	7028	99046.5	4.952.325
ORTHO003465	BCL-2-associated athanogene 4	AT3G51780	9651;6970;9628;50896;8150;6950;9409;9266;5829;44444;44424;44464;5575;5623;5622;5737;5634;43231;43227;43226;43229;51087;5515;5488;3674;10228;3006;32502;22414;48608;48856;61458;48731;7275;44767;44699;44707;32501;9791	3746	6220	4035	4324	7245.5	4581	4118.5	5348	5994	8535.5	3749	5572	5066	1800.5	2702.5	3976.5	4054.5	2558	4388	6064.5	4226.5	4423	4668	4678.5	86504.5	4.325.225
ORTHO006085	end binding protein 1C	AT5G67270	9524;44444;44424;44464;5575;5623;5622;5737;51301;44763;9987;8150;44699;8017;32403;44877;5488;3674;5515;15631;8092;7067;280;48285;6996;16043;71840;1903047;22402;7049;278;1902589;5874;44430;44446;44422;43226;43229;5856;43232;43228;43234;32991;15630;5634;43231;43227;5730;44428;31981;70013;43233;31974;9652;9606;9605;50896;9612;9628;5618;30312;71944;5819;30865;7010	3747	3099	4112	4477	4356	4344.5	1342.5	6323	8564	5748	3461	4670	1352	8485	6867.5	7782	1155.5	5221.5	4059	635	4445	6429	3918.5	2439.5	87242.5	4.362.125
ORTHO004723	phosphate transporter 4	AT5G44370	5315;15291;22804;22857;5215;3674;6810;51234;51179;8150;55085;44763;9987;44699;44765;1902578;1901677;6820;6811;9624;51707;43207;9605;50896;9607;51704;8514;8509;15075;22891;22892;34220;98656;15711;71702;16021;31224;44425;5575;16020;98655;6812;5794;43231;43227;43226;43229;44424;44464;5623;5622;44444;5737;12505;5351;5402;15294;15293;8324;51119;15144;1901476;8643;34219;15295;15992;15672;6818	3748	3701	5243	6738	2097	1500	6168	7192	7978	3027.5	3136.5	6327.5	7031	6971	7258.5	5325.5	2074	5368	8380.5	2534.5	7254	6340.5	1828	3920	99615	4980.75
ORTHO006711	glycosyl hydrolase 9A4	AT3G43860	8810;4553;16798;16787;3824;3674;8152;8150;71555;45229;16043;71840;9987;71554;30245;51275;9251;272;5976;5975;71704;44238;43170;16052;1901575;9056;9057;44042;51273;6073;44264;44260;44237;44262;44247;44275;44248;30243;5576;5575	3749	1800	3528.5	3308	4356	8600	1744	917.5	2611.5	1155	2653	1576.5	1352	8316	9094.5	2476	8334.5	7073	1473.5	8905.5	2966	6759.5	1615	3289.5	80912.5	4.045.625
ORTHO005357	ubiquitin interaction motif-containing protein	AT1G43690	5829;44444;44424;44464;5575;5623;5622;5737;8150;3674;5634;43231;43227;43226;43229	3750	1622	3810	3870	1281	2964.5	4457	3405.5	105.5	6247	4974.5	2937.5	1352	5989.5	6639	7419	2845.5	9152	3653	2570	1720.5	8927	8551.5	127.5	84038	4201.9
ORTHO003108	Regulator of chromosome condensation (RCC1) family protein	AT3G26100	8536;17016;31267;51020;19899;5515;5488;3674;5737;44424;44464;5575;5623;5622;8150	3751	4784	3816.5	3882	5439	8560	6497.5	4227	493.5	5260	6763.5	6908.5	6071.5	3283.5	4233.5	6712.5	7873	5368	394	1043.5	1863.5	1466	1004	6057.5	84080.5	4.204.025
ORTHO004923	Pectin lyase-like superfamily protein	AT3G62110	16829;3824;3674;8152;8150;5975;71704;44238;5773;43231;43227;43226;5575;43229;44424;44464;5623;5622;44444;5737;4650;4553;16798;16787;5576;71555;45229;16043;71840;9987;71554;10583;14070;10033;42221;50896	3752	5466	5866.5	7981	6478.5	5155.5	4698	6264	4142	7782	2809.5	5903.5	3674.5	7909	7582.5	7782	1189	4595	7509	5606	5779	6952	6989	6553	108874.5	5.443.725
ORTHO002243	Leucine-rich repeat family protein	AT1G15740	31146;43161;10498;51603;6508;19538;43170;71704;8152;8150;44238;44257;30163;9057;1901575;9056;44265;44260;44237;9987;44248;44267;6511;19941;43632;61630;4842;19787;16740;3824;3674;16567;32446;70647;6464;36211;43412;61659;5737;44424;44464;5575;5623;5622;5886;16020;71944;19005;31461;151;1990234;1902494;43234;32991	3753	7085	6110.5	8468	7947.5	7169.5	8162.5	5121.5	4953	2472.5	7040	8536	7963	2711.5	3936.5	5325.5	5457.5	3121	6389	8478	7052	5132.5	7868.5	8367.5	115257.5	5.762.875
ORTHO003776	Ubiquitin domain-containing protein	AT1G53400	5737;44424;44464;5575;5623;5622	3754	6210	3659.5	3565	5651.5	4758	6132	5439.5	4323	6621	6543	2729	5740	3283.5	3721.5	3976.5	6409	2724.5	5128	2782	4321	1910	793.5	4972	82307	4115.35
ORTHO000670_2	Preprotein translocase SecA family protein	AT1G21650;AT4G01800	5886;16020;5575;44464;5623;71944;5524;35639;1901265;1901363;5488;3674;97159;43168;43167;32559;30554;17076;166;36094;32555;32553;97367;32550;32549;1882;1883;8270;46914;46872;43169;9790;44767;32502;8150;44699;48856;7275;44707;32501;31969;42170;31090;44422;43226;43227;44435;44444;44424;5622;5737;44446;43229;9536;43231;9526;31967;31975;44434;9507;9941;6605;6886;15031;45184;51234;51179;8104;33036;71702;6810;46907;51649;51641;34613;70727;1902582;44765;1902578;16772;16740;3824;8152;17038;9570;9532;9535;55035;42651;34357;44436;9579;31976;31984;9534;10109;31323;50794;50789;65007;19222;10090;904;902;32989;16043;71840;9987;9653;48869;44763;48468;30154;10026;90558;9888;90626;9658;9657;6996;9646;9642;9416;9314;9628;50896	3755	634	2680.5	1606	63.5	5904	1109	2044	9081	3240.5	4069.5	6575.5	1352	5059.5	867	1239.5	7708	7219.5	1164.5	2008	2386.5	6576.5	678.5	795	69078	3453.9
ORTHO001949	C2H2 zinc-finger protein SERRATE (SE)	AT2G27100	48509;2000026;50793;50789;65007;8150;51239;10445;16604;44451;44428;44446;44422;5575;43226;44424;44464;5623;5622;43229;5634;43231;43227;5654;31981;70013;43233;31974;5730;43232;43228;31053;34470;34660;16070;44260;43170;71704;8152;44237;9987;90304;6139;46483;6725;1901360;34641;6807;44238;6396;10467;35196;70918;31050;44763;44699;44710;71359;71407;14070;10033;42221;50896;71310;70887;51716;43331;1901698;1901699;31047;16458;10629;10605;9892;48519;19222;60255;10468;35195;35194;16441;10608;40029;10267;30422;16246;6355;1903506;2001141;31326;9889;31323;50794;51252;19219;80090;51171;10556;2000112;16568;6325;43933;16043;71840;51276;6996;8380;2000011;5829;44444;5737;48367;44767;32502;48731;48856;7275;44707;32501;46872;43169;43167;5488;3674;5515;16607;3677;3676;1901363;97159;9507;9536;3700;1071	3756	5374	3125.5	2495	2982.5	1729.5	7923	4670	4253	1842.5	3879	5231.5	4865.5	2711.5	2163.5	3976.5	3891.5	3949	5027.5	5303	3978	3453.5	2984	4174.5	76006.5	3.800.325
ORTHO007642	Regulator of chromosome condensation (RCC1) family protein	AT3G15430	8536;17016;31267;51020;19899;5515;5488;3674;5575;8150	3757	3280	2758	1759	2097	1329	3628.5	6428.5	5994	2340	1211	4018.5	3294	3815.5	2702.5	6712.5	3682	4887	3233.5	6467.5	4103	1310	3438.5	1958.5	70554	3527.7
ORTHO005819	Target SNARE coiled-coil domain protein	AT1G29060;AT4G14600	5794;43231;43227;43226;5575;43229;44424;44464;5623;5622;44444;5737;12505;43182;43181;51651;44763;9987;8150;44699;51235;51179;65008;65007;1902578;51641;6883;6875;55065;98771;50801;48878;42592;55080;30003;6873;55082;19725;55078;55067;30004;1901002;48584;48518;50789;48583;1901000;47484;80134;3674;5789;98588;31090;16020;44422;44432;44446;5783;44425;42175;139;44431;5886;71944;15031;45184;51234;8104;33036;71702;6810;16192;16021;31224	3758	3950	5337	6916	2097	7169.5	5974	2545	7691.5	2702	2992.5	3578.5	6513.5	6764.5	7017.5	5325.5	5561	4982.5	5502	2496	6180.5	6991	7244	3565	100796	5039.8
ORTHO005073	Phototropic-responsive NPH3 family protein	AT5G47800	5886;16020;5575;44464;5623;71944;4871;60089;3674;7165;50794;50789;65007;8150;51716;9987;50896;7154;44763;44699;44700;23052;16567;32446;70647;6464;36211;19538;43170;71704;8152;44238;43412;44267;44260;44237;9416;9314;9628	3759	4058	6072	8385	2375	8470.5	4928.5	2545	1545.5	4316.5	9044.5	5631.5	8898	5175	551	6712.5	1048	8054.5	9150	9130.5	2072	9109.5	9076	8258.5	113717.5	5.685.875
ORTHO008033	SNARE-like superfamily protein	AT2G20930	5622;44464;5575;5623;5737;44424;3674;6888;16482;46907;6810;51234;51179;8150;51649;51641;48193;1902582;44765;1902578;44699;16192	3760	2517	2545.5	1331	1689.5	4344.5	7562.5	1484	1133	8446	1414	6120	4738	3815.5	5907.5	1606	1396.5	4887	3233.5	3899.5	569	1277	3438.5	1263	66535	3326.75
ORTHO006844	Cysteine/Histidine-rich C1 domain family protein	AT2G16050	8150;3674;5575	3761	3560	6216.5	8672	2097	6986.5	4341	1709	8920.5	2832.5	3136.5	4351.5	1352	8766.5	5856	7782	7397	7073	8526	9060	8350.5	8604	8817.5	5433.5	119295.5	5.964.775
ORTHO001474	casein kinase II  beta subunit 4	AT2G44680;AT4G17640;AT5G47080	48573;9648;9416;9314;9628;50896;8150;10228;3006;32502;22414;48608;48856;61458;48731;7275;44767;44699;44707;32501;9791;16567;32446;70647;6464;36211;19538;43170;71704;8152;44238;43412;44267;44260;44237;9987;5634;43231;43227;43226;5575;43229;44424;44464;5623;5622;5956;43234;32991;4674;4672;16301;16772;16740;3824;3674;16310;6796;6793;16773;6468;5737;42753;48518;50789;65007;42752;7623;48511;19887;19207;30234;98772;50790;19222;65009;42325;19220;51174;31323;50794;45859;43549;51338;1932;31399;32268;51246;80090;60255;71900;5515;5488	3762	6957	4939	6116	3564.5	6085.5	2264.5	5121.5	5619	5260	7040	4018.5	1352	4329.5	5254.5	5325.5	867	4154.5	6056.5	7012	7052	5434	5407	8258.5	95912	4795.6
ORTHO006706	DNA-binding enhancer protein-related	AT3G06610	5829;44444;44424;44464;5575;5623;5622;5737;3677;3676;1901363;5488;3674;97159;5634;43231;43227;43226;43229;8150	3763	3563	4265.5	4768	2097	7959	6395	1013.5	931	1318	2129.5	247	1352	7213.5	7258.5	7782	6409	5518	4548.5	1129.5	7489.5	7637.5	8436	4060.5	88827.5	4.441.375
ORTHO002630	APS kinase	AT2G14750;AT4G39940	5524;35639;1901265;1901363;5488;3674;97159;43168;43167;32559;30554;17076;166;36094;32555;32553;97367;32550;32549;1882;1883;103;6790;44237;8152;8150;9987;70814;70813;44272;44249;9058;10439;31326;9889;19222;50789;65007;31323;50794;10675;6109;80090;1900376;43455;43255;42762;16772;16740;3824;16301;16310;6796;6793;9536;43231;43227;43226;5575;43229;44424;44464;5623;5622;44444;5737;48232;7276;44702;22414;44699;48609;32504;3;32501;19953;44703;51704;9507;19344;97;96;6520;1901564;71704;6807;19752;43436;6082;44281;44710;44763;44238;8652;46394;16053;44283;44711;1901576;1901566;6534;9069;1901605;9070;1901607;4020;16773	3764	6098	3918.5	4073	5552	8095.5	4118.5	4964	5355.5	1709.5	6343	5053	3347	1800.5	3521.5	3976.5	4464.5	2558	4263.5	6555.5	4226.5	4709	4927.5	5222.5	85211.5	4.260.575
ORTHO008755	photosystem II family protein	AT1G03600	9534;31976;9579;44424;44464;5575;5623;5622;31984;44446;44422;43226;43229;43227;44435;44444;5737;9536;43231;44434;9507;9535;55035;42651;34357;16020;44436;30095;98807;98796;43234;32991;44425;9523;9521;9543;31978;31977;10206;30091;44267;19538;43170;71704;8152;8150;44238;44260;44237;9987;9765;6091;19684;15979;3674	3765	3783	4229	4693	2097	7499.5	2414	6978.5	7831	1970.5	1623	743.5	5740	3815.5	5254.5	3976.5	4761	4253	4663	4392	6696	5213.5	7486	3103.5	88414.5	4.420.725
ORTHO002240	Gibberellin-regulated family protein	AT2G39540;AT5G59845	5576;5575;9740;10476;9755;7165;50794;50789;65007;8150;51716;9987;50896;7154;44763;44699;44700;23052;32870;9725;9719;10033;42221;71495;71310;70887;71370;9739;33993;1101;1901700;71396;71229;1901701;3674	3766	6635	5615	7464	7245.5	5432.5	4118.5	8957	6225	7584	2992.5	7085	7743	2711.5	3936.5	3976.5	8587.5	2724.5	5128	8025.5	4321	4873	5021	5222.5	104665	5233.25
ORTHO002610	EXS (ERD1/XPR1/SYG1) family protein	AT2G32295;AT5G35730	16021;31224;44425;5575;16020;5886;44464;5623;71944;3674;8150;5794;43231;43227;43226;43229;44424;5622;44444;5737;12505	3767	3718	2574.5	1382	4356	29	5903	1709	89.5	7916.5	4474.5	6518	5740	3815.5	4462	3976.5	8637.5	4673.5	394	2610.5	147.5	2213.5	1157	2699.5	67166.5	3.358.325
ORTHO004280	zinc ion binding	AT1G79110;AT3G12920	5634;43231;43227;43226;5575;43229;44424;44464;5623;5622;43067;10941;50794;50789;65007;8150;5737;43161;10498;51603;6508;19538;43170;71704;8152;44238;44257;30163;9057;1901575;9056;44265;44260;44237;9987;44248;44267;6511;19941;43632;6952;6950;50896;16874;3824;3674;8270;46914;46872;43169;43167;5488;4842;19787;16740;16567;32446;70647;6464;36211;43412;31347;80134;48583	3768	6265	3122.5	2477	5651.5	4723.5	4587.5	5439.5	4740.5	5565.5	2992.5	2937.5	7743	1375.5	2702.5	3976.5	1865.5	2558	5027.5	5447	4226.5	3026	1979	4972	75885.5	3.794.275
ORTHO001161_1	Transducin/WD40 repeat-like superfamily protein	AT2G26060;AT4G32990	5737;44424;44464;5575;5623;5622;16226;9058;8152;8150;31163;22607;16043;71840;9987;44085;5834;1902494;43234;32991;98797;44459;44425;16020;5886;71944;98796;31234;19897;19898;9898;98562;98552;9793;44702;22414;44699;3006;32502;9790;44767;48856;7275;44707;32501;48316;48608;61458;48731;9791;10154;5634;43231;43227;43226;43229;97361;44445;44444;5829;166;36094;5488;3674;1901265;1901363;97159	3769	4077	5296.5	6824	2375	2295.5	3960	3218	2881	6934	3879	6844	3942	5564	1040.5	6712.5	8779.5	6737.5	7901.5	8796	6696	7358	2479	4117.5	100135.5	5.006.775
ORTHO006152	60S acidic ribosomal protein family	AT4G25890;AT5G57290	6414;34645;44260;43170;71704;8152;8150;44237;9987;9059;1901576;9058;44249;6412;43043;43604;43603;34641;6807;44271;6518;1901564;1901566;44267;19538;44238;10467;3735;5198;3674;5840;30529;32991;5575;44424;44464;5623;5622;43232;43228;43226;43229;44444;5737;5634;43231;43227;5886;16020;71944;22626;44445;5829	3770	3791	3291	2812	2097	1089	2328.5	2114.5	5994	1893	6763.5	8224	1352	3815.5	3265	6712.5	3958.5	3121	3792	6754	4668.5	3854	5902.5	2314	77916	3895.8
ORTHO005653	RNA-binding (RRM/RBD/RNP motifs) family protein	AT1G22330	166;36094;5488;3674;1901265;1901363;97159;3723;3676;8150;5634;43231;43227;43226;5575;43229;44424;44464;5623;5622	3771	7318	3677.5	3584	6358.5	3750.5	8945.5	2939.5	6124	8168.5	6343	2937.5	1352	2711.5	3521.5	5325.5	4761	1494	1589	1320	6180.5	3854	6040	5041.5	82399	4119.95
ORTHO005092	DNAJ heat shock N-terminal domain-containing protein	AT2G42750	9507;9536;43231;43227;43226;5575;43229;44424;44464;5623;5622;44444;5737;51082;5515;5488;3674;6457;9987;8150;42026;51087	3772	5115	5519	7266	2982.5	6529	8324.5	6428.5	6943.5	930.5	6343	8107.5	6071.5	1800.5	4705.5	6712.5	693.5	2199.5	6700.5	6467.5	6180.5	5924	6040	6057.5	103159.5	5.157.975
ORTHO006390	Tetratricopeptide repeat (TPR)-like superfamily protein	AT1G02150	5739;43231;43227;43226;5575;43229;44424;44464;5623;5622;44444;5737;9507;9536	3773	1318	3887	4001	1066.5	2629	1560	917.5	8423.5	1155	744	1576.5	8306	7954.5	8968.5	976.5	6752	6808.5	4715	4727.5	1982	7061.5	6624.5	2940	84822	4241.1
ORTHO006908	OBP3-responsive gene 4	AT2G06010	3674;9507;9536;43231;43227;43226;5575;43229;44424;44464;5623;5622;44444;5737;9751;14070;10033;42221;50896;8150;1101;1901700	3774	2547	3275.5	2777	4356	8919.5	1068	1855	1839.5	5386	3948.5	1471	1352	5673.5	1109.5	1830	8888	5056.5	1642	2156.5	7925	8134.5	2412.5	7028	77695.5	3.884.775
ORTHO005420	5-formyltetrahydrofolate cycloligase	AT5G13050	5739;43231;43227;43226;5575;43229;44424;44464;5623;5622;44444;5737;30272;16882;16879;16874;3824;3674;8152;8150;35999;46653;6760;6732;51186;44237;9987;42558;46483;6725;1901360;71704;1901564;6807;43603;34641;1901605;6520;19752;43436;6082;44281;44710;44699;44763;44238;6575;6730;9396;9108;51188;44249;9058;42559;19438;44271;18130;1901362;1901576;1901566;43604;1901607;8652;46394;16053;44283;44711;42398;5524;35639;1901265;1901363;5488;97159;43168;43167;32559;30554;17076;166;36094;32555;32553;97367;32550;32549;1882;1883	3775	5204	5603.5	7432	2982.5	5248.5	7872	6323	3855	8934.5	8167.5	5667	1352	8210.5	7667.5	5325.5	1991	4747.5	7281	2156.5	6180.5	5308.5	1405.5	6732.5	104426	5221.3
ORTHO005651	phenylalanyl-tRNA synthetase class IIc family protein	AT3G58140	9570;9532;44435;44444;44424;44464;5575;5623;5622;5737;44446;44422;43226;43229;9536;43231;43227;44434;9507;5759;44429;5739;70013;43233;31974;16020;6432;6418;43039;6399;34660;16070;44260;43170;71704;8152;8150;44237;9987;90304;6139;46483;6725;1901360;34641;6807;44238;43038;6520;1901564;19752;43436;6082;44281;44710;44699;44763;6412;43043;43604;43603;44271;44249;9058;6518;1901566;1901576;44267;19538;34645;9059;10467;4826;4812;16876;16875;16874;3824;3674;5524;35639;1901265;1901363;5488;97159;43168;43167;32559;30554;17076;166;36094;32555;32553;97367;32550;32549;1882;1883	3776	2230	2772	1768	1689.5	961.5	1985	805.5	5619	1282.5	1623	1471	6895.5	4486	6243.5	6712.5	867	5221.5	4795.5	4527	5637	3026	4927.5	3565	70651.5	3.532.575
ORTHO006853	Rhodanese/Cell cycle control phosphatase superfamily protein	AT3G59780	5634;43231;43227;43226;5575;43229;44424;44464;5623;5622;8150;3674;9534;31976;9579;31984;44446;44422;44435;44444;5737;9536;44434;9507	3777	2075	3909.5	4042	4356	1089	1881	917.5	597.5	2814	1623	790	8306	7954.5	8968.5	2476	8791	6737.5	7712	5929.5	7568	6512.5	1538	2850	85055.5	4.252.775
ORTHO000726_3	alpha/beta-Hydrolases superfamily protein	AT5G37710	5886;16020;5575;44464;5623;71944;5516;5515;5488;3674;16787;3824;8152;8150;6629;71704;44710;44699;44238;4806;16298;16788;52689	3778	3226	2800	1822	4356	273.5	2703	6741	7325.5	2340	5337.5	2086	3479.5	3815.5	3721.5	1606	3448	5056.5	3730.5	7194	3870	1827.5	3918.5	2699.5	71173.5	3.558.675
ORTHO005405	unknown protein	AT2G44600	3674;5886;16020;5575;44464;5623;71944;8150;5739;43231;43227;43226;43229;44424;5622;44444;5737	3779	7601	6035.75	8292.5	8259	2604.5	4928.5	6142.5	5028	7035	3366.5	5903.5	3577.5	7101	7667.5	6712.5	6298	4400	6389	6754	7052	6991	7611.5	6801.5	112364	5618.2
ORTHO008376	SMAD/FHA domain-containing protein	AT5G47790	8150;5634;43231;43227;43226;5575;43229;44424;44464;5623;5622;3674	3780	2779	6093.5	8407	4356	7658.5	4118.5	917.5	8808.5	855	3831.5	6651.5	8898	5223.5	551	6712.5	7495.5	7846	8707	8632.5	1633.5	8510	8952	7997	113999.5	5.699.975
ORTHO007863	NA	NA	NA	3781	6400	5230	6679	7245.5	5904	8324.5	5213.5	4953	3494	7040	3686.5	7963	1800.5	3721.5	3976.5	5108	3121	5851	7080	5422.5	5603	5407	5601	99270.5	4.963.525
ORTHO005913	FUNCTIONS IN: molecular_function unknown	AT1G42440	5634;43231;43227;43226;5575;43229;44424;44464;5623;5622;3674;42254;22613;44085;71840;8150	3782	3369	2727.5	1673	2097	4633.5	3960	2460.5	2264	1462	6070	6861.5	4677	3815.5	2396.5	6712.5	935.5	2199.5	1271.5	6322.5	3870	2837	4693	2229	69671	3483.55
ORTHO007876	P-loop containing nucleoside triphosphate hydrolases superfamily protein	AT4G24710	9941;9526;31967;31975;44464;5575;5623;44446;44422;43226;44424;5622;43229;43227;44435;44444;5737;9536;43231;44434;9507;9570;9532;9658;9657;6996;16043;71840;8150;9987;9840;9368;43234;32991;9535;55035;42651;34357;16020;44436;9579;31976;31984;9534;4252;4175;70011;8233;16787;3824;3674;8152;6508;19538;43170;71704;44238;8236;17171;48510;48506;48509;2000026;50793;50789;65007;51239;40034	3783	2086	2669	1555	4356	3253	1985	4208	435	789	8892.5	1471	7189	4560	6280	1830	831.5	5221.5	1523.5	4527	5637	3111.5	5171.5	1794	68710	3435.5
ORTHO006875	Protein of unknown function (DUF1218)	AT5G17210	3674;5576;5575;8150	3784	2987	2414.5	1045	2097	4248	6595	14.5	3340.5	7377.5	1082.5	7055.5	4555.5	3815.5	1910.5	1606	3067	7471.5	1719	1268.5	1795	1110.5	3227	1696.5	62956	3147.8
ORTHO002446	beta-amylase 6	AT2G32290;AT4G15210	16161;16160;4553;16798;16787;3824;3674;8152;8150;9507;9536;43231;43227;43226;5575;43229;44424;44464;5623;5622;44444;5737;272;5976;5975;71704;44238;43170;16052;1901575;9056;9057;5576;5983;9251;44042;44247;44264;44260;44237;9987;44262;44275;44248;5982;6073;5829;80027;51707;43207;9605;50896;9607;51704	3785	2147	2293	801	4356	663	2328.5	4133.5	160.5	555.5	5351	743.5	6731.5	4486	5969	1830	3891.5	5221.5	4607.5	4392	1610.5	1910	3207	1546.5	59338.5	2.966.925
ORTHO006722	arginine biosynthesis protein ArgJ family	AT2G37500	9570;9532;44435;44444;44424;44464;5575;5623;5622;5737;44446;44422;43226;43229;9536;43231;43227;44434;9507;6526;9084;1901607;1901605;6520;1901564;71704;8152;8150;6807;19752;43436;6082;44281;44710;44699;44763;9987;44237;44238;8652;46394;16053;44283;44711;9058;1901576;44249;1901566;9064;6525;4358;8080;16410;16747;16746;16740;3824;3674;16407;4042;5739	3786	3241	3527	3268	2097	3697.5	1247	2711	931	6179.5	3269.5	8085	6316	6764.5	6867.5	7782	2626	3121	284	635	2701	6759.5	7486	3238	80701	4035.05
ORTHO001044	Nucleotidylyl transferase superfamily protein	AT3G04600;AT3G05040	6436;6418;43039;6399;34660;16070;44260;43170;71704;8152;8150;44237;9987;90304;6139;46483;6725;1901360;34641;6807;44238;43038;6520;1901564;19752;43436;6082;44281;44710;44699;44763;6412;43043;43604;43603;44271;44249;9058;6518;1901566;1901576;44267;19538;34645;9059;10467;5524;35639;1901265;1901363;5488;3674;97159;43168;43167;32559;30554;17076;166;36094;32555;32553;97367;32550;32549;1882;1883;5829;44444;44424;44464;5575;5623;5622;5737;4830;4812;16876;16875;16874;3824;35281;6405;51168;6913;16482;46907;6810;51234;51179;51649;51641;51169;50658;50657;15931;71705;71702;51236;6403;33036;1902582;44765;1902578;35195;35194;16441;10608;10468;60255;19222;50789;65007;40029;16458;10629;10605;9892;48519;31047;5634;43231;43227;43226;43229;5515;48364;44767;32502;48513;48856;48731;7275;44707;32501;22622;5487;5215;9910;48581;48580;2000026;50793;51239;51241;51093;2000242;2000241;9909;48831;5635;44428;44446;44422;31967;31975;12505;48367;9965;9887;9653;48366;48827;10016;9944;65001;7389;9798;9943;9955;3002	3787	3124	2730.5	1674	1522.5	7116	1938.5	2545	239.5	2996.5	1414	7988.5	6227	4134.5	5691.5	1239.5	3117	1921.5	6327	4012.5	3573.5	4423	3545	1230.5	69680.5	3.484.025
ORTHO006976	Ubiquitin-like superfamily protein	AT5G25270	5634;43231;43227;43226;5575;43229;44424;44464;5623;5622;3674	3788	4873	6233	8678	2982.5	4655.5	6804	7192	7748	3109	8095	2729	1352	8378.5	7999	7782	5561	4982.5	6056.5	5578	8534	7183	8026.5	7591	119356.5	5.967.825
ORTHO008296	BUB1-related (BUB1: budding uninhibited by benzymidazol 1)	AT2G33560	5634;43231;43227;43226;5575;43229;44424;44464;5623;5622;5515;5488;3674;7094;71173;31577;75;22402;44763;9987;8150;44699;7049;71174;7093;1903047;278;45930;45786;48523;50794;50789;65007;48519;51726;7346;45841;2000816;10965;33047;7088;51783;33043;51128;51302;10564;33045;33044;51983;33048;45839;10948;51784;51782;10639;51129;33046;2001251;51985;30071;1901990;1901987;1902099;32434;61136;1903050;1903362;31329;9894;19222;31323;42176;51246;80090;60255;32268;30162;1902100;1901988;1901991;32435;1901799;1903051;1903363;42177;9895;9892;51248;10605;31330;31324;32269;45861;1904667;1904666;51438;51338;50790;65009;31396;1903320;31399;51444;51352;51340;43086;44092;31397;1903321;31400;51348;51436;51439;5828;5876;5874;44430;44446;44422;5856;43232;43228;43234;32991;15630;5819;5737;777;776;44427;5694;775;98687;779;793;10369;5815	3789	2931	3438.75	3088.5	4356	8183	3628.5	4294	7561.5	7183	2809.5	551.5	1352	7213.5	7129	2476	8220	5720	1063.5	4727.5	782.5	1466	1235	4060.5	79656.5	3.982.825
ORTHO008386	STT7 homolog STN7	AT1G68830	4672;16301;16772;16740;3824;3674;8152;8150;16310;6796;6793;44237;9987;16773;6468;6464;36211;19538;43170;71704;44238;43412;44267;44260;4674;42548;10109;31323;50794;50789;65007;19222;43467;7623;48511;9535;55035;42651;34357;16020;5575;44436;44424;44464;5623;5622;9579;44435;44444;5737;44446;44422;43226;43229;9536;43231;43227;31976;31984;44434;9507;9534;5524;35639;1901265;1901363;5488;97159;43168;43167;32559;30554;17076;166;36094;32555;32553;97367;32550;32549;1882;1883	3790	2795	4588	5386	4356	3184	3628.5	7084	7748	4297.5	2809.5	2467.5	6617.5	6764.5	7082.5	2476	5685	5720	2332	4586	4445	5924	5407	3721	91979.5	4.598.975
ORTHO008623	RING/FYVE/PHD zinc finger superfamily protein	AT1G11020	8270;46914;46872;43169;43167;5488;3674	3791	3582	2976.5	2162	2097	1329	5261.5	6428.5	1042.5	6020	2653	6763.5	4955.5	3815.5	3047.5	6712.5	3796.5	3121	3484.5	3483.5	4384	2433.5	2808	2046	73586	3679.3
ORTHO004007	Transducin family protein / WD-40 repeat family protein	AT2G26610;AT3G33530	9507;9536;43231;43227;43226;5575;43229;44424;44464;5623;5622;44444;5737;3674;5634;8150;166;36094;5488;1901265;1901363;97159	3792	2145	4460	5128	1281	2406.5	5705.5	7372.5	3554	789	4806.5	6543.5	1352	5445	1168.5	1606	7240	8211.5	3172	4392	8534	8223.5	6538.5	3635.5	90696	4534.8
ORTHO007303	5'-3' exonuclease family protein	AT1G01880	5634;43231;43227;43226;5575;43229;44424;44464;5623;5622;6281;6259;44260;43170;71704;8152;8150;44237;9987;90304;6139;46483;6725;1901360;34641;6807;44238;6974;33554;51716;50896;6950;44763;44699;44710;4518;16788;16787;3824;3674;90305;4527;4519;3677;3676;1901363;5488;97159;46872;43169;43167;8821;16889;16894;4520;4536	3793	1263	2243	693	1066.5	5090	652	4360	2849.5	5097.5	2539	497	1352	5878	2163.5	1975.5	2314	6808.5	1031	366.5	147.5	8295.5	2171	3667.5	57255.5	2.862.775
ORTHO004179	Caleosin-related family protein	AT1G70670;AT1G70680	55114;44710;8152;8150;44699;9507;9536;43231;43227;43226;5575;43229;44424;44464;5623;5622;44444;5737;1990137;16684;16491;3824;3674;9819;9414;9415;9628;50896;1101;42221;10035;1901700;6950;5811;43232;43228;9737;9725;9719;10033;33993;97305;5509;46872;43169;43167;5488;31090;16020;44422;5783;12505	3794	3880	3420.5	3047	5748	3511	1311	676	1545.5	2654.5	9123	4421	1352	6027	1462	3976.5	8940	7335.5	1290	1070.5	8711.5	9056	3090	3841	79394	3969.7
ORTHO005538	cysteine synthase C1	AT3G61440	5739;43231;43227;43226;5575;43229;44424;44464;5623;5622;44444;5737;9507;9536;6955;2376;8150;50896;19344;97;96;6790;44237;8152;9987;6520;1901564;71704;6807;19752;43436;6082;44281;44710;44699;44763;44238;44272;44249;9058;8652;46394;16053;44283;44711;1901576;1901566;6534;9069;1901605;9070;1901607;5507;46914;46872;43169;43167;5488;3674;4124;16835;16829;3824;50017;16846;51410;98754;9636;42221;1901698;16740;80147;48468;48869;44767;32502;48856;30154;48765;10053;90627;10015;9653;48364;48513;48731;7275;44707;32501;22622;90558;9888;48764;48469;21700;10054;19500;44712;9056;44270;34641;44248;1901575;19499	3795	3191	4405.75	5016.5	2097	1227	2627.5	1823.5	7325.5	7584	8737.5	998	5740	3815.5	4462	6712.5	4252.5	3949	4165.5	7299	5061.5	4780.5	6854	2699.5	90114.5	4.505.725
ORTHO006021	RING/U-box superfamily protein	AT2G14835	8270;46914;46872;43169;43167;5488;3674;9737;9725;9719;50896;8150;10033;42221;33993;97305;1901700;1101	3796	1813	4199.5	4603	4356	8571.5	5944	2185	1042.5	3977.5	2539	4059.5	7377.5	7448.5	8512	2476	5329.5	5824	1374.5	1532.5	5265	6512.5	5762.5	2091	87824.5	4.391.225
ORTHO000828	Calcium-dependent phospholipid-binding Copine family protein	AT1G08860;AT5G07300;AT5G61900;AT5G61910	5886;16020;5575;44464;5623;71944;5544;5543;8289;5488;3674;43168;43167;60548;48523;50794;50789;65007;8150;48519;10941;6952;6950;50896;19725;42592;65008;44763;9987;44699;10186;10185;31347;80134;48583;31349;48584;48518;9506;5911;30054;55044;5515;9626;34050;12501;8219;16265;45087;6955;2376;33554;51716;45793;8361;32535;90066;16043;71840;9266;9628;9270;9415;1101;42221;10035;1901700;5634;43231;43227;43226;43229;44424;5622	3797	5239	4719.5	5642	6194	6986.5	5441.5	5957	5994	2891.5	2129.5	3422.5	6227	1800.5	5034.5	6712.5	5962.5	3949	5220.5	4297.5	2021	6077	6365	6801.5	93291	4664.55
ORTHO004807	endonuclease III 2	AT1G05900;AT2G31450	42644;42646;9295;5575;43232;43228;43226;43229;44424;44464;5623;5622;44435;44444;5737;44446;44422;9536;43231;43227;9532;44434;9507;9570;90305;90304;6139;46483;44237;8152;8150;9987;6725;1901360;71704;34641;6807;44238;43170;703;702;19104;16799;16798;16787;3824;3674;3906;16835;16829;4520;4536;4518;16788;6259;44260;4519;6284;6281;6974;33554;51716;50896;6950;44763;44699;44710;5634;3677;3676;1901363;5488;97159;5739;51539;51536;51540;46872;43169;43167	3798	5362	4926.5	6055	2982.5	3466.5	2032.5	4312	1691	8934.5	8314	8258	3942	7448.5	5034.5	3976.5	8695.5	5720	1374.5	1724	7709	8706	2894	1324	95557	4777.85
ORTHO000436_1	Aldolase superfamily protein	AT2G36460;AT3G52930;AT5G03690	6096;6090;32787;19752;43436;6082;71704;8152;8150;44281;44710;44699;44763;9987;44237;44724;44712;9056;44723;5975;44238;16052;1901575;6757;6091;46031;9150;6163;72521;46483;6725;1901360;34641;6807;1901564;9117;6753;19637;6793;55086;6139;6796;9259;19693;1901135;9179;9185;9132;9135;9167;9161;9123;9126;46128;9119;9116;1901657;42278;46034;9205;9144;9141;9199;6165;46939;16310;46496;19362;6733;6732;51186;72524;6098;51156;6739;19682;6081;5829;44444;44424;44464;5575;5623;5622;5737;5886;16020;71944;9651;6970;9628;50896;6950;5507;46914;46872;43169;43167;5488;3674;4332;16832;16830;16829;3824;5739;43231;43227;43226;43229;46686;10038;10035;42221;9506;5911;30054;55044;9735;9725;9719;10033;5740;44429;44446;44422;31967;31975;48046;5576;5730;44428;5634;43232;43228;31981;70013;43233;31974;9507;9536;5774;44437;5773;98588;31090;98805;5618;30312;80167	3799	6902	3302	2805	6100.5	5090	5238	4826.5	149	6345	4069.5	5489.5	7377.5	2711.5	2702.5	3976.5	4666	3121	4715	3830	1801.5	3754	3311.5	4678.5	77853	3892.65
ORTHO002526	FAD/NAD(P)-binding oxidoreductase family protein	AT3G44190;AT5G22140	55114;44710;8152;8150;44699;9055;3674;5794;43231;43227;43226;5575;43229;44424;44464;5623;5622;44444;5737;12505;16491;3824;50660;50662;48037;5488;43168;43167;166;36094;1901265;1901363;97159;5886;16020;71944;9506;5911;30054;55044	3800	4741	4684.5	5569	2982.5	5580	3327	6428.5	4953	2856.5	6343	2086	3577.5	1800.5	4705.5	6712.5	5864.5	3750.5	6531	7871	6180.5	3111.5	5171.5	6057.5	92908	4645.4
ORTHO007438	D-mannose binding lectin protein with Apple-like carbohydrate-binding domain	AT5G03700	5886;16020;5575;44464;5623;71944;48544;8037;44763;9987;8150;44699;9875;7154;9856;44703;51704;22414;44706;32501;5802;98791;44431;44444;44424;5622;5737;44446;44422;43226;43229;5794;43231;43227;12505;31984;5768	3801	2591	3053.75	2306.5	4356	1089	1093.5	4640	3352.5	4095	4632.5	6316	1352	5684.5	934	6712.5	245.5	8397.5	2207	2455	2755.5	8310.5	2749.5	7656.5	74678.5	3.733.925
ORTHO004467	unknown protein	AT1G79660	3674;8150;5739;43231;43227;43226;5575;43229;44424;44464;5623;5622;44444;5737	3802	5893	3566	3330	5328	4362	8793	3156	2849.5	7666.5	3792.5	4779	4444	7779.5	8452	2821	3548.5	1425.5	2393	4687	3719.5	2328.5	3030.5	961	80988.5	4.049.425
ORTHO008325	unknown protein	AT2G31410	8150;5634;43231;43227;43226;5575;43229;44424;44464;5623;5622;3674	3803	2813	4043.5	4284	1812	4434.5	5944	3769	3095.5	7125	4151.5	5435.5	5740	6455	6867.5	7782	1628.5	6388.5	3199	971	3586.5	2763	4116	2850	86302	4315.1
ORTHO004677	CBS domain-containing protein / transporter associated domain-containing protein	AT1G55930;AT3G13070	31969;42170;31090;16020;5575;44422;43226;43227;44435;44444;44424;44464;5623;5622;5737;44446;43229;9536;43231;9526;31967;31975;44434;9507;9941;16614;16491;3824;3674;8152;8150;55114;44710;44699;50660;50662;48037;5488;43168;43167;166;36094;1901265;1901363;97159;6810;51234;51179;16021;31224;44425;5886;71944;30554;17076	3804	5250	6337.5	8871	2982.5	6679.5	3960	2545	1430.5	4582	8537.5	8654.5	7258.5	8210.5	7885	5325.5	6982.5	5452.5	7950	7871	7925	7683.5	8163.5	7376.5	124473	6223.65
ORTHO008435	beta HLH protein 71	AT5G46690	46983;5515;5488;3674;3677;3676;1901363;97159;6351;34645;44260;43170;71704;8152;8150;44237;9987;9059;1901576;9058;44249;97659;32774;16070;90304;6139;46483;6725;1901360;34641;6807;44238;34654;19438;44271;18130;1901362;10467;5634;43231;43227;43226;5575;43229;44424;44464;5623;5622;3700;1071;2001141;31326;9889;19222;50789;65007;31323;50794;51252;19219;80090;51171;60255;10556;6355;1903506;10468;2000112;7275;44767;32502;44699;44707;32501	3805	5305	4072.5	4340	2982.5	2005.5	7218	5813.5	6943.5	3651	3269.5	1791.5	6071.5	1800.5	4462	3976.5	793	3580	6185.5	6322.5	5637	5603	5649	5806	86579	4328.95
ORTHO004023	RNA polymerase I-associated factor PAF67	AT5G25754;AT5G25757	5737;44424;44464;5575;5623;5622;8150;5886;16020;71944;5829;44444;9506;5911;30054;55044;3674;1731;22618;71826;43933;16043;71840;9987;34622;65003;22607;44085;22613;6413;44237;8152;6412;43043;43604;43603;34641;6807;44271;44249;9058;6518;1901564;71704;1901566;1901576;44267;19538;43170;44238;44260;34645;9059;10467;16282;70993;30529;32991;5852;43234;33290;6446;6417;10608;10468;60255;19222;50789;65007;32268;51246;80090;31323;50794;34248;51171;2000112;31326;9889;10556;3743;8135;3723;3676;1901363;5488;97159	3806	3149	3018	2230	4356	939.5	1765.5	4214	8596	5002	1623	1471	6513.5	4134.5	5254.5	6712.5	351	4507	4830.5	4527	934.5	6027.5	3155	3565	74123.5	3.706.175
ORTHO001829	unknown protein	AT1G15400;AT1G80180	8150;5886;16020;5575;44464;5623;71944;3674;5634;43231;43227;43226;43229;44424;5622;16310;6796;6793;44237;8152;9987;10375;3002;7389;44767;32502;44699;44707;32501;7275;16301;16772;16740;3824	3807	7873	4720	5633	8202.5	7794.5	2328.5	7935.5	5994	4316.5	6173.5	8284.5	1352	906.5	2396.5	3976.5	4464.5	663.5	7153	7498.5	6908	3955.5	6538.5	4586.5	93226.5	4.661.325
ORTHO003614	plastid division1	AT5G53280	10020;9658;9657;6996;16043;71840;8150;9987;43572;48285;9707;9527;31968;31090;16020;5575;44422;43226;43227;19867;44424;44464;5623;5622;98805;31967;31975;44446;43229;98588;42170;44435;44444;5737;9536;43231;9526;31969;44434;9507;9941;16021;31224;44425;3674	3808	4104	3877.5	3947	2375	460	2032.5	6323	8259	6645	6763.5	3034.5	3497	3815.5	3047.5	6712.5	4346.5	3580	3092	7299	864.5	4873	7048.5	2784	84477.5	4.223.875
ORTHO005162	ENTH/VHS family protein	AT5G11710	30136;30135;16023;31988;43227;43226;5575;31982;43231;43229;44424;44464;5623;5622;31410;44444;5737;2020;19899;5515;5488;3674;5794;12505;5884;44430;44446;44422;5856;43232;43228;43234;32991;15629;30276;5770;5768;6623;1902580;51641;51179;8150;1902578;44699;6605;6886;15031;45184;51234;8104;33036;71702;6810;46907;51649;34613;70727;1902582;44765;16482;72665;33365;72666;72594;7034;9579	3809	2091	2843	1877	1479.5	1839.5	2234.5	5077	1481	3293	5726.5	1810.5	7031	7213.5	8093.5	1307	400	4595	4205.5	5189.5	1641.5	6027.5	4158	382.5	71706.5	3.585.325
ORTHO003662	P-loop containing nucleoside triphosphate hydrolases superfamily protein	AT2G19120;AT4G30100	4386;17111;16462;16818;16817;16787;3824;3674;8152;8150;9506;5911;30054;5575;55044;5634;43231;43227;43226;43229;44424;44464;5623;5622	3810	2544	2982	2154	1479.5	8198	1155	8871	2465.5	3372	3702.5	6844	1352	5094.5	382.5	1239.5	1724	7151.5	1164.5	586	4519	8148	4468.5	3103.5	73541.5	3.677.075
ORTHO008455	Peptidyl-tRNA hydrolase family protein	AT1G18440	9507;9536;43231;43227;43226;5575;43229;44424;44464;5623;5622;44444;5737;9570;9532;44435;44446;44422;44434;6412;43043;43604;43603;34641;6807;8152;8150;44237;9987;44271;44249;9058;6518;1901564;71704;1901566;1901576;44267;19538;43170;44238;44260;34645;9059;10467;4045;52689;16788;16787;3824;3674	3811	4804	3220.5	2630	2982.5	866.5	6727.5	5568.5	460	4896	982	7330.5	6513.5	3283.5	5254.5	6712.5	4610.5	8653	1889	2635.5	1469.5	1566.5	1121.5	6379.5	76920	3846
ORTHO006531	TRAUCO	AT1G51450	5576;5575;48188;35097;34708;1990234;1902494;43234;32991;44424;44464;5623;5622;44451;44428;44446;44422;43226;43229;5634;43231;43227;5654;31981;70013;43233;31974;80182;18023;18022;18205;18193;6464;36211;19538;43170;71704;8152;8150;44238;43412;44267;44260;44237;9987;6479;43414;32259;8213;51568;34968;16571;16570;16569;16568;6325;43933;16043;71840;51276;6996;1902589;44763;44699;44710;60776;9965;9887;44767;32502;9653;48856;48513;48731;7275;44707;32501;48366;48827;48367;10016;31490;3682;44877;5488;3674;43566;3677;3676;1901363;97159;10228;3006;22414;48608;61458;9791;9793;44702;9790;48316;10154	3812	2512	2627	1442	4356	1423	3758	1389	435	450.5	1810	2160	1352	8541.5	8553	2476	1703	5886.5	5128	4258.5	5061.5	5924	3770	3721	67800.5	3.390.025
ORTHO008887	unknown protein	AT4G15545	22857;5215;3674;6810;51234;51179;8150;55085;44763;9987;44699;44765;1902578;16021;31224;44425;5575;16020	3813	5195	4660.5	5508	2982.5	4986.5	5486.5	5568.5	6584	2170.5	7040	4018.5	5740	1800.5	3936.5	3976.5	4998.5	3580	5502	3699	7386	5603	5263	5222.5	92562	4628.1
ORTHO007087	P-loop containing nucleoside triphosphate hydrolases superfamily protein	AT3G49830;AT5G67630	5524;35639;1901265;1901363;5488;3674;97159;43168;43167;32559;30554;17076;166;36094;32555;32553;97367;32550;32549;1882;1883;43141;43139;3678;4386;17111;16462;16818;16817;16787;3824;8152;8150;32508;32392;71103;51276;6996;16043;71840;9987;4003;8094;42623;16887;8026;70035;5634;43231;43227;43226;5575;43229;44424;44464;5623;5622;9507;9536;44444;5737;5730;44428;44446;44422;43232;43228;31981;70013;43233;31974	3814	5524	1971	128	2982.5	838.5	1457	3824.5	138.5	6785.5	5258.5	998	4044.5	138	136.5	3232.5	202	398	2299	3563	3211	371.5	1498	595.5	38990	1949.5
ORTHO006336	sigma factor E	AT5G24120	10114;9639;9416;9314;9628;50896;8150;6355;1903506;2001141;31326;9889;19222;50789;65007;31323;50794;51252;19219;80090;51171;60255;10556;10468;2000112;6352;32774;9059;43170;71704;8152;1901576;9058;16070;44260;44237;9987;90304;6139;46483;6725;1901360;34641;6807;44238;34654;19438;44249;44271;18130;1901362;6351;34645;97659;10467;16987;996;990;988;3674;5739;43231;43227;43226;5575;43229;44424;44464;5623;5622;44444;5737;9507;9536;71483;9637;71482;71478;71214;51716;10207;43623;6461;65003;43933;16043;71840;22607;44085;71822;70271;34622;19684;6091;15979;3677;3676;1901363;5488;97159;45893;10628;10604;9893;48518;1903508;1902680;51254;45935;31325;48522;51173;31328;9891;10557;9658;9657;6996;3700;1071;10218;3899;34062;16779;16772;16740;3824;1053	3815	3885	3361.5	2908	2097	1227	1132	6741	3245.5	1750.5	4545	610	1352	3815.5	4842.5	6712.5	4346.5	8179	6897.5	586	7489.5	5059	7156	2940	78627	3931.35
ORTHO005968	sacI homology domain-containing protein / WW domain-containing protein	AT3G59770	5737;44424;44464;5575;5623;5622;46488;6650;6644;19637;71704;8152;8150;6793;44237;9987;44255;6629;44710;44699;44238;44763;6796;46486;6970;9628;50896;6950;9409;9266;9644;9642;9416;9314;5634;43231;43227;43226;43229;48015;48017;35556;7165;50794;50789;65007;51716;7154;44700;23052;42578;16788;16787;3824;3674	3816	3052	4478.5	5141	2097	4308	1393	2185	3991.5	8398	2809.5	4991	7963	8692.5	5746.5	2476	1731.5	8196	2214	2713.5	2827	8148	7048.5	4898	90730.5	4.536.525
ORTHO005406	winged-helix DNA-binding transcription factor family protein	AT4G13980	6355;1903506;2001141;31326;9889;19222;50789;65007;8150;31323;50794;51252;19219;80090;51171;60255;10556;10468;2000112;3700;1071;3674;5634;43231;43227;43226;5575;43229;44424;44464;5623;5622;9408;9266;9628;50896;6950;43565;3677;3676;1901363;5488;97159;5737;6351;34645;44260;43170;71704;8152;44237;9987;9059;1901576;9058;44249;97659;32774;16070;90304;6139;46483;6725;1901360;34641;6807;44238;34654;19438;44271;18130;1901362;10467	3817	3343	3316	2815	4356	4262.5	4758.5	2250	8101	7064	2653	6575.5	4555.5	3815.5	3047.5	6712.5	3682	2558	3421.5	3085	864.5	3222.5	5295.5	2003.5	77928	3896.4
ORTHO008749	16S rRNA processing protein RimM family	AT5G46420	16226;9058;8152;8150;31163;22607;16043;71840;9987;44085;9570;9532;44435;44444;44424;44464;5575;5623;5622;5737;44446;44422;43226;43229;9536;43231;43227;44434;9507;51536;51540;5488;3674;46872;43169;43167;5524;35639;1901265;1901363;97159;43168;32559;30554;17076;166;36094;32555;32553;97367;32550;32549;1882;1883	3818	3637	5417	7016	4356	1329	1881	7527.5	2592	1094.5	1483.5	79.5	7963	7699.5	7619.5	7782	125.5	6590	8364.5	9032	8468.5	8111.5	8723	5007.5	101473.5	5.073.675
ORTHO000391_1	HOPM interactor 7	AT3G43300	5829;44444;44424;44464;5575;5623;5622;5737;31901;10008;98588;31090;16020;44422;43226;43227;44440;44446;43229;5768;43231;12505;98805;5769;5085;98772;3674;43547;43087;51336;50790;19222;50789;65007;8150;65009;51345;43085;44093;9893;48518;5515;5488;6955;2376;50896;5802;98791;44431;5794;31984;5634;15031;45184;51234;51179;8104;33036;71702;6810;5086;6897;16192;42742;9617;51707;43207;9605;9607;51704;98542;6952;6950;16032;44764;9987;44403;44419;45087;40007	3819	4847	6391	8963	2982.5	1959	8919	7435.5	4645.5	6621	3879	6861.5	1352	8825.5	5886	7782	7006	6683.5	8083	8853	7254	8295.5	8574.5	8367.5	127283	6364.15
ORTHO000485_1	cullin 3	AT1G26830;AT1G69670;AT5G46210	42787;16567;32446;70647;6464;36211;19538;43170;71704;8152;8150;44238;43412;44267;44260;44237;9987;6511;19941;51603;6508;44257;30163;9057;1901575;9056;44265;44248;43632;5515;5488;3674;9911;48582;48580;2000026;50793;50789;65007;51239;51240;48518;51094;2000243;2000241;9909;48831;4842;19787;16740;3824;9793;44702;22414;44699;3006;32502;9790;44767;48856;7275;44707;32501;48316;48608;61458;48731;9791;10154;61630;61659;5829;44444;44424;44464;5575;5623;5622;5737;5634;43231;43227;43226;43229;31625;44389;19899;151;1990234;1902494;43234;32991;9960;9888;48513;9639;9416;9314;9628;50896;48366;48827;48367;6281;6259;90304;6139;46483;6725;1901360;34641;6807;6974;33554;51716;6950;44763;44710;10182;9756;7165;50794;7154;44700;23052;71322;71310;10033;42221;70887;1901701;1901700;9743;10100;48581;51241;48519;51093;48585;48583;10099;2000030;48825;9755;32870;9725;9719;71495;9908;90567;209;48575;48572;9648;48573;10228;80008;31461;9640	3820	6264	6010.5	8201	7245.5	1821.5	4638.5	6428.5	7183.5	8398	3366.5	8855.5	3707	7213.5	8138	6712.5	2142.5	4673.5	7644	8320	6180.5	6077	2380.5	7315.5	111196.5	5.559.825
ORTHO006789	proline-rich family protein	AT5G07020	9535;55035;42651;34357;16020;5575;44436;44424;44464;5623;5622;9579;44435;44444;5737;44446;44422;43226;43229;9536;43231;43227;31976;31984;44434;9507;9534;5515;5488;3674;61635;65008;65007;8150;9735;9725;9719;50896;10033;42221	3821	1942	4791.5	5762	4356	663	8616.5	917.5	1545.5	4240.5	1810	7585	8675.5	5175	693	6712.5	7582.5	9084.5	3136.5	3146	1682.5	8566.5	8641.5	5433.5	93907.5	4.695.375
ORTHO008142	D111/G-patch domain-containing protein	AT1G63980	5634;43231;43227;43226;5575;43229;44424;44464;5623;5622;3676;1901363;5488;3674;97159;8150	3822	4822	6148.5	8475	5938.5	7430.5	5560.5	7084	8207	763	3269.5	2640.5	7554	8378.5	8061.5	7782	5685	5368	6785	4687	6908	7259	8163.5	3771.5	115358	5767.9
ORTHO000974	TRICHOME BIREFRINGENCE-LIKE 34	AT2G38320;AT5G01620	139;98588;31090;16020;5575;44422;43226;43227;44431;44444;44424;44464;5623;5622;5737;44446;43229;5794;43231;12505;71554;9987;8150;16021;31224;44425;16413;16407;16747;16746;16740;3824;3674;8152;8374	3823	2704	5852.5	7882	1812	7877	7923	1912	2701	5709.5	9107	679.5	8410.5	5425.5	892.5	508.5	1660	7219.5	7901.5	6064.5	7925	8604	8609.5	8812	107942	5397.1
ORTHO005335	cytokinin oxidase 7	AT5G21482	55114;44710;8152;8150;44699;50660;50662;48037;5488;3674;43168;43167;166;36094;1901265;1901363;97159;9823;42447;9056;42445;10817;65008;65007;9690;9308;1901564;71704;6807;46483;44237;9987;6725;34754;16491;3824;16614;5576;5575;8762;16616;19139;16645	3824	5214	2503	1182	6194	568.5	4457	5121.5	7046.5	7035	5973.5	5191.5	5740	3283.5	3936.5	3976.5	2033.5	318	36.5	1208	74	2837	1035	4898	64770	3238.5
ORTHO004559	unknown protein	AT5G13950	5634;43231;43227;43226;5575;43229;44424;44464;5623;5622;3674;8150;31011;97346;70603;44428;44446;44422;43234;32991;44454;44427;5694;43232;43228;228;31981;70013;43233;31974;33202;1902494;790;785	3825	2443	5755	7685	4356	4598.5	7003.5	8884.5	9040	3084.5	3269.5	4752.5	1352	5142.5	693	1429.5	1526.5	8196	8625.5	6001	8697	8736	9053	6145.5	106230.5	5.311.525
ORTHO007381	ubiquitin-protein ligases	AT2G39810	16567;32446;70647;6464;36211;19538;43170;71704;8152;8150;44238;43412;44267;44260;44237;9987;5515;5488;3674;9409;9266;9628;50896;6950;5737;44424;44464;5575;5623;5622;45892;1903507;1903506;2001141;31326;9889;19222;50789;65007;31323;50794;51252;19219;80090;51171;60255;10556;1902679;51253;10605;9892;48519;45934;51172;31324;48523;31327;9890;10558;10629;10468;6355;2000112;2000113;5634;43231;43227;43226;43229;10228;3006;32502;22414;48608;48856;61458;48731;7275;44767;44699;44707;32501;9791;4842;19787;16740;3824	3826	2649	2242	658	4356	8997	1204	602	2940	6621	2290	4309	3331	3815.5	2702.5	6712.5	2552.5	1332.5	598.5	326.5	1552.5	1358.5	3365	2046	56656.5	2.832.825
ORTHO007174	isopentenyltransferase 3	AT3G63110	5739;43231;43227;43226;5575;43229;44424;44464;5623;5622;44444;5737;52623;16765;16740;3824;3674;8152;8150;52381;9824;9691;42446;9058;42445;10817;65008;65007;9690;9308;1901564;71704;6807;46483;44237;9987;6725;34754;44249;9536;9507;6400;9451;16070;44260;43170;90304;6139;1901360;34641;44238;43412;8033;34470;34660;6396;10467;6399;52622;5634	3827	7510	4457.5	5088	7947.5	5211.5	3224.5	2962.5	5144	6988	7040	7115.5	3188	2711.5	2702.5	5325.5	4761	2199.5	5430	7576.5	5839	2213.5	2908.5	7952.5	90494	4524.7
ORTHO005954	vacuolar ATP synthase subunit D (VATD) / V-ATPase D subunit / vacuolar proton pump D subunit (VATPD)	AT3G58730	5774;44437;44444;44424;44464;5575;5623;5622;5737;44446;44422;43226;43229;5773;43231;43227;98588;31090;16020;98805;42626;43492;42623;16887;17111;16462;16818;16817;16787;3824;3674;8152;8150;15405;15399;22804;22857;5215;6810;51234;51179;55085;44763;9987;44699;44765;1902578;16820;5794;12505;325;15992;15672;6812;6811;6818;5886;71944	3828	3362	4155.5	4483	2097	7499.5	2414	6978.5	1328.5	6050.5	982	2937.5	5740	3815.5	5034.5	3976.5	4761	4253	4607.5	4392	6696	5213.5	7486	3103.5	87269.5	4.363.475
ORTHO007363	nucleoside diphosphate kinase 2	AT5G63310	9570;9532;44435;44444;44424;44464;5575;5623;5622;5737;44446;44422;43226;43229;9536;43231;43227;44434;9507;5524;35639;1901265;1901363;5488;3674;97159;43168;43167;32559;30554;17076;166;36094;32555;32553;97367;32550;32549;1882;1883;5515;9585;7602;9583;9416;9314;9628;50896;8150;9582;51606;9581;9605;7165;50794;50789;65007;51716;9987;7154;44763;44699;44700;23052;10017;71489;9639;71482;71478;71214;9941;9526;31967;31975;9411;4550;16776;16772;16740;3824;8152;19205;16301;16310;6796;6793;44237;6165;46939;9117;6753;19637;71704;55086;6139;46483;6725;1901360;34641;6807;44238;44281;44710;9132;42542;302;6979;6950;1901700;42221;10035;9579;46872;43169;9734;9755;32870;9725;9719;10033;71495;71310;70887;71365;9733;5634	3829	3576	2962.5	2096	4356	1089	288.5	3608	2592	7035	4923.5	6518	1352	8485	6867.5	7782	1827.5	7949	1290	2156.5	970	3754	2553	2166	73206.5	3.660.325
ORTHO002132	homeobox protein 22	AT4G24660	6355;1903506;2001141;31326;9889;19222;50789;65007;8150;31323;50794;51252;19219;80090;51171;60255;10556;10468;2000112;5515;5488;3674;42803;42802;46983;9793;44702;22414;44699;3006;32502;9790;44767;48856;7275;44707;32501;48316;48608;61458;48731;9791;10154;3677;3676;1901363;97159;5634;43231;43227;43226;5575;43229;44424;44464;5623;5622;46872;43169;43167;6351;34645;44260;43170;71704;8152;44237;9987;9059;1901576;9058;44249;97659;32774;16070;90304;6139;46483;6725;1901360;34641;6807;44238;34654;19438;44271;18130;1901362;10467;3700;1071	3830	7723	4389.5	4949	5386.5	2358	8602.5	8583.5	8467	5702	6173.5	8132.5	4617.5	401	3936.5	2080.5	8494	800	6265.5	5606	3309	1466	3733.5	1047.5	89776	4488.8
ORTHO006236	Transducin/WD40 repeat-like superfamily protein	AT4G05410;AT4G21130	9793;44702;22414;8150;44699;3006;32502;9790;44767;48856;7275;44707;32501;48316;48608;61458;48731;9791;10154;166;36094;5488;3674;1901265;1901363;97159;5732;30529;32991;5575;44424;44464;5623;5622;5730;44428;44446;44422;43226;43229;5634;43231;43227;43232;43228;31981;70013;43233;31974;266;48285;6996;16043;71840;9987;7005;60321;48544;8037;44763;9875;7154;9856;44703;51704;44706;9553;48229;5737;80008;31461;151;1990234;1902494;43234;3676;5680;152;6364;34470;34660;16070;44260;43170;71704;8152;44237;90304;6139;46483;6725;1901360;34641;6807;44238;6396;10467;16072;42254;22613;44085	3831	3205	3353.5	2876	2097	2897	3025	112.5	4429.5	2212.5	4456.5	503.5	1352	6764.5	6867.5	7782	7758	5626	3283.5	4527	1379.5	6648	4806.5	3920	78351	3917.55
ORTHO008307	GTP binding	AT5G65960	5525;35639;1901265;1901363;5488;3674;97159;43168;43167;32550;32549;1882;36094;97367;1883;32561;19001;17076;166;32555;32553;7264;35556;7165;50794;50789;65007;8150;51716;9987;50896;7154;44763;44699;44700;23052;5622;44464;5575;5623;5634;43231;43227;43226;43229;44424	3832	2769	2185	538	4356	2406.5	776.5	1709	1625	5192.5	8820	1658	1352	3815.5	5034.5	1830	1294.5	4507	1031	178	4321	1778.5	3055	3103.5	53488	2674.4
ORTHO007944	FUNCTIONS IN: molecular_function unknown	AT5G20600	5829;44444;44424;44464;5575;5623;5622;5737;6364;34470;34660;16070;44260;43170;71704;8152;8150;44237;9987;90304;6139;46483;6725;1901360;34641;6807;44238;6396;10467;16072;42254;22613;44085;71840;3674;5634;43231;43227;43226;43229	3833	3913	5626.5	7420	4356	3253	8988	2614.5	5619	6856.5	3426.5	4566	6513.5	6764.5	6969.5	5325.5	5240.5	4507	2469	5447	7489.5	6952	7868.5	3447.5	104317.5	5.215.875
ORTHO003707	ethylene response factor 1	AT3G23240	6351;34645;44260;43170;71704;8152;8150;44237;9987;9059;1901576;9058;44249;97659;32774;16070;90304;6139;46483;6725;1901360;34641;6807;44238;34654;19438;44271;18130;1901362;10467;5634;43231;43227;43226;5575;43229;44424;44464;5623;5622;6355;1903506;2001141;31326;9889;19222;50789;65007;31323;50794;51252;19219;80090;51171;60255;10556;10468;2000112;6952;6950;50896;3700;1071;3674;3677;3676;1901363;5488;97159;9873;160;35556;7165;51716;7154;44763;44699;44700;23052;9755;32870;9725;9719;10033;42221;71495;71310;70887;71369;9723;9867;71395;9753;1101;1901700;71229;1901701	3834	43	1998.25	162.5	83.5	41	1011	3325	14.5	4278.5	161	485	1352	9152.5	7195	25.5	27	7117	2532.5	1788	1379.5	454.5	536.5	523	41399	2069.95
ORTHO008396	Pentatricopeptide repeat (PPR) superfamily protein	AT4G21190	5739;43231;43227;43226;5575;43229;44424;44464;5623;5622;44444;5737;3674;9793;44702;22414;8150;44699;3006;32502;9790;44767;48856;7275;44707;32501;48316;48608;61458;48731;9791;10154	3835	2880	4797	5759	2097	5833.5	7203.5	2044	2069	5270	3917	5489.5	1352	6389.5	1266.5	1996.5	6409	7219.5	7676.5	3146	5903.5	8260	8455.5	3984	93885	4694.25
ORTHO002195	nuclear factor Y; subunit B3	AT4G14540	5634;43231;43227;43226;5575;43229;44424;44464;5623;5622;43565;3677;3676;1901363;5488;3674;97159;6351;34645;44260;43170;71704;8152;8150;44237;9987;9059;1901576;9058;44249;97659;32774;16070;90304;6139;46483;6725;1901360;34641;6807;44238;34654;19438;44271;18130;1901362;10467;6355;1903506;2001141;31326;9889;19222;50789;65007;31323;50794;51252;19219;80090;51171;60255;10556;10468;2000112;3700;1071;46982;46983;5515	3836	6182	3611.5	3387	7245.5	1885	8162.5	2545	6712.5	2081	3136.5	4421	5740	1800.5	3521.5	6712.5	157	3121	5430	6960	5265	4612.5	3662.5	5433.5	81359.5	4.067.975
ORTHO007588	photosystem I light harvesting complex gene 2	AT3G61470	9535;55035;42651;34357;16020;5575;44436;44424;44464;5623;5622;9579;44435;44444;5737;44446;44422;43226;43229;9536;43231;43227;31976;31984;44434;9507;9534;9768;9765;6091;44237;8152;8150;9987;19684;15979;10287;9570;9532;9941;9526;31967;31975;9782;98796;43234;32991;44425;9522;9521;16168;46906;1901363;5488;3674;97159;30076;31409;9416;9314;9628;50896	3837	5588	4559	5281	6478.5	5155.5	3758	5213.5	1328.5	8535.5	7199	3686.5	3521	1800.5	3936.5	3976.5	5108	3121	5851	7194	5422.5	5603	5407	5601	91418.5	4.570.925
ORTHO003127	methyl esterase 17	AT3G10870	33473;9683;9850;44237;8152;8150;9987;42445;10817;65008;65007;42430;46483;6725;1901360;71704;34641;6807;1901564;32787;19752;43436;6082;44281;44710;44699;44763;34754;9694;16787;3824;3674;5737;44424;44464;5575;5623;5622;80032;52689;16788;48367;44767;32502;48731;48856;7275;44707;32501;9696;42537;18958;1901615;80031;6952;6950;50896;80030	3838	5298	2754.5	1671	5316.5	4362	5686	7491.5	7325.5	6327	3426.5	2086	4865.5	3374	4705.5	3296	3035.5	1425.5	3265	3013.5	1814.5	1068	2770	314	69651.5	3.482.575
ORTHO006886	Aldolase superfamily protein	AT1G12230	9570;9532;44435;44444;44424;44464;5575;5623;5622;5737;44446;44422;43226;43229;9536;43231;43227;44434;9507;9941;9526;31967;31975;5975;71704;8152;8150;44238;3824;3674;4801;16744;16740;8270;46914;46872;43169;43167;5488	3839	3218	2914	1989	4356	8750	4813.5	1780.5	702.5	6889	1810	6055	5740	4179	4842.5	6712.5	2142.5	3121	762.5	3721.5	5265	1735	678.5	2784	72484.5	3.624.225
ORTHO005709	ribosomal protein L3 plastid	AT3G17465	3735;5198;3674;6412;43043;43604;43603;34641;6807;8152;8150;44237;9987;44271;44249;9058;6518;1901564;71704;1901566;1901576;44267;19538;43170;44238;44260;34645;9059;10467;5840;30529;32991;5575;44424;44464;5623;5622;43232;43228;43226;43229;44444;5737;9507;9536;43231;43227;5739;19843;3723;3676;1901363;5488;97159	3840	3380	6146.5	8453	2097	1329	1985	1780.5	8307	1155	8487.5	998	7743	7636	7487.5	7782	7158.5	6265.5	8266	8987	8350.5	7937	8663.5	4586.5	114905	5745.25
ORTHO005763	Eukaryotic protein of unknown function (DUF842)	AT1G05730;AT2G31725	5739;43231;43227;43226;5575;43229;44424;44464;5623;5622;44444;5737;8150;3674	3841	2710	3708.5	3576	4356	5650.5	1247	310.5	8577	6440	195.5	6741.5	8306	6134	4233.5	2080.5	235.5	8982.5	8458.5	2782	7925	868	1640	1546.5	82354	4117.7
ORTHO005511	D111/G-patch domain-containing protein	AT1G33520;AT4G25020	5634;43231;43227;43226;5575;43229;44424;44464;5623;5622;42742;9617;51707;43207;9605;50896;8150;9607;51704;98542;6952;6950;3676;1901363;5488;3674;97159;9870;2218;2253;50778;48584;48518;50789;65007;48583;50776;2682;2684;2376;45089;31349;31347;80134;45088;7165;50794;51716;9987;7154;44763;44699;44700;23052;3723	3842	1795	4018.5	4195	4356	8627.5	924	8884.5	1839.5	2353	4160.5	4991	1352	5077	693	1429.5	1482.5	7934	2000.5	1426	8738	8741.5	9065.5	6161.5	85881	4294.05
ORTHO004653	inositol polyphosphate kinase 2 beta	AT5G61760	5886;16020;5575;44464;5623;71944;10264;33517;43647;19637;71704;8152;8150;6793;44237;9987;19751;6066;1901615;44281;44710;44699;44763;6796;32958;46173;46165;1901617;1901576;9058;44283;44711;90407;823;51766;16301;16772;16740;3824;3674;16310;16773;6355;1903506;2001141;31326;9889;19222;50789;65007;31323;50794;51252;19219;80090;51171;60255;10556;10468;2000112;90406;42995;824;51765;10183;50918;6935;42330;40011;9605;50896;42221;48868;3006;32502;22414;48856;9856;44703;51704;44706;32501;52725;9793;44702;9790;44767;7275;44707;48316;48608;61458;48731;9791;10154;9555;48229;5634;43231;43227;43226;43229;44424;5622	3843	4080	4183.5	4524	2375	3985.5	4528.5	3608	2729.5	6687	7382.5	5395	3433.5	6455	6791	7782	2086	4673.5	1706.5	8691.5	5061.5	2433.5	1705	2314	87449	4372.45
ORTHO006171	FUNCTIONS IN: molecular_function unknown	AT4G14385	5773;43231;43227;43226;5575;43229;44424;44464;5623;5622;44444;5737;8150;5634;16740;3824;3674;8152	3844	6918	4477.5	5111	7947.5	4581	8427.5	4640	5851.5	8934.5	6173.5	7376	1352	7213.5	7582.5	6712.5	2647.5	4400	4388	3747	2392	493.5	353.5	3340.5	90606.5	4.530.325
ORTHO009023	Zn-dependent exopeptidases superfamily protein	AT5G42320	4181;4180;8238;70011;8233;16787;3824;3674;8152;8150;6508;19538;43170;71704;44238;8235;8237;5576;5575;5615;44421;16020	3845	3565	4195	4545	4356	273.5	1294.5	112.5	3610	5338	582	7179.5	4197	4912.5	369	6075	2408	9080.5	9145	5038	6908	9109.5	3248	8697.5	87578	4378.9
ORTHO000314_3	Major facilitator superfamily protein	AT2G26690	15293;15291;22804;22857;5215;3674;6810;51234;51179;8150;55085;44763;9987;44699;44765;1902578;16021;31224;44425;5575;16020;6857;15833;42886;71705;71702;9611;6950;50896;5886;44464;5623;71944;9753;9725;9719;10033;42221;1101;1901700;42128;42126;43436;6082;71704;8152;44281;44710;44237;2001057;6807;71941	3846	5051	4339.5	4833	2982.5	5974	2528	2185	7046.5	5352	6763.5	8150	1352	1800.5	5034.5	3976.5	8342	3121	3504.5	8077	4445	2433.5	2808	6281	89174.5	4.458.725
ORTHO005429	unknown protein	AT4G33380	5794;43231;43227;43226;5575;43229;44424;44464;5623;5622;44444;5737;12505	3847	6826	5019.5	6192	7662	6898	3863.5	5439.5	7325.5	5527.5	5788.5	4841.5	7743	2711.5	3521.5	3976.5	4548.5	2724.5	5851	6555.5	4321	4873	5021	4801	96332	4816.6
ORTHO004506	unknown protein	AT3G17900	3674;9507;9536;43231;43227;43226;5575;43229;44424;44464;5623;5622;44444;5737;8150	3848	2401	3087.5	2327	1689.5	6023.5	739	727.5	1133	3252.5	2992.5	2197	1352	7536	7258.5	7782	1321	7181.5	7862.5	635	37	6612.5	6040	4091.5	74774.5	3.738.725
ORTHO002647	metacaspase 1	AT1G02170;AT4G25110	43068;10942;10941;50794;50789;65007;8150;48522;48518;43067;5515;5488;3674;5829;44444;44424;44464;5575;5623;5622;5737;4197;8234;70011;8233;16787;3824;8152;6508;19538;43170;71704;44238;4175;6915;12501;8219;16265;44699;44763;9987;5634;43231;43227;43226;43229;43069;60548;48523;48519	3849	2334	5483	7117	4356	332.5	6901	765	1328.5	4356	1810	8921.5	8519	6004.5	3047.5	7360.5	7214.5	7335.5	8364.5	4664.5	2400	8454	8641.5	5806	102226.5	5.111.325
ORTHO008402	BTB/POZ domain-containing protein	AT3G56230	5634;43231;43227;43226;5575;43229;44424;44464;5623;5622;16567;32446;70647;6464;36211;19538;43170;71704;8152;8150;44238;43412;44267;44260;44237;9987	3850	5394	4493	5136	2982.5	2170	8162.5	5698.5	6823.5	4466.5	6070	2467.5	1352	2711.5	4462	3976.5	5240.5	3121	5851	7408.5	5637	5308.5	4192	5601	90720	4536
ORTHO008400	Glycosyltransferase family 29 (sialyltransferase) family protein	AT3G48820	16266;6493;6486;44763;9987;8150;44699;6464;36211;19538;43170;71704;8152;44238;43412;44267;44260;44237;43413;70085;44723;5975;44710;9101;9100;1901135;34645;9059;1901576;9058;44249;1901137;139;98588;31090;16020;5575;44422;43226;43227;44431;44444;44424;44464;5623;5622;5737;44446;43229;5794;43231;12505;5768;5802;98791;31984;18279;18196;18193;6487;97503;43687;9311;16757;16740;3824;3674;8373	3851	2904	3023.5	2196	4356	1658.5	1068	765	1545.5	3622.5	3136.5	7933	6513.5	6764.5	7017.5	2476	1482.5	5886.5	4795.5	1129.5	4103	5376	5021	3565	73859.5	3.692.975
ORTHO007807	3-dehydroquinate synthase; putative	AT5G66120	9423;46417;43648;19752;43436;6082;71704;8152;8150;44281;44710;44699;44763;9987;44237;43650;46394;16053;44283;44711;9058;1901576;44249;9073;9072;6725;1901360;6520;1901564;6807;44238;19438;1901362;8652;1901566;9570;9532;44435;44444;44424;44464;5575;5623;5622;5737;44446;44422;43226;43229;9536;43231;43227;44434;9507;5768;12505;5802;98791;44431;5794;31984;3856;16838;16835;16829;3824;3674	3852	2101	2747	1642	4356	4540.5	888	4133.5	800	969	8737.5	2038	6397.5	4486	6007	6712.5	3448	5056.5	3730.5	270.5	3870	1910	3918.5	1414.5	69328	3466.4
ORTHO006216	non-intrinsic ABC protein 3	AT1G67940	5774;44437;44444;44424;44464;5575;5623;5622;5737;44446;44422;43226;43229;5773;43231;43227;98588;31090;16020;98805;6810;51234;51179;8150;5886;71944;5215;3674;5524;35639;1901265;1901363;5488;97159;43168;43167;32559;30554;17076;166;36094;32555;32553;97367;32550;32549;1882;1883;16887;17111;16462;16818;16817;16787;3824;8152	3853	3398	5534.5	7216	4356	1658.5	2951	7244.5	1545.5	2170.5	8095	6344	3793	6764.5	7017.5	7782	793	6029.5	6785	8214	6696	7183	8026.5	3721	102814	5140.7
ORTHO008115	peroxin 7	AT1G29260	6625;6605;6886;15031;45184;51234;51179;8150;8104;33036;71702;6810;46907;51649;51641;34613;70727;1902582;44765;1902578;44699;72662;1902580;7031;6996;16043;71840;9987;33365;1902589;44763;16482;72663;72594;43574;5623;5575;5634;43231;43227;43226;43229;44424;44464;5622;5515;5488;3674;5778;44439;44438;44444;5737;44446;44422;42579;5777;31903;98588;31090;16020;98805;5053;268;5048;42277;33218;80008;31461;151;1990234;1902494;43234;32991	3854	3459	6243	8632	2097	1500	2234.5	7409.5	8808.5	1155	8404	1198.5	7377.5	7343.5	7349.5	7782	6982.5	5824	7901.5	8853	7786.5	7786.5	8551.5	4291.5	118539.5	5.926.975
ORTHO006038	hydroxyproline-rich glycoprotein family protein	AT1G73840	35194;16441;10608;10468;60255;19222;50789;65007;8150;40029;16458;10629;10605;9892;48519;44763;9987;44699;31047;6396;16070;44260;43170;71704;8152;44237;90304;6139;46483;6725;1901360;34641;6807;44238;10467;3674;5634;43231;43227;43226;5575;43229;44424;44464;5623;5622;31124;6397;16071;31123	3855	3830	4040.75	4226.5	2097	4308	1542	2711	522.5	6934	4766.5	6717.5	3808.5	6125.5	2396.5	7360.5	7818.5	7335.5	5502	920	5061.5	8049	2794.5	1344.5	86018	4300.9
ORTHO003752	unknown protein	AT4G23885;AT5G24165	9507;9536;43231;43227;43226;5575;43229;44424;44464;5623;5622;44444;5737;8150;5739;3674	3856	6224	4121.75	4387.5	5651.5	3010.5	3758	5213.5	4323	1626.5	7382.5	1954	1352	2711.5	4462	5325.5	8637.5	3580	3904.5	7408.5	7568	5059	3726	5806	86808.5	4.340.425
ORTHO008640	Protein of unknown function (DUF155)	AT1G69380	32875;10564;51726;50794;50789;65007;8150;90329;6275;51052;19219;80090;19222;51171;31323;60255;2000112;31326;9889;10556;3674;5739;43231;43227;43226;5575;43229;44424;44464;5623;5622;44444;5737;51302;10082;10075;48509;2000026;50793;51239;48638;40008;10073;44767;32502;44699;44707;32501;48507;9888;48856;48513;48731;7275;2000280;10015;9653;48364;22622	3857	3583	6439	9021	2097	7834.5	4341	7491.5	1753	3688.5	8566	4805.5	7963	8692.5	5746.5	7782	7177	6854.5	8310	8987	7786.5	8380.5	8700	4541	129400.5	6.470.025
ORTHO000680	Nodulin MtN3 family protein	AT3G48740;AT5G23660;AT5G50790;AT5G50800	10431;44702;22414;8150;44699;48609;32504;3;32501;3006;32502;21700;44767;48316;48608;48856;61458;48731;7275;44707;9791;10154;5515;5488;3674;9793;9790;51260;51259;6461;65003;43933;16043;71840;9987;22607;44085;71822;70271;5886;16020;5575;44464;5623;71944;15770;15766;15772;8643;44765;6810;51234;51179;1902578;71702;5887;31226;44459;44425;31224;16021;51119;15144;22891;22857;5215;55085;44763;22892;1901476;34219;8515;15154;15157	3858	4006	3605	3352	2097	3114.5	5560.5	7290.5	985	1893	2290	2197	1352	6971	7195	2476	8791	5368	4293	4630.5	328	6429	2047.5	7952.5	81164	4058.2
ORTHO003859	uclacyanin 2	AT2G44790;AT3G60270;AT3G60280	5507;46914;46872;43169;43167;5488;3674;46658;31226;44459;44464;5575;5623;44425;16020;5886;71944;31224;31225;5576;9055;9506;5911;30054;55044;50896;8150	3859	5180	4258	4657	5552	2239.5	5187.5	2545	867	8006.5	5973.5	7997	5740	2711.5	4233.5	6712.5	6162	3121	5502	5337	5422.5	3453.5	1979	5007.5	88198	4409.9
ORTHO005147	urophorphyrin methylase 1	AT5G40850	4851;8757;8168;16741;16740;3824;3674;8152;8150;32259;8169;9507;9536;43231;43227;43226;5575;43229;44424;44464;5623;5622;44444;5737;6779;51188;51186;44237;9987;44249;9058;6778;33013;46483;6725;1901360;71704;1901564;6807;33014;19438;44271;34641;18130;1901362;1901576;1901566;55114;44710;44699;43115;16628;16627;16491;19354;46156;42168;42440;44763;6783;46148;44711	3860	4654	2776	1692	5238	5547	5770.5	3354	3135.5	8934.5	5286	6763.5	2799	4244	5254.5	2080.5	2964.5	4747.5	1086	3146	2770	596	928.5	470.5	69878	3493.9
ORTHO002474	DNA glycosylase superfamily protein	AT3G12710;AT5G44680	6284;6281;6259;44260;43170;71704;8152;8150;44237;9987;90304;6139;46483;6725;1901360;34641;6807;44238;6974;33554;51716;50896;6950;44763;44699;44710;8725;43733;3905;19104;16799;16798;16787;3824;3674;5634;43231;43227;43226;5575;43229;44424;44464;5623;5622	3861	3530	3553	3245	2097	1227	2032.5	1912	7325.5	3425.5	8737.5	998	1352	3815.5	4233.5	6712.5	4252.5	3750.5	4113.5	7299	5061.5	4780.5	6854	2699.5	80582.5	4.029.125
ORTHO007949	Heavy metal transport/detoxification superfamily protein	AT5G14910	9535;55035;42651;34357;16020;5575;44436;44424;44464;5623;5622;9579;44435;44444;5737;44446;44422;43226;43229;9536;43231;43227;31976;31984;44434;9507;9534;30001;6812;6811;44765;6810;51234;51179;8150;1902578;44699;9941;9526;31967;31975;9735;9725;9719;50896;10033;42221;9570;9532;46872;43169;43167;5488;3674	3862	3471	2275	688	2097	790.5	5974	7192	393.5	6988	241.5	147	1352	4718.5	5254.5	6712.5	85	7219.5	1389	1775	1063.5	2213.5	1121.5	2575	57206	2860.3
ORTHO007858	Pathogenesis-related thaumatin superfamily protein	AT1G18250;AT1G73620	5576;5575;51707;43207;9605;50896;8150;9607;51704;16020;9506;5911;30054;55044	3863	7062	6227	8591	7947.5	7658.5	8499.5	8233.5	6823.5	1626.5	7594	2343.5	8306	2711.5	4462	5325.5	6162	3580	7042	8721.5	7786.5	6182.5	8247	6379.5	117685	5884.25
ORTHO004364	unknown protein	AT4G06534;AT4G06536	9506;5911;30054;5575;55044;5576;8150;3674;5634;43231;43227;43226;43229;44424;44464;5623;5622	3864	3344	6172	8480	4356	4001.5	5560.5	7244.5	5754	8535.5	8958.5	2343.5	3808.5	6764.5	7017.5	7782	5685	5101.5	7398	3466.5	6810.5	7259	8163.5	3771.5	115426	5771.3
ORTHO007694	Calcium-dependent lipid-binding (CaLB domain) family protein	AT5G12300	3674;5575;8150	3865	4285	2004.5	144	2982.5	4106.5	1428	917.5	4045.5	3240.5	5192	164.5	4020	138	136.5	3183	2754.5	298	2241.5	3184	2621	424.5	1453	571.5	40120	2006
ORTHO005208	Wound-responsive family protein	AT1G19660;AT1G75380	4518;16788;16787;3824;3674;8152;8150;90305;90304;6139;46483;44237;9987;6725;1901360;71704;34641;6807;44238;43170;5634;43231;43227;43226;5575;43229;44424;44464;5623;5622;9611;6950;50896;31063;90311;31399;32268;51246;80090;19222;50789;65007;60255;31323;50794;31056;1903308;1902275;33044;33043;51128;50832;98542;6952;51707;43207;9605;9607;51704;9620;43565;3677;3676;1901363;5488;97159;45892;1903507;1903506;2001141;31326;9889;51252;19219;51171;10556;1902679;51253;10605;9892;48519;45934;51172;31324;48523;31327;9890;10558;10629;10468;6355;2000112;2000113	3866	6369	4697.5	5529	2982.5	5155.5	3758	5213.5	4953	7782	7199	8038	1352	2711.5	3936.5	3976.5	5108	3121	5851	7194	753.5	5603	5407	5601	92714	4635.7
ORTHO008333	RNA-binding (RRM/RBD/RNP motifs) family protein	AT5G54580	80156;16556;9451;16070;44260;43170;71704;8152;8150;44237;9987;90304;6139;46483;6725;1901360;34641;6807;44238;43412;16071;1900864;959;5739;43231;43227;43226;5575;43229;44424;44464;5623;5622;44444;5737;3723;3676;1901363;5488;3674;97159;5515	3867	2926	4643.5	5420	2097	8440.5	312	3480	3534	8118.5	4883	7376	1352	8704	5775.5	2476	2873	8211.5	2612.5	1747	6578.5	7567	4564	3565	92170	4608.5
ORTHO007313	Mad3/BUB1 homology region 1	AT5G05510	7094;71173;31577;75;22402;44763;9987;8150;44699;7049;71174;7093;1903047;278;45930;45786;48523;50794;50789;65007;48519;51726;7346;45841;2000816;10965;33047;7088;51783;33043;51128;51302;10564;33045;33044;51983;33048;45839;10948;51784;51782;10639;51129;33046;2001251;51985;30071;1901990;1901987;1902099;32434;61136;1903050;1903362;31329;9894;19222;31323;42176;51246;80090;60255;32268;30162;1902100;1901988;1901991;32435;1901799;1903051;1903363;42177;9895;9892;51248;10605;31330;31324;32269;45861;1904667;1904666;51438;51338;50790;65009;31396;1903320;31399;51444;51352;51340;43086;44092;31397;1903321;31400;51348;51436;51439;5634;43231;43227;43226;5575;43229;44424;44464;5623;5622;5515;5488;3674	3868	4501	5866	7864	2982.5	2358	7445.5	6978.5	2760.5	6020	3749	4670	3767	8103	7764	7782	4346.5	4507	3857.5	7299	4668.5	7392.5	7244	7075	107787.5	5.389.375
ORTHO005536	D-aminoacid aminotransferase-like PLP-dependent enzymes superfamily protein	AT3G05190;AT5G27410	3824;3674;8152;8150;9507;9536;43231;43227;43226;5575;43229;44424;44464;5623;5622;44444;5737;8483;16769;16740;5739	3869	3756	4152.75	4436.5	5748	8853	6236.5	1013.5	2367.5	8398	4046	8339.5	1352	8681	5596.5	7782	2711	5569	1189.5	1584.5	7786.5	837.5	1361	3340.5	87045	4352.25
ORTHO005114	eukaryotic translation initiation factor-related	AT1G11480	6413;44237;8152;8150;9987;6412;43043;43604;43603;34641;6807;44271;44249;9058;6518;1901564;71704;1901566;1901576;44267;19538;43170;44238;44260;34645;9059;10467;5634;43231;43227;43226;5575;43229;44424;44464;5623;5622;3743;8135;3723;3676;1901363;5488;3674;97159	3870	5164	5654	7438	2982.5	1959	4856.5	6142.5	8950	3882	6763.5	3218	6397.5	1800.5	5034.5	5325.5	6244	3949	6897.5	5303	8534	6182.5	6624.5	6379.5	104443.5	5.222.175
ORTHO007309	SMAD/FHA domain-containing protein	AT2G45460	6355;1903506;2001141;31326;9889;19222;50789;65007;8150;31323;50794;51252;19219;80090;51171;60255;10556;10468;2000112;5737;44424;44464;5575;5623;5622;5634;43231;43227;43226;43229;3700;1071;3674	3871	2717	4477	5083	4356	1089	3960	917.5	1691	1282.5	1623	743.5	1352	8627	7939.5	7782	6692.5	6590	7676.5	4664.5	7254	7520.5	8163.5	4898	90466.5	4.523.325
ORTHO005967	unknown protein	AT2G32760	5737;44424;44464;5575;5623;5622	3872	3527	3768.5	3665	2097	3542.5	3129.5	3608	3340.5	6089.5	5596.5	3034.5	1352	7536	7258.5	7782	8323.5	8995	2555	2409.5	421	2433.5	1405.5	4016	82828.5	4.141.425
ORTHO004187	presequence protease 2	AT1G49630;AT3G19170	5739;43231;43227;43226;5575;43229;44424;44464;5623;5622;44444;5737;4222;4175;70011;8233;16787;3824;3674;8152;8150;6508;19538;43170;71704;44238;8237;9507;9536;9570;9532;44435;44446;44422;44434;5759;44429;70013;43233;31974;8270;46914;46872;43169;43167;5488;16485;51604;10467;9941;9526;31967;31975;48046;5576;5515;46686;10038;10035;42221;50896	3873	5209	6507.5	9142	6194	8227.5	4638.5	8767	8705	2081	9035	5960	8929.5	5465	693	3976.5	7943.5	7870.5	9109	9130.5	9014	9107.5	9105.5	8961	136719.5	6.835.975
ORTHO002868	prenylated RAB acceptor 1.E	AT1G08770	10008;98588;31090;16020;5575;44422;43226;43227;44440;44444;44424;44464;5623;5622;5737;44446;43229;5768;43231;12505;98805;16192;6810;51234;51179;8150;16021;31224;44425;5783;5794;3674	3874	7639	6523.5	9173	6478.5	7241	4698	6264	7183.5	6785.5	8314	8970	8519	7101	7999	8660.5	8849	4595	8364.5	8756	8228.5	7147.5	8405	7075	143156	7157.8
ORTHO006232	bile acid transporter 5	AT4G12030;AT4G22840	8508;15296;8509;15075;22891;22857;5215;3674;6810;51234;51179;8150;55085;44763;9987;44699;44765;1902578;22892;34220;6811;98656;6820;15294;15293;15291;22804;8324;98655;6812;5343;15370;15081;15077;22890;15672;46873;30001;35725;98662;98660;6814;5342;1903825;15849;71702;15125;1901618;5319;6869;10876;33036;8028;46943;8514;15711;46942;15718;15721;15850;9611;6950;50896;9536;43231;43227;43226;5575;43229;44424;44464;5623;5622;44444;5737;33506;33321;96;6790;44237;8152;6520;1901564;71704;6807;19752;43436;6082;44281;44710;44238;1901605;19761;19758;19757;19748;16143;1901657;1901135;16144;1901659;1901137;1901576;9058;44711;44272;44249;44550;19760;9941;9526;31967;31975;44446;44422;44435;44434;9507;9753;9725;9719;10033;42221;1101;1901700;16020;16021;31224;44425	3875	5171	5468.5	7062	6194	8909.5	7106	2250	1994.5	8934.5	7594	8070	6071.5	7779.5	7461.5	5325.5	1780.5	4253	6327	1043.5	4668.5	4612.5	1991	5601	101773.5	5.088.675
ORTHO005347	photosystem I P subunit	AT2G46820	9534;31976;9579;44424;44464;5575;5623;5622;31984;44446;44422;43226;43229;43227;44435;44444;5737;9536;43231;44434;9507;9295;9535;55035;42651;34357;16020;44436;9737;9725;9719;50896;8150;10033;42221;33993;97305;1901700;1101;9773;9767;22900;6091;44237;8152;9987;55114;44710;44699;44763;19684;15979;30093;98807;98796;43234;32991;44425;9522;9521;9941;9526;31967;31975;16021;31224;3677;3676;1901363;5488;3674;97159;9508;229;5694;43232;43228;42646;9532	3876	3223	5666.5	7457	2097	332.5	2791.5	2460.5	8101	4433.5	8984.5	307.5	6731.5	6764.5	7082.5	7782	5685	5368	6897.5	4727.5	6908	7259	8163.5	3841	104621	5231.05
ORTHO006348	P-loop containing nucleoside triphosphate hydrolases superfamily protein	AT1G80380	9507;9536;43231;43227;43226;5575;43229;44424;44464;5623;5622;44444;5737;9941;9526;31967;31975;44446;44422;44435;44434;9570;9532;9853;43094;44249;9058;8152;8150;44237;9987;8887;16301;16772;16740;3824;3674;16310;6796;6793;16773;5634;5829	3877	2501	3554	3231	1689.5	3296	1274.5	8894.5	8808.5	3651	56	7162	1352	9108.5	7461.5	7782	450	8278	2122.5	1632	5637	738	986.5	1825	80515.5	4.025.775
ORTHO001613	Major facilitator superfamily protein	AT2G22730;AT5G64500;AT5G65687	9507;9536;43231;43227;43226;5575;43229;44424;44464;5623;5622;44444;5737;55085;44763;9987;8150;44699;44765;6810;51234;51179;1902578;16021;31224;44425;16020;98655;6812;6811;34220;22891;22857;5215;3674;22892;5351;5402;15294;15293;15291;22804;8324;15075;51119;15144;1901476;8643;71702;34219;15295;15992;15672;6818;5739;5886;71944	3878	5149	3202.5	2527	2982.5	1500	3513	2460.5	1328.5	1709.5	6173.5	3578.5	1352	2711.5	4462	5325.5	5404	4253	6327	6322.5	5637	4970.5	3339	5913	76280.5	3.814.025
ORTHO008262	Uncharacterised protein family (UPF0497)	AT3G55390	NA	3879	3500	5273	6667	4356	7390	2881	7084	7325.5	821	8095	3034.5	1352	6764.5	7017.5	7782	793	4982.5	4756.5	8214	2123	7147.5	8026.5	3635.5	99225.5	4.961.275
ORTHO002776	Lateral organ boundaries (LOB) domain family protein	AT2G42440;AT3G58190	5634;43231;43227;43226;5575;43229;44424;44464;5623;5622;8150;10311;9791;44767;32502;44699;44707;32501;7275;48645;48646;9653;48856;9887;48513;48731;10102;10101;10015;48364;22622;9886;48528;48569;48527	3880	2037	4175.5	4471	4356	5650.5	2528	2185	5851.5	1155	2539	4018.5	7377.5	7448.5	8429	2476	867	6085	7435.5	4848	5265	6182.5	4773	2091	87205.5	4.360.275
ORTHO004001	unknown protein	AT5G08270;AT5G23200	3674;8150;9507;9536;43231;43227;43226;5575;43229;44424;44464;5623;5622;44444;5737	3881	6033	5769	7657	2982.5	8323	3628.5	5698.5	6943.5	6235	7734.5	3422.5	6071.5	1800.5	4462	3976.5	7432	3580	5027.5	7871	6180.5	5924	5649	6057.5	106017.5	5.300.875
ORTHO005325	Nucleotide-diphospho-sugar transferases superfamily protein	AT2G39630	6506;6505;46488;6650;6644;19637;71704;8152;8150;6793;44237;9987;44255;6629;44710;44699;44238;44763;6796;46486;6664;1903509;1901135;6643;6661;46474;45017;8610;1901576;9058;44711;44249;8654;90407;6497;6464;36211;19538;43170;43412;44267;44260;42158;42157;34645;9059;9247;46467;1901137;5783;43231;43227;43226;5575;43229;44424;44464;5623;5622;44444;5737;12505;35269;6493;6486;43413;70085;44723;5975;9101;9100;35268;97502;5789;98588;31090;16020;44422;44432;44446;44425;42175;16757;16740;3824;3674;5576;4582;30;16758;4169;19348;16093;6066;1901615;44281;6720;6487	3882	3681	4256.5	4631	2097	1227	3025	6573	7183.5	1540.5	6763.5	7898.5	5195	3815.5	3265	6712.5	3958.5	3121	3857.5	6754	4668.5	3955.5	6040	2439.5	87993.5	4.399.675
ORTHO006090	Translation initiation factor SUI1 family protein	AT5G11900	6413;44237;8152;8150;9987;6412;43043;43604;43603;34641;6807;44271;44249;9058;6518;1901564;71704;1901566;1901576;44267;19538;43170;44238;44260;34645;9059;10467;5737;44424;44464;5575;5623;5622;3743;8135;3723;3676;1901363;5488;3674;97159;5840;30529;32991;43232;43228;43226;43229;44444	3883	4180	3820.5	3758	5938.5	6898	2121.5	6323	800	821	1810	998	5740	3815.5	4462	6712.5	4252.5	3580	4113.5	7299	5061.5	4709	6854	6949.5	83320.5	4.166.025
ORTHO005294	RING/FYVE/PHD-type zinc finger family protein	AT1G77250	8270;46914;46872;43169;43167;5488;3674;6355;1903506;2001141;31326;9889;19222;50789;65007;8150;31323;50794;51252;19219;80090;51171;60255;10556;10468;2000112;3677;3676;1901363;97159;5634;43231;43227;43226;5575;43229;44424;44464;5623;5622	3884	4860	5423.5	6963	5476.5	8775	2032.5	9049.5	4100	8934.5	1810	6614	8675.5	5709.5	1081	3976.5	8220	8564.5	2825	1177	1201.5	7567	2274	8491	101078	5053.9
ORTHO002748	xyloglucan endotransglucosylase/hydrolase 5	AT5G13870	10411;6073;44042;5976;5975;71704;8152;8150;44238;43170;44264;44260;44237;9987;44262;10410;10383;44036;71554;71555;45229;16043;71840;4553;16798;16787;3824;3674;16762;16758;16757;16740;5576;5575;48046;5618;30312;44464;5623;71944;42546;44085	3885	2400	3786.5	3688	1689.5	8095.5	6361.5	2392	2202	7666.5	2809.5	2937.5	7377.5	7387.5	8276	2476	7922.5	5569	335.5	1632	4445	1910	1322	1825	82942.5	4.147.125
ORTHO007078	Aldolase-type TIM barrel family protein	AT1G63290;AT3G01850	5975;71704;8152;8150;44238;5737;44424;44464;5575;5623;5622;46872;43169;43167;5488;3674;5829;44444;4750;16857;16854;16853;3824;5886;16020;71944	3886	3418	3969.5	4053	4356	214	3758	4219.5	1198	5485.5	8232.5	2729	1352	7536	7082.5	7782	8286.5	5626	6897.5	8320	92	1228	1157	3920	85116	4255.8
ORTHO002056	Protein of unknown function (DUF 3339)	AT3G48660;AT5G63500	3674;8150;31225;31224;44425;5575;16020	3887	5800	4700	5513	6534	214	8474	6264	7183.5	1800	1414	3218	1352	3283.5	5413.5	3976.5	8200	3949	7042	8397.5	7568	5603	2495	6732.5	92580	4629
ORTHO001431_1	diacylglycerol kinase1	AT5G07920	16310;6796;6793;44237;8152;8150;9987;4143;16301;16772;16740;3824;3674;16773;5524;35639;1901265;1901363;5488;97159;43168;43167;32559;30554;17076;166;36094;32555;32553;97367;32550;32549;1882;1883;5509;46872;43169;6952;6950;50896;7205;7186;7165;50794;50789;65007;51716;7154;44763;44699;44700;23052;16021;31224;44425;5575;16020;35556;5737;44424;44464;5623;5622;3951	3888	2118	4885.5	5883	4356	3125	4835.5	3862.5	3649	4672	4939	7551.5	8519	5350.5	1063	1606	7280.5	8739	3199	2635.5	2978	8310.5	8827.5	3501.5	94644.5	4.732.225
ORTHO004479	F-box/RNI-like superfamily protein	AT1G10780	5634;43231;43227;43226;5575;43229;44424;44464;5623;5622;9506;5911;30054;55044;3674;8150	3889	4545	5125.5	6362	2982.5	1959	2627.5	6741	7455	1842.5	6763.5	1198.5	6731.5	3815.5	5413.5	3976.5	6648.5	3121	7281	6960	4833.5	6340.5	6467.5	7120	97296	4864.8
ORTHO006263	xyloglucan endotransglucosylase/hydrolase 26	AT4G28850	48046;5576;5575;6073;44042;5976;5975;71704;8152;8150;44238;43170;44264;44260;44237;9987;44262;10411;10410;10383;44036;71554;71555;45229;16043;71840;4553;16798;16787;3824;3674;5618;30312;44464;5623;71944;42546;44085;16762;16758;16757;16740	3890	2979	3890	3890	4356	1658.5	1011	7084	2301	7298.5	2809.5	7988.5	6617.5	6764.5	7082.5	2476	5685	5886.5	4914	1869	723.5	4970.5	3271	3721	84132	4206.6
ORTHO001242_1	Translation elongation factor EFG/EF2 protein	AT1G45332;AT2G45030	5739;43231;43227;43226;5575;43229;44424;44464;5623;5622;44444;5737;5524;35639;1901265;1901363;5488;3674;97159;43168;43167;32559;30554;17076;166;36094;32555;32553;97367;32550;32549;1882;1883;3746;8135;3723;3676;6412;43043;43604;43603;34641;6807;8152;8150;44237;9987;44271;44249;9058;6518;1901564;71704;1901566;1901576;44267;19538;43170;44238;44260;34645;9059;10467;6414;70125;32543;1902589;6996;16043;71840;44763;44699;7005;44711;44710;3924;17111;16462;16818;16817;16787;3824;46686;10038;10035;42221;50896	3891	3312	2642.5	1394	4356	1089	2528	6906	7325.5	4693.5	1810	907	5740	4179	4842.5	6712.5	2152.5	3949	4328.5	4211	158.5	1778.5	1157	2850	67318	3365.9
ORTHO005859	RNA-binding (RRM/RBD/RNP motifs) family protein	AT3G21215	3723;3676;1901363;5488;3674;97159;5634;43231;43227;43226;5575;43229;44424;44464;5623;5622;166;36094;1901265	3892	1384	4065.5	4239	1066.5	585	8627.5	5302.5	5071	238.5	3136.5	863	8605	5307	960	508.5	7973	7597	2332	6103	8580	8029.5	2079	4174.5	86072.5	4.303.625
ORTHO007932	downstream target of AGL15-4	AT1G79760	3674;8150;9507;9536;43231;43227;43226;5575;43229;44424;44464;5623;5622;44444;5737	3893	3534	2392.5	892	4356	214	5261.5	1426	2134	8535.5	3136.5	2291.5	4677	3450.5	2396.5	6712.5	3589	2199.5	154	3600	1063.5	2923.5	5021	1906.5	60692.5	3.034.625
ORTHO006536	PAK-box/P21-Rho-binding family protein	AT4G21745	3674;8150;5634;43231;43227;43226;5575;43229;44424;44464;5623;5622	3894	7323	3861	3828	8139.5	1907.5	5800	7637	4865	7862.5	3526	7129.5	1352	4344	4124.5	3976.5	4054.5	2199.5	4914	689	5265	3609.5	6413.5	4091.5	83761	4188.05
ORTHO005026	ATP-dependent protease La (LON) domain protein	AT2G25740	6508;19538;43170;71704;8152;8150;44238;5634;43231;43227;43226;5575;43229;44424;44464;5623;5622;4176;42623;16887;17111;16462;16818;16817;16787;3824;3674;70011;8233	3895	4999	5752	7609	5938.5	1227	2881	6142.5	3957.5	3163.5	8651	7888.5	6617.5	1800.5	5254.5	6712.5	6409	3949	7042	6860	7386	6266	6854	6553	105615	5280.75
ORTHO005810	ubiquitin-specific protease 25	AT3G14400	45893;10628;10604;9893;48518;50789;65007;8150;19222;60255;10468;1903508;1903506;2001141;31326;9889;31323;50794;51252;19219;80090;51171;10556;1902680;51254;45935;31325;48522;51173;31328;9891;10557;6355;2000112;6406;6405;51168;6913;16482;46907;6810;51234;51179;51649;51641;51169;50658;50657;15931;71705;71702;51236;6403;33036;51028;10467;43170;71704;8152;71427;71426;1902582;44765;1902578;44699;71166;124;70461;123;31248;1902493;1990234;1902494;43234;32991;5575;44424;44464;5623;5622;44451;44428;44446;44422;43226;43229;5634;43231;43227;5654;31981;70013;43233;31974;4843;19783;8234;70011;8233;16787;3824;3674;6508;19538;44238;36459;5643;5635;31967;31975;12505;3713;3712;989;988	3896	3477	4902.5	5909	4356	8807.5	4971.5	2460.5	7899.5	3987	2539	2553.5	1352	6764.5	7082.5	5325.5	793	4887	2922	6689.5	6696	7227.5	8115.5	3721	94794.5	4.739.725
ORTHO005660	cytochrome c biogenesis protein family	AT1G15220	5739;43231;43227;43226;5575;43229;44424;44464;5623;5622;44444;5737;5515;5488;3674;9790;44767;32502;8150;44699;48856;7275;44707;32501;16491;3824;8152;55114;44710;5743;19866;31090;16020;44422;31967;31975;44446;31966;44429;5740;16021;31224;44425;43234;32991;17004;43623;6461;65003;43933;16043;71840;9987;22607;44085;71822;70271;34622	3897	4022	3593.5	3290	2097	6761.5	5130.5	1912	800	5090	6763.5	998	1352	4662.5	5254.5	6712.5	4135	3121	4016	5038	4946	4970.5	6709	2439.5	80812	4040.6
ORTHO004750	UDP-Glycosyltransferase superfamily protein	AT4G19460	16740;3824;3674;8152;8150;5634;43231;43227;43226;5575;43229;44424;44464;5623;5622;16757	3898	4923	4898	5898	5938.5	1959	2328.5	6573	5994	4959	6763.5	1198.5	6617.5	1800.5	5254.5	6712.5	6409	3121	7042	6860	4668.5	3854	6040	6553	94708	4735.4
ORTHO004058	ARM repeat superfamily protein	AT5G15680	16020;5575;902;32989;16043;71840;8150;9987;9653;32502;48856;48869;44767;44699;44763;30427;44464;5623;5739;43231;43227;43226;43229;44424;5622;44444;5737;5938;71944;90527;7015;71822;43933;30036;30029;7010;6996;1902589;31532;5886	3899	1454	3870.5	3842	4356	2557.5	2528	1013.5	8634	2124.5	582	1471	1352	8072	9073.5	1073.5	793	6946	5272.5	5637	8496	7392.5	7667.5	3179.5	83865.5	4.193.275
ORTHO007487	CONTAINS InterPro DOMAIN/s: Late embryogenesis abundant protein; group 2 (InterPro:IPR004864)	AT2G41990;AT4G35170	3674;5575;8150;5634;43231;43227;43226;43229;44424;44464;5623;5622	3900	3324	5553.5	7207	2097	7834.5	8474	2322	867	7782	1981	1658	1352	7213.5	7258.5	7782	6648.5	5569	7712	518	7568	7637.5	8485	4091.5	102754	5137.7
ORTHO010020	unknown protein	AT1G04030	5634;43231;43227;43226;5575;43229;44424;44464;5623;5622;3674;8150	3901	6216	4348	4795	7245.5	528.5	8919	7435.5	2715.5	5260	4016	6482	1352	5849.5	1145.5	3976.5	8514.5	7181.5	1878.5	8077	2137	3453.5	1573	8491	88986	4449.3
ORTHO006203	CONTAINS InterPro DOMAIN/s: Methyltransferase FkbM (InterPro:IPR006342)	AT2G26680	5886;16020;5575;44464;5623;71944;5794;43231;43227;43226;43229;44424;5622;44444;5737;12505;3674;8150	3902	2664	3732	3562	4356	8764.5	1311	1389	3404.5	7830	9098	3108	7554	8681	5691.5	2476	1973	5221.5	967.5	1609.5	7254	750	1289.5	3920	82292.5	4.114.625
ORTHO002788	Cysteine proteinases superfamily protein	AT1G02300;AT1G02305;AT4G01610	6508;19538;43170;71704;8152;8150;44238;5576;5575;8234;70011;8233;16787;3824;3674;5773;43231;43227;43226;43229;44424;44464;5623;5622;44444;5737;5829	3903	3987	6256.5	8610	4356	1658.5	8738.5	7244.5	6225	2551	8232.5	2392.5	6731.5	6764.5	7082.5	7782	5685	5221.5	6785	8905.5	6810.5	7259	8163.5	3771.5	118004.5	5.900.225
ORTHO004450	Citrate synthase family protein	AT2G44350;AT3G60100	5618;30312;44464;5575;5623;71944;5524;35639;1901265;1901363;5488;3674;97159;43168;43167;32559;30554;17076;166;36094;32555;32553;97367;32550;32549;1882;1883;5739;43231;43227;43226;43229;44424;5622;44444;5737;6099;6101;72350;19752;43436;6082;71704;8152;8150;44281;44710;44699;44763;9987;44237;44238;9060;45333;15980;6091;55114;4108;36440;46912;16746;16740;3824;46686;10038;10035;42221;50896;5759;44429;44446;44422;70013;43233;31974;8270;46914;46872;43169;9507;9536;44262;5975	3904	5116	5046	6188	5307.5	615.5	4528.5	8414.5	7046.5	6459.5	3526	8311	5066	8151	8995	2821	8286.5	3580	6389	6754	2985	2608	545.5	1230.5	96313	4815.65
ORTHO004780	HOPW1-1-interacting 1	AT1G80600	80022;48364;44767;32502;8150;44699;48513;48856;48731;7275;44707;32501;22622;6526;9084;1901607;1901605;6520;1901564;71704;8152;6807;19752;43436;6082;44281;44710;44763;9987;44237;44238;8652;46394;16053;44283;44711;9058;1901576;44249;1901566;9064;6525;3992;8483;16769;16740;3824;3674;9507;9536;43231;43227;43226;5575;43229;44424;44464;5623;5622;44444;5737;5739;5507;46914;46872;43169;43167;5488;42742;9617;51707;43207;9605;50896;9607;51704;98542;6952;6950;44419;9570;9532;44435;44446;44422;44434;42802;5515;30170;1901363;97159;48037;43168	3905	1620	5228	6551	1584.5	7877	3327	1263.5	1839.5	334.5	1144	4670	1352	4816.5	327	1429.5	7922.5	8428.5	9133	8905.5	9136.5	9063	9166.5	8367.5	98503.5	4.925.175
ORTHO005961	protein arginine methyltransferase 6	AT3G20020	5737;44424;44464;5575;5623;5622;5634;43231;43227;43226;43229;8168;16741;16740;3824;3674;8152;8150;32259	3906	2194	4179	4452	4356	6679.5	2155	1204.5	867	1058	1981	2851	7743	7636	8638.5	2476	5962.5	6265.5	7901.5	5245.5	5988	6512.5	3726	2229	87120	4356
ORTHO003111	Cysteine proteinases superfamily protein	AT1G10570;AT1G60220	5634;43231;43227;43226;5575;43229;44424;44464;5623;5622;5654;44428;44446;44422;31981;70013;43233;31974;16926;18205;18193;6464;36211;19538;43170;71704;8152;8150;44238;43412;44267;44260;44237;9987;70646;70647;6508;4175;70011;8233;16787;3824;3674;8234;9651;6970;9628;50896;6950;10228;3006;32502;22414;48608;48856;61458;48731;7275;44767;44699;44707;32501;9791;16929;19783;16607;16604;44451	3907	3389	3467	3027	4356	1227	7399.5	6573	1994.5	3221	6763.5	1198.5	5195	3815.5	3265	3976.5	3958.5	3121	3792	6754	4668.5	3854	6040	2439.5	79256.5	3.962.825
ORTHO007994	unknown protein	AT4G08330	5886;16020;5575;44464;5623;71944;5634;43231;43227;43226;43229;44424;5622;9507;9536;44444;5737;3674;8150	3908	5354	6042.5	8177	2982.5	1777	8738.5	1912	7831	3017.5	2992.5	7353.5	3840.5	8316	7804.5	5325.5	7280.5	5452.5	7812.5	8675.5	7636	6182.5	1790	7223	110961	5548.05
ORTHO002202	squamosa promoter binding protein-like 4	AT1G53160;AT3G15270	46872;43169;43167;5488;3674;5634;43231;43227;43226;5575;43229;44424;44464;5623;5622;9908;90567;48608;3006;32502;8150;22414;48856;61458;48731;7275;44767;44699;44707;32501;44702;9791;48367;3677;3676;1901363;97159;6355;1903506;2001141;31326;9889;19222;50789;65007;31323;50794;51252;19219;80090;51171;60255;10556;10468;2000112;5737;6351;34645;44260;43170;71704;8152;44237;9987;9059;1901576;9058;44249;97659;32774;16070;90304;6139;46483;6725;1901360;34641;6807;44238;34654;19438;44271;18130;1901362;10467;10321;48580;2000026;50793;51239;3700;1071	3909	7499	3897.5	3886	8300.5	6417	8038	6573	4602.5	3448	7524	4467	4355	1254	4462	3023.5	6027	867.5	5220.5	4727.5	3478.5	2328.5	3930	3359	84102.5	4.205.125
ORTHO007651	INDH1(iron-sulfur protein required for NADH dehydrogenase)	AT4G19540	5739;43231;43227;43226;5575;43229;44424;44464;5623;5622;44444;5737	3910	3822	3293	2676	2097	1381.5	2703	2322	5994	7298.5	6343	6171.5	4738	3815.5	2702.5	3976.5	3589	2199.5	3352	6467.5	3978	3026	5171.5	1958.5	77188	3859.4
ORTHO008772	phosphate transporter 4	AT3G46980	55085;44763;9987;8150;44699;44765;6810;51234;51179;1902578;16020;5575;98655;6812;6811;34220;98656;6820;9507;9536;43231;43227;43226;43229;44424;44464;5623;5622;44444;5737;16021;31224;44425;5315;15291;22804;22857;5215;3674;1901677;8514;8509;15075;22891;22892;15711;71702;15144;1901476;8643;34219;5351;5402;15294;15293;8324;51119;15295;15992;15672;6818	3911	5610	6019.25	8127.5	2982.5	9062.5	4587.5	3065	6124	8319	8095	8258	3684	7909	7518.5	5325.5	6549	1180.5	231	8397.5	1347	6952	7048.5	6732.5	110386	5519.3
ORTHO006463	Sas10/U3 ribonucleoprotein (Utp) family protein	AT2G43650	5634;43231;43227;43226;5575;43229;44424;44464;5623;5622;3674	3912	2015	4918.5	5925	1408	7071.5	2452	7084	8616	450.5	5567	5053	1352	9044.5	6092	1307	1221.5	6590	7831	7194	4519	8005	4748	691.5	94889.5	4.744.475
ORTHO005843	Protein of unknown function DUF106; transmembrane	AT4G12590	5783;43231;43227;43226;5575;43229;44424;44464;5623;5622;44444;5737;12505;16020;5739;3674	3913	4223	3365.5	2818	2982.5	1089	6155.5	6573	5994	502	1981	1198.5	5066	3815.5	5034.5	6712.5	3958.5	3121	3730.5	2124.5	4668.5	3754	5902.5	6553	77934	3896.7
ORTHO003059	Heavy metal transport/detoxification superfamily protein	AT1G22990;AT1G71050	30001;6812;6811;44765;6810;51234;51179;8150;1902578;44699;5737;44424;44464;5575;5623;5622;46916;6875;55065;98771;50801;48878;42592;65008;65007;55080;30003;6873;55082;19725;44763;9987;55076;46872;43169;43167;5488;3674;46914;5634;43231;43227;43226;43229	3914	2571	4394.5	4875	4356	1423	3628.5	2114.5	8207	5588.5	2539	247	7121	7213.5	7258.5	2476	1396.5	6085	7644	4444	5637	6512.5	5826.5	4060.5	89422.5	4.471.125
ORTHO001905	ribosomal protein L24	AT2G36620	22625;15934;44391;30529;32991;5575;44424;44464;5623;5622;44444;5737;44446;44422;43226;43229;5840;43232;43228;44445;5829;22626;6412;43043;43604;43603;34641;6807;8152;8150;44237;9987;44271;44249;9058;6518;1901564;71704;1901566;1901576;44267;19538;43170;44238;44260;34645;9059;10467;3735;5198;3674;27;22618;71826;43933;16043;71840;34622;65003;22607;44085;22613;42255;70925;6996;42254;42273;1902626;16020;9507;9536;43231;43227;44822;3723;3676;1901363;5488;97159;5886;71944	3915	7724	2649.5	1384	8923.5	4598.5	5395	8348	3036	7666.5	6763.5	6307.5	1352	504	1338.5	3976.5	2957	663.5	3097.5	4211	3204.5	718	986.5	2046	67170	3358.5
ORTHO007372	plant U-box 49	AT5G67530	16874;3824;3674;8152;8150;6457;9987;3755;16859;16853;413;18208;18193;6464;36211;19538;43170;71704;44238;43412;44267;44260;44237;5634;43231;43227;43226;5575;43229;44424;44464;5623;5622	3916	2221	4007.5	4099	4356	3406.5	1410	3491	931	7216	9170.5	5823	8306	6004.5	4233.5	1996.5	2314	8808.5	2599.5	2455	2573	7814.5	2884	3920	85357	4267.85
ORTHO005291	eukaryotic translation initiation factor 3E	AT3G57290	1731;22618;71826;43933;16043;71840;8150;9987;34622;65003;22607;44085;22613;6413;44237;8152;6412;43043;43604;43603;34641;6807;44271;44249;9058;6518;1901564;71704;1901566;1901576;44267;19538;43170;44238;44260;34645;9059;10467;6446;6417;10608;10468;60255;19222;50789;65007;32268;51246;80090;31323;50794;34248;51171;2000112;31326;9889;10556;5515;5488;3674;8180;44428;44446;44422;5575;43226;44424;44464;5623;5622;43229;5634;43231;43227;43234;32991;6352;32774;16070;90304;6139;46483;6725;1901360;34654;19438;18130;1901362;6351;97659;5886;16020;71944;5829;44444;5737;9651;6970;9628;50896;6950;9640;9639;9416;9314;9791;44767;32502;44699;44707;32501;7275;31597;502;44445;9908;90567;48608;3006;22414;48856;61458;48731;44702;48367;30371;45182;17148;10629;10605;9892;48519;34249;51172;31324;48523;2000113;31327;9890;10558;32269;51248;5852;3743;8135;3723;3676;1901363;97159	3917	4122	5766	7615	2375	1658.5	8738.5	2460.5	5754	7916.5	2402	3578.5	6804.5	6764.5	7082.5	5325.5	6162	5221.5	6897.5	8364.5	6810.5	6648	3299.5	3771.5	105660.5	5.283.025
ORTHO001003	Protein kinase superfamily protein	AT4G31390;AT5G10630	6468;16310;6796;6793;44237;8152;8150;9987;6464;36211;19538;43170;71704;44238;43412;44267;44260;10287;44434;44435;44444;44424;44464;5575;5623;5622;5737;44446;44422;43226;43229;9536;43231;43227;9507;9570;9532;5524;35639;1901265;1901363;5488;3674;97159;43168;43167;32559;30554;17076;166;36094;32555;32553;97367;32550;32549;1882;1883;5886;16020;71944;80183;6979;6950;50896;4672;16301;16772;16740;3824;16773;15996;6787;51187;51186;44248;9056;6778;33013;46483;6725;1901360;1901564;6807;33015;19439;44270;34641;1901361;1901575;1901565;46700;44763;44699;46149;44712;44710;42440;15994;6414;34645;9059;1901576;9058;44249;6412;43043;43604;43603;44271;6518;1901566;10467;3924;17111;16462;16818;16817;16787;5525;32561;19001;3746;8135;3723;3676;8270;46914;46872;43169	3918	1722	2672.5	1427	1479.5	8152	2155	1322	132	4682	804.5	2729	7554	8123.5	8316.5	1175.5	8801.5	4887	381.5	5637	1047	292	65	1371.5	67628.5	3.381.425
ORTHO002109	LA RNA-binding protein	AT5G21160	61014;61013;31329;9894;19222;50789;65007;8150;31323;50794;1903311;51252;19219;80090;51171;60255;31331;31325;9893;48518;48522;9896;1903313;51254;45935;51173;10604;3729;44822;3723;3676;1901363;5488;3674;97159;5829;44444;44424;44464;5575;5623;5622;5737;70370;34605;9408;9266;9628;50896;6950;33554;51716;9987;10286;5515;5844;30529;32991;932;36464;35770;43232;43228;43226;43229;6402;16071;16070;44260;43170;71704;8152;44237;90304;6139;46483;6725;1901360;34641;6807;44238;6401;44265;9057;1901575;9056;44248;34655;19439;44270;1901361;46700;10494;5634;43231;43227	3919	2068	5266	6613	4356	3585	3430	8102.5	8856.5	1800	3269.5	4841.5	1352	5238.5	766.5	1429.5	7513	7761	1942.5	8025.5	8468.5	8566.5	8976.5	5007.5	98932.5	4.946.625
ORTHO006745	phospholipid sterol acyl transferase 1	AT1G04010	4607;8374;16747;16746;16740;3824;3674;8152;8150;43231;43227;43226;5575;43229;44424;44464;5623;5622;80095;31090;16020;44422;16127;16125;6066;1901615;71704;44281;44710;44699;8202;1901360;6629;44238;46164;1901616;1901575;9056;44282;44712;6706;1901361;16042;34434;34433;30258;44255;44763;9987;44237;16021;31224;44425;80096;5783;44444;5737;12505;10150;10260;7568;44767;32502;48513;48856;48731;7275;44707;32501;48366;48827;48367	3920	3855	6394.5	8869	2097	2170	5504	8670	8928.5	432	9123	5295.5	8754.5	5393.5	867	6712.5	7615.5	7525.5	8750.5	5126.5	8850	8763	8881.5	6949.5	124312.5	6.215.625
ORTHO008944	P-loop containing nucleoside triphosphate hydrolases superfamily protein	AT3G01820	5524;35639;1901265;1901363;5488;3674;97159;43168;43167;32559;30554;17076;166;36094;32555;32553;97367;32550;32549;1882;1883;5739;43231;43227;43226;5575;43229;44424;44464;5623;5622;44444;5737;4017;19201;19205;16301;16772;16740;3824;8152;8150;16310;6796;6793;44237;9987;46939;9117;6753;19637;71704;55086;6139;46483;6725;1901360;34641;6807;44238;44281;44710;44699;44763;16776	3921	5996	3466	3011	6664	8030	4813.5	4571	3717	7539	4251.5	3686.5	4738	3283.5	1910.5	3976.5	1356.5	4809.5	1031	6001	4226.5	3453.5	4006.5	3771.5	79173	3958.65
ORTHO009063	Stress responsive A/B Barrel Domain	AT5G22580	9507;9536;43231;43227;43226;5575;43229;44424;44464;5623;5622;44444;5737;8150;46872;43169;43167;5488;3674	3922	5526	6489.5	9057	6478.5	6529	6919.5	6864	6584	6934	8514	2937.5	7189	8210.5	7804.5	5325.5	7071	5452.5	7812.5	5672	8580	7520.5	8026.5	7223	131169.5	6.558.475
ORTHO007361	SNARE associated Golgi protein family	AT1G44960	8150;5886;16020;5575;44464;5623;71944	3923	2816	2431	939	4356	176	1789.5	676	7899.5	2284	1312.5	1389.5	1352	4244	5596.5	1830	935.5	5518	4914	4687	5903.5	3311	3918.5	3721	61458	3072.9
ORTHO006019	Protein kinase superfamily protein	AT2G34650	9986;44464;5575;5623;16301;16772;16740;3824;3674;8152;8150;16310;6796;6793;44237;9987;9733;9725;9719;50896;10033;42221;4674;4672;16773;6468;6464;36211;19538;43170;71704;44238;43412;44267;44260;48825;48366;48827;48856;32502;48367;44767;44699;48731;7275;44707;32501;9793;44702;22414;3006;9790;48316;48608;61458;9791;10154;5524;35639;1901265;1901363;5488;97159;43168;43167;32559;30554;17076;166;36094;32555;32553;97367;32550;32549;1882;1883;48766;904;902;32989;16043;71840;9653;48869;44763;48468;30154;48765;10053;90627;10015;48364;48513;22622;90558;9888;48764;48469;21700;10054;48767;60560;48589;40007;48588;16049;80147;9926;60918;9914;10817;65008;65007;44765;6810;51234;51179;1902578;9958;9630;9606;9605;9629;9628;5515;80167;9734;9755;7165;50794;50789;51716;7154;44700;23052;32870;71495;71310;70887;71365;5634;43231;43227;43226;43229;44424;5622	3924	5390	5624	7324	6358.5	6529	2881	6142.5	7183.5	4244.5	6763.5	3218	6617.5	1800.5	960	3976.5	6409	3949	7509	8320	7386	6266	6854	6553	103562.5	5.178.125
ORTHO009389	Calcium-dependent lipid-binding (CaLB domain) family protein	AT5G47710	46872;43169;43167;5488;3674;5886;16020;5575;44464;5623;71944;9738;9755;7165;50794;50789;65007;8150;51716;9987;50896;7154;44763;44699;44700;23052;32870;9725;9719;10033;42221;71495;71310;70887;71215;9737;33993;97305;1901700;1101;71396;97306;1901701;71229;5773;43231;43227;43226;43229;44424;5622;44444;5737	3925	4667.5	3484.5	3044	2982.5	2260.5	6560.5	2392	5994	6687	6343	2291.5	1352	1800.5	5034.5	6712.5	3589	2199.5	3039	4169.5	5061.5	2923.5	5021	5957	79388	3969.4
ORTHO004752	PPDK regulatory protein 2	AT3G01200;AT4G21210	9507;9536;43231;43227;43226;5575;43229;44424;44464;5623;5622;44444;5737;4672;16301;16772;16740;3824;3674;8152;8150;16310;6796;6793;44237;9987;16773;6468;6464;36211;19538;43170;71704;44238;43412;44267;44260;5524;35639;1901265;1901363;5488;97159;43168;43167;32559;30554;17076;166;36094;32555;32553;97367;32550;32549;1882;1883;5829;16776;4674;4721;16791;42578;16788;16787;16311;6470;9570;9532;44435;44446;44422;44434	3926	3112	3812	3698	2097	8345	2328.5	6741	7455	1003.5	8701	1198.5	5338.5	3815.5	3047.5	6712.5	4135	2199.5	122.5	4060.5	4833.5	4067	6365	2522	82991.5	4.149.575
ORTHO008182	Protein kinase superfamily protein	AT5G05200	32259;8152;8150;8168;16741;16740;3824;3674;3723;3676;1901363;5488;97159	3927	2662.5	2939.5	1952	1812	2557.5	5597.5	765	132	1642.5	1810	1471	8306	8210.5	8118	2476	2230.5	6982	8059	3721.5	957	1910	1361	5957	72264	3613.2
ORTHO002556	SAUR-like auxin-responsive protein family	AT2G24400;AT4G31320	5516;5515;5488;3674;9733;9725;9719;50896;8150;10033;42221;5575;5634;43231;43227;43226;43229;44424;44464;5623;5622	3928	4903	5732	7536	2982.5	808	5756	6978.5	6823.5	8934.5	4704.5	7085	8605	5673.5	1109.5	6712.5	6692.5	4507	1290	3108	1311.5	8127.5	8520	8367.5	105114.5	5.255.725
ORTHO000645_2	P-loop containing nucleoside triphosphate hydrolases superfamily protein	AT2G42520;AT3G58510;AT3G58570	5777;42579;43231;43227;43226;5575;43229;44424;44464;5623;5622;44444;5737;8026;42623;16887;17111;16462;16818;16817;16787;3824;3674;8152;8150;70035;4386;5886;16020;71944;5730;44428;44446;44422;5634;43232;43228;31981;70013;43233;31974;9507;9536	3929	5104	5468	7007	6100.5	1959	6936	4571	3352.5	6687	4251.5	2086	1352	8795	5817	3976.5	8945	7617	8625.5	6689.5	1933.5	7259	2013	8552	101418	5070.9
ORTHO003870	exocyst complex component sec10	AT5G12370	5737;44424;44464;5575;5623;5622;16020;9506;5911;30054;55044;6887;16192;6810;51234;51179;8150;32940;46903;44765;1902578;44699;51649;51641;44763;9987;145;44448;44444;5938;71944;43234;32991;3674;5886;48278;22406	3930	2485	5486	7042	1689.5	7749.5	3628.5	2250	6379.5	1842.5	2809.5	6464.5	1352	4874	393	1429.5	1396.5	8278	9056.5	9172	9075	8954.5	9142.5	7376.5	101624	5081.2
ORTHO006230	Zinc knuckle (CCHC-type) family protein	AT3G62330	8150;5634;43231;43227;43226;5575;43229;44424;44464;5623;5622;3676;1901363;5488;3674;97159;8270;46914;46872;43169;43167	3931	2833	4197	4463	4356	961.5	3628.5	2876.5	8509.5	3267	5124	818.5	8380	8771.5	5856	2476	1482.5	8470.5	2241.5	1043.5	59	8049	8609.5	6553	87177.5	4.358.875
ORTHO002733	fibrillarin 2	AT4G25630;AT5G52470	5730;44428;44446;44422;5575;43226;44424;44464;5623;5622;43229;5634;43231;43227;43232;43228;31981;70013;43233;31974;3723;3676;1901363;5488;3674;97159;16592;44451;5654;43234;32991;6364;34470;34660;16070;44260;43170;71704;8152;8150;44237;9987;90304;6139;46483;6725;1901360;34641;6807;44238;6396;10467;16072;42254;22613;44085;71840;1510;43414;32259;43412;9451;30515;16020	3932	5787	3223.5	2515	5404	5684	8627.5	6652	2570.5	6401	3136.5	2086	4271.5	4206	6092	2080.5	3322.5	1360.5	5220.5	4727.5	3719.5	1358.5	3945	757.5	76219	3810.95
ORTHO008756	RNA-binding (RRM/RBD/RNP motifs) family protein	AT5G46840	5737;44424;44464;5575;5623;5622;3676;1901363;5488;3674;97159;3723;166;36094;1901265	3933	3730	4286.5	4640	4356	7499.5	1881	6978.5	597.5	1970.5	7594	743.5	5740	3815.5	5034.5	6712.5	324.5	4253	4663	7692.5	6696	5213.5	7554.5	3103.5	88067.5	4.403.375
ORTHO007149	unknown protein	AT3G51130	5739;43231;43227;43226;5575;43229;44424;44464;5623;5622;44444;5737	3934	2953	2259	584	2097	332.5	3628.5	602	1328.5	5732.5	2653	4059.5	3294	3815.5	2702.5	1606	3167.5	4887	3233.5	3899.5	3454.5	1179	3049	1958.5	54583	2729.15
ORTHO007762	unknown protein	AT5G54850	3674;5575;8150	3935	5989	5399.5	6864	6664	5580	3513	5957	6823.5	2976	7594	3422.5	6071.5	1800.5	4705.5	3976.5	5864.5	3580	6531	7871	6180.5	5924	6040	6057.5	100468.5	5.023.425
ORTHO008793	Integrase-type DNA-binding superfamily protein	AT1G72570	3677;3676;1901363;5488;3674;97159;3700;1071;2001141;31326;9889;19222;50789;65007;8150;31323;50794;51252;19219;80090;51171;60255;10556;6355;1903506;10468;2000112;5634;43231;43227;43226;5575;43229;44424;44464;5623;5622;9887;44767;32502;44699;9653;48856;48513;48731;7275;44707;32501;9873;160;35556;7165;51716;9987;50896;7154;44763;44700;23052;9755;32870;9725;9719;10033;42221;71495;71310;70887;71369;9723;6351;34645;44260;43170;71704;8152;44237;9059;1901576;9058;44249;97659;32774;16070;90304;6139;46483;6725;1901360;34641;6807;44238;34654;19438;44271;18130;1901362;10467	3936	3851	6375.5	8815	4356	7694	2703	7290.5	7691.5	1876	8984.5	3422.5	7031	6971	7195	7782	6027	5368	7398	8632.5	7254	7470	8348.5	3920	123059	6152.95
ORTHO001342_1	sensitive to freezing 6	AT4G04920	10104;70297;1902531;9966;10646;50794;50789;65007;8150;48583;23051;2000022;48586;2000028;48580;2000026;50793;51239;2000241;6351;34645;44260;43170;71704;8152;44237;9987;9059;1901576;9058;44249;97659;32774;16070;90304;6139;46483;6725;1901360;34641;6807;44238;34654;19438;44271;18130;1901362;10467;16592;44451;44428;44446;44422;5575;43226;44424;44464;5623;5622;43229;5634;43231;43227;5654;31981;70013;43233;31974;43234;32991;1901672;43902;43900;48518;2833;48584;2831;45089;31349;31347;80134;45088;50776;2682;50778;2684;32103;32101;10112;6970;9628;50896;6950;9631;9409;9266;3674;32922;7623;48511;44707;32501;44699;10468;60255;19222;6355;1903506;2001141;31326;9889;31323;51252;19219;80090;51171;10556;2000112	3937	2416	4250.5	4564	4356	1089	1938.5	765	6493	432	1623	632	8410.5	7996	8118	2476	793	6982	8576	6467.5	2123	7725	8641.5	6379.5	87660.5	4.383.025
ORTHO009742	Pentatricopeptide repeat (PPR-like) superfamily protein	AT1G13040	5774;44437;44444;44424;44464;5575;5623;5622;5737;44446;44422;43226;43229;5773;43231;43227;98588;31090;16020;98805;8150;5739	3938	5423	6209.5	8481	6358.5	8551.5	5705.5	7290.5	2743.5	6621	8737.5	8787	7743	8771.5	5661	3976.5	9033	6590	1706.5	5369.5	8580	1613	1121.5	6883	115485	5774.25
ORTHO006965	Protein of unknown function (DUF1295)	AT2G46890	6629;71704;8152;8150;44710;44699;44238;16627;16491;3824;3674;55114;16021;31224;44425;5575;16020;5737;44424;44464;5623;5622	3939	3404	5806.5	7674	4356	7932.5	4341	6831.5	5221.5	7407.5	3639.5	8476.5	3591.5	6475	6867.5	7782	4346.5	4154.5	315	7463	4668.5	6429	7244	2940	106126.5	5.306.325
ORTHO009427	adenosine-5'-phosphosulfate (APS) kinase 3	AT3G03900	16310;6796;6793;44237;8152;8150;9987;4020;16301;16772;16740;3824;3674;16773;5524;35639;1901265;1901363;5488;97159;43168;43167;32559;30554;17076;166;36094;32555;32553;97367;32550;32549;1882;1883;70814;70813;6790;44272;44249;9058;5829;44444;44424;44464;5575;5623;5622;5737;19344;97;96;6520;1901564;71704;6807;19752;43436;6082;44281;44710;44699;44763;44238;8652;46394;16053;44283;44711;1901576;1901566;6534;9069;1901605;9070;1901607;103;48232;7276;44702;22414;48609;32504;3;32501;19953;44703;51704;9507;9536;43231;43227;43226;43229	3940	4841	6105	8270	2982.5	6529	7453.5	6978.5	6379.5	5160.5	3269.5	4566	7121	8151	7713.5	5325.5	4346.5	4507	3172	5852	4668.5	6429	7244	7075	111941.5	5.597.075
ORTHO007865	unknown protein	AT3G59800	5634;43231;43227;43226;5575;43229;44424;44464;5623;5622;3674;8150	3941	5277	2033	125	6194	4101	1627	1114.5	3991.5	2787	5243	1198.5	4007	138	136.5	3232.5	2845.5	398	2201.5	3448	175.5	343	1306.5	561.5	38856	1942.8
ORTHO003096	Uncharacterised conserved protein (UCP030210)	AT2G17320;AT2G17340;AT4G35360	3674;5737;44424;44464;5575;5623;5622;4594;16301;16772;16740;3824;8152;8150;16310;6796;6793;44237;9987;16773	3942	4683	4763.5	5585	5238	4366.5	5261.5	7409.5	4287	3658.5	5533.5	4949	4955.5	8072	8793	2914	4464.5	2558	5851	4630.5	4833.5	5213.5	4037.5	1188	92976.5	4.648.825
ORTHO006759	Leucine-rich repeat protein kinase family protein	AT2G36570	5886;16020;5575;44464;5623;71944;7169;7167;7166;7165;50794;50789;65007;8150;51716;9987;50896;7154;44763;44699;44700;23052;6468;16310;6796;6793;44237;8152;6464;36211;19538;43170;71704;44238;43412;44267;44260;5524;35639;1901265;1901363;5488;3674;97159;43168;43167;32559;30554;17076;166;36094;32555;32553;97367;32550;32549;1882;1883;9834;9832;42546;44085;71840;71554;71669;16021;31224;44425;4674;4672;16301;16772;16740;3824;16773	3943	5438	3218.5	2494	2982.5	2604.5	4118.5	4208	1994.5	4329	8566	7207	1352	8954	6331.5	5325.5	1764.5	5824	8098.5	884	479.5	961.5	1035	1958.5	75996	3799.8
ORTHO001990	Protein of unknown function (DUF640)	AT1G07090	6355;1903506;2001141;31326;9889;19222;50789;65007;8150;31323;50794;51252;19219;80090;51171;60255;10556;10468;2000112;3677;3676;1901363;5488;3674;97159;5634;43231;43227;43226;5575;43229;44424;44464;5623;5622	3944	6858	6037.5	8131	6100.5	7915	6798	2962.5	2940	7539	8934.5	7215	1352	5822	934	5325.5	8953.5	8843.5	9002.5	3431	3211	8049	2412.5	8763	110403.5	5.520.175
ORTHO009666	Protein of unknown function (DUF1218)	AT2G32280	10087;9888;48856;32502;8150;10305;10051;3002;7389;44767;44699;44707;32501;7275;48825;48366;48827;48367;48731;9793;44702;22414;3006;9790;48316;48608;61458;9791;10154;10588;48826;48598;9653;9965;9887;48513;10016;9886;3674	3945	6245	3500.5	3056	5651.5	3375	5261.5	8670	3682	4799	4016	8207.5	6895.5	2711.5	2023.5	3976.5	3521.5	1459	257	4904	3778.5	3609.5	4244	4060.5	79452	3972.6
ORTHO006892	AP2/B3-like transcriptional factor family protein	AT3G26790	10116;31328;31326;9889;19222;50789;65007;8150;31323;50794;31325;9893;48518;48522;9891;45828;45834;19216;80090;19747;10115;46890;10565;43455;1902930;46889;1902932;6355;1903506;2001141;51252;19219;51171;60255;10556;10468;2000112;9793;44702;22414;44699;3006;32502;9790;44767;48856;7275;44707;32501;48316;48608;61458;48731;9791;10154;5634;43231;43227;43226;5575;43229;44424;44464;5623;5622;3677;3676;1901363;5488;3674;97159;8284;42127;10373;51055;9890;9892;48519;45833;10371;31327;31324;48523;45827;6351;34645;44260;43170;71704;8152;44237;9987;9059;1901576;9058;44249;97659;32774;16070;90304;6139;46483;6725;1901360;34641;6807;44238;34654;19438;44271;18130;1901362;10467;10262;9733;9725;9719;50896;10033;42221;3700;1071	3946	3419.5	6098.5	8251	4356	6679.5	3129.5	7084	7831	1674	7886	8085	6316	6601.5	6867.5	7782	4870.5	4507	4864	7871	2108	6714	7729.5	3179.5	111779.5	5.588.975
ORTHO001435	anthranilate synthase 2	AT2G29690;AT3G55870;AT5G05730	5950;1902494;43234;32991;5575;44444;44424;44464;5623;5622;5737;9507;9536;43231;43227;43226;43229;162;6568;9072;6725;44237;8152;8150;9987;1901360;71704;6520;1901564;6807;19752;43436;6082;44281;44710;44699;44763;44238;1901605;6586;42430;46483;34641;6576;44106;9308;9073;19438;44249;9058;1901362;1901576;8652;46394;16053;44283;44711;1901566;46219;42435;44271;18130;42401;9309;1901607;4049;16833;16830;16829;3824;3674;9570;9532;44435;44446;44422;44434;10600;90354;32350;19222;50789;65007;31323;50794;46885;31326;9889;9851;42446;42445;10817;65008;9850;10311;9791;44767;32502;44707;32501;7275;48645;48646;9653;48856;9887;48513;48731;10102;10101;10015;48364;22622;9886;48528;48569;48527;9611;6950;50896;9617;51707;43207;9605;9607;51704;9723;9725;9719;10033;42221	3947	4845	2981.5	2016	2982.5	2170	4341	2614.5	3649	2257.5	5973.5	2729	5740	1800.5	4233.5	3976.5	3367.5	2199.5	3199	5126.5	3719.5	5603	4366	5601	72667	3633.35
ORTHO009103	Ribosomal protein L10 family protein	AT5G13510	9570;9532;44435;44444;44424;44464;5575;5623;5622;5737;44446;44422;43226;43229;9536;43231;43227;44434;9507;22626;44445;5829;5840;30529;32991;43232;43228;9941;9526;31967;31975;6412;43043;43604;43603;34641;6807;8152;8150;44237;9987;44271;44249;9058;6518;1901564;71704;1901566;1901576;44267;19538;43170;44238;44260;34645;9059;10467;3735;5198;3674;19843;3723;3676;1901363;5488;97159	3948	3759	4171	4394	4356	4561.5	1247	7084	1328.5	4146	2992.5	3775.5	1352	6764.5	7017.5	5325.5	5404	4887	5502	920	5988	7038.5	7946.5	3565	86845.5	4.342.275
ORTHO006221	centrin2	AT3G50360	5515;5488;3674;5509;46872;43169;43167;8150;5886;16020;5575;44464;5623;71944	3949	3188	2483	1017	4356	3188.5	2528	5957	2390.5	2799	2539	1732	4955.5	3815.5	3047.5	6712.5	1048	2199.5	552.5	6689.5	4519	2608	3339	2046	62666.5	3.133.325
ORTHO005378	cyclin-dependent kinase E	AT5G63610	4693;97472;4672;16301;16772;16740;3824;3674;8152;8150;16310;6796;6793;44237;9987;16773;6468;6464;36211;19538;43170;71704;44238;43412;44267;44260;51726;50794;50789;65007;4674;5634;43231;43227;43226;5575;43229;44424;44464;5623;5622;5515;5488;5524;35639;1901265;1901363;97159;43168;43167;32559;30554;17076;166;36094;32555;32553;97367;32550;32549;1882;1883;51301;44763;44699;8353	3950	4010	3394.5	2839	2097	1423	5486.5	6323	6584	2832.5	6070	6240	4617.5	3815.5	2396.5	6712.5	3493.5	2199.5	3233.5	3699	3870	2608	4668	1825	78097.5	3.904.875
ORTHO001620	pantothenate kinase 1	AT1G60440;AT4G32180	6085;71616;9108;51188;51186;44237;8152;8150;9987;44249;9058;6732;6637;35383;71704;6790;6793;35384;44272;1901576;6084;5524;35639;1901265;1901363;5488;3674;97159;43168;43167;32559;30554;17076;166;36094;32555;32553;97367;32550;32549;1882;1883;16310;6796;15937;34033;33866;1901293;90407;19637;6753;55086;6139;46483;6725;1901360;34641;6807;44238;44281;44710;44699;44763;34654;19438;44271;18130;1901362;44711;33865;34032;72521;1901564;72522;1901566;34030;33875;9152;9150;6163;9117;9259;19693;1901135;9260;46390;1901137;9165;6164;15936;46128;9119;9116;1901657;42278;46129;42451;9163;1901659;42455;4594;16301;16772;16740;3824;16773;5737;44424;44464;5575;5623;5622;5829;44444;5515	3951	6095	3071.5	2192	5346	436.5	8728.5	8296.5	4087	1674	7734.5	4309	4355	3497	4842.5	2080.5	3426.5	1360.5	3944	3949.5	3942	1613	4065	1487.5	73829	3691.45
ORTHO008643	transducin family protein / WD-40 repeat family protein	AT5G11240	8150;5634;43231;43227;43226;5575;43229;44424;44464;5623;5622;166;36094;5488;3674;1901265;1901363;97159	3952	3644	4096	4240	2097	113	2627.5	3021	3753	8063.5	4069.5	4724	6617.5	6971	7017.5	7782	8188.5	7471.5	2706	2156.5	670.5	4873	1594	3667.5	86087	4304.35
ORTHO004971	Microsomal signal peptidase 12 kDa subunit (SPC12)	AT4G40042	6465;16485;6508;19538;43170;71704;8152;8150;44238;51604;10467;6518;43603;34641;6807;44237;9987;1901564;44267;44260;16021;31224;44425;5575;16020;5787;98796;43234;32991;44432;44444;44424;44464;5623;5622;5737;44446;44422;43226;43229;5783;43231;43227;12505;1990234;1902494;5789;98588;31090;42175;8233;16787;3824;3674	3953	6609	2582.5	1212	5362.5	5211.5	5718	6428.5	5355.5	3135	3702.5	3872	4297.5	1321.5	4124.5	3023.5	3141.5	1260.5	4237	3377.5	2160.5	1026	2669.5	1078.5	65141	3257.05
ORTHO001306	WD40/YVTN repeat-like-containing domain	AT2G47410;AT5G49430	80008;31461;151;1990234;1902494;43234;32991;5575;44424;44464;5623;5622;5634;43231;43227;43226;43229;166;36094;5488;3674;1901265;1901363;97159	3954	4406	3990	4026	2982.5	1777	1595.5	7244.5	867	2170.5	804.5	2197	1352	3431.5	6007	3976.5	6648.5	4887	7742	8796	970	7259	8485	8749	84959.5	4.247.975
ORTHO000937_1	Plant invertase/pectin methylesterase inhibitor superfamily	AT3G43270;AT4G33220	42545;71555;45229;16043;71840;8150;9987;71554;9505;5618;30312;44464;5575;5623;71944;5576;45490;272;5976;5975;71704;8152;44238;43170;16052;1901575;9056;9057;45488;10393;30599;52689;16788;16787;3824;3674;46910;4857;30234;98772;50790;19222;50789;65007;65009;43086;44092;9892;48519;50829;42742;9617;51707;43207;9605;50896;9607;51704;98542;6952;6950	3955	1499	4756.5	5558	4356	8484	5944	1963.5	1753	4714	5873	5435.5	8605	5350.5	1040.5	1429.5	8250.5	7547.5	2000.5	3638.5	8350.5	6759.5	2047.5	3667.5	92854.5	4.642.725
ORTHO006763	RNA recognition motif (RRM)-containing protein	AT3G23900	46872;43169;43167;5488;3674;5634;43231;43227;43226;5575;43229;44424;44464;5623;5622;3676;1901363;97159;8150;166;36094;1901265;3723	3956	2768	4831.75	5707.5	4356	780	1274.5	7084	2804.5	6889	8487.5	6602.5	1352	8561.5	7129	5325.5	1048	7525.5	1889	2185	7786.5	6859.5	6624.5	3383	93591	4679.55
ORTHO006721	BEST Arabidopsis thaliana protein match is: Mitochondrial import inner membrane translocase subunit Tim17/Tim22/Tim23 family protein (TAIR:AT5G51150.1)	AT1G34630	8150;5634;43231;43227;43226;5575;43229;44424;44464;5623;5622;3674	3957	3432	5342	6727	2097	3511	6688	9144	1625	5439.5	2809.5	5150	4091	5445	892.5	6712.5	8801.5	8496.5	1989	2854.5	1584	8706	8853.5	6732.5	99525.5	4.976.275
ORTHO005344	Late embryogenesis abundant protein; group 2	AT2G44060	9735;9725;9719;50896;8150;10033;42221;5886;16020;5575;44464;5623;71944;5829;44444;44424;5622;5737;5794;43231;43227;43226;43229;12505;46686;10038;10035;3674;9269;9414;9415;9628;1101;1901700;6950;5634;9506;5911;30054;55044;9793;44702;22414;44699;3006;32502;9790;44767;48856;7275;44707;32501;48316;48608;61458;48731;9791;10154	3958	3100	2994.5	2031	2097	994.5	1881	6978.5	1328.5	3221	1623	743.5	1352	3408	5254.5	6712.5	4761	4253	4715	4392	6696	5059	6326.5	3103.5	72803	3640.15
ORTHO002874	Tetratricopeptide repeat (TPR)-like superfamily protein	AT3G57090	9507;9536;43231;43227;43226;5575;43229;44424;44464;5623;5622;44444;5737;5778;44439;44438;44446;44422;42579;5777;31903;98588;31090;16020;98805;5741;31966;44429;5739;5740;31967;31975;31968;19867;7005;6996;16043;71840;8150;9987;16559;48285;7031;5515;5488;3674;16021;31224;44425;266	3959	1899	5307.5	6656	1281	8030	2190	7372.5	8766	5186	1981	3108	1352	7636	8638.5	2476	5962.5	6085	1680.5	5038	5903.5	6759.5	6709	4291.5	99165.5	4.958.275
ORTHO007173	Protein of unknown function (DUF616)	AT5G46220	16757;16740;3824;3674;8152;8150;10118;44763;9987;44699;9507;9536;43231;43227;43226;5575;43229;44424;44464;5623;5622;44444;5737;71633;17040;16811;16810;16787;4553;16798;5794;12505;9860;44702;22414;904;902;32989;16043;71840;9653;32502;48856;48869;44767;48468;30154;3006;48588;48589;40007;16049;9932;9826;60560;48868;9856;44703;51704;44706;32501;1902456;10119;50794;50789;65007;90406;42995	3960	2886	2553.5	1147	2097	3168.5	7483.5	2647.5	2301	8168.5	3136.5	6344	3173	3815.5	1910.5	1606	3067	4595	1513	3830	1500	1132	3240.5	1696.5	64328.5	3.216.425
ORTHO004701	alpha/beta-Hydrolases superfamily protein	AT5G53050	8152;8150;16787;3824;3674;5737;44424;44464;5575;5623;5622	3961	3178	2861	1761	4356	3282	822.5	7372.5	3584	8398	804.5	6171.5	5740	4295.5	5034.5	6712.5	1618.5	7335.5	1612.5	1811	2072	464	330.5	3103.5	70565	3528.25
ORTHO004155	cobalt ion binding	AT3G15000	5515;5488;3674;9507;9536;43231;43227;43226;5575;43229;44424;44464;5623;5622;44444;5737;80156;16556;9451;16070;44260;43170;71704;8152;8150;44237;9987;90304;6139;46483;6725;1901360;34641;6807;44238;43412;16071;1900864;959;16554;16553;5739;50897;46914;46872;43169;43167	3962	5159	6179.5	8397	6100.5	5211.5	6651.5	7331	3366.5	3396	5269.5	7259.5	6895.5	8028.5	7582.5	7782	4135	8488	6897.5	2935	2392	7038.5	6467.5	6732.5	113860	5693
ORTHO008927	Ribosomal protein S5 family protein	AT2G33800	9534;31976;9579;44424;44464;5575;5623;5622;31984;44446;44422;43226;43229;43227;44435;44444;5737;9536;43231;44434;9507;9570;9532;46686;10038;10035;42221;50896;8150;5634;9409;9266;9628;6950;9535;55035;42651;34357;16020;44436;6412;43043;43604;43603;34641;6807;8152;44237;9987;44271;44249;9058;6518;1901564;71704;1901566;1901576;44267;19538;43170;44238;44260;34645;9059;10467;3735;5198;3674;19843;3723;3676;1901363;5488;97159;5840;30529;32991;43232;43228	3963	3784	6485.5	9008	4356	1885	4341	7762	8721	930.5	3426.5	8595.5	8306	8766.5	5856	7782	7364.5	7028	8485.5	9053	8264.5	8544.5	8775	5222.5	129109.5	6.455.475
ORTHO006726	Transducin family protein / WD-40 repeat family protein	AT5G16750	51301;44763;9987;8150;44699;9880;7389;44767;32502;44707;32501;7275;9790;48856;5730;44428;44446;44422;5575;43226;44424;44464;5623;5622;43229;5634;43231;43227;43232;43228;31981;70013;43233;31974;166;36094;5488;3674;1901265;1901363;97159;9793;44702;22414;3006;48316;48608;61458;48731;9791;10154	3964	2786	3237.5	2511	1812	9014	3430	563	1042.5	8168.5	2809.5	485	7031	7536	7258.5	7782	2581.5	1494	926	8691.5	1949.5	668	779	3920	76129.5	3.806.475
ORTHO003175	Translation initiation factor IF6	AT3G55620	42256;42255;70925;6996;16043;71840;8150;9987;22607;44085;22618;71826;43933;34622;65003;22613;42254;6413;44237;8152;6412;43043;43604;43603;34641;6807;44271;44249;9058;6518;1901564;71704;1901566;1901576;44267;19538;43170;44238;44260;34645;9059;10467;5730;44428;44446;44422;5575;43226;44424;44464;5623;5622;43229;5634;43231;43227;43232;43228;31981;70013;43233;31974;3743;8135;3723;3676;1901363;5488;3674;97159;9793;44702;22414;44699;3006;32502;9790;44767;48856;7275;44707;32501;48316;48608;61458;48731;9791;10154;43022;43021;44877;43023;42273;71215;9737;9725;9719;50896;10033;42221;33993;97305;1901700;1101;71396;71310;70887;51716;32870;71495;97306;1901701;71229;5829;44444;5737	3965	2935	3791.5	3618	4356	1227	6375	3534.5	9100	4839	4952.5	1810.5	1352	5508.5	551	1429.5	2569.5	9144	4485	3483.5	1673.5	9076.5	2776	8728	82615.5	4.130.775
ORTHO002121	Uncharacterised conserved protein UCP009193	AT4G09830	5634;43231;43227;43226;5575;43229;44424;44464;5623;5622;8150;3674	3966	5809	4360	4754	5328	5704	5370	3258.5	4865	3844.5	7999	6307.5	4492.5	7996	8471.5	2821	7443	3750.5	4607.5	4297.5	4023	1228	591	1696.5	88766.5	4.438.325
ORTHO008635	Ubiquitin-conjugating enzyme family protein	AT1G51730	5737;44424;44464;5575;5623;5622;8150	3967	3666	2773	1579	2097	961.5	1311	4133.5	1133	4901	4199.5	6213.5	4955.5	6389.5	6748	7782	965	4507	732	2156.5	2257	3609.5	3322	2575	68852	3442.6
ORTHO005505	Pollen Ole e 1 allergen and extensin family protein	AT2G34700	8150;5576;5575;3674	3968	5011	4775	5582	2982.5	1423	3863.5	5698.5	6823.5	6966.5	5973.5	8051	5740	1800.5	4233.5	6712.5	831.5	3121	3199	6274.5	5637	5603	5407	5601	92960	4648
ORTHO003291	20S proteasome beta subunit G1	AT1G56450	9651;6970;9628;50896;8150;6950;4175;70011;8233;16787;3824;3674;8152;6508;19538;43170;71704;44238;43161;10498;51603;44257;30163;9057;1901575;9056;44265;44260;44237;9987;44248;44267;6511;19941;43632;22626;44445;44444;44424;44464;5575;5623;5622;5737;5829;5840;30529;32991;43232;43228;43226;43229;10499;5839;43234;502;46686;10038;10035;42221	3969	5101	6292	8615	2982.5	1777	8876	6978.5	1545.5	3564.5	7999	4421	3918	8316	7999	6712.5	7214.5	5518	8098.5	4169.5	8153	7725	7611.5	7453	118050	5902.5
ORTHO005044	sister chromatid cohesion 1 protein 4	AT5G16270	7062;51276;6996;16043;71840;8150;9987;22402;44763;44699;7049;1902589;819;98813;7059;775;98687;44427;44446;44422;5575;43226;44424;44464;5623;5622;43229;5694;43232;43228;6302;6281;6259;44260;43170;71704;8152;44237;90304;6139;46483;6725;1901360;34641;6807;44238;6974;33554;51716;50896;6950;44710;70601;3674;5634;43231;43227;228;44428;31981;70013;43233;31974	3970	2268	5727.5	7485	1689.5	2170	6325.5	8102.5	6712.5	6381.5	4016	6518	8446	5500	960	6712.5	8662	7295.5	8121	662	1475.5	7683.5	2683	6379.5	104806.5	5.240.325
ORTHO005314	cell division cycle protein 48-related / CDC48-related	AT1G05910	5524;35639;1901265;1901363;5488;3674;97159;43168;43167;32559;30554;17076;166;36094;32555;32553;97367;32550;32549;1882;1883;5634;43231;43227;43226;5575;43229;44424;44464;5623;5622	3971	2942	4372.5	4774	2097	1658.5	3129.5	1640.5	2367.5	6440	3136.5	5053	6513.5	6764.5	7017.5	2476	8163	5824	4795.5	4527	5839	5059	4927.5	3565	88897	4444.85
ORTHO004287	SWIB/MDM2 domain superfamily protein	AT1G31760;AT2G35605;AT3G03590	5634;43231;43227;43226;5575;43229;44424;44464;5623;5622;8150;3674	3972	5262	4875	5778	2982.5	2005.5	8400	5698.5	1042.5	3601	6543	3422.5	6071.5	1800.5	5034.5	3976.5	5864.5	3949	6700.5	5606	6180.5	6027.5	6040	6057.5	94021.5	4.701.075
ORTHO006112	unknown protein	AT4G02090	3674;5634;43231;43227;43226;5575;43229;44424;44464;5623;5622	3973	5592	2045	117	2982.5	838.5	333.5	705.5	4253	7916.5	241.5	7684	4029	138	136.5	3232.5	2857.5	398	2241.5	794.5	124	357.5	1386	571.5	38239	1911.95
ORTHO004738	unknown protein	AT1G65295	5576;5575	3974	3196	3714.5	3455	2097	1658.5	1294.5	2614.5	1839.5	7539	3136.5	4239	6316	6601.5	6867.5	7782	1155.5	4507	4864	2805.5	2172.5	6612.5	6538.5	3179.5	81723.5	4.086.175
ORTHO006533	Sec14p-like phosphatidylinositol transfer family protein	AT1G75170	5215;3674;6810;51234;51179;8150;5886;16020;5575;44464;5623;71944	3975	7465	2164.5	354	8202.5	3684	6922.5	3652.5	3813	8006.5	5047	1708.5	3459.5	138	136.5	3099	2519.5	168.5	1567	2455	2343	129	143	204.5	49196.5	2.459.825
ORTHO005213	unknown protein	AT2G35260;AT4G17840	16020;5575;9507;9536;43231;43227;43226;43229;44424;44464;5623;5622;44444;5737;3674;8150	3976	4342	4649.5	5323	5938.5	6382	2414	6573	7046.5	930.5	6763.5	1198.5	6617.5	3815.5	5034.5	6712.5	3836.5	3121	3691	6754	4668.5	3609.5	5902.5	6553	91624	4581.2
ORTHO006670	DNA repair and meiosis protein (Mre11)	AT5G54260	4722;4721;16791;42578;16788;16787;3824;3674;8152;8150;16311;6796;6793;44237;9987;6470;6464;36211;19538;43170;71704;44238;43412;44267;44260;795;44454;44427;44446;44422;5575;43226;44424;44464;5623;5622;43229;5694;43232;43228;44428;5634;43231;43227;228;31981;70013;43233;31974;794;793;51321;7049;44763;44699;3;5515;5488;785;32991;791	3977	4251	5256.5	6536	2982.5	1729.5	1519.5	8931.5	3875	7125	4410	1198.5	5740	6455	7667.5	7782	4346.5	6896	4864	2986	2294	6429	7156	7028	98433	4921.65
ORTHO007499	F-box family protein	AT4G35930	3674;8150;5634;43231;43227;43226;5575;43229;44424;44464;5623;5622	3978	2427	5712	7446	4356	3141.5	3224.5	864	8392	7350.5	2402	5295.5	7963	8715.5	6504.5	7782	1618.5	6854.5	4663	5519.5	5903.5	7814.5	8026.5	2485	104520	5226
ORTHO006372	Glycosyl hydrolases family 31  protein	AT5G63840	5576;5575;9826;902;32989;16043;71840;8150;9987;9653;32502;48856;48869;44767;44699;44763;60560;48589;40007;16049;33919;90600;90599;15926;4553;16798;16787;3824;3674;8152;30246;5488;5783;43231;43227;43226;43229;44424;44464;5623;5622;44444;5737;12505;42742;9617;51707;43207;9605;50896;9607;51704;98542;6952;6950;46686;10038;10035;42221;9507;9536;30244;51274;9250;33692;271;5976;5975;71704;44238;43170;16051;44723;44710;1901576;9058;44711;9059;34637;44262;44237;44249;44264;44260;34645;6073;44042;51273;30243	3979	2214	2528	1077	1689.5	1089	5504	4133.5	1753	3637.5	1810	907	6397.5	4486	6054.5	1830	7897.5	5221.5	3904.5	3396.5	569	1068	910.5	2850	63419.5	3.170.975
ORTHO000318_3	non-specific phospholipase C1	AT1G07230	16788;16787;3824;3674;8152;8150;5886;16020;5575;44464;5623;71944;5576	3980	4832	4473.5	4967	2982.5	4434.5	2328.5	6573	8997	3464	6763.5	1198.5	6617.5	1800.5	5254.5	3976.5	3958.5	3121	3730.5	6754	4668.5	3754	5902.5	6553	89850	4492.5
ORTHO002455	F-box family protein	AT4G00755	5634;43231;43227;43226;5575;43229;44424;44464;5623;5622;8150;3674	3981	5211	4321	4661	6194	1089	2414	6831.5	7831	2170.5	865	2937.5	1352	2711.5	5596.5	6712.5	4870.5	4253	7831	7986	864.5	7087	7554.5	7266.5	88224	4411.2
ORTHO006911	unknown protein	AT1G67170	9908;90567;48608;3006;32502;8150;22414;48856;61458;48731;7275;44767;44699;44707;32501;44702;9791;48367;3674;30154;48869;44763;9987	3982	4952	3211	2440	5938.5	1554	3025	5568.5	3019	5825	5902	4239	5740	1800.5	3936.5	6712.5	3589	2199.5	3149.5	6064.5	3621.5	2061	2757.5	4898	75662.5	3.783.125
ORTHO000949_1	DNAse I-like superfamily protein	AT5G04980	16787;3824;3674;8152;8150;46856;46839;30258;44255;6629;71704;44710;44699;44238;44763;9987;44237;16311;6796;6793;46488;6650;6644;19637;46486;5737;44424;44464;5575;5623;5622	3983	6993	2609	1235	6194	3788.5	6617	4424	3198	8934.5	4391	7055.5	6227	1321.5	1040.5	3976.5	2878.5	2558	1031	3331	60	362	195	3984	65373.5	3.268.675
ORTHO000923_1	6-phosphogluconate dehydrogenase family protein	AT1G64190;AT5G41670	9651;6970;9628;50896;8150;6950;50661;50662;48037;5488;3674;166;36094;1901265;1901363;97159;9536;43231;43227;43226;5575;43229;44424;44464;5623;5622;44444;5737;5829;55114;44710;8152;44699;9570;9532;44435;44446;44422;44434;9507;16020;19521;19520;44723;5975;71704;44238;44262;44237;9987;32787;19752;43436;6082;44281;44763;6098;51156;19637;6793;1901135;6796;6739;46496;19362;6733;6732;51186;9117;6753;55086;6139;46483;6725;1901360;34641;6807;72524;1901564;19682;6081;19693;4616;16616;16614;16491;3824;46686;10038;10035;42221;9506;5911;30054;55044;9749;9746;34284;9743;10033;1901700;5739;9750;9744;34285	3984	5187	2023.5	63	5307.5	3859	6745.5	1604.5	3392	7125	865	653	3784.5	138	136.5	1239.5	226.5	153	1389	1208	104	193	251.5	67	33134.5	1.656.725
ORTHO007189	PETER PAN-like protein	AT5G61770	5634;43231;43227;43226;5575;43229;44424;44464;5623;5622	3985	2808	4199	4413	1812	8708	1311	2044	8178.5	6480	3948.5	8078.5	4001	6347.5	4842.5	2080.5	5329.5	4326.5	1164.5	662	4103	8566.5	6040	725.5	86937.5	4.346.875
ORTHO000825	chromatin remodeling factor CHD3 (PICKLE)	AT2G25170;AT4G31900;AT5G44800	5634;43231;43227;43226;5575;43229;44424;44464;5623;5622;9736;9755;7165;50794;50789;65007;8150;51716;9987;50896;7154;44763;44699;44700;23052;32870;9725;9719;10033;42221;71495;71310;70887;71368;9735;9788;9968;9966;10646;48583;23051;48585;48519;10648;48523;23057;1901420;1901419;9787;48364;44767;32502;48513;48856;48731;7275;44707;32501;22622;9739;33993;1101;1901700;2000023;2000069;48580;2000026;50793;51239;2000280;16887;17111;16462;16818;16817;16787;3824;3674;8152;8270;46914;46872;43169;43167;5488;8283;16568;6325;43933;16043;71840;51276;6996;5524;35639;1901265;1901363;97159;43168;32559;30554;17076;166;36094;32555;32553;97367;32550;32549;1882;1883;3678;4386;32508;32392;71103;45892;1903507;1903506;2001141;31326;9889;19222;31323;51252;19219;80090;51171;60255;10556;1902679;51253;10605;9892;45934;51172;31324;31327;9890;10558;10629;10468;6355;2000112;2000113;3677;3676;9733;3682;44877;6333;9506;5911;30054;55044	3986	4131	6083	8180	1551	7116	4872.5	3258.5	8900	6966.5	5836	8804.5	8519	5613	1016	2914	8163	7597	8380.5	8818.5	3778.5	7087	1263	2091	110994.5	5.549.725
ORTHO007035	Acyl-CoA N-acyltransferases (NAT) superfamily protein	AT1G03150	8080;16410;16747;16746;16740;3824;3674;8152;8150;16407	3987	3341	3571	3155	2097	9122	6395	676	4087	8934.5	4952.5	5823	1352	5849.5	1184.5	6712.5	1697.5	7846	2587	2935	2237	1277	1767.5	4586.5	80022	4001.1
ORTHO007956	unknown protein	AT5G52370	9507;9536;43231;43227;43226;5575;43229;44424;44464;5623;5622;44444;5737;8150;3674	3988	5207	5451.25	6914.5	6194	2501	6506	5213.5	3584	8319	4474.5	3108	6731.5	8072	7582.5	6712.5	2170	7776.5	7950	2610.5	3045	5603	1802.5	7028	100790	5039.5
ORTHO004416	LETM1-like protein	AT3G11560;AT5G06220	5739;43231;43227;43226;5575;43229;44424;44464;5623;5622;44444;5737;9507;9536;9941;9526;31967;31975;44446;44422;44435;44434;3674;8150	3989	5998	6494.5	9000	6664	7853.5	4698	8366.5	8467	6687	3749	6240	4126	5581	960	3976.5	7679.5	7181.5	8821.5	9083.5	8738	8861	8896.5	8780.5	128746.5	6.437.325
ORTHO004659	ZCF37	AT1G59590	5739;43231;43227;43226;5575;43229;44424;44464;5623;5622;44444;5737	3990	6801	5533	7076	7662	5904	3863.5	9066.5	4953	4106	7199	2467.5	7963	2711.5	3936.5	3976.5	5561	3121	6531	7012	6908	5603	5407	5601	101891	5094.55
ORTHO007957	Haloacid dehalogenase-like hydrolase (HAD) superfamily protein	AT2G32150	16787;3824;3674;8152;8150	3991	4183	5537.25	7083.5	5121	3368	6117.5	8816.5	4209	7916.5	4485.5	679.5	7189	7343.5	7304.5	7782	7177	8815	2136.5	2534.5	2836.5	6895.5	2239	4117.5	101963	5098.15
ORTHO003479	RNA polymerase I specific transcription initiation factor RRN3 protein	AT1G30590;AT2G34750;AT2G39240	3743;8135;3723;3676;1901363;5488;3674;97159;6412;43043;43604;43603;34641;6807;8152;8150;44237;9987;44271;44249;9058;6518;1901564;71704;1901566;1901576;44267;19538;43170;44238;44260;34645;9059;10467;6413;5634;43231;43227;43226;5575;43229;44424;44464;5623;5622;6360;6351;97659;32774;16070;90304;6139;46483;6725;1901360;34654;19438;18130;1901362	3992	4427	6322	8652	5938.5	3531	2328.5	7331	7978	1893	8404	3218	7189	7101	8359	7782	6692.5	5720	335.5	8796	7709	7683.5	8485	8403	118939	5946.95
ORTHO005663	Galactose mutarotase-like superfamily protein	AT3G17940	6012;19318;5996;44723;5975;71704;8152;8150;44238;44710;44699;44281;48046;5576;5575;30246;5488;3674;5737;44424;44464;5623;5622;5829;44444;4034;16857;16854;16853;3824	3993	4367	2034.5	76	5938.5	755.5	1577.5	1013.5	4287	8535.5	397.5	1954	1352	138	136.5	3183	2698	261.5	1164.5	2935	2264.5	371.5	1121.5	481.5	34628	1731.4
ORTHO005273	RAS associated with diabetes protein 51	AT5G20850	45003;724;725;6281;6259;44260;43170;71704;8152;8150;44237;9987;90304;6139;46483;6725;1901360;34641;6807;44238;6974;33554;51716;50896;6950;44763;44699;44710;6310;6302;794;228;44428;44446;44422;5575;43226;44424;44464;5623;5622;43229;5634;43231;43227;5694;43232;43228;31981;70013;43233;31974;793;7131;35825;1903046;22402;7049;51321;3;7127;7126;280;48285;6996;16043;71840;1902589;6355;1903506;2001141;31326;9889;19222;50789;65007;31323;50794;51252;19219;80090;51171;60255;10556;10468;2000112;5515;5488;3674;730;65004;71824;43933;34622;65003;22607;44085;70192;51276;150;3824;8094;42623;16887;17111;16462;16818;16817;16787;5654;10332;10212;9314;9628;3684;3677;3676;1901363;97159;4520;4536;4518;16788;90305;4519;3690;43566;3697;42148;400;217;6312	3994	2410	4929.5	5865	1689.5	2214.5	1330.5	1289.5	7831	7377.5	5020.5	5295.5	1352	5425.5	1168.5	1606	7378	8979	8915.5	2688	8738	7992	3001.5	6949.5	94552.5	4.727.625
ORTHO002293	transducin family protein / WD-40 repeat family protein	AT5G08560	166;36094;5488;3674;1901265;1901363;97159;5737;44424;44464;5575;5623;5622	3995	5507	3602.5	3210	5328	5684	4528.5	6428.5	1625	7441.5	7199	7861	4259.5	3497	5969	3023.5	3322.5	1360.5	3616	4727.5	3719.5	1358.5	3967	757.5	80345.5	4.017.275
ORTHO002084	Galactosyl transferase GMA12/MNN10 family protein	AT2G22900;AT4G37690	10192;10191;44237;8152;8150;9987;44249;9058;10214;3006;32502;22414;48856;48316;48608;61458;48731;7275;44767;44699;44707;32501;44702;9791;10154;8378;16758;16757;16740;3824;3674;5768;43231;43227;43226;5575;43229;44424;44464;5623;5622;44444;5737;12505;5794;5802;98791;44431;44446;44422;31984;10392;6080;5976;5975;71704;44238;43170	3996	6055	4812	5628	2982.5	3406.5	5395	3136.5	4705.5	8319	6343	7312.5	5467.5	7699.5	7349.5	5325.5	8003	3121	528	5160	2189	3453.5	1991	4291.5	93197	4659.85
ORTHO005639	BEST Arabidopsis thaliana protein match is: CW-type Zinc Finger (TAIR:AT3G62900.1)	AT1G02990;AT1G03000	8150;3674;5634;43231;43227;43226;5575;43229;44424;44464;5623;5622;16558;6625;6605;6886;15031;45184;51234;51179;8104;33036;71702;6810;46907;51649;51641;34613;70727;1902582;44765;1902578;44699;72662;1902580;7031;6996;16043;71840;9987;33365;1902589;44763;16482;72663;72594;43574;44743;17038;65002;71806;55085;9507;9536;44444;5737;6635;9062;44242;16042;44712;9056;8152;44710;6629;71704;44238;1901575;44255;44237;44248;72329;46395;16054;44282;44281;6082;19752;43436;32787;6631;19395;34440;30258;55114;5524;35639;1901265;1901363;5488;97159;43168;43167;32559;30554;17076;166;36094;32555;32553;97367;32550;32549;1882;1883;5515;16887;17111;16462;16818;16817;16787;3824	3997	2975	2742.5	1488	4356	4344.5	3628.5	4065.5	4953	1842.5	8566	4059.5	4738	3815.5	2702.5	1606	3682	2199.5	3233.5	3899.5	4103	1277	3438.5	1958.5	68113	3405.65
ORTHO001220_1	ubiquitin protein ligase 6	AT3G17205;AT5G49930	16567;32446;70647;6464;36211;19538;43170;71704;8152;8150;44238;43412;44267;44260;44237;9987;4842;19787;16740;3824;3674;5634;43231;43227;43226;5575;43229;44424;44464;5623;5622;151;1990234;1902494;43234;32991;42787;6511;19941;51603;6508;44257;30163;9057;1901575;9056;44265;44248;43632;61630;61659;3676;1901363;5488;97159;8270;46914;46872;43169;43167;9793;44702;22414;44699;3006;32502;9790;44767;48856;7275;44707;32501;48316;48608;61458;48731;9791;10154	3998	2242	2546.5	1095	4356	4519	859	1204.5	635	6621	1810	2131	3746.5	4415.5	6007	6712.5	3448	5056.5	3730.5	461.5	3870	1827.5	3918.5	2699.5	63673	3183.65
ORTHO007440	Protein of unknown function (DUF1350)	AT5G47860	9507;9536;43231;43227;43226;5575;43229;44424;44464;5623;5622;44444;5737	3999	3156	4113.5	4228	4356	3102.5	1500	1709	7325.5	4898	3639.5	8014	3557.5	6475	6867.5	7782	8408	3949	216	518	1193	6429	7156	3289.5	86029	4301.45
ORTHO006029	methyl-CPG-binding domain protein 02	AT5G35330	5634;43231;43227;43226;5575;43229;44424;44464;5623;5622;19899;5515;5488;3674;8327;43565;3677;3676;1901363;97159;166;36094;1901265;6346;6342;45814;10629;10605;9892;48519;50789;65007;8150;19222;60255;10468;40029;45892;1903507;1903506;2001141;31326;9889;31323;50794;51252;19219;80090;51171;10556;1902679;51253;45934;51172;31324;48523;31327;9890;10558;6355;2000112;2000113;16458;44763;9987;44699;16569;16568;6325;43933;16043;71840;51276;6996;1902589;122;6357	4000	3981	4909.5	5819	4356	2260.5	5486.5	3713.5	1691	7247	4551	6947.5	1352	5564	1109.5	6712.5	7469	8695	8720.5	6322.5	2737	6576.5	2191.5	4972	94319	4715.95
ORTHO003012	Nucleic acid-binding; OB-fold-like protein	AT2G04520	6413;44237;8152;8150;9987;6412;43043;43604;43603;34641;6807;44271;44249;9058;6518;1901564;71704;1901566;1901576;44267;19538;43170;44238;44260;34645;9059;10467;3743;8135;3723;3676;1901363;5488;3674;97159;5634;43231;43227;43226;5575;43229;44424;44464;5623;5622;5829;44444;5737	4001	5521	4230.5	4460	5328	4530.5	5770.5	8857	5028	8934.5	3526	7553.5	1352	7600	7939.5	2914	7758	5056.5	2493.5	3396.5	2474.5	750	616	586.5	87137	4356.85
ORTHO007628	Protein kinase superfamily protein	AT3G09010	16301;16772;16740;3824;3674;8152;8150;16310;6796;6793;44237;9987;46777;6468;6464;36211;19538;43170;71704;44238;43412;44267;44260;4674;4672;16773;5886;16020;5575;44464;5623;71944	4002	4987	6332	8662	5938.5	4633.5	5345.5	7192	5754	1462	8095	3422.5	7498	8316	7999	5325.5	7267.5	4887	5502	5519.5	8350.5	7087	7946.5	7543.5	119146.5	5.957.325
ORTHO006116	Integrase-type DNA-binding superfamily protein	AT3G57600	45893;10628;10604;9893;48518;50789;65007;8150;19222;60255;10468;1903508;1903506;2001141;31326;9889;31323;50794;51252;19219;80090;51171;10556;1902680;51254;45935;31325;48522;51173;31328;9891;10557;6355;2000112;44212;975;3677;3676;1901363;5488;3674;97159;1067;5634;43231;43227;43226;5575;43229;44424;44464;5623;5622;3700;1071;6950;50896;43565	4003	4386	3436	2869	5938.5	5211.5	2881	1709	5071	6687	3702.5	2255.5	6071.5	3815.5	4462	3976.5	3589	2558	6185.5	6322.5	293.5	2923.5	4790	5806	78311	3915.55
ORTHO007857	Protein of unknown function (DUF567)	AT2G05910	31969;42170;31090;16020;5575;44422;43226;43227;44435;44444;44424;44464;5623;5622;5737;44446;43229;9536;43231;9526;31967;31975;44434;9507;9941;43157;9651;6970;9628;50896;8150;6950;9723;9725;9719;10033;42221;10207;43623;6461;65003;43933;16043;71840;9987;22607;44085;71822;70271;34622;19684;6091;44237;8152;15979;10027;9668;44802;61024;44763;44699;9657;6996;7275;44767;32502;44707;32501;9658;9959;9630;9606;9605;9629;48564;4222;4175;70011;8233;16787;3824;3674;6508;19538;43170;71704;44238;8237;16021;31224;44425;60359;1901698;9416;9314	4004	1931	4596.5	5189	1281	4675.5	6820.5	4274	1328.5	1842.5	2992.5	6171.5	7377.5	7387.5	8276	7782	7922.5	5886.5	4914	3699	4445	1985	1322	1858	90960	4548
ORTHO001547	Ribosomal protein L1p/L10e family	AT1G08360;AT2G27530;AT5G22440	6412;43043;43604;43603;34641;6807;8152;8150;44237;9987;44271;44249;9058;6518;1901564;71704;1901566;1901576;44267;19538;43170;44238;44260;34645;9059;10467;3735;5198;3674;22625;15934;44391;30529;32991;5575;44424;44464;5623;5622;44444;5737;44446;44422;43226;43229;5840;43232;43228;44445;5829;22626;5886;16020;71944;9506;5911;30054;55044;3723;3676;1901363;5488;97159;48569;44767;32502;44699;48513;48856;48731;7275;44707;32501;9507;9536;43231;43227;9955;3002;7389;5730;44428;5634;31981;70013;43233;31974	4005	6275	2911	1817	5238	5684	5362.5	2985.5	4142	7274.5	5380	2160	4355	1254	5969	2080.5	5561	1360.5	3616	3699	3719.5	1358.5	3867.5	1311	71140	3557
ORTHO003492	pre-mRNA processing ribonucleoprotein binding region-containing protein	AT1G60170	6346;6342;45814;10629;10605;9892;48519;50789;65007;8150;19222;60255;10468;40029;45892;1903507;1903506;2001141;31326;9889;31323;50794;51252;19219;80090;51171;10556;1902679;51253;45934;51172;31324;48523;31327;9890;10558;6355;2000112;2000113;16458;44763;9987;44699;16569;16568;6325;43933;16043;71840;51276;6996;1902589;71011;5681;44428;44446;44422;5575;43226;44424;44464;5623;5622;43229;5634;43231;43227;30529;32991;5690;97525;30532;8380;6396;16070;44260;43170;71704;8152;44237;90304;6139;46483;6725;1901360;34641;6807;44238;10467;70417;9409;9266;9628;50896;6950;33554;51716;97526;9793;44702;22414;3006;32502;9790;44767;48856;7275;44707;32501;48316;48608;61458;48731;9791;10154;9845;90351;5515;5488;3674;398;6397;16071;377;375;5687	4006	2996	3839.5	3673	2097	1658.5	6075.5	3467	4100	763	1082.5	743.5	1352	6764.5	7017.5	2476	5561	7335.5	7398	3600	7489.5	7183	5171.5	3635.5	82874	4143.7
ORTHO007280	Ubiquitin-like superfamily protein	AT4G01000	3674;9507;9536;43231;43227;43226;5575;43229;44424;44464;5623;5622;44444;5737	4007	4304	3877.5	3748	2982.5	5580	3513	6428.5	4953	5910.5	6343	2086	4738	3815.5	4705.5	3976.5	737	2199.5	3385	6467.5	4103	3111.5	5171.5	6057.5	83282	4164.1
ORTHO007314	C2H2-like zinc finger protein	AT1G13290	6355;1903506;2001141;31326;9889;19222;50789;65007;8150;31323;50794;51252;19219;80090;51171;60255;10556;10468;2000112;6351;34645;44260;43170;71704;8152;44237;9987;9059;1901576;9058;44249;97659;32774;16070;90304;6139;46483;6725;1901360;34641;6807;44238;34654;19438;44271;18130;1901362;10467;5634;43231;43227;43226;5575;43229;44424;44464;5623;5622;3676;1901363;5488;3674;97159;10588;10051;3002;7389;44767;32502;44699;44707;32501;7275;48826;44702;22414;3006;48598;9653;48856;9790;9965;9887;48513;48731;48366;48827;48367;10016;9886;9791;48825;9793;48316;48608;61458;10154;10305;3700;1071;46872;43169;43167;10087;9888;48364;22622	4008	3514	4622	5236	4356	3466.5	1093.5	7192	8838.5	7035	4541.5	3034.5	6617.5	6971	7129	7782	2213.5	8318	2122.5	1747	2686	5059	1594	3721	91162	4558.1
ORTHO002978	heat shock transcription factor  C1	AT3G24520	9408;9266;9628;50896;8150;6950;3700;1071;3674;2001141;31326;9889;19222;50789;65007;31323;50794;51252;19219;80090;51171;60255;10556;6355;1903506;10468;2000112;3677;3676;1901363;5488;97159;5634;43231;43227;43226;5575;43229;44424;44464;5623;5622;43565;6351;34645;44260;43170;71704;8152;44237;9987;9059;1901576;9058;44249;97659;32774;16070;90304;6139;46483;6725;1901360;34641;6807;44238;34654;19438;44271;18130;1901362;10467	4009	6724	3536	3063	7662	4162	6771	4462	2701	7485	5726.5	7144.5	6731.5	2711.5	1910.5	3976.5	3448	1921.5	4016	1070.5	4445	2677	4178	3984	79522	3976.1
ORTHO006931	Ribosomal L28 family	AT4G31460	5762;44429;44444;44424;44464;5575;5623;5622;5737;44446;44422;43226;43229;5739;43231;43227;315;15934;44391;30529;32991;5840;43232;43228;313;5761;5759;70013;43233;31974;3735;5198;3674;6412;43043;43604;43603;34641;6807;8152;8150;44237;9987;44271;44249;9058;6518;1901564;71704;1901566;1901576;44267;19538;43170;44238;44260;34645;9059;10467;44822;3723;3676;1901363;5488;97159	4010	5178	4397	4784	6194	5621	7463	2460.5	1994.5	8934.5	2539	3422.5	6071.5	2711.5	5034.5	3976.5	8779.5	3949	6700.5	1509.5	6810.5	3609.5	1386	5957	88930.5	4.446.525
ORTHO004486	binding	AT2G39260	5737;44424;44464;5575;5623;5622;5730;44428;44446;44422;43226;43229;5634;43231;43227;43232;43228;31981;70013;43233;31974;48471;44444;6412;43043;43604;43603;34641;6807;8152;8150;44237;9987;44271;44249;9058;6518;1901564;71704;1901566;1901576;44267;19538;43170;44238;44260;34645;9059;10467;3723;3676;1901363;5488;3674;97159	4011	4372	2072.5	134	2982.5	3885	1519.5	705.5	4188.5	2472.5	5162	1323.5	3986.5	138	136.5	3232.5	2824	286	1311	3331	2448.5	311	1322	549.5	39133	1956.65
ORTHO004864	hydroxyproline-rich glycoprotein family protein	AT1G79730	9908;90567;48608;3006;32502;8150;22414;48856;61458;48731;7275;44767;44699;44707;32501;44702;9791;48367;5634;43231;43227;43226;5575;43229;44424;44464;5623;5622;16593;8023;44451;44428;44446;44422;5654;31981;70013;43233;31974;43234;32991;16591;55029;428;30880;61695;1990234;1902494;6368;6354;32774;9059;43170;71704;8152;1901576;9058;16070;44260;44237;9987;90304;6139;46483;6725;1901360;34641;6807;44238;34654;19438;44249;44271;18130;1901362;6351;34645;97659;10467;6366;16571;6479;43414;32259;43412;8213;6464;36211;19538;44267;16570;16569;16568;6325;43933;16043;71840;51276;6996;1902589;44763;44710;3674;9910;48581;48580;2000026;50793;50789;65007;51239;51241;48519;51093;2000242;2000241;9909;48831	4012	2555	4826	5640	4356	1423	2155	1912	597.5	698.5	5520.5	1198.5	7377.5	7536	7432.5	7782	6027	6330	6785	5337	6431	6791.5	7048.5	4898	93281	4664.05
ORTHO007801	Nucleotide-diphospho-sugar transferases superfamily protein	AT1G20575	4582;30;16758;16757;16740;3824;3674;8152;8150;97502;70085;44723;5975;71704;44238;44710;44699;4686;4683;4674;4672;16301;16772;16310;6796;6793;44237;9987;16773;6468;6464;36211;19538;43170;43412;44267;44260;5783;43231;43227;43226;5575;43229;44424;44464;5623;5622;44444;5737;12505;60359;1901698;42221;50896;5886;16020;71944;33185;31501;1990234;1902494;43234;32991;6486;44763;43413;9101;9100;1901135;34645;9059;1901576;9058;44249;1901137	4013	3739	3117	2221	4356	6966	2528	6741	6225	1800	1810	998	1352	3815.5	3265	6712.5	400	3750.5	4165.5	4131	5061.5	4780.5	6854	2699.5	74055.5	3.702.775
ORTHO009373	Ribosomal protein S13/S18 family	AT5G14320	9941;9526;31967;31975;44464;5575;5623;44446;44422;43226;44424;5622;43229;43227;44435;44444;5737;9536;43231;44434;9507;19843;3723;3676;1901363;5488;3674;97159;5840;30529;32991;43232;43228;6412;43043;43604;43603;34641;6807;8152;8150;44237;9987;44271;44249;9058;6518;1901564;71704;1901566;1901576;44267;19538;43170;44238;44260;34645;9059;10467;42254;22613;44085;71840;9570;9532;3735;5198;15935;44391	4014	4484	6320	8626	5938.5	1594	7714.5	2185	1042.5	3122	8314	8330	8094	8456.5	8203.5	7782	630	5368	7398	8632.5	7386	7567	8405	8062	118286.5	5.914.325
ORTHO003961	GRAM domain family protein	AT5G13200	10029;1900140;48580;2000026;50793;50789;65007;8150;51239;98755;10231;10162;44767;32502;44699;44702;22414;48609;32504;3;32501;3006;44707;22611;10431;21700;48316;48608;48856;61458;48731;7275;9791;10154;97437;9737;9725;9719;50896;10033;42221;33993;97305;1901700;1101;5737;44424;44464;5575;5623;5622;9793;9790;9845;90351;3674	4015	5983	4018.5	4022	6664	1959	5187.5	2460.5	4452.5	2405	2402	3422.5	6227	1800.5	5034.5	3976.5	6027	3949	6056.5	5337	6696	5789.5	5021	6732.5	84936	4246.8
ORTHO007276	ZIP metal ion transporter family	AT2G30080	71577;98662;98660;34220;6811;44765;6810;51234;51179;8150;1902578;44699;55085;44763;9987;98655;6812;6829;41;30001;70838;72511;5385;72509;22890;8324;15075;22891;22857;5215;3674;22892;46915;46873;5886;16020;5575;44464;5623;71944;9624;51707;43207;9605;50896;9607;51704	4016	4899	3611.5	3207	2982.5	8787	4948.5	4133.5	4405.5	8934.5	4622	6701	1352	3431.5	1812.5	6712.5	3152.5	4253	2851	4331	1547	1566.5	3383	3401.5	80326	4016.3
ORTHO007111	Protein of unknown function (DUF1068)	AT2G24290;AT4G30996	3674;8150;5768;43231;43227;43226;5575;43229;44424;44464;5623;5622;44444;5737;12505;5802;98791;44431;44446;44422;5794;31984;42538;9651;6970;9628;50896;6950;6972;43182;43181;51651;44763;9987;44699;51235;51179;65008;65007;1902578;51641;6883;6875;55065;98771;50801;48878;42592;55080;30003;6873;55082;19725;55078;55067;30004;5783	4017	6302	4849	5681	7245.5	3684	776.5	8681.5	3083	8934.5	5141	790	9016.5	6542.5	5661	3976.5	9077.5	8340	3473	2185	321.5	9078	2991.5	1735.5	93489	4674.45
ORTHO003055	RNA polymerases N / 8 kDa subunit	AT1G11475;AT1G61700	419;55029;44428;44446;44422;5575;43226;44424;44464;5623;5622;43229;5634;43231;43227;428;30880;61695;1990234;1902494;43234;32991;5665;44451;5654;31981;70013;43233;31974;16591;418;6351;34645;44260;43170;71704;8152;8150;44237;9987;9059;1901576;9058;44249;97659;32774;16070;90304;6139;46483;6725;1901360;34641;6807;44238;34654;19438;44271;18130;1901362;10467;3899;34062;16779;16772;16740;3824;3674;8270;46914;46872;43169;43167;5488	4018	7194	3536.5	3055	5439	5621	4528.5	8486	4586.5	5953	7382.5	4566	4297.5	1321.5	4233.5	3023.5	5457.5	867.5	4485	4444	3417.5	1827.5	3821	1131	79450.5	3.972.525
ORTHO006483	Autophagy-related protein 13	AT3G18770	5634;43231;43227;43226;5575;43229;44424;44464;5623;5622	4019	2984	2904	1789	4356	7895	7015	6428.5	2134	4763	8537.5	2160	1352	3815.5	2702.5	6712.5	3589	4673.5	154	1678.5	864.5	1228	3426.5	1696.5	70826	3541.3
ORTHO007175	CCAAT-displacement protein alternatively spliced product	AT3G18480	5802;98791;44431;44444;44424;44464;5575;5623;5622;5737;44446;44422;43226;43229;5794;43231;43227;12505;31984;6891;48193;1902582;46907;6810;51234;51179;8150;51649;51641;44765;1902578;44699;16192;5768;16021;31224;44425;16020	4020	2506	2569	1118	4356	857.5	3430	2903.5	8509.5	930.5	3792.5	5191.5	1352	8916	5937	2476	8711.5	1425.5	1086	518	2722.5	799	1453	2940	63951.5	3.197.575
ORTHO004794	PRLI-interacting factor; putative	AT5G19900	5634;43231;43227;43226;5575;43229;44424;44464;5623;5622;3674;8150	4021	2788	2776.5	1532	1812	8050	6338	917.5	63	6459.5	478.5	6651.5	7554	6206.5	1579	2080.5	1724	8309.5	2260	2635.5	2409.5	750	1453	2575	68494.5	3.424.725
ORTHO006577	unknown protein	AT4G09060	5737;44424;44464;5575;5623;5622;16020	4022	2764	2722.5	1423	4356	4308	5887	1709	3117	3921.5	4593.5	7115.5	4677	3815.5	2396.5	1606	3092	7471.5	3730.5	2534.5	1949.5	1068	2776	1825	67593.5	3.379.675
ORTHO003568	Pre-mRNA-splicing factor 3	AT1G28060;AT3G55930	5634;43231;43227;43226;5575;43229;44424;44464;5623;5622;398;6397;16071;16070;44260;43170;71704;8152;8150;44237;9987;90304;6139;46483;6725;1901360;34641;6807;44238;6396;10467;377;375;8380;46540;97526;97525;30532;44428;44446;44422;30529;32991	4023	4289	4457	4891	2982.5	4581	4587.5	5348	7561.5	7324	5669.5	7828.5	4328	3815.5	2702.5	6712.5	3141.5	1888	4388	6064.5	3364.5	2213.5	3702.5	4291.5	89512.5	4.475.625
ORTHO005134	stromal cell-derived factor 2-like protein precursor	AT2G25110	1900101;9966;10646;50794;50789;65007;8150;48583;23051;80135;80134;50832;98542;6952;6950;50896;51707;43207;9605;9607;51704;9620;52033;52169;52167;52553;52552;52564;52173;44403;44419;52255;31347;51817;35821;65008;50776;2682;52572;52200;75136;51701;52031;44003;52306;52308;52257;52305;52510;31349;48584;48518;45089;45088;50778;2684;52555;52166;52509;52556;5783;43231;43227;43226;5575;43229;44424;44464;5623;5622;44444;5737;12505;9507;9536;31502;31501;1990234;1902494;43234;32991;98796;44425;16020;44432;44446;44422;5789;98588;31090;42175;7275;44767;32502;44699;44707;32501;35269;6493;6486;44763;9987;6464;36211;19538;43170;71704;8152;44238;43412;44267;44260;44237;43413;70085;44723;5975;44710;9101;9100;1901135;34645;9059;1901576;9058;44249;1901137;35268;97502;44845;32;31506;44038;44036;71554;70589;44085;71840;42546;6057;6056;4169;30;16758;16757;16740;3824;3674;42742;9617	4024	1400	4188	4352	1066.5	2557.5	6021	1484	9011.5	2081	1623	4467	4227.5	4921.5	511.5	508.5	1432.5	8080	1290	4297.5	8990	8919.5	9093.5	7120	86637	4331.85
ORTHO006420	Putative adipose-regulatory protein (Seipin)	AT1G29760;AT2G34380	5634;43231;43227;43226;5575;43229;44424;44464;5623;5622;3674;8150	4025	7032	6272	8519	7947.5	2604.5	6901	5213.5	2701	7782	7382.5	7280	1352	8210.5	8061.5	6712.5	8748.5	4809.5	6835.5	5126.5	6180.5	6952	8070	5222.5	116146	5807.3
ORTHO010049	NA	NA	NA	4026	6312	5530.5	7035	2982.5	5833.5	3430	5957	7183.5	6381.5	2402	3422.5	8306	2711.5	4462	3976.5	6409	3949	6700.5	7871	6578.5	5603	4192	6210	101579	5078.95
ORTHO000322_1	ARM repeat superfamily protein	AT1G05960	5886;16020;5575;44464;5623;71944;8150	4027	3925	3827	3627	5748	6529	2791.5	6428.5	4387	2976	6343	2086	4738	3815.5	2702.5	6712.5	3589	2199.5	6531	6467.5	4103	3111.5	5171.5	1958.5	82641	4132.05
ORTHO000863	cation exchanger 6	AT1G55720;AT1G55730;AT3G13320	6812;6811;44765;6810;51234;51179;8150;1902578;44699;15368;15085;72509;22890;8324;15075;22891;22857;5215;3674;55085;44763;9987;22892;34220;98655;72511;46873;30001;70588;98662;98660;6816;70838;15491;15298;15297;15291;22804;16021;31224;44425;5575;16020;5774;44437;44444;44424;44464;5623;5622;5737;44446;44422;43226;43229;5773;43231;43227;98588;31090;98805;15369;51139;15299;15078;15077;15672;1902600;15992;6818;9705;325;15691;41;6828;12505	4028	4980	3233.5	2439	5298	5432.5	6249.5	6428.5	5851.5	4540.5	6912.5	2291.5	3304.5	3497	5937	2080.5	7733.5	1311.5	3333.5	1632	3564	1277	2984	1297.5	75658.5	3.782.925
ORTHO002985	eukaryotic translation initiation factor 3B-2	AT5G25780;AT5G27640	6446;6417;10608;10468;60255;19222;50789;65007;8150;32268;51246;80090;31323;50794;34248;51171;2000112;31326;9889;10556;16282;70993;30529;32991;5575;44424;44464;5623;5622;44444;5737;166;36094;5488;3674;1901265;1901363;97159;6412;43043;43604;43603;34641;6807;8152;44237;9987;44271;44249;9058;6518;1901564;71704;1901566;1901576;44267;19538;43170;44238;44260;34645;9059;10467;5515;1731;22618;71826;43933;16043;71840;34622;65003;22607;44085;22613;6413;3743;8135;3723;3676;33290;31369;5829;5634;43231;43227;43226;43229;5852;43234	4029	5119	2812	1595	5307.5	8494.5	3327	8314.5	1954.5	2524.5	7999	1708.5	4398	3497	6192.5	2080.5	3548.5	1322	85	5062.5	4226.5	1277	2059	945.5	69016.5	3.450.825
ORTHO003972	20S proteasome alpha subunit G1	AT2G27020	43161;10498;51603;6508;19538;43170;71704;8152;8150;44238;44257;30163;9057;1901575;9056;44265;44260;44237;9987;44248;44267;6511;19941;43632;10499;8233;16787;3824;3674;5839;43234;32991;5575;44424;44464;5623;5622;502;5774;44437;44444;5737;44446;44422;43226;43229;5773;43231;43227;98588;31090;16020;98805;9409;9266;9628;50896;6950;5634;48046;5576;46686;10038;10035;42221;4175;70011;5829	4030	5191	6003.5	7977	2982.5	5621	8324.5	5698.5	6943.5	7620	6343	3422.5	6071.5	1800.5	4705.5	3976.5	5864.5	3750.5	6646	7871	6180.5	5924	6040	6057.5	108861	5443.05
ORTHO006702	Early-responsive to dehydration stress protein (ERD4)	AT1G30360	5576;5575;5774;44437;44444;44424;44464;5623;5622;5737;44446;44422;43226;43229;5773;43231;43227;98588;31090;16020;98805;9506;5911;30054;55044;9507;9536;6811;44765;6810;51234;51179;8150;1902578;44699;5886;71944;9941;9526;31967;31975;44435;44434;16021;31224;44425	4031	4796	5484	6937	5938.5	8787	2414	8912.5	8962	8063.5	3269.5	6781	4133.5	5645.5	960	6712.5	8342	8950.5	2662	2713.5	2049.5	1228	1555.5	8763	100905	5045.25
ORTHO003654	RAB GTPase homolog E1B	AT4G20360	9570;9532;44435;44444;44424;44464;5575;5623;5622;5737;44446;44422;43226;43229;9536;43231;43227;44434;9507;3746;8135;3723;3676;1901363;5488;3674;97159;6412;43043;43604;43603;34641;6807;8152;8150;44237;9987;44271;44249;9058;6518;1901564;71704;1901566;1901576;44267;19538;43170;44238;44260;34645;9059;10467;6414;18119;17014;6464;36211;43412;18198;18193;9535;55035;42651;34357;16020;44436;9579;31976;31984;9534;5730;44428;5634;43232;43228;31981;70013;43233;31974;9941;9526;31967;31975;3924;17111;16462;16818;16817;16787;3824;5515;48046;5576;9295	4032	7677	5187.5	6343	6664	8430	8002.5	4826.5	4645.5	7216	7040	8311	7377.5	3283.5	2396.5	8358	5764.5	1780	5430	6001	1311.5	1132	646.5	5222.5	97175	4858.75
ORTHO003120	Pyridoxal phosphate (PLP)-dependent transferases superfamily protein	AT1G33320;AT3G01120	30170;1901363;5488;3674;97159;48037;43168;43167;9086;97;96;6790;44237;8152;8150;9987;6520;1901564;71704;6807;19752;43436;6082;44281;44710;44699;44763;44238;44272;44249;9058;8652;46394;16053;44283;44711;1901576;1901566;9067;9066;1901605;1901607;6555;3962;16765;16740;3824;5737;44424;44464;5575;5623;5622;1887;9507;9536;43231;43227;43226;43229;44444;9570;9532;44435;44446;44422;44434	4033	4707	4372.5	4712	2982.5	5621	8324.5	5957	1133	5527.5	2653	3422.5	6071.5	1800.5	5034.5	3976.5	3682	2199.5	3385	6467.5	6180.5	5924	5171.5	6057.5	88589	4429.45
ORTHO002444	Auxin efflux carrier family protein	AT2G17500;AT5G65980	98655;6812;6811;44765;6810;51234;51179;8150;1902578;44699;34220;55085;44763;9987;9507;9536;43231;43227;43226;5575;43229;44424;44464;5623;5622;44444;5737;9926;60918;9914;10817;65008;65007;16021;31224;44425;16020;9672;15294;15293;15291;22804;22857;5215;3674;8324;15075;22891;22892;80161;15992;15672;6818	4034	3941	3141.5	2249	2097	2604.5	3863.5	5698.5	5619	6825	1623	2937.5	4555.5	3815.5	2396.5	6712.5	3448	2199.5	2837.5	6322.5	3870	2608	4521	1794	74251.5	3.712.575
ORTHO004291	zeaxanthin epoxidase (ZEP) (ABA1)	AT5G67030	31969;42170;31090;16020;5575;44422;43226;43227;44435;44444;44424;44464;5623;5622;5737;44446;43229;9536;43231;9526;31967;31975;44434;9507;9941;52662;16709;16705;16491;3824;3674;8152;8150;55114;44710;44699;4497;71949;50660;50662;48037;5488;43168;43167;166;36094;1901265;1901363;97159;9414;9415;9628;50896;1101;42221;10035;1901700;6950;10114;9639;9416;9314;9540;16123;16122;16116;16108;6721;6720;44255;6629;71704;44238;44763;9987;44237;16117;16109;16114;8299;8610;1901576;9058;44711;44249;46148;42440;9688;72330;46394;16053;6082;44281;44283;19752;43436;32787;43289;43288;1902645;46165;1901617;1901615;6066;1902644;16106;6714;9687;9408;9266;9535;55035;42651;34357;44436;9579;31976;31984;9534;10182;9756;7165;50794;50789;65007;51716;7154;44700;23052;71322;71310;10033;70887;1901701;9743;6970;52663	4035	4978	4699.5	5364	5938.5	1329	3628.5	5957	6823.5	1189	6343	2086	6071.5	1800.5	5034.5	6712.5	5864.5	2199.5	7042	6467.5	6180.5	5924	5171.5	6057.5	91882	4594.1
ORTHO005688	pheophytinase	AT5G13800	9535;55035;42651;34357;16020;5575;44436;44424;44464;5623;5622;9579;44435;44444;5737;44446;44422;43226;43229;9536;43231;43227;31976;31984;44434;9507;9534;9570;9532;80124;52689;16788;16787;3824;3674;8152;8150;15996;6787;51187;51186;44237;9987;44248;9056;6778;33013;46483;6725;1901360;71704;1901564;6807;33015;19439;44270;34641;1901361;1901575;1901565;46700;44763;44699;46149;44712;44710;42440;15994;5515;5488	4036	3827	2039.5	43	2097	790.5	6430	462	635	2235	5010	367.5	1352	138	136.5	3183	2671.5	261.5	1004.5	2156.5	2356.5	348.5	578	183	30299.5	1.514.975
ORTHO002388	Squamosa promoter-binding protein-like (SBP domain) transcription factor family protein	AT5G50570;AT5G50670	5634;43231;43227;43226;5575;43229;44424;44464;5623;5622;48653;44767;32502;8150;44699;44702;22414;3006;48856;48443;48827;48367;48731;7275;44707;32501;48437;48569;48513;9908;90567;48608;61458;9791;48466;48438;3677;3676;1901363;5488;3674;97159;46872;43169;43167;6355;1903506;2001141;31326;9889;19222;50789;65007;31323;50794;51252;19219;80090;51171;60255;10556;10468;2000112;3700;1071;6351;34645;44260;43170;71704;8152;44237;9987;9059;1901576;9058;44249;97659;32774;16070;90304;6139;46483;6725;1901360;34641;6807;44238;34654;19438;44271;18130;1901362;10467	4037	6960	4368.5	4700	7947.5	2501	7151.5	2460.5	8808.5	7666.5	5726.5	7439.5	6227	3283.5	1616	3976.5	3448	2199.5	4205.5	5447	3870	1735	3614.5	7120	88496.5	4.424.825
ORTHO002990	O-fucosyltransferase family protein	AT1G17270;AT1G53770;AT5G50420	16757;16740;3824;3674;8152;8150;5634;43231;43227;43226;5575;43229;44424;44464;5623;5622;5774;44437;44444;5737;44446;44422;5773;98588;31090;16020;98805	4038	5136	6297	8556	5214.5	3059.5	4856.5	7461	4123.5	6889	4086	7495	8675.5	5663.5	1040.5	3976.5	7708	6854.5	7712	9038.5	8580	8380.5	2669.5	8512	116781.5	5.839.075
ORTHO007493	P-loop containing nucleoside triphosphate hydrolases superfamily protein	AT1G03905;AT5G44110	5524;35639;1901265;1901363;5488;3674;97159;43168;43167;32559;30554;17076;166;36094;32555;32553;97367;32550;32549;1882;1883;16887;17111;16462;16818;16817;16787;3824;8152;8150;5886;16020;5575;44464;5623;71944;6810;51234;51179;5737;44424;5622;10218;9639;9416;9314;9628;50896;10114;5215	4039	4371	6267.5	8496	5151.5	4758	2528	7084	7561.5	4079	2992.5	307.5	7554	6764.5	8093.5	7782	5764.5	5221.5	6897.5	8364.5	6810.5	7259	8163.5	7768	115753.5	5.787.675
ORTHO008615	FUNCTIONS IN: molecular_function unknown	AT2G46000	3674;8150	4040	3798	3134	2228	5748	8937	6989.5	6264	5619	2869.5	8364	2729	4555.5	3815.5	1910.5	3976.5	3426.5	3121	241.5	2713.5	864.5	2433.5	3519	1769	74118.5	3.705.925
ORTHO004017	unknown protein	AT2G40390;AT5G64190	8150;9507;9536;43231;43227;43226;5575;43229;44424;44464;5623;5622;44444;5737;3674;5739	4041	3882	3516.25	2991.5	4356	1089	2328.5	2114.5	4418	6422.5	2290	1338	5066	3815.5	3265	6712.5	7029	3121	7042	6960	4668.5	3609.5	5497.5	2314	79101	3955.05
ORTHO002553	SAUR-like auxin-responsive protein family	AT2G37030;AT3G53250	3674;9733;9725;9719;50896;8150;10033;42221;5575;5634;43231;43227;43226;43229;44424;44464;5623;5622	4042	6439	5449	6856	5748	5904	8324.5	5213.5	2301	4166.5	7199	3686.5	7963	1800.5	3936.5	3976.5	5561	3121	6531	8478	5637	5603	5407	5601	100410.5	5.020.525
ORTHO002326	FASCICLIN-like arabinogalactan protein 3 precursor	AT2G24450;AT3G12660	5886;16020;5575;44464;5623;71944;31225;31224;44425;3674	4043	5545	4021	3999	2982.5	6023.5	8162.5	2545	2202	7916.5	3136.5	2467.5	3521	1800.5	4233.5	3976.5	5108	3121	5851	7194	2000	5308.5	4632	5601	84800.5	4.240.025
ORTHO002634	general regulatory factor 7	AT3G02520;AT5G16050;AT5G38480	9507;9536;43231;43227;43226;5575;43229;44424;44464;5623;5622;44444;5737;5886;16020;71944;9570;9532;44435;44446;44422;44434;5794;12505;5635;44428;5634;31967;31975;45309;51219;5515;5488;3674;9506;5911;30054;55044;19904;5618;30312;5524;35639;1901265;1901363;97159;43168;43167;32559;30554;17076;166;36094;32555;32553;97367;32550;32549;1882;1883;46686;10038;10035;42221;50896;8150;5739;5829;9409;9266;9628;6950;50826;16036;9267;31669;31667;9991;9605;31668;51716;9987;71496;7154;44763;44699;42594;33554;51365;5773;6995;43562;9631;19222;50789;65007	4044	6921	4499.5	4955	7947.5	6313	7630.5	4826.5	4687.5	3099	6343	3775.5	7377.5	2711.5	2702.5	3976.5	4610.5	1780	5301	7647	5779	2763	3810	4678.5	89812	4490.6
ORTHO008031	Reticulon family protein	AT1G16825;AT1G78895	5789;98588;31090;16020;5575;44422;43226;43227;44432;44444;44424;44464;5623;5622;5737;44446;43229;5783;43231;12505;44425;42175;3674;16021;31224;5739;8150	4045	5849	5959.5	7874	6534	1777	5560.5	3987	7183.5	6645	8095	7246.5	1352	8727.5	7804.5	5325.5	8163	4747.5	7042	4778	6180.5	5603	1405.5	6210	107833.5	5.391.675
ORTHO006303	Actin-like ATPase superfamily protein	AT1G80460	4370;16301;16772;16740;3824;3674;8152;8150;16310;6796;6793;44237;9987;16773;46167;6072;52646;19637;71704;1901135;90407;1901576;9058;1901137;2237;43207;9605;50896;9607;10033;42221;9617;51707;51704;19563;19405;44724;44712;9056;44710;44699;44723;5975;44238;16052;1901575;46174;46164;1901616;1901615;44282;44281;6066;19751;44275;44262;44248;19400;44763;6071;5739;43231;43227;43226;5575;43229;44424;44464;5623;5622;44444;5737;5524;35639;1901265;1901363;5488;97159;43168;43167;32559;30554;17076;166;36094;32555;32553;97367;32550;32549;1882;1883;42742;98542;6952;6950;5829;19200;46835;6641;6639;6638;44255;6629;46486;80167;9628;10188;9636	4046	2714	3981	3916	5552	2672	924	602	8962	1094.5	4766.5	1198.5	7189	7300	7258.5	2476	6027	8352	7676.5	2534.5	3063	5376	2713	4117.5	84302.5	4.215.125
ORTHO008384	Protein kinase superfamily protein	AT5G01850	5524;35639;1901265;1901363;5488;3674;97159;43168;43167;32559;30554;17076;166;36094;32555;32553;97367;32550;32549;1882;1883;16301;16772;16740;3824;8152;8150;16310;6796;6793;44237;9987;4712;4672;16773;6468;6464;36211;19538;43170;71704;44238;43412;44267;44260;4674;5737;44424;44464;5575;5623;5622	4047	4887	2842	1637	2982.5	6313	1672.5	4640	2828	7247	4069.5	7812.5	4865.5	3408	2702.5	6712.5	1396.5	1617	1922	1268.5	3345.5	1154	1640	4678.5	69293	3464.65
ORTHO001608_1	P-loop containing nucleoside triphosphate hydrolases superfamily protein	AT5G63120	8026;42623;16887;17111;16462;16818;16817;16787;3824;3674;8152;8150;70035;4386;5634;43231;43227;43226;5575;43229;44424;44464;5623;5622	4048	3808	4713	5378	4356	7169.5	7507.5	7084	1545.5	4966	2992.5	3034.5	1352	8616.5	7195	7782	8117.5	4507	4113.5	8025.5	2143.5	1566.5	1289.5	2940	91948	4597.4
ORTHO004720	alpha/beta-Hydrolases superfamily protein	AT4G17150	5634;43231;43227;43226;5575;43229;44424;44464;5623;5622;16787;3824;3674;8152;8150;5737	4049	6006	4881	5713	6664	2385.5	5466	3778	3753	8934.5	3526	7625	2711	7699.5	2702.5	3976.5	9128.5	8231	8509	2903	8618.5	389	182.5	3103.5	93622.5	4.681.125
ORTHO005468	alpha/beta-Hydrolases superfamily protein	AT2G18360;AT4G36610	8152;8150;16787;3824;3674;5737;44424;44464;5575;5623;5622	4050	6963	5708.5	7367	7947.5	7324.5	3758	5213.5	6584	7183	2809.5	7312.5	8094	2711.5	3936.5	5325.5	935.5	3121	6531	7194	7052	5213.5	8026.5	5601	103927	5196.35
ORTHO006638	squamosa promoter binding protein-like 14	AT1G20980;AT1G76580	46872;43169;43167;5488;3674;42742;9617;51707;43207;9605;50896;8150;9607;51704;98542;6952;6950;5737;44424;44464;5575;5623;5622;6355;1903506;2001141;31326;9889;19222;50789;65007;31323;50794;51252;19219;80090;51171;60255;10556;10468;2000112;5886;16020;71944;6351;34645;44260;43170;71704;8152;44237;9987;9059;1901576;9058;44249;97659;32774;16070;90304;6139;46483;6725;1901360;34641;6807;44238;34654;19438;44271;18130;1901362;10467;45893;10628;10604;9893;48518;1903508;1902680;51254;45935;31325;48522;51173;31328;9891;10557;5634;43231;43227;43226;43229;3677;3676;1901363;97159;3700;1071;44212;975;1067	4051	4518	3869	3687	5938.5	1329	2528	2185	5028	4509.5	8606.5	1732	3626	1800.5	5034.5	3976.5	6982.5	3949	3575.5	6632	6578.5	3311	5171.5	6379.5	82935	4146.75
ORTHO009024	RING/U-box superfamily protein	AT1G19310	5634;43231;43227;43226;5575;43229;44424;44464;5623;5622;8270;46914;46872;43169;43167;5488;3674	4052	7522	3698.5	3345	8259	4119	2190	2392	1328.5	6097	7886	2343.5	8205.5	2711.5	4124.5	5325.5	6752	3121	4607.5	8632.5	1287.5	2677	1361	5913	81074.5	4.053.725
ORTHO007827	Galactose oxidase/kelch repeat superfamily protein	AT1G30090	8150;3674;5737;44424;44464;5575;5623;5622	4053	1928	3154	2255	4356	6023.5	1789.5	7084	6943.5	4509.5	1623	632	6895.5	4560	6192.5	1830	2063	5221.5	4756.5	4527	5637	1358.5	986.5	1672.5	74305.5	3.715.275
ORTHO006172	DNA polymerase V family	AT5G64420	3887;34061;16779;16772;16740;3824;3674;8152;8150;71897;6259;44260;43170;71704;44237;9987;90304;6139;46483;6725;1901360;34641;6807;44238;34645;9059;1901576;9058;44249;34654;19438;44271;18130;1901362;5829;44444;44424;44464;5575;5623;5622;5737;6260;5634;43231;43227;43226;43229;6351;97659;32774;16070;10467;3677;3676;1901363;5488;97159	4054	3166	3633.25	3212.5	4356	3232	6236.5	676	1625	5416	582	7684	8675.5	6206.5	3521.5	7419	2799.5	8885	2972	2713.5	1166.5	6991	2991.5	571.5	80364.5	4.018.225
ORTHO008761	Adenine nucleotide alpha hydrolases-like superfamily protein	AT5G14680	16787;3824;3674;8152;8150;5737;44424;44464;5575;5623;5622	4055	5629	6404.5	8754	2982.5	2501	7180	6323	6712.5	5177	8232.5	5667	6895.5	8072	7667.5	5325.5	6692.5	4809.5	7398	4297.5	6810.5	7120.5	7554.5	6883	121319.5	6.065.975
ORTHO006318	autophagy protein Apg5 family	AT5G17290	6914;44248;9056;8152;8150;44237;9987;5215;3674;6810;51234;51179;5737;44424;44464;5575;5623;5622;50832;98542;6952;6950;50896;51707;43207;9605;9607;51704;9620;10150;10260;7568;44767;32502;44699;48513;48856;48731;7275;44707;32501;48366;48827;48367;42594;31667;9991	4056	3374	3909.5	3763	2097	176	6168	3588	4365	3987	5069	93	1352	7636	7377.5	7782	1827.5	8352	8406.5	3165	1063.5	6576.5	2079	4291.5	83355	4167.75
ORTHO007795	Rubredoxin-like superfamily protein	AT5G51010	9507;9536;43231;43227;43226;5575;43229;44424;44464;5623;5622;44444;5737;5506;46914;46872;43169;43167;5488;3674	4057	4977	4127.5	4198	2982.5	2239.5	3129.5	5568.5	6584	2880	5902	3808	5740	1800.5	3936.5	6712.5	4942.5	2199.5	5430	6103	7254	2433.5	4224.5	5007.5	85895.5	4.294.775
ORTHO006119	FUNCTIONS IN: molecular_function unknown	AT1G60995	5783;43231;43227;43226;5575;43229;44424;44464;5623;5622;44444;5737;12505;3674;8150;5739	4058	1680	5439	6820	1281	2837	3758	1709	1545.5	2925	1981	8736.5	4192	5175	334	1429.5	7582.5	7885.5	8886.5	8905.5	8618.5	8776	8919	5913	100109	5005.45
ORTHO000290_1	AMP-dependent synthetase and ligase family protein	AT2G47240	4467;15645;16877;16874;3824;3674;8152;8150;1676;6631;44255;6629;71704;44710;44699;44238;44763;9987;44237;32787;19752;43436;6082;44281;6633;72330;46394;16053;44283;44711;9058;1901576;44249;8610;10025;10166;5524;35639;1901265;1901363;5488;97159;43168;43167;32559;30554;17076;166;36094;32555;32553;97367;32550;32549;1882;1883;31957;5634;43231;43227;43226;5575;43229;44424;44464;5623;5622;5783;44444;5737;12505;10143;9059;43170	4059	5097	2857	1655	5238	1885	3224.5	2684	522.5	2591.5	5489.5	1510.5	4492.5	3497	6243.5	2080.5	3891.5	2558	7792.5	5887	7052	2763	4257.5	1070.5	69493	3474.65
ORTHO003442	C-terminal cysteine residue is changed to a serine 1	AT1G11530	3756;16864;16860;16853;3824;3674;8152;8150;6457;9987;5737;44424;44464;5575;5623;5622;5829;44444	4060	6502	4967.5	5875	7245.5	1885	8364	2460.5	4953	5032	2809.5	7144.5	8094	2711.5	3936.5	3976.5	5194	3121	6531	7299	5422.5	5434	4632	5601	94601.5	4.730.075
ORTHO003266	Peptidase S24/S26A/S26B/S26C family protein	AT1G52600	5886;16020;5575;44464;5623;71944;5783;43231;43227;43226;43229;44424;5622;44444;5737;12505;16021;31224;44425;6465;16485;6508;19538;43170;71704;8152;8150;44238;51604;10467;6518;43603;34641;6807;44237;9987;1901564;44267;44260;8233;16787;3824;3674;9507;9536	4061	5955	3550	3039	5552	3831.5	5450	4251.5	4275	7485	4465	5741.5	4865.5	2711.5	1910.5	3976.5	3682	7821.5	2122.5	4211	55.5	3854	4451.5	4174.5	79336	3966.8
ORTHO007855	fumarylacetoacetase; putative	AT1G12050	1902000;1901999;18958;1901615;71704;8152;8150;6725;44237;9987;1901360;32787;19752;43436;6082;44281;44710;44699;44763;72329;46395;16054;44282;44712;9056;1901575;44248;19336;19439;1901616;1901361;5829;44444;44424;44464;5575;5623;5622;5737;8219;16265;4334;16823;16822;16787;3824;3674;9072;6520;1901564;6807;44238;6572;1901606;1901605;9063;1901565;9074;6570	4062	2580	6318.5	8575	4356	7895	2791.5	575	1198	4424	9123	8921.5	8675.5	8843	6035	7782	7240	7181.5	2168	9112	1270.5	8260	8806.5	6850.5	117152.5	5.857.625
ORTHO002774	Protein of unknown function (DUF1639)	AT1G25370;AT1G68340	5634;43231;43227;43226;5575;43229;44424;44464;5623;5622;8150;3674	4063	6726	6617.5	9172	5748	7895	4698	8731.5	8882.5	6179.5	8770	9035	9031.5	5733	599	5325.5	8576	7219.5	8900	9098	8798.5	8763	8026.5	8882.5	143144.5	7.157.225
ORTHO002454	retinoblastoma-related 1	AT3G12280	5515;5488;3674;1708;48869;44767;32502;8150;44699;44763;9987;45165;30154;7129;70192;51276;6996;16043;71840;1903046;22402;7049;51321;3;1902589;7126;280;48285;45143;45132;98813;7059;7127;9555;48229;7275;44707;32501;48856;10090;904;902;32989;9653;48468;10026;90558;9888;90626;8134;2000653;19219;80090;19222;50789;65007;51171;31323;50794;32875;10564;51726;90329;6275;51052;60255;2000112;31326;9889;10556;1903866;5634;43231;43227;43226;5575;43229;44424;44464;5623;5622;10377;10052;90627;10103;9886;9791;10016;48367;48731;10374;8356;51301;1558;40008;51128;6349;40029;10468;71514;6139;46483;44237;8152;6725;1901360;71704;34641;6807;44238;48366;48827;5829;44444;5737;9960;3006;22414;48513;48316;48608;61458;44702;10154;3677;3676;1901363;97159;22619;55046;2000036;60284;45595;50793;2000736;51239;9553;82;44772;44770;1903047;278;44843;51783;33043;51302;9567;9566;19953;44703;51704	4064	2323	4377	4690	1689.5	8007.5	6145.5	310.5	393.5	7916.5	5293	6464.5	3846.5	6764.5	8163.5	7782	2916	8605	2403.5	2326	2343	2608	2871.5	3238	88398.5	4.419.925
ORTHO008820	Protein of unknown function (DUF506)	AT2G39650	8150;5634;43231;43227;43226;5575;43229;44424;44464;5623;5622;3674	4065	3959	3074	2083	4356	8787	6283.5	1912	702.5	1876	2129.5	907	6071.5	3815.5	5254.5	6712.5	4870.5	4400	270	1960	2448.5	5132.5	6413.5	3179.5	73126	3656.3
ORTHO002273	Uncharacterised protein family (UPF0497)	AT1G49405;AT3G50810;AT4G37235	16020;5575;5739;43231;43227;43226;43229;44424;44464;5623;5622;44444;5737;5886;71944;16021;31224;44425;8150;3674	4066	6056	5649	7232	6857.5	1594	5146.5	1823.5	8149.5	8934.5	3749	5960	1352	9123	6728	5325.5	8926.5	7776.5	3301	8397.5	1814.5	9131.5	5649	28	102910	5145.5
ORTHO000507_1	Phototropic-responsive NPH3 family protein	AT3G08570;AT3G08660	16567;32446;70647;6464;36211;19538;43170;71704;8152;8150;44238;43412;44267;44260;44237;9987;9416;9314;9628;50896;4871;60089;3674;7165;50794;50789;65007;51716;7154;44763;44699;44700;23052;9507;9536;43231;43227;43226;5575;43229;44424;44464;5623;5622;44444;5737	4067	6061	6303.25	8539.5	2982.5	8152	8162.5	5698.5	8207	8647.5	4305	7312.5	6071.5	7699.5	7764	5325.5	5108	3949	802.5	7299	5779	5924	4748	5601	116556	5827.8
ORTHO005426	homolog of mamallian P58IPK	AT5G03160	6457;9987;8150;44794;48524;50792;50794;50789;65007;43903;43900;43902;48518;48522;44788;51851;51817;35821;51704;65008;44403;44419;51702;5783;43231;43227;43226;5575;43229;44424;44464;5623;5622;44444;5737;12505;5886;16020;71944;5788;70013;43233;31974;44422;44446;44432	4068	4511	2758.5	1449	2982.5	5351.5	6055.5	2322	1994.5	5362	6173.5	2197	6071.5	1800.5	4705.5	6712.5	562	2199.5	3321.5	2092	864.5	2213.5	2794.5	5041.5	67835	3391.75
ORTHO003242	G10 family protein	AT4G21110	5634;43231;43227;43226;5575;43229;44424;44464;5623;5622;5829;44444;5737	4069	4712	3071.5	2074	5396	5516	2627.5	6864	5144	1318	5471.5	1854	4444	3497	6243.5	3023.5	693.5	5944.5	4485	5578	3323	2328.5	3686	1047.5	73089	3654.45
ORTHO004675	UDP-Glycosyltransferase superfamily protein	AT3G22250	16758;16757;16740;3824;3674;8152;8150;8194	4070	4600	5525	6980	5938.5	2170	3628.5	3065	8847.5	1506.5	9086.5	6929	8817.5	5757.5	1040.5	3976.5	2759	7073	8325	9015.5	8350.5	774.5	1289.5	8763	101175	5058.75
ORTHO006464	GRAM domain family protein	AT1G02120	9873;160;35556;7165;50794;50789;65007;8150;51716;9987;50896;7154;44763;44699;44700;23052;9755;32870;9725;9719;10033;42221;71495;71310;70887;71369;9723;43069;43067;10941;60548;48523;48519;5634;43231;43227;43226;5575;43229;44424;44464;5623;5622;5783;44444;5737;12505;42742;9617;51707;43207;9605;9607;51704;98542;6952;6950;16021;31224;44425;16020;9626;34050;12501;8219;16265;45087;6955;2376;33554;9507;9536;9751;14070;1101;1901700	4071	3503	3015.25	1959.5	4356	1658.5	1500	2903.5	3914.5	7407.5	4508	87	1352	6257.5	1758.5	3976.5	9109.5	9055.5	2831.5	2635.5	8850	1228	1748	1519	72300.5	3.615.025
ORTHO007594	ZIP metal ion transporter family	AT1G68100	71577;98662;98660;34220;6811;44765;6810;51234;51179;8150;1902578;44699;55085;44763;9987;98655;6812;6829;41;30001;70838;72511;5783;43231;43227;43226;5575;43229;44424;44464;5623;5622;44444;5737;12505;5789;98588;31090;16020;44422;44432;44446;44425;42175;5576;5385;72509;22890;8324;15075;22891;22857;5215;3674;22892;46915;46873;6882;55069;72507;98771;50801;48878;42592;65008;65007;55080;55076;55065;46916;6875;30003;6873;55082;19725;72503	4072	3753	4689	5306	2097	5155.5	3129.5	8973	3262	6934	8737.5	4566	5195	6434	6791	7782	2086	7295.5	4485	2156.5	2313	2433.5	1681.5	2121	91531.5	4.576.575
ORTHO000760_1	exocyst complex component sec15A	AT3G56640	5634;43231;43227;43226;5575;43229;44424;44464;5623;5622;6904;48278;22406;44763;9987;8150;44699;16192;6810;51234;51179;6887;32940;46903;44765;1902578;51649;51641;9846;44707;32501;9856;44703;51704;22414;44706;145;44448;44444;5737;5938;71944;43234;32991;5829;9860;44702;904;902;32989;16043;71840;9653;32502;48856;48869;44767;48468;30154;3006;48588;48589;40007;16049;9932;9826;60560;48868	4073	2777	3434.5	2796	4356	880.5	6220	143.5	2202	8063.5	4918.5	2131	7189	7300	7258.5	7782	38.5	8352	1537.5	2713.5	2533.5	3026	1453	4060.5	77803	3890.15
ORTHO006960	small and basic intrinsic protein 2	AT3G56950	5887;31226;44459;44464;5575;5623;44425;16020;5886;71944;31224;16021;34220;6811;44765;6810;51234;51179;8150;1902578;44699;55085;44763;9987;15254;15168;15144;22891;22857;5215;3674;22892;1901476;8643;71702;34219;15166;15665;1901618;15791;15850;15793;15267;22803;9992;30104;48878;42592;65008;65007;55082;19725;6884;8361;32535;90066;16043;71840;5783;43231;43227;43226;43229;44424;5622;44444;5737;12505;15250;22838;5372;6833;42044	4074	2866	3653	3232	2097	10.5	2528	1013.5	9082	1567.5	1810	3108	1352	4718.5	279	1429.5	8968	8636.5	2519	9162.5	2333	9138	3849	9018	80522.5	4.026.125
ORTHO004942	Pseudouridine synthase family protein	AT1G20370;AT1G76120	5634;43231;43227;43226;5575;43229;44424;44464;5623;5622;1522;9451;16070;44260;43170;71704;8152;8150;44237;9987;90304;6139;46483;6725;1901360;34641;6807;44238;43412;3723;3676;1901363;5488;3674;97159;9982;16866;16853;3824;5829;44444;5737;8033;34470;34660;6396;10467;6399	4075	4307	3814.5	3554	2982.5	6529	2328.5	2114.5	8259	1506.5	1981	1198.5	3406.5	3815.5	5034.5	6712.5	3958.5	3949	3730.5	6860	4668.5	3754	5902.5	6553	82262	4113.1
ORTHO007751	Eukaryotic aspartyl protease family protein	AT1G09750	5576;5575;9505;5618;30312;44464;5623;71944;9627;9814;98542;6952;6950;50896;8150;51707;43207;9605;9607;51704;45087;6955;2376;48046	4076	6722	5861	7646	7662	2170	8162.5	5213.5	6584	6235	5973.5	8038	8094	2711.5	3936.5	3976.5	5108	3121	5851	8478	5422.5	5603	5407	5806	105891.5	5.294.575
ORTHO006080	Ubiquinol-cytochrome C reductase hinge protein	AT1G15120	5739;43231;43227;43226;5575;43229;44424;44464;5623;5622;44444;5737;70469;44425;16020;5743;19866;31090;44422;31967;31975;44446;31966;44429;5740;5750;45275;1902495;98796;43234;32991;1990351;16021;31224;1990204;1902494;70069;98803;98800;98798;44455;5746;6122;22904;22900;6091;44237;8152;8150;9987;55114;44710;44699;44763;45333;15980;42775;42773;6119;16310;6796;6793;46034;9150;6163;72521;46483;6725;1901360;71704;34641;6807;1901564;9117;6753;19637;55086;6139;44238;44281;9259;19693;1901135;9167;9161;9123;9126;9205;9144;9141;9199;46128;9119;9116;1901657;42278;8121;15078;15077;22890;8324;15075;22891;22857;5215;3674;6810;51234;51179;55085;44765;1902578;22892;34220;6811;98655;6812;15672;1902600;15992;6818;98662;98660;16681;16679;16491;3824	4077	6766	3729.5	3382	5938.5	2425	5205.5	2962.5	4865	8231.5	5669.5	2851	7031	3283.5	2702.5	3976.5	8562.5	2558	4263.5	5062.5	4023	1985	1386	4291.5	81335.5	4.066.775
ORTHO001965	cytochrome P450; family 711; subfamily A; polypeptide 1	AT2G26170	10223;10346;48646;32502;8150;9653;48856;10016;48367;44767;44699;48731;7275;44707;32501;1763;55114;44710;8152;16705;16491;3824;3674;20037;46906;1901363;5488;97159;16117;16109;16114;6721;6720;44255;6629;71704;44238;44763;9987;44237;8299;8610;1901576;9058;44711;44249;16108;46148;42440;16116;5506;46914;46872;43169;43167;19825;4497;16021;31224;44425;5575;16020;9926;60918;9914;10817;65008;65007;44765;6810;51234;51179;1902578;9963;9891;9889;19222;50789;9893;48518;9962;80090;9934;48509;2000026;50793;51239;22603	4078	2519	3487.5	2897	4356	8990	822.5	3834	1133	4991	3879	5053	1352	5689	1109.5	508.5	7280.5	7335.5	1031	738.5	624	8861	8455.5	6850.5	78538	3926.9
ORTHO009027	HNH endonuclease	AT2G23840	4519;4518;16788;16787;3824;3674;8152;8150;90305;90304;6139;46483;44237;9987;6725;1901360;71704;34641;6807;44238;43170;3676;1901363;5488;97159;5634;43231;43227;43226;5575;43229;44424;44464;5623;5622	4079	3570	2776.5	1474	4356	4415.5	6283.5	3894.5	931	6198.5	2129.5	1198.5	1352	3815.5	3265	6712.5	3796.5	3121	3691	794.5	4668.5	3609.5	5826.5	2314	68017.5	3.400.875
ORTHO002430	monodehydroascorbate reductase	AT3G09940;AT3G52880;AT5G03630	55114;44710;8152;8150;44699;9414;9415;9628;50896;1101;42221;10035;1901700;6950;5737;44424;44464;5575;5623;5622;9651;6970;50660;50662;48037;5488;3674;43168;43167;166;36094;1901265;1901363;97159;43903;43900;50789;65007;9753;9725;9719;10033;16656;16655;16651;16491;3824;9610;9608;51707;43207;9605;9607;51704;9620;5829;44444;46686;10038;5782;44439;44438;44446;44422;43226;43229;42579;43231;43227;5777;31907;70013;43233;31974;42744;42743;72593;44237;9987;44712;9056;44763;44248;9507;9536;48046;5576;5886;16020;71944;18119;17014;6464;36211;19538;43170;71704;44238;43412;44267;44260;18198;18193;9570;9532;44435;44434;10043;1990267	4080	6869	6558	9036	7662	6810	8674.5	6573	7691.5	4329	3136.5	4086	8675.5	7213.5	8316.5	6712.5	6925.5	4809.5	7562	8590.5	7254	7420	7667.5	7591	130038.5	6.501.925
ORTHO002112	Histone superfamily protein	AT1G08880;AT1G54690	5634;43231;43227;43226;5575;43229;44424;44464;5623;5622;3677;3676;1901363;5488;3674;97159;6342;45814;10629;10605;9892;48519;50789;65007;8150;19222;60255;10468;40029;45892;1903507;1903506;2001141;31326;9889;31323;50794;51252;19219;80090;51171;10556;1902679;51253;45934;51172;31324;48523;31327;9890;10558;6355;2000112;2000113;16458;44763;9987;44699;790;785;44427;44446;44422;5694;43232;43228;32991;44454;44428;228;31981;70013;43233;31974;6325;43933;16043;71840;51276;6996;5730	4081	5688	4415	4749	2982.5	3466.5	1474	6831.5	4209	6480	4815.5	61.5	5740	7699.5	7401.5	5325.5	4998.5	8162	1567	2935	1599	6077	4668	5222.5	88733.5	4.436.675
ORTHO006921	early nodulin-like protein 8	AT1G64640	5507;46914;46872;43169;43167;5488;3674;31225;31224;44425;5575;16020;46658;31226;44459;44464;5623;5886;71944;9055;50896;8150	4082	2892	4284.5	4487	4356	1777	7744.5	7084	7561.5	7183	1623	3686.5	1352	6764.5	6867.5	2476	4408.5	8278	7509	4956.5	2143.5	1407.5	1453	3005.5	87281	4364.05
ORTHO002317	SU(VAR)3-9 homolog 4	AT5G13960	51567;34968;16571;6479;43414;44260;43170;71704;8152;8150;44237;9987;32259;43412;8213;6464;36211;19538;44238;44267;16570;16569;16568;6325;43933;16043;71840;51276;6996;1902589;44763;44699;44710;18022;18205;18193;61647;42393;5515;5488;3674;10216;6259;90304;6139;46483;6725;1901360;34641;6807;8270;46914;46872;43169;43167;10385;3690;43566;3677;3676;1901363;97159;10429;166;36094;1901265;10428;5634;43231;43227;43226;5575;43229;44424;44464;5623;5622;8327;43565;775;98687;44427;44446;44422;5694;43232;43228;46974;18024;16279;16278;8170;8168;16741;16740;3824;8757;8276;42054	4083	5845	5680.5	7278	5238	6850	3327	7637	6493	3889.5	1981	1732	6227	8210.5	9094.5	2821	5457.5	3750.5	7831	6397	6810.5	6759.5	4451.5	3501.5	103221.5	5.161.075
ORTHO005678	UBX domain-containing protein	AT1G14570	5737;44424;44464;5575;5623;5622;30674;5515;5488;3674;60090;8150;5634;43231;43227;43226;43229	4084	2898	2863.5	1643	2097	4404	3628.5	4133.5	7978	1409.5	1981	1198.5	5338.5	3815.5	3265	6712.5	8360.5	4982.5	3597	3747	538	889.5	779	2575	69333	3466.65
ORTHO003955	Uncharacterised protein family (UPF0497)	AT3G53850	5886;16020;5575;44464;5623;71944;16021;31224;44425;8150;3674	4085	7674	4498.75	4912.5	7947.5	6149	7923	4571	6379.5	5577.5	3596.5	5489.5	3022.5	2711.5	2396.5	5325.5	4054.5	1617	4830.5	7408.5	4946	3026	6282.5	4291.5	89598.5	4.479.925
ORTHO007412	Pentatricopeptide repeat (PPR) superfamily protein	AT1G71210	8150;5739;43231;43227;43226;5575;43229;44424;44464;5623;5622;44444;5737	4086	2650	2550	1014	4356	4633.5	127	36.5	3632	6422.5	1981	4752.5	1352	7636	7082.5	2476	2573.5	8278	6700.5	518	76	521.5	558	3289.5	62646.5	3.132.325
ORTHO007843	Pentatricopeptide repeat (PPR) superfamily protein	AT1G73400	5739;43231;43227;43226;5575;43229;44424;44464;5623;5622;44444;5737;8150;3674	4087	5430	4608	5129	2982.5	6085.5	3863.5	2545	7691.5	3372	7382.5	3686.5	5740	1800.5	4462	5325.5	5329.5	3121	6056.5	7408.5	5637	3609.5	1979	5601	90696.5	4.534.825
ORTHO008791	chloroplast-localized ISCA-like protein	AT1G10500	6790;44237;8152;8150;9987;9570;9532;44435;44444;44424;44464;5575;5623;5622;5737;44446;44422;43226;43229;9536;43231;43227;44434;9507;97428;51604;19538;43170;71704;44238;10467;5759;44429;5739;70013;43233;31974;5198;3674;8198;5506;46914;46872;43169;43167;5488;16226;9058;31163;22607;16043;71840;44085;51537;51536;51540;51539	4088	3904	2901	1714	2097	3435.5	2791.5	5813.5	393.5	6551	6173.5	7804.5	4677	3815.5	2396.5	6712.5	737	1888	122.5	6322.5	3870	2061	2291.5	2229	70086	3504.3
ORTHO008368	Protein of unknown function (DUF778)	AT2G26070	139;98588;31090;16020;5575;44422;43226;43227;44431;44444;44424;44464;5623;5622;5737;44446;43229;5794;43231;12505;10105;70298;70297;1902531;9966;10646;50794;50789;65007;8150;48583;23051;1902532;9968;48585;48519;10648;48523;23057;10104;5783;9723;9725;9719;50896;10033;42221;5789;44432;44425;42175;5739;5515;5488;3674;16021;31224	4089	2758	3974	3859	4356	7733	1011	2838	2465.5	6498.5	6912.5	5435.5	1352	5210.5	551	1429.5	2248.5	8257.5	8858.5	1016.5	2848	8413.5	2834	8062	83975.5	4.198.775
ORTHO008636	Peroxidase superfamily protein	AT2G37130	50832;98542;6952;6950;50896;8150;51707;43207;9605;9607;51704;9620;5829;44444;44424;44464;5575;5623;5622;5737;9505;5618;30312;71944;5576;9664;71555;45229;16043;71840;9987;71554;71669;9506;5911;30054;55044;4601;16684;16491;3824;3674;8152;55114;44710;44699;16209	4090	7224	6533.5	8977	6194	7877	6913	7656	7978	5535.5	3917	6602.5	4058.5	5795.5	934	5325.5	7452.5	6183.5	8544.5	8478	8468.5	8544.5	8817.5	8718	127799.5	6.389.975
ORTHO004843	NA	NA	NA	4091	5253	3250.5	2410	2982.5	8643	1627	4329	7183.5	3303	6763.5	2467.5	1352	3283.5	5413.5	6712.5	1717	5452.5	552.5	1724	2356.5	4423	1767.5	6379.5	75450.5	3.772.525
ORTHO001604	Mono-/di-acylglycerol lipase; N-terminal	AT3G14075;AT4G16070	6629;71704;8152;8150;44710;44699;44238;5886;16020;5575;44464;5623;71944;4806;16298;16788;16787;3824;3674;52689	4092	2220	2982.5	1873	1281	8358.5	2032.5	4208	7831	930.5	582	610	7121	4560	6280	1830	4408.5	5221.5	839.5	4527	569	3111.5	5081	3565	71666.5	3.583.325
ORTHO005445	LSD1-like 3	AT4G16310	16491;3824;3674;8152;8150;55114;44710;44699;5739;43231;43227;43226;5575;43229;44424;44464;5623;5622;44444;5737;6355;1903506;2001141;31326;9889;19222;50789;65007;31323;50794;51252;19219;80090;51171;60255;10556;10468;2000112;5634;3677;3676;1901363;5488;97159;16568;6325;43933;16043;71840;9987;51276;6996;8131;16641;16638;6351;34645;44260;43170;71704;44237;9059;1901576;9058;44249;97659;32774;16070;90304;6139;46483;6725;1901360;34641;6807;44238;34654;19438;44271;18130;1901362;10467	4093	2730	5531	6969	4356	7278	2881	8102.5	8656.5	2025.5	9114	3808	1352	8811.5	5937	2476	1432.5	7117	1629.5	6960	246.5	8165	8723	6379.5	101095	5054.75
ORTHO007788	SGS domain-containing protein	AT1G30070	5634;43231;43227;43226;5575;43229;44424;44464;5623;5622;3674;5886;16020;71944;8150	4094	3915	3767.5	3441	4356	293	5303	4670	2465.5	8319	8924.5	2197	1352	6455	6639	7782	1980.5	8278	4548.5	4169.5	2430.5	1985	1767.5	2121	81680.5	4.084.025
ORTHO005503	alpha/beta-Hydrolases superfamily protein	AT5G51180	52689;16788;16787;3824;3674;8152;8150;5737;44424;44464;5575;5623;5622;44255;6629;71704;44710;44699;44238;44763;9987;44237	4095	4191	4046.5	3998	2982.5	8152	4904	6831.5	6379.5	1346	1312.5	998	5740	3815.5	5523	6712.5	4346.5	3121	154	5519.5	5170.5	4873	7048.5	2850	84797.5	4.239.875
ORTHO000534	Argonaute family protein	AT2G27040;AT2G32940;AT5G21030;AT5G21150	9816;9814;98542;6952;6950;50896;8150;51707;43207;9605;9607;51704;45087;6955;2376;42742;9617;5719;790;785;44427;44446;44422;5575;43226;44424;44464;5623;5622;43229;5694;43232;43228;32991;44454;44428;5634;43231;43227;228;31981;70013;43233;31974;791;6306;43414;44260;43170;71704;8152;44237;9987;32259;43412;6305;6304;6259;90304;6139;46483;6725;1901360;34641;6807;44238;44728;40029;10468;60255;19222;50789;65007;5515;5488;3674;35197;3723;3676;1901363;97159;51567;34968;16571;6479;8213;6464;36211;19538;44267;16570;16569;16568;6325;43933;16043;71840;51276;6996;1902589;44763;44699;44710;18022;18205;18193;61647;6342;45814;10629;10605;9892;48519;45892;1903507;1903506;2001141;31326;9889;31323;50794;51252;19219;80090;51171;10556;1902679;51253;45934;51172;31324;48523;31327;9890;10558;6355;2000112;2000113;16458;31048;31047;5730;15030;16604;44451;5654;19048;16032;44764;44403;44419;44003;51817;35821;65008;51701;30422;70918;31050;6396;16070;10467;71359;71407;14070;10033;42221;71310;70887;51716;43331;1901698;1901699;16246;35194;16441;10608;3682;44877;6417;32268;51246;34248;5737;30529;6351;34645;9059;1901576;9058;44249;97659;32774;34654;19438;44271;18130;1901362;48481;3006;32502;22414;48856;35670;48608;61458;48731;7275;44767;44707;32501;48440;48827;48367;48437;44702;48569;48513;9908;90567;9791;48467;48438;9554;48236;51321;7049;3;48869;9553;48229;10529;10528;1904159;48533;30154	4096	2408	2567.5	1039	1281	961.5	6117.5	805.5	5619	1346	1623	632	1352	4560	6243.5	6712.5	935.5	5221.5	4756.5	1960	569	1827.5	4138.5	7453	62834	3141.7
ORTHO005299	GTP-binding family protein	AT1G30960	5829;44444;44424;44464;5575;5623;5622;5737;3723;3676;1901363;5488;3674;97159;5525;35639;1901265;43168;43167;32550;32549;1882;36094;97367;1883;32561;19001;17076;166;32555;32553;9507;9536;43231;43227;43226;43229	4097	3194	2922	1747	2097	2385.5	2328.5	6741	8259	5622	1981	1198.5	5338.5	3815.5	3265	3976.5	4666	4747.5	105	4060.5	4833.5	2433.5	2142.5	2439.5	70339	3516.95
ORTHO008007	NDH-dependent cyclic electron flow 1	AT3G16250	46872;43169;43167;5488;3674;9535;55035;42651;34357;16020;5575;44436;44424;44464;5623;5622;9579;44435;44444;5737;44446;44422;43226;43229;9536;43231;43227;31976;31984;44434;9507;9534;10598;98796;43234;32991;44425;9773;9767;22900;6091;44237;8152;8150;9987;55114;44710;44699;44763;19684;15979;9055;51537;51536;51540	4098	3267	2453	808	2097	3232	4835.5	1289.5	5071	1233	2809.5	2086	1352	3815.5	3047.5	6712.5	3682	2199.5	122.5	3396.5	4103	3222.5	5263	1958.5	59431.5	2.971.575
ORTHO008039	Fe superoxide dismutase 2	AT5G51100	9507;9536;43231;43227;43226;5575;43229;44424;44464;5623;5622;44444;5737;42644;42646;9295;43232;43228;44435;44446;44422;9532;44434;9570;4784;16209;3674;16721;16491;3824;8152;8150;55114;44710;44699;19430;6801;72593;44237;9987;1990748;98754;9636;42221;50896;44763;71451;71450;34614;302;6979;6950;1901700;34599;33554;51716;70887;1901701;305;10035;303;9534;31976;9579;31984;5515;5488;9411;9416;9314;9628;46872;43169;43167	4099	5577	4582	5065	2982.5	5155.5	5486.5	5698.5	6584	3889.5	3136.5	3686.5	5740	1800.5	4462	3976.5	5194	3121	5851	4211	5637	5603	5541.5	5601	90375.5	4.518.775
ORTHO002074	eukaryotic translation initiation factor 2 gamma subunit	AT1G04170;AT2G18720;AT4G18330	1731;22618;71826;43933;16043;71840;8150;9987;34622;65003;22607;44085;22613;6413;44237;8152;6412;43043;43604;43603;34641;6807;44271;44249;9058;6518;1901564;71704;1901566;1901576;44267;19538;43170;44238;44260;34645;9059;10467;8135;3723;3676;1901363;5488;3674;97159;3743;5737;44424;44464;5575;5623;5622;5829;44444;3924;17111;16462;16818;16817;16787;3824	4100	3656	2859	1618	5196	4598.5	5026.5	3689.5	3324.5	5808	1312.5	6027	4492.5	3815.5	4462	2914	3016.5	7870.5	2868	2206.5	2000	1778.5	3371.5	579	69161	3458.05
ORTHO007599	Transducin/WD40 repeat-like superfamily protein	AT3G51930	166;36094;5488;3674;1901265;1901363;97159;5634;43231;43227;43226;5575;43229;44424;44464;5623;5622;80008;31461;151;1990234;1902494;43234;32991	4101	3711	6028.5	7956	2097	4519	4118.5	7192	6943.5	6213.5	7999	3872	6513.5	6764.5	7017.5	7782	8494	4673.5	5430	8077	5265	2923.5	1498	3340.5	108636.5	5.431.825
ORTHO008878	CAX-interacting protein 2	AT2G38270	9570;9532;44435;44444;44424;44464;5575;5623;5622;5737;44446;44422;43226;43229;9536;43231;43227;44434;9507;51537;51536;51540;5488;3674;9055;15035;15036;16667;16491;3824;8152;8150;55114;44710;44699;46872;43169;43167;16787;45454;19725;42592;65008;65007;44763;9987;50794;50789;6812;6811;44765;6810;51234;51179;1902578	4102	3630	2652	1202	4356	8643	2414	6428.5	6225	1155	2539	1658	1352	3815.5	3047.5	3976.5	737	2199.5	154	6689.5	4519	3222.5	4165.5	2121	65062	3253.1
ORTHO005841	unknown protein	AT2G47115	3674;8150;5576;5575	4103	5018	3057	2011	2982.5	4008	5303	3065	5484	6273	5669.5	4841.5	3196.5	3283.5	2396.5	6712.5	2098.5	1921.5	2972	3466.5	3604.5	1525	2637	4174.5	72632.5	3.631.625
ORTHO006752	CONTAINS InterPro DOMAIN/s: Ribosomal protein S27/S33; mitochondrial (InterPro:IPR013219)	AT5G44710	3674;5739;43231;43227;43226;5575;43229;44424;44464;5623;5622;44444;5737;8150	4104	2584	4673	5242	1812	8198	3628.5	1484	7561.5	6551	2653	4421	6895.5	7387.5	7162	2476	5404	5720	1063.5	8397.5	4519	2328.5	1523.5	3841	91215	4560.75
ORTHO004958	Pentatricopeptide repeat (PPR) superfamily protein	AT3G49140;AT5G24060	16491;3824;3674;8152;8150;55114;44710;44699;10181;50662;48037;5488;43168;43167;32553;97367;166;36094;1901265;1901363;97159;5634;43231;43227;43226;5575;43229;44424;44464;5623;5622	4105	5744	3712.5	3320	2982.5	4655.5	4457	5302.5	5484	2307	6173.5	5572	5066	1800.5	2702.5	3976.5	4004	2199.5	3653	6148	4103	4423	4632	4291.5	80951	4047.55
ORTHO006491	CONTAINS InterPro DOMAIN/s: Complex 1 LYR protein (InterPro:IPR008011)	AT5G51960	8150;5575;3674	4106	3390	3744.5	3383	2097	8968.5	7507.5	2796	2202	3637.5	241.5	6543.5	1352	6764.5	6867.5	5325.5	1321	4507	948.5	4169.5	4946	6340.5	3795.5	3103.5	81337.5	4.066.875
ORTHO009416	transcriptional coactivator p15 (PC4) family protein (KELP)	AT4G10920	6355;1903506;2001141;31326;9889;19222;50789;65007;8150;31323;50794;51252;19219;80090;51171;60255;10556;10468;2000112;5515;5488;3674;5634;43231;43227;43226;5575;43229;44424;44464;5623;5622;3677;3676;1901363;97159;3713;3712;989;988;6351;34645;44260;43170;71704;8152;44237;9987;9059;1901576;9058;44249;97659;32774;16070;90304;6139;46483;6725;1901360;34641;6807;44238;34654;19438;44271;18130;1901362;10467	4107	4681	6272	8437	2982.5	8518.5	3224.5	6978.5	8634	4923.5	3702.5	4724	7031	8072	7713.5	7782	8286.5	4154.5	394	7299	4519	6077	5497.5	7028	114559.5	5.727.975
ORTHO007653	unknown protein	AT4G21720	5634;43231;43227;43226;5575;43229;44424;44464;5623;5622;3674;8150	4108	4883	4008	3908	5938.5	5155.5	1247	2614.5	6584	7830	5973.5	6518	5740	1800.5	4462	6712.5	5108	2199.5	3233.5	824	5637	2608	4404	5601	84252.5	4.212.625
ORTHO002772	ENTH/VHS family protein	AT3G46540	5575;8150	4109	7823	5144.5	6180	6857.5	1926	4457	4734	4645.5	5683.5	7040	8654.5	5066	906.5	2396.5	8358	4464.5	1780	5128	7498.5	5422.5	3609.5	6538.5	7952.5	96261.5	4.813.075
ORTHO004709	Disease resistance-responsive (dirigent-like protein) family protein	AT2G39430;AT3G55230	9807;9806;9698;19748;44710;8152;8150;44699;6725;44237;9987;1901360;71704;44763;9699;19438;44249;9058;1901362;1901576;44550;44711;5576;5575;48046;3674;6952;6950;50896	4110	6815	3023	1936	5439	5799	4118.5	6652	2367.5	6247	7524	1889	4444	1321.5	4462	2080.5	6244	934	3653	6397	3491.5	1068	2059	1394.5	72146	3607.3
ORTHO008290	Leucine-rich repeat (LRR) family protein	AT1G65380	8150;3674;9507;9536;43231;43227;43226;5575;43229;44424;44464;5623;5622;44444;5737	4111	2801.5	2798.5	1486	4356	961.5	2080	4183	7831	2170.5	1623	7898.5	1352	4244	5254.5	1830	2063	5221.5	4663	4473	6810.5	1228	928.5	3289.5	68105	3405.25
ORTHO007089	Quinoprotein amine dehydrogenase; beta chain-like	AT3G61480;AT5G28350	8150;5794;43231;43227;43226;5575;43229;44424;44464;5623;5622;44444;5737;12505;3674;9507;9536	4112	2700	4480.5	4849	4356	8734.5	6606.5	727.5	1545.5	3944	3136.5	5150	1352	5549.5	599	6712.5	7599.5	7471.5	1849	518	1761	8793	9065.5	8159	89274	4463.7
ORTHO004096	FUNCTIONS IN: molecular_function unknown	AT2G43630	9535;55035;42651;34357;16020;5575;44436;44424;44464;5623;5622;9579;44435;44444;5737;44446;44422;43226;43229;9536;43231;43227;31976;31984;44434;9507;9534;5634;9941;9526;31967;31975;3674;8150	4113	4969	2990.5	1868	2982.5	1227	3025	6142.5	931	4003	1810	1198.5	3674.5	1800.5	5034.5	3976.5	3958.5	3121	3792	6754	4668.5	3854	6040	6553	71564	3578.2
ORTHO007603	unknown protein	AT1G53800	8150;5886;16020;5575;44464;5623;71944;3677;3676;1901363;5488;3674;97159	4114	1954	3420	2726	4356	3086.5	1274.5	210	8259	5547.5	4338	1422	3888.5	8561.5	6305	2080.5	9042.5	6590	1849	1016.5	2280	8260	3359	99	77469	3873.45
ORTHO006076	Pollen Ole e 1 allergen and extensin family protein	AT5G54855	3674;8150;5576;5575	4115	2955	3096.25	2077.5	4356	1089	9012.5	2000	3198	5716	4046	6543.5	1352	8736.5	5836.5	2476	2304.5	6183.5	1232	366.5	1121	6791.5	1918	3179.5	73102.5	3.655.125
ORTHO000622_1	alpha-xylosidase 1	AT1G68560;AT3G45940	9505;5618;30312;44464;5575;5623;71944;9507;9536;43231;43227;43226;43229;44424;5622;44444;5737;46686;10038;10035;42221;50896;8150;45493;45491;10410;10383;5976;5975;71704;8152;44238;43170;44036;44260;44237;9987;71554;272;16052;1901575;9056;9057;80176;4553;16798;16787;3824;3674;10411;6073;44042;44264;44262;9044;97599;61634;48046;5576;30246;5488;9506;5911;30054;55044;46556;71555;45229;16043;71840	4116	4274	3447	2778	5284	2604.5	7272	8884.5	4602.5	3084.5	7040	6494	4398	3815.5	5969	2914	2999	5788	2913	1460	3139.5	1110.5	2458	757.5	77704	3885.2
ORTHO001771	Mitochondrial substrate carrier family protein	AT2G37890;AT3G53940;AT3G55640	55085;44763;9987;8150;44699;44765;6810;51234;51179;1902578;5743;19866;31090;16020;5575;44422;43226;43227;44424;44464;5623;5622;31967;31975;44446;43229;31966;44429;44444;5737;5739;43231;5740;16021;31224;44425;6839;1902582;46907;51649;51641;5215;3674;5886;71944	4117	6232	4242	4367	2982.5	4174	5303	5957	8331	6198.5	4312.5	7179.5	7031	3283.5	2163.5	3976.5	4464.5	4400	948.5	5160	5265	2541	1918	4117.5	86724.5	4.336.225
ORTHO007439	NADH-ubiquinone oxidoreductase B18 subunit; putative	AT2G02050	9507;9536;43231;43227;43226;5575;43229;44424;44464;5623;5622;44444;5737;31966;31090;16020;44422;44429;44446;5739;5740;31967;31975;5758;31970;31974;5747;45271;30964;98796;43234;32991;44425;1990204;1902494;98803;70469;98800;98798;44455;5743;19866;5746;6120;22904;22900;6091;44237;8152;8150;9987;55114;44710;44699;44763;45333;15980;42775;42773;6119;16310;6796;6793;46034;9150;6163;72521;46483;6725;1901360;71704;34641;6807;1901564;9117;6753;19637;55086;6139;44238;44281;9259;19693;1901135;9167;9161;9123;9126;9205;9144;9141;9199;46128;9119;9116;1901657;42278;9853;43094;44249;9058;8137;50136;3954;16651;16491;3824;3674;16655	4118	3184	6516.5	8915	2097	7694	4341	8873.5	8782	3267	3639.5	4949	8898	5223.5	551	6712.5	8604.5	7870.5	8987	8784	8935.5	8776	2928	7997	125813.5	6.290.675
ORTHO008917	2-oxoglutarate (2OG) and Fe(II)-dependent oxygenase superfamily protein	AT3G12940	8150;3674;5634;43231;43227;43226;5575;43229;44424;44464;5623;5622	4119	3655	6603	9087	4356	8198	3758	2460.5	8634	4921	8786.5	8736.5	1352	8936	6192.5	7782	7443	7117	8559.5	9073.5	8468.5	8776	8853.5	4972	133020	6651
ORTHO009608	unknown protein	AT1G31870	8150;5634;43231;43227;43226;5575;43229;44424;44464;5623;5622;16787;3824;3674;8152	4120	4698.5	3734	3348	2982.5	3324	6457.5	3268	2979	8934.5	4474.5	6998.5	1352	6292	1323.5	7360.5	3589	6029.5	732	1747	4668.5	6576.5	2683	2314	81103.5	4.055.175
ORTHO001172_1	U2 snRNP auxilliary factor; large subunit; splicing factor	AT1G60900;AT4G36690	5634;43231;43227;43226;5575;43229;44424;44464;5623;5622;3723;3676;1901363;5488;3674;97159;5515;6397;16071;16070;44260;43170;71704;8152;8150;44237;9987;90304;6139;46483;6725;1901360;34641;6807;44238;6396;10467;8380;398;377;375;42742;9617;51707;43207;9605;50896;9607;51704;98542;6952;6950	4121	2851	3463.5	2806	5151.5	3573	7302.5	2647.5	8392	6756.5	3749	5572	1352	8884.5	5873.5	2914	2925.5	4887	444.5	8721.5	2072	530	175	1090.5	77862.5	3.893.125
ORTHO006710	CONTAINS InterPro DOMAIN/s: UPF0103/Mediator of ErbB2-driven cell motility (Memo); related (InterPro:IPR002737)	AT2G25280	8150;3674;5634;43231;43227;43226;5575;43229;44424;44464;5623;5622	4122	3302	4272	4422	2097	2425	5761.5	1426	8596	1462	1623	597.5	6513.5	4134.5	5413.5	6712.5	5561	4507	5589.5	971	7568	6612.5	7946.5	3565	86985.5	4.349.275
ORTHO005200	unknown protein	AT4G35320	5634;43231;43227;43226;5575;43229;44424;44464;5623;5622;3674;8150	4123	4807	5141.5	6160	2982.5	6850	4948.5	2250	7046.5	6621	4265.5	3034.5	3566	7699.5	7461.5	7782	1356.5	4507	3021.5	6197.5	2250	6377.5	5021	5913	96169	4808.45
ORTHO005078	ARM repeat superfamily protein	AT1G54385	5515;5488;3674;40023;51647;51640;51641;51179;8150;51649;51234;51656;5635;44428;44446;44422;5575;43226;44424;44464;5623;5622;43229;5634;43231;43227;31967;31975;12505;3779;8092	4124	3236	3902	3680	4356	3573	652	1912	8864	3190.5	865	743.5	7963	8123.5	7804.5	7782	9084	6265.5	394	461.5	8663	668	928.5	4972	82909.5	4.145.475
ORTHO001214	RNA-binding (RRM/RBD/RNP motifs) family protein	AT1G11650;AT4G27000;AT5G54900	9735;9725;9719;50896;8150;10033;42221;3723;3676;1901363;5488;3674;97159;10193;302;6979;6950;1901700;1101;10035;5737;44424;44464;5575;5623;5622;5634;43231;43227;43226;43229;8143;70717;3727;166;36094;1901265;5829;44444;6397;16071;16070;44260;43170;71704;8152;44237;9987;90304;6139;46483;6725;1901360;34641;6807;44238;6396;10467	4125	8178	6566	9007	8320.5	8796	5001	8307	5071	4267	8364	4566	6513.5	6332.5	7518.5	9043.5	7267.5	1260.5	7792.5	5447	8438.5	7756.5	8675	8670.5	129088	6454.4
ORTHO001283_1	cationic amino acid transporter 7	AT3G10600;AT5G04770	15802;6865;71705;6810;51234;51179;8150;46942;15849;44765;1902578;44699;71702;15711;6820;6811;15171;46943;8514;8509;15075;22891;22857;5215;3674;55085;44763;9987;22892;34220;98656;5342;1903825;3333;16020;5575;9624;51707;43207;9605;50896;9607;51704;5886;44464;5623;71944	4126	6764	5851	7576	7662	5580	3513	5813.5	6943.5	5059	6343	2343.5	8306	2711.5	4462	3976.5	6099.5	3580	6531	7871	7709	6129	6040	6379.5	105390.5	5.269.525
ORTHO003247	high mobility group	AT3G28730	5719;790;785;44427;44446;44422;5575;43226;44424;44464;5623;5622;43229;5694;43232;43228;32991;44454;44428;5634;43231;43227;228;31981;70013;43233;31974;791;741;48284;6996;16043;71840;8150;9987;6997;3700;1071;3674;2001141;31326;9889;19222;50789;65007;31323;50794;51252;19219;80090;51171;60255;10556;6355;1903506;10468;2000112;10197;9559;30154;48869;44767;32502;44699;44763;9561;44707;32501;9553;48229;7275;48856;35101;8023;44451;5654;43234;3677;3676;1901363;5488;97159;10228;3006;22414;48608;61458;48731;9791	4127	4179	4503.5	4880	5938.5	9030	1818.5	2750.5	2979	8934.5	4322.5	6763.5	3808.5	6227.5	1812.5	7360.5	1356.5	7408	1189.5	2156.5	2890	8148	8163.5	2314	89433.5	4.471.675
ORTHO005607	Glycinamide ribonucleotide (GAR) synthetase	AT1G09830	6189;6188;46040;9150;6163;72521;46483;44237;8152;8150;9987;6725;1901360;71704;34641;6807;1901564;9117;6753;19637;6793;55086;6139;44238;44281;44710;44699;44763;6796;9259;19693;1901135;9167;9161;9123;9126;9152;9260;46390;90407;1901576;9058;1901137;9165;1901293;34654;19438;44249;44271;18130;1901362;44711;6164;72522;1901566;9168;9156;9124;9127;46872;43169;43167;5488;3674;4637;16879;16874;3824;9507;9536;43231;43227;43226;5575;43229;44424;44464;5623;5622;44444;5737;5524;35639;1901265;1901363;97159;43168;32559;30554;17076;166;36094;32555;32553;97367;32550;32549;1882;1883;9113;46112;9112;6144;46148;42440;9570;9532;44435;44446;44422;44434	4128	3245	5320.5	6513	2097	2170	4785	3021	8705	7125	9107	679.5	4067	5513	1081	1830	8888	7335.5	8526	6001	2621	8165	2819	5806	98245	4912.25
ORTHO008144	Calcium-dependent phosphotriesterase superfamily protein	AT3G59530	16020;5575;9821;44271;34641;6807;8152;8150;44237;9987;44249;9058;1901566;1901576;71704;1901564;9820;10584;10208;45229;16043;71840;10927;44767;32502;44699;22607;44085;44763;48646;9653;48856;32989;48869;85029;30198;43062;9555;48229;7275;44707;32501;16844;16843;16840;16829;3824;3674;5739;43231;43227;43226;43229;44424;44464;5623;5622;44444;5737;16788;16787;5783;12505	4129	2726	3822	3515	1812	390.5	7766	1912	800	5317.5	1981	6120	1352	7536	7432.5	2476	1155.5	6330	5347.5	1460	6431	6791.5	7048.5	4413.5	82061	4103.05
ORTHO000866_2	flavin-binding; kelch repeat; f box 1	AT1G68050	5634;43231;43227;43226;5575;43229;44424;44464;5623;5622;10468;60255;19222;50789;65007;8150;9637;9416;9314;9628;50896;4842;19787;16740;3824;3674;8152;16567;32446;70647;6464;36211;19538;43170;71704;44238;43412;44267;44260;44237;9987;18298;5737;5515;5488;7165;50794;51716;7154;44763;44699;44700;23052;1047;44212;975;3677;3676;1901363;97159;1067;6355;1903506;2001141;31326;9889;31323;51252;19219;80090;51171;10556;2000112;7623;48511;6511;19941;51603;6508;44257;30163;9057;1901575;9056;44265;44248;43632;9908;90567;48608;3006;32502;22414;48856;61458;48731;7275;44767;44707;32501;44702;9791;48367;42752;9881;38023;4871;60089;4872;9911;48582;48580;2000026;50793;51239;51240;48518;51094;2000243;2000241;9909;48831	4130	3098	3456.5	2783	4356	303	1224.5	3811	3568	7183	2809.5	7565	1352	6227.5	1725.5	3976.5	2304.5	8946.5	8720.5	1747	2058	8695.5	2965	2575	77757.5	3.887.875
ORTHO006953	Phosphotyrosine protein phosphatases superfamily protein	AT5G56610	8138;4721;16791;42578;16788;16787;3824;3674;8152;8150;16311;6796;6793;44237;9987;6470;6464;36211;19538;43170;71704;44238;43412;44267;44260;5737;44424;44464;5575;5623;5622;46855;44723;5975;44710;44699;46838;44262;71545;43647;19637;19751;6066;1901615;44281;44763;46174;46164;1901616;1901575;9056;44282;44712;46434;4439;34593;52866;34595	4131	5128	5353.5	6576	2982.5	8050	6430	1263.5	5851.5	1655.5	2653	6316	7743	8511.5	8203.5	7782	8220	5221.5	2587	757.5	1239.5	6714	1594	7860.5	98653.5	4.932.675
ORTHO004379	RAB GTPase homolog A5E	AT1G05810;AT2G31680;AT2G43130	3924;17111;16462;16818;16817;16787;3824;3674;8152;8150;6886;15031;45184;51234;51179;8104;33036;71702;6810;46907;51649;51641;34613;70727;5525;35639;1901265;1901363;5488;97159;43168;43167;32550;32549;1882;36094;97367;1883;32561;19001;17076;166;32555;32553;5768;43231;43227;43226;5575;43229;44424;44464;5623;5622;44444;5737;12505;32482;7265;7264;35556;7165;50794;50789;65007;51716;9987;50896;7154;44763;44699;44700;23052;5829;5794;5886;16020;71944;5795;98791;44431;44446;44422;31984;139;98588;31090;5798;16023;31988;31982;31410;9408;9266;9628;6950;5515;5802;48219;6891;48193;1902582;44765;1902578;16192	4132	6054	4068.5	4005	2982.5	6382	5466	5813.5	8928.5	4974	2539	3422.5	6071.5	1800.5	4462	3976.5	2928.5	3580	6185.5	4258.5	753.5	4612.5	2877	5806	84837.5	4.241.875
ORTHO003332	unknown protein	AT3G44280;AT5G22280	8150;3674;5739;43231;43227;43226;5575;43229;44424;44464;5623;5622;44444;5737;5634	4133	7746	4712.5	5292	6664	7071.5	5955	8127	2338	6498.5	2539	8494.5	1352	906.5	3047.5	5325.5	4942.5	985	6185.5	1678.5	7052	5132.5	7611.5	6210	91452.5	4.572.625
ORTHO000901	glycosyl hydrolase family 10 protein / carbohydrate-binding domain-containing protein	AT1G10050;AT1G58370;AT4G08160	4553;16798;16787;3824;3674;8152;8150;5975;71704;44238;5576;5575;31176;97599;45493;45491;10410;10383;5976;43170;44036;44260;44237;9987;71554;272;16052;1901575;9056;9057;5618;30312;44464;5623;71944	4134	4069	2568.5	1003	5121	228.5	5974	5813.5	6943.5	4440.5	2539	6797	4677	4244	3047.5	1606	105	2199.5	3352	1248	4103	1910	928.5	2314	62470.5	3.123.525
ORTHO007780	FUNCTIONS IN: molecular_function unknown	AT5G03345	31901;10008;98588;31090;16020;5575;44422;43226;43227;44440;44444;44424;44464;5623;5622;5737;44446;43229;5768;43231;12505;98805;5769;139;44431;5794;8150;5789;44432;5783;44425;42175;5739;16021;31224;3674	4135	5399	4389	4643	2982.5	8391.5	6430	3939	6379.5	7094.5	6543	7968.5	1352	3283.5	3521.5	5325.5	8107.5	3121	418	1291.5	5422.5	3026	1802.5	4678.5	88096	4404.8
ORTHO007335	Encodes a thylakoid membrane protein involved in the accumulation of the cytochrome b6/f complex.	AT3G17930	9535;55035;42651;34357;16020;5575;44436;44424;44464;5623;5622;9579;44435;44444;5737;44446;44422;43226;43229;9536;43231;43227;31976;31984;44434;9507;9534;10190;17004;43623;6461;65003;43933;16043;71840;8150;9987;22607;44085;71822;70271;34622;3674	4136	2631	4491.5	4847	4356	3351.5	2328.5	1389	2069	4185	8984.5	3983	7031	6971	7258.5	2476	5329.5	5824	1031	4848	5637	6512.5	5762.5	4291.5	89263	4463.15
ORTHO005927	PRLI-interacting factor; putative	AT2G13690	16567;32446;70647;6464;36211;19538;43170;71704;8152;8150;44238;43412;44267;44260;44237;9987;5634;43231;43227;43226;5575;43229;44424;44464;5623;5622	4137	5538	3212	2287	2982.5	2999.5	6283.5	2838	1691	6198.5	3136.5	7977	3433.5	1800.5	3521.5	3976.5	4610.5	3121	3136.5	1356.5	5265	4612.5	3726	4898	74582	3729.1
ORTHO001222_1	2-oxoglutarate (2OG) and Fe(II)-dependent oxygenase superfamily protein	AT3G18210	55114;44710;8152;8150;44699;5506;46914;46872;43169;43167;5488;3674;31418;31406;43177;36094;43168;48029;30246;19842;16705;16491;3824;5634;43231;43227;43226;5575;43229;44424;44464;5623;5622;16706;51213	4138	6934	5732	7326	6100.5	2877	4118.5	5213.5	4953	855	7382.5	7039.5	8094	2711.5	3936.5	5325.5	5685	3580	6835.5	7408.5	8300	5376	8070	5806	103567.5	5.178.375
ORTHO008674	Encodes a protein involved in modification of nucleosides in tRNA. Mutants have 50% less 1-methylguanosine than wt counterparts.	AT5G47680	5634;43231;43227;43226;5575;43229;44424;44464;5623;5622;80179;1901068;46128;9119;9116;55086;6139;46483;44237;8152;8150;9987;6725;1901360;71704;34641;6807;44238;44281;44710;44699;44763;1901564;1901657;1901135;42278;72521;6400;9451;16070;44260;43170;90304;43412;8033;34470;34660;6396;10467;6399;8168;16741;16740;3824;3674;32259	4139	3687	4122.5	4106	2097	1777	575	3862.5	3598.5	7967.5	5325.5	7502.5	7377.5	5596	1184.5	6712.5	1642	8837	2386	3331	2701	7683.5	3040	4291.5	85391	4269.55
ORTHO008401	unknown protein	AT2G42975	9535;55035;42651;34357;16020;5575;44436;44424;44464;5623;5622;9579;44435;44444;5737;44446;44422;43226;43229;9536;43231;43227;31976;31984;44434;9507;9534;8150;3674	4140	2846	4194.5	4249	4356	4540.5	3758	1581	7561.5	4515	3136.5	5019	1352	6764.5	7017.5	2476	4135	5720	4795.5	4473	5779	5059	4887	3565	86135	4306.75
ORTHO008365	Protein of unknown function (DUF1218)	AT5G49320	5575;8150;3674	4141	2847	6343	8545	4356	7633.5	8627.5	917.5	1954.5	6459.5	3461	5435.5	8898	5223.5	551	1429.5	7469	7761	8673	8551.5	8300	8486	8952	7860.5	116644	5832.2
ORTHO008330	FMN binding	AT3G03890	10181;50662;48037;5488;3674;43168;43167;32553;97367;166;36094;1901265;1901363;97159;5576;5575;4733;16641;16638;16491;3824;8152;8150;55114;44710;44699;42823;19438;6725;44237;9987;44249;9058;9108;51188;51186;6732;42822;1901615;71704;6081;44763;19637;6793;72524;46483;1901360;34641;6807;1901564;6796;46184;1901576;44711;1901617;90407;72525;44271;18130;1901362;1901566;9507;9536;43231;43227;43226;43229;44424;44464;5623;5622;44444;5737	4142	2848	2365.5	589	4356	3557.5	1274.5	1204.5	2940	7125	4461	2000.5	4617.5	4179	2396.5	1606	8149.5	5221.5	1164.5	1094	287	762.5	779	2091	54911	2745.55
ORTHO007311	ARM repeat superfamily protein	AT4G15830	5737;44424;44464;5575;5623;5622;8150	4143	3895	3769.5	3396	4356	1423	5223.5	6428.5	6943.5	7094.5	2539	7812.5	3279.5	3815.5	2702.5	6712.5	7829	4154.5	3385	3676.5	3978	1566.5	1035	1825	81424	4071.2
ORTHO006409	breast cancer associated RING 1	AT1G04020	6281;6259;44260;43170;71704;8152;8150;44237;9987;90304;6139;46483;6725;1901360;34641;6807;44238;6974;33554;51716;50896;6950;44763;44699;44710;5515;5488;3674;724;725;6310;6302;80182;18023;18022;18205;18193;6464;36211;19538;43412;44267;6479;43414;32259;8213;51568;34968;16571;16570;16569;16568;6325;43933;16043;71840;51276;6996;1902589;8270;46914;46872;43169;43167;45892;1903507;1903506;2001141;31326;9889;19222;50789;65007;31323;50794;51252;19219;80090;51171;60255;10556;1902679;51253;10605;9892;48519;45934;51172;31324;48523;31327;9890;10558;10629;10468;6355;2000112;2000113;6351;34645;9059;1901576;9058;44249;97659;32774;16070;34654;19438;44271;18130;1901362;10467;3677;3676;1901363;97159;48366;48827;48856;32502;48367;44767;48731;7275;44707;32501;65004;71824;34622;65003;22607;44085;5634;43231;43227;43226;5575;43229;44424;44464;5623;5622;3713;3712;989;988;10492;10074;19827;98727;10073;48507;9888;48513;10078;10015;9653;48364;22622;9934;48509;2000026;50793;51239;22603	4144	2999	4164	4184	4356	3632	1247	9066.5	553.5	8535.5	5231.5	6344	3718.5	6764.5	7017.5	2476	2086	7525.5	926	2880.5	8400	4308.5	1767.5	3340.5	85821	4291.05
ORTHO004432	L-Aspartase-like family protein	AT1G36280;AT4G18440	6163;72521;46483;44237;8152;8150;9987;6725;1901360;71704;34641;6807;1901564;9117;6753;19637;6793;55086;6139;44238;44281;44710;44699;44763;6796;70626;16842;16840;16829;3824;3674;4018;9570;9532;44435;44444;44424;44464;5575;5623;5622;5737;44446;44422;43226;43229;9536;43231;43227;44434;9507;51262;51259;6461;65003;43933;16043;71840;22607;44085;71822;70271	4145	3868	3291.5	2438	2097	5580	2414	5813.5	4953	7094.5	2402	2086	4738	3815.5	3047.5	3976.5	8473.5	2199.5	3352	6467.5	4103	1778.5	1453	1906.5	75654	3782.7
ORTHO004940	ketopantoate hydroxymethyltransferase 1	AT2G46110;AT3G61530	15940;9108;51188;51186;44237;8152;8150;9987;44249;9058;6732;43604;43603;34641;6807;44271;15939;6767;6766;44281;44710;44699;6575;1901564;71704;32787;19752;43436;6082;44763;72330;46394;16053;44283;44711;1901576;42364;9110;42398;1901566;3864;16742;16741;16740;3824;3674;5739;43231;43227;43226;5575;43229;44424;44464;5623;5622;44444;5737;32259;8168;46872;43169;43167;5488;9507;9536;8270;46914;50897	4146	5678	3616.25	3086.5	5328	4530.5	1519.5	6652	6124	7183	3948.5	4877	4355	7699.5	8359	2821	3399	1440	3977	1632	3604.5	2608	4065	859.5	79654	3982.7
ORTHO007871	FUNCTIONS IN: molecular_function unknown	AT4G33625	5773;43231;43227;43226;5575;43229;44424;44464;5623;5622;44444;5737;5774;44437;44446;44422;98588;31090;16020;98805;3674;5634;8150	4147	3785	5457.5	6768	2097	3808	5632	4329	8838.5	6966.5	8964.5	6651.5	1352	5258.5	599	6712.5	2287	7785	1253	860	8909	8763	2855	7997	99821	4991.05
ORTHO009969	Cysteine proteinases superfamily protein	AT5G04250	8234;70011;8233;16787;3824;3674;8152;8150;6508;19538;43170;71704;44238;5737;44424;44464;5575;5623;5622	4148	7293	6334	8520	7947.5	3102.5	7978.5	6978.5	7455	7782	8537.5	7432	8859	5868.5	1209.5	5325.5	28.5	5626	5589.5	8935	3055	7992	6413.5	7997	116165	5808.25
ORTHO008538	vesicle-associated membrane protein 727	AT3G54300	5768;43231;43227;43226;5575;43229;44424;44464;5623;5622;44444;5737;12505;16020;16021;31224;44425;31201;98796;43234;32991;7033;6996;16043;71840;8150;9987;6623;1902580;51641;51179;1902578;44699;6605;6886;15031;45184;51234;8104;33036;71702;6810;46907;51649;34613;70727;1902582;44765;16482;72665;33365;72666;72594;7034	4149	2859	4170.5	4192	2097	1329	2528	4503	1753	855	1810	998	7743	7636	7487.5	2476	1102.5	6388.5	7353.5	5519.5	6810.5	7087	7818	4678.5	85876.5	4.293.825
ORTHO008630	OxaA/YidC-like membrane insertion protein	AT1G24490	16021;31224;44425;5575;16020;51205;90150;45184;51234;51179;8150;8104;33036;72657;44802;61024;16043;71840;9987;44763;44699;1902580;51641;1902578;34613;70727;9535;55035;42651;34357;44436;44424;44464;5623;5622;9579;44435;44444;5737;44446;44422;43226;43229;9536;43231;43227;31976;31984;44434;9507;9534;9658;9657;6996;3674;5886;71944;7165;50794;50789;65007;51716;50896;7154;44700;23052	4150	3592	6376	8602	2097	7324.5	7562.5	7192	8596	2799	8095	8194	1352	6764.5	7017.5	7782	793	4982.5	5851	8214	6578.5	7147.5	8026.5	3635.5	117907.5	5.895.375
ORTHO005432	Protein kinase superfamily protein with octicosapeptide/Phox/Bem1p domain	AT5G57610	6468;16310;6796;6793;44237;8152;8150;9987;6464;36211;19538;43170;71704;44238;43412;44267;44260;5524;35639;1901265;1901363;5488;3674;97159;43168;43167;32559;30554;17076;166;36094;32555;32553;97367;32550;32549;1882;1883;4674;4672;16301;16772;16740;3824;16773;4712;5634;43231;43227;43226;5575;43229;44424;44464;5623;5622	4151	3010	4506.5	4862	4356	5833.5	2328.5	4345	1839.5	5454	9015.5	1810.5	1352	6971	7258.5	7782	8849	6085	5851	4848	1239.5	3026	1453	4016	89357.5	4.467.875
ORTHO006284	photosystem I subunit O	AT1G08380	9535;55035;42651;34357;16020;5575;44436;44424;44464;5623;5622;9579;44435;44444;5737;44446;44422;43226;43229;9536;43231;43227;31976;31984;44434;9507;9534;9767;22900;6091;44237;8152;8150;9987;55114;44710;44699;44763;19684;15979;9522;9521;98796;43234;32991;44425;16021;31224;9768;9765;5515;5488;3674;5739	4152	4048	3185.5	2219	5284	5319	3430	6864	6379.5	5154.5	2402	1915.5	4617.5	3497	4705.5	2914	3053.5	5944.5	4165.5	5519.5	1682.5	2213.5	3634.5	627	74039	3701.95
ORTHO007151	Alg9-like mannosyltransferase family	AT1G16900	5789;98588;31090;16020;5575;44422;43226;43227;44432;44444;44424;44464;5623;5622;5737;44446;43229;5783;43231;12505;44425;42175;30433;43161;10498;51603;6508;19538;43170;71704;8152;8150;44238;44257;30163;9057;1901575;9056;44265;44260;44237;9987;44248;44267;6511;19941;43632;36503;44712;44710;44699;44763;10033;42221;50896;34976;33554;51716;6950;16021;31224;52926;26;30;16758;16757;16740;3824;3674;97502;70085;44723;5975;52918;16301;16772;16310;6796;6793;6490;44255;6629;1901137;1901135;1901576;9058;44711;4377;4376;30246;5488	4153	2763	3525.5	2898	1812	8716.5	924	1389	8259	1842.5	2653	3950.5	1352	8593	7349.5	2476	5329.5	5720	1086	1043.5	6696	4873	2570	3721	78544	3927.2
ORTHO006863	unknown protein	AT1G55160	5739;43231;43227;43226;5575;43229;44424;44464;5623;5622;44444;5737;8150;9507;9536;3674	4154	4284	3440.5	2727	2982.5	6529	2328.5	6573	7183.5	1893	1810	1198.5	5195	3815.5	3265	6712.5	562	3121	3792	6754	4668.5	3854	5902.5	2314	77471.5	3.873.575
ORTHO005621	Methyltransferase MT-A70 family protein	AT4G09980	8168;16741;16740;3824;3674;8152;8150;32259;3676;1901363;5488;97159;9793;44702;22414;44699;3006;32502;9790;44767;48856;7275;44707;32501;48316;48608;61458;48731;9791;10154;6139;46483;44237;9987;6725;1901360;71704;34641;6807;44238;5829;44444;44424;44464;5575;5623;5622;5737;5634;43231;43227;43226;43229;8757	4155	4787	2105	55	2982.5	3949	1410	3971	493.5	3581	241.5	998	1352	138	136.5	3183	2759	298	1423.5	3466.5	2621	357.5	1478.5	566	32423.5	1.621.175
ORTHO000525_3	O-fucosyltransferase family protein	AT1G35510	8150;5794;43231;43227;43226;5575;43229;44424;44464;5623;5622;44444;5737;12505;16757;16740;3824;3674;8152	4156	4286	2834.5	1513	2982.5	5211.5	3327	5813.5	1954.5	4161	3831.5	7737	4355	4179	2910	6712.5	1934	2558	2324.5	4630.5	1761	1466	2047.5	1434.5	68348.5	3.417.425
ORTHO005189	K-box region and MADS-box transcription factor family protein	AT5G23260	3677;3676;1901363;5488;3674;97159;48316;48608;3006;32502;8150;22414;48856;61458;48731;7275;44767;44699;44707;32501;44702;9791;10154;6355;1903506;2001141;31326;9889;19222;50789;65007;31323;50794;51252;19219;80090;51171;60255;10556;10468;2000112;6351;34645;44260;43170;71704;8152;44237;9987;9059;1901576;9058;44249;97659;32774;16070;90304;6139;46483;6725;1901360;34641;6807;44238;34654;19438;44271;18130;1901362;10467;80155;80154;43900;2000241;3700;1071;5634;43231;43227;43226;5575;43229;44424;44464;5623;5622;9813;9812;5515;2000029;1900376;43455;2000762;46983;48481;35670;48440;48827;48367;48437;48569;48513;9908;90567;48467;48438;8360;22604;22603;50793;51128;65008	4157	4462	3505.75	2854.5	5938.5	1329	8324.5	2460.5	1994.5	3823.5	2402	7837	1352	2711.5	5034.5	6712.5	3627.5	2199.5	3385	6467.5	4103	3222.5	5171.5	6057.5	78215.5	3.910.775
ORTHO000820	MutT/nudix family protein	AT4G12720;AT4G25434;AT5G47650	70212;6471;6486;44763;9987;8150;44699;6464;36211;19538;43170;71704;8152;44238;43412;44267;44260;44237;43413;70085;44723;5975;44710;9101;9100;1901135;34645;9059;1901576;9058;44249;1901137;80041;19144;16462;16818;16817;16787;3824;3674;9651;6970;9628;50896;6950;5634;43231;43227;43226;5575;43229;44424;44464;5623;5622;5886;16020;71944;10581;2000904;10675;6109;80090;19222;50789;65007;31323;50794;32881;60255;10962;32885;10556;9889;43255;2000112;31326;47631;42742;9617;51707;43207;9605;9607;51704;98542;6952;5829;44444;5737;9626;34050;12501;8219;16265;45087;6955;2376;33554;51716;10193;302;6979;1901700;42221;1101;10035;5515;5488;51287;50662;48037;166;36094;1901265;1901363;97159;9870;2218;2253;50778;48584;48518;48583;50776;2682;2684;45089;31349;31347;80134;45088;7165;7154;44700;23052;210;4551;80042;17110;46872;43169;43167	4158	5968	5429	6700	2982.5	8716.5	6820.5	2711	3598.5	8168.5	5208.5	7536	1352	8511.5	7548.5	6712.5	9066	8636.5	2632.5	2665	321.5	572.5	365	8258.5	99401.5	4.970.075
ORTHO005037	translocase of outer membrane 7 kDa subunit 2	AT1G64220;AT5G41685	16021;31224;44425;5575;16020;30150;1902580;51641;51179;8150;1902578;44699;16482;46907;6810;51234;51649;70585;33365;34613;70727;33036;8104;72655;72594;45184;1990542;6839;1902582;44765;55085;44763;9987;44743;17038;15031;71702;65002;6886;71806;6626;6605;7005;6996;16043;71840;5742;98799;98796;43234;32991;98798;44429;44444;44424;44464;5623;5622;5737;44446;44422;43226;43229;5739;43231;43227;44455;31966;31090;5740;31967;31975;5741;31968;19867;98805;98588;8565;22892;5215;3674	4159	6327	3662	3165	5651.5	2385.5	5545	2903.5	3724.5	5808	4217.5	7828.5	7121	3408	2702.5	3976.5	8520.5	2199.5	4293	4258.5	4103	1910	779	4413.5	80097.5	4.004.875
ORTHO001900	Aluminium activated malate transporter family protein	AT4G00910	9705;5774;44437;44444;44424;44464;5575;5623;5622;5737;44446;44422;43226;43229;5773;43231;43227;98588;31090;16020;98805;325;15140;15556;5310;46943;8514;8509;15075;22891;22857;5215;3674;6810;51234;51179;8150;55085;44763;9987;44699;44765;1902578;22892;34220;6811;98656;6820;15711;71702;5342;1903825;15849;46942;6835;15740;71423;15743	4160	6838	3874	3588	7245.5	4540.5	8364	6323	5258	5501.5	6173.5	8092	4281	4371.5	6192.5	2476	3097.5	1260.5	3233.5	4169.5	3264	1466	3339	1009	82412.5	4.120.625
ORTHO006297	Ribosomal protein L22p/L17e family protein	AT1G52370;AT4G28360	6412;43043;43604;43603;34641;6807;8152;8150;44237;9987;44271;44249;9058;6518;1901564;71704;1901566;1901576;44267;19538;43170;44238;44260;34645;9059;10467;3735;5198;3674;9507;9536;43231;43227;43226;5575;43229;44424;44464;5623;5622;44444;5737;5840;30529;32991;43232;43228;44822;3723;3676;1901363;5488;97159;5739	4161	3680	3829	3497	2097	176	1881	3243.5	54.5	1970.5	7594	998	5740	4179	5254.5	6712.5	4761	4507	4715	7692.5	6696	5213.5	7486	3103.5	81978	4098.9
ORTHO004283	zinc finger (CCCH-type) family protein / RNA recognition motif (RRM)-containing protein	AT3G27700	46872;43169;43167;5488;3674;166;36094;1901265;1901363;97159;3677;3676;5634;43231;43227;43226;5575;43229;44424;44464;5623;5622;3723;8150	4162	2914	4106	4050	2097	8902	1204	279.5	2069	8934.5	454	7634	6316	6764.5	6867.5	2476	8250.5	8759	3067.5	4331	1673.5	1910	2037	3179.5	85109	4255.45
ORTHO000371	endonuclease/exonuclease/phosphatase family protein	AT1G11800;AT1G11820;AT1G66250;AT2G01630	5634;43231;43227;43226;5575;43229;44424;44464;5623;5622;4519;4518;16788;16787;3824;3674;8152;8150;90305;90304;6139;46483;44237;9987;6725;1901360;71704;34641;6807;44238;43170;4527;8270;46914;46872;43169;43167;5488;6952;6950;50896;42973;8422;15926;4553;16798;5576;31225;31224;44425;16020;5975;5886;71944;46658;31226;44459	4163	4700	3181.75	2200.5	1551	5704	6810	6652	5851.5	5634	3366.5	1915.5	3416	3497	6137	2080.5	2990.5	5886.5	3630	3797	670.5	1407.5	3072.5	1394.5	73913	3695.65
ORTHO002777	Ribosomal protein L39 family protein	AT4G31985	6412;43043;43604;43603;34641;6807;8152;8150;44237;9987;44271;44249;9058;6518;1901564;71704;1901566;1901576;44267;19538;43170;44238;44260;34645;9059;10467;3723;3676;1901363;5488;3674;97159;22625;15934;44391;30529;32991;5575;44424;44464;5623;5622;44444;5737;44446;44422;43226;43229;5840;43232;43228;44445;5829;22626;3735;5198	4164	8183	5276.25	6388.5	8763.5	3054.5	8843	4088	8856.5	8063.5	7040	8654.5	3070	906.5	2396.5	8358	6549	451.5	459	6001	1475.5	4067	7156	7952.5	97442.5	4.872.125
ORTHO002770	PB1 domain-containing protein tyrosine kinase	AT1G04700;AT3G24715	4674;4672;16301;16772;16740;3824;3674;8152;8150;16310;6796;6793;44237;9987;16773;6468;6464;36211;19538;43170;71704;44238;43412;44267;44260;5829;44444;44424;44464;5575;5623;5622;5737;5524;35639;1901265;1901363;5488;97159;43168;43167;32559;30554;17076;166;36094;32555;32553;97367;32550;32549;1882;1883;4712;5886;16020;71944	4165	4926	5983	7801	2982.5	5319	3224.5	2250	8207	1709.5	2129.5	1687.5	1352	8485	8203.5	7782	693.5	6085	8380.5	8967.5	8873.5	7470	8348.5	8062	107230	5361.5
ORTHO003733	Transducin/WD40 repeat-like superfamily protein	AT2G32950	5634;43231;43227;43226;5575;43229;44424;44464;5623;5622;32436;1901800;1903052;1903050;1903362;31329;9894;19222;50789;65007;8150;31323;50794;42176;51246;80090;60255;32268;30162;1903364;32270;31325;9893;48518;48522;51247;10604;31331;9896;45732;45862;61136;32434;5515;5488;3674;9640;9639;9416;9314;9628;50896;9791;44767;32502;44699;44707;32501;7275;10224;9411;9647;9646;9642;6281;6259;44260;43170;71704;8152;44237;9987;90304;6139;46483;6725;1901360;34641;6807;44238;6974;33554;51716;6950;44763;44710;16604;44451;44428;44446;44422;5654;31981;70013;43233;31974;48573;9648;10228;3006;22414;48608;48856;61458;48731;152;151;1990234;1902494;43234;32991;5737;80008;31461;10119;4842;19787;16740;3824;16567;32446;70647;6464;36211;19538;43412;44267;9649;9605;42752;61630;61659;9963;9891;9889;9962;9641;46283;9812;42440	4166	4345	3581.5	2997	2982.5	1227	5105.5	6741	2069	7539	2129.5	1198.5	5338.5	3461.5	5413.5	3976.5	2581.5	3121	3944	3976	4833.5	4067	5678	6732.5	79133	3956.65
ORTHO000255_3	cytochrome P450; family 78; subfamily A; polypeptide 5	AT1G13710;AT1G74110	35265;44707;32501;8150;44699;48589;44767;32502;40007;46622;48639;45927;48518;50789;65007;40008;51094;50793;48638;51240;51239;46620;10338;48645;48646;9653;48856;9887;48513;48731;7275;9965;48366;48827;48367;10016;10075;48509;2000026;10073;48507;9888;55114;44710;8152;40009;16021;31224;44425;5575;16020;48437;44702;22414;3006;48569;9908;90567;48608;61458;9791;5783;43231;43227;43226;43229;44424;44464;5623;5622;44444;5737;12505;19825;5488;3674;8284;48522;50794;42127;9507;9536	4167	6743	6204	8241	5748	7411.5	7778	3381	3991.5	8535.5	1144	7055.5	3650.5	7101	8093.5	5325.5	1189	6854.5	7987	1775	8264.5	7259	7048.5	7860.5	111705.5	5.585.275
ORTHO006762	Protein kinase superfamily protein	AT2G28250	5886;16020;5575;44464;5623;71944;5768;43231;43227;43226;43229;44424;5622;44444;5737;12505;16301;16772;16740;3824;3674;8152;8150;16310;6796;6793;44237;9987;10089;10087;9888;48856;32502;10008;98588;31090;44422;44440;44446;98805;51020;19899;5515;5488	4168	3825	5667	7166	4356	7583.5	5997.5	2796	1481	3055	3702.5	5019	1352	5238.5	599	6712.5	7788.5	7821.5	9133	6754	1943.5	8954.5	8840	7768	102539.5	5.126.975
ORTHO004396	SNARE-like superfamily protein	AT5G58060	5794;43231;43227;43226;5575;43229;44424;44464;5623;5622;44444;5737;12505;31201;98796;43234;32991;44425;16020;6906;48284;6996;16043;71840;8150;9987;16050;90174;44801;44802;61024;44763;44699;61025;1902589;16192;6810;51234;51179;5634;5829;149;5515;5488;3674;6887;32940;46903;44765;1902578;51649;51641;5484	4169	954	2315.25	461.5	4356	8007.5	360	917.5	1328.5	1926.5	804.5	212.5	7498	4662.5	6378.5	508.5	450	5720	418	234.5	4519	2763	3393.5	1615.5	51718	2585.9
ORTHO005904	unknown protein	AT2G32980	5634;43231;43227;43226;5575;43229;44424;44464;5623;5622;31023;6996;16043;71840;8150;9987;226;7010;1902589;44763;44699;7017;910;22402;7049;51301;5515;5488;3674;7067;280;48285;1903047;278;7020;46785;31109;51258;43623;6461;65003;43933;22607;44085;71822;70271;34622;51225;70925;7051	4170	3494	4808.5	5447	2097	1594	1204	8979	3753	8446	8651	5823	3990.5	5564	1168.5	6712.5	8220	7073	857	4444	1178	7725	2437.5	4484	92304	4615.2
ORTHO007771	Protein of unknown function (DUF1637)	AT1G18490	70483;1666;36293;70482;9628;50896;8150;6950;3032;9593;51606;42221;5634;43231;43227;43226;5575;43229;44424;44464;5623;5622;9061;45333;15980;6091;44237;8152;9987;55114;44710;44699;44763;5737;47800;16702;16701;16491;3824;3674;51213;18171;18198;18193;6464;36211;19538;43170;71704;44238;43412;44267;44260;18158;46872;43169;43167;5488;17172	4171	3831	6298	8425	2097	3270.5	5560.5	7244.5	8101	6934	2402	8272.5	6895.5	6764.5	7129	7782	5864.5	4887	2555	4473	6908	7259	8202.5	3841	114346	5717.3
ORTHO008397	Transducin/WD40 repeat-like superfamily protein	AT4G00090	5737;44424;44464;5575;5623;5622;5783;43231;43227;43226;43229;44444;12505;166;36094;5488;3674;1901265;1901363;97159	4172	2905	2645.5	1119	4356	994.5	1881	4133.5	597.5	4610	1623	1576.5	5740	3815.5	5034.5	1830	3891.5	5221.5	4388	4392	4445	2213.5	4564	3005.5	63957	3197.85
ORTHO006445	unknown protein	AT5G50350	6979;6950;50896;8150;3674;5634;43231;43227;43226;5575;43229;44424;44464;5623;5622	4173	3054	2720	1267	4356	2295.5	7010.5	6741	1753	930.5	5333	1198.5	5338.5	3815.5	3265	1606	4135	4982.5	3199	2409.5	3719.5	1695	3758.5	2575	65761	3288.05
ORTHO006624	Galactose oxidase/kelch repeat superfamily protein	AT5G42350;AT5G42360	19005;31461;151;1990234;1902494;43234;32991;5575;44424;44464;5623;5622;3674;1558;40008;50789;65007;8150;51128;50794;8361;32535;90066;65008;16043;71840;9987;44763;44699;5634;43231;43227;43226;43229	4174	2587	4536.75	4899.5	4356	6417	2951	1204.5	460	2025.5	1981	3108	7189	7300	7349.5	2476	5962.5	6265.5	6327	5002	5903.5	6714	6624.5	4291.5	89552	4477.6
ORTHO008292	unknown protein	AT3G04560	5829;44444;44424;44464;5575;5623;5622;5737;5525;35639;1901265;1901363;5488;3674;97159;43168;43167;32550;32549;1882;36094;97367;1883;32561;19001;17076;166;32555;32553;19003;3924;17111;16462;16818;16817;16787;3824;8152;8150	4175	2801.5	3863.5	3552	4356	1500	3628.5	1389	2069	8535.5	2653	6171.5	3836	6971	7195	2476	1396.5	6085	5430	4848	1875	6512.5	5762.5	3920	82254	4112.7
ORTHO005088	MAP kinase kinase 2	AT4G29810	5886;16020;5575;44464;5623;71944;4672;16301;16772;16740;3824;3674;8152;8150;16310;6796;6793;44237;9987;16773;6468;6464;36211;19538;43170;71704;44238;43412;44267;44260;187;43406;71902;45860;45859;43549;42325;19220;51174;31323;50794;50789;65007;19222;51338;50790;65009;1932;31399;32268;51246;80090;60255;1934;42327;45937;10562;31325;9893;48518;48522;31401;32270;51247;10604;33674;51347;43085;44093;71900;43405;43408;1902531;9966;10646;48583;23051;43410;1902533;9967;10647;48584;23056;32147;165;23014;7165;51716;50896;7154;44763;44699;44700;23052;44710;35556;9631;9409;9266;9628;6950;4708;4712;5515;5488;9651;6970;60918;9914;10817;65008;44765;6810;51234;51179;1902578;5622;9814;98542;6952;51707;43207;9605;9607;51704;45087;6955;2376;10051;3002;7389;44767;32502;44707;32501;7275;5737;44424	4176	6925	4590.5	5005	7947.5	4827.5	5048.5	7762	2979	6733	6173.5	5489.5	7031	2711.5	2702.5	5325.5	4054.5	1669.5	4830.5	5062.5	4946	3854	4451.5	4413.5	90065.5	4.503.275
ORTHO003116	unknown protein	AT3G46430;AT5G59613	5739;43231;43227;43226;5575;43229;44424;44464;5623;5622;44444;5737;5753;98800;98796;43234;32991;44425;16020;98798;44429;44446;44422;44455;31966;31090;5740;31967;31975;5743;19866;45259;16469;8150;5750;45275;1902495;1990351;16021;31224;1990204;1902494;70069;98803;70469;5746;3674	4177	8100	5372.5	6568	7245.5	4620	2627.5	7762	5484	8319	7886	7376	4677	906.5	1910.5	5325.5	5561	663.5	6185.5	5726.5	6431	2923.5	6624.5	7591	98600.5	4.930.025
ORTHO002382	Cation efflux family protein	AT3G58060	61088;32879;50789;65007;8150;50794;2000021;32844;16020;5575;71577;98662;98660;34220;6811;44765;6810;51234;51179;1902578;44699;55085;44763;9987;98655;6812;6829;41;30001;70838;72511;10043;10038;10035;42221;50896;1990267;8324;15075;22891;22857;5215;3674;22892;5634;43231;43227;43226;43229;44424;44464;5623;5622;5385;72509;22890;46915;46873;15562	4178	5183	2107.5	37	5552	726.5	1627	1114.5	138.5	4372	397.5	3034.5	1352	138	136.5	3183	2133.5	464	2241.5	3448	3118.5	338.5	1181	561.5	29706.5	1.485.325
ORTHO002655	high mobility group B2	AT1G20693;AT1G20696	785;44427;44446;44422;5575;43226;44424;44464;5623;5622;43229;5694;43232;43228;32991;30527;5198;3674;5634;43231;43227;3700;1071;2001141;31326;9889;19222;50789;65007;8150;31323;50794;51252;19219;80090;51171;60255;10556;6355;1903506;10468;2000112;3682;44877;5488;3677;3676;1901363;97159;5829;44444;5737;6333;6325;43933;16043;71840;9987;51276;6996;6338;16568	4179	7295	2195	211	7947.5	880.5	2155	3914.5	1328.5	7485	5104.5	7668.5	1352	138	136.5	3273.5	2717.5	168.5	1612.5	2496	2533.5	157.5	303.5	382.5	43808	2190.4
ORTHO008268	XAP5 family protein	AT2G21150	5634;43231;43227;43226;5575;43229;44424;44464;5623;5622;35196;70918;31050;6396;16070;44260;43170;71704;8152;8150;44237;9987;90304;6139;46483;6725;1901360;34641;6807;44238;10467;44763;44699;44710;71359;71407;14070;10033;42221;50896;71310;70887;51716;43331;1901698;1901699;31047;16458;10629;10605;9892;48519;50789;65007;19222;60255;10468;35195;35194;16441;10608;40029;10099;48580;2000026;50793;51239;2000030;48583;9873;160;35556;7165;50794;7154;44700;23052;9755;32870;9725;9719;71495;71369;9723;10114;9639;9416;9314;9628;3674;42752;9637	4180	2917	2484.5	789	4356	194.5	2080	1547.5	493.5	3504.5	1623	1471	6456	3815.5	5254.5	1830	4252.5	5221.5	4795.5	4527	228.5	3026	5021	3565	58907	2945.35
ORTHO006828	homeobox-leucine zipper protein 17	AT2G01430	3700;1071;3674;2001141;31326;9889;19222;50789;65007;8150;31323;50794;51252;19219;80090;51171;60255;10556;6355;1903506;10468;2000112;5634;43231;43227;43226;5575;43229;44424;44464;5623;5622;6351;34645;44260;43170;71704;8152;44237;9987;9059;1901576;9058;44249;97659;32774;16070;90304;6139;46483;6725;1901360;34641;6807;44238;34654;19438;44271;18130;1901362;10467;43565;3677;3676;1901363;5488;97159	4181	6398	4344.5	4508	7245.5	4675.5	4638.5	4571	5484	8535.5	5647.5	5795.5	7031	2711.5	2396.5	3976.5	3589	2199.5	4059	5852	3870	3754	4391	4174.5	87352	4367.6
ORTHO001098	ribosomal protein S27	AT3G61110;AT5G47930	28;22618;71826;43933;16043;71840;8150;9987;34622;65003;22607;44085;22613;42255;70925;6996;42254;42274;6412;43043;43604;43603;34641;6807;8152;44237;44271;44249;9058;6518;1901564;71704;1901566;1901576;44267;19538;43170;44238;44260;34645;9059;10467;3735;5198;3674;44822;3723;3676;1901363;5488;97159;22627;15935;44391;30529;32991;5575;44424;44464;5623;5622;44444;5737;44446;44422;43226;43229;5840;43232;43228;44445;5829;22626;9506;5911;30054;55044;5618;30312;71944;5886;16020	4182	3990	3104.5	2027	5748	4633.5	5521	3515	2628	7485	4046	7933	1352	4134.5	1758.5	1606	3192	4326.5	2179.5	3933	3646	2328.5	3884	4678.5	72780.5	3.639.025
ORTHO002082	peroxisomal NAD-malate dehydrogenase 1	AT2G22780;AT5G09660	30060;16616;16614;16491;3824;3674;8152;8150;55114;44710;44699;16615;80093;31326;9889;19222;50789;65007;31323;50794;5777;42579;43231;43227;43226;5575;43229;44424;44464;5623;5622;44444;5737;31998;31329;9894;46320;19217;10565;19216;80090;50994;9507;9536;6099;6101;72350;19752;43436;6082;71704;44281;44763;9987;44237;44238;9060;45333;15980;6091;9514;6108;43648;6097;44723;5975;44262;46487;6081;32787;48046;5576;5773;9941;9526;31967;31975;44446;44422;44435;44434;9735;9725;9719;50896;10033;42221	4183	2141	4779.5	5376	4356	3739.5	1744	3680	597.5	3267	1312.5	1400	8446	8151	9129.5	2476	562	6982	1374.5	7138.5	8468.5	7923.5	8748.5	6801.5	91942	4597.1
ORTHO003013	CONTAINS InterPro DOMAIN/s: NTP Pyrophosphohydrolase MazG-related; RS21-C6 (InterPro:IPR011394); EAR (InterPro:IPR009039); NTP pyrophosphohydrolase MazG; putative catalytic core (InterPro:IPR004518)	AT3G25400	8150;5737;44424;44464;5575;5623;5622;3674	4184	4275	2619	1054	1689.5	4208.5	3430	3301	2202	1462	8404	4805.5	4398	504	5886	1339	7421.5	1114.5	3149.5	4169.5	3154	1110.5	2749.5	344.5	63153.5	3.157.675
ORTHO007649	NAC (No Apical Meristem) domain transcriptional regulator superfamily protein	AT1G76420	6351;34645;44260;43170;71704;8152;8150;44237;9987;9059;1901576;9058;44249;97659;32774;16070;90304;6139;46483;6725;1901360;34641;6807;44238;34654;19438;44271;18130;1901362;10467;6355;1903506;2001141;31326;9889;19222;50789;65007;31323;50794;51252;19219;80090;51171;60255;10556;10468;2000112;5634;43231;43227;43226;5575;43229;44424;44464;5623;5622;3700;1071;3674;10199;10160;48859;44767;32502;44699;48646;9653;48856;3002;7389;44707;32501;7275;48645;9887;48513;48731;10014;9933;48532;48507;9888;3677;3676;1901363;5488;97159	4185	3520	5837.5	7490	2097	1658.5	3863.5	8719.5	8721	1155	2992.5	2640.5	6617.5	6764.5	7082.5	7782	737	5221.5	6785	8320	6696	7259	8115.5	3721	104852	5242.6
ORTHO003416	phosphoenolpyruvate carboxylase-related kinase 1	AT1G12580	46777;6468;16310;6796;6793;44237;8152;8150;9987;6464;36211;19538;43170;71704;44238;43412;44267;44260;5634;43231;43227;43226;5575;43229;44424;44464;5623;5622;4674;4672;16301;16772;16740;3824;3674;16773	4186	6794	5217.5	6249	6100.5	1500	8162.5	5121.5	6493	6081	7040	2553.5	7963	2711.5	3936.5	3976.5	1605.5	4253	6531	6960	6908	4525.5	3884	6456	96662	4833.1
ORTHO005783	Galactose oxidase/kelch repeat superfamily protein	AT5G04420	8150;5737;44424;44464;5575;5623;5622;5829;44444;5634;43231;43227;43226;43229	4187	4012	3188.5	2190	2097	7169.5	3960	1912	1481	502	1312.5	7997	1352	3815.5	4462	6712.5	494	4507	4485	5606	5265	4525.5	5407	2850	73815.5	3.690.775
ORTHO002857	protein kinase family protein	AT5G21222;AT5G25630	4672;16301;16772;16740;3824;3674;8152;8150;16310;6796;6793;44237;9987;16773;6468;6464;36211;19538;43170;71704;44238;43412;44267;44260;4674;5524;35639;1901265;1901363;5488;97159;43168;43167;32559;30554;17076;166;36094;32555;32553;97367;32550;32549;1882;1883;5739;43231;43227;43226;5575;43229;44424;44464;5623;5622;44444;5737;9507;9536	4188	5817	5882.5	7577	2982.5	7116	3025	6142.5	3957.5	4362.5	6763.5	8224	1352	1800.5	5254.5	3976.5	6409	3949	7042	8320	7386	6266	6854	7190.5	105391	5269.55
ORTHO005397	D111/G-patch domain-containing protein	AT1G30480	6281;6259;44260;43170;71704;8152;8150;44237;9987;90304;6139;46483;6725;1901360;34641;6807;44238;6974;33554;51716;50896;6950;44763;44699;44710;166;36094;5488;3674;1901265;1901363;97159;5634;43231;43227;43226;5575;43229;44424;44464;5623;5622;3723;3676;9507;9536;44444;5737	4189	1594	5066.5	5944	4356	235.5	5187.5	1912	493.5	1462	982	7162	1352	9044.5	6728	7782	1102.5	7571	8655.5	5002	8618.5	8454	8952	4291.5	94988	4749.4
ORTHO004588	unknown protein	AT2G23370;AT4G34090	5739;43231;43227;43226;5575;43229;44424;44464;5623;5622;44444;5737;8150;3674;9570;9532;44435;44446;44422;9536;44434;9507	4190	5460	6346	8502	2982.5	5090	8162.5	5813.5	6823.5	6934	6070	8014	5740	7699.5	7401.5	5325.5	4998.5	3949	5851	6960	4226.5	6182.5	5407	5222.5	115871	5793.55
ORTHO005582	Exostosin family protein	AT2G35100;AT5G44930	139;98588;31090;16020;5575;44422;43226;43227;44431;44444;44424;44464;5623;5622;5737;44446;43229;5794;43231;12505;5768;5802;98791;31984;3824;3674;8152;8150;16757;16740;16021;31224;44425;5515;5488;71555;45229;16043;71840;9987;71554;45489;271;5976;5975;71704;44238;43170;16051;44723;44710;44699;1901576;9058;44711;9059;45488;10393;35884;31221;9832;42546;44085;71669	4191	2537	3374	2557	4356	1423	5840	462	2202	266	2129.5	2851	7377.5	7536	7432.5	2476	1396.5	6330	6785	681.5	6431	6612.5	3810	4413.5	76455.5	3.822.775
ORTHO007030	unknown protein	AT4G12540	5634;43231;43227;43226;5575;43229;44424;44464;5623;5622;3674;8150	4192	3419.5	3186	2180	4356	4827.5	3327	6741	1994.5	6259.5	3269.5	7246.5	1352	4244	1812.5	6712.5	3059	7181.5	3575.5	6860	1311.5	1310	1094.5	1546.5	73725	3686.25
ORTHO009098	Adenine nucleotide alpha hydrolases-like superfamily protein	AT1G09740	16787;3824;3674;8152;8150;5737;44424;44464;5575;5623;5622	4193	3665	3666.25	3139.5	2097	4946.5	1881	1709	7455	789	865	743.5	5740	3815.5	5254.5	6712.5	294.5	4253	4756.5	7747	6810.5	5434	7554.5	3179.5	79941	3997.05
ORTHO005732	P-loop containing nucleoside triphosphate hydrolases superfamily protein	AT3G15120	9506;5911;30054;5575;55044;5886;16020;44464;5623;71944;16887;17111;16462;16818;16817;16787;3824;3674;8152;8150	4194	1598	4937	5680	1281	1423	2791.5	3572	2264	334.5	2129.5	5257	8754.5	4935	511.5	6075	1463.5	8251	2519	9028.5	9120	8888.5	9093.5	7075	93486.5	4.674.325
ORTHO008440	elongator protein 2	AT1G49540	44030;51052;19219;80090;19222;50789;65007;8150;51171;31323;50794;60255;31538;31537;9892;48519;9738;9755;7165;51716;9987;50896;7154;44763;44699;44700;23052;32870;9725;9719;10033;42221;71495;71310;70887;71215;9737;33993;97305;1901700;1101;71396;97306;1901701;71229;5737;44424;44464;5575;5623;5622;16573;16570;16569;16568;6325;43933;16043;71840;51276;6996;6464;36211;19538;43170;71704;8152;44238;43412;44267;44260;44237;1902589;44710;18393;18394;18205;18193;6473;43543;6475;5634;43231;43227;43226;43229;6355;1903506;2001141;31326;9889;51252;10556;10468;2000112;1901535;31349;31347;80134;48583;48584;48518;6979;6950;166;36094;5488;3674;1901265;1901363;97159;6351;34645;9059;1901576;9058;44249;97659;32774;16070;90304;6139;46483;6725;1901360;34641;6807;34654;19438;44271;18130;1901362;10467;16746;16740;3824;33588;43234;32991;2000024;48831;2000026;50793;51239;8284;48522;42127	4195	2831	3198.5	2202	4356	1089	1093.5	3549.5	460	6112	56	7055.5	1352	5613	892.5	1830	8360.5	8785	3032	3288	2779.5	8380.5	2642.5	7543.5	73914.5	3.695.725
ORTHO005579	Phosphoglycerate mutase family protein	AT1G12850;AT3G26780	5634;43231;43227;43226;5575;43229;44424;44464;5623;5622;8152;8150;3824;3674;5739;44444;5737;9451;16070;44260;43170;71704;44237;9987;90304;6139;46483;6725;1901360;34641;6807;44238;43412;5829	4196	4855	3514	2832	2982.5	3136.5	6755	2838	6124	8934.5	5726.5	4566	3313	1800.5	2910	6712.5	3152.5	2199.5	2052.5	3976	3391.5	2213.5	3795.5	4413.5	78011	3900.55
ORTHO007820	Protein of unknown function (DUF1399)	AT1G56230	5634;43231;43227;43226;5575;43229;44424;44464;5623;5622;3674;8150;5886;16020;71944	4197	3425	3265	2333	4356	4693.5	8686	5439.5	5355.5	4892	5726.5	551.5	4417	3815.5	1758.5	6712.5	3183	2199.5	3039	3331	3454.5	2213.5	3821	1519	74808.5	3.740.425
ORTHO000383	U-box domain-containing protein kinase family protein	AT2G45910;AT3G49060	5886;16020;5575;44464;5623;71944;16301;16772;16740;3824;3674;8152;8150;16310;6796;6793;44237;9987;5634;43231;43227;43226;43229;44424;5622	4198	5839	5762.5	7327	5552	7677.5	3327	5698.5	8900	1584.5	7734.5	2343.5	6071.5	1800.5	5034.5	1606	5864.5	3949	6700.5	7871	6180.5	5434	7335	8491	103603.5	5.180.175
ORTHO008629	transducin family protein / WD-40 repeat family protein	AT3G18860	5634;43231;43227;43226;5575;43229;44424;44464;5623;5622;166;36094;5488;3674;1901265;1901363;97159;8150;5829;44444;5737;9506;5911;30054;55044	4199	3672	5070.5	5942	2097	1777	1274.5	2711	7455	5665	3596.5	6404.5	3632.5	6601.5	6867.5	7782	8695.5	4507	4795.5	884	4946	6714	7486	3179.5	94974.5	4.748.725
ORTHO005616	Protein of unknown function (DUF1644)	AT3G24740	5634;43231;43227;43226;5575;43229;44424;44464;5623;5622;3674;8150	4200	2548	3291.5	2383	4356	4865.5	2234.5	917.5	8392	432	8842.5	743.5	5740	3374	6137	6712.5	3891.5	5221.5	4388	4392	569	2213.5	4564	1546.5	75177	3758.85
ORTHO001238	exocyst subunit exo70 family protein A1	AT5G03540;AT5G52340;AT5G52350	6887;16192;6810;51234;51179;8150;32940;46903;44765;1902578;44699;51649;51641;44763;9987;5856;43232;43228;43226;5575;43229;44424;44464;5623;5622;5618;30312;71944;16020;5886;5829;44444;5737;1901703;8104;33036;9926;60918;9914;10817;65008;65007;919;22607;16043;71840;44085;1902410;32506;22402;7049;910;51301;1903047;278;61640;281;911;48354;10192;10191;44237;8152;44249;9058;48359;10214;3006;32502;22414;48856;48316;48608;61458;48731;7275;44767;44707;32501;44702;9791;10154;70062;31988;43227;31982;1903561;43230;44421;5576;65010;5634;43231;48364;48513;22622;42814;9826;902;32989;9653;48869;60560;48589;40007;16049;9506;5911;30054;55044;5515;5488;3674;9504;6904;48278;22406;9524;10102;10101;10015;9886;48528;48569;48527;145;44448;5938;43234;32991;9507;9536;90404;35838;51286;60187;30427;44463;42995;90406	4201	3962	5770	7339	4356	2908.5	4928.5	3065	3019	6889	4137	7343	8306	5523.5	1109.5	1830	8300	7151.5	8228.5	9047	1673.5	8148	3284.5	8795.5	103687.5	5.184.375
ORTHO003345	NADPH-dependent thioredoxin reductase A	AT2G17420;AT4G35460	46686;10038;10035;42221;50896;8150;9846;44707;32501;44699;9856;44703;51704;22414;44706;4791;16209;3674;16668;16651;16491;3824;8152;55114;44710;16667;5829;44444;44424;44464;5575;5623;5622;5737;42964;19538;43170;71704;44238;34645;44260;44237;9987;9059;1901576;9058;44249;5759;44429;44446;44422;43226;43229;5739;43231;43227;70013;43233;31974;48316;48608;3006;32502;48856;61458;48731;7275;44767;44702;9791;10154;45454;19725;42592;65008;65007;44763;50794;50789;9507;9536;16049;40007;19430;6801;72593;1990748;98754;9636;71451;71450;34614;302;6979;6950;1901700;34599;33554;51716;70887;1901701;305;303;50660;50662;48037;5488;43168;43167;166;36094;1901265;1901363;97159;9941;9526;31967;31975;44435;44434	4202	7796	2626.5	1051	8202.5	2604.5	5661.5	4734	3135.5	4190.5	6343	5191.5	1352	1321.5	2396.5	5325.5	2033.5	474	857	2765	5422.5	678.5	456	8159	63101.5	3.155.075
ORTHO006179	FUNCTIONS IN: molecular_function unknown	AT2G26270;AT3G43930	8150;3674;5576;5575;5634;43231;43227;43226;43229;44424;44464;5623;5622	4203	4034	4108	4013	2097	1089	5705.5	2838	2505.5	5444	3917	503.5	8306	6099.5	1389	7360.5	7299	6737.5	552.5	6322.5	2557.5	8533	3606.5	4117.5	84883.5	4.244.175
ORTHO000753_2	asparagine synthetase 3	AT5G10240;AT5G65010	5829;44444;44424;44464;5575;5623;5622;5737;9416;9314;9628;50896;8150;4071;16211;16880;16879;16874;3824;3674;8152;6541;9064;1901605;6520;1901564;71704;6807;19752;43436;6082;44281;44710;44699;44763;9987;44237;44238;6529;43604;43603;34641;44271;44249;9058;6528;9066;9067;1901607;8652;46394;16053;44283;44711;1901576;1901566;4066;16884;42803;42802;5515;5488;46983;97164;9506;5911;30054;55044;42538;9651;6970;6950;6972	4204	6012	5815.5	7427	2982.5	8334.5	6200	6142.5	3568	7539	4783	5903.5	6316	8028.5	7518.5	5325.5	8051	7910.5	2249	3331	2150	3854	1235	5957	104396.5	5.219.825
ORTHO006306	unknown protein	AT3G15550	5737;44424;44464;5575;5623;5622;3674;8150	4205	2948	2792	1379	2097	4396.5	5545	1013.5	8259	295	8606.5	3218	1352	3815.5	3047.5	1606	3796.5	4982.5	3385	3208	3511.5	1466	3529.5	2121	67154.5	3.357.725
ORTHO004253	unknown protein	AT3G56360;AT5G05250	9536;43231;43227;43226;5575;43229;44424;44464;5623;5622;44444;5737;3674;8150	4206	5981	4783.5	5361	5328	6986.5	6514	8381.5	6943.5	3651	5540	6055	1352	8123.5	8793	3074	1294.5	2558	6056.5	1960	4833.5	4780.5	3779	1188	91864	4593.2
ORTHO002234	agenet domain-containing protein	AT1G09320;AT3G06520	8150;5634;43231;43227;43226;5575;43229;44424;44464;5623;5622	4207	6240	5232.5	6258	5238	8391.5	4904	8314.5	8423.5	8006.5	3792.5	4805.5	1352	7850	7619.5	2821	7943.5	1017	2754	6860	3719.5	3026	4158	945.5	96704	4835.2
ORTHO003855	Glycosyl hydrolase superfamily protein	AT1G30080;AT4G18340	5576;5575;4553;16798;16787;3824;3674;8152;8150;5975;71704;44238	4208	6333	6645	9082	5651.5	8077	5581	6978.5	8392	4730	8606.5	2640.5	8859	7300	8512	5325.5	7177	5056.5	7792.5	5094	8153	7786.5	8290	8258.5	132610	6630.5
ORTHO004134	RING-H2 finger C1A	AT2G40830	8270;46914;46872;43169;43167;5488;3674;5618;30312;44464;5575;5623;71944	4209	3881	3220	2231	2097	8926	7060	7409.5	3046	8535.5	3526	3983	4555.5	3815.5	1812.5	6712.5	3264.5	1669.5	188	518	864.5	2433.5	4165.5	1644	74129.5	3.706.475
ORTHO005791	basic helix-loop-helix (bHLH) DNA-binding superfamily protein	AT1G29950	5634;43231;43227;43226;5575;43229;44424;44464;5623;5622;6355;1903506;2001141;31326;9889;19222;50789;65007;8150;31323;50794;51252;19219;80090;51171;60255;10556;10468;2000112;3677;3676;1901363;5488;3674;97159;6351;34645;44260;43170;71704;8152;44237;9987;9059;1901576;9058;44249;97659;32774;16070;90304;6139;46483;6725;1901360;34641;6807;44238;34654;19438;44271;18130;1901362;10467;46983;5515;3700;1071	4210	4872	4038	3866	5938.5	7915	5430	6264	5144	763	1483.5	3034.5	6731.5	1800.5	5413.5	6712.5	4135	2199.5	552.5	3949.5	4833.5	4308.5	6538.5	6801.5	84010.5	4.200.525
ORTHO009068	Adenine nucleotide alpha hydrolases-like superfamily protein	AT1G48960	16787;3824;3674;8152;8150;5575	4211	6707	4317.5	4424	5748	3885	6630.5	4734	8634	8934.5	4497	8855.5	1352	6389.5	1266.5	3976.5	9154.5	8107	2696.5	3699	35	124	38	3984	86993	4349.65
ORTHO003943	Proteasome maturation factor UMP1	AT1G67250;AT5G38650	502;43234;32991;5575;44424;44464;5623;5622;5634;43231;43227;43226;43229;3674;5739;44444;5737	4212	3971	5708	7204	2097	1500	2627.5	2460.5	5994	2569	110	3422.5	7031	6971	7258.5	7782	6099.5	5518	7435.5	8691.5	7386	7567	8405	3920	102748.5	5.137.425
ORTHO004546	Transducin/WD40 repeat-like superfamily protein	AT5G05970	5634;43231;43227;43226;5575;43229;44424;44464;5623;5622;5635;44428;44446;44422;31967;31975;12505;2000694;70507;51493;33043;51128;50794;50789;65007;8150;32886;5828;5876;5874;44430;5856;43232;43228;43234;32991;15630;5819;80008;31461;151;1990234;1902494;166;36094;5488;3674;1901265;1901363;97159;9524;44444;5737;60236;90224;10564;51726;7346;9553;48229;7275;44767;32502;44699;44707;32501;48856;777;776;44427;5694;775;98687;779;793;9555;919;22607;16043;71840;9987;44085;1902410;32506;22402;44763;7049;910;51301;1903047;278;61640;281;911;32467;51781;48522;48518;51302;90068;45787;32465	4213	5586	6431.5	8650	2982.5	6784	6407	6978.5	8596	5694	1483.5	4670	7377.5	8316	7999	5325.5	867	5626	8141.5	2854.5	8153	7855	8321	7453	118902	5945.1
ORTHO008995	alpha/beta-Hydrolases superfamily protein	AT5G19630	5575;16787;3824;3674;8152;8150	4214	3552	3581	2948	4356	1227	6182	3441.5	1430.5	6551	3831.5	7861	4793	3815.5	3047.5	6712.5	3682	4507	3553	2156.5	5637	3222.5	5263	1958.5	78872.5	3.943.625
ORTHO006490	unknown protein	AT2G37750;AT5G02090	8150;3674;5739;43231;43227;43226;5575;43229;44424;44464;5623;5622;44444;5737	4215	4472	3893	3571	5938.5	1089	5770.5	2728	2645.5	8934.5	6543	5903.5	3773	7343.5	5034.5	7419	2086	3949	857	2092	3454.5	8091	3149	1473	82335.5	4.116.775
ORTHO005946	phosphate deficiency response 2	AT5G23630	5783;43231;43227;43226;5575;43229;44424;44464;5623;5622;44444;5737;12505;6874;6875;55065;98771;50801;48878;42592;65008;65007;8150;55080;30003;6873;55082;19725;44763;9987;44699;55074;72507;72503;48867;1709;48869;44767;32502;45165;30154;48865;48863;10152;21700;9555;48229;7275;44707;32501;48856;98655;6812;6811;44765;6810;51234;51179;1902578;34220;55085;16036;9267;31669;31667;9991;9605;50896;31668;51716;71496;7154;42594;6950;33554;19829;42625;42626;43492;42623;16887;17111;16462;16818;16817;16787;3824;3674;8152;15405;15399;22804;22857;5215;16820;15075;22891;22892;8324;5524;35639;1901265;1901363;5488;97159;43168;43167;32559;30554;17076;166;36094;32555;32553;97367;32550;32549;1882;1883;46872;43169;5887;31226;44459;44425;16020;5886;71944;31224;16021;10073;48507;9888;48513;48731;9846;9856;44703;51704;22414;44706	4216	3109	4348.5	4481	5151.5	361.5	1155	8102.5	8331	2405	5726.5	1810.5	7498	8456.5	8553	2821	4666	4595	8098.5	920	1250.5	7087	4178	1243	87258.5	4.362.925
ORTHO008676	unknown protein	AT4G32930	8150;5575;3674	4217	3556	3560	2903	2097	4561.5	2627.5	6741	6225	2124.5	1810	998	5740	3815.5	4462	3976.5	4252.5	3750.5	4113.5	7299	1830	4709	6854	2699.5	78589.5	3.929.475
ORTHO004448	mRNA capping enzyme family protein	AT3G20650	5634;43231;43227;43226;5575;43229;44424;44464;5623;5622;6370;6397;16071;16070;44260;43170;71704;8152;8150;44237;9987;90304;6139;46483;6725;1901360;34641;6807;44238;6396;10467;9452;36260;36265;1510;43414;32259;43412;9451;3824;3674;4482;8170;8168;16741;16740;8174;8757;8173;80009;16556;5845;34518;43234;32991	4218	4172	3654	3090	5938.5	4540.5	2528	2185	5144	2702	1312.5	998	5740	3815.5	5413.5	6712.5	4252.5	3580	4113.5	7299	5061.5	4709	6854	2699.5	79660.5	3.983.025
ORTHO004916	Calcium-dependent phosphotriesterase superfamily protein	AT2G16760;AT2G47370	5783;43231;43227;43226;5575;43229;44424;44464;5623;5622;44444;5737;12505;3674;5576;8150	4219	2269	4488.5	4758	4356	994.5	2791.5	2322	931	7183	2809.5	8004.5	7377.5	7387.5	7129	7782	7953	5720	1731.5	4727.5	4833.5	3026	2239	3841	88783.5	4.439.175
ORTHO006820	nudix hydrolase homolog 23	AT2G42070	47884;4551;16462;16818;16817;16787;3824;3674;8152;8150;9507;9536;43231;43227;43226;5575;43229;44424;44464;5623;5622;44444;5737;46872;43169;43167;5488;47631;42726;46483;44237;9987;1901360;71704;34641;6807;1901564;9416;9314;9628;50896	4220	4480	4331.5	4443	5938.5	5580	2414	2322	6943.5	4961	8566	2131	6071.5	1800.5	5034.5	3976.5	3627.5	2199.5	6531	6467.5	4103	3111.5	5171.5	6057.5	87069.5	4.353.475
ORTHO007002	Late embryogenesis abundant protein (LEA) family protein	AT3G62580	9507;9536;43231;43227;43226;5575;43229;44424;44464;5623;5622;44444;5737;8150;5783;12505;3674	4221	5002	4464	4707	2982.5	4434.5	2414	6142.5	7183.5	1506.5	6763.5	1198.5	6617.5	1800.5	5254.5	6712.5	3958.5	3121	3792	6754	4668.5	3754	5902.5	6553	88531.5	4.426.575
ORTHO007979	2-oxoglutarate (2OG) and Fe(II)-dependent oxygenase superfamily protein	AT2G38500	5634;43231;43227;43226;5575;43229;44424;44464;5623;5622;8150;3674	4222	4235	6542	8862	5938.5	4708.5	3025	9014	7561.5	2551	3136.5	3872	6895.5	8843	9175	7782	5864.5	5368	7281	8397.5	6810.5	7520.5	8247	7997	124050	6202.5
ORTHO000833_2	Protein of unknown function (DUF300)	AT1G77220	5215;3674;6810;51234;51179;8150;16021;31224;44425;5575;16020	4223	3566	3428.5	2634	2097	3870	2791.5	2250	6823.5	2170.5	6343	2086	4738	3815.5	3047.5	6712.5	6825	2199.5	2936.5	6467.5	4103	3026	4773	1958.5	76937	3846.85
ORTHO004114	Transmembrane proteins 14C	AT3G57280	9507;9536;43231;43227;43226;5575;43229;44424;44464;5623;5622;44444;5737;9706;9528;19866;31090;16020;44422;31967;31975;44446;42170;44435;9526;31969;44434;9941;10208;45229;16043;71840;8150;9987;10927;44767;32502;44699;22607;44085;44763;48646;9653;48856;32989;48869;85029;30198;43062;9555;48229;7275;44707;32501;71668;70726;71555;71554;42546;9664;71669;9832;15908;6869;44765;6810;51234;51179;1902578;71702;10876;33036;15718;46942;15849;15711;6820;6811;16021;31224;44425;1902001;1903825;55085;98656;34220;55088;48878;42592;65008;65007;15245;5319;22892;5215;3674	4224	3989	2849.5	1475	2097	3406.5	4885.5	6142.5	6493	3240.5	3136.5	3686.5	4555.5	3815.5	1910.5	6712.5	3322.5	1669.5	122.5	3528.5	3646	2433.5	3621	1696.5	68025	3401.25
ORTHO006817	delta subunit of Mt ATP synthase	AT5G13450	9507;9536;43231;43227;43226;5575;43229;44424;44464;5623;5622;44444;5737;275;45261;33178;98796;43234;32991;44425;16020;16469;45259;98800;98798;44429;44446;44422;5739;44455;31966;31090;5740;31967;31975;5743;19866;5753;15986;6754;46034;9150;6163;72521;46483;44237;8152;8150;9987;6725;1901360;71704;34641;6807;1901564;9117;6753;19637;6793;55086;6139;44238;44281;44710;44699;44763;6796;9259;19693;1901135;9167;9161;9123;9126;9205;9144;9141;9199;46128;9119;9116;1901657;42278;9152;9260;46390;90407;1901576;9058;1901137;9165;1901293;34654;19438;44249;44271;18130;1901362;44711;6164;72522;1901566;9168;9156;9124;9127;9206;9201;9142;9145;46129;42451;9163;1901659;42455;15985;1902600;15992;15672;6812;6811;44765;6810;51234;51179;1902578;6818;98662;98660;34220;55085;98655;50897;46914;46872;43169;43167;5488;3674;5886;71944;46933;15078;15077;22890;8324;15075;22891;22857;5215;22892;44769;42625;42626;43492;42623;16887;17111;16462;16818;16817;16787;3824;15405;15399;22804;16820;19829;8270	4225	5007	4816.5	5408	5552	4758	4341	5439.5	6379.5	7012	5836	4670	5740	1800.5	3521.5	6712.5	4548.5	2724.5	3119	5852	4668.5	5059	5021	4898	92101	4605.05
ORTHO006945	alpha/beta-Hydrolases superfamily protein	AT4G10030	8152;8150;16787;3824;3674	4226	3353	6183	8140	2097	2128	5223.5	8778	2505.5	4923.5	3792.5	5126	8817.5	5350.5	693	6712.5	1827.5	7697.5	8886.5	5447	8760.5	8749	7729.5	7315.5	110463.5	5.523.175
ORTHO008043	NADH:ubiquinone oxidoreductase; 17.2kDa subunit	AT4G26965	16491;3824;3674;8152;8150;55114;44710;44699;5739;43231;43227;43226;5575;43229;44424;44464;5623;5622;44444;5737;5634;9055;16020;8137;50136;3954;16651;16655	4227	3574	5762	7297	2097	1658.5	4785	6906	7831	821	8871	4111	6316	6601.5	6867.5	7782	5108	4673.5	4914	6064.5	2160.5	6859.5	7774	3238	103342.5	5.167.125
ORTHO008135	Sodium Bile acid symporter family	AT2G26900	9534;31976;9579;44424;44464;5575;5623;5622;31984;44446;44422;43226;43229;43227;44435;44444;5737;9536;43231;44434;9507;9941;9526;31967;31975;6849;1901475;1903825;15849;44765;6810;51234;51179;8150;1902578;44699;71702;55085;44763;9987;6848;15718;46942;15711;6820;6811;98656;34220;6814;15672;6812;30001;35725;98662;98660;98655;8508;15296;8509;15075;22891;22857;5215;3674;22892;15294;15293;15291;22804;8324;5343;15370;15081;15077;22890;46873;5342;15125;1901618;5319;6869;10876;33036;8028;46943;8514;15721;15850;16020;50833	4228	2877	4552.25	4876.5	2097	3334	3628.5	1484	8596	5694	2809.5	7988.5	1352	6971	7082.5	2476	4666	5720	1473.5	4664.5	6431	5924	5407	3721	89423	4471.15
ORTHO002063	PLAC8 family protein	AT3G10980;AT5G05350	8150;5886;16020;5575;44464;5623;71944;3674;5634;43231;43227;43226;43229;44424;5622	4229	7788	4996.5	5764	6664	6313	6871.5	4734	6124	2702	7040	8654.5	5338.5	906.5	2396.5	5325.5	4464.5	663.5	7197.5	4473	5422.5	4067	6538.5	4678.5	93911	4695.55
ORTHO001257	calmodulin 5	AT2G27030;AT3G43810	5774;44437;44444;44424;44464;5575;5623;5622;5737;44446;44422;43226;43229;5773;43231;43227;98588;31090;16020;98805;5509;46872;43169;43167;5488;3674;5886;71944;5515;5634;10099;48580;2000026;50793;50789;65007;8150;51239;2000030;48583;19722;19932;35556;7165;50794;51716;9987;50896;7154;44763;44699;44700;23052;5513;9593;51606;42221;51592;10038;10035	4230	7833	6062	7894	6857.5	8065.5	8889.5	7762	5619	4638.5	7040	3218	5338.5	906.5	2396.5	8358	4638.5	2199.5	7281	7692.5	7568	3503.5	4887	8026	108028	5401.4
ORTHO004227	PLANT U-BOX 39	AT3G47820;AT5G62560;AT5G65200	4842;19787;16740;3824;3674;8152;8150;16567;32446;70647;6464;36211;19538;43170;71704;44238;43412;44267;44260;44237;9987;5737;44424;44464;5575;5623;5622;70696;33612;5102;5515;5488;16874;5634;43231;43227;43226;43229	4231	6804	5994.5	7758	7662	6417	5597.5	2185	7325.5	7064	2809.5	5877.5	1352	7213.5	8203.5	6712.5	1266	5720	7562	3563	7860	6952	5762.5	7376.5	106819.5	5.340.975
ORTHO003968	SBP (S-ribonuclease binding protein) family protein	AT1G32740;AT5G47050	16567;32446;70647;6464;36211;19538;43170;71704;8152;8150;44238;43412;44267;44260;44237;9987;8270;46914;46872;43169;43167;5488;3674;31347;80134;48583;50789;65007;5634;43231;43227;43226;5575;43229;44424;44464;5623;5622;4842;19787;16740;3824	4232	6854	5123.5	6015	7662	2295.5	2881	4964	4740.5	5146.5	6543	8397	3262	2711.5	3521.5	8358	4870.5	2199.5	5851	6555.5	6180.5	4308.5	7335	5222.5	95343.5	4.767.175
ORTHO005726	RmlC-like cupins superfamily protein	AT1G50590	5634;43231;43227;43226;5575;43229;44424;44464;5623;5622;5516;5515;5488;3674;8150	4233	5322	4379.5	4526	2982.5	5773	4528.5	5213.5	6660.5	6756.5	5973.5	1400	5740	1800.5	3936.5	3976.5	5032.5	3121	5502	5637	280	5603	5295.5	5222.5	87452.5	4.372.625
ORTHO003064	WRKY DNA-binding protein 56	AT1G64000;AT2G46130;AT5G41570	5634;43231;43227;43226;5575;43229;44424;44464;5623;5622;6355;1903506;2001141;31326;9889;19222;50789;65007;8150;31323;50794;51252;19219;80090;51171;60255;10556;10468;2000112;3700;1071;3674;43565;3677;3676;1901363;5488;97159;6351;34645;44260;43170;71704;8152;44237;9987;9059;1901576;9058;44249;97659;32774;16070;90304;6139;46483;6725;1901360;34641;6807;44238;34654;19438;44271;18130;1901362;10467	4234	8117	5347.5	6461	7245.5	8818	9105	3689.5	7831	8934.5	4793.5	6482	4444	1254	1616	8358	1994.5	7471.5	3032	2206.5	7568	940	2239	7120	97897	4894.85
ORTHO007933	tRNA arginine adenosine deaminase	AT1G68720	8251;4000;19239;3824;3674;8152;8150;16814;16810;16787;9507;9536;43231;43227;43226;5575;43229;44424;44464;5623;5622;44444;5737;2100;2097;6400;9451;16070;44260;43170;71704;44237;9987;90304;6139;46483;6725;1901360;34641;6807;44238;43412;8033;34470;34660;6396;10467;6399;8270;46914;46872;43169;43167;5488;5634;5886;16020;71944	4235	2887	4994	5753	4356	8909.5	1938.5	1780.5	1753	1123	1414	100.5	7743	7699.5	7548.5	7782	7194	6683.5	490.5	8998	1332.5	7897.5	8247	5222.5	93857.5	4.692.875
ORTHO001321	Protein of unknown function (DUF3754)	AT3G19340;AT5G13940	5783;43231;43227;43226;5575;43229;44424;44464;5623;5622;44444;5737;12505;5886;16020;71944;6508;19538;43170;71704;8152;8150;44238;4177;8238;70011;8233;16787;3824;3674	4236	2725	3049.5	1863	4356	3296	715.5	1114.5	2777	3221	4217.5	2392.5	1352	8843	6054.5	2476	8070.5	7028	2448	920	2280	8165	2059	4091.5	71521.5	3.576.075
ORTHO002013	zinc ion binding	AT2G47090;AT3G62240	8270;46914;46872;43169;43167;5488;3674;5634;43231;43227;43226;5575;43229;44424;44464;5623;5622;3676;1901363;97159	4237	6594	2385.5	534	7245.5	4133.5	3513	3608	2868	8063.5	5224	5983.5	3521	138	136.5	3273.5	8849	458	43	2820	306.5	75.5	53.5	200.5	53268.5	2.663.425
ORTHO006718	unknown protein	AT1G79390	5739;43231;43227;43226;5575;43229;44424;44464;5623;5622;44444;5737;8150;3674	4238	3265	6251	8264	2097	2170	3327	4670	8705	2832.5	9139	5172.5	4120	5378	638	6712.5	1321	7617	8830	7692.5	8663	8840	8952	7120	111900	5595
ORTHO007070	Rho termination factor	AT1G06190	9507;9536;43231;43227;43226;5575;43229;44424;44464;5623;5622;44444;5737;6353;32774;9059;43170;71704;8152;8150;1901576;9058;16070;44260;44237;9987;90304;6139;46483;6725;1901360;34641;6807;44238;34654;19438;44249;44271;18130;1901362;6351;34645;97659;10467;1901259;6364;34470;34660;6396;16072;42254;22613;44085;71840;10239;31425;6397;16071;5634;43621;5515;5488;3674;19843;3723;3676;1901363;97159;9737;9725;9719;50896;10033;42221;33993;97305;1901700;1101	4239	6393	5444	6649	7245.5	2239.5	3960	5121.5	9129	3972	7040	4111	7963	2711.5	3936.5	3976.5	4998.5	3580	5502	7299	7386	5603	5171.5	5433.5	99134	4956.7
ORTHO003038	ATPase; F1 complex; gamma subunit protein	AT1G15700;AT4G04640	46961;15078;15077;22890;8324;15075;22891;22857;5215;3674;6810;51234;51179;8150;55085;44763;9987;44699;44765;1902578;22892;34220;6811;98655;6812;15672;1902600;15992;6818;98662;98660;44769;42625;42626;43492;42623;16887;17111;16462;16818;16817;16787;3824;8152;15405;15399;22804;16820;36442;19829;46933;15986;6754;46034;9150;6163;72521;46483;44237;6725;1901360;71704;34641;6807;1901564;9117;6753;19637;6793;55086;6139;44238;44281;44710;6796;9259;19693;1901135;9167;9161;9123;9126;9205;9144;9141;9199;46128;9119;9116;1901657;42278;9152;9260;46390;90407;1901576;9058;1901137;9165;1901293;34654;19438;44249;44271;18130;1901362;44711;6164;72522;1901566;9168;9156;9124;9127;9206;9201;9142;9145;46129;42451;9163;1901659;42455;15985;9507;9536;43231;43227;43226;5575;43229;44424;44464;5623;5622;44444;5737;30234;98772;50790;19222;50789;65007;65009;9544;98807;98796;43234;32991;44425;16020;44434;44435;44446;44422;44436;9579;9535;55035;42651;34357;31976;31984;9534;45261;33178;16469;45259;2000067;22603;50793;2000280;2000026;51239;9941;9526;31967;31975;9772;9767;22900;6091;55114;19684;15979	4240	7693	6287.5	8335	8139.5	6898	8221	8957	5355.5	2551	7382.5	8397	7743	2711.5	2396.5	5325.5	4761	2199.5	5851	8077	6180.5	4308.5	7335	8258.5	112909.5	5.645.475
ORTHO007902	unknown protein	AT5G22340	3674;8150;9507;9536;43231;43227;43226;5575;43229;44424;44464;5623;5622;44444;5737	4241	3488	3549.5	2858	4356	87.5	7037.5	1709	2541	8063.5	4046	551.5	1352	8715.5	5817	5325.5	8970.5	6737.5	5400	5062.5	1819.5	611	607	3799.5	78253.5	3.912.675
ORTHO007796	unknown protein	AT1G34350	5783;43231;43227;43226;5575;43229;44424;44464;5623;5622;44444;5737;12505;5634;3674;8150	4242	3928	6077	7912	2097	3632	4457	8064.5	3490	8319	4821.5	7631	1352	5523.5	1109.5	6712.5	7397	8352	1901	3466.5	8850	8604	8775	5806	108264	5413.2
ORTHO003180	fatty acid hydroxylase 1	AT2G34770;AT4G20870	3824;3674;8152;8150;55114;44710;44699;5789;98588;31090;16020;5575;44422;43226;43227;44432;44444;44424;44464;5623;5622;5737;44446;43229;5783;43231;12505;44425;42175;6633;72330;46394;16053;6082;71704;44281;44763;9987;44237;44283;44711;9058;1901576;44249;19752;43436;32787;6631;44255;6629;44238;8610;80132;16491;38;43069;43067;10941;50794;50789;65007;60548;48523;48519;5506;46914;46872;43169;43167;5488;16021;31224;5739;5515	4243	3001	3885.5	3528	4356	7834.5	3960	2185	3152	7407.5	1211	6464.5	1352	8485	6867.5	2476	4135	8564.5	2299	2496	2439.5	5308.5	3188	2314	82139.5	4.106.975
ORTHO008669	unknown protein	AT5G48830	3674;8150	4244	3734	5887	7530	2097	4598.5	5345.5	7331	8509.5	3476	2129.5	1954	1352	6971	7258.5	7782	6099.5	5368	4607.5	4727.5	7489.5	7603.5	8436	4016	105055	5252.75
ORTHO008524	ARM repeat superfamily protein	AT3G58180	30089;98796;43234;32991;5575;44425;16020;30076;44424;44464;5623;5622;44436;9579;42651;34357;16829;3824;3674;8152;8150;5829;44444;5737;55114;44710;44699;46872;43169;43167;5488	4245	4273	3894.25	3543.5	5938.5	3218	2032.5	1855	7325.5	3706.5	7199	29	1352	3815.5	5596.5	6712.5	4346.5	3121	552.5	7299	5170.5	4873	7048.5	6949.5	82202.5	4.110.125
ORTHO006954	Remorin family protein	AT1G67590	5634;43231;43227;43226;5575;43229;44424;44464;5623;5622;3677;3676;1901363;5488;3674;97159;8150;5886;16020;71944	4246	3274	5384	6522	2097	7987.5	5632	7084	5619	2945.5	8871	4162.5	6316	6601.5	6867.5	2476	4870.5	4400	315	1632	4946	6714	7729.5	3179.5	98349	4917.45
ORTHO007648	autophagy 3 (APG3)	AT5G61500	5737;44424;44464;5575;5623;5622;5829;44444;6914;44248;9056;8152;8150;44237;9987	4247	3499	2761.5	1276	4356	3949	1311	3181	2202	8934.5	4285.5	998	3270.5	6206.5	1758.5	7360.5	1660	5101.5	1271.5	2570	3027	6027.5	2650	77	65841.5	3.292.075
ORTHO001124	NAC domain containing protein 42	AT2G43000;AT3G12910	10120;44272;6790;44237;8152;8150;9987;44249;9058;52317;46217;42430;46483;6725;1901360;71704;34641;6807;1901564;52314;9404;19748;44710;44699;44763;9700;42435;19438;44271;18130;1901362;1901576;1901566;52315;9403;44550;44711;10150;10260;7568;44767;32502;48513;48856;48731;7275;44707;32501;48366;48827;48367;3700;1071;3674;2001141;31326;9889;19222;50789;65007;31323;50794;51252;19219;80090;51171;60255;10556;6355;1903506;10468;2000112;5634;43231;43227;43226;5575;43229;44424;44464;5623;5622;6351;34645;44260;43170;9059;97659;32774;16070;90304;6139;44238;34654;10467;1900056;51241;48519;51239;1900055;2000024;48831;2000026;50793;51093;42538;9651;6970;9628;50896;6950;6972;5992;46351;5984;44262;5975;9311;44723;34637;16051;9312;5991;6561;9084;1901607;1901605;6520;19752;43436;6082;44281;8652;46394;16053;44283;9064;6560;9718;46283;9812;42440;9813;46148;3677;3676;1901363;5488;97159	4248	4335	3839.75	3431.5	5938.5	1381.5	776.5	5813.5	8423.5	4543.5	6343	3422.5	4738	3815.5	4705.5	6712.5	3589	2199.5	3352	3231	4103	3026	5171.5	6281	81628.5	4.081.425
ORTHO002883	Peroxidase superfamily protein	AT1G24110;AT4G17690;AT5G47000	5576;5575;55114;44710;8152;8150;44699;46872;43169;43167;5488;3674;42744;42743;72593;44237;9987;44712;9056;44763;44248;20037;46906;1901363;97159;4601;16684;16491;3824;16209;6979;6950;50896;9044;97599;4553;16798;16787	4249	8586	2842	1435	7662	5319	5261.5	6507.5	3324.5	8118.5	4322.5	4059.5	4738	1321.5	1812.5	8925	2526.5	168.5	70.5	3165	370	353.5	251.5	7120	67735.5	3.386.775
ORTHO009298	Ribosomal protein L34	AT3G13882	6412;43043;43604;43603;34641;6807;8152;8150;44237;9987;44271;44249;9058;6518;1901564;71704;1901566;1901576;44267;19538;43170;44238;44260;34645;9059;10467;3735;5198;3674;5739;43231;43227;43226;5575;43229;44424;44464;5623;5622;44444;5737;5840;30529;32991;43232;43228	4250	4900	4473.5	4697	5938.5	1329	6617	4312	8766	5304.5	8404	5191.5	1352	8800.5	5836.5	5325.5	2593	1322	490.5	1320	7254	3955.5	1918	8367.5	88459	4422.95
ORTHO003257	Protein of unknown function (DUF3537)	AT1G67570	5634;43231;43227;43226;5575;43229;44424;44464;5623;5622	4251	5879	5037	5823	6664	5744.5	8162.5	5568.5	6584	4213.5	2809.5	6861.5	5740	1800.5	3936.5	3976.5	4998.5	3121	5502	7012	2000	5603	5263	5433.5	94330.5	4.716.525
ORTHO009633	unknown protein	AT3G51500	5634;43231;43227;43226;5575;43229;44424;44464;5623;5622;3674;8150	4252	4532	4101	3950	2982.5	1594	6606.5	8606	8259	3425.5	6173.5	6464.5	1352	2711.5	3721.5	6712.5	3264.5	4507	3199	1584.5	4833.5	2433.5	4138.5	4898	84485	4224.25
ORTHO009614	2Fe-2S ferredoxin-like superfamily protein	AT4G14890	51537;51536;51540;5488;3674;22900;6091;44237;8152;8150;9987;55114;44710;44699;44763;9507;9536;43231;43227;43226;5575;43229;44424;44464;5623;5622;44444;5737;9055;46872;43169;43167	4253	4770	3208.5	2164	2982.5	1089	2791.5	2071	7455	5444	1312.5	228.5	1352	1800.5	5413.5	6712.5	4135	4507	4205.5	6103	945.5	4471.5	6709	6850.5	73597	3679.85
ORTHO004298	RHO guanyl-nucleotide exchange factor 14	AT1G31650	80092;43900;50789;65007;8150;10769;22604;22603;50793;51128;50794;60284;45595;51239;2000241;51510;1558;40008;48638;43547;43087;51336;50790;19222;65009;51345;43085;44093;9893;48518;5739;43231;43227;43226;5575;43229;44424;44464;5623;5622;44444;5737;5089;5088;5085;98772;3674;5886;16020;71944	4254	3948	4270.5	4287	4356	6529	7389.5	6573	7183.5	1208.5	1981	8224	5195	3815.5	3265	3976.5	562	3121	3792	6754	4668.5	3854	5902.5	2314	86308.5	4.315.425
ORTHO003758	Protein of unknown function (DUF3755)	AT3G07565	5634;43231;43227;43226;5575;43229;44424;44464;5623;5622;3682;44877;5488;3674;8150;3677;3676;1901363;97159;9507;9536;44444;5737	4255	4535	3677	3099	5439	6898	2032.5	1912	4452.5	2702	1312.5	998	6895.5	1800.5	5413.5	6712.5	4252.5	3580	4113.5	7299	5061.5	4709	6854	2699.5	79698.5	3.984.925
ORTHO008111	integral membrane TerC family protein	AT5G12130	9534;31976;9579;44424;44464;5575;5623;5622;31984;44446;44422;43226;43229;43227;44435;44444;5737;9536;43231;44434;9507;10027;9668;44802;61024;16043;71840;8150;9987;44763;44699;9657;6996;9535;55035;42651;34357;16020;44436;5515;5488;3674;16021;31224;44425;5886;71944;90351;9791;44767;32502;44707;32501;7275	4256	4290	3682.5	3109	5938.5	1329	2791.5	6428.5	6124	1462	6543	1954	4865.5	3815.5	5034.5	3976.5	3682	2558	3445.5	6467.5	4384	3222.5	5407	6281	79771.5	3.988.575
ORTHO007065	Mitochondrial transcription termination factor family protein	AT2G36000	9507;9536;43231;43227;43226;5575;43229;44424;44464;5623;5622;44444;5737;3690;43566;3677;3676;1901363;5488;3674;97159;6355;1903506;2001141;31326;9889;19222;50789;65007;8150;31323;50794;51252;19219;80090;51171;60255;10556;10468;2000112;5739	4257	5441	4331.5	4406	2982.5	2005.5	3758	575	3057.5	2405	7594	3912.5	6071.5	1800.5	4462	5325.5	6027	4400	6531	7871	5988	5434	3867.5	5806	86891.5	4.344.575
ORTHO001230	Protein kinase superfamily protein with octicosapeptide/Phox/Bem1p domain	AT1G16270;AT1G79570;AT2G35050	6468;16310;6796;6793;44237;8152;8150;9987;6464;36211;19538;43170;71704;44238;43412;44267;44260;4674;4672;16301;16772;16740;3824;3674;16773;5634;43231;43227;43226;5575;43229;44424;44464;5623;5622;5524;35639;1901265;1901363;5488;97159;43168;43167;32559;30554;17076;166;36094;32555;32553;97367;32550;32549;1882;1883;4712;5886;16020;71944;5829;44444;5737	4258	4499	4325	4392	5284	5248.5	5261.5	9031	4387	7274.5	4381.5	4752.5	1352	8210.5	7917.5	2914	7452.5	5569	1325	5277	2594	2213.5	452	1215.5	86829	4341.45
ORTHO003541	alpha/beta-Hydrolases superfamily protein	AT1G13820;AT5G39220	8152;8150;16787;3824;3674;5737;44424;44464;5575;5623;5622;5634;43231;43227;43226;43229	4259	5977	6364	8469	2982.5	6085.5	4872.5	7244.5	4507	8231.5	4086	6300	3995.5	7600	1812.5	3976.5	8875.5	6145	8173	9053	7672.5	8121.5	2142.5	6379.5	115274	5763.7
ORTHO004733	NADH-ubiquinone oxidoreductase 24 kDa subunit; putative	AT4G02580	8137;50136;3954;16651;16491;3824;3674;8152;8150;55114;44710;44699;16655;6120;22904;22900;6091;44237;9987;44763;45333;15980;42775;42773;6119;16310;6796;6793;46034;9150;6163;72521;46483;6725;1901360;71704;34641;6807;1901564;9117;6753;19637;55086;6139;44238;44281;9259;19693;1901135;9167;9161;9123;9126;9205;9144;9141;9199;46128;9119;9116;1901657;42278;5739;43231;43227;43226;5575;43229;44424;44464;5623;5622;44444;5737;5747;45271;30964;98796;43234;32991;44425;16020;1990204;1902494;98803;70469;98800;98798;44429;44446;44422;44455;31966;31090;5740;31967;31975;5743;19866;5746;6979;6950;50896;51537;51536;51540;5488;8270;46914;46872;43169;43167	4260	2640	2603	946	1812	257.5	2528	397	931	5920.5	8770	998	5740	3815.5	4124.5	1830	3521.5	5221.5	3792	4211	569	1910	4116	2850	61503	3075.15
ORTHO006532	Homeodomain-like superfamily protein	AT2G28610	6355;1903506;2001141;31326;9889;19222;50789;65007;8150;31323;50794;51252;19219;80090;51171;60255;10556;10468;2000112;48513;48856;32502;48731;7275;44767;44699;44707;32501;10865;48366;48827;48367;8283;3700;1071;3674;9947;9798;7389;97353;3002;9943;9955;5634;43231;43227;43226;5575;43229;44424;44464;5623;5622;6351;34645;44260;43170;71704;8152;44237;9987;9059;1901576;9058;44249;97659;32774;16070;90304;6139;46483;6725;1901360;34641;6807;44238;34654;19438;44271;18130;1901362;10467;3677;3676;1901363;5488;97159;30154;48869;44763;9908;90567;48608;3006;22414;61458;44702;9791	4261	5858	4591.5	4922	6664	5211.5	3863.5	5568.5	5619	1893	7040	3686.5	5740	1800.5	4233.5	3976.5	5032.5	3121	4263.5	7012	5422.5	5603	5322	5222.5	89631.5	4.481.575
ORTHO005349	Vps51/Vps67 family (components of vesicular transport) protein	AT4G02030	5829;44444;44424;44464;5575;5623;5622;5737;6893;16482;46907;6810;51234;51179;8150;51649;51641;6892;48193;1902582;44765;1902578;44699;16192;5794;43231;43227;43226;43229;12505;3674	4262	4359	4638	5014	2982.5	228.5	6781.5	5957	7046.5	6020	2653	3422.5	6227	4244	5413.5	6712.5	3752	4326.5	3553	5215.5	4384	3222.5	4668	6281	90108.5	4.505.425
ORTHO005404	Insulinase (Peptidase family M16) family protein	AT5G42390	9570;9532;44435;44444;44424;44464;5575;5623;5622;5737;44446;44422;43226;43229;9536;43231;43227;44434;9507;16485;6508;19538;43170;71704;8152;8150;44238;51604;10467;5739;9793;44702;22414;44699;3006;32502;9790;44767;48856;7275;44707;32501;48316;48608;61458;48731;9791;10154;8270;46914;46872;43169;43167;5488;3674;4222;4175;70011;8233;16787;3824;8237	4263	1924	3439.5	2616	4356	1227	4457	1484	2134	6223	1211	7844	6071.5	4415.5	5856	6712.5	8051	4887	3265	3528.5	3454.5	1310	3438.5	1263	76833	3841.65
ORTHO004265	Transducin/WD40 repeat-like superfamily protein	AT3G10530	5634;43231;43227;43226;5575;43229;44424;44464;5623;5622;80008;31461;151;1990234;1902494;43234;32991;166;36094;5488;3674;1901265;1901363;97159	4264	3703	3596.5	2929	2097	1089	1881	6978.5	800	5376	982	743.5	1352	3815.5	5034.5	6712.5	4761	4253	4548.5	7747	6696	5308.5	7554.5	3103.5	78736.5	3.936.825
ORTHO001177_1	ABC-2 type transporter family protein	AT2G13610	42626;43492;42623;16887;17111;16462;16818;16817;16787;3824;3674;8152;8150;15405;15399;22804;22857;5215;6810;51234;51179;55085;44763;9987;44699;44765;1902578;16820;5886;16020;5575;44464;5623;71944;16021;31224;44425	4265	5988	4104	3943	6664	9014	4587.5	4734	5851.5	5920.5	6173.5	7822.5	3222.5	1800.5	2702.5	3976.5	3958.5	1311.5	472.5	6001	4023	4169	4535	4174.5	84450.5	4.222.525
ORTHO007936	unknown protein	AT4G15790	5634;43231;43227;43226;5575;43229;44424;44464;5623;5622;8150	4266	3528	5117.5	5969	2097	3632	6606.5	1604.5	3504.5	7183	4265.5	6861.5	4055.5	5540	1109.5	6712.5	8300	9077	2788	5277	3345.5	7786.5	2437.5	5041.5	95128	4756.4
ORTHO009025	ubiquitin-conjugating enzyme 27	AT5G50870	61630;4842;19787;16740;3824;3674;8152;8150;16567;32446;70647;6464;36211;19538;43170;71704;44238;43412;44267;44260;44237;9987;61659;43161;10498;51603;6508;44257;30163;9057;1901575;9056;44265;44248;6511;19941;43632;209;5634;43231;43227;43226;5575;43229;44424;44464;5623;5622;31625;44389;19899;5515;5488;5737;5829;44444	4267	3772	5662.5	7058	4356	6529	1274.5	6864	7455	7407.5	7594	8051	3614.5	6764.5	6867.5	7782	8604.5	4507	4715	1043.5	4833.5	3222.5	1498	3103.5	101731	5086.55
ORTHO007134	unknown protein	AT4G23890	9534;31976;9579;44424;44464;5575;5623;5622;31984;44446;44422;43226;43229;43227;44435;44444;5737;9536;43231;44434;9507;10598;98796;43234;32991;44425;16020;9535;55035;42651;34357;44436;9767;22900;6091;44237;8152;8150;9987;55114;44710;44699;44763;19684;15979;48038;48037;5488;3674;16491;3824	4268	2835	2745	1222	2097	2557.5	2328.5	1013.5	702.5	2846	8820	1576.5	5740	3815.5	5034.5	1830	1048	5221.5	4293	4392	4384	2112.5	4451.5	3103.5	65270.5	3.263.525
ORTHO005041	Protein of unknown function (DUF616)	AT5G42660	16757;16740;3824;3674;8152;8150;5634;43231;43227;43226;5575;43229;44424;44464;5623;5622	4269	1708	4617.25	4965.5	4356	1329	6182	357.5	8392	2702	865	907	8205.5	7850	8893	2476	1000	6590	7562	1654	7166	7147.5	7868.5	2699.5	89846.5	4.492.325
ORTHO007062	Amino acid kinase family protein	AT3G18680	6221;72528;44271;34641;6807;8152;8150;44237;9987;44249;9058;18130;46483;1901362;1901360;71704;1901576;72527;1901564;1901566;9165;1901293;90407;19637;6793;6753;55086;6139;6725;44238;44281;44710;44699;44763;6796;34654;19438;44711;9117;6220;9507;9536;43231;43227;43226;5575;43229;44424;44464;5623;5622;44444;5737;33862;9041;19201;19205;16301;16772;16740;3824;3674;16310;46939;16776	4270	2838	3051	1832	2097	7959	1330.5	14.5	8259	1584.5	4517.5	5931	5740	7300	6867.5	2476	2603.5	8551.5	2796	1129.5	364	454.5	488.5	2940	71307	3565.35
ORTHO000320_1	ubiquitin-specific protease 5	AT2G40930	6511;19941;51603;6508;19538;43170;71704;8152;8150;44238;44257;30163;9057;1901575;9056;44265;44260;44237;9987;44248;44267;43632;5634;43231;43227;43226;5575;43229;44424;44464;5623;5622;4843;19783;8234;70011;8233;16787;3824;3674;36459	4271	716	2485	699	365.5	4506.5	6982	1013.5	553.5	763	669	1954	7258.5	4662.5	6378.5	508.5	450	5824	2972	2206.5	4023	2677	3339	636.5	57377.5	2.868.875
ORTHO006761	Sulfite exporter TauE/SafE family protein	AT2G36630	16021;31224;44425;5575;16020	4272	3844	5807	7342	4356	4278	4638.5	3181	3176	6422.5	8232.5	6781	3419	6389.5	6791	7782	8370.5	4887	7197.5	6960	1933.5	5059	5902.5	2314	103715	5185.75
ORTHO004454	Amino acid dehydrogenase family protein	AT4G00600;AT4G00620	35999;46653;6760;6732;51186;44237;8152;8150;9987;42558;46483;6725;1901360;71704;1901564;6807;43603;34641;1901605;6520;19752;43436;6082;44281;44710;44699;44763;44238;6575;6730;9396;9108;51188;44249;9058;42559;19438;44271;18130;1901362;1901576;1901566;43604;1901607;8652;46394;16053;44283;44711;42398;4488;16646;16645;16491;3824;3674;55114;9507;9536;43231;43227;43226;5575;43229;44424;44464;5623;5622;44444;5737;9853;43094;4477;19238;16814;16810;16787	4273	2655	4994	5715	4356	2170	7923	4571	3198	2170.5	8770	6717.5	4061	5523.5	1109.5	1830	8051	7335.5	7862.5	6103	1558	7147.5	2104	5433.5	93639	4681.95
ORTHO005698	myb-like transcription factor family protein	AT2G47210	5634;43231;43227;43226;5575;43229;44424;44464;5623;5622;5515;5488;3674;43967;16573;16570;16569;16568;6325;43933;16043;71840;8150;9987;51276;6996;6464;36211;19538;43170;71704;8152;44238;43412;44267;44260;44237;1902589;44763;44699;44710;18393;18394;18205;18193;6473;43543;6475;35267;43189;1902562;123;31248;1902493;1990234;1902494;43234;32991;44451;44428;44446;44422;5654;31981;70013;43233;31974;6355;1903506;2001141;31326;9889;19222;50789;65007;31323;50794;51252;19219;80090;51171;60255;10556;10468;2000112;3677;3676;1901363;97159;3714;3712;989;988;1903507;1902679;51253;10605;9892;48519;45934;51172;31324;48523;31327;9890;10558;43968;3700;1071	4274	5874	4641.5	5009	6664	5155.5	7121.5	5698.5	6584	2025.5	2809.5	3686.5	5740	1800.5	4462	3976.5	5108	3121	6531	4012.5	5637	5603	5407	5601	90080.5	4.504.025
ORTHO007150	elongation factor Ts family protein	AT4G29060	5759;44429;44444;44424;44464;5575;5623;5622;5737;44446;44422;43226;43229;5739;43231;43227;70013;43233;31974;9793;44702;22414;8150;44699;3006;32502;9790;44767;48856;7275;44707;32501;48316;48608;61458;48731;9791;10154;9570;9532;44435;9536;44434;9507;9941;9526;31967;31975;70125;6414;34645;44260;43170;71704;8152;44237;9987;9059;1901576;9058;44249;6412;43043;43604;43603;34641;6807;44271;6518;1901564;1901566;44267;19538;44238;10467;32543;1902589;6996;16043;71840;44763;7005;44711;44710;46686;10038;10035;42221;50896;3746;8135;3723;3676;1901363;5488;3674;97159	4275	4352	6324	8373	2982.5	7766.5	5653	4571	4209	5716	4428.5	5763	1352	6065	1145.5	6712.5	7299	7801.5	8485.5	6860	7786.5	8604	8775	4541	113534.5	5.676.725
ORTHO002482	Galactose oxidase/kelch repeat superfamily protein	AT1G22040	5737;44424;44464;5575;5623;5622;3674	4276	4039	4169.5	4063	2375	8560	8400	6428.5	7046.5	4311.5	2653	3422.5	4793	3815.5	1910.5	6712.5	3682	2199.5	154	6467.5	4103	3222.5	5263	2003.5	85148.5	4.257.425
ORTHO000401_2	glycerol-3-phosphate acyltransferase 4	AT1G01610;AT4G00400	16746;16740;3824;3674;8152;8150;16311;6796;6793;44237;9987;9507;9536;43231;43227;43226;5575;43229;44424;44464;5623;5622;44444;5737;90447;8374;16747;16791;42578;16788;16787;10143;9059;43170;71704;1901576;9058;16020;5783;12505;16024;46474;6650;6644;19637;44255;6629;44710;44699;44238;44763;46486;45017;8610;44711;44249;8654;90407;46341;4366	4277	6577	5597.5	6918	5748	6810	8400	5957	985	3396	1981	3422.5	8380	1800.5	4462	3976.5	6027	3580	6785	8077	6908	6129	6365	7376.5	100818	5040.9
ORTHO007332	SNF7 family protein	AT5G44560	815;98796;43234;32991;5575;44425;16020;36452;44440;44444;44424;44464;5623;5622;5737;44446;44422;43226;43229;5768;43231;43227;12505;10008;98588;31090;98805;5634;15031;45184;51234;51179;8150;8104;33036;71702;6810;16192;7034;1902582;46907;51649;51641;44765;1902578;44699;5515;5488;3674	4278	5351	3006	1734	6358.5	8734.5	6155.5	3370	2902.5	8934.5	4381.5	5600.5	1352	4706.5	1812.5	6712.5	2964.5	4673.5	1118.5	1960	1808.5	659	1121.5	1297.5	70265.5	3.513.275
ORTHO003848	Transmembrane amino acid transporter family protein	AT5G41800	5886;16020;5575;44464;5623;71944;6865;71705;6810;51234;51179;8150;46942;15849;44765;1902578;44699;71702;15711;6820;6811;15171;46943;8514;8509;15075;22891;22857;5215;3674;55085;44763;9987;22892;34220;98656;5342;1903825;3333;16021;31224;44425	4279	6926	3870	3461	6100.5	2467	7863	4462	3185.5	6498.5	6173.5	6027	2917.5	2711.5	1910.5	5325.5	3682	1568.5	4388	5637	4445	2677	5902.5	3920	81761.5	4.088.075
ORTHO006748	uridine-ribohydrolase  2	AT1G05620	47724;8477;16799;16798;16787;3824;3674;8152;8150;35251;46527;16758;16757;16740;8194;5829;44444;44424;44464;5575;5623;5622;5737;45437;50263;6148;46130;6152;42278;72521;46483;44237;9987;6725;1901360;71704;34641;6807;1901564;9116;55086;6139;44238;44281;44710;44699;44763;1901657;1901135;9164;1901658;44712;9056;1901136;1901575;1901565;34655;19439;44248;44270;1901361;46700;72523;46128;9119;42454;46102;10150;10260;7568;44767;32502;48513;48856;48731;7275;44707;32501;48366;48827;48367	4280	4474	5884.5	7489	5938.5	6784	1132	7290.5	3262	7377.5	4107	679.5	4040	8645.5	5746.5	3976.5	6099.5	6217	7482.5	1043.5	6180.5	8070.5	8455.5	8258.5	104848.5	5.242.425
ORTHO003593	Protein of unknown function (DUF1640)	AT2G16460	5774;44437;44444;44424;44464;5575;5623;5622;5737;44446;44422;43226;43229;5773;43231;43227;98588;31090;16020;98805;5739;46872;43169;43167;5488;3674;8150;9507;9536	4281	7243	5580.25	6879.5	7947.5	6382	5859	8857	393.5	5327.5	7524	2343.5	8205.5	2711.5	4233.5	5325.5	793	3580	8173	3563	7568	5434	8115.5	6161.5	100550.5	5.027.525
ORTHO008785	Zim17-type zinc finger protein	AT5G27280	9507;9536;43231;43227;43226;5575;43229;44424;44464;5623;5622;44444;5737	4282	4327	3322.5	2363	2982.5	5211.5	5163.5	6428.5	4275	1155	4137	6575.5	4677	3815.5	2396.5	6712.5	867	3121	3301	3797	3978	2837	4723.5	1825	74997	3749.85
ORTHO005254	homoserine kinase	AT2G17265	9086;97;96;6790;44237;8152;8150;9987;6520;1901564;71704;6807;19752;43436;6082;44281;44710;44699;44763;44238;44272;44249;9058;8652;46394;16053;44283;44711;1901576;1901566;9067;9066;1901605;1901607;6555;4413;16773;16772;16740;3824;3674;19202;16301;16310;6796;6793;9620;51707;43207;9605;50896;9607;51704;9570;9532;44435;44444;44424;44464;5575;5623;5622;5737;44446;44422;43226;43229;9536;43231;43227;44434;9507;9088;6566;6952;6950;5524;35639;1901265;1901363;5488;97159;43168;43167;32559;30554;17076;166;36094;32555;32553;97367;32550;32549;1882;1883;9617	4283	5175	3190	2097	5307.5	3309	4528.5	6652	4164	4676.5	5407.5	7876.5	4281	3497	6035	2914	3367.5	1260.5	528	4778	3719.5	1407.5	3986	819.5	73207.5	3.660.375
ORTHO007787	unknown protein	AT1G73930	9507;9536;43231;43227;43226;5575;43229;44424;44464;5623;5622;44444;5737	4284	3659	3559.5	2835	4356	6529	7422	6573	931	5938	1810	1198.5	5195	3815.5	3265	3976.5	4054.5	3121	3904.5	6860	800.5	3955.5	6282.5	2439.5	78071.5	3.903.575
ORTHO008770	Protein of unknown function (DUF1279)	AT2G20940	5739;43231;43227;43226;5575;43229;44424;44464;5623;5622;44444;5737;9536;8150;3674	4285	3796	5714	7143	4356	1500	4948.5	1912	2541	1233	1981	1198.5	7377.5	7387.5	7349.5	7782	6982.5	5824	7950	7986	7786.5	7786.5	8551.5	4291.5	102369	5118.45
ORTHO005382	Ribosomal L32p protein family	AT1G26740	5739;43231;43227;43226;5575;43229;44424;44464;5623;5622;44444;5737;6412;43043;43604;43603;34641;6807;8152;8150;44237;9987;44271;44249;9058;6518;1901564;71704;1901566;1901576;44267;19538;43170;44238;44260;34645;9059;10467;5743;19866;31090;16020;44422;31967;31975;44446;31966;44429;5740;5762;315;15934;44391;30529;32991;5840;43232;43228;313;5761;5759;70013;43233;31974;44822;3723;3676;1901363;5488;3674;97159;3735;5198	4286	7176	6370.5	8455	7947.5	7324.5	3628.5	8181.5	6712.5	3564.5	7199	8595.5	8094	2711.5	3936.5	5325.5	5561	3121	6531	8478	7052	5213.5	7946.5	5806	114982.5	5.749.125
ORTHO007180	unknown protein	AT3G14750	3674;9908;90567;48608;3006;32502;8150;22414;48856;61458;48731;7275;44767;44699;44707;32501;44702;9791;48367;30154;48869;44763;9987;5634;43231;43227;43226;5575;43229;44424;44464;5623;5622	4287	4112	4098.5	3910	5938.5	4613.5	2528	6741	7325.5	2702	1312.5	998	5740	3815.5	3265	6712.5	400	3580	3585.5	7299	5061.5	4780.5	6854	6949.5	84263.5	4.213.175
ORTHO008217	Glutaredoxin family protein	AT5G40370	45454;19725;42592;65008;65007;8150;44763;9987;44699;50794;50789;5737;44424;44464;5575;5623;5622;5886;16020;71944;5794;43231;43227;43226;43229;44444;12505;55114;44710;8152;9055;3674;5773;8794;30611;16491;3824;30614;30613;5829;48046;5576;15035;15036;16667	4288	6592	3334	2380	7245.5	3282	5303	9129	8940	8934.5	3831.5	1422	4617.5	4206	1432	3976.5	2497	6265.5	2122.5	5337	42.5	678.5	558	2575	75150	3757.5
ORTHO010717	MRG family protein	AT4G37280	123;31248;1902493;1990234;1902494;43234;32991;5575;44424;44464;5623;5622;44451;44428;44446;44422;43226;43229;5634;43231;43227;5654;31981;70013;43233;31974;16573;16570;16569;16568;6325;43933;16043;71840;8150;9987;51276;6996;6464;36211;19538;43170;71704;8152;44238;43412;44267;44260;44237;1902589;44763;44699;44710;18393;18394;18205;18193;6473;43543;6475;6338	4289	7481	5286.5	6284	6358.5	7430.5	3628.5	5302.5	5754	7274.5	7382.5	2467.5	1352	2711.5	4462	5325.5	1928	3121	6835.5	8551.5	7489.5	4423	5617	5806	96862.5	4.843.125
ORTHO008139	origin recognition complex protein 6	AT1G26840	5515;5488;3674;808;44427;44446;44422;5575;43226;44424;44464;5623;5622;43229;5694;43232;43228;43234;32991;6260;6259;44260;43170;71704;8152;8150;44237;9987;90304;6139;46483;6725;1901360;34641;6807;44238;34645;9059;1901576;9058;44249;5634;43231;43227;9555;48229;7275;44767;32502;44699;44707;32501;48856;5664;44454;44428;228;31981;70013;43233;31974	4290	4216	2949	1608	5938.5	1227	2121.5	6741	1042.5	3040	1483.5	1198.5	1352	3815.5	5413.5	6712.5	219	3121	3977	7080	4833.5	3955.5	4632	7120	69085.5	3.454.275
ORTHO000839_2	O-acetyltransferase family protein	AT3G06550	9834;9832;42546;44085;71840;8150;71554;9987;71669;45491;10410;10383;5976;5975;71704;8152;44238;43170;44036;44260;44237;16740;3824;3674;5783;43231;43227;43226;5575;43229;44424;44464;5623;5622;44444;5737;12505;10411;6073;44042;44264;44262;45492;70592;33692;271;16051;44723;44710;44699;1901576;9058;44711;9059;34637;44763;44249;34645;44038;70589;5794;9737;9725;9719;50896;10033;42221;33993;97305;1901700;1101;50832;98542;6952;6950;51707;43207;9605;9607;51704;9620	4291	3867	5841	7391	2097	1594	2627.5	7244.5	5851.5	930.5	2129.5	3422.5	3831	6971	7195	7782	6099.5	5368	7398	8632.5	7254	7520.5	8348.5	3920	104120	5206
ORTHO006545	Acyl-CoA N-acyltransferases (NAT) superfamily protein	AT4G28030	8080;16410;16747;16746;16740;3824;3674;8152;8150;16407;9507;9536;43231;43227;43226;5575;43229;44424;44464;5623;5622;44444;5737	4292	1489	4364.25	4436.5	1066.5	2837	6606.5	5213.5	8847.5	582	2539	5435.5	4171.5	5289	988	1429.5	1618.5	7761	8625.5	860	2533.5	8486	8930	4291.5	87045	4352.25
ORTHO002122	Uncharacterised protein family SERF	AT2G23090	3674;8150	4293	8214	4844.25	5395.5	7245.5	5580	3863.5	7762	3797	8063.5	6070	5631.5	2902	906.5	1677.5	8358	3682	663.5	4388	5578	5988	2328.5	6326.5	8456	92022	4601.1
ORTHO002867	unknown protein	AT1G52720;AT3G15630	9507;9536;43231;43227;43226;5575;43229;44424;44464;5623;5622;44444;5737;3674;8150;5634	4294	8574	6562.5	8831	8471	7324.5	5693	7762	7561.5	8934.5	8232.5	8654.5	5195	6027	7258.5	8660.5	8748.5	1332.5	8310	1869	1744	4308.5	7156	8649.5	123421.5	6.171.075
ORTHO001004	Ribosomal protein L32e	AT4G18100	5737;44424;44464;5575;5623;5622;22626;44445;44444;5829;5840;30529;32991;43232;43228;43226;43229;5730;44428;44446;44422;5634;43231;43227;31981;70013;43233;31974;42254;22613;44085;71840;8150;3735;5198;3674;6412;43043;43604;43603;34641;6807;8152;44237;9987;44271;44249;9058;6518;1901564;71704;1901566;1901576;44267;19538;43170;44238;44260;34645;9059;10467;22625;15934;44391	4295	6870	5520	6745	7662	7721.5	7744.5	8212.5	6823.5	7012	2290	3686.5	8094	2711.5	3936.5	3976.5	2049.5	3121	6531	8551.5	6696	1358.5	779	8367.5	99663	4983.15
ORTHO000927	ferulic acid 5-hydroxylase 1	AT4G36220;AT5G04330	9699;19438;6725;44237;8152;8150;9987;44249;9058;1901362;1901360;71704;1901576;44550;19748;44710;44699;44711;9698;44763;9809;9808;5783;43231;43227;43226;5575;43229;44424;44464;5623;5622;44444;5737;12505;5515;5488;3674;16021;31224;44425;16020;4497;16491;3824;55114;10224;9411;9416;9314;9628;50896;46424;16651;19825;5576	4296	7072	6151	8006	7947.5	6529	2190	8212.5	4387	3069.5	1623	8939	8306	2711.5	4462	3976.5	6099.5	3580	7042	7747	7709	5789.5	8247	8491	109111	5455.55
ORTHO003054	Family of unknown function (DUF716)	AT1G55230;AT1G55240;AT5G19870	9507;9536;43231;43227;43226;5575;43229;44424;44464;5623;5622;44444;5737;8150;3674	4297	3231	3539	2781	2097	1227	2452	6323	4452.5	3190.5	1810	998	5740	3815.5	4705.5	6712.5	4346.5	3949	4205.5	4131	5170.5	4873	6854	2784	77740	3887
ORTHO001911	Inositol 1;3;4-trisphosphate 5/6-kinase family protein	AT4G08170;AT4G33770	5737;44424;44464;5575;5623;5622;9611;6950;50896;8150;16310;6796;6793;44237;8152;9987;52726;51766;16301;16772;16740;3824;3674;16773;47325;51765;5634;43231;43227;43226;43229;52725;10214;3006;32502;22414;48856;48316;48608;61458;48731;7275;44767;44699;44707;32501;44702;9791;10154;5576	4298	5612	6638.5	8979	6534	6810	4457	6831.5	7831	3801.5	8314	7017.5	7031	8072	7713.5	7782	6925.5	4887	7612.5	8590.5	2207.5	7358	7667.5	7028	127937.5	6.396.875
ORTHO001227	vesicle-associated membrane protein 726	AT1G04760	16021;31224;44425;5575;16020;5768;43231;43227;43226;43229;44424;44464;5623;5622;44444;5737;12505;9507;9536;15031;45184;51234;51179;8150;8104;33036;71702;6810;5886;71944	4299	8139	5765	7231	8300.5	8619.5	8896	3572	1545.5	4957	8450	3578.5	5338.5	906.5	2163.5	8358	8748.5	2199.5	1311	7871	6180.5	4471.5	6989	8737.5	102893.5	5.144.675
ORTHO008858	unknown protein	AT2G44870	3674;9507;9536;43231;43227;43226;5575;43229;44424;44464;5623;5622;44444;5737;8150	4300	3818	3701.5	3103	4356	6529	3025	6573	4418	930.5	6763.5	1198.5	5066	3815.5	1109.5	6075	3958.5	3121	3730.5	6754	4668.5	3754	5902.5	2314	79706.5	3.985.325
ORTHO006517	WRKY DNA-binding protein 50	AT5G26170	5634;43231;43227;43226;5575;43229;44424;44464;5623;5622;50832;98542;6952;6950;50896;8150;51707;43207;9605;9607;51704;9620;9867;9755;7165;50794;50789;65007;51716;9987;7154;44763;44699;44700;23052;32870;9725;9719;10033;42221;71495;71310;70887;71395;9753;1101;1901700;71229;1901701;6355;1903506;2001141;31326;9889;19222;31323;51252;19219;80090;51171;60255;10556;10468;2000112;6351;34645;44260;43170;71704;8152;44237;9059;1901576;9058;44249;97659;32774;16070;90304;6139;46483;6725;1901360;34641;6807;44238;34654;19438;44271;18130;1901362;10467;3700;1071;3674;43565;3677;3676;1901363;5488;97159	4301	6746	6135.5	7970	5748	6529	3327	8233.5	6823.5	3425.5	6343	8763	8306	2711.5	4462	3976.5	793	3750.5	7042	7871	7786.5	6182.5	6040	6379.5	108745.5	5.437.275
ORTHO002878	Ran BP2/NZF zinc finger-like superfamily protein	AT3G15680	16310;6796;6793;44237;8152;8150;9987;16301;16772;16740;3824;3674;8270;46914;46872;43169;43167;5488	4302	8111	4326.5	4351	8300.5	8633	5382	4396	2868	7152	5836	7485.5	4328	1254	1549	8358	3245	4809.5	1423.5	4012.5	4321	1179	3733.5	6669	86634.5	4.331.725
ORTHO006184	indole-3-butyric acid response 1	AT4G05530	55114;44710;8152;8150;44699;48767;60560;48589;44767;32502;40007;9653;48856;48588;16049;44763;9987;48468;48869;30154;80147;48765;10053;90627;10015;48364;48513;48731;7275;44707;32501;22622;90558;9888;48764;48469;21700;10054;5777;42579;43231;43227;43226;5575;43229;44424;44464;5623;5622;44444;5737;6631;44255;6629;71704;44238;44237;32787;19752;43436;6082;44281;80024;9850;42445;10817;65008;65007;42430;46483;6725;1901360;34641;6807;1901564;16491;3824;3674;9507;9536;80026;14070;10033;42221;50896;9733;9725;9719;1101;10243;1901698;1901700	4303	2695	5034	5765	1812	5904	1881	7491.5	2715.5	2591.5	1810	2038	1352	7699.5	7548.5	2476	1102.5	6471	7435.5	8998	6810.5	7120.5	7818	4678.5	93942	4697.1
ORTHO009585	unknown protein	AT2G36835	9941;9526;31967;31975;44464;5575;5623;44446;44422;43226;44424;5622;43229;43227;44435;44444;5737;9536;43231;44434;9507;8150;3674	4304	4613	3462.5	2621	2982.5	5621	5840	6428.5	6823.5	2988	6343	2086	3577.5	1800.5	4705.5	3976.5	3682	2199.5	3385	2092	864.5	3222.5	5171.5	6057.5	76864.5	3.843.225
ORTHO006634	actin-related protein C1A	AT2G30910;AT2G31300	51015;32403;44877;5488;3674;5515;3779;8092;5737;44424;44464;5575;5623;5622;7015;71822;43933;16043;71840;8150;9987;30036;30029;44763;44699;7010;6996;1902589;34314;45010;30838;51495;10638;33043;51128;50794;50789;65007;51130;48522;48518;51493;30833;8064;30832;32535;90066;65008;32956;32970;32271;43254;44087;32273;31334;44089;166;36094;1901265;1901363;97159;5634;43231;43227;43226;43229;5856;43232;43228;5885;44430;44446;44422;43234;32991;15629	4305	4028	3482.5	2660	2097	2887.5	1068	3243.5	9137	8118.5	5249.5	367.5	1352	8771.5	6092	5325.5	2667	7335.5	1164.5	3483.5	353.5	1466	1767.5	7266.5	77116.5	3.855.825
ORTHO005434	prefoldin 2	AT3G22480	6457;9987;8150;5737;44424;44464;5575;5623;5622;51082;5515;5488;3674;16272;43234;32991	4306	2600	3596	2886	1812	8169	7275.5	1114.5	7831	6288	1981	6001.5	5740	4415.5	4705.5	1830	3521.5	4982.5	802.5	738.5	4103	1985	4141.5	2850	78476	3923.8
ORTHO008882	Transducin/WD40 repeat-like superfamily protein	AT2G16405	166;36094;5488;3674;1901265;1901363;97159;5737;44424;44464;5575;5623;5622;8150	4307	3835	6544	8781	4356	1594	3224.5	7244.5	7978	7916.5	8314	2086	7031	6971	7195	7782	6099.5	5368	7398	8661.5	7254	7520.5	8372.5	3920	121930.5	6.096.525
ORTHO005781	Cystathionine beta-synthase (CBS) family protein	AT5G10860	5739;43231;43227;43226;5575;43229;44424;44464;5623;5622;44444;5737;30554;17076;166;36094;5488;3674;1901265;1901363;97159;50897;46914;46872;43169;43167;9651;6970;9628;50896;8150;6950;45454;19725;42592;65008;65007;44763;9987;44699;50794;50789	4308	1312	2450.5	593	1066.5	3531	5430	310.5	1328.5	2736.5	865	1854	6804.5	4560	6192.5	1830	2033.5	5992	802.5	2033	4946	1310	601.5	1825	54986	2749.3
ORTHO003754	HVA22-like protein K	AT4G36720	8150;3674;5575	4309	6137	3573	2837	7245.5	7116	5466	5121.5	5028	3882	2216.5	4779	1352	2711.5	3936.5	3976.5	400	3121	5347.5	4211	5265	4873	4391	4898	78092	3904.6
ORTHO006412	CONTAINS InterPro DOMAIN/s: Kinetochore-Ndc80 complex; subunit Spc25 (InterPro:IPR013255)	AT3G48210	5634;43231;43227;43226;5575;43229;44424;44464;5623;5622;8150;3674	4310	6174	6092.5	7875	7245.5	8633	2881	2250	7183.5	7722.5	7999	8258	6731.5	1800.5	4842.5	3976.5	6549	3121	257	8364.5	7568	6340.5	6709	6669	107856	5392.8
ORTHO006596	MUTM homolog-1	AT1G52500	8534;702;19104;16799;16798;16787;3824;3674;8152;8150;3906;16835;16829;4520;4536;4518;16788;90305;90304;6139;46483;44237;9987;6725;1901360;71704;34641;6807;44238;43170;6259;44260;4519;5634;43231;43227;43226;5575;43229;44424;44464;5623;5622;6281;6974;33554;51716;50896;6950;44763;44699;44710;6979;6289;6284;8270;46914;46872;43169;43167;5488;3684;3677;3676;1901363;97159	4311	2259	3130.5	1950	4356	3324	7187.5	6978.5	7455	4218.5	2129.5	79.5	1352	9056	7461.5	2476	1903.5	5221.5	857	2059.5	1673.5	3754	2617	2439.5	72243.5	3.612.175
ORTHO007364	Regulator of chromosome condensation (RCC1) family protein	AT1G19880	8536;17016;31267;51020;19899;5515;5488;3674;278;7049;44763;9987;8150;44699;7032;6996;16043;71840;10256;51301;5634;43231;43227;43226;5575;43229;44424;44464;5623;5622	4312	4528	5031.5	5751	2982.5	717.5	6700.5	8985.5	3649	8118.5	4946	431	1352	5425.5	766.5	6712.5	2287	9010	2796	3208	8952.5	8148	2650	8980.5	93836.5	4.691.825
ORTHO006897	ornithine carbamoyltransferase	AT1G75330	9570;9532;44435;44444;44424;44464;5575;5623;5622;5737;44446;44422;43226;43229;9536;43231;43227;44434;9507;6520;1901564;71704;8152;8150;6807;19752;43436;6082;44281;44710;44699;44763;9987;44237;44238;16597;31406;43177;36094;5488;3674;43168;43167;16743;16741;16740;3824	4313	4158	4053.5	3794	2375	5773	652	3108.5	3083	8934.5	241.5	4018.5	5740	6455	7667.5	5325.5	1321	8837	2809	3331	2243	5789.5	5407	2784	83520.5	4.176.025
ORTHO006477	transmembrane kinase-like 1	AT3G24660	5886;16020;5575;44464;5623;71944;16021;31224;44425;4674;4672;16301;16772;16740;3824;3674;8152;8150;16310;6796;6793;44237;9987;16773;6468;6464;36211;19538;43170;71704;44238;43412;44267;44260;5524;35639;1901265;1901363;5488;97159;43168;43167;32559;30554;17076;166;36094;32555;32553;97367;32550;32549;1882;1883;9506;5911;30054;55044;7169;7167;7166;7165;50794;50789;65007;51716;50896;7154;44763;44699;44700;23052	4314	3167	5594	6874	4356	1729.5	3224.5	8601.5	1916	4289.5	2809.5	197	1352	8877.5	6192.5	2476	8562.5	7677.5	8509	7986	8850	7972	2214	7075	100511.5	5.025.575
ORTHO006649	Ribosomal protein L12/ ATP-dependent Clp protease adaptor protein ClpS family protein	AT3G06040	6412;43043;43604;43603;34641;6807;8152;8150;44237;9987;44271;44249;9058;6518;1901564;71704;1901566;1901576;44267;19538;43170;44238;44260;34645;9059;10467;3735;5198;3674;15934;44391;30529;32991;5575;44424;44464;5623;5622;44444;5737;44446;44422;43226;43229;5840;43232;43228;5739;43231;43227;3723;3676;1901363;5488;97159	4315	5411	2204.5	94	5238	930.5	1985	4034.5	4123.5	4605.5	5157	551.5	3836	138	136.5	1239.5	2750	134	1389	2455	2515	213.5	303.5	70.5	36568	1828.4
ORTHO007782	TRICHOME BIREFRINGENCE-LIKE 5	AT5G20590	71554;9987;8150;9507;9536;43231;43227;43226;5575;43229;44424;44464;5623;5622;44444;5737;16413;16407;16747;16746;16740;3824;3674;8152;8374;5794;12505	4316	3491	6403.25	8490.5	4356	7780	4835.5	2000	6379.5	8319	4046	8595.5	4053.5	5523.5	1109.5	6712.5	1356.5	7151.5	8435	9038.5	7786.5	8510	8775	5222.5	115630	5781.5
ORTHO004679	acyl-CoA oxidase 3	AT1G06290;AT1G06310	50660;50662;48037;5488;3674;43168;43167;166;36094;1901265;1901363;97159;6635;9062;44242;16042;44712;9056;8152;8150;44710;44699;6629;71704;44238;1901575;44255;44763;9987;44237;44248;72329;46395;16054;44282;44281;6082;19752;43436;32787;6631;19395;34440;30258;55114;3997;16634;16627;16491;3824;33539;5777;42579;43231;43227;43226;5575;43229;44424;44464;5623;5622;44444;5737;52890;3995;62;1901681;51791;9055;55088;48878;42592;65008;65007	4317	3291	4367.5	4418	2097	1777	4835.5	6741	2570.5	6645	8701	5019	5338.5	6501	6791	2476	4135	4326.5	3857.5	5519.5	1211.5	4525.5	3675	2314	86960	4348
ORTHO006330	DNAJ heat shock N-terminal domain-containing protein	AT2G35540	6457;9987;8150;5737;44424;44464;5575;5623;5622	4318	3814	4237	4156	2097	7543.5	3129.5	2796	1481	3221	3639.5	4670	5740	6475	6867.5	7782	1827.5	4326.5	1889	7299	4668.5	5308.5	4065	2940	85669	4283.45
ORTHO006590	Homeodomain-like superfamily protein	AT5G45580	3700;1071;3674;2001141;31326;9889;19222;50789;65007;8150;31323;50794;51252;19219;80090;51171;60255;10556;6355;1903506;10468;2000112;3677;3676;1901363;5488;97159;5634;43231;43227;43226;5575;43229;44424;44464;5623;5622;3682;44877	4319	3270	2584.5	850	4356	3168.5	1204	3522	3404.5	8535.5	544	13.5	5195	3815.5	3265	1606	4252.5	7525.5	2561	1811	345	3222.5	3621	2439.5	60051.5	3.002.575
ORTHO008446	plastid developmental protein DAG; putative	AT1G11430	9507;9536;43231;43227;43226;5575;43229;44424;44464;5623;5622;44444;5737;1900865;9451;16070;44260;43170;71704;8152;8150;44237;9987;90304;6139;46483;6725;1901360;34641;6807;44238;43412;5515;5488;3674;9941;9526;31967;31975;44446;44422;44435;44434;9570;9532	4320	4390	4139.5	3959	2982.5	5580	3327	5957	6823.5	1028.5	6343	2086	6071.5	1800.5	4705.5	6712.5	3627.5	2199.5	3385	6467.5	4103	3111.5	5171.5	6057.5	84558	4227.9
ORTHO003133	nitrate transmembrane transporters	AT5G50200	15706;71705;6810;51234;51179;8150;15698;6820;6811;44765;1902578;44699;5886;16020;5575;44464;5623;71944;98656;34220;55085;44763;9987;9611;6950;50896;16021;31224;44425;10167;1901698;42221;1101;10035;1901700;15112;15103;8509;15075;22891;22857;5215;3674;22892	4321	3437	3140.25	1959.5	5270.5	8240.5	8400	6652	6379.5	5342.5	3136.5	1915.5	1352	4134.5	4705.5	2914	3047.5	5824	926	1320	3271	1656	2479	604.5	72300.5	3.615.025
ORTHO005080	Chaperone DnaJ-domain superfamily protein	AT3G13310	9507;9536;43231;43227;43226;5575;43229;44424;44464;5623;5622;44444;5737;6457;9987;8150	4322	4334	3987.5	3653	5439	2776	2881	6741	800	8319	2129.5	1198.5	5338.5	3815.5	5413.5	6712.5	4135	3121	4548.5	6860	864.5	4067	6326.5	6732.5	82780	4139
ORTHO005790	AMMECR1 family	AT2G38710	5829;44444;44424;44464;5575;5623;5622;5737;9651;6970;9628;50896;8150;6950	4323	3819	5436	6549	2097	4474	3129.5	4099	2301	1750.5	7886	4239	6316	6764.5	6937	7782	5108	6265.5	5502	4258.5	5061.5	6648	6709	3238	98469	4923.45
ORTHO006467	CAP-binding protein 20	AT5G44200	5737;44424;44464;5575;5623;5622;31053;34470;34660;16070;44260;43170;71704;8152;8150;44237;9987;90304;6139;46483;6725;1901360;34641;6807;44238;6396;10467;35196;70918;31050;44763;44699;44710;71359;71407;14070;10033;42221;50896;71310;70887;51716;43331;1901698;1901699;31047;16458;10629;10605;9892;48519;50789;65007;19222;60255;10468;35195;35194;16441;10608;40029;394;8380;5515;5488;3674;339;3723;3676;1901363;97159;6370;6397;16071;9452;36260;5634;43231;43227;43226;43229;166;36094;1901265;5845;34518;43234;32991	4324	2918	4157.75	3991.5	4356	5319	5345.5	1484	2069	3412.5	2653	4239	1352	8541.5	7258.5	7782	2576	5886.5	3575.5	3850	4519	6182.5	5171.5	3565	84782	4239.1
ORTHO006734	SWITCH/sucrose nonfermenting 3A	AT2G47620	3677;3676;1901363;5488;3674;97159;5634;43231;43227;43226;5575;43229;44424;44464;5623;5622;6338;16568;6325;43933;16043;71840;8150;9987;51276;6996;16514;90544;70603;44428;44446;44422;43234;32991;6355;1903506;2001141;31326;9889;19222;50789;65007;31323;50794;51252;19219;80090;51171;60255;10556;10468;2000112;6351;34645;44260;43170;71704;8152;44237;9059;1901576;9058;44249;97659;32774;16070;90304;6139;46483;6725;1901360;34641;6807;44238;34654;19438;44271;18130;1901362;10467;3682;44877	4325	3395	3424	2523	4356	838.5	5903	6573	5994	502	6763.5	8178.5	4955.5	3815.5	3047.5	6712.5	3796.5	2199.5	105	518	4668.5	3609.5	5762.5	2314	76257	3812.85
ORTHO006833	COP9 signalosome; subunit CSN8	AT4G14110	338;70646;70647;6464;36211;19538;43170;71704;8152;8150;44238;43412;44267;44260;44237;9987;6508;8180;44428;44446;44422;5575;43226;44424;44464;5623;5622;43229;5634;43231;43227;43234;32991;9585;7602;9583;9416;9314;9628;50896;9582;51606;9581;9605;7165;50794;50789;65007;51716;7154;44763;44699;44700;23052;10017;71489;9639;71482;71478;71214;5515;5488;3674;10388;9753;9725;9719;10033;42221;1101;1901700;9640;9791;44767;32502;44707;32501;7275;5737;10387;43623;6461;65003;43933;16043;71840;22607;44085;71822;70271;34622;4222;4175;70011;8233;16787;3824;8237	4326	2810	5391.5	6457	1812	5621	3327	1389	8484.5	6966.5	2539	8330	1352	6971	7195	7782	1396.5	6085	5400	4848	5265	6182.5	4806.5	3920	97860.5	4.893.025
ORTHO004604	RNA polymerase II transcription elongation factor	AT1G71080	6414;34645;44260;43170;71704;8152;8150;44237;9987;9059;1901576;9058;44249;6412;43043;43604;43603;34641;6807;44271;6518;1901564;1901566;44267;19538;44238;10467;3746;8135;3723;3676;1901363;5488;3674;97159;6355;1903506;2001141;31326;9889;19222;50789;65007;31323;50794;51252;19219;80090;51171;60255;10556;10468;2000112;5634;43231;43227;43226;5575;43229;44424;44464;5623;5622;32783;8023;44451;44428;44446;44422;5654;31981;70013;43233;31974;43234;32991	4327	5122	4245.5	4164	2982.5	6529	5001	2322	597.5	1208.5	6763.5	3218	3662	1800.5	5413.5	5325.5	630	3949	7042	5189.5	7386	6266	6854	6553	85710.5	4.285.525
ORTHO004310	Integrase-type DNA-binding superfamily protein	AT2G47520	9873;160;35556;7165;50794;50789;65007;8150;51716;9987;50896;7154;44763;44699;44700;23052;9755;32870;9725;9719;10033;42221;71495;71310;70887;71369;9723;6355;1903506;2001141;31326;9889;19222;31323;51252;19219;80090;51171;60255;10556;10468;2000112;5634;43231;43227;43226;5575;43229;44424;44464;5623;5622;3700;1071;3674;3677;3676;1901363;5488;97159;34059;36293;70482;9628;6950;6351;34645;44260;43170;71704;8152;44237;9059;1901576;9058;44249;97659;32774;16070;90304;6139;46483;6725;1901360;34641;6807;44238;34654;19438;44271;18130;1901362;10467	4328	6262	6161.25	7994.5	7245.5	5833.5	3430	5957	1916	4140.5	7734.5	8132.5	8306	2711.5	5034.5	5325.5	5962.5	4400	6897.5	7871	6696	6077	6326.5	6210	108962	5448.1
ORTHO007992	unknown protein	AT1G22970;AT1G71150	5634;43231;43227;43226;5575;43229;44424;44464;5623;5622;51726;50794;50789;65007;8150;3674	4329	5426	6539	8749	2982.5	303	8523	6652	2412.5	8319	8314	7312.5	7031	8123.5	7667.5	5325.5	6896.5	4887	7562	8590.5	1287.5	7301.5	7667.5	7028	121204	6060.2
ORTHO006993	aluminum sensitive 3	AT2G37330	5887;31226;44459;44464;5575;5623;44425;16020;5886;71944;31224;16021;10044;10038;10035;42221;50896;8150;15075;22891;22857;5215;3674;6810;51234;51179;55085;44763;9987;44699;44765;1902578;22892;34220;6811	4330	3507	4663	4996	2097	3125	6283.5	9124.5	3682	8934.5	4815.5	1755.5	5740	6414.5	6791	7782	324.5	6590	1889	1460	2864	5059	4806.5	2575	90016	4500.8
ORTHO000521	ATPase; F0/V0 complex; subunit C protein	AT1G19910;AT2G16510;AT4G34720;AT4G38920	220;44437;44444;44424;44464;5575;5623;5622;5737;44446;44422;43226;43229;5773;43231;43227;33179;33177;98796;43234;32991;44425;16020;16469;33176;16471;5774;98588;31090;98805;46961;15078;15077;22890;8324;15075;22891;22857;5215;3674;6810;51234;51179;8150;55085;44763;9987;44699;44765;1902578;22892;34220;6811;98655;6812;15672;1902600;15992;6818;98662;98660;44769;42625;42626;43492;42623;16887;17111;16462;16818;16817;16787;3824;8152;15405;15399;22804;16820;36442;19829;7035;51452;51453;30641;6885;55067;98771;50801;48878;42592;65008;65007;55080;30004;30003;6873;55082;19725;45851;9507;9536;16021;31224;5886;71944	4331	8189	4496.5	4662	5748	7749.5	8602.5	7935.5	4028	5527.5	7040	4566	3033.5	401	1432	3976.5	5281.5	800	6265.5	5578	3309	1407.5	4500.5	6801.5	88235.5	4.411.775
ORTHO000527_2	P-loop containing nucleoside triphosphate hydrolases superfamily protein	AT5G27550	5871;5875;44430;44446;44422;5575;43226;44424;44464;5623;5622;43229;5856;43232;43228;43234;32991;15630;3777;3774;17111;16462;16818;16817;16787;3824;3674;8152;8150;5737;8017;32403;44877;5488;5515;15631;8092;5874;7018;6928;44763;9987;44699;7017;5524;35639;1901265;1901363;97159;43168;43167;32559;30554;17076;166;36094;32555;32553;97367;32550;32549;1882;1883	4332	4458	4623.5	4915	5938.5	1227	5430	6142.5	4452.5	6112	6763.5	1198.5	6731.5	1800.5	5413.5	3976.5	4135	3121	7153	3899.5	4833.5	4067	6413.5	6732.5	89603	4480.15
ORTHO005086	NAD(P)-binding Rossmann-fold superfamily protein	AT1G54870	55114;44710;8152;8150;44699;9507;9536;43231;43227;43226;5575;43229;44424;44464;5623;5622;44444;5737;16491;3824;3674;8106;4033;16616;16614	4333	6167	3990.5	3648	7245.5	2295.5	4341	4964	6379.5	5105	1981	4949	5740	1800.5	2702.5	3976.5	4610.5	2724.5	5851	6754	4668.5	4612.5	4391	4898	82744.5	4.137.225
ORTHO007176	signal recognition particle-related / SRP-related	AT5G61970	5786;48500;30529;32991;5575;44424;44464;5623;5622;44444;5737;5047;43021;44877;5488;3674;5634;43231;43227;43226;43229;5829	4334	3405	2180	26	2097	4031.5	5105.5	676	317.5	6401	195.5	109.5	1352	138	136.5	3183	88	330	1612.5	461.5	408.5	443.5	1681.5	314	26985.5	1.349.275
ORTHO006316	RNA-binding (RRM/RBD/RNP motifs) family protein	AT5G19350	8143;70717;3727;3723;3676;1901363;5488;3674;97159;5737;44424;44464;5575;5623;5622;6397;16071;16070;44260;43170;71704;8152;8150;44237;9987;90304;6139;46483;6725;1901360;34641;6807;44238;6396;10467;5634;43231;43227;43226;43229;166;36094;1901265	4335	4771	4273.5	4212	5938.5	6643.5	2627.5	6428.5	2892	4106	6543	2000.5	6071.5	1800.5	5034.5	6712.5	3682	2558	3445.5	6467.5	4103	3222.5	5407	6210	85955.5	4.297.775
ORTHO008667	debranching enzyme 1	AT1G03310	9507;9536;43231;43227;43226;5575;43229;44424;44464;5623;5622;44444;5737;19156;4133;3824;3674;8152;8150;5977;44723;5975;71704;44238;44710;44699;6073;44042;5976;43170;44264;44260;44237;9987;44262;6112;15980;6091;55114;44763;4553;16798;16787;19252;9250;33692;271;16051;1901576;9058;44711;9059;34637;44249;34645;5982;4556;16160;43169;43167;5488;10021;1901137;1901135;2000896	4336	3874	4019	3702	2097	4236.5	4835.5	6573	4323	7666.5	4758.5	1755.5	1352	6389.5	6728	7782	1356.5	4887	3553	1460	3978	4308.5	5171.5	1906.5	83021	4151.05
ORTHO004636	associated protein 19	AT2G17380;AT4G35410	30665;30662;30659;12506;31090;16020;5575;44422;43226;43227;31988;31982;44433;44444;44424;44464;5623;5622;5737;44446;43229;31410;16023;43231;98588;98805;30135;30136;6886;15031;45184;51234;51179;8150;8104;33036;71702;6810;46907;51649;51641;34613;70727;8565;22892;5215;3674;30125;30118;30117;98796;43234;32991;44425;48475;30120;5794;12505;16192	4337	6007	6010.5	7684	6664	6529	3513	5698.5	4387	4730	7594	8736.5	6071.5	1800.5	4462	3976.5	5864.5	3750.5	6700.5	7871	6180.5	5924	6040	6379.5	106209	5310.45
ORTHO006358	genomes uncoupled 1	AT2G31400	9507;9536;43231;43227;43226;5575;43229;44424;44464;5623;5622;44444;5737;31930;7165;50794;50789;65007;8150;51716;9987;50896;7154;44763;44699;44700;23052;3677;3676;1901363;5488;3674;97159;10019	4338	2645	5004.25	5670.5	4356	2170	1068	1912	8634	1462	4016	6819	8446	5513	1081	1830	6896.5	7251.5	7950	3377.5	2409.5	8091	8609.5	5913	93449.5	4.672.475
ORTHO004475	lipid phosphate phosphatase 2	AT1G15080	5737;44424;44464;5575;5623;5622;9738;9755;7165;50794;50789;65007;8150;51716;9987;50896;7154;44763;44699;44700;23052;32870;9725;9719;10033;42221;71495;71310;70887;71215;9737;33993;97305;1901700;1101;71396;97306;1901701;71229;46839;30258;44255;6629;71704;8152;44710;44238;44237;16311;6796;6793;6644;19637;8195;16791;42578;16788;16787;3824;3674;5887;31226;44459;44425;16020;5886;71944;31224;16021;3993	4339	6670	5146.5	5954	7662	6643.5	7262.5	5698.5	5028	2551	2129.5	8132.5	1352	2711.5	3936.5	3976.5	5864.5	3949	6700.5	2326	7786.5	6429	6194.5	6379.5	95051.5	4.752.575
ORTHO005188	CONTAINS InterPro DOMAIN/s: WW/Rsp5/WWP (InterPro:IPR001202)	AT2G33510	5634;43231;43227;43226;5575;43229;44424;44464;5623;5622;8150	4340	5144	4132	3924	5552	7468.5	5521	8825	7632	6573.5	513.5	5903.5	3313	3815.5	5034.5	6712.5	4252.5	2199.5	394	3659	1078.5	2213.5	4843.5	4413.5	84366.5	4.218.325
ORTHO000572_3	CRS1 / YhbY (CRM) domain-containing protein	AT3G18390	9507;9536;43231;43227;43226;5575;43229;44424;44464;5623;5622;44444;5737;9737;9725;9719;50896;8150;10033;42221;33993;97305;1901700;1101;3723;3676;1901363;5488;3674;97159;9793;44702;22414;44699;3006;32502;9790;44767;48856;7275;44707;32501;48316;48608;61458;48731;9791;10154	4341	4338	4289	4237	5938.5	8484	3863.5	1912	1545.5	2551	1312.5	998	5740	3815.5	5523	6712.5	4346.5	3580	5851	5781.5	5170.5	4873	7048.5	6949.5	86058	4302.9
ORTHO007723	mitochondrial 28S ribosomal protein S29-related	AT1G16870	3735;5198;3674;5739;43231;43227;43226;5575;43229;44424;44464;5623;5622;44444;5737;5763;44429;44446;44422;314;15935;44391;30529;32991;5840;43232;43228;313;5761;5759;70013;43233;31974;44822;3723;3676;1901363;5488;97159;8150	4342	3750	3844.5	3347	4356	7733	7055	1640.5	4492.5	5075	669	679.5	1352	4134.5	5254.5	6712.5	110	4326.5	4914	2734	6908	6340.5	7729.5	3238	81098.5	4.054.925
ORTHO006055	L-Aspartase-like family protein	AT5G10920	4056;16842;16840;16829;3824;3674;8152;8150;9570;9532;44435;44444;44424;44464;5575;5623;5622;5737;44446;44422;43226;43229;9536;43231;43227;44434;9507;51262;51259;6461;65003;43933;16043;71840;9987;22607;44085;71822;70271;5829;6526;9084;1901607;1901605;6520;1901564;71704;6807;19752;43436;6082;44281;44710;44699;44763;44237;44238;8652;46394;16053;44283;44711;9058;1901576;44249;1901566;9064;6525	4343	5076	5176	6009	2982.5	1381.5	3628.5	5957	6943.5	3913	6343	3422.5	6071.5	1800.5	4705.5	3976.5	5864.5	3949	6700.5	6467.5	6180.5	5924	6040	6057.5	95326.5	4.766.325
ORTHO001134	Cellulase (glycosyl hydrolase family 5) protein	AT1G13130;AT3G26130;AT3G26140;AT5G16700;AT5G17500	9507;9536;43231;43227;43226;5575;43229;44424;44464;5623;5622;44444;5737;4553;16798;16787;3824;3674;8152;8150;5975;71704;44238;5576	4344	4250	5614	6884	5938.5	1777	4341	7084	1328.5	2496	7886	4905	3888.5	8210.5	6937	2476	1000	5452.5	7950	7871	5061.5	6813.5	7729.5	7376.5	100584	5029.2
ORTHO006075	RING/FYVE/PHD zinc finger superfamily protein	AT1G32810	5634;43231;43227;43226;5575;43229;44424;44464;5623;5622;8270;46914;46872;43169;43167;5488;3674	4345	3217	6177.5	8010	2097	1423	6075.5	7331	7978	4079	2402	1810.5	7189	6971	7258.5	7782	6549	5626	7712	366.5	8400	7637.5	8485	4060.5	109136	5456.8
ORTHO008609	Lycopene beta/epsilon cyclase protein	AT5G57030	31969;42170;31090;16020;5575;44422;43226;43227;44435;44444;44424;44464;5623;5622;5737;44446;43229;9536;43231;9526;31967;31975;44434;9507;9941;16123;16122;16116;16108;6721;6720;44255;6629;71704;8152;8150;44710;44699;44238;44763;9987;44237;16117;16109;16114;8299;8610;1901576;9058;44711;44249;46148;42440;45435;16860;16853;3824;3674;9975;9765;6091;19684;15979;16705;16491;55114;16021;31224;44425;16120;16119;42214;46246	4346	3897	3412	2478	5748	1227	3224.5	2185	5994	4213.5	8606.5	1374.5	4955.5	4206	3265	6712.5	4346.5	4400	3857.5	6689.5	4668.5	2213.5	1640	2121	75900.5	3.795.025
ORTHO009204	Diacylglycerol kinase family protein	AT2G46090	16310;6796;6793;44237;8152;8150;9987;5524;35639;1901265;1901363;5488;3674;97159;43168;43167;32559;30554;17076;166;36094;32555;32553;97367;32550;32549;1882;1883;7205;7186;7165;50794;50789;65007;51716;50896;7154;44763;44699;44700;23052;9409;9266;9628;6950;4143;16301;16772;16740;3824;16773;17050;6671;97164;6807;46519;6665;1901564;71704;6643;44255;6629;44710;44238;19751;6066;1901615;44281;5739;43231;43227;43226;5575;43229;44424;44464;5623;5622;44444;5737;3951	4347	4547	6357.5	8368	5938.5	7694	2703	1013.5	5851.5	2101.5	8232.5	6838.5	1352	8485	8203.5	7782	693.5	5368	7398	8632.5	7254	7470	8348.5	8062	113483.5	5.674.175
ORTHO003922	unknown protein	AT3G26950	3674;8150;5739;43231;43227;43226;5575;43229;44424;44464;5623;5622;44444;5737	4348	4510	4294.5	4241	2982.5	7482.5	5410	6741	702.5	555.5	6763.5	907	1352	4344	5746.5	6712.5	494	3580	7435.5	3976	5170.5	5059	6854	6801.5	86087.5	4.304.375
ORTHO000375_2	sucrose phosphate synthase 3F	AT1G04920	16757;16740;3824;3674;8152;8150;16157;35251;46527;16758;8194;5986;5985;5984;44262;5975;71704;44238;44237;9987;9311;44723;44710;44699;44763;46351;34637;16051;1901576;9058;44711;44249;9312;5794;43231;43227;43226;5575;43229;44424;44464;5623;5622;44444;5737;12505;5634	4349	5092	6627	8905	2982.5	5621	8474	6428.5	8178.5	5008	7199	5631.5	6895.5	8072	7667.5	6712.5	1189	4887	7862.5	7299	8264.5	7087	6040	6949.5	125466.5	6.273.325
ORTHO007659	histone acetyltransferase of the GNAT family 1	AT3G54610	10321;48580;2000026;50793;50789;65007;8150;51239;3677;3676;1901363;5488;3674;97159;16407;16747;16746;16740;3824;8152;10484;4402;61733;34212;8080;16410;16573;16570;16569;16568;6325;43933;16043;71840;9987;51276;6996;6464;36211;19538;43170;71704;44238;43412;44267;44260;44237;1902589;44763;44699;44710;18393;18394;18205;18193;6473;43543;6475;43966;5634;43231;43227;43226;5575;43229;44424;44464;5623;5622;45893;10628;10604;9893;48518;19222;60255;10468;1903508;1903506;2001141;31326;9889;31323;50794;51252;19219;80090;51171;10556;1902680;51254;45935;31325;48522;51173;31328;9891;10557;6355;2000112;10015;44767;32502;9653;48856;48364;48513;48731;7275;44707;32501;22622;5515;123;31248;1902493;1990234;1902494;43234;32991;44451;44428;44446;44422;5654;31981;70013;43233;31974;9416;9314;9628;50896;9908;90567;48608;3006;22414;61458;44702;9791;48367	4350	3069	3335.5	2321	2097	4827.5	1881	1963.5	597.5	1233	5351	1576.5	1352	3815.5	5034.5	6712.5	4761	4253	4607.5	4392	6696	5213.5	7486	3005.5	74759	3737.95
ORTHO006738	Ribosomal protein S8e family protein	AT5G06360	3735;5198;3674;5840;30529;32991;5575;44424;44464;5623;5622;43232;43228;43226;43229;44444;5737;6412;43043;43604;43603;34641;6807;8152;8150;44237;9987;44271;44249;9058;6518;1901564;71704;1901566;1901576;44267;19538;43170;44238;44260;34645;9059;10467;5634;43231;43227;42254;22613;44085;71840	4351	5338	5386.5	6422	6358.5	5621	3513	2322	8906.5	1409.5	6343	3422.5	6071.5	1800.5	4705.5	5325.5	5864.5	3750.5	6531	7871	6180.5	5924	6040	6057.5	97659.5	4.882.975
ORTHO004129	unknown protein	AT5G47920	5575;8150;3674	4352	5047	6195	8038	2982.5	7766.5	2881	8778	8207	3122	2129.5	3422.5	1352	8511.5	8240.5	7782	294.5	5518	7482.5	8691.5	1250.5	7567	8405	8092	109493.5	5.474.675
ORTHO002675	Homeodomain-like superfamily protein	AT2G46410;AT5G53200	6351;34645;44260;43170;71704;8152;8150;44237;9987;9059;1901576;9058;44249;97659;32774;16070;90304;6139;46483;6725;1901360;34641;6807;44238;34654;19438;44271;18130;1901362;10467;3700;1071;3674;2001141;31326;9889;19222;50789;65007;31323;50794;51252;19219;80090;51171;60255;10556;6355;1903506;10468;2000112;5634;43231;43227;43226;5575;43229;44424;44464;5623;5622;9913;30855;30154;48869;44767;32502;44699;44763;60429;9888;48856;8544;3677;3676;1901363;5488;97159;5515;9751;14070;10033;42221;50896;1101;1901700;9753;9725;9719;3682;44877;10063;10061;42659;10453;45595;50793;2000067;22603;2000280;2000026;51239;1903888;1903890;45597;51094;48518;48522;51240;42660;10455;7275;44707;32501;10091;904;902;32989;16043;71840;9653;48468;10090;10026;90558;90626	4353	8248	5502.5	6652	8341	6023.5	7978.5	7762	4645.5	7125	7999	4566	1352	1184.5	2163.5	8358	3958.5	663.5	6327	4169.5	6431	3026	6854	8552	99139	4956.95
ORTHO004618	TCP family transcription factor	AT2G45680	8361;32535;90066;65008;65007;8150;16043;71840;9987;44763;44699;5634;43231;43227;43226;5575;43229;44424;44464;5623;5622;3700;1071;3674;2001141;31326;9889;19222;50789;31323;50794;51252;19219;80090;51171;60255;10556;6355;1903506;10468;2000112;3677;3676;1901363;5488;97159;1900056;51241;48519;51239;1900055;2000024;48831;2000026;50793;51093;48364;44767;32502;48513;48856;48731;7275;44707;32501;22622;6351;34645;44260;43170;71704;8152;44237;9059;1901576;9058;44249;97659;32774;16070;90304;6139;46483;6725;1901360;34641;6807;44238;34654;19438;44271;18130;1901362;10467	4354	8777	6221	8088	8678	5516	8661.5	7461	5754	7247	7734.5	4162.5	2969.5	590	1758.5	8925	8801.5	1017	7792.5	6467.5	7786.5	1566.5	7404.5	8396	110011.5	5.500.575
ORTHO004312	nucleic acid binding	AT2G23740	5634;43231;43227;43226;5575;43229;44424;44464;5623;5622;6342;45814;10629;10605;9892;48519;50789;65007;8150;19222;60255;10468;40029;45892;1903507;1903506;2001141;31326;9889;31323;50794;51252;19219;80090;51171;10556;1902679;51253;45934;51172;31324;48523;31327;9890;10558;6355;2000112;2000113;16458;44763;9987;44699;5694;43232;43228;34968;16571;6479;43414;44260;43170;71704;8152;44237;32259;43412;8213;6464;36211;19538;44238;44267;16570;16569;16568;6325;43933;16043;71840;51276;6996;1902589;44710;18022;18205;18193;18024;16279;16278;8170;8168;16741;16740;3824;3674;8757;8276;42054;8270;46914;46872;43169;43167;5488;1900109;51570;31060;31056;1903308;1902275;33044;33043;51128;31399;32268;51246;3676;1901363;97159;3700;1071;43565;3677	4355	4387	3754	3153	2982.5	4561.5	2627.5	1912	1625	2642.5	1312.5	998	6895.5	1800.5	5523	3976.5	4252.5	3580	7435.5	7299	5061.5	4709	6854	6949.5	80015.5	4.000.775
ORTHO004299	phosphoribosylformylglycinamidine cyclo-ligase; chloroplast / phosphoribosyl-aminoimidazole synthetase / AIR synthase (PUR5)	AT3G55010	5524;35639;1901265;1901363;5488;3674;97159;43168;43167;32559;30554;17076;166;36094;32555;32553;97367;32550;32549;1882;1883;6164;9165;1901293;90407;19637;71704;8152;8150;6793;44237;9987;1901576;9058;6753;55086;6139;46483;6725;1901360;34641;6807;44238;44281;44710;44699;44763;6796;34654;19438;44249;44271;18130;1901362;44711;9117;72522;72521;1901564;1901566;6163;4641;16882;16879;16874;3824;9570;9532;44435;44444;44424;44464;5575;5623;5622;5737;44446;44422;43226;43229;9536;43231;43227;44434;9507;6189;6188;46040;9150;9259;19693;1901135;9167;9161;9123;9126;9152;9260;46390;1901137;9168;9156;9124;9127;5507;46914;46872;43169;5739	4356	4197	4545	4734	2982.5	4434.5	2328.5	2250	2570.5	6259.5	6763.5	1198.5	5195	3815.5	4705.5	6712.5	4054.5	3121	7042	6860	4668.5	3955.5	6194.5	6553	88682.5	4.434.125
ORTHO005479	hydroxyproline-rich glycoprotein family protein	AT5G16620	9941;9526;31967;31975;44464;5575;5623;44446;44422;43226;44424;5622;43229;43227;44435;44444;5737;9536;43231;44434;9507;9535;55035;42651;34357;16020;44436;9579;31976;31984;9534;5515;5488;3674;9706;9528;19866;31090;42170;31969;31897;98796;43234;32991;44425;45037;45036;1902580;51641;51179;8150;1902578;44699;6605;6886;15031;45184;51234;8104;33036;71702;6810;46907;51649;34613;70727;1902582;44765;72596;72594;33365;72598;16482;44743;17038;65002;71806;55085;44763;9987;9658;9657;6996;16043;71840;16021;31224	4357	5406	4193	4029	2982.5	5684	4118.5	5568.5	2412.5	4161	2809.5	4018.5	3479.5	1800.5	3936.5	5325.5	4942.5	3121	5430	7080	5265	5603	5171.5	5041.5	84969	4248.45
ORTHO006161	glutaminyl cyclase	AT4G25720	9507;9536;43231;43227;43226;5575;43229;44424;44464;5623;5622;44444;5737;3824;3674;8152;8150;5789;98588;31090;16020;44422;44432;44446;5783;12505;44425;42175;17186;18199;18193;6464;36211;19538;43170;71704;44238;43412;44267;44260;44237;9987;5886;71944;16021;31224;16603;16755;16746;16740	4358	3451	3098.5	1839	4356	8581.5	1068	5813.5	1916	5884.5	6343	1810.5	1352	4662.5	4462	6712.5	3589	3121	188	1043.5	4384	3453.5	5171.5	1825	71381.5	3.569.075
ORTHO007143	U2 small nuclear ribonucleoprotein A	AT1G09760	15030;16604;44451;44428;44446;44422;5575;43226;44424;44464;5623;5622;43229;5634;43231;43227;5654;31981;70013;43233;31974;9409;9266;9628;50896;8150;6950;5730;43232;43228;30529;32991;398;6397;16071;16070;44260;43170;71704;8152;44237;9987;90304;6139;46483;6725;1901360;34641;6807;44238;6396;10467;377;375;8380;5737;5829;44444;9507;9536;3723;3676;1901363;5488;3674;97159	4359	4116	2850.5	1342	5413	838.5	6338	1322	1234	7350.5	3639.5	307.5	4865.5	3815.5	5034.5	6712.5	3682	2199.5	2078.5	884	981	3222.5	5407	6732.5	66645	3332.25
ORTHO009452	FUNCTIONS IN: molecular_function unknown	AT5G11680	8150;5829;44444;44424;44464;5575;5623;5622;5737;5886;16020;71944;5634;43231;43227;43226;43229;3674	4360	4704	3384	2408	2982.5	1329	2627.5	6428.5	5994	3851	2290	2086	6071.5	1800.5	4705.5	3976.5	3682	2199.5	3385	6467.5	4103	3222.5	5171.5	6057.5	75448.5	3.772.425
ORTHO005011	Uncharacterised protein family (UPF0041)	AT4G22310	5739;43231;43227;43226;5575;43229;44424;44464;5623;5622;44444;5737;5743;19866;31090;16020;44422;31967;31975;44446;31966;44429;5740;6850;6848;15718;46942;15849;44765;6810;51234;51179;8150;1902578;44699;71702;15711;6820;6811;6839;1902582;46907;51649;51641;16021;31224;44425	4361	6015	4093	3825	6664	4693.5	3960	5439.5	4705.5	2496	6343	5327.5	3325.5	1800.5	3265	3976.5	4346.5	2724.5	4968.5	6555.5	5779	4612.5	4887	4541	83747	4187.35
ORTHO006964	starch synthase 4	AT4G18240	5982;6073;44042;5976;5975;71704;8152;8150;44238;43170;44264;44260;44237;9987;44262;19252;9250;33692;271;16051;44723;44710;44699;1901576;9058;44711;9059;34637;44763;44249;34645;5515;5488;3674;16757;16740;3824;9507;9536;43231;43227;43226;5575;43229;44424;44464;5623;5622;44444;5737;9501	4362	4120	4311.5	4261	2375	5580	8324.5	6428.5	6943.5	2496	6343	2086	4738	3815.5	2702.5	6712.5	3627.5	2199.5	3385	6467.5	4103	3111.5	5171.5	1958.5	86194	4309.7
ORTHO006915	Acyl-CoA N-acyltransferases (NAT) superfamily protein	AT1G24040	8080;16410;16747;16746;16740;3824;3674;8152;8150;16407;9507;9536;43231;43227;43226;5575;43229;44424;44464;5623;5622;44444;5737	4363	2874	4378	4393	4356	3406.5	6845.5	4503	2828	1462	9062.5	5257	1352	8825.5	5937	7782	2152.5	6982	1567	4060.5	1121	7358	2214	4117.5	86833.5	4.341.675
ORTHO007815	30S ribosomal protein; putative	AT5G24490	9507;9536;43231;43227;43226;5575;43229;44424;44464;5623;5622;44444;5737;9941;9526;31967;31975;44446;44422;44435;44434;9535;55035;42651;34357;16020;44436;9579;31976;31984;9534;32441;16730;16491;3824;3674;8152;8150;55114;44710;44699;8219;16265;44763;9987;15996;6787;51187;51186;44237;44248;9056;6778;33013;46483;6725;1901360;71704;1901564;6807;33015;19439;44270;34641;1901361;1901575;1901565;46700;46149;44712;42440;15994;9706;9528;19866;31090;42170;31969;9816;9814;98542;6952;6950;50896;51707;43207;9605;9607;51704;45087;6955;2376;42742;9617;46872;43169;43167;5488;10277;16703;16701;4497;51537;51536;51540;10154;48608;3006;32502;22414;48856;61458;48731;7275;44767;44707;32501;9908;90567;44702;9791;48367	4364	3294.5	4037.5	3711	4356	257.5	6588	6978.5	7748	2170.5	1810	6055	1352	3815.5	4842.5	6712.5	324.5	4154.5	4548.5	3563	6578.5	5059	7404.5	3103.5	83066	4153.3
ORTHO004175	G-protein gamma subunit 2	AT3G22942;AT3G63420	4871;60089;3674;7165;50794;50789;65007;8150;51716;9987;50896;7154;44763;44699;44700;23052;18342;97354;44237;8152;6464;36211;19538;43170;71704;44238;43412;44267;44260;48527;48528;9791;44767;32502;44707;32501;7275;48364;48513;48856;48731;22622;48569;5834;1902494;43234;32991;5575;98797;44459;44464;5623;44425;16020;5886;71944;98796;44424;5622;31234;19897;19898;9898;98562;98552;5515;5488;7186;10540;9926;60918;9914;10817;65008;44765;6810;51234;51179;1902578;18345;6497;42158;42157;34645;9059;1901576;9058;44249;43543;5634;43231;43227;43226;43229;9845;90351;5737;139;98588;31090;44422;44431;44444;44446;5794;12505;10541;9817;9814;98542;6952;6950;51707;43207;9605;9607;51704;45087;6955;2376;50832;9620;5525;35639;1901265;1901363;97159;43168;43167;32550;32549;1882;36094;97367;1883;32561;19001;17076;166;32555;32553	4365	8186	6313	8261	8320.5	5432.5	7665	7935.5	7632	3838	8487.5	7312.5	5467.5	906.5	3047.5	8358	494	867.5	7562	8214	7925	4873	7667.5	8159	111844.5	5.592.225
ORTHO007908	SPFH/Band 7/PHB domain-containing membrane-associated protein family	AT2G03510	5794;43231;43227;43226;5575;43229;44424;44464;5623;5622;44444;5737;12505;5774;44437;44446;44422;5773;98588;31090;16020;98805;15485;32934;43178;36094;5488;3674;5496;97159;8289;5789;44432;5783;44425;42175;5634;9506;5911;30054;55044;5730;44428;43232;43228;31981;70013;43233;31974;32933;45944;45893;10628;10604;9893;48518;50789;65007;8150;19222;60255;10468;1903508;1903506;2001141;31326;9889;31323;50794;51252;19219;80090;51171;10556;1902680;51254;45935;31325;48522;51173;31328;9891;10557;6355;2000112;6357;71501;6991;6950;50896;33554;51716;9987;6984;7165;7154;44763;44699;44700;23052	4366	3683	5479	6592	2097	7658.5	2528	2185	7632	2081	8984.5	281	6895.5	6601.5	7195	5325.5	4346.5	5368	7281	8632.5	2224.5	6714	2917	3920	98771	4938.55
ORTHO007171	Matrixin family protein	AT4G16640	31225;31224;44425;5575;16020;6508;19538;43170;71704;8152;8150;44238;5886;44464;5623;71944;5576;4222;4175;70011;8233;16787;3824;3674;8237;31012	4367	6468	2258.5	150	5748	908.5	7099.5	3884	3957.5	6139.5	319	1576.5	1352	138	136.5	3232.5	2745	398	2030.5	3146	2474.5	250.5	433.5	409.5	40631	2031.55
ORTHO001251	Protein of unknown function (DUF707)	AT4G12840;AT4G18530	16757;16740;3824;3674;8152;8150	4368	4160	4417	4466	2375	436.5	4948.5	3803	5619	6934	3136.5	6590	1352	5656	1196	3976.5	2909.5	8852	8544.5	9083.5	2737	1466	1538	8403	87181.5	4.359.075
ORTHO005386	Protein of unknown function (DUF506)	AT3G07350	8150;3674;5739;43231;43227;43226;5575;43229;44424;44464;5623;5622;44444;5737	4369	5687	3488	2607	6534	3168.5	8499.5	5813.5	2202	6112	2539	3578.5	1352	1800.5	4462	3976.5	793	2724.5	2607	4258.5	5637	5789.5	5649	5806	76768.5	3.838.425
ORTHO007799	chloroplast RNA binding	AT1G09340	9570;9532;44435;44444;44424;44464;5575;5623;5622;5737;44446;44422;43226;43229;9536;43231;43227;44434;9507;5773;16020;5996;44723;5975;71704;8152;8150;44238;44710;44699;44281;32544;9657;6996;16043;71840;9987;1902589;44763;6412;43043;43604;43603;34641;6807;44237;44271;44249;9058;6518;1901564;1901566;1901576;44267;19538;43170;44260;34645;9059;10467;44711;45727;10628;10604;9893;48518;50789;65007;19222;60255;10468;31328;31326;9889;31323;50794;31325;48522;9891;10557;10556;6417;10608;32268;51246;80090;34248;51171;2000112;32270;51247;34250;51173;5777;42579;6364;34470;34660;16070;90304;6139;46483;6725;1901360;6396;16072;42254;22613;44085;42631;31668;51716;50896;71496;9605;7154;9991;71462;71214;9628;9415;1101;42221;10035;1901700;71229;70887;1901701;9414;6950;33554;18119;17014;6464;36211;43412;18198;18193;42742;9617;51707;43207;9607;51704;98542;6952;9941;9526;31967;31975;50662;48037;5488;3674;3824;10319;10287;7623;48511;9658;9611;9506;5911;30054;55044;48046;5576;5840;30529;32991;43232;43228;19843;3723;3676;1901363;97159;5515;45893;1903508;1903506;2001141;51252;19219;1902680;51254;45935;6355;9409;9266;5794;12505;272;5976;16052;1901575;9056;9057	4370	3685	2216	62	4356	615.5	5048.5	917.5	3957.5	3688.5	5157	267.5	1352	138	136.5	3232.5	2728	261.5	24	1268.5	2392	389	1235	223.5	33032.5	1.651.625
ORTHO006436	hydroxysteroid dehydrogenase 5	AT4G10020	55114;44710;8152;8150;44699;16491;3824;3674;5576;5575;6694;1901362;1901360;71704;1901576;9058;8202;6629;44238;8610;44711;16021;31224;44425;16020	4371	3346	5561	6751	4356	1554	6670	7372.5	8808.5	1970.5	1981	1198.5	1352	7213.5	7258.5	7782	50	6683.5	7901.5	3850	7786.5	7725	8247	4291.5	99696	4984.8
ORTHO008410	Protein of unknown function (DUF567)	AT2G30270	5634;43231;43227;43226;5575;43229;44424;44464;5623;5622;3674;5886;16020;71944;6952;6950;50896;8150	4372	4829	4297	4222	2982.5	5621	3628.5	6428.5	5994	6422.5	6343	2086	6071.5	1800.5	4705.5	6712.5	3682	2199.5	3385	6467.5	4103	3222.5	5171.5	1958.5	86003	4300.15
ORTHO005058	golgin candidate 5	AT1G79830	5515;5488;3674;5576;5575;5737;44424;44464;5623;5622;5794;43231;43227;43226;43229;44444;12505;8150;5634	4373	5010	5113.5	5854	2982.5	3466.5	7149	4077.5	3957.5	8006.5	4285.5	5983.5	6895.5	8072	7667.5	5325.5	4761	4326.5	299	3331	4384	3222.5	2553	6732.5	94496	4724.8
ORTHO007844	CONTAINS InterPro DOMAIN/s: Putative zinc-finger domain (InterPro:IPR019607)	AT2G39580	5634;43231;43227;43226;5575;43229;44424;44464;5623;5622;8150;3674	4374	3794	2595	816	4356	790.5	7378.5	1013.5	317.5	4263	2539	6171.5	1352	3815.5	3265	6712.5	1731.5	2199.5	2160.5	6689.5	569	2923.5	3561.5	2136	59589.5	2.979.475
ORTHO007239	xylose isomerase family protein	AT5G57655	5774;44437;44444;44424;44464;5575;5623;5622;5737;44446;44422;43226;43229;5773;43231;43227;98588;31090;16020;98805;5783;12505;6098;51156;19637;71704;8152;8150;6793;44237;9987;1901135;6796;6739;46496;19362;6733;6732;51186;9117;6753;55086;6139;46483;6725;1901360;34641;6807;44238;44281;44710;44699;44763;72524;1901564;19682;6081;19693;46872;43169;43167;5488;3674;5794;42732;19321;5996;44723;5975;9045;16861;16860;16853;3824	4375	4500	3405.5	2436	2982.5	1329	3758	5813.5	6712.5	3476	2402	2197	6071.5	1800.5	4705.5	3976.5	3589	2199.5	3321.5	6397	3978	2923.5	5021	5957	75628.5	3.781.425
ORTHO000563	cullin 2	AT1G02980;AT1G43140;AT4G02570	42787;16567;32446;70647;6464;36211;19538;43170;71704;8152;8150;44238;43412;44267;44260;44237;9987;6511;19941;51603;6508;44257;30163;9057;1901575;9056;44265;44248;43632;9941;9526;31967;31975;44464;5575;5623;44446;44422;43226;44424;5622;43229;43227;44435;44444;5737;9536;43231;44434;9507;31625;44389;19899;5515;5488;3674;31461;151;1990234;1902494;43234;32991;19005;61630;4842;19787;16740;3824;61659;9753;9725;9719;50896;10033;42221;1101;1901700;9867;9755;7165;50794;50789;65007;51716;7154;44763;44699;44700;23052;32870;71495;71310;70887;71395;71229;1901701;9733;794;228;44428;5634;5694;43232;43228;31981;70013;43233;31974;793;9524;5829;10265;43623;6461;65003;43933;16043;71840;22607;44085;71822;70271;34622;42752;5819;44430;5856;15630;10087;9888;48856;32502;9793;44702;22414;3006;9790;44767;7275;44707;32501;48316;48608;61458;48731;9791;10154;48366;48827;48367	4376	6024	6064.5	7753	8320.5	7853.5	2155	2185	6943.5	4488.5	7886	2255.5	6513.5	1800.5	5034.5	6712.5	6298	3949	7042	8364.5	7254	6182.5	6709	7161.5	106788.5	5.339.425
ORTHO000282_2	phosphoenolpyruvate carboxylase 4	AT1G68750	5737;44424;44464;5575;5623;5622;15979;44237;8152;8150;9987;6099;6101;72350;19752;43436;6082;71704;44281;44710;44699;44763;44238;9060;45333;15980;6091;55114;8964;4611;16831;16830;16829;3824;3674;15977	4377	5202	6430.5	8484	2982.5	2295.5	3025	2322	1625	1318	180	9058.5	8094	8511.5	8316.5	5325.5	7397	6183.5	8655.5	9009	8888	8345.5	8663.5	8332.5	115546	5777.3
ORTHO005455	Integrase-type DNA-binding superfamily protein	AT4G13040	5634;43231;43227;43226;5575;43229;44424;44464;5623;5622;3677;3676;1901363;5488;3674;97159;6355;1903506;2001141;31326;9889;19222;50789;65007;8150;31323;50794;51252;19219;80090;51171;60255;10556;10468;2000112;3700;1071;6351;34645;44260;43170;71704;8152;44237;9987;9059;1901576;9058;44249;97659;32774;16070;90304;6139;46483;6725;1901360;34641;6807;44238;34654;19438;44271;18130;1901362;10467;7275;44767;32502;44699;44707;32501;9873;160;35556;7165;51716;50896;7154;44763;44700;23052;9755;32870;9725;9719;10033;42221;71495;71310;70887;71369;9723	4378	5327	3553	2728	2982.5	4758	4118.5	4964	1481	4481.5	5788.5	2729	3374.5	1800.5	3521.5	5325.5	4548.5	2199.5	5128	5852	4445	4612.5	3545	4801	77474	3873.7
ORTHO002718	pumilio 8	AT1G22240;AT1G78160	5737;44424;44464;5575;5623;5622;9507;9536;43231;43227;43226;43229;44444;6417;10608;10468;60255;19222;50789;65007;8150;32268;51246;80090;31323;50794;34248;51171;2000112;31326;9889;10556;3723;3676;1901363;5488;3674;97159;3729;44822	4379	8238	6604	8829	8341	3010.5	4742	6864	7455	3861.5	3831.5	5960	6513.5	6332.5	7582.5	6712.5	8250.5	1888	8495.5	8590.5	8828	7567	8247	8649.5	123381.5	6.169.075
ORTHO008857	maternal effect embryo arrest 14	AT2G15890	9507;9536;43231;43227;43226;5575;43229;44424;44464;5623;5622;44444;5737;5634;50832;98542;6952;6950;50896;8150;51707;43207;9605;9607;51704;9620;3674;9793;44702;22414;44699;3006;32502;9790;44767;48856;7275;44707;32501;48316;48608;61458;48731;9791;10154	4380	3813	3552	2724	4356	5155.5	5163.5	6323	7691.5	2908	6070	2392.5	3235	3815.5	2396.5	6712.5	3493.5	2199.5	3233.5	3699	3870	2608	4668	1825	77460	3873
ORTHO007406	Chloroplast J-like domain 1	AT1G08640	31969;42170;31090;16020;5575;44422;43226;43227;44435;44444;44424;44464;5623;5622;5737;44446;43229;9536;43231;9526;31967;31975;44434;9507;9941;6631;44255;6629;71704;8152;8150;44710;44699;44238;44763;9987;44237;32787;19752;43436;6082;44281	4381	4147	3336.5	2292	2375	1227	2951	6573	7183.5	4322.5	1981	1198.5	3406.5	3815.5	5034.5	3976.5	3836.5	3121	3691	5672	4668.5	3754	5902.5	2314	74629	3731.45
ORTHO002686	Disease resistance protein (CC-NBS-LRR class) family	AT1G33560;AT4G33300;AT5G04720;AT5G47280	5524;35639;1901265;1901363;5488;3674;97159;43168;43167;32559;30554;17076;166;36094;32555;32553;97367;32550;32549;1882;1883;43531;9626;34050;12501;8219;16265;44699;8150;44763;9987;45087;6952;6950;50896;6955;2376;33554;51716;42742;9617;51707;43207;9605;9607;51704;98542;9414;9415;9628;1101;42221;10035;1901700;16301;16772;16740;3824;8152;16310;6796;6793;44237;80167;48046;5576;5575;5634;43231;43227;43226;43229;44424;44464;5623;5622	4382	3175	5903.5	7425	4356	7959	2190	2000	800	2284	5520.5	8350	7189	7300	7349.5	5325.5	494	5626	8559.5	5038	7786.5	7756.5	8551.5	4291.5	104371	5218.55
ORTHO006442	RED family protein	AT2G26460	5634;43231;43227;43226;5575;43229;44424;44464;5623;5622;3674;8380;6396;16070;44260;43170;71704;8152;8150;44237;9987;90304;6139;46483;6725;1901360;34641;6807;44238;10467	4383	4853	4506	4629	2982.5	5580	2791.5	6428.5	6943.5	1584.5	6343	2086	6071.5	1800.5	4705.5	6712.5	3627.5	2199.5	3385	6467.5	4103	5924	5171.5	6057.5	87982.5	4.399.125
ORTHO006425	SH3 domain-containing protein	AT4G18060	30276;5515;5488;3674	4384	2828	2211	38	4356	6850	6933.5	462	4060.5	369.5	397.5	367.5	1352	138	136.5	1202.5	245.5	451.5	61	2496	2533.5	306.5	1072	308	29743.5	1.487.175
ORTHO001064_1	polypyrimidine tract-binding protein 2	AT5G53180	381;48024;50684;1903311;51252;19219;80090;19222;50789;65007;8150;51171;31323;50794;60255;10468;43484;5634;43231;43227;43226;5575;43229;44424;44464;5623;5622;6397;16071;16070;44260;43170;71704;8152;44237;9987;90304;6139;46483;6725;1901360;34641;6807;44238;6396;10467;6417;10608;32268;51246;34248;2000112;31326;9889;10556;932;36464;35770;30529;32991;43232;43228;44444;5737;9846;44707;32501;44699;9856;44703;51704;22414;44706;3723;3676;1901363;5488;3674;97159;166;36094;1901265;9845;90351;9791;44767;32502;7275;8380	4385	6619	5673	6961	7245.5	8818	6917.5	4266	3525	7324	1483.5	8939	3773	7213.5	8240.5	5325.5	1896	6265.5	1748	7408.5	1801.5	6182.5	2341	7591	101059.5	5.052.975
ORTHO004581	RabGAP/TBC domain-containing protein	AT5G52580	5829;44444;44424;44464;5575;5623;5622;5737	4386	5009	5284.5	6183	2982.5	6313	3513	5957	5994	5694	7734.5	3422.5	6071.5	1800.5	4705.5	3976.5	693.5	3580	4113.5	7871	6431	6077	6194.5	6145.5	96288	4814.4
ORTHO008432	Calmodulin binding protein-like	AT5G62570	6351;34645;44260;43170;71704;8152;8150;44237;9987;9059;1901576;9058;44249;97659;32774;16070;90304;6139;46483;6725;1901360;34641;6807;44238;34654;19438;44271;18130;1901362;10467;6355;1903506;2001141;31326;9889;19222;50789;65007;31323;50794;51252;19219;80090;51171;60255;10556;10468;2000112;5634;43231;43227;43226;5575;43229;44424;44464;5623;5622;1902478;45824;31348;31347;80134;48583;48585;48519;45088;50776;2682;50777;2683;1902477;1900424;43900;32101;2831;1900425;43901;2832;32102;6950;50896;5516;5515;5488;3674;3677;3676;1901363;97159	4387	2683	3078.5	1770	4356	244	2414	1709	702.5	4703.5	8820	7837	5740	3815.5	5034.5	1830	3891.5	5221.5	4293	366.5	4384	2112.5	4451.5	3103.5	70674	3533.7
ORTHO004736	glycine-rich RNA-binding protein 4	AT3G23830;AT4G13850	6970;9628;50896;8150;6950;3723;3676;1901363;5488;3674;97159;9409;9266;9414;9415;1101;42221;10035;1901700;166;36094;1901265;3697;43566;3677;9651;5739;43231;43227;43226;5575;43229;44424;44464;5623;5622;44444;5737;3690;5524;35639;43168;43167;32559;30554;17076;32555;32553;97367;32550;32549;1882;1883;1072;1070;1071;2001141;31326;9889;19222;50789;65007;31323;50794;51252;19219;80090;51171;60255;10556;31564;31555;31554;43244;51128;6355;1903506;10468;2000112;9845;44707;32501;44699;90351;9791;44767;32502;7275;9631;5507;46914;46872;43169	4388	6637	4608	4828	7245.5	8801	6771	4266	3382.5	8535.5	5104.5	5877.5	6227	2711.5	1677.5	5325.5	3471	5720	4263.5	2156.5	4226.5	3311	3702.5	3635.5	89166	4458.3
ORTHO005085	Phosphatidate cytidylyltransferase family protein	AT5G58560	31969;42170;31090;16020;5575;44422;43226;43227;44435;44444;44424;44464;5623;5622;5737;44446;43229;9536;43231;9526;31967;31975;44434;9507;9941;48440;48827;48856;32502;8150;48367;44767;44699;48731;7275;44707;32501;48437;44702;22414;3006;48569;48513;9908;90567;48608;61458;9791;48467;48438;8654;6644;19637;71704;8152;6793;44237;9987;44255;6629;44710;44238;44763;6796;90407;1901576;9058;8610;44711;44249;52668;52673;16773;16772;16740;3824;3674;4605;70567;16779;16310;16021;31224;44425;6720;10189;1901617;1901615;18130;46483;42360;1901360;6775;6766;44281;1901362;42362;9110;44283;52671;16301;52670;16487;34308;6066;6714;6721;16093;52669;9737;9725;9719;50896;10033;42221;33993;97305;1901700;1101	4389	6678	4112.5	3836	7662	560.5	5303	3301	9006	8934.5	4046	3034.5	8898	5959.5	1223	3976.5	2933	8482.5	2546.5	5094	2381.5	443.5	396.5	7315.5	83835.5	4.191.775
ORTHO009401	Metallo-hydrolase/oxidoreductase superfamily protein	AT2G04530	5739;43231;43227;43226;5575;43229;44424;44464;5623;5622;44444;5737;16874;3824;3674;8152;8150;45037;45036;1902580;51641;51179;1902578;44699;6605;6886;15031;45184;51234;8104;33036;71702;6810;46907;51649;34613;70727;1902582;44765;72596;72594;33365;72598;16482;44743;17038;65002;71806;55085;44763;9987;9941;9526;31967;31975;44446;44422;44435;9536;44434;9507;4842;19787;16740;16567;32446;70647;6464;36211;19538;43170;71704;44238;43412;44267;44260;44237;5515;5488;8270;46914;46872;43169;43167;9658;9657;6996;16043;71840	4390	4608	6537	8684	2982.5	8775	6117.5	3608	8782	4591	5314.5	1198.5	7743	8418.5	8138	7782	8494	8852	2299	3013.5	3036.5	7358	8202.5	7860.5	119584	5979.2
ORTHO004419	Arginase/deacetylase superfamily protein	AT4G08870;AT4G08900	4053;16813;16810;16787;3824;3674;8152;8150;6570;9072;6725;44237;9987;1901360;71704;6520;1901564;6807;19752;43436;6082;44281;44710;44699;44763;44238;1901605;9445;97164;6595;6576;44106;9308;34641;6591;50;19627;43603;71941;43604;44271;44249;9058;1901566;1901576;44711;6560;46483;9064;8783;5739;43231;43227;43226;5575;43229;44424;44464;5623;5622;44444;5737;50832;98542;6952;6950;50896;51707;43207;9605;9607;51704;9620;46872;43169;43167;5488;9507;9536;6525;50897;46914;6527;9065;1901606;9063;46395;16054;44282;44712;9056;1901575;44248;1901565;42742;9617	4391	2446	4712.5	5034	4356	4540.5	1093.5	3608	8808.5	2591.5	1623	7199	1352	9024.5	7461.5	2476	1396.5	8670	7353.5	2033	7254	6340.5	4806.5	2575	90207	4510.35
ORTHO007430	Transducin/WD40 repeat-like superfamily protein	AT5G24520	7275;44767;32502;8150;44699;44707;32501;5737;44424;44464;5575;5623;5622;45165;48869;44763;9987;30154;5515;5488;3674;9723;9725;9719;50896;10033;42221;166;36094;1901265;1901363;97159;9957;1708;9913;30855;60429;9888;48856;8544;5634;43231;43227;43226;43229;32880;32879;50789;65007;9733;3677;3676;10026;90558	4392	3025	2476.5	561	4356	3218	859	1013.5	985	5182	2402	1198.5	5066	3815.5	3265	6712.5	8494	2199.5	315	1426	1909	2213.5	1498	2314	54086	2704.3
ORTHO006418	FRIGIDA interacting protein 1	AT2G06005;AT5G20580	5515;5488;3674;8150;5634;43231;43227;43226;5575;43229;44424;44464;5623;5622	4393	4419	3173.5	1954	2982.5	5684	2627.5	2250	267.5	2235	6543	2000.5	1352	3815.5	5034.5	6712.5	3682	3949	3421.5	6467.5	4103	2608	3466.5	6057.5	72277	3613.85
ORTHO002632	ankyrin repeat-containing 2B	AT2G17390;AT4G35450	6355;1903506;2001141;31326;9889;19222;50789;65007;8150;31323;50794;51252;19219;80090;51171;60255;10556;10468;2000112;5886;16020;5575;44464;5623;71944;5737;44424;5622;31359;31358;31354;31350;31300;44422;43226;31224;44425;31090;43227;44435;44444;44446;43229;9536;43231;42170;9526;31967;31975;9527;31968;19867;98805;98588;44434;9507;9707;31969;9941;31355;31351;31301;16021;45036;1902580;51641;51179;1902578;44699;6605;6886;15031;45184;51234;8104;33036;71702;6810;46907;51649;34613;70727;1902582;44765;72596;72594;33365;72598;16482;5634;6457;9987;30941;5048;42277;33218;5488;3674;5515;46686;10038;10035;42221;50896;10228;3006;32502;22414;48608;48856;61458;48731;7275;44767;44707;32501;9791;9816;9814;98542;6952;6950;51707;43207;9605;9607;51704;45087;6955;2376;42742;9617	4394	7703	6111	7828	6664	7241	2328.5	8181.5	4953	6551	7734.5	2553.5	7963	2711.5	3265	5325.5	7482.5	963	6531	8478	7052	4970.5	7611.5	5601	107497.5	5.374.875
ORTHO005690	Encodes a novel protein that co-immunoprecipitates with SYP41.  It is involved in vacuolar trafficking and salt tolerance; potentially via a role in vesicle fusion and in maintaining TGN structure or identity. Mutants display delayed formation of the Brefeldin A (BFA) compartment in cotyledons upon application of BFA.	AT1G24460	5737;44424;44464;5575;5623;5622;9651;6970;9628;50896;8150;6950;32588;139;98588;31090;16020;44422;43226;43227;44431;44444;44446;43229;5794;43231;12505;5802;98791;31984;3674;7034;1902582;46907;6810;51234;51179;51649;51641;44765;1902578;44699	4395	5053	4686	4977	5938.5	5211.5	8400	5813.5	2202	5757	6070	3578.5	5740	2711.5	4462	3976.5	6549	3580	3265	6322.5	5637	3453.5	1573	5601	89903.5	4.495.175
ORTHO007153	Pentatricopeptide repeat (PPR) superfamily protein	AT3G48250	5739;43231;43227;43226;5575;43229;44424;44464;5623;5622;44444;5737;8380;6396;16070;44260;43170;71704;8152;8150;44237;9987;90304;6139;46483;6725;1901360;34641;6807;44238;10467;9507;9536	4396	3731	4395.5	4395	2097	4827.5	1881	6978.5	8978	1506.5	982	743.5	5740	3815.5	5254.5	6712.5	324.5	4253	4663	7692.5	6696	5213.5	7486	3103.5	86851.5	4.342.575
ORTHO006282	NA	NA	NA	4397	6997	5101	5805	7947.5	8834	3628.5	8705.5	4865	8319	6070	5489.5	3011.5	2711.5	2396.5	8358	4004	1780	4830.5	5781.5	4946	2677	3504.5	4291.5	94204	4710.2
ORTHO004016	NF-X-like 1	AT1G10170	10188;9636;42221;50896;8150;9651;6970;9628;6950;10310;2000377;31323;50794;50789;65007;19222;9697;72330;46394;16053;6082;71704;8152;44281;44710;44699;44763;9987;44237;44283;44711;9058;1901576;44249;19752;43436;32787;9696;42537;6725;1901360;18958;1901615;46189;19438;1901617;1901362;3700;1071;3674;2001141;31326;9889;51252;19219;80090;51171;60255;10556;6355;1903506;10468;2000112;9642;9416;9314;5634;43231;43227;43226;5575;43229;44424;44464;5623;5622;16874;3824;6366;6351;34645;44260;43170;9059;97659;32774;16070;90304;6139;46483;34641;6807;44238;34654;44271;18130;10467;42742;9617;51707;43207;9605;9607;51704;98542;6952	4398	3914	5298	6198	5748	8787	6055.5	7244.5	317.5	7584	8314	247	1352	6971	7258.5	7782	6162	5221.5	839.5	1371	1374	7520.5	7946.5	4016	96364	4818.2
ORTHO006259	unknown protein	AT4G19950;AT5G44860	5737;44424;44464;5575;5623;5622;8150;3674;9507;9536;43231;43227;43226;43229;44444	4399	6313	6111	7823	7245.5	5580	3513	5957	6823.5	985.5	7594	8107.5	8306	2711.5	4462	5325.5	5864.5	3580	6531	7871	6180.5	5924	6040	6057.5	107414	5370.7
ORTHO005558	ribonuclease PH45A	AT3G12990;AT3G60500	71042;71047;6402;16071;16070;44260;43170;71704;8152;8150;44237;9987;90304;6139;46483;6725;1901360;34641;6807;44238;6401;44265;9057;1901575;9056;44248;34655;19439;44270;1901361;46700;43633;43632;71035;16075;16072;34660;34661;71046;43634;71029;71027;71025;175;8408;4527;4518;16788;16787;3824;3674;90305;16896;4532;4540;90501;90503;16796;5737;44424;44464;5575;5623;5622;467;459;469;6364;34470;6396;10467;42254;22613;44085;71840;31125;43628;31123;466;460;177;178;43234;32991;44444;176;44428;44446;44422;43226;43229;5634;43231;43227;31981;70013;43233;31974;10025;9058;10166;44822;3723;3676;1901363;5488;97159;34427;291;956;34476;34472;16180;16073;34475;34473;71038;16078;6399;17091;71028;43928;288	4400	3668	3382.5	2365	2097	4396.5	1011	2392	1133	3448	6763.5	7870.5	4955.5	3815.5	3047.5	6712.5	3796.5	3121	3575.5	995	6578.5	3609.5	5678	2121	75020.5	3.751.025
ORTHO007786	gamma response gene 1	AT3G52115	706;729;6259;44260;43170;71704;8152;8150;44237;9987;90304;6139;46483;6725;1901360;34641;6807;44238;6302;6281;6974;33554;51716;50896;6950;44763;44699;44710;44712;9056;1903046;22402;7049;51321;3;14;4520;4536;4518;16788;16787;3824;3674;90305;4519;5634;43231;43227;43226;5575;43229;44424;44464;5623;5622;77;31570;75;7276;44702;22414;48609;32504;32501;19953;44703;51704;10212;9314;9628	4401	3741	4002.5	3604	4356	6898	859	6741	5144	6167	1312.5	998	5740	4134.5	4705.5	6712.5	4252.5	3750.5	4113.5	1584.5	5061.5	4780.5	6854	2699.5	82508.5	4.125.425
ORTHO008026	hydroxyproline-rich glycoprotein family protein	AT1G53645	5634;43231;43227;43226;5575;43229;44424;44464;5623;5622	4402	3629	4399.5	4397	2097	8756.5	1954	6906	1753	1462	7382.5	841.5	5740	3815.5	4842.5	6712.5	4346.5	3121	154	7647	5779	5059	7244	3340.5	86857	4342.85
ORTHO005454	Integrase-type DNA-binding superfamily protein	AT1G71450	3677;3676;1901363;5488;3674;97159;5634;43231;43227;43226;5575;43229;44424;44464;5623;5622;3700;1071;2001141;31326;9889;19222;50789;65007;8150;31323;50794;51252;19219;80090;51171;60255;10556;6355;1903506;10468;2000112;6351;34645;44260;43170;71704;8152;44237;9987;9059;1901576;9058;44249;97659;32774;16070;90304;6139;46483;6725;1901360;34641;6807;44238;34654;19438;44271;18130;1901362;10467;9873;160;35556;7165;51716;50896;7154;44763;44699;44700;23052;9755;32870;9725;9719;10033;42221;71495;71310;70887;71369;9723	4403	390	3774	3145	672.5	4454	444.5	8976.5	3366.5	720	4670.5	5931	3952.5	6170.5	6319	136	9046.5	8120.5	1748	2880.5	2868.5	6576.5	3251.5	344.5	79977.5	3.998.875
ORTHO000304_2	glucuronidase 2	AT5G07830;AT5G61250	5576;5575;9826;902;32989;16043;71840;8150;9987;9653;32502;48856;48869;44767;44699;44763;60560;48589;40007;16049;5765;98852;5774;44437;44444;44424;44464;5623;5622;5737;44446;44422;43226;43229;5773;43231;43227;98588;31090;16020;98805;5764;323;4566;4553;16798;16787;3824;3674;8152;5618;30312;71944;9505;5975;71704;44238	4404	8826	2437.5	471	8835.5	1729.5	6840	4053	393.5	7584	5192	7658	3856.5	138	136.5	5325.5	202	102.5	1726.5	2156.5	3231.5	57.5	728.5	771.5	51883	2594.15
ORTHO009115	Mitochondrial glycoprotein family protein	AT1G15870;AT1G80720	5759;44429;44444;44424;44464;5575;5623;5622;5737;44446;44422;43226;43229;5739;43231;43227;70013;43233;31974;3674;8150	4405	6894	4130.5	3856	7947.5	2501	7819	4424	5994	8647.5	3596.5	6404.5	6227	3374	3265	5325.5	4054.5	1538.5	4205.5	6368.5	3870	1132	1828	3383	83958	4197.9
ORTHO005957	myb-like HTH transcriptional regulator family protein	AT2G01060	6355;1903506;2001141;31326;9889;19222;50789;65007;8150;31323;50794;51252;19219;80090;51171;60255;10556;10468;2000112;5634;43231;43227;43226;5575;43229;44424;44464;5623;5622;3677;3676;1901363;5488;3674;97159;3700;1071;3682;44877	4406	455	2338.5	271	672.5	2501	575	251.5	1545.5	402.5	4441	6575.5	1352	7213.5	1677.5	136	261	8458	2696.5	2880.5	1374	852	1555.5	1473	46221.5	2.311.075
ORTHO007408	Plant protein of unknown function (DUF641)	AT5G58960	9959;9630;9606;9605;50896;8150;9629;9628;9639;9416;9314;3674	4407	5555	3321	2235	2982.5	9102	6283.5	4462	4788.5	2170.5	4046	5960	4738	3283.5	1910.5	3976.5	3264.5	1494	2260	2373.5	3632	3311	3339	3771.5	74166.5	3.708.325
ORTHO008758	DWD (DDB1-binding WD40 protein) hypersensitive to ABA 1	AT2G19430	16567;32446;70647;6464;36211;19538;43170;71704;8152;8150;44238;43412;44267;44260;44237;9987;9788;9968;9966;10646;50794;50789;65007;48583;23051;48585;48519;10648;48523;23057;1901420;1901419;9787;5634;43231;43227;43226;5575;43229;44424;44464;5623;5622;51028;50658;50657;15931;71705;6810;51234;51179;71702;51236;6403;33036;10267;30422;70918;31050;6396;16070;90304;6139;46483;6725;1901360;34641;6807;10467;44763;44699;44710;71359;71407;14070;10033;42221;50896;71310;70887;51716;43331;1901698;1901699;31047;16458;10629;10605;9892;19222;60255;10468;16246;35194;16441;10608;40029;5515;5488;3674;6397;16071;8380;166;36094;1901265;1901363;97159;347;44428;44446;44422;43234;32991;80008;31461;151;1990234;1902494;9738;9755;7165;7154;44700;23052;32870;9725;9719;71495;71215;9737;33993;97305;1901700;1101;71396;97306;1901701;71229;3723;3676;5737	4408	4774	5752	7096	2982.5	1777	4928.5	1581	7455	2702	3526	6717.5	1352	8316	7885	7782	5108	4673.5	4914	6322.5	5061.5	6831.5	7729.5	7376.5	102039	5101.95
ORTHO001062	beta-amylase 7	AT2G45880;AT4G00490;AT5G45300	5737;44424;44464;5575;5623;5622;16161;16160;4553;16798;16787;3824;3674;8152;8150;5634;43231;43227;43226;43229;48831;2000026;50793;50789;65007;51239;272;5976;5975;71704;44238;43170;16052;1901575;9056;9057;3700;1071;2001141;31326;9889;19222;31323;50794;51252;19219;80090;51171;60255;10556;6355;1903506;10468;2000112;9570;9532;44435;44444;44446;44422;9536;44434;9507	4409	4247	3073.5	1738	1551	4094	7453.5	2876.5	4231.5	7377.5	2402	1510.5	1352	3450.5	4705.5	2914	3053.5	5944.5	3265	5519.5	3296.5	2213.5	3634.5	1009	70303.5	3.515.175
ORTHO006535	thioredoxin-dependent peroxidase 2	AT1G65970;AT1G65980	5737;44424;44464;5575;5623;5622;4601;16684;16491;3824;3674;8152;8150;55114;44710;44699;16209;51920;5886;16020;71944;46686;10038;10035;42221;50896;9507;9536;43231;43227;43226;43229;44444;5829	4410	4446	6132	7854	2982.5	5833.5	6338	6978.5	7632	7183	3702.5	4724	3742	8072	7667.5	7782	1189	4887	4328.5	2534.5	4519	6429	7156	7028	107726	5386.3
ORTHO002958	ACT domain-containing protein	AT2G39570	8152;8150;5634;43231;43227;43226;5575;43229;44424;44464;5623;5622;16597;31406;43177;36094;5488;3674;43168;43167	4411	8174	4766.5	5122	8320.5	6149	7055	7762	5851.5	5076.5	6763.5	5295.5	4955.5	906.5	2163.5	5325.5	1266	663.5	6389	2455	5265	3222.5	6326.5	7768	90659.5	4.532.975
ORTHO002562	nudix hydrolase homolog 12	AT1G12880;AT3G26690	5739;43231;43227;43226;5575;43229;44424;44464;5623;5622;44444;5737;16787;3824;3674;8152;8150;46872;43169;43167;5488;34432;4551;16462;16818;16817	4412	8506	3686	2960	8471	2981	5887	7588.5	5484	7722.5	6343	7392	1352	1321.5	2163.5	8358	1786.5	1114.5	6389	1724	2604.5	696.5	545.5	7508	78961.5	3.948.075
ORTHO000496	ammonium transporter 1	AT1G64780;AT3G24290;AT3G24300;AT4G13510;AT4G28700	5886;16020;5575;44464;5623;71944;72488;15696;15672;6812;6811;44765;6810;51234;51179;8150;1902578;44699;71705;98662;98660;34220;55085;44763;9987;98655;9624;51707;43207;9605;50896;9607;51704;5887;31226;44459;44425;31224;16021;19740;15843;15695;71702;15837;19755;8519;15077;22890;8324;15075;22891;22857;5215;3674;22892;6995;9267;31669;31667;9991;31668;51716;71496;7154;42594;6950;33554;43562;80181;1763;44767;32502;44707;32501;9653;48856;10102;10101;10015;48364;48513;48731;7275;22622;9886;9791;48528;48569;48527;10311;48645;48646;9887;9506;5911;30054;55044;80167;9628;9737;9725;9719;10033;42221;33993;97305;1901700;1101;51258;43623;6461;65003;43933;16043;71840;22607;44085;71822;70271;34622;5634;43231;43227;43226;43229;44424;5622;15398;15291;22804;5576	4413	6777	4794	5175	7662	6313	4528.5	2876.5	5484	7666.5	5726.5	5543	7189	2711.5	2702.5	5325.5	4135	2558	4388	6197.5	4226.5	2433.5	3001.5	7860.5	90867	4543.35
ORTHO008118	Transducin/WD40 repeat-like superfamily protein	AT2G43770	5634;43231;43227;43226;5575;43229;44424;44464;5623;5622;80008;31461;151;1990234;1902494;43234;32991;5834;98797;44459;44425;16020;5886;71944;98796;31234;19897;19898;9898;98562;98552;8150;166;36094;5488;3674;1901265;1901363;97159	4414	4414	3956	3498	2982.5	4016	2703	6428.5	5994	1155	6543	2000.5	6071.5	1800.5	4705.5	6712.5	3682	2199.5	2945	6467.5	4103	3222.5	5171.5	6057.5	81978.5	4.098.925
ORTHO008350	MUTS homolog 6	AT4G02070	6298;6281;6259;44260;43170;71704;8152;8150;44237;9987;90304;6139;46483;6725;1901360;34641;6807;44238;6974;33554;51716;50896;6950;44763;44699;44710;32301;44428;44446;44422;5575;43226;44424;44464;5623;5622;43229;5634;43231;43227;32300;1990391;43234;32991;228;5694;43232;43228;31981;70013;43233;31974;5524;35639;1901265;1901363;5488;3674;97159;43168;43167;32559;30554;17076;166;36094;32555;32553;97367;32550;32549;1882;1883;710;1903046;22402;7049;51321;3;7127;7126;280;48285;6996;16043;71840;1902589;43570;51276;400;217;43566;3677;3676;6290;3684;5515;32137;30983;3690;9411;9416;9314;9628;45910;51053;10605;9892;48519;50789;65007;19222;60255;45934;19219;80090;51171;31323;50794;51172;31324;48523;51052;18;7131;35825;6310;8094;42623;16887;17111;16462;16818;16817;16787;3824;32138;32135	4415	2728	4613.5	4812	4356	8571.5	1247	1114.5	1691	2212.5	3269.5	8888.5	8675.5	5425.5	892.5	1606	1642	7335.5	5027.5	518	7166	8260	8748.5	6801.5	89093	4454.65
ORTHO007294	unknown protein	AT5G55640	3674;5634;43231;43227;43226;5575;43229;44424;44464;5623;5622;8150	4416	2954	2750	1084	4356	4794.5	776.5	6978.5	1753	1842.5	982	6055	5740	4134.5	4842.5	1830	2098.5	5221.5	4328.5	586	6431	1110.5	891.5	3103.5	63500	3175
ORTHO003749	Nodulin MtN3 family protein	AT4G10850	5515;5488;3674;16020;5575;16021;31224;44425;5887;31226;44459;44464;5623;5886;71944;51119;15144;22891;22857;5215;6810;51234;51179;8150;55085;44763;9987;44699;44765;1902578;22892;1901476;8643;71702;34219	4417	5833	6303.25	8189.5	2982.5	6529	2881	6142.5	7183.5	1876	7886	8224	6617.5	1800.5	5254.5	3976.5	6409	3949	7042	8320	7386	6266	6854	6553	111150	5557.5
ORTHO002605	unknown protein	AT3G51640;AT3G51650	5634;43231;43227;43226;5575;43229;44424;44464;5623;5622;8150;3674;5737	4418	2482	2494.5	571	1479.5	3114.5	2528	8148	1625	3122	5423	1854	5066	4134.5	5254.5	2914	1879.5	1669.5	904	3747	253.5	997	947.5	678.5	54260	2713
ORTHO000468_1	Lung seven transmembrane receptor family protein	AT2G01070	3674;5794;43231;43227;43226;5575;43229;44424;44464;5623;5622;44444;5737;12505;8150;5886;16020;71944;16021;31224;44425	4419	4425	4627	4835	2982.5	1329	3025	5957	8178.5	4289.5	6763.5	3422.5	6316	2711.5	5034.5	6712.5	8511	3121	3553	6632	4519	1778.5	1072	6281	89207	4460.35
ORTHO001988	high mobility group A	AT1G14900	790;785;44427;44446;44422;5575;43226;44424;44464;5623;5622;43229;5694;43232;43228;32991;44454;44428;5634;43231;43227;228;31981;70013;43233;31974;6355;1903506;2001141;31326;9889;19222;50789;65007;8150;31323;50794;51252;19219;80090;51171;60255;10556;10468;2000112;786;44815;43234;32993;3677;3676;1901363;5488;3674;97159;5829;44444;5737;9507;9536;6334;65004;71824;43933;16043;71840;9987;34622;65003;22607;44085;34728;6325;51276;6996;71822;6461;70271;31497;6333;6323;71103	4420	7364	6119	7818	8139.5	6707.5	7978.5	7935.5	7046.5	6756.5	6173.5	4239	7189	2711.5	2702.5	5325.5	4464.5	1780	5128	7576.5	5637	3609.5	6538.5	7860.5	107360	5368
ORTHO002888	Glyceraldehyde-3-phosphate dehydrogenase-like family protein	AT1G34200;AT4G09670	16491;3824;3674;8152;8150;55114;44710;44699;5829;44444;44424;44464;5575;5623;5622;5737;5576	4421	6179	4738.5	5056	5651.5	4758	8221	5439.5	6379.5	4064	6543	4841.5	5740	1800.5	3521.5	3976.5	4548.5	2724.5	5220.5	6632	800.5	4873	5021	5222.5	90327.5	4.516.375
ORTHO006677	unknown protein	AT5G57460	9507;9536;43231;43227;43226;5575;43229;44424;44464;5623;5622;44444;5737;8150;5515;5488;3674;5886;16020;71944	4422	2354	2704.5	987	1689.5	4381	1519.5	488	5994	1970.5	804.5	485	7377.5	4616	5746.5	1830	400	4253	692	5002	593.5	5924	6040	4060.5	62177.5	3.108.875
ORTHO001799	Major facilitator superfamily protein	AT1G79710;AT5G25040;AT5G25050	5634;43231;43227;43226;5575;43229;44424;44464;5623;5622;16020;6810;51234;51179;8150;16021;31224;44425;5215;3674	4423	4192	6472.5	8522	2982.5	8518.5	2881	7084	5994	2945.5	2809.5	3686.5	6617.5	6764.5	8061.5	7782	5685	5101.5	4205.5	8320	6696	7259	8115.5	7721.5	116248.5	5.812.425
ORTHO004988	Glycosyl hydrolase family 10 protein	AT4G38650	5975;71704;8152;8150;44238;4553;16798;16787;3824;3674;5576;5575	4424	1841	5667	6910	1281	1089	1881	4503	1691	642.5	9090.5	743.5	8306	7909	8968.5	2476	6752	6737.5	7712	5887	7568	7470	8405	2940	100771.5	5.038.575
ORTHO005940	monodehydroascorbate reductase 4	AT3G27820	9941;9526;31967;31975;44464;5575;5623;44446;44422;43226;44424;5622;43229;43227;44435;44444;5737;9536;43231;44434;9507;50660;50662;48037;5488;3674;43168;43167;166;36094;1901265;1901363;97159;42744;42743;72593;44237;8152;8150;9987;44712;9056;44710;44699;44763;44248;5778;44439;44438;42579;5777;31903;98588;31090;16020;98805;16656;16655;16651;16491;3824;55114	4425	3996	4819	5213	5748	8663	7067.5	2392	3117	5448.5	4330.5	5823	1352	5564	1168.5	6712.5	7299	7073	1680.5	1869	2123	8127.5	6709	4541	91060.5	4.553.025
ORTHO007507	Sas10/Utp3/C1D family	AT5G25080	5634;43231;43227;43226;5575;43229;44424;44464;5623;5622;3674;8150	4426	4100	3104	1782	2375	1423	5746.5	1484	7978	5641.5	3879	367.5	1352	6971	7017.5	7782	2185.5	4507	1807.5	3254	293.5	3609.5	1555.5	3920	70774.5	3.538.725
ORTHO006168	Surfeit locus protein 2 (SURF2)	AT5G14440;AT5G40570	8150;5634;43231;43227;43226;5575;43229;44424;44464;5623;5622;3674	4427	2193	5249.5	6072	4356	5285	7600	4312	7978	5219.5	2653	6171.5	7377.5	7448.5	8429	2476	7991.5	6085	5347.5	461.5	5170.5	2328.5	1337.5	2003.5	95675.5	4.783.775
ORTHO008311	SNARE-associated protein-related	AT1G79070	31083;31082;43234;32991;5575;44445;44444;44424;44464;5623;5622;5737;5829;6886;15031;45184;51234;51179;8150;8104;33036;71702;6810;46907;51649;51641;34613;70727;5634;43231;43227;43226;43229;3674	4428	2863	3047	1666	4356	8263	2234.5	6978.5	7455	555.5	1623	1576.5	1352	3815.5	5254.5	1830	3891.5	5056.5	802.5	4392	4445	2328.5	4564	3179.5	69597.5	3.479.875
ORTHO009932	PHD finger family protein / bromo-adjacent homology (BAH) domain-containing protein	AT4G39100	5634;43231;43227;43226;5575;43229;44424;44464;5623;5622;3700;1071;3674;2001141;31326;9889;19222;50789;65007;8150;31323;50794;51252;19219;80090;51171;60255;10556;6355;1903506;10468;2000112;9791;44767;32502;44699;44707;32501;7275	4429	5473	5164.5	5900	2982.5	5319	8109.5	5439.5	7632	8647.5	3136.5	7943.5	5740	1800.5	3521.5	3976.5	1155.5	2724.5	5128	6632	4226.5	4612.5	4224.5	4758	94727.5	4.736.375
ORTHO003171	CONTAINS InterPro DOMAIN/s: Leucine-rich repeat; cysteine-containing subtype (InterPro:IPR006553)	AT2G06040	19005;31461;151;1990234;1902494;43234;32991;5575;44424;44464;5623;5622;31146;43161;10498;51603;6508;19538;43170;71704;8152;8150;44238;44257;30163;9057;1901575;9056;44265;44260;44237;9987;44248;44267;6511;19941;43632;16567;32446;70647;6464;36211;43412;61630;4842;19787;16740;3824;3674;61659;5634;43231;43227;43226;43229;5737	4430	6063	6599.5	8769	6857.5	7721.5	4918.5	7331	2202	7350.5	4121.5	9048	4044.5	5645.5	915	3976.5	7378	6505.5	7353.5	8956	8153	8588.5	8663.5	8728	121600.5	6.080.025
ORTHO007132	Endosomal targeting BRO1-like domain-containing protein	AT5G14020	5773;43231;43227;43226;5575;43229;44424;44464;5623;5622;44444;5737	4431	5031	5370.5	6310	5938.5	2005.5	3513	5957	8101	3372	7734.5	3422.5	6071.5	1800.5	5034.5	3976.5	5864.5	3949	6700.5	6467.5	6180.5	5789.5	5021	6057.5	97018.5	4.850.925
ORTHO003128	isopropyl malate isomerase large subunit 1	AT4G13430	9570;9532;44435;44444;44424;44464;5575;5623;5622;5737;44446;44422;43226;43229;9536;43231;43227;44434;9507;9098;9082;9081;6520;1901564;71704;8152;8150;6807;19752;43436;6082;44281;44710;44699;44763;9987;44237;44238;8652;46394;16053;44283;44711;9058;1901576;44249;1901566;1901607;1901605;6551;19761;19758;19757;19748;16143;6790;1901657;1901135;16144;1901659;1901137;44272;44550;19760;46686;10038;10035;42221;50896;51539;51536;51540;5488;3674;50486;16866;16853;3824;46872;43169;43167;3861;16836;16835;16829	4432	4200	5800.5	7169	5284	7780	5607	8906	8178.5	3221	7199	4752.5	1352	5393.5	473.5	2080.5	1432.5	7949	9043	8853	2356.5	8525.5	5826.5	3635.5	102565	5128.25
ORTHO009052	protein binding	AT5G51700	9816;9814;98542;6952;6950;50896;8150;51707;43207;9605;9607;51704;45087;6955;2376;42742;9617;51879;31072;5515;5488;3674;9626;34050;12501;8219;16265;44699;44763;9987;33554;51716;9817;50832;9620;8270;46914;46872;43169;43167;2679;2252;45730;44710;8152;50821;31647;65008;65007;5634;43231;43227;43226;5575;43229;44424;44464;5623;5622	4433	3413	4435.5	4438	2097	4827.5	1881	1963.5	7831	2081	7594	2937.5	5740	3815.5	5034.5	3976.5	324.5	4253	4607.5	7692.5	6696	5213.5	7486	3103.5	87058.5	4.352.925
ORTHO008014	Carbohydrate-binding X8 domain superfamily protein	AT1G79480	5634;43231;43227;43226;5575;43229;44424;44464;5623;5622	4434	1929	4324	4214	4356	361.5	1595.5	1013.5	183	502	804.5	863	8605	8436.5	9155.5	2476	7354	7251.5	8526	8077	12.5	8182	8896.5	3667.5	85963	4298.15
ORTHO006513	phosphoprotein phosphatase inhibitors	AT5G52200	9966;10646;50794;50789;65007;8150;48583;23051;43666;10921;35304;31399;32268;51246;80090;19222;60255;31323;35303;19220;51174;51336;50790;65009;80163;5634;43231;43227;43226;5575;43229;44424;44464;5623;5622;4864;19888;19208;30234;98772;3674;19212;4857;43086;44092;9892;48519	4435	6708	5466.5	6498	7662	542.5	6560.5	3085.5	2701	8647.5	8675.5	6171.5	8605	7213.5	8240.5	5325.5	8865	5452.5	2052.5	1900	1801.5	3609.5	1322	7376.5	98148	4907.4
ORTHO008167	ARABIDOPSIS TRITHORAX-RELATED PROTEIN 6	AT5G24330	5634;43231;43227;43226;5575;43229;44424;44464;5623;5622;6355;1903506;2001141;31326;9889;19222;50789;65007;8150;31323;50794;51252;19219;80090;51171;60255;10556;10468;2000112;6275;51052;70734;34968;16571;6479;43414;44260;43170;71704;8152;44237;9987;32259;43412;8213;6464;36211;19538;44238;44267;16570;16569;16568;6325;43933;16043;71840;51276;6996;1902589;44763;44699;44710;18022;18205;18193;9901;9900;44702;22414;48609;32504;3;32501;48653;44767;32502;3006;48856;48443;48827;48367;48731;7275;44707;48437;48569;48513;9908;90567;48608;61458;9791;48466;48438;8270;46914;46872;43169;43167;5488;3674;46976;18024;16279;16278;8170;8168;16741;16740;3824;8757;8276;42054;51726;3677;3676;1901363;97159;5515	4436	2670	3811.5	3187	1812	2358	6478	917.5	1691	2235	4497	5435.5	6617.5	6764.5	7082.5	2476	4464.5	6388.5	4715	1129.5	2072	5924	5295.5	3721	80262.5	4.013.125
ORTHO008920	Ribosomal protein S10p/S20e family protein	AT3G13120	9570;9532;44435;44444;44424;44464;5575;5623;5622;5737;44446;44422;43226;43229;9536;43231;43227;44434;9507;6412;43043;43604;43603;34641;6807;8152;8150;44237;9987;44271;44249;9058;6518;1901564;71704;1901566;1901576;44267;19538;43170;44238;44260;34645;9059;10467;15935;44391;30529;32991;5840;43232;43228;3735;5198;3674	4437	3912	5372.5	6308	2097	7749.5	2414	6906	8392	642.5	1623	2851	6316	4616	6007	7360.5	5240.5	4400	5400	8125.5	945.5	6429	7868.5	3721	97007.5	4.850.375
ORTHO001153	Ribosomal protein L16p/L10e family protein	AT1G14320;AT1G26910;AT1G66580	5774;44437;44444;44424;44464;5575;5623;5622;5737;44446;44422;43226;43229;5773;43231;43227;98588;31090;16020;98805;22626;44445;5829;5840;30529;32991;43232;43228;5730;44428;5634;31981;70013;43233;31974;32502;8150;71493;10224;9411;9416;9314;9628;50896;34644;71482;71478;71214;51716;9987;22625;15934;44391;6412;43043;43604;43603;34641;6807;8152;44237;44271;44249;9058;6518;1901564;71704;1901566;1901576;44267;19538;43170;44238;44260;34645;9059;10467;44822;3723;3676;1901363;5488;3674;97159;3735;5198;5515;9507;9536;27;22618;71826;43933;16043;71840;34622;65003;22607;44085;22613;42255;70925;6996;42254;42273;9941;9526;31967;31975;44435;44434	4438	7729	5179.5	5921	8259	5016	3224.5	7935.5	2301	8647.5	6912.5	4386.5	5338.5	906.5	2702.5	5325.5	4464.5	1780	5027.5	7576.5	5422.5	3503.5	6538.5	7860.5	94870	4743.5
ORTHO003719	Chaperone DnaJ-domain superfamily protein	AT3G14200	6457;9987;8150	4439	6896	4861.5	5284	6100.5	228.5	4341	2250	1042.5	4417	6543	8132.5	8306	2711.5	4462	5325.5	8818.5	3949	7153	971	2604.5	6429	6365	7376.5	91426	4571.3
ORTHO008949	allantoate amidohydrolase	AT4G20070	6145;46113;44712;9056;8152;8150;44710;44699;1901361;1901360;71704;1901575;1901565;1901564;6807;9112;55086;6139;46483;44237;9987;6725;34641;44238;44281;44763;46700;44248;72523;19439;44270;72521;6144;8237;70011;8233;16787;3824;3674;6508;19538;43170;47652;16813;16810;10136;10135;43603;5783;43231;43227;43226;5575;43229;44424;44464;5623;5622;44444;5737;12505;9507;9536;46872;43169;43167;5488	4440	3535	5686.5	6933	4356	1821.5	7422	3588	4045.5	7485	4551	998	5740	6414.5	6791	7782	4135	6919	4607.5	8320	5061.5	5924	6709	2575	100889.5	5.044.475
ORTHO008935	basic helix-loop-helix (bHLH) DNA-binding superfamily protein	AT3G47640	10106;9267;31669;31667;9991;9605;50896;8150;31668;51716;9987;71496;7154;44763;44699;42594;6950;33554;3700;1071;3674;2001141;31326;9889;19222;50789;65007;31323;50794;51252;19219;80090;51171;60255;10556;6355;1903506;10468;2000112;5634;43231;43227;43226;5575;43229;44424;44464;5623;5622;6351;34645;44260;43170;71704;8152;44237;9059;1901576;9058;44249;97659;32774;16070;90304;6139;46483;6725;1901360;34641;6807;44238;34654;19438;44271;18130;1901362;10467;3677;3676;1901363;5488;97159;46983;5515;55072;55076;55065;98771;50801;48878;42592;65008;55080	4441	5074	5858	7275	2982.5	2446.5	7037.5	6864	6712.5	8535.5	7886	4905	7258.5	8316	7885	5325.5	2170	5452.5	4830.5	1043.5	2313	5603	1361	7266.5	103212	5160.6
ORTHO009570	Cystathionine beta-synthase (CBS) protein	AT1G15330	3006;32502;8150;22414;48443;48827;48856;48367;44767;44699;48731;7275;44707;32501;48437;44702;48569;48513;9908;90567;48608;61458;9791;48466;48438;9555;48229;5737;44424;44464;5575;5623;5622;30554;17076;166;36094;5488;3674;1901265;1901363;97159;10183;50918;6935;42330;40011;9605;50896;42221;48868;9856;44703;51704;44706;9553	4442	4703	3909	3376	2982.5	2358	7321	6142.5	5355.5	5857.5	5873	3808	5740	1800.5	3936.5	6712.5	3264.5	2199.5	2936.5	6103	3621.5	2433.5	4209.5	1644	81317	4065.85
ORTHO007836	homeobox 1	AT3G01470	45893;10628;10604;9893;48518;50789;65007;8150;19222;60255;10468;1903508;1903506;2001141;31326;9889;31323;50794;51252;19219;80090;51171;10556;1902680;51254;45935;31325;48522;51173;31328;9891;10557;6355;2000112;9965;9887;44767;32502;44699;9653;48856;48513;48731;7275;44707;32501;48366;48827;48367;10016;1558;40008;51128;9651;6970;9628;50896;6950;43565;3677;3676;1901363;5488;3674;97159;9637;9416;9314;3700;1071;5634;43231;43227;43226;5575;43229;44424;44464;5623;5622;42803;42802;5515;46983	4443	5999	5920.5	7398	5552	8764.5	5410	5813.5	3771.5	8446	7382.5	6240	5740	7699.5	7401.5	5325.5	2895	3949	1878.5	4012.5	5637	5603	3244	4972	104185.5	5.209.275
ORTHO000315_2	ammonium transporter 2	AT2G38290	8519;15077;22890;8324;15075;22891;22857;5215;3674;6810;51234;51179;8150;55085;44763;9987;44699;44765;1902578;22892;34220;6811;98655;6812;15672;72488;15696;71705;98662;98660;5737;44424;44464;5575;5623;5622;15695;71702;9624;51707;43207;9605;50896;9607;51704;15398;15291;22804;5886;16020;71944;6995;9267;31669;31667;9991;31668;51716;71496;7154;42594;6950;33554;43562;5887;31226;44459;44425;31224;16021;19740;9506;5911;30054;55044	4444	6148	4751	5058	5651.5	8560	8499.5	2460.5	3991.5	7216	8167.5	1954	1352	2711.5	4462	3976.5	5864.5	4747.5	505.5	7986	1078.5	5789.5	4961.5	6057.5	90341.5	4.517.075
ORTHO010354	Domain of unknown function (DUF220)	AT1G70480	8150;5634;43231;43227;43226;5575;43229;44424;44464;5623;5622;3674	4445	6274	6236.5	8028	7245.5	7633.5	7278	2545	2264	2832.5	2992.5	6981	8898	7448.5	8838	5325.5	367.5	6590	8292	3774.5	2343	8070.5	8348.5	8512	109334.5	5.466.725
ORTHO008214	alpha/beta-Hydrolases superfamily protein	AT3G61680	16787;3824;3674;8152;8150;4806;16298;16788;52689;6629;71704;44710;44699;44238	4446	5886	3497.5	2549	2982.5	2877	5205.5	2750.5	1481	3504.5	6343	7933	1352	3283.5	3521.5	5325.5	4464.5	2558	3172	5215.5	5988	3754	3020	4678.5	76427.5	3.821.375
ORTHO000466_1	BAK1-interacting receptor-like kinase 1	AT5G48380	4672;16301;16772;16740;3824;3674;8152;8150;16310;6796;6793;44237;9987;16773;6468;6464;36211;19538;43170;71704;44238;43412;44267;44260;5886;16020;5575;44464;5623;71944;42742;9617;51707;43207;9605;50896;9607;51704;98542;6952;6950;9506;5911;30054;55044;16021;31224;44425;5515;5488;33612;5102;31348;31347;80134;48583;50789;65007;48585;48519;60548;48523;50794;10941	4447	3168	4021.5	3596	5552	7834.5	1789.5	1855	493.5	821	8892.5	632	1352	4134.5	5254.5	1830	235.5	4400	5502	8214	7386	6429	7946.5	7453	82455	4122.75
ORTHO004150	AT hook motif DNA-binding family protein	AT2G33620	5829;44444;44424;44464;5575;5623;5622;5737;6355;1903506;2001141;31326;9889;19222;50789;65007;8150;31323;50794;51252;19219;80090;51171;60255;10556;10468;2000112;3677;3676;1901363;5488;3674;97159;6351;34645;44260;43170;71704;8152;44237;9987;9059;1901576;9058;44249;97659;32774;16070;90304;6139;46483;6725;1901360;34641;6807;44238;34654;19438;44271;18130;1901362;10467;5634;43231;43227;43226;43229	4448	7054	3669	2890	6194	8453	4758.5	3947	3895.5	8231.5	4423.5	2937.5	1352	7101	2702.5	6044.5	9070.5	7801.5	2688	1654	365.5	362	202.5	2522	78512.5	3.925.625
ORTHO007338	PsbP-like protein 1	AT3G55330	9507;9536;43231;43227;43226;5575;43229;44424;44464;5623;5622;44444;5737;19898;44425;16020;30095;98807;98796;43234;32991;44434;44435;44446;44422;44436;9579;9535;55035;42651;34357;31976;31984;9534;9523;9521;9543;31978;31977;9654;1990204;1902494;5509;46872;43169;43167;5488;3674	4449	6394	4832.5	5216	7245.5	6085.5	3863.5	5213.5	6823.5	6038.5	7382.5	3686.5	8094	2711.5	3521.5	3976.5	1155.5	3121	6056.5	7408.5	2086.5	4709	3329.5	5806	91069.5	4.553.475
ORTHO002968	RING/U-box superfamily protein	AT1G49230	16567;32446;70647;6464;36211;19538;43170;71704;8152;8150;44238;43412;44267;44260;44237;9987;16021;31224;44425;5575;16020;8270;46914;46872;43169;43167;5488;3674	4450	4896	5515	6580	5476.5	6529	2414	6142.5	7183.5	6020	7886	3218	3662	1800.5	5335.5	6712.5	6409	3949	3792	6754	4668.5	3754	5902.5	6553	98685.5	4.934.275
ORTHO004197	Ribosome associated membrane protein RAMP4	AT1G27330;AT1G27350	5739;43231;43227;43226;5575;43229;44424;44464;5623;5622;44444;5737;6979;6950;50896;8150;3674;5783;12505	4451	7045	2862	1273	5439	750.5	2881	8536	4602.5	4466.5	5393	7870.5	1352	1321.5	4462	2080.5	6162	934	3333.5	4778	44	2017.5	3449	1371.5	65805.5	3.290.275
ORTHO008108	LisH/CRA/RING-U-box domains-containing protein	AT3G55070	8150;5829;44444;44424;44464;5575;5623;5622;5737;3674;5634;43231;43227;43226;43229	4452	4481	4370	4288	5938.5	3489.5	6523.5	4329	4687.5	3861.5	4357	6781	1352	8576.5	7939.5	7782	8003	4982.5	394	1291.5	1488	2213.5	1386	6883	86320.5	4.316.025
ORTHO009836	ELMO/CED-12 family protein	AT1G03620	5856;43232;43228;43226;5575;43229;44424;44464;5623;5622;5737;6909;6897;16192;6810;51234;51179;8150;44765;1902578;44699;3674	4453	5698	4933	5413	6534	6085.5	3863.5	5698.5	8207	2670	2809.5	6861.5	5740	2711.5	5034.5	3976.5	6648.5	3121	5851	7194	5637	3111.5	1681.5	5222.5	92125	4606.25
ORTHO006207	CONTAINS InterPro DOMAIN/s: Phosphorylated adapter RNA export protein; RNA-binding domain (InterPro:IPR019385)	AT3G20430	5634;43231;43227;43226;5575;43229;44424;44464;5623;5622;3674;8150	4454	3129	5746	7038	4356	1658.5	5048.5	7192	7455	2025.5	8892.5	3872	6513.5	6764.5	6969.5	5325.5	5240.5	4673.5	5400	5400	782.5	6991	7946.5	3447.5	101598.5	5.079.925
ORTHO001502_1	Splicing factor; CC1-like	AT2G16940	5829;44444;44424;44464;5575;5623;5622;5737;5634;43231;43227;43226;43229;6397;16071;16070;44260;43170;71704;8152;8150;44237;9987;90304;6139;46483;6725;1901360;34641;6807;44238;6396;10467;166;36094;5488;3674;1901265;1901363;97159;3723;3676	4455	6817	5968.5	7482	7662	7324.5	7744.5	5213.5	4323	3396	7734.5	2467.5	7963	2711.5	3721.5	3976.5	5561	3121	6531	7194	7052	5213.5	7946.5	5601	104796	5239.8
ORTHO007897	unknown protein	AT4G32750	5737;44424;44464;5575;5623;5622;3674;8150	4456	1956	5123.5	5791	4356	8668.5	5382	9137	9146.5	4791.5	8651	1954	1352	5045.5	599	1429.5	2408	9138	3792	2059.5	3296.5	7683.5	2437.5	7120	94091.5	4.704.575
ORTHO005948	WD-40 repeat family protein / notchless protein; putative	AT5G52820	80008;31461;151;1990234;1902494;43234;32991;5575;44424;44464;5623;5622;5634;43231;43227;43226;43229;5730;44428;44446;44422;43232;43228;31981;70013;43233;31974;166;36094;5488;3674;1901265;1901363;97159;9553;48229;7275;44767;32502;8150;44699;44707;32501;48856	4457	4329	4525	4593	5938.5	8412.5	7339	5568.5	8149.5	502	3136.5	2729	4555.5	3408	4233.5	6712.5	8300	1888	472.5	6148	3719.5	2541	4366	5601	87782.5	4.389.125
ORTHO007810	unknown protein	AT5G24460	8150;5618;30312;44464;5575;5623;71944;16787;3824;3674;8152;5634;43231;43227;43226;43229;44424;5622	4458	3240	5392.5	6327	2097	5285	2528	2185	1430.5	1282.5	2539	2197	7031	6971	7258.5	7782	6027	5368	7398	4848	7254	7470	8348.5	3920	97123	4856.15
ORTHO008298	MUTS homolog 7	AT3G24495	43570;51276;6996;16043;71840;8150;9987;6259;44260;43170;71704;8152;44237;90304;6139;46483;6725;1901360;34641;6807;44238;1902589;44763;44699;44710;45910;51053;10605;9892;48519;50789;65007;19222;60255;45934;19219;80090;51171;31323;50794;51172;31324;48523;51052;18;32301;44428;44446;44422;5575;43226;44424;44464;5623;5622;43229;5634;43231;43227;32300;1990391;43234;32991;400;217;43566;3677;3676;1901363;5488;3674;97159;710;1903046;22402;7049;51321;3;6298;6281;6974;33554;51716;50896;6950;7127;7126;280;48285;3684;7131;35825;6310;5524;35639;1901265;43168;43167;32559;30554;17076;166;36094;32555;32553;97367;32550;32549;1882;1883;32138;32135;30983;3690;9411;9416;9314;9628;8094;42623;16887;17111;16462;16818;16817;16787;3824;228;5694;43232;43228;31981;70013;43233;31974;32137;5515	4459	2801.5	3227.5	1996	4356	1594	3628.5	1484	2505.5	3882	2992.5	4670	6617.5	6764.5	7082.5	2476	1810	5886.5	4914	4586	4445	1985	1498	3721	72542.5	3.627.125
ORTHO007194	P4H isoform 1	AT2G43080	5788;70013;43233;31974;5575;44422;43226;44446;44424;44464;5623;5622;43229;44432;44444;5737;5783;43231;43227;12505;5576;5506;46914;46872;43169;43167;5488;3674;18401;19471;1901605;6520;1901564;71704;8152;8150;6807;19752;43436;6082;44281;44710;44699;44763;9987;44237;44238;46483;1901360;6575;32787;19511;18208;18193;6464;36211;19538;43170;43412;44267;44260;18126;31418;31406;43177;36094;43168;48029;30246;19842;4656;31545;31543;16706;16705;16491;3824;55114;51213;19798;5794	4460	3139	2897.25	1334.5	2097	8278	1881	917.5	2914.5	4260	5365.5	1576.5	6071.5	3815.5	5254.5	1830	3891.5	5056.5	824.5	4392	92	2328.5	4632	3179.5	66561	3328.05
ORTHO008106	nucleic acid binding	AT2G02570	3723;3676;1901363;5488;3674;97159;6397;16071;16070;44260;43170;71704;8152;8150;44237;9987;90304;6139;46483;6725;1901360;34641;6807;44238;6396;10467;5634;43231;43227;43226;5575;43229;44424;44464;5623;5622;5737	4461	4733	5684	6907	5938.5	663	6606.5	6978.5	8874	5471	8095	5053	1352	8316	7804.5	7782	4761	4507	629.5	5400	1492	6027.5	3758.5	7161.5	100732.5	5.036.625
ORTHO009205	Cysteine proteinases superfamily protein	AT1G09730	8234;70011;8233;16787;3824;3674;8152;8150;6508;19538;43170;71704;44238;16926;18205;18193;6464;36211;43412;44267;44260;44237;9987;70646;70647;16929;19783;5634;43231;43227;43226;5575;43229;44424;44464;5623;5622	4462	4734	3638	2814	5938.5	2358	4118.5	5698.5	2849.5	6934	8364	3835.5	3521	1800.5	4233.5	6712.5	1221.5	2199.5	2972	6274.5	3756	2328.5	3149	5601	77927.5	3.896.375
ORTHO006429	NAD(P)-binding Rossmann-fold superfamily protein	AT3G59710	16491;3824;3674;8152;8150;55114;44710;44699;5737;44424;44464;5575;5623;5622	4463	4988	3591.5	2720	2982.5	6227.5	6200	1709	2264	6889	3136.5	3686.5	1352	2711.5	4462	3976.5	5764.5	3121	4293	2092	5422.5	4873	3662.5	5601	77444	3872.2
ORTHO007647	periodic tryptophan protein 2	AT1G15440	6364;34470;34660;16070;44260;43170;71704;8152;8150;44237;9987;90304;6139;46483;6725;1901360;34641;6807;44238;6396;10467;16072;42254;22613;44085;71840;80008;31461;151;1990234;1902494;43234;32991;5575;44424;44464;5623;5622;5634;43231;43227;43226;43229;9553;48229;7275;44767;32502;44699;44707;32501;48856;166;36094;5488;3674;1901265;1901363;97159;5730;44428;44446;44422;43232;43228;31981;70013;43233;31974	4464	3846	6426.5	8389	4356	7834.5	3628.5	5077	8882.5	7324	8786.5	6819	1352	5523.5	1109.5	6712.5	1321	7885.5	8559.5	9093.5	1105	8544.5	8775	5433.5	113767	5688.35
ORTHO007809	Protein kinase superfamily protein	AT1G80870	16301;16772;16740;3824;3674;8152;8150;16310;6796;6793;44237;9987;5886;16020;5575;44464;5623;71944	4465	2082	2546.25	627.5	4356	892	5466	1013.5	435	930.5	804.5	818.5	1352	4616	6520.5	1830	400	5886.5	6265.5	3508	606	5924	6467.5	2166	55902	2795.1
ORTHO009199	Surfeit locus 1 cytochrome c oxidase biogenesis protein	AT3G17910	5739;43231;43227;43226;5575;43229;44424;44464;5623;5622;44444;5737;3674;5743;19866;31090;16020;44422;31967;31975;44446;31966;44429;5740;8535;17004;43623;6461;65003;43933;16043;71840;8150;9987;22607;44085;71822;70271;34622;16021;31224;44425	4466	4628	5525.5	6585	5938.5	8050	575	2876.5	5258	8934.5	8095	6287.5	3455.5	7699.5	7349.5	7782	3264.5	7507.5	1807.5	2986	4519	3222.5	4165.5	4898	98733.5	4.936.675
ORTHO008164	basic helix-loop-helix (bHLH) DNA-binding superfamily protein	AT3G24140	10377;45165;48869;44767;32502;8150;44699;44763;9987;30154;10052;90627;10103;90626;9653;48856;90558;9888;9886;9791;44707;32501;7275;10016;48367;48731;10374;5515;5488;3674;45893;10628;10604;9893;48518;50789;65007;19222;60255;10468;1903508;1903506;2001141;31326;9889;31323;50794;51252;19219;80090;51171;10556;1902680;51254;45935;31325;48522;51173;31328;9891;10557;6355;2000112;51782;48523;48519;51302;5634;43231;43227;43226;5575;43229;44424;44464;5623;5622;3677;3676;1901363;97159;45597;45595;50793;51094;3700;1071	4467	4408	4094	3721	2982.5	5547	2791.5	5813.5	4953	4759	6343	2131	6071.5	1800.5	4705.5	6712.5	3589	2199.5	3352	6368.5	1720.5	3026	5171.5	6057.5	83112.5	4.155.625
ORTHO008274	protein containing PDZ domain; a K-box domain; and a TPR region	AT1G55480	9507;9536;43231;43227;43226;5575;43229;44424;44464;5623;5622;44444;5737;9941;9526;31967;31975;44446;44422;44435;44434;9535;55035;42651;34357;16020;44436;9579;31976;31984;9534;15979;44237;8152;8150;9987;9570;9532;9575;9509;9611;6950;50896;9416;9314;9628	4468	2820	3539.5	2611	4356	5248.5	3628.5	602	7978	4693.5	2539	2197	1352	6971	7195	2476	867	6085	5301	4848	287	5924	4668	3920	76780.5	3.839.025
ORTHO003805	TGF-beta receptor interacting protein 1	AT2G46280;AT2G46290	5829;44444;44424;44464;5575;5623;5622;5737;46686;10038;10035;42221;50896;8150;1731;22618;71826;43933;16043;71840;9987;34622;65003;22607;44085;22613;6413;44237;8152;6412;43043;43604;43603;34641;6807;44271;44249;9058;6518;1901564;71704;1901566;1901576;44267;19538;43170;44238;44260;34645;9059;10467;6446;6417;10608;10468;60255;19222;50789;65007;32268;51246;80090;31323;50794;34248;51171;2000112;31326;9889;10556;5852;43234;32991;5515;5488;3674;9651;6970;9628;6950;33290;70993;30529;16282;3743;8135;3723;3676;1901363;97159;166;36094;1901265;80008;31461;151;1990234;1902494;9506;5911;30054;55044	4469	5238	4131	3793	2982.5	5285	8400	5302.5	2202	1709.5	6070	3578.5	5740	1800.5	4462	5325.5	1189	3121	4548.5	6322.5	5637	4471.5	2730.5	5601	83496.5	4.174.825
ORTHO006898	Uncharacterized conserved protein (DUF2358)	AT2G46220	9507;9536;43231;43227;43226;5575;43229;44424;44464;5623;5622;44444;5737;8150;3674	4470	6163	6773.5	9077	5651.5	7987.5	9071	8560.5	8656.5	6308	3596.5	7536	1352	5549.5	551	3976.5	7818.5	7376.5	8979	9130.5	8873.5	9025	9005	8847.5	132200.5	6.610.025
ORTHO006691	nudix hydrolase homolog 19	AT5G20070	46872;43169;43167;5488;3674;5829;44444;44424;44464;5575;5623;5622;5737;210;4551;16462;16818;16817;16787;3824;8152;8150;9507;9536;43231;43227;43226;43229	4471	4788	3341.5	2212	5938.5	1500	2791.5	3999.5	2435.5	1462	6343	454	5740	1800.5	4462	6712.5	5329.5	4154.5	6327	6632	353.5	2923.5	4773	5806	73999.5	3.699.975
ORTHO002161	Chaperone DnaJ-domain superfamily protein	AT2G17880;AT4G36040	9507;9536;43231;43227;43226;5575;43229;44424;44464;5623;5622;44444;5737;6457;9987;8150;5634	4472	8636	5172	5872	6857.5	6023.5	5327.5	8863.5	4507	6573.5	5788.5	8370.5	2917.5	590	1338.5	8804.5	8051	1180.5	5272.5	3899.5	3756	5132.5	4414.5	3771.5	94582.5	4.729.125
ORTHO007016	Inosine triphosphate pyrophosphatase family protein	AT4G13720	9117;6753;19637;71704;8152;8150;6793;44237;9987;55086;6139;46483;6725;1901360;34641;6807;44238;44281;44710;44699;44763;6796;9204;9143;1901292;44712;9056;46434;1901575;34655;19439;44248;44270;1901361;46700;9141;9200;166;36094;5488;3674;1901265;1901363;97159;5737;44424;44464;5575;5623;5622;16462;16818;16817;16787;3824;47429;46872;43169;43167	4473	1915	5575	6677	4356	1329	2528	7491.5	1753	450.5	1810	2038	8205.5	7387.5	8793	7782	6162	6388.5	7353.5	5519.5	6696	7061.5	7818	2699.5	99266.5	4.963.325
ORTHO004594	RING/FYVE/PHD zinc finger superfamily protein	AT2G34200	16020;5575;8270;46914;46872;43169;43167;5488;3674;5794;43231;43227;43226;43229;44424;44464;5623;5622;44444;5737;12505	4474	5904	4470.5	4467	5238	6739	2951	1426	985	8446	9098	6674.5	1352	5808	1549	2080.5	8070.5	8128	8584.5	2409.5	427	6859.5	4414.5	1188	87190.5	4.359.525
ORTHO007678	alpha/beta-Hydrolases superfamily protein	AT2G18245	5575;8150;3674	4475	3973	5192.5	5910	2097	8571.5	1093.5	1709	2541	7064	2539	8014	5740	6475	6867.5	7782	4346.5	4507	4485	1960	4668.5	6429	7156	2850	94798.5	4.739.925
ORTHO003875	calmodulin-binding receptor-like cytoplasmic kinase 3	AT2G11520	5886;16020;5575;44464;5623;71944;16301;16772;16740;3824;3674;8152;8150;16310;6796;6793;44237;9987	4476	2735	2494	512	1812	1089	5770.5	397	160.5	1800	1981	6055	1352	4179	4842.5	1830	4135	5221.5	3792	1070.5	4103	1068	1289.5	2784	52920	2646
ORTHO002528	O-acetylserine (thiol) lyase (OAS-TL) isoform A2	AT3G22460;AT4G14880	6535;19344;97;96;6790;44237;8152;8150;9987;6520;1901564;71704;6807;19752;43436;6082;44281;44710;44699;44763;44238;44272;44249;9058;8652;46394;16053;44283;44711;1901576;1901566;6534;9069;1901605;9070;1901607;6563;5737;44424;44464;5575;5623;5622;4124;16835;16829;3824;3674;10043;10038;10035;42221;50896;1990267;30170;1901363;5488;97159;48037;43168;43167;9570;9532;44435;44444;44446;44422;43226;43229;9536;43231;43227;44434;9507;5634;5774;44437;5773;98588;31090;16020;98805;5777;42579;5886;71944;46686;5515;5829;9860;44702;22414;904;902;32989;16043;71840;9653;32502;48856;48869;44767;48468;30154;3006;48588;48589;40007;16049;9932;9826;60560;48868;9856;44703;51704;44706;32501;7568;16740;48046;5576;9567;9566;19953;3	4477	7420	5593.5	6710	8202.5	5547	6382	8435	2828	5129.5	7040	7039.5	1352	2711.5	3936.5	5325.5	5108	3121	6185.5	1940	6696	4709	7611.5	8332.5	99430	4971.5
ORTHO004303	ARM repeat superfamily protein	AT3G06530	5634;43231;43227;43226;5575;43229;44424;44464;5623;5622;5773;44444;5737;30529;32991;5515;5488;3674;9507;9536;5730;44428;44446;44422;43232;43228;31981;70013;43233;31974;6364;34470;34660;16070;44260;43170;71704;8152;8150;44237;9987;90304;6139;46483;6725;1901360;34641;6807;44238;6396;10467;16072;42254;22613;44085;71840	4478	3483	4907	5336	2097	1423	6670	1912	2914.5	3476	1312.5	3218	1352	7536	7401.5	5325.5	562	5944.5	7987	6632	7786.5	7725	8247	4291.5	91716.5	4.585.825
ORTHO008632	Arabidopsis thaliana protein of unknown function (DUF821)	AT1G07220	6664;1903509;6629;71704;8152;8150;44710;44699;44238;1901135;6643;44255;44763;9987;44237;12505;44464;5575;5623;46527;16758;16757;16740;3824;3674	4479	3601	2998.5	1518	2097	2170	4457	2114.5	7455	3317	1981	1198.5	5338.5	3815.5	3265	6712.5	494	3580	3265	3976	2021	4169	6467.5	2575	68372	3418.6
ORTHO009434	Protein kinase superfamily protein	AT2G46850	9507;9536;43231;43227;43226;5575;43229;44424;44464;5623;5622;44444;5737	4480	4766	4767	5054	2982.5	8694.5	6506	3038.5	2202	6198.5	4046	5053	3674.5	7909	7582.5	7782	1221.5	2199.5	394	1698.5	4103	5059	6282.5	6669	90313.5	4.515.675
ORTHO001882	ribonucleotide reductase 1	AT2G21790	46686;10038;10035;42221;50896;8150;6260;6259;44260;43170;71704;8152;44237;9987;90304;6139;46483;6725;1901360;34641;6807;44238;34645;9059;1901576;9058;44249;5971;1990204;1902494;43234;32991;5575;44464;5623;44444;44424;5622;5737;9202;9142;1901293;90407;19637;6793;6753;55086;44281;44710;44699;44763;6796;34654;19438;44271;18130;1901362;44711;9141;9200;9263;9165;9117;9262;1901135;1901137;4748;61731;16728;16725;16491;3824;3674;55114	4481	5975	3471	2461	5328	2005.5	7210.5	6652	4164	8446	5393	4467	4281	3497	6035	2080.5	3344	1360.5	5301	1724	3719.5	1358.5	3967	787	75793	3789.65
ORTHO004930	Transcription factor IIIC; subunit 5	AT3G49410;AT5G24450	5634;43231;43227;43226;5575;43229;44424;44464;5623;5622;3674;8150	4482	3804	5945	7408	4356	7932.5	7003.5	2728	7831	5454	7594	4566	5740	6501	6867.5	7782	4408.5	4154.5	315	3850	4668.5	6512.5	7335	3005.5	104249	5212.45
ORTHO007274	Tetratricopeptide repeat (TPR)-like superfamily protein	AT1G56090	8150;5737;44424;44464;5575;5623;5622	4483	4435	5544.5	6606	2982.5	8240.5	4587.5	6264	7183.5	7216	3989.5	610	3690.5	8072	7582.5	7782	4870.5	4326.5	3119	6860	3978	2433.5	1523.5	6553	98882	4944.1
ORTHO008549	unknown protein	AT2G35900	5634;43231;43227;43226;5575;43229;44424;44464;5623;5622;3674;8150	4484	2746	3033	1582	1812	2672	1068	5957	3735.5	5362	4513	6055	1352	3815.5	3047.5	6712.5	1396.5	6982	3630	1747	4103	1358.5	3438.5	1958.5	68904	3445.2
ORTHO001989	nuclear factor Y; subunit A8	AT1G17590;AT1G72830	16602;90575;44798;44428;44446;44422;5575;43226;44424;44464;5623;5622;43229;5634;43231;43227;5667;43234;32991;6351;34645;44260;43170;71704;8152;8150;44237;9987;9059;1901576;9058;44249;97659;32774;16070;90304;6139;46483;6725;1901360;34641;6807;44238;34654;19438;44271;18130;1901362;10467;6355;1903506;2001141;31326;9889;19222;50789;65007;31323;50794;51252;19219;80090;51171;60255;10556;10468;2000112;3700;1071;3674;3677;3676;1901363;5488;97159	4485	8902	4780	5075	8788	6761.5	6361.5	3894.5	4073.5	6288	5093.5	2803.5	1352	906.5	2910	8804.5	5561	5221.5	8509	4809.5	3195.5	4612.5	4271.5	5007.5	90437	4521.85
ORTHO003455	Quinone reductase family protein	AT4G36750	5886;16020;5575;44464;5623;71944;55114;44710;8152;8150;44699;3955;16655;16651;16491;3824;3674;45892;1903507;1903506;2001141;31326;9889;19222;50789;65007;31323;50794;51252;19219;80090;51171;60255;10556;1902679;51253;10605;9892;48519;45934;51172;31324;48523;31327;9890;10558;10629;10468;6355;2000112;2000113;10181;50662;48037;5488;43168;43167;32553;97367;166;36094;1901265;1901363;97159;5737;44424;5622	4486	7711	6181.5	7877	6664	7116	7665	8028.5	4323	6081	7382.5	2803.5	7743	2711.5	3047.5	5325.5	4761	2199.5	7562	8077	6180.5	4308.5	7335	5222.5	107873	5393.65
ORTHO007506	double-stranded DNA binding	AT5G24630	48364;44767;32502;8150;44699;48513;48856;48731;7275;44707;32501;22622;42023;44786;6261;6260;6259;44260;43170;71704;8152;44237;9987;90304;6139;46483;6725;1901360;34641;6807;44238;34645;9059;1901576;9058;44249;22402;44763;7049;44711;44710;30307;45927;48518;50789;65007;40008;1558;51128;50794;48522;9913;30855;30154;48869;60429;9888;8544;3677;3676;1901363;5488;3674;97159;51276;6996;16043;71840;48367;10090;904;902;32989;9653;48468;10026;90558;90626;3690;43566;5634;43231;43227;43226;5575;43229;44424;44464;5623;5622;9330;43234;32991	4487	2543	4651.5	4816	1689.5	3542.5	4457	4065.5	3019	6198.5	4107	6908.5	8519	5411.5	867	1606	2365	7910.5	1961.5	8478	2313	7950.5	2369	7075	89124	4456.2
ORTHO008277	Protein of unknown function (DUF788)	AT2G23940	5783;43231;43227;43226;5575;43229;44424;44464;5623;5622;44444;5737;12505;5886;16020;71944	4488	4541	6561.5	8635	2982.5	1705	3129.5	2392	8596	2551	8095	8178.5	7498	8316	7999	7782	5561	4982.5	5589.5	6960	6578.5	7147.5	7946.5	7543.5	118551	5927.55
ORTHO008894	unknown protein	AT5G04000	3674;8150;5634;43231;43227;43226;5575;43229;44424;44464;5623;5622	4489	3615.5	6377.5	8266	4356	8990	3129.5	9095	9154.5	5622	5549	7590	8898	5175	511.5	6712.5	2415	9114	2972	3528.5	3454.5	8910.5	2933.5	8159	111914	5595.7
ORTHO004865	calcineurin B-like protein 10	AT4G33000	5768;43231;43227;43226;5575;43229;44424;44464;5623;5622;44444;5737;12505;5515;5488;3674;9507;9536;5509;46872;43169;43167;42538;9651;6970;9628;50896;8150;6950;6972;9705;5774;44437;44446;44422;5773;98588;31090;16020;98805;325;5886;71944;43266;10959;43269;51049;32879;50789;65007;2000021;32844	4490	4989	3688.5	2887	5938.5	6761.5	4118.5	4964	2881	4047	3749	7977	5740	1800.5	3521.5	3976.5	1000	1669.5	1423.5	5852	4668.5	5308.5	4131	4898	78487.5	3.924.375
ORTHO006942	tetratricopeptide repeat (TPR)-containing protein	AT2G39090	16567;32446;70647;6464;36211;19538;43170;71704;8152;8150;44238;43412;44267;44260;44237;9987;5515;5488;3674;7067;280;48285;6996;16043;71840;1903047;22402;44763;44699;7049;278;1902589;51301;5634;43231;43227;43226;5575;43229;44424;44464;5623;5622	4491	3298	6281	8071	4356	8881.5	3129.5	8884.5	3019	5195	3269.5	4779	8898	5154.5	551	6712.5	8791	7949	3421.5	8930.5	2123	8942	2965	8258.5	109854.5	5.492.725
ORTHO006094	TBP-associated factor 7	AT1G55300	5634;43231;43227;43226;5575;43229;44424;44464;5623;5622	4492	3891	3383.5	2275	2097	6739	5746.5	2250	5071	1999	1981	1198.5	5338.5	3815.5	3265	6712.5	4135	3121	3333.5	2124.5	4833.5	4067	6326.5	2439.5	74497	3724.85
ORTHO005493	FUNCTIONS IN: molecular_function unknown	AT4G39690	5743;19866;31090;16020;5575;44422;43226;43227;44424;44464;5623;5622;31967;31975;44446;43229;31966;44429;44444;5737;5739;43231;5740;8150;3674;16021;31224;44425	4493	3998	4932.5	5372	4356	3808	5410	3108.5	3425	7298.5	669	2803.5	8898	5223.5	599	3976.5	1155.5	9093.5	2819.5	3331	4384	9022	9037	7860.5	91922.5	4.596.125
ORTHO007505	Trimeric LpxA-like enzymes superfamily protein	AT2G17640;AT4G35640	9001;16413;16407;16747;16746;16740;3824;3674;8152;8150;8374;16412;5737;44424;44464;5575;5623;5622;103;6790;44237;9987;6535;19344;97;96;6520;1901564;71704;6807;19752;43436;6082;44281;44710;44699;44763;44238;44272;44249;9058;8652;46394;16053;44283;44711;1901576;1901566;6534;9069;1901605;9070;1901607;6563;5829;44444	4494	6200	5847.5	7201	7245.5	6529	3025	6142.5	7183.5	3252.5	6763.5	3218	6617.5	1800.5	599	3976.5	6409	4154.5	7042	8320	7386	6266	6854	7190.5	102729.5	5.136.475
ORTHO007500	transcription initiation factor IIA gamma chain / TFIIA-gamma (TFIIA-S)	AT4G24440	6355;1903506;2001141;31326;9889;19222;50789;65007;8150;31323;50794;51252;19219;80090;51171;60255;10556;10468;2000112;5672;90575;44798;44428;44446;44422;5575;43226;44424;44464;5623;5622;43229;5634;43231;43227;5667;43234;32991;44451;5654;31981;70013;43233;31974;16591;55029;428;30880;61695;1990234;1902494;6367;6352;32774;9059;43170;71704;8152;1901576;9058;16070;44260;44237;9987;90304;6139;46483;6725;1901360;34641;6807;44238;34654;19438;44249;44271;18130;1901362;6351;34645;97659;10467;6366	4495	3300	2831.5	1168	5552	4116.5	1377.5	1823.5	6584	8535.5	2290	6464.5	3081	4134.5	1812.5	1606	7649.5	4747.5	3067.5	461.5	3511.5	750	1072	1546.5	64631.5	3.231.575
ORTHO000849	allene oxide synthase	AT5G42650	10287;44434;44435;44444;44424;44464;5575;5623;5622;5737;44446;44422;43226;43229;9536;43231;43227;9507;9570;9532;19373;19369;33559;6631;44255;6629;71704;8152;8150;44710;44699;44238;44763;9987;44237;32787;19752;43436;6082;44281;6690;1901568;1676;9535;55035;42651;34357;16020;44436;9579;31976;31984;9534;9695;72330;46394;16053;44283;44711;9058;1901576;44249;9694;31408;6633;8610;31407;9620;51707;43207;9605;50896;9607;51704;19825;5488;3674;9978;16836;16835;16829;3824;9941;9526;31967;31975;5739;6952;6950;9753;9725;9719;10033;42221;1101;1901700;47987;5506;46914;46872;43169;43167;9611;16705;16491;55114;20037;46906;1901363;97159	4496	4293	5768.5	7041	2982.5	3831.5	7174	5095	3516	8647.5	4846	7115.5	3188	6358.5	6581	6712.5	6648.5	8419.5	3597	5637	1510.5	3222.5	4085.5	5433.5	101619.5	5.080.975
ORTHO006099	Pectin lyase-like superfamily protein	AT5G55590	45490;272;5976;5975;71704;8152;8150;44238;43170;16052;1901575;9056;9057;45488;10393;9505;5618;30312;44464;5575;5623;71944;42545;71555;45229;16043;71840;9987;71554;30599;52689;16788;16787;3824;3674;45330;5576	4497	2295	4324.5	4152	1689.5	3066	3129.5	1484	1545.5	2736.5	5471.5	7983.5	7377.5	7101	8276	2476	4408.5	5824	3067.5	4100	4384	5924	5407	1876	85638	4281.9
ORTHO004621	RING/U-box superfamily protein	AT2G35910;AT5G06490	16567;32446;70647;6464;36211;19538;43170;71704;8152;8150;44238;43412;44267;44260;44237;9987;8270;46914;46872;43169;43167;5488;3674;16021;31224;44425;5575;16020;5634;43231;43227;43226;43229;44424;44464;5623;5622	4498	4861	4846	5194	2982.5	5547	2791.5	5813.5	1994.5	6223	2809.5	6213.5	6071.5	1800.5	4705.5	6712.5	3589	3949	6531	7871	4103	3026	5171.5	6057.5	90980.5	4.549.025
ORTHO002282	DNA (cytosine-5-)-methyltransferase family protein	AT4G08990;AT4G13610;AT4G14140;AT5G49160	3677;3676;1901363;5488;3674;97159;3886;8757;8168;16741;16740;3824;8152;8150;32259;9008;6306;43414;44260;43170;71704;44237;9987;43412;6305;6304;6259;90304;6139;46483;6725;1901360;34641;6807;44238;44728;40029;10468;60255;19222;50789;65007;90116;32776;5634;43231;43227;43226;5575;43229;44424;44464;5623;5622;3682;44877;16568;6325;43933;16043;71840;51276;6996;9793;44702;22414;44699;3006;32502;9790;44767;48856;7275;44707;32501;48316;48608;61458;48731;9791;10154;9294;9292;44764;51704;10069;281;61640;910;22402;44763;7049;51301;1903047;278;10070;8356;6349;71514;10216;5515;10424;9910;48581;48580;2000026;50793;51239;51241;48519;51093;2000242;2000241;9909;48831	4499	4302	5064	5629	2982.5	1885	5303	3680	3974.5	8647.5	4766.5	7017.5	4677	7779.5	7401.5	7782	1816.5	8002	4485	3797	4226.5	1656	1405.5	4898	93200.5	4.660.025
ORTHO007190	THUMP domain-containing protein	AT5G12410	3723;3676;1901363;5488;3674;97159;5634;43231;43227;43226;5575;43229;44424;44464;5623;5622;8150;5829;44444;5737	4500	4828	3728	2956	5938.5	8686	7422	2000	800	3055	1623	1198.5	6731.5	1800.5	5413.5	6712.5	8695.5	2199.5	154	6960	2058	3222.5	3457	6732.5	78921.5	3.946.075
ORTHO008008	RING/U-box protein with domain of unknown function (DUF 1232)	AT1G22510;AT1G72175	8270;46914;46872;43169;43167;5488;3674;5774;44437;44444;44424;44464;5575;5623;5622;5737;44446;44422;43226;43229;5773;43231;43227;98588;31090;16020;98805;5886;71944;5783;12505;5634;5739	4501	5369	5187	5873	6358.5	5621	3628.5	5698.5	6943.5	3317	7594	3422.5	6071.5	1800.5	4705.5	3976.5	693.5	3750.5	6700.5	6467.5	6180.5	5924	6040	6057.5	94593	4729.65
ORTHO008174	GTP binding	AT1G30580	46872;43169;43167;5488;3674;9651;6970;9628;50896;8150;6950;1901001;48585;48519;50789;65007;48583;1901000;47484;80134;9506;5911;30054;5575;55044;46686;10038;10035;42221;5829;44444;44424;44464;5623;5622;5737;5525;35639;1901265;1901363;97159;43168;32550;32549;1882;36094;97367;1883;32561;19001;17076;166;32555;32553;5515	4502	2770	3061	1620	5552	3253	3224.5	1289.5	5994	4936	8651	3108	5195	3815.5	3265	1606	3958.5	4809.5	692	4060.5	3719.5	1525	3634.5	2439.5	69176.5	3.458.825
ORTHO006728	methionyl-tRNA synthetase / methionine--tRNA ligase / MetRS (cpMetRS)	AT3G55400	9570;9532;44435;44444;44424;44464;5575;5623;5622;5737;44446;44422;43226;43229;9536;43231;43227;44434;9507;5524;35639;1901265;1901363;5488;3674;97159;43168;43167;32559;30554;17076;166;36094;32555;32553;97367;32550;32549;1882;1883;4825;4812;16876;16875;16874;3824;8152;8150;48481;3006;32502;22414;48856;35670;48608;61458;48731;7275;44767;44699;44707;32501;48440;48827;48367;48437;44702;48569;48513;9908;90567;9791;48467;48438;5739;6418;43039;6399;34660;16070;44260;43170;71704;44237;9987;90304;6139;46483;6725;1901360;34641;6807;44238;43038;6520;1901564;19752;43436;6082;44281;44710;44763;6412;43043;43604;43603;44271;44249;9058;6518;1901566;1901576;44267;19538;34645;9059;10467	4503	3206	4896.5	5290	2097	3944.5	4742	2660	2301	5792	3136.5	4111	3662	6601.5	6867.5	7782	5108	4507	3473	3830	5061.5	6859.5	7774	3238	91451	4572.55
ORTHO008259	DegP protease 1	AT3G27925	9543;31978;31977;44436;44424;44464;5575;5623;5622;9579;44435;44444;5737;44446;44422;43226;43229;9536;43231;43227;31976;31984;44434;9507;9534;9535;55035;42651;34357;16020;10206;30091;44267;19538;43170;71704;8152;8150;44238;44260;44237;9987;9765;6091;19684;15979;5634;5739;8236;70011;8233;16787;3824;3674;6508;17171;30163;9057;1901575;9056;9735;9725;9719;50896;10033;42221;5515;5488;4252;4175	4504	2771	4481.5	4459	4356	1500	6478	3381	3366.5	7216	4772.5	2851	1352	7300	7258.5	7782	38.5	8828	8121	2635.5	2621	4970.5	2603	4060.5	87135.5	4.356.775
ORTHO006893	Ankyrin repeat family protein	AT2G26210	8150;5737;44424;44464;5575;5623;5622	4505	2476	4749.5	4994	4356	2054	3224.5	1204.5	1839.5	2615.5	9175	4670	1352	4798	295	1429.5	1396.5	8470.5	9145	9136	2098.5	9063	9151.5	8891	90009.5	4.500.475
ORTHO003153	Eukaryotic aspartyl protease family protein	AT3G52500	16020;5575;5576;9505;5618;30312;44464;5623;71944;6508;19538;43170;71704;8152;8150;44238	4506	8195	6376	8246	8763.5	8152	4118.5	8102.5	6225	879.5	8487.5	8763	5740	906.5	2163.5	8358	6825	867.5	7676.5	5062.5	8019	4873	7729.5	8780.5	111729.5	5.586.475
ORTHO001553	indoleacetic acid-induced protein 16	AT3G04730;AT3G23050;AT4G14550	6355;1903506;2001141;31326;9889;19222;50789;65007;8150;31323;50794;51252;19219;80090;51171;60255;10556;10468;2000112;6351;34645;44260;43170;71704;8152;44237;9987;9059;1901576;9058;44249;97659;32774;16070;90304;6139;46483;6725;1901360;34641;6807;44238;34654;19438;44271;18130;1901362;10467;5515;5488;3674;5634;43231;43227;43226;5575;43229;44424;44464;5623;5622;9734;9755;7165;51716;50896;7154;44763;44699;44700;23052;32870;9725;9719;10033;42221;71495;71310;70887;71365;9733;46983;3700;1071;502;43234;32991;19005;31461;151;1990234;1902494;8180;44428;44446;44422;9630;9606;9605;9629;9628;9611;6950;9753;1101;1901700;9414;9415;10035;40008;45892;1903507;1902679;51253;10605;9892;48519;45934;51172;31324;48523;31327;9890;10558;10629;2000113;10102;10101;10015;44767;32502;9653;48856;48364;48513;48731;7275;44707;32501;22622;9886;9791;48528;48569;48527	4507	739	3941	3375	365.5	2672	2703	1604.5	8053.5	642.5	5520.5	2937.5	8380	6542.5	8163.5	797.5	630	6505.5	3792	4258.5	5779	5376	4723.5	2229	81310.5	4.065.525
ORTHO005949	LYR family of Fe/S cluster biogenesis protein	AT3G12260	5739;43231;43227;43226;5575;43229;44424;44464;5623;5622;44444;5737;5747;45271;30964;98796;43234;32991;44425;16020;1990204;1902494;98803;70469;98800;98798;44429;44446;44422;44455;31966;31090;5740;31967;31975;5743;19866;5746;3824;3674;8152;8150	4508	4602	6772.5	9037	5439	7563	5673.5	8941	8541.5	7035	4107	5600.5	8817.5	5596	867	6712.5	7214.5	7525.5	8406.5	4012.5	7489.5	8454	8723	8763	130043	6502.15
ORTHO005275	Excinuclease ABC; C subunit; N-terminal	AT2G30350	10792;729;6259;44260;43170;71704;8152;8150;44237;9987;90304;6139;46483;6725;1901360;34641;6807;44238;6302;6281;6974;33554;51716;50896;6950;44763;44699;44710;45002;726;5622;44464;5575;5623;33557;44454;44427;44446;44422;43226;44424;43229;5694;43232;43228;44428;5634;43231;43227;228;31981;70013;43233;31974;43234;32991;724;725;6310;4518;16788;16787;3824;3674;90305;8821;16889;16894;4519;4520;4536;17108;48256;16888;16893;6261;6260;34645;9059;1901576;9058;44249	4509	3568	2844	1179	2097	8663	1330.5	3987	1916	3801.5	2290	1510.5	5066	3815.5	3265	6712.5	3796.5	3121	188	794.5	4668.5	3222.5	4279.5	2314	64742	3237.1
ORTHO001242_2	Translation elongation factor EFG/EF2 protein	AT1G62750	9570;9532;44435;44444;44424;44464;5575;5623;5622;5737;44446;44422;43226;43229;9536;43231;43227;44434;9507;9791;44767;32502;8150;44699;44707;32501;7275;9941;9526;31967;31975;6412;43043;43604;43603;34641;6807;8152;44237;9987;44271;44249;9058;6518;1901564;71704;1901566;1901576;44267;19538;43170;44238;44260;34645;9059;10467;32790;32988;71826;43933;16043;71840;32984;22411;44763;1903008;1902589;6996;5524;35639;1901265;1901363;5488;3674;97159;43168;43167;32559;30554;17076;166;36094;32555;32553;97367;32550;32549;1882;1883;5739;8135;3723;3676;3746;6414;9845;90351;5525;32561;19001;48046;5576;9658;9657;3924;17111;16462;16818;16817;16787;3824	4510	2480	3909.5	3309	4356	9084.5	376.5	210	3262	8535.5	4872.5	7565	1352	9001	6054.5	7782	2408	7910.5	2568.5	2835.5	1552.5	750	1453	3340.5	80914	4045.7
ORTHO005337	TRAF-like superfamily protein	AT3G11950	4659;16765;16740;3824;3674;8152;8150;5737;44424;44464;5575;5623;5622;9941;9526;31967;31975;44446;44422;43226;43229;43227;44435;44444;9536;43231;44434;9507;8270;46914;46872;43169;43167;5488	4511	4837	6540.5	8570	2982.5	214	6283.5	7290.5	7978	2124.5	8232.5	8311	1352	8456.5	8203.5	5325.5	5962.5	5368	8344	2749	7052	7441	8321	8062	117071	5853.55
ORTHO007592	Protein of unknown function; DUF547	AT5G60720	9507;9536;43231;43227;43226;5575;43229;44424;44464;5623;5622;44444;5737;8150;3674	4512	5506	5729.5	6947	6478.5	7116	2791.5	6142.5	7183.5	2832.5	1483.5	3218	6617.5	1800.5	5034.5	3976.5	6409	3949	7042	8320	7386	6266	6854	6553	100975.5	5.048.775
ORTHO006821	plasmodesmata-located protein 7	AT5G37660	6810;51234;51179;8150;16021;31224;44425;5575;16020;5576;16032;44764;51704;9987;44403;44419;9506;5911;30054;55044	4513	6373	4954.25	5395.5	7245.5	2128	4118.5	5348	5071	6381.5	5726.5	6883.5	1352	5693	5817	3976.5	4054.5	2558	5027.5	6555.5	7254	5434	4843.5	3799.5	92022	4601.1
ORTHO001527	nodulin MtN21 /EamA-like transporter family protein	AT3G45870;AT4G19185;AT5G45370	16020;5575;9507;9536;43231;43227;43226;43229;44424;44464;5623;5622;44444;5737;5886;71944;6810;51234;51179;8150;22857;5215;3674;55085;44763;9987;44699;44765;1902578;5794;12505;16021;31224;44425	4514	5616	5820.5	7127	6534	7207	8552.5	2071	7325.5	4185	1810	3218	6731.5	1800.5	5596.5	6712.5	6409	3949	7509	8397.5	800.5	6340.5	6989	6669	102273.5	5.113.675
ORTHO007316	PHD finger protein-related	AT4G23860	5634;43231;43227;43226;5575;43229;44424;44464;5623;5622;5737;4842;19787;16740;3824;3674;8152;8150;16567;32446;70647;6464;36211;19538;43170;71704;44238;43412;44267;44260;44237;9987;8270;46914;46872;43169;43167;5488	4515	1907	2587	659	4356	244	7187.5	1013.5	702.5	4693.5	1810	790	1352	4560	6137	1830	3891.5	5221.5	4328.5	4473	293.5	2112.5	4481.5	1546.5	56668.5	2.833.425
ORTHO006731	enzyme binding	AT3G59400	10019;7165;50794;50789;65007;8150;51716;9987;50896;7154;44763;44699;44700;23052;19899;5515;5488;3674;31969;42170;31090;16020;5575;44422;43226;43227;44435;44444;44424;44464;5623;5622;5737;44446;43229;9536;43231;9526;31967;31975;44434;9507;9941;43085;44093;65009;50790;19222;9893;48518;15995;6779;51188;51186;44237;8152;44249;9058;6778;33013;46483;6725;1901360;71704;1901564;6807;33014;19438;44271;34641;18130;1901362;1901576;1901566;46148;42440;44710;44711;15994;46906;1901363;97159	4516	3693	5352.5	6189	2097	8470.5	7707	7156.5	2202	3317	1483.5	2392.5	1352	6971	7129	7782	737	4887	2475	6001	6908	7301.5	8202.5	3841	96316	4815.8
ORTHO007769	TCP family transcription factor	AT1G58100	44212;975;3677;3676;1901363;5488;3674;97159;1067;5634;43231;43227;43226;5575;43229;44424;44464;5623;5622;6355;1903506;2001141;31326;9889;19222;50789;65007;8150;31323;50794;51252;19219;80090;51171;60255;10556;10468;2000112;1047;5515;3700;1071;6351;34645;44260;43170;71704;8152;44237;9987;9059;1901576;9058;44249;97659;32774;16070;90304;6139;46483;6725;1901360;34641;6807;44238;34654;19438;44271;18130;1901362;10467	4517	5511	6703	8889	2982.5	7278	4118.5	2684	6712.5	8535.5	3526	4905	3875.5	8210.5	7885	5325.5	8748.5	5452.5	7950	8756	7786.5	7683.5	8247	7376.5	125056.5	6.252.825
ORTHO007299	TBP-associated factor II 15	AT4G31720	6352;32774;9059;43170;71704;8152;8150;1901576;9058;16070;44260;44237;9987;90304;6139;46483;6725;1901360;34641;6807;44238;34654;19438;44249;44271;18130;1901362;6351;34645;97659;10467;3700;1071;3674;2001141;31326;9889;19222;50789;65007;31323;50794;51252;19219;80090;51171;60255;10556;6355;1903506;10468;2000112;5515;5488;5634;43231;43227;43226;5575;43229;44424;44464;5623;5622	4518	4023	2868	1218	5748	3296	6182	2322	2790.5	5454	2290	2729	1352	3815.5	3047.5	6712.5	3682	2199.5	1407	2124.5	981	3222.5	5407	6210	65224.5	3.261.225
ORTHO004381	Microsomal signal peptidase 25 kDa subunit (SPC25)	AT2G39960	45047;1902580;51641;51179;8150;1902578;44699;6605;6886;15031;45184;51234;8104;33036;71702;6810;46907;51649;34613;70727;1902582;44765;16482;72599;72594;33365;70972;5634;43231;43227;43226;5575;43229;44424;44464;5623;5622;5787;98796;43234;32991;44425;16020;44432;44444;5737;44446;44422;5783;12505;1990234;1902494;5789;98588;31090;42175;8233;16787;3824;3674;8152;6508;19538;43170;71704;44238;6465;16485;51604;10467;6518;43603;34641;6807;44237;9987;1901564;44267;44260	4519	5015	3131	1743	5238	4865.5	8719.5	3003.5	2570.5	3084.5	5423	1732	4355	3497	6092	2914	3426.5	1360.5	3691	4956.5	4023	1656	4065	885.5	70320.5	3.516.025
ORTHO007099	51 kDa subunit of complex I	AT5G08530	51287;50662;48037;5488;3674;166;36094;1901265;1901363;97159;10181;43168;43167;32553;97367;3954;16651;16491;3824;8152;8150;55114;44710;44699;6120;22904;22900;6091;44237;9987;44763;45333;15980;42775;42773;6119;16310;6796;6793;46034;9150;6163;72521;46483;6725;1901360;71704;34641;6807;1901564;9117;6753;19637;55086;6139;44238;44281;9259;19693;1901135;9167;9161;9123;9126;9205;9144;9141;9199;46128;9119;9116;1901657;42278;5739;43231;43227;43226;5575;43229;44424;44464;5623;5622;44444;5737;9060;5747;45271;30964;98796;43234;32991;44425;16020;1990204;1902494;98803;70469;98800;98798;44429;44446;44422;44455;31966;31090;5740;31967;31975;5743;19866;5746;51539;51536;51540;8137;50136;16655	4520	4225	3490	2460	5284	451.5	4457	6652	8423.5	6139.5	5337.5	3686.5	1352	4134.5	6054.5	2080.5	2999	6217	3691	5277	3169	1656	3162	847	75787	3789.35
ORTHO007806	RHOMBOID-like protein 14	AT3G17611	16021;31224;44425;5575;16020;31966;31090;44422;43226;43227;44429;44444;44424;44464;5623;5622;5737;44446;43229;5739;43231;5740;31967;31975;6508;19538;43170;71704;8152;8150;44238;8270;46914;46872;43169;43167;5488;3674;5886;71944;4252;4175;70011;8233;16787;3824;8236;17171	4521	2785	4884.5	5248	1812	2837	715.5	9007.5	5619	8231.5	4815.5	2086	1352	5625.5	867	6712.5	8637.5	7295.5	2393	3129.5	2049.5	8888.5	2917	8062	91241.5	4.562.075
ORTHO007365	vacuolar protein sorting 11	AT2G05170	43234;32991;5575;31902;10008;98588;31090;16020;44422;43226;43227;44440;44444;44424;44464;5623;5622;5737;44446;43229;5768;43231;12505;98805;5770;9705;5774;44437;5773;325;5215;3674;6810;51234;51179;8150;7033;6996;16043;71840;9987;5634	4522	2578	2683.5	845	4356	994.5	687.5	1709	635	3122	1623	1576.5	5740	3815.5	5254.5	1830	8149.5	5221.5	4388	920	4445	2213.5	4564	3103.5	59992.5	2.999.625
ORTHO002560	adenylate cyclases	AT2G11890	48364;44767;32502;8150;44699;48513;48856;48731;7275;44707;32501;22622;5634;43231;43227;43226;5575;43229;44424;44464;5623;5622;50355;16462;16818;16817;16787;3824;3674;8152;16887;17111;5524;35639;1901265;1901363;5488;97159;43168;43167;32559;30554;17076;166;36094;32555;32553;97367;32550;32549;1882;1883	4523	5363	6616.5	8710	2982.5	1777	5048.5	7084	5619	7298.5	3526	2729	7258.5	8210.5	7885	5325.5	7137.5	5452.5	7950	6001	7786.5	7683.5	8247	8159	120178.5	6.008.925
ORTHO004852	Nucleotide-sugar transporter family protein	AT5G41760	16021;31224;44425;5575;16020;139;98588;31090;44422;43226;43227;44431;44444;44424;44464;5623;5622;5737;44446;43229;5794;43231;12505;5338;1901505;5215;3674;6810;51234;51179;8150;1901264;44765;1902578;44699;71702;15215;15605;1901677;22857;55085;44763;9987;15748;15932;22891;22892;15931;71705;1901679;6862;15739;46942;15849;15711;6820;6811;15136;46943;8514;8509;15075;34220;98656;5342;1903825;90481;15781;15780;72531;5456;15165;15782;9507;9536;5351;5402;15294;15293;15291;22804;8324;98655;6812;51119;15144;1901476;8643;34219;15295;15992;15672;6818	4524	5331	4077.5	3631	2982.5	1821.5	8251	3301	4142	3658.5	982	6602.5	1352	3283.5	3936.5	3976.5	7873	7376.5	1706.5	6467.5	6180.5	3955.5	2890	4898	82654.5	4.132.725
ORTHO008807	chromatin remodeling 8	AT2G18760	8150;5634;43231;43227;43226;5575;43229;44424;44464;5623;5622	4525	3651.5	3371	2217	4356	1227	3863.5	6741	6225	1506.5	1312.5	998	1352	3815.5	3265	6712.5	4252.5	3580	4113.5	5672	5061.5	4780.5	6854	2699.5	74032	3701.6
ORTHO006664	RmlC-like cupins superfamily protein	AT4G14710;AT4G14716	5829;44444;44424;44464;5575;5623;5622;5737;10309;16702;16701;16491;3824;3674;8152;8150;55114;44710;44699;51213;5886;16020;71944;19509;71267;71265;9086;97;96;6790;44237;9987;6520;1901564;71704;6807;19752;43436;6082;44281;44763;44238;44272;44249;9058;8652;46394;16053;44283;44711;1901576;1901566;9067;9066;1901605;1901607;6555;43102;43094;5634;43231;43227;43226;43229;46872;43169;43167;5488;5506;46914;51302;50794;50789;65007	4526	7026	6699.5	8873	7947.5	6784	4118.5	6573	7325.5	2945.5	8487.5	4059.5	3784.5	7213.5	8276	5325.5	6955.5	4809.5	7562	8590.5	8019	7420	8520	7721.5	124491	6224.55
ORTHO004363	CCCH-type zinc finger family protein	AT2G02160	8150;46872;43169;43167;5488;3674;3677;3676;1901363;97159;5634;43231;43227;43226;5575;43229;44424;44464;5623;5622	4527	1982	6406	8285	1281	7390	8251	2392	6712.5	3514	1483.5	6464.5	1352	8843	6608.5	2476	7177	7219.5	8121	6689.5	7386	8165	8712	3238	112195	5609.75
ORTHO001670	unknown protein	AT4G25030;AT5G45410	3674;5634;43231;43227;43226;5575;43229;44424;44464;5623;5622;8150;9507;9536;44444;5737	4528	3283	4658.5	4789	5172	2214.5	1132	3862.5	3753	6733	4693.5	7485.5	1352	8668.5	5254.5	2914	8149.5	8645	8008.5	1016.5	3529.5	6952	3748.5	847	88959.5	4.447.975
ORTHO004966	ATP binding cassette protein 1	AT4G04770;AT5G44316	16226;9058;8152;8150;31163;22607;16043;71840;9987;44085;9507;9536;43231;43227;43226;5575;43229;44424;44464;5623;5622;44444;5737;5515;5488;3674;5215;6810;51234;51179;2000030;48583;50789;65007;42626;43492;42623;16887;17111;16462;16818;16817;16787;3824;15405;15399;22804;22857;55085;44763;44699;44765;1902578;16820;9570;9532;44435;44446;44422;44434;6879;46916;6875;55065;98771;50801;48878;42592;65008;55080;30003;6873;55082;19725;55076;55072	4529	5437	5942	7355	2982.5	6529	8324.5	5957	5994	2284	6343	3422.5	6071.5	1800.5	4705.5	3976.5	5864.5	3750.5	6700.5	7871	6180.5	5924	6040	6057.5	103796.5	5.189.825
ORTHO006440	Small nuclear ribonucleoprotein family protein	AT2G03870	5634;43231;43227;43226;5575;43229;44424;44464;5623;5622;5688;97525;30532;44428;44446;44422;30529;32991;5689;5681;3723;3676;1901363;5488;3674;97159;6396;16070;44260;43170;71704;8152;8150;44237;9987;90304;6139;46483;6725;1901360;34641;6807;44238;10467;71004;71010;5684;71013;97526;1990726;43234;5732	4530	5165	4820	5110	2982.5	2720	2951	6264	2202	1462	6763.5	3218	6731.5	1800.5	5413.5	5325.5	6549	3949	6327	6860	2058	6340.5	6989	6669	90593	4529.65
ORTHO005234	Major facilitator superfamily protein	AT1G04570;AT2G33280	31969;42170;31090;16020;5575;44422;43226;43227;44435;44444;44424;44464;5623;5622;5737;44446;43229;9536;43231;9526;31967;31975;44434;9507;9941;6810;51234;51179;8150;5215;3674;16021;31224;44425	4531	5257	5181	5831	5238	1885	8627.5	8381.5	7046.5	855	5540	2467.5	4955.5	8072	8793	2821	4548.5	2558	6056.5	5126.5	4946	6129	4366	1188	94363	4718.15
ORTHO003551	LOCATED IN: chloroplast	AT2G32590	7076;30261;1902589;6996;16043;71840;8150;9987;44763;44699;6323;71103;51276;1903047;22402;7049;278;70;819;98813;7059;7067;280;48285;5737;44424;44464;5575;5623;5622;5634;43231;43227;43226;43229;793;5694;43232;43228;796;44427;44446;44422;44815;43234;32991	4532	6092	4630.5	4729	5552	5904	3960	5568.5	7978	2551	2809.5	2467.5	3521	1800.5	3936.5	3976.5	5108	3121	6531	7194	5422.5	5603	5407	5806	88665.5	4.433.275
ORTHO008341	binding	AT1G79150	15079;15077;22890;8324;15075;22891;22857;5215;3674;6810;51234;51179;8150;55085;44763;9987;44699;44765;1902578;22892;34220;6811;98655;6812;15672;46873;30001;71805;98662;98660;71804;6813;9507;9536;43231;43227;43226;5575;43229;44424;44464;5623;5622;44444;5737;31969;42170;31090;16020;44422;44435;44446;9526;31967;31975;44434;9941;16021;31224;44425;9535;55035;42651;34357;44436;9579;31976;31984;9534;139;98588;44431;5794;12505;15386;5451;15299;15078;1902600;15992;6818;15298;15297;15291;22804;15491;22821;5886;71944	4533	2801.5	2869	1205	4356	4454	5794	1204.5	7325.5	6825	2129.5	2851	5338.5	3815.5	3265	1830	1798	4982.5	3529	2059.5	3719.5	868	859	2439.5	65087.5	3.254.375
ORTHO004626	Carbohydrate-binding X8 domain superfamily protein	AT1G78520;AT3G28250	3674;5886;16020;5575;44464;5623;71944;8150	4534	6680	5762.5	6991	7662	5833.5	3758	5568.5	4953	5466	7040	3686.5	7963	2711.5	3936.5	3976.5	7378	3121	5851	8478	5422.5	5603	5081	5433.5	101261	5063.05
ORTHO008324	cyclophilin 38	AT3G01480	9570;9532;44435;44444;44424;44464;5575;5623;5622;5737;44446;44422;43226;43229;9536;43231;43227;44434;9507;9543;31978;31977;44436;9579;31976;31984;9534;42742;9617;51707;43207;9605;50896;8150;9607;51704;98542;6952;6950;9535;55035;42651;34357;16020;10207;43623;6461;65003;43933;16043;71840;9987;22607;44085;71822;70271;34622;19684;6091;44237;8152;15979;6457;42549;42548;10109;31323;50794;50789;65007;19222;43467;3755;16859;16853;3824;3674;413;18208;18193;6464;36211;19538;43170;71704;44238;43412;44267;44260	4535	2903	3480	2425	4356	3154	6407	1855	3826	7485	4859	130	7963	7996	7619.5	2476	179	8211.5	3119	1654	2848	596	664.5	4541	75583.5	3.779.175
ORTHO008861	Double Clp-N motif protein	AT4G25370	9570;9532;44435;44444;44424;44464;5575;5623;5622;5737;44446;44422;43226;43229;9536;43231;43227;44434;9507;9941;9526;31967;31975;5524;35639;1901265;1901363;5488;3674;97159;43168;43167;32559;30554;17076;166;36094;32555;32553;97367;32550;32549;1882;1883;9579;19538;43170;71704;8152;8150;44238	4536	5674	5406	6276	2982.5	5016	6449.5	4396	6943.5	8934.5	3596.5	7822.5	4865.5	7636	7258.5	3976.5	3471	5824	2778	3331	3978	3754	2991.5	3799.5	96822	4841.1
ORTHO001293_1	arabinogalactan protein 16	AT2G46330;AT3G61640;AT5G53250	5886;16020;5575;44464;5623;71944;31225;31224;44425;8150	4537	9024	6741.5	8946	9084	6832.5	6836.5	7935.5	4209	5197.5	4374.5	9116.5	1352	6358.5	7764	8135.5	8948	8035	9152	1980	8697	4169	8499.5	9107	126699.5	6.334.975
ORTHO007147	HIS HF	AT4G26900	9570;9532;44435;44444;44424;44464;5575;5623;5622;5737;44446;44422;43226;43229;9536;43231;43227;44434;9507;6541;9064;1901605;6520;1901564;71704;8152;8150;6807;19752;43436;6082;44281;44710;44699;44763;9987;44237;44238;105;19438;6725;44249;9058;6547;52803;46483;1901360;34641;1901607;8652;46394;16053;44283;44711;1901576;1901566;18130;1901362;107;16763;16757;16740;3824;3674;16833;16830;16829	4538	1330	2740	942	4356	2425	5825	765	393.5	502	544	907	7258.5	4560	6305	508.5	4870.5	6330	3321.5	1992	5903.5	3453.5	3733.5	1876	61474	3073.7
ORTHO002752	IQ calmodulin-binding motif family protein	AT3G52870	8150;9507;9536;43231;43227;43226;5575;43229;44424;44464;5623;5622;44444;5737;5516;5515;5488;3674	4539	7918	5847	7155	8202.5	7207	3129.5	5213.5	6660.5	3838	7734.5	8536	5740	906.5	3265	5325.5	5962.5	3121	7901.5	6860	2485.5	4873	5322	8367.5	102449	5122.45
ORTHO005490	hydroxyproline-rich glycoprotein family protein	AT2G18910	8150;3674;5634;43231;43227;43226;5575;43229;44424;44464;5623;5622	4540	3423	2961.5	1383	1522.5	3114.5	7194	6652	2202	7125	5393	1915.5	4555.5	4134.5	4705.5	2914	1896	5944.5	2640.5	1747	3284.5	889.5	257.5	604.5	67169.5	3.358.475
ORTHO007593	Remorin family protein	AT1G30320	3677;3676;1901363;5488;3674;97159;5737;44424;44464;5575;5623;5622;5886;16020;71944	4541	3946	6480	8419	2097	8518.5	3863.5	7084	8207	3823.5	2809.5	2597	6617.5	6764.5	7082.5	7782	5685	5101.5	4205.5	8320	6696	7259	8115.5	3721	114253	5712.65
ORTHO002148	HEAT repeat	AT3G08850;AT5G01770	80008;31461;151;1990234;1902494;43234;32991;5575;44424;44464;5623;5622;5515;5488;3674;16049;40007;8150;44763;9987;44699;40008;50789;65007;31931;38201;166;36094;1901265;1901363;97159;9793;44702;22414;3006;32502;9790;44767;48856;7275;44707;32501;48316;48608;61458;48731;9791;10154;31929;35556;7165;50794;51716;50896;7154;44700;23052	4542	4152	2928.5	1315	1551	1705	3430	2985.5	4953	5422.5	2809.5	1708.5	4555.5	3815.5	4705.5	2914	3035.5	5944.5	3977	5062.5	3243	1827.5	3504.5	691.5	66290.5	3.314.525
ORTHO005870	Tetraspanin family protein	AT5G46700	3674;10015;44767;32502;8150;44699;9653;48856;48364;48513;48731;7275;44707;32501;22622;9506;5911;30054;5575;55044;16021;31224;44425;16020;9734;9755;7165;50794;50789;65007;51716;9987;50896;7154;44763;44700;23052;32870;9725;9719;10033;42221;71495;71310;70887;71365;9733;5886;44464;5623;71944;9554;48236;44702;22414;3006;51321;7049;3;48869;9553;48229;9934;48509;2000026;50793;51239;22603;9956;3002;7389;9933;48532;48507;9888;7568;10305;10051	4543	6071	6839	9135	6857.5	7390	4341	6906	8596	4278.5	8651	8712.5	3896	8316	8553	5325.5	7177	5452.5	8141.5	8796	8083.5	7786.5	8290	7453	136145.5	6.807.275
ORTHO007598	FKBP-type peptidyl-prolyl cis-trans isomerase family protein	AT3G54010	18208;18193;6464;36211;19538;43170;71704;8152;8150;44238;43412;44267;44260;44237;9987;3755;16859;16853;3824;3674;413;9826;902;32989;16043;71840;9653;32502;48856;48869;44767;44699;44763;60560;48589;40007;16049;5634;43231;43227;43226;5575;43229;44424;44464;5623;5622;9734;9755;7165;50794;50789;65007;51716;50896;7154;44700;23052;32870;9725;9719;10033;42221;71495;71310;70887;71365;9733;30010;7163;42761;6633;72330;46394;16053;6082;44281;44710;44283;44711;9058;1901576;44249;19752;43436;32787;6631;44255;6629;8610;38;5515;5488;5829;44444;5737;5528;5527;1901363;97159;8144;48527;48528;9791;44707;32501;7275;48364;48513;48731;22622;48569;30154;9736;71368;9735;5783;12505;9880;7389;9790;16020	4544	3360	3971.5	3399	2097	214	7231.5	2460.5	6823.5	5397.5	8606.5	7861	1352	4244	3047.5	6712.5	8387	3121	3553	995	6696	1656	1035	2046	81439.5	4.071.975
ORTHO007546	protein arginine methyltransferase 3	AT3G12270	5737;44424;44464;5575;5623;5622;5829;44444;8168;16741;16740;3824;3674;8152;8150;32259;46872;43169;43167;5488	4545	3257	5542	6539	5172	8470.5	8661.5	2711	8447.5	4724.5	6912.5	5839	8675.5	5581	892.5	2914	7777	7547.5	1862	3976	3364.5	7215.5	1361	1506	98439	4921.95
ORTHO007139	Transducin/WD40 repeat-like superfamily protein	AT5G13480	6378;31124;6397;16071;16070;44260;43170;71704;8152;8150;44237;9987;90304;6139;46483;6725;1901360;34641;6807;44238;6396;10467;31123;43631;80008;31461;151;1990234;1902494;43234;32991;5575;44424;44464;5623;5622;6379;90501;90305;5515;5488;3674;9793;44702;22414;44699;3006;32502;9790;44767;48856;7275;44707;32501;48316;48608;61458;48731;9791;10154;5634;43231;43227;43226;43229;5847;5849;44451;44428;44446;44422;5654;31981;70013;43233;31974;9909;48580;2000026;50793;50789;65007;51239;48831;2000241	4546	4394	4634	4722	5938.5	3406.5	4928.5	1484	3095.5	8446	4180.5	6543.5	6071.5	8210.5	7461.5	7782	8888	3580	505.5	5062.5	2072	914	1035	4972	88639	4431.95
ORTHO006102	FUNCTIONS IN: molecular_function unknown	AT1G20970	8150;5773;43231;43227;43226;5575;43229;44424;44464;5623;5622;44444;5737;5634;5886;16020;71944;3674	4547	2966	4361.75	4176.5	4356	3296	5001	4163.5	2338	7916.5	5351	4566	5740	6501	6867.5	7782	3682	5221.5	984	3600	3719.5	2677	3365	3005.5	85777	4288.85
ORTHO001854	syntaxin of plants 71	AT3G09740;AT3G45280	5886;16020;5575;44464;5623;71944;6612;6605;6886;15031;45184;51234;51179;8150;8104;33036;71702;6810;46907;51649;51641;34613;70727;1902582;44765;1902578;44699;90150;72657;44802;61024;16043;71840;9987;44763;1902580;8565;22892;5215;3674;9506;5911;30054;55044;5634;43231;43227;43226;43229;44424;5622;5783;44444;5737;12505;16021;31224;44425	4548	7849	4192.5	3837	5552	8371.5	8002.5	8256	4602.5	4161	7382.5	4566	4793	401	1509	3023.5	5685	867.5	3484.5	5887	3417.5	2541	3849	3037	83837	4191.85
ORTHO009616	Polyketide cyclase / dehydrase and lipid transport protein	AT4G01650	9507;9536;43231;43227;43226;5575;43229;44424;44464;5623;5622;44444;5737;8150;5634;3674	4549	4454	4204.5	3860	5938.5	4474	5770.5	6741	1042.5	2654.5	6763.5	6100	6731.5	1800.5	5413.5	6712.5	494	3121	3977	2935	1819.5	4169	6467.5	6801.5	83988.5	4.199.425
ORTHO007638	zinc ion binding	AT1G12470	6886;15031;45184;51234;51179;8150;8104;33036;71702;6810;46907;51649;51641;34613;70727;8270;46914;46872;43169;43167;5488;3674;16192	4550	2722	3033.5	1517	1812	4496	2627.5	4133.5	1839.5	6889	982	1198.5	5338.5	3815.5	3265	6712.5	3426.5	5056.5	3653	4169.5	3778.5	1466	2943	2575	68365.5	3.418.275
ORTHO002247	DegP protease 9	AT5G40200	9507;9536;43231;43227;43226;5575;43229;44424;44464;5623;5622;44444;5737;5730;44428;44446;44422;5634;43232;43228;31981;70013;43233;31974;6508;19538;43170;71704;8152;8150;44238;4252;4175;70011;8233;16787;3824;3674;8236;17171;5739	4551	6705	5076.5	5602	5748	5516	4118.5	5439.5	7632	6573.5	2992.5	2937.5	3235	2711.5	2702.5	8358	4761	2558	4016	6555.5	6180.5	4308.5	7244	5222.5	93062.5	4.653.125
ORTHO007105	Haloacid dehalogenase-like hydrolase (HAD) superfamily protein	AT4G11570	16787;3824;3674;8152;8150;5634;43231;43227;43226;5575;43229;44424;44464;5623;5622	4552	4994	3338.5	2125	2982.5	4827.5	5625.5	2838	3104	4385	4016	4566	3339.5	3374	3521.5	6712.5	8726	3580	2899.5	2124.5	3454.5	997	891.5	4413.5	73396	3669.8
ORTHO007474	Encodes a membrane protein NO PRIMEXINE AND PLASMA MEMBRANE UNDULATION (NPU). Involved in primexine deposition and plasma membrane undulation during early pollen wall development.	AT3G51610	5886;16020;5575;44464;5623;71944;6979;6950;50896;8150;3674;9555;48229;7275;44767;32502;44699;44707;32501;48856	4553	3377	5801	7049	4356	1594	2791.5	1322	4418	1842.5	4330.5	2291.5	6895.5	6971	7162	7782	5962.5	5518	7281	8590.5	7254	7420	8321	3920	101667.5	5.083.375
ORTHO002843	nonsense-mediated mRNA decay NMD3 family protein	AT2G03820	5829;44444;44424;44464;5575;5623;5622;5737;9834;9832;42546;44085;71840;8150;71554;9987;71669;7029;6996;16043;10256;5634;43231;43227;43226;43229;3674;184;956;6402;16071;16070;44260;43170;71704;8152;44237;90304;6139;46483;6725;1901360;34641;6807;44238;6401;44265;9057;1901575;9056;44248;34655;19439;44270;1901361;46700;6611;6886;15031;45184;51234;51179;8104;33036;71702;6810;46907;51649;51641;34613;70727;51168;6913;16482;51169;1902582;44765;1902578;44699	4554	3919	6193	7832	2097	1777	1377.5	3021	8634	4629	4121.5	2230.5	1352	8936	6192.5	5325.5	7568.5	8478	8791.5	2534.5	8850	8676.5	6282.5	8763	107541	5377.05
ORTHO008320	Haloacid dehalogenase-like hydrolase (HAD) superfamily protein	AT5G45700	4721;16791;42578;16788;16787;3824;3674;8152;8150;16311;6796;6793;44237;9987;6470;6464;36211;19538;43170;71704;44238;43412;44267;44260;5739;43231;43227;43226;5575;43229;44424;44464;5623;5622;44444;5737	4555	2737	5821.5	7088	4356	7116	1938.5	1114.5	8467	2752	1810	2038	7743	7636	7487.5	2476	6162	6388.5	7353.5	5519.5	6696	6991	7729.5	4586.5	102005	5100.25
ORTHO008842	rhodanese-like domain-containing protein / PPIC-type PPIASE domain-containing protein	AT5G19370	9507;9536;43231;43227;43226;5575;43229;44424;44464;5623;5622;44444;5737;16853;3824;3674;8152;8150;9735;9725;9719;50896;10033;42221	4556	3585	4821.5	5087	2097	8860.5	1765.5	7084	7831	4029	621.5	610	6513.5	4134.5	5254.5	6712.5	5561	4154.5	122.5	8214	934.5	6576.5	7946.5	3565	90491	4524.55
ORTHO001947	SEUSS-like 3	AT4G25515;AT4G25520;AT5G62090	6355;1903506;2001141;31326;9889;19222;50789;65007;8150;31323;50794;51252;19219;80090;51171;60255;10556;10468;2000112;6351;34645;44260;43170;71704;8152;44237;9987;9059;1901576;9058;44249;97659;32774;16070;90304;6139;46483;6725;1901360;34641;6807;44238;34654;19438;44271;18130;1901362;10467;9908;90567;48608;3006;32502;22414;48856;61458;48731;7275;44767;44699;44707;32501;44702;9791;48367;5634;43231;43227;43226;5575;43229;44424;44464;5623;5622;30154;48869;44763;30274;19904;5515;5488;3674;3712;989;988;1901001;48585;48519;48583;1901000;47484;80134;9790;48481;35670;48440;48827;48437;48569;48513;48467;48438	4557	7600	6392	8227	8259	7616	7744.5	5121.5	8734	6213.5	7040	2553.5	7743	2711.5	3936.5	5325.5	5365	3121	6327	8478	2594	4709	7774	8367.5	111475	5573.75
ORTHO008113	signal recognition particle receptor protein; chloroplast (FTSY)	AT2G45770	9535;55035;42651;34357;16020;5575;44436;44424;44464;5623;5622;9579;44435;44444;5737;44446;44422;43226;43229;9536;43231;43227;31976;31984;44434;9507;9534;9772;9767;22900;6091;44237;8152;8150;9987;55114;44710;44699;44763;19684;15979;46872;43169;43167;5488;3674;9570;9532;5525;35639;1901265;1901363;97159;43168;32550;32549;1882;36094;97367;1883;32561;19001;17076;166;32555;32553;5786;48500;30529;32991;45038;6612;6605;6886;15031;45184;51234;51179;8104;33036;71702;6810;46907;51649;51641;34613;70727;1902582;44765;1902578;90150;72657;44802;61024;16043;71840;1902580;45036;72596;72594;33365;72598;16482;44743;17038;65002;71806;55085;5515;10027;9668;9657;6996;6614;6613;45047;72599;70972	4558	4757	3548.5	2539	5938.5	5211.5	2791.5	6428.5	1328.5	2025.5	2992.5	6543.5	6071.5	1800.5	4462	6712.5	3589	2199.5	3283.5	6368.5	4946	2923.5	4806.5	1858	76342.5	3.817.125
ORTHO000568	Sulfite exporter TauE/SafE family protein	AT2G25737	16021;31224;44425;5575;16020;9507;9536;43231;43227;43226;43229;44424;44464;5623;5622;44444;5737	4559	6038	3792.5	3026	5408.5	6023.5	6845.5	5813.5	5071	8934.5	5307	4877	4234	4179	5761.5	2080.5	3022.5	934	3553	3448	3277	914	3010.5	1958.5	79244.5	3.962.225
ORTHO001240	Major facilitator superfamily protein	AT1G27040;AT1G69850;AT5G62730	5886;16020;5575;44464;5623;71944;16021;31224;44425;6810;51234;51179;8150;5215;3674;42128;42126;43436;6082;71704;8152;44281;44710;44699;44763;9987;44237;2001057;6807;71941;9624;51707;43207;9605;50896;9607;51704;10119;50794;50789;65007;15293;15291;22804;22857;55085;44765;1902578;5509;46872;43169;43167;5488;80168;15850;71702;15718;46942;15849;15711;6820;6811;46865;46864;6869;10876;33036;90440;5319;22892;6857;15833;42886;71705	4560	3327	3525.75	2491.5	4356	1227	3025	6573	5028	5683.5	8651	1198.5	5195	3815.5	3265	1606	562	3121	3792	6860	4668.5	1525	3634.5	6553	75983.5	3.799.175
ORTHO004562	RNA-binding (RRM/RBD/RNP motifs) family protein	AT2G44710	3723;3676;1901363;5488;3674;97159;166;36094;1901265	4561	1091	5556.5	6552	1066.5	866.5	9081	5077	522.5	2591.5	478.5	1954	8754.5	9081	6937	2476	351	7821.5	1849	7080	9064.5	8814.5	9045.5	6669	98514.5	4.925.725
ORTHO008660	Protein kinase superfamily protein	AT5G24970	5524;35639;1901265;1901363;5488;3674;97159;43168;43167;32559;30554;17076;166;36094;32555;32553;97367;32550;32549;1882;1883;6468;16310;6796;6793;44237;8152;8150;9987;6464;36211;19538;43170;71704;44238;43412;44267;44260;4672;16301;16772;16740;3824;16773;5886;16020;5575;44464;5623;71944	4562	3598	3232	1902	2097	1089	2528	6906	1328.5	930.5	1810	863	5740	3815.5	4842.5	6712.5	4408.5	3949	4485	7576.5	5637	3453.5	2917	2940	71932	3596.6
ORTHO005985	nodulin MtN21 /EamA-like transporter family protein	AT1G09380	6810;51234;51179;8150;5886;16020;5575;44464;5623;71944;22857;5215;3674;55085;44763;9987;44699;44765;1902578	4563	4099	3783.5	3004	5938.5	4267	5873	5568.5	6584	4887	5973.5	7780.5	4555.5	3815.5	2023.5	6712.5	3344	2199.5	3172	2124.5	1705.5	2541	4310	1713.5	79150.5	3.957.525
ORTHO004218	DNA ligase 1	AT1G08130;AT1G49250	80111;70988;44710;8152;8150;44699;44728;6304;6259;44260;43170;71704;44237;9987;90304;6139;46483;6725;1901360;34641;6807;44238;43412;35510;40029;10468;60255;19222;50789;65007;44763;5730;44428;44446;44422;5575;43226;44424;44464;5623;5622;43229;5634;43231;43227;43232;43228;31981;70013;43233;31974;6260;34645;9059;1901576;9058;44249;5524;35639;1901265;1901363;5488;3674;97159;43168;43167;32559;30554;17076;166;36094;32555;32553;97367;32550;32549;1882;1883;6266;12;6281;6974;33554;51716;50896;6950;6302;3910;3909;16886;16874;3824;5739;44444;5737	4564	4171	3674	2784	2982.5	4434.5	2791.5	2114.5	1839.5	6213.5	1981	3218	3374.5	3815.5	5034.5	6712.5	3836.5	3121	7042	5816	4668.5	3609.5	5826.5	2314	77763.5	3.888.175
ORTHO003670	adenylosuccinate synthase	AT3G57610	9570;9532;44435;44444;44424;44464;5575;5623;5622;5737;44446;44422;43226;43229;9536;43231;43227;44434;9507;5525;35639;1901265;1901363;5488;3674;97159;43168;43167;32550;32549;1882;36094;97367;1883;32561;19001;17076;166;32555;32553;9152;9150;6163;72521;46483;44237;8152;8150;9987;6725;1901360;71704;34641;6807;1901564;9117;6753;19637;6793;55086;6139;44238;44281;44710;44699;44763;6796;9259;19693;1901135;9260;46390;90407;1901576;9058;1901137;9165;1901293;34654;19438;44249;44271;18130;1901362;44711;6164;72522;1901566;6167;46033;9167;9161;9123;9126;46128;9119;9116;1901657;42278;9168;9156;9124;9127;46129;42451;9163;1901659;42455;4019;16879;16874;3824;46872;43169;44208;48046;5576;46686;10038;10035;42221;50896	4565	3350	2829	1093	5651.5	257.5	5105.5	1013.5	1625	6733	1623	7997	1352	3815.5	4462	1830	562	5221.5	4548.5	4060.5	2049.5	4308.5	4209.5	2850	63624	3181.2
ORTHO003826	Ubiquitin C-terminal hydrolases superfamily protein	AT4G22285;AT4G22350;AT4G22410	6511;19941;51603;6508;19538;43170;71704;8152;8150;44238;44257;30163;9057;1901575;9056;44265;44260;44237;9987;44248;44267;43632;16579;70646;70647;6464;36211;43412;5634;43231;43227;43226;5575;43229;44424;44464;5623;5622;36459;16787;3824;3674;8270;46914;46872;43169;43167;5488;5829;44444;5737	4566	4437	4161	3756	2982.5	1089	2881	2322	931	6687	1981	7879	1352	3431.5	5596.5	6712.5	4054.5	3121	7042	6860	4668.5	3955.5	6194.5	6553	83311.5	4.165.575
ORTHO006353	RNA-binding KH domain-containing protein	AT5G53060	10286;9408;9266;9628;50896;8150;6950;10468;60255;19222;50789;65007;31053;34470;34660;16070;44260;43170;71704;8152;44237;9987;90304;6139;46483;6725;1901360;34641;6807;44238;6396;10467;35196;70918;31050;44763;44699;44710;71359;71407;14070;10033;42221;71310;70887;51716;43331;1901698;1901699;31047;16458;10629;10605;9892;48519;35195;35194;16441;10608;40029;1900150;31347;80134;48583;43900;32101;2831;10445;16604;44451;44428;44446;44422;5575;43226;44424;44464;5623;5622;43229;5634;43231;43227;5654;31981;70013;43233;31974;3676;1901363;5488;3674;97159;5515;9867;9755;7165;50794;7154;44700;23052;32870;9725;9719;71495;71395;9753;1101;1901700;71229;1901701;6970;70878;3723	4567	1294	4358	4149	4356	3750.5	5784	1484	2202	1842.5	5610	8158.5	1352	8916	6639	797.5	8420.5	6982	875	2496	7860	7259	2142.5	3055	85626	4281.3
ORTHO010279	Calcium-binding EF-hand family protein	AT2G15680	5509;46872;43169;43167;5488;3674;5739;43231;43227;43226;5575;43229;44424;44464;5623;5622;44444;5737;8150;5886;16020;71944	4568	6462	3861	3154	7245.5	3885	8076	2545	3117	8934.5	4441	6861.5	5066	3450.5	1481.5	3976.5	9020.5	7525.5	2587	3774.5	538	1090.5	947.5	2699.5	80017.5	4.000.875
ORTHO004633	Calcium-dependent lipid-binding (CaLB domain) family protein	AT3G55470	8150	4569	5190	5531.5	6494	6194	4708.5	8616.5	4312	3302	8934.5	4349	6561.5	1352	7699.5	7349.5	5325.5	4346.5	6505.5	6835.5	2373.5	538	5603	4927.5	4484	98124	4906.2
ORTHO001364	Ribosomal protein S5 family protein	AT1G58380;AT1G58684;AT1G58983;AT1G59359;AT2G41840;AT3G57490	22627;15935;44391;30529;32991;5575;44424;44464;5623;5622;44444;5737;44446;44422;43226;43229;5840;43232;43228;44445;5829;22626;6412;43043;43604;43603;34641;6807;8152;8150;44237;9987;44271;44249;9058;6518;1901564;71704;1901566;1901576;44267;19538;43170;44238;44260;34645;9059;10467;16020;9507;9536;43231;43227;3735;5198;3674;9506;5911;30054;55044;5886;71944;5618;30312;5634;3723;3676;1901363;5488;97159;5730;44428;31981;70013;43233;31974	4570	8487	2367	164	8471	3878.5	5176	1547.5	4209	8647.5	4086	2291.5	1352	138	136.5	3273.5	2631	298	1788	1177	321.5	30.5	77	549.5	41608.5	2.080.425
ORTHO008646	AAA-type ATPase family protein	AT2G45500	5634;43231;43227;43226;5575;43229;44424;44464;5623;5622;5524;35639;1901265;1901363;5488;3674;97159;43168;43167;32559;30554;17076;166;36094;32555;32553;97367;32550;32549;1882;1883	4571	3619	5016.5	5462	2097	1777	3129.5	2614.5	7561.5	4127	3269.5	4386.5	1352	6764.5	7017.5	7782	9037	5626	5502	8077	5637	3609.5	1740	3340.5	92350.5	4.617.525
ORTHO001265_2	O-fucosyltransferase family protein	AT1G29200	16757;16740;3824;3674;8152;8150;5794;43231;43227;43226;5575;43229;44424;44464;5623;5622;44444;5737;12505	4572	5814	6466	8360	6534	4865.5	6039	5077	4953	8934.5	4934.5	7495	1352	7739.5	7349.5	5325.5	8587.5	7525.5	7042	3377.5	5637	6027.5	5171.5	5913	113346.5	5.667.325
ORTHO006476	Protein of unknown function (DUF1644)	AT1G68140	5739;43231;43227;43226;5575;43229;44424;44464;5623;5622;44444;5737;8150;3674	4573	7657	3303.5	2034	5476.5	8278	3513	8467.5	7899.5	7094.5	7199	5464.5	2962.5	1800.5	1432	3976.5	1855	663.5	3321.5	5519.5	1270.5	729	264.5	1106.5	72817.5	3.640.875
ORTHO008147	FUNCTIONS IN: molecular_function unknown	AT1G19140	5739;43231;43227;43226;5575;43229;44424;44464;5623;5622;44444;5737;5743;19866;31090;16020;44422;31967;31975;44446;31966;44429;5740;8289;5488;3674;6744;6743;6733;6732;51186;44237;8152;8150;9987;1901661;42180;71704;44281;44710;44699;44763;1901663;9108;51188;44249;9058;42181;44283;44711;1901576	4574	2774.5	5428.5	6283	1812	5547	1068	4826.5	9055.5	6856.5	2129.5	6440	1352	8692.5	5691.5	2476	6752	8725.5	8251.5	2880.5	2929.5	6759.5	2129.5	4291.5	96854.5	4.842.725
ORTHO008788	Uncharacterized conserved protein (DUF2358)	AT1G65230	3723;3676;1901363;5488;3674;97159;80008;31461;151;1990234;1902494;43234;32991;5575;44424;44464;5623;5622;5737;10267;30422;70918;31050;6396;16070;44260;43170;71704;8152;8150;44237;9987;90304;6139;46483;6725;1901360;34641;6807;44238;10467;44763;44699;44710;71359;71407;14070;10033;42221;50896;71310;70887;51716;43331;1901698;1901699;31047;16458;10629;10605;9892;48519;50789;65007;19222;60255;10468;16246;35194;16441;10608;40029;347;44428;44446;44422;43226;43229;5634;43231;43227;445;346;166;36094;1901265;6406;6405;51168;6913;16482;46907;6810;51234;51179;51649;51641;51169;50658;50657;15931;71705;71702;51236;6403;33036;51028;71427;71426;1902582;44765;1902578;71166	4575	3622.5	6643	8711	4356	7207	7562.5	2392	1328.5	5825	8095	8178.5	6513.5	6764.5	7017.5	7782	7452.5	4982.5	5648	8214	6578.5	7087	7946.5	3635.5	120210.5	6.010.525
ORTHO004250	nudix hydrolase homolog 3	AT1G79690	5829;44444;44424;44464;5575;5623;5622;5737;5773;43231;43227;43226;43229;16787;3824;3674;8152;8150;46872;43169;43167;5488;5515	4576	4078	4351.5	4127	5284	7116	1274.5	7637	7691.5	5485.5	2809.5	2597	1352	8638.5	8387.5	2914	9010.5	6919	7644	1320	3646	129	35	913	85519.5	4.275.975
ORTHO006981	Ergosterol biosynthesis ERG4/ERG24 family	AT1G50430	5789;98588;31090;16020;5575;44422;43226;43227;44432;44444;44424;44464;5623;5622;5737;44446;43229;5783;43231;12505;44425;42175;9826;902;32989;16043;71840;8150;9987;9653;32502;48856;48869;44767;44699;44763;60560;48589;40007;16049;16628;16627;16491;3824;3674;8152;55114;44710;30176;31227;31300;31224;31301;16021;9918;16132;42446;9058;42445;10817;65008;65007;16131;16128;6066;1901615;71704;44281;8202;1901360;6629;44238;16129;46165;1901617;1901576;44283;44711;6694;1901362;8610;5515;5488;5634;5794;47598;5886;71944;16126;16125;6695;1902653;1902652;8203	4577	5044	4718.5	4860	2982.5	5665.5	3513	5957	6943.5	3581	2129.5	3422.5	3591.5	1800.5	4705.5	3976.5	5864.5	3949	3421.5	7871	6180.5	5789.5	4927.5	6057.5	89347	4467.35
ORTHO001536	ribosomal protein 5B	AT2G37270;AT3G11940	5774;44437;44444;44424;44464;5575;5623;5622;5737;44446;44422;43226;43229;5773;43231;43227;98588;31090;16020;98805;3735;5198;3674;22626;44445;5829;5840;30529;32991;43232;43228;6412;43043;43604;43603;34641;6807;8152;8150;44237;9987;44271;44249;9058;6518;1901564;71704;1901566;1901576;44267;19538;43170;44238;44260;34645;9059;10467;22627;15935;44391;9507;9536;5886;71944;5618;30312;28;22618;71826;43933;16043;71840;34622;65003;22607;44085;22613;42255;70925;6996;42254;42274;9735;9725;9719;50896;10033;42221;3729;44822;3723;3676;1901363;5488;97159;19843;9506;5911;30054;55044	4578	6191	2317	56	6857.5	2239.5	2121.5	3181	2264	8446	4965	93	1352	138	136.5	1273	2665	151	39	2593.5	358	157.5	221.5	89.5	32484.5	1.624.225
ORTHO001807	SPIRAL1-like1	AT1G26355;AT1G69230	5874;44430;44446;44422;5575;43226;44424;44464;5623;5622;43229;5856;43232;43228;43234;32991;15630;5886;16020;71944;3674;8150	4579	8478	6474.5	8370	6100.5	8518.5	1519.5	8835.5	3516	8063.5	8798.5	6741.5	3875.5	5702	934	8804.5	5404	4673.5	8447.5	1609.5	7254	7897.5	4843.5	8062	113500.5	5.675.025
ORTHO008484	unknown protein	AT2G39170	5634;43231;43227;43226;5575;43229;44424;44464;5623;5622;8150	4580	5618	5494.5	6409	2982.5	5155.5	4118.5	8994	7978	2814	7199	3686.5	5740	1800.5	4462	3976.5	8637.5	3121	5851	6148	5422.5	2541	4366	5601	97612.5	4.880.625
ORTHO004005	Leucine-rich repeat (LRR) family protein	AT3G22800	5618;30312;44464;5575;5623;71944;71555;45229;16043;71840;8150;9987;71554;5199;5198;3674;5576	4581	5853	5357.5	6134	6664	8323	3513	5698.5	5028	1155	7734.5	3422.5	6071.5	1800.5	4705.5	3976.5	5864.5	3580	4328.5	6467.5	6180.5	6027.5	6040	6057.5	95974.5	4.798.725
ORTHO008967	magnesium (Mg) transporter 10	AT5G22830	31969;42170;31090;16020;5575;44422;43226;43227;44435;44444;44424;44464;5623;5622;5737;44446;43229;9536;43231;9526;31967;31975;44434;9507;9941;15095;72509;22890;8324;15075;22891;22857;5215;3674;6810;51234;51179;8150;55085;44763;9987;44699;44765;1902578;22892;34220;6811;98655;6812;72511;46873;30001;1903830;15693;70838;16021;31224;44425	4582	3871	3741	2900	4356	6898	4948.5	2114.5	6225	2524.5	6763.5	998	1352	3815.5	3265	6712.5	400	3580	4113.5	5519.5	5061.5	4709	6854	2699.5	78554	3927.7
ORTHO007225	5'-AMP-activated protein kinase-related	AT1G27070	16310;6796;6793;44237;8152;8150;9987;16301;16772;16740;3824;3674	4583	3330	3317.5	2052	4356	2214.5	7600	4065.5	8149.5	6020	2992.5	551.5	4955.5	3815.5	3047.5	6712.5	2872	4809.5	629.5	3976	4519	1154	2846	2046	72976.5	3.648.825
ORTHO007054	glucuronokinase G	AT3G01640;AT5G14470	16310;6796;6793;44237;8152;8150;9987;48868;3006;32502;22414;48856;9856;44703;51704;44706;32501;8266;8187;3727;3723;3676;1901363;5488;3674;97159;5829;44444;44424;44464;5575;5623;5622;5737;6020;44723;5975;71704;44238;44710;44699;44262;19751;6066;1901615;44281;44763;47940;16301;16772;16740;3824;16773;46872;43169;43167;5524;35639;1901265;43168;32559;30554;17076;166;36094;32555;32553;97367;32550;32549;1882;1883;42546;44085;71840;71554;4335;19200;46835	4584	6811	6217.5	7851	5362.5	2467	6978.5	3480	8792.5	3610	8842.5	6482	7554	5709.5	1209.5	3023.5	7664	5944.5	8821.5	5062.5	6431	7897.5	3884	3841	107695	5384.75
ORTHO007179	ankyrin repeat family protein	AT3G04710	8150;5575	4585	4135	3617	2649	5938.5	8518.5	4904	5698.5	1430.5	7350.5	5973.5	2729	4555.5	3408	3521.5	6712.5	965	2199.5	3199	3396.5	3719.5	2608	4366	1769	77024.5	3.851.225
ORTHO006489	Ribosomal protein L36	AT5G20180	5739;43231;43227;43226;5575;43229;44424;44464;5623;5622;44444;5737;3735;5198;3674;42254;22613;44085;71840;8150;5840;30529;32991;43232;43228	4586	5261	5245.75	5905.5	6194	7008.5	2528	6323	7455	930.5	1312.5	3034.5	6895.5	1800.5	5523	3976.5	6825	4253	7482.5	7299	800.5	6759.5	7611.5	6949.5	94768	4738.4
ORTHO005594	Thioredoxin superfamily protein	AT1G07080	5576;5575;5773;43231;43227;43226;43229;44424;44464;5623;5622;44444;5737;8150;3824;3674;8152	4587	6606	3542.5	2498	6857.5	5211.5	3430	6652	4816.5	1999	7999	1658	4617.5	1254	5254.5	2080.5	7091.5	1406.5	7353.5	5094	2172.5	2061	4178	1696.5	76026	3801.3
ORTHO007922	CLP protease P4	AT5G45390	9534;31976;9579;44424;44464;5575;5623;5622;31984;44446;44422;43226;43229;43227;44435;44444;5737;9536;43231;44434;9507;5528;5527;1901363;5488;3674;97159;8144;9543;31978;31977;44436;9570;9532;413;18208;18193;6464;36211;19538;43170;71704;8152;8150;44238;43412;44267;44260;44237;9987;3755;16859;16853;3824;6457;16020	4588	2086	2304.5	21	4356	141.5	1577.5	488	255	930.5	865	1354.5	1352	9108.5	7129	2476	5.5	7.5	17.5	5	86	9.5	9.5	18	25836	1291.8
ORTHO007785	tRNA (guanine-N-7) methyltransferase	AT5G24840	5737;44424;44464;5575;5623;5622;8150	4589	3443.5	3469.5	2350	4356	1089	1744	1547.5	493.5	1282.5	669	632	6397.5	3815.5	5254.5	6712.5	5404	4400	5502	4527	7489.5	6429	7946.5	3565	74900.5	3.745.025
ORTHO008367	GTP-binding protein-related	AT4G39520	8150;5634;43231;43227;43226;5575;43229;44424;44464;5623;5622	4590	2801.5	5496.5	6403	4356	2054	961	1709	1753	1155	9159	5295.5	8898	5175	551	1429.5	7599.5	8162	8915.5	461.5	8618.5	8617.5	8896.5	8159	97570	4878.5
ORTHO008393	K+ efflux antiporter 3	AT4G04850	8934;52834;52745;16791;42578;16788;16787;3824;3674;8152;8150;16311;6796;6793;44237;9987;4401;9507;9536;43231;43227;43226;5575;43229;44424;44464;5623;5622;44444;5737;8441;8252;105;19438;6725;44249;9058;6547;1901605;6520;1901564;71704;6807;19752;43436;6082;44281;44710;44699;44763;44238;52803;46483;1901360;34641;1901607;8652;46394;16053;44283;44711;1901576;1901566;18130;1901362;10347;70456;50308;19203;6790	4591	2801.5	3146.5	1702	4356	4404	4341	1389	867	7247	5596.5	5395	1352	8758	5856	2476	2573.5	8446.5	2654.5	2409.5	445	1358.5	1555.5	2850	69974.5	3.498.725
ORTHO002493	Cupredoxin superfamily protein	AT1G72230	5886;16020;5575;44464;5623;71944;5507;46914;46872;43169;43167;5488;3674;50896;8150;31225;31224;44425;9055;46658;31226;44459	4592	7686	5905	7218	8139.5	6227.5	7562.5	7935.5	4645.5	5393.5	6912.5	8284.5	7121	2711.5	2396.5	5325.5	4346.5	1780	5027.5	7576.5	5265	3374.5	6413.5	4541	102840.5	5.142.025
ORTHO002866	Uncharacterised protein family (UPF0497)	AT1G14160;AT5G15290	5886;16020;5575;44464;5623;71944;8150;16021;31224;44425;42545;71555;45229;16043;71840;9987;71554;5515;5488;3674;7043;34329;34330;44763;44699;22607;44085;45216;5739;43231;43227;43226;43229;44424;5622;44444;5737;42803;42802;46983;48226;44426;44462;30312;5618;9531;9505	4593	8245	5468.5	6344	7245.5	5248.5	7422	7762	5754	4804	7734.5	5839	4492.5	906.5	1677.5	5325.5	5194	663.5	7792.5	5400	5637	2112.5	6194.5	7223	97183	4859.15
ORTHO011387	Nuclear transport factor 2 (NTF2) family protein	AT2G46100	8150;3674	4594	8403	6303	8012	8471	6313	3224.5	7935.5	7183.5	3514	8232.5	8654.5	5338.5	906.5	2163.5	8358	6549	1114.5	7353.5	6103	7052	4067	7156	7952.5	109171.5	5.458.575
ORTHO006546	thioredoxin domain-containing protein 9 homolog	AT2G18990;AT3G25580	5737;44424;44464;5575;5623;5622;45454;19725;42592;65008;65007;8150;44763;9987;44699;50794;50789	4595	2552	3936.5	3278	4356	3368	6349.5	3345.5	9039	4308	1414	2851	1352	8593	8061.5	2476	8133	8278	2092	3254	2660.5	540	591	4060.5	80766.5	4.038.325
ORTHO003079	Alcohol dehydrogenase transcription factor Myb/SANT-like family protein	AT3G24490	6355;1903506;2001141;31326;9889;19222;50789;65007;8150;31323;50794;51252;19219;80090;51171;60255;10556;10468;2000112;5634;43231;43227;43226;5575;43229;44424;44464;5623;5622;3700;1071;3674	4596	6145	3515.5	2435	7245.5	3593	6449.5	5095	4474.5	7967.5	4635.5	7362.5	2888	3283.5	1677.5	3976.5	3167.5	4887	984	2347	2189	3311	3702.5	3635.5	75626.5	3.781.325
ORTHO001841	Encodes ASY3; a coiled-coil domain protein that is required for normal meiosis.	AT2G46980;AT3G62080	5634;43231;43227;43226;5575;43229;44424;44464;5623;5622;5730;44428;44446;44422;43232;43228;31981;70013;43233;31974;5694;7126;280;48285;6996;16043;71840;8150;9987;1903046;22402;44763;44699;7049;51321;3;1902589;3674;7034;1902582;46907;6810;51234;51179;51649;51641;44765;1902578;5737;15031;45184;8104;33036;71702	4597	1767	3603	2609	1281	3531	1672.5	1780.5	7899.5	2472.5	2290	3218	1352	7636	8429	2476	6099.5	5944.5	2179.5	4956.5	5903.5	3374.5	1498	4060.5	76773.5	3.838.675
ORTHO000502_2	Tetratricopeptide repeat (TPR)-like superfamily protein	AT4G10840	5634;43231;43227;43226;5575;43229;44424;44464;5623;5622;5886;16020;71944	4598	5593	5525.5	6453	2982.5	5833.5	3430	5957	5028	3163.5	2402	3422.5	6227	1800.5	5034.5	3976.5	5962.5	4747.5	6897.5	8025.5	6908	6077	6282.5	6669	97844.5	4.892.225
ORTHO007187	glutamine dumper 3	AT5G57685	6865;71705;6810;51234;51179;8150;46942;15849;44765;1902578;44699;71702;15711;6820;6811;32940;46903;51649;51641;44763;9987;3674;9615;51707;43207;9605;50896;9607;51704;80143;51955;44070;43269;51049;32879;50789;65007;32890;51952;5634;43231;43227;43226;5575;43229;44424;44464;5623;5622;16021;31224;44425;16020;19048;16032;44764;44403;44419;44003;51817;35821;65008;51701	4599	4492	6263	7927	5439	1705	4341	7084	2202	4155	2539	2640.5	7554	8541.5	8203.5	7782	7922.5	5221.5	6531	7194	6696	6714	3634.5	7721.5	108382.5	5.419.125
ORTHO000358_2	glutamate decarboxylase 5	AT3G17760	5516;5515;5488;3674;30170;1901363;97159;48037;43168;43167;4351;16831;16830;16829;3824;8152;8150;6536;43648;19752;43436;6082;71704;44281;44710;44699;44763;9987;44237;9064;1901605;6520;1901564;6807;44238;9506;5911;30054;5575;55044	4600	5676	2341.5	83	5328	3874.5	1954	3927.5	3543	5485.5	582	576.5	1352	138	136.5	1239.5	5404	129	1359	2765	2420.5	193	279.5	67	35426	1771.3
ORTHO005604	unknown protein	AT2G42310;AT3G57785	5747;45271;30964;98796;43234;32991;5575;44425;16020;1990204;1902494;44464;5623;98803;70469;98800;98798;44429;44444;44424;5622;5737;44446;44422;43226;43229;5739;43231;43227;44455;31966;31090;5740;31967;31975;5743;19866;5746;8150;9507;9536;3674	4601	7605	4592	4583	5439	5621	8536	8486	5994	7125	7382.5	4724	4297.5	1321.5	4233.5	3023.5	5457.5	867.5	4485	5887	3604.5	1778.5	3810	1120	87754.5	4.387.725
ORTHO006202	Ubiquitin-associated (UBA) protein	AT3G56740	4252;4175;70011;8233;16787;3824;3674;8152;8150;6508;19538;43170;71704;44238;8236;17171;16021;31224;44425;5575;16020	4602	5732	3503	2404	2982.5	3309	7665	4734	4483.5	8934.5	5636.5	7179.5	2792.5	3431.5	1677.5	6712.5	3039	1440	418	3747	3354	1695	2142.5	3037	75428.5	3.771.425
ORTHO005595	Transducin/WD40 repeat-like superfamily protein	AT1G10580	5634;43231;43227;43226;5575;43229;44424;44464;5623;5622;80008;31461;151;1990234;1902494;43234;32991;166;36094;5488;3674;1901265;1901363;97159	4603	4164	3552.5	2502	5196	750.5	5718	3136.5	4645.5	7862.5	5423	7740	3299	7448.5	7162	2821	2384.5	7151.5	3233.5	4444	1367.5	688.5	273	523	76072	3803.6
ORTHO008470	putative recombination initiation defects 3	AT1G01690	5634;43231;43227;43226;5575;43229;44424;44464;5623;5622;51026;22607;16043;71840;8150;9987;44085;1903046;22402;44763;44699;7049;51321;3;7129;70192;51276;6996;1902589;7126;280;48285;45143;45132;98813;7059;7127;7131;35825;6310;6259;44260;43170;71704;8152;44237;90304;6139;46483;6725;1901360;34641;6807;44238;44710;42138;90305;9555;48229;7275;44767;32502;44707;32501;48856;3674;9553	4604	4412	4772.5	4941	2982.5	3253	4785	5121.5	3471	8934.5	5077	6651.5	3767	7636	1910.5	7360.5	2549	6896	1086	6689.5	4833.5	3609.5	2003	4117.5	89751.5	4.487.575
ORTHO003602	Basic-leucine zipper (bZIP) transcription factor family protein	AT1G58110	5634;43231;43227;43226;5575;43229;44424;44464;5623;5622;6355;1903506;2001141;31326;9889;19222;50789;65007;8150;31323;50794;51252;19219;80090;51171;60255;10556;10468;2000112;3700;1071;3674;43565;3677;3676;1901363;5488;97159	4605	2857	2851	1097	1522.5	1594	2328.5	7244.5	8509.5	3221	2402	1810.5	4865.5	4134.5	5254.5	2914	3081.5	1780	2945	5887	3131	1358.5	528	691.5	63681	3184.05
ORTHO007458	Ribosomal L28 family	AT2G33450	5840;30529;32991;5575;44424;44464;5623;5622;43232;43228;43226;43229;44444;5737;9941;9526;31967;31975;44446;44422;43227;44435;9536;43231;44434;9507;9570;9532;6412;43043;43604;43603;34641;6807;8152;8150;44237;9987;44271;44249;9058;6518;1901564;71704;1901566;1901576;44267;19538;43170;44238;44260;34645;9059;10467;3735;5198;3674;44822;3723;3676;1901363;5488;97159;16020	4606	6247	4929.5	5253	7245.5	3114.5	7947.5	8743	8856.5	8934.5	6173.5	5464.5	3084.5	1800.5	2702.5	5325.5	1155.5	1888	2607	6064.5	4103	4423	4603.5	4291.5	91283	4564.15
ORTHO002262	ATP-dependent caseinolytic (Clp) protease/crotonase family protein	AT3G60510;AT4G31810	8233;16787;3824;3674;8152;8150;6508;19538;43170;71704;44238;5739;43231;43227;43226;5575;43229;44424;44464;5623;5622;44444;5737;3860;16289;16790;16788;6635;9062;44242;16042;44712;9056;44710;44699;6629;1901575;44255;44763;9987;44237;44248;72329;46395;16054;44282;44281;6082;19752;43436;32787;6631;19395;34440;30258;55114	4607	3128	3269.5	1932	4356	4598.5	859	397	8968	2996.5	1810	998	5740	3815.5	4462	6712.5	494	3949	4263.5	247	5170.5	4525.5	5171.5	6949.5	72127.5	3.606.375
ORTHO004215	Transducin/WD40 repeat-like superfamily protein	AT5G03450	5634;43231;43227;43226;5575;43229;44424;44464;5623;5622;8270;46914;46872;43169;43167;5488;3674	4608	4910	6103	7598	2982.5	1089	2032.5	6428.5	1481	6825	6912.5	7997	6895.5	1800.5	5596.5	6712.5	6925.5	3949	7509	7408.5	5170.5	6813.5	7048.5	6949.5	105544.5	5.277.225
ORTHO008787	unknown protein	AT1G80940	3674;5634;43231;43227;43226;5575;43229;44424;44464;5623;5622;8150	4609	3675	5760	6911	2097	8518.5	3224.5	6906	7831	5201.5	7199	4841.5	3492.5	6434	6867.5	7782	400	4507	394	7194	4445	6129	6709	2699.5	100775.5	5.038.775
ORTHO009639	translocase inner membrane subunit 8	AT5G50810	5743;19866;31090;16020;5575;44422;43226;43227;44424;44464;5623;5622;31967;31975;44446;43229;31966;44429;44444;5737;5739;43231;5740;6626;1902580;51641;51179;8150;1902578;44699;6605;6886;15031;45184;51234;8104;33036;71702;6810;46907;51649;34613;70727;1902582;44765;16482;70585;33365;6839;72655;72594;7005;6996;16043;71840;9987;9507;9536;71806;55085;44763;5758;31970;31974;15450;15405;15399;22804;22857;5215;3674;8320;8565;22892;22884;22891;46872;43169;43167;5488	4610	6660	6292	7974	5748	7583.5	3628.5	7192	3668.5	5757	3917	2131	1352	8616.5	9008.5	5325.5	8483	5992	8173	8956	2400	6920	1573	8159	108836	5441.8
ORTHO008439	pentatricopeptide (PPR) repeat-containing protein	AT1G19520	10197;741;48284;6996;16043;71840;8150;9987;6997;9559;30154;48869;44767;32502;44699;44763;9561;44707;32501;9553;48229;7275;48856;5739;43231;43227;43226;5575;43229;44424;44464;5623;5622;44444;5737;9507;9536	4611	3676	6756	8901	4356	8460	8602.5	8863.5	8808.5	5230	3526	5631.5	1352	5175	551	6712.5	1048	7967.5	9031	9155.5	8967.5	9100.5	9065.5	8159	125407	6270.35
ORTHO003191	BSD domain-containing protein	AT1G26300;AT1G69030	5575;3674;8150;5634;43231;43227;43226;43229;44424;44464;5623;5622	4612	7816	4522.75	4433.5	6664	5090	3224.5	4826.5	6124	3928	7040	3578.5	5338.5	906.5	2396.5	5325.5	7860.5	1780	7281	6001	5779	1407.5	1289.5	7860.5	87037.5	4.351.875
ORTHO007216	Plant protein of unknown function (DUF936)	AT3G14170	9507;9536;43231;43227;43226;5575;43229;44424;44464;5623;5622;44444;5737;3674;8150	4613	4504	5630.5	6648	2982.5	6946	2080	6741	8564	2284	6763.5	998	6895.5	1800.5	5523	6712.5	400	3750.5	7435.5	8590.5	5061.5	4780.5	6854	6949.5	99130	4956.5
ORTHO001447_2	Metallopeptidase M24 family protein	AT3G05350	9570;9532;44435;44444;44424;44464;5575;5623;5622;5737;44446;44422;43226;43229;9536;43231;43227;44434;9507;6508;19538;43170;71704;8152;8150;44238;46872;43169;43167;5488;3674;4177;8238;70011;8233;16787;3824	4614	3577	4037	3460	4356	1089	5410	6906	5221.5	2353	1312.5	907	5740	3815.5	5254.5	6712.5	4346.5	3949	4328.5	4012.5	5422.5	4970.5	7156	2850	81757	4087.85
ORTHO006209	predicted to encode subunit 6 of mitochondrial complex II and to participate in the respiratory chain	AT1G08480	5773;43231;43227;43226;5575;43229;44424;44464;5623;5622;44444;5737;5749;45283;98803;98796;43234;32991;44425;16020;70469;45273;98800;98798;44429;44446;44422;5739;44455;31966;31090;5740;31967;31975;5743;19866;45257;45281;1990204;1902494;5746;6099;6101;72350;19752;43436;6082;71704;8152;8150;44281;44710;44699;44763;9987;44237;44238;9060;45333;15980;6091;55114;5774;44437;98588;98805;9536;3674	4615	4563	6073.5	7532	2982.5	1658.5	7562.5	7084	2828	2340	8095	4309	7498	8316	7999	5325.5	5457.5	4673.5	5502	5160	5637	5376	2808	7453	105082.5	5.254.125
ORTHO004863	translocase of outer membrane 22-V	AT5G43970	5774;44437;44444;44424;44464;5575;5623;5622;5737;44446;44422;43226;43229;5773;43231;43227;98588;31090;16020;98805;45040;7008;7006;44802;61024;16043;71840;8150;9987;44763;44699;1902589;6996;7005;16482;46907;6810;51234;51179;51649;51641;70585;33365;34613;70727;33036;8104;90151;90150;45184;72657;1902580;1902578;72655;72594;1990542;6839;1902582;44765;55085;44743;17038;15031;71702;65002;6886;71806;6626;6605;5739;30150;31307;31306;98573;31300;31224;44425;44455;44429;31966;5740;31967;31975;5741;31968;19867;32592;31301;16021;5742;98799;98796;43234;32991;98798;15450;15405;15399;22804;22857;5215;3674;8320;8565;22892;22884;22891;15266;15267;22803;9536	4616	8706	6160	7704	8795.5	3824	5930	9160.5	7455	8934.5	4926	7179.5	1352	6332.5	6537	9043.5	1724	9158	8217.5	3721.5	4445	642	4065	3771.5	106419	5320.95
ORTHO007833	Pentatricopeptide repeat (PPR) superfamily protein	AT2G13600	5739;43231;43227;43226;5575;43229;44424;44464;5623;5622;44444;5737;10182;9756;7165;50794;50789;65007;8150;51716;9987;50896;7154;44763;44699;44700;23052;71322;71310;10033;42221;70887;1901701;1901700;9743;3674;80156;16556;9451;16070;44260;43170;71704;8152;44237;90304;6139;46483;6725;1901360;34641;6807;44238;43412;16071;1900864;959	4617	2060	3478.5	2340	4356	4496	512	279.5	8826	4249	4583	7223	1352	4486	5969	6712.5	1221.5	8592	6109.5	1268.5	2098.5	1695	3795.5	1371.5	74840	3742
ORTHO006594	RAB GTPase 11C	AT1G09630	5525;35639;1901265;1901363;5488;3674;97159;43168;43167;32550;32549;1882;36094;97367;1883;32561;19001;17076;166;32555;32553;5794;43231;43227;43226;5575;43229;44424;44464;5623;5622;44444;5737;12505;10008;98588;31090;16020;44422;44440;44446;5768;98805;5886;71944;910;22402;44763;9987;8150;44699;7049;51301;9504;5829	4618	796	3590.5	2563	672.5	3788.5	162.5	3450	3404.5	210.5	8514	7471	1352	6004.5	4705.5	797.5	3891.5	8544.5	1807.5	1698.5	2761	8454	8405	1061.5	76484	3824.2
ORTHO008300	nuclear pore complex protein-related	AT5G05680	6611;6886;15031;45184;51234;51179;8150;8104;33036;71702;6810;46907;51649;51641;34613;70727;51168;6913;16482;51169;1902582;44765;1902578;44699;5643;44428;44446;44422;5575;43226;44424;44464;5623;5622;43229;5634;43231;43227;5635;31967;31975;12505;56;54;71428;71426;71166;1902580;33753;33750;51640;51656;42254;22613;44085;71840;6406;6405;50658;50657;15931;71705;51236;6403;51028;10467;43170;71704;8152;71427;9627;9814;98542;6952;6950;50896;51707;43207;9605;9607;51704;45087;6955;2376;5515;5488;3674;5215;55;6606;17038;34504;33365;1902593;51170;72594;44744;6605	4619	3581	6512.5	8406	4356	7780	2328.5	2185	7978	3967	8314	1954	7031	6971	7258.5	7782	6162	6505.5	7712	8721.5	1257.5	7637.5	8436	4016	113997	5699.85
ORTHO000536_1	Class II aminoacyl-tRNA and biotin synthetases superfamily protein	AT4G17300	9570;9532;44435;44444;44424;44464;5575;5623;5622;5737;44446;44422;43226;43229;9536;43231;43227;44434;9507;3677;3676;1901363;5488;3674;97159;5524;35639;1901265;43168;43167;32559;30554;17076;166;36094;32555;32553;97367;32550;32549;1882;1883;6421;6418;43039;6399;34660;16070;44260;43170;71704;8152;8150;44237;9987;90304;6139;46483;6725;1901360;34641;6807;44238;43038;6520;1901564;19752;43436;6082;44281;44710;44699;44763;6412;43043;43604;43603;44271;44249;9058;6518;1901566;1901576;44267;19538;34645;9059;10467;4816;4812;16876;16875;16874;3824;5739;48481;3006;32502;22414;48856;35670;48608;61458;48731;7275;44767;44707;32501;48440;48827;48367;48437;44702;48569;48513;9908;90567;9791;48467;48438	4620	3684	5327	6034	2097	1089	1881	1709	7748	2630.5	7594	8038	1352	3815.5	5034.5	6712.5	8446.5	4253	4715	7747	6696	5308.5	7554.5	3103.5	95428	4771.4
ORTHO005988	alpha/beta-Hydrolases superfamily protein	AT4G33180;AT5G21950	16787;3824;3674;8152;8150;9507;9536;43231;43227;43226;5575;43229;44424;44464;5623;5622;44444;5737	4621	5000	2794.5	968	5938.5	900	6309	3434	1328.5	7916.5	3136.5	3578.5	1352	3283.5	4705.5	3976.5	1827.5	3949	231	1320	5903.5	1466	1615	5601	61833.5	3.091.675
ORTHO008476	FKBP-like peptidyl-prolyl cis-trans isomerase family protein	AT1G26550	5575;16853;3824;3674;8152;8150	4622	4316	6554	8486	5938.5	7390	3863.5	2392	8705	3267	2992.5	2729	6617.5	6764.5	8061.5	7782	5561	5221.5	6265.5	8214	6696	7215.5	8115.5	7721.5	115575	5778.75
ORTHO008627	ARM repeat superfamily protein	AT4G27640	59;43623;6461;65003;43933;16043;71840;8150;9987;22607;44085;71822;70271;34622;6606;17038;15031;45184;51234;51179;8104;33036;71702;6810;44765;1902578;44699;6886;46907;51649;51641;34613;70727;34504;33365;1902580;1902593;1902582;51170;6913;16482;51169;72594;44744;6605;8139;5048;42277;33218;5488;3674;34399;44428;44446;44422;5575;43226;44424;44464;5623;5622;43229;5634;43231;43227;31981;70013;43233;31974;31965;31090;16020;5635;31967;31975;12505;60;6607;8565;22892;5215;5829;44444;5737;6610;5643	4623	3686	6085.5	7548	2097	1777	3129.5	7084	2760.5	6621	7999	3983	6513.5	6764.5	6969.5	7782	965	5626	5502	8077	5265	6991	7946.5	3447.5	105203.5	5.260.175
ORTHO008315	unknown protein	AT5G24130	3674;5739;43231;43227;43226;5575;43229;44424;44464;5623;5622;44444;5737;8150	4624	2941	4259.5	3895	4356	3184	5026.5	2322	3366.5	2455.5	3269.5	5823	8205.5	5238.5	1109.5	1606	7337.5	7028	2742.5	4848	2343	7683.5	5586.5	5007.5	84183	4209.15
ORTHO005725	NHL domain-containing protein	AT2G01410	5774;44437;44444;44424;44464;5575;5623;5622;5737;44446;44422;43226;43229;5773;43231;43227;98588;31090;16020;98805;5783;12505;5886;71944;3674;8150	4625	4571	4197	3769	2982.5	1089	2328.5	6142.5	7183.5	2425	6763.5	1198.5	1352	1800.5	5413.5	3976.5	3958.5	3121	7042	8397.5	4668.5	3955.5	6040	6553	83409	4170.45
ORTHO002554	Leucine-rich repeat protein kinase family protein	AT1G74360	4674;4672;16301;16772;16740;3824;3674;8152;8150;16310;6796;6793;44237;9987;16773;6468;6464;36211;19538;43170;71704;44238;43412;44267;44260;5524;35639;1901265;1901363;5488;97159;43168;43167;32559;30554;17076;166;36094;32555;32553;97367;32550;32549;1882;1883;5886;16020;5575;44464;5623;71944;7169;7167;7166;7165;50794;50789;65007;51716;50896;7154;44763;44699;44700;23052;5739;43231;43227;43226;43229;44424;5622;44444;5737	4626	5486	6667.5	8709	2982.5	6529	5303	6428.5	4014	6825	3639.5	5903.5	6895.5	8072	7667.5	7782	2620.5	5221.5	7831	6322.5	8153	7087	6989	6883	120167	6008.35
ORTHO008302	TLD-domain containing nucleolar protein	AT5G39590	5634;43231;43227;43226;5575;43229;44424;44464;5623;5622;3674	4627	2842.5	2901	1175	4356	6810	5521	2044	867	8934.5	3989.5	1070.5	1352	8811.5	5937	2476	400	4673.5	1612.5	4131	394.5	1068	1498	3103.5	64694	3234.7
ORTHO002087	Protein kinase superfamily protein	AT3G27560;AT5G40540;AT5G50180	6468;16310;6796;6793;44237;8152;8150;9987;6464;36211;19538;43170;71704;44238;43412;44267;44260;10053;90627;30154;48869;44767;32502;44699;44763;10015;9653;48856;48364;48513;48731;7275;44707;32501;22622;90558;9888;16301;16772;16740;3824;3674;4674;4672;16773;18108;18212;18193;4713;4712;5524;35639;1901265;1901363;5488;97159;43168;43167;32559;30554;17076;166;36094;32555;32553;97367;32550;32549;1882;1883;5634;43231;43227;43226;5575;43229;44424;44464;5623;5622;5739;44444;5737	4628	8303	4853.5	5079	8320.5	7116	7239	3021	5258	8535.5	5973.5	6055	4444	1184.5	1616	8358	2880.5	663.5	5589.5	6632	2533.5	1310	3675	8367.5	90452	4522.6
ORTHO003996	P-loop containing nucleoside triphosphate hydrolases superfamily protein	AT1G28180;AT2G33730	5634;43231;43227;43226;5575;43229;44424;44464;5623;5622;8026;42623;16887;17111;16462;16818;16817;16787;3824;3674;8152;8150;70035;4386;5737	4629	6328	6304.5	7980	7245.5	7116	8552.5	6142.5	5028	2770	1981	2255.5	8519	2711.5	4842.5	5325.5	6409	4154.5	7042	8320	7386	6266	6854	7190.5	108866	5443.3
ORTHO008123	Pectin lyase-like superfamily protein	AT5G47500	9505;5618;30312;44464;5575;5623;71944;45490;272;5976;5975;71704;8152;8150;44238;43170;16052;1901575;9056;9057;45488;10393;5576;42545;71555;45229;16043;71840;9987;71554;45330;16788;16787;3824;3674;30599;52689	4630	5827	5187	5744	6534	5621	3513	5813.5	5994	7247	2290	3422.5	1352	1800.5	4705.5	3976.5	5864.5	3580	6531	7871	6180.5	5924	6040	6057.5	93784	4689.2
ORTHO004831	Tim10/DDP family zinc finger protein	AT3G46560	5739;43231;43227;43226;5575;43229;44424;44464;5623;5622;44444;5737;45039;7007;7006;44802;61024;16043;71840;8150;9987;44763;44699;1902589;6996;7005;16482;46907;6810;51234;51179;51649;51641;70585;33365;34613;70727;33036;8104;90151;90150;45184;72657;1902580;1902578;72655;72594;1990542;6839;1902582;44765;55085;44743;17038;15031;71702;65002;6886;71806;6626;6605;5743;19866;31090;16020;44422;31967;31975;44446;31966;44429;5740;9793;44702;22414;3006;32502;9790;44767;48856;7275;44707;32501;48316;48608;61458;48731;9791;10154;5758;31970;31974;42721;98800;98796;43234;32991;44425;98798;44455;8565;22892;5215;3674;42719;1990351;72321;15450;15405;15399;22804;22857;8320;22884;22891;5515;5488	4631	5384	6124	7617	6358.5	2005.5	8499.5	5957	5994	5608	7734.5	6929	3605.5	4206	5788.5	6712.5	763	3949	6700.5	6467.5	6180.5	6077	6282.5	6210	105670	5283.5
ORTHO006132	Protein-tyrosine phosphatase-like; PTPLA	AT5G10480	9923;98796;43234;32991;5575;44425;16020;44432;44444;44424;44464;5623;5622;5737;44446;44422;43226;43229;5783;43231;43227;12505;1990234;1902494;5789;98588;31090;42175;48640;45926;48519;50789;65007;8150;40008;51093;50793;48638;16021;31224;42761;6633;72330;46394;16053;6082;71704;8152;44281;44710;44699;44763;9987;44237;44283;44711;9058;1901576;44249;19752;43436;32787;6631;44255;6629;44238;8610;38;80023;16836;16835;16829;3824;3674;51302;50794;50732;1933;42326;42325;19220;51174;31323;19222;45936;10563;31324;48523;9892;1932;31399;32268;51246;80090;60255;31400;32269;51248;10605;50730;5739;7275;44767;32502;44707;32501;5634;4725;4721;16791;42578;16788;16787;16311;6796;6793;6470;6464;36211;19538;43170;43412;44267;44260;35335;30154;48869;5829	4632	6057	4531	4430	5552	3375	4118.5	2614.5	4953	4136	7382.5	6908.5	5740	1800.5	4233.5	3976.5	831.5	3121	1423.5	8077	7709	5603	5407	5601	87011.5	4.350.575
ORTHO005674	Ribosomal protein L13 family protein	AT3G01790	6412;43043;43604;43603;34641;6807;8152;8150;44237;9987;44271;44249;9058;6518;1901564;71704;1901566;1901576;44267;19538;43170;44238;44260;34645;9059;10467;15934;44391;30529;32991;5575;44424;44464;5623;5622;44444;5737;44446;44422;43226;43229;5840;43232;43228;5762;44429;5739;43231;43227;315;313;5761;5759;70013;43233;31974;3735;5198;3674;9507;9536;3729;44822;3723;3676;1901363;5488;97159	4633	2492	4090	3547	1689.5	1500	822.5	4312	1042.5	334.5	8984.5	4239	3960.5	7387.5	7195	7782	1396.5	5992	5220.5	1043.5	5061.5	6266	5762.5	3920	82222.5	4.111.125
ORTHO001601	MATE efflux family protein	AT2G21340;AT4G39030	31969;42170;31090;16020;5575;44422;43226;43227;44435;44444;44424;44464;5623;5622;5737;44446;43229;9536;43231;9526;31967;31975;44434;9507;9941;15238;22857;5215;3674;6810;51234;51179;8150;55085;44763;9987;44699;44765;1902578;90484;15893;42493;42221;50896;6855;5886;71944;16021;31224;44425;15297;15291;22804;6952;6950;9697;72330;46394;16053;6082;71704;8152;44281;44710;44237;44283;44711;9058;1901576;44249;19752;43436;32787;9696;42537;6725;1901360;18958;1901615;46189;19438;1901617;1901362;42742;9617;51707;43207;9605;9607;51704;98542;5739;9751;14070;10033;1101;1901700;9624;31348;31347;80134;48583;50789;65007;48585;48519;45087;6955;2376	4634	4626	4782	4930	5238	6850	5430	3680	8847.5	8647.5	4086	5150	7189	5625.5	1292	2914	7733.5	6085	2868	832	2199	6859.5	1498	1906.5	89693	4484.65
ORTHO005166	Transport protein particle (TRAPP) component	AT5G54750	16192;6810;51234;51179;8150;6888;16482;46907;51649;51641;48193;1902582;44765;1902578;44699;5623;5575;3674;5794;43231;43227;43226;43229;44424;44464;5622;44444;5737;12505	4635	4209	6173.5	7712	2982.5	2097.5	605.5	8296.5	8656.5	3476	3831.5	5150	1352	5689	988	3976.5	7506.5	7408	8694.5	3899.5	8400	8763	8869	8828.5	106488	5324.4
ORTHO006813	S-adenosyl-L-methionine-dependent methyltransferases superfamily protein	AT1G66680	5737;44424;44464;5575;5623;5622;5829;44444;5634;43231;43227;43226;43229;8168;16741;16740;3824;3674;8152;8150;32259	4636	1966	4098.5	3561	4356	1329	7006	9000	2592	7862.5	3989.5	5231.5	8605	5350.5	1063	1606	1711.5	7471.5	1719	1811	436	8165	3832.5	3501.5	82283	4114.15
ORTHO007031	imidazoleglycerol-phosphate dehydratase	AT3G22425;AT4G14910	46872;43169;43167;5488;3674;4424;16836;16835;16829;3824;8152;8150;9507;9536;43231;43227;43226;5575;43229;44424;44464;5623;5622;44444;5737;105;19438;6725;44237;9987;44249;9058;6547;1901605;6520;1901564;71704;6807;19752;43436;6082;44281;44710;44699;44763;44238;52803;46483;1901360;34641;1901607;8652;46394;16053;44283;44711;1901576;1901566;18130;1901362	4637	5339	3364.5	2092	2982.5	3406.5	5303	5568.5	6712.5	2591.5	2809.5	3808	5740	1800.5	3936.5	3976.5	5108	1780	1335	3331	864.5	5308.5	4586	5222.5	73188.5	3.659.425
ORTHO008584	BTB/POZ domain-containing protein	AT5G59140	5829;44444;44424;44464;5575;5623;5622;5737;5634;43231;43227;43226;43229	4638	5504	3384.25	2130.5	6478.5	1594	6265.5	3803	2828	8934.5	3596.5	7924.5	3339.5	3374	3521.5	5325.5	5281.5	3121	4968.5	2610.5	316.5	1613	700.5	4291.5	73409.5	3.670.475
ORTHO006910	dicarboxylate transporter 1	AT5G12860	9534;31976;9579;44424;44464;5575;5623;5622;31984;44446;44422;43226;43229;43227;44435;44444;5737;9536;43231;44434;9507;16020;9941;9526;31967;31975;19676;6536;43648;19752;43436;6082;71704;8152;8150;44281;44710;44699;44763;9987;44237;9064;1901605;6520;1901564;6807;44238;6541;1902356;1903825;15849;44765;6810;51234;51179;1902578;71702;55085;15729;15740;6835;46942;15711;6820;6811;98656;34220;9624;51707;43207;9605;50896;9607;51704;15140;15556;5310;46943;8514;8509;15075;22891;22857;5215;3674;22892;5342;71423;15743;16021;31224;44425;15139;15742;15131;15367;15301;15297;15291;22804;6499;6498;6497;6464;36211;19538;43170;43412;44267;44260;42158;42157;34645;9059;1901576;9058;44249;31365;18377;43543;5739	4639	4805	4342	4045	2982.5	6313	4341	6142.5	7046.5	3610	1981	1198.5	6513.5	310.5	5034.5	6075	3836.5	3121	3691	5126.5	4668.5	3609.5	5902.5	6553	85074.5	4.253.725
ORTHO002005	DNA topoisomerase I alpha	AT5G55300;AT5G55310	5634;43231;43227;43226;5575;43229;44424;44464;5623;5622;3917;3916;16853;3824;3674;8152;8150;48645;44767;32502;44699;48646;9653;48856;9887;48513;48731;7275;44707;32501;10016;48367;6338;16568;6325;43933;16043;71840;9987;51276;6996;3918;8094;42623;16887;17111;16462;16818;16817;16787;61505;31490;3682;44877;5488;43566;3677;3676;1901363;97159;9933;48532;48507;9888;19827;98727;5515;6259;44260;43170;71704;44237;90304;6139;46483;6725;1901360;34641;6807;44238;6265;71103;9965;48366;48827;10075;48509;2000026;50793;50789;65007;51239;48638;40008;10073;48439;3006;22414;9886;9791;9908;90567;48608;61458;44702;9793;9790;48316;10154;16020	4640	4791	2796.5	953	1551	3232	4835.5	4077.5	5221.5	5212	5325.5	1374.5	4244	4206	5886	2914	2905.5	1425.5	1118.5	4687	3074.5	688.5	568.5	586.5	61583	3079.15
ORTHO006539	Tic22-like family protein	AT5G62650	5575;3674;8150	4641	3414	6265.25	7889.5	4356	732	6688	7084	3534	8535.5	4684	6998.5	8519	5445	934	6712.5	1879.5	8080	2419.5	3208	8935.5	8604	8551.5	6456	108000.5	5.400.025
ORTHO003644	Transducin/WD40 repeat-like superfamily protein	AT4G18900;AT4G18905;AT4G35370	8150;166;36094;5488;3674;1901265;1901363;97159;5634;43231;43227;43226;5575;43229;44424;44464;5623;5622;5737	4642	1886	5087	5532	4356	8518.5	6560.5	3038.5	702.5	6733	4317	6629	8675.5	5258.5	841.5	1429.5	1605.5	8278	2207	3013.5	2874	8510	8952	4586.5	92730.5	4.636.525
ORTHO006741	serine acetyltransferase 1	AT5G56760	5829;44444;44424;44464;5575;5623;5622;5737;6535;19344;97;96;6790;44237;8152;8150;9987;6520;1901564;71704;6807;19752;43436;6082;44281;44710;44699;44763;44238;44272;44249;9058;8652;46394;16053;44283;44711;1901576;1901566;6534;9069;1901605;9070;1901607;6563;9001;16413;16407;16747;16746;16740;3824;3674;8374;16412	4643	7104	5299	5955	6194	6227.5	7963	4734	5484	7722.5	2809.5	8311	7121	2711.5	2702.5	3976.5	1221.5	1780	5027.5	7463	5265	3453.5	6538.5	4541	95053	4752.65
ORTHO006571	S1FA-like DNA-binding protein	AT2G37120	5634;43231;43227;43226;5575;43229;44424;44464;5623;5622;3677;3676;1901363;5488;3674;97159;6355;1903506;2001141;31326;9889;19222;50789;65007;8150;31323;50794;51252;19219;80090;51171;60255;10556;10468;2000112;6351;34645;44260;43170;71704;8152;44237;9987;9059;1901576;9058;44249;97659;32774;16070;90304;6139;46483;6725;1901360;34641;6807;44238;34654;19438;44271;18130;1901362;10467	4644	7285	6187.5	7731	7947.5	6149	5486.5	5302.5	7691.5	2081	7886	8693.5	8094	2711.5	4462	8358	1734.5	3121	6835.5	4586	7489.5	4423	5617	5913	106635	5331.75
ORTHO002767	BON association protein 2	AT2G45760	3674;16020;5575;8150	4645	5884	6247.5	7850	5552	6529	4457	6323	2940	4693.5	3526	5667	6895.5	8072	7667.5	5325.5	1873	4809.5	7353.5	8478	6810.5	6182.5	2770	7315.5	107688.5	5.384.425
ORTHO004792	glycerol-3-phosphate acyltransferase 9	AT5G60620	5783;43231;43227;43226;5575;43229;44424;44464;5623;5622;44444;5737;12505;16020;19432;46463;46460;6638;44255;6629;71704;8152;8150;44710;44699;44238;44763;9987;44237;8610;1901576;9058;44711;44249;6639;46486;45017;6641;4366;8374;16747;16746;16740;3824;3674;6651;46339;5886;71944;5634	4646	4189	3606.5	2567	2982.5	961.5	2414	6864	522.5	930.5	7734.5	679.5	1352	4134.5	5254.5	3976.5	269	4326.5	4864	8077	6908	6266	7729.5	3238	76502	3825.1
ORTHO007886	UDP-glucose pyrophosphorylase 3	AT3G56040	9507;9536;43231;43227;43226;5575;43229;44424;44464;5623;5622;44444;5737;5829	4647	3537	6724.5	8802	4356	2128	3224.5	8726.5	2505.5	2443	8934.5	5053	8898	5223.5	599	6712.5	7758	7801.5	8930	9145.5	8850	8989.5	9022.5	7721.5	122666.5	6.133.325
ORTHO003617	Thioesterase superfamily protein	AT2G22230;AT5G10160	9507;9536;43231;43227;43226;5575;43229;44424;44464;5623;5622;44444;5737;9534;31976;9579;31984;44446;44422;44435;44434;5618;30312;71944;19171;16836;16835;16829;3824;3674;8152;8150;9817;9814;98542;6952;6950;50896;51707;43207;9605;9607;51704;45087;6955;2376;50832;9620;6633;72330;46394;16053;6082;71704;44281;44710;44699;44763;9987;44237;44283;44711;9058;1901576;44249;19752;43436;32787;6631;44255;6629;44238;8610;47450;9941;9526;31967;31975;16020	4648	5754	5074.5	5501	6534	1777	8400	3003.5	2979	8231.5	3749	5741.5	1352	9013	7999	5325.5	1873	4154.5	6185.5	3108	7254	5789.5	2311	4291.5	92538	4626.9
ORTHO005361	alpha/beta-Hydrolases superfamily protein	AT1G77420	16298;16788;16787;3824;3674;8152;8150;16020;5575;6629;71704;44710;44699;44238	4649	5458	5953	7257	2982.5	6529	8450	6142.5	2069	4127	1483.5	3218	6617.5	1800.5	5413.5	3976.5	6409	3949	7509	8320	7386	6266	6854	6553	103073	5153.65
ORTHO005516	Ribosomal protein L20	AT1G16740	6412;43043;43604;43603;34641;6807;8152;8150;44237;9987;44271;44249;9058;6518;1901564;71704;1901566;1901576;44267;19538;43170;44238;44260;34645;9059;10467;3735;5198;3674;5840;30529;32991;5575;44424;44464;5623;5622;43232;43228;43226;43229;44444;5737;19843;3723;3676;1901363;5488;97159;9507;9536;43231;43227;42254;22613;44085;71840	4650	5873	3663.5	2677	2982.5	4022	5205.5	2460.5	4387	4476	2129.5	2343.5	1352	3283.5	5034.5	3976.5	2889	3580	4263.5	5303	6578.5	5603	3504.5	6801.5	77193.5	3.859.675
ORTHO003767	saposin B domain-containing protein	AT3G51730	5773;43231;43227;43226;5575;43229;44424;44464;5623;5622;44444;5737;8047;30234;98772;3674;50790;19222;50789;65007;8150;65009;43085;44093;9893;48518;1664;5102;5515;5488	4651	3162	3068	1485	2097	3232	6976	6428.5	7046.5	3785.5	1144	3872	4865.5	3815.5	2163.5	1606	3682	4747.5	122.5	2409.5	3478.5	3222.5	3457	2046	68100.5	3.405.025
ORTHO004176	carboxyl terminus of HSC70-interacting protein	AT3G07370	16874;3824;3674;8152;8150;51087;5515;5488;9651;6970;9628;50896;6950;4842;19787;16740;16567;32446;70647;6464;36211;19538;43170;71704;44238;43412;44267;44260;44237;9987;5737;44424;44464;5575;5623;5622;9266;9737;9725;9719;10033;42221;33993;97305;1901700;1101	4652	5604	3593.5	2535	5238	4865.5	4457	2876.5	4705.5	3764.5	2402	8272.5	3521	3497	6054.5	2080.5	7943.5	1386	3977	5277	4023	1656	4065	1506	76330	3816.5
ORTHO003185	Gibberellin-regulated family protein	AT1G74670;AT5G15230	9740;10476;9755;7165;50794;50789;65007;8150;51716;9987;50896;7154;44763;44699;44700;23052;32870;9725;9719;10033;42221;71495;71310;70887;71370;9739;33993;1101;1901700;71396;71229;1901701;5576;5575;80167;9628;9750;9746;34284;9743;9749;9744;34285;3674;5623;45454;19725;42592;65008	4653	7971	5664.5	6676	6857.5	6707.5	7600	7762	5484	4485	8232.5	4239	5338.5	906.5	2396.5	5325.5	4548.5	1780	7197.5	7576.5	5422.5	2677	3726	7860.5	99265.5	4.963.275
ORTHO004845	PRA1 (Prenylated rab acceptor) family protein	AT1G55190;AT3G13710;AT3G13720	5774;44437;44444;44424;44464;5575;5623;5622;5737;44446;44422;43226;43229;5773;43231;43227;98588;31090;16020;98805;10008;44440;5768;12505;5794;16192;6810;51234;51179;8150;16021;31224;44425;9507;9536;5783;3674;5789;44432;42175	4654	8957	6400.75	8147.5	8884	7583.5	9023.5	2750.5	4645.5	6213.5	8167.5	2197	3017	401	5718	8737.5	6752	286	8782	7080	8300	4067	7818	8980.5	110520	5526
ORTHO002977	winged-helix DNA-binding transcription factor family protein	AT2G30620	3677;3676;1901363;5488;3674;97159;5634;43231;43227;43226;5575;43229;44424;44464;5623;5622;5730;44428;44446;44422;43232;43228;31981;70013;43233;31974;786;44427;5694;44815;43234;32991;32993;785;6334;65004;71824;43933;16043;71840;8150;9987;34622;65003;22607;44085;34728;6325;51276;6996;71822;6461;70271;31497;6333;6323;71103;5739;44444;5737	4655	7832	4478	4301	8202.5	7169.5	4785	5121.5	2301	6524	8566	2553.5	5740	906.5	3721.5	5325.5	101	3121	6265.5	6148	6696	1735	1275.5	8332.5	86388.5	4.319.425
ORTHO003359	Cytochrome c oxidase subunit Vc family protein	AT5G61310	4129;15002;16491;3824;3674;8152;8150;55114;44710;44699;15078;15077;22890;8324;15075;22891;22857;5215;6810;51234;51179;55085;44763;9987;44765;1902578;22892;34220;6811;98655;6812;15672;1902600;15992;6818;98662;98660;9055;16676;16675;5739;43231;43227;43226;5575;43229;44424;44464;5623;5622;44444;5737;16021;31224;44425;16020;5746;44455;44429;44446;44422;31966;31090;5740;31967;31975;70469;5743;19866	4656	7683	3975.5	3295	8259	8077	605.5	4424	4551	7125	5873	6327.5	6227	3283.5	1354.5	8358	3426.5	1494	4113.5	2665	3870	1566.5	4100.5	3383	80825	4041.25
ORTHO001967	eukaryotic translation initiation factor 4G	AT3G60240	6417;10608;10468;60255;19222;50789;65007;8150;32268;51246;80090;31323;50794;34248;51171;2000112;31326;9889;10556;6412;43043;43604;43603;34641;6807;8152;44237;9987;44271;44249;9058;6518;1901564;71704;1901566;1901576;44267;19538;43170;44238;44260;34645;9059;10467;6413;5737;44424;44464;5575;5623;5622;3743;8135;3723;3676;1901363;5488;3674;97159;9615;51707;43207;9605;50896;9607;51704;9737;9725;9719;10033;42221;33993;97305;1901700;1101;5576	4657	3832	3977.5	3298	4356	4561.5	2627.5	2185	1625	2891.5	6763.5	998	5740	3815.5	4124.5	6712.5	4252.5	3750.5	4113.5	7299	5061.5	4780.5	6854	2699.5	80855.5	4.042.775
ORTHO001535_1	STELAR K+ outward rectifier	AT3G02850;AT5G37500	15271;5249;22843;5261;5216;15075;22891;22857;5215;3674;6810;51234;51179;8150;55085;44763;9987;44699;44765;1902578;22892;34220;6811;22838;15267;22803;8324;98655;6812;5244;22832;22836;51049;32879;50789;65007;34765;34762;50794;43269;5267;15079;15077;22890;15672;46873;30001;71805;98662;98660;71804;6813;5634;43231;43227;43226;5575;43229;44424;44464;5623;5622;9737;9725;9719;50896;10033;42221;33993;97305;1901700;1101;30551;166;36094;5488;1901265;1901363;97159;9753;5515;9414;9415;9628;10035;6950;9409;9266	4658	5315	5225	5792	6194	8787	6506	6831.5	3340.5	1282.5	7594	3034.5	1352	8210.5	7804.5	6712.5	1102.5	4400	472.5	1129.5	2250	7470	7818	7997	94095	4704.75
ORTHO006885	Ribosomal protein L31	AT1G75350	9507;9536;43231;43227;43226;5575;43229;44424;44464;5623;5622;44444;5737;5840;30529;32991;43232;43228;6412;43043;43604;43603;34641;6807;8152;8150;44237;9987;44271;44249;9058;6518;1901564;71704;1901566;1901576;44267;19538;43170;44238;44260;34645;9059;10467;9941;9526;31967;31975;44446;44422;44435;44434;3735;5198;3674;9570;9532;19843;3723;3676;1901363;5488;97159;9793;44702;22414;44699;3006;32502;9790;44767;48856;7275;44707;32501;48316;48608;61458;48731;9791;10154;42254;22613;44085;71840	4659	3554	4993	5327	2097	369.5	5997.5	2796	8656.5	5964.5	7594	4566	1352	6764.5	6867.5	7782	8003	4673.5	4607.5	2765	5061.5	3222.5	1594	3005.5	91642.5	4.582.125
ORTHO008495	AGAMOUS-like 12	AT1G71692	6351;34645;44260;43170;71704;8152;8150;44237;9987;9059;1901576;9058;44249;97659;32774;16070;90304;6139;46483;6725;1901360;34641;6807;44238;34654;19438;44271;18130;1901362;10467;5634;43231;43227;43226;5575;43229;44424;44464;5623;5622;10228;3006;32502;22414;48608;48856;61458;48731;7275;44767;44699;44707;32501;9791;6355;1903506;2001141;31326;9889;19222;50789;65007;31323;50794;51252;19219;80090;51171;60255;10556;10468;2000112;3700;1071;3674;3677;3676;1901363;5488;97159;46983;5515;48364;48513;22622	4660	2912	5125	5590	2097	2672	2703	4424	8207	555.5	9044.5	1198.5	1352	7536	7432.5	7782	1914	6330	6835.5	5337	6431	6077	2740.5	4413.5	92985.5	4.649.275
ORTHO008420	Pex2/Pex12 N-terminal domain-containing protein / zinc finger (C3HC4-type RING finger) family protein	AT1G79810	6635;9062;44242;16042;44712;9056;8152;8150;44710;44699;6629;71704;44238;1901575;44255;44763;9987;44237;44248;72329;46395;16054;44282;44281;6082;19752;43436;32787;6631;19395;34440;30258;55114;9640;9639;9416;9314;9628;50896;9791;44767;32502;44707;32501;7275;6513;16567;32446;70647;6464;36211;19538;43170;43412;44267;44260;209;5778;44439;44438;44444;44424;44464;5575;5623;5622;5737;44446;44422;43226;43229;42579;43231;43227;5777;31903;98588;31090;16020;98805;5829;8270;46914;46872;43169;43167;5488;3674;9506;5911;30054;55044;16558;6625;6605;6886;15031;45184;51234;51179;8104;33036;71702;6810;46907;51649;51641;34613;70727;1902582;44765;1902578;72662;1902580;7031;6996;16043;71840;33365;1902589;16482;72663;72594;43574;44743;17038;65002;71806;55085;5515;4842;19787;16740;3824	4661	4806	4393	4125	2982.5	6313	3025	2114.5	7046.5	5757	1981	1198.5	6513.5	1800.5	5034.5	6712.5	3836.5	3121	3653	6754	4668.5	3609.5	5826.5	6553	85518.5	4.275.925
ORTHO006831	Ankyrin repeat family protein	AT5G07840;AT5G61230	8150;9567;9566;44702;22414;44699;19953;44703;51704;3;5634;43231;43227;43226;5575;43229;44424;44464;5623;5622;9553;48229;7275;44767;32502;44707;32501;48856;80173;9988;8037;44763;9987;22412;32504;5739;44444;5737	4662	4356	3864	3066	2982.5	4035.5	5770.5	6428.5	2134	2170.5	3136.5	307.5	6227	1800.5	5034.5	6712.5	6955.5	3121	2997	1960	5988	3222.5	5171.5	6379.5	79552.5	3.977.625
ORTHO004860	Eukaryotic aspartyl protease family protein	AT4G35880	31225;31224;44425;5575;16020;5576;6508;19538;43170;71704;8152;8150;44238	4663	2282	5306	5949	4356	3435.5	7857.5	4503	8577	4804	3269.5	6418.5	4114	6027	6092	2080.5	6409	6737.5	1501	4331	230.5	8566.5	8641.5	1414.5	95010	4750.5
ORTHO008356	ADP-ribosylation factor family protein	AT2G18390	5525;35639;1901265;1901363;5488;3674;97159;43168;43167;32550;32549;1882;36094;97367;1883;32561;19001;17076;166;32555;32553;3924;17111;16462;16818;16817;16787;3824;8152;8150;5794;43231;43227;43226;5575;43229;44424;44464;5623;5622;44444;5737;12505;7264;35556;7165;50794;50789;65007;51716;9987;50896;7154;44763;44699;44700;23052;9630;9606;9605;9629;9628;9558;7349;44767;32502;48646;9653;48856;7275;44707;32501;9561;9553;48229;226;7010;6996;16043;71840;1902589;7017;9793;44702;22414;3006;9790;48316;48608;61458;48731;9791;10154;9960;9888;48513;7021;43623;6461;65003;43933;22607;44085;71822;70271;34622	4664	4399	4232	3800	2982.5	8909.5	8162.5	2728	7455	8934.5	3269.5	4059.5	5740	1800.5	3521.5	6712.5	1048	1568.5	188	4473	3586.5	2433.5	4065	4898	83553.5	4.177.675
ORTHO005504	protein-l-isoaspartate methyltransferase 1	AT3G48330;AT5G50240	30091;44267;19538;43170;71704;8152;8150;44238;44260;44237;9987;6464;36211;43412;4719;8757;8168;16741;16740;3824;3674;32259;51998;8276;6479;43414;8213;10340;8171;5737;44424;44464;5575;5623;5622;5829;44444;9651;6970;9628;50896;6950;9737;9725;9719;10033;42221;33993;97305;1901700;1101;9845;44707;32501;44699;90351;9791;44767;32502;7275;7568;5634;43231;43227;43226;43229	4665	5084	4828.5	4992	2982.5	3102.5	4244.5	5957	8509.5	2770	6543	3422.5	6071.5	1800.5	5034.5	3976.5	693.5	3580	2676	5447	8153	5924	6040	6057.5	90003	4500.15
ORTHO004691	Vps52 / Sac2 family	AT1G71270;AT1G71300	139;98588;31090;16020;5575;44422;43226;43227;44431;44444;44424;44464;5623;5622;5737;44446;43229;5794;43231;12505;938;43234;32991;44433;31410;31982;16023;31988;9860;44702;22414;8150;44699;904;902;32989;16043;71840;9987;9653;32502;48856;48869;44767;44763;48468;30154;3006;48588;48589;40007;16049;9932;9826;60560;48868;9856;44703;51704;44706;32501;5515;5488;3674;19953;3;10008;44440;5768;98805;15031;45184;51234;51179;8104;33036;71702;6810;5886;71944	4666	2888	4057.5	3449	4356	8937	7468	336	1430.5	5063.5	2809.5	6440	1352	8954	6192.5	2476	737	1568.5	1399	2713.5	1211.5	8840	8737	5041.5	81707	4085.35
ORTHO005329	CONTAINS InterPro DOMAIN/s: Prefoldin (InterPro:IPR009053)	AT4G31570	5737;44424;44464;5575;5623;5622;8150;9506;5911;30054;55044;3674	4667	4993	5817.5	6968	5938.5	1089	8523	6741	5144	1462	1312.5	8370.5	6895.5	2711.5	5596.5	6712.5	4252.5	3949	4205.5	7299	8153	4873	6854	6949.5	101093.5	5.054.675
ORTHO006823	alpha-1;3-mannosyl-glycoprotein beta-1;2-N-acetylglucosaminyltransferase; putative	AT4G38240	5794;43231;43227;43226;5575;43229;44424;44464;5623;5622;44444;5737;12505;139;98588;31090;16020;44422;44431;44446;6972;6970;9628;50896;8150;6950;16262;8375;8194;16757;16740;3824;3674;8152;16758;5802;98791;31984;6491;9311;44723;5975;71704;44238;44710;44699;6487;6486;44763;9987;6464;36211;19538;43170;43412;44267;44260;44237;43413;70085;9101;9100;1901135;34645;9059;1901576;9058;44249;1901137;16021;31224;44425;5768;46872;43169;43167;5488;3827	4668	2822	3984.5	3301	4356	3205.5	5825	7637	1545.5	8934.5	4982	5741.5	1352	5564	1109.5	1830	9001.5	8570.5	3597	2059.5	3131	530	646.5	5601	80863.5	4.043.175
ORTHO008152	cystathionine beta-lyase	AT3G57050	9507;9536;43231;43227;43226;5575;43229;44424;44464;5623;5622;44444;5737;30170;1901363;5488;3674;97159;48037;43168;43167;19279;9092;9069;1901605;6520;1901564;71704;8152;8150;6807;19752;43436;6082;44281;44710;44699;44763;9987;44237;44238;71266;71265;9086;97;96;6790;44272;44249;9058;8652;46394;16053;44283;44711;1901576;1901566;9067;9066;1901607;6555;9570;9532;44435;44446;44422;44434;4121;16846;16829;3824	4669	4269	5481.5	6294	5938.5	1089	1881	6864	7455	4851.5	7594	5931	1352	4244	5661	6712.5	8220	4326.5	4795.5	8025.5	6810.5	2608	1235	7266.5	96922.5	4.846.125
ORTHO006891	unknown protein	AT1G24560	5737;44424;44464;5575;5623;5622;8150;3674	4670	4051	5281.5	5893	2375	1227	3129.5	6906	5619	4786	3366.5	6741.5	6397.5	6764.5	7939.5	5325.5	1102.5	4507	948.5	8025.5	5170.5	6714	6709	3289.5	94669	4733.45
ORTHO007128	Rubisco methyltransferase family protein	AT5G14260	9507;9536;43231;43227;43226;5575;43229;44424;44464;5623;5622;44444;5737;9570;9532;44435;44446;44422;44434;18026;18022;18205;18193;6464;36211;19538;43170;71704;8152;8150;44238;43412;44267;44260;44237;9987;6479;43414;32259;8213;16279;16278;8170;8168;16741;16740;3824;3674;8757;8276	4671	4271	6502	8333	5938.5	8675.5	3758	8968	435	698.5	2402	4111	1352	4839	313	6075	8051	8419.5	9126	9173	9069.5	9149.5	9137	9115.5	112868	5643.4
ORTHO004646	CAP (Cysteine-rich secretory proteins; Antigen 5; and Pathogenesis-related 1 protein) superfamily protein	AT4G25790;AT4G30320;AT5G57625	3674;5576;5575;8150	4672	5733	5506	6340	6534	6529	3513	5813.5	4953	1709.5	7524	3422.5	6071.5	1800.5	4705.5	3976.5	5764.5	3580	6389	7747	5988	5789.5	5826.5	6057.5	97160.5	4.858.025
ORTHO001821	U-box domain-containing protein	AT5G15400;AT5G39400	16567;32446;70647;6464;36211;19538;43170;71704;8152;8150;44238;43412;44267;44260;44237;9987;6511;19941;51603;6508;44257;30163;9057;1901575;9056;44265;44248;43632;16874;3824;3674;5829;44444;44424;44464;5575;5623;5622;5737;34450;61630;4842;19787;16740;61659;5634;43231;43227;43226;43229;151;1990234;1902494;43234;32991;8138;4721;16791;42578;16788;16787;16311;6796;6793;6470;6499;6498;6497;42158;42157;34645;9059;1901576;9058;44249;31365;18377;43543;9555;48229;7275;44767;32502;44699;44707;32501;48856;4725;35335	4673	3407	6280.5	7888	2097	1658.5	3025	7084	5619	2455.5	8892.5	6361.5	6513.5	6764.5	6937	5325.5	5240.5	4673.5	5400	8077	1211.5	6991	7946.5	7792.5	107969	5398.45
ORTHO005233	Rab5-interacting family protein	AT2G29020;AT5G59410	3674;8150;5575;9507;9536;43231;43227;43226;43229;44424;44464;5623;5622;44444;5737	4674	6631	4828.5	4983	7245.5	4224.5	7886	8606	3245.5	6235	4391	6674.5	6316	3283.5	1725.5	3976.5	3167.5	6145	4441	4258.5	3870	3311	3770	4413.5	89940.5	4.497.025
ORTHO007508	NADH-ubiquinone oxidoreductase-related	AT3G03070	5739;43231;43227;43226;5575;43229;44424;44464;5623;5622;44444;5737;5743;19866;31090;16020;44422;31967;31975;44446;31966;44429;5740;55114;44710;8152;8150;44699;70469;44425	4675	2832	4928	5181	2097	2897	5935	1855	7455	8063.5	3136.5	6440	5740	6501	6867.5	7782	8092	5221.5	2972	920	3586.5	1910	2683	2850	90907.5	4.545.375
ORTHO006757	ssDNA-binding transcriptional regulator	AT5G09250	6355;1903506;2001141;31326;9889;19222;50789;65007;8150;31323;50794;51252;19219;80090;51171;60255;10556;10468;2000112;5515;5488;3674;3677;3676;1901363;97159;3713;3712;989;988;5634;43231;43227;43226;5575;43229;44424;44464;5623;5622;6351;34645;44260;43170;71704;8152;44237;9987;9059;1901576;9058;44249;97659;32774;16070;90304;6139;46483;6725;1901360;34641;6807;44238;34654;19438;44271;18130;1901362;10467	4676	3365	3146.5	1617	2097	1423	5581	2614.5	6584	8398	3269.5	3422.5	3173	3815.5	1549	6712.5	7758	2199.5	3172	1189.5	3646	1566.5	1405.5	1672.5	69152	3457.6
ORTHO007476	glyoxalase II  3	AT1G53580	46872;43169;43167;5488;3674;9651;6970;9628;50896;8150;6950;55114;44710;8152;44699;50313;16702;16701;16491;3824;51213;16787;9960;3006;32502;22414;9888;48856;48513;48731;7275;44767;44707;32501;48316;48608;61458;44702;9791;10154;4416;16790;16788;9793;9790;5739;43231;43227;43226;5575;43229;44424;44464;5623;5622;44444;5737;19243;61727;51596;9438;6081;71704;44763;9987;44237;42180;44281;46185;44712;9056;1901575;44248;42182;44282;6089;1901615;32787;19752;43436;6082	4677	4060	5768	6859	5938.5	4308	961	4227	3366.5	7539	8314	6781	5740	6414.5	6791	7782	4135	5518	4205.5	1094	4519	5308.5	6624.5	6801.5	100430	5021.5
ORTHO003721	homolog of histone chaperone HIRA	AT3G44530	5634;43231;43227;43226;5575;43229;44424;44464;5623;5622;166;36094;5488;3674;1901265;1901363;97159;31935;1903308;1902275;33044;33043;51128;50794;50789;65007;8150;60968;6355;1903506;2001141;31326;9889;19222;31323;51252;19219;80090;51171;60255;10556;10468;2000112;6334;65004;71824;43933;16043;71840;9987;34622;65003;22607;44085;34728;6325;51276;6996;71822;6461;70271;31497;6333;6323;71103;16568;5515;45814;10629;10605;9892;48519;40029;6351;34645;44260;43170;71704;8152;44237;9059;1901576;9058;44249;97659;32774;16070;90304;6139;46483;6725;1901360;34641;6807;44238;34654;19438;44271;18130;1901362;10467	4678	5583	3729	2780	2982.5	4474	6871.5	2185	2645.5	8535.5	3526	5257	4865.5	1800.5	2163.5	3976.5	3891.5	2558	5027.5	4727.5	2381.5	4169	4500.5	4174.5	77730.5	3.886.525
ORTHO005035	carbon-nitrogen hydrolase family protein	AT1G55090	9435;19674;46496;19362;6733;6732;51186;44237;8152;8150;9987;9117;6753;19637;71704;6793;55086;6139;46483;6725;1901360;34641;6807;44238;44281;44710;44699;44763;6796;72524;1901564;19359;19363;9108;51188;44249;9058;9165;1901293;90407;1901576;34654;19438;44271;18130;1901362;44711;72525;1901566;4359;16811;16810;16787;3824;3674;5829;44444;44424;44464;5575;5623;5622;5737;3952;16884;16879;16874	4679	4174	6638	8597	5938.5	8152	2528	7244.5	7831	3581	2129.5	1954	7031	6971	8240.5	7782	6099.5	5368	2612.5	8691.5	7489.5	7567	8436	8092	117800.5	5.890.025
ORTHO008482	FKBP-like peptidyl-prolyl cis-trans isomerase family protein	AT3G55520	3755;16859;16853;3824;3674;8152;8150;413;18208;18193;6464;36211;19538;43170;71704;44238;43412;44267;44260;44237;9987;6457;9543;31978;31977;44436;44424;44464;5575;5623;5622;9579;44435;44444;5737;44446;44422;43226;43229;9536;43231;43227;31976;31984;44434;9507;9534;5528;5527;1901363;5488;97159;8144;16020	4680	5318	5310	5940	2982.5	3489.5	5163.5	3803	3610	7539	1312.5	7509	1352	5318	438.5	3976.5	8996	8987.5	8200	3546.5	2039	8285	2341	9053	94959.5	4.747.975
ORTHO004236	delta-adaptin	AT1G48760	5634;43231;43227;43226;5575;43229;44424;44464;5623;5622;8565;22892;5215;3674;6810;51234;51179;8150;15031;45184;8104;33036;71702;139;98588;31090;16020;44422;44431;44444;5737;44446;5794;12505;7032;6996;16043;71840;9987;10256;80171;7033;6886;46907;51649;51641;34613;70727;1990019;30276;5515;5488	4681	5643	6006	7331	2982.5	8581.5	1519.5	7409.5	6225	8934.5	3917	7439.5	8519	5757.5	1145.5	3976.5	8875.5	6330	1680.5	2782	1840	8111.5	2503	8092	103639.5	5.181.975
ORTHO001374	Zinc-binding ribosomal protein family protein	AT3G23390	22625;15934;44391;30529;32991;5575;44424;44464;5623;5622;44444;5737;44446;44422;43226;43229;5840;43232;43228;44445;5829;22626;6412;43043;43604;43603;34641;6807;8152;8150;44237;9987;44271;44249;9058;6518;1901564;71704;1901566;1901576;44267;19538;43170;44238;44260;34645;9059;10467;3735;5198;3674	4682	8123	5584	6486	8300.5	6679.5	7600	4734	8053.5	7216	2129.5	4467	3048	906.5	2396.5	5325.5	4464.5	663.5	6897.5	7576.5	6908	3754	6538.5	8697.5	98056	4902.8
ORTHO008306	15-cis-zeta-carotene isomerase	AT1G10830	31969;42170;31090;16020;5575;44422;43226;43227;44435;44444;44424;44464;5623;5622;5737;44446;43229;9536;43231;9526;31967;31975;44434;9507;9941;90471;16859;16853;3824;3674;8152;8150;16120;16119;42214;6720;44255;6629;71704;44710;44699;44238;44763;9987;44237;46246;8299;8610;1901576;9058;44711;44249;16021;31224;44425	4683	4834	3467	2251	2982.5	4890.5	3129.5	5957	2465.5	6345	3639.5	6316	3351	1800.5	3521.5	6712.5	3200.5	2199.5	2936.5	5726.5	864.5	2433.5	3967	4801	74257.5	3.712.875
ORTHO003526	aspartate aminotransferase 1	AT2G30970	5759;44429;44444;44424;44464;5575;5623;5622;5737;44446;44422;43226;43229;5739;43231;43227;70013;43233;31974;5507;46914;46872;43169;43167;5488;3674;46686;10038;10035;42221;50896;8150;42802;5515;30170;1901363;97159;48037;43168;4069;8483;16769;16740;3824;8152	4684	5889	6800.5	8917	6664	7363.5	3863.5	7290.5	4507	4213.5	8701	3686.5	1352	8378.5	8638.5	5325.5	7280.5	5720	8173	8873	8534	8018	8321	7591	125830.5	6.291.525
ORTHO005216	FAD-dependent oxidoreductase family protein	AT3G10370	5739;43231;43227;43226;5575;43229;44424;44464;5623;5622;44444;5737;52591;52590;4368;16901;16614;16491;3824;3674;8152;8150;55114;44710;44699;5743;19866;31090;16020;44422;31967;31975;44446;31966;44429;5740;19563;19405;44724;44712;9056;44723;5975;71704;44238;16052;1901575;46174;46164;1901616;1901615;44282;44281;6066;19751;44275;44262;44237;9987;44248;19400;44763;6071;6127;6116;6734;19674;46496;19362;6733;6732;51186;9117;6753;19637;6793;55086;6139;46483;6725;1901360;34641;6807;6796;72524;1901564;1901135;42180;22904;22900;6091;45333;15980;6072;52646	4685	3094	6497	8309	5552	2054	8602.5	1823.5	2301	3317	9159	4841.5	4167	5258.5	551	6712.5	8726	8002	9031	9155.5	8967.5	8425.5	2928	8491	112514	5625.7
ORTHO010658	BSD domain-containing protein	AT1G10720	8150;5634;43231;43227;43226;5575;43229;44424;44464;5623;5622;3674	4686	8402	5186.5	5687	8471	5773	3628.5	7762	7561.5	7830	3426.5	4949	1352	1184.5	2023.5	8358	5404	663.5	6185.5	5726.5	6431	2213.5	5541.5	7508	93522	4676.1
ORTHO006338	DDB1-CUL4 associated factor 1	AT4G31160	5634;43231;43227;43226;5575;43229;44424;44464;5623;5622;48366;48827;48856;32502;8150;48367;44767;44699;48731;7275;44707;32501;5515;5488;3674;16567;32446;70647;6464;36211;19538;43170;71704;8152;44238;43412;44267;44260;44237;9987;9793;44702;22414;3006;9790;48316;48608;61458;9791;10154;166;36094;1901265;1901363;97159;80008;31461;151;1990234;1902494;43234;32991;9908;90567	4687	2582	5848.5	7010	1812	505	5026.5	4571	8634	3190.5	1623	679.5	1352	8123.5	8118	7782	235.5	6982	8559.5	4848	8828	7683.5	8641.5	6057.5	101440.5	5.072.025
ORTHO005704	Lung seven transmembrane receptor family protein	AT5G42090	5794;43231;43227;43226;5575;43229;44424;44464;5623;5622;44444;5737;12505;5802;98791;44431;44446;44422;31984;5768;9507;9536	4688	3197	6437	8186	2097	7959	2627.5	7372.5	8331	3329	1981	1198.5	7189	7300	7258.5	5325.5	494	5626	7831	8832.5	7786.5	7756.5	8551.5	4291.5	111041	5552.05
ORTHO001678	unknown protein	AT2G28780;AT3G09450	5886;16020;5575;44464;5623;71944;6810;51234;51179;8150	4689	6943	4153	3617	6100.5	1594	4341	3987	3366.5	6259.5	7382.5	5191.5	1352	4321	4462	5325.5	9160.5	4400	5851	8214	236.5	95.5	43.5	7028	82611.5	4.130.575
ORTHO002011	Ribosomal protein S30 family protein	AT2G19750;AT4G29390;AT5G56670	6412;43043;43604;43603;34641;6807;8152;8150;44237;9987;44271;44249;9058;6518;1901564;71704;1901566;1901576;44267;19538;43170;44238;44260;34645;9059;10467;5840;30529;32991;5575;44424;44464;5623;5622;43232;43228;43226;43229;44444;5737;22627;15935;44391;44446;44422;44445;5829;22626;3735;5198;3674;5730;44428;5634;43231;43227;31981;70013;43233;31974	4690	8342	5299	5908	6100.5	5047	8602.5	8467.5	7978	7916.5	3917	4059.5	4617.5	401	1432	8605.5	8092	1180.5	6265.5	5337	3942	1910	4500.5	2522	94793.5	4.739.675
ORTHO005802	unknown protein	AT2G43945;AT3G59870	9507;9536;43231;43227;43226;5575;43229;44424;44464;5623;5622;44444;5737;9570;9532;44435;44446;44422;44434;8150;3674	4691	4790	3204.5	1718	2982.5	1227	2328.5	2185	7183.5	3040	1312.5	1732	1352	3283.5	5254.5	3976.5	6982.5	4747.5	3857.5	6754	4668.5	2213.5	1640	6379.5	70118	3505.9
ORTHO007235	zeta-carotene desaturase	AT3G04870	16117;16109;16114;6721;6720;44255;6629;71704;8152;8150;44710;44699;44238;44763;9987;44237;8299;8610;1901576;9058;44711;44249;16108;46148;42440;16116;9941;9526;31967;31975;44464;5575;5623;44446;44422;43226;44424;5622;43229;43227;44435;44444;5737;9536;43231;44434;9507;52887;16635;16627;16491;3824;3674;55114;16719;16705;9509;52889;16119;42214;16120;46246;5739;52886	4692	2959	3388.5	2085	4356	3270.5	7024	4640	2541	4509.5	3971	6287.5	3541.5	6455	6867.5	2476	1618.5	5221.5	1031	2033	1933.5	2763	4116	2850	73150	3657.5
ORTHO009072	ER lumen protein retaining receptor family protein	AT1G29330	15031;45184;51234;51179;8150;8104;33036;71702;6810;5046;46923;5048;42277;33218;5488;3674;5783;43231;43227;43226;5575;43229;44424;44464;5623;5622;44444;5737;12505;5794;6621;35437;51220;32507;51651;44763;9987;44699;51235;65008;65007;1902578;51641;45185;34613;70727;72595;33365;70972;16021;31224;44425;16020;4872;60089;16192;5801	4693	3807	3768	2843	5748	1821.5	1224.5	2796	3083	8398	4827	8061	3642	8576.5	4233.5	3976.5	8791	7117	1765.5	1632	4833.5	668	910.5	1769	78126	3906.3
ORTHO010028	Peroxidase superfamily protein	AT4G16270	5576;5575;4601;16684;16491;3824;3674;8152;8150;55114;44710;44699;16209	4694	5720	4628.5	4563	2982.5	1329	3430	5957	8331	789	7734.5	3422.5	6227	1375.5	5034.5	3976.5	693.5	3949	6785	7871	2030.5	6077	6365	6281	87658.5	4.382.925
ORTHO009589	modifier of snc1;4	AT3G18165	5730;44428;44446;44422;5575;43226;44424;44464;5623;5622;43229;5634;43231;43227;43232;43228;31981;70013;43233;31974;398;6397;16071;16070;44260;43170;71704;8152;8150;44237;9987;90304;6139;46483;6725;1901360;34641;6807;44238;6396;10467;377;375;8380;5515;5488;3674;42742;9617;51707;43207;9605;50896;9607;51704;98542;6952;6950;50832;9620;9870;2218;2253;50778;48584;48518;50789;65007;48583;50776;2682;2684;2376;45089;31349;31347;80134;45088;7165;50794;51716;7154;44763;44699;44700;23052;71013;5681;30529;32991;974;43234;10204;71011;71012	4695	4550	3877.5	3060	5938.5	1227	2080	6741	7325.5	210.5	6763.5	7988.5	1352	1800.5	5523	6712.5	400	3750.5	4165.5	7299	1830	4780.5	6854	2699.5	79503	3975.15
ORTHO003814	RNA polymerase I subunit 43	AT1G60620;AT1G60850	3899;34062;16779;16772;16740;3824;3674;8152;8150;32774;9059;43170;71704;1901576;9058;16070;44260;44237;9987;90304;6139;46483;6725;1901360;34641;6807;44238;34654;19438;44249;44271;18130;1901362;3677;3676;1901363;5488;97159;6351;34645;97659;10467;5634;43231;43227;43226;5575;43229;44424;44464;5623;5622;5730;44428;44446;44422;43232;43228;31981;70013;43233;31974	4696	4013	6340.5	7985	5748	4662.5	3863.5	2392	7899.5	4190.5	2653	2729	6513.5	6764.5	7017.5	7782	8473.5	5101.5	6056.5	8214	6578.5	7061.5	7404.5	3565	108922.5	5.446.125
ORTHO000631	NAD(P)H dehydrogenase B4	AT2G20800;AT4G05020;AT4G21490;AT4G28220	5739;43231;43227;43226;5575;43229;44424;44464;5623;5622;44444;5737;31314;44455;44429;44446;44422;44425;16020;31966;31090;5740;31967;31975;31312;19898;5743;19866;5777;42579;3954;16651;16491;3824;3674;8152;8150;55114;44710;44699;9536;5509;46872;43169;43167;5488;15036;16667;22900;6091;44237;9987;44763;50660;50662;48037;43168;166;36094;1901265;1901363;97159;8137;50136;16655	4697	6659	3390.5	2084	1561	3992.5	5176	6428.5	2743.5	7584	3461	8150	4297.5	1321.5	4233.5	2080.5	7777	1260.5	3421.5	3815.5	3364.5	1068	1847	1106.5	73129	3656.45
ORTHO002129	emp24/gp25L/p24 family/GOLD family protein	AT1G09580;AT1G57620	15031;45184;51234;51179;8150;8104;33036;71702;6810;8320;8565;22892;5215;3674;22884;22891;22857;55085;44763;9987;44699;44765;1902578;71806;16192;6886;46907;51649;51641;34613;70727;16021;31224;44425;5575;16020;5789;98588;31090;44422;43226;43227;44432;44444;44424;44464;5623;5622;5737;44446;43229;5783;43231;12505;42175;139;44431;5794;9507;9536	4698	8205	5634	6570	8341	6313	2264.5	8743	7183.5	3007	7040	4386.5	5338.5	906.5	2396.5	5325.5	6825	867.5	7281	7692.5	7489.5	2763	4843.5	7952.5	98619	4930.95
ORTHO007791	DEA(D/H)-box RNA helicase family protein	AT5G54910	5634;43231;43227;43226;5575;43229;44424;44464;5623;5622;5730;44428;44446;44422;43232;43228;31981;70013;43233;31974;8026;42623;16887;17111;16462;16818;16817;16787;3824;3674;8152;8150;70035;4386	4699	3607	2898.5	1098	4356	1554	6039	3971	2790.5	5891	4069.5	587.5	4555.5	3815.5	1812.5	6712.5	3264.5	2558	3149.5	971	3632	2433.5	4216.5	1672.5	63696	3184.8
ORTHO008431	IQ-domain 9	AT2G33990	8150;5516;5515;5488;3674;5634;43231;43227;43226;5575;43229;44424;44464;5623;5622;5886;16020;71944	4700	5724	5483.5	6267	2982.5	5090	8162.5	5568.5	7978	4218.5	2809.5	3792.5	5740	1800.5	4462	3976.5	5108	3121	5851	7194	5422.5	5603	5407	5433.5	96738.5	4.836.925
ORTHO009176	S-adenosyl-L-methionine-dependent methyltransferases superfamily protein	AT5G26180	8168;16741;16740;3824;3674;8152;8150;32259;5737;44424;44464;5575;5623;5622	4701	4554	3308.5	1916	5938.5	2757.5	5808	2460.5	8101	3317	3526	4111	1352	1800.5	5034.5	6712.5	562	4326.5	3011	1426	2058	3609.5	5678	6379.5	72031	3601.55
ORTHO009100	vacuolar protein sorting-associated protein 2.3	AT1G03950	16192;6810;51234;51179;8150;15031;45184;8104;33036;71702;815;98796;43234;32991;5575;44425;16020;36452;44440;44444;44424;44464;5623;5622;5737;44446;44422;43226;43229;5768;43231;43227;12505;10008;98588;31090;98805;7034;1902582;46907;51649;51641;44765;1902578;44699	4702	5939	5519	6336	2982.5	6529	3513	5698.5	4953	3163.5	6343	2343.5	6071.5	1800.5	4705.5	3976.5	5864.5	3580	6531	7871	6180.5	5924	6040	6057.5	97146	4857.3
ORTHO007488	HAD superfamily; subfamily IIIB acid phosphatase	AT4G29260	5774;44437;44444;44424;44464;5575;5623;5622;5737;44446;44422;43226;43229;5773;43231;43227;98588;31090;16020;98805;3993;16791;42578;16788;16787;3824;3674;8152;8150;16311;6796;6793;44237;9987;5829;5576	4703	6010	5499.5	6296	6664	1500	8162.5	2545	6712.5	4146	7199	8014	5740	1800.5	3936.5	3976.5	5108	3121	5851	7080	5422.5	5603	5407	5601	96926	4846.3
ORTHO009192	myb domain protein 103	AT5G56110	5634;43231;43227;43226;5575;43229;44424;44464;5623;5622;48658;3006;32502;8150;22414;48856;48653;44767;44699;44702;48443;48827;48367;48731;7275;44707;32501;48437;48569;48513;9908;90567;48608;61458;9791;48466;48438;3700;1071;3674;2001141;31326;9889;19222;50789;65007;31323;50794;51252;19219;80090;51171;60255;10556;6355;1903506;10468;2000112;43565;3677;3676;1901363;5488;97159;10090;904;902;32989;16043;71840;9987;9653;48869;44763;48468;30154;10026;90558;9888;90626;3682;44877	4704	4447	5334.5	5965	5938.5	214	776.5	3588	2069	7782	354.5	6543.5	7743	8456.5	8138	7782	8220	8304.5	8098.5	2534.5	92	5059	1640	7721.5	95117	4755.85
ORTHO002368	Patched family protein	AT1G42470;AT4G38350	90153;31326;9889;19222;50789;65007;8150;31323;50794;46890;19216;80090;44087;51171;10556;60255;5886;16020;5575;44464;5623;71944;9555;48229;7275;44767;32502;44699;44707;32501;48856;9506;5911;30054;55044;8158;4888;38023;4871;60089;3674;7165;51716;9987;50896;7154;44763;44700;23052;4872;16021;31224;44425;5774;44437;44444;44424;5622;5737;44446;44422;43226;43229;5773;43231;43227;98588;31090;98805;48868;3006;22414;9856;44703;51704;44706;9507;9536	4705	4153	5458	6211	2375	1227	2080	6741	8973	3960.5	8737.5	998	5740	3815.5	4124.5	6712.5	4252.5	3949	4165.5	7299	5061.5	4780.5	6854	6949.5	96421	4821.05
ORTHO007741	RNA-binding (RRM/RBD/RNP motifs) family protein	AT5G04600	9507;9536;43231;43227;43226;5575;43229;44424;44464;5623;5622;44444;5737;5730;44428;44446;44422;5634;43232;43228;31981;70013;43233;31974;3676;1901363;5488;3674;97159;3723;166;36094;1901265;8150	4706	5468	3259.5	1813	6478.5	1329	3025	1604.5	7046.5	6524	2809.5	1755.5	1352	3283.5	5034.5	3976.5	1266	3949	6785	6689.5	2770	3453.5	1681.5	6732.5	71067.5	3.553.375
ORTHO009632	unknown protein	AT1G58070	5634;43231;43227;43226;5575;43229;44424;44464;5623;5622;8150;3674	4707	4449	3508	2309	2982.5	4240	3129.5	5439.5	2465.5	3610	5836	4111	5740	1800.5	3521.5	6712.5	3264.5	2199.5	3097.5	5852	3573.5	2213.5	3072.5	4801	74680	3734
ORTHO002026	Ribosomal protein L35Ae family protein	AT1G07070;AT1G74270;AT3G55750	3735;5198;3674;5737;44424;44464;5575;5623;5622;5840;30529;32991;43232;43228;43226;43229;44444;5829;42273;22613;44085;71840;8150;42254;2181;6412;43043;43604;43603;34641;6807;8152;44237;9987;44271;44249;9058;6518;1901564;71704;1901566;1901576;44267;19538;43170;44238;44260;34645;9059;10467;44822;3723;3676;1901363;5488;97159;22625;15934;44391;44446;44422;44445;22626;49;16020	4708	8225	3249	1790	7245.5	7633.5	6182	7372.5	3632	8934.5	5199.5	1338	4297.5	1321.5	1549	5325.5	2927	1669.5	2092	2253	192	626.5	969	7315.5	70830	3541.5
ORTHO009478	PsbQ-like 1	AT3G01440	9507;9536;43231;43227;43226;5575;43229;44424;44464;5623;5622;44444;5737;9534;31976;9579;31984;44446;44422;44435;44434;9535;55035;42651;34357;16020;44436;6810;51234;51179;8150;19898;44425;30095;98807;98796;43234;32991;9523;9521;9654;1990204;1902494;9543;31978;31977;9767;22900;6091;44237;8152;9987;55114;44710;44699;44763;19684;15979;9344;5509;46872;43169;43167;5488;3674;45156;9055	4709	4566.5	5638	6567	5938.5	3296	7060	2728	2367.5	1346	3526	4239	7377.5	8316	7939.5	7782	5108	5368	2310.5	2534.5	5170.5	6859.5	7818	7453	98599.5	4.929.975
ORTHO003626	Zincin-like metalloproteases family protein	AT5G10540;AT5G65620	46686;10038;10035;42221;50896;8150;46872;43169;43167;5488;3674;5829;44444;44424;44464;5575;5623;5622;5737;4222;4175;70011;8233;16787;3824;8152;6508;19538;43170;71704;44238;8237;48046;5576;9507;9536;43231;43227;43226;43229;9570;9532;44435;44446;44422;44434;5759;44429;5739;70013;43233;31974	4710	6758	3825.5	2941	7662	5432.5	1330.5	2939.5	2465.5	8063.5	6543	7948	1352	2711.5	3521.5	3976.5	4761	2199.5	4548.5	1724	4226.5	4873	4961.5	5222.5	78800.5	3.940.025
ORTHO008534	unknown protein	AT1G04555	8150;3674;5739;43231;43227;43226;5575;43229;44424;44464;5623;5622;44444;5737	4711	4323	6306.5	7902	2982.5	2128	4948.5	8677.5	3229.5	2307	4086	581	1352	5425.5	766.5	6712.5	7615.5	7525.5	8764.5	9004	8468.5	8763	8881.5	8891	108127.5	5.406.375
ORTHO007846	multiple chloroplast division site 1	AT1G20830	9941;9526;31967;31975;44464;5575;5623;44446;44422;43226;44424;5622;43229;43227;44435;44444;5737;9536;43231;44434;9507;9706;9528;19866;31090;16020;42170;31969;10020;9658;9657;6996;16043;71840;8150;9987;43572;48285;3674	4712	3523	5562.75	6413.5	4356	1658.5	2791.5	7156.5	7831	4881	2402	2291.5	3808.5	6971	7129	5325.5	6896.5	5368	6897.5	8397.5	6908	5308.5	1767.5	3841	97630.5	4.881.525
ORTHO008266	unknown protein	AT5G58250	9507;9536;43231;43227;43226;5575;43229;44424;44464;5623;5622;44444;5737;3674;9579;8150	4713	4464	4539.5	4366	5938.5	6382	2414	6573	1133	6198.5	1981	1198.5	6617.5	3815.5	5413.5	6712.5	3836.5	3121	3691	6754	4668.5	3754	5902.5	6553	86719.5	4.335.975
ORTHO009962	Oxidoreductase; zinc-binding dehydrogenase family protein	AT1G23740	9570;9532;44435;44444;44424;44464;5575;5623;5622;5737;44446;44422;43226;43229;9536;43231;43227;44434;9507;9941;9526;31967;31975;9579;55114;44710;8152;8150;44699;10319;9409;9266;9628;50896;6950;48046;5576;35798;16628;16627;16491;3824;3674;35671;8270;46914;46872;43169;43167;5488	4714	5745	5425	6136	2982.5	8937	8324.5	2460.5	3838.5	2101.5	2402	3422.5	6071.5	1800.5	5034.5	3976.5	5764.5	3750.5	6389	7871	6180.5	5789.5	5826.5	6057.5	95998.5	4.799.925
ORTHO003608	aspartate-glutamate racemase family	AT1G15410	16855;16854;16853;3824;3674;8152;8150;9252;270;30203;6022;43170;71704;1901135;1901564;6807;44763;9987;44699;6024;6023;9059;1901576;9058;1901137;1901566;44711;44710;44038;44036;44260;44237;71554;70589;34645;44249;44085;71840;42546;9273;9507;9536;43231;43227;43226;5575;43229;44424;44464;5623;5622;44444;5737;47661;36361	4715	7641	4267	3819	6478.5	8310	2414	5213.5	4953	3293	3366.5	1576.5	7963	906.5	3265	5325.5	5457.5	867.5	472.5	8756	53	5213.5	7946.5	8367.5	83720.5	4.186.025
ORTHO006267	DNA-directed RNA polymerase family protein	AT2G15400;AT2G15430	5634;43231;43227;43226;5575;43229;44424;44464;5623;5622;419;55029;44428;44446;44422;428;30880;61695;1990234;1902494;43234;32991;3899;34062;16779;16772;16740;3824;3674;8152;8150;32774;9059;43170;71704;1901576;9058;16070;44260;44237;9987;90304;6139;46483;6725;1901360;34641;6807;44238;34654;19438;44249;44271;18130;1901362;5665;44451;5654;31981;70013;43233;31974;16591;1055;6366;6351;34645;97659;10467;418;3677;3676;1901363;5488;97159;5515;5730;43232;43228;5737	4716	3415	3598	2480	2097	7563	1204	1709	597.5	6825	7594	705.5	1352	3815.5	5254.5	6712.5	4870.5	4673.5	4864	794.5	864.5	5789.5	7554.5	3179.5	75923	3796.15
ORTHO006422	Peptidase C78; ubiquitin fold modifier-specific peptidase 1/ 2	AT5G24680	9507;9536;43231;43227;43226;5575;43229;44424;44464;5623;5622;44444;5737	4717	4002	2391	65	2097	766.5	6850.5	291	149	2330	5100	247	3808.5	138	136.5	3183	125.5	286	2136.5	3108	2737	398.5	1289.5	240.5	33321.5	1.666.075
ORTHO003681	Clathrin adaptor complexes medium subunit family protein	AT4G24550	6886;15031;45184;51234;51179;8150;8104;33036;71702;6810;46907;51649;51641;34613;70727;5634;43231;43227;43226;5575;43229;44424;44464;5623;5622;5829;44444;5737;5794;12505;30131;30119;98796;43234;32991;44425;16020;30117;48475;30118;30125;30120;44433;44446;44422;31410;31982;30662;30659;12506;31090;31988;16023;98588;98805;30135;30665;30136;16192;5905;98589	4718	4402	4425	4132	5439	1959	3025	6142.5	5994	3240.5	6763.5	1198.5	6617.5	1800.5	960	6075	3958.5	3121	7042	6754	4668.5	3754	5902.5	6553	85529.5	4.276.475
ORTHO008160	leucoanthocyanidin dioxygenase	AT4G22880	31418;31406;43177;36094;5488;3674;43168;43167;48029;30246;19842;10023;18130;46483;44237;8152;8150;9987;44249;9058;46189;19438;6725;1901617;1901615;71704;1901576;18958;1901360;1901362;9699;44550;19748;44710;44699;44711;9698;44763;5737;44424;44464;5575;5623;5622;55114;9753;9725;9719;50896;10033;42221;1101;1901700;9611;6950;7033;6996;16043;71840;50589;16706;16705;16491;3824;51213;46872;43169;9718;46283;9812;42440;9813;46148	4719	6151	5774	6829	5651.5	2557.5	4813.5	6142.5	1691	5535.5	7734.5	8763	3626	8028.5	7999	5325.5	1973	4400	6835.5	6001	5637	4612.5	1681.5	6801.5	100158.5	5.007.925
ORTHO009460	unknown protein	AT5G20130	3674;8150;9507;9536;43231;43227;43226;5575;43229;44424;44464;5623;5622;44444;5737	4720	4578	5694.5	6669	5938.5	87.5	1358	2962.5	3632	7064	4748	6929	8094	8776.5	5718	7782	1835	8278	1537.5	3396.5	8019	7637.5	3311.5	8062	99228.5	4.961.425
ORTHO008748	Acyl-CoA N-acyltransferases (NAT) superfamily protein	AT5G13780	8152;8150;8080;16410;16747;16746;16740;3824;3674;16407;5737;44424;44464;5575;5623;5622	4721	3838	3053	1385	4356	1500	6542.5	5698.5	1328.5	6934	8364	2343.5	4555.5	4272	2396.5	6712.5	2538	2199.5	3199	4100	864.5	649	558	2439.5	67195	3359.75
ORTHO008781	FUNCTIONS IN: molecular_function unknown	AT4G36980	8150;5634;43231;43227;43226;5575;43229;44424;44464;5623;5622;3674	4722	3839	6424.75	8127.5	4356	7430.5	3513	2250	7325.5	2170.5	8095	2291.5	1352	8576.5	7258.5	7782	5685	5101.5	6327	8320	7786.5	7392.5	8163.5	3565	110386	5519.3
ORTHO004974	glucose-6-phosphate acetyltransferase 1	AT5G15770	5789;98588;31090;16020;5575;44422;43226;43227;44432;44444;44424;44464;5623;5622;5737;44446;43229;5783;43231;12505;44425;42175;6048;6047;6040;1901135;71704;8152;8150;9225;6139;46483;44237;9987;6725;1901360;34641;6807;44238;9226;1901137;1901576;9058;34654;19438;44249;44271;18130;1901362;46349;8080;16410;16747;16746;16740;3824;3674;16407;5794;6044;1901071;4343	4723	4612	4635.5	4548	5284	4913	6862.5	3787.5	6660.5	8063.5	4576	6344	4328	7600	8316.5	2914	2990.5	7776.5	2778	1919	1579	2213.5	3141.5	819.5	87583	4379.15
ORTHO007937	DNA-directed DNA polymerases	AT1G78650	6271;22616;6259;44260;43170;71704;8152;8150;44237;9987;90304;6139;46483;6725;1901360;34641;6807;44238;6261;6260;34645;9059;1901576;9058;44249;71897;34654;19438;44271;18130;1901362;5634;43231;43227;43226;5575;43229;44424;44464;5623;5622;3887;34061;16779;16772;16740;3824;3674	4724	3531	3695	2666	4356	1089	5382	6906	702.5	4809.5	7199	863	5740	3815.5	4842.5	3976.5	8133	3949	4485	3037	5779	2433.5	1157	2850	77149	3857.45
ORTHO006335	FMN-linked oxidoreductases superfamily protein	AT5G67220	17150;16627;16491;3824;3674;8152;8150;55114;44710;44699;2943;6400;9451;16070;44260;43170;71704;44237;9987;90304;6139;46483;6725;1901360;34641;6807;44238;43412;8033;34470;34660;6396;10467;6399;5829;44444;44424;44464;5575;5623;5622;5737;6808;50789;65007	4725	3348	4274.5	3824	2097	5621	2791.5	5957	6823.5	2405	8566	3422.5	4738	3815.5	2702.5	6712.5	3682	2199.5	3385	6467.5	4103	3222.5	5171.5	1958.5	83744.5	4.187.225
ORTHO006998	Uncharacterised protein family (UPF0114)	AT5G13720	9507;9536;43231;43227;43226;5575;43229;44424;44464;5623;5622;44444;5737;9941;9526;31967;31975;44446;44422;44435;44434;9706;9528;19866;31090;16020;42170;31969	4726	5260	5140.5	5555	6194	1500	8162.5	5568.5	6584	3055	5973.5	3686.5	3521	1800.5	4462	5325.5	5108	3121	5851	7080	5422.5	5603	5407	5601	92832.5	4.641.625
ORTHO009067	Uncharacterised protein family (UPF0497)	AT5G54980	5747;45271;30964;98796;43234;32991;5575;44425;16020;1990204;1902494;44464;5623;98803;70469;98800;98798;44429;44444;44424;5622;5737;44446;44422;43226;43229;5739;43231;43227;44455;31966;31090;5740;31967;31975;5743;19866;5746;45333;15980;6091;44237;8152;8150;9987;55114;44710;44699;44763;5886;71944;5634;16021;31224;8137;50136;3954;16651;16491;3824;3674;16655	4727	3849	6506.5	8286	2097	3511	3327	8912.5	9067	5275	4833	6717.5	8898	5223.5	551	6712.5	1155.5	8733.5	2632.5	9174	1654	9010	9037	7792.5	112217	5610.85
ORTHO004248	Dihydroneopterin aldolase	AT3G11750;AT5G62980	9507;9536;43231;43227;43226;5575;43229;44424;44464;5623;5622;44444;5737;4150;16832;16830;16829;3824;3674;8152;8150;46656;9396;9108;51188;51186;44237;9987;44249;9058;6732;42559;19438;6725;42558;46483;1901360;71704;1901564;6807;44271;34641;18130;1901362;1901576;1901566;43604;43603;1901607;1901605;6520;19752;43436;6082;44281;44710;44699;44763;44238;8652;46394;16053;44283;44711;6760;6575;42398;43650;43648;42364;6767;6766;9110;46655;46654;46653;5829	4728	5088	2413.5	99	5238	505	6755	3874	2701	7967.5	4259	1338	3425	138	136.5	1239.5	2535.5	161	93.5	1177	383.5	139.5	105	60	36993.5	1.849.675
ORTHO008391	ARM repeat superfamily protein	AT1G08315	5739;43231;43227;43226;5575;43229;44424;44464;5623;5622;44444;5737	4729	4901	3250.25	1771.5	2982.5	1500	3327	6323	5619	2025.5	2992.5	2467.5	5740	1800.5	4462	6712.5	400	2199.5	3233.5	6322.5	3870	2433.5	3649	5601	70678.5	3.533.925
ORTHO007961	Mog1/PsbP/DUF1795-like photosystem II reaction center PsbP family protein	AT1G77090	9543;31978;31977;44436;44424;44464;5575;5623;5622;9579;44435;44444;5737;44446;44422;43226;43229;9536;43231;43227;31976;31984;44434;9507;9534;5509;46872;43169;43167;5488;3674;9570;9532;19898;44425;16020;9654;98796;43234;32991;1990204;1902494;42651;34357;9523;9521;15979;44237;8152;8150;9987	4730	5387	4524	4318	2982.5	5248.5	4528.5	3971	3019	6308	6543	6981	1352	3283.5	3265	3976.5	4191.5	3949	4830.5	5519.5	5637	4612.5	4843.5	4413.5	86473	4323.65
ORTHO001714	Galactose oxidase/kelch repeat superfamily protein	AT1G51540;AT3G27220	5768;43231;43227;43226;5575;43229;44424;44464;5623;5622;44444;5737;12505;8150;5886;16020;71944;5802;98791;44431;44446;44422;5794;31984;9061;45333;15980;6091;44237;8152;9987;55114;44710;44699;44763	4731	5272	4623	4515	2982.5	1500	8162.5	6142.5	4953	698.5	5973.5	3686.5	3521	1800.5	4462	6712.5	3367.5	3121	5851	6240	5422.5	5603	4366	5806	87389.5	4.369.475
ORTHO008408	damaged DNA binding 2	AT5G58760	16567;32446;70647;6464;36211;19538;43170;71704;8152;8150;44238;43412;44267;44260;44237;9987;6281;6259;90304;6139;46483;6725;1901360;34641;6807;6974;33554;51716;50896;6950;44763;44699;44710;10224;9411;9416;9314;9628;80008;31461;151;1990234;1902494;43234;32991;5575;44424;44464;5623;5622;5634;43231;43227;43226;43229;3677;3676;1901363;5488;3674;97159;166;36094;1901265;5515	4732	3758	6088	7444	4356	7390	2951	7084	1328.5	4224.5	8095	6344	6513.5	6764.5	7017.5	7782	1048	4982.5	4756.5	8214	2123	7016	7244	3635.5	104514	5225.7
ORTHO003112	DEA(D/H)-box RNA helicase family protein	AT4G33370;AT5G51280	8026;42623;16887;17111;16462;16818;16817;16787;3824;3674;8152;8150;70035;4386;5737;44424;44464;5575;5623;5622;3676;1901363;5488;97159;5634;43231;43227;43226;43229	4733	5226	6759	8785	6194	6227.5	9108	7244.5	3262	6308	4670.5	8855.5	8094	7536	1812.5	3976.5	7280.5	8551.5	8655.5	4211	2515	8666	8290	6732.5	121997	6099.85
ORTHO004933	UDP-Glycosyltransferase superfamily protein	AT1G16570	5789;98588;31090;16020;5575;44422;43226;43227;44432;44444;44424;44464;5623;5622;5737;44446;43229;5783;43231;12505;44425;42175;16757;16740;3824;3674;8152;8150;16021;31224;6486;44763;9987;44699;6464;36211;19538;43170;71704;44238;43412;44267;44260;44237;43413;70085;44723;5975;44710;9101;9100;1901135;34645;9059;1901576;9058;44249;1901137;10483;51703;51704;9856;44703;22414;44706;32501;48868;3006;32502;48856	4734	5449	5681.75	6629.5	6478.5	2005.5	3327	5698.5	6823.5	3396	7734.5	3422.5	6071.5	1800.5	4842.5	5325.5	5864.5	3949	6700.5	7871	6180.5	5924	6040	6057.5	99034.5	4.951.725
ORTHO000535	DNAJ heat shock N-terminal domain-containing protein	AT3G04980;AT3G06340;AT5G18750;AT5G27240	5737;44424;44464;5575;5623;5622;6457;9987;8150	4735	6536	6688.5	8642	5262	2005.5	5673.5	3065	3568	1709.5	4704.5	6518	8754.5	7213.5	7804.5	7782	7006	6737.5	8121	5400	8300	7683.5	7818	8869	118733.5	5.936.675
ORTHO007037	Peptidase C15; pyroglutamyl peptidase I-like	AT1G56700	6508;19538;43170;71704;8152;8150;44238;5829;44444;44424;44464;5575;5623;5622;5737;16920;8242;8238;70011;8233;16787;3824;3674	4736	6353	4281.5	3827	7245.5	6184	5303	5302.5	4645.5	5138	5669.5	5126	7031	2711.5	2702.5	3976.5	4548.5	2199.5	4914	4884.5	3978	2837	2191.5	4413.5	83756.5	4.187.825
ORTHO006023	Fcf2 pre-rRNA processing protein	AT5G30495	5634;43231;43227;43226;5575;43229;44424;44464;5623;5622;3674;8150	4737	3172	5866.5	6996	4356	2710	7707	7084	1133	5757	2809.5	2553.5	1352	6764.5	7082.5	7782	5685	5221.5	8228.5	3483.5	6810.5	7259	8163.5	3721	101307.5	5.065.375
ORTHO000357_1	Class-II DAHP synthetase family protein	AT1G22410;AT4G33510;AT4G39980	9073;9072;6725;44237;8152;8150;9987;1901360;71704;6520;1901564;6807;19752;43436;6082;44281;44710;44699;44763;44238;19438;44249;9058;1901362;1901576;8652;46394;16053;44283;44711;1901566;16020;5575;3849;16765;16740;3824;3674;9536;43231;43227;43226;43229;44424;44464;5623;5622;44444;5737;9507;5515;5488;9423;46417;43648;43650;9534;31976;9579;31984;44446;44422;44435;44434;9611;6950;50896;5739;9617;51707;43207;9605;9607;51704	4738	7366	3730.5	2723	5439	2295.5	288.5	7409.5	2814	5615	4265.5	7541.5	4314.5	6206.5	7432.5	2821	7897.5	3750.5	5220.5	1980	2049.5	750	320	4484	77456	3872.8
ORTHO002163	Protein kinase superfamily protein	AT5G55560	16301;16772;16740;3824;3674;8152;8150;16310;6796;6793;44237;9987;4674;4672;16773;6468;6464;36211;19538;43170;71704;44238;43412;44267;44260;5524;35639;1901265;1901363;5488;97159;43168;43167;32559;30554;17076;166;36094;32555;32553;97367;32550;32549;1882;1883;5634;43231;43227;43226;5575;43229;44424;44464;5623;5622	4739	7266	3409.5	2080	8259	2604.5	8271	8414.5	4014	6459.5	5726.5	3912.5	2910	1321.5	3265	3023.5	4942.5	663.5	3616	3850	3243	1154	3561.5	2166	73119	3655.95
ORTHO000465	ADP-ribosylation factor A1F	AT1G10630;AT1G23490;AT1G70490;AT2G47170;AT3G62290;AT5G14670	6499;6498;6497;6464;36211;19538;43170;71704;8152;8150;44238;43412;44267;44260;44237;9987;42158;42157;34645;9059;1901576;9058;44249;31365;18377;43543;5794;43231;43227;43226;5575;43229;44424;44464;5623;5622;44444;5737;12505;7264;35556;7165;50794;50789;65007;51716;50896;7154;44763;44699;44700;23052;5774;44437;44446;44422;5773;98588;31090;16020;98805;5886;71944;5829;5525;35639;1901265;1901363;5488;3674;97159;43168;43167;32550;32549;1882;36094;97367;1883;32561;19001;17076;166;32555;32553;16004;60229;8047;30234;98772;50790;19222;65009;43085;44093;9893;48518;5507;46914;46872;43169;16192;6810;51234;51179;5515;46686;10038;10035;42221;15031;45184;8104;33036;71702;5798;16023;31988;31982;31410;44431;5768;9506;5911;30054;55044	4740	8973	4926.5	5113	8328	9160	9138.5	7331	3185.5	8934.5	23	6614	1352	8681	7917.5	9043.5	3053.5	483	2214	2534.5	1601.5	412	601.5	8332.5	90613	4530.65
ORTHO009345	cofactor assembly of complex C	AT3G26710	9507;9536;43231;43227;43226;5575;43229;44424;44464;5623;5622;44444;5737;9535;55035;42651;34357;16020;44436;9579;44435;44446;44422;31976;31984;44434;9534;10190;17004;43623;6461;65003;43933;16043;71840;8150;9987;22607;44085;71822;70271;34622;16021;31224;44425;3674	4741	4614.5	4892.5	5044	2982.5	6529	7389.5	2114.5	5994	1567.5	6763.5	1198.5	6617.5	1800.5	5034.5	6712.5	3958.5	3121	3730.5	6860	4668.5	3754	5902.5	6553	90269.5	4.513.475
ORTHO007393	MAK10 homologue	AT2G11000	8150;5575;16407;16747;16746;16740;3824;3674;8152	4742	2928	4684	4626	4356	194.5	2234.5	4503	553.5	2443	1623	1576.5	1352	7954.5	7844	2476	7324	6737.5	7712	5887	7568	7358	7404.5	5222.5	87968	4398.4
ORTHO006400	ribonuclease 1	AT2G02990	5886;16020;5575;44464;5623;71944;90502;90501;16070;44260;43170;71704;8152;8150;44237;9987;90304;6139;46483;6725;1901360;34641;6807;44238;90305;9611;6950;50896;16036;9267;31669;31667;9991;9605;31668;51716;71496;7154;44763;44699;42594;33554;5576;4540;4518;16788;16787;3824;3674;7568;44767;32502;4521;4519;5618;30312;9718;46283;9812;42440;44710;9813;1901576;9058;46148;44711	4743	4381	4488.5	4234	2982.5	6023.5	3224.5	6428.5	7046.5	3896	2129.5	1810.5	6227	1800.5	5034.5	6712.5	1048	4326.5	7042	6632	4445	2608	3329.5	6281	86045.5	4.302.275
ORTHO007828	ribosomal protein S9	AT1G74970	462;30490;6364;34470;34660;16070;44260;43170;71704;8152;8150;44237;9987;90304;6139;46483;6725;1901360;34641;6807;44238;6396;10467;16072;42254;22613;44085;71840;42274;312;314;15935;44391;30529;32991;5575;44424;44464;5623;5622;44444;5737;44446;44422;43226;43229;5840;43232;43228;313;44435;9536;43231;43227;9547;9532;9507;9570;44434;3735;5198;3674;6412;43043;43604;43603;44271;44249;9058;6518;1901564;1901566;1901576;44267;19538;34645;9059;9941;9526;31967;31975;16020;22627;44445;5829;22626;44822;3723;3676;1901363;5488;97159	4744	3682	6842.5	8941	4356	2170	3430	8127	8920.5	4818	3989.5	8835.5	8519	5445	934	6712.5	7469	7335.5	8605.5	9073.5	8153	8687.5	8853.5	6456	126534.5	6.326.725
ORTHO005262	Preprotein translocase Sec; Sec61-beta subunit protein	AT5G60460	5784;71256;98796;43234;32991;5575;44425;16020;44432;44444;44424;44464;5623;5622;5737;44446;44422;43226;43229;5783;43231;43227;12505;30867;5789;98588;31090;42175;5791;5886;71944;6886;15031;45184;51234;51179;8150;8104;33036;71702;6810;46907;51649;51641;34613;70727;8565;22892;5215;3674;5794;9507;9536	4745	6013	4173	3601	6664	4946.5	7707	4251.5	4816.5	8934.5	4853	6883.5	4234	4272	1677.5	5325.5	8960	3949	1335	4012.5	3491.5	596	433.5	1794	82473	4123.65
ORTHO004069	S15/NS1; RNA-binding protein	AT1G15810;AT1G80620	6412;43043;43604;43603;34641;6807;8152;8150;44237;9987;44271;44249;9058;6518;1901564;71704;1901566;1901576;44267;19538;43170;44238;44260;34645;9059;10467;15935;44391;30529;32991;5575;44424;44464;5623;5622;44444;5737;44446;44422;43226;43229;5840;43232;43228;3735;5198;3674;5739;43231;43227;9507;9536	4746	7198	5516.5	6287	7662	5047	5048.5	4734	4645.5	7539	6343	3983	7377.5	2711.5	2702.5	5325.5	8726	1780	5220.5	5447	5422.5	3609.5	6538.5	4678.5	96879.5	4.843.975
ORTHO007210	Auxin-responsive family protein	AT2G04850	55114;44710;8152;8150;44699;46872;43169;43167;5488;3674;16020;5575;5576;16021;31224;44425	4747	4836	3185.5	1624	2982.5	1500	5873	6323	7183.5	5938	2402	3872	1352	2711.5	4233.5	6712.5	763	2199.5	3233.5	2124.5	970	2433.5	3758.5	5601	69184.5	3.459.225
ORTHO006095	basic helix-loop-helix (bHLH) DNA-binding superfamily protein	AT4G09820	6355;1903506;2001141;31326;9889;19222;50789;65007;8150;31323;50794;51252;19219;80090;51171;60255;10556;10468;2000112;5634;43231;43227;43226;5575;43229;44424;44464;5623;5622;10026;30154;48869;44767;32502;44699;44763;9987;90558;9888;48856;976;1990837;3690;43566;3677;3676;1901363;5488;3674;97159;43565;44212;975;1067;46983;5515;3700;1071;48316;48608;3006;22414;61458;48731;7275;44707;32501;44702;9791;10154;10214;2000029;1900376;43455;2000762;9962;6351;34645;44260;43170;71704;8152;44237;9059;1901576;9058;44249;97659;32774;16070;90304;6139;46483;6725;1901360;34641;6807;44238;34654;19438;44271;18130;1901362;10467	4748	4878	6893	9038	2982.5	2757.5	3863.5	8233.5	8656.5	4009	8651	6701	8817.5	5596	988	6712.5	8003	7073	8364.5	9024.5	7568	8330.5	7946.5	8763	130059	6502.95
ORTHO004320	HEAT repeat-containing protein	AT5G16210	5737;44424;44464;5575;5623;5622;8150	4749	5244	4061	3373	2982.5	1329	3513	5698.5	1481	5506.5	2402	2343.5	6071.5	1800.5	5034.5	3976.5	2556.5	3580	6389	6467.5	5903.5	5789.5	5407	6057.5	81307	4065.35
ORTHO004369	Ubiquitin-like superfamily protein	AT3G06420;AT3G15580	33110;30659;12506;31090;16020;5575;44422;43226;43227;31988;31982;44433;44444;44424;44464;5623;5622;5737;44446;43229;31410;16023;43231;33107;6914;44248;9056;8152;8150;44237;9987;8017;32403;44877;5488;3674;5515;15631;8092;5634;5874;44430;5856;43232;43228;43234;32991;15630;19776;16740;3824;19779;8641;16877;16874;6508;19538;43170;71704;44238;5775;44437;5773;70013;43233;31974;19786;19783;8234;70011;8233;16787	4750	7370	6474.5	8199	6358.5	5904	8324.5	5213.5	4323	2059	7199	8595.5	8094	2711.5	3936.5	5325.5	5561	3121	6531	8478	7052	5213.5	7946.5	5601	111190	5559.5
ORTHO002966	unknown protein	AT1G55170	30154;48869;44767;32502;8150;44699;44763;9987;3674;9908;90567;48608;3006;22414;48856;61458;48731;7275;44707;32501;44702;9791;48367;5634;43231;43227;43226;5575;43229;44424;44464;5623;5622	4751	4106	3584	2417	5121	2170	2951	6142.5	5994	4267	2129.5	8258	3425	3374	3265	6712.5	210.5	3121	3233.5	6860	864.5	4067	6040	2439.5	75524.5	3.776.225
ORTHO003715	agenet domain-containing protein / bromo-adjacent homology (BAH) domain-containing protein	AT5G55600	5634;43231;43227;43226;5575;43229;44424;44464;5623;5622;3682;44877;5488;3674;3677;3676;1901363;97159;8150	4752	6354	5982.25	7212.5	5651.5	6529	3327	5698.5	6943.5	5600	7594	3422.5	3467	2711.5	4462	3976.5	5864.5	3750.5	7042	7871	6180.5	5924	6040	6379.5	102783.5	5.139.175
ORTHO004181	RAB GTPASE HOMOLOG B18	AT1G43890	5525;35639;1901265;1901363;5488;3674;97159;43168;43167;32550;32549;1882;36094;97367;1883;32561;19001;17076;166;32555;32553;5886;16020;5575;44464;5623;71944	4753	6116	4272	3791	7245.5	1658.5	4528.5	5348	7183.5	5114.5	5726.5	5543	5066	1800.5	2702.5	3976.5	4054.5	2558	4441	6240	4226.5	4423	4603.5	4291.5	83486	4174.3
ORTHO008099	actin related protein 2	AT3G27000	5737;44424;44464;5575;5623;5622;902;32989;16043;71840;8150;9987;9653;32502;48856;48869;44767;44699;44763;9825;16049;40007;5885;44430;44446;44422;43226;43229;5856;43232;43228;43234;32991;15629;9416;9314;9628;50896;34314;45010;30838;51495;10638;33043;51128;50794;50789;65007;51130;48522;48518;51493;30833;8064;30832;32535;90066;65008;32956;32970;32271;43254;44087;32273;31334;44089;7015;71822;43933;30036;30029;7010;6996;1902589;5200;5198;3674;10090;904;48468;30154;10026;90558;9888;90626;7275;44707;32501;5524;35639;1901265;1901363;5488;97159;43168;43167;32559;30554;17076;166;36094;32555;32553;97367;32550;32549;1882;1883;3779;8092;5515	4754	4530	3816	2878	5938.5	5211.5	2881	6323	1328.5	5583	2992.5	7795.5	5740	1800.5	4462	6712.5	1321	2199.5	3233.5	6322.5	3870	2213.5	2785	5601	78376	3918.8
ORTHO002386	domains rearranged methyltransferase 2	AT5G14620;AT5G15380	6306;43414;44260;43170;71704;8152;8150;44237;9987;32259;43412;6305;6304;6259;90304;6139;46483;6725;1901360;34641;6807;44238;44728;40029;10468;60255;19222;50789;65007;5634;43231;43227;43226;5575;43229;44424;44464;5623;5622;3677;3676;1901363;5488;3674;97159;51567;34968;16571;6479;8213;6464;36211;19538;44267;16570;16569;16568;6325;43933;16043;71840;51276;6996;1902589;44763;44699;44710;18022;18205;18193;61647;16458;10629;10605;9892;48519;5515;50832;98542;6952;6950;50896;51707;43207;9605;9607;51704;9620;8170;8168;16741;16740;3824;5654;44428;44446;44422;31981;70013;43233;31974;3886;8757;9008;90116;32776;6346;6342;45814;45892;1903507;1903506;2001141;31326;9889;31323;50794;51252;19219;80090;51171;10556;1902679;51253;45934;51172;31324;48523;31327;9890;10558;6355;2000112;2000113	4755	5008	5611	6467	2982.5	8708	7214.5	2838	7831	8319	4955.5	6055	1352	5808	1209.5	6712.5	8662	2558	1359	3638.5	2945.5	7215.5	2120	8420	97921.5	4.896.075
ORTHO003388	S-locus lectin protein kinase family protein	AT5G35370	4674;4672;16301;16772;16740;3824;3674;8152;8150;16310;6796;6793;44237;9987;16773;6468;6464;36211;19538;43170;71704;44238;43412;44267;44260;30246;5488;5886;16020;5575;44464;5623;71944	4756	4218	5272	5788	2982.5	2467	6807	2614.5	1328.5	3601	7999	367.5	7377.5	6764.5	6937	7782	7664	4673.5	4205.5	5245.5	2179	6714	5902.5	3447.5	94077	4703.85
ORTHO008794	3'-5' exonuclease domain-containing protein / K homology domain-containing protein / KH domain-containing protein	AT2G25910	5737;44424;44464;5575;5623;5622;3723;3676;1901363;5488;3674;97159;8408;4527;4518;16788;16787;3824;8152;8150;90305;90304;6139;46483;44237;9987;6725;1901360;71704;34641;6807;44238;43170	4757	5072	5091.5	5426	2982.5	3818.5	4341	2772	2412.5	6604.5	6070	6895.5	5740	1800.5	4462	6712.5	5108	4400	1655.5	5215.5	7568	5603	5407	5601	92187	4609.35
ORTHO006062	FUNCTIONS IN: molecular_function unknown	AT4G01400	15031;45184;51234;51179;8150;8104;33036;71702;6810;5739;43231;43227;43226;5575;43229;44424;44464;5623;5622;44444;5737;139;98588;31090;16020;44422;44431;44446;5794;12505;5783;48193;1902582;46907;51649;51641;44765;1902578;44699;16192;5829;3674	4758	4403	5930	7102	2982.5	176	5521	2322	597.5	3007	2129.5	2851	4865.5	4736	290.5	3976.5	8179	8564.5	9153	9164	9136.5	9158	9168.5	9130	102126	5106.3
ORTHO008544	Chitinase family protein	AT1G02360;AT4G01700	50832;98542;6952;6950;50896;8150;51707;43207;9605;9607;51704;9620;5576;5575;16998;44036;44260;43170;71704;8152;44237;9987;71554;44248;9056;6032;1901072;1901071;6040;1901135;46348;1901136;1901575;6030;6022;1901564;6807;6026;1901565;9057;4568;4553;16798;16787;3824;3674;5975;44238;5618;30312;44464;5623;71944	4759	7109	5117	5475	7947.5	2295.5	8162.5	4964	6225	8319	2539	2937.5	3250	2711.5	3265	5325.5	4761	2199.5	5851	6555.5	6180.5	4308.5	7335	5222.5	92408	4620.4
ORTHO008663	Translation elongation  factor EF1B/ribosomal protein S6 family protein	AT1G64510	42254;22613;44085;71840;8150;9507;9536;43231;43227;43226;5575;43229;44424;44464;5623;5622;44444;5737;9535;55035;42651;34357;16020;44436;9579;44435;44446;44422;31976;31984;44434;9534;6412;43043;43604;43603;34641;6807;8152;44237;9987;44271;44249;9058;6518;1901564;71704;1901566;1901576;44267;19538;43170;44238;44260;34645;9059;10467;5840;30529;32991;43232;43228;19843;3723;3676;1901363;5488;3674;97159;3735;5198	4760	3811	4154	3548	2097	5580	7363	2322	5994	5988	6343	2131	3288	3815.5	2702.5	6712.5	3627.5	2199.5	3352	6467.5	4103	3111.5	5171.5	1958.5	82230.5	4.111.525
ORTHO005833	Reticulon family protein	AT2G20590;AT4G28430	16021;31224;44425;5575;16020;5634;43231;43227;43226;43229;44424;44464;5623;5622;8150;5789;98588;31090;44422;44432;44444;5737;44446;5783;12505;42175	4761	6988	6104	7447	7947.5	3040	8038	4826.5	4687.5	8647.5	7040	4059.5	7743	4134.5	4842.5	5325.5	4610.5	4154.5	5347.5	6240	5839	4067	6989	4898	104530	5226.5
ORTHO005840	unknown protein	AT3G19550	5739;43231;43227;43226;5575;43229;44424;44464;5623;5622;44444;5737;3674;6950;50896;8150	4762	3778	6690.5	8619	5748	8214	4587.5	8743	2505.5	6934	3879	7246.5	4122.5	5350.5	766.5	3976.5	7649.5	7637	8838	9125.5	1863.5	8840	8952	8923.5	118154.5	5.907.725
ORTHO004614	basic helix-loop-helix (bHLH) DNA-binding superfamily protein	AT4G29930;AT5G57150	46983;5515;5488;3674;5634;43231;43227;43226;5575;43229;44424;44464;5623;5622;3700;1071;2001141;31326;9889;19222;50789;65007;8150;31323;50794;51252;19219;80090;51171;60255;10556;6355;1903506;10468;2000112;6351;34645;44260;43170;71704;8152;44237;9987;9059;1901576;9058;44249;97659;32774;16070;90304;6139;46483;6725;1901360;34641;6807;44238;34654;19438;44271;18130;1901362;10467;3677;3676;1901363;97159	4763	3916	5391.5	6020	5748	7390	1954	6978.5	5221.5	4140.5	1810	3034.5	5740	3815.5	4842.5	6712.5	4408.5	4154.5	4485	7647	7786.5	5059	7244	2940	95364	4768.2
ORTHO005900	Protein of unknown function (DUF803)	AT3G23870;AT4G13800	15095;72509;22890;8324;15075;22891;22857;5215;3674;6810;51234;51179;8150;55085;44763;9987;44699;44765;1902578;22892;34220;6811;98655;6812;72511;46873;30001;1903830;16021;31224;44425;5575;16020;5886;44464;5623;71944	4764	8435	2495.5	227	8471	3282	6810	4964	3185.5	8535.5	3366.5	1354.5	3222.5	138	136.5	3273.5	2896.5	157	46.5	2496	75	70.5	47	356	44413	2220.65
ORTHO004148	DNA-binding bromodomain-containing protein	AT5G46550	6355;1903506;2001141;31326;9889;19222;50789;65007;8150;31323;50794;51252;19219;80090;51171;60255;10556;10468;2000112;5634;43231;43227;43226;5575;43229;44424;44464;5623;5622;6351;34645;44260;43170;71704;8152;44237;9987;9059;1901576;9058;44249;97659;32774;16070;90304;6139;46483;6725;1901360;34641;6807;44238;34654;19438;44271;18130;1901362;10467;3677;3676;1901363;5488;3674;97159	4765	5269	5241.5	5718	2982.5	3435.5	7339	4373.5	3826	8063.5	4786.5	5960	5740	2711.5	3936.5	3976.5	4942.5	8446.5	2377.5	2880.5	8264.5	3854	2683	6057.5	93654.5	4.682.725
ORTHO002896	Inositol-pentakisphosphate 2-kinase family protein	AT1G22100;AT1G58643;AT1G58936;AT1G59312;AT5G42810	35299;16301;16772;16740;3824;3674;8152;8150;16310;6796;6793;44237;9987;16773;5524;35639;1901265;1901363;5488;97159;43168;43167;32559;30554;17076;166;36094;32555;32553;97367;32550;32549;1882;1883;5634;43231;43227;43226;5575;43229;44424;44464;5623;5622;55062;72506;98771;50801;48878;42592;65008;65007;55081;55083;72505;51607;2252;2376;9615;51707;43207;9605;50896;9607;51704;98542;6952;6950;42742;9617;10264;33517;43647;19637;71704;19751;6066;1901615;44281;44710;44699;44763;32958;46173;46165;1901617;1901576;9058;44283;44711;90407;40007;5737;50832;9620;32942;51765;48527;48528;9791;44767;32502;44707;32501;7275;48364;48513;48856;48731;22622;48569;46872;43169;30643;72501;30002;6873;55082;19725;30320;72502	4766	6827	2443.5	121	7662	3956	3513	1389	4123.5	7539	354.5	2131	3733	138	136.5	3099	2770	203.5	1501	2635.5	273.5	220.5	500	295	38511.5	1.925.575
ORTHO004157	RING/FYVE/PHD zinc finger superfamily protein	AT2G19260	6355;1903506;2001141;31326;9889;19222;50789;65007;8150;31323;50794;51252;19219;80090;51171;60255;10556;10468;2000112;3677;3676;1901363;5488;3674;97159;5634;43231;43227;43226;5575;43229;44424;44464;5623;5622;8270;46914;46872;43169;43167	4767	4308	6270	7773	5284	8095.5	4528.5	8912.5	2465.5	2284	8651	5257	9008.5	5077	327	2080.5	2123.5	8204.5	8962.5	9116.5	7672.5	8666	2013	3501.5	106947	5347.35
ORTHO007861	acyl-CoA binding protein 2	AT4G27780;AT5G53470	5778;44439;44438;44444;44424;44464;5575;5623;5622;5737;44446;44422;43226;43229;42579;43231;43227;5777;31903;98588;31090;16020;98805;5789;44432;5783;12505;44425;42175;62;50662;48037;5488;3674;1901681;43168;43167;6869;44765;6810;51234;51179;8150;1902578;44699;71702;10876;33036;5886;71944;9514;8289;1666;36293;70482;9628;50896;6950;5515;10288;10038;10035;42221;16021;31224;32791;46872;43169;70300;5543;9409;9266;6629;71704;8152;44710;44238;5576;9737;9725;9719;10033;33993;97305;1901700;1101;10162;44767;32502;44702;22414;48609;32504;3;32501;3006;44707;22611;10431;21700;48316;48608;48856;61458;48731;7275;9791;10154;10029;1900140;48580;2000026;50793;50789;65007;51239;9505;5618;30312	4768	5906	5471.5	6175	2982.5	6643.5	4971.5	5957	6823.5	2787	7734.5	8132.5	6071.5	1800.5	5034.5	3976.5	693.5	3949	6700.5	5726.5	753.5	6077	6194.5	6210	96237	4811.85
ORTHO004411	unknown protein	AT2G42370;AT3G58110	5634;43231;43227;43226;5575;43229;44424;44464;5623;5622;3674;8150	4769	4936	6133.5	7498	2982.5	8030	1274.5	5698.5	2541	6524	4251.5	8092	6071.5	7779.5	7313.5	5325.5	7884	7697.5	3321.5	3976	7568	4169	1767.5	5601	104886	5244.3
ORTHO004739	ABC-2 type transporter family protein	AT2G28070	55085;44763;9987;8150;44699;44765;6810;51234;51179;1902578;16021;31224;44425;5575;16020;5886;44464;5623;71944;42626;43492;42623;16887;17111;16462;16818;16817;16787;3824;3674;8152;15405;15399;22804;22857;5215;16820	4770	3043	3293	1816	2097	75.5	1274.5	8968	123.5	6733	5307	5631.5	1352	5907	1196	7360.5	2770	8824.5	3199	4060.5	934.5	718	1453	5222.5	71110.5	3.555.525
ORTHO008313	calcium sensing receptor	AT5G23060	9535;55035;42651;34357;16020;5575;44436;44424;44464;5623;5622;9579;44435;44444;5737;44446;44422;43226;43229;9536;43231;43227;31976;31984;44434;9507;9534;71277;51592;10038;10035;42221;50896;8150;71248;71241;70887;51716;9987;16021;31224;44425;9704;9416;9314;9628;9640;9639;9791;44767;32502;44699;44707;32501;7275;90333;10119;50794;50789;65007;5739	4771	4314	6777.5	8784	2982.5	8756.5	3327	8753	1545.5	3221	8855	5150	1352	5378	693	6712.5	7649.5	7637	8526	9130.5	8663	8840	8853.5	8923.5	121966.5	6.098.325
ORTHO006523	Protein of unknown function; DUF538	AT5G19860	5773;43231;43227;43226;5575;43229;44424;44464;5623;5622;44444;5737;8150;9507;9536	4772	1656	5998.5	7225	1281	7583.5	6700.5	9140	3036	3267	4663	6374.5	8519	8916	6560	2476	2298	8352	8526	2635.5	1003	7470	2013	3340.5	102873.5	5.143.675
ORTHO006468	unknown protein	AT1G73350	5634;43231;43227;43226;5575;43229;44424;44464;5623;5622;8150;3674	4773	4098	4442	4111	2375	1227	7422	6741	7455	738	6763.5	1198.5	5338.5	3815.5	5034.5	6712.5	4135	3121	3944	3899.5	4833.5	4067	6413.5	2575	85434.5	4.271.725
ORTHO000435_2	Protein kinase superfamily protein	AT5G11850	16301;16772;16740;3824;3674;8152;8150;16310;6796;6793;44237;9987;5634;43231;43227;43226;5575;43229;44424;44464;5623;5622;4674;4672;16773;6468;6464;36211;19538;43170;71704;44238;43412;44267;44260;5524;35639;1901265;1901363;5488;97159;43168;43167;32559;30554;17076;166;36094;32555;32553;97367;32550;32549;1882;1883;5886;16020;71944;4712	4774	4525	5554.5	6335	5938.5	6529	3025	6573	8955.5	1409.5	8606.5	3218	6617.5	1800.5	5254.5	6712.5	3958.5	3121	3730.5	6754	4668.5	3754	5902.5	6553	97143.5	4.857.175
ORTHO009323	Cytochrome b561/ferric reductase transmembrane protein family	AT4G18260	16020;5575;9507;9536;43231;43227;43226;43229;44424;44464;5623;5622;44444;5737	4775	4568	3777	2779	2982.5	4758	3129.5	5957	6225	3731	5788.5	4162.5	5740	1800.5	3521.5	3976.5	3209	2199.5	3067.5	5672	3511.5	2433.5	4037.5	4801	77721.5	3.886.075
ORTHO007823	Molecular chaperone Hsp40/DnaJ family protein	AT1G80030	9941;9526;31967;31975;44464;5575;5623;44446;44422;43226;44424;5622;43229;43227;44435;44444;5737;9536;43231;44434;9507;9535;55035;42651;34357;16020;44436;9579;31976;31984;9534;6457;9987;8150;46872;43169;43167;5488;3674	4776	3732	3406.25	2036.5	2097	8881.5	7010.5	5957	6379.5	8398	3596.5	4111	3106	3815.5	1758.5	3976.5	3367.5	1669.5	552.5	2206.5	1003	2213.5	3284.5	1546.5	72834	3641.7
ORTHO006997	unknown protein	AT3G61870	9534;31976;9579;44424;44464;5575;5623;5622;31984;44446;44422;43226;43229;43227;44435;44444;5737;9536;43231;44434;9507;9941;9526;31967;31975;3674;9706;9528;19866;31090;16020;42170;31969;8150;5739	4777	2899	5322.5	5868	4356	5833.5	2528	1013.5	1753	1750.5	1810	2038	7743	7636	7487.5	2476	6162	6388.5	8266	5519.5	6696	7061.5	7818	4586.5	94567	4728.35
ORTHO007906	Pheophorbide a oxygenase family protein with Rieske [2Fe-2S] domain	AT3G44880	9534;31976;9579;44424;44464;5575;5623;5622;31984;44446;44422;43226;43229;43227;44435;44444;5737;9536;43231;44434;9507;5840;30529;32991;43232;43228;9570;9532;44238;8152;8150;6412;43043;43604;43603;34641;6807;44237;9987;44271;44249;9058;6518;1901564;71704;1901566;1901576;44267;19538;43170;44260;34645;9059;10467;3735;5198;3674	4778	3294.5	5903.5	7029	4356	8278	6039	2114.5	6124	5996.5	9015.5	1889	7121	6971	7258.5	7782	6162	5101.5	358	635	1264.5	7470	7946.5	4016	101542.5	5.077.125
ORTHO002349	phytosulfokine 4 precursor	AT3G49780	9887;44767;32502;8150;44699;9653;48856;48513;48731;7275;44707;32501;8083;5102;5515;5488;3674;5576;5575;5794;43231;43227;43226;43229;44424;44464;5623;5622;44444;5737;12505;31012;8283;30154;48869;44763;9987	4779	8737	4837.5	4896	8678	4123	9173	2903.5	3753	8934.5	4069.5	3578.5	4206	4329.5	1372.5	8358	8985.5	8107	5347.5	1869	2474.5	398.5	1640	5913	89536	4476.8
ORTHO008461	Cleavage/polyadenylation specificity factor; 25kDa subunit	AT4G25550	46872;43169;43167;5488;3674;3729;44822;3723;3676;1901363;97159;5849;44451;44428;44446;44422;5575;43226;44424;44464;5623;5622;43229;5634;43231;43227;5654;31981;70013;43233;31974;43234;32991;16787;3824;8152;8150;5515;6378;31124;6397;16071;16070;44260;43170;71704;44237;9987;90304;6139;46483;6725;1901360;34641;6807;44238;6396;10467;31123;43631	4780	7052	6590	8400	6194	5211.5	9012.5	2939.5	6225	6687	6763.5	5699	1352	7213.5	8138	5325.5	6955.5	4673.5	7281	3721.5	7786.5	6813.5	4773	7315.5	113887	5694.35
ORTHO006683	Eukaryotic aspartyl protease family protein	AT2G03200	5576;5575;6508;19538;43170;71704;8152;8150;44238	4781	5365	2433	85	6358.5	4758	1672.5	1484	3933.5	8535.5	478.5	511.5	1352	138	136.5	3232.5	2702.5	398	1642	3108	128	258	891.5	450.5	35811	1790.55
ORTHO003265	Metal-dependent protein hydrolase	AT3G49320;AT5G41970	8150;16787;3824;3674;8152;5829;44444;44424;44464;5575;5623;5622;5737;5739;43231;43227;43226;43229	4782	2357	3209	1636	4356	961.5	2234.5	6978.5	149	3637.5	1623	1576.5	6804.5	4486	6137	1830	3891.5	5221.5	4756.5	4392	4519	2328.5	4586	3179.5	69292.5	3.464.625
ORTHO001286_1	serine carboxypeptidase-like 34	AT5G23210	9505;5618;30312;44464;5575;5623;71944;5576;4185;4180;8238;70011;8233;16787;3824;3674;8152;8150;6508;19538;43170;71704;44238;70008;8236;17171;5773;43231;43227;43226;43229;44424;5622;44444;5737	4783	5938	5631	6479	2982.5	6149	8400	5698.5	1545.5	5808	7382.5	2467.5	5740	1800.5	4462	5325.5	7897.5	3121	6056.5	7299	5637	4612.5	2965	5601	97968.5	4.898.425
ORTHO000908_1	chromomethylase 3	AT1G69770;AT1G80740	5634;43231;43227;43226;5575;43229;44424;44464;5623;5622;51567;34968;16571;6479;43414;44260;43170;71704;8152;8150;44237;9987;32259;43412;8213;6464;36211;19538;44238;44267;16570;16569;16568;6325;43933;16043;71840;51276;6996;1902589;44763;44699;44710;18022;18205;18193;61647;10425;32776;6306;6305;6304;6259;90304;6139;46483;6725;1901360;34641;6807;44728;40029;10468;60255;19222;50789;65007;45814;10629;10605;9892;48519;10069;281;61640;910;22402;7049;51301;1903047;278;10070;8356;9793;44702;22414;3006;32502;9790;44767;48856;7275;44707;32501;48316;48608;61458;48731;9791;10154;6342;45892;1903507;1903506;2001141;31326;9889;31323;50794;51252;19219;80090;51171;10556;1902679;51253;45934;51172;31324;48523;31327;9890;10558;6355;2000112;2000113;16458;3886;8757;8168;16741;16740;3824;3674;9008;90116;6351;34645;9059;1901576;9058;44249;97659;32774;16070;34654;19438;44271;18130;1901362;10467;3682;44877;5488;3677;3676;1901363;97159;9294;9292;44764;51704	4784	4392	5413	6042	2982.5	6761.5	2703	2185	7183.5	3448	1483.5	7933	6804.5	1800.5	5413.5	6712.5	4135	4154.5	7281	7080	262	6576.5	6709	6850.5	95477	4773.85
ORTHO003469	NA	NA	NA	4785	8538	4717.5	4650	8471	4187	5130.5	7372.5	5355.5	8446	4069.5	8178.5	4492.5	1254	1481.5	8358	1507	867.5	7197.5	4527	5170.5	799	2794.5	6949.5	88138	4406.9
ORTHO006861	2-oxoglutarate (2OG) and Fe(II)-dependent oxygenase superfamily protein	AT4G13400	9507;9536;43231;43227;43226;5575;43229;44424;44464;5623;5622;44444;5737;8150;3674	4786	2919	6610.75	8435.5	4356	7051	2528	7461	8307	930.5	1810	998	7743	7600	7487.5	7782	6099.5	6388.5	7353.5	8987	6696	6991	7729.5	4586.5	114529.5	5.726.475
ORTHO008819	unknown protein	AT3G07510	8150;9507;9536;43231;43227;43226;5575;43229;44424;44464;5623;5622;44444;5737;3674	4787	3861	6108.5	7430	4356	3511	1184.5	9112	3104	6551	669	6961.5	6617.5	6764.5	6764.5	7782	5561	8532.5	1788	2455	8019	7202	8115.5	3721	104415.5	5.220.775
ORTHO004305	high cyclic electron flow 1	AT3G54050	9570;9532;44435;44444;44424;44464;5575;5623;5622;5737;44446;44422;43226;43229;9536;43231;43227;44434;9507;46872;43169;43167;5488;3674;19253;19685;16051;44723;5975;71704;8152;8150;44238;44710;44699;1901576;9058;44711;15979;44237;9987;15977;9409;9266;9628;50896;6950;5985;5984;44262;9311;44763;30388;19637;6793;1901135;6796;48046;5576;9773;9767;22900;6091;55114;19684;42132;50308;19203;16791;42578;16788;16787;3824;16311;10319;9526;31967;31975;9735;9725;9719;10033;42221;6000;19318;5996;44281	4788	5093	3435	2082	6100.5	1777	6055.5	2545	1545.5	2569	2809.5	3686.5	6071.5	3283.5	4705.5	3976.5	8269	3580	2078.5	2794.5	8153	1910	759.5	6553	73122.5	3.656.125
ORTHO003341	Sec1/munc18-like (SM) proteins superfamily	AT2G17980	15031;45184;51234;51179;8150;8104;33036;71702;6810;5829;44444;44424;44464;5575;5623;5622;5737;6904;48278;22406;44763;9987;44699;16192;6887;32940;46903;44765;1902578;51649;51641;9306;8565;22892;5215;3674	4789	4085	5545.5	6302	2375	1885	4698	8435	4387	8934.5	6543	8085	4793	6455	6728	5325.5	8370.5	4400	3385	6689.5	3675	1228	1181	1769	96967	4848.35
ORTHO002594_1	Pyruvate phosphate dikinase; PEP/pyruvate binding domain	AT1G10760	5524;35639;1901265;1901363;5488;3674;97159;43168;43167;32559;30554;17076;166;36094;32555;32553;97367;32550;32549;1882;1883;5515;50521;16301;16772;16740;3824;8152;8150;16310;6796;6793;44237;9987;16781;9610;9608;51707;43207;9605;50896;9607;51704;9620;9570;9532;44435;44444;44424;44464;5575;5623;5622;5737;44446;44422;43226;43229;9536;43231;43227;44434;9507;5983;9251;272;5976;5975;71704;44238;43170;16052;1901575;9056;9057;44042;44247;44264;44260;44262;44275;44248;5982;6073;46872;43169;9941;9526;31967;31975;9631;9409;9266;9628;6950;5739;10353;34285;9743;10033;42221;1901700	4790	3837	2973.5	1157	2097	1500	5205.5	2614.5	2264	2340	5973.5	3686.5	3192.5	3815.5	2396.5	6712.5	3367.5	2199.5	3199	3659	3675	2541	4366	1769	64477	3223.85
ORTHO004616	unknown protein	AT1G07795;AT2G37530	3674;8150;5575;5739;43231;43227;43226;43229;44424;44464;5623;5622;44444;5737	4791	7800	4085	3379	6664	4233	7778	2460.5	4209	8934.5	5836	6482	4380.5	1254	1549	5325.5	7526.5	523.5	3857.5	4297.5	1398	1110.5	3371.5	6801.5	81328.5	4.066.425
ORTHO006361	Protein kinase superfamily protein	AT3G26700	16301;16772;16740;3824;3674;8152;8150;16310;6796;6793;44237;9987;5886;16020;5575;44464;5623;71944	4792	465	2835.5	879	672.5	44	162.5	8926	255	5520.5	4693.5	632	1352	9117	6764.5	976.5	630	8768	2066	3274.5	3646	530	629	2501.5	60488.5	3.024.425
ORTHO007632	Integrase-type DNA-binding superfamily protein	AT2G41710	6351;34645;44260;43170;71704;8152;8150;44237;9987;9059;1901576;9058;44249;97659;32774;16070;90304;6139;46483;6725;1901360;34641;6807;44238;34654;19438;44271;18130;1901362;10467;9873;160;35556;7165;50794;50789;65007;51716;50896;7154;44763;44699;44700;23052;9755;32870;9725;9719;10033;42221;71495;71310;70887;71369;9723;3700;1071;3674;2001141;31326;9889;19222;31323;51252;19219;80090;51171;60255;10556;6355;1903506;10468;2000112;5634;43231;43227;43226;5575;43229;44424;44464;5623;5622;3677;3676;1901363;5488;97159;7275;44767;32502;44707;32501	4793	3773	4627.5	4462	2097	7794.5	4457	7084	493.5	3396	669	679.5	1352	4134.5	5254.5	6712.5	5281.5	4400	5430	5519.5	7386	6429	7244	3447.5	87164.5	4.358.225
ORTHO007228	Protein of unknown function (DUF1279)	AT2G27290	3674;9535;55035;42651;34357;16020;5575;44436;44424;44464;5623;5622;9579;44435;44444;5737;44446;44422;43226;43229;9536;43231;43227;31976;31984;44434;9507;9534;8150	4794	4254	3050	1306	2982.5	5799	1011	6573	8259	1893	1483.5	307.5	1352	3815.5	5034.5	6712.5	562	2558	2538	1584.5	864.5	3609.5	5710.5	6553	66220.5	3.311.025
ORTHO002658	RNA binding Plectin/S10 domain-containing protein	AT4G25740;AT5G41520;AT5G52650	22627;15935;44391;30529;32991;5575;44424;44464;5623;5622;44444;5737;44446;44422;43226;43229;5840;43232;43228;44445;5829;22626;44822;3723;3676;1901363;5488;3674;97159;3735;5198;6412;43043;43604;43603;34641;6807;8152;8150;44237;9987;44271;44249;9058;6518;1901564;71704;1901566;1901576;44267;19538;43170;44238;44260;34645;9059;10467;28;22618;71826;43933;16043;71840;34622;65003;22607;44085;22613;42255;70925;6996;42254;42274;16020;9507;9536;43231;43227;90506;10014;44767;32502;44699;9933;48532;9653;48856;48507;9888;48513;48731;7275;44707;32501;10223;10346;48646;10016;48367;1763;5618;30312;71944;2000032;1900618;22603;50793;50789;65007;48831;2000026;51239;60688;10252;48878;42592;65008	4795	6833	5538	6281	7662	8937	8282	5213.5	7978	6065.5	5973.5	3686.5	1352	2711.5	3936.5	5325.5	831.5	3121	5851	5337	5422.5	5603	5407	5806	96840.5	4.842.025
ORTHO001248	nodulin MtN21 /EamA-like transporter family protein	AT3G30340;AT4G01440	22857;5215;3674;6810;51234;51179;8150;55085;44763;9987;44699;44765;1902578;5886;16020;5575;44464;5623;71944	4796	4902	6480	8164	2982.5	6529	5997.5	2684	7831	2524.5	8871	4239	3865.5	8210.5	7804.5	7782	4870.5	4507	4795.5	2373.5	7709	7441	5407	7315.5	110757.5	5.537.875
ORTHO002534	GroES-like zinc-binding alcohol dehydrogenase family protein	AT3G19450;AT4G34230	45551;16616;16614;16491;3824;3674;8152;8150;55114;44710;44699;9809;9808;9698;19748;6725;44237;9987;1901360;71704;44763;9699;19438;44249;9058;1901362;1901576;44550;44711;5737;44424;44464;5575;5623;5622;52747;8270;46914;46872;43169;43167;5488;80167;9628;50896;5829;44444	4797	7781	4532.5	4268	6664	2931.5	3224.5	4826.5	5144	4278.5	2809.5	7230.5	5338.5	906.5	2396.5	5325.5	7860.5	4154.5	4388	7692.5	5839	1525	1640	8718	86229.5	4.311.475
ORTHO008880	NA	NA	NA	4798	6113	6463.5	8129	6857.5	6739	5581	2838	7325.5	3163.5	2809.5	8921.5	1352	8210.5	8404	6712.5	7113.5	4887	7562	4884.5	7254	6576.5	3113	6949.5	110397	5519.85
ORTHO006626	tubulin folding cofactor A (KIESEL)	AT2G30410	5515;5488;3674;5737;44424;44464;5575;5623;5622;7021;43623;6461;65003;43933;16043;71840;8150;9987;22607;44085;71822;70271;34622;910;22402;44763;44699;7049;51301;5829;44444;5874;44430;44446;44422;43226;43229;5856;43232;43228;43234;32991;15630;15631;8092	4799	5407	5072	5345	6358.5	5285	6338	1823.5	1916	7216	3366.5	7017.5	6895.5	8686.5	7804.5	5325.5	9125.5	4747.5	7281	2782	1264.5	150	71	4678.5	91774.5	4.588.725
ORTHO005643	Trm112p-like protein	AT1G78190	30488;1510;43414;44260;43170;71704;8152;8150;44237;9987;32259;43412;9451;16070;90304;6139;46483;6725;1901360;34641;6807;44238;6400;8033;34470;34660;6396;10467;6399;18364;6479;8213;6464;36211;19538;44267;70476;36265;9452;36260;70475;31167;154;6364;16072;42254;22613;44085;71840;3674;5575	4800	5705	4674.5	4549	6534	1500	5187.5	8830.5	6823.5	1750.5	5973.5	2086	5740	1800.5	3936.5	3976.5	4998.5	3121	5502	5277	5265	5603	5171.5	5041.5	87584.5	4.379.225
ORTHO007744	Polynucleotidyl transferase; ribonuclease H-like superfamily protein	AT5G26940	738;6308;6259;44260;43170;71704;8152;8150;44237;9987;90304;6139;46483;6725;1901360;34641;6807;44238;44265;9057;1901575;9056;44248;34655;19439;44270;1901361;46700;90305;5622;44464;5575;5623;9507;9536;43231;43227;43226;43229;44424;44444;5737;4527;4518;16788;16787;3824;3674;5739	4801	5851	3865.5	2930	2982.5	8775	5466	8381.5	4586.5	8934.5	4322.5	6651.5	4677	328.5	1812.5	3976.5	2025	4595	4059	1426	1496.5	1910	1866	3447.5	78737	3936.85
ORTHO006364	HXXXD-type acyl-transferase family protein	AT1G27620	16747;16746;16740;3824;3674;8152;8150;5737;44424;44464;5575;5623;5622	4802	4044	2970.5	1139	6071	4244.5	4341	1912	6124	5038	3269.5	4421	4417	4321	1812.5	6712.5	8026.5	1210.5	105	5519.5	800.5	433	251.5	1263	64222.5	3.211.125
ORTHO000834	Heavy metal transport/detoxification superfamily protein	AT1G01490	46916;6875;55065;98771;50801;48878;42592;65008;65007;8150;55080;30003;6873;55082;19725;44763;9987;44699;55076;46872;43169;43167;5488;3674;5634;43231;43227;43226;5575;43229;44424;44464;5623;5622;5737;46914;30001;6812;6811;44765;6810;51234;51179;1902578	4803	8785	6290.75	7778.5	8678	6679.5	8793	7409.5	4209	6988	8232.5	8818.5	4738	906.5	1616	8358	4761	985	7509	3868	7386	1010.5	5678	9039.5	106985.5	5.349.275
ORTHO001375	tripeptidyl peptidase ii	AT4G20850;AT5G23870	5773;43231;43227;43226;5575;43229;44424;44464;5623;5622;44444;5737;8152;8150;6508;19538;43170;71704;44238;5774;44437;44446;44422;98588;31090;16020;98805;4177;8238;70011;8233;16787;3824;3674;4252;4175;8236;17171;8240;22626;44445;5829;5840;30529;32991;43232;43228;9507;9536;52793;52689;16788;71555;45229;16043;71840;9987;71554;9505;5618;30312;71944;5576	4804	3692	3816.25	2828.5	5748	1329	5146.5	5813.5	8734	5215.5	2809.5	307.5	4677	3815.5	2702.5	6712.5	3589	2199.5	3321.5	3747	3978	2923.5	5021	5957	77999.5	3.899.975
ORTHO006889	CONTAINS InterPro DOMAIN/s: Basic helix-loop-helix; Nulp1-type (InterPro:IPR006994)	AT2G46900	5634;43231;43227;43226;5575;43229;44424;44464;5623;5622;8150;3674;5829;44444;5737	4805	3797	4597	4389	4356	1089	859	2838	3471	8934.5	4952.5	7495	5740	6764.5	6867.5	7782	8003	7028	2249	3254	2711.5	2433.5	1405.5	2940	86817.5	4.340.875
ORTHO007853	pfkB-like carbohydrate kinase family protein	AT1G06730	5634;43231;43227;43226;5575;43229;44424;44464;5623;5622;5737;16310;6796;6793;44237;8152;8150;9987;16301;16772;16740;3824;3674	4806	3902	4540.5	4275	2097	6966	6182	6741	7325.5	4009	1483.5	155.5	5740	3815.5	4233.5	6712.5	4252.5	3949	4165.5	1129.5	5061.5	4780.5	6854	2699.5	86256	4312.8
ORTHO003577	ubiquinol-cytochrome C reductase UQCRX/QCR9-like family protein	AT3G52730	16020;5575;6122;22904;22900;6091;44237;8152;8150;9987;55114;44710;44699;44763;45333;15980;42775;42773;6119;16310;6796;6793;46034;9150;6163;72521;46483;6725;1901360;71704;34641;6807;1901564;9117;6753;19637;55086;6139;44238;44281;9259;19693;1901135;9167;9161;9123;9126;9205;9144;9141;9199;46128;9119;9116;1901657;42278;5739;43231;43227;43226;43229;44424;44464;5623;5622;44444;5737;5750;45275;1902495;98796;43234;32991;44425;1990351;16021;31224;1990204;1902494;70069;98803;70469;98800;98798;44429;44446;44422;44455;31966;31090;5740;31967;31975;5743;19866;5746;1902600;15992;15672;6812;6811;44765;6810;51234;51179;1902578;6818;98662;98660;34220;55085;98655;8121;15078;15077;22890;8324;15075;22891;22857;5215;3674;22892;16681;16679;16491;3824	4807	7678	6164.5	7522	6664	6898	7665	4964	7632	1999	7382.5	2729	7743	2711.5	3047.5	8358	4761	2199.5	5851	8025.5	6180.5	4308.5	7335	5222.5	105013	5250.65
ORTHO006846	metaxin-related	AT2G19080	5515;5488;3674;5739;43231;43227;43226;5575;43229;44424;44464;5623;5622;44444;5737;5741;31966;31090;16020;44422;44429;44446;5740;31967;31975;31968;19867;98805;98588;5743;19866;9536;16021;31224;44425;6626;1902580;51641;51179;8150;1902578;44699;6605;6886;15031;45184;51234;8104;33036;71702;6810;46907;51649;34613;70727;1902582;44765;16482;70585;33365;6839;72655;72594;7005;6996;16043;71840;9987;5634	4808	5759	6899	8990	2982.5	6810	4341	6741	7691.5	3283.5	8314	5543	7031	8072	7667.5	5325.5	6925.5	4887	7950	8590.5	7254	7332.5	7667.5	7028	128455	6422.75
ORTHO002272	RNA-binding (RRM/RBD/RNP motifs) family protein	AT4G17720	5634;43231;43227;43226;5575;43229;44424;44464;5623;5622;5829;44444;5737;3676;1901363;5488;3674;97159;166;36094;1901265;9735;9725;9719;50896;8150;10033;42221	4809	6799	4691.5	4574	7662	8077	4638.5	2750.5	7632	8319	2992.5	4309	3235	2711.5	2702.5	5325.5	4761	2558	3653	5337	4226.5	4308.5	4961.5	5222.5	87721	4386.05
ORTHO003705	unknown protein	AT3G28430	5794;43231;43227;43226;5575;43229;44424;44464;5623;5622;44444;5737;12505;1903415;16482;46907;6810;51234;51179;8150;51649;51641;7034;1902582;44765;1902578;44699;71702;44090;10638;33043;51128;50794;50789;65007;51130;48522;48518;44088;1708;48869;44767;32502;44763;9987;45165;30154;9718;46283;9812;71704;8152;42440;44710;9813;1901576;9058;46148;44711;16192;19898;44425;16020;3674	4810	4139	4530.5	4251	5938.5	1089	2328.5	6573	5994	3698.5	1810	3218	3406.5	3815.5	5413.5	6712.5	3958.5	3121	7042	6754	4668.5	3955.5	6040	6553	86151.5	4.307.575
ORTHO005625	minichromosome maintenance (MCM2/3/5) family protein	AT1G44900	5634;43231;43227;43226;5575;43229;44424;44464;5623;5622;6270;6259;44260;43170;71704;8152;8150;44237;9987;90304;6139;46483;6725;1901360;34641;6807;44238;6261;6260;34645;9059;1901576;9058;44249;10082;10075;48509;2000026;50793;50789;65007;51239;48638;40008;10073;44767;32502;44699;44707;32501;48507;9888;48856;48513;48731;7275;2000280;10015;9653;48364;22622;6268;32508;32392;71103;51276;6996;16043;71840;5524;35639;1901265;1901363;5488;3674;97159;43168;43167;32559;30554;17076;166;36094;32555;32553;97367;32550;32549;1882;1883;9790;347;44428;44446;44422;43234;32991;3677;3676;46872;43169;790;785;44427;5694;43232;43228;44454;228;31981;70013;43233;31974;8283;8094;42623;16887;17111;16462;16818;16817;16787;3824;16032;44764;51704;44403;44419;42127;50794;5829;44444;5737;5515	4811	2923	5492.5	6174	2097	8440.5	3327	3563	3312	5164	4758.5	6629	1352	5656	1109.5	1830	2907.5	9080.5	3104	8967.5	3185.5	8413.5	8485	6949.5	96234.5	4.811.725
ORTHO006231	Na+/H+ antiporter 2	AT1G49810;AT3G19490	6814;15672;6812;6811;44765;6810;51234;51179;8150;1902578;44699;30001;16021;31224;44425;5575;16020;1901475;1903825;15849;71702;55085;44763;9987;6848;15718;46942;15711;6820;98656;34220;35725;98662;98660;98655;15386;5451;15299;15078;15077;22890;8324;15075;22891;22857;5215;3674;22892;1902600;15992;6818;15298;15297;15291;22804;15491;22821;15079;46873;71805;71804;6813;5886;44464;5623;71944;15385;15081;50833;8028;46943;8514;8509;5342;9507;9536;43231;43227;43226;43229;44424;5622;44444;5737	4812	5110	4894	4976	2982.5	1329	3327	5957	8101	2385.5	1312.5	3422.5	6071.5	1800.5	5034.5	3976.5	5864.5	3949	6700.5	6467.5	6180.5	5924	6040	6057.5	89901	4495.05
ORTHO006684	unknown protein	AT2G30700	5886;16020;5575;44464;5623;71944;3674;8150	4813	3533	4685.5	4558	2097	2897	6039	3534.5	5619	6459.5	1623	7571	5195	3815.5	3265	6712.5	4054.5	8751	4328.5	3129.5	1863.5	4067	6282.5	2439.5	87647	4382.35
ORTHO004655	unknown protein	AT1G09645;AT1G57765	9507;9536;43231;43227;43226;5575;43229;44424;44464;5623;5622;44444;5737;3674;8150	4814	7167	4630	4446	7947.5	4890.5	7819	7656	4788.5	7441.5	5685.5	6271	2853	3283.5	1725.5	8358	3752	1494	4205.5	5369.5	3870	1358.5	2757.5	3501.5	87080.5	4.354.025
ORTHO000962	alpha-L-arabinofuranosidase 1	AT3G10740;AT5G26120	48046;5576;5575;45493;45491;10410;10383;5976;5975;71704;8152;8150;44238;43170;44036;44260;44237;9987;71554;272;16052;1901575;9056;9057;5578;31012;44421;5773;43231;43227;43226;43229;44424;44464;5623;5622;44444;5737;46556;4553;16798;16787;3824;3674;46373;19566;19321;5996;44723;44710;44699;44281;9044;97599;9505;5618;30312;71944	4815	5841	5396.5	5978	5552	5285	9120	3588	1753	5927.5	4251.5	8522.5	1352	2711.5	3521.5	6712.5	4464.5	7697.5	7509	1189.5	7568	4308.5	4927.5	4758	95167.5	4.758.375
ORTHO006441	C2H2 and C2HC zinc fingers superfamily protein	AT4G03120	395;6376;22618;71826;43933;16043;71840;8150;9987;34622;65003;22607;44085;22613;245;398;6397;16071;16070;44260;43170;71704;8152;44237;90304;6139;46483;6725;1901360;34641;6807;44238;6396;10467;377;375;8380;45292;5685;97525;30532;44428;44446;44422;5575;43226;44424;44464;5623;5622;43229;5634;43231;43227;30529;32991;71010;5681;243;5684;30627;36002;3723;3676;1901363;5488;3674;97159	4816	5245	4610	4404	2982.5	1594	8162.5	4964	7632	2988	3136.5	6895.5	5740	3431.5	4233.5	3976.5	5457.5	2724.5	5128	6632	4321	3222.5	1971.5	4678.5	86889.5	4.344.475
ORTHO007968	Tetratricopeptide repeat (TPR)-like superfamily protein	AT1G22700	9507;9536;43231;43227;43226;5575;43229;44424;44464;5623;5622;44444;5737;5634;48564;43623;6461;65003;43933;16043;71840;8150;9987;22607;44085;71822;70271;34622;19684;6091;44237;8152;15979;9535;55035;42651;34357;16020;44436;9579;44435;44446;44422;31976;31984;44434;9534	4817	3301	4835.5	4854	2097	476	6021	8670	931	6687	2129.5	1198.5	1352	7343.5	7304.5	7782	562	5626	4715	635	7786.5	7637.5	8163.5	4291.5	89312	4465.6
ORTHO001161_2	Iron-sulphur cluster biosynthesis family protein	AT5G03900	9536;43231;43227;43226;5575;43229;44424;44464;5623;5622;44444;5737;97428;51604;19538;43170;71704;8152;8150;44238;10467;51537;51536;51540;5488;3674;6790;44237;9987;16226;9058;31163;22607;16043;71840;44085;8198;5506;46914;46872;43169;43167;9941;9526;31967;31975;44446;44422;44435;44434;9507;5759;44429;5739;70013;43233;31974;51539	4818	2947	6233	7648	5552	2897	3758	7762	8856.5	3040	3136.5	5257	1352	5613	867	1830	8674	7846	8584.5	9154	8468.5	8421	2617	7768	105902	5295.1
ORTHO007896	Protein of unknown function (DUF3223)	AT1G45230	9507;9536;43231;43227;43226;5575;43229;44424;44464;5623;5622;44444;5737;5507;46914;46872;43169;43167;5488;3674;48038;48037;9308;1901564;71704;8152;8150;6807	4819	3306	3484.5	2150	1522.5	5547	3513	3181	2541	1371	5460	1471	1352	7850	7917.5	2914	1000	6590	5430	3949.5	3354	5213.5	4014.5	847	73516	3675.8
ORTHO001798	Cation efflux family protein	AT1G16310;AT1G79520	71577;98662;98660;34220;6811;44765;6810;51234;51179;8150;1902578;44699;55085;44763;9987;98655;6812;6829;41;30001;70838;72511;5385;72509;22890;8324;15075;22891;22857;5215;3674;22892;46915;46873;10043;10038;10035;42221;50896;1990267;61088;32879;50789;65007;50794;2000021;32844;16020;5575;5634;43231;43227;43226;43229;44424;44464;5623;5622;5774;44437;44444;5737;44446;44422;5773;98588;31090;98805;5886;71944;16021;31224;44425	4820	5040	6654.25	8488.5	2982.5	5904	3129.5	2796	4452.5	6687	7382.5	5543	7031	8210.5	7713.5	7782	4346.5	4507	7562	7299	4668.5	6429	7156	7028	115627.5	5.781.375
ORTHO003049	transducin family protein / WD-40 repeat family protein	AT5G05570	17157;60627;50794;50789;65007;8150;51049;32879;1903530;51046;60341;166;36094;5488;3674;1901265;1901363;97159;17137;17016;31267;51020;19899;5515;5096;8047;30234;98772;50790;19222;65009;43085;44093;9893;48518;30695;60589;43547;43087;51336;51345;5634;43231;43227;43226;5575;43229;44424;44464;5623;5622;19905;149;5737;5886;16020;71944	4821	7612	4648.5	4476	6358.5	7616	7819	3123	3019	6825	4188.5	6629	1352	4344	2910	5325.5	3471	3121	3445.5	7408.5	1558	2433.5	5617	7028	87233.5	4.361.675
ORTHO005168	translocon at the inner envelope membrane of chloroplasts 55-II	AT2G24820	9941;9526;31967;31975;44464;5575;5623;44446;44422;43226;44424;5622;43229;43227;44435;44444;5737;9536;43231;44434;9507;9706;9528;19866;31090;16020;42170;31969;10277;16703;16701;16491;3824;3674;8152;8150;55114;44710;44699;4497;51537;51536;51540;5488;46872;43169;43167;16021;31224;44425;45036;1902580;51641;51179;1902578;6605;6886;15031;45184;51234;8104;33036;71702;6810;46907;51649;34613;70727;1902582;44765;72596;72594;33365;72598;16482	4822	3359	2950	1078	4356	1089	2121.5	1912	2570.5	4197	2129.5	1198.5	5338.5	3815.5	3265	6712.5	4191.5	3580	4016	4100	4833.5	2923.5	2871.5	2575	63440.5	3.172.025
ORTHO005735	YGGT family protein	AT3G07430;AT4G27990	90143;16043;71840;8150;9987;44763;44699;3674;9941;9526;31967;31975;44464;5575;5623;44446;44422;43226;44424;5622;43229;43227;44435;44444;5737;9536;43231;44434;9507;9535;55035;42651;34357;16020;44436;9579;31976;31984;9534;16021;31224;44425;9793;44702;22414;3006;32502;9790;44767;48856;7275;44707;32501;48316;48608;61458;48731;9791;10154;10020;9658;9657;6996;43572;48285	4823	4009	5971	7119	4356	8412.5	8728.5	3065	2715.5	8535.5	8232.5	5395	1352	6227.5	1677.5	7360.5	8220	5626	4485	8397.5	5170.5	1358.5	1681.5	5601	102242	5112.1
ORTHO000322_2	Uncharacterized protein	AT5G26850	8150	4824	3859	3170	1516	2097	663	3863.5	6428.5	4365	4335.5	6070	3578.5	4677	3815.5	2702.5	6712.5	7799	1322	99	6322.5	864.5	1566.5	1386	1794	68365	3418.25
ORTHO008006	LOCATED IN: thylakoid; chloroplast thylakoid membrane; chloroplast; chloroplast envelope	AT3G47070	9535;55035;42651;34357;16020;5575;44436;44424;44464;5623;5622;9579;44435;44444;5737;44446;44422;43226;43229;9536;43231;43227;31976;31984;44434;9507;9534;9941;9526;31967;31975	4825	7361	5542.5	6260	6358.5	5285	4118.5	7935.5	5355.5	4166.5	6343	2937.5	7743	2711.5	2910	5325.5	4666	2558	5648	8077	7636	3374.5	5021	4898	96710	4835.5
ORTHO006344	Amino acid dehydrogenase family protein	AT1G51720	6520;1901564;71704;8152;8150;6807;19752;43436;6082;44281;44710;44699;44763;9987;44237;44238;16491;3824;3674;55114;5737;44424;44464;5575;5623;5622	4826	4763	3646.75	2467.5	5938.5	866.5	2328.5	6507.5	5028	5694	2129.5	8158.5	1352	3283.5	5034.5	6712.5	4346.5	2199.5	105	6860	4519	2213.5	2129.5	6379.5	75847.5	3.792.375
ORTHO002653	pleckstrin homologue 1	AT2G29700;AT5G05710	7165;50794;50789;65007;8150;51716;9987;50896;7154;44763;44699;44700;23052;5737;44424;44464;5575;5623;5622;8289;5488;3674;35091;5543;43168;43167	4827	7219	5062.5	5298	7947.5	4675.5	8038	4571	3813	6687	5973.5	5600.5	7031	2711.5	2396.5	5325.5	3891.5	4154.5	4914	3362	4946	2923.5	6194.5	4291.5	91500.5	4.575.025
ORTHO005864	Calcium-binding EF-hand family protein	AT2G41410;AT3G10190	5886;16020;5575;44464;5623;71944;5509;46872;43169;43167;5488;3674;50832;98542;6952;6950;50896;8150;51707;43207;9605;9607;51704;9620;5515	4828	3271	3974	3120	4356	8007.5	6168	6142.5	4429.5	502	2129.5	7898.5	5195	3815.5	3265	6712.5	4004	2199.5	154	2092	4668.5	3955.5	6040	2439.5	79818.5	3.990.925
ORTHO008261	unknown protein	AT3G52860	16592;44451;44428;44446;44422;5575;43226;44424;44464;5623;5622;43229;5634;43231;43227;5654;31981;70013;43233;31974;43234;32991;1900055;2000024;48831;2000026;50793;50789;65007;8150;51239;3674	4829	4562	4965	5101	2982.5	1227	7395	2114.5	5994	402.5	6763.5	7888.5	6617.5	1800.5	5034.5	6712.5	3958.5	3121	3792	6754	4668.5	3854	5902.5	6553	90553.5	4.527.675
ORTHO003829	Tudor/PWWP/MBT superfamily protein	AT3G05430;AT5G27650	3674;8150;5634;43231;43227;43226;5575;43229;44424;44464;5623;5622	4830	6169	3990	3150	7245.5	5285	5303	5121.5	5355.5	6687	5873	5720.5	4738	3283.5	2396.5	5325.5	4135	1494	1567	4778	3800.5	2677	2437.5	4016	79994	3999.7
ORTHO008545	zinc finger (C2H2 type) family protein	AT2G36930	8270;46914;46872;43169;43167;5488;3674;3676;1901363;97159;8150	4831	4565	3846	2861	5938.5	214	5130.5	6741	7183.5	3436.5	6763.5	247	6731.5	3283.5	5413.5	3976.5	8026.5	3121	3944	3899.5	914	1656	1035	6553	78270	3913.5
ORTHO008874	26S proteasome regulatory subunit; putative	AT5G57950	502;43234;32991;5575;44424;44464;5623;5622;35556;7165;50794;50789;65007;8150;51716;9987;50896;7154;44763;44699;44700;23052;5838;22624	4832	3651.5	5170.5	5509	4356	3697.5	6349.5	3853.5	3618	5874.5	4978.5	5763	1352	5425.5	867	6712.5	7469	8821	2317.5	4060.5	3115	8473.5	2696.5	7120	92564.5	4.628.225
ORTHO002447	Histone H3 K4-specific methyltransferase SET7/9 family protein	AT2G35170;AT4G17080	8168;16741;16740;3824;3674;8152;8150;32259;5737;44424;44464;5575;5623;5622	4833	6135	6012.5	7192	7245.5	775	5261.5	6142.5	4452.5	2170.5	6763.5	5903.5	6617.5	7909	7999	5325.5	6825	4400	5589.5	5606	5637	5789.5	2730.5	6801.5	102699	5134.95
ORTHO007891	Ankyrin repeat family protein	AT3G09890;AT5G39920	5829;44444;44424;44464;5575;5623;5622;5737;8150;5634;43231;43227;43226;43229;3674;9507;9536;31124;6397;16071;16070;44260;43170;71704;8152;44237;9987;90304;6139;46483;6725;1901360;34641;6807;44238;6396;10467;31123	4834	6647	6178.5	7523	7662	5833.5	8162.5	5213.5	5619	4372	7040	3686.5	7963	2711.5	3936.5	3976.5	7469	3121	5648	8478	5422.5	5603	5171.5	5601	105028.5	5.251.425
ORTHO007258	RNA-binding (RRM/RBD/RNP motifs) family protein	AT3G56510	17025;8134;5515;5488;3674;5634;43231;43227;43226;5575;43229;44424;44464;5623;5622	4835	4349	3644	2453	2982.5	4308	6021	5813.5	6943.5	6327	3136.5	2343.5	1352	3815.5	4462	6712.5	831.5	2199.5	3265	884	3870	2923.5	4723.5	5806	75738	3786.9
ORTHO004276	NagB/RpiA/CoA transferase-like superfamily protein	AT3G07300	50790;19222;50789;65007;8150;65009;5851;43234;32991;5575;44444;44424;44464;5623;5622;5737;5634;43231;43227;43226;43229;16740;3824;3674;8152;6446;6417;10608;10468;60255;32268;51246;80090;31323;50794;34248;51171;2000112;31326;9889;10556;5085;98772;43547;43087;51336;51345;43085;44093;9893;48518;3743;8135;3723;3676;1901363;5488;97159;6412;43043;43604;43603;34641;6807;44237;9987;44271;44249;9058;6518;1901564;71704;1901566;1901576;44267;19538;43170;44238;44260;34645;9059;10467;6413;5525;35639;1901265;43168;43167;32550;32549;1882;36094;97367;1883;32561;19001;17076;166;32555;32553	4836	5184	6770.5	8705	6194	1705	8645.5	8957	5619	3801.5	2809.5	2553.5	1352	8727.5	8093.5	6712.5	7137.5	5452.5	7950	8756	8153	7897.5	8290	7453	120066	6003.3
ORTHO006681	Peroxidase superfamily protein	AT4G33420	9505;5618;30312;44464;5575;5623;71944;5576;9664;71555;45229;16043;71840;8150;9987;71554;71669;6950;50896;4601;16684;16491;3824;3674;8152;55114;44710;44699;16209;9506;5911;30054;55044	4837	3036	2840	843	5552	1089	5535	4099	4452.5	6856.5	982	1198.5	3433.5	3815.5	3265	1606	737	4982.5	3944	3231	3719.5	1466	3129	2439.5	59981	2999.05
ORTHO006816	Thiamine pyrophosphate dependent pyruvate decarboxylase family protein	AT5G17380	9507;9536;43231;43227;43226;5575;43229;44424;44464;5623;5622;44444;5737;30976;50662;48037;5488;3674;1901363;97159;1901681;43168;43167;43169;19842;36094;287;46872;4737;16831;16830;16829;3824;8152;8150;5829	4838	3332	4312.5	3787	4356	1089	2328.5	6142.5	7183.5	7584	8651	3218	5195	3815.5	3265	6712.5	494	3121	3792	4012.5	4668.5	3854	5902.5	2439.5	83468.5	4.173.425
ORTHO005577	Tetratricopeptide repeat (TPR)-like superfamily protein	AT1G27110;AT1G27150	8150;5575;5634;43231;43227;43226;43229;44424;44464;5623;5622	4839	3382	3840	2841	2097	6898	2032.5	6741	5144	295	1312.5	998	1352	3815.5	4233.5	6712.5	4252.5	3580	4113.5	7299	5061.5	4709	6854	2699.5	78103.5	3.905.175
ORTHO000331_1	Protein phosphatase 2C family protein	AT1G68410	6470;16311;6796;6793;44237;8152;8150;9987;6464;36211;19538;43170;71704;44238;43412;44267;44260;4722;4721;16791;42578;16788;16787;3824;3674;46872;43169;43167;5488;5575	4840	4466	5020	5200	2982.5	1329	7363	5957	7748	2721	8566	3422.5	6071.5	1800.5	5034.5	6712.5	3682	2199.5	3385	6467.5	4103	3222.5	5171.5	6057.5	91014	4550.7
ORTHO008036	Protein of unknown function (DUF1218)	AT1G13380	5576;5575;8150;3674	4841	5495	6896.5	8952	2982.5	1777	5597.5	6652	7455	7377.5	8314	5699	6895.5	8072	7667.5	5325.5	6825	6183.5	7712	4925	8580	7301.5	7611.5	6949.5	126920.5	6.346.025
ORTHO004085	glycolipid transfer protein 2	AT1G21360;AT3G21260	5737;44424;44464;5575;5623;5622;51861;97367;5488;3674;8289;46836;6869;44765;6810;51234;51179;8150;1902578;44699;71702;10876;33036;1901264;17089;1901505;5215;5319;22892	4842	4405	4955	5068	2982.5	7444.5	7294.5	5813.5	4687.5	8063.5	5726.5	7740	3313	4321	5034.5	6712.5	3152.5	1568.5	188	5519.5	3391.5	2213.5	3795.5	4413.5	90393.5	4.519.675
ORTHO007339	Major facilitator superfamily protein	AT2G23093	22891;22857;5215;3674;6810;51234;51179;8150;55085;44763;9987;44699;44765;1902578;22892;16021;31224;44425;5575;16020	4843	4477	6596.5	8350	2982.5	8391.5	7294.5	3795	3584	7152	3831.5	6602.5	7498	8739.5	5523	7782	5108	7870.5	2014	2206.5	6810.5	7441	4468.5	7028	113140.5	5.657.025
ORTHO007872	Haloacid dehalogenase-like hydrolase (HAD) superfamily protein	AT3G10970	16787;3824;3674;8152;8150;9507;9536;43231;43227;43226;5575;43229;44424;44464;5623;5622;44444;5737	4844	4479	4763	4682	2982.5	1227	2328.5	6142.5	7183.5	2925	6763.5	1198.5	6617.5	1800.5	5254.5	6712.5	3958.5	3121	3792	8320	4668.5	3854	5902.5	6553	88323	4416.15
ORTHO007814	light harvesting complex of photosystem II 5	AT4G10340	9507;9536;43231;43227;43226;5575;43229;44424;44464;5623;5622;44444;5737;10218;9639;9416;9314;9628;50896;8150;30076;43234;32991;9535;55035;42651;34357;16020;44436;9579;44435;44446;44422;31976;31984;44434;9534;16168;46906;1901363;5488;3674;97159;9517;9503;98807;98796;44425;10287;9570;9532;9533;15979;44237;8152;9987;9768;9765;6091;19684;9637;9783;9523;9521;9941;9526;31967;31975;31409;10114;10196;1990066	4845	5409	5240.5	5636	6358.5	2005.5	8499.5	2460.5	6712.5	5910.5	2402	3422.5	3566	1800.5	5034.5	3976.5	5764.5	3580	6389	7871	6180.5	5789.5	5826.5	6057.5	93249	4662.45
ORTHO006926	oxidoreductase; zinc-binding dehydrogenase family protein	AT3G28670	5886;16020;5575;44464;5623;71944	4846	3142	4206.5	3567	1522.5	2170	1311	8906	2743.5	5026.5	3948.5	1323.5	8966.5	5332	438.5	2914	2230.5	8179	8798.5	794.5	6431	8018	1748	3037	82316.5	4.115.825
ORTHO007622	Remorin family protein	AT2G02170	8150;5886;16020;5575;44464;5623;71944;3677;3676;1901363;5488;3674;97159	4847	4370	4660.25	4473.5	5938.5	4434.5	2328.5	6573	7183.5	6050.5	2216.5	3218	6617.5	1800.5	5034.5	6712.5	562	3121	3730.5	6754	4668.5	3754	5902.5	6553	87215	4360.75
ORTHO006001	Aldolase-type TIM barrel family protein	AT2G36230	105;19438;6725;44237;8152;8150;9987;44249;9058;6547;1901605;6520;1901564;71704;6807;19752;43436;6082;44281;44710;44699;44763;44238;52803;46483;1901360;34641;1901607;8652;46394;16053;44283;44711;1901576;1901566;18130;1901362;3949;16861;16860;16853;3824;3674;9507;9536;43231;43227;43226;5575;43229;44424;44464;5623;5622;44444;5737	4848	3496	4965	5082	2097	8296	6021	3608	3632	3084.5	4529.5	5667	1352	6971	7017.5	7782	8695.5	8243.5	2233.5	3600	2604.5	2433.5	1405.5	3289.5	90466	4523.3
ORTHO006984	ATP synthase protein I -related	AT2G31040	33614;43461;70071;43623;6461;65003;43933;16043;71840;8150;9987;22607;44085;71822;70271;34622;70272;9658;9657;6996;5515;5488;3674;9534;31976;9579;44424;44464;5575;5623;5622;31984;44446;44422;43226;43229;43227;44435;44444;5737;9536;43231;44434;9507;5886;16020;71944	4849	5415	4209	3569	2982.5	3466.5	4118.5	5213.5	1691	6856.5	7199	6861.5	3521	2711.5	4462	3976.5	8070.5	2199.5	231	7012	5637	3026	1035	5041.5	82330	4116.5
ORTHO006424	F-box family protein	AT1G30950	5634;43231;43227;43226;5575;43229;44424;44464;5623;5622;6355;1903506;2001141;31326;9889;19222;50789;65007;8150;31323;50794;51252;19219;80090;51171;60255;10556;10468;2000112;5515;5488;3674;6511;19941;51603;6508;19538;43170;71704;8152;44238;44257;30163;9057;1901575;9056;44265;44260;44237;9987;44248;44267;43632;9933;48532;44767;32502;44699;9653;48856;48507;9888;48513;48731;7275;44707;32501;16567;32446;70647;6464;36211;43412;4842;19787;16740;3824;8134;31146;43161;10498;6351;34645;9059;1901576;9058;44249;97659;32774;16070;90304;6139;46483;6725;1901360;34641;6807;34654;19438;44271;18130;1901362;10467;30154;48869;44763;9908;90567;48608;3006;22414;61458;44702;9791;48367;151;1990234;1902494;43234;32991	4850	4148	3242	1634	2375	4598.5	3327	2838	5484	7183	3749	4724	2954.5	3815.5	2702.5	3976.5	3152.5	1888	3011	5400	3391.5	2213.5	3438.5	1434.5	69282	3464.1
ORTHO007841	RNA binding	AT4G16280	3723;3676;1901363;5488;3674;97159;785;44427;44446;44422;5575;43226;44424;44464;5623;5622;43229;5694;43232;43228;32991;9908;90567;48608;3006;32502;8150;22414;48856;61458;48731;7275;44767;44699;44707;32501;44702;9791;48367;5634;43231;43227;9790;31048;6342;45814;10629;10605;9892;48519;50789;65007;19222;60255;10468;40029;45892;1903507;1903506;2001141;31326;9889;31323;50794;51252;19219;80090;51171;10556;1902679;51253;45934;51172;31324;48523;31327;9890;10558;6355;2000112;2000113;16458;44763;9987;31047;5737;9909;48580;2000026;50793;51239;48831;2000241;166;36094;1901265;9553;48229	4851	5956	5133	5415	2982.5	5773	5187.5	5213.5	4323	5884.5	5973.5	3835.5	5740	1800.5	3936.5	3976.5	4998.5	3121	5502	5337	5422.5	5603	5295.5	5222.5	92146	4607.3
ORTHO007138	DHHC-type zinc finger family protein	AT3G04970	5794;43231;43227;43226;5575;43229;44424;44464;5623;5622;44444;5737;12505;6612;6605;6886;15031;45184;51234;51179;8150;8104;33036;71702;6810;46907;51649;51641;34613;70727;1902582;44765;1902578;44699;90150;72657;44802;61024;16043;71840;9987;44763;1902580;5783;19706;19707;16417;16747;16746;16740;3824;3674;8152;16409;18230;18231;18198;18193;6464;36211;19538;43170;71704;44238;43412;44267;44260;44237;18345;6497;42158;42157;34645;9059;1901576;9058;44249;43543;5576	4852	4376	3826	2800	2982.5	48	575	279.5	1691	8934.5	4121.5	5763	1352	7779.5	5034.5	7419	8983	8920.5	2648.5	3797	34	6429	2713	1297.5	77820	3891
ORTHO008415	shikimate kinase like 1	AT3G26900	9570;9532;44435;44444;44424;44464;5575;5623;5622;5737;44446;44422;43226;43229;9536;43231;43227;44434;9507;10027;9668;44802;61024;16043;71840;8150;9987;44763;44699;9657;6996;9073;9072;6725;44237;8152;1901360;71704;6520;1901564;6807;19752;43436;6082;44281;44710;44238;19438;44249;9058;1901362;1901576;8652;46394;16053;44283;44711;1901566;9658	4853	4599	4011.5	3170	2982.5	145.5	2703	2250	6823.5	2025.5	6543	6171.5	6071.5	1800.5	4705.5	6712.5	3682	2199.5	3265	6467.5	4103	3222.5	5171.5	6057.5	80120.5	4.006.025
ORTHO005964	conserved oligomeric Golgi complex component-related / COG complex component-related	AT5G51430	17119;44431;44444;44424;44464;5575;5623;5622;5737;44446;44422;43226;43229;5794;43231;43227;12505;43234;32991;5829;9933;48532;44767;32502;8150;44699;9653;48856;48507;9888;48513;48731;7275;44707;32501;16049;40007;44763;9987;10016;48367;45053;32507;51651;51235;51179;65008;65007;1902578;51641;45185;8104;33036;34613;70727;34067;33365;7030;6996;16043;71840;10256;6890;48193;1902582;46907;6810;51234;51649;44765;16192;3674;9793;44702;22414;3006;9790;48316;48608;61458;9791;10154	4854	4992	6735.5	8617	5938.5	1594	6820.5	7331	7978	1800	2290	3422.5	1352	8511.5	8254	7782	7378	5992	8472	6148	8711.5	7637.5	8455.5	8159	118089	5904.45
ORTHO008441	unknown protein	AT3G04040;AT5G18250	3674;5575;8150;5739;43231;43227;43226;43229;44424;44464;5623;5622;44444;5737	4855	7096	6297	7739	6194	6643.5	7790.5	5698.5	5994	2366.5	7999	2343.5	8306	2711.5	4462	5325.5	6244	3580	7042	7871	1287.5	6340.5	8247	6456	106708.5	5.335.425
ORTHO002499	senescence associated gene 20	AT3G10985	5575;9620;51707;43207;9605;50896;8150;9607;51704;3674;7568;44767;32502;44699	4856	8714	6053.5	7251	8795.5	9108	8704	9061.5	5754	8118.5	1144	4059.5	3011.5	590	1812.5	8925	5194	1051.5	5648	6555.5	8083.5	1466	6326.5	8420	103033.5	5.151.675
ORTHO001979	nucleic acid binding	AT3G15605;AT5G11470	8150;5739;43231;43227;43226;5575;43229;44424;44464;5623;5622;44444;5737;166;36094;5488;3674;1901265;1901363;97159;3676;5634;5654;44428;44446;44422;31981;70013;43233;31974;976;1990837;3690;43566;3677;43565;44212;975;1067;5677;43234;32991;6342;45814;10629;10605;9892;48519;50789;65007;19222;60255;10468;40029;45892;1903507;1903506;2001141;31326;9889;31323;50794;51252;19219;80090;51171;10556;1902679;51253;45934;51172;31324;48523;31327;9890;10558;6355;2000112;2000113;16458;44763;9987;44699;3682;44877;785;44427;5694;43232;43228;31507;6338;16568;6325;43933;16043;71840;51276;6996;70828;31497;65003;22607;44085;6333;6323;71103	4857	5969	4662.5	4468	6664	1705	8002.5	7331	4275	5201.5	3749	5572	3294	1800.5	2702.5	3976.5	8542.5	2199.5	4548.5	6197.5	4226.5	4471.5	4723.5	4678.5	87197.5	4.359.875
ORTHO001952	mRNA capping enzyme family protein	AT3G09100;AT5G01290;AT5G28210	9506;5911;30054;5575;55044;6397;16071;16070;44260;43170;71704;8152;8150;44237;9987;90304;6139;46483;6725;1901360;34641;6807;44238;6396;10467;6310;6259;6281;6974;33554;51716;50896;6950;44763;44699;44710;6370;9452;36260;4484;8192;70568;16779;16772;16740;3824;3674;5634;43231;43227;43226;43229;44424;44464;5623;5622;3910;3909;16886;16874;6266;8138;4721;16791;42578;16788;16787;16311;6796;6793;6470;6464;36211;19538;43412;44267;5524;35639;1901265;1901363;5488;97159;43168;43167;32559;30554;17076;166;36094;32555;32553;97367;32550;32549;1882;1883;4725;35335;4651;98518;98501;98507	4858	5186	5151	5444	2982.5	1859.5	3628.5	5302.5	4365	8319	7382.5	3578.5	6071.5	1800.5	4462	3976.5	6409	3580	6185.5	7408.5	5637	4169	2341	5806	92282	4614.1
ORTHO008265	P-loop containing nucleoside triphosphate hydrolases superfamily protein	AT3G27120;AT3G27130	16887;17111;16462;16818;16817;16787;3824;3674;8152;8150;5524;35639;1901265;1901363;5488;97159;43168;43167;32559;30554;17076;166;36094;32555;32553;97367;32550;32549;1882;1883;5737;44424;44464;5575;5623;5622	4859	4754	4441	4023	2982.5	1329	2791.5	6428.5	8101	2615.5	6343	3422.5	6071.5	1800.5	5034.5	6712.5	3682	2199.5	3385	6467.5	4103	3222.5	5171.5	6057.5	84938.5	4.246.925
ORTHO000775	Eukaryotic aspartyl protease family protein	AT1G44130;AT1G77480;AT4G33490	5576;5575;9505;5618;30312;44464;5623;71944;5794;43231;43227;43226;43229;44424;5622;44444;5737;12505;4190;70001;70011;8233;16787;3824;3674;8152;8150;6508;19538;43170;71704;44238;4175	4860	6475	3991	3122	2982.5	8860.5	6942	2903.5	2592	8647.5	6173.5	5631.5	3084.5	2711.5	2163.5	3976.5	3836.5	1494	577.5	3331	3978	3955.5	4500.5	4484	79843.5	3.992.175
ORTHO006108	unknown protein	AT4G02800	5634;43231;43227;43226;5575;43229;44424;44464;5623;5622;8150;3674	4861	4620	4010	3159	2982.5	1227	2328.5	6142.5	5028	3055	1810	1198.5	6617.5	1800.5	5413.5	6712.5	3958.5	3121	3792	6754	4668.5	3854	6040	6553	80074.5	4.003.725
ORTHO000551_1	Tetratricopeptide repeat (TPR)-like superfamily protein	AT4G28080	7049;44763;9987;8150;44699;9737;9725;9719;50896;10033;42221;33993;97305;1901700;1101;7275;44767;32502;44707;32501;5634;43231;43227;43226;5575;43229;44424;44464;5623;5622	4862	3486	5117.5	5373	2097	1594	5105.5	3698.5	8882.5	8535.5	4391	7526	1352	5815	1244	7360.5	1923	7728	1210.5	8551.5	2604.5	7786.5	2696.5	3920	91925	4596.25
ORTHO006317	Encodes a cytoplasmic protein with RNA endonuclease activity. Mutants display aberrant RNA processing and male and female gametophyte development.	AT5G41190	6364;34470;34660;16070;44260;43170;71704;8152;8150;44237;9987;90304;6139;46483;6725;1901360;34641;6807;44238;6396;10467;16072;42254;22613;44085;71840;90502;90501;90305;30490;42274;469;5737;44424;44464;5575;5623;5622;30688;30684;30529;32991;5634;43231;43227;43226;43229;4521;4519;4518;16788;16787;3824;3674;4540;9553;48229;7275;44767;32502;44699;44707;32501;48856;9555	4863	4960	6302	7741	2982.5	6898	2627.5	6741	7325.5	3514	6763.5	3034.5	6895.5	1800.5	5523	5325.5	6825	4154.5	4113.5	8590.5	8083.5	4709	6854	6949.5	106728	5336.4
ORTHO008375	Tetratricopeptide repeat (TPR)-like superfamily protein	AT1G26460	8150;5739;43231;43227;43226;5575;43229;44424;44464;5623;5622;44444;5737;3674	4864	2868	5704	6544	4356	2054	3960	1855	3135.5	7094.5	9148	5435.5	8898	5289	638	6712.5	562	7761	8625.5	8478	461	7950.5	2369	8026	98453	4922.65
ORTHO008821	RNA-binding (RRM/RBD/RNP motifs) family protein	AT4G00830	8150;5634;43231;43227;43226;5575;43229;44424;44464;5623;5622;166;36094;5488;3674;1901265;1901363;97159;3676;3723;5829;44444;5737	4865	5300	4803	4741	6194	2005.5	5410	5698.5	6823.5	6645	2290	3422.5	1352	1800.5	5034.5	3976.5	5864.5	3750.5	6531	3899.5	6180.5	5924	6040	6057.5	88706	4435.3
ORTHO005611	methionine S-methyltransferase	AT5G49810	5737;44424;44464;5575;5623;5622;32259;8152;8150;8757;8168;16741;16740;3824;3674;1887;44237;9987;5829;44444;46500;6732;51186;6790;6575;1901564;71704;6807;46128;9119;9116;55086;6139;46483;6725;1901360;34641;44238;44281;44710;44699;44763;1901657;1901135;42278;72521;9058;30170;1901363;5488;97159;48037;43168;43167;30732	4866	3097	3012.5	1159	4356	1089	5903	6573	1916	4515	1810	1198.5	5195	3815.5	3265	1606	3796.5	3121	3504.5	586	4668.5	3754	5902.5	2314	64533	3226.65
ORTHO006967	C-terminal domain phosphatase-like 3	AT2G33540	6355;1903506;2001141;31326;9889;19222;50789;65007;8150;31323;50794;51252;19219;80090;51171;60255;10556;10468;2000112;5634;43231;43227;43226;5575;43229;44424;44464;5623;5622;9788;9968;9966;10646;48583;23051;48585;48519;10648;48523;23057;1901420;1901419;9787;4721;16791;42578;16788;16787;3824;3674;8152;16311;6796;6793;44237;9987;6470;6464;36211;19538;43170;71704;44238;43412;44267;44260;8022;5515;5488;9651;6970;9628;50896;6950;46872;43169;43167;8420;4722;3723;3676;1901363;97159	4867	2454	2949.5	1032	4356	4212	2080	4200.5	5619	2405	621.5	632	1352	4134.5	6243.5	1830	867	5221.5	3504.5	4527	5637	3026	4927.5	1735.5	62776	3138.8
ORTHO005876	SNARE-like superfamily protein	AT1G80500	6888;16482;46907;6810;51234;51179;8150;51649;51641;48193;1902582;44765;1902578;44699;16192;5737;44424;44464;5575;5623;5622;3674	4868	3101	3535.5	2203	4356	4434.5	2328.5	6142.5	7183.5	4029	8606.5	1198.5	3406.5	3815.5	3265	1606	562	3121	3504.5	3976	4668.5	3854	5902.5	2314	73918.5	3.695.925
ORTHO007022	copper ion binding	AT4G12340	5507;46914;46872;43169;43167;5488;3674;8150;5634;43231;43227;43226;5575;43229;44424;44464;5623;5622	4869	4735	4026	3183	5938.5	9046	3025	3816.5	9138	8934.5	3366.5	1198.5	1352	6170.5	1278.5	7360.5	9169	5626	1407	1556.5	345	335	124	6949.5	80198.5	4.009.925
ORTHO008897	CONTAINS InterPro DOMAIN/s: NEFA-interacting nuclear protein NIP30; N-terminal (InterPro:IPR019331)	AT3G62140	3674;5634;43231;43227;43226;5575;43229;44424;44464;5623;5622;8150	4870	3599	2945.5	1021	2097	1227	2328.5	1013.5	2069	3514	1810	1198.5	3425	3374	3265	6712.5	2581.5	3121	3857.5	6860	4668.5	3754	5497.5	2439.5	62716.5	3.135.825
ORTHO006415	FZO-like	AT1G03160	9706;9528;19866;31090;16020;5575;44422;43226;43227;44424;44464;5623;5622;31967;31975;44446;43229;42170;44435;44444;5737;9536;43231;9526;31969;44434;9507;9941;9535;55035;42651;34357;44436;9579;31976;31984;9534;10228;3006;32502;8150;22414;48608;48856;61458;48731;7275;44767;44699;44707;32501;9791;10027;9668;44802;61024;16043;71840;9987;44763;9657;6996;5525;35639;1901265;1901363;5488;3674;97159;43168;43167;32550;32549;1882;36094;97367;1883;32561;19001;17076;166;32555;32553;16021;31224;44425;9228;42724;19438;6725;44237;8152;44249;9058;42723;6767;6766;44281;44710;6790;72527;46483;1901360;71704;34641;6807;1901564;72528;44271;18130;1901362;1901576;1901566;44272;42364;9110;44283;44711;6772;4789;16765;16740;3824;16787	4871	4312	3746.75	2622.5	2982.5	5621	2703	2322	1994.5	2736.5	2402	7837	4738	3815.5	3936.5	6712.5	3796.5	2199.5	3385	6467.5	4103	2541	3504.5	6057.5	76873	3843.65
ORTHO005548	Transducin/WD40 repeat-like superfamily protein	AT2G18900;AT3G26480	5634;43231;43227;43226;5575;43229;44424;44464;5623;5622;166;36094;5488;3674;1901265;1901363;97159;8150	4872	3045	2444.5	17	4356	866.5	1542	917.5	800	8934.5	804.5	52	1352	138	136.5	3183	1660	261.5	948.5	2092	312.5	335	143	218.5	24697.5	1.234.875
ORTHO008027	Glutathione S-transferase family protein	AT1G77290	5737;44424;44464;5575;5623;5622;5886;16020;71944;6749;6518;43603;34641;6807;8152;8150;44237;9987;1901564;71704;6790;6575;4364;16765;16740;3824;3674	4873	3841	4454	4035	4356	8095.5	2414	6741	6225	2736.5	6763.5	3034.5	1352	3815.5	4233.5	6712.5	4252.5	2558	154	6322.5	5170.5	4873	6854	2699.5	85007.5	4.250.375
ORTHO004576	protein tyrosine phosphatase 1	AT1G71860	5737;44424;44464;5575;5623;5622;5634;43231;43227;43226;43229;5886;16020;71944;5515;5488;3674;4725;4721;16791;42578;16788;16787;3824;8152;8150;16311;6796;6793;44237;9987;6470;6464;36211;19538;43170;71704;44238;43412;44267;44260;35335;33550;33549;188;43407;71901;6469;45859;43549;42325;19220;51174;31323;50794;50789;65007;19222;51338;50790;65009;1932;31399;32268;51246;80090;60255;1933;42326;45936;10563;31324;48523;48519;9892;31400;32269;51248;10605;33673;51348;43086;44092;71900;43405;43408;1902531;9966;10646;48583;23051;43409;1902532;9968;48585;10648;23057;1990264;31348;31347;80134	4874	6277	5069.5	5265	7245.5	5285	4341	2962.5	6379.5	8934.5	3596.5	5543	7743	1800.5	3265	3976.5	1155.5	6085	5851	7408.5	5265	3955.5	3113	4678.5	91339	4566.95
ORTHO001285	Ribosomal protein S4	AT5G15200;AT5G39850	22626;44445;44444;44424;44464;5575;5623;5622;5737;5829;5840;30529;32991;43232;43228;43226;43229;6412;43043;43604;43603;34641;6807;8152;8150;44237;9987;44271;44249;9058;6518;1901564;71704;1901566;1901576;44267;19538;43170;44238;44260;34645;9059;10467;5774;44437;44446;44422;5773;43231;43227;98588;31090;16020;98805;5618;30312;71944;9507;9536;22627;15935;44391;3735;5198;3674;5739;9506;5911;30054;55044;5730;44428;5634;31981;70013;43233;31974;5515;5488	4875	8447	6159	7443	8471	5974	8793	7762	3682	8118.5	6343	4566	4793	906.5	1910.5	5325.5	8680.5	663.5	6265.5	5672	6431	2923.5	6709	8989	104508	5225.4
ORTHO008392	unknown protein	AT5G11810	5829;44444;44424;44464;5575;5623;5622;5737;3674;8150	4876	2774.5	5337	5798	1812	1329	7901	1114.5	702.5	2212.5	1810	8427	1352	7699.5	7461.5	2476	6208.5	6388.5	7353.5	5519.5	6810.5	7061.5	7729.5	4586.5	94143.5	4.707.175
ORTHO005931	aromatic and neutral transporter 1	AT3G11900	16021;31224;44425;5575;16020;6865;71705;6810;51234;51179;8150;46942;15849;44765;1902578;44699;71702;15711;6820;6811;15175;15171;46943;8514;8509;15075;22891;22857;5215;3674;55085;44763;9987;22892;34220;98656;5342;1903825;3333;15804;9624;51707;43207;9605;50896;9607;51704;5886;44464;5623;71944;15173;15801	4877	6641	5804.5	6732	5748	5904	3628.5	5568.5	6584	3084.5	7199	3686.5	8094	2711.5	3936.5	3976.5	5561	3121	5851	7194	7052	5213.5	5407	5806	99579	4978.95
ORTHO005450	succinate dehydrogenase 5	AT1G47420	6099;6101;72350;19752;43436;6082;71704;8152;8150;44281;44710;44699;44763;9987;44237;44238;9060;45333;15980;6091;55114;5749;45283;98803;98796;43234;32991;5575;44425;16020;70469;44424;44464;5623;5622;45273;98800;98798;44429;44444;5737;44446;44422;43226;43229;5739;43231;43227;44455;31966;31090;5740;31967;31975;5743;19866;45257;45281;1990204;1902494;5746;5634;9735;9725;9719;50896;10033;42221;3674	4878	5469	5852.25	6826.5	6478.5	6529	3628.5	5813.5	4953	6327	6343	3422.5	6071.5	1800.5	4705.5	3976.5	5864.5	3580	6531	6397	6180.5	5924	6040	6057.5	100145	5007.25
ORTHO004246	Diacylglycerol kinase family protein	AT4G21534;AT4G21540	5524;35639;1901265;1901363;5488;3674;97159;43168;43167;32559;30554;17076;166;36094;32555;32553;97367;32550;32549;1882;1883;8481;16773;16772;16740;3824;8152;8150;1727;16301;16310;6796;6793;44237;9987;46834;30258;44255;6629;71704;44710;44699;44238;44763;17050;9737;9725;9719;50896;10033;42221;33993;97305;1901700;1101;71215;71396;71310;70887;51716;32870;71495;97306;1901701;71229;9705;5774;44437;44444;44424;44464;5575;5623;5622;5737;44446;44422;43226;43229;5773;43231;43227;98588;31090;16020;98805;325;6665;1901564;6807;6643;70300;5543;8289;7205;7186;7165;50794;50789;65007;7154;44700;23052;5794;12505;3951;9507;9536;4143;9845;44707;32501;90351;9791;44767;32502;7275;5634	4879	4543	3985	3091	2982.5	7207	6309	5957	6493	2615.5	3526	3872	5740	1800.5	3521.5	6712.5	3264.5	3121	2851	1556.5	3621.5	2433.5	4165.5	4898	79665.5	3.983.275
ORTHO001472	histone deacetylase 2C	AT5G03740	8270;46914;46872;43169;43167;5488;3674;3676;1901363;97159;6351;34645;44260;43170;71704;8152;8150;44237;9987;9059;1901576;9058;44249;97659;32774;16070;90304;6139;46483;6725;1901360;34641;6807;44238;34654;19438;44271;18130;1901362;10467;16787;3824;9414;9415;9628;50896;1101;42221;10035;1901700;6950;9737;9725;9719;10033;33993;97305;9651;6970;5730;44428;44446;44422;5575;43226;44424;44464;5623;5622;43229;5634;43231;43227;43232;43228;31981;70013;43233;31974;45892;1903507;1903506;2001141;31326;9889;19222;50789;65007;31323;50794;51252;19219;80090;51171;60255;10556;1902679;51253;10605;9892;48519;45934;51172;31324;48523;31327;9890;10558;10629;10468;6355;2000112;2000113;4407;33558;19213;6476;35601;98732;43412;6464;36211;19538;44267;16811;16810;16575;16570;16569;16568;6325;43933;16043;71840;51276;6996;1902589;44763;44699;44710	4880	8667	4847.5	4815	8139.5	4986.5	7851	3258.5	4687.5	4209.5	6070	4724	2987.5	590	1812.5	8358	5194	1114.5	8008.5	4131	5988	1310	4887	8942.5	89110.5	4.455.525
ORTHO000278_2	nitrate transporter2.5	AT1G12940;AT5G14570	5886;16020;5575;44464;5623;71944;9705;5774;44437;44444;44424;5622;5737;44446;44422;43226;43229;5773;43231;43227;98588;31090;98805;325;15706;71705;6810;51234;51179;8150;15698;6820;6811;44765;1902578;44699;98656;34220;55085;44763;9987;15112;15103;8509;15075;22891;22857;5215;3674;22892;16021;31224;44425;71249;1902170;1901699;1901698;42221;50896;70887;51716;71241;10035;71229;1101;1901701;1901700;10167	4881	6097	4772	4663	2982.5	2295.5	4341	5957	4740.5	3594	6543	7280	5740	1800.5	3521.5	3976.5	4548.5	2724.5	5128	6632	4321	4873	5021	5222.5	88260	4413
ORTHO004308	Transducin/WD40 repeat-like superfamily protein	AT5G24710	3674;5737;44424;44464;5575;5623;5622;8150;5886;16020;71944	4882	1977	3229.5	1577	4356	8007.5	6560.5	2114.5	597.5	1842.5	2129.5	6464.5	1352	4486	5907.5	6712.5	3399	4809.5	732	3483.5	3675	1566.5	3662.5	1344.5	68847	3442.35
ORTHO007674	RNApolymerase sigma-subunit F	AT2G36990	5634;43231;43227;43226;5575;43229;44424;44464;5623;5622;3700;1071;3674;2001141;31326;9889;19222;50789;65007;8150;31323;50794;51252;19219;80090;51171;60255;10556;6355;1903506;10468;2000112;5515;5488;9536;44444;5737;16987;996;990;988;45893;10628;10604;9893;48518;1903508;1902680;51254;45935;31325;48522;51173;31328;9891;10557;3677;3676;1901363;97159;6352;32774;9059;43170;71704;8152;1901576;9058;16070;44260;44237;9987;90304;6139;46483;6725;1901360;34641;6807;44238;34654;19438;44249;44271;18130;1901362;6351;34645;97659;10467;3899;34062;16779;16772;16740;3824;71483;9637;9416;9314;9628;50896;71482;71478;71214;51716;9507;1053;90351;9791;44767;32502;44699;44707;32501;7275	4883	5585	4307.5	3732	2982.5	4197	7019.5	4571	3095.5	8934.5	6763.5	5464.5	4677	3283.5	1812.5	3976.5	1450	7181.5	5589.5	3699	1140	3222.5	3649	3447.5	83174	4158.7
ORTHO008691	Tetratricopeptide repeat (TPR)-like superfamily protein	AT3G46790	31425;6396;16070;44260;43170;71704;8152;8150;44237;9987;90304;6139;46483;6725;1901360;34641;6807;44238;10467;9507;9536;43231;43227;43226;5575;43229;44424;44464;5623;5622;44444;5737;31426;6397;16071	4884	5703	4769.75	4655.5	2982.5	1227	6798	6323	702.5	5229	1312.5	8427	6895.5	2711.5	5596.5	3976.5	7337.5	4253	7562	5578	992	5059	1235	6949.5	88165	4408.25
ORTHO007162	unknown protein	AT1G67350	5634;43231;43227;43226;5575;43229;44424;44464;5623;5622;5747;45271;30964;98796;43234;32991;44425;16020;1990204;1902494;98803;70469;98800;98798;44429;44444;5737;44446;44422;5739;44455;31966;31090;5740;31967;31975;5743;19866;5746;9853;43094;44249;9058;8152;8150;44237;9987;3674	4885	6158	4788	4691	5651.5	9062.5	6745.5	4227	393.5	8934.5	5208.5	6883.5	1352	8993	7844	6712.5	8092	5101.5	1989	3699	517	553.5	365	1735.5	88409	4420.45
ORTHO005989	PAR1 protein	AT3G54040	9507;9536;43231;43227;43226;5575;43229;44424;44464;5623;5622;44444;5737;3674;8150	4886	4127	3101.5	1317	5938.5	1089	5303	2185	3019	8118.5	3136.5	1954	4955.5	4179	3047.5	6712.5	8013.5	3121	3421.5	3396.5	504	1277	947.5	1958.5	66339	3316.95
ORTHO003284	20S proteasome alpha subunit C1	AT3G22110	502;43234;32991;5575;44424;44464;5623;5622;5737;5773;43231;43227;43226;43229;44444;43161;10498;51603;6508;19538;43170;71704;8152;8150;44238;44257;30163;9057;1901575;9056;44265;44260;44237;9987;44248;44267;6511;19941;43632;5839;5829;4175;70011;8233;16787;3824;3674;10499;22626;44445;5840;30529;43232;43228;46686;10038;10035;42221;50896	4887	7733	3789.5	2692	5386.5	2887.5	8251	8435	5144	8446	5788.5	5741.5	2923	401	1354.5	3976.5	5032.5	663.5	4548.5	5400	3259	1090.5	3100.5	859.5	77302.5	3.865.125
ORTHO009453	AIG2-like (avirulence induced gene) family protein	AT3G02910	16746;16740;3824;3674;8152;8150;80167;9628;50896	4888	4919	4304	3720	5938.5	9075.5	5261.5	3534.5	3392	8063.5	4693.5	7199	1352	1800.5	4462	6712.5	3426.5	5944.5	1164.5	2124.5	2224.5	2608	4468.5	5601	83108.5	4.155.425
ORTHO008764	Ubiquitin carboxyl-terminal hydrolase family protein	AT3G58520	9543;31978;31977;44436;44424;44464;5575;5623;5622;9579;44435;44444;5737;44446;44422;43226;43229;9536;43231;43227;31976;31984;44434;9507;9534;8150;3674	4889	3637	3622	2355	4356	3086.5	6670	428.5	3554	8934.5	8910.5	5667	1352	6247	1910.5	7419	125.5	4400	1118.5	1291.5	800.5	9126.5	3795.5	87	74924.5	3.746.225
ORTHO000684_1	Auxin-responsive GH3 family protein	AT2G46370	5634;43231;43227;43226;5575;43229;44424;44464;5623;5622;9627;9814;98542;6952;6950;50896;8150;51707;43207;9605;9607;51704;45087;6955;2376;9640;9639;9416;9314;9628;9791;44767;32502;44699;44707;32501;7275;80123;16881;16879;16874;3824;3674;8152;9694;32787;19752;43436;6082;71704;44281;44710;44763;9987;44237;5524;35639;1901265;1901363;5488;97159;43168;43167;32559;30554;17076;166;36094;32555;32553;97367;32550;32549;1882;1883;9861;9611;5737;5773;44444;9864;2252;9867;9755;7165;50794;50789;65007;51716;7154;44700;23052;32870;9725;9719;10033;42221;71495;71310;70887;71395;9753;1101;1901700;71229;1901701;2218;2253;50778;48584;48518;48583;50776;2682;2684;45089;31349;31347;80134;45088;9682;42742;9617;19899;5515;2000377;31323;19222;10046;9636;9585;7602;9583;9582;51606;9581;10017;71489;71482;71478;71214;2000030;9733;71365;70566;16779;16772;16740;10224;9411;10193;302;6979;10035;31348;48585;48519;10119	4890	7447	6774	8658	7947.5	7051	7778	8256	2684.5	4615	7734.5	5631.5	3550	7101	7667.5	5325.5	6099.5	4400	8281	7692.5	6696	6991	5171.5	6379.5	119105.5	5.955.275
ORTHO006013	unknown protein	AT5G49210	9507;9536;43231;43227;43226;5575;43229;44424;44464;5623;5622;44444;5737;8150;3674	4891	5601	6874.5	8858	6478.5	2333	3628.5	7290.5	7831	1155	8770	3578.5	3990.5	8316	8061.5	5325.5	7337.5	5824	8310	8926	8850	8165	8405	7860.5	123958	6197.9
ORTHO003645	FMN-linked oxidoreductases superfamily protein	AT3G63510;AT5G47970	2943;6400;9451;16070;44260;43170;71704;8152;8150;44237;9987;90304;6139;46483;6725;1901360;34641;6807;44238;43412;8033;34470;34660;6396;10467;6399;17150;16627;16491;3824;3674;55114;44710;44699;5829;44444;44424;44464;5575;5623;5622;5737;6808;50789;65007;9507;9536;43231;43227;43226;43229;9524;5634	4892	2425	4214	3536	4356	3253	3758	3842	3632	6889	4180.5	6543.5	6731.5	6542.5	7885	2476	7742.5	6085	732	4444	1786	1358.5	1361	2940	82182	4109.1
ORTHO004061	Protein kinase superfamily protein	AT2G07180	5886;16020;5575;44464;5623;71944;16301;16772;16740;3824;3674;8152;8150;16310;6796;6793;44237;9987	4893	6044	2472	51	5552	4088	1542	3914.5	4045.5	1003.5	260	1323.5	1352	138	136.5	3232.5	245.5	398	2150.5	3331	2789	320.5	1203	549.5	32023	1601.15
ORTHO006603	Nitrogen regulatory PII-like; alpha/beta	AT2G33740	10038;10035;42221;50896;8150;31972;9529;31970;31974;5575;44446;44422;43226;44424;44464;5623;5622;43229;31967;31975;43227;44435;44444;5737;9536;43231;9526;44434;9507;9941;5507;46914;46872;43169;43167;5488;3674	4894	4237	5420.5	5947	2982.5	8470.5	3327	1426	8541.5	8168.5	1211	4841.5	6895.5	8210.5	6791	7782	125.5	7335.5	1063.5	8632.5	5988	2213.5	1538	2439.5	95001	4750.05
ORTHO006130	unknown protein	AT2G20390	3674;8150;9507;9536;43231;43227;43226;5575;43229;44424;44464;5623;5622;44444;5737	4895	2388	4153.5	3412	4356	4474	5521	4183	1430.5	5133.5	3136.5	4162.5	6895.5	6518	6867.5	2476	3891.5	5720	4548.5	3013.5	1761	3955.5	4668	3179.5	81535.5	4.076.775
ORTHO008783	Regulator of chromosome condensation (RCC1) family protein	AT3G02300	5739;43231;43227;43226;5575;43229;44424;44464;5623;5622;44444;5737;3674;8150	4896	3647	5231	5566	4356	2908.5	2627.5	2250	8688.5	5757	3989.5	2467.5	1352	7101	7162	7782	1356.5	6471	4485	8661.5	7386	6429	2104	3920	92898.5	4.644.925
ORTHO007579	replication factor C subunit 3	AT1G77470	5663;44427;44446;44422;5575;43226;44424;44464;5623;5622;43229;5694;43232;43228;43234;32991;5657;6281;6259;44260;43170;71704;8152;8150;44237;9987;90304;6139;46483;6725;1901360;34641;6807;44238;6974;33554;51716;50896;6950;44763;44699;44710;16887;17111;16462;16818;16817;16787;3824;3674;3689;33170;8094;42623;3677;3676;1901363;5488;97159;5634;43231;43227;31348;31347;80134;48583;50789;65007;48585;48519	4897	3548	3823.5	2750	2097	6529	2328.5	6741	931	3785.5	2129.5	247	5338.5	3815.5	3265	6712.5	4135	3121	3944	6860	4833.5	4067	6326.5	2439.5	77549.5	3.877.475
ORTHO005467	Haloacid dehalogenase-like hydrolase (HAD) superfamily protein	AT3G62040	16787;3824;3674;8152;8150;5634;43231;43227;43226;5575;43229;44424;44464;5623;5622	4898	4966	4391	3884	2982.5	8909.5	3224.5	2838	5851.5	8934.5	3749	4566	3325.5	3283.5	3521.5	6712.5	8323.5	2199.5	2899.5	5519.5	1830	2541	1453	4413.5	84095.5	4.204.775
ORTHO004622	alpha/beta-Hydrolases superfamily protein	AT5G20060	8474;16790;16788;16787;3824;3674;8152;8150;98599;98734;98732;43412;43170;71704;5737;44424;44464;5575;5623;5622;52689;2084;42159;42157;19538;44238;30163;9057;1901575;9056;35601;6464;36211;44267;44260;44237;9987	4899	8642	6559	8219	8471	5704	8704	7527.5	5355.5	8118.5	7886	6756	3011.5	504	1677.5	8358	8818.5	1051.5	5648	6467.5	7925	1910	7554.5	8420	111397.5	5.569.875
ORTHO001485	heavy metal atpase 4	AT2G19110;AT4G30110;AT4G30120	98655;6812;6811;44765;6810;51234;51179;8150;1902578;44699;34220;55085;44763;9987;5385;72509;22890;8324;15075;22891;22857;5215;3674;22892;72511;46915;46873;30001;41;71577;98662;98660;6829;70838;5886;16020;5575;44464;5623;71944;55069;72507;98771;50801;48878;42592;65008;65007;55080;55076;55065;5887;31226;44459;44425;31224;16021;46686;10038;10035;42221;50896;9506;5911;30054;55044;5515;5488;15434;15086;70574;15691;19829;42625;42626;43492;42623;16887;17111;16462;16818;16817;16787;3824;8152;15405;15399;22804;16820;43231;43227;43226;43229;44424;5622;10043;1990267;32025;15662;5774;44437;44444;5737;44446;44422;5773;98588;31090;98805	4900	5058	3874.5	2849	5307.5	4890.5	4341	6652	8331	6733	5440	1732	4355	3497	6092	2080.5	3426.5	1386	3977	5277	4023	1695	3355	885.5	78169	3908.45
ORTHO007625	Protein kinase superfamily protein	AT1G61590	16301;16772;16740;3824;3674;8152;8150;16310;6796;6793;44237;9987	4901	5241	5550	6199	6194	6529	3430	5957	6823.5	2025.5	7594	3422.5	6071.5	1800.5	5034.5	5325.5	5864.5	3580	6531	6467.5	2021	5789.5	6040	6057.5	96364.5	4.818.225
ORTHO006668	adenosine/AMP deaminase family protein	AT4G04880	6154;46085;46128;9119;9116;55086;6139;46483;44237;8152;8150;9987;6725;1901360;71704;34641;6807;44238;44281;44710;44699;44763;1901564;1901657;1901135;42278;72521;46130;6152;9164;1901658;44712;9056;1901136;1901575;1901565;34655;19439;44248;44270;1901361;46700;72523;42454;5737;44424;44464;5575;5623;5622;9168;9156;9161;9123;6753;19637;6793;6796;9124;1901293;90407;1901576;9058;34654;19438;44249;44271;18130;1901362;44711;9167;9126;9127;19239;3824;3674;4000;16814;16810;16787	4902	4892	6523	8144	2982.5	8807.5	6395	7290.5	7831	4506	2290	367.5	8094	8511.5	8316.5	7782	7397	5221.5	839.5	1129.5	1264.5	7637.5	8485	8332.5	110498.5	5.524.925
ORTHO002037	EF hand calcium-binding protein family	AT1G05990;AT2G43290;AT3G07490;AT3G59440	5509;46872;43169;43167;5488;3674;5575;5576;8150;5777;42579;43231;43227;43226;43229;44424;44464;5623;5622;44444;5737;5886;16020;71944	4903	6881	4781.5	4660	6100.5	4224.5	6055.5	4281	4865	8398	6173.5	7230.5	6316	2711.5	1725.5	3976.5	3471	5788	5027.5	2986	4226.5	3311	3770	3679.5	88217	4410.85
ORTHO004572	3'-5'-exoribonuclease family protein	AT1G60080	5829;44444;44424;44464;5575;5623;5622;5737;34475;34472;43628;34470;34660;16070;44260;43170;71704;8152;8150;44237;9987;90304;6139;46483;6725;1901360;34641;6807;44238;6396;10467;31123;16180;16073;71038;16078;34661;6401;44265;9057;1901575;9056;44248;34655;19439;44270;1901361;46700;6399;71046;43634;43633;43632;71029;71027;71025;176;44428;44446;44422;43226;43229;5634;43231;43227;178;43234;32991;31981;70013;43233;31974;175;8408;4527;4518;16788;16787;3824;3674;90305;16896;4532;4540;90501;90503;16796;71028;956;6402;16071;44822;3723;3676;1901363;5488;97159;34473;34427;291;43928;288;71035;16075;16072;467;459;469;6364;42254;22613;44085;71840;31125;466;460;177;34476;71042;71047;17091	4904	3314	5115	5326	4356	5016	7121.5	2185	267.5	5055	8984.5	2197	6895.5	6971	7195	5325.5	8801.5	5368	7281	794.5	1239.5	5376	1640	3920	91634	4581.7
ORTHO006375	P-loop containing nucleoside triphosphate hydrolases superfamily protein	AT1G33970	9617;51707;43207;9605;50896;8150;9607;51704;5525;35639;1901265;1901363;5488;3674;97159;43168;43167;32550;32549;1882;36094;97367;1883;32561;19001;17076;166;32555;32553;5739;43231;43227;43226;5575;43229;44424;44464;5623;5622;44444;5737	4905	4246	6099	7293	5938.5	1658.5	2791.5	2322	7748	2630.5	2653	8258	1352	6971	8093.5	5325.5	8505.5	5221.5	6897.5	8364.5	6810.5	6714	3284.5	7721.5	103323	5166.15
ORTHO007502	Carbohydrate-binding X8 domain superfamily protein	AT4G13600	5886;16020;5575;44464;5623;71944	4906	3251	4427.5	3949	4356	3511	5410	2322	5754	6825	1312.5	5435.5	8306	5523.5	1109.5	6712.5	1660	8411.5	3149.5	1632	992	7603.5	3591.5	5222.5	84484	4224.2
ORTHO008651	pfkB-like carbohydrate kinase family protein	AT4G27600	5737;44424;44464;5575;5623;5622;3676;1901363;5488;3674;97159;5576;16740;3824;8152;8150;166;36094;1901265;8408;4527;4518;16788;16787;90305;90304;6139;46483;44237;9987;6725;1901360;71704;34641;6807;44238;43170	4907	3661	4419	3931	2097	8518.5	2791.5	6428.5	6943.5	5335.5	6543	2000.5	4793	3815.5	3047.5	6712.5	3682	2199.5	552.5	6467.5	4103	3222.5	5263	1958.5	84378	4218.9
ORTHO003449	unknown protein	AT5G02440	3674;5739;43231;43227;43226;5575;43229;44424;44464;5623;5622;44444;5737;8150	4908	8404	3960	3012	6100.5	4986.5	8586	8552	4073.5	7782	3879	8454.5	4417	401	1354.5	3976.5	3200.5	985	3529	3699	2400	1407.5	3581	3920	79184.5	3.959.225
ORTHO004493	methyl-CPG-binding domain 9	AT3G01460	16573;16570;16569;16568;6325;43933;16043;71840;8150;9987;51276;6996;6464;36211;19538;43170;71704;8152;44238;43412;44267;44260;44237;1902589;44763;44699;44710;18393;18394;18205;18193;6473;43543;6475;3677;3676;1901363;5488;3674;97159;10223;10346;48646;32502;9653;48856;10016;48367;44767;48731;7275;44707;32501;1763;6355;1903506;2001141;31326;9889;19222;50789;65007;31323;50794;51252;19219;80090;51171;60255;10556;10468;2000112;43966;43967;8327;43565;166;36094;1901265;4402;61733;34212;8080;16410;16747;16746;16740;3824;16407;9506;5911;30054;5575;55044;8270;46914;46872;43169;43167;42393;5515;48573;9648;9416;9314;9628;50896;10228;3006;22414;48608;61458;9791;5634;43231;43227;43226;43229;44424;44464;5623;5622;6351;34645;9059;1901576;9058;44249;97659;32774;16070;90304;6139;46483;6725;1901360;34641;6807;34654;19438;44271;18130;1901362;10467	4909	4283	4196.5	3484	2982.5	916	7363	5813.5	6943.5	3955	6173.5	3578.5	4677	1800.5	4705.5	6712.5	3589	2199.5	1210.5	6322.5	1715	2923.5	4773	6553	81924.5	4.096.225
ORTHO007198	Translation initiation factor 2; small GTP-binding protein	AT4G11160	3743;8135;3723;3676;1901363;5488;3674;97159;6412;43043;43604;43603;34641;6807;8152;8150;44237;9987;44271;44249;9058;6518;1901564;71704;1901566;1901576;44267;19538;43170;44238;44260;34645;9059;10467;6413;5622;44464;5575;5623;3924;17111;16462;16818;16817;16787;3824	4910	2528	3365.5	1821	1689.5	3102.5	6055.5	3393.5	3584	7441.5	1810	998	2724.5	6004.5	3265	2080.5	2195	8304.5	2568.5	3466.5	1637.5	7992	2503	2046	71172.5	3.558.625
ORTHO001486_3	Tetratricopeptide repeat (TPR)-like superfamily protein	AT2G18940	8150;9507;9536;43231;43227;43226;5575;43229;44424;44464;5623;5622;44444;5737;5739	4911	3173	6351	7791	4356	1423	7724	2322	6124	4997	8314	247	1352	7213.5	7258.5	7782	6409	5569	7712	4884.5	7568	7637.5	8485	4060.5	107082.5	5.354.125
ORTHO001776	Heat shock protein DnaJ with tetratricopeptide repeat	AT2G41520;AT5G12430	5634;43231;43227;43226;5575;43229;44424;44464;5623;5622;6457;9987;8150;9507;9536;44444;5737	4912	4417	5159	5406	2982.5	5833.5	5430	2876.5	1545.5	6179.5	7382.5	536.5	7031	8210.5	7713.5	5325.5	8542.5	4507	4328.5	3563	1219.5	2433.5	1847	7591	92096.5	4.604.825
ORTHO006475	TLD-domain containing nucleolar protein	AT2G05590	5739;43231;43227;43226;5575;43229;44424;44464;5623;5622;44444;5737;8150;3674	4913	7868	5928.5	6944	6857.5	2214.5	7744.5	5213.5	5619	720	7734.5	7017.5	6071.5	906.5	3265	5325.5	5457.5	3121	7901.5	6923.5	7052	5132.5	7946.5	5601	100967.5	5.048.375
ORTHO006426	myosin heavy chain-related	AT5G59210	8150	4914	4263	6325.5	7737	2982.5	7959	2328.5	2250	8053.5	450.5	1623	6240	1352	7536	8471.5	5325.5	494	5720	7862.5	8832.5	7786.5	7725	8202.5	8491	106703.5	5.335.175
ORTHO006919	Vacuolar protein sorting 55 (VPS55) family protein	AT1G32410	6810;51234;51179;8150;5773;43231;43227;43226;5575;43229;44424;44464;5623;5622;44444;5737;15031;45184;8104;33036;71702;10008;98588;31090;16020;44422;44440;44446;5768;12505;98805;5215;3674;16021;31224;44425	4915	3907	5535	6155	4356	8412.5	2791.5	7084	8467	7539	8947	3686.5	6617.5	7300	7129	7782	62	4507	528	8320	1201.5	1068	1121.5	3565	96129	4806.45
ORTHO007193	FUNCTIONS IN: binding	AT1G30240	5634;43231;43227;43226;5575;43229;44424;44464;5623;5622;8150	4916	4606	4489	4062	5938.5	8655.5	7321	2711	5994	8319	3596.5	4018.5	5740	1800.5	3521.5	6712.5	1048	2199.5	2454	6001	3604.5	2433.5	4116	4898	85144.5	4.257.225
ORTHO002159	C-repeat/DRE binding factor 2	AT4G25470;AT4G25480;AT4G25490;AT5G51990	6355;1903506;2001141;31326;9889;19222;50789;65007;8150;31323;50794;51252;19219;80090;51171;60255;10556;10468;2000112;9409;9266;9628;50896;6950;3700;1071;3674;9631;5634;43231;43227;43226;5575;43229;44424;44464;5623;5622;3677;3676;1901363;5488;97159;6351;34645;44260;43170;71704;8152;44237;9987;9059;1901576;9058;44249;97659;32774;16070;90304;6139;46483;6725;1901360;34641;6807;44238;34654;19438;44271;18130;1901362;10467;9414;9415;1101;42221;10035;1901700;45893;10628;10604;9893;48518;1903508;1902680;51254;45935;31325;48522;51173;31328;9891;10557;9738;9755;7165;51716;7154;44763;44699;44700;23052;32870;9725;9719;10033;71495;71310;70887;71215;9737;33993;97305;71396;97306;1901701;71229	4917	3679	4492	4067	2097	1959	3224.5	2460.5	7831	4289.5	6763.5	1889	6227	1800.5	5413.5	3976.5	1000	3949	6785	8025.5	4384	5603	3311.5	6281	85173.5	4.258.675
ORTHO001418	Ribosomal protein S13/S15	AT3G60770;AT4G00100	22626;44445;44444;44424;44464;5575;5623;5622;5737;5829;5840;30529;32991;43232;43228;43226;43229;5730;44428;44446;44422;5634;43231;43227;31981;70013;43233;31974;22627;15935;44391;6412;43043;43604;43603;34641;6807;8152;8150;44237;9987;44271;44249;9058;6518;1901564;71704;1901566;1901576;44267;19538;43170;44238;44260;34645;9059;10467;5618;30312;71944;3735;5198;3674;9507;9536;5783;12505;911;1902410;32506;22402;44763;44699;7049;910;51301;1903047;278;61640;281;9965;9887;44767;32502;9653;48856;48513;48731;7275;44707;32501;48366;48827;48367;10016;10090;904;902;32989;16043;71840;48869;48468;30154;10026;90558;9888;90626;16020	4918	8497	5249.5	5581	8935.5	5090	5800	8982	2715.5	8934.5	5610	7654.5	1352	6081.5	6425.5	3023.5	1048	8496.5	7562	4258.5	3870	799	1888	3366.5	92957.5	4.647.875
ORTHO002126	nuclear factor Y; subunit C11	AT3G12480;AT5G19490	5829;44444;44424;44464;5575;5623;5622;5737;3677;3676;1901363;5488;3674;97159;6355;1903506;2001141;31326;9889;19222;50789;65007;8150;31323;50794;51252;19219;80090;51171;60255;10556;10468;2000112;5634;43231;43227;43226;43229;46982;46983;5515;3700;1071;43565	4919	5364	5583	6247	2982.5	4129.5	5075.5	5957	4405.5	3581	6763.5	2255.5	6316	1800.5	5034.5	3976.5	6162	3949	4293	5672	7254	6182.5	6467.5	7376.5	96651.5	4.832.575
ORTHO007627	endoribonucleases	AT3G04480	90502;90501;16070;44260;43170;71704;8152;8150;44237;9987;90304;6139;46483;6725;1901360;34641;6807;44238;90305;4521;4519;4518;16788;16787;3824;3674;4540	4920	2619	5199.5	5479	1812	4474	7778	3218	5754	4993	3136.5	4841.5	6513.5	6764.5	6791	2476	7922.5	6085	4914	8214	1889.5	1827.5	1289.5	3565	92447	4622.35
ORTHO002236	Cystatin/monellin superfamily protein	AT5G47550	4869;4866;30414;61134;30234;98772;3674;50790;19222;50789;65007;8150;65009;52547;30162;51246;80090;60255;51336;4857;43086;44092;9892;48519;10466;45861;32269;32268;31323;50794;31324;48523;51248;10605;51346;61135;52548;10951;5576;5575;5618;30312;44464;5623;71944;6952;6950;50896	4921	4625	2474	27	5307.5	4079	6968	4281	105.5	3889.5	544	1510.5	1352	138	136.5	1073.5	151	142.5	1567	436	190	292	151.5	49	27056.5	1.352.825
ORTHO001790	Small GTP-binding protein	AT5G08650;AT5G39900	3924;17111;16462;16818;16817;16787;3824;3674;8152;8150;45727;10628;10604;9893;48518;50789;65007;19222;60255;10468;31328;31326;9889;31323;50794;31325;48522;9891;10557;10556;6417;10608;32268;51246;80090;34248;51171;2000112;32270;51247;34250;51173;3746;8135;3723;3676;1901363;5488;97159;6412;43043;43604;43603;34641;6807;44237;9987;44271;44249;9058;6518;1901564;71704;1901566;1901576;44267;19538;43170;44238;44260;34645;9059;10467;6414;5525;35639;1901265;43168;43167;32550;32549;1882;36094;97367;1883;32561;19001;17076;166;32555;32553;5886;16020;5575;44464;5623;71944;9507;9536;43231;43227;43226;43229;44424;5622;44444;5737;5739	4922	3042	4265.5	3609	1522.5	390.5	6107	3156	8307	3007	3674	5347.5	1352	5210.5	369	1239.5	7258	8150.5	8886.5	813	1843.5	8695.5	5497.5	3238	82542.5	4.127.125
ORTHO008673	Peptide chain release factor 1	AT3G62910	16149;3747;8079;8135;3723;3676;1901363;5488;3674;97159;6412;43043;43604;43603;34641;6807;8152;8150;44237;9987;44271;44249;9058;6518;1901564;71704;1901566;1901576;44267;19538;43170;44238;44260;34645;9059;10467;6415;43624;43241;32984;43933;16043;71840;22411;44763;44699;71822;32544;9657;6996;1902589;44711;44710;10027;9668;44802;61024;43022;43021;44877;9536;43231;43227;43226;5575;43229;44424;44464;5623;5622;44444;5737;40008;50789;65007;9507;9658	4923	3594	6796.5	8670	2097	1959	5281.5	2985.5	2367.5	7125	8404	6590	7258.5	8664	5254.5	7782	6409	6590	7764.5	6467.5	7786.5	8127.5	8520	3920	119256.5	5.962.825
ORTHO005550	Ribonuclease III family protein	AT4G37510	6396;16070;44260;43170;71704;8152;8150;44237;9987;90304;6139;46483;6725;1901360;34641;6807;44238;10467;9507;9536;43231;43227;43226;5575;43229;44424;44464;5623;5622;44444;5737;4525;16891;4521;4519;4518;16788;16787;3824;3674;90305;4540;90501;90502;16893;32296;3723;3676;1901363;5488;97159	4924	6176	5934.5	6945	7245.5	1859.5	3758	5813.5	9092	5608	7734.5	6883.5	1352	2711.5	4233.5	3976.5	5457.5	3580	6897.5	7576.5	5779	5789.5	5678	7190.5	100971	5048.55
ORTHO008117	CONTAINS InterPro DOMAIN/s: Mediator complex subunit Med27 (InterPro:IPR021627)	AT3G09180	6355;1903506;2001141;31326;9889;19222;50789;65007;8150;31323;50794;51252;19219;80090;51171;60255;10556;10468;2000112;6351;34645;44260;43170;71704;8152;44237;9987;9059;1901576;9058;44249;97659;32774;16070;90304;6139;46483;6725;1901360;34641;6807;44238;34654;19438;44271;18130;1901362;10467;16592;44451;44428;44446;44422;5575;43226;44424;44464;5623;5622;43229;5634;43231;43227;5654;31981;70013;43233;31974;43234;32991;3674	4925	2761	3647.5	2370	1812	568.5	6349.5	641	4365	2963.5	2992.5	4670	6513.5	6764.5	7017.5	7782	7922.5	5720	1552	1632	740.5	1910	1322	3635.5	75062	3753.1
ORTHO005770	chromatin assembly factor-1 (FASCIATA1) (FAS1)	AT1G65470	724;725;6281;6259;44260;43170;71704;8152;8150;44237;9987;90304;6139;46483;6725;1901360;34641;6807;44238;6974;33554;51716;50896;6950;44763;44699;44710;6310;6302;48366;48827;48856;32502;48367;44767;48731;7275;44707;32501;33186;43234;32991;5575;6355;1903506;2001141;31326;9889;19222;50789;65007;31323;50794;51252;19219;80090;51171;60255;10556;10468;2000112;31507;6338;16568;6325;43933;16043;71840;51276;6996;70828;31497;65003;22607;44085;6333;6323;71103;5634;43231;43227;43226;43229;44424;44464;5623;5622;8283;9934;48509;2000026;50793;51239;22603;6334;65004;71824;34622;34728;71822;6461;70271;45787;51726;48522;48518;9555;48229;42393;5515;5488;3674;10026;30154;48869;90558;9888;6351;34645;9059;1901576;9058;44249;97659;32774;16070;34654;19438;44271;18130;1901362;10467	4926	2811	5330.5	5735	4356	3375	5903	1204.5	8259	5039	1810	1198.5	7498	7536	7432.5	7782	7071	6085	1141	1532.5	1982	6859.5	7486	4541	93735.5	4.686.775
ORTHO004317	4-phosphopantetheine adenylyltransferase	AT2G18250	4595;70566;16779;16772;16740;3824;3674;8152;8150;4140;16301;16310;6796;6793;44237;9987;16773;80020;1900371;30808;31326;9889;19222;50789;65007;31323;50794;6140;19219;80090;51171;19220;51174;1900542;51196;51193;9118;6970;9628;50896;6950;15937;9108;51188;51186;44249;9058;6732;34033;33866;1901293;90407;19637;71704;1901576;6753;55086;6139;46483;6725;1901360;34641;6807;44238;44281;44710;44699;44763;34654;19438;44271;18130;1901362;44711;33865;34032;72521;1901564;72522;1901566;34030;33875;9152;9150;6163;9117;9259;19693;1901135;9260;46390;1901137;9165;6164;15936;46128;9119;9116;1901657;42278;46129;42451;9163;1901659;42455;6629;19915;51235;51179;65008;10876;33036;9651;5829;44444;44424;44464;5575;5623;5622;5737;5634;43231;43227;43226;43229;40007	4927	4990	5578	6229	2982.5	6227.5	8400	4200.5	2645.5	6856.5	4209.5	7876.5	1352	2711.5	5034.5	6712.5	630	4507	7042	7299	2160.5	6182.5	5617	6883	96547.5	4.827.375
ORTHO005514	abscisic acid (aba)-deficient 4	AT1G67080	32928;90322;2000377;31323;50794;50789;65007;8150;19222;10117;9416;9314;9628;50896;9517;9503;98807;98796;43234;32991;5575;44425;16020;44434;44435;44444;44424;44464;5623;5622;5737;44446;44422;43226;43229;9536;43231;43227;9507;44436;9579;9535;55035;42651;34357;31976;31984;9534;30076;9941;9526;31967;31975;16122;16116;16108;6721;6720;44255;6629;71704;8152;44710;44699;44238;44763;9987;44237;9688;72330;46394;16053;6082;44281;44283;44711;9058;1901576;44249;19752;43436;32787;43289;8299;8610;43288;1902645;46165;1901617;1901615;6066;1902644;16106;16114;6714;9687	4928	4843	4593.5	4259	2982.5	5621	4341	2250	7748	1642.5	6343	2086	6071.5	1800.5	4705.5	6712.5	3682	2199.5	6700.5	5726.5	4103	3222.5	5171.5	6057.5	86184.5	4.309.225
ORTHO009016	SOUL heme-binding family protein	AT3G10130	9507;9536;43231;43227;43226;5575;43229;44424;44464;5623;5622;44444;5737;10287;44434;44435;44446;44422;9570;9532;9535;55035;42651;34357;16020;44436;9579;31976;31984;9534;8150	4929	3706	3955.5	2982	4356	4827.5	1881	6978.5	597.5	2284	982	743.5	1352	3815.5	5034.5	6712.5	4761	4253	4548.5	7692.5	6696	5308.5	7486	3103.5	79057.5	3.952.875
ORTHO006729	SWAP (Suppressor-of-White-APricot)/surp domain-containing protein	AT5G23080	70883;3723;3676;1901363;5488;3674;97159;30422;70918;31050;6396;16070;44260;43170;71704;8152;8150;44237;9987;90304;6139;46483;6725;1901360;34641;6807;44238;10467;44763;44699;44710;71359;71407;14070;10033;42221;50896;71310;70887;51716;43331;1901698;1901699;31047;16458;10629;10605;9892;48519;50789;65007;19222;60255;10468;16246;35194;16441;10608;40029;5634;43231;43227;43226;5575;43229;44424;44464;5623;5622;16607;16604;44451;44428;44446;44422;5654;31981;70013;43233;31974;6397;16071;10087;9888;48856;32502;70878;35196;35195;5515;40008;7275;44767;44707;32501	4930	4046	5423.5	5917	5938.5	273.5	7422	6741	7455	1003.5	6763.5	998	1352	3815.5	5523	6712.5	4252.5	3949	7435.5	7299	5170.5	4873	6854	6949.5	94842.5	4.742.125
ORTHO007943	one helix protein	AT5G02120	9535;55035;42651;34357;16020;5575;44436;44424;44464;5623;5622;9579;44435;44444;5737;44446;44422;43226;43229;9536;43231;43227;31976;31984;44434;9507;9534;16021;31224;44425;7623;48511;8150;18298;6464;36211;19538;43170;71704;8152;44238;43412;44267;44260;44237;9987;9523;9521;98796;43234;32991;9644;9642;9416;9314;9628;50896;16168;46906;1901363;5488;3674;97159	4931	5666	6815.5	8700	2982.5	6679.5	4118.5	6906	4492.5	4703.5	2809.5	4877	7258.5	8316	7885	5325.5	7258	5452.5	7950	7747	7786.5	7441	5617	7376.5	120000	6000
ORTHO005944	phosphate transporter traffic facilitator1	AT3G52190	5789;98588;31090;16020;5575;44422;43226;43227;44432;44444;44424;44464;5623;5622;5737;44446;43229;5783;43231;12505;44425;42175;16021;31224;6817;15698;6820;6811;44765;6810;51234;51179;8150;1902578;44699;6888;16482;46907;51649;51641;48193;1902582;16192;166;36094;5488;3674;1901265;1901363;97159;5886;71944;16036;9267;31669;31667;9991;9605;50896;31668;51716;9987;71496;7154;44763;42594;6950;33554;5515	4932	6849	5787	6642	7662	5432.5	5001	4964	4740.5	5988	7382.5	7039.5	7743	2711.5	3265	3976.5	4761	2724.5	5128	5189.5	6180.5	4308.5	7335	5222.5	99093.5	4.954.675
ORTHO008869	hydroxyproline-rich glycoprotein family protein	AT2G32600	71004;71010;5681;44428;44446;44422;5575;43226;44424;44464;5623;5622;43229;5634;43231;43227;30529;32991;5684;5686;97525;30532;245;22618;71826;43933;16043;71840;8150;9987;34622;65003;22607;44085;22613;398;6397;16071;16070;44260;43170;71704;8152;44237;90304;6139;46483;6725;1901360;34641;6807;44238;6396;10467;377;375;8380;71013;44822;3723;3676;1901363;5488;3674;97159	4933	3613	5827	6721	4356	5833.5	3430	6978.5	2134	7782	7199	4724	5740	6434	6867.5	5325.5	1189	4507	4328.5	6064.5	4519	6429	7156	2850	99491	4974.55
ORTHO008961	RING/FYVE/PHD zinc finger superfamily protein	AT5G22260	6351;34645;44260;43170;71704;8152;8150;44237;9987;9059;1901576;9058;44249;97659;32774;16070;90304;6139;46483;6725;1901360;34641;6807;44238;34654;19438;44271;18130;1901362;10467;10208;45229;16043;71840;10927;44767;32502;44699;22607;44085;44763;48646;9653;48856;32989;48869;85029;30198;43062;9555;48229;7275;44707;32501;9846;9856;44703;51704;22414;44706;5739;43231;43227;43226;5575;43229;44424;44464;5623;5622;44444;5737;55046;48655;44702;3006;9886;9791;48654;48444;48563;9887;48513;48731;48569;48437;9908;90567;48608;61458;48367;48653;48443;48827;48466;48438;48448;48658;9556;48236;51321;7049;3;6355;1903506;2001141;31326;9889;19222;50789;65007;31323;50794;51252;19219;80090;51171;60255;10556;10468;2000112;5634;45893;10628;10604;9893;48518;1903508;1902680;51254;45935;31325;48522;51173;31328;9891;10557;8270;46914;46872;43169;43167;5488;3674;71367;71407;14070;10033;42221;50896;71310;70887;51716;71396;33993;9741;9725;9719;97305;1901700;32870;71495;97306;1901701;3677;3676;1901363;97159;3700;1071	4934	3614	4902	4870	4356	1089	6617	1640.5	1625	2124.5	7886	8085	6316	4134.5	5254.5	6712.5	8801.5	4326.5	5272.5	5215.5	6908	2923.5	1235	3238	89405	4470.25
ORTHO006999	unknown protein	AT2G37195	3674;8150	4935	4955	4970.5	5006	2982.5	5090	8324.5	6142.5	6584	3109	5973.5	2851	5740	1375.5	3936.5	6712.5	5032.5	2199.5	3172	6103	5422.5	2541	4324	5433.5	90067	4503.35
ORTHO003176	RNI-like superfamily protein	AT5G01720	6511;19941;51603;6508;19538;43170;71704;8152;8150;44238;44257;30163;9057;1901575;9056;44265;44260;44237;9987;44248;44267;43632;19005;31461;151;1990234;1902494;43234;32991;5575;44424;44464;5623;5622;16567;32446;70647;6464;36211;43412;5634;43231;43227;43226;43229;31146;43161;10498;61630;4842;19787;16740;3824;3674;61659;5737	4936	7818	5970.5	7005	6857.5	6707.5	7978.5	7935.5	5994	2814	6173.5	4351.5	5338.5	2711.5	2396.5	5325.5	8711.5	1780	5027.5	7576.5	2430.5	3754	6538.5	7860.5	101405.5	5.070.275
ORTHO000279_3	no pollen germination related 1	AT1G27460	5634;43231;43227;43226;5575;43229;44424;44464;5623;5622;5886;16020;71944;5516;5515;5488;3674;8150	4937	4577	4003.5	3070	2982.5	6382	8282	6428.5	4365	4064	2992.5	337.5	1352	2711.5	4462	6712.5	3589	2199.5	6185.5	6322.5	864.5	2608	3795.5	5913	79567	3978.35
ORTHO007072	cyclin family	AT3G05330	9574;44430;44446;44422;5575;43226;44424;44464;5623;5622;43229;5856;43232;43228;44444;5737;15630;5730;44428;5634;43231;43227;31981;70013;43233;31974;914;1902407;912;32506;22402;44763;9987;8150;44699;7049;910;51301;22607;16043;71840;44085;61640;1902410;1903047;278;281;911;5875;43234;32991;3674;5739;9524	4938	6836	5046	5154	6100.5	5432.5	5001	4964	4323	2891.5	6543	7957.5	3262	2711.5	3521.5	3976.5	4870.5	2724.5	5851	5189.5	6431	4873	5021	5222.5	90767	4538.35
ORTHO000617	rotamase FKBP 1	AT3G25230;AT5G48570	6970;9628;50896;8150;6950;32266;1901981;35091;5543;8289;5488;3674;43168;43167;413;18208;18193;6464;36211;19538;43170;71704;8152;44238;43412;44267;44260;44237;9987;70370;34605;9408;9266;33554;51716;10286;5829;44444;44424;44464;5575;5623;5622;5737;80025;1902936;5789;98588;31090;16020;44422;43226;43227;44432;44446;43229;5783;43231;12505;44425;42175;3755;16859;16853;3824;5528;5527;1901363;97159;8144;46686;10038;10035;42221;9845;44707;32501;44699;90351;9791;44767;32502;7275;5634;61077;6457;5515;9611;71944;9735;9725;9719;10033;5516;5773	4939	3381	5697.5	6456	1522.5	2920.5	4758.5	8761	2611.5	3221	3749	9018	1352	5328	438.5	2914	1581	7028	8791.5	9009	6431	8658.5	7486	3799.5	97856.5	4.892.825
ORTHO008804	Transducin/WD40 repeat-like superfamily protein	AT5G56130	16567;32446;70647;6464;36211;19538;43170;71704;8152;8150;44238;43412;44267;44260;44237;9987;61630;4842;19787;16740;3824;3674;61659;31146;43161;10498;51603;6508;44257;30163;9057;1901575;9056;44265;44248;6511;19941;43632;19005;31461;151;1990234;1902494;43234;32991;5575;44424;44464;5623;5622;5737	4940	3622.5	6709	8478	4356	332.5	7923	8102.5	9159	5874.5	9088	4566	8446	5513	1081	6712.5	2261.5	8505.5	8750.5	9152.5	3296.5	8134.5	2591	5913	115403	5770.15
ORTHO009465	DNAJ heat shock N-terminal domain-containing protein	AT1G77020	6457;9987;8150;5737;44424;44464;5575;5623;5622	4941	6529	4306.5	3672	7245.5	4119	3224.5	7192	3813	8934.5	4046	6763.5	8859	6542.5	2396.5	3976.5	13	6784	2361.5	3495.5	2533.5	2541	1555.5	3721	82872	4143.6
ORTHO000709	RAD-like 6	AT1G75250	5634;43231;43227;43226;5575;43229;44424;44464;5623;5622;6355;1903506;2001141;31326;9889;19222;50789;65007;8150;31323;50794;51252;19219;80090;51171;60255;10556;10468;2000112;3682;44877;5488;3674;9507;9536;44444;5737;6351;34645;44260;43170;71704;8152;44237;9987;9059;1901576;9058;44249;97659;32774;16070;90304;6139;46483;6725;1901360;34641;6807;44238;34654;19438;44271;18130;1901362;10467;3677;3676;1901363;97159;3700;1071	4942	6603	6081.5	7221	7245.5	5090	4341	8181.5	8149.5	2425	7734.5	2467.5	7963	2711.5	3936.5	5325.5	5108	3121	5851	5160	5422.5	5603	5407	8857.5	102855.5	5.142.775
ORTHO006995	Stress responsive alpha-beta barrel domain protein	AT2G31670	9570;9532;44435;44444;44424;44464;5575;5623;5622;5737;44446;44422;43226;43229;9536;43231;43227;44434;9507;8150;5777;42579;3674	4943	5684	6903	8863	2982.5	2170	9081	8890	8734	1709.5	3461	5983.5	4151.5	5465	766.5	3976.5	7884	7525.5	9115	9149.5	8909	9081.5	9065.5	9018	124136.5	6.206.825
ORTHO000256_3	ERD (early-responsive to dehydration stress) family protein	AT4G02900	5576;5575;6811;44765;6810;51234;51179;8150;1902578;44699;16021;31224;44425;16020	4944	6256	2625.5	307	7245.5	3971.5	7037.5	3729.5	3895.5	5402	5185	1755.5	1352	138	136.5	3232.5	2683	398	1922	3085	2294	258	807.5	356	47639	2381.95
ORTHO003496	Tetratricopeptide repeat (TPR)-like superfamily protein	AT1G22830;AT1G71490	5739;43231;43227;43226;5575;43229;44424;44464;5623;5622;44444;5737;8150;3674	4945	4226	4690	4435	5151.5	1089	2328.5	6573	2743.5	2702	6763.5	7904	5195	3815.5	5413.5	3976.5	4054.5	3121	7042	6860	4668.5	4067	6282.5	2439.5	87039	4351.95
ORTHO005232	Zinc finger C-x8-C-x5-C-x3-H type family protein	AT1G21580	8150;5634;43231;43227;43226;5575;43229;44424;44464;5623;5622	4946	5046	5011.5	5077	5938.5	8675.5	2951	6142.5	3957.5	1893	1623	8258	6731.5	1800.5	5413.5	3976.5	6825	3121	257	6860	7568	3222.5	4500.5	6669	90445.5	4.522.275
ORTHO006342	TBP-associated factor 13	AT1G02680	9960;3006;32502;8150;22414;9888;48856;48513;48731;7275;44767;44699;44707;32501;48316;48608;61458;44702;9791;10154;5667;43234;32991;5575;44424;44464;5623;5622;5634;43231;43227;43226;43229;6352;32774;9059;43170;71704;8152;1901576;9058;16070;44260;44237;9987;90304;6139;46483;6725;1901360;34641;6807;44238;34654;19438;44249;44271;18130;1901362;6351;34645;97659;10467;5886;16020;71944;9793;9790	4947	3781	5461	5975	2097	4327	4638.5	2876.5	2069	5327.5	6763.5	587.5	5740	6434	6791	7782	4135	4400	7281	6960	4321	5434	6709	2575	95151.5	4.757.575
ORTHO007322	CCR-like	AT3G26740	9507;9536;43231;43227;43226;5575;43229;44424;44464;5623;5622;44444;5737;3674;8150	4948	6025	4990	5032	6664	5516	4341	5439.5	6379.5	5910.5	6543	4421	5740	3283.5	3721.5	3976.5	6409	2724.5	5347.5	6860	4833.5	2213.5	1322	5222.5	90204.5	4.510.225
ORTHO001400_2	Mannose-binding lectin superfamily protein	AT1G19715	80028;44271;34641;6807;8152;8150;44237;9987;44249;9058;50898;1901564;71704;1901566;1901576;5576;5575;19762;19759;19757;43436;6082;44281;44710;44699;44763;19748;16143;6790;1901657;1901135;16145;1901658;44712;9056;1901136;1901575;44273;44248;19760;30246;5488;3674	4949	6050	6157	7365	5552	7116	2881	6142.5	7183.5	4979.5	7886	3218	6617.5	1800.5	4842.5	3976.5	6409	3949	7509	8320	782.5	6266	6854	7190.5	103923.5	5.196.175
ORTHO008080	RNA polymerase III RPC4	AT5G09380	5666;55029;44428;44446;44422;5575;43226;44424;44464;5623;5622;43229;5634;43231;43227;428;30880;61695;1990234;1902494;43234;32991;44451;5654;31981;70013;43233;31974;6383;6351;34645;44260;43170;71704;8152;8150;44237;9987;9059;1901576;9058;44249;97659;32774;16070;90304;6139;46483;6725;1901360;34641;6807;44238;34654;19438;44271;18130;1901362;10467;3899;34062;16779;16772;16740;3824;3674	4950	4393	3982.75	3015.5	5214.5	8152	2703	6652	6225	7620	5365.5	2803.5	3557.5	3815.5	6092	2914	3016.5	5569	926	5303	3204.5	1613	2744.5	913	79189.5	3.959.475
ORTHO003519	sterol methyltransferase 1	AT5G13710	5783;43231;43227;43226;5575;43229;44424;44464;5623;5622;44444;5737;12505;5773;3838;8757;8168;16741;16740;3824;3674;8152;8150;32259;8169;16126;16125;6066;1901615;71704;44281;44710;44699;8202;1901360;6629;44238;46165;1901617;1901576;9058;44283;44711;6694;1901362;8610;9793;44702;22414;3006;32502;9790;44767;48856;7275;44707;32501;48316;48608;61458;48731;9791;10154;9506;5911;30054;55044	4951	7042	4909.5	4868	5439	9049.5	5808	8314.5	8447.5	8934.5	4551	7590	1352	6206.5	7082.5	3074	8888	1017	1612.5	5726.5	280	557	205.5	691.5	89388	4469.4
ORTHO007318	AWPM-19-like family protein	AT1G04560	8150;3674;5576;5575	4952	6029	4943.5	4935	5552	5904	3960	5213.5	5619	1282.5	7199	3686.5	3521	1800.5	4233.5	3976.5	5108	3121	5851	7194	5422.5	5603	5407	5601	89703.5	4.485.175
ORTHO008768	Protein of unknown function; DUF647	AT5G01510	NA	4953	3637	6137.5	7322	4356	7468.5	5345.5	1322	7455	1028.5	8232.5	2343.5	6731.5	6764.5	7082.5	7782	1780.5	5221.5	6897.5	4527	6810.5	7061.5	5902.5	3771.5	103528.5	5.176.425
ORTHO007451	Cupredoxin superfamily protein	AT5G07475	5886;16020;5575;44464;5623;71944;50896;8150;31225;31224;44425;46658;31226;44459;5507;46914;46872;43169;43167;5488;3674;9055	4954	4557	6220.5	7487	5938.5	8968.5	1330.5	2796	3584	8006.5	4711.5	8132.5	7498	8739.5	5523	7782	1873	6145	1463	4727.5	6908	6859.5	2825	6949.5	104822.5	5.241.125
ORTHO010048	Protein phosphatase 2C family protein	AT2G30170	5739;43231;43227;43226;5575;43229;44424;44464;5623;5622;44444;5737	4955	5561.5	5075.5	5196	2982.5	4723.5	8076	2750.5	5355.5	6551	6343	5126	5467.5	1800.5	3521.5	3976.5	4464.5	2724.5	5027.5	6632	4226.5	4612.5	4927.5	4678.5	90985	4549.25
ORTHO008633	NAD+ transporter 2	AT1G25380	31966;31090;16020;5575;44422;43226;43227;44429;44444;44424;44464;5623;5622;5737;44446;43229;5739;43231;5740;31967;31975;55085;44763;9987;8150;44699;44765;6810;51234;51179;1902578;43132;51181;6862;15748;71702;15931;71705;6839;1902582;46907;51649;51641;5743;19866;16021;31224;44425;51724;51184;5215;3674;15297;15291;22804;22857	4956	5935	5306	5656	6664	8253.5	3758	5813.5	5851.5	1346	2653	3422.5	6071.5	1800.5	4705.5	3976.5	5764.5	3580	4263.5	7747	7925	5603	4887	5957	93379	4668.95
ORTHO008924	Ras-related small GTP-binding family protein	AT3G54840	5769;5768;43231;43227;43226;5575;43229;44424;44464;5623;5622;44444;5737;12505;6897;16192;6810;51234;51179;8150;6499;6498;6497;6464;36211;19538;43170;71704;8152;44238;43412;44267;44260;44237;9987;42158;42157;34645;9059;1901576;9058;44249;31365;18377;43543;10009;98562;98552;44425;16020;44440;44446;44422;10008;98588;31090;98805;5886;71944;3924;17111;16462;16818;16817;16787;3824;3674;31901;9507;9536;5525;35639;1901265;1901363;5488;97159;43168;43167;32550;32549;1882;36094;97367;1883;32561;19001;17076;166;32555;32553;5515;45022;16197;1902582;46907;51649;51641;44765;1902578;44699;16482;5794	4957	6969	4624.75	4292.5	7947.5	6313	4457	4826.5	2645.5	4166.5	2539	8311	7377.5	2711.5	1432	5325.5	4610.5	1921.5	5301	6240	5779	3111.5	4603.5	4678.5	86350.5	4.317.525
ORTHO005018	NAD-dependent glycerol-3-phosphate dehydrogenase family protein	AT5G40610	6650;6644;19637;71704;8152;8150;6793;44237;9987;44255;6629;44710;44699;44238;44763;6796;46486;5975;51287;50662;48037;5488;3674;166;36094;1901265;1901363;97159;9331;1990204;1902494;43234;32991;5575;44464;5623;44444;44424;5622;5737;8654;90407;1901576;9058;8610;44711;44249;46168;6072;52646;1901135;46434;1901575;9056;1901136;4367;16616;16614;16491;3824;55114;42803;42802;5515;46983;46167;1901137;9507;9536;43231;43227;43226;43229	4958	6900	6953	8948	6100.5	7051	8747.5	6741	5221.5	4476	8404	3034.5	8754.5	7213.5	8387.5	6712.5	269	5626	8059	5726.5	8153	7683.5	8574.5	7997	126832	6341.6
ORTHO008398	myo-inositol monophosphatase like 2	AT4G39120	5886;16020;5575;44464;5623;71944;5515;5488;3674;7165;50794;50789;65007;8150;51716;9987;50896;7154;44763;44699;44700;23052;9653;32502;48856;9909;48580;2000026;50793;51239;48831;2000241;40008;48507;9888;48513;48731;7275;44767;44707;32501;16021;31224;44425;33612;5102	4959	2801.5	3927.5	2896	4356	9138.5	888	765	2069	8934.5	4918.5	5395	1352	6227.5	5413.5	2080.5	2750	8864.5	4328.5	3466.5	345	8134.5	3284.5	179	78534.5	3.926.725
ORTHO008451	Peptide methionine sulfoxide reductase family protein	AT2G18030	55114;44710;8152;8150;44699;8113;16671;16667;16491;3824;3674;9507;9536;43231;43227;43226;5575;43229;44424;44464;5623;5622;44444;5737;6464;36211;19538;43170;71704;44238;43412;44267;44260;44237;9987;30091;6979;6950;50896	4960	2801.5	6397	7834	4356	7051	2528	1114.5	8307	698.5	9062.5	2086	7743	7636	7487.5	2476	6099.5	6388.5	7353.5	5519.5	6696	6991	7729.5	4586.5	107554	5377.7
ORTHO008442	Protein kinase superfamily protein	AT2G26830	4305;16301;16772;16740;3824;3674;8152;8150;16310;6796;6793;44237;9987;16773;5524;35639;1901265;1901363;5488;97159;43168;43167;32559;30554;17076;166;36094;32555;32553;97367;32550;32549;1882;1883;5737;44424;44464;5575;5623;5622;6646;46474;6650;6644;19637;71704;44255;6629;44710;44699;44238;44763;46486;45017;8610;1901576;9058;44711;44249;8654;90407;46337;9793;44702;22414;3006;32502;9790;44767;48856;7275;44707;32501;48316;48608;61458;48731;9791;10154	4961	4780	6938.5	8916	2982.5	2170	8876	7372.5	8331	7441.5	9015.5	8350	4053.5	5751	1145.5	3976.5	6549	6683.5	7764.5	8691.5	5839	7923.5	7729.5	8159	125822.5	6.291.125
ORTHO009641	hemoglobin 3	AT4G32690	1666;36293;70482;9628;50896;8150;6950;5344;22892;5215;3674;6810;51234;51179;15671;15669;44765;1902578;44699;5506;46914;46872;43169;43167;5488;19825;9733;9725;9719;10033;42221;5886;16020;5575;44464;5623;71944;20037;46906;1901363;97159	4962	4404	4519	4076	2982.5	3270.5	7050.5	3333.5	2979	7350.5	7999	4059.5	4865.5	7699.5	7258.5	7782	7091.5	2199.5	1118.5	3331	1347	1228	1289.5	3984	85237	4261.85
ORTHO005950	protein serine/threonine kinases	AT3G51270	6468;16310;6796;6793;44237;8152;8150;9987;6464;36211;19538;43170;71704;44238;43412;44267;44260;4674;4672;16301;16772;16740;3824;3674;16773;5524;35639;1901265;1901363;5488;97159;43168;43167;32559;30554;17076;166;36094;32555;32553;97367;32550;32549;1882;1883;5634;43231;43227;43226;5575;43229;44424;44464;5623;5622	4963	5176	5305	5647	6194	1500	4118.5	5568.5	2202	7916.5	5973.5	8038	5740	1800.5	4233.5	3976.5	5108	3121	5851	6148	5422.5	5603	5407	5601	93329	4666.45
ORTHO008845	unknown protein	AT5G19540	3674;8150;9507;9536;43231;43227;43226;5575;43229;44424;44464;5623;5622;44444;5737	4964	3647	4636.5	4309	4356	5665.5	7720	6428.5	5994	7377.5	2290	7844	4738	3815.5	2702.5	6712.5	737	2199.5	3421.5	4331	4103	3222.5	5171.5	1958.5	86432.5	4.321.625
ORTHO003135_1	PEBP (phosphatidylethanolamine-binding protein) family protein	AT1G18100	9910;48581;48580;2000026;50793;50789;65007;8150;51239;51241;48519;51093;2000242;2000241;9909;48831;9737;9725;9719;50896;10033;42221;33993;97305;1901700;1101;5737;44424;44464;5575;5623;5622;10030;48582;51240;48518;51094;10029;1900140;8429;5543;8289;5488;3674;43168;43167;3712;989;988;1903506;2001141;31326;9889;19222;31323;50794;51252;19219;80090;51171;60255;10556;5634;43231;43227;43226;43229	4965	5278	5096.5	5228	2982.5	4758	8099	5957	6379.5	6733	8167.5	4779	5740	1800.5	3521.5	5325.5	1000	2724.5	3067.5	5726.5	4384	4612.5	3545	4801	91121.5	4.556.075
ORTHO005239	BEST Arabidopsis thaliana protein match is: Mechanosensitive ion channel protein (TAIR:AT4G00290.1)	AT4G00234;AT4G00290	3674;9507;9536;43231;43227;43226;5575;43229;44424;44464;5623;5622;44444;5737;8150;9941;9526;31967;31975;44446;44422;44435;44434;16021;31224;44425;16020;31966;31090;44429;5739;5740;55085;44763;9987;44699;44765;6810;51234;51179;1902578;5886;71944;6811	4966	6886	5916.5	6867	7662	7116	7724	8545.5	6493	5369.5	7594	2597	1352	2711.5	3936.5	3976.5	1048	3121	6327	8478	8019	4308.5	6326.5	5433.5	100477	5023.85
ORTHO004062	Protein kinase superfamily protein	AT5G20930	5634;43231;43227;43226;5575;43229;44424;44464;5623;5622;42802;5515;5488;3674;9507;9536;44444;5737;6468;16310;6796;6793;44237;8152;8150;9987;6464;36211;19538;43170;71704;44238;43412;44267;44260;5524;35639;1901265;1901363;97159;43168;43167;32559;30554;17076;166;36094;32555;32553;97367;32550;32549;1882;1883;4674;4672;16301;16772;16740;3824;16773	4967	4296	4842	4717	5938.5	3985.5	6700.5	2114.5	2465.5	7539	4172	79.5	1352	8604	5596.5	3976.5	8323.5	8875.5	2682.5	3300.5	8019	2213.5	1740	6883	88623	4431.15
ORTHO008888	TLD-domain containing nucleolar protein	AT5G06260	5634;43231;43227;43226;5575;43229;44424;44464;5623;5622;6974;33554;51716;9987;8150;50896;6950;6281;6259;44260;43170;71704;8152;44237;90304;6139;46483;6725;1901360;34641;6807;44238;44763;44699;44710;5524;35639;1901265;1901363;5488;3674;97159;43168;43167;32559;30554;17076;166;36094;32555;32553;97367;32550;32549;1882;1883;4386;17111;16462;16818;16817;16787;3824;3677;3676;6355;1903506;2001141;31326;9889;19222;50789;65007;31323;50794;51252;19219;80090;51171;60255;10556;10468;2000112;6351;34645;9059;1901576;9058;44249;97659;32774;16070;34654;19438;44271;18130;1901362;10467;10332;10212;9314;9628	4968	3651.5	3042	1116	4356	6529	715.5	6573	2069	4316.5	1082.5	1198.5	5195	3815.5	3265	6712.5	1507	3121	3857.5	711.5	4668.5	2923.5	3284.5	2382	63927.5	3.196.375
ORTHO007764	Tic22-like family protein	AT4G33350	9941;9526;31967;31975;44464;5575;5623;44446;44422;43226;44424;5622;43229;43227;44435;44444;5737;9536;43231;44434;9507;16020;31972;9529;31970;31974;9706;9528;19866;31090;42170;31969;15031;45184;51234;51179;8150;8104;33036;71702;6810	4969	3555	6452	7935	2097	2128	2951	2545	8950	1970.5	9098	4566	1352	4899	369	6075	7991.5	8278	9106.5	9169	2160.5	9134	9079.5	8631	108453.5	5.422.675
ORTHO006500	Rab5-interacting family protein	AT5G49540	45;70925;6996;16043;71840;8150;9987;22607;44085;7033;16236;44712;9056;8152;44710;44699;6914;44248;44237;9267;31669;31667;9991;9605;50896;31668;51716;71496;7154;44763;42594;6950;33554;72546;98796;43234;32991;5575;44425;16020;44432;44444;44424;44464;5623;5622;5737;44446;44422;43226;43229;5783;43231;43227;12505;30176;31227;31300;31224;31090;5789;98588;42175;31301;16021;34975;6457;3674	4970	7023	5175.5	5381	6194	6023.5	5521	2711	6823.5	6020	2290	2553.5	8094	2711.5	3936.5	3976.5	7495.5	3121	6531	4211	1398	5132.5	7611.5	5806	91967.5	4.598.375
ORTHO005366	Dynein light chain type 1 family protein	AT4G15930	3777;3774;17111;16462;16818;16817;16787;3824;3674;8152;8150;7017;44763;9987;44699;5875;44430;44446;44422;5575;43226;44424;44464;5623;5622;43229;5856;43232;43228;43234;32991;15630;5737	4971	7354	4808.5	4646	8139.5	4946.5	6055.5	3085.5	5994	1155	7040	2038	7121	2711.5	2702.5	8358	4346.5	2724.5	6897.5	2820	5779	3374.5	6413.5	4541	88104	4405.2
ORTHO007758	diphthamide synthesis DPH2 family protein	AT3G59630	17183;17182;18202;18193;6464;36211;19538;43170;71704;8152;8150;44238;43412;44267;44260;44237;9987;44763;44699;44249;9058;44711;44710;3674;5737;44424;44464;5575;5623;5622	4972	3561	3344	1716	4356	476	715.5	1263.5	3717	8934.5	5062.5	610	7743	5613	1168.5	6712.5	2519.5	9003.5	2728	2820	2960	2213.5	1730	4117.5	70108	3505.4
ORTHO001282_2	phosphate transporter 4	AT2G29650	9507;9536;43231;43227;43226;5575;43229;44424;44464;5623;5622;44444;5737;5315;15291;22804;22857;5215;3674;6810;51234;51179;8150;55085;44763;9987;44699;44765;1902578;1901677;15144;22891;22892;1901476;8643;71702;34219;9579;16021;31224;44425;16020;98656;6820;6811;34220;9416;9314;9628;50896;9535;55035;42651;34357;44436;44435;44446;44422;31976;31984;44434;9534;9624;51707;43207;9605;9607;51704;98655;6812;30504;15103;8509;15075;15698;30505;15293;5351;5402;15294;8324;51119;15295;15992;15672;6818;8514;15711	4973	4422	5467.5	5962	2982.5	1089	7445.5	6906	5221.5	5201.5	7382.5	109.5	1352	2711.5	5596.5	6712.5	4346.5	3949	4485	7647	5637	5059	7156	7075	95082.5	4.754.125
ORTHO008661	CONTAINS InterPro DOMAIN/s: Ubiquitin-conjugating enzyme/RWD-like (InterPro:IPR016135); Ubiquitin-fold modifier-conjugating enzyme 1 (InterPro:IPR014806)	AT1G27530	8150;9507;9536;43231;43227;43226;5575;43229;44424;44464;5623;5622;44444;5737;3674	4974	3663	3986.5	2999	2097	8545	3758	6428.5	5851.5	6139.5	2809.5	3422.5	1352	3815.5	2702.5	6712.5	8323.5	1921.5	188	6322.5	3978	2213.5	2794.5	1858	79136.5	3.956.825
ORTHO004947	lysine-ketoglutarate reductase/saccharopine dehydrogenase bifunctional enzyme	AT4G33150	80167;9628;50896;8150;19477;46440;6553;9066;1901605;6520;1901564;71704;8152;6807;19752;43436;6082;44281;44710;44699;44763;9987;44237;44238;6554;9068;1901606;9063;46395;16054;44282;44712;9056;1901575;44248;1901565;4753;16646;16645;16491;3824;3674;55114;5739;43231;43227;43226;5575;43229;44424;44464;5623;5622;44444;5737;47130;5829	4975	3512	3343.5	1712	5748	1329	5944	6428.5	5994	3084.5	2402	6797	1352	4179	3047.5	3976.5	8446.5	2558	3421.5	1291.5	4103	2017.5	1748	1958.5	70078.5	3.503.925
ORTHO008158	Leucine-rich repeat (LRR) family protein	AT5G23400	6952;6950;50896;8150;5618;30312;44464;5575;5623;71944;5886;16020;7165;50794;50789;65007;51716;9987;7154;44763;44699;44700;23052;9506;5911;30054;55044	4976	4803	4300	3624	5938.5	4561.5	1560	3301	5754	8934.5	1981	841.5	1352	6035	1317	7360.5	2949	9088	8266	2124.5	3264	4970.5	2908.5	6057.5	82626	4131.3
ORTHO009408	methionine sulfoxide reductase B 2	AT4G21860	30091;44267;19538;43170;71704;8152;8150;44238;44260;44237;9987;9570;9532;44435;44444;44424;44464;5575;5623;5622;5737;44446;44422;43226;43229;9536;43231;43227;44434;9507;33743;16671;16667;16491;3824;3674;55114;44710;44699;6979;6950;50896;46872;43169;43167;5488	4977	5962	6309	7641	6664	7794.5	6765	6831.5	5994	8934.5	4237	6728.5	3591.5	8485	3521.5	3976.5	7708	5626	4293	5215.5	4226.5	5603	1847	4413.5	105792	5289.6
ORTHO009449	Single hybrid motif superfamily protein	AT1G75980	3674;5634;43231;43227;43226;5575;43229;44424;44464;5623;5622	4978	4548	5879	6780	5938.5	3435.5	6395	3642.5	9065.5	5356	8404	5053	6071.5	7909	7432.5	7782	7818.5	7073	888	2185	4833.5	2213.5	2191.5	2121	99870.5	4.993.525
ORTHO010079	Polynucleotidyl transferase; ribonuclease H-like superfamily protein	AT4G39810	4527;4518;16788;16787;3824;3674;8152;8150;90305;90304;6139;46483;44237;9987;6725;1901360;71704;34641;6807;44238;43170;3676;1901363;5488;97159;5737;44424;44464;5575;5623;5622;5634;43231;43227;43226;43229;46872;43169;43167	4979	5595	5250	5521	2982.5	5722.5	4244.5	5568.5	6584	3055	7040	4018.5	3492.5	1800.5	3936.5	5325.5	4998.5	3121	5502	7012	5422.5	5603	5171.5	5041.5	92660	4633
ORTHO008693	Hydrolase-like protein family	AT1G29120	5634;43231;43227;43226;5575;43229;44424;44464;5623;5622;9507;9536;44444;5737;5777;42579;8150;16787;3824;3674;8152	4980	6101	4048	3116	6857.5	542.5	5345.5	5213.5	7183.5	4966	5973.5	5780	4865.5	2711.5	2396.5	3976.5	3521.5	2199.5	4059	4727.5	3870	3754	4424	4291.5	79801.5	3.990.075
ORTHO007611	RNA-binding protein	AT5G46250	6396;16070;44260;43170;71704;8152;8150;44237;9987;90304;6139;46483;6725;1901360;34641;6807;44238;10467;3723;3676;1901363;5488;3674;97159;5634;43231;43227;43226;5575;43229;44424;44464;5623;5622;6355;1903506;2001141;31326;9889;19222;50789;65007;31323;50794;51252;19219;80090;51171;60255;10556;10468;2000112;166;36094;1901265;6351;34645;9059;1901576;9058;44249;97659;32774;34654;19438;44271;18130;1901362	4981	3674	3580	2179	2097	3406.5	4244.5	6142.5	6493	5078	5902	3578.5	3173	3815.5	1910.5	6712.5	3322.5	1669.5	122.5	6064.5	3646	2433.5	4279.5	1696.5	73691	3684.55
ORTHO008024	AP2/B3-like transcriptional factor family protein	AT3G24650	45893;10628;10604;9893;48518;50789;65007;8150;19222;60255;10468;1903508;1903506;2001141;31326;9889;31323;50794;51252;19219;80090;51171;10556;1902680;51254;45935;31325;48522;51173;31328;9891;10557;6355;2000112;5515;5488;3674;9657;6996;16043;71840;9987;9738;9755;7165;51716;50896;7154;44763;44699;44700;23052;32870;9725;9719;10033;42221;71495;71310;70887;71215;9737;33993;97305;1901700;1101;71396;97306;1901701;71229;5634;43231;43227;43226;5575;43229;44424;44464;5623;5622;3700;1071;3677;3676;1901363;97159;6357;9733;9790;44767;32502;48856;7275;44707;32501;6351;34645;44260;43170;71704;8152;44237;9059;1901576;9058;44249;97659;32774;16070;90304;6139;46483;6725;1901360;34641;6807;44238;34654;19438;44271;18130;1901362;10467;31930;1076;989;988;5829;44444;5737	4982	2702	6330	7678	4356	2672	7808.5	7244.5	8178.5	3122	2539	4086	7031	6971	7162	2476	5329.5	6085	5400	8661.5	5265	6429	5762.5	3920	106143	5307.15
ORTHO008790	Uroporphyrinogen decarboxylase	AT2G40490	9570;9532;44435;44444;44424;44464;5575;5623;5622;5737;44446;44422;43226;43229;9536;43231;43227;44434;9507;6782;6779;51188;51186;44237;8152;8150;9987;44249;9058;6778;33013;46483;6725;1901360;71704;1901564;6807;33014;19438;44271;34641;18130;1901362;1901576;1901566;46501;6783;42168;42440;44710;44699;44763;46148;44711;15995;15994;4853;16831;16830;16829;3824;3674;9941;9526;31967;31975;9735;9725;9719;50896;10033;42221	4983	5489	5395.5	5808	2982.5	7116	1311	6142.5	3957.5	2684.5	7886	2255.5	6617.5	1800.5	5254.5	3976.5	6409	3949	7042	843	7386	6182.5	6854	6553	94220.5	4.711.025
ORTHO004045	Melibiase family protein	AT3G26380	5576;5575;4553;16798;16787;3824;3674;8152;8150;4557;15925;46477;6677;6672;43603;34641;6807;44237;9987;6665;1901564;71704;6643;44255;6629;44710;44699;44238;44763;6687;6664;1903509;1901135;46479;30149;1901565;1901575;9056;46466;44242;16042;44712;44248;19377;1901136;46514;5737;44424;44464;5623;5622;52692;9505;5618;30312;71944;9311;44723;5975;16139;1901658;1901657;16137	4984	5152	5156.5	5329	2982.5	1859.5	3430	5957	5028	5208	2402	2343.5	6071.5	1800.5	4705.5	3976.5	5864.5	4400	7197.5	6467.5	6578.5	6027.5	6194.5	6161.5	91673.5	4.583.675
ORTHO001916	CBS domain-containing protein with a domain of unknown function (DUF21)	AT1G47330;AT5G52790	5886;16020;5575;44464;5623;71944;16021;31224;44425;8150;30554;17076;166;36094;5488;3674;1901265;1901363;97159	4985	4957	4089.75	3194.5	2982.5	4655.5	4341	5348	5754	6889	3702.5	5372	5195	3283.5	3521.5	3976.5	3589	2199.5	4715	5519.5	4226.5	2213.5	1094.5	4678.5	80274.5	4.013.725
ORTHO008332	Rhodanese/Cell cycle control phosphatase superfamily protein	AT4G27700	9534;31976;9579;44424;44464;5575;5623;5622;31984;44446;44422;43226;43229;43227;44435;44444;5737;9536;43231;44434;9507;9941;9526;31967;31975;9535;55035;42651;34357;16020;44436;3674;7568;44767;32502;8150;44699	4986	2842.5	4243	3500	4356	3351.5	249	143.5	1753	7666.5	4277.5	5851	7743	6332.5	4842.5	2080.5	4408.5	8794	2555	2635.5	2533.5	8510	7554.5	715.5	81997	4099.85
ORTHO006938	P-loop containing nucleoside triphosphate hydrolases superfamily protein	AT3G47450	5739;43231;43227;43226;5575;43229;44424;44464;5623;5622;44444;5737;10322;71071;31326;9889;19222;50789;65007;8150;31323;50794;46890;19216;80090;1903725;19220;51174;19747;10565;10675;6109;51246;60255;10027;9668;44802;61024;16043;71840;9987;44763;44699;9657;6996;9507;9536;9651;6970;9628;50896;6950;16787;3824;3674;8152;6809;46209;72593;44237;2001057;6807;1903409;9058;44271;34641;44249;4517;16709;16705;16491;55114;44710;4497;5525;35639;1901265;1901363;5488;97159;43168;43167;32550;32549;1882;36094;97367;1883;32561;19001;17076;166;32555;32553;42254;22613;44085;3924;17111;16462;16818;16817;6979;10193;302;1901700;42221;1101;10035;48366;48827;48856;32502;48367;44767;48731;7275;44707;32501	4987	3911	4194	3401	2097	5155.5	3025	6142.5	6712.5	6889	5973.5	2729	4555.5	3815.5	2396.5	6712.5	3367.5	2199.5	3199	6148	3756	2541	4366	1769	81453	4072.65
ORTHO004949	FUNCTIONS IN: molecular_function unknown	AT5G45320	8150;3674;9507;9536;43231;43227;43226;5575;43229;44424;44464;5623;5622;44444;5737	4988	5344	3841.5	2695	2982.5	5090	117.5	3680	3215.5	8319	271.5	2467.5	1352	3283.5	4233.5	3976.5	5032.5	9172	8814	843	64	5603	5407	6379.5	77321.5	3.866.075
ORTHO006956	small nuclear ribonucleoprotein associated protein B	AT4G20440;AT5G44500	5634;43231;43227;43226;5575;43229;44424;44464;5623;5622;5829;44444;5737;71013;5681;44428;44446;44422;30529;32991;71004;71010;5684;5685;97525;30532;5687;5654;31981;70013;43233;31974;5682;15030;16604;44451;46540;97526;398;6397;16071;16070;44260;43170;71704;8152;8150;44237;9987;90304;6139;46483;6725;1901360;34641;6807;44238;6396;10467;377;375;8380;44822;3723;3676;1901363;5488;3674;97159;5686;5732;5730;43232;43228	4989	6267	7006	9023	7245.5	6739	5345.5	6573	7325.5	5286.5	7382.5	5572	8675.5	7213.5	8276	6712.5	6896.5	4887	7562	5852	7254	7301.5	7667.5	6949.5	129471.5	6.473.575
ORTHO004035	nicotinamidase 1	AT2G22570	19365;43173;43094;44249;9058;8152;8150;44237;9987;9165;1901293;90407;19637;71704;6793;1901576;6753;55086;6139;46483;6725;1901360;34641;6807;44238;44281;44710;44699;44763;6796;34654;19438;44271;18130;1901362;44711;9117;19363;9108;51188;51186;6732;19362;6733;72524;1901564;72525;1901566;9737;9725;9719;50896;10033;42221;33993;97305;1901700;1101;8936;16811;16810;16787;3824;3674;5634;43231;43227;43226;5575;43229;44424;44464;5623;5622;5737	4990	4075	3331	1672	5196	7444.5	5441.5	6652	4740.5	3147	3366.5	1708.5	4555.5	3497	4462	2080.5	3016.5	5518	904	3797	3222	1778.5	3376.5	945.5	69653.5	3.482.675
ORTHO002949	unknown protein	AT5G67550	8150;3674	4991	3691	4495.5	4000	2097	6227.5	7074.5	2322	800	3372	8606.5	7870.5	1352	3815.5	3047.5	6712.5	6982.5	3121	6897.5	1426	4519	3374.5	5171.5	2121	84813.5	4.240.675
ORTHO005666	camphor resistance CrcB family protein	AT2G41705	16020;5575;16021;31224;44425;5886;44464;5623;71944	4992	2536	5207	5422	1689.5	5773	2528	1114.5	1753	1282.5	1810	998	7743	7779.5	7487.5	2476	6162	6388.5	7353.5	5519.5	6696	6991	7729.5	4586.5	92171.5	4.608.575
ORTHO008102	NAD(P)-binding Rossmann-fold superfamily protein	AT5G10730	5739;43231;43227;43226;5575;43229;44424;44464;5623;5622;44444;5737;5886;16020;71944;50662;48037;5488;3674;3824;8152;8150	4993	2854	3144.5	1296	2097	2672	3758	3333.5	3262	3221	4583	4309	4555.5	3815.5	2396.5	1606	1581	8243.5	4485	4392	3870	1110.5	3084.5	1794	66072.5	3.303.625
ORTHO000382_1	Sec23/Sec24 protein transport family protein	AT2G21630	30127;30120;30117;98796;43234;32991;5575;44425;16020;44444;44424;44464;5623;5622;5737;48475;44433;44446;44422;43226;43229;31410;31982;30662;30659;12506;31090;43227;31988;16023;43231;98588;98805;30135;12507;30658;30133;12505;30134;8270;46914;46872;43169;43167;5488;3674;6886;15031;45184;51234;51179;8150;8104;33036;71702;6810;46907;51649;51641;34613;70727;5215;6888;16482;48193;1902582;44765;1902578;44699;16192	4994	6768	5962.5	6931	7662	7324.5	3960	2985.5	3933.5	8934.5	3674	6080.5	8306	7101	7844	5325.5	1928	3121	2278	7463	6578.5	4308.5	2536	7190.5	100872.5	5.043.625
ORTHO004928	heavy metal atpase 1	AT4G37270	9941;9526;31967;31975;44464;5575;5623;44446;44422;43226;44424;5622;43229;43227;44435;44444;5737;9536;43231;44434;9507;98655;6812;6811;44765;6810;51234;51179;8150;1902578;44699;34220;55085;44763;9987;9642;9416;9314;9628;50896;16887;17111;16462;16818;16817;16787;3824;3674;8152;5388;15662;42625;42626;43492;42623;15405;15399;22804;22857;5215;16820;15075;22891;22892;15085;72509;22890;8324;72511;46873;30001;70588;98662;98660;6816;70838;19829;5886;16020;71944;16463;5385;46915;41;71577;6829;8551;15086;70574;15691;5887;31226;44459;44425;31224;16021;5524;35639;1901265;1901363;5488;97159;43168;43167;32559;30554;17076;166;36094;32555;32553;97367;32550;32549;1882;1883;15434;46872;43169;6878;46916;6875;55065;98771;50801;48878;42592;65008;65007;55080;30003;6873;55082;19725;55076;55070;9636;42221;55069;72507;15633;4008;43682;5375;35434;6825;60003	4995	6053	6203.5	7412	2982.5	6986.5	7245.5	2838	5619	7539	8404	3835.5	7189	8316	8404	5325.5	1860.5	5368	7712	3331	2313	3754	1203	7028	104271.5	5.213.575
ORTHO007860	light-mediated development protein 1 / deetiolated1 (DET1)	AT4G10180	9585;7602;9583;9416;9314;9628;50896;8150;9582;51606;9581;9605;7165;50794;50789;65007;51716;9987;7154;44763;44699;44700;23052;10017;71489;9639;71482;71478;71214;6281;6259;44260;43170;71704;8152;44237;90304;6139;46483;6725;1901360;34641;6807;44238;6974;33554;6950;44710;10100;48581;48580;2000026;50793;51239;51241;48519;51093;48585;48583;10099;2000030;3824;3674;5634;43231;43227;43226;5575;43229;44424;44464;5623;5622	4996	2122	4744	4492	1281	1423	7872	1204.5	800	4079	1981	2851	1352	7779.5	8638.5	7782	8070.5	6265.5	6785	5337	6431	4873	1453	2314	87291.5	4.364.575
ORTHO009177	Small nuclear ribonucleoprotein family protein	AT1G65700	16070;44260;43170;71704;8152;8150;44237;9987;90304;6139;46483;6725;1901360;34641;6807;44238;5634;43231;43227;43226;5575;43229;44424;44464;5623;5622;5515;5488;3674;5732;30529;32991;5829;44444;5737	4997	6775	5994.5	6992	5938.5	5744.5	4118.5	8181.5	6584	4645.5	7040	3912.5	7743	2711.5	3936.5	3976.5	5404	3121	5502	7012	5422.5	5603	5171.5	5433.5	101263.5	5.063.175
ORTHO009037	Galactose mutarotase-like superfamily protein	AT5G66530	5975;71704;8152;8150;44238;9570;9532;44435;44444;44424;44464;5575;5623;5622;5737;44446;44422;43226;43229;9536;43231;43227;44434;9507;30246;5488;3674;16853;3824;48046;5576;6012;19318;5996;44723;44710;44699;44281;4034;16857;16854	4998	3706	5940.5	6883	4356	880.5	4928.5	6428.5	8656.5	7064	4151.5	5489.5	7189	7213.5	7258.5	7782	2185.5	7335.5	615.5	8632.5	2686	6429	1730	3920	100576	5028.8
ORTHO008863	Reticulon family protein	AT3G10915	5789;98588;31090;16020;5575;44422;43226;43227;44432;44444;44424;44464;5623;5622;5737;44446;43229;5783;43231;12505;44425;42175;16021;31224;5634;8150	4999	3608	3139.5	1280	2097	8453	1274.5	2647.5	8149.5	6198.5	3526	485	4555.5	3815.5	1812.5	6712.5	3322.5	1669.5	154	1043.5	3646	2433.5	4279.5	1696.5	65875	3293.75
ORTHO002529	threonine aldolase 1	AT1G08630;AT3G04520	6567;9068;1901606;1901605;6520;1901564;71704;8152;8150;6807;19752;43436;6082;44281;44710;44699;44763;9987;44237;44238;9063;46395;16054;44282;44712;9056;1901575;44248;1901565;9066;6566;5737;44424;44464;5575;5623;5622;4793;16832;16830;16829;3824;3674;5634;43231;43227;43226;43229	5000	4963	4990.5	4981	5938.5	1500	6771	5698.5	7046.5	5776	6070	3578.5	5740	1800.5	4462	3976.5	2556.5	3580	6185.5	4169.5	5637	5603	4178	5601	89930	4496.5
ORTHO009881	Pentatricopeptide repeat (PPR) superfamily protein	AT2G17140	5739;43231;43227;43226;5575;43229;44424;44464;5623;5622;44444;5737	5001	5770	4946.5	4892	2982.5	3188.5	6430	8863.5	5355.5	7485	5669.5	7085	4865.5	4694.5	6007	3976.5	3521.5	2199.5	2201.5	1698.5	3870	3854	4381	4174.5	89521	4476.05
ORTHO007917	FUNCTIONS IN: molecular_function unknown	AT5G65490	9507;9536;43231;43227;43226;5575;43229;44424;44464;5623;5622;44444;5737;5515;5488;3674;8150	5002	3612	4808	4614	4356	3466.5	5997.5	2838	1691	6422.5	4272.5	8026.5	5740	6501	6867.5	7782	8431	4507	299	2713.5	1374	4970.5	3061.5	2940	87901.5	4.395.075
ORTHO005495	NA	NA	NA	5003	4747	6672.5	8342	2982.5	6679.5	5362.5	7084	5619	2908	3461	4841.5	3875.5	8210.5	7885	7782	5108	4595	7950	6001	4946	6648	6709	7376.5	113042	5652.1
ORTHO008110	proton gradient regulation 3	AT4G31850	9507;9536;43231;43227;43226;5575;43229;44424;44464;5623;5622;44444;5737;8150	5004	4858	3043.5	1083	5476.5	4287.5	274.5	1640.5	3019	6687	4295	4841.5	5740	1800.5	4462	6712.5	3493.5	2199.5	394	1584.5	504	2433.5	3529.5	5601	63499.5	3.174.975
ORTHO004440	nucleotide binding protein 35	AT5G50960	46872;43169;43167;5488;3674;5524;35639;1901265;1901363;97159;43168;32559;30554;17076;166;36094;32555;32553;97367;32550;32549;1882;1883;16226;9058;8152;8150;31163;22607;16043;71840;9987;44085;51536;51540;5829;44444;44424;44464;5575;5623;5622;5737;5634;43231;43227;43226;43229;42803;42802;5515;46983;51539	5005	5944	4056.25	3107.5	5552	2358	4587.5	5348	4275	8006.5	3366.5	7039.5	5066	2711.5	2702.5	3976.5	1753.5	2558	4485	6148	4226.5	3609.5	3259.5	4291.5	79769	3988.45
ORTHO009202	Protein kinase superfamily protein	AT5G13290	10075;48509;2000026;50793;50789;65007;8150;51239;48638;40008;10073;44767;32502;44699;44707;32501;48507;9888;48856;48513;48731;7275;33612;5102;5515;5488;3674;5886;16020;5575;44464;5623;71944;16301;16772;16740;3824;8152;16310;6796;6793;44237;9987;9909;48580;48831;2000241;19900;19899;10082;2000280;10015;9653;48364;22622	5006	4485	5700.5	6395	5938.5	8700	6132	1013.5	7455	8934.5	4982	6518	1352	8638.5	5034.5	7419	3200.5	7295.5	1901	1960	2143.5	6831.5	3945	4016	97472	4873.6
ORTHO009281	Pentatricopeptide repeat (PPR) superfamily protein	AT5G42450	5739;43231;43227;43226;5575;43229;44424;44464;5623;5622;44444;5737;8150	5007	6283	6505	8003	7245.5	6529	3628.5	8871	8101	3109	7594	3422.5	8306	2711.5	4462	3976.5	5864.5	3580	6531	7871	6180.5	5924	6040	6379.5	109081.5	5.454.075
ORTHO000981	Transmembrane amino acid transporter family protein	AT2G39130;AT3G09330;AT3G09340;AT3G54830;AT5G02170;AT5G02180	16021;31224;44425;5575;16020;5774;44437;44444;44424;44464;5623;5622;5737;44446;44422;43226;43229;5773;43231;43227;98588;31090;98805;15171;46943;8514;8509;15075;22891;22857;5215;3674;6810;51234;51179;8150;55085;44763;9987;44699;44765;1902578;22892;34220;6811;98656;6820;15711;71702;5342;1903825;15849;46942;3333;6865;71705;5886;71944;5275;22804;15837;5634;9507;9536	5008	7046	4395.5	3783	5238	4865.5	8109.5	6652	6124	2059	7734.5	3983	4492.5	1254	4842.5	2080.5	6825	934	6327	4956.5	3621.5	3026	4065	1506	83458	4172.9
ORTHO008236	NDH-dependent cyclic electron flow 1	AT1G64770	9534;31976;9579;44424;44464;5575;5623;5622;31984;44446;44422;43226;43229;43227;44435;44444;5737;9536;43231;44434;9507;9535;55035;42651;34357;16020;44436;10598;98796;43234;32991;44425;9773;9767;22900;6091;44237;8152;8150;9987;55114;44710;44699;44763;19684;15979;3824;3674;6810;51234;51179;30246;5488	5009	4374	4702.5	4396	2982.5	6529	2414	6573	8259	1506.5	1981	1198.5	6617.5	1800.5	5034.5	3976.5	7029	3121	3730.5	6754	4668.5	3609.5	5497.5	6553	86853	4342.65
ORTHO003895	AGAMOUS-like 104	AT1G22130;AT1G77980	9555;48229;7275;44767;32502;8150;44699;44707;32501;48856;5634;43231;43227;43226;5575;43229;44424;44464;5623;5622;3700;1071;3674;2001141;31326;9889;19222;50789;65007;31323;50794;51252;19219;80090;51171;60255;10556;6355;1903506;10468;2000112;3677;3676;1901363;5488;97159;6351;34645;44260;43170;71704;8152;44237;9987;9059;1901576;9058;44249;97659;32774;16070;90304;6139;46483;6725;1901360;34641;6807;44238;34654;19438;44271;18130;1901362;10467;46983;5515	5010	6476	5521	6032	7245.5	2897	6361.5	5302.5	3162.5	8934.5	7382.5	3034.5	8094	7101	7764	5325.5	5864.5	4253	3904.5	2935	375.5	4423	2871.5	5433.5	95420	4771
ORTHO008855	Cysteine/Histidine-rich C1 domain family protein	AT1G20990	55114;44710;8152;8150;44699;8270;46914;46872;43169;43167;5488;3674;47134;16668;16651;16491;3824;16667	5011	5543	5809	6607	6478.5	2005.5	8324.5	5957	6823.5	3581	2290	3422.5	6071.5	1800.5	4705.5	5325.5	5864.5	3949	6700.5	7871	6180.5	5924	6040	6057.5	98894	4944.7
ORTHO006673	S-adenosyl-L-methionine-dependent methyltransferases superfamily protein	AT3G05100	32259;8152;8150;5575;8168;16741;16740;3824;3674	5012	6129	4748	4484	7245.5	5904	4118.5	5568.5	4953	1371	2809.5	3686.5	5740	1800.5	3936.5	3976.5	5108	3121	5851	7080	5637	5603	5407	5601	87272.5	4.363.625
ORTHO006732	SH3 domain-containing protein	AT2G07360	5634;43231;43227;43226;5575;43229;44424;44464;5623;5622;5829;44444;5737;9507;9536;16020;5886;71944;5515;5488;3674	5013	3429	5106	5199	2097	819.5	4638.5	2000	702.5	2770	1810	9006.5	7963	7699.5	7548.5	7782	8408	5824	315	7986	1407	7259	1847	5222.5	91008.5	4.550.425
ORTHO006087	AINTEGUMENTA-like 5	AT5G57390	6355;1903506;2001141;31326;9889;19222;50789;65007;8150;31323;50794;51252;19219;80090;51171;60255;10556;10468;2000112;9873;160;35556;7165;51716;9987;50896;7154;44763;44699;44700;23052;9755;32870;9725;9719;10033;42221;71495;71310;70887;71369;9723;9845;44707;32501;90351;9791;44767;32502;7275;60774;9734;71365;9733;60771;9956;3002;7389;60772;3700;1071;3674;3677;3676;1901363;5488;97159;5634;43231;43227;43226;5575;43229;44424;44464;5623;5622;6351;34645;44260;43170;71704;8152;44237;9059;1901576;9058;44249;97659;32774;16070;90304;6139;46483;6725;1901360;34641;6807;44238;34654;19438;44271;18130;1901362;10467;9887;9653;48856;48513;48731;40019;51240;48518;51239;51094;50793;45995;2000026;48364;22622	5014	3061	3755	2496	4356	7905.5	924	3959.5	3176	7064	4872.5	6001.5	5740	6542.5	6867.5	2476	4135	6737.5	1706.5	832	569	1525	2129.5	2850	76013.5	3.800.675
ORTHO009512	Pentatricopeptide repeat (PPR) superfamily protein	AT4G02820	3674;8150;5739;43231;43227;43226;5575;43229;44424;44464;5623;5622;44444;5737	5015	4497	4655	4295	2982.5	1089	1155	2000	8259	2591.5	7382.5	8026.5	7031	1800.5	5596.5	6712.5	4610.5	4154.5	4485	1177	864.5	5059	7244	7120	86358.5	4.317.925
ORTHO001060_2	gamma-glutamyl transpeptidase 4	AT4G29210	5774;44437;44444;44424;44464;5575;5623;5622;5737;44446;44422;43226;43229;5773;43231;43227;98588;31090;16020;98805;3840;16755;16746;16740;3824;3674;8152;8150;16021;31224;44425;16756;6805;44237;9987;71466;9410;42221;50896;70887;51716;9636;36374;8242;8238;70011;8233;16787;6508;19538;43170;71704;44238;6751;43171;6518;43603;34641;6807;1901564;1901565;1901575;9056;44248;44273;6790;6749;6575;42219	5016	5267	4029.25	3042.5	5307.5	4025	398	8327.5	6379.5	7782	3879	4752.5	4492.5	7779.5	8452	2821	3682	1568.5	3321.5	738.5	2369	3453.5	4188	971.5	79381	3969.05
ORTHO009073	Co-chaperone GrpE family protein	AT5G17710	9570;9532;44435;44444;44424;44464;5575;5623;5622;5737;44446;44422;43226;43229;9536;43231;43227;44434;9507;6457;9987;8150;9579;774;60590;60589;30234;98772;3674;50790;19222;50789;65007;65009;30554;17076;166;36094;5488;1901265;1901363;97159;5759;44429;5739;70013;43233;31974;42803;42802;5515;46983;51087;5507;46914;46872;43169;43167;9793;44702;22414;44699;3006;32502;9790;44767;48856;7275;44707;32501;48316;48608;61458;48731;9791;10154	5017	3742	3168	1319	4356	5650.5	6182	1013.5	553.5	2101.5	1623	679.5	6227	3815.5	5254.5	3976.5	261	4400	5272.5	1043.5	957	6340.5	7774	3238	66363.5	3.318.175
ORTHO006195	TRAF-type zinc finger-related	AT1G09920	8150;5634;43231;43227;43226;5575;43229;44424;44464;5623;5622	5018	7651	6731.5	8445	6534	7241	7744.5	5213.5	6712.5	3809	2290	7312.5	7963	2711.5	3265	8358	5457.5	3121	6531	8478	7052	5132.5	7946.5	8367.5	114706.5	5.735.325
ORTHO007657	indigoidine synthase A family protein	AT1G50510	5886;16020;5575;44464;5623;71944;16798;16787;3824;3674;8152;8150;5777;42579;43231;43227;43226;43229;44424;5622;44444;5737;9507;9536	5019	2829	6387	7755	1812	1423	4928.5	2000	8053.5	5237	1623	1198.5	7189	7300	7349.5	7782	6896.5	5626	7831	3976	7786.5	7756.5	8551.5	4291.5	106799.5	5.339.975
ORTHO007066	2-thiocytidine tRNA biosynthesis protein; TtcA	AT1G76170;AT2G44270	32447;32446;70647;6464;36211;19538;43170;71704;8152;8150;44238;43412;44267;44260;44237;9987;5737;44424;44464;5575;5623;5622;2098;2097;6400;9451;16070;90304;6139;46483;6725;1901360;34641;6807;8033;34470;34660;6396;10467;6399;34227;16779;16772;16740;3824;3674;49;3723;3676;1901363;5488;97159;80157;1903338;50794;50789;65007;302;6979;6950;50896;1901700;42221	5020	6138	6302.75	7585.5	2982.5	3489.5	6572	6906	8676	8934.5	397.5	3034.5	1352	8210.5	8359	5325.5	9039.5	8939.5	2742.5	3699	2356.5	6714	3113	7591	105452	5272.6
ORTHO002468	S-domain-2 5	AT4G32300	4674;4672;16301;16772;16740;3824;3674;8152;8150;16310;6796;6793;44237;9987;16773;6468;6464;36211;19538;43170;71704;44238;43412;44267;44260;31625;44389;19899;5515;5488;46777;30246;5886;16020;5575;44464;5623;71944	5021	8772	6494.5	7968	8984.5	7915	2328.5	7762	4253	4786	8095	3792.5	5195	590	2163.5	8925	6692.5	1260.5	8292	7576.5	8580	3111.5	8372.5	9018	108709	5435.45
ORTHO000515_2	Plant L-ascorbate oxidase	AT5G21100;AT5G21105	16491;3824;3674;8152;8150;55114;44710;44699;5507;46914;46872;43169;43167;5488;5576;5575;9505;5618;30312;44464;5623;71944;9506;5911;30054;55044;8447;16682;16679	5022	3084	2545.5	69	5552	3768.5	6168	279.5	4100	2869.5	5148.5	181.5	1352	138	136.5	1202.5	1798	261.5	27	2635.5	2919	348.5	92	248.5	33674.5	1.683.725
ORTHO007479	peptide deformylase 1A	AT1G15390	42586;16811;16810;16787;3824;3674;8152;8150;43686;6464;36211;19538;43170;71704;44238;43412;44267;44260;44237;9987;9570;9532;44435;44444;44424;44464;5575;5623;5622;5737;44446;44422;43226;43229;9536;43231;43227;44434;9507;5506;46914;46872;43169;43167;5488;6412;43043;43604;43603;34641;6807;44271;44249;9058;6518;1901564;1901566;1901576;34645;9059;10467;5739;9505;5618;30312;71944	5023	4186	6225.5	7428	5938.5	1777	6982	5957	3237.5	8647.5	4517.5	6240	1352	6434	7582.5	7782	3836.5	7219.5	4548.5	3815.5	6578.5	5059	6282.5	6553	104402	5220.1
ORTHO008899	actin-related protein 9	AT5G43500	5737;44424;44464;5575;5623;5622;31011;97346;70603;44428;44446;44422;43226;43229;5634;43231;43227;43234;32991;44454;44427;5694;43232;43228;228;31981;70013;43233;31974;33202;1902494;790;785;6338;16568;6325;43933;16043;71840;8150;9987;51276;6996	5024	3847	6690	8356	4356	9014	1441	3218	8447.5	8934.5	9044.5	8441	3952.5	5613	1184.5	6712.5	8726	6854.5	8083	2185	6810.5	7637.5	2713	4291.5	113304	5665.2
ORTHO007308	high chlorophyll fluorescence phenotype 173	AT1G16720	6413;44237;8152;8150;9987;6412;43043;43604;43603;34641;6807;44271;44249;9058;6518;1901564;71704;1901566;1901576;44267;19538;43170;44238;44260;34645;9059;10467;9570;9532;44435;44444;44424;44464;5575;5623;5622;5737;44446;44422;43226;43229;9536;43231;43227;44434;9507;10207;43623;6461;65003;43933;16043;71840;22607;44085;71822;70271;34622;19684;6091;15979;9941;9526;31967;31975	5025	6588	6546	8067	7245.5	4598.5	4856.5	5698.5	6712.5	8535.5	7199	6240	8094	7101	7764	5325.5	6027	3949	5502	6923.5	4226.5	3609.5	2214	5222.5	109799	5489.95
ORTHO007760	cyclopropyl isomerase	AT5G50375	47793;16872;16853;3824;3674;8152;8150;16021;31224;44425;5575;16020;910;22402;44763;9987;44699;7049;51301;5783;43231;43227;43226;43229;44424;44464;5623;5622;44444;5737;12505;5739;16126;16125;6066;1901615;71704;44281;44710;8202;1901360;6629;44238;46165;1901617;1901576;9058;44283;44711;6694;1901362;8610;9958;9630;9606;9605;50896;9629;9628;6907;6897;16192;6810;51234;51179	5026	3748	3613.25	2200.5	4356	6313	7121.5	2322	7183.5	2235	8606.5	1198.5	5066	3815.5	3265	6712.5	1321	3121	3691	1189.5	4668.5	2213.5	1555.5	2314	73913	3695.65
ORTHO003159	BURP domain-containing protein	AT5G25610	5576;5575;5768;43231;43227;43226;43229;44424;44464;5623;5622;44444;5737;12505;5802;98791;44431;44446;44422;5794;31984;9737;9725;9719;50896;8150;10033;42221;33993;97305;1901700;1101;9269;9414;9415;9628;10035;6950;9651;6970;45735;3674	5027	2834	6246.5	7466	5552	1885	3129.5	2750.5	2338	2081	3526	6518	1352	8727.5	5817	7782	8695.5	7028	8406.5	5726.5	7709	7923.5	8372.5	4898	104666	5233.3
ORTHO007051	tonoplast intrinsic protein 4	AT2G25810	5737;44424;44464;5575;5623;5622;9705;5774;44437;44444;44446;44422;43226;43229;5773;43231;43227;98588;31090;16020;98805;325;42807;15250;22838;15267;22803;22857;5215;3674;6810;51234;51179;8150;55085;44763;9987;44699;44765;1902578;22891;22892;5372;6833;42044	5028	6144	4637.5	4247	7245.5	766.5	5740.5	1013.5	2628	6004	4330.5	3775.5	1352	6206.5	1233.5	3976.5	1507	7408	2324.5	5606	7786.5	8454	7554.5	8456	86123.5	4.306.175
ORTHO008929	zinc ion binding	AT2G19385	5509;46872;43169;43167;5488;3674	5029	3651.5	6271.5	7514	4356	2128	5705.5	2903.5	2541	8063.5	3831.5	5191.5	4120	5378	766.5	6712.5	562	7637	8830	7194	8663	8776	8840	7120	104963.5	5.248.175
ORTHO005013	S-adenosyl-L-methionine-dependent methyltransferases superfamily protein	AT4G00740	5802;98791;44431;44444;44424;44464;5575;5623;5622;5737;44446;44422;43226;43229;5794;43231;43227;12505;31984;52546;45488;10393;5976;5975;71704;8152;8150;44238;43170;9664;71555;45229;16043;71840;9987;71554;71669;16020;5768;8757;8168;16741;16740;3824;3674;32259;16021;31224;44425	5030	4713	6842	8654	5938.5	2425	4341	7084	7899.5	3996.5	7999	4059.5	3911.5	8316	7939.5	7782	5194	4673.5	8031	8025.5	5170.5	6895.5	7818	7453	119014.5	5.950.725
ORTHO008153	senescence-associated family protein	AT1G66330	72593;44237;8152;8150;9987;34599;6979;6950;50896;33554;51716;70887;42221;10228;3006;32502;22414;48608;48856;61458;48731;7275;44767;44699;44707;32501;9791;9507;9536;43231;43227;43226;5575;43229;44424;44464;5623;5622;44444;5737;10150;10260;7568;48513;48366;48827;48367	5031	4517	4096	3161	5938.5	5155.5	4528.5	2614.5	2264	5953	5902	7788	3521	1800.5	4233.5	6712.5	3367.5	2199.5	3172	4687	3675	2541	4366	5601	80082	4004.1
ORTHO001703	Histidine kinase-; DNA gyrase B-; and HSP90-like ATPase family protein	AT4G24970;AT5G13130;AT5G50780	16310;6796;6793;44237;8152;8150;9987;16301;16772;16740;3824;3674;5634;43231;43227;43226;5575;43229;44424;44464;5623;5622;16020;5524;35639;1901265;1901363;5488;97159;43168;43167;32559;30554;17076;166;36094;32555;32553;97367;32550;32549;1882;1883	5032	7506	5577.5	6123	6358.5	6810	2627.5	4964	4740.5	4845.5	6343	2937.5	7743	2711.5	3265	5325.5	4761	2199.5	5851	8077	6180.5	4169	7156	5222.5	95929.5	4.796.475
ORTHO009510	anthranilate phosphoribosyltransferase; putative	AT1G70570	9507;9536;43231;43227;43226;5575;43229;44424;44464;5623;5622;44444;5737;162;6568;9072;6725;44237;8152;8150;9987;1901360;71704;6520;1901564;6807;19752;43436;6082;44281;44710;44699;44763;44238;1901605;6586;42430;46483;34641;6576;44106;9308;9073;19438;44249;9058;1901362;1901576;8652;46394;16053;44283;44711;1901566;46219;42435;44271;18130;42401;9309;1901607;9570;9532;44435;44446;44422;44434;16757;16740;3824;3674;4048;16763	5033	4520	6315	7597	2982.5	1658.5	4118.5	2545	7455	2615.5	3366.5	8107.5	7377.5	8316	7999	5325.5	793	4673.5	5400	8077	5170.5	6952	7868.5	7721.5	105540.5	5.277.025
ORTHO004398	RNA polymerase Rpb6	AT2G04630;AT5G51940	5665;55029;44428;44446;44422;5575;43226;44424;44464;5623;5622;43229;5634;43231;43227;428;30880;61695;1990234;1902494;43234;32991;44451;5654;31981;70013;43233;31974;16591;6351;34645;44260;43170;71704;8152;8150;44237;9987;9059;1901576;9058;44249;97659;32774;16070;90304;6139;46483;6725;1901360;34641;6807;44238;34654;19438;44271;18130;1901362;10467;3677;3676;1901363;5488;3674;97159;419;3899;34062;16779;16772;16740;3824;418	5034	5146	5696.5	6359	2982.5	6784	7923	6323	5144	6401	1312.5	3034.5	6895.5	2711.5	5523	3976.5	8431	4154.5	7398	995	7925	4525.5	947.5	6883	97288	4864.4
ORTHO004022	TCP-1/cpn60 chaperonin family protein	AT5G26360	5524;35639;1901265;1901363;5488;3674;97159;43168;43167;32559;30554;17076;166;36094;32555;32553;97367;32550;32549;1882;1883;6457;9987;8150;5737;44424;44464;5575;5623;5622;5829;44444;5515	5035	6087	4145.5	3256	2982.5	8425	5545	8694	4253	8934.5	3596.5	2851	4865.5	3283.5	2023.5	5325.5	1650.5	1538.5	1486.5	4012.5	3870	3222.5	2863.5	4174.5	80615.5	4.030.775
ORTHO009055	Chaperone DnaJ-domain superfamily protein	AT2G42080	51510;22604;22603;50793;50789;65007;8150;51128;50794;1558;40008;48638;42538;9651;6970;9628;50896;6950;6972;6457;9987;1903578;1900542;6140;19219;80090;19222;51171;31323;19220;51174;9118;9742;43401;9755;7165;51716;7154;44763;44699;44700;23052;32870;9725;9719;10033;42221;71495;71310;70887;71383;71407;14070;71396;33993;48545;71367;9741;97305;1901700;97306;1901701;9644;9642;9416;9314;5739;43231;43227;43226;5575;43229;44424;44464;5623;5622;44444;5737	5036	5573	7047	9058	6478.5	7363.5	3863.5	7192	7748	2569	2539	8795.5	7554	8316	7999	5325.5	7280.5	5720	8173	8873	8534	7897.5	7868.5	7591	131202.5	6.560.125
ORTHO008338	GroES-like zinc-binding alcohol dehydrogenase family protein	AT5G63620	8270;46914;46872;43169;43167;5488;3674;5739;43231;43227;43226;5575;43229;44424;44464;5623;5622;44444;5737;16491;3824;8152;8150;55114;44710;44699;50897	5037	4801	6659	8281	2982.5	6023.5	3327	6831.5	7325.5	3448	7382.5	4670	7031	8072	7713.5	5325.5	4346.5	4507	4485	6322.5	4668.5	6429	7156	7028	112092.5	5.604.625
ORTHO009342	Methylthiotransferase	AT4G36390	9507;9536;43231;43227;43226;5575;43229;44424;44464;5623;5622;44444;5737;45859;43549;42325;19220;51174;31323;50794;50789;65007;8150;19222;51338;50790;65009;1932;31399;32268;51246;80090;60255;19887;19207;30234;98772;3674	5038	4529	6822.5	8607	2982.5	6313	4457	8102.5	7455	4730	7594	6440	7121	8151	7713.5	7782	4346.5	4507	3904.5	7408.5	1211.5	6429	7244	7075	117985	5899.25
ORTHO008416	unknown protein	AT5G27710	8150;3674;5575	5039	3770.5	3289	1539	4356	3406.5	5105.5	6573	7183.5	930.5	1981	1198.5	1352	3815.5	3265	6712.5	3958.5	2199.5	315	3899.5	4668.5	3754	5902.5	2314	68535	3426.75
ORTHO008940	spliceosomal protein U1A	AT2G47580	5829;44444;44424;44464;5575;5623;5622;5737;5730;44428;44446;44422;43226;43229;5634;43231;43227;43232;43228;31981;70013;43233;31974;5685;97525;30532;30529;32991;398;6397;16071;16070;44260;43170;71704;8152;8150;44237;9987;90304;6139;46483;6725;1901360;34641;6807;44238;6396;10467;377;375;8380;5681;9651;6970;9628;50896;6950;3723;3676;1901363;5488;3674;97159;35614;17069;35613;30619	5040	5948	5157	5274	2982.5	560.5	6901	5813.5	6712.5	6459.5	7382.5	3422.5	6071.5	3283.5	4705.5	3976.5	6162	3580	6185.5	5062.5	5637	2677	1181	5601	91375	4568.75
ORTHO008876	uracil phosphoribosyltransferase	AT3G53900	9570;9532;44435;44444;44424;44464;5575;5623;5622;5737;44446;44422;43226;43229;9536;43231;43227;44434;9507;43097;43174;43094;44249;9058;8152;8150;44237;9987;9163;1901659;1901137;1901135;71704;1901576;1901657;44710;44699;44711;1901566;1901564;6807;34654;6139;46483;6725;1901360;34641;44238;19438;44271;18130;1901362;9116;55086;44281;44763;46134;72528;72527;6213;8655;16036;9267;31669;31667;9991;9605;50896;31668;51716;71496;7154;42594;6950;33554;5829;6206;9112;4845;16763;16757;16740;3824;3674;32502;4849;19206;19205;16301;16772;16310;6796;6793;9165;1901293;90407;19637;6753;9117;6222;9220;9260;46390;19693;9259;9218;6220;6221;9174;9173;9161;9123;9129;9130;9124;9156;46132;46131;9119;42455;46049	5041	3873	3490.5	1940	4356	3435.5	7363	6428.5	6584	1094.5	3526	1915.5	4677	3815.5	2396.5	6712.5	3548.5	2199.5	154	5062.5	3870	2837	4723.5	1825	72168.5	3.608.425
ORTHO003472	RNA-binding (RRM/RBD/RNP motifs) family protein	AT3G04500	166;36094;5488;3674;1901265;1901363;97159;3723;3676;8150	5042	4984	4185.5	3329	2982.5	5211.5	715.5	5813.5	7691.5	4440.5	1623	8070	1352	3283.5	4462	3976.5	5404	3580	6185.5	738.5	5637	4471.5	2730.5	5601	80987.5	4.049.375
ORTHO008406	homogentisate phytyltransferase 1	AT2G18950	10176;10354;4659;16765;16740;3824;3674;8152;8150;71555;45229;16043;71840;9987;71554;6636;6633;72330;46394;16053;6082;71704;44281;44710;44699;44763;44237;44283;44711;9058;1901576;44249;19752;43436;32787;6631;44255;6629;44238;8610;33559;42362;9110;6766;6775;31969;42170;31090;16020;5575;44422;43226;43227;44435;44444;44424;44464;5623;5622;5737;44446;43229;9536;43231;9526;31967;31975;44434;9507;9941;31347;80134;48583;50789;65007;10189;1901617;1901615;18130;46483;42360;1901360;1901362;9915;15770;15766;15772;8643;44765;6810;51234;51179;1902578;71702;10233;10232;44707;32501;5886;71944;9266;9628;50896;16021;31224;44425	5043	4318	4684	4325	2982.5	1227	2452	6573	7046.5	2025.5	6763.5	3218	5066	3815.5	5034.5	6712.5	7006	3121	3691	6754	4668.5	3609.5	5407	2314	86505	4325.25
ORTHO008419	CONTAINS InterPro DOMAIN/s: Protein phosphatase 4 core regulatory subunit R2 (InterPro:IPR015267)	AT5G17070	5634;43231;43227;43226;5575;43229;44424;44464;5623;5622;8150;3674	5044	4420	4769.5	4495	2982.5	4913	376.5	3758.5	1753	4079	3879	6543.5	3620	7909	7518.5	7782	3682	8570.5	6265.5	3013.5	2604.5	2433.5	2553	6057.5	87312	4365.6
ORTHO000590_2	Protein kinase superfamily protein	AT5G01920	5524;35639;1901265;1901363;5488;3674;97159;43168;43167;32559;30554;17076;166;36094;32555;32553;97367;32550;32549;1882;1883;4674;4672;16301;16772;16740;3824;8152;8150;16310;6796;6793;44237;9987;16773;6468;6464;36211;19538;43170;71704;44238;43412;44267;44260;42549;42548;10109;31323;50794;50789;65007;19222;43467;9534;31976;9579;44424;44464;5575;5623;5622;31984;44446;44422;43226;43229;43227;44435;44444;5737;9536;43231;44434;9507	5045	5367	4806.5	4568	2982.5	1594	5205.5	5439.5	6943.5	5808	6543	7102	5740	1800.5	3521.5	3976.5	1000	2724.5	6109.5	4473	4668.5	5132.5	5021	4898	87701	4385.05
ORTHO006175	RNA polymerases M/15 Kd subunit	AT3G16980;AT4G16265	5665;55029;44428;44446;44422;5575;43226;44424;44464;5623;5622;43229;5634;43231;43227;428;30880;61695;1990234;1902494;43234;32991;44451;5654;31981;70013;43233;31974;16591;419;6351;34645;44260;43170;71704;8152;8150;44237;9987;9059;1901576;9058;44249;97659;32774;16070;90304;6139;46483;6725;1901360;34641;6807;44238;34654;19438;44271;18130;1901362;10467;5730;43232;43228;3899;34062;16779;16772;16740;3824;3674;3677;3676;1901363;5488;97159;80188;6306;43414;32259;43412;6305;6304;6259;44728;40029;10468;60255;19222;50789;65007;31047;16458;10629;10605;9892;48519;44763;44699;44710;418	5046	3384	2966	886	4356	3446.5	5784	1709	702.5	5622	1810	818.5	1352	3815.5	5034.5	6712.5	4870.5	3121	335.5	2008	1863.5	4525.5	4085.5	3005.5	60622	3031.1
ORTHO005484	CemA-like proton extrusion protein-related	AT4G31040	16021;31224;44425;5575;16020;5886;44464;5623;71944;8150	5047	2624	2901.5	756	4356	852.5	624.5	3218	169	5953	4693.5	743.5	5740	4206	4842.5	6712.5	1798	8631	2310.5	2455	489.5	837.5	759.5	3238	58274	2913.7
ORTHO006514	ubiquitin family protein	AT4G06599	5634;43231;43227;43226;5575;43229;44424;44464;5623;5622;4721;16791;42578;16788;16787;3824;3674;8152;8150;16311;6796;6793;44237;9987;6470;6464;36211;19538;43170;71704;44238;43412;44267;44260	5048	3932	3790.5	2533	2097	961.5	1358	1709	3957.5	6645	3917	551.5	5740	6501	6867.5	7782	7649.5	4326.5	241.5	1426	4668.5	5059	3783.5	3179.5	76324	3816.2
ORTHO005974	DNA-directed RNA polymerase; RBP11-like	AT3G52090	6351;34645;44260;43170;71704;8152;8150;44237;9987;9059;1901576;9058;44249;97659;32774;16070;90304;6139;46483;6725;1901360;34641;6807;44238;34654;19438;44271;18130;1901362;10467;1055;3899;34062;16779;16772;16740;3824;3674;6366;419;55029;44428;44446;44422;5575;43226;44424;44464;5623;5622;43229;5634;43231;43227;428;30880;61695;1990234;1902494;43234;32991;418;44451;5654;31981;70013;43233;31974;5665;16591;3677;3676;1901363;5488;97159	5049	6046	6105	7161	5552	4110.5	4587.5	2903.5	7455	5547.5	6763.5	7069.5	1352	8072	7582.5	5325.5	1189	4400	4968.5	8320	5779	6429	4085.5	6553	102493	5124.65
ORTHO006988	GRAS family transcription factor	AT3G13840	5634;43231;43227;43226;5575;43229;44424;44464;5623;5622;6355;1903506;2001141;31326;9889;19222;50789;65007;8150;31323;50794;51252;19219;80090;51171;60255;10556;10468;2000112;3700;1071;3674;6351;34645;44260;43170;71704;8152;44237;9987;9059;1901576;9058;44249;97659;32774;16070;90304;6139;46483;6725;1901360;34641;6807;44238;34654;19438;44271;18130;1901362;10467	5050	6372	2600.5	151	7245.5	8518.5	4341	3276	4507	2770	982	1755.5	3935.5	138	136.5	3128	2745	398	36.5	2347	48.5	281.5	947.5	417	40709	2035.45
ORTHO007342	Ribosomal protein L4/L1 family	AT2G20060	3735;5198;3674;15934;44391;30529;32991;5575;44424;44464;5623;5622;44444;5737;44446;44422;43226;43229;5840;43232;43228;6412;43043;43604;43603;34641;6807;8152;8150;44237;9987;44271;44249;9058;6518;1901564;71704;1901566;1901576;44267;19538;43170;44238;44260;34645;9059;10467;5739;43231;43227	5051	4130	4984	4917	2375	8990	2791.5	2000	8509.5	5723.5	2290	1198.5	5338.5	3815.5	5413.5	6712.5	494	3121	3977	6960	4833.5	4169	6467.5	6801.5	89606.5	4.480.325
ORTHO009216	Tetratricopeptide repeat (TPR)-like superfamily protein	AT5G27460	5739;43231;43227;43226;5575;43229;44424;44464;5623;5622;44444;5737;3674;8150	5052	4556	4956.5	4861	5938.5	1227	2328.5	6573	7183.5	5702	8651	1198.5	6617.5	1800.5	5254.5	3976.5	3958.5	3121	3792	6754	4668.5	3955.5	6040	6553	89355	4467.75
ORTHO007034	cation exchanger 11	AT1G08960	10163;71805;98662;98660;34220;6811;44765;6810;51234;51179;8150;1902578;44699;55085;44763;9987;98655;6812;71804;6813;15672;30001;16021;31224;44425;5575;16020;15081;15077;22890;8324;15075;22891;22857;5215;3674;22892;46873;35725;6814;34399;44428;44446;44422;43226;44424;44464;5623;5622;43229;5634;43231;43227;31981;70013;43233;31974;5432;15368;15085;72509;72511;70588;6816;70838;15491;15298;15297;15291;22804;15079;5886;71944	5053	5139	4778	4503	2982.5	4827.5	4341	4964	6379.5	5665	5836	4566	5740	1800.5	3521.5	3976.5	4666	2724.5	5347.5	5852	4668.5	4423	3149	4898	87346	4367.3
ORTHO000444_2	Calcium-dependent lipid-binding (CaLB domain) family protein	AT5G04220	5886;16020;5575;44464;5623;71944;8150;46872;43169;43167;5488;3674;16021;31224;44425	5054	7840	6104	7154	6857.5	3040	8876	3318	2666	8535.5	1082.5	6861.5	1352	8396.5	5775.5	6712.5	261	7967.5	8500.5	6923.5	2506	8182	2591	8891	102438.5	5.121.925
ORTHO002461	RING/FYVE/PHD zinc finger superfamily protein	AT1G79350	6355;1903506;2001141;31326;9889;19222;50789;65007;8150;31323;50794;51252;19219;80090;51171;60255;10556;10468;2000112;3677;3676;1901363;5488;3674;97159;8270;46914;46872;43169;43167;5634;43231;43227;43226;5575;43229;44424;44464;5623;5622;5829;44444;5737;9793;44702;22414;44699;3006;32502;9790;44767;48856;7275;44707;32501;48316;48608;61458;48731;9791;10154	5055	4025	3980.5	2906	4356	7411.5	7790.5	5348	5754	6401	5726.5	7861	2974.5	3815.5	3047.5	3976.5	3152.5	1568.5	188	2805.5	3375	2213.5	3740.5	1454.5	78604.5	3.930.225
ORTHO003609	unknown protein	AT5G11780	3674;8150;5575	5056	6907	3832	2608	5375	5621	4638.5	6428.5	6124	8319	5365.5	3422.5	3070	1321.5	3721.5	3976.5	5457.5	1425.5	4663	5852	3417.5	940	1900.5	1106.5	76771	3838.55
ORTHO008918	Noc2p family	AT2G18220	5634;43231;43227;43226;5575;43229;44424;44464;5623;5622;8150;5829;44444;5737	5057	3704	6766.5	8476	4356	8323	5382	2796	8808.5	2059	3749	9026	1352	5258.5	599	6712.5	1321	7801.5	8930	8956	8850	8942	8853.5	7656.5	115376	5768.8
ORTHO009456	regulatory particle non-ATPase 13	AT2G26590	5515;5488;3674;502;43234;32991;5575;44424;44464;5623;5622;5634;43231;43227;43226;43229;7155;22610;8150;5737;16021;31224;44425;16020	5058	4564	3941.5	2825	2982.5	3168.5	5873	6428.5	7046.5	6422.5	2402	1954	1352	1800.5	5034.5	6712.5	3752	3121	2260	1291.5	4445	3222.5	5407	6281	77974.5	3.898.725
ORTHO008517	Pentatricopeptide repeat (PPR-like) superfamily protein	AT2G32630	5739;43231;43227;43226;5575;43229;44424;44464;5623;5622;44444;5737;8150;3674	5059	6909	4909.5	4760	7947.5	5319	4118.5	4964	6124	7274.5	2539	2937.5	3222.5	2711.5	3265	8358	4761	2199.5	5027.5	8214	2485.5	3854	6194.5	5222.5	88792	4439.6
ORTHO007829	Mog1/PsbP/DUF1795-like photosystem II reaction center PsbP family protein	AT5G11450	9543;31978;31977;44436;44424;44464;5575;5623;5622;9579;44435;44444;5737;44446;44422;43226;43229;9536;43231;43227;31976;31984;44434;9507;9534;9535;55035;42651;34357;16020;15979;44237;8152;8150;9987;5509;46872;43169;43167;5488;3674	5060	3603	4543.5	4027	4356	1089	1938.5	6978.5	5221.5	5588.5	7382.5	841.5	3557.5	3815.5	4842.5	3976.5	351	4154.5	4485	7647	7786.5	5059	7244	3005.5	84964.5	4.248.225
ORTHO009049	cyclin p2	AT3G21870	51301;44763;9987;8150;44699;7049;19901;19900;19899;5515;5488;3674;79;1904029;45859;43549;42325;19220;51174;31323;50794;50789;65007;19222;51338;50790;65009;1932;31399;32268;51246;80090;60255;51726;71900;4693;97472;4672;16301;16772;16740;3824;8152;16310;6796;6793;44237;16773;6468;6464;36211;19538;43170;71704;44238;43412;44267;44260;4674;5634;43231;43227;43226;5575;43229;44424;44464;5623;5622	5061	3706	3329.75	1598.5	4356	4160.5	2951	6142.5	6712.5	7666.5	3269.5	3034.5	4555.5	3815.5	2396.5	6712.5	867	1669.5	122.5	6274.5	864.5	2433.5	3662.5	1735.5	69046.5	3.452.325
ORTHO005922	endoribonuclease L-PSP family protein	AT3G20390	9941;9526;31967;31975;44464;5575;5623;44446;44422;43226;44424;5622;43229;43227;44435;44444;5737;9536;43231;44434;9507;19239;3824;3674;8152;8150;9097;9082;9081;6520;1901564;71704;6807;19752;43436;6082;44281;44710;44699;44763;9987;44237;44238;8652;46394;16053;44283;44711;9058;1901576;44249;1901566;6549;1901605;1901607;16787;9570;9532;5773;90502;90501;16070;44260;43170;90304;6139;46483;6725;1901360;34641;90305;9636;42221;50896;4521;4519;4518;16788;4540;9579;46686;10038;10035;5739	5062	6805	3562.5	2063	5439	5351.5	5581	6573	5851.5	4267	6912.5	2343.5	4314.5	1321.5	4462	2080.5	5764.5	1311.5	3504.5	3418	3564	1277	3867.5	1263	73028.5	3.651.425
ORTHO007354	protein serine/threonine phosphatases	AT2G20050	5886;16020;5575;44464;5623;71944;46872;43169;43167;5488;3674;5952;1902554;1902911;61695;1990234;1902494;43234;32991;44424;5622;4672;16301;16772;16740;3824;8152;8150;16310;6796;6793;44237;9987;16773;6468;6464;36211;19538;43170;71704;44238;43412;44267;44260;4674;4722;4721;16791;42578;16788;16787;16311;6470;5524;35639;1901265;1901363;97159;43168;32559;30554;17076;166;36094;32555;32553;97367;32550;32549;1882;1883;8603;19887;19207;30234;98772;50790;19222;50789;65007;65009;42325;19220;51174;31323;50794;45859;43549;51338;1932;31399;32268;51246;80090;60255	5063	4037	6538.5	8014	2375	6417	6630.5	3318	8656.5	4115.5	3639.5	7618	1352	8604	5596.5	7782	4346.5	7637	5589.5	3231	7709	7016	2713	7223	109194.5	5.459.725
ORTHO003731	NIMA-related kinase 5	AT3G20860	16301;16772;16740;3824;3674;8152;8150;16310;6796;6793;44237;9987;4674;4672;16773;6468;6464;36211;19538;43170;71704;44238;43412;44267;44260;5886;16020;5575;44464;5623;71944	5064	6127	5511	5958	7245.5	4723.5	7166.5	6264	3019	2945.5	4909.5	5543	5467.5	1800.5	3265	3976.5	4464.5	8120.5	7742	3546.5	7568	4612.5	4887	5041.5	95063	4753.15
ORTHO008337	Putative endonuclease or glycosyl hydrolase	AT2G15560	5777;42579;43231;43227;43226;5575;43229;44424;44464;5623;5622;44444;5737;6979;6950;50896;8150;4519;4518;16788;16787;3824;3674;8152;90305;90304;6139;46483;44237;9987;6725;1901360;71704;34641;6807;44238;43170;10468;60255;19222;50789;65007;5634	5065	5628	6092.5	7120	2982.5	6529	3430	5813.5	8101	1409.5	6343	6797	6071.5	1800.5	4705.5	3976.5	5764.5	3580	6389	7871	5988	5789.5	5826.5	6057.5	102243	5112.15
ORTHO003569	unknown protein	AT3G50370	8150;5737;44424;44464;5575;5623;5622;3674	5066	2274	5274.5	5483	4356	7169.5	5974	2392	2202	295	8924.5	6344	3904	6764.5	8203.5	7782	4408.5	5886.5	5502	1556.5	4103	4970.5	4251.5	1825	92458.5	4.622.925
ORTHO005390	Cyclin family protein	AT5G48630;AT5G48640	51301;44763;9987;8150;44699;51726;50794;50789;65007;5634;43231;43227;43226;5575;43229;44424;44464;5623;5622;6355;1903506;2001141;31326;9889;19222;31323;51252;19219;80090;51171;60255;10556;10468;2000112;19901;19900;19899;5515;5488;3674;79;1904029;45859;43549;42325;19220;51174;51338;50790;65009;1932;31399;32268;51246;71900;16591;55029;44428;44446;44422;428;30880;61695;1990234;1902494;43234;32991;44451;5654;31981;70013;43233;31974;16538;19887;19207;30234;98772;7049;4693;97472;4672;16301;16772;16740;3824;8152;16310;6796;6793;44237;16773;6468;6464;36211;19538;43170;71704;44238;43412;44267;44260;4674;16592;45737;71902;45860;1934;42327;45937;10562;31325;9893;48518;48522;31401;32270;51247;10604;33674;51347;43085;44093;1904031;32465;10564;51302;45787;45944;45893;10628;1903508;1902680;51254;45935;51173;31328;9891;10557;6357;1901409;1901407;307;1902911	5067	3667	5251.5	5436	4356	407.5	3224.5	2185	7978	2591.5	2539	2131	1352	6971	7195	2476	6099.5	6265.5	5502	8661.5	7386	7392.5	7946.5	3920	92224	4611.2
ORTHO009379	P-loop containing nucleoside triphosphate hydrolases superfamily protein	AT2G40700	8026;42623;16887;17111;16462;16818;16817;16787;3824;3674;8152;8150;70035;4386;5634;43231;43227;43226;5575;43229;44424;44464;5623;5622	5068	4579	4874	4680	2982.5	5211.5	1542	7491.5	2390.5	5834	5020.5	6120	7377.5	5895.5	1292	6712.5	1564	8815	3977	3600	2881	6429	2825	3340.5	88319	4415.95
ORTHO003517	unknown protein	AT5G13620	5575;8150;3674	5069	4582	3368.5	1668	5396	5248.5	3430	2923.5	931	2307	5460	1658	4417	4134.5	6243.5	2080.5	3752	5944.5	4441	5519.5	4321	2213.5	3634.5	988.5	69648	3482.4
ORTHO006180	Protein of unknown function (DUF1264)	AT1G05510;AT2G31985	5811;43232;43228;43226;5575;43229;44424;44464;5623;5622;3674;9793;44702;22414;8150;44699;3006;32502;9790;44767;48856;7275;44707;32501;48316;48608;61458;48731;9791;10154;10344;44085;71840;9737;9725;9719;50896;10033;42221;33993;97305;1901700;1101;19915;51235;51179;65008;65007;10876;33036;5737;5515;5488	5070	6178	6937.5	8805	2982.5	5155.5	4813.5	6264	3632	6934	4086	8258	6731.5	7909	8452	5325.5	6298	6505.5	7435.5	6860	7709	6952	6854	6553	122728	6136.4
ORTHO006588	Zincin-like metalloproteases family protein	AT5G51540	9507;9536;43231;43227;43226;5575;43229;44424;44464;5623;5622;44444;5737;9535;55035;42651;34357;16020;44436;9579;44435;44446;44422;31976;31984;44434;9534;6508;19538;43170;71704;8152;8150;44238;5739;4222;4175;70011;8233;16787;3824;3674;8237;46872;43169;43167;5488	5071	2246	3193.5	1316	4356	6227.5	5504	765	1430.5	1842.5	1623	610	1352	4560	5254.5	6712.5	4408.5	5368	4830.5	3418	569	3111.5	5171.5	3565	66323.5	3.316.175
ORTHO004189	fumarase 1	AT2G47510;AT5G50950	6099;6101;72350;19752;43436;6082;71704;8152;8150;44281;44710;44699;44763;9987;44237;44238;9060;45333;15980;6091;55114;6108;43648;9651;6970;9628;50896;6950;5739;43231;43227;43226;5575;43229;44424;44464;5623;5622;44444;5737;6106;6979;5829;5515;5488;3674;4333;16836;16835;16829;3824;51262;51259;6461;65003;43933;16043;71840;22607;44085;71822;70271;48868;3006;32502;22414;48856;9856;44703;51704;44706;32501;45239;43234;32991;9507;9536;42128;42126;2001057;6807;71941	5072	5296	6851.5	8631	6194	7932.5	5223.5	8656	6379.5	2670	3831.5	2803.5	1352	6971	1481.5	3976.5	7679.5	7117	8821.5	8397.5	8798.5	9063	8930	8420	118504.5	5.925.225
ORTHO008418	Peptidyl-tRNA hydrolase II (PTH2) family protein	AT3G03010;AT5G16870	5739;43231;43227;43226;5575;43229;44424;44464;5623;5622;44444;5737	5073	6454	4037.5	3002	2982.5	5516	1519.5	5568.5	2828	5308.5	6173.5	5372	1352	2711.5	3721.5	3976.5	4666	3121	5347.5	1094	5170.5	5308.5	5171.5	5222.5	79149	3957.45
ORTHO004332	Peroxidase superfamily protein	AT5G19890	5576;5575;4601;16684;16491;3824;3674;8152;8150;55114;44710;44699;16209;5634;43231;43227;43226;43229;44424;44464;5623;5622;6979;6950;50896;46872;43169;43167;5488;42744;42743;72593;44237;9987;44712;9056;44763;44248;20037;46906;1901363;97159;5737	5074	4921	4817	4560	5938.5	568.5	274.5	1581	2541	7064	8095	4566	7377.5	8316	7939.5	5325.5	8446.5	4507	2030.5	748	2123	6377.5	1681.5	8092	87654.5	4.382.725
ORTHO006451	Plant invertase/pectin methylesterase inhibitor superfamily protein	AT1G62770;AT4G12390	43086;44092;65009;65007;8150;50790;19222;50789;9892;48519;4857;30234;98772;3674;46910;5576;5575;9506;5911;30054;55044	5075	7645	5360.5	5646	8259	4415.5	4813.5	4396	5619	8934.5	5685.5	7943.5	6227	3283.5	1616	8358	7051	1494	4016	6148	3719.5	1613	4603.5	3383	93320	4666
ORTHO009219	F-box family protein	AT5G45360	3674;16567;32446;70647;6464;36211;19538;43170;71704;8152;8150;44238;43412;44267;44260;44237;9987;5737;44424;44464;5575;5623;5622	5076	4597	7004	8932	5938.5	8873.5	7463	8941	9109.5	5142	4732	998	8519	8541.5	8471.5	7782	7029	8934.5	2478.5	3300.5	1134	7786.5	8551.5	8512	126299.5	6.314.975
ORTHO007521	Tho complex subunit 7/Mft1p	AT3G02950;AT5G16790	6397;16071;16070;44260;43170;71704;8152;8150;44237;9987;90304;6139;46483;6725;1901360;34641;6807;44238;6396;10467;5634;43231;43227;43226;5575;43229;44424;44464;5623;5622;347;44428;44446;44422;43234;32991;51028;50658;50657;15931;71705;6810;51234;51179;71702;51236;6403;33036;8380;3723;3676;1901363;5488;3674;97159	5077	6797	6235.5	7394	7662	5580	8324.5	5957	5994	6621	2402	3422.5	3467	2711.5	4462	5325.5	6099.5	3121	6531	7871	7709	6129	6040	6379.5	104147	5207.35
ORTHO008994	unknown protein	AT5G38720	3674;5737;44424;44464;5575;5623;5622	5078	6016	5203	5328	6664	4758	4341	5439.5	5355.5	4009	6543	7957.5	5740	1800.5	3521.5	3976.5	901	3121	5220.5	6860	7568	4780.5	4961.5	4801	91655.5	4.582.775
ORTHO008371	Rhodanese/Cell cycle control phosphatase superfamily protein	AT4G35770	9507;9536;43231;43227;43226;5575;43229;44424;44464;5623;5622;44444;5737;9416;9314;9628;50896;8150;9579;3674;7568;44767;32502;44699;9744;34285;9743;10033;42221;1901700;9753;9725;9719;1101;9611;6950;6979	5079	6272	5468.5	5858	7245.5	9120	8038	5348	7632	7782	6343	2467.5	7743	2711.5	2702.5	3976.5	4346.5	1180.5	216	6322.5	4226.5	4612.5	4843.5	4898	94510	4725.5
ORTHO003286	histone H2A protein 9	AT1G52740	6342;45814;10629;10605;9892;48519;50789;65007;8150;19222;60255;10468;40029;45892;1903507;1903506;2001141;31326;9889;31323;50794;51252;19219;80090;51171;10556;1902679;51253;45934;51172;31324;48523;31327;9890;10558;6355;2000112;2000113;16458;44763;9987;44699;9909;48580;2000026;50793;51239;48831;2000241;6325;43933;16043;71840;51276;6996;9266;9628;50896;44030;51052;790;785;44427;44446;44422;5575;43226;44424;44464;5623;5622;43229;5694;43232;43228;32991;44454;44428;5634;43231;43227;228;31981;70013;43233;31974;3677;3676;1901363;5488;3674;97159;5773;44444;5737;5515;42742;9617;51707;43207;9605;9607;51704;98542;6952;6950	5080	8895	6909.5	8739	8884	7169.5	8691	8181.5	4573.5	5847	8404	8818.5	4444	401	5413.5	8925	6549	241.5	8655.5	6555.5	8228.5	3374.5	7435.5	8942.5	120851	6042.55
ORTHO007856	DERLIN-1	AT4G29330	9507;9536;43231;43227;43226;5575;43229;44424;44464;5623;5622;44444;5737;5789;98588;31090;16020;44422;44432;44446;5783;12505;44425;42175;3674;16021;31224;6508;19538;43170;71704;8152;8150;44238	5081	3538	5733	6385	4356	6529	1184.5	2185	6823.5	1506.5	8651	6171.5	5740	6455	6867.5	5325.5	1155.5	7801.5	4016	2835.5	7568	6429	7244	2940	97428.5	4.871.425
ORTHO003753	Eukaryotic aspartyl protease family protein	AT5G10080	6508;19538;43170;71704;8152;8150;44238;5576;5575;31225;31224;44425;16020;46658;31226;44459;44464;5623;5886;71944	5082	7255	2628.5	175	7947.5	1729.5	1985	1484	3659	4115.5	5108.5	7676	1352	138	136.5	3273.5	2786	203.5	1788	2734	3016.5	193	378	330.5	42087	2104.35
ORTHO008637	histone deacetylase 15	AT3G18520	16787;3824;3674;8152;8150;5634;43231;43227;43226;5575;43229;44424;44464;5623;5622;16575;16570;16569;16568;6325;43933;16043;71840;9987;51276;6996;6464;36211;19538;43170;71704;44238;43412;44267;44260;44237;1902589;44763;44699;44710;6476;35601;98732;6355;1903506;2001141;31326;9889;19222;50789;65007;31323;50794;51252;19219;80090;51171;60255;10556;10468;2000112;6351;34645;9059;1901576;9058;44249;97659;32774;16070;90304;6139;46483;6725;1901360;34641;6807;34654;19438;44271;18130;1901362;10467;32041;17136;34979;33558;19213;4407;16811;16810;31078;70932;8270;46914;46872;43169;43167;5488;9294;9292;44764;51704	5083	5659	6008.5	6934	6534	3114.5	1519.5	3381	9122	3396	4545	7069.5	1352	5762	1223	3976.5	7337.5	7507.5	8200	5447	3271	8486	8321	7860.5	100891.5	5.044.575
ORTHO005568	GC-rich sequence DNA-binding factor-like protein	AT5G08550;AT5G09210	42023;44786;6261;6260;6259;44260;43170;71704;8152;8150;44237;9987;90304;6139;46483;6725;1901360;34641;6807;44238;34645;9059;1901576;9058;44249;22402;44763;44699;7049;44711;44710;30371;45182;3674;6417;10608;10468;60255;19222;50789;65007;32268;51246;80090;31323;50794;34248;51171;2000112;31326;9889;10556;17148;10629;10605;9892;48519;34249;51172;31324;48523;2000113;31327;9890;10558;32269;51248;45892;1903507;1903506;2001141;51252;19219;1902679;51253;45934;6355;5634;43231;43227;43226;5575;43229;44424;44464;5623;5622;398;6397;16071;16070;6396;10467;377;375;8380	5084	4809	4632	4180	2982.5	4946.5	3224.5	3065	4452.5	8168.5	4583	5667	1352	9097	8163.5	5325.5	2709	4887	3484.5	8025.5	2086.5	1179	1203	4174.5	85794	4289.7
ORTHO007641	CLP protease R subunit 4	AT4G17040	9570;9532;44435;44444;44424;44464;5575;5623;5622;5737;44446;44422;43226;43229;9536;43231;43227;44434;9507;9941;9526;31967;31975;6508;19538;43170;71704;8152;8150;44238;302;6979;6950;50896;1901700;42221;4252;4175;70011;8233;16787;3824;3674;8236;17171;10468;60255;19222;50789;65007	5085	3011	5247	5409	2097	4474	5997.5	1484	1430.5	7298.5	3136.5	4162.5	3662	6601.5	6867.5	7782	5108	4673.5	4914	1609.5	5061.5	6831.5	7774	3238	92106.5	4.605.325
ORTHO004726	GTP-binding family protein	AT3G07050	48444;44702;22414;8150;44699;3006;32502;48563;9887;44767;9653;48856;48513;48731;7275;44707;32501;9886;9791;48569;48437;9908;90567;48608;61458;48367;10077;10074;19827;98727;10073;48507;9888;45892;1903507;1903506;2001141;31326;9889;19222;50789;65007;31323;50794;51252;19219;80090;51171;60255;10556;1902679;51253;10605;9892;48519;45934;51172;31324;48523;31327;9890;10558;10629;10468;6355;2000112;2000113;2000024;48831;2000026;50793;51239;5525;35639;1901265;1901363;5488;3674;97159;43168;43167;32550;32549;1882;36094;97367;1883;32561;19001;17076;166;32555;32553;5730;44428;44446;44422;5575;43226;44424;44464;5623;5622;43229;5634;43231;43227;43232;43228;31981;70013;43233;31974;9506;5911;30054;55044;48825;48366;48827;9793;9790;48316;10154;45995;45604;30856;45595;45682	5086	3545	5064	5042	5748	1729.5	1490.5	2660	1328.5	5808	3269.5	8166	3751.5	6764.5	7017.5	7782	8473.5	5368	5502	1426	7786.5	5376	2642.5	3920	90262	4513.1
ORTHO010629	chlorophyllase 2	AT5G43860	9507;9536;43231;43227;43226;5575;43229;44424;44464;5623;5622;44444;5737;15996;6787;51187;51186;44237;8152;8150;9987;44248;9056;6778;33013;46483;6725;1901360;71704;1901564;6807;33015;19439;44270;34641;1901361;1901575;1901565;46700;44763;44699;46149;44712;44710;42440;15994;47746;52689;16788;16787;3824;3674;31969;42170;31090;16020;44422;44435;44446;9526;31967;31975;44434;9941	5087	7183	6668.5	8250	6194	5904	3863.5	5213.5	7691.5	3520.5	7199	8595.5	8094	2711.5	3936.5	5325.5	5561	3121	6531	8478	7052	5213.5	7946.5	5806	111764	5588.2
ORTHO002091	unknown protein	AT1G70780	3674;8150	5088	8892	5943	6798	9068.5	5090	8099	8064.5	6712.5	3934	8487.5	8939	4271.5	291	1354.5	8703.5	8562.5	330	4864	7692.5	6908	2061	4065	1519	99949	4997.45
ORTHO009051	zinc finger (Ran-binding) family protein	AT1G48570	9507;9536;43231;43227;43226;5575;43229;44424;44464;5623;5622;44444;5737;8270;46914;46872;43169;43167;5488;3674	5089	3755	5866.5	6644	4356	8571.5	6361.5	9044	9072.5	1970.5	5481.5	485	1352	8072	8061.5	7782	45.5	9050	2618.5	3362	1201.5	7786.5	2047.5	6732.5	99098	4954.9
ORTHO003783	RNA-binding (RRM/RBD/RNP motifs) family protein	AT3G13224	166;36094;5488;3674;1901265;1901363;97159;5634;43231;43227;43226;5575;43229;44424;44464;5623;5622;3723;3676;8150	5090	3305	4493	3896	4356	4358	5075.5	8366.5	8577	6966.5	5249.5	503.5	1352	5625.5	1196	6712.5	1827.5	8097	2469	2289	2557.5	6714	2239	4016	84191.5	4.209.575
ORTHO006432	D111/G-patch domain-containing protein	AT3G09850	3676;1901363;5488;3674;97159;5634;43231;43227;43226;5575;43229;44424;44464;5623;5622	5091	2140	5721.75	6352.5	4356	8460	2528	7491.5	1753	3350	9062.5	2000.5	8205.5	7850	8868	2476	8092	6265.5	1189.5	5519.5	1949.5	5924	1661.5	4586.5	97233	4861.65
ORTHO007449	SNARE-like superfamily protein	AT1G51160	5829;44444;44424;44464;5575;5623;5622;5737;5794;43231;43227;43226;43229;12505;6888;16482;46907;6810;51234;51179;8150;51649;51641;48193;1902582;44765;1902578;44699;16192	5092	6035	6891.5	8691	6664	8926	6283.5	2322	7978	2170.5	8798.5	8855.5	8094	8456.5	8061.5	6712.5	693.5	5626	552.5	2765	8618.5	8223.5	8551.5	8062	119751	5987.55
ORTHO002810	Glutamyl/glutaminyl-tRNA synthetase; class Ic	AT5G26710	5524;35639;1901265;1901363;5488;3674;97159;43168;43167;32559;30554;17076;166;36094;32555;32553;97367;32550;32549;1882;1883;5737;44424;44464;5575;5623;5622;5829;44444;6424;6418;43039;6399;34660;16070;44260;43170;71704;8152;8150;44237;9987;90304;6139;46483;6725;1901360;34641;6807;44238;43038;6520;1901564;19752;43436;6082;44281;44710;44699;44763;6412;43043;43604;43603;44271;44249;9058;6518;1901566;1901576;44267;19538;34645;9059;10467;4818;4812;16876;16875;16874;3824	5093	4951	4981	4869	5298	2097.5	1765.5	9141.5	3404.5	8319	4277.5	8026.5	1352	8739.5	6291	2914	4761	4982.5	6897.5	2455	1922.5	7016	3795.5	1230.5	89389	4469.45
ORTHO008945	Tetratricopeptide repeat (TPR)-like superfamily protein	AT2G31240	8150;9507;9536;43231;43227;43226;5575;43229;44424;44464;5623;5622;44444;5737	5094	3869	4274	3454	4356	930.5	5903	6507.5	8259	6785.5	6763.5	3218	5066	3815.5	3265	6712.5	3836.5	2199.5	552.5	1268.5	4668.5	3754	5902.5	2314	81722	4086.1
ORTHO002419	unknown protein	AT1G52855;AT2G20835;AT3G15534	3674;5576;5575;8150	5095	8810	6819.5	8544	8820	7482.5	8902.5	8445	5484	3903.5	8450	6998.5	5066	590	2023.5	8925	6409	1114.5	8031	7080	8350.5	2763	8070	8552	116640.5	5.832.025
ORTHO007170	DNA primase; large subunit family	AT1G67320	5634;43231;43227;43226;5575;43229;44424;44464;5623;5622;6269;6259;44260;43170;71704;8152;8150;44237;9987;90304;6139;46483;6725;1901360;34641;6807;44238;32774;9059;1901576;9058;16070;34654;19438;44249;44271;18130;1901362;6261;6260;34645;46872;43169;43167;5488;3674;3896;3899;34062;16779;16772;16740;3824;9506;5911;30054;55044;51539;51536;51540;3677;3676;1901363;97159;1990077;44427;44446;44422;5694;43232;43228;43234;32991;32993;30894;5657	5096	4319	6718	8340	5938.5	4794.5	2791.5	7244.5	8101	4596	2653	2291.5	6804.5	6971	8093.5	7782	8791	5221.5	6897.5	8364.5	6810.5	5308.5	1767.5	7721.5	113005.5	5.650.275
ORTHO001210_2	DENN (AEX-3) domain-containing protein	AT2G20320	3674;5634;43231;43227;43226;5575;43229;44424;44464;5623;5622;8150	5097	2911	2960	823	2097	3205.5	6075.5	4034.5	800	4836.5	2809.5	3422.5	5195	3815.5	3265	1606	7973	5056.5	1589	616.5	1239.5	868	986.5	2314	59708.5	2.985.425
ORTHO006042	allantoinase	AT4G04955	10136;44270;34641;6807;8152;8150;44237;9987;44248;9056;10135;43603;6995;9267;31669;31667;9991;9605;50896;31668;51716;71496;7154;44763;44699;42594;6950;33554;43562;4038;16812;16810;16787;3824;3674;50897;46914;46872;43169;43167;5488;5783;43231;43227;43226;5575;43229;44424;44464;5623;5622;44444;5737;12505;256;43605;1901361;1901360;71704;1901575;1901565;1901564;255;46483;46700;6145;46113;44712;44710;9112;55086;6139;6725;44238;44281;72523;19439;72521;6144;8270	5098	2638	2565	32	4356	746.5	1410	446.5	4164	4461.5	621.5	4059.5	1352	138	136.5	1175.5	2667	439.5	1253	2092	2098.5	258	910.5	223.5	28653.5	1.432.675
ORTHO010370	lipoic acid synthase 1	AT2G20860	9507;9536;43231;43227;43226;5575;43229;44424;44464;5623;5622;44444;5737;6546;9071;1901606;1901605;6520;1901564;71704;8152;8150;6807;19752;43436;6082;44281;44710;44699;44763;9987;44237;44238;9063;46395;16054;44282;44712;9056;1901575;44248;1901565;9069;6544;16992;16783;16782;16740;3824;3674;70283;16979;16879;16874;9107;6633;72330;46394;16053;44283;44711;9058;1901576;44249;32787;6631;44255;6629;8610;9108;51188;51186;6732;44272;6790;18130;46483;1901362;1901360;9106;5759;44429;44446;44422;5739;70013;43233;31974;46872;43169;43167;5488;51539;51536;51540	5099	6749	5063.5	5028	7662	2358	6265.5	5348	7561.5	8647.5	3749	7849	7189	2711.5	2702.5	3976.5	4054.5	2558	4441	2749	4226.5	4423	4693	4678.5	90181.5	4.509.075
ORTHO003521	Peroxidase superfamily protein	AT1G71695	4601;16684;16491;3824;3674;8152;8150;55114;44710;44699;16209;5618;30312;44464;5575;5623;71944;16020;9664;71555;45229;16043;71840;9987;71554;71669;9505;5576;5773;43231;43227;43226;43229;44424;5622;44444;5737;6950;50896;9506;5911;30054;55044	5100	3717	5129.5	5159	5196	1859.5	4457	7435.5	4323	3337	5577	4111	6513.5	8028.5	8118	1307	831.5	6683.5	6785	6754	3454.5	6077	4178	961	90791.5	4.539.575
ORTHO006554	Encodes a member of the MAKR (MEMBRANE-ASSOCIATED KINASE REGULATOR)  gene family. MAKRs have putative kinase interacting motifs and membrane localization signals. Known members include: AT5G26230 (MAKR1); AT1G64080 (MAKR2); AT2G37380 (MAKR3); AT2G39370 (MAKR4); AT5G52870 (MAKR5) and AT5G52900 (MAKR6).	AT5G26230	9742;43401;9755;7165;50794;50789;65007;8150;51716;9987;50896;7154;44763;44699;44700;23052;32870;9725;9719;10033;42221;71495;71310;70887;71383;71407;14070;71396;33993;48545;71367;9741;97305;1901700;97306;1901701;5829;44444;44424;44464;5575;5623;5622;5737;19210;19207;30234;98772;3674;50790;19222;65009;42325;19220;51174;31323;4857;43086;44092;9892;48519;42326;45936;10563;31324;48523;6629;71704;8152;44710;44238;5634;43231;43227;43226;43229;9536;5886;16020;71944	5101	4328	6832.5	8564	5938.5	4655.5	5756	8560.5	8307	6198.5	4180.5	5763	7743	5564	1040.5	6712.5	737	8002	8364.5	2734	7254	8295.5	8585	8512	116965	5848.25
ORTHO004281	pyruvate orthophosphate dikinase	AT4G15530	9507;9536;43231;43227;43226;5575;43229;44424;44464;5623;5622;44444;5737;9570;9532;44435;44446;44422;44434;6090;32787;19752;43436;6082;71704;8152;8150;44281;44710;44699;44763;9987;44237;50242;16781;16772;16740;3824;3674;5829;46872;43169;43167;5488;16310;6796;6793;5634;5524;35639;1901265;1901363;97159;43168;32559;30554;17076;166;36094;32555;32553;97367;32550;32549;1882;1883;16301;15979	5102	3493	6424	7746	2097	6850	2951	7084	7561.5	3040	8892.5	6947.5	6513.5	6764.5	7017.5	7782	6099.5	4673.5	5502	4473	5422.5	4169	1640	3366.5	106750	5337.5
ORTHO006355	WRKY DNA-binding protein 70	AT3G56400	43565;3677;3676;1901363;5488;3674;97159;10200;10243;9719;50896;8150;10033;42221;1901698;1901700;31347;80134;48583;50789;65007;9753;9725;1101;9864;2252;2376;9867;9755;7165;50794;51716;9987;7154;44763;44699;44700;23052;32870;71495;71310;70887;71395;71229;1901701;2218;2253;50778;48584;48518;50776;2682;2684;45089;31349;45088;9682;45087;6952;6950;6955;42742;9617;51707;43207;9605;9607;51704;98542;3700;1071;2001141;31326;9889;19222;31323;51252;19219;80090;51171;60255;10556;6355;1903506;10468;2000112;5634;43231;43227;43226;5575;43229;44424;44464;5623;5622;9759;42435;19438;6725;44237;8152;44249;9058;44271;34641;6807;18130;46483;1901362;1901360;71704;1901576;42430;1901564;1901566;19761;19758;19757;43436;6082;44281;44710;19748;16143;6790;1901657;1901135;16144;1901659;1901137;44711;44272;44550;19760;42343;9862;9863;71446;71407;14070;9751;9627;9814;45892;1903507;1902679;51253;10605;9892;48519;45934;51172;31324;48523;31327;9890;10558;10629;2000113;50832;9620;5515;10120;52317;46217;52314;9404;9700;52315;9403;6351;34645;44260;43170;9059;97659;32774;16070;90304;6139;44238;34654;10467;1900056;51241;51239;1900055;2000024;48831;2000026;50793;51093	5103	5129	4182.5	3262	5552	2672	7744.5	3987	4006	8934.5	4452	6756	4328	3450.5	1616	3976.5	8026.5	3580	3385	3797	3491.5	1656	2171	2623	80653	4032.65
ORTHO002569	early nodulin-like protein 7	AT1G79800	50896;8150;5507;46914;46872;43169;43167;5488;3674;31225;31224;44425;5575;16020;5886;44464;5623;71944;46658;31226;44459;9055	5104	5329	4625.5	4147	6194	1594	4341	4964	5355.5	4086	2539	7129.5	5740	1800.5	3521.5	6712.5	4548.5	3121	5128	6860	4519	4612.5	4244	4801	85617.5	4.280.875
ORTHO005149	Leucine-rich repeat (LRR) family protein	AT5G66330	5886;16020;5575;44464;5623;71944;5515;5488;3674;7165;50794;50789;65007;8150;51716;9987;50896;7154;44763;44699;44700;23052	5105	8050	6592	8079	7245.5	6382	7665	7762	3855	7722.5	7040	4351.5	5338.5	906.5	2396.5	8358	6549	1051.5	7464	6103	7489.5	4169	7335	7997	109935.5	5.496.775
ORTHO009910	Mannose-P-dolichol utilization defect 1 protein	AT4G07390	16020;5575	5106	5425	5639	6172	2982.5	1959	3025	6142.5	7183.5	3372	1483.5	8236	6617.5	1800.5	5413.5	3976.5	630	3949	7042	8320	7386	6266	6854	6553	96209.5	4.810.475
ORTHO006031	GTP-binding family protein	AT1G52980	42254;22613;44085;71840;8150;3924;17111;16462;16818;16817;16787;3824;3674;8152;5525;35639;1901265;1901363;5488;97159;43168;43167;32550;32549;1882;36094;97367;1883;32561;19001;17076;166;32555;32553;5634;43231;43227;43226;5575;43229;44424;44464;5623;5622	5107	2139	5584.75	6062.5	4356	4506.5	7802.5	7084	8596	2081	8984.5	307.5	1352	7387.5	8316.5	2476	1396.5	5886.5	6897.5	4664.5	4519	5924	5497.5	1906.5	95586	4779.3
ORTHO007971	ribosome recycling factor; chloroplast precursor	AT3G63190	9570;9532;44435;44444;44424;44464;5575;5623;5622;5737;44446;44422;43226;43229;9536;43231;43227;44434;9507;42742;9617;51707;43207;9605;50896;8150;9607;51704;98542;6952;6950;9658;9657;6996;16043;71840;9987;9817;9814;45087;6955;2376;50832;9620;6412;43043;43604;43603;34641;6807;8152;44237;44271;44249;9058;6518;1901564;71704;1901566;1901576;44267;19538;43170;44238;44260;34645;9059;10467;9579;32544;1902589;44763;44699;44711;44710;9790;44767;32502;48856;7275;44707;32501;43023;43021;44877;5488;3674;5507;46914;46872;43169;43167	5108	3589	3241.5	1375	2097	4148.5	1577.5	5813.5	3324.5	4781.5	4659.5	7069.5	2974.5	3815.5	1758.5	3976.5	3152.5	6854.5	3233.5	1960	1211.5	2061	3284.5	1434.5	67091.5	3.354.575
ORTHO004503	FUNCTIONS IN: molecular_function unknown	AT3G05810;AT5G26800	9507;9536;43231;43227;43226;5575;43229;44424;44464;5623;5622;44444;5737;8150;3674	5109	7853	6270	7431	6857.5	4344.5	7227	3373	2959	8934.5	2992.5	7421.5	2740	5963	3047.5	6020.5	7721	7988	7644	3448	7568	8676.5	2846	3501.5	104416	5220.8
ORTHO008159	Encodes SD3 (Segregation Distortion 3); a protein with high similarity to yeast translocase on the inner mitochondrial membrane 21 (TIM21). sd3 mutants show seedling-lethal phenotype in light-grown seedlings and shorter hypocotyls in dark-grown seedlings. SD3 overexpression plants show increase in cell number and cell size; as well as elevated ATP level.	AT4G00026	5739;43231;43227;43226;5575;43229;44424;44464;5623;5622;44444;5737;5744;98800;98796;43234;32991;44425;16020;98798;44429;44446;44422;44455;31966;31090;5740;31967;31975;5743;19866;30150;1902580;51641;51179;8150;1902578;44699;16482;46907;6810;51234;51649;70585;33365;34613;70727;33036;8104;72655;72594;45184;1990542;6839;1902582;44765;55085;44763;9987;44743;17038;15031;71702;65002;6886;71806;6626;6605;7005;6996;16043;71840;33617;33108;43623;6461;65003;43933;22607;44085;71822;70271;34622;97034;8535;17004;32981;97031;10257;3674;90351;9791;44767;32502;44707;32501;7275	5110	4546	3800.75	2491.5	5938.5	1329	2703	6428.5	2069	4663.5	2402	2086	6071.5	1800.5	5034.5	6712.5	3682	2558	3421.5	6467.5	4103	3222.5	5171.5	6057.5	75983.5	3.799.175
ORTHO007866	unknown protein	AT4G29960	5634;43231;43227;43226;5575;43229;44424;44464;5623;5622;8150;3674;5886;16020;71944	5111	2986	4479.5	3848	4356	3859	3513	1289.5	800	896.5	1414	6440	8977	4773	313	1429.5	1432.5	8352	2260	9110	2039	9036.5	9130	8847.5	83912	4195.6
ORTHO007746	P-loop containing nucleoside triphosphate hydrolases superfamily protein	AT5G62760	5739;43231;43227;43226;5575;43229;44424;44464;5623;5622;44444;5737;8150;3674	5112	3802.5	6160.5	7209	4356	2170	7288	3085.5	2849.5	5169.5	3831.5	5699	4014.5	5549.5	867	6712.5	7194	7073	8325	2880.5	7489.5	8425.5	8700	5433.5	102757.5	5.137.875
ORTHO004110	protein kinases	AT5G13530	43621;5515;5488;3674;5802;98791;44431;44444;44424;44464;5575;5623;5622;5737;44446;44422;43226;43229;5794;43231;43227;12505;31984;4672;16301;16772;16740;3824;8152;8150;16310;6796;6793;44237;9987;16773;6468;6464;36211;19538;43170;71704;44238;43412;44267;44260;5769;5768;45324;16197;1902582;46907;6810;51234;51179;51649;51641;44765;1902578;44699;16482;7034;9738;9755;7165;50794;50789;65007;51716;50896;7154;44763;44700;23052;32870;9725;9719;10033;42221;71495;71310;70887;71215;9737;33993;97305;1901700;1101;71396;97306;1901701;71229;16567;32446;70647;4842;19787;32940;46903;48589;44767;32502;40007;6952;6950;9788;9968;9966;10646;48583;23051;48585;48519;10648;48523;23057;1901420;1901419;9787	5113	3447	6531	7949	4356	1959	4587.5	7409.5	1133	6004	8404	7485.5	1352	8668.5	5596.5	3976.5	400	6657.5	7987	8853	7254	8223.5	8551.5	4060.5	108563	5428.15
ORTHO005525	FUNCTIONS IN: molecular_function unknown	AT4G16444	71816;45048;51205;90150;45184;51234;51179;8150;8104;33036;72657;44802;61024;16043;71840;9987;44763;44699;1902580;51641;1902578;34613;70727;7029;6996;10256;33365;3674	5114	6142	5691.5	6269	5651.5	6529	3430	5813.5	6943.5	1155	7594	3422.5	6071.5	1800.5	1616	5325.5	5764.5	3580	6327	7871	5988	5789.5	5762.5	5957	96740.5	4.837.025
ORTHO009662	cytochrome c oxidase 10	AT2G44520	5743;19866;31090;16020;5575;44422;43226;43227;44424;44464;5623;5622;31967;31975;44446;43229;31966;44429;44444;5737;5739;43231;5740;48034;48033;42168;6778;51186;44237;8152;8150;9987;33013;46483;6725;1901360;71704;1901564;6807;42440;44710;44699;44763;6783;6779;51188;44249;9058;33014;19438;44271;34641;18130;1901362;1901576;1901566;46148;44711;8495;4311;4659;16765;16740;3824;3674;5886;71944;16021;31224;44425	5115	4670	3352	1589	2982.5	4389	2627.5	6428.5	2264	334.5	1981	307.5	6227	1800.5	5034.5	3976.5	693.5	3121	3504.5	6632	4445	3311	5497.5	6379.5	68954.5	3.447.725
ORTHO004378	N-terminal nucleophile aminohydrolases (Ntn hydrolases) superfamily protein	AT4G31300	5774;44437;44444;44424;44464;5575;5623;5622;5737;44446;44422;43226;43229;5773;43231;43227;98588;31090;16020;98805;8233;16787;3824;3674;8152;8150;6508;19538;43170;71704;44238;6511;19941;51603;44257;30163;9057;1901575;9056;44265;44260;44237;9987;44248;44267;43632;5839;43234;32991;502;43161;10498;10363;80135;50794;50789;65007;80134;48583;45088;31347;50776;2682;43067;10941;5829;4175;70011;9651;6970;9628;50896;6950;10499;10043;10038;10035;42221;1990267	5116	4136	5237.5	5359	5938.5	7008.5	2032.5	917.5	7455	3240.5	8737.5	998	5740	3815.5	5523	6712.5	4346.5	3949	4205.5	7299	5170.5	4873	7048.5	2784	91856.5	4.592.825
ORTHO007640	HXXXD-type acyl-transferase family protein	AT5G23940	10090;904;902;32989;16043;71840;8150;9987;9653;32502;48856;48869;44767;44699;44763;48468;30154;10026;90558;9888;90626;9793;44702;22414;3006;9790;7275;44707;32501;48316;48608;61458;48731;9791;10154;16747;16746;16740;3824;3674;8152;5737;44424;44464;5575;5623;5622;5829;44444;10143;9059;43170;71704;1901576;9058;51179	5117	4949	4207	3297	5938.5	2358	6651.5	2838	4209	6480	4172	5295.5	5740	3283.5	3936.5	6712.5	6027	3580	2952.5	1486	7254	1466	1498	4898	80838	4041.9
ORTHO007340	unknown protein	AT1G63610	9507;9536;43231;43227;43226;5575;43229;44424;44464;5623;5622;44444;5737;3674;9570;9532;44435;44446;44422;44434;8150	5118	4839	4571.5	4025	2982.5	819.5	2328.5	6573	7325.5	2212.5	6763.5	1198.5	6731.5	1800.5	5413.5	6712.5	8387	2199.5	105	6860	4668.5	3609.5	4500.5	6732.5	84941.5	4.247.075
ORTHO005910	Aldolase superfamily protein	AT1G44318;AT1G69740	9507;9536;43231;43227;43226;5575;43229;44424;44464;5623;5622;44444;5737;6779;51188;51186;44237;8152;8150;9987;44249;9058;6778;33013;46483;6725;1901360;71704;1901564;6807;33014;19438;44271;34641;18130;1901362;1901576;1901566;4655;16836;16835;16829;3824;3674;9570;9532;44435;44446;44422;44434	5119	4070	4170.5	3222	5121	2214.5	7363	5813.5	6943.5	3637.5	6343	7822.5	4738	4244	3047.5	6712.5	2528.5	2199.5	3067.5	6397	3978	822	759.5	1825	80456.5	4.022.825
ORTHO004981	DOMON domain-containing protein / dopamine beta-monooxygenase N-terminal domain-containing protein	AT5G54830	5802;98791;44431;44444;44424;44464;5575;5623;5622;5737;44446;44422;43226;43229;5794;43231;43227;12505;31984;46872;43169;43167;5488;3674;5768;4497;16491;3824;8152;8150;55114;44710;44699	5120	3244	3642.5	2165	4356	4561.5	2528	1912	7455	3823.5	1810	998	5740	3815.5	3047.5	1606	8408	3949	4205.5	4169.5	864.5	4873	7048.5	2784	73599	3679.95
ORTHO007784	unknown protein	AT2G24970	51301;44763;9987;8150;44699;7067;280;48285;6996;16043;71840;1903047;22402;7049;278;1902589;8017;32403;44877;5488;3674;5515;15631;8092;7059;940;44427;44446;44422;5575;43226;44424;44464;5623;5622;43229;5694;43232;43228;43234;32991;777;776;775;98687;779;793;31110;70507;51493;33043;51128;50794;50789;65007;32886;5876;5874;44430;5856;15630;5819	5121	4954	5033.5	4946	2982.5	2005.5	3513	5957	5994	1028.5	2290	8132.5	3601	1800.5	5034.5	3976.5	5864.5	3949	6700.5	6467.5	6431	5789.5	5021	6210	89766	4488.3
ORTHO007826	Presenilin-1	AT1G08700	5887;31226;44459;44464;5575;5623;44425;16020;5886;71944;31224;16021;4175;70011;8233;16787;3824;3674;8152;8150;6508;19538;43170;71704;44238;43231;43227;43226;43229;44424;5622;5798;16023;31988;31982;31410;44444;5737;44431;44446;44422;5794;12505;35556;7165;50794;50789;65007;51716;9987;50896;7154;44763;44699;44700;23052;7219;7166	5122	3823	3244.5	1367	4356	1381.5	1068	2000	3046	8934.5	4827	1198.5	1352	5045.5	841.5	3976.5	9171.5	9083	2796	3288	635.5	621.5	601.5	7028	66896	3344.8
ORTHO007615	FUNCTIONS IN: molecular_function unknown	AT1G65020	5783;43231;43227;43226;5575;43229;44424;44464;5623;5622;44444;5737;12505;8150;3674;5886;16020;71944	5123	3625	5862.5	6602	2097	1227	7302.5	7084	2412.5	3564.5	8871	4111	1352	6764.5	6867.5	7782	5108	4507	948.5	8025.5	5061.5	6859.5	7774	3238	98860.5	4.943.025
ORTHO008018	Class I glutamine amidotransferase-like superfamily protein	AT4G34020	19243;61727;51596;9438;6081;71704;8152;8150;44763;9987;44699;44237;44710;42180;44281;46185;44712;9056;1901575;44248;42182;44282;6089;1901615;32787;19752;43436;6082;19172;16836;16835;16829;3824;3674;19249;1901617;1901576;9058;72330;46394;16053;44283;44711;44249;6357;6355;1903506;2001141;31326;9889;19222;50789;65007;31323;50794;51252;19219;80090;51171;60255;10556;10468;2000112;5829;44444;44424;44464;5575;5623;5622;5737;9658;9657;6996;16043;71840;9507;9536;43231;43227;43226;43229;70301;34614;302;6979;6950;50896;1901700;42221;34599;33554;51716;70887;1901701;42542;10035;3713;3712;989;988;5634;5739	5124	3316	6179.75	7235.5	4356	4865.5	3129.5	8901	2777	2059	3879	6651.5	1352	5175	551	6712.5	2415	7967.5	8886.5	8905.5	9009	8900	2630	8159	102925.5	5.146.275
ORTHO005030	10-formyltetrahydrofolate synthetase	AT1G50480	9396;9108;51188;51186;44237;8152;8150;9987;44249;9058;6732;42559;19438;6725;42558;46483;1901360;71704;1901564;6807;44271;34641;18130;1901362;1901576;1901566;43604;43603;1901607;1901605;6520;19752;43436;6082;44281;44710;44699;44763;44238;8652;46394;16053;44283;44711;6760;6575;42398;5886;16020;5575;44464;5623;71944;4329;16879;16874;3824;3674;48046;5576;46686;10038;10035;42221;50896;5524;35639;1901265;1901363;5488;97159;43168;43167;32559;30554;17076;166;36094;32555;32553;97367;32550;32549;1882;1883;9507;9536;43231;43227;43226;43229;44424;5622;44444;5737;35999;46653;6730;5507;46914;46872;43169;9735;9725;9719;10033;5829	5125	4224	6286.5	7448	5938.5	7430.5	2951	7084	4507	1318	2992.5	8166	6513.5	6764.5	7999	7782	8163	4673.5	7042	8214	1227	2837	1424	7453	104541.5	5.227.075
ORTHO003661	HD domain-containing metal-dependent phosphohydrolase family protein	AT5G40270;AT5G40290	5634;43231;43227;43226;5575;43229;44424;44464;5623;5622;6203;9155;9264;9262;1901135;71704;8152;8150;9117;6753;19637;6793;44237;9987;55086;6139;46483;6725;1901360;34641;6807;44238;44281;44710;44699;44763;6796;9166;1901292;44712;9056;46434;1901575;34655;19439;44248;44270;1901361;46700;1901136;6195;6163;72521;1901564;72523;1901565;9151;9394;19692;46386;9217;9146;9143;9141;9144;9204;9200;9215;46070;8832;16793;42578;16788;16787;3824;3674	5126	7772	5401.5	5677	6664	1926	4587.5	7656	3001.5	7012	7040	5517.5	4955.5	1184.5	2396.5	8358	6955.5	2558	5027.5	7692.5	7052	1228	1157	8159	93464.5	4.673.225
ORTHO004382	FKBP12 interacting protein 37	AT3G54170	5634;43231;43227;43226;5575;43229;44424;44464;5623;5622;381;48024;50684;1903311;51252;19219;80090;19222;50789;65007;8150;51171;31323;50794;60255;10468;43484;80009;1510;43414;44260;43170;71704;8152;44237;9987;32259;43412;9451;16070;90304;6139;46483;6725;1901360;34641;6807;44238;16556;16071;5515;5488;3674;9506;5911;30054;55044	5127	8160	5481.5	5836	7245.5	4179.5	5395	8414.5	3083	8934.5	7886	7392	4234	3461.5	1549	8358	8462.5	1406.5	4263.5	3600	3122.5	774.5	3986	5913	94415.5	4.720.775
ORTHO003106	exocyst complex component sec3A	AT1G47550;AT1G47560	5886;16020;5575;44464;5623;71944;6893;16482;46907;6810;51234;51179;8150;51649;51641;6892;48193;1902582;44765;1902578;44699;16192;145;44448;44444;44424;5622;5737;5938;43234;32991;5829;51601;34629;31503;8104;33036;34613;70727;6887;32940;46903;44763;9987;5546;1902936;1901981;35091;5543;8289;5488;3674;43168;43167;9524;5856;43232;43228;43226;43229;17049;17048;17016;31267;51020;19899;5515	5128	3026	2952.5	777	4356	1089	2080	1204.5	800	738	1810	1070.5	5740	3815.5	3047.5	1606	4252.5	3580	4113.5	7194	5061.5	4525.5	3902	3103.5	58733.5	2.936.675
ORTHO005973	CHY-type/CTCHY-type/RING-type Zinc finger protein	AT5G22920	8270;46914;46872;43169;43167;5488;3674;1902456;10119;50794;50789;65007;8150;5634;43231;43227;43226;5575;43229;44424;44464;5623;5622	5129	9004	6957.5	8786	9010.5	8560	8945.5	8064.5	5619	8934.5	8232.5	9026	2877.5	1184.5	5523	8737.5	7411.5	318	8458.5	5726.5	8153	1179	6040	9026	122017	6100.85
ORTHO009809	DNAJ heat shock N-terminal domain-containing protein	AT5G06410	16226;9058;8152;8150;31163;22607;16043;71840;9987;44085;6457;51087;5515;5488;3674;5739;43231;43227;43226;5575;43229;44424;44464;5623;5622;44444;5737	5130	5606	6850.5	8571	6534	6643.5	4587.5	6428.5	6379.5	2025.5	8232.5	5631.5	3733	8072	7667.5	5325.5	7664	4887	7435.5	8551.5	2313	7147.5	7404.5	6949.5	117079	5853.95
ORTHO009029	Heavy metal transport/detoxification superfamily protein	AT5G05365	46914;46872;43169;43167;5488;3674;46916;6875;55065;98771;50801;48878;42592;65008;65007;8150;55080;30003;6873;55082;19725;44763;9987;44699;55076;30001;6812;6811;44765;6810;51234;51179;1902578;5737;44424;44464;5575;5623;5622	5131	7444	5255.5	5380	6358.5	6313	4118.5	4734	5754	1709.5	7040	3983	7377.5	2711.5	2702.5	5325.5	4548.5	1780	7197.5	7576.5	5422.5	3374.5	5617	4678.5	91964	4598.2
ORTHO005769	splicing factor PWI domain-containing protein / RNA recognition motif (RRM)-containing protein	AT1G60200	6397;16071;16070;44260;43170;71704;8152;8150;44237;9987;90304;6139;46483;6725;1901360;34641;6807;44238;6396;10467;3676;1901363;5488;3674;97159;5886;16020;5575;44464;5623;71944;166;36094;1901265	5132	5090	6945	8758	2982.5	7959	7851	4670	1916	1540.5	8934.5	5877.5	8817.5	8916	5969	5325.5	1356.5	7446.5	8838	9090	3870	8706	5541.5	8744.5	121369.5	6.068.475
ORTHO007808	DNAJ heat shock N-terminal domain-containing protein	AT3G08970	5788;70013;43233;31974;5575;44422;43226;44446;44424;44464;5623;5622;43229;44432;44444;5737;5783;43231;43227;12505;34605;9408;9266;9628;50896;8150;6950;33554;51716;9987;9860;44702;22414;44699;904;902;32989;16043;71840;9653;32502;48856;48869;44767;44763;48468;30154;3006;48588;48589;40007;16049;9932;9826;60560;48868;9856;44703;51704;44706;32501;6457;9506;5911;30054;55044;16491;3824;3674;8152;55114;44710	5133	3852	5333	5533	4356	7499.5	2414	1709	8392	3069.5	7594	743.5	5740	4179	5254.5	6712.5	324.5	4253	4663	7692.5	6696	5213.5	7486	3103.5	92739.5	4.636.975
ORTHO003272	unknown protein	AT3G12590	9507;9536;43231;43227;43226;5575;43229;44424;44464;5623;5622;44444;5737;8150	5134	5166	4838.75	4543.5	6194	8723.5	1068	8868.5	3543	6785.5	3526	4018.5	6895.5	1800.5	5596.5	3976.5	450	5518	528	1391	3271	6920	7667.5	7028	87575.5	4.378.775
ORTHO003048	AMP-dependent synthetase and ligase family protein	AT3G48990	33611;43649;43648;19752;43436;6082;71704;8152;8150;44281;44710;44699;44763;9987;44237;46395;16054;44282;44712;9056;1901575;44248;33609;10214;3006;32502;22414;48856;48316;48608;61458;48731;7275;44767;44707;32501;44702;9791;10154;9570;9532;44435;44444;44424;44464;5575;5623;5622;5737;44446;44422;43226;43229;9536;43231;43227;44434;9507;48046;5576;16208;32559;30554;17076;166;36094;5488;3674;1901265;1901363;97159;32555;32553;97367;32550;32549;1882;1883;43168;43167;43169;5739;50203;16878;16877;16874;3824;9506;5911;30054;55044;46686;10038;10035;42221;50896;9735;9725;9719;10033;10030;48582;48580;2000026;50793;50789;65007;51239;51240;48518;51094;10029;1900140;5524;35639;50832;98542;6952;6950;51707;43207;9605;9607;51704;9620	5135	5518	4330	3525	2982.5	3859	2703	1426	1954.5	1709.5	1623	8284.5	6731.5	1800.5	5413.5	5325.5	6648.5	3580	1359	8397.5	723.5	6429	7335	6801.5	82104.5	4.105.225
ORTHO006944	SCAMP family protein	AT1G32050	30658;30659;12506;31090;16020;5575;44422;43226;43227;31988;31982;44433;44444;44424;44464;5623;5622;5737;44446;43229;31410;16023;43231;98588;98805;30133;12505;5794;22857;5215;3674;6810;51234;51179;8150;55085;44763;9987;44699;44765;1902578;15031;45184;8104;33036;71702;5886;71944;5739;16021;31224;44425	5136	6223	5122	5108	7245.5	6023.5	8162.5	5698.5	4953	4927.5	1810	3983	5740	1800.5	4462	3976.5	831.5	3121	5851	7194	5422.5	5603	5407	5601	90568	4528.4
ORTHO001831	Bifunctional inhibitor/lipid-transfer protein/seed storage 2S albumin superfamily protein	AT3G53980;AT5G05960	5576;5575;6869;44765;6810;51234;51179;8150;1902578;44699;71702;10876;33036;8289;5488;3674	5137	6669	5339	5541	7662	5090	8022.5	4826.5	4275	8168.5	6343	7870.5	7377.5	2711.5	2702.5	5325.5	4191.5	1780	4548.5	6240	1311.5	3374.5	3930	4678.5	92767.5	4.638.375
ORTHO003235	Polynucleotide adenylyltransferase family protein	AT1G28090;AT3G48830;AT5G23690	6396;16070;44260;43170;71704;8152;8150;44237;9987;90304;6139;46483;6725;1901360;34641;6807;44238;10467;16779;16772;16740;3824;3674;5739;43231;43227;43226;5575;43229;44424;44464;5623;5622;44444;5737;3723;3676;1901363;5488;97159;9506;5911;30054;55044;4652;70566;166;36094;1901265	5138	7257	6412.5	7687	7947.5	7658.5	3863.5	5213.5	4953	2814	7734.5	2467.5	8094	2711.5	3936.5	5325.5	5685	3121	7901.5	8551.5	7166	5213.5	8026.5	5806	106243	5312.15
ORTHO009175	P-loop containing nucleoside triphosphate hydrolases superfamily protein	AT1G12770	9663;45216;34330;16043;71840;8150;9987;44763;44699;10501;16070;44260;43170;71704;8152;44237;90304;6139;46483;6725;1901360;34641;6807;44238;3724;4386;17111;16462;16818;16817;16787;3824;3674;4004;8186;42623;16887;8026;70035;10497;10496;6810;51234;51179;9507;9536;43231;43227;43226;5575;43229;44424;44464;5623;5622;44444;5737;5739;9793;44702;22414;3006;32502;9790;44767;48856;7275;44707;32501;48316;48608;61458;48731;9791;10154	5139	6258	5727.5	6316	7245.5	6085.5	8162.5	5698.5	6584	2284	7382.5	8051	1352	2711.5	3521.5	3976.5	831.5	4253	6185.5	7408.5	5637	5603	5541.5	5806	97075.5	4.853.775
ORTHO008921	GLU-ADT subunit B	AT1G48520	9570;9532;44435;44444;44424;44464;5575;5623;5622;5737;44446;44422;43226;43229;9536;43231;43227;44434;9507;50567;16884;16879;16874;3824;3674;8152;8150;5524;35639;1901265;1901363;5488;97159;43168;43167;32559;30554;17076;166;36094;32555;32553;97367;32550;32549;1882;1883;6424;6418;43039;6399;34660;16070;44260;43170;71704;44237;9987;90304;6139;46483;6725;1901360;34641;6807;44238;43038;6520;1901564;19752;43436;6082;44281;44710;44699;44763;6412;43043;43604;43603;44271;44249;9058;6518;1901566;1901576;44267;19538;34645;9059;10467;5739;16740	5140	5348	4748	4356	2982.5	2170	6781.5	5698.5	6584	5600	3136.5	3686.5	5740	1800.5	5034.5	3976.5	6298	3121	5851	4925	5637	3609.5	1979	5041.5	86670.5	4.333.525
ORTHO009341	Major facilitator superfamily protein	AT1G64890	16021;31224;44425;5575;16020;9507;9536;43231;43227;43226;43229;44424;44464;5623;5622;44444;5737;6810;51234;51179;8150;5215;3674	5141	4722.5	6735.5	8330	2982.5	7241	2951	2392	7748	1155	2809.5	3034.5	7498	8316	7999	7782	5561	4982.5	5851	8214	6578.5	7147.5	8026.5	7543.5	112830.5	5.641.525
ORTHO006770	S-adenosyl-L-methionine-dependent methyltransferases superfamily protein	AT5G14600	31515;43527;34708;1990234;1902494;43234;32991;5575;44424;44464;5623;5622;44444;5737;30488;1510;43414;44260;43170;71704;8152;8150;44237;9987;32259;43412;9451;16070;90304;6139;46483;6725;1901360;34641;6807;44238;6400;8033;34470;34660;6396;10467;6399;5634;43231;43227;43226;43229;16429;16426;8757;8168;16741;16740;3824;3674;8175;8173	5142	5307	5229.5	5317	2982.5	5642	3960	5957	5028	2832.5	2290	3422.5	6071.5	1800.5	4705.5	3976.5	5864.5	3750.5	6700.5	5400	6180.5	5924	6040	6057.5	91603.5	4.580.175
ORTHO006086	CONTAINS InterPro DOMAIN/s: Histone chaperone domain CHZ (InterPro:IPR019098)	AT1G44780;AT4G08310	8150;5634;43231;43227;43226;5575;43229;44424;44464;5623;5622;3674	5143	3572	6778	8413	4356	8296	6630.5	2796	8734	4224.5	3749	5053	1352	5279.5	638	6712.5	8026.5	7776.5	8907	1509.5	8828	8970.5	9005	7543.5	114031.5	5.701.575
ORTHO004224	trithorax-like protein 2	AT1G05830;AT2G31650	6355;1903506;2001141;31326;9889;19222;50789;65007;8150;31323;50794;51252;19219;80090;51171;60255;10556;10468;2000112;5634;43231;43227;43226;5575;43229;44424;44464;5623;5622;3677;3676;1901363;5488;3674;97159;51568;34968;16571;6479;43414;44260;43170;71704;8152;44237;9987;32259;43412;8213;6464;36211;19538;44238;44267;16570;16569;16568;6325;43933;16043;71840;51276;6996;1902589;44763;44699;44710;18022;18205;18193;8270;46914;46872;43169;43167;42800;18024;16279;16278;8170;8168;16741;16740;3824;8757;8276;42054;9909;48580;2000026;50793;51239;48831;2000241;35556;7165;51716;50896;7154;44700;23052;10093;44702;22414;3006;32502;10092;3002;7389;44767;44707;32501;7275;48645;48646;9653;48856;9887;48513;48731;48449;48444;48563;9886;9791;48569;48437;9908;90567;48608;61458;48367;44212;975;1067;10314;1901981;35091;5543;8289;43168;5737;5886;16020;71944	5144	6890	6259	7374	7947.5	4123	9102.5	1426	5994	5293	7886	6929	8205.5	2711.5	4462	5325.5	6027	3121	4756.5	757.5	7636	5789.5	8247	6210	104002.5	5.200.125
ORTHO005269	nuclear fusion defective 6	AT2G20585	3674;5739;43231;43227;43226;5575;43229;44424;44464;5623;5622;44444;5737;10197;741;48284;6996;16043;71840;8150;9987;6997;9559;30154;48869;44767;32502;44699;44763;9561;44707;32501;9553;48229;7275;48856;9507;9536	5145	8125	6318.5	7492	8300.5	7363.5	2414	8102.5	5619	3757.5	7382.5	8763	1352	906.5	3047.5	5325.5	6825	867.5	5851	8214	8019	4970.5	7818	8258.5	104857	5242.85
ORTHO005094	Nucleic acid-binding proteins superfamily	AT1G71720	3723;3676;1901363;5488;3674;97159;9507;9536;43231;43227;43226;5575;43229;44424;44464;5623;5622;44444;5737;5840;30529;32991;43232;43228	5146	2814	2597.5	49	4356	4404	1410	765	702.5	4772	5093.5	109.5	3808.5	138	136.5	1202.5	2732	261.5	29	2230.5	2214.5	398.5	1004	240.5	31652.5	1.582.625
ORTHO003424	unknown protein	AT3G05570;AT4G39235	3674;8150;5634;43231;43227;43226;5575;43229;44424;44464;5623;5622	5147	5067	5433.5	5720	2982.5	8686	2881	2250	7183.5	5978.5	1623	3218	6731.5	1800.5	5596.5	3976.5	6549	3121	257	8397.5	7568	6182.5	4927.5	6732.5	93660	4683
ORTHO005392	sec34-like family protein	AT1G73430	5794;43231;43227;43226;5575;43229;44424;44464;5623;5622;44444;5737;12505;7030;6996;16043;71840;8150;9987;10256;5829;6891;48193;1902582;46907;6810;51234;51179;51649;51641;44765;1902578;44699;16192	5148	5393	5258	5368	2982.5	2776	3758	5213.5	4953	7967.5	7040	3686.5	5740	1800.5	4462	3976.5	5108	3121	3653	7080	5422.5	5603	5322	5222.5	91905.5	4.595.275
ORTHO007650	phosphatidate cytidylyltransferase family protein	AT3G45040	16310;6796;6793;44237;8152;8150;9987;5789;98588;31090;16020;5575;44422;43226;43227;44432;44444;44424;44464;5623;5622;5737;44446;43229;5783;43231;12505;44425;42175;6486;44763;44699;6464;36211;19538;43170;71704;44238;43412;44267;44260;43413;70085;44723;5975;44710;9101;9100;1901135;34645;9059;1901576;9058;44249;1901137;10483;51703;51704;9856;44703;22414;44706;32501;4168;16301;16772;16740;3824;3674;16773;8654;6644;19637;44255;6629;90407;8610;44711;16021;31224;9555;48229;7275;44767;32502;44707;48856;4605;70567;16779	5149	5117	5351.5	5554	6100.5	2005.5	3513	1547.5	8101	6308	2809.5	3578.5	3566	1800.5	4705.5	3976.5	8637.5	3949	6327	6467.5	8019	5789.5	5762.5	5957	92820.5	4.641.025
ORTHO006714	Inositol monophosphatase family protein	AT5G63980	9570;9532;44435;44444;44424;44464;5575;5623;5622;5737;44446;44422;43226;43229;9536;43231;43227;44434;9507;80141;42304;19217;10565;31323;50794;50789;65007;8150;19222;19216;80090;31326;9889;46890;80140;48573;9648;9416;9314;9628;50896;10228;3006;32502;22414;48608;48856;61458;48731;7275;44767;44699;44707;32501;9791;5739;5634;6790;44237;8152;9987;9414;9415;1101;42221;10035;1901700;6950;9738;9755;7165;51716;7154;44763;44700;23052;32870;9725;9719;10033;71495;71310;70887;71215;9737;33993;97305;71396;97306;1901701;71229;9968;9966;10646;48583;23051;48585;48519;10648;48523;23057;8441;8252;16791;42578;16788;16787;3824;3674;16311;6796;6793;50826;9409;9266;9651;6970;48015;48017;35556;5829;51512;48639;45927;48518;40008;51094;50793;48638;30307;1558;51128;48522;51130;51510;22604;22603;6401;44265;44260;43170;71704;9057;1901575;9056;44248;16070;90304;6139;46483;6725;1901360;34641;6807;44238;34655;19439;44270;1901361;46700;45892;1903507;1903506;2001141;51252;19219;51171;60255;10556;1902679;51253;10605;9892;45934;51172;31324;31327;9890;10558;10629;10468;6355;2000112;2000113;10587;10586;34660;34661;4441;16312;52745;43157	5150	3584	3785.5	2421	2097	8787	3129.5	6428.5	6225	7094.5	2290	1779	1352	3815.5	3047.5	6712.5	562	2199.5	122.5	6632	4445	3374.5	5497.5	2046	75540	3777
ORTHO001657	Putative glycosyl hydrolase of unknown function (DUF1680)	AT5G12950;AT5G12960	3824;3674;8152;8150;5773;43231;43227;43226;5575;43229;44424;44464;5623;5622;44444;5737;9505;5618;30312;71944;5576;46556;4553;16798;16787;46373;19566;19321;5996;44723;5975;71704;44238;44710;44699;44281	5151	4081	5432.5	5714	5196	8382	7923	3021	3425	7782	4670.5	7519	8380	5673.5	1063	2914	2253.5	8438.5	2179.5	7871	2848	6952	1094.5	1243	93633	4681.65
ORTHO007144	Zn-dependent exopeptidases superfamily protein	AT1G67420	8237;70011;8233;16787;3824;3674;8152;8150;6508;19538;43170;71704;44238	5152	4421	3987	2822	5938.5	1227	6542.5	2903.5	6379.5	2988	3879	4566	5740	3815.5	3936.5	6712.5	8117.5	4507	888	4527	2123	1778.5	2437.5	4898	77966.5	3.898.325
ORTHO008003	Nucleotidylyl transferase superfamily protein	AT5G08340;AT5G23330	3919;70566;16779;16772;16740;3824;3674;8152;8150;6747;46443;72387;6732;51186;44237;9987;42726;46483;1901360;71704;34641;6807;1901564;9117;6753;19637;6793;55086;6139;6725;44238;44281;44710;44699;44763;6796;72388;9108;51188;44249;9058;9165;1901293;90407;1901576;34654;19438;44271;18130;1901362;44711;42727;1901566;16310;5524;35639;1901265;1901363;5488;97159;43168;43167;32559;30554;17076;166;36094;32555;32553;97367;32550;32549;1882;1883;9507;9536;43231;43227;43226;5575;43229;44424;44464;5623;5622;44444;5737;16301;5634	5153	6157	4140	3127	7245.5	1658.5	4528.5	5348	5144	8319	6343	5543	5066	1800.5	2702.5	3976.5	1266	1780	4548.5	6240	4226.5	3754	3339	4291.5	79875	3993.75
ORTHO000921	Coatomer; alpha subunit	AT1G62020;AT2G21390	30126;30120;30117;98796;43234;32991;5575;44425;16020;44444;44424;44464;5623;5622;5737;48475;44433;44446;44422;43226;43229;31410;31982;30662;30659;12506;31090;43227;31988;16023;43231;98588;98805;30135;44431;5794;12505;30663;30660;139;5798;30137;80008;31461;151;1990234;1902494;5829;6888;16482;46907;6810;51234;51179;8150;51649;51641;48193;1902582;44765;1902578;44699;16192;6886;15031;45184;8104;33036;71702;34613;70727;5886;71944;5198;3674;6891;5215;6890	5154	5549	4177.75	3201.5	6857.5	1907.5	4698	3136.5	8541.5	4831.5	2809.5	4351.5	3736	8072	8593.5	2821	8107.5	1780	5027.5	5215.5	2381.5	1695	689	1906.5	80301	4015.05
ORTHO006399	unknown protein	AT3G49990	3674;8150;5634;43231;43227;43226;5575;43229;44424;44464;5623;5622	5155	5716	6906	8657	2982.5	5211.5	8474	2985.5	7455	8319	3831.5	5741.5	3684	7909	7582.5	6712.5	6549	4595	7644	5887	5779	6952	7048.5	6732.5	119093	5954.65
ORTHO006872	Nucleotide-diphospho-sugar transferases superfamily protein	AT1G53000	9860;44702;22414;8150;44699;904;902;32989;16043;71840;9987;9653;32502;48856;48869;44767;44763;48468;30154;3006;48588;48589;40007;16049;9932;9826;60560;48868;9856;44703;51704;44706;32501;33468;9226;1901137;1901135;71704;8152;1901576;9058;9225;6139;46483;44237;6725;1901360;34641;6807;44238;34654;19438;44249;44271;18130;1901362;33467;5829;44444;44424;44464;5575;5623;5622;5737;8690;70567;16779;16772;16740;3824;3674;31307;31306;98573;31300;44422;43226;31224;44425;16020;31090;43227;44455;44429;44446;43229;5739;43231;31966;5740;31967;31975;5741;31968;19867;98805;98588;32592;31301;16021;9555;48229;7275;44707;9103;33692;271;5976;5975;43170;16051;44723;44710;44711;9059;34637;44262;44264;44260;34645;8653;1903509;6629;44255;8610	5156	3074	5756.5	6357	2097	2385.5	6099.5	2838	6379.5	7064	3792.5	7988.5	5740	6455	6867.5	7782	4252.5	4507	3585.5	920	4519	6340.5	7048.5	2699.5	97264.5	4.863.225
ORTHO009181	YbaK/aminoacyl-tRNA synthetase-associated domain	AT1G44835	5829;44444;44424;44464;5575;5623;5622;5737;2161;52689;16788;16787;3824;3674;8152;8150;6450;6448;6417;10608;10468;60255;19222;50789;65007;32268;51246;80090;31323;50794;34248;51171;2000112;31326;9889;10556;65008;4812;16876;16875;16874	5157	4750	4380	3603	5938.5	3406.5	5817	5813.5	7046.5	7064	3917	7734	3279.5	1800.5	2702.5	6712.5	8269	1921.5	188	3165	3454.5	2213.5	3702.5	4291.5	82499	4124.95
ORTHO004213	mevalonate diphosphate decarboxylase 1	AT2G38700;AT3G54250	42803;42802;5515;5488;3674;46983;5524;35639;1901265;1901363;97159;43168;43167;32559;30554;17076;166;36094;32555;32553;97367;32550;32549;1882;1883;4163;16831;16830;16829;3824;8152;8150;5829;44444;44424;44464;5575;5623;5622;5737;19287;6084;6637;6732;51186;44237;9987;35383;71704;6790;6793;9240;46490;6644;19637;44255;6629;44710;44699;44238;44763;6796;8654;90407;1901576;9058;8610;44711;44249;8299;6720	5158	4141	4983.5	4809	5121	6898	2080	6741	7455	3350	1312.5	998	5740	3815.5	5413.5	6712.5	4252.5	3580	4113.5	7299	5061.5	4709	6854	2699.5	89085	4454.25
ORTHO002871	Basic-leucine zipper (bZIP) transcription factor family protein	AT5G44080	6355;1903506;2001141;31326;9889;19222;50789;65007;8150;31323;50794;51252;19219;80090;51171;60255;10556;10468;2000112;3700;1071;3674;5634;43231;43227;43226;5575;43229;44424;44464;5623;5622;43565;3677;3676;1901363;5488;97159	5159	6648	5408	5657	7662	2260.5	4341	5077	4323	7298.5	5873	4566	7743	2711.5	3721.5	3976.5	4761	3121	5347.5	7299	5265	5308.5	5171.5	5222.5	93387.5	4.669.375
ORTHO006327	pseudouridine synthase and archaeosine transglycosylase (PUA) domain-containing protein	AT1G09150	5829;44444;44424;44464;5575;5623;5622;5737;3723;3676;1901363;5488;3674;97159;8150	5160	4144	4688	4216	5938.5	4496	7798	6741	1042.5	6081	6763.5	1198.5	5338.5	3815.5	5413.5	6712.5	4135	3580	4016	4809.5	268.5	4471.5	6709	2575	85965	4298.25
ORTHO007798	unknown protein	AT4G38100	9535;55035;42651;34357;16020;5575;44436;44424;44464;5623;5622;9579;44435;44444;5737;44446;44422;43226;43229;9536;43231;43227;31976;31984;44434;9507;9534;16021;31224;44425	5161	3792	3958.5	2756	4356	8775	7463	1114.5	702.5	4818	8820	790	1352	3815.5	4842.5	6712.5	4666	3121	154	4331	864.5	5059	7156	3005.5	77562.5	3.878.125
ORTHO007643	HIT-type Zinc finger family protein	AT5G37055	5634;43231;43227;43226;5575;43229;44424;44464;5623;5622;30154;48869;44767;32502;8150;44699;44763;9987;5515;5488;3674;46872;43169;43167;42742;9617;51707;43207;9605;50896;9607;51704;98542;6952;6950;9908;90567;48608;3006;22414;48856;61458;48731;7275;44707;32501;44702;9791;48367;48638;50793;50789;65007;40008;42802;16607;16604;44451;44428;44446;44422;5654;31981;70013;43233;31974;9909;48580;2000026;51239;48831;2000241	5162	5685	6829.5	8497	6534	1594	8843	7331	2367.5	1893	2539	3422.5	1352	8511.5	8240.5	5325.5	7378	5944.5	8458.5	8987	8663	8260	8593.5	8092	115796	5789.8
ORTHO004719	sequence-specific DNA binding	AT4G03090	60195;60194;6355;1903506;2001141;31326;9889;19222;50789;65007;8150;31323;50794;51252;19219;80090;51171;60255;10556;10468;2000112;45892;1903507;1902679;51253;10605;9892;48519;45934;51172;31324;48523;31327;9890;10558;10629;2000113;5730;44428;44446;44422;5575;43226;44424;44464;5623;5622;43229;5634;43231;43227;43232;43228;31981;70013;43233;31974;3697;43566;3677;3676;1901363;5488;3674;97159;5739;44444;5737	5163	4221	7074.5	8986	5938.5	7834.5	7872	7762	2412.5	6934	8770	6240	8306	5523.5	867	3976.5	8849	7219.5	8894	9047	7786.5	8148	2965	8795.5	128202.5	6.410.125
ORTHO007135	para-aminobenzoate (PABA) synthase family protein	AT2G28880	46654;9396;9108;51188;51186;44237;8152;8150;9987;44249;9058;6732;42559;19438;6725;42558;46483;1901360;71704;1901564;6807;44271;34641;18130;1901362;1901576;1901566;43604;43603;1901607;1901605;6520;19752;43436;6082;44281;44710;44699;44763;44238;8652;46394;16053;44283;44711;6760;6575;42398;46653;46417;43648;8153;9073;9072;46482;42537;32787;72330;46656;43650;42364;6767;6766;9110;46655;9793;44702;22414;3006;32502;9790;44767;48856;7275;44707;32501;48316;48608;61458;48731;9791;10154;6541;9064;16833;16830;16829;3824;3674;9507;9536;43231;43227;43226;5575;43229;44424;44464;5623;5622;44444;5737;46820;8483;16769;16740	5164	3999	4920.5	4677	5748	6679.5	7422	2000	8509.5	1970.5	1981	212.5	5338.5	3815.5	3265	6712.5	4135	3121	3977	6960	4833.5	4169	6467.5	6732.5	88302	4415.1
ORTHO006273	S-adenosyl-L-methionine-dependent methyltransferases superfamily protein	AT4G33110;AT4G33120	5774;44437;44444;44424;44464;5575;5623;5622;5737;44446;44422;43226;43229;5773;43231;43227;98588;31090;16020;98805;5886;71944;8168;16741;16740;3824;3674;8152;8150;32259;30794;8757	5165	3431	3479	1793	2097	1500	7698.5	5698.5	6584	4023	2992.5	2553.5	3212	3815.5	2396.5	6712.5	8431	2199.5	3233.5	4169.5	864.5	1566.5	1453	1735.5	70839.5	3.541.975
ORTHO002591	Thioesterase/thiol ester dehydrase-isomerase superfamily protein	AT2G30720;AT5G48370	5739;43231;43227;43226;5575;43229;44424;44464;5623;5622;44444;5737;16788;16787;3824;3674;8152;8150;16853;47617;16289;16790;9507;9536;5777;42579	5166	2423	3164	1162	4356	22	624.5	3147.5	2570.5	8934.5	4410	181.5	4095.5	8825.5	5856	7782	9026.5	1210.5	76	920	1889.5	454.5	479	4060.5	64566	3228.3
ORTHO008552	tetraspanin2	AT2G19580	9507;9536;43231;43227;43226;5575;43229;44424;44464;5623;5622;44444;5737;7568;44767;32502;8150;44699;16021;31224;44425;16020;3674	5167	8494	6066.5	6966	8471	6023.5	2528	7762	5754	5953	6763.5	7392	4865.5	906.5	2163.5	8358	5685	663.5	6327	5781.5	6431	3222.5	6854	7656.5	101090.5	5.054.525
ORTHO009420	unknown protein	AT3G21400	5739;43231;43227;43226;5575;43229;44424;44464;5623;5622;44444;5737;32981;97031;70271;44085;71840;8150;33108;43623;6461;65003;43933;16043;9987;22607;71822;34622;7005;6996;10257;3674	5168	4761	3886	2604	2982.5	8240.5	6021	5348	5144	7064	5726.5	4566	3313	2711.5	3265	6712.5	3167.5	1568.5	299	1426	3391.5	1656	2696.5	4413.5	76730.5	3.836.525
ORTHO002032	serine carboxypeptidase-like 51	AT2G27920	6508;19538;43170;71704;8152;8150;44238;4185;4180;8238;70011;8233;16787;3824;3674;70008;8236;17171;5576;5575	5169	6060	5962	6755	6857.5	7677.5	3327	5698.5	5028	3838	2290	3422.5	6071.5	1800.5	4705.5	5325.5	5864.5	3949	6700.5	7871	7786.5	6266	6040	6057.5	99719.5	4.985.975
ORTHO005981	RNA-binding (RRM/RBD/RNP motifs) family protein	AT2G21440	3723;3676;1901363;5488;3674;97159;166;36094;1901265;5634;43231;43227;43226;5575;43229;44424;44464;5623;5622	5170	5141	5390.5	5611	6100.5	6529	3327	5957	6823.5	1462	2402	3422.5	6071.5	1800.5	4705.5	3976.5	5864.5	3580	6531	6467.5	6180.5	5924	6040	6057.5	93122	4656.1
ORTHO005371	NA	NA	NA	5171	7700	5873	6575	6664	8919.5	5303	7935.5	4865	7722.5	6173.5	4841.5	7121	2711.5	2396.5	8358	4408.5	1538.5	2532.5	4169.5	5265	3374.5	6467.5	4541	98644.5	4.932.225
ORTHO002162	Calcium-dependent lipid-binding (CaLB domain) family protein	AT1G63220	8150;5737;44424;44464;5575;5623;5622	5172	7268	6561	7950	5439	6643.5	8889.5	8348	8509.5	1876	3526	5096	6227	6247	7737.5	2821	8604.5	1210.5	8435	7871	3942	6340.5	4257.5	2003.5	108585.5	5.429.275
ORTHO006679	ENTH/VHS/GAT family protein	AT5G63640	5634;43231;43227;43226;5575;43229;44424;44464;5623;5622;5886;16020;71944;5795;98791;44431;44444;5737;44446;44422;5794;12505;31984;6886;15031;45184;51234;51179;8150;8104;33036;71702;6810;46907;51649;51641;34613;70727;8565;22892;5215;3674;6891;48193;1902582;44765;1902578;44699;16192	5173	5970	3526.5	1880	6664	1777	1954	8348	5754	8934.5	1483.5	4566	1352	5596	5523	3976.5	9160.5	5824	4263.5	1426	85	146	71	1473	71713.5	3.585.675
ORTHO007731	heat shock protein 21	AT4G27670	9507;9536;43231;43227;43226;5575;43229;44424;44464;5623;5622;44444;5737;9408;9266;9628;50896;8150;6950;9644;9642;9416;9314;42542;302;6979;1901700;42221;10035	5174	5150	4651.5	4129	2982.5	1227	2414	2322	8259	1709.5	1981	3218	6617.5	2711.5	5413.5	3976.5	8269	3949	7042	6860	7386	4308.5	1306.5	6553	85523.5	4.276.175
ORTHO008287	myosin heavy chain-related	AT5G07890;AT5G61200	5737;44424;44464;5575;5623;5622;8150;5634;43231;43227;43226;43229;3674;5515;5488	5175	5290	6998	8821	6194	6986.5	5303	7192	3352.5	1604.5	1483.5	6998.5	7189	8210.5	7737.5	5325.5	7006	7571	8152.5	7986	8711.5	7441	7818	7120	123189	6159.45
ORTHO009831	RING/U-box superfamily protein	AT1G14180	8150;5634;43231;43227;43226;5575;43229;44424;44464;5623;5622;16829;3824;3674;8152;8270;46914;46872;43169;43167;5488;5576	5176	5400	6855.5	8535	6358.5	7278	9046.5	3123	7978	6785.5	4121.5	7432	8205.5	5762	1209.5	3976.5	2351.5	6590	8485.5	7747	8300	7937	2079	8062	116470	5823.5
ORTHO005418	Ran BP2/NZF zinc finger-like superfamily protein	AT1G67325	9507;9536;43231;43227;43226;5575;43229;44424;44464;5623;5622;44444;5737;8270;46914;46872;43169;43167;5488;3674;8150	5177	7382	5724	6271	6358.5	6986.5	6890	4964	1625	2425	7382.5	4239	7743	2711.5	3521.5	8358	4942.5	2199.5	5851	5002	6431	4067	6194.5	5222.5	96756	4837.8
ORTHO000325_3	Major facilitator superfamily protein	AT5G19640	5886;16020;5575;44464;5623;71944;16021;31224;44425;6857;15833;42886;71705;6810;51234;51179;8150;44765;1902578;44699;71702;5215;3674	5178	4503	5010.5	4843	2982.5	1089	5303	6264	5071	2721	6763.5	1198.5	1352	1800.5	5413.5	6712.5	6648.5	3121	7281	3976	4833.5	6429	6467.5	6801.5	89246.5	4.462.325
ORTHO002956	organic cation/carnitine transporter4	AT3G20660	16021;31224;44425;5575;16020;42631;31668;51716;9987;8150;50896;71496;9605;7154;44763;44699;9991;71462;71214;9628;9415;1101;42221;10035;1901700;71229;70887;1901701;9414;6950;33554;9705;5774;44437;44444;44424;44464;5623;5622;5737;44446;44422;43226;43229;5773;43231;43227;98588;31090;98805;325;5351;5402;15294;15293;15291;22804;22857;5215;3674;6810;51234;51179;55085;44765;1902578;8324;15075;22891;22892;34220;6811;98655;6812;51119;15144;1901476;8643;71702;34219;15295;15992;15672;6818;9535;55035;42651;34357;44436;9579;44435;9536;31976;31984;44434;9507;9534;5886;71944	5179	4083	6390	7601	2375	5833.5	5997.5	3301	3632	6401	4815.5	6001.5	5740	6601.5	7667.5	7782	7840	7295.5	8031	2610.5	7489.5	3222.5	2104	3179.5	105545.5	5.277.275
ORTHO005676	Undecaprenyl pyrophosphate synthetase family protein	AT1G11755	19408;16094;46165;1901617;1901615;71704;8152;8150;1901576;9058;44283;44281;44710;44699;44711;6066;8299;6720;44255;6629;44238;44763;9987;44237;8610;44249;16093;19348;9414;9415;9628;50896;1101;42221;10035;1901700;6950;30968;7165;50794;50789;65007;51716;7154;44700;23052;34976;33554;34620;6986;35966;10033;35967;71310;70887;9645;9642;9416;9314;6487;6486;6464;36211;19538;43170;43412;44267;44260;43413;70085;44723;5975;9101;9100;1901135;34645;9059;1901137;45547;4659;16765;16740;3824;3674	5180	5547	5439.5	5699	6478.5	6529	4928.5	2392	6943.5	1800	6343	6797	6071.5	1800.5	5034.5	3976.5	5764.5	3580	6389	5519.5	2021	5789.5	5826.5	6057.5	93563.5	4.678.175
ORTHO007890	OTU-like cysteine protease family protein	AT1G50670	8233;16787;3824;3674;8152;8150;6508;19538;43170;71704;44238;5829;44444;44424;44464;5575;5623;5622;5737;8234;70011	5181	3713	6634	8087	4356	7390	7562.5	7084	2804.5	2976	3269.5	2729	3793	6764.5	6969.5	7782	5561	5101.5	6265.5	8214	6696	7202	8115.5	3721	110001	5500.05
ORTHO009476	scarecrow-like transcription factor 11 (SCL11)	AT5G59460	176;44428;44446;44422;5575;43226;44424;44464;5623;5622;43229;5634;43231;43227;178;43234;32991;31981;70013;43233;31974;3674;460;6364;34470;34660;16070;44260;43170;71704;8152;8150;44237;9987;90304;6139;46483;6725;1901360;34641;6807;44238;6396;10467;16072;42254;22613;44085;71840	5182	6317	5194	5206	7245.5	4675.5	7158.5	5213.5	7183.5	7782	5973.5	5741.5	7031	3283.5	2396.5	3976.5	4054.5	2199.5	4113.5	5726.5	3870	3374.5	3100.5	4174.5	91029	4551.45
ORTHO005786	basic helix-loop-helix (bHLH) DNA-binding superfamily protein	AT4G00050	3677;3676;1901363;5488;3674;97159;6351;34645;44260;43170;71704;8152;8150;44237;9987;9059;1901576;9058;44249;97659;32774;16070;90304;6139;46483;6725;1901360;34641;6807;44238;34654;19438;44271;18130;1901362;10467;5634;43231;43227;43226;5575;43229;44424;44464;5623;5622;6355;1903506;2001141;31326;9889;19222;50789;65007;31323;50794;51252;19219;80090;51171;60255;10556;10468;2000112;9506;5911;30054;55044;46983;5515;3700;1071;9567;9566;44702;22414;44699;19953;44703;51704;3	5183	4065	6958	8733	5938.5	7241	3758	2545	7325.5	6259.5	2809.5	8795.5	6513.5	6764.5	7017.5	7782	5561	4982.5	5851	8214	6578.5	7147.5	8026.5	7543.5	120716	6035.8
ORTHO007117	DNAJ heat shock family protein	AT5G25530	6457;9987;8150;5737;44424;44464;5575;5623;5622;51082;5515;5488;3674	5184	4360	3681	2178	5284	4332	2881	6652	8331	5444	2992.5	1732	4355	3497	6092	2914	763	5944.5	3691	5277	3185.5	1735	3299.5	571.5	73689.5	3.684.475
ORTHO001169	myo-inositol oxygenase 1	AT1G14520;AT2G19800;AT4G26260;AT5G56640	55114;44710;8152;8150;44699;50113;16701;16491;3824;3674;5737;44424;44464;5575;5623;5622;19310;44724;44712;9056;44723;5975;71704;44238;16052;1901575;46174;46164;1901616;1901615;44282;44281;6066;19751;44275;44262;44237;9987;44248;6020;44763;6949;44767;32502;48646;9653;48856;19853;46394;16053;6082;44283;44711;9058;1901576;44249;19752;43436;46364;5996;16051;42364;6767;6766;9110;19852;5506;46914;46872;43169;43167;5488	5185	8745	6652	8119	8678	7583.5	8793	7588.5	2390.5	4629	8514	2230.5	5066	590	2163.5	8925	6409	1260.5	8121	7299	8496	3026	8202.5	8998.5	110286	5514.3
ORTHO007564	Putative adipose-regulatory protein (Seipin)	AT5G16460	8150;3674;5575	5186	5059	4437.75	3689.5	5938.5	4693.5	8038	5439.5	5994	7247	5726.5	5191.5	5467.5	1800.5	3521.5	3976.5	191	2558	3039	5519.5	800.5	4612.5	4451.5	4678.5	82946.5	4.147.325
ORTHO003288	PLC-like phosphodiesterases superfamily protein	AT4G38690	8081;42578;16788;16787;3824;3674;8152;8150;6629;71704;44710;44699;44238;5576;5575	5187	6950	6661	8135	7947.5	5090	7744.5	5213.5	6584	3205.5	7734.5	2467.5	7963	2711.5	3936.5	8358	5561	3121	6531	8478	7052	5132.5	7946.5	5601	110431.5	5.521.575
ORTHO004995	no exine formation 1	AT5G13390	9507;9536;43231;43227;43226;5575;43229;44424;44464;5623;5622;44444;5737	5188	4538	4642.5	4097	5938.5	994.5	1789.5	1547.5	239.5	2025.5	669	2803.5	7377.5	2711.5	5788.5	6712.5	5365	4400	5502	8214	7386	6429	7946.5	7453	85354.5	4.267.725
ORTHO004970	poly(ADP-ribose) polymerase	AT4G02390	6303;726;6281;6259;44260;43170;71704;8152;8150;44237;9987;90304;6139;46483;6725;1901360;34641;6807;44238;6974;33554;51716;50896;6950;44763;44699;44710;6302;6471;6486;6464;36211;19538;43412;44267;43413;70085;44723;5975;9101;9100;1901135;34645;9059;1901576;9058;44249;1901137;5634;43231;43227;43226;5575;43229;44424;44464;5623;5622;3677;3676;1901363;5488;3674;97159;3950;16763;16757;16740;3824	5189	3238	3128.5	1068	5172	1554	2121.5	2614.5	2069	2770	5460	1779	1352	4179	5254.5	2914	3167.5	6183.5	5272.5	6240	3454.5	2923.5	3227	807	63343	3167.15
ORTHO003173	Pathogenesis-related thaumatin superfamily protein	AT5G02140	5576;5575;51707;43207;9605;50896;8150;9607;51704;3674	5190	8534	7107.5	9025	8471	6227.5	7698.5	8127	6584	7862.5	8606.5	9018	1352	6088.5	7377.5	8660.5	7679.5	1114.5	8526	8756	3067.5	6813.5	7667.5	8258.5	129485.5	6.474.275
ORTHO009557	DHBP synthase RibB-like alpha/beta domain	AT5G60590	3725;3723;3676;1901363;5488;3674;97159;8150	5191	4676	4779.5	4368	2982.5	2604.5	4118.5	2114.5	8509.5	3476	6763.5	1198.5	6731.5	1800.5	5413.5	6712.5	4054.5	3121	3021.5	5400	4668.5	4067	6282.5	6669	86727	4336.35
ORTHO007351	pentatricopeptide (PPR) repeat-containing protein	AT5G46580	8150;9507;9536;43231;43227;43226;5575;43229;44424;44464;5623;5622;44444;5737	5192	3116	3365	1538	1522.5	709.5	6731	8348	5994	6223	2129.5	5126	1352	5840.5	1016	2914	2436.5	8776.5	2712.5	3600	1646	718	528	1713.5	68514.5	3.425.725
ORTHO005327	basic helix-loop-helix (bHLH) DNA-binding superfamily protein	AT4G16430	5634;43231;43227;43226;5575;43229;44424;44464;5623;5622;6351;34645;44260;43170;71704;8152;8150;44237;9987;9059;1901576;9058;44249;97659;32774;16070;90304;6139;46483;6725;1901360;34641;6807;44238;34654;19438;44271;18130;1901362;10467;46983;5515;5488;3674;3677;3676;1901363;97159;3700;1071;2001141;31326;9889;19222;50789;65007;31323;50794;51252;19219;80090;51171;60255;10556;6355;1903506;10468;2000112	5193	4428	6872.5	8552	5938.5	7710.5	2627.5	7192	1198	6825	2129.5	2131	4007	8396.5	8163.5	7782	6027	5368	7398	8632.5	7254	7493	8348.5	8062	116745.5	5.837.275
ORTHO006635	DNA helicase (RECQl4A)	AT1G10930;AT1G60930	6281;6259;44260;43170;71704;8152;8150;44237;9987;90304;6139;46483;6725;1901360;34641;6807;44238;6974;33554;51716;50896;6950;44763;44699;44710;6260;34645;9059;1901576;9058;44249;6310;724;725;6302;43138;3678;4386;17111;16462;16818;16817;16787;3824;3674;32508;32392;71103;51276;6996;16043;71840;70417;9409;9266;9628;5524;35639;1901265;1901363;5488;97159;43168;43167;32559;30554;17076;166;36094;32555;32553;97367;32550;32549;1882;1883;8026;42623;16887;70035;46872;43169;5634;43231;43227;43226;5575;43229;44424;44464;5623;5622;9506;5911;30054;55044;43140;4003;8094;71215;9737;9725;9719;10033;42221;33993;97305;1901700;1101;71396;71310;70887;32870;71495;97306;1901701;71229;3676	5194	6742	5646	6098	5748	390.5	6630.5	3258.5	2202	8535.5	4305	6518	9031.5	5780	766.5	3976.5	7829	7273.5	8764.5	1129.5	26	8260	2341	8812	95830	4791.5
ORTHO008480	RNA-binding (RRM/RBD/RNP motifs) family protein	AT4G10110	3676;1901363;5488;3674;97159;8150;5634;43231;43227;43226;5575;43229;44424;44464;5623;5622;166;36094;1901265;3723	5195	5725	6163	7131	2982.5	1859.5	9062	6142.5	5994	4966	7886	5903.5	3650.5	7996	7548.5	5325.5	1753.5	4400	7042	2935	5637	5603	2311	6281	102296.5	5.114.825
ORTHO009327	Glutaredoxin family protein	AT5G20500	5794;43231;43227;43226;5575;43229;44424;44464;5623;5622;44444;5737;12505;45454;19725;42592;65008;65007;8150;44763;9987;44699;50794;50789;9507;9536;8794;30611;16491;3824;3674;8152;55114;44710;30614;30613;5773;9055;15035;15036;16667;5783	5196	4797	6084.5	6973	5938.5	3435.5	6560.5	3698.5	3797	7125	8095	4351.5	3557.5	7699.5	7432.5	7782	3589	8114.5	1552	6368.5	5637	3222.5	3492.5	5601	101111.5	5.055.575
ORTHO005749	unknown protein	AT3G58800	8150;5634;43231;43227;43226;5575;43229;44424;44464;5623;5622;3674	5197	1761	4766.5	4336	1281	8902	5466	4734	3543	8063.5	982	6518	3882.5	6764.5	8203.5	797.5	1482.5	5221.5	1719	1980	6578.5	5059	4927.5	1735.5	86560	4328
ORTHO005453	ARF GAP-like zinc finger-containing protein ZIGA4	AT1G08680	46872;43169;43167;5488;3674;46777;6468;16310;6796;6793;44237;8152;8150;9987;6464;36211;19538;43170;71704;44238;43412;44267;44260;5886;16020;5575;44464;5623;71944;5096;8047;30234;98772;50790;19222;50789;65007;65009;43085;44093;9893;48518;30695;60589;43547;43087;51336;51345;4674;4672;16301;16772;16740;3824;16773;5634;43231;43227;43226;43229;44424;5622;8270;46914;3677;3676;1901363;97159	5198	4998	5835.5	6473	2982.5	6529	8450	6142.5	7183.5	502	6763.5	1198.5	6617.5	1800.5	5034.5	6712.5	3958.5	3121	3792	6754	4668.5	6266	5902.5	6553	97949.5	4.897.475
ORTHO007288	Thioredoxin superfamily protein	AT3G26060	9507;9536;43231;43227;43226;5575;43229;44424;44464;5623;5622;44444;5737;10287;44434;44435;44446;44422;9570;9532;9535;55035;42651;34357;16020;44436;9579;31976;31984;9534;5515;5488;3674;4601;16684;16491;3824;8152;8150;55114;44710;44699;16209;9543;31978;31977;9533;9941;9526;31967;31975;51920	5199	4266	4057	2915	2982.5	1227	2328.5	2114.5	931	3122	1981	7888.5	5195	3815.5	4705.5	6712.5	3958.5	3121	3792	6860	4668.5	3854	5826.5	6553	78654.5	3.932.725
ORTHO005680	NAD(P)-binding Rossmann-fold superfamily protein	AT3G51680	5737;44424;44464;5575;5623;5622;55114;44710;8152;8150;44699;16491;3824;3674	5200	6700	4903	4606	5748	4633.5	4698	7372.5	3855	8006.5	5973.5	5631.5	2993	2711.5	2396.5	5325.5	3836.5	1780	4663	5726.5	4946	2923.5	6194.5	4174.5	87841.5	4.392.075
ORTHO008227	transmembrane protein G1P-related 1	AT3G51790	18063;17004;43623;6461;65003;43933;16043;71840;8150;9987;22607;44085;71822;70271;34622;17003;17006;6464;36211;19538;43170;71704;8152;44238;43412;44267;44260;44237;5743;19866;31090;16020;5575;44422;43226;43227;44424;44464;5623;5622;31967;31975;44446;43229;31966;44429;44444;5737;5739;43231;5740;16021;31224;44425;20037;46906;1901363;5488;3674;97159	5201	5185	3687	2173	2982.5	3585	5450	7290.5	3632	8934.5	4622	6674.5	1352	4360.5	2702.5	5325.5	3086.5	1459	1086	3037	1440.5	3026	3407	3179.5	73650.5	3.682.525
ORTHO005979	Peptidase M1 family protein	AT1G63770	9570;9532;44435;44444;44424;44464;5575;5623;5622;5737;44446;44422;43226;43229;9536;43231;43227;44434;9507;46686;10038;10035;42221;50896;8150;9941;9526;31967;31975;5886;16020;71944;6508;19538;43170;71704;8152;44238;48046;5576;5773;5829;8270;46914;46872;43169;43167;5488;3674;8237;70011;8233;16787;3824	5202	2377	5882.5	6563	1689.5	4620	3129.5	3625.5	2959	2170.5	4958	6120	7258.5	6764.5	7017.5	2476	4346.5	8636.5	7509	6064.5	6810.5	5376	5171.5	3565	98578.5	4.928.925
ORTHO005220	nuclear DEIH-boxhelicase	AT1G06670;AT2G30800	3677;3676;1901363;5488;3674;97159;5737;44424;44464;5575;5623;5622;6259;44260;43170;71704;8152;8150;44237;9987;90304;6139;46483;6725;1901360;34641;6807;44238;3678;4386;17111;16462;16818;16817;16787;3824;32508;32392;71103;51276;6996;16043;71840;5634;43231;43227;43226;43229;5524;35639;1901265;43168;43167;32559;30554;17076;166;36094;32555;32553;97367;32550;32549;1882;1883	5203	6819	5977.5	6752	7662	4946.5	5486.5	5568.5	6943.5	3564.5	6543	8507.5	7743	2711.5	3721.5	3976.5	5108	2724.5	5347.5	4527	6578.5	5308.5	5171.5	5222.5	99700.5	4.985.025
ORTHO005367	Copper transport protein family	AT5G23760	46916;6875;55065;98771;50801;48878;42592;65008;65007;8150;55080;30003;6873;55082;19725;44763;9987;44699;55076;30001;6812;6811;44765;6810;51234;51179;1902578;46872;43169;43167;5488;3674;5737;44424;44464;5575;5623;5622;46914	5204	6405	5841	6478	7245.5	5155.5	3960	5698.5	5028	4417	7382.5	2467.5	8094	2711.5	4124.5	5325.5	5281.5	3580	6700.5	7299	5637	4780.5	4723.5	5601	97967.5	4.898.375
ORTHO006446	Transducin/WD40 repeat-like superfamily protein	AT5G07590	8150;3674;5737;44424;44464;5575;5623;5622;80008;31461;151;1990234;1902494;43234;32991	5205	5391	5979	6753	2982.5	5580	3628.5	5813.5	5994	3069.5	7594	3422.5	6071.5	1800.5	4705.5	3976.5	5864.5	3580	6531	7871	6180.5	5924	6040	6057.5	99704.5	4.985.225
ORTHO009249	Pentatricopeptide repeat (PPR) superfamily protein	AT2G06000	8150;3674;5739;43231;43227;43226;5575;43229;44424;44464;5623;5622;44444;5737	5206	6607	7027	8848	7245.5	7278	3628.5	7192	7748	4629	8675.5	3686.5	1352	7536	8593.5	6712.5	693.5	5720	8173	8853	8496	7972	8321	8456	123716	6185.8
ORTHO002472	Calcium-binding EF-hand family protein	AT3G18430	5509;46872;43169;43167;5488;3674;5773;43231;43227;43226;5575;43229;44424;44464;5623;5622;44444;5737	5207	6760	4414.5	3622	5439	5744.5	4528.5	8279.5	8748.5	5434	7524	1915.5	4398	1254	4462	3023.5	3344	1494	6056.5	4727.5	3719.5	2608	3967	1394.5	82623	4131.15
ORTHO003420	Pathogenesis-related thaumatin superfamily protein	AT1G20030;AT1G75800	5576;5575;51707;43207;9605;50896;8150;9607;51704;31225;31224;44425;16020;3674	5208	8283	6544	7880	8341	6313	8843	7935.5	4687.5	3771	7040	705.5	5338.5	906.5	2396.5	8358	8779.5	800	7281	7576.5	7386	4169	7244	8367.5	107898.5	5.394.925
ORTHO007432	protein affected traf&#64257	AT3G55480	5794;43231;43227;43226;5575;43229;44424;44464;5623;5622;44444;5737;12505;51453;30641;6885;55067;98771;50801;48878;42592;65008;65007;8150;55080;30004;30003;6873;55082;19725;44763;9987;44699;5634;30659;12506;31090;16020;44422;31988;31982;44433;44446;31410;16023;30117;98796;43234;32991;44425;48475;6896;16482;46907;6810;51234;51179;51649;51641;6892;48193;1902582;44765;1902578;16192;7034;6886;15031;45184;8104;33036;71702;34613;70727;80171;7033;6996;16043;71840	5209	3079	6371	7533	4356	4633.5	7963	4503	2849.5	4278.5	9044.5	5810	7743	5564	1168.5	1830	7051	6982	7042	2455	6908	7567	7404.5	4291.5	105088.5	5.254.425
ORTHO000485_2	NA	NA	NA	5210	7549	5814	6418	8259	9089.5	4872.5	4571	4275	8934.5	6343	5780	7031	2711.5	2396.5	8358	8726	1617	4607.5	5126.5	4833.5	1525	2785	4060.5	97643.5	4.882.175
ORTHO007261	Chaperone DnaJ-domain superfamily protein	AT5G22080	6457;9987;8150;5737;44424;44464;5575;5623;5622	5211	1837	5755.5	6300	4356	640.5	5521	1855	1481	8319	9078.5	4779	8306	8787	6484	2476	1618.5	6737.5	2207	4392	5903.5	7814.5	8026.5	2522	96948.5	4.847.425
ORTHO007122	DHHC-type zinc finger family protein	AT3G18620	5794;43231;43227;43226;5575;43229;44424;44464;5623;5622;44444;5737;12505;5886;16020;71944;5783;19706;19707;16417;16747;16746;16740;3824;3674;8152;8150;16409;6612;6605;6886;15031;45184;51234;51179;8104;33036;71702;6810;46907;51649;51641;34613;70727;1902582;44765;1902578;44699;90150;72657;44802;61024;16043;71840;9987;44763;1902580;18230;18231;18198;18193;6464;36211;19538;43170;71704;44238;43412;44267;44260;44237;18345;6497;42158;42157;34645;9059;1901576;9058;44249;43543	5212	5199	6147.75	7083.5	6194	6707.5	3430	5957	8259	6273	2402	3422.5	6227	1800.5	5034.5	3976.5	5962.5	3949	6785	6467.5	6696	6077	6326.5	6210	101963	5098.15
ORTHO003333	topoisomerase II	AT3G23890	5524;35639;1901265;1901363;5488;3674;97159;43168;43167;32559;30554;17076;166;36094;32555;32553;97367;32550;32549;1882;1883;3677;3676;3918;8094;42623;16887;17111;16462;16818;16817;16787;3824;8152;8150;61505;3916;16853;44774;7093;75;22402;44763;9987;44699;7049;1903047;278;45930;45786;48523;50794;50789;65007;48519;51726;7346;31570;6265;6259;44260;43170;71704;44237;90304;6139;46483;6725;1901360;34641;6807;44238;71103;51276;6996;16043;71840;712;1903046;51321;3;7131;35825;6310;44710;7127;7126;280;48285;1902589;51307;51304;7059;45132;98813;6261;6260;34645;9059;1901576;9058;44249;9330;43234;32991;5575;44424;44464;5623;5622;795;44454;44427;44446;44422;43226;43229;5694;43232;43228;44428;5634;43231;43227;228;31981;70013;43233;31974;794;793;46872;43169;819;6312;9507;9536;44444;5737	5213	4820	6197.5	7182	5938.5	3632	3430	9131	8101	6687	582	7421.5	1352	5581	867	3976.5	7708	8955.5	3092	2986	3027	8544.5	8775	8795.5	102644.5	5.132.225
ORTHO001198	methylthioalkylmalate synthase-like 4	AT1G18500;AT1G74040;AT5G23010;AT5G23020	9570;9532;44435;44444;44424;44464;5575;5623;5622;5737;44446;44422;43226;43229;9536;43231;43227;44434;9507;9098;9082;9081;6520;1901564;71704;8152;8150;6807;19752;43436;6082;44281;44710;44699;44763;9987;44237;44238;8652;46394;16053;44283;44711;9058;1901576;44249;1901566;1901607;1901605;6551;3852;46912;16746;16740;3824;3674;9941;9526;31967;31975;16829;9414;9415;9628;50896;1101;42221;10035;1901700;6950;19761;19758;19757;19748;16143;6790;1901657;1901135;16144;1901659;1901137;44272;44550;19760;10177;9625;51707;43207;9605;9607;51704;5739	5214	6121	6220.5	7227	5552	6529	5105.5	5957	6823.5	1540.5	7734.5	3422.5	6071.5	1800.5	4462	5325.5	6208.5	3580	7042	6754	6180.5	5924	6040	6379.5	102880.5	5.144.025
ORTHO007233	SPFH/Band 7/PHB domain-containing membrane-associated protein family	AT5G51570	5773;43231;43227;43226;5575;43229;44424;44464;5623;5622;44444;5737;5886;16020;71944;5794;12505;5774;44437;44446;44422;98588;31090;98805;9506;5911;30054;55044	5215	5909	6174.25	7133.5	6664	6529	3224.5	5957	5994	4813.5	7594	3422.5	6071.5	1800.5	4705.5	3976.5	5864.5	3750.5	6531	7871	6180.5	5924	6040	6057.5	102307.5	5.115.375
ORTHO005669	RmlC-like cupins superfamily protein	AT2G18540;AT4G36700	45735;3674;8150	5216	7199	6325	7434	6194	5833.5	8324.5	2614.5	5619	5825	7040	2553.5	7963	2711.5	3936.5	3976.5	5457.5	3121	6531	7194	7052	5132.5	7946.5	5601	104433	5221.65
ORTHO004338	Protein of unknown function (DUF1423)	AT1G14740	5634;43231;43227;43226;5575;43229;44424;44464;5623;5622;46872;43169;43167;5488;3674;5515;90421;10014;44767;32502;8150;44699;9933;48532;9653;48856;48507;9888;48513;48731;7275;44707;32501;1708;48869;44763;9987;45165;30154;9880;7389;9790	5217	6884	6473.5	7730	7662	7324.5	3863.5	9066.5	6584	2257.5	7199	2467.5	3359.5	2711.5	3936.5	8358	5561	3121	6531	8478	7052	5213.5	7946.5	5601	106632	5331.6
ORTHO007740	Cytochrome b561/ferric reductase transmembrane protein family	AT1G14730	55114;44710;8152;8150;44699;16491;3824;3674;16021;31224;44425;5575;16020;5739;43231;43227;43226;43229;44424;44464;5623;5622;44444;5737	5218	5762	6395.5	7573	6534	5904	8400	5957	8423.5	2846	1981	3422.5	6227	1800.5	5034.5	3976.5	6027	3949	7153	8025.5	6908	6129	6365	6850.5	105379.5	5.268.975
ORTHO006382	actin-related protein 8	AT5G56180	5524;35639;1901265;1901363;5488;3674;97159;43168;43167;32559;30554;17076;166;36094;32555;32553;97367;32550;32549;1882;1883;5730;44428;44446;44422;5575;43226;44424;44464;5623;5622;43229;5634;43231;43227;43232;43228;31981;70013;43233;31974;30029;44763;9987;8150;44699;5737;5200;5198	5219	2404	4752	4285	4356	2672	3327	3193.5	1133	4340.5	3269.5	485	4017	7448.5	8512	2476	5561	6505.5	7742	5002	5903.5	6512.5	6040	2166	86306.5	4.315.325
ORTHO005186	Copper transport protein family	AT3G25855	30001;6812;6811;44765;6810;51234;51179;8150;1902578;44699;5634;43231;43227;43226;5575;43229;44424;44464;5623;5622;46914;46872;43169;43167;5488;3674;5737;46916;6875;55065;98771;50801;48878;42592;65008;65007;55080;30003;6873;55082;19725;44763;9987;55076	5220	8821	2679.5	139	8820	3542.5	1595.5	3959.5	3895.5	8934.5	5035.5	1422	3501.5	138	136.5	3292.5	1507	65	23	2185	51.5	28	61.5	514	39888.5	1.994.425
ORTHO003694	Rhodanese/Cell cycle control phosphatase superfamily protein	AT2G17850;AT5G66170	9507;9536;43231;43227;43226;5575;43229;44424;44464;5623;5622;44444;5737;7568;44767;32502;8150;44699;3674;16740;3824;8152;4792;16783;16782	5221	6735	6108	6995	7662	7390	3960	8212.5	4405.5	3412.5	7734.5	2467.5	8094	2711.5	3936.5	3976.5	5685	3121	6531	7299	5637	5376	5541.5	5806	101297.5	5.064.875
ORTHO003692	lysm domain GPI-anchored protein 2 precursor	AT2G17120	16998;44036;44260;43170;71704;8152;8150;44237;9987;71554;44248;9056;5886;16020;5575;44464;5623;71944;46658;31226;44459;44425;31224;31225;9506;5911;30054;55044;8061;97367;5488;3674	5222	5041	6992	8762	5938.5	4633.5	3430	7192	8596	2945.5	8095	2937.5	1352	8378.5	7999	7782	7280.5	4982.5	5648	8214	8496	7972	7946.5	7543.5	121424	6071.2
ORTHO007631	S-formylglutathione hydrolase	AT2G41530	46294;46292;6081;71704;8152;8150;44763;9987;44699;44237;44710;44281;44282;44712;9056;46185;1901575;44248;5737;44424;44464;5575;5623;5622;48046;5576;52689;16788;16787;3824;3674;18738;16790;46686;10038;10035;42221;50896	5223	5671	6407	7591	6534	8818	1155	3003.5	7183.5	8934.5	3879	5741.5	6804.5	7909	7582.5	5325.5	6648.5	3949	490.5	1016.5	6180.5	7038.5	7089	6732.5	105481.5	5.274.075
ORTHO003136	uclacyanin 1	AT2G32300	46658;31226;44459;44464;5575;5623;44425;16020;5886;71944;31224;31225;5507;46914;46872;43169;43167;5488;3674;9055;50896;8150	5224	4938	4304	3384	5938.5	1594	5673.5	5813.5	5754	5694	3526	4351.5	5467.5	1800.5	3521.5	6712.5	5864.5	2199.5	3067.5	3013.5	4226.5	4612.5	3770	4678.5	81341	4067.05
ORTHO002750	PLATZ transcription factor family protein	AT2G27930	5739;43231;43227;43226;5575;43229;44424;44464;5623;5622;44444;5737;8150	5225	8097	5749.5	6274	8300.5	6382	4118.5	7935.5	2777	8231.5	7040	4351.5	1352	4314	3721.5	8583	9109.5	663.5	6897.5	7576.5	7386	54.5	34	6281	96809	4840.45
ORTHO002875	Leucine-rich repeat (LRR) family protein	AT4G06744	5576;5575	5226	6966	5341	5456	7947.5	5155.5	3628.5	5213.5	7978	4601	5973.5	2467.5	1352	2711.5	4124.5	3976.5	5108	3121	6531	7299	7052	5603	4632	5806	92334	4616.7
ORTHO005815	ribonuclease 2	AT2G39780	10507;10506;31329;9894;19222;50789;65007;8150;31323;50794;31330;9895;9892;48519;31324;48523;5773;43231;43227;43226;5575;43229;44424;44464;5623;5622;44444;5737;7568;44767;32502;44699;3723;3676;1901363;5488;3674;97159;90502;90501;16070;44260;43170;71704;8152;44237;9987;90304;6139;46483;6725;1901360;34641;6807;44238;90305;33897;16892;4521;4519;4518;16788;16787;3824;4540;16894;10168;16075;16072;34660;34661;6401;44265;9057;1901575;9056;44248;34655;19439;44270;1901361;46700;5576;5783;12505	5227	4424	4351	3475	2982.5	7528	2414	1709	7455	3163.5	7594	743.5	1352	3283.5	5596.5	3976.5	8220	4253	4715	8721.5	250.5	2433.5	1203	7223	81835	4091.75
ORTHO002218	unknown protein	AT5G08440;AT5G23490	5634;43231;43227;43226;5575;43229;44424;44464;5623;5622;3674;8150;5886;16020;71944	5228	5401	4574	3920	6358.5	1594	8054.5	4826.5	1916	7916.5	6343	2392.5	3325.5	1800.5	3265	6712.5	4346.5	2558	4756.5	6322.5	4226.5	4612.5	4887	4484	84340	4217
ORTHO007542	Ribosomal protein S24/S35; mitochondrial	AT3G18240;AT4G21460	5739;43231;43227;43226;5575;43229;44424;44464;5623;5622;44444;5737;5840;30529;32991;43232;43228;8150;5634;5829	5229	5563	4264.5	3300	2982.5	2333	6734	3824.5	175.5	8934.5	5387	6929	1352	6047	1311.5	3976.5	2391.5	8428.5	2742.5	3013.5	1795	6182.5	1847	7453	80858	4042.9
ORTHO006871	Transducin/WD40 repeat-like superfamily protein	AT2G47790	8150;166;36094;5488;3674;1901265;1901363;97159;5634;43231;43227;43226;5575;43229;44424;44464;5623;5622;80008;31461;151;1990234;1902494;43234;32991	5230	2515	3973.75	2717.5	4356	7877	5238	1484	1545.5	7274.5	2992.5	4779	7258.5	7300	7017.5	2476	1914	5221.5	315	3899.5	1889.5	2763	2630	3565	77440	3872
ORTHO008180	NAD(P)-binding Rossmann-fold superfamily protein	AT2G20360	9651;6970;9628;50896;8150;6950;5739;43231;43227;43226;5575;43229;44424;44464;5623;5622;44444;5737;16020;5747;45271;30964;98796;43234;32991;44425;1990204;1902494;98803;70469;98800;98798;44429;44446;44422;44455;31966;31090;5740;31967;31975;5743;19866;5746;5759;70013;43233;31974	5231	2646	2899	567	1812	3602.5	1132	4571	2412.5	8118.5	4330.5	679.5	4617.5	4134.5	2396.5	1606	1798	5886.5	1118.5	2008	2409.5	762.5	876	1769	54229	2711.45
ORTHO008342	FUNCTIONS IN: molecular_function unknown	AT3G01160	5634;43231;43227;43226;5575;43229;44424;44464;5623;5622;8150;3674;5829;44444;5737	5232	4534	6597.5	7963	2982.5	7877	5621.5	3065	7978	4656.5	3749	5517.5	8094	8766.5	5596.5	7782	8446.5	5368	1407	4727.5	1332.5	7637.5	3596	7453	108671.5	5.433.575
ORTHO008168	SKP1/ASK-interacting protein 5	AT3G54480	16567;32446;70647;6464;36211;19538;43170;71704;8152;8150;44238;43412;44267;44260;44237;9987;5739;43231;43227;43226;5575;43229;44424;44464;5623;5622;44444;5737;3674	5233	4195	5598.5	5964	5938.5	4540.5	2032.5	6741	8259	5741	6763.5	998	1352	3815.5	5523	6712.5	4252.5	3580	4113.5	7299	5061.5	4525.5	6854	6949.5	95114	4755.7
ORTHO006089	Plant-specific transcription factor YABBY family protein	AT1G69180	3677;3676;1901363;5488;3674;97159;5634;43231;43227;43226;5575;43229;44424;44464;5623;5622;6355;1903506;2001141;31326;9889;19222;50789;65007;8150;31323;50794;51252;19219;80090;51171;60255;10556;10468;2000112;46872;43169;43167;3700;1071;48440;48827;48856;32502;48367;44767;44699;48731;7275;44707;32501;48437;44702;22414;3006;48569;48513;9908;90567;48608;61458;9791;48467;48438;10582;10022;10073;48507;9888;10254;6351;34645;44260;43170;71704;8152;44237;9987;9059;1901576;9058;44249;97659;32774;16070;90304;6139;46483;6725;1901360;34641;6807;44238;34654;19438;44271;18130;1901362;10467;9944;65001;7389;9798;9943;9955;3002;48479	5234	5237	4175.5	3117	2982.5	1594	4341	2750.5	8906.5	8231.5	3879	2343.5	3339.5	1800.5	3521.5	5325.5	4408.5	2558	3046	6397	4226.5	4612.5	3849	4678.5	79809	3990.45
ORTHO009863	Pentatricopeptide repeat (PPR-like) superfamily protein	AT4G19890	5739;43231;43227;43226;5575;43229;44424;44464;5623;5622;44444;5737	5235	5630	3840.5	2446	2982.5	3425	5075.5	3576	3450	8934.5	4563.5	7207	2719.5	6144.5	2023.5	3976.5	2964.5	6854.5	2377.5	1940	1808.5	3609.5	3171	1876	75697	3784.85
ORTHO004477	Protein kinase superfamily protein	AT2G32850	6468;16310;6796;6793;44237;8152;8150;9987;6464;36211;19538;43170;71704;44238;43412;44267;44260;5634;43231;43227;43226;5575;43229;44424;44464;5623;5622;4674;4672;16301;16772;16740;3824;3674;16773;5524;35639;1901265;1901363;5488;97159;43168;43167;32559;30554;17076;166;36094;32555;32553;97367;32550;32549;1882;1883;5737	5236	4056	4395.5	3555	5938.5	1227	2234.5	7762	1839.5	1750.5	6763.5	3218	5066	3815.5	3265	6712.5	4135	4507	4016	6960	1909	4067	6282.5	6732.5	82263	4113.15
ORTHO008162	Pathogenesis-related thaumatin superfamily protein	AT2G28790	9505;5618;30312;44464;5575;5623;71944;9506;5911;30054;55044;51707;43207;9605;50896;8150;9607;51704;3674;5576	5237	6879	6009	6781	6100.5	7658.5	5130.5	6428.5	1625	5953	8364	2640.5	1352	8936	9008.5	5325.5	1048	5056.5	2770.5	4884.5	218	7871	8290	7315.5	99876	4993.8
ORTHO007064	TATA binding protein associated factor 21kDa subunit	AT1G54140	5515;5488;3674;6355;1903506;2001141;31326;9889;19222;50789;65007;8150;31323;50794;51252;19219;80090;51171;60255;10556;10468;2000112;6352;32774;9059;43170;71704;8152;1901576;9058;16070;44260;44237;9987;90304;6139;46483;6725;1901360;34641;6807;44238;34654;19438;44249;44271;18130;1901362;6351;34645;97659;10467;5669;90575;44798;44428;44446;44422;5575;43226;44424;44464;5623;5622;43229;5634;43231;43227;5667;43234;32991;44451;5654;31981;70013;43233;31974;16591;55029;428;30880;61695;1990234;1902494	5238	5142	4917	4596	2982.5	5155.5	5303	2460.5	5619	5308.5	6070	3686.5	5740	1800.5	3521.5	5325.5	5281.5	3121	6056.5	4169.5	5637	4612.5	3329.5	5601	87799	4389.95
ORTHO006878	unknown protein	AT1G24310	5730;44428;44446;44422;5575;43226;44424;44464;5623;5622;43229;5634;43231;43227;43232;43228;31981;70013;43233;31974;5643;5635;31967;31975;12505;5515;5488;3674;9507;9536;44444;5737;8150	5239	4336	6870	8501	2982.5	1705	7562.5	8950.5	7748	4923.5	8095	2729	1352	6764.5	7999	7782	5561	4982.5	6056.5	8214	6578.5	7183	8026.5	3635.5	115848.5	5.792.425
ORTHO004380	serine protease inhibitor; Kazal-type family protein	AT4G01575	9507;9536;43231;43227;43226;5575;43229;44424;44464;5623;5622;44444;5737;6508;19538;43170;71704;8152;8150;44238;8233;16787;3824;3674;4867;4866;30414;61134;30234;98772;50790;19222;50789;65007;65009;52547;30162;51246;80090;60255;51336;4857;43086;44092;9892;48519;10466;45861;32269;32268;31323;50794;31324;48523;51248;10605;51346;61135;52548;10951	5240	8705	2868	496	8619	3985.5	7137	4034.5	3991.5	3831	5052.5	7662.5	1352	138	136.5	3292.5	2848	102.5	1440.5	2635.5	3118.5	60.5	947.5	819.5	52586	2629.3
ORTHO000806_2	C2 calcium/lipid-binding and GRAM domain containing protein	AT5G50170	3674;16021;31224;44425;5575;16020;8150	5241	4759	3986	2731	2982.5	6529	6523.5	5813.5	4275	5547.5	3749	4566	5195	1800.5	2910	6712.5	3152.5	1568.5	598.5	4664.5	3454.5	2213.5	3795.5	4413.5	77482.5	3.874.125
ORTHO007966	Protein of unknown function; DUF617	AT2G21990	5634;43231;43227;43226;5575;43229;44424;44464;5623;5622;8150;3674	5242	6509	4049.5	2857	7245.5	3406.5	242	2939.5	8962	8535.5	4783	6240	1352	2711.5	2702.5	3976.5	4135	8584	2478.5	2880.5	300.5	4525.5	4790	4678.5	78223.5	3.911.175
ORTHO007291	Pentatricopeptide repeat (PPR) superfamily protein	AT1G77405	5739;43231;43227;43226;5575;43229;44424;44464;5623;5622;44444;5737;8150	5243	3146	4421	3599	4356	1089	1881	6831.5	6493	2925	1623	743.5	5740	3815.5	5034.5	6712.5	294.5	4253	4715	7747	6696	5213.5	7554.5	3103.5	82465.5	4.123.275
ORTHO007177	CONTAINS InterPro DOMAIN/s: Non-SMC condensin II complex; subunit H2-like (InterPro:IPR009378)	AT3G16730	2001022;2001020;80135;50794;50789;65007;8150;80134;48583;48584;48518;48522;5730;44428;44446;44422;5575;43226;44424;44464;5623;5622;43229;5634;43231;43227;43232;43228;31981;70013;43233;31974;45739;51054;45935;31325;9893;19222;31323;19219;80090;51171;51173;51052;60255;10604;6282;30261;1902589;6996;16043;71840;9987;44763;44699;6323;71103;51276;793;5694	5244	4931	4503	3762	5938.5	8453	7339	2545	4953	8535.5	5973.5	2803.5	3521	1800.5	4124.5	3976.5	5108	1669.5	241.5	6148	3675	2541	4345.5	5601	83354.5	4.167.725
ORTHO007027	Peroxisomal membrane 22 kDa (Mpv17/PMP22) family protein	AT5G19750	9941;9526;31967;31975;44464;5575;5623;44446;44422;43226;44424;5622;43229;43227;44435;44444;5737;9536;43231;44434;9507;5778;44439;44438;42579;5777;31903;98588;31090;16020;98805;5739;8150;3674;16021;31224;44425	5245	6298	6735	8225	5651.5	2358	8645.5	6906	7831	3695	3136.5	2197	8859	7213.5	8404	5325.5	23	5452.5	7281	8691.5	2250	7683.5	7404.5	8111.5	111468.5	5.573.425
ORTHO001116	Protein kinase superfamily protein	AT1G11050	5886;16020;5575;44464;5623;71944;46777;6468;16310;6796;6793;44237;8152;8150;9987;6464;36211;19538;43170;71704;44238;43412;44267;44260;16301;16772;16740;3824;3674;4674;4672;16773	5246	5990	4179.5	3113	5328	5704	8704	8279.5	931	6327	7524	4467	1352	4134.5	6035	2080.5	3299	1360.5	5301	3850	3719.5	1358.5	3967	1394.5	79788.5	3.989.425
ORTHO001331	metallothionein 2A	AT3G09390	6878;46916;6875;55065;98771;50801;48878;42592;65008;65007;8150;55080;30003;6873;55082;19725;44763;9987;44699;55076;55070;5507;46914;46872;43169;43167;5488;3674;5623;5575	5247	7048	5920.5	6594	6194	5090	4244.5	7935.5	7183.5	1094.5	7040	8311	7121	2711.5	2702.5	5325.5	4548.5	1780	5220.5	7576.5	5637	3374.5	3930	7952.5	98779	4938.95
ORTHO000905_1	Pentatricopeptide repeat (PPR) superfamily protein	AT1G77340;AT5G65560	5739;43231;43227;43226;5575;43229;44424;44464;5623;5622;44444;5737;8150;3674	5248	3786	4588.5	3929	2097	1089	5130.5	6741	5071	4240.5	6763.5	3218	5338.5	3815.5	3265	6712.5	4135	3121	3944	3899.5	4833.5	4067	6413.5	2575	84373.5	4.218.675
ORTHO010228	endonuclease 4	AT4G21585	6308;6259;44260;43170;71704;8152;8150;44237;9987;90304;6139;46483;6725;1901360;34641;6807;44238;44265;9057;1901575;9056;44248;34655;19439;44270;1901361;46700;46872;43169;43167;5488;3674;5576;5575;3676;1901363;97159;4519;4518;16788;16787;3824;90305	5249	6840	5862.5	6476	6100.5	5155.5	3863.5	5698.5	6584	2101.5	3136.5	8038	8094	2711.5	3936.5	3976.5	5685	3121	5851	7080	7052	5434	4632	5806	97957	4897.85
ORTHO009483	Protein of unknown function (DUF630 and DUF632)	AT2G34670	5634;43231;43227;43226;5575;43229;44424;44464;5623;5622	5250	4778	4704.75	4159.5	2982.5	6529	5430	6142.5	5994	698.5	1981	1198.5	6731.5	1800.5	5413.5	6712.5	4135	3121	3944	3850	4833.5	4067	6365	6732.5	85679.5	4.283.975
ORTHO003099	tRNA synthetase class I (I; L; M and V) family protein	AT4G10320	4822;4812;16876;16875;16874;3824;3674;8152;8150;5737;44424;44464;5575;5623;5622;5524;35639;1901265;1901363;5488;97159;43168;43167;32559;30554;17076;166;36094;32555;32553;97367;32550;32549;1882;1883;5829;44444;6428;6418;43039;6399;34660;16070;44260;43170;71704;44237;9987;90304;6139;46483;6725;1901360;34641;6807;44238;43038;6520;1901564;19752;43436;6082;44281;44710;44699;44763;6412;43043;43604;43603;44271;44249;9058;6518;1901566;1901576;44267;19538;34645;9059;10467;46686;10038;10035;42221;50896	5251	5094	7119	8987	6100.5	7543.5	3430	7192	8596	6065.5	8095	2553.5	1352	8378.5	7999	5325.5	7280.5	5720	8173	8214	8496	7972	8321	7543.5	128250.5	6.412.525
ORTHO008551	Ribosomal protein L34e superfamily protein	AT3G06180;AT5G19025	22625;15934;44391;30529;32991;5575;44424;44464;5623;5622;44444;5737;44446;44422;43226;43229;5840;43232;43228;44445;5829;22626;42254;22613;44085;71840;8150;3723;3676;1901363;5488;3674;97159;3735;5198;6412;43043;43604;43603;34641;6807;8152;44237;9987;44271;44249;9058;6518;1901564;71704;1901566;1901576;44267;19538;43170;44238;44260;34645;9059;10467;5739;43231;43227;16021;31224;44425;16020	5252	6636	5184.5	5117	7245.5	5547	3863.5	5698.5	9042	855	2402	6797	3467	2711.5	4462	3976.5	6099.5	3580	6531	6197.5	1287.5	5789.5	6040	6281	90628	4531.4
ORTHO001865	EDM2-like protein1	AT5G48090;AT5G55390	8270;46914;46872;43169;43167;5488;3674;5634;43231;43227;43226;5575;43229;44424;44464;5623;5622;6355;1903506;2001141;31326;9889;19222;50789;65007;8150;31323;50794;51252;19219;80090;51171;60255;10556;10468;2000112;9911;48582;48580;2000026;50793;51239;51240;48518;51094;2000243;2000241;9909;48831;31937;31935;1903308;1902275;33044;33043;51128;60968;1903310;2001252;10638;51130;48522;2000024;1900111;1900109;51570;31060;31056;31399;32268;51246;51574;31062;31058;31401;32270;31325;9893;51247;10604;70829;70828;6325;43933;16043;71840;9987;51276;6996;70827;43954;44763;44699;1902589;61087;61085;5515;6351;34645;44260;43170;71704;8152;44237;9059;1901576;9058;44249;97659;32774;16070;90304;6139;46483;6725;1901360;34641;6807;44238;34654;19438;44271;18130;1901362;10467;44030;51052;90436;48468;48869;44767;32502;48856;30154;48366;48827;48367;48731;7275;44707;32501;50832;98542;6952;6950;50896;51707;43207;9605;9607;51704;9620;7165;51716;7154;44700;23052;10228;3006;22414;48608;61458;9791;3700;1071;1900363;31440;50684;1903311;43565;3677;3676;1901363;97159;16568	5253	3696	5086	4919	4356	6643.5	5859	6741	3991.5	1233	6763.5	3422.5	5740	5297	6537	7419	562	3949	4113.5	2124.5	4833.5	4970.5	6709	2699.5	89608.5	4.480.425
ORTHO004569	Protein of unknown function (DUF630 and DUF632)	AT4G39790	8150;5634;43231;43227;43226;5575;43229;44424;44464;5623;5622;3674	5254	5230	3683.75	2113.5	5238	6149	6182	7084	4253	2025.5	1211	3950.5	4492.5	3497	6267.5	2080.5	4054.5	1425.5	5027.5	1940	5061.5	3222.5	4271.5	1131	73326.5	3.666.325
ORTHO008122	Cyclin family protein	AT1G14750	51301;44763;9987;8150;44699;51026;22607;16043;71840;44085;1903046;22402;7049;51321;3;7129;70192;51276;6996;1902589;7126;280;48285;45143;45132;98813;7059;7127;7131;35825;6310;6259;44260;43170;71704;8152;44237;90304;6139;46483;6725;1901360;34641;6807;44238;44710;724;725;6281;6974;33554;51716;50896;6950;6302;5634;43231;43227;43226;5575;43229;44424;44464;5623;5622;51726;50794;50789;65007;4693;97472;4672;16301;16772;16740;3824;3674;16310;6796;6793;16773;6468;6464;36211;19538;43412;44267;4674	5255	4783	6020.5	6786	5439	4366.5	3129.5	2796	7455	6345	6763.5	4566	1352	8704	7939.5	5325.5	1155.5	4400	4113.5	7080	4445	6429	6854	6669	99888.5	4.994.425
ORTHO007222	U1 small nuclear ribonucleoprotein-70K	AT3G50670	71004;71010;5681;44428;44446;44422;5575;43226;44424;44464;5623;5622;43229;5634;43231;43227;30529;32991;5684;30619;17069;3723;3676;1901363;5488;3674;97159;243;5685;97525;30532;71011;3729;44822;5515;398;6397;16071;16070;44260;43170;71704;8152;8150;44237;9987;90304;6139;46483;6725;1901360;34641;6807;44238;6396;10467;377;375;8380	5256	7099	5743.5	6231	7947.5	5432.5	4118.5	8064.5	7632	1674	7382.5	2729	7743	2711.5	3265	3976.5	4870.5	2558	5851	6632	6431	4067	6194.5	5222.5	96555.5	4.827.775
ORTHO008120	beta-ureidopropionase	AT5G64370	5829;44444;44424;44464;5575;5623;5622;5737;3837;16811;16810;16787;3824;3674;8152;8150;19483;19482;6520;1901564;71704;6807;19752;43436;6082;44281;44710;44699;44763;9987;44237;44238;8652;46394;16053;44283;44711;9058;1901576;44249;1901566;6212;6208;6206;9112;55086;6139;46483;6725;1901360;34641;72527;72529;44270;44248;9056;1901361;1901575;1901565;46700;46113;44712;19860;43562;31669;31667;9991;9605;50896;31668;51716;71496;7154	5257	4580	4372.5	3488	5938.5	4308	7363	6428.5	1328.5	5476.5	3366.5	367.5	6071.5	1800.5	5661	6712.5	3589	2199.5	3301	6368.5	3870	2923.5	4887	5913	81935.5	4.096.775
ORTHO008094	predicted to encode subunit 7 of mitochondrial complex II and to participate in the respiratory chain	AT3G47833;AT5G62575	5739;43231;43227;43226;5575;43229;44424;44464;5623;5622;44444;5737;48046;5576;5749;45283;98803;98796;43234;32991;44425;16020;70469;45273;98800;98798;44429;44446;44422;44455;31966;31090;5740;31967;31975;5743;19866;45257;45281;1990204;1902494;5746;6099;6101;72350;19752;43436;6082;71704;8152;8150;44281;44710;44699;44763;9987;44237;44238;9060;45333;15980;6091;55114;3674;9507;9536	5258	7100	6226.5	7195	7947.5	7563	4118.5	7935.5	6124	6050.5	7040	7115.5	7377.5	2711.5	2702.5	8358	4548.5	1617	2607	6240	5779	3609.5	6538.5	4678.5	102714.5	5.135.725
ORTHO006219	unknown protein	AT1G20890;AT1G76480	3674;8150;5739;43231;43227;43226;5575;43229;44424;44464;5623;5622;44444;5737	5259	6406	5926	6593	7245.5	5155.5	3863.5	5698.5	6943.5	7539	2809.5	3686.5	8094	1800.5	3936.5	5325.5	5194	3121	6056.5	7194	5637	5376	5541.5	5806	98778.5	4.938.925
ORTHO010051	SKP1 interacting partner 1	AT5G57900	16567;32446;70647;6464;36211;19538;43170;71704;8152;8150;44238;43412;44267;44260;44237;9987;31146;43161;10498;51603;6508;44257;30163;9057;1901575;9056;44265;44248;6511;19941;43632;19005;31461;151;1990234;1902494;43234;32991;5575;44424;44464;5623;5622;61630;4842;19787;16740;3824;3674;61659;5737;5515;5488	5260	5672	4998.75	4737.5	6534	4723.5	5784	5439.5	8874	6934	6343	4991	1352	3431.5	4233.5	3976.5	4942.5	2724.5	5128	3108	4226.5	4423	3383	4678.5	88696.5	4.434.825
ORTHO007793	NAD+ ADP-ribosyltransferases	AT5G22470	3950;16763;16757;16740;3824;3674;8152;8150;5634;43231;43227;43226;5575;43229;44424;44464;5623;5622;6471;6486;44763;9987;44699;6464;36211;19538;43170;71704;44238;43412;44267;44260;44237;43413;70085;44723;5975;44710;9101;9100;1901135;34645;9059;1901576;9058;44249;1901137	5261	2566	4980	4699	4356	4986.5	924	4294	7561.5	1462	2539	8038	1352	8593	7313.5	2476	5329.5	5886.5	5128	1584.5	5061.5	6512.5	5710.5	3721	88473.5	4.423.675
ORTHO008176	alpha/beta-Hydrolases superfamily protein	AT3G11620	5739;43231;43227;43226;5575;43229;44424;44464;5623;5622;44444;5737;3674	5262	4369	3680.5	2099	5938.5	1423	4904	2545	6712.5	4672	3639.5	7782	3521	1800.5	4233.5	6712.5	3367.5	3949	3233.5	4131	864.5	2061	2794.5	4898	73244.5	3.662.225
ORTHO003664	signal peptide peptidase	AT1G73990	9534;31976;9579;44424;44464;5575;5623;5622;31984;44446;44422;43226;43229;43227;44435;44444;5737;9536;43231;44434;9507;9570;9532;4252;4175;70011;8233;16787;3824;3674;8152;8150;6508;19538;43170;71704;44238;8236;17171;16021;31224;44425;16020;6465;16485;51604;10467;6518;43603;34641;6807;44237;9987;1901564;44267;44260;9535;55035;42651;34357;44436;9941;9526;31967;31975;9642;9416;9314;9628;50896;5886;71944	5263	4631	5121.5	4980	5238	2897	4118.5	3243.5	7046.5	4461.5	8364	5257	1352	8072	8677	2914	7818.5	6505.5	3616	6148	3454.5	2837	2013	1131	89926.5	4.496.325
ORTHO006784	unknown protein	AT3G09050	9507;9536;43231;43227;43226;5575;43229;44424;44464;5623;5622;44444;5737;9535;55035;42651;34357;16020;44436;9579;44435;44446;44422;31976;31984;44434;9534;3674;8150	5264	5738	6965.75	8667.5	2982.5	5285	6200	6323	7325.5	5996.5	8167.5	5667	3727	8028.5	7619.5	5325.5	6648.5	4747.5	7712	2635.5	6431	7087	7486	6801.5	119214	5960.7
ORTHO009102	polymerase delta 4	AT1G09815	3887;34061;16779;16772;16740;3824;3674;8152;8150;71897;6259;44260;43170;71704;44237;9987;90304;6139;46483;6725;1901360;34641;6807;44238;34645;9059;1901576;9058;44249;34654;19438;44271;18130;1901362;6260;731;6281;6974;33554;51716;50896;6950;44763;44699;44710;6261;43625;44454;44427;44446;44422;5575;43226;44424;44464;5623;5622;43229;5694;43232;43228;44428;5634;43231;43227;228;31981;70013;43233;31974;42575;61695;1990234;1902494;43234;32991;43601;30894;32993;5657;43596	5265	5534	2788.5	312	2982.5	156	3224.5	3894.5	3914.5	4086	5148.5	7686.5	3942	138	136.5	3232.5	2776.5	398	2066	2534.5	2594	281.5	1035	498.5	47743.5	2.387.175
ORTHO003570	Regulator of Vps4 activity in the MVB pathway protein	AT1G13340	5737;44424;44464;5575;5623;5622;6979;6950;50896;8150	5266	6047	7135.5	9005	2982.5	6679.5	4341	6906	6712.5	3267	8537.5	2729	7258.5	8210.5	7885	5325.5	7137.5	5452.5	7950	8756	7786.5	7683.5	8202.5	8159	128979.5	6.448.975
ORTHO004513	RNI-like superfamily protein	AT3G48880	16567;32446;70647;6464;36211;19538;43170;71704;8152;8150;44238;43412;44267;44260;44237;9987;61630;4842;19787;16740;3824;3674;61659;5634;43231;43227;43226;5575;43229;44424;44464;5623;5622;31146;43161;10498;51603;6508;44257;30163;9057;1901575;9056;44265;44248;6511;19941;43632;19005;31461;151;1990234;1902494;43234;32991;5737	5267	6860	6204	7141	7662	7633.5	4118.5	5568.5	5619	3436.5	7199	3686.5	3359.5	2711.5	3936.5	3976.5	5561	3121	7901.5	8478	6908	5603	7946.5	5601	102365.5	5.118.275
ORTHO000460	3-ketoacyl-CoA synthase 3	AT1G07720;AT2G28630;AT5G04530	9409;9266;9628;50896;8150;6950;16747;16746;16740;3824;3674;8152;16020;5575;5783;43231;43227;43226;43229;44424;44464;5623;5622;44444;5737;12505;9416;9314;6633;72330;46394;16053;6082;71704;44281;44710;44699;44763;9987;44237;44283;44711;9058;1901576;44249;19752;43436;32787;6631;44255;6629;44238;8610;5576;16021;31224;44425	5268	8124	4338.5	3409	5552	3684	8586	8148	7561.5	6247	6912.5	8070	4492.5	906.5	1725.5	5325.5	1952.5	523.5	1457	5578	4946	868	470	4060.5	81514.5	4.075.725
ORTHO000840_1	purple acid phosphatase 13	AT2G32770;AT3G07130	5576;5575;3993;16791;42578;16788;16787;3824;3674;8152;8150;16311;6796;6793;44237;9987;46872;43169;43167;5488;9845;44707;32501;44699;90351;9791;44767;32502;7275;4722;4721;6470;6464;36211;19538;43170;71704;44238;43412;44267;44260;9846;9856;44703;51704;22414;44706	5269	6022	3562	1855	5328	5155.5	3513	8314.5	4788.5	6139.5	1981	1708.5	4380.5	4134.5	5413.5	2080.5	8133	1386	4293	5062.5	2160.5	940	294.5	1597.5	71476.5	3.573.825
ORTHO000441_1	histidine kinase 2	AT5G35750	5789;98588;31090;16020;5575;44422;43226;43227;44432;44444;44424;44464;5623;5622;5737;44446;43229;5783;43231;12505;44425;42175;70417;9409;9266;9628;50896;8150;6950;33554;51716;9987;5515;5488;3674;5034;4888;38023;4871;60089;7165;50794;50789;65007;7154;44763;44699;44700;23052;4872;16021;31224;9651;6970;42802;4673;4672;16301;16772;16740;3824;8152;16310;6796;6793;44237;16773;6468;6464;36211;19538;43170;71704;44238;43412;44267;44260;16775;18106;18202;18193;160;35556;71215;9737;9725;9719;10033;42221;33993;97305;1901700;1101;71396;71310;70887;32870;71495;97306;1901701;71229;9909;48580;2000026;50793;51239;48831;2000241;48509;9636;43424;19901;19900;19899;9736;9755;71368;9735;5886;71944;10271;90056;51193;31323;19222;1901401;51171;1901404;31329;9894;9884;9414;9415;10035;34757;43271;51051;48519;51049;32879;43269;34756;10959;80117;80190;40007;10029;1900140;10087;9888;48856;32502	5270	5193	7063	8856	6194	1926	4528.5	8486	6379.5	502	3831.5	5019	8817.5	7343.5	5413.5	7419	7469	7073	8200	8905.5	8663	8954.5	8723	6281	123935	6196.75
ORTHO001334	Nodulin MtN3 family protein	AT3G28007;AT5G62850	5886;16020;5575;44464;5623;71944;5515;5488;3674;51119;15144;22891;22857;5215;6810;51234;51179;8150;55085;44763;9987;44699;44765;1902578;22892;1901476;8643;71702;34219;16021;31224;44425;51260;51259;6461;65003;43933;16043;71840;22607;44085;71822;70271;5887;31226;44459	5271	8595	6682	8093	8961.5	6707.5	7600	7935.5	1954.5	5557	8232.5	8654.5	5195	590	2163.5	8358	6549	1260.5	7153	5929.5	6908	3111.5	7156	9033	110048.5	5.502.425
ORTHO010014	HIS triad family protein 3	AT3G56490	9150;6163;72521;46483;44237;8152;8150;9987;6725;1901360;71704;34641;6807;1901564;9117;6753;19637;6793;55086;6139;44238;44281;44710;44699;44763;6796;9259;19693;1901135;5777;42579;43231;43227;43226;5575;43229;44424;44464;5623;5622;44444;5737;5080;19901;19900;19899;5515;5488;3674;6790;8270;46914;46872;43169;43167;5886;16020;71944;47627;16819;16817;16787;3824	5272	5694	5087	4902	6534	1500	6765	5698.5	5619	3252.5	7382.5	3686.5	1352	2711.5	4462	3976.5	5240.5	4253	6185.5	5094	5637	5603	5541.5	5601	89561.5	4.478.075
ORTHO009610	potassium channel tetramerisation domain-containing protein / pentapeptide repeat-containing protein	AT5G55000	5634;43231;43227;43226;5575;43229;44424;44464;5623;5622;5515;5488;3674;6813;15672;6812;6811;44765;6810;51234;51179;8150;1902578;44699;30001;16567;32446;70647;6464;36211;19538;43170;71704;8152;44238;43412;44267;44260;44237;9987;8076;34705;34703;34702;1902495;98796;43234;32991;44425;16020;1990351;16021;31224;98797;44459;5886;71944;5887;31226;51260;51259;6461;65003;43933;16043;71840;22607;44085;71822;70271;5576;5249;22843;5261;5216;15075;22891;22857;5215;55085;44763;22892;34220;22838;15267;22803;8324;98655;5244;22832;22836;51049;32879;50789;65007;34765;34762;50794;43269;5267;15079;15077;22890;46873;71805;98662;98660;71804	5273	6600	5084	4895	7245.5	1500	4118.5	5568.5	5619	2615.5	7199	3686.5	3374.5	2711.5	3936.5	3976.5	7378	3121	5851	7080	5422.5	5603	5171.5	5601	89534	4476.7
ORTHO007773	unknown protein	AT1G54920	16020;5575;5634;43231;43227;43226;43229;44424;44464;5623;5622;3674;8150	5274	5765	6246.75	7219.5	2982.5	1959	8919	6142.5	7899.5	5847	1483.5	3218	6731.5	1800.5	5254.5	3976.5	6549	3949	7042	4630.5	7568	6340.5	6989	6553	102852.5	5.142.625
ORTHO002736	NA	NA	NA	5275	6919	5065.25	4855.5	7947.5	2260.5	5735	8486	6823.5	6988	6763.5	2640.5	1352	2711.5	3721.5	5325.5	4942.5	3580	6185.5	1532.5	5265	4612.5	5171.5	5222.5	89319.5	4.465.975
ORTHO007888	Pseudouridine synthase family protein	AT1G09800	5634;43231;43227;43226;5575;43229;44424;44464;5623;5622;8033;34470;34660;16070;44260;43170;71704;8152;8150;44237;9987;90304;6139;46483;6725;1901360;34641;6807;44238;6396;10467;6399;1522;9451;43412;9982;16866;16853;3824;3674;3723;3676;1901363;5488;97159	5276	3261.5	2655.5	35	4356	4262.5	924	118.5	2881	8398	478.5	307.5	3642	138	136.5	3183	2967.5	286	50.5	727.5	353.5	300.5	81.5	195	29431.5	1.471.575
ORTHO005829	Amidase family protein	AT5G07360	16884;16879;16874;3824;3674;8152;8150;4040;16811;16810;16787	5277	4026	7161	9045	2097	7207	8919	7491.5	8808.5	3742.5	4086	5699	7743	5564	1168.5	6712.5	7029	6854.5	8200	8891.5	6908	8260	8585	8512	130381.5	6.519.075
ORTHO008463	Encodes a protein involved in the endoplasmic reticulum-associated degradation of glycoproteins.	AT5G35080	30246;5488;3674;5515;30970;32527;6886;15031;45184;51234;51179;8150;8104;33036;71702;6810;46907;51649;51641;34613;70727;1902582;44765;1902578;44699;16482;1903513;36503;44712;9056;8152;44710;30163;19538;43170;71704;44238;9057;1901575;44763;9987;10033;42221;50896;34976;33554;51716;6950;5788;70013;43233;31974;5575;44422;43226;44446;44424;44464;5623;5622;43229;44432;44444;5737;5783;43231;43227;12505;9651;6970;9628;30433;43161;10498;51603;6508;44257;44265;44260;44237;44248;44267;6511;19941;43632	5278	6356	5125.5	4973	7245.5	4827.5	4528.5	5439.5	1545.5	7485	6343	5395	7743	2711.5	2702.5	5325.5	4346.5	3949	3653	6322.5	4226.5	4423	4026	4898	89891	4494.55
ORTHO007928	unknown protein	AT4G33640	5737;44424;44464;5575;5623;5622;8150;3674	5279	6575	5278	5277	7245.5	762.5	5974	3608	3198	8006.5	4833	5543	1352	8776.5	8359	5325.5	7582.5	6183.5	3301	3797	1761	5924	3702.5	3411	91400.5	4.570.025
ORTHO001173_2	Xanthine/uracil permease family protein	AT4G38050	55085;44763;9987;8150;44699;44765;6810;51234;51179;1902578;5215;3674;16020;5575;5886;44464;5623;71944;16021;31224;44425;22857	5280	5655	4729.5	4179	2982.5	4561.5	4528.5	4734	8838.5	2385.5	3461	5631.5	5066	3283.5	2702.5	3976.5	7397	2558	5128	6368.5	5422.5	3111.5	2341	4291.5	85787	4289.35
ORTHO008293	ferredoxin thioredoxin reductase catalytic beta chain family protein	AT2G04700	9570;9532;44435;44444;44424;44464;5575;5623;5622;5737;44446;44422;43226;43229;9536;43231;43227;44434;9507;46872;43169;43167;5488;3674;9941;9526;31967;31975;30385;16730;16491;3824;8152;8150;55114;44710;44699	5281	4728	6604.5	7928	2982.5	9030	6506	3003.5	8331	4372	8404	5096	4071	8681	5836.5	7782	2162	5992	948.5	2713.5	6908	7603.5	2458	8491	108389.5	5.419.475
ORTHO008844	Tetratricopeptide repeat (TPR)-like superfamily protein	AT5G09450	8150;5739;43231;43227;43226;5575;43229;44424;44464;5623;5622;44444;5737;3674	5282	5570	6260.5	7239	2982.5	6085.5	8162.5	5698.5	6823.5	5577.5	7382.5	3686.5	5740	1800.5	4462	3976.5	5194	3121	5851	7012	5637	5603	5541.5	5601	102956	5147.8
ORTHO006810	HSP20-like chaperones superfamily protein	AT4G02450	3674;5829;44444;44424;44464;5575;5623;5622;5737;5886;16020;71944;9506;5911;30054;55044	5283	7181	6773	8263	7947.5	5833.5	2414	8181.5	3895.5	4372	7734.5	8562.5	7963	2711.5	3936.5	8358	5457.5	3121	6531	7012	7052	5213.5	7946.5	5601	111897	5594.85
ORTHO002081	cyclin-dependent kinase C	AT5G10270;AT5G64960	5524;35639;1901265;1901363;5488;3674;97159;43168;43167;32559;30554;17076;166;36094;32555;32553;97367;32550;32549;1882;1883;6468;16310;6796;6793;44237;8152;8150;9987;6464;36211;19538;43170;71704;44238;43412;44267;44260;48366;48827;48856;32502;48367;44767;44699;48731;7275;44707;32501;5829;44444;44424;44464;5575;5623;5622;5737;16301;16772;16740;3824;4693;97472;4672;16773;51726;50794;50789;65007;4674;5515;9615;51707;43207;9605;50896;9607;51704;8353;5634;43231;43227;43226;43229;6397;16071;16070;90304;6139;46483;6725;1901360;34641;6807;6396;10467;5874;44430;44446;44422;5856;43232;43228;43234;32991;15630;48440;48437;44702;22414;3006;48569;48513;9908;90567;48608;61458;9791;48467;48438;50792;43903;43900;16604;44451;44428;5654;31981;70013;43233;31974;5681;30529	5284	7212	4841.5	4399	6194	2776	8983	4670	2202	8398	3674	5543	3048	2711.5	2702.5	5325.5	4054.5	4400	4388	3448	6578.5	3222.5	6326.5	4413.5	86865	4343.25
ORTHO006680	Outer arm dynein light chain 1 protein	AT4G03260	46777;6468;16310;6796;6793;44237;8152;8150;9987;6464;36211;19538;43170;71704;44238;43412;44267;44260;4674;4672;16301;16772;16740;3824;3674;16773;5634;43231;43227;43226;5575;43229;44424;44464;5623;5622	5285	5537	6449	7613	6478.5	5904	4118.5	8850	9118.5	7722.5	7199	8026.5	5740	1800.5	4233.5	3976.5	867	3121	5851	7080	5422.5	5603	5407	5601	105642	5282.1
ORTHO002683	AAA-type ATPase family protein	AT4G04910	46872;43169;43167;5488;3674;5515;5794;43231;43227;43226;5575;43229;44424;44464;5623;5622;44444;5737;12505;5524;35639;1901265;1901363;97159;43168;32559;30554;17076;166;36094;32555;32553;97367;32550;32549;1882;1883;9506;5911;30054;55044;5886;16020;71944;5773	5286	8610	6626.5	7967	8471	7169.5	8843	8445	4253	3303	3639.5	5877.5	4865.5	590	1812.5	8925	6027	6784	7509	6001	8468.5	1735	6040	8420	108708	5435.4
ORTHO008616	KNOTTED-like homeobox of Arabidopsis thaliana 7	AT1G62990	5634;43231;43227;43226;5575;43229;44424;44464;5623;5622;2000652;44087;50789;65007;8150;1903338;50794;3677;3676;1901363;5488;3674;97159;45892;1903507;1903506;2001141;31326;9889;19222;31323;51252;19219;80090;51171;60255;10556;1902679;51253;10605;9892;48519;45934;51172;31324;48523;31327;9890;10558;10629;10468;6355;2000112;2000113;10089;10087;9888;48856;32502;3700;1071	5287	7828	5922	6557	8202.5	9094	3327	4734	5619	5741	6173.5	8311	3059	906.5	2396.5	5325.5	4464.5	1780	6700.5	7498.5	5422.5	3609.5	6538.5	7860.5	98561.5	4.928.075
ORTHO007249	DNA repair (Rad51) family protein	AT3G22880	5515;5488;3674;7131;35825;6310;6259;44260;43170;71704;8152;8150;44237;9987;90304;6139;46483;6725;1901360;34641;6807;44238;1903046;22402;44763;44699;7049;51321;3;44710;7127;7126;280;48285;6996;16043;71840;1902589;5634;43231;43227;43226;5575;43229;44424;44464;5623;5622;5524;35639;1901265;1901363;97159;43168;43167;32559;30554;17076;166;36094;32555;32553;97367;32550;32549;1882;1883;51026;22607;44085;7129;70192;51276;45143;45132;98813;7059;6281;6974;33554;51716;50896;6950;3684;3677;3676;8094;42623;16887;17111;16462;16818;16817;16787;3824	5288	6159	6964.5	8641	7245.5	7207	6039	7192	7325.5	6167	8675.5	3775.5	1352	8418.5	8838	5325.5	1155.5	5720	8173	3899.5	8496	7725	5171.5	8062	118718	5935.9
ORTHO000309_3	Formin Homology 14	AT1G31810	9524;44444;44424;44464;5575;5623;5622;5737;51015;32403;44877;5488;3674;5515;3779;8092;8017;15631;9574;44430;44446;44422;43226;43229;5856;43232;43228;15630;9556;48236;44702;22414;8150;44699;3006;32502;51321;7049;44763;9987;3;48869;44767;48856;9555;48229;7275;44707;32501;5819;4721;16791;42578;16788;16787;3824;8152;16311;6796;6793;44237;6470;6464;36211;19538;43170;71704;44238;43412;44267;44260	5289	1959	3891	2493	4356	2054	924	1426	2743.5	3412.5	2809.5	6651.5	1352	5110.5	693	1429.5	2261.5	8045.5	8957	1426	8738	8454	2657	6850.5	75995.5	3.799.775
ORTHO003739	Auxin efflux carrier family protein	AT1G71090	55085;44763;9987;8150;44699;44765;6810;51234;51179;1902578;9926;60918;9914;10817;65008;65007;16021;31224;44425;5575;16020;98655;6812;6811;34220;9672;15294;15293;15291;22804;22857;5215;3674;8324;15075;22891;22892;80161;15992;15672;6818	5290	5413	4055.5	2821	2982.5	866.5	4457	1604.5	1916	7620	2539	3422.5	6227	1800.5	5034.5	3976.5	6409	3121	224.5	5126.5	7254	5603	4199	6553	77954	3897.7
ORTHO008838	FUNCTIONS IN: molecular_function unknown	AT1G32120	5634;43231;43227;43226;5575;43229;44424;44464;5623;5622;16020;8150;3674	5291	3470	3545.5	1800	2097	6227.5	5833	6428.5	2611.5	1893	6763.5	307.5	4955.5	3815.5	3047.5	3976.5	562	3121	3553	2092	4519	3453.5	5586.5	2121	70867.5	3.543.375
ORTHO008105	F-box family protein	AT5G39250	5634;43231;43227;43226;5575;43229;44424;44464;5623;5622;3674	5292	3289	3023	754	2097	2672	6200	291	1994.5	3672	1810	6240	1352	4206	3047.5	1606	7630.5	5101.5	3312.5	1460	4103	799	793.5	1958.5	58249.5	2.912.475
ORTHO001999	U-box domain-containing protein kinase family protein	AT4G25160;AT5G51270;AT5G61550;AT5G61560	5515;5488;3674;16301;16772;16740;3824;8152;8150;16310;6796;6793;44237;9987;5634;43231;43227;43226;5575;43229;44424;44464;5623;5622;16874;5524;35639;1901265;1901363;97159;43168;43167;32559;30554;17076;166;36094;32555;32553;97367;32550;32549;1882;1883;16567;32446;70647;6464;36211;19538;43170;71704;44238;43412;44267;44260;9507;9536;44444;5737;4674;4672;16773;6468;4842;19787;5886;16020;71944	5293	6440	4881.25	4469.5	8320.5	361.5	6731	705.5	3471	8934.5	4510	7069.5	1352	5878	1145.5	3976.5	9081	9059	2997	3377.5	153.5	7756.5	2846	7792.5	87198	4359.9
ORTHO008954	pentatricopeptide (PPR) repeat-containing protein	AT5G12100	5739;43231;43227;43226;5575;43229;44424;44464;5623;5622;44444;5737;8270;46914;46872;43169;43167;5488;3674	5294	5899	4815.5	4337	2982.5	5547	4118.5	5077	5355.5	6621	3526	7039.5	5740	3431.5	4124.5	5325.5	2478.5	3121	5347.5	6923.5	5170.5	1179	629	5806	86561	4328.05
ORTHO007448	UDP-N-acetylglucosamine (UAA) transporter family	AT4G31600	16021;31224;44425;5575;16020;5886;44464;5623;71944;48527;48528;9791;44767;32502;8150;44699;44707;32501;7275;48364;48513;48856;48731;22622;48569;5794;43231;43227;43226;43229;44424;5622;44444;5737;12505;15785;15781;15780;1901264;44765;6810;51234;51179;1902578;71702;6862;15748;15931;71705;15711;6820;6811;72334;34219;55085;44763;9987;8643;98656;34220;90481;72531;1901679;80147;48468;48869;30154;48765;10053;90627;10015;9653;90558;9888;48764;48469;21700;10054;15297;15291;22804;22857;5215;3674;5459;15165;5338;1901505;15215;15605;1901677;15932;22891;22892;5460;8514;8509;15075;15786	5295	4649	6844.5	8394	2982.5	4396.5	7422	6978.5	7325.5	4582	7524	4724	7121	8123.5	7713.5	7782	4346.5	4507	4485	1177	4833.5	6429	7244	7075	113789.5	5.689.475
ORTHO005109	Ribonuclease II/R family protein	AT1G77680	3723;3676;1901363;5488;3674;97159;5737;44424;44464;5575;5623;5622;4540;4518;16788;16787;3824;8152;8150;90305;90304;6139;46483;44237;9987;6725;1901360;71704;34641;6807;44238;43170;90501;16070;44260	5296	3972	3555	1814	4356	3949	3025	3361.5	931	7539	6173.5	8051	3207	3815.5	2396.5	6712.5	3426.5	1406.5	216	6322.5	1673.5	2608	4468.5	1794	71077	3553.85
ORTHO006070	copper ion binding	AT2G27730	5747;45271;30964;98796;43234;32991;5575;44425;16020;1990204;1902494;44464;5623;98803;70469;98800;98798;44429;44444;44424;5622;5737;44446;44422;43226;43229;5739;43231;43227;44455;31966;31090;5740;31967;31975;5743;19866;5746;5730;44428;5634;43232;43228;31981;70013;43233;31974;5773;5507;46914;46872;43169;43167;5488;3674;9853;43094;44249;9058;8152;8150;44237;9987	5297	6789	7230	9163	7662	8943.5	8645.5	6652	8259	6247	8314	5572	8605	7213.5	8240.5	6712.5	6955.5	4887	7562	8551.5	7254	7301.5	7667.5	7591	141174.5	7.058.725
ORTHO004984	DNA-binding HORMA family protein	AT1G67370	3677;3676;1901363;5488;3674;97159;794;228;44428;44446;44422;5575;43226;44424;44464;5623;5622;43229;5634;43231;43227;5694;43232;43228;31981;70013;43233;31974;793;51026;22607;16043;71840;8150;9987;44085;1903046;22402;44763;44699;7049;51321;3;7129;70192;51276;6996;1902589;7126;280;48285;45143;45132;98813;7059;7127;7131;35825;6310;6259;44260;43170;71704;8152;44237;90304;6139;46483;6725;1901360;34641;6807;44238;44710;7130;70193;5654;785;44427;32991	5298	5448	5762.5	6227	2982.5	8619.5	6700.5	3778	1916	3240.5	2992.5	7639.5	1352	5581	810.5	3976.5	8711.5	8631	6185.5	4211	3870	7358	2079	8882.5	96535	4826.75
ORTHO008786	anaphase promoting complex 10	AT2G18290	51301;44763;9987;8150;44699;30071;1901990;1901987;10564;51726;50794;50789;65007;7346;1902099;7088;51783;33043;51128;51302;32434;61136;1903050;1903362;31329;9894;19222;31323;42176;51246;80090;60255;32268;30162;5680;152;44428;44446;44422;5575;43226;44424;44464;5623;5622;43229;5634;43231;43227;151;1990234;1902494;43234;32991;31461;5515;5488;3674;16567;32446;70647;6464;36211;19538;43170;71704;8152;44238;43412;44267;44260;44237;31145;43161;10498;51603;6508;44257;30163;9057;1901575;9056;44265;44248;6511;19941;43632;32876;10948;45786;48523;48519;2000104;8156;51053;10605;9892;45934;19219;51171;51172;31324;51052;6275;2000112;31326;9889;10556;2000113;31327;9890;10558;90329;32875;7067;280;48285;6996;16043;71840;1903047;22402;7049;278;1902589;16604;44451;5654;31981;70013;43233;31974;10087;9888;48856;32502;8283	5299	5487	6636	7973	2982.5	7116	3025	2185	5994	3785.5	7886	8224	6617.5	1800.5	5413.5	3976.5	6409	3949	7042	8320	7386	6266	6854	6553	108802.5	5.440.125
ORTHO007133	AMP-dependent synthetase and ligase family protein	AT3G16170	90410;43649;43648;19752;43436;6082;71704;8152;8150;44281;44710;44699;44763;9987;44237;46395;16054;44282;44712;9056;1901575;44248;16020;5575;5634;43231;43227;43226;43229;44424;44464;5623;5622;90409;16878;16877;16874;3824;3674;5739;44444;5737;6631;44255;6629;44238;32787;5829;16208;32559;30554;17076;166;36094;5488;1901265;1901363;97159;32555;32553;97367;32550;32549;1882;1883;43168;43167;43169	5300	4758	3944	2588	5938.5	6313	2703	2250	1234	4871.5	6543	3422.5	6071.5	1800.5	5034.5	6712.5	1764.5	2199.5	2922	6467.5	4103	2608	3510.5	6057.5	76588.5	3.829.425
ORTHO009613	CAX interacting protein 1	AT3G54900	9941;9526;31967;31975;44464;5575;5623;44446;44422;43226;44424;5622;43229;43227;44435;44444;5737;9536;43231;44434;9507;9570;9532;45454;19725;42592;65008;65007;8150;44763;9987;44699;50794;50789;46872;43169;43167;5488;3674;15297;15291;22804;22857;5215;6810;51234;51179;55085;44765;1902578;51537;51536;51540;9055;15038;15037;15036;16667;16491;3824;8152;55114;44710;15035;6812;6811	5301	6276	6944.5	8588	5651.5	3425	4948.5	8778	7831	8319	4663	7541.5	8094	6971	9104	6712.5	8637.5	3580	1989	8478	2257	6129	4668	5433.5	117559.5	5.877.975
ORTHO002939	EXORDIUM like 2	AT5G64260	5794;43231;43227;43226;5575;43229;44424;44464;5623;5622;44444;5737;12505;5829;48046;5576;9506;5911;30054;55044;5615;44421;9505;5618;30312;71944;9507;9536;8150;3674	5302	8187	6356.5	7411	7245.5	6707.5	7600	7935.5	5994	6573.5	7040	4467	3033.5	906.5	2396.5	5325.5	6549	663.5	7197.5	6001	6908	3955.5	7156	7860.5	104270.5	5.213.525
ORTHO001080_2	FIZZY-related 3	AT5G13840	7067;280;48285;6996;16043;71840;8150;9987;1903047;22402;44763;44699;7049;278;1902589;16567;32446;70647;6464;36211;19538;43170;71704;8152;44238;43412;44267;44260;44237;5515;5488;3674;4871;60089;7165;50794;50789;65007;51716;50896;7154;44700;23052;5834;1902494;43234;32991;5575;98797;44459;44464;5623;44425;16020;5886;71944;98796;44424;5622;31234;19897;19898;9898;98562;98552;5634;43231;43227;43226;43229	5303	5748	2766	229	2982.5	1777	6755	3824.5	3198	8535.5	5062.5	2291.5	1352	138	136.5	3183	2620.5	355.5	1086	1189.5	1982	205	403.5	348.5	44444	2222.2
ORTHO005618	FUNCTIONS IN: molecular_function unknown	AT5G66540	5829;44444;44424;44464;5575;5623;5622;5737;5730;44428;44446;44422;43226;43229;5634;43231;43227;43232;43228;31981;70013;43233;31974;5732;30529;32991;34457;44452;43234;30686;30684;3674	5304	6180	6863	8422	7245.5	3896.5	8474	6507.5	3991.5	8168.5	3269.5	5600.5	3738	8028.5	8203.5	5325.5	6825	4253	472.5	8478	7254	7259	7611.5	6949.5	114306	5715.3
ORTHO007191	Tetratricopeptide repeat (TPR)-like superfamily protein	AT1G80150	8150;5739;43231;43227;43226;5575;43229;44424;44464;5623;5622;44444;5737;3674	5305	5034	6911.5	8518	5938.5	8643	8971	6831.5	7455	5757	8450	5327.5	7189	8316	7804.5	6712.5	1973	4507	629.5	5094	7568	6077	1705	7120	116130.5	5.806.525
ORTHO006154	autophagy 2	AT3G19190	45;70925;6996;16043;71840;8150;9987;22607;44085;7033;16236;44712;9056;8152;44710;44699;6914;44248;44237;9267;31669;31667;9991;9605;50896;31668;51716;71496;7154;44763;42594;6950;33554;44804;6995;43562;5634;43231;43227;43226;5575;43229;44424;44464;5623;5622;3674;10150;10260;7568;44767;32502;48513;48856;48731;7275;44707;32501;48366;48827;48367;407;44444;5737;422;61726;1903008;1902589;22411;7005;19898;44425;16020	5306	2468	4007.5	2709	4356	3073.5	4758.5	3563	6379.5	2101.5	1144	7575.5	1352	5549.5	1278.5	6712.5	8051	7251.5	2278	2033	3027	6512.5	1918	2850	77409	3870.45
ORTHO007256	ubiquitin-associated (UBA)/TS-N domain-containing protein	AT2G12550	5634;43231;43227;43226;5575;43229;44424;44464;5623;5622	5307	4451	6116.5	6926	2982.5	679	4341	3147.5	1328.5	8006.5	4107	8339.5	8306	5757.5	1145.5	6712.5	8117.5	6265.5	2386	8661.5	5779	7038.5	2239	8491	100848.5	5.042.425
ORTHO004468	Essential protein Yae1; N-terminal	AT1G34570;AT3G15750	3674;8150;5575	5308	4948	3485	1662	5238	4647.5	3513	4034.5	4705.5	4455.5	5333	4949	4259.5	3497	5969	2080.5	3245	1386	3421.5	4687	4321	1310	3001.5	741	69557	3477.85
ORTHO005794	Zinc finger (C2H2 type) family protein / transcription factor jumonji (jmj) family protein	AT5G04240	5634;43231;43227;43226;5575;43229;44424;44464;5623;5622;55114;44710;8152;8150;44699;3676;1901363;5488;3674;97159;51213;16491;3824;46872;43169;43167;5515;48579;48581;48580;2000026;50793;50789;65007;51239;51241;48519;51093;48585;48583;48586;2000028;2000241;2000242;6355;1903506;2001141;31326;9889;19222;31323;50794;51252;19219;80090;51171;60255;10556;10468;2000112;33169;70076;16577;16570;16569;16568;6325;43933;16043;71840;9987;51276;6996;6464;36211;19538;43170;71704;44238;43412;44267;44260;44237;1902589;44763;6482;70988;8214;9826;902;32989;9653;32502;48856;48869;44767;60560;48589;40007;16049;48577;48587;3700;1071;9741;9725;9719;50896;10033;42221;14070;33993;97305;1901700;6351;34645;9059;1901576;9058;44249;97659;32774;16070;90304;6139;46483;6725;1901360;34641;6807;34654;19438;44271;18130;1901362;10467	5309	2369	5199	5089	4356	3020	6055.5	236.5	3724.5	6038.5	3136.5	7565	8306	6004.5	3265	7419	7922.5	7967.5	2361.5	3146	2224.5	7950.5	2513.5	1644	90501	4525.05
ORTHO008020	Calcium-binding EF-hand family protein	AT2G27480	5509;46872;43169;43167;5488;3674;5737;44424;44464;5575;5623;5622;8150	5310	3392	4028.5	2747	4356	6529	2328.5	2322	1839.5	3084.5	1981	7888.5	3406.5	3815.5	3265	6712.5	3958.5	3121	3792	6860	4668.5	3754	5902.5	2314	77543	3877.15
ORTHO007108	GCIP-interacting family protein	AT2G16860	3674;5737;44424;44464;5575;5623;5622;71010;5681;44428;44446;44422;43226;43229;5634;43231;43227;30529;32991;71014;398;6397;16071;16070;44260;43170;71704;8152;8150;44237;9987;90304;6139;46483;6725;1901360;34641;6807;44238;6396;10467;377;375;8380;71013;71012;974;43234	5311	5266	6925.25	8539.5	2982.5	7411.5	6925	3824.5	7561.5	1842.5	4833	5172.5	1352	5635	1040.5	3976.5	7091.5	8824.5	8694.5	8551.5	8153	8330.5	8686.5	8649.5	116556	5827.8
ORTHO007903	FUNCTIONS IN: molecular_function unknown	AT4G28200	5634;43231;43227;43226;5575;43229;44424;44464;5623;5622	5312	3261.5	5801	6290	4356	3386.5	7060	917.5	4507	6198.5	4465	6240	1352	8627	7619.5	7782	8695.5	8959	2454	2455	3001	7087	1802.5	4291.5	96900.5	4.845.025
ORTHO005686	CBF1-interacting co-repressor CIR; N-terminal	AT2G44195;AT2G44200	3674;5634;43231;43227;43226;5575;43229;44424;44464;5623;5622;8150	5313	5268	3993.75	2674.5	5307.5	3351.5	5955	3065	9022.5	8934.5	169.5	3034.5	5066	5959.5	1616	2080.5	2049.5	9101	7831	4925	3204.5	440	205.5	1156	77167	3858.35
ORTHO006860	Chaperone DnaJ-domain superfamily protein	AT5G42480	5515;5488;3674;10020;9658;9657;6996;16043;71840;8150;9987;43572;48285;31357;31353;31351;31350;31300;44422;5575;43226;31224;44425;16020;31090;43227;44435;44444;44424;44464;5623;5622;5737;44446;43229;9536;43231;42170;9526;31967;31975;31301;16021;31352;9528;19866;31356;44434;9507;9706;31969;9941;6457;43621	5314	3397	2711.5	109	4356	113	6961	3987	4045.5	1058	241.5	998	3888.5	138	136.5	3183	2776.5	307	1463	3231	3007.5	433	1555.5	265.5	37789	1889.45
ORTHO003636	Six-hairpin glycosidases superfamily protein	AT1G24320;AT1G67490	5789;98588;31090;16020;5575;44422;43226;43227;44432;44444;44424;44464;5623;5622;5737;44446;43229;5783;43231;12505;44425;42175;5634;6487;6486;44763;9987;8150;44699;6464;36211;19538;43170;71704;8152;44238;43412;44267;44260;44237;43413;70085;44723;5975;44710;9101;9100;1901135;34645;9059;1901576;9058;44249;1901137;4573;15926;4553;16798;16787;3824;3674;4558;90599;10053;90627;30154;48869;44767;32502;10015;9653;48856;48364;48513;48731;7275;44707;32501;22622;90558;9888;9913;30855;60429;8544	5315	5201	5253	5191	2982.5	5211.5	3960	5698.5	4365	5029.5	6070	8595.5	3541.5	1800.5	4462	5325.5	831.5	4253	6897.5	7408.5	723.5	5603	5586.5	5601	90964	4548.2
ORTHO006204	unknown protein	AT4G28100	5886;16020;5575;44464;5623;71944;3674;46658;31226;44459;44425;31224;31225;8150	5316	4842	4318.5	3321	2982.5	3232	6781.5	5957	6943.5	6687	6543	1954	3601	2711.5	5034.5	3976.5	7897.5	2199.5	122.5	4331	4321	1566.5	1035	6057.5	80952	4047.6
ORTHO010021	Reticulon family protein	AT3G54120	5789;98588;31090;16020;5575;44422;43226;43227;44432;44444;44424;44464;5623;5622;5737;44446;43229;5783;43231;12505;44425;42175;3674;16021;31224;8150	5317	6171	7193	9069	7245.5	7278	8645.5	6906	8484.5	3122	2809.5	4949	8859	7213.5	7885	5325.5	7137.5	5452.5	7950	8756	7786.5	7683.5	8202.5	7376.5	131822.5	6.591.125
ORTHO001529	GTC2	AT4G10670;AT4G10710	5634;43231;43227;43226;5575;43229;44424;44464;5623;5622;8150;6355;1903506;2001141;31326;9889;19222;50789;65007;31323;50794;51252;19219;80090;51171;60255;10556;10468;2000112;6351;34645;44260;43170;71704;8152;44237;9987;9059;1901576;9058;44249;97659;32774;16070;90304;6139;46483;6725;1901360;34641;6807;44238;34654;19438;44271;18130;1901362;10467;6281;6259;6974;33554;51716;50896;6950;44763;44699;44710;5730;44428;44446;44422;43232;43228;31981;70013;43233;31974;35101;8023;44451;5654;43234;32991;10228;3006;32502;22414;48608;48856;61458;48731;7275;44767;44707;32501;9791;5719;790;785;44427;5694;44454;228;791;6260	5318	2053	4494	3670	4356	349	7294.5	834.5	7831	2642.5	5407.5	6393	3846.5	6542.5	8163.5	2476	3958.5	5720	4607.5	711.5	3870	4308.5	4668	3238	82862.5	4.143.125
ORTHO002174	ubiquitin protein ligase 5	AT4G12570	16567;32446;70647;6464;36211;19538;43170;71704;8152;8150;44238;43412;44267;44260;44237;9987;4842;19787;16740;3824;3674;42787;6511;19941;51603;6508;44257;30163;9057;1901575;9056;44265;44248;43632;5634;43231;43227;43226;5575;43229;44424;44464;5623;5622;5515;5488;9753;9725;9719;50896;10033;42221;1101;1901700;61630;61659;42542;302;6979;6950;10035;10150;10260;7568;44767;32502;44699;48513;48856;48731;7275;44707;32501;48366;48827;48367;5737	5319	6162	5814	6309	5651.5	5580	8499.5	5698.5	5994	3017.5	2402	2343.5	6071.5	1800.5	4705.5	5325.5	5764.5	3580	7042	8721.5	2123	5924	6040	6379.5	97012.5	4.850.625
ORTHO005681	pyrimidine d	AT5G23300	5743;19866;31090;16020;5575;44422;43226;43227;44424;44464;5623;5622;31967;31975;44446;43229;31966;44429;44444;5737;5739;43231;5740;9220;9260;46390;19693;19637;71704;8152;8150;6793;44237;9987;1901135;6796;90407;1901576;9058;1901137;9165;1901293;6753;55086;6139;46483;6725;1901360;34641;6807;44238;44281;44710;44699;44763;34654;19438;44249;44271;18130;1901362;44711;9117;9259;9218;6220;72527;1901564;6221;72528;1901566;4152;16635;16627;16491;3824;3674;55114;44205;6222;9174;9173;9161;9123;9129;9130;9124;9156;46132;46131;9119;9116;1901657;6213;46134;9163;1901659;42455;46049;6207;19856;6206;9112;46112	5320	4651	6265.5	7211	5938.5	1777	6236.5	2684	1430.5	2569	3526	9026	8859	7387.5	5596.5	7419	7799	7028	8435	843	8083.5	8604	2901	2575	102779.5	5.138.975
ORTHO007118	Polynucleotidyl transferase; ribonuclease H-like superfamily protein	AT5G25800	5622;44464;5575;5623;5634;43231;43227;43226;43229;44424;4527;4518;16788;16787;3824;3674;8152;8150;90305;90304;6139;46483;44237;9987;6725;1901360;71704;34641;6807;44238;43170;3676;1901363;5488;97159	5321	6067	6183.5	7046	5552	6382	9153.5	7637	493.5	8398	3136.5	5877.5	1352	8736.5	8404	6712.5	8849	8237	2857.5	2373.5	306.5	4612.5	1405.5	6732.5	101657	5082.85
ORTHO006487	Protein of unknown function (DUF1423)	AT1G05410	5634;43231;43227;43226;5575;43229;44424;44464;5623;5622;8150;3674	5322	5890	6446	7570	2982.5	6529	8324.5	5957	6823.5	2101.5	7594	3422.5	6071.5	1800.5	4705.5	3976.5	5864.5	3580	6531	7871	6180.5	5924	6040	6057.5	105354.5	5.267.725
ORTHO006857	FUNCTIONS IN: molecular_function unknown	AT3G27100	9941;9526;31967;31975;44464;5575;5623;44446;44422;43226;44424;5622;43229;43227;44435;44444;5737;9536;43231;44434;9507;124;70461;123;31248;1902493;1990234;1902494;43234;32991;44451;44428;5634;5654;31981;70013;43233;31974;45893;10628;10604;9893;48518;50789;65007;8150;19222;60255;10468;1903508;1903506;2001141;31326;9889;31323;50794;51252;19219;80090;51171;10556;1902680;51254;45935;31325;48522;51173;31328;9891;10557;6355;2000112;6368;6354;32774;9059;43170;71704;8152;1901576;9058;16070;44260;44237;9987;90304;6139;46483;6725;1901360;34641;6807;44238;34654;19438;44249;44271;18130;1901362;6351;34645;97659;10467;6366;15031;45184;51234;51179;8104;33036;71702;6810;71819;5643;5635;12505;3713;3712;989;988;3674;6406;6405;51168;6913;16482;46907;51649;51641;51169;50658;50657;15931;71705;51236;6403;51028;71427;71426;1902582;44765;1902578;44699;71166;16578;16570;16569;16568;6325;43933;16043;71840;51276;6996;6464;36211;19538;43412;44267;1902589;44763;44710;16579;70646;70647;6508;70390	5323	6654	6922	8521	5748	6382	5430	5302.5	6584	8319	3639.5	8595.5	3390	7101	7764	6712.5	5404	4253	5851	5126.5	6180.5	6679	8026.5	5433.5	116174	5808.7
ORTHO007382	unknown protein	AT5G08540	9941;9526;31967;31975;44464;5575;5623;44446;44422;43226;44424;5622;43229;43227;44435;44444;5737;9536;43231;44434;9507;9535;55035;42651;34357;16020;44436;9579;31976;31984;9534;8150;3674	5324	4162	5488.25	5652.5	5938.5	1594	4758.5	357.5	1430.5	4741	2992.5	281	1352	6601.5	8203.5	7782	8505.5	5518	7398	6689.5	1287.5	7470	8348.5	8062	93373	4668.65
ORTHO008959	Tetratricopeptide repeat (TPR)-like superfamily protein	AT3G25210	8150;8536;17016;31267;51020;19899;5515;5488;3674	5325	3647	6195.5	7066	4356	1705	2951	7084	2412.5	5081	19	4841.5	6513.5	6764.5	7017.5	7782	2626	6590	6897.5	8214	6696	7109	7818	3679.5	101801.5	5.090.075
ORTHO008504	FUNCTIONS IN: molecular_function unknown	AT2G40316	9507;9536;43231;43227;43226;5575;43229;44424;44464;5623;5622;44444;5737;3674	5326	4272	4370.75	3415.5	2982.5	6313	5903	2322	1042.5	4949	6763.5	1198.5	5066	3815.5	5034.5	6712.5	3836.5	3121	3653	1160.5	4668.5	3609.5	5826.5	6553	81548.5	4.077.425
ORTHO007960	Chaperone DnaJ-domain superfamily protein	AT2G33735	5737;44424;44464;5575;5623;5622;6457;9987;8150	5327	6449	6165.5	7004	7245.5	8909.5	3960	5213.5	2940	4329	7382.5	3686.5	8094	3374	4462	3976.5	5685	3580	6056.5	7299	5637	5603	5407	5806	101401	5070.05
ORTHO008361	ATP-dependent protease La (LON) domain protein	AT1G19740;AT1G75460	9570;9532;44435;44444;44424;44464;5575;5623;5622;5737;44446;44422;43226;43229;9536;43231;43227;44434;9507;4176;42623;16887;17111;16462;16818;16817;16787;3824;3674;8152;8150;70011;8233;6508;19538;43170;71704;44238	5328	6571	6060.5	6793	7245.5	8633	3025	6142.5	7899.5	2307	7999	2255.5	3626	2711.5	4842.5	3976.5	6549	3121	257	8364.5	7568	6340.5	6989	7315.5	99922.5	4.996.125
ORTHO004577	Encodes a protein involved in RNA editing in mitochondria.	AT4G20020	1900865;9451;16070;44260;43170;71704;8152;8150;44237;9987;90304;6139;46483;6725;1901360;34641;6807;44238;43412;1900864;959;5515;5488;3674;5739;43231;43227;43226;5575;43229;44424;44464;5623;5622;44444;5737	5329	6717	6257.5	7186	5748	5744.5	4244.5	8842	5619	6364	7040	3912.5	7963	2711.5	3936.5	3976.5	4998.5	3121	5502	6960	5422.5	5603	5263	5433.5	102657.5	5.132.875
ORTHO000284_3	purple acid phosphatase 26	AT5G34850	5576;5575;55114;44710;8152;8150;44699;4722;4721;16791;42578;16788;16787;3824;3674;16311;6796;6793;44237;9987;6470;6464;36211;19538;43170;71704;44238;43412;44267;44260;42744;42743;72593;44712;9056;44763;44248;55062;72506;98771;50801;48878;42592;65008;65007;55081;55083;72505;3993;5773;43231;43227;43226;43229;44424;44464;5623;5622;44444;5737;9505;5618;30312;71944;5829;46872;43169;43167;5488;4601;16684;16491;16209	5330	7954	6775.5	8221	6857.5	4101	7665	8414.5	3568	8535.5	3674	7343	6895.5	6144.5	1616	6020.5	8849	8725.5	8008.5	3431	1955	6991	1828	7656.5	111422	5571.1
ORTHO003090	Protein of unknown function; DUF538	AT1G02816;AT4G02370	8150;5774;44437;44444;44424;44464;5575;5623;5622;5737;44446;44422;43226;43229;5773;43231;43227;98588;31090;16020;98805;5576;3674;9507;9536	5331	6090	6177	7023	5552	6529	2881	6142.5	5028	1506.5	7886	8795.5	6617.5	310.5	4842.5	3976.5	630	3949	7042	8320	7386	6266	6854	6553	101515.5	5.075.775
ORTHO008743	alpha/beta-Hydrolases superfamily protein	AT3G19970	3674;8150	5332	5556	7112.5	8893	2982.5	7278	5001	6906	6712.5	2654.5	8537.5	6981	1352	8316	7487.5	5325.5	7113.5	5452.5	7862.5	7299	7709	7637.5	8163.5	7376.5	125165.5	6.258.275
ORTHO000580_2	unknown protein	AT5G47020	8150;5576;5575;3674	5333	5621	3321.5	1310	6534	838.5	5382	4964	1839.5	8231.5	5836	5209	1352	3431.5	3521.5	3976.5	1941.5	4400	3136.5	4778	188	1910	779	4541	66256	3312.8
ORTHO009390	JOSEPHIN-like protein	AT2G29640	166;36094;5488;3674;1901265;1901363;97159;5634;43231;43227;43226;5575;43229;44424;44464;5623;5622;6508;19538;43170;71704;8152;8150;44238;8242;8238;70011;8233;16787;3824	5334	4617	6783.5	8233	5938.5	7959	2155	7372.5	800	1584.5	9015.5	1198.5	1352	8541.5	8429	7782	494	5626	7831	8832.5	7786.5	7756.5	8551.5	8491	111558.5	5.577.925
ORTHO007614	Minichromosome maintenance (MCM2/3/5) family protein	AT5G46280	6268;32508;32392;71103;51276;6996;16043;71840;8150;9987;6261;6260;6259;44260;43170;71704;8152;44237;90304;6139;46483;6725;1901360;34641;6807;44238;34645;9059;1901576;9058;44249;6270;3677;3676;1901363;5488;3674;97159;790;785;44427;44446;44422;5575;43226;44424;44464;5623;5622;43229;5694;43232;43228;32991;44454;44428;5634;43231;43227;228;31981;70013;43233;31974;8283;44699;5524;35639;1901265;43168;43167;32559;30554;17076;166;36094;32555;32553;97367;32550;32549;1882;1883;347;43234;5515;8094;42623;16887;17111;16462;16818;16817;16787;3824	5335	5314	5679.5	6024	6194	8708	2881	6142.5	8259	1674	1623	3218	1352	1800.5	5413.5	3976.5	6549	3949	3904.5	8364.5	7568	6340.5	6989	6669	95381.5	4.769.075
ORTHO007706	unknown protein	AT3G32930	9941;9526;31967;31975;44464;5575;5623;44446;44422;43226;44424;5622;43229;43227;44435;44444;5737;9536;43231;44434;9507;8150;3674	5336	5558	5681	6026	2982.5	2005.5	8400	5957	6943.5	2832.5	2290	8107.5	1352	1800.5	4705.5	5325.5	5864.5	3750.5	6531	5337	6180.5	5924	6040	6057.5	95404.5	4.770.225
ORTHO008247	Acyl-CoA N-acyltransferases (NAT) superfamily protein	AT1G21770	5777;42579;43231;43227;43226;5575;43229;44424;44464;5623;5622;44444;5737;16746;16740;3824;3674;8152;8150;5634	5337	5422	6103	6869	6358.5	1227	8474	8233.5	6124	4831.5	1414	3108	6731.5	3283.5	5413.5	3976.5	8387	4154.5	7281	8478	7636	4067	928.5	6732.5	100481.5	5.024.075
ORTHO009339	ubiquitin family protein	AT2G35360	5634;43231;43227;43226;5575;43229;44424;44464;5623;5622;3674	5338	4509	3725.75	2113.5	2982.5	1227	3025	2114.5	931	1233	6763.5	1198.5	6617.5	1800.5	5034.5	6712.5	3958.5	3121	3730.5	6860	4668.5	3453.5	4324	6553	73326.5	3.666.325
ORTHO004009	phenylalanyl-tRNA synthetase; putative / phenylalanine--tRNA ligase; putative	AT4G39280	4826;4812;16876;16875;16874;3824;3674;8152;8150;5524;35639;1901265;1901363;5488;97159;43168;43167;32559;30554;17076;166;36094;32555;32553;97367;32550;32549;1882;1883;5737;44424;44464;5575;5623;5622;5829;44444;6432;6418;43039;6399;34660;16070;44260;43170;71704;44237;9987;90304;6139;46483;6725;1901360;34641;6807;44238;43038;6520;1901564;19752;43436;6082;44281;44710;44699;44763;6412;43043;43604;43603;44271;44249;9058;6518;1901566;1901576;44267;19538;34645;9059;10467	5339	5756	3812.5	2286	6534	1594	5410	5439.5	1481	5042	6543	2291.5	3419	1800.5	3521.5	3976.5	4548.5	2724.5	5220.5	3208	4519	4612.5	4324	4898	74573.5	3.728.675
ORTHO008496	smr (Small MutS Related) domain-containing protein	AT5G23520	5737;44424;44464;5575;5623;5622	5340	4184	6141.5	6943	5196	5432.5	6937	3713.5	3162.5	5114.5	4069.5	6271	8817.5	5549.5	1254.5	2914	5365	8139	8576	7647	2356.5	7855	4391	3401.5	100967	5048.35
ORTHO007772	Ribosomal protein L17 family protein	AT3G54210	9941;9526;31967;31975;44464;5575;5623;44446;44422;43226;44424;5622;43229;43227;44435;44444;5737;9536;43231;44434;9507;5840;30529;32991;43232;43228;9570;9532;3735;5198;3674;6412;43043;43604;43603;34641;6807;8152;8150;44237;9987;44271;44249;9058;6518;1901564;71704;1901566;1901576;44267;19538;43170;44238;44260;34645;9059;10467;19843;3723;3676;1901363;5488;97159	5341	4724	5248	5155	5938.5	6529	7399.5	2114.5	7183.5	2472.5	6763.5	1198.5	6617.5	1800.5	5413.5	6712.5	210.5	3121	3857.5	8397.5	4668.5	3854	5902.5	6553	90769.5	4.538.475
ORTHO008811	CONTAINS InterPro DOMAIN/s: Inner nuclear membrane protein MAN1 (InterPro:IPR018996)	AT5G46560	5634;43231;43227;43226;5575;43229;44424;44464;5623;5622;5639;31229;44453;44428;44446;44422;44425;16020;31965;31090;5635;31967;31975;12505;31300;31224;5637;19866;31301;16021;3674;8150;5783;44444;5737;9543;31978;31977;44436;9579;44435;9536;31976;31984;44434;9507;9534	5342	3776	6721.25	8100.5	4356	1594	5303	7290.5	8808.5	5335.5	2129.5	1374.5	7189	6971	7258.5	7782	450	5626	7764.5	6467.5	8496	7683.5	8485	4117.5	110126	5506.3
ORTHO008421	GroES-like zinc-binding alcohol dehydrogenase family protein	AT3G56460	8270;46914;46872;43169;43167;5488;3674;5777;42579;43231;43227;43226;5575;43229;44424;44464;5623;5622;44444;5737;55114;44710;8152;8150;44699;16491;3824	5343	4287	5540.25	5737.5	2982.5	1329	8400	2185	5994	4073.5	6763.5	6171.5	4955.5	3815.5	5034.5	6712.5	3796.5	3121	3529	6632	5988	3374.5	5497.5	6379.5	93752.5	4.687.625
ORTHO000429_1	Alkaline-phosphatase-like family protein	AT5G17250	6506;6505;46488;6650;6644;19637;71704;8152;8150;6793;44237;9987;44255;6629;44710;44699;44238;44763;6796;46486;6664;1903509;1901135;6643;6661;46474;45017;8610;1901576;9058;44711;44249;8654;90407;6497;6464;36211;19538;43170;43412;44267;44260;42158;42157;34645;9059;9247;46467;1901137;16740;3824;3674	5344	5541	4725.75	4107.5	5238	7710.5	7819	5077	2881	8535.5	4317	6240	4249.5	3497	5886	2080.5	2944.5	2199.5	4441	6860	3870	1045	3322	2439.5	85414.5	4.270.725
ORTHO000468_3	Lung seven transmembrane receptor family protein	AT1G61670	5794;43231;43227;43226;5575;43229;44424;44464;5623;5622;44444;5737;12505;3674	5345	8432	6150	6955	8471	5974	3628.5	7588.5	4253	7722.5	6343	6981	4738	906.5	1910.5	8358	5561	663.5	6185.5	5672	6431	2923.5	6624.5	8552	101016.5	5.050.825
ORTHO010328	Pentatricopeptide repeat (PPR) superfamily protein	AT3G53700	5739;43231;43227;43226;5575;43229;44424;44464;5623;5622;44444;5737;9507;9536;9793;44702;22414;8150;44699;3006;32502;9790;44767;48856;7275;44707;32501;48316;48608;61458;48731;9791;10154	5346	6754	4837	4328	7662	2446.5	6283.5	5121.5	5484	8535.5	3596.5	6981	7031	2711.5	2396.5	3976.5	7299	2199.5	4059	2782	3870	3609.5	4006.5	4117.5	86507	4325.35
ORTHO006462	Integrase-type DNA-binding superfamily protein	AT4G18450	6355;1903506;2001141;31326;9889;19222;50789;65007;8150;31323;50794;51252;19219;80090;51171;60255;10556;10468;2000112;3700;1071;3674;5634;43231;43227;43226;5575;43229;44424;44464;5623;5622;3677;3676;1901363;5488;97159;9873;160;35556;7165;51716;9987;50896;7154;44763;44699;44700;23052;9755;32870;9725;9719;10033;42221;71495;71310;70887;71369;9723;6351;34645;44260;43170;71704;8152;44237;9059;1901576;9058;44249;97659;32774;16070;90304;6139;46483;6725;1901360;34641;6807;44238;34654;19438;44271;18130;1901362;10467;10200;10243;1901698;1901700	5347	2574	3442	1537	4356	4322	1358	1640.5	3957.5	2496	3269.5	6674.5	1352	8541.5	7017.5	7782	3521.5	5221.5	3321.5	461.5	675.5	1910	2412.5	2575	68510	3425.5
ORTHO007403	chaperone binding	AT5G58110	1671;60590;60589;30234;98772;3674;50790;19222;50789;65007;8150;65009;8047;43085;44093;9893;48518;32781;43462;51336;51345;5737;44424;44464;5575;5623;5622;51087;5515;5488	5348	5767	7010.5	8673	6534	7207	5560.5	7192	5851.5	985.5	2992.5	1755.5	7498	8316	7999	5325.5	7280.5	5720	8152.5	5160	8468.5	7972	8321	7543.5	119301	5965.05
ORTHO002714	SWAP (Suppressor-of-White-APricot)/surp domain-containing protein	AT1G14640;AT1G14650	5634;43231;43227;43226;5575;43229;44424;44464;5623;5622;3723;3676;1901363;5488;3674;97159;6396;16070;44260;43170;71704;8152;8150;44237;9987;90304;6139;46483;6725;1901360;34641;6807;44238;10467	5349	5107	6181	7013	2982.5	7677.5	6182	6741	2301	1926.5	8314	3034.5	1352	2711.5	5596.5	5325.5	7029	4253	7712	1016.5	8400	6952	7818	7120	101462.5	5.073.125
ORTHO006058	Alba DNA/RNA-binding protein	AT3G07030	3676;1901363;5488;3674;97159;5829;44444;44424;44464;5575;5623;5622;5737	5350	7066	5430.25	5510.5	7947.5	2295.5	5205.5	4964	6225	7620	7382.5	2937.5	7743	2711.5	3936.5	5325.5	4870.5	2199.5	5851	5369.5	2557.5	3955.5	6194.5	5222.5	92567	4628.35
ORTHO001519	ribosomal protein S15A	AT1G07770;AT5G59850	5774;44437;44444;44424;44464;5575;5623;5622;5737;44446;44422;43226;43229;5773;43231;43227;98588;31090;16020;98805;22626;44445;5829;5840;30529;32991;43232;43228;3735;5198;3674;5886;71944;22627;15935;44391;6412;43043;43604;43603;34641;6807;8152;8150;44237;9987;44271;44249;9058;6518;1901564;71704;1901566;1901576;44267;19538;43170;44238;44260;34645;9059;10467;9506;5911;30054;55044;5618;30312;9507;9536	5351	9122	4673.25	3995.5	9117.5	5547	605.5	9166	3117	8934.5	5299	6055	1352	5289	5836.5	8830	8542.5	507	2425	1460	472.5	510	1705	9141	84794.5	4.239.725
ORTHO007874	APRATAXIN-like	AT5G01310	6281;6259;44260;43170;71704;8152;8150;44237;9987;90304;6139;46483;6725;1901360;34641;6807;44238;6974;33554;51716;50896;6950;44763;44699;44710;9150;6163;72521;1901564;9117;6753;19637;6793;55086;44281;6796;9259;19693;1901135;6790;5634;43231;43227;43226;5575;43229;44424;44464;5623;5622;6355;1903506;2001141;31326;9889;19222;50789;65007;31323;50794;51252;19219;80090;51171;60255;10556;10468;2000112;6260;34645;9059;1901576;9058;44249;3700;1071;3674;5524;35639;1901265;1901363;5488;97159;43168;43167;32559;30554;17076;166;36094;32555;32553;97367;32550;32549;1882;1883;46872;43169;33699;35312;16895;16796;4527;4518;16788;16787;3824;90305;4529;4536;8409;46983;5515;6351;97659;32774;16070;34654;19438;44271;18130;1901362;10467;3677;3676;47627;16819;16817	5352	2137	6310	7268	4356	2054	3758	1484	8940	2524.5	2992.5	4566	8754.5	4969	274	1429.5	1396.5	8162	9043	8975	8990	8879	9093.5	6883	103168	5158.4
ORTHO000288_1	OSBP(oxysterol binding protein)-related protein 1D	AT1G13170	8142;32934;43178;36094;5488;3674;5496;97159;8289;5634;43231;43227;43226;5575;43229;44424;44464;5623;5622;8202;1901360;71704;8152;8150;6629;44710;44699;44238;6869;44765;6810;51234;51179;1902578;71702;10876;33036	5353	4298	4739.5	4126	2982.5	3531	1358	4734	3366.5	6988	8095	679.5	5740	6764.5	7764	7782	8542.5	7335.5	888	1724	1654	774.5	947.5	6850.5	85519	4275.95
ORTHO006597	TOXICOS EN LEVADURA 4	AT3G60220	16021;31224;44425;5575;16020;16567;32446;70647;6464;36211;19538;43170;71704;8152;8150;44238;43412;44267;44260;44237;9987;5634;43231;43227;43226;43229;44424;44464;5623;5622;16874;3824;3674;8270;46914;46872;43169;43167;5488;4842;19787;16740	5354	5114	6193	7032	6100.5	1729.5	5327.5	6323	6225	3530	8737.5	5699	3727	8072	7667.5	7782	1764.5	5720	4205.5	5062.5	1391	6895.5	4843.5	6850.5	101553	5077.65
ORTHO008353	DNA-binding protein; putative	AT2G03270	5524;35639;1901265;1901363;5488;3674;97159;43168;43167;32559;30554;17076;166;36094;32555;32553;97367;32550;32549;1882;1883;3677;3676;4386;17111;16462;16818;16817;16787;3824;8152;8150;5634;43231;43227;43226;5575;43229;44424;44464;5623;5622	5355	5994	5963	6571	6664	2170	8162.5	5568.5	6584	6308	7199	3686.5	5740	1800.5	4233.5	3976.5	5108	3121	5851	7080	5422.5	5603	5407	5601	98622.5	4.931.125
ORTHO001014_2	galacturonosyltransferase 10	AT2G20810	45489;271;5976;5975;71704;8152;8150;44238;43170;16051;44723;44710;44699;1901576;9058;44711;9059;45488;10393;139;98588;31090;16020;5575;44422;43226;43227;44431;44444;44424;44464;5623;5622;5737;44446;43229;5794;43231;12505;5768;71555;45229;16043;71840;9987;71554;5802;98791;31984;16758;16757;16740;3824;3674;16021;31224;44425;47262;8194	5356	4456	3463.5	1571	2982.5	4827.5	1881	1709	800	930.5	982	743.5	1352	2711.5	5034.5	3976.5	4761	4253	4607.5	7747	6696	5213.5	7486	3103.5	68815.5	3.440.775
ORTHO006328	proton gradient regulation 7	AT3G21200	9534;31976;9579;44424;44464;5575;5623;5622;31984;44446;44422;43226;43229;43227;44435;44444;5737;9536;43231;44434;9507;5515;5488;3674;15995;6779;51188;51186;44237;8152;8150;9987;44249;9058;6778;33013;46483;6725;1901360;71704;1901564;6807;33014;19438;44271;34641;18130;1901362;1901576;1901566;46148;42440;44710;44699;44711;44763;15994;9570;9532;9791;44767;32502;44707;32501;7275;6783;42168;70455;51194;31325;9893;48518;50789;65007;19222;48522;50794;31323;51193;70453;1901463;31326;9889;1901401;51171;1901465;31328;9891;1901403;51173;9767;22900;6091;55114;19684;15979;43495	5357	4000	7074	8791	5748	6946	5238	8651	8705	266	3917	5295.5	8675.5	5445	892.5	3976.5	8832.5	7446.5	8720.5	8691.5	8400	8588.5	6709	6801.5	122198	6109.9
ORTHO007207	2-oxoglutarate (2OG) and Fe(II)-dependent oxygenase superfamily protein	AT3G20810	10452;34968;16571;6479;43414;44260;43170;71704;8152;8150;44237;9987;32259;43412;8213;6464;36211;19538;44238;44267;16570;16569;16568;6325;43933;16043;71840;51276;6996;1902589;44763;44699;44710;18022;18205;18193;70544;70076;16577;6482;70988;8214;5737;44424;44464;5575;5623;5622;3700;1071;3674;2001141;31326;9889;19222;50789;65007;31323;50794;51252;19219;80090;51171;60255;10556;6355;1903506;10468;2000112;7623;48511;5634;43231;43227;43226;43229;46975;18024;16279;16278;8170;8168;16741;16740;3824;8757;8276;42054;42752	5358	6702	7135.5	8913	7662	4212	8930	4281	8392	6645	3831.5	6316	9031.5	5770	766.5	3976.5	8520.5	7117	8310	9064.5	8618.5	8588.5	4500.5	8812	125683.5	6.284.175
ORTHO004357	Domain of unknown function (DUF298)	AT1G15860	5634;43231;43227;43226;5575;43229;44424;44464;5623;5622;8150	5359	7019	5096.5	4834	6194	4613.5	7155	4424	8467	7216	5685.5	7997	6227	3283.5	1616	5325.5	3426.5	1494	4113.5	3850	3870	1735	5322	3383	89204	4460.2
ORTHO007544	plastid transcriptionally active 18	AT2G32180;AT2G32650	9507;9536;43231;43227;43226;5575;43229;44424;44464;5623;5622;44444;5737;9295;9508;229;5694;43232;43228;44435;44446;44422;42646;9532;3674;8150	5360	5453	6281	7202	5552	9004.5	2528	6264	1839.5	1208.5	8095	3034.5	1352	4344	5718	3976.5	6692.5	3949	7281	8478	7786.5	6895.5	7554.5	6732.5	102734	5136.7
ORTHO003925	Tetratricopeptide repeat (TPR)-like superfamily protein	AT4G37460	16021;31224;44425;5575;16020;42742;9617;51707;43207;9605;50896;8150;9607;51704;98542;6952;6950;5515;5488;3674;43231;43227;43226;43229;44424;44464;5623;5622;5634;9816;9814;45087;6955;2376;32947;5198;48471;44444;5737;5783;12505;45892;1903507;1903506;2001141;31326;9889;19222;50789;65007;31323;50794;51252;19219;80090;51171;60255;10556;1902679;51253;10605;9892;48519;45934;51172;31324;48523;31327;9890;10558;10629;10468;6355;2000112;2000113;31348;31347;80134;48583;48585	5361	4465	5789	6217	5238	7241	3224.5	7762	800	3672	2653	1658	6316	8316	8359	2914	4004	7151.5	8217.5	8077	3756	6895.5	4345.5	1106.5	96469	4823.45
ORTHO002953	Galactose oxidase/kelch repeat superfamily protein	AT1G15670;AT1G80440	80037;9968;9966;10646;50794;50789;65007;8150;48583;23051;48585;48519;10648;48523;23057;80036;2000762;43455;19222;31323;5634;43231;43227;43226;5575;43229;44424;44464;5623;5622;5829;44444;5737;3674;19005;31461;151;1990234;1902494;43234;32991	5362	8270	7142	8922	8341	8334.5	6361.5	3811	9024.5	3317	1623	4467	6513.5	6332.5	7518.5	6712.5	7267.5	8832	9133	2794.5	8850	7756.5	8675	8670.5	125994.5	6.299.725
ORTHO008107	alpha/beta-Hydrolases superfamily protein	AT1G32190	5576;5575;5886;16020;44464;5623;71944;16787;3824;3674;8152;8150	5363	4862	3835.5	2308	5938.5	1227	2328.5	6573	8259	1409.5	1810	1198.5	1352	1800.5	5034.5	6712.5	4004	3121	3792	6860	4668.5	3609.5	4366	6553	74679	3733.95
ORTHO006321	unknown protein	AT1G06590	5634;43231;43227;43226;5575;43229;44424;44464;5623;5622;7067;280;48285;6996;16043;71840;8150;9987;1903047;22402;44763;44699;7049;278;1902589;16567;32446;70647;6464;36211;19538;43170;71704;8152;44238;43412;44267;44260;44237;51301;5515;5488;3674	5364	4015	4256	3148	5196	4655.5	3513	6741	8101	6345	478.5	6543.5	3279.5	3497	4462	2914	2982	7525.5	4165.5	6274.5	3417.5	1310	3020	757.5	79982.5	3.999.125
ORTHO007889	BTB/POZ domain with WD40/YVTN repeat-like protein	AT5G41330	16567;32446;70647;6464;36211;19538;43170;71704;8152;8150;44238;43412;44267;44260;44237;9987;8076;34705;34703;34702;1902495;98796;43234;32991;5575;44425;16020;1990351;16021;31224;98797;44459;44464;5623;5886;71944;5887;31226;5634;43231;43227;43226;43229;44424;5622;6813;15672;6812;6811;44765;6810;51234;51179;1902578;44699;30001;51260;51259;6461;65003;43933;16043;71840;22607;44085;71822;70271;5249;22843;5261;5216;15075;22891;22857;5215;3674;55085;44763;22892;34220;22838;15267;22803;8324;98655;5244;22832;22836;51049;32879;50789;65007;34765;34762;50794;43269;5267;15079;15077;22890;46873;71805;98662;98660;71804	5365	6954	6036.5	6708	7947.5	7008.5	5261.5	4964	4740.5	4515	7382.5	2640.5	7743	2711.5	3721.5	5325.5	7432	2558	6109.5	4297.5	6431	4308.5	7048.5	5222.5	99421.5	4.971.075
ORTHO008683	NA	NA	NA	5366	6017	5728.5	6091	6664	5155.5	3960	5568.5	5619	6020	7199	3686.5	3521	1800.5	3936.5	5325.5	5108	3121	6531	7194	5422.5	5603	5407	5601	95779.5	4.788.975
ORTHO008148	HSP40/DnaJ peptide-binding protein	AT1G11040	6457;9987;8150;5634;43231;43227;43226;5575;43229;44424;44464;5623;5622;51082;5515;5488;3674	5367	6251	5505	5643	5651.5	8868.5	5163.5	5348	7561.5	7620	5726.5	7870.5	3152	2711.5	2702.5	5325.5	8542.5	2558	4548.5	843	864.5	4471.5	4748	4678.5	93304.5	4.665.225
ORTHO001851	Ubiquitin supergroup	AT2G36170;AT3G52590	22625;15934;44391;30529;32991;5575;44424;44464;5623;5622;44444;5737;44446;44422;43226;43229;5840;43232;43228;44445;5829;22626;5730;44428;5634;43231;43227;31981;70013;43233;31974;6412;43043;43604;43603;34641;6807;8152;8150;44237;9987;44271;44249;9058;6518;1901564;71704;1901566;1901576;44267;19538;43170;44238;44260;34645;9059;10467;3735;5198;3674;9793;44702;22414;44699;3006;32502;9790;44767;48856;7275;44707;32501;48316;48608;61458;48731;9791;10154;16567;32446;70647;6464;36211;43412	5368	8798	5483	5598	8753	2629	8902.5	4640	5071	4578	6173.5	7343	4865.5	6247	6639	5325.5	8980.5	1425.5	5272.5	5215.5	3016.5	1613	793.5	4291.5	93022.5	4.651.125
ORTHO009599	tobamovirus multiplication 2B	AT1G32370	3674;46786;16032;44764;51704;8150;9987;44403;44419;19079;19058	5369	4553	4324.5	3280	2982.5	6529	2328.5	6573	7325.5	763	6763.5	1198.5	1352	1800.5	5413.5	3976.5	4054.5	3121	3904.5	6860	1795	4067	6282.5	6669	80777	4038.85
ORTHO007199	Dynamin related protein 5A	AT1G53140	5525;35639;1901265;1901363;5488;3674;97159;43168;43167;32550;32549;1882;36094;97367;1883;32561;19001;17076;166;32555;32553;9524;44444;44424;44464;5575;5623;5622;5737;9504;910;22402;44763;9987;8150;44699;7049;51301;5874;44430;44446;44422;43226;43229;5856;43232;43228;43234;32991;15630;3924;17111;16462;16818;16817;16787;3824;8152	5370	2701	6559	7748	4356	1089	1881	917.5	8423.5	4042.5	1623	1576.5	7963	7909	7804.5	7782	6752	6737.5	7712	5887	7568	7470	8405	5222.5	106765.5	5.338.275
ORTHO006305	PIN domain-like family protein	AT2G46230	5634;43231;43227;43226;5575;43229;44424;44464;5623;5622;3674	5371	5143	5850.5	6330	6100.5	8600	3025	2322	7183.5	5665	1981	3218	6617.5	1375.5	5254.5	6712.5	6409	3580	1374.5	6754	7386	6266	6854	6553	97131	4856.55
ORTHO008414	Domain of unknown function (DUF966)	AT5G10150	3674;8150;5634;43231;43227;43226;5575;43229;44424;44464;5623;5622	5372	5471	4626	3880	2982.5	2239.5	4244.5	5568.5	3302	4393	6070	4421	5740	1800.5	4124.5	3976.5	367.5	4253	6056.5	6103	5422.5	5603	5171.5	5222.5	84079.5	4.203.975
ORTHO003444	BEST Arabidopsis thaliana protein match is: Glycine-rich protein family (TAIR:AT5G49350.2)	AT1G56320;AT5G49350	3674;31225;31224;44425;5575;16020;8150;9507;9536;43231;43227;43226;43229;44424;44464;5623;5622;44444;5737	5373	7742	4427.5	3482	8259	7499.5	3513	4571	2367.5	8319	6343	8522.5	2954.5	906.5	1910.5	5325.5	4464.5	507	2078.5	7080	4946	2433.5	3884	4291.5	81917.5	4.095.875
ORTHO009603	Calcium-binding EF-hand family protein	AT3G10300	5509;46872;43169;43167;5488;3674	5374	7669	5638.5	5903	7947.5	5285	4118.5	4826.5	6225	8063.5	2539	8362	7743	2711.5	2910	5325.5	4666	2199.5	5648	7692.5	210.5	4169	7048.5	5007.5	94751	4737.55
ORTHO001858	Ribosomal protein S21e	AT3G53890;AT5G27700	447;479;478;469;90501;16070;44260;43170;71704;8152;8150;44237;9987;90304;6139;46483;6725;1901360;34641;6807;44238;90305;6364;34470;34660;6396;10467;16072;42254;22613;44085;71840;90502;466;460;462;30490;42274;6414;34645;9059;1901576;9058;44249;6412;43043;43604;43603;44271;6518;1901564;1901566;44267;19538;22626;44445;44444;44424;44464;5575;5623;5622;5737;5829;5840;30529;32991;43232;43228;43226;43229;461;31125;43628;31123;22627;15935;44391;44446;44422;3735;5198;3674	5375	8137	3730.5	2086	8929.5	4488	3513	9081.5	5144	4440.5	6763.5	4805.5	4417	401	1354.5	3976.5	3124.5	963	5272.5	5189.5	3252	1228	3571.5	2166	73152	3657.6
ORTHO008314	peptidoglycan-binding LysM domain-containing protein	AT1G55000	16567;32446;70647;6464;36211;19538;43170;71704;8152;8150;44238;43412;44267;44260;44237;9987;16998;44036;71554;44248;9056;3674	5376	2895	4783.5	4191	4356	4827.5	924	1484	7561.5	4545.5	2809.5	8014	3808.5	6764.5	7129	2476	1396.5	5944.5	5128	1129.5	6578.5	5924	5586.5	3841	85872.5	4.293.625
ORTHO002577	Protein Transporter; Pam16	AT3G59280;AT5G61880	5739;43231;43227;43226;5575;43229;44424;44464;5623;5622;44444;5737	5377	4961	7047	8717	2982.5	4474	4118.5	1823.5	7831	1842.5	8892.5	8712.5	7377.5	8316	7939.5	7782	935.5	5518	8031	8796	5061.5	7756.5	7774	7453	120435	6021.75
ORTHO008934	Ribosomal protein S5 domain 2-like superfamily protein	AT3G46210	5737;44424;44464;5575;5623;5622;6396;16070;44260;43170;71704;8152;8150;44237;9987;90304;6139;46483;6725;1901360;34641;6807;44238;10467;90503;90501;90305;175;8408;4527;4518;16788;16787;3824;3674;16896;4532;4540;16796;3723;3676;1901363;5488;97159	5378	3615.5	6680	7982	4356	235.5	7547	2460.5	3704.5	6687	8095	3422.5	6513.5	6764.5	7017.5	7782	5457.5	4887	5502	8214	5988	7087	7946.5	3565	108876.5	5.443.825
ORTHO004333	Adaptin family protein	AT1G31730	5829;44444;44424;44464;5575;5623;5622;5737;30117;98796;43234;32991;44425;16020;48475;30276;5515;5488;3674;9506;5911;30054;55044;5886;71944;6886;15031;45184;51234;51179;8150;8104;33036;71702;6810;46907;51649;51641;34613;70727;16192;5905;98589;98805;12505;5794;43231;43227;43226;43229	5379	5383	5325.5	5272	2982.5	2214.5	3758	5568.5	5619	2170.5	2992.5	6883.5	5740	1800.5	4233.5	5325.5	5032.5	3580	5851	6322.5	8153	5603	5295.5	5222.5	91366	4568.3
ORTHO008841	F-box/RNI-like superfamily protein	AT5G67140	9507;9536;43231;43227;43226;5575;43229;44424;44464;5623;5622;44444;5737;3674;8150	5380	3622.5	3257	1134	4356	1227	2328.5	6573	1994.5	432	1810	1198.5	5195	3815.5	3265	6712.5	630	3121	3857.5	6860	4668.5	3609.5	4404	2439.5	64141.5	3.207.075
ORTHO008668	early-responsive to dehydration stress protein (ERD4)	AT4G35870	16021;31224;44425;5575;16020;6623;1902580;51641;51179;8150;1902578;44699;6605;6886;15031;45184;51234;8104;33036;71702;6810;46907;51649;34613;70727;1902582;44765;16482;72665;33365;72666;72594;7034;9507;9536;43231;43227;43226;43229;44424;44464;5623;5622;44444;5737;3674;6811	5381	3735	5731.75	6082.5	2097	390.5	1377.5	6906	3198	7298.5	5057.5	2553.5	5467.5	6414.5	6867.5	7782	4135	8222	5851	2880.5	6810.5	5308.5	6624.5	2575	95720	4786
ORTHO007824	Ankyrin repeat family protein	AT4G19150	49;3723;3676;1901363;5488;3674;97159;30488;1510;43414;44260;43170;71704;8152;8150;44237;9987;32259;43412;9451;16070;90304;6139;46483;6725;1901360;34641;6807;44238;6400;8033;34470;34660;6396;10467;6399;5634;43231;43227;43226;5575;43229;44424;44464;5623;5622	5382	3443.5	5907.5	6433	4356	3557.5	5808	3632.5	4387	6934	4225	5631.5	3911.5	8673	5523	7782	2338.5	8222	1901	3208	8153	7392.5	2171	4291.5	97742.5	4.887.125
ORTHO007369	RNA-binding ASCH domain protein	AT2G20410	45893;10628;10604;9893;48518;50789;65007;8150;19222;60255;10468;1903508;1903506;2001141;31326;9889;31323;50794;51252;19219;80090;51171;10556;1902680;51254;45935;31325;48522;51173;31328;9891;10557;6355;2000112;6366;6351;34645;44260;43170;71704;8152;44237;9987;9059;1901576;9058;44249;97659;32774;16070;90304;6139;46483;6725;1901360;34641;6807;44238;34654;19438;44271;18130;1901362;10467;3713;3712;989;988;3674;5634;43231;43227;43226;5575;43229;44424;44464;5623;5622	5383	5499	3994	2605	6478.5	2214.5	4118.5	2545	6584	1346	5973.5	3912.5	5740	1800.5	3936.5	3976.5	14.5	3121	5502	7012	5265	4612.5	3634.5	5433.5	76742.5	3.837.125
ORTHO008165	inorganic carbon transport protein-related	AT1G70760	10598;98796;43234;32991;5575;44425;16020;44424;44464;5623;5622;9773;9767;22900;6091;44237;8152;8150;9987;55114;44710;44699;44763;19684;15979;48038;48037;5488;3674;9535;55035;42651;34357;44436;9579;44435;44444;5737;44446;44422;43226;43229;9536;43231;43227;31976;31984;44434;9507;9534;16021;31224;10258;10257;43623;6461;65003;43933;16043;71840;22607;44085;71822;70271;34622;16655;16651;16491;3824	5384	5121	4487.5	3591	6100.5	4308	2881	6428.5	6712.5	5748	6173.5	2291.5	3557.5	1800.5	4462	3976.5	3589	2199.5	3301	6368.5	4946	2923.5	4843.5	5913	82423.5	4.121.175
ORTHO008151	S-adenosyl-L-methionine-dependent methyltransferases superfamily protein	AT5G19530	9826;902;32989;16043;71840;8150;9987;9653;32502;48856;48869;44767;44699;44763;60560;48589;40007;16049;16768;16765;16740;3824;3674;8152;5634;43231;43227;43226;5575;43229;44424;44464;5623;5622;10087;9888;48759;30154;10089;6596;6595;6576;44106;9308;1901564;71704;6807;34641;44237;42401;9309;44271;44249;9058;1901566;1901576;5737;10487;9926;60918;9914;10817;65008;65007;44765;6810;51234;51179;1902578	5385	7702	5535.5	5686	6664	9169	6834	3713.5	3568	7539	4601	7017.5	1352	6170.5	1354.5	6020.5	8200	1239	948.5	2455	8019	7183	1971.5	6161.5	93517	4675.85
ORTHO000793	Eukaryotic aspartyl protease family protein	AT1G05840;AT1G65240;AT3G02740;AT5G36260	31225;31224;44425;5575;16020;5886;44464;5623;71944;6508;19538;43170;71704;8152;8150;44238;46658;31226;44459;9506;5911;30054;55044	5386	4908	5746	6106	2982.5	8834	6755	3642.5	3471	8934.5	4748	7102	1352	1375.5	1910.5	6712.5	8514.5	7073	3067.5	5519.5	5422.5	3453.5	3492.5	4484	95864.5	4.793.225
ORTHO006949	Acid phosphatase/vanadium-dependent haloperoxidase-related protein	AT3G21610	8150;5886;16020;5575;44464;5623;71944;4601;16684;16491;3824;3674;8152;55114;44710;44699;16209;9507;9536;43231;43227;43226;43229;44424;5622;44444;5737	5387	7076	5575	5763	7947.5	8853	7272	8233.5	3135.5	2405	2653	4162.5	8306	2711.5	4462	5325.5	793	3121	658	2593.5	8468.5	6129	8247	6379.5	93909	4695.45
ORTHO007490	methyltransferases	AT1G64600	32259;8152;8150;6412;43043;43604;43603;34641;6807;44237;9987;44271;44249;9058;6518;1901564;71704;1901566;1901576;44267;19538;43170;44238;44260;34645;9059;10467;5739;43231;43227;43226;5575;43229;44424;44464;5623;5622;44444;5737;5507;46914;46872;43169;43167;5488;3674;8168;16741;16740;3824	5388	4062	4407.5	3427	2375	4561.5	2032.5	1912	6225	1970.5	6763.5	998	5740	3815.5	5523	6712.5	351	3949	4205.5	7299	864.5	4873	6854	6949.5	81599.5	4.079.975
ORTHO008769	unknown protein	AT1G13990	5737;44424;44464;5575;5623;5622;6396;16070;44260;43170;71704;8152;8150;44237;9987;90304;6139;46483;6725;1901360;34641;6807;44238;10467;3723;3676;1901363;5488;3674;97159;8173;8168;16741;16740;3824;32259;1510;43414;43412;9451	5389	3637	4263	3137	4356	5547	5974	6428.5	5994	2496	2402	7837	4738	3815.5	3265	6712.5	3627.5	2199.5	3385	1177	3978	3222.5	5171.5	1958.5	79929	3996.45
ORTHO008822	thylakoid lumenal 17.9 kDa protein; chloroplast	AT4G24930	8150;9507;9536;43231;43227;43226;5575;43229;44424;44464;5623;5622;44444;5737;3674	5390	3637	5428	5466	4356	6313	7378.5	6573	2069	4699	6763.5	6171.5	5066	3815.5	3047.5	6712.5	3836.5	3121	3691	6689.5	4668.5	3609.5	5826.5	2314	92365.5	4.618.275
ORTHO009299	dihydrosphingosine phosphate lyase	AT1G27980	9534;31976;9579;44424;44464;5575;5623;5622;31984;44446;44422;43226;43229;43227;44435;44444;5737;9536;43231;44434;9507;9535;55035;42651;34357;16020;44436;9941;9526;31967;31975;5506;46914;46872;43169;43167;5488;3674	5391	4595.5	5167.25	4943.5	2982.5	9038.5	1985	6831.5	7325.5	2025.5	1312.5	998	6895.5	1800.5	5523	6712.5	4346.5	3121	188	7408.5	5170.5	4970.5	7156	6949.5	89758.5	4.487.925
ORTHO004554	GDSL-like Lipase/Acylhydrolase superfamily protein	AT1G54790	5576;5575;6629;71704;8152;8150;44710;44699;44238;16788;16787;3824;3674;16042;44712;9056;1901575	5392	5016	6811	8230	2982.5	819.5	4341	6978.5	2465.5	3547	8842.5	4566	7189	8210.5	7804.5	7782	7029	5720	2728	7647	7568	7109	3717	7453	111517	5575.85
ORTHO007526	DEA(D/H)-box RNA helicase family protein	AT1G31970	10501;16070;44260;43170;71704;8152;8150;44237;9987;90304;6139;46483;6725;1901360;34641;6807;44238;8026;42623;16887;17111;16462;16818;16817;16787;3824;3674;70035;4386;5829;44444;44424;44464;5575;5623;5622;5737;4004;8186;3724;5634;43231;43227;43226;43229	5393	5843	5266.5	5140	6534	2005.5	3513	2460.5	8101	2170.5	1312.5	3422.5	6071.5	1800.5	5034.5	3976.5	7443	3949	6700.5	8077	6908	5924	5649	6210	90729	4536.45
ORTHO007577	Tyrosyl-tRNA synthetase; class Ib; bacterial/mitochondrial	AT3G02660	9507;9536;43231;43227;43226;5575;43229;44424;44464;5623;5622;44444;5737;6418;43039;6399;34660;16070;44260;43170;71704;8152;8150;44237;9987;90304;6139;46483;6725;1901360;34641;6807;44238;43038;6520;1901564;19752;43436;6082;44281;44710;44699;44763;6412;43043;43604;43603;44271;44249;9058;6518;1901566;1901576;44267;19538;34645;9059;10467;9570;9532;44435;44446;44422;44434;5524;35639;1901265;1901363;5488;3674;97159;43168;43167;32559;30554;17076;166;36094;32555;32553;97367;32550;32549;1882;1883;3723;3676;5829;4831;4812;16876;16875;16874;3824;9793;44702;22414;3006;32502;9790;44767;48856;7275;44707;32501;48316;48608;61458;48731;9791;10154;5739	5394	5293	5249.25	5104.5	6194	113	5770.5	6264	3895.5	8535.5	8095	7343	6895.5	8316	7401.5	5325.5	8179	398	41	3563	1287.5	1695	891.5	6553	90563	4528.15
ORTHO006572	Protein of unknown function DUF92; transmembrane	AT5G19930	16021;31224;44425;5575;16020	5395	3337	3478.5	1562	4356	8668.5	9071	7084	3392	6139.5	1981	2392.5	4677	3815.5	2702.5	1606	1321	4507	1253	1486	2189	2213.5	2437.5	1825	68761.5	3.438.075
ORTHO008444	mitochondrial acyl carrier protein 1	AT2G44620	55114;44710;8152;8150;44699;6633;72330;46394;16053;6082;71704;44281;44763;9987;44237;44283;44711;9058;1901576;44249;19752;43436;32787;6631;44255;6629;44238;8610;5739;43231;43227;43226;5575;43229;44424;44464;5623;5622;44444;5737;5759;44429;44446;44422;70013;43233;31974;36;44620;51192;48037;5488;3674;70469;44425;16020	5396	2860	2838.5	281	4356	1089	3758	4503	1042.5	1462	2539	1658	3347	3815.5	3047.5	1606	1914	4982.5	3421.5	3676.5	69.5	940	1640	2091	46602.5	2.330.125
ORTHO007455	unknown protein	AT5G57345	8150;3674	5397	4714	4586.5	3776	2982.5	4270	4118.5	6142.5	6584	4645.5	5973.5	2937.5	5740	1800.5	3936.5	6712.5	3344	2199.5	3172	6103	3675	2541	4324	5222.5	83442	4172.1
ORTHO008447	4-(cytidine 5'-phospho)-2-C-methyl-D-erithritol kinase	AT2G26930	9507;9536;43231;43227;43226;5575;43229;44424;44464;5623;5622;44444;5737;9570;9532;44435;44446;44422;44434;5524;35639;1901265;1901363;5488;3674;97159;43168;43167;32559;30554;17076;166;36094;32555;32553;97367;32550;32549;1882;1883;19288;6090;32787;19752;43436;6082;71704;8152;8150;44281;44710;44699;44763;9987;44237;9240;46490;6644;19637;6793;44255;6629;44238;6796;8654;90407;1901576;9058;8610;44711;44249;8299;6720;19682;6081;1901135;16114;6721;16310;50515;16301;16772;16740;3824;16773	5398	4380	7162.5	8927	2982.5	7363.5	2791.5	7192	7831	4402	8095	2729	7554	8316	7999	7782	5561	4982.5	6056.5	8214	6578.5	7147.5	8026.5	7591	126212.5	6.310.625
ORTHO002901	Magnesium transporter CorA-like family protein	AT1G29820;AT1G29830;AT2G42950	5634;43231;43227;43226;5575;43229;44424;44464;5623;5622;46873;22890;8324;15075;22891;22857;5215;3674;6810;51234;51179;8150;55085;44763;9987;44699;44765;1902578;22892;34220;6811;98655;6812;30001;16020;5886;71944	5399	6489	4437.5	3476	7245.5	5016	4457	5348	4253	6459.5	5726.5	4162.5	3116.5	2711.5	2702.5	3976.5	4054.5	1780	5128	6148	4226.5	3609.5	4668	4291.5	81835.5	4.091.775
ORTHO007049	nuclear factor Y; subunit C2	AT1G56170	5634;43231;43227;43226;5575;43229;44424;44464;5623;5622;3677;3676;1901363;5488;3674;97159;46982;46983;5515;45893;10628;10604;9893;48518;50789;65007;8150;19222;60255;10468;1903508;1903506;2001141;31326;9889;31323;50794;51252;19219;80090;51171;10556;1902680;51254;45935;31325;48522;51173;31328;9891;10557;6355;2000112;3700;1071;16602;90575;44798;44428;44446;44422;5667;43234;32991;5737;43565;6351;34645;44260;43170;71704;8152;44237;9987;9059;1901576;9058;44249;97659;32774;16070;90304;6139;46483;6725;1901360;34641;6807;44238;34654;19438;44271;18130;1901362;10467	5400	7090	6756	8112	7947.5	5090	7744.5	5213.5	6584	4900	7040	8547	7963	2711.5	3936.5	5325.5	5457.5	3121	6531	7080	7052	5059	5295.5	5601	110252.5	5.512.625
ORTHO009542	unknown protein	AT1G27435	8150;3674;5739;43231;43227;43226;5575;43229;44424;44464;5623;5622;44444;5737	5401	6939	7022	8643	6100.5	2005.5	8499.5	8233.5	5994	3337	7999	8763	8306	2711.5	4233.5	5325.5	6162	3580	7042	7871	7786.5	6266	8247	6379.5	118742	5937.1
ORTHO008192	Di-glucose binding protein with Leucine-rich repeat domain	AT1G25570	5886;16020;5575;44464;5623;71944;5802;98791;44431;44444;44424;5622;5737;44446;44422;43226;43229;5794;43231;43227;12505;31984;5768;5773	5402	6681	5562.5	5723	7662	4827.5	7947.5	4640	7046.5	3809	6173.5	6961.5	7031	2711.5	2702.5	3976.5	8576	2199.5	4263.5	5929.5	4946	3026	2495	4413.5	93676	4683.8
ORTHO008685	Pentatricopeptide repeat (PPR) superfamily protein	AT1G20300	5739;43231;43227;43226;5575;43229;44424;44464;5623;5622;44444;5737	5403	3654	3210.5	1018	4356	3218	2080	2185	98	7183	4827	5053	3173	3815.5	1910.5	6712.5	3322.5	7376.5	888	2156.5	271.5	2433.5	4271.5	1696.5	62672	3133.6
ORTHO006133	RNI-like superfamily protein	AT2G20210	NA	5404	3992	6023.5	6643	2097	2920.5	3129.5	6978.5	2301	5622	7999	6393	1352	6601.5	6867.5	7782	5194	4154.5	552.5	8025.5	5170.5	6895.5	7818	3340.5	99097.5	4.954.875
ORTHO007074	BEST Arabidopsis thaliana protein match is: mucin-related (TAIR:AT2G02880.1)	AT5G62270	8150;9507;9536;43231;43227;43226;5575;43229;44424;44464;5623;5622;44444;5737;3674	5405	6234	4622.75	3840.5	5651.5	3425	4341	5439.5	5355.5	2170.5	3136.5	8362	7743	1800.5	3047.5	3976.5	4346.5	2199.5	2587	6397	4226.5	4612.5	4887	5806	83859.5	4.192.975
ORTHO007745	vacuolar protein sorting 45	AT1G77140	5802;98791;44431;44444;44424;44464;5575;5623;5622;5737;44446;44422;43226;43229;5794;43231;43227;12505;31984;9306;15031;45184;51234;51179;8150;8104;33036;71702;6810;32940;46903;44765;1902578;44699;51649;51641;44763;9987;5515;5488;3674;6904;48278;22406;16192;6887;9705;5774;44437;5773;98588;31090;16020;98805;325;8565;22892;5215;6886;46907;34613;70727	5406	5982	5200.5	4995	6664	5432.5	6798	4964	6379.5	6112	6543	4670	5740	1800.5	3521.5	3976.5	4548.5	2724.5	5272.5	2033	4519	5059	5021	4898	90013	4500.65
ORTHO002030	expansin 11	AT1G20190	9828;9827;42545;71555;45229;16043;71840;8150;9987;71554;9664;71669;5576;5575;5618;30312;44464;5623;71944;9826;902;32989;9653;32502;48856;48869;44767;44699;44763;60560;48589;40007;16049;9831;42547;9825;16020	5407	6105	5333.5	5260	6857.5	1500	3758	2614.5	4953	5061	7199	8014	3521	1800.5	4233.5	6712.5	5108	3121	5851	7194	7052	4308.5	4085.5	5222.5	91309.5	4.565.475
ORTHO006516	response regulator 24	AT5G26594	160;35556;7165;50794;50789;65007;8150;51716;9987;50896;7154;44763;44699;44700;23052;156;5057;4871;60089;3674;9507;9536;43231;43227;43226;5575;43229;44424;44464;5623;5622;44444;5737	5408	3936	6756.5	8105	5748	7363.5	2951	7192	1545.5	5034.5	2809.5	8194	1352	6764.5	7017.5	7782	5457.5	4982.5	8173	8214	6578.5	7147.5	8026.5	3635.5	110221	5511.05
ORTHO007660	Nucleotide-sugar transporter family protein	AT5G65000	1903070;1904293;42177;42176;9894;19222;50789;65007;8150;51246;80090;60255;9895;9892;48519;51248;10605;1903573;48585;48583;80135;50794;80134;48523;1904292;1903069;32434;61136;1903050;1903362;31329;31323;32268;30162;32435;1901799;1903051;1903363;31330;31324;32269;45861;15789;15781;15780;1901264;44765;6810;51234;51179;1902578;44699;71702;6862;15748;15931;71705;15711;6820;6811;10584;10208;45229;16043;71840;9987;10927;44767;32502;22607;44085;44763;48646;9653;48856;32989;48869;85029;30198;43062;9555;48229;7275;44707;32501;5338;1901505;5215;3674;15215;15605;1901677;22857;55085;15932;22891;22892;1901679;1990569;98656;34220;90481;72531;15788;9507;9536;43231;43227;43226;5575;43229;44424;44464;5623;5622;44444;5737;5463;15165;5783;12505;1903857;51354;51341;50790;65009;43086;44092;1903856;1902183;48509;2000026;50793;51239	5409	4939	5181.5	4954	5938.5	8412.5	262	765	5994	8319	4772.5	6171.5	1352	7699.5	5034.5	7419	2901.5	9156	5502	2570	1899	6859.5	2928	1794	89811.5	4.490.575
ORTHO006073	TatD related DNase	AT3G03500;AT5G17570	4536;4518;16788;16787;3824;3674;8152;8150;90305;90304;6139;46483;44237;9987;6725;1901360;71704;34641;6807;44238;43170;6259;44260;5634;43231;43227;43226;5575;43229;44424;44464;5623;5622	5410	4995	4488	3566	5938.5	7694	4341	5568.5	1625	7485	5873	4566	1352	3283.5	3936.5	6712.5	5108	2199.5	241.5	5929.5	5061.5	3754	2683	4898	82312	4115.6
ORTHO009353	Pollen Ole e 1 allergen and extensin family protein	AT2G16630	5576;5575	5411	6322	5970	6529	5651.5	649	8251	5568.5	6584	7012	7040	3912.5	7963	2711.5	3936.5	3976.5	8637.5	3121	5502	5160	2072	5603	5263	5433.5	98396.5	4.919.825
ORTHO007831	Radical SAM superfamily protein	AT2G39670	5737;44424;44464;5575;5623;5622	5412	2772	5782	6152	4356	314	6836.5	4312	7978	1208.5	2539	4086	3836	6971	7258.5	7782	5329.5	6085	5400	6001	5265	6182.5	4806.5	3920	96111	4805.55
ORTHO003281	basic helix-loop-helix (bHLH) DNA-binding superfamily protein	AT2G31210;AT2G31220	6351;34645;44260;43170;71704;8152;8150;44237;9987;9059;1901576;9058;44249;97659;32774;16070;90304;6139;46483;6725;1901360;34641;6807;44238;34654;19438;44271;18130;1901362;10467;5634;43231;43227;43226;5575;43229;44424;44464;5623;5622;6355;1903506;2001141;31326;9889;19222;50789;65007;31323;50794;51252;19219;80090;51171;60255;10556;10468;2000112;3700;1071;3674;3677;3676;1901363;5488;97159;46983;5515	5413	4232	5788	6163	5938.5	8518.5	5560.5	2322	6225	2569	3879	6741.5	3846.5	6206.5	5034.5	7419	737	5101.5	552.5	5400	4833.5	8625	8436	4174.5	96182	4809.1
ORTHO009311	cytochrome c biogenesis protein family	AT1G49380	45893;10628;10604;9893;48518;50789;65007;8150;19222;60255;10468;1903508;1903506;2001141;31326;9889;31323;50794;51252;19219;80090;51171;10556;1902680;51254;45935;31325;48522;51173;31328;9891;10557;6355;2000112;9508;229;44444;44424;44464;5575;5623;5622;5737;5694;43232;43228;43226;43229;44435;44446;44422;9536;43231;43227;42646;9295;9532;42793;6351;34645;44260;43170;71704;8152;44237;9987;9059;1901576;9058;44249;97659;32774;16070;90304;6139;46483;6725;1901360;34641;6807;44238;34654;19438;44271;18130;1901362;10467;9657;6996;16043;71840;1902589;44763;44699;44711;44710;9507	5414	4635	4325.25	3236.5	2982.5	1227	4638.5	6831.5	7748	1655.5	1483.5	998	6895.5	1800.5	5596.5	6712.5	1692	3949	4237	5038	5170.5	4067	3849	6949.5	80539	4026.95
ORTHO004414	FK506-binding protein 15 kD-1	AT3G25220;AT5G48580	9507;9536;43231;43227;43226;5575;43229;44424;44464;5623;5622;44444;5737;18208;18193;6464;36211;19538;43170;71704;8152;8150;44238;43412;44267;44260;44237;9987;3755;16859;16853;3824;3674;413;16020;5783;12505;5528;5527;1901363;5488;97159;8144;9543;31978;31977;44436;9579;44435;44446;44422;31976;31984;44434;9534;5829;5773;5794	5415	5442	5618.5	5822	6478.5	3831.5	1519.5	6142.5	7183.5	6259.5	544	6080.5	1352	7909	7548.5	5325.5	8865	3949	2014	1129.5	5637	6714	6040	6281	94325.5	4.716.275
ORTHO002488	PPPDE putative thiol peptidase family protein	AT1G47740	3674;5737;44424;44464;5575;5623;5622;8150	5416	6892	5233.5	5051	7947.5	6313	5048.5	4734	4275	1709.5	6343	8311	7377.5	2711.5	2702.5	3976.5	4464.5	1780	5220.5	5094	5422.5	3609.5	6538.5	4678.5	90310	4515.5
ORTHO003051	Pectin lyase-like superfamily protein	AT4G20050	5618;30312;44464;5575;5623;71944;10584;10208;45229;16043;71840;8150;9987;10927;44767;32502;44699;22607;44085;44763;48646;9653;48856;32989;48869;85029;30198;43062;9555;48229;7275;44707;32501;9556;48236;44702;22414;3006;51321;7049;3;8152;5576;4650;4553;16798;16787;3824;3674	5417	3958	3838	2259	2097	1227	5903	6264	4452.5	1318	6763.5	8294	5338.5	3815.5	3265	6712.5	2025	3121	4016	1043.5	4833.5	2213.5	1157	2575	74338	3716.9
ORTHO002838	bromo-adjacent homology (BAH) domain-containing protein	AT4G11560	5634;43231;43227;43226;5575;43229;44424;44464;5623;5622;3677;3676;1901363;5488;3674;97159	5418	3322	4365	3312	5651.5	7030	2528	6741	493.5	2319.5	8770	3034.5	5740	3815.5	4462	6712.5	2107.5	3949	7509	4169.5	5170.5	2433.5	1235	2699.5	80920	4046
ORTHO005498	SNARE-like superfamily protein	AT5G02280	5794;43231;43227;43226;5575;43229;44424;44464;5623;5622;44444;5737;12505;6888;16482;46907;6810;51234;51179;8150;51649;51641;48193;1902582;44765;1902578;44699;16192	5419	6377	6790.5	8162	7245.5	6529	3513	5957	6823.5	2702	7594	8107.5	8306	2711.5	4462	5325.5	5864.5	3750.5	6700.5	7871	6180.5	5924	6040	6379.5	110741.5	5.537.075
ORTHO005563	Pentatricopeptide repeat (PPR) superfamily protein	AT1G55630;AT3G60050	5739;43231;43227;43226;5575;43229;44424;44464;5623;5622;44444;5737;8150;3674	5420	5014	7212	9004	2982.5	8240.5	4587.5	8778	7632	5356	3366.5	7571	8929.5	5465	551	3976.5	8849	7697.5	9112	9139.5	9023	8942	2683	8966	128865.5	6.443.275
ORTHO007266	plastidic type i signal peptidase 1	AT3G24590	6508;19538;43170;71704;8152;8150;44238;55035;42651;34357;16020;5575;44436;44424;44464;5623;5622;9579;44435;44444;5737;44446;44422;43226;43229;9536;43231;43227;31976;31984;9526;31967;31975;51604;10467;9535;44434;9507;9534;16021;31224;44425;9941;8236;70011;8233;16787;3824;3674;17171;10027;9668;44802;61024;16043;71840;9987;44763;44699;9657;6996;5515;5488	5421	4857	6735.5	8050	2982.5	3788.5	8964	3834	8808.5	1567.5	4859	6651.5	8817.5	5613	1016	6712.5	7137.5	8278	1889	3108	2881	8345.5	8700	8670.5	109641.5	5.482.075
ORTHO005652	chloroplast outer envelope protein 37	AT2G43950	9706;9528;19866;31090;16020;5575;44422;43226;43227;44424;44464;5623;5622;31967;31975;44446;43229;42170;44435;44444;5737;9536;43231;9526;31969;44434;9507;9941;46930;98796;43234;32991;44425;16021;31224;5739;31359;31358;31354;31350;31300;9527;31968;19867;98805;98588;9707;31355;31351;31301;5634;15288;22829;15267;22803;22857;5215;3674;6810;51234;51179;8150;55085;44763;9987;44699;44765;1902578;6812;6811;5216;15075;22891;22892;34220;22838	5422	3264	3170	918	2097	4496	1011	6741	5144	1750.5	1981	1198.5	5338.5	3815.5	3265	1606	50	3580	4016	247	4833.5	4067	5407	2575	61122.5	3.056.125
ORTHO002792	Cupredoxin superfamily protein	AT1G23010;AT1G71040	10073;44767;32502;8150;44699;44707;32501;48507;9888;48856;48513;48731;7275;5507;46914;46872;43169;43167;5488;3674;16036;9267;31669;31667;9991;9605;50896;31668;51716;9987;71496;7154;44763;42594;6950;33554;5576;5575;5789;98588;31090;16020;44422;43226;43227;44432;44444;44424;44464;5623;5622;5737;44446;43229;5783;43231;12505;44425;42175;80167;9628;16682;16679;16491;3824;8152;55114;44710;5618;30312;71944;5794;5829	5423	6866	5210.5	4998	7662	8050	7923	7762	4645.5	7485	5647.5	7800	2993	2711.5	2396.5	3976.5	3891.5	1450	984	5852	4946	2923.5	4414.5	4174.5	90026.5	4.501.325
ORTHO008243	RING/FYVE/PHD zinc finger superfamily protein	AT3G14740	5634;43231;43227;43226;5575;43229;44424;44464;5623;5622;8270;46914;46872;43169;43167;5488;3674	5424	4524	6176	6928	2982.5	6679.5	3129.5	2838	2849.5	2799	3831.5	4670	7189	8210.5	7804.5	7782	4761	5368	3283.5	7647	4668.5	6027.5	4209.5	7120	100868	5043.4
ORTHO000395_2	Tetratricopeptide repeat (TPR)-like superfamily protein	AT5G21990	16021;31224;44425;5575;16020;5789;98588;31090;44422;43226;43227;44432;44444;44424;44464;5623;5622;5737;44446;43229;5783;43231;12505;42175;9707;9527;31968;19867;98805;31967;31975;42170;44435;9536;9526;31969;44434;9507;9941;5528;5527;1901363;5488;3674;97159;8144;46967;1902582;46907;6810;51234;51179;8150;51649;51641;44765;1902578;44699;16482;18208;18193;6464;36211;19538;43170;71704;8152;44238;43412;44267;44260;44237;9987;413;5829;15031;45184;8104;33036;71702;3755;16859;16853;3824	5425	3697	5723.75	6022.5	2097	2054	5303	8947	2979	7782	169.5	6741.5	6895.5	6227.5	1579	3976.5	5240.5	5626	5502	5578	2328.5	8148	8163.5	2136	95377	4768.85
ORTHO001896_1	PHYTOENE SYNTHASE	AT5G17230	16117;16109;16114;6721;6720;44255;6629;71704;8152;8150;44710;44699;44238;44763;9987;44237;8299;8610;1901576;9058;44711;44249;16108;46148;42440;16116;10287;44434;44435;44444;44424;44464;5575;5623;5622;5737;44446;44422;43226;43229;9536;43231;43227;9507;9570;9532;16767;4337;4659;16765;16740;3824;3674;46905;16120;16119;42214;46246	5426	5960	4974.5	4523	5552	1227	8450	6142.5	2069	5066	6763.5	3218	1352	1800.5	5034.5	3976.5	6298	3949	6897.5	5781.5	236.5	6182.5	6624.5	6379.5	87448.5	4.372.425
ORTHO009340	CLP protease proteolytic subunit 3	AT1G66670	9941;9526;31967;31975;44464;5575;5623;44446;44422;43226;44424;5622;43229;43227;44435;44444;5737;9536;43231;44434;9507;9570;9532;6508;19538;43170;71704;8152;8150;44238;9840;9368;43234;32991;4252;4175;70011;8233;16787;3824;3674;8236;17171;9534;31976;9579;31984	5427	6359	7011.5	8596	7245.5	8619.5	4341	6906	7831	821	8537.5	4905	1352	7300	8452	5325.5	7137.5	4747.5	839.5	8796	7786.5	7683.5	8247	8159	117787	5889.35
ORTHO004441	unknown protein	AT5G43490;AT5G48610	3674;8150;5575;5634;43231;43227;43226;43229;44424;44464;5623;5622	5428	8751	6870.5	8313	8678	6085.5	8911	8445	3135.5	7916.5	7999	8905	5066	590	2163.5	8925	831.5	1114.5	8806.5	5781.5	8438.5	2763	8115.5	8552	112545	5627.25
ORTHO008836	proteasome family protein	AT2G19560	5515;5488;3674;9723;9725;9719;50896;8150;10033;42221;5634;43231;43227;43226;5575;43229;44424;44464;5623;5622;9873;160;35556;7165;50794;50789;65007;51716;9987;7154;44763;44699;44700;23052;9755;32870;71495;71310;70887;71369;16973;1902582;46907;6810;51234;51179;51649;51641;44765;1902578;6406;6405;51168;6913;16482;51169;50658;50657;15931;71705;71702;51236;6403;33036;51028;10467;43170;71704;8152;71427;71426;71166;5739;44444;5737;48364;44767;32502;48513;48856;48731;7275;44707;32501;22622	5429	3702	3988	2547	4356	5621	4835.5	6428.5	2301	5996.5	2402	3422.5	4738	3815.5	2910	6712.5	3682	2199.5	3385	3508	4103	3222.5	5171.5	1958.5	76413	3820.65
ORTHO007110	CW7	AT1G59520	5634;43231;43227;43226;5575;43229;44424;44464;5623;5622;8150;3674	5430	5355	7078.5	8727	2982.5	6643.5	4118.5	6573	5221.5	3706.5	8314	5600.5	3742	8072	7667.5	5325.5	6825	4887	7509	7299	7254	7301.5	7611.5	6949.5	120621	6031.05
ORTHO010392	RING/U-box superfamily protein with ARM repeat domain	AT5G40140	16567;32446;70647;6464;36211;19538;43170;71704;8152;8150;44238;43412;44267;44260;44237;9987;5737;44424;44464;5575;5623;5622;16874;3824;3674;4842;19787;16740	5431	7144	7264.5	9098	7947.5	7411.5	4698	9059	7183.5	5026.5	8095	5780	8519	7101	8093.5	5325.5	6549	4595	7042	8320	7636	7259	8405	7315.5	133414	6670.7
ORTHO009321	alpha/beta-Hydrolases superfamily protein	AT1G10040	5634;43231;43227;43226;5575;43229;44424;44464;5623;5622;52689;16788;16787;3824;3674;8152;8150;44255;6629;71704;44710;44699;44238;44763;9987;44237	5432	4663	7123	8814	2982.5	8214	4118.5	2460.5	8808.5	2405	9114	4111	1352	6542.5	1758.5	7360.5	7542.5	7335.5	8694.5	9083.5	8618.5	9122.5	8686.5	7721.5	123050	6152.5
ORTHO006466	unknown protein	AT1G19530	9061;45333;15980;6091;44237;8152;8150;9987;55114;44710;44699;44763;5634;43231;43227;43226;5575;43229;44424;44464;5623;5622;3674	5433	6706	6506	7579	7662	7324.5	8324.5	5568.5	5619	7539	5973.5	2467.5	8094	2711.5	3721.5	3976.5	5108	3121	6531	7080	5422.5	5603	5407	5806	105398.5	5.269.925
ORTHO007635	CLP protease proteolytic subunit 2	AT1G12410	9941;9526;31967;31975;44464;5575;5623;44446;44422;43226;44424;5622;43229;43227;44435;44444;5737;9536;43231;44434;9507;10287;9570;9532;9840;9368;43234;32991;9534;31976;9579;31984;6508;19538;43170;71704;8152;8150;44238;9658;9657;6996;16043;71840;9987;4252;4175;70011;8233;16787;3824;3674;8236;17171	5434	4779	4957	4480	5938.5	4598.5	3960	834.5	1545.5	8398	4684	7988.5	6895.5	5952.5	1317	7360.5	3167.5	7697.5	4795.5	2534.5	2123	4525.5	2669.5	6210	87257.5	4.362.875
ORTHO009770	Exostosin family protein	AT5G25310	71555;45229;16043;71840;8150;9987;71554;16020;5575;5794;43231;43227;43226;43229;44424;44464;5623;5622;44444;5737;12505;16757;16740;3824;3674;8152;16021;31224;44425;139;98588;31090;44422;44431;44446	5435	7350	6555	7675	8139.5	5248.5	8038	4826.5	7978	2814	7040	3578.5	7743	2711.5	2702.5	5325.5	8748.5	4253	5851	7692.5	5839	3854	6989	4898	106131	5306.55
ORTHO006398	unknown protein	AT4G30010	5739;43231;43227;43226;5575;43229;44424;44464;5623;5622;44444;5737;5753;98800;98796;43234;32991;44425;16020;98798;44429;44446;44422;44455;31966;31090;5740;31967;31975;5743;19866;45259;16469;3674;9536;8150	5436	5043	7102	8768	5938.5	6761.5	5581	6978.5	6943.5	2455.5	8651	4566	1352	8316	7999	5325.5	7194	5518	8083	4169.5	8153	7786.5	8290	7453	121576.5	6.078.825
ORTHO009567	Mog1/PsbP/DUF1795-like photosystem II reaction center PsbP family protein	AT5G27390	9507;9536;43231;43227;43226;5575;43229;44424;44464;5623;5622;44444;5737;19898;44425;16020;15979;44237;8152;8150;9987;9654;98796;43234;32991;1990204;1902494;44436;9579;42651;34357;9523;9521;5509;46872;43169;43167;5488;3674	5437	4672	3405	1373	2982.5	3010.5	2951	2614.5	5619	3851	5973.5	454	3479.5	1800.5	3936.5	6712.5	3344	1260.5	105	6148	3675	2541	4324	5222.5	67022.5	3.351.125
ORTHO000695_1	FTSH protease 4	AT2G26140	5743;19866;31090;16020;5575;44422;43226;43227;44424;44464;5623;5622;31967;31975;44446;43229;31966;44429;44444;5737;5739;43231;5740;5524;35639;1901265;1901363;5488;3674;97159;43168;43167;32559;30554;17076;166;36094;32555;32553;97367;32550;32549;1882;1883;6508;19538;43170;71704;8152;8150;44238;9536;4222;4175;70011;8233;16787;3824;8237;16887;17111;16462;16818;16817;4176;42623;16021;31224;44425;46872;43169	5438	6222	7005.5	8573	5651.5	5684	4638.5	6142.5	3957.5	8535.5	7886	1954	3601	7779.5	7999	6712.5	6162	4400	7464	8721.5	5637	6813.5	6624.5	6379.5	117092	5854.6
ORTHO002023_1	unknown protein	AT5G49960	31965;31090;16020;5575;44422;43226;43227;44428;44446;44424;44464;5623;5622;43229;5634;43231;5635;31967;31975;12505;16021;31224;44425;8324;15075;22891;22857;5215;3674;6810;51234;51179;8150;55085;44763;9987;44699;44765;1902578;22892;34220;6811;98655;6812;6813;15672;30001	5439	3716	7102.5	8766	4356	8065.5	776.5	7762	4740.5	3955	3366.5	4421	8306	8758	5856	7782	7378	7073	8495.5	3976	8300	8544.5	8775	5222.5	121553.5	6.077.675
ORTHO008329	acyl-activating enzyme 14	AT1G30520	5524;35639;1901265;1901363;5488;3674;97159;43168;43167;32559;30554;17076;166;36094;32555;32553;97367;32550;32549;1882;1883;31969;42170;31090;16020;5575;44422;43226;43227;44435;44444;44424;44464;5623;5622;5737;44446;43229;9536;43231;9526;31967;31975;44434;9507;9941;16021;31224;44425;5778;44439;44438;42579;5777;31903;98588;98805;42372;42374;1901661;51186;44237;8152;8150;9987;42180;71704;44281;44710;44699;44763;1901663;9108;51188;44249;9058;6732;42181;44283;44711;1901576;5739;8756;16405;16877;16874;3824;16878;16208;43169	5440	2936	6168.25	6896.5	4356	390.5	6309	1204.5	8688.5	8063.5	3366.5	8855.5	4091	5445	892.5	1606	1356.5	7376.5	8239.5	3231	8153	8197.5	8455.5	6732.5	100654.5	5.032.725
ORTHO001219_1	elongation factor family protein	AT5G13650	6412;43043;43604;43603;34641;6807;8152;8150;44237;9987;44271;44249;9058;6518;1901564;71704;1901566;1901576;44267;19538;43170;44238;44260;34645;9059;10467;9570;9532;44435;44444;44424;44464;5575;5623;5622;5737;44446;44422;43226;43229;9536;43231;43227;44434;9507;3924;17111;16462;16818;16817;16787;3824;3674;302;6979;6950;50896;1901700;42221;5886;16020;71944;31425;6396;16070;90304;6139;46483;6725;1901360;10468;60255;19222;50789;65007;3746;8135;3723;3676;1901363;5488;97159;6414;5525;35639;1901265;43168;43167;32550;32549;1882;36094;97367;1883;32561;19001;17076;166;32555;32553	5441	5030	6917	8393	5938.5	1777	1118	1855	6712.5	6966.5	7886	6981	7258.5	8316	7885	5325.5	7137.5	5452.5	7950	1869	7786.5	6648	7486	7376.5	113787	5689.35
ORTHO003827	unknown protein	AT5G28910;AT5G28960	3674;5739;43231;43227;43226;5575;43229;44424;44464;5623;5622;44444;5737;8150	5442	7324	5866.5	6291	6358.5	6313	4118.5	4826.5	7561.5	4260	7040	4386.5	7377.5	2711.5	2702.5	5325.5	4548.5	1780	7197.5	7576.5	5422.5	3374.5	5710.5	4678.5	96911.5	4.845.575
ORTHO006214	Lysyl-tRNA synthetase; class II	AT3G13490	3677;3676;1901363;5488;3674;97159;6430;6418;43039;6399;34660;16070;44260;43170;71704;8152;8150;44237;9987;90304;6139;46483;6725;1901360;34641;6807;44238;43038;6520;1901564;19752;43436;6082;44281;44710;44699;44763;6412;43043;43604;43603;44271;44249;9058;6518;1901566;1901576;44267;19538;34645;9059;10467;9507;9536;43231;43227;43226;5575;43229;44424;44464;5623;5622;44444;5737;46872;43169;43167;4824;4812;16876;16875;16874;3824;5739;5524;35639;1901265;43168;32559;30554;17076;166;36094;32555;32553;97367;32550;32549;1882;1883;48481;3006;32502;22414;48856;35670;48608;61458;48731;7275;44767;44707;32501;48440;48827;48367;48437;44702;48569;48513;9908;90567;9791;48467;48438	5443	3422	4856.5	4270	4356	1423	6021	2322	2069	2891.5	1981	8855.5	1352	8616.5	7377.5	5325.5	8286.5	5368	7281	1291.5	7254	3222.5	1573	3721	86232	4311.6
ORTHO004481	lipase class 3 family protein	AT1G05790	6629;71704;8152;8150;44710;44699;44238;5886;16020;5575;44464;5623;71944;4806;16298;16788;16787;3824;3674;52689	5444	3063	3781.5	2119	2097	1089	1985	4133.5	9142.5	2081	8770	367.5	5740	3815.5	4842.5	1830	2581.5	5221.5	3904.5	4211	1863.5	4970.5	3884	2940	73373	3668.65
ORTHO004703	Plant protein of unknown function (DUF641)	AT2G45260;AT4G33320;AT4G34080	5774;44437;44444;44424;44464;5575;5623;5622;5737;44446;44422;43226;43229;5773;43231;43227;98588;31090;16020;98805;3674;8150;9507;9536	5445	7233	6417.5	7390	7947.5	5904	2328.5	8181.5	3895.5	3017.5	7199	8835.5	3359.5	2711.5	3936.5	5325.5	5561	3121	6531	8478	7052	5132.5	7946.5	5601	104117.5	5.205.875
ORTHO010216	zinc finger (C3HC4-type RING finger) family protein	AT1G18660	8270;46914;46872;43169;43167;5488;3674;5634;43231;43227;43226;5575;43229;44424;44464;5623;5622;6508;19538;43170;71704;8152;8150;44238;4176;42623;16887;17111;16462;16818;16817;16787;3824;70011;8233	5446	6239	6046.5	6647	5651.5	6085.5	3960	5213.5	5994	3831	7382.5	3686.5	8094	2711.5	3936.5	3976.5	5194	3121	6056.5	7299	5637	5603	5541.5	5806	99129.5	4.956.475
ORTHO009482	Translation protein SH3-like family protein	AT5G54600	9570;9532;44435;44444;44424;44464;5575;5623;5622;5737;44446;44422;43226;43229;9536;43231;43227;44434;9507;6412;43043;43604;43603;34641;6807;8152;8150;44237;9987;44271;44249;9058;6518;1901564;71704;1901566;1901576;44267;19538;43170;44238;44260;34645;9059;10467;15934;44391;30529;32991;5840;43232;43228;19843;3723;3676;1901363;5488;3674;97159;32544;9657;6996;16043;71840;1902589;44763;44699;44711;44710;9941;9526;31967;31975;3735;5198	5447	4566.5	5223.5	5000	5938.5	1089	1789.5	7084	493.5	2976	669	632	7377.5	2711.5	5761.5	6712.5	5404	4400	5502	8214	7386	6429	7946.5	7453	90030.5	4.501.525
ORTHO000970	Ctr copper transporter family	AT2G26975;AT2G37925;AT3G46900;AT5G59030	16021;31224;44425;5575;16020;35434;98662;98660;34220;6811;44765;6810;51234;51179;8150;1902578;44699;55085;44763;9987;98655;6812;6825;41;30001;5773;43231;43227;43226;43229;44424;44464;5623;5622;44444;5737;5375;46915;46873;22890;8324;15075;22891;22857;5215;3674;22892;15089;15678;46658;31226;44459;5886;71944;31225;48364;44767;32502;48513;48856;48731;7275;44707;32501;22622;48235;44702;22414;3006;30154;48869;22412;32504;3;55046;9555;48229;48232;7276;48609;19953;44703;51704	5448	4073	5026	4604	1551	7812.5	6478	3147.5	8101	3190.5	3917	6482	1352	5401	473.5	2914	2205	7949	8526	843	6180.5	7836	1615	3401.5	87825	4391.25
ORTHO009475	unknown protein	AT1G28150	10287;44434;44435;44444;44424;44464;5575;5623;5622;5737;44446;44422;43226;43229;9536;43231;43227;9507;9570;9532;8150;3674	5449	4569	3584	1719	5938.5	1500	1224.5	2614.5	7978	4688.5	1981	3578.5	5740	1800.5	4462	6712.5	3493.5	4326.5	3301	1094	3870	2433.5	3740.5	5601	70140	3507
ORTHO008835	Pentatricopeptide repeat (PPR-like) superfamily protein	AT5G42310	5739;43231;43227;43226;5575;43229;44424;44464;5623;5622;44444;5737;9507;9536	5450	3736.5	4976	4502	4356	7528	1068	1912	1691	8647.5	4046	6518	5740	6601.5	6867.5	7782	8494	4507	1118.5	3495.5	4668.5	2213.5	1405.5	3037	87341	4367.05
ORTHO000356	XH/XS domain-containing protein	AT1G13790;AT1G15910;AT1G80790;AT3G12550;AT3G48670;AT4G00380;AT4G01780	80188;6306;43414;44260;43170;71704;8152;8150;44237;9987;32259;43412;6305;6304;6259;90304;6139;46483;6725;1901360;34641;6807;44238;44728;40029;10468;60255;19222;50789;65007;31047;16458;10629;10605;9892;48519;44763;44699;44710;5737;44424;44464;5575;5623;5622;3677;3676;1901363;5488;3674;97159;9506;5911;30054;55044;3725;3723;43621;5515;5634;43231;43227;43226;43229;90502;90501;16070;90305;5655;44452;44428;44446;44422;5730;43232;43228;31981;70013;43233;31974;30681;30677;30529;32991;1902555;1902494;43234;4526;16891;4521;4519;4518;16788;16787;3824;4540;16893;4549;46686;10038;10035;42221;50896;6342;45814;45892;1903507;1903506;2001141;31326;9889;31323;50794;51252;19219;80090;51171;10556;1902679;51253;45934;51172;31324;48523;31327;9890;10558;6355;2000112;2000113	5451	7240	7008	8565	5260.5	8334.5	4835.5	8612	8423.5	7782	8232.5	4805.5	3433.5	6206.5	7619.5	2914	7649.5	1051.5	8152.5	7012	5637	6266	4116	5913	116996.5	5.849.825
ORTHO003802	Glutathione S-transferase family protein	AT4G19880;AT5G44990;AT5G45020	46686;10038;10035;42221;50896;8150;5829;44444;44424;44464;5575;5623;5622;5737;16740;3824;3674;8152;5634;43231;43227;43226;43229	5452	6972	5695	5938	7947.5	2260.5	1672.5	5121.5	4865	6498.5	3879	8482.5	1352	7101	7764	6712.5	8604.5	4154.5	6185.5	1556.5	5839	4308.5	3359	5222.5	94939	4746.95
ORTHO001732_1	Tetratricopeptide repeat (TPR)-like superfamily protein	AT3G59040	8150;3674;5739;43231;43227;43226;5575;43229;44424;44464;5623;5622;44444;5737;9507;9536	5453	2845	3443	1433	4356	6832.5	1744	1322	183	2059	1312.5	567	1352	4244	5596.5	1830	5240.5	5518	5128	4727.5	5988	4709	5497.5	3841	67692	3384.6
ORTHO002173	Pyridine nucleotide-disulphide oxidoreductase family protein	AT1G74470	9941;9526;31967;31975;44464;5575;5623;44446;44422;43226;44424;5622;43229;43227;44435;44444;5737;9536;43231;44434;9507;10189;1901617;1901615;71704;8152;8150;1901576;9058;18130;46483;44237;9987;44249;42360;1901360;44763;44699;6775;6766;44281;44710;1901362;42362;9110;44283;44711;31969;42170;31090;16020;5515;5488;3674;9535;55035;42651;34357;44436;9579;31976;31984;9534;15995;6779;51188;51186;6778;33013;6725;1901564;6807;33014;19438;44271;34641;1901566;46148;42440;15994;55114;16628;16627;16491;3824;45550	5454	3434	3120	786	2097	4404	5146.5	1484	1328.5	3240.5	2653	2160	4738	3815.5	2702.5	1606	1764.5	2199.5	2899.5	4884.5	1729.5	2541	3492.5	6057.5	58847	2942.35
ORTHO000368_2	1-deoxy-D-xylulose 5-phosphate synthase 3	AT5G11380	16114;6721;6720;44255;6629;71704;8152;8150;44710;44699;44238;44763;9987;44237;8299;8610;1901576;9058;44711;44249;8661;16744;16740;3824;3674;5739;43231;43227;43226;5575;43229;44424;44464;5623;5622;44444;5737	5455	4574	5273.5	5092	2982.5	1227	2080	6323	8259	821	6763.5	998	6895.5	1800.5	5523	6712.5	4252.5	3750.5	4165.5	7299	5061.5	4780.5	6854	6949.5	90516	4525.8
ORTHO009322	Transducin/WD40 repeat-like superfamily protein	AT5G14530	80008;31461;151;1990234;1902494;43234;32991;5575;44424;44464;5623;5622;8150;166;36094;5488;3674;1901265;1901363;97159;5737	5456	4702	3969	2482	2982.5	5090	4785	6142.5	1691	5808	3136.5	7788	1352	1800.5	5034.5	3976.5	3367.5	2199.5	3172	4331	3756	2541	4366	5601	75938.5	3.796.925
ORTHO007624	membrane protein; putative	AT1G32080	16021;31224;44425;5575;16020;9706;9528;19866;31090;44422;43226;43227;44424;44464;5623;5622;31967;31975;44446;43229;42170;44435;44444;5737;9536;43231;9526;31969;44434;9507;9941;9658;9657;6996;16043;71840;8150;9987;5886;71944	5457	4377	3660.5	1864	5938.5	8723.5	1274.5	6323	4060.5	7584	2992.5	2597	1352	2711.5	4462	6712.5	3426.5	1669.5	284	794.5	3870	2608	4481.5	5601	71528	3576.4
ORTHO009012	NAD(P)-linked oxidoreductase superfamily protein	AT4G33670	10349;16646;16645;16491;3824;3674;8152;8150;55114;44710;44699;4033;16616;16614;6012;19318;5996;44723;5975;71704;44238;44281;5829;44444;44424;44464;5575;5623;5622;5737;19853;46394;16053;6082;44763;9987;44237;44283;44711;9058;1901576;44249;19752;43436;46364;16051;42364;6767;6766;9110;19852	5458	3858	4198.5	2939	4356	3134.5	162.5	2322	255	7539	1144	5347.5	7963	8715.5	5775.5	7782	9026.5	7335.5	1942.5	2805.5	244.5	1566.5	1615	4117.5	78794	3939.7
ORTHO001737	Nucleolar GTP-binding protein	AT1G10300;AT1G50920	5525;35639;1901265;1901363;5488;3674;97159;43168;43167;32550;32549;1882;36094;97367;1883;32561;19001;17076;166;32555;32553;5634;43231;43227;43226;5575;43229;44424;44464;5623;5622;42254;22613;44085;71840;8150;5730;44428;44446;44422;43232;43228;31981;70013;43233;31974;16020	5459	6153	5526.5	5594	5346	5799	8282	8348	2760.5	7125	3792.5	5667	4492.5	7850	7619.5	3074	3796.5	1669.5	4548.5	5245.5	4023	3026	3758.5	2121	92998.5	4.649.925
ORTHO011156	Predicted pyridoxal phosphate-dependent enzyme; YBL036C type	AT1G11930	5634;43231;43227;43226;5575;43229;44424;44464;5623;5622;30170;1901363;5488;3674;97159;48037;43168;43167	5460	8132	2982	504	7245.5	3938.5	6958	4462	3957.5	7916.5	5136	1755.5	3626	138	136.5	3099	2738	85.5	1748	2986	2864	108	433.5	595.5	52682	2634.1
ORTHO000436_2	Aldolase superfamily protein	AT4G26520;AT4G26530	6096;6090;32787;19752;43436;6082;71704;8152;8150;44281;44710;44699;44763;9987;44237;44724;44712;9056;44723;5975;44238;16052;1901575;6757;6091;46031;9150;6163;72521;46483;6725;1901360;34641;6807;1901564;9117;6753;19637;6793;55086;6139;6796;9259;19693;1901135;9179;9185;9132;9135;9167;9161;9123;9126;46128;9119;9116;1901657;42278;46034;9205;9144;9141;9199;6165;46939;16310;46496;19362;6733;6732;51186;72524;1666;36293;70482;9628;50896;6950;6098;51156;6739;19682;6081;5737;44424;44464;5575;5623;5622;4332;16832;16830;16829;3824;3674;9507;9536;43231;43227;43226;43229;44444	5461	6695	7276	9091	7662	4123	8627.5	6428.5	8973	5971	8232.5	5172.5	8519	7213.5	8203.5	5325.5	6692.5	4673.5	5347.5	8590.5	7860	7358	8485	7376.5	133173	6658.65
ORTHO005178	redox responsive transcription factor 1	AT4G34410	5634;43231;43227;43226;5575;43229;44424;44464;5623;5622;6355;1903506;2001141;31326;9889;19222;50789;65007;8150;31323;50794;51252;19219;80090;51171;60255;10556;10468;2000112;1944;48731;48856;32502;7275;44767;44699;44707;32501;72358;72359;3700;1071;3674;9873;160;35556;7165;51716;9987;50896;7154;44763;44700;23052;9755;32870;9725;9719;10033;42221;71495;71310;70887;71369;9723;3677;3676;1901363;5488;97159;50832;98542;6952;6950;51707;43207;9605;9607;51704;9620;6351;34645;44260;43170;71704;8152;44237;9059;1901576;9058;44249;97659;32774;16070;90304;6139;46483;6725;1901360;34641;6807;44238;34654;19438;44271;18130;1901362;10467;10200;10243;1901698;1901700;51301	5462	8853	6600	7738	8984.5	7603	9159	3166	7046.5	6988	7999	3912.5	4865.5	401	5718	8925	6955.5	1332.5	2778	3013.5	8438.5	2608	7244	8552	106705.5	5.335.275
ORTHO008430	Mitochondrial substrate carrier family protein	AT5G56450	15860;72530;71705;6810;51234;51179;8150;55085;44763;9987;44699;44765;1902578;71702;1901642;15858;1901264;15931;98656;6820;6811;34220;5739;43231;43227;43226;5575;43229;44424;44464;5623;5622;44444;5737;16021;31224;44425;16020;1901679;6862;15748;6839;1902582;46907;51649;51641;5743;19866;31090;44422;31967;31975;44446;31966;44429;5740;48653;44767;32502;44702;22414;3006;48856;48443;48827;48367;48731;7275;44707;32501;48437;48569;48513;9908;90567;48608;61458;9791;48466;48438;5347;295;15216;15215;15605;1901677;22857;5215;3674;15932;22891;22892;15865;51503;5346;1901505;15211;5337;8514;8509;15075;15711;15867;15868	5463	2971	3036	609	4356	1089	3960	397	1839.5	2752	982	1889	3501.5	3815.5	4233.5	1830	3521.5	5221.5	3792	3676.5	4023	1910	4100.5	2850	55384	2769.2
ORTHO006781	Putative homolog of mammalian BLOC-1 Subunit 2. Protein - protein interaction with BLOS1.	AT5G49550	5768;43231;43227;43226;5575;43229;44424;44464;5623;5622;44444;5737;12505;31083;31082;43234;32991;44445;5829;5634;8150;5515;5488;3674	5464	5301	4725	3986	6194	1594	4341	5439.5	5355.5	8535.5	5836	4670	5740	1800.5	3521.5	3976.5	400	2724.5	5347.5	5816	4668.5	5059	5021	4898	84744.5	4.237.225
ORTHO000347_3	Pyridoxal phosphate (PLP)-dependent transferases superfamily protein	AT2G20340;AT4G28680	6520;1901564;71704;8152;8150;6807;19752;43436;6082;44281;44710;44699;44763;9987;44237;44238;9611;6950;50896;30170;1901363;5488;3674;97159;48037;43168;43167;6559;6558;9072;6725;1901360;1902221;1901605;9074;19439;44248;9056;1901361;1901575;9063;46395;16054;44282;44712;1901565;1902222;1901606;1990055;3824;5737;44424;44464;5575;5623;5622;4837;16831;16830;16829;9414;9415;9628;1101;42221;10035;1901700;1901695;97164;1901162;1901160;1901566;1901576;9058;46189;19438;44249;1901617;1901615;18958;1901362;4058	5465	6549	6009	6553	8915	1885	8400	7084	6493	6621	8167.5	4059.5	1352	8072	7939.5	2821	7214.5	1425.5	4968.5	5215.5	5779	5059	4264	1696.5	98517	4925.85
ORTHO007296	unknown protein	AT1G32730	9507;9536;43231;43227;43226;5575;43229;44424;44464;5623;5622;44444;5737	5466	6885	6350.75	7235.5	7662	5904	4118.5	8850	6584	1371	7199	3686.5	7963	2711.5	3936.5	5325.5	5561	3121	5851	7080	7052	5603	5407	5601	102925.5	5.146.275
ORTHO006512	CONTAINS InterPro DOMAIN/s: Plant nuclear matrix 1 (InterPro:IPR010604)	AT5G17620	5515;5488;3674;51011;8017;32403;44877;15631;8092;8150;5876;5874;44430;44446;44422;5575;43226;44424;44464;5623;5622;43229;5856;43232;43228;43234;32991;15630;5819;9524;44444;5737	5467	5089	6206.5	6946	2982.5	6529	8450	6573	8259	1540.5	1981	3218	6617.5	1800.5	5413.5	6712.5	6409	3121	3792	6860	7386	3854	5902.5	6553	100972	5048.6
ORTHO003830	Protein of unknown function; DUF599	AT5G24600	5739;43231;43227;43226;5575;43229;44424;44464;5623;5622;44444;5737;5886;16020;71944;8150	5468	4325	3797	2126	5284	5547	3430	6906	4865	2235	5471.5	1510.5	1352	4134.5	6243.5	2080.5	3067	6265.5	4328.5	5578	3323	2328.5	3686	1047.5	73399.5	3.669.975
ORTHO009366	rubredoxin family protein	AT5G17170	16831;16830;16829;3824;3674;8152;8150;6520;1901564;71704;6807;19752;43436;6082;44281;44710;44699;44763;9987;44237;44238;30170;1901363;5488;97159;48037;43168;43167;5783;43231;43227;43226;5575;43229;44424;44464;5623;5622;44444;5737;12505;5789;98588;31090;16020;44422;44432;44446;44425;42175;30149;1901565;1901575;9056;46466;44242;16042;44712;6629;44255;44248;6643;6665;8117;16832;16021;31224	5469	4595.5	6843.5	8218	2982.5	5351.5	1358	9039.5	8616	2996.5	4659.5	5053	6895.5	8028.5	7619.5	7782	4135	8297	6785	3013.5	2123	6027.5	6709	6883	111372.5	5.568.625
ORTHO009619	Cytochrome c oxidase; subunit Vib family protein	AT5G58005	4129;15002;16491;3824;3674;8152;8150;55114;44710;44699;15078;15077;22890;8324;15075;22891;22857;5215;6810;51234;51179;55085;44763;9987;44765;1902578;22892;34220;6811;98655;6812;15672;1902600;15992;6818;98662;98660;9055;16676;16675;5634;43231;43227;43226;5575;43229;44424;44464;5623;5622;5739;44444;5737	5470	5773	6705	7940	2982.5	1839.5	7250	3065	7183.5	5362	8095	5810	6804.5	7909	7582.5	5325.5	1155.5	4747.5	7281	6001	2313	6952	7089	6732.5	108498	5424.9
ORTHO005052	Cation efflux family protein	AT1G51610	16021;31224;44425;5575;16020;98655;6812;6811;44765;6810;51234;51179;8150;1902578;44699;34220;55085;44763;9987;8324;15075;22891;22857;5215;3674;22892;5774;44437;44444;44424;44464;5623;5622;5737;44446;44422;43226;43229;5773;43231;43227;98588;31090;98805;15562	5471	5915	6123	6775	6664	6529	3327	5698.5	4387	2945.5	7594	3422.5	6071.5	1800.5	4705.5	5325.5	5864.5	3580	6531	7871	6180.5	5924	6040	6057.5	99855	4992.75
ORTHO006888	Ca2+-binding protein 1	AT5G49480	42538;9651;6970;9628;50896;8150;6950;6972;5509;46872;43169;43167;5488;3674;5829;44444;44424;44464;5575;5623;5622;5737	5472	5419	4306.5	3141	2982.5	5432.5	5327.5	2660	6379.5	2814	6543	6883.5	5740	2711.5	3521.5	3976.5	1865.5	2724.5	5220.5	3563	4519	3311	1950	4801	79944	3997.2
ORTHO007958	Uncharacterised conserved protein (UCP012943)	AT4G25170	8150;3674	5473	6675	6098	6723	7662	1381.5	8324.5	2460.5	6823.5	3948	2290	3422.5	3467	2711.5	4462	8358	8818.5	3949	6700.5	7871	6180.5	5924	6040	6379.5	99512	4975.6
ORTHO001876	myristoyl-CoA:protein N-myristoyltransferase	AT5G57020	5829;44444;44424;44464;5575;5623;5622;5737;19107;16747;16746;16740;3824;3674;8152;8150;6499;6498;6497;6464;36211;19538;43170;71704;44238;43412;44267;44260;44237;9987;42158;42157;34645;9059;1901576;9058;44249;31365;18377;43543;10064;10016;9653;32502;48856;48367;44767;44699;48731;7275;44707;32501;48598;9790;40007;5840;30529;32991;43232;43228;43226;43229;4379;16410	5474	8179	4547.5	3621	8619	8860.5	5581	3405.5	4705.5	4316.5	7594	8804.5	5066	6170.5	6791	3074	523	1114.5	516	4687	4833.5	2608	2536	1434.5	82621.5	4.131.075
ORTHO009467	Tetratricopeptide repeat (TPR)-like superfamily protein	AT2G44920	9507;9536;43231;43227;43226;5575;43229;44424;44464;5623;5622;44444;5737;9535;55035;42651;34357;16020;44436;9579;44435;44446;44422;31976;31984;44434;9534;31977;9543;31978;5515;5488;3674	5475	4731	6923.5	8372	2982.5	8926	6349.5	3834	8976.5	8231.5	5328.5	5053	8817.5	5596	988	6712.5	8269	8278	2136.5	3563	2978	7972	2757.5	8763	113530	5676.5
ORTHO008355	unknown protein	AT4G15563	8150;5739;43231;43227;43226;5575;43229;44424;44464;5623;5622;44444;5737;3674	5476	4407	6747	8018	2982.5	6227.5	1311	6978.5	2069	6645	7524	8026.5	7121	8151	7764	5325.5	4346.5	4507	4485	3331	4668.5	6429	7244	7075	109229	5461.45
ORTHO006946	BEST Arabidopsis thaliana protein match is: exocyst complex component 84B (TAIR:AT5G49830.1)	AT1G10180	6887;16192;6810;51234;51179;8150;32940;46903;44765;1902578;44699;51649;51641;44763;9987;3674;5634;43231;43227;43226;5575;43229;44424;44464;5623;5622	5477	5427	5576.5	5676	2982.5	4758	4341	8801	7325.5	3731	6543	4877	5740	1800.5	3521.5	3976.5	4548.5	2724.5	5128	6632	4321	4873	5021	4801	93464	4673.2
ORTHO005731	EXORDIUM like 3	AT5G51550	5576;5575;3674;80167;9628;50896;8150;48046;9506;5911;30054;55044;9505;5618;30312;44464;5623;71944;5615;44421	5478	6865	6775	8072	7662	7324.5	7744.5	8181.5	6712.5	4267	5973.5	2467.5	7963	2711.5	3721.5	3976.5	5561	3121	5851	8478	7052	5213.5	7946.5	5601	109867.5	5.493.375
ORTHO007386	Ribosomal protein L35	AT5G45590	6412;43043;43604;43603;34641;6807;8152;8150;44237;9987;44271;44249;9058;6518;1901564;71704;1901566;1901576;44267;19538;43170;44238;44260;34645;9059;10467;3735;5198;3674;5739;43231;43227;43226;5575;43229;44424;44464;5623;5622;44444;5737;5840;30529;32991;43232;43228	5479	4846	7033	8587	5938.5	7499.5	2791.5	7156.5	2134	1800	8232.5	2291.5	7743	8436.5	8138	7782	5864.5	5368	6897.5	8364.5	6908	7016	4773	8332.5	117529	5876.45
ORTHO008000	unknown protein	AT1G08530	3674;9941;9526;31967;31975;44464;5575;5623;44446;44422;43226;44424;5622;43229;43227;44435;44444;5737;9536;43231;44434;9507;8150	5480	4850	4693.5	3907	2982.5	4389	3224.5	6428.5	6823.5	5151	2402	1954	6227	1800.5	5034.5	6712.5	630	3121	3529	6960	4668.5	3311	5497.5	6379.5	84243.5	4.212.175
ORTHO003592	Nucleic acid-binding; OB-fold-like protein	AT3G52630;AT4G18590	6260;6259;44260;43170;71704;8152;8150;44237;9987;90304;6139;46483;6725;1901360;34641;6807;44238;34645;9059;1901576;9058;44249;6281;6974;33554;51716;50896;6950;44763;44699;44710;5634;43231;43227;43226;5575;43229;44424;44464;5623;5622;3677;3676;1901363;5488;3674;97159;6310	5481	4175	5989	6497	2982.5	6898	2080	6323	5144	4845.5	6763.5	998	5740	3815.5	5523	3976.5	4252.5	3580	7435.5	7194	5061.5	4709	6854	6949.5	98143	4907.15
ORTHO009894	Thioredoxin superfamily protein	AT2G15570	15035;15036;16667;16491;3824;3674;8152;8150;55114;44710;44699;9570;9532;44435;44444;44424;44464;5575;5623;5622;5737;44446;44422;43226;43229;9536;43231;43227;44434;9507;16671;48509;2000026;50793;50789;65007;51239;6457;9987;45454;19725;42592;65008;44763;50794;43085;44093;65009;50790;19222;9893;48518;10497;10496;6810;51234;51179;10647;10646;48522;34599;6979;6950;50896;33554;51716;70887;42221;103;6790;44237;8047;30234;98772	5482	5706	6453	7424	2982.5	7455.5	2414	6323	800	1709.5	8167.5	3034.5	6895.5	1800.5	5413.5	3976.5	6825	4154.5	7435.5	8590.5	8083.5	6714	7611.5	6949.5	104354	5217.7
ORTHO005590	SWAP (Suppressor-of-White-APricot)/surp RNA-binding domain-containing protein	AT4G31200	6396;16070;44260;43170;71704;8152;8150;44237;9987;90304;6139;46483;6725;1901360;34641;6807;44238;10467;3723;3676;1901363;5488;3674;97159;5737;44424;44464;5575;5623;5622;48046;5576	5483	1860	3380.25	1277.5	1281	4946.5	739	5095	1545.5	1709.5	2129.5	1779	7121	7213.5	8093.5	1307	4191.5	4595	4205.5	366.5	3454.5	4780.5	2202	382.5	65857	3292.85
ORTHO001372	alpha/beta-Hydrolases superfamily protein	AT4G18550	46340;46464;46461;6638;44255;6629;71704;8152;8150;44710;44699;44238;44763;9987;44237;44242;16042;44712;9056;1901575;44248;6639;46486;46503;46339;10187;48581;48580;2000026;50793;50789;65007;51239;51241;48519;51093;10029;1900140;19915;51235;51179;65008;10876;33036;4806;16298;16788;16787;3824;3674;52689;52651;46462;47372;8970;4620;5737;44424;44464;5575;5623;5622	5484	5105	2853	222	6100.5	3406.5	4457	3608	1994.5	8006.5	1981	7647	1352	138	136.5	3183	2659	398	1889	1724	336	227	689	295	44127	2206.35
ORTHO009195	S-adenosyl-L-methionine-dependent methyltransferases superfamily protein	AT4G28830	5737;44424;44464;5575;5623;5622;3676;1901363;5488;3674;97159;32259;8152;8150;8168;16741;16740;3824	5485	4624	7234	8983	5938.5	5351.5	2627.5	7192	7978	3464	2129.5	8330	7963	8456.5	8203.5	7782	6027	5368	7398	8632.5	7254	7470	8348.5	8062	128037.5	6.401.875
ORTHO004617	ferredoxin hydrogenases	AT4G16440	5634;43231;43227;43226;5575;43229;44424;44464;5623;5622;51539;51536;51540;5488;3674;5829;44444;5737;70482;9628;50896;8150;8901;16699;16730;16491;3824;8152;55114;44710;44699;16695;46872;43169;43167	5486	6094	6143.5	6801	6857.5	6023.5	8759	5568.5	6584	4952	7199	3686.5	5740	1800.5	4303.5	3976.5	5108	3121	5851	5062.5	5422.5	5603	5407	5806	99974	4998.7
ORTHO008834	2-oxoglutarate (2OG) and Fe(II)-dependent oxygenase superfamily protein	AT5G51880	16705;16491;3824;3674;8152;8150;55114;44710;44699;16706;51213;31418;31406;43177;36094;5488;43168;43167;48029;30246;19842;5506;46914;46872;43169	5487	3801	5411	5335	4356	7051	2528	6831.5	7455	1750.5	8770	998	5740	3815.5	4233.5	6712.5	400	3949	4237	7299	5170.5	4873	7048.5	2850	91712.5	4.585.625
ORTHO009278	unknown protein	AT5G07960	16021;31224;44425;5575;16020;9507;9536;43231;43227;43226;43229;44424;44464;5623;5622;44444;5737;8150	5488	6461	6051.5	6615	7245.5	5155.5	3960	5213.5	6712.5	4795.5	7199	3686.5	8094	2711.5	3936.5	3976.5	5108	3121	5851	7194	5422.5	5603	5407	5806	98953.5	4.947.675
ORTHO006768	Pentatricopeptide repeat (PPR) superfamily protein	AT5G50280	9507;9536;43231;43227;43226;5575;43229;44424;44464;5623;5622;44444;5737;9793;44702;22414;8150;44699;3006;32502;9790;44767;48856;7275;44707;32501;48316;48608;61458;48731;9791;10154	5489	3564	4220.75	2952.5	2097	3466.5	5974	7084	3682	6785.5	4704.5	503.5	5338.5	3815.5	3521.5	6712.5	562	8179	2136.5	2734	2400	3955.5	4773	2575	78903	3945.15
ORTHO003450	Glutathione S-transferase family protein	AT5G42150	5739;43231;43227;43226;5575;43229;44424;44464;5623;5622;44444;5737;45454;19725;42592;65008;65007;8150;44763;9987;44699;50794;50789;16740;3824;3674;8152;15035;15036;16667;16491;55114;44710;9055	5490	4292	7163.5	8837	2982.5	8118	1985	3971	1430.5	2976	8404	1198.5	7554	7636	8471.5	7782	7137.5	6265.5	8266	8975	8153	7897.5	8641.5	8649.5	123512	6175.6
ORTHO009378	unknown protein	AT2G03420	8150;3674;9507;9536;43231;43227;43226;5575;43229;44424;44464;5623;5622;44444;5737	5491	4544	4324	3157	5938.5	1227	2234.5	6573	931	3944	1810	1198.5	6731.5	1800.5	5413.5	6712.5	4135	4400	4016	6960	4833.5	4067	6326.5	6732.5	80046.5	4.002.325
ORTHO001252	60S acidic ribosomal protein family	AT4G00810;AT5G24510;AT5G47700	3735;5198;3674;22626;44445;44444;44424;44464;5575;5623;5622;5737;5829;5840;30529;32991;43232;43228;43226;43229;6414;34645;44260;43170;71704;8152;8150;44237;9987;9059;1901576;9058;44249;6412;43043;43604;43603;34641;6807;44271;6518;1901564;1901566;44267;19538;44238;10467;5634;43231;43227;5886;16020;71944;5515;5488	5492	8681	6823	8154	8619	7324.5	8889.5	7762	6379.5	2869.5	7886	8467	3077.5	590	1910.5	8358	5281.5	1114.5	8008.5	6754	8228.5	2328.5	6413.5	8966	110609	5530.45
ORTHO008116	DEA(D/H)-box RNA helicase family protein	AT4G16630	5634;43231;43227;43226;5575;43229;44424;44464;5623;5622;8026;42623;16887;17111;16462;16818;16817;16787;3824;3674;8152;8150;70035;4386	5493	5581	7121.5	8750	6478.5	7583.5	1274.5	7192	7748	5055	2653	3686.5	7554	8316	7999	6712.5	7337.5	5720	8173	3774.5	8534	7786.5	6538.5	7591	121229	6061.45
ORTHO008805	unknown protein	AT2G41945	5634;43231;43227;43226;5575;43229;44424;44464;5623;5622;8150;16020;3674	5494	4549	4865	4236	2982.5	1381.5	7363	2250	8101	5237	2290	2086	3577.5	1800.5	5034.5	6712.5	8323.5	2199.5	3385	7871	4103	3111.5	5171.5	6057.5	86056	4302.8
ORTHO005993	RING/U-box superfamily protein	AT5G41580	8270;46914;46872;43169;43167;5488;3674;19789;19787;16740;3824;8152;8150;5634;43231;43227;43226;5575;43229;44424;44464;5623;5622;16925;18205;18193;6464;36211;19538;43170;71704;44238;43412;44267;44260;44237;9987;32446;70647;51176;31325;9893;48518;50789;65007;19222;48522;50794;31323;42762	5495	6026	2876.5	258	6664	3768.5	1720.5	3894.5	3991.5	5393.5	5221	1354.5	3948.5	138	136.5	3232.5	2786	398	2078.5	3231	2672	281.5	1035	470.5	45752	2287.6
ORTHO009193	pfkB-like carbohydrate kinase family protein	AT5G19150	9507;9536;43231;43227;43226;5575;43229;44424;44464;5623;5622;44444;5737;52856;16854;16853;3824;3674;8152;8150;6734;19674;46496;19362;6733;6732;51186;44237;9987;9117;6753;19637;71704;6793;55086;6139;46483;6725;1901360;34641;6807;44238;44281;44710;44699;44763;6796;72524;1901564;5739;5829;6739;5524;35639;1901265;1901363;5488;97159;43168;43167;32559;30554;17076;166;36094;32555;32553;97367;32550;32549;1882;1883;52857;47453;16836;16835;16829;52855	5496	4555	5056.5	4617	5938.5	6966	2080	1912	7455	3267	1312.5	998	6895.5	1800.5	5413.5	6712.5	4252.5	3750.5	4165.5	7299	5061.5	4780.5	6854	6949.5	87925.5	4.396.275
ORTHO010343	S-adenosyl-L-methionine-dependent methyltransferases superfamily protein	AT3G17310	5634;43231;43227;43226;5575;43229;44424;44464;5623;5622;8168;16741;16740;3824;3674;8152;8150;32259;6306;43414;44260;43170;71704;44237;9987;43412;6305;6304;6259;90304;6139;46483;6725;1901360;34641;6807;44238;44728;40029;10468;60255;19222;50789;65007	5497	7875	4908	4319	6857.5	6313	5223.5	4826.5	7561.5	4433.5	6343	3835.5	7377.5	906.5	2396.5	5325.5	6549	1780	5220.5	5094	1311.5	1735	2380.5	7860.5	86473.5	4.323.675
ORTHO007419	ARM repeat superfamily protein	AT5G37630	5634;43231;43227;43226;5575;43229;44424;44464;5623;5622;9506;5911;30054;55044;7076;30261;1902589;6996;16043;71840;8150;9987;44763;44699;6323;71103;51276;1903047;22402;7049;278;70;819;98813;7059;7067;280;48285;9793;44702;22414;3006;32502;9790;44767;48856;7275;44707;32501;48316;48608;61458;48731;9791;10154;796;44427;44446;44422;5694;43232;43228;44815;43234;32991;793	5498	4163	4072	2646	2375	9150	1274.5	3276	3404.5	8934.5	1312.5	632	1352	6292	3521.5	7419	1991	9159	8559.5	1248	2072	1228	1767.5	4413.5	77007	3850.35
ORTHO005308	splicing factor Prp18 family protein	AT1G03140	46540;97526;97525;30532;44428;44446;44422;5575;43226;44424;44464;5623;5622;43229;5634;43231;43227;30529;32991;71048;71033;8298;6403;33036;51179;8150;70727;51641;71028;956;6402;16071;16070;44260;43170;71704;8152;44237;9987;90304;6139;46483;6725;1901360;34641;6807;44238;6401;44265;9057;1901575;9056;44248;34655;19439;44270;1901361;46700;71027;71025;71030;5681;71021;71020;5684;5682;8380;6396;10467;350;22618;71826;43933;16043;71840;34622;65003;22607;44085;22613;393;398;6397;377;375;386;3824;3674	5499	5870	5605.5	5712	6664	6417	5925	5813.5	6823.5	4233.5	2809.5	3422.5	6071.5	1800.5	4705.5	8358	793	3580	6327	3254	5779	5789.5	5762.5	5957	93622	4681.1
ORTHO007663	MAP kinase kinase 6	AT5G56580	7112;33206;61640;910;22402;44763;9987;8150;44699;7049;51301;1903046;51321;3;7140;7126;280;48285;6996;16043;71840;1902589;9524;44444;44424;44464;5575;5623;5622;5737;10311;9791;44767;32502;44707;32501;7275;48645;48646;9653;48856;9887;48513;48731;10102;10101;10015;48364;22622;9886;48528;48569;48527;5856;43232;43228;43226;43229;5515;5488;3674;4708;4712;4672;16301;16772;16740;3824;8152;16310;6796;6793;44237;16773;6468;6464;36211;19538;43170;71704;44238;43412;44267;44260;165;23014;7165;50794;50789;65007;51716;50896;7154;44700;23052;44710;35556;187;43406;71902;45860;45859;43549;42325;19220;51174;31323;19222;51338;50790;65009;1932;31399;32268;51246;80090;60255;1934;42327;45937;10562;31325;9893;48518;48522;31401;32270;51247;10604;33674;51347;43085;44093;71900;43405;43408;1902531;9966;10646;48583;23051;43410;1902533;9967;10647;48584;23056;32147;5524;35639;1901265;1901363;97159;43168;43167;32559;30554;17076;166;36094;32555;32553;97367;32550;32549;1882;1883;9507;9536;43231;43227;4674	5500	3645	3991.5	2483	2097	6529	6572	6573	867	4866.5	1981	3218	3406.5	3497	3047.5	6712.5	562	3121	3792	4473	4668.5	3854	5902.5	2314	75957	3797.85
ORTHO004873	Chaperone DnaJ-domain superfamily protein	AT2G35795	1405;98800;98796;43234;32991;5575;44425;16020;98798;44429;44444;44424;44464;5623;5622;5737;44446;44422;43226;43229;5739;43231;43227;44455;31966;31090;5740;31967;31975;5743;19866;5744;6457;9987;8150;30150;1902580;51641;51179;1902578;44699;16482;46907;6810;51234;51649;70585;33365;34613;70727;33036;8104;72655;72594;45184;1990542;6839;1902582;44765;55085;44763;44743;17038;15031;71702;65002;6886;71806;6626;6605;7005;6996;16043;71840;8565;22892;5215;3674;1671;60590;60589;30234;98772;50790;19222;50789;65007;65009;8047;43085;44093;9893;48518;32781;43462;51336;51345	5501	7098	6239.5	6978	7947.5	2295.5	8209	8028.5	4323	5792	6543	8736.5	1352	2711.5	3521.5	5325.5	7432	2199.5	5851	6632	6180.5	4169	6624.5	5222.5	101149	5057.45
ORTHO009485	Transmembrane proteins 14C	AT3G43520	9941;9526;31967;31975;44464;5575;5623;44446;44422;43226;44424;5622;43229;43227;44435;44444;5737;9536;43231;44434;9507;16021;31224;44425;16020;31969;42170;31090;8150	5502	5947	2839.5	177	2982.5	838.5	6866	3729.5	2760.5	7539	4338	1687.5	1352	138	136.5	3232.5	2655	663.5	44	2765	2313	213.5	433.5	443.5	42149	2107.45
ORTHO002745	arginosuccinate synthase family	AT4G24830	9507;9536;43231;43227;43226;5575;43229;44424;44464;5623;5622;44444;5737;4055;16879;16874;3824;3674;8152;8150;5524;35639;1901265;1901363;5488;97159;43168;43167;32559;30554;17076;166;36094;32555;32553;97367;32550;32549;1882;1883;9570;9532;44435;44446;44422;44434;6526;9084;1901607;1901605;6520;1901564;71704;6807;19752;43436;6082;44281;44710;44699;44763;9987;44237;44238;8652;46394;16053;44283;44711;9058;1901576;44249;1901566;9064;6525	5503	6124	4122.5	2742	5552	9120	2121.5	3065	2979	8647.5	3526	6344	4677	3431.5	1725.5	3976.5	7443	6737.5	2317.5	3108	2189	1656	1072	3383	77519.5	3.875.975
ORTHO003713	purine permease 4	AT1G30840	6863;15851;71705;6810;51234;51179;8150;44765;1902578;44699;71702;5345;15205;22891;22857;5215;3674;55085;44763;9987;22892;16020;5575;16021;31224;44425	5504	6878	6519.5	7535	6100.5	5432.5	8162.5	8064.5	6225	4496.5	5788.5	4905	7743	2711.5	3521.5	3976.5	4761	2199.5	5851	8214	6180.5	4308.5	7335	5222.5	105099	5254.95
ORTHO001570	BTB-POZ and MATH domain 4	AT3G03740;AT3G43700;AT5G21010	42631;31668;51716;9987;8150;50896;71496;9605;7154;44763;44699;9991;71462;71214;9628;9415;1101;42221;10035;1901700;71229;70887;1901701;9414;6950;33554;16567;32446;70647;6464;36211;19538;43170;71704;8152;44238;43412;44267;44260;44237;6970;5634;43231;43227;43226;5575;43229;44424;44464;5623;5622;71472;71470;9651;5829;44444;5737;5515;5488;3674	5505	8005	5058	4611	7245.5	7169.5	7851	7290.5	3610	3855.5	6070	6027	4492.5	906.5	1677.5	8358	3548.5	663.5	5648	4687	4103	2433.5	5710.5	3771.5	87873.5	4.393.675
ORTHO008910	Ribosomal protein L3 family protein	AT2G43030	9570;9532;44435;44444;44424;44464;5575;5623;5622;5737;44446;44422;43226;43229;9536;43231;43227;44434;9507;9941;9526;31967;31975;16020;19843;3723;3676;1901363;5488;3674;97159;6412;43043;43604;43603;34641;6807;8152;8150;44237;9987;44271;44249;9058;6518;1901564;71704;1901566;1901576;44267;19538;43170;44238;44260;34645;9059;10467;5840;30529;32991;43232;43228;3735;5198	5506	3726.5	5949	6392	4356	8240.5	5075.5	2114.5	2069	6889	1981	1658	7189	6971	7258.5	7782	1772.5	5221.5	1118.5	5887	7568	7441	7156	4060.5	97453	4872.65
ORTHO010155	RHOMBOID-like protein 12	AT1G18600	4252;4175;70011;8233;16787;3824;3674;8152;8150;6508;19538;43170;71704;44238;8236;17171;16021;31224;44425;5575;16020;31966;31090;44422;43226;43227;44429;44444;44424;44464;5623;5622;5737;44446;43229;5739;43231;5740;31967;31975;16485;51604;10467	5507	5446	5134	4761	2982.5	2295.5	4341	4964	2465.5	8319	5788.5	4905	5740	3374	4233.5	3976.5	4548.5	2724.5	5220.5	6632	4384	4970.5	5021	4898	88801.5	4.440.075
ORTHO002022	Ribosomal protein L6 family protein	AT1G74050;AT1G74060	2181;6412;43043;43604;43603;34641;6807;8152;8150;44237;9987;44271;44249;9058;6518;1901564;71704;1901566;1901576;44267;19538;43170;44238;44260;34645;9059;10467;3735;5198;3674;9506;5911;30054;5575;55044;5737;44424;44464;5623;5622;44822;3723;3676;1901363;5488;97159;16020;27;22618;71826;43933;16043;71840;34622;65003;22607;44085;22613;42255;70925;6996;42254;42273;5829;44444;5840;30529;32991;43232;43228;43226;43229;5886;71944;22625;15934;44391;44446;44422;44445;22626;5730;44428;5634;43231;43227;31981;70013;43233;31974	5508	8510	5435	5362	8950.5	6149	2528	7656	2645.5	7830	8095	3872	1352	1184.5	2023.5	8358	6298	1342.5	7353.5	6001	6908	1045	2630	8595	91866.5	4.593.325
ORTHO008943	BTB/POZ domain-containing protein	AT3G05675	16567;32446;70647;6464;36211;19538;43170;71704;8152;8150;44238;43412;44267;44260;44237;9987;5634;43231;43227;43226;5575;43229;44424;44464;5623;5622	5509	5219	6734	7959	5238	7633.5	8400	7656	8721	6459.5	2402	1708.5	6227	8378.5	9104	2821	5764.5	4253	8098.5	616.5	7254	7016	4668	1473	108654.5	5.432.725
ORTHO005267	C-terminal domain phosphatase-like 4	AT5G58003	6355;1903506;2001141;31326;9889;19222;50789;65007;8150;31323;50794;51252;19219;80090;51171;60255;10556;10468;2000112;5634;43231;43227;43226;5575;43229;44424;44464;5623;5622;3723;3676;1901363;5488;3674;97159;9651;6970;9628;50896;6950;8022;5515;6351;34645;44260;43170;71704;8152;44237;9987;9059;1901576;9058;44249;97659;32774;16070;90304;6139;46483;6725;1901360;34641;6807;44238;34654;19438;44271;18130;1901362;10467;4721;16791;42578;16788;16787;3824;16311;6796;6793;6470;6464;36211;19538;43412;44267;46872;43169;43167	5510	5085	6362	7214	6100.5	1227	2703	6741	7183.5	2170.5	6763.5	8294	1352	1800.5	5413.5	3976.5	6648.5	4154.5	7281	8478	8618.5	6512.5	6624.5	6850.5	102793	5139.65
ORTHO009463	Carbohydrate-binding X8 domain superfamily protein	AT4G05430	5886;16020;5575;44464;5623;71944;3674;8150	5511	4802	6677	7843	2982.5	1729.5	7262.5	2460.5	2264	8006.5	3136.5	8166	7498	8316	7999	7782	5457.5	4809.5	5502	3184	5779	6648	4165.5	7453	107619	5380.95
ORTHO005642	ribosomal protein S1	AT5G30510	9570;9532;44435;44444;44424;44464;5575;5623;5622;5737;44446;44422;43226;43229;9536;43231;43227;44434;9507;16020;9735;9725;9719;50896;8150;10033;42221;3676;1901363;5488;3674;97159;5840;30529;32991;43232;43228;5739;9579;3723	5512	5086	4306.5	3101	6100.5	214	3025	2322	7183.5	3350	6763.5	6171.5	6617.5	1800.5	5413.5	3976.5	1816.5	3949	3730.5	8397.5	970	5059	2390.5	6553	79703.5	3.985.175
ORTHO005828	CONTAINS InterPro DOMAIN/s: Secretory pathway Sec39 (InterPro:IPR013244)	AT5G24350	3674;51604;19538;43170;71704;8152;8150;44238;10467;5773;43231;43227;43226;5575;43229;44424;44464;5623;5622;44444;5737;6624;16485;6508;44267;44260;44237;9987;15031;45184;51234;51179;8104;33036;71702;6810;6890;48193;1902582;46907;51649;51641;44765;1902578;44699;16192	5513	3901	7321	9129	2097	9022	7830.5	7491.5	8307	7916.5	9044.5	5667	7743	5564	1168.5	6712.5	7051	6854.5	8200	8891.5	6908	8295.5	8585	4413.5	135666	6783.3
ORTHO004514	Lipin family protein	AT3G09560	5634;43231;43227;43226;5575;43229;44424;44464;5623;5622;19375;19374;6664;1903509;6629;71704;8152;8150;44710;44699;44238;1901135;6643;44255;44763;9987;44237;9247;46467;8610;1901576;9058;44711;44249;1901137;139;98588;31090;16020;44422;44431;44444;5737;44446;5794;12505;32586;9705;5774;44437;5773;98805;325;8654;6644;19637;6793;6796;90407;8195;16791;42578;16788;16787;3824;3674;16311;6886;15031;45184;51234;51179;8104;33036;71702;6810;46907;51649;51641;34613;70727;16036;9267;31669;31667;9991;9605;50896;31668;51716;71496;7154;42594;6950;33554;5829	5514	8532	6916	8318	8776.5	6313	8843	7935.5	5484	7324	8167.5	4467	5195	590	2163.5	8358	6298	663.5	8310	6001	6908	3754	7156	8697.5	112628.5	5.631.425
ORTHO002414	Ribosomal protein S8e family protein	AT5G59240	3735;5198;3674;6414;34645;44260;43170;71704;8152;8150;44237;9987;9059;1901576;9058;44249;6412;43043;43604;43603;34641;6807;44271;6518;1901564;1901566;44267;19538;44238;10467;22626;44445;44444;44424;44464;5575;5623;5622;5737;5829;5840;30529;32991;43232;43228;43226;43229;42254;22613;44085;71840;22627;15935;44391;44446;44422;462;30490;6364;34470;34660;16070;90304;6139;46483;6725;1901360;6396;16072;42274;16020	5515	5082	6537	7559	2982.5	4251	1672.5	8778	4323	8398	8871	5795.5	3626	7779.5	7518.5	6712.5	1321	5992	7042	2253	2634.5	6612.5	5407	6281	105268.5	5.263.425
ORTHO008624	Ribophorin I	AT2G01720	5774;44437;44444;44424;44464;5575;5623;5622;5737;44446;44422;43226;43229;5773;43231;43227;98588;31090;16020;98805;18279;18196;18193;6464;36211;19538;43170;71704;8152;8150;44238;43412;44267;44260;44237;9987;6487;6486;44763;44699;43413;70085;44723;5975;44710;9101;9100;1901135;34645;9059;1901576;9058;44249;1901137;8250;98796;43234;32991;44425;44432;5783;12505;1990234;1902494;5789;42175;4576;16758;16757;16740;3824;3674;5886;71944;9505;5618;30312;4579	5516	5723	6773.5	8031	6534	551	3513	2322	7748	3412.5	2402	3578.5	1352	8485	8138	5325.5	7354	5720	8251.5	8918.5	8580	7972	6989	8763	109375.5	5.468.775
ORTHO008090	ureidoglycolate amidohydrolase	AT5G43600	5739;43231;43227;43226;5575;43229;44424;44464;5623;5622;44444;5737;256;43605;43603;34641;6807;8152;8150;44237;9987;44270;44248;9056;1901361;1901360;71704;1901575;1901565;1901564;255;46483;46700;4848;16813;16810;16787;3824;3674;5783;12505;46872;43169;43167;5488;6508;19538;43170;44238;6145;46113;44712;44710;44699;9112;55086;6139;6725;44281;44763;72523;19439;72521;6144;10136;10135;8237;70011;8233	5517	4584	4657.5	3798	2982.5	6529	7306.5	5813.5	1839.5	7441.5	5726.5	4421	5467.5	3283.5	3521.5	6712.5	3264.5	1568.5	577.5	5578	3454.5	2213.5	3227	5601	83547	4177.35
ORTHO004669	Protein of unknown function (DUF1012)	AT5G02940;AT5G43745	5634;43231;43227;43226;5575;43229;44424;44464;5623;5622;9507;9536;44444;5737;9941;9526;31967;31975;44446;44422;44435;44434;8324;15075;22891;22857;5215;3674;6810;51234;51179;8150;55085;44763;9987;44699;44765;1902578;22892;34220;6811;98655;6812;6813;15672;30001;16021;31224;44425;16020	5518	3185	6145.5	6773	2097	1658.5	1410	2545	2804.5	7782	8947	8207.5	6513.5	6764.5	7082.5	7782	8695.5	5101.5	6056.5	1094	6696	5059	2013	3635.5	99848	4992.4
ORTHO007378	beta-1;4-N-acetylglucosaminyltransferase family protein	AT2G13290	6487;6486;44763;9987;8150;44699;6464;36211;19538;43170;71704;8152;44238;43412;44267;44260;44237;43413;70085;44723;5975;44710;9101;9100;1901135;34645;9059;1901576;9058;44249;1901137;16757;16740;3824;3674;8375;8194;16758;5794;43231;43227;43226;5575;43229;44424;44464;5623;5622;44444;5737;12505;16020;3830	5519	4924	3807	2095	2982.5	4986.5	1358	5568.5	4953	4340.5	5836	3912.5	5740	1800.5	3521.5	6712.5	3264.5	2199.5	2913	1043.5	3604.5	2433.5	4116	4898	73202	3660.1
ORTHO004648	like COV 2	AT1G43130	5802;98791;44431;44444;44424;44464;5575;5623;5622;5737;44446;44422;43226;43229;5794;43231;43227;12505;31984;5768;10222;10051;3002;7389;44767;32502;8150;44699;44707;32501;7275;3674	5520	5308	3915.5	2311	2982.5	3270.5	5303	5698.5	6712.5	1893	2539	8085	3566	2711.5	4705.5	5325.5	1356.5	2724.5	2207	5160	2011	3453.5	1405.5	6553	74681	3734.05
ORTHO002970	SC35-like splicing factor 30A	AT3G13570	5515;5488;3674;8380;6396;16070;44260;43170;71704;8152;8150;44237;9987;90304;6139;46483;6725;1901360;34641;6807;44238;10467;5681;44428;44446;44422;5575;43226;44424;44464;5623;5622;43229;5634;43231;43227;30529;32991;3723;3676;1901363;97159;5829;44444;5737;398;6397;16071;377;375;16607;16604;44451;5654;31981;70013;43233;31974	5521	8747	5442	5363	8678	9038.5	2951	8753	3659	8934.5	4199.5	5172.5	4677	906.5	1549	8358	5404	1051.5	1513	6467.5	2953	1090.5	7089	8111.5	91878.5	4.593.925
ORTHO006559	Co-chaperone GrpE family protein	AT1G36390	9507;9536;43231;43227;43226;5575;43229;44424;44464;5623;5622;44444;5737;9570;9532;44435;44446;44422;44434;6457;9987;8150;5759;44429;5739;70013;43233;31974;42803;42802;5515;5488;3674;46983;5507;46914;46872;43169;43167;774;60590;60589;30234;98772;50790;19222;50789;65007;65009;30554;17076;166;36094;1901265;1901363;97159;51087	5522	6856	5818.25	6114.5	7662	5516	5521	4964	6493	3027.5	7382.5	4162.5	7743	2711.5	3721.5	3976.5	4942.5	2558	5347.5	4211	6431	4423	7554.5	5222.5	95909	4795.45
ORTHO005122	calmodulin like 23	AT1G66400;AT5G37770	5509;46872;43169;43167;5488;3674;80164;51171;19222;50789;65007;8150;2000377;31323;50794;5634;43231;43227;43226;5575;43229;44424;44464;5623;5622;9909;48580;2000026;50793;51239;48831;2000241;9737;9725;9719;50896;10033;42221;33993;97305;1901700;1101;9409;9266;9628;6950;15629;5856;43232;43228;48574;48571;9648;9416;9314;48573;10228;3006;32502;22414;48608;48856;61458;48731;7275;44767;44699;44707;32501;9791;9733;9408;5886;16020;71944;42542;302;6979;10035;9612;9605;9646;9642;10038;51592;45087;6952;6955;2376;5794;44444;5737;12505	5523	3287	6921.5	8320	4356	8382	3430	3816.5	3957.5	4750	5540	6674.5	8675.5	5425.5	892.5	6712.5	1321	7659.5	2893	9160	8935.5	8749	8881.5	6801.5	112657.5	5.632.875
ORTHO007852	unknown protein	AT1G71430	5634;43231;43227;43226;5575;43229;44424;44464;5623;5622;3674;8150	5524	3023	5827.5	6131	2097	5744.5	1011	7156.5	2069	4372	8984.5	2230.5	6895.5	6764.5	7129	7782	5864.5	5368	3792	1070.5	175.5	7392.5	8247	3920	95969	4798.45
ORTHO006651	glycerol-3-phosphatase 1	AT4G25840;AT5G57440	16311;6796;6793;44237;8152;8150;9987;9507;9536;43231;43227;43226;5575;43229;44424;44464;5623;5622;44444;5737;6114;6071;19400;44723;5975;71704;44238;44710;44699;44262;19751;6066;1901615;44281;44763;19401;46173;46165;1901617;1901576;9058;44283;44711;34637;16051;44249;16787;3824;3674;43136;16791;42578;16788;46872;43169;43167;5488;121;5739	5525	6868	5603.5	5682	5362.5	4723.5	4885.5	8314.5	6379.5	5063.5	7999	5903.5	4555.5	6206.5	7518.5	2821	6549	1017	3046	4904	3454.5	4612.5	4065	1473	93491.5	4.674.575
ORTHO007779	Ubiquitin fusion degradation UFD1 family protein	AT4G15420	6511;19941;51603;6508;19538;43170;71704;8152;8150;44238;44257;30163;9057;1901575;9056;44265;44260;44237;9987;44248;44267;43632;5634;43231;43227;43226;5575;43229;44424;44464;5623;5622	5526	5045	4442	3358	2982.5	5155.5	6375	5698.5	4953	3921.5	2992.5	3686.5	5740	1800.5	4462	3976.5	5194	2199.5	5851	884	5637	2433.5	4632	5601	81193.5	4.059.675
ORTHO007165	alpha/beta-Hydrolases superfamily protein	AT5G19050	9507;9536;43231;43227;43226;5575;43229;44424;44464;5623;5622;44444;5737;8150	5527	6197	5059	4591	5651.5	5432.5	4341	5439.5	2666	6125	6543	4949	3262	2711.5	3936.5	3976.5	4548.5	2724.5	5128	6555.5	4321	4873	5021	5222.5	87776.5	4.388.825
ORTHO007767	DNA glycosylase superfamily protein	AT1G13635	6284;6281;6259;44260;43170;71704;8152;8150;44237;9987;90304;6139;46483;6725;1901360;34641;6807;44238;6974;33554;51716;50896;6950;44763;44699;44710;8725;43733;3905;19104;16799;16798;16787;3824;3674;5634;43231;43227;43226;5575;43229;44424;44464;5623;5622	5528	5153	4794.5	4061	2982.5	4496	8282	4964	4740.5	7539	5836	4566	3441.5	1800.5	3521.5	3976.5	4610.5	2199.5	1423.5	4100	4668.5	5059	5021	4898	85143.5	4.257.175
ORTHO003720	ASYMMETRIC LEAVES 2-like 1	AT5G66870	9965;9887;44767;32502;8150;44699;9653;48856;48513;48731;7275;44707;32501;48366;48827;48367;10016;5634;43231;43227;43226;5575;43229;44424;44464;5623;5622;6355;1903506;2001141;31326;9889;19222;50789;65007;31323;50794;51252;19219;80090;51171;60255;10556;10468;2000112;9954;3002;7389;48441;48437;44702;22414;3006;48569;9908;90567;48608;61458;9791;48465;48438	5529	7507	7189.5	8850	8259	4946.5	7714.5	8181.5	4045.5	8319	7734.5	7280	3339.5	6764.5	7764	8660.5	4998.5	4253	6265.5	8214	5839	6429	7774	5222.5	123745.5	6.187.275
ORTHO008289	peroxin 11A	AT1G47750	5515;5488;3674;5778;44439;44438;44444;44424;44464;5575;5623;5622;5737;44446;44422;43226;43229;42579;43231;43227;5777;31903;98588;31090;16020;98805;16559;48285;6996;16043;71840;8150;9987;7031;5779;31231;31300;31224;44425;31301;16021;44375;32535;90066;65008;65007;44763;44699;5634;42802	5530	4711	4478	3426	2982.5	5833.5	7399.5	6428.5	1198	3913	2129.5	1889	6227	1800.5	5034.5	6712.5	3752	2724.5	3459.5	3797	4384	3222.5	5407	6281	81593	4079.65
ORTHO006940	Acyl-CoA N-acyltransferase with RING/FYVE/PHD-type zinc finger protein	AT3G14980	6355;1903506;2001141;31326;9889;19222;50789;65007;8150;31323;50794;51252;19219;80090;51171;60255;10556;10468;2000112;44030;51052;43971;43966;16573;16570;16569;16568;6325;43933;16043;71840;9987;51276;6996;6464;36211;19538;43170;71704;8152;44238;43412;44267;44260;44237;1902589;44763;44699;44710;18393;18394;18205;18193;6473;43543;6475;10385;3690;43566;3677;3676;1901363;5488;3674;97159;42393;5515;8270;46914;46872;43169;43167;4402;61733;34212;8080;16410;16747;16746;16740;3824;16407;44154;80188;6306;43414;32259;6305;6304;6259;90304;6139;46483;6725;1901360;34641;6807;44728;40029;31047;16458;10629;10605;9892;48519;5634;43231;43227;43226;5575;43229;44424;44464;5623;5622;9506;5911;30054;55044;43972;6351;34645;9059;1901576;9058;44249;97659;32774;16070;34654;19438;44271;18130;1901362;10467	5531	5952	5045	4559	6664	5319	7116.5	5439.5	1625	7298.5	5788.5	8397	5740	1800.5	3521.5	3976.5	4548.5	2724.5	5128	3254	4226.5	3955.5	3113	4678.5	87651	4382.55
ORTHO002854	catalytic LigB subunit of aromatic ring-opening dioxygenase family	AT4G15093	8270;46914;46872;43169;43167;5488;3674;6725;44237;8152;8150;9987;55114;44710;44699;51213;16491;3824;16701;8198;5506;5737;44424;44464;5575;5623;5622	5532	3575	4775.5	4019	2097	3205.5	2528	6741	9047	7324	4538.5	6171.5	4417	4206	1758.5	6712.5	8370.5	7870.5	2122.5	1632	4833.5	1228	728.5	1487.5	84922.5	4.246.125
ORTHO008800	Ribosomal protein L21	AT1G35680	9570;9532;44435;44444;44424;44464;5575;5623;5622;5737;44446;44422;43226;43229;9536;43231;43227;44434;9507;3735;5198;3674;9941;9526;31967;31975;6412;43043;43604;43603;34641;6807;8152;8150;44237;9987;44271;44249;9058;6518;1901564;71704;1901566;1901576;44267;19538;43170;44238;44260;34645;9059;10467;9790;44767;32502;44699;48856;7275;44707;32501;44822;3723;3676;1901363;5488;97159;9409;9266;9628;50896;6950;9658;9657;6996;16043;71840;10027;9668;44802;61024;44763;9793;44702;22414;3006;48316;48608;61458;48731;9791;10154;5634;5840;30529;32991;43232;43228	5533	5891	6607	7681	2982.5	6529	8324.5	5957	7748	642.5	7594	3422.5	6071.5	1800.5	4705.5	5325.5	5864.5	3580	6531	7871	6180.5	5924	6040	6057.5	106169	5308.45
ORTHO008695	Protein of unknown function (DUF179)	AT3G29240	9543;31978;31977;44436;44424;44464;5575;5623;5622;9579;44435;44444;5737;44446;44422;43226;43229;9536;43231;43227;31976;31984;44434;9507;9534;3674;8150	5534	5894	6159.5	6785	5552	5621	3628.5	5957	6823.5	3436.5	6343	8107.5	6071.5	1800.5	4705.5	3976.5	693.5	3949	6700.5	7871	6180.5	5924	6040	6057.5	99887	4994.35
ORTHO009947	unknown protein	AT1G44000	9658;9657;6996;16043;71840;8150;9987;9507;9536;43231;43227;43226;5575;43229;44424;44464;5623;5622;44444;5737;5739;3674	5535	5498	6695.5	7856	2982.5	6810	3327	5957	5994	5102.5	7734.5	3422.5	6227	1800.5	5034.5	3976.5	6162	3949	6835.5	8077	8350.5	6129	6467.5	6379.5	107736	5386.8
ORTHO009562	3'-5'-exoribonuclease family protein	AT4G27490	5737;44424;44464;5575;5623;5622;90351;9791;44767;32502;8150;44699;44707;32501;7275;90503;90501;16070;44260;43170;71704;8152;44237;9987;90304;6139;46483;6725;1901360;34641;6807;44238;90305;5634;43231;43227;43226;43229;6396;10467;3723;3676;1901363;5488;3674;97159;175;8408;4527;4518;16788;16787;3824;16896;4532;4540;16796;9845	5536	4721	5577.5	5619	2982.5	6529	2328.5	6573	867	6825	1981	7888.5	6617.5	2711.5	5413.5	6712.5	3958.5	3121	3792	6860	4668.5	3854	5902.5	6553	93156.5	4.657.825
ORTHO009970	plastid transcriptionally active7	AT5G24314	5515;5488;3674;10027;9668;44802;61024;16043;71840;8150;9987;44763;44699;9657;6996;9507;9536;43231;43227;43226;5575;43229;44424;44464;5623;5622;44444;5737;42793;6351;34645;44260;43170;71704;8152;44237;9059;1901576;9058;44249;97659;32774;16070;90304;6139;46483;6725;1901360;34641;6807;44238;34654;19438;44271;18130;1901362;10467;1902589;44711;44710;427;428;30880;61695;1990234;1902494;43234;32991;44435;44446;44422;6355;1903506;2001141;31326;9889;19222;50789;65007;31323;50794;51252;19219;80090;51171;60255;10556;10468;2000112;9508;229;5694;43232;43228;42646;9295;9532;9658;9416;9314;9628;50896	5537	5658	2833.5	130	2982.5	4008	5581	1484	800	8319	513.5	1708.5	3875.5	138	136.5	3128	2717.5	398	2014	399	2381.5	258	678.5	462	39000.5	1.950.025
ORTHO003536	Peroxidase superfamily protein	AT2G22420	5773;43231;43227;43226;5575;43229;44424;44464;5623;5622;44444;5737;46872;43169;43167;5488;3674;42744;42743;72593;44237;8152;8150;9987;44712;9056;44710;44699;44763;44248;6979;6950;50896;5576;5829;55114;4601;16684;16491;3824;16209;20037;46906;1901363;97159	5538	6238	5273	5008	7245.5	2260.5	7218	2876.5	2541	1709.5	4570	6001.5	7743	1800.5	3721.5	3976.5	4942.5	4154.5	6389	7408.5	7386	5308.5	5171.5	4898	90077	4503.85
ORTHO009446	Myosin heavy chain-related protein	AT4G32190	NA	5539	4627	5482	5425	2982.5	6898	2080	6741	6225	4289.5	1312.5	998	6895.5	1800.5	5413.5	6712.5	4252.5	3580	4113.5	7299	5061.5	4709	6854	6949.5	92185	4609.25
ORTHO007905	ubiquitin-specific protease 27	AT4G39370	5634;43231;43227;43226;5575;43229;44424;44464;5623;5622;6511;19941;51603;6508;19538;43170;71704;8152;8150;44238;44257;30163;9057;1901575;9056;44265;44260;44237;9987;44248;44267;43632;61136;1903050;1903362;31329;9894;19222;50789;65007;31323;50794;42176;51246;80090;60255;32268;30162;31966;31090;16020;44422;44429;44444;5737;44446;5739;5740;31967;31975;16579;70646;70647;6464;36211;43412;16021;31224;44425;43161;10498;31307;31306;98573;31300;44455;5741;31968;19867;98805;98588;32592;31301;8233;16787;3824;3674;4197;8234;70011;4175;4843;19783;36459	5540	3789	6947.5	8355	4356	7694	2528	7192	7748	2891.5	2129.5	2131	7031	6971	7195	5325.5	6027	5368	7398	8632.5	7254	7470	8348.5	3920	113254.5	5.662.725
ORTHO005203	hydrolase family protein / HAD-superfamily protein	AT3G45740	46474;6650;6644;19637;71704;8152;8150;6793;44237;9987;44255;6629;44710;44699;44238;44763;6796;46486;45017;8610;1901576;9058;44711;44249;8654;90407;5739;43231;43227;43226;5575;43229;44424;44464;5623;5622;44444;5737;5507;46914;46872;43169;43167;5488;3674;16787;3824;8270	5541	7664	6443.25	7345.5	6664	3010.5	8738.5	7762	5484	8063.5	6763.5	7162	7031	2711.5	2163.5	5325.5	7324	1617	3553	4778	5170.5	3111.5	6194.5	7768	103732	5186.6
ORTHO008950	unknown protein	AT5G06830	5634;43231;43227;43226;5575;43229;44424;44464;5623;5622;3674	5542	5275	5826.5	6111	2982.5	9004.5	6680	5348	3568	8934.5	4497	3578.5	1352	5762	1145.5	3976.5	2365	8162	8764.5	1980	2770	7814.5	2025	8159	95886.5	4.794.325
ORTHO009207	tRNA synthetase class I (I; L; M and V) family protein	AT5G49030	5524;35639;1901265;1901363;5488;3674;97159;43168;43167;32559;30554;17076;166;36094;32555;32553;97367;32550;32549;1882;1883;6428;6418;43039;6399;34660;16070;44260;43170;71704;8152;8150;44237;9987;90304;6139;46483;6725;1901360;34641;6807;44238;43038;6520;1901564;19752;43436;6082;44281;44710;44699;44763;6412;43043;43604;43603;44271;44249;9058;6518;1901566;1901576;44267;19538;34645;9059;10467;32543;1902589;6996;16043;71840;7005;44711;5739;43231;43227;43226;5575;43229;44424;44464;5623;5622;44444;5737;4812;16876;16875;16874;3824;4822;2161;52689;16788;16787;6450;6448;6417;10608;10468;60255;19222;50789;65007;32268;51246;80090;31323;50794;34248;51171;2000112;31326;9889;10556;65008;9570;9532;44435;44446;44422;9536;44434;9507;46872;43169;48481;3006;32502;22414;48856;35670;48608;61458;48731;7275;44767;44707;32501;48440;48827;48367;48437;44702;48569;48513;9908;90567;9791;48467;48438;5829	5543	4732	5191.5	4840	5938.5	4434.5	2414	6573	5994	5683.5	6763.5	1198.5	6617.5	1800.5	5413.5	6712.5	3958.5	3121	3792	6754	1786	3754	5902.5	6553	89226	4461.3
ORTHO008035	BEST Arabidopsis thaliana protein match is: Late embryogenesis abundant protein; group 2 (TAIR:AT3G24600.1)	AT3G08490	8150;5634;43231;43227;43226;5575;43229;44424;44464;5623;5622;3674	5544	3795	3838	2132	4356	2295.5	2190	2250	3753	7035	3879	1422	5338.5	3815.5	3265	6712.5	4135	3121	3265	6960	864.5	4067	6467.5	2575	73411	3670.55
ORTHO008457	J-domain protein required for chloroplast accumulation response 1	AT1G75100	7015;71822;43933;16043;71840;8150;9987;30036;30029;44763;44699;7010;6996;1902589;9903;9902;9658;9657;19750;51644;51640;51641;51179;51667;51649;51234;51656;71483;9637;9416;9314;9628;50896;71482;71478;71214;51716;5737;44424;44464;5575;5623;5622;9507;9536;43231;43227;43226;43229;44444;9904	5545	5396	6528	7511	2982.5	6898	2414	6428.5	7325.5	7782	1211	3034.5	1352	2711.5	5523	3976.5	6825	4154.5	7435.5	8590.5	8019	6714	7611.5	6949.5	104956	5247.8
ORTHO009899	NAD(P)-binding Rossmann-fold superfamily protein	AT4G20760	16491;3824;3674;8152;8150;55114;44710;44699;9507;9536;43231;43227;43226;5575;43229;44424;44464;5623;5622;44444;5737	5546	5668.5	7315.25	9084.5	2982.5	6023.5	5048.5	8982	6584	8319	3136.5	7039.5	7258.5	8704	5413.5	3976.5	6982.5	7846	8200	8832.5	7568	8223.5	8115.5	6732.5	132986	6649.3
ORTHO006121	SITE-1 protease	AT5G19660	6629;71704;8152;8150;44710;44699;44238;6508;19538;43170;139;98588;31090;16020;5575;44422;43226;43227;44431;44444;44424;44464;5623;5622;5737;44446;43229;5794;43231;12505;5515;5488;3674;6972;6970;9628;50896;6950;42538;9651;5783;5576;16021;31224;44425;4175;70011;8233;16787;3824;4252;8236;17171	5547	4863	4684.5	3822	2982.5	8030	5146.5	6428.5	4953	5665	6173.5	2291.5	6071.5	1800.5	4462	6712.5	793	2199.5	2078.5	5447	1710	2923.5	4887	5957	83730	4186.5
ORTHO007471	endoplasmic reticulum auxin binding protein 1	AT4G02980	5886;16020;5575;44464;5623;71944;5788;70013;43233;31974;44422;43226;44446;44424;5622;43229;44432;44444;5737;5783;43231;43227;12505;45793;8361;32535;90066;65008;65007;8150;16043;71840;9987;44763;44699;32877;2000105;45740;31328;31326;9889;19222;50789;31323;50794;31325;9893;48518;48522;9891;10557;10604;60255;10556;51054;45935;19219;80090;51171;51173;51052;6275;2000112;90329;90068;10564;51726;45787;32875;910;22402;7049;51301;9826;902;32989;9653;32502;48856;48869;44767;60560;48589;40007;16049;51781;51302;10011;42562;5488;3674;4872;60089;9507;9536	5548	4332	3619.5	1691	2982.5	1227	5997.5	2460.5	3382.5	7666.5	241.5	3983	4793	3815.5	5034.5	3976.5	737	3121	3445.5	884	4384	3222.5	5295.5	6210	69877.5	3.493.875
ORTHO006377	potassium channel in Arabidopsis thaliana 3	AT4G32650	5886;16020;5575;44464;5623;71944;30551;166;36094;5488;3674;1901265;1901363;97159;5242;5249;22843;5261;5216;15075;22891;22857;5215;6810;51234;51179;8150;55085;44763;9987;44699;44765;1902578;22892;34220;6811;22838;15267;22803;8324;98655;6812;5244;22832;22836;51049;32879;50789;65007;34765;34762;50794;43269;5267;15079;15077;22890;15672;46873;30001;71805;98662;98660;71804;6813;15276;22834;9507;9536;43231;43227;43226;43229;44424;5622;44444;5737;16021;31224;44425;5515;9624;51707;43207;9605;50896;9607;51704;5783;12505;10163	5549	5877	5181	4813	6664	5319	7254	5439.5	4323	6381.5	6543	5257	5467.5	2711.5	3521.5	3976.5	4548.5	4400	5347.5	1654	6180.5	3453.5	2637	4678.5	89093.5	4.454.675
ORTHO006854	SKP1/ASK-interacting protein 16	AT1G06110	16567;32446;70647;6464;36211;19538;43170;71704;8152;8150;44238;43412;44267;44260;44237;9987;5515;5488;3674;5634;43231;43227;43226;5575;43229;44424;44464;5623;5622;19005;31461;151;1990234;1902494;43234;32991	5550	2973	5001.5	4453	2097	8600	961	4034.5	2435.5	6459.5	5407.5	5096	6316	6601.5	6867.5	2476	4870.5	5368	1086	1070.5	4946	6714	4632	3179.5	87121.5	4.356.075
ORTHO009450	Presenilin-2	AT2G29900	5798;16023;31988;43227;43226;5575;31982;43231;43229;44424;44464;5623;5622;31410;44444;5737;44431;44446;44422;5794;12505;4175;70011;8233;16787;3824;3674;8152;8150;6508;19538;43170;71704;44238;35556;7165;50794;50789;65007;51716;9987;50896;7154;44763;44699;44700;23052;16020;7219;7166;5887;31226;44459;44425;5886;71944;31224;16021	5551	4644	3843	2135	2982.5	3768.5	5075.5	5813.5	5144	5702	5726.5	4724	3294	2711.5	2702.5	6712.5	1266	1921.5	2788	3288	3719.5	1778.5	2991.5	4291.5	73419	3670.95
ORTHO009676	Mitochondrial substrate carrier family protein	AT2G33820	5743;19866;31090;16020;5575;44422;43226;43227;44424;44464;5623;5622;31967;31975;44446;43229;31966;44429;44444;5737;5739;43231;5740;6839;1902582;46907;6810;51234;51179;8150;51649;51641;44765;1902578;44699;5290;15179;15171;46943;8514;8509;15075;22891;22857;5215;3674;55085;44763;9987;22892;34220;6811;98656;6820;15711;71702;5342;1903825;15849;46942;3333;6865;71705;15807;1902475;15174;1990822;15802;1901474;15238;90484;15893;42493;42221;50896;6855;45118;45117;8324;98655;6812;89709;1902024;15817;16021;31224;44425;15189;1903401;1902022;15819;15181;1903826;15809;1903352;15822;64	5552	5523	5615.5	5679	2982.5	8686	1311	6142.5	7183.5	8446	1414	8258	6731.5	1800.5	5413.5	3976.5	8695.5	3580	257	662	723.5	6377.5	7089	6732.5	93480	4674
ORTHO007742	Adaptin ear-binding coat-associated protein 1 NECAP-1	AT3G58600	5737;44424;44464;5575;5623;5622;3674;6897;16192;6810;51234;51179;8150;16020	5553	2046	4369.5	3186	4356	8518.5	2234.5	4503	635	14.5	1810	181.5	8306	7954.5	8968.5	2476	2041	6440	1271.5	6001	7636	6512.5	1573	3179.5	80256.5	4.012.825
ORTHO001857	Nucleotide/sugar transporter family protein	AT5G55950;AT5G57100	16020;5575	5554	6083	5151	4748	2982.5	7363.5	5163.5	5568.5	4323	763	5973.5	2467.5	5740	1800.5	3936.5	3976.5	5108	3121	5851	5337	5422.5	5603	5407	5806	88731.5	4.436.575
ORTHO006046	actin-related protein 4	AT1G18450	35267;43189;1902562;123;31248;1902493;1990234;1902494;43234;32991;5575;44424;44464;5623;5622;44451;44428;44446;44422;43226;43229;5634;43231;43227;5654;31981;70013;43233;31974;6281;6259;44260;43170;71704;8152;8150;44237;9987;90304;6139;46483;6725;1901360;34641;6807;44238;6974;33554;51716;50896;6950;44763;44699;44710;48235;44702;22414;3006;32502;30154;48869;44767;22412;32504;3;32501;55046;44707;9555;48229;7275;48856;48232;7276;48609;19953;44703;51704;6325;43933;16043;71840;51276;6996;5737;812;97346;70603;44454;44427;5694;43232;43228;228;790;785;5730;48574;48571;9648;9416;9314;9628;48573;10228;48608;61458;48731;9791;31011;33202;5200;5198;3674;5856;6338;16568	5555	8367	7351	9147	7662	6723	7744.5	8233.5	6712.5	8118.5	8701	6027	6316	6292	7258.5	8660.5	7071	1227	8173	7463	8468.5	7202	8348.5	8420	137160	6858
ORTHO007368	mRNAadenosine methylase	AT4G10760	5634;43231;43227;43226;5575;43229;44424;44464;5623;5622;80009;1510;43414;44260;43170;71704;8152;8150;44237;9987;32259;43412;9451;16070;90304;6139;46483;6725;1901360;34641;6807;44238;16556;16071;16607;16604;44451;44428;44446;44422;5654;31981;70013;43233;31974;5515;5488;3674;9793;44702;22414;44699;3006;32502;9790;44767;48856;7275;44707;32501;48316;48608;61458;48731;9791;10154;8757;8168;16741;16740;3824;9507;9536;44444;5737;3723;3676;1901363;97159	5556	4877	4173	2790	2982.5	1594	3129.5	2750.5	6379.5	5122.5	5788.5	4949	5740	3408	3521.5	6712.5	7962.5	2199.5	3067.5	5578	3551.5	914	1004	4413.5	77786	3889.3
ORTHO008328	S-adenosyl-L-methionine-dependent methyltransferases superfamily protein	AT1G22800	8168;16741;16740;3824;3674;8152;8150;32259;5739;43231;43227;43226;5575;43229;44424;44464;5623;5622;44444;5737	5557	4552	6436	7315	2982.5	6529	3129.5	4025.5	7831	1506.5	3526	4351.5	7258.5	8210.5	7804.5	7782	4761	4673.5	4795.5	7692.5	4833.5	6429	5171.5	3179.5	103490.5	5.174.525
ORTHO008119	Tetratricopeptide repeat (TPR)-like superfamily protein	AT1G60770	8150;5739;43231;43227;43226;5575;43229;44424;44464;5623;5622;44444;5737	5558	4558	5547	5536	5938.5	1329	2791.5	6428.5	6823.5	5709.5	8566	3422.5	6071.5	1800.5	4705.5	6712.5	8323.5	2199.5	3352	6397	3870	3026	5171.5	6057.5	92757.5	4.637.875
ORTHO004377	Small nuclear ribonucleoprotein family protein	AT2G18740;AT4G30330	5829;44444;44424;44464;5575;5623;5622;5737;5732;30529;32991;3674;5634;43231;43227;43226;43229;19013;44423;19012;19028;398;6397;16071;16070;44260;43170;71704;8152;8150;44237;9987;90304;6139;46483;6725;1901360;34641;6807;44238;6396;10467;377;375;8380;5681;44428;44446;44422	5559	8518	2920.5	282	8678	4152	5075.5	2796	4045.5	1626.5	5157	7698.5	3808.5	138	136.5	3300	2640.5	61	1680.5	971	2827	84	199	223.5	46620.5	2.331.025
ORTHO009402	Arabidopsis thaliana protein of unknown function (DUF794)	AT1G64810	9507;9536;43231;43227;43226;5575;43229;44424;44464;5623;5622;44444;5737;3723;3676;1901363;5488;3674;97159;15979;44237;8152;8150;9987;8270;46914;46872;43169;43167;9658;9657;6996;16043;71840;10468;60255;19222;50789;65007;373;377;375;8380;6396;16070;44260;43170;71704;90304;6139;46483;6725;1901360;34641;6807;44238;10467;5739	5560	4667.5	4861	4162	2982.5	8997	2121.5	6741	800	1506.5	1312.5	1070.5	6895.5	1800.5	5413.5	6712.5	4252.5	3580	4113.5	7194	5061.5	4525.5	6709	6883	85690	4284.5
ORTHO007725	RING/U-box superfamily protein	AT5G05230	16874;3824;3674;8152;8150;16567;32446;70647;6464;36211;19538;43170;71704;44238;43412;44267;44260;44237;9987;4842;19787;16740;5634;43231;43227;43226;5575;43229;44424;44464;5623;5622	5561	6727	5694.5	5828	7662	4890.5	2528	5439.5	7899.5	6038.5	6543	4566	3299	2711.5	3721.5	3976.5	4942.5	2724.5	5347.5	6689.5	6431	5308.5	5081	6210	94348	4717.4
ORTHO007604	2-oxoglutarate (2OG) and Fe(II)-dependent oxygenase superfamily protein	AT3G21420	46872;43169;43167;5488;3674;5737;44424;44464;5575;5623;5622;8152;8150;16491;3824;55114;44710;44699;16706;16705;51213	5562	7172	6723	7884	6194	6898	4118.5	8064.5	6943.5	6645	6543	2937.5	7743	2711.5	3521.5	5325.5	4761	3121	5851	8214	7786.5	4308.5	7244	5222.5	107960	5398
ORTHO000758	Bifunctional inhibitor/lipid-transfer protein/seed storage 2S albumin superfamily protein	AT3G18280	5576;5575;8289;5488;3674;6869;44765;6810;51234;51179;8150;1902578;44699;71702;10876;33036	5563	8541	2908	253	8961.5	3905	7064	2460.5	4164	3672	5208.5	818.5	3474.5	138	136.5	6020.5	2033.5	76	1552	1940	2550.5	108	159.5	86	45567.5	2.278.375
ORTHO007924	unknown protein	AT1G56420	3674;8150;5634;43231;43227;43226;5575;43229;44424;44464;5623;5622	5564	3836	6394	7224	4356	407.5	1765.5	6978.5	9018	7584	3831.5	5667	7963	5564	1168.5	6712.5	8220	8929.5	8773.5	2635.5	3122.5	7637.5	2479	4413.5	102871	5143.55
ORTHO006627	Mov34/MPN/PAD-1 family protein	AT1G80210;AT3G06820	5634;43231;43227;43226;5575;43229;44424;44464;5623;5622;6281;6259;44260;43170;71704;8152;8150;44237;9987;90304;6139;46483;6725;1901360;34641;6807;44238;6974;33554;51716;50896;6950;44763;44699;44710;3674;6310;6511;19941;51603;6508;19538;44257;30163;9057;1901575;9056;44265;44248;44267;43632	5565	4280	4005	2445	2982.5	1329	4528.5	6428.5	5994	1970.5	6543	2000.5	4738	3815.5	5034.5	6712.5	737	2558	3421.5	3699	1729.5	3222.5	5171.5	6057.5	75691	3784.55
ORTHO009849	alpha/beta-Hydrolases superfamily protein	AT2G42450	6629;71704;8152;8150;44710;44699;44238;4806;16298;16788;16787;3824;3674;52689;5886;16020;5575;44464;5623;71944	5566	5708	5238	4910	6534	8470.5	8978	2545	2264	8934.5	7382.5	3686.5	5740	1800.5	4462	5325.5	5281.5	2558	418	4060.5	934.5	5603	5541.5	5601	89587	4479.35
ORTHO008373	S-adenosyl-L-methionine-dependent methyltransferases superfamily protein	AT3G52210	6370;6397;16071;16070;44260;43170;71704;8152;8150;44237;9987;90304;6139;46483;6725;1901360;34641;6807;44238;6396;10467;9452;36260;5634;43231;43227;43226;5575;43229;44424;44464;5623;5622;4482;8170;8168;16741;16740;3824;3674;32259;8174;8757;8173;1510;43414;43412;9451;80009;16556;36265;3723;3676;1901363;5488;97159	5567	4576	3861	2155	2982.5	1329	2528	6428.5	2729.5	1842.5	3526	307.5	6316	1800.5	5034.5	3976.5	3796.5	3121	3504.5	6860	4519	3453.5	5586.5	6883	73542.5	3.677.125
ORTHO006351	unknown protein	AT2G43250	9507;9536;43231;43227;43226;5575;43229;44424;44464;5623;5622;44444;5737	5568	3006	4437	3306	5552	1658.5	3129.5	2684	5619	7407.5	1981	4111	3662	6501	6867.5	2476	1155.5	5720	4914	4392	5061.5	3609.5	6709	3238	80896.5	4.044.825
ORTHO007613	unknown protein	AT4G16180	5886;16020;5575;44464;5623;71944;5783;43231;43227;43226;43229;44424;5622;44444;5737;12505;8150;3674	5569	5439	6227	6885	6358.5	7116	3025	6142.5	7183.5	3267	1483.5	2255.5	6617.5	1800.5	5034.5	3976.5	6409	3949	7042	8320	7386	6182.5	6854	6553	100597.5	5.029.875
ORTHO008987	Biotin/lipoate A/B protein ligase family	AT3G29010	6464;36211;19538;43170;71704;8152;8150;44238;43412;44267;44260;44237;9987;5737;44424;44464;5575;5623;5622;16874;3824;3674	5570	5325	6418.5	7267	2982.5	6529	3025	6142.5	7899.5	2472.5	7886	3218	3662	1800.5	5335.5	3976.5	6409	3949	7042	6754	7386	6266	6854	6553	103160	5158
ORTHO010131	NC domain-containing protein-related	AT3G02700	3674;8150	5571	7236	7350.5	9130	7947.5	6832.5	4118.5	6741	7325.5	6934	8314	8921.5	8754.5	7213.5	8359	6712.5	1102.5	5626	8008.5	8905.5	8019	7441	8520	7860.5	135709.5	6.785.475
ORTHO003056	Vacuolar iron transporter (VIT) family protein	AT3G43660	34755;98662;98660;34220;6811;44765;6810;51234;51179;8150;1902578;44699;55085;44763;9987;98655;6812;6826;41;30001;5381;46915;46873;22890;8324;15075;22891;22857;5215;3674;22892;71421;6828;5384;30026;46916;6875;55065;98771;50801;48878;42592;65008;65007;55080;30003;6873;55082;19725;55076;55071;6880;51651;51235;51641;97577;51238;6879;55072;16020;5575;71281;10039;10038;10035;42221;50896;1990267;71248;71241;70887;51716	5572	6329	4633	3694	7245.5	4114	2414	3230.5	8564	8934.5	3366.5	7179.5	2779	3450.5	1432	5325.5	3026	8564.5	6185.5	2986	4226.5	1910	2570	2699.5	82958	4147.9
ORTHO007789	pumilio 24	AT3G16810	3723;3676;1901363;5488;3674;97159;5730;44428;44446;44422;5575;43226;44424;44464;5623;5622;43229;5634;43231;43227;43232;43228;31981;70013;43233;31974	5573	3843	3619	1665	4356	6227.5	7445.5	1013.5	1042.5	6440	2539	1576.5	4955.5	3815.5	3265	6712.5	3796.5	3121	3597	1667	945.5	3609.5	5678	2136	69583.5	3.479.175
ORTHO001407	plantacyanin	AT2G02850	46658;31226;44459;44464;5575;5623;44425;16020;5886;71944;31224;31225;5507;46914;46872;43169;43167;5488;3674;31012;50896;8150;48046;5576;9856;44703;51704;22414;44706;32501;9055;48653;44767;32502;44699;44702;3006;48856;48443;48827;48367;48731;7275;44707;48437;48569;48513;9908;90567;48608;61458;9791;48466;48438	5574	5937	2870.5	167	5328	4082	1720.5	4281	4602.5	2551	5052.5	1708.5	3983	138	136.5	3156	2687.5	142.5	1567	2820	2621	173	233	54	41709.5	2.085.475
ORTHO002058_1	B12D protein	AT3G48140	5777;42579;43231;43227;43226;5575;43229;44424;44464;5623;5622;44444;5737;5739;10150;10260;7568;44767;32502;8150;44699;48513;48856;48731;7275;44707;32501;48366;48827;48367;3674	5575	6102	3721	1867	6857.5	1705	4587.5	2903.5	3704.5	7274.5	6173.5	5600.5	3270.5	3283.5	2702.5	3976.5	4135	2558	4293	6197.5	981	2213.5	1828	4174.5	71562.5	3.578.125
ORTHO009383	beta-1;2-N-acetylglucosaminyltransferase II	AT2G05320	8455;8375;8194;16757;16740;3824;3674;8152;8150;16758;5795;98791;44431;44444;44424;44464;5575;5623;5622;5737;44446;44422;43226;43229;5794;43231;43227;12505;31984;16021;31224;44425;16020;9312;9311;44723;5975;71704;44238;44710;44699;16051;1901576;9058;44711	5576	4913	6170.5	6765	2982.5	4693.5	7128.5	3065	5851.5	8934.5	6173.5	5295.5	6071.5	7699.5	7401.5	7782	3367.5	3750.5	3265	3108	2072	3754	4773	5601	99787.5	4.989.375
ORTHO007708	S-adenosyl-L-methionine-dependent methyltransferases superfamily protein	AT5G57280	8168;16741;16740;3824;3674;8152;8150;32259;6364;34470;34660;16070;44260;43170;71704;44237;9987;90304;6139;46483;6725;1901360;34641;6807;44238;6396;10467;16072;42254;22613;44085;71840;5634;43231;43227;43226;5575;43229;44424;44464;5623;5622;5730;44428;44446;44422;43232;43228;31981;70013;43233;31974	5577	5336	5154	4731	2982.5	5155.5	4118.5	5568.5	6584	3476	7199	3686.5	5740	1800.5	4233.5	3976.5	1000	3121	5851	6197.5	5422.5	5308.5	4632	5601	88672	4433.6
ORTHO006157	Duplicated homeodomain-like superfamily protein	AT5G08520	3677;3676;1901363;5488;3674;97159;3700;1071;2001141;31326;9889;19222;50789;65007;8150;31323;50794;51252;19219;80090;51171;60255;10556;6355;1903506;10468;2000112;3682;44877;5634;43231;43227;43226;5575;43229;44424;44464;5623;5622	5578	8413	4360.5	3143	7662	3136.5	8793	7762	4645.5	4133	2129.5	4566	4955.5	1254	2396.5	8358	6692.5	663.5	4795.5	5929.5	375.5	678.5	578	8111.5	79954	3997.7
ORTHO005379	Pyridoxal phosphate (PLP)-dependent transferases superfamily protein	AT1G77670	8483;16769;16740;3824;3674;8152;8150;30170;1901363;5488;97159;48037;43168;43167;9058;5737;44424;44464;5575;5623;5622;9507;9536;43231;43227;43226;43229;44444	5579	4020	4680.5	3782	2097	4633.5	5105.5	6323	702.5	5497	7199	907	1352	3815.5	4462	6712.5	4346.5	3949	4328.5	3976	5170.5	4970.5	7156	2850	83456.5	4.172.825
ORTHO003542	hydroxyproline-rich glycoprotein family protein	AT1G14710	5634;43231;43227;43226;5575;43229;44424;44464;5623;5622;5829;44444;5737;3674;8150	5580	7253	4628.5	3677	6194	3232	6670	7762	2868	8535.5	4107	7199	7031	2711.5	2702.5	3976.5	4054.5	1538.5	2561	4392	4946	1613	2825	4174.5	82899.5	4.144.975
ORTHO006511	crinkly4	AT3G59420	48829;48856;32502;8150;48364;44767;44699;48513;48731;7275;44707;32501;22622;5886;16020;5575;44464;5623;71944;19199;4888;38023;4871;60089;3674;7165;50794;50789;65007;51716;9987;50896;7154;44763;44700;23052;4872;4672;16301;16772;16740;3824;8152;16310;6796;6793;44237;16773;6468;6464;36211;19538;43170;71704;44238;43412;44267;44260;30139;16023;31988;43227;43226;31982;43231;43229;44424;5622;31410;44444;5737;9793;44702;22414;3006;9790;48316;48608;61458;9791;10154;9986;42803;42802;5515;5488;46983;9786;51302;10311;48645;48646;9653;9887;10102;10101;10015;9886;48528;48569;48527	5581	3724	3759	1937	4356	5351.5	5955	1347	6943.5	6524	2402	2197	4738	3815.5	1812.5	6712.5	3589	2199.5	3352	1320	3978	2923.5	5081	1906.5	72148	3607.4
ORTHO007567	Transport protein particle (TRAPP) component	AT3G05000	9737;9725;9719;50896;8150;10033;42221;33993;97305;1901700;1101;5215;3674;6810;51234;51179;48868;3006;32502;22414;48856;9856;44703;51704;44706;32501;5794;43231;43227;43226;5575;43229;44424;44464;5623;5622;44444;5737;12505	5582	5731	4652	3722	2982.5	4308	4638.5	5213.5	4865	6524	5669.5	8245	3173	3374	2163.5	3976.5	7799	2199.5	4205.5	5929.5	3870	1910	876	4174.5	83114.5	4.155.725
ORTHO001283_2	NA	NA	NA	5583	7658	6469.5	7356	6534	5432.5	2528	8064.5	4323	7407.5	7382.5	2729	7743	2711.5	3047.5	5325.5	4761	2199.5	5851	8214	6180.5	4308.5	7335	8258.5	103802.5	5.190.125
ORTHO007310	S-adenosyl-L-methionine-dependent methyltransferases superfamily protein	AT2G41040	9507;9536;43231;43227;43226;5575;43229;44424;44464;5623;5622;44444;5737;10287;44434;44435;44446;44422;9570;9532;8168;16741;16740;3824;3674;8152;8150;32259;80167;9628;50896	5584	5037	4172.5	2761	2982.5	5580	3430	5957	2134	2945.5	2402	3422.5	6071.5	1800.5	4705.5	3976.5	693.5	3949	3352	7871	4103	3111.5	6040	6057.5	77602.5	3.880.125
ORTHO003322	NA	NA	NA	5585	8615	6759.5	7934	8471	6149	7562.5	7588.5	5484	3861.5	8487.5	4566	5066	590	2163.5	8737.5	5962.5	663.5	8173	5606	8534	3503.5	6989	8763	108450.5	5.422.525
ORTHO006072	Glutaredoxin family protein	AT5G01420	9055;3674;15035;15036;16667;16491;3824;8152;8150;55114;44710;44699;5634;43231;43227;43226;5575;43229;44424;44464;5623;5622;45454;19725;42592;65008;65007;44763;9987;50794;50789	5586	4252	3572.5	1559	2982.5	4344.5	2791.5	2322	1133	1584.5	6343	2131	4738	3815.5	2702.5	3976.5	3589	2199.5	6531	6397	3978	3026	5171.5	1958.5	68732.5	3.436.625
ORTHO008323	NAD(P)-binding Rossmann-fold superfamily protein	AT4G31530	9570;9532;44435;44444;44424;44464;5575;5623;5622;5737;44446;44422;43226;43229;9536;43231;43227;44434;9507;9941;9526;31967;31975	5587	4507	6111	6635	2982.5	1959	1611.5	3698.5	7632	7666.5	4684	6418.5	3474.5	8758	8316.5	7782	8286.5	7219.5	3575.5	3184	2515	3222.5	4158	4898	99060	4953
ORTHO009846	FAD/NAD(P)-binding oxidoreductase	AT5G20080	55114;44710;8152;8150;44699;4128;16653;16651;16491;3824;3674;9651;6970;9628;50896;6950;5507;46914;46872;43169;43167;5488;9505;5618;30312;44464;5575;5623;71944;5758;44429;44444;44424;5622;5737;44446;44422;43226;43229;5739;43231;43227;31970;31974;31967;31975;5740;5794;12505	5588	5590	5784.5	5981	2982.5	8253.5	6791	2185	3682	8934.5	2809.5	6287.5	7189	8316	7804.5	5325.5	2123.5	5452.5	2014	2635.5	280	5789.5	1847	7453	95173	4758.65
ORTHO001950	Auxin efflux carrier family protein	AT1G20925;AT1G76520;AT1G76530	16021;31224;44425;5575;16020;98655;6812;6811;44765;6810;51234;51179;8150;1902578;44699;34220;55085;44763;9987;9926;60918;9914;10817;65008;65007;9672;15294;15293;15291;22804;22857;5215;3674;8324;15075;22891;22892;80161;15992;15672;6818	5589	6946	6269	6949	6100.5	2170	3628.5	5213.5	7691.5	2642.5	7199	8595.5	3390	2711.5	3936.5	3976.5	5685	3121	6531	8478	7052	5213.5	7946.5	5806	100988	5049.4
ORTHO000744	equilibrative nucleoside transporter 7	AT1G61630;AT3G09990;AT4G05110;AT4G05120;AT4G05130;AT4G05140	5337;1901505;5215;3674;6810;51234;51179;8150;1901264;44765;1902578;44699;71702;15932;22891;22857;55085;44763;9987;22892;15931;71705;1901642;15858;16021;31224;44425;5575;16020;5886;44464;5623;71944;15864	5590	5098	5512	5434	5238	4865.5	1377.5	7637	6493	2832.5	5610	1732	1352	8210.5	9094.5	2821	5457.5	3750.5	7831	1248	6908	6859.5	4632	3501.5	92213.5	4.610.675
ORTHO007626	Tryptophan RNA-binding attenuator protein-like	AT4G17420;AT5G47420	3674;8150;9507;9536;43231;43227;43226;5575;43229;44424;44464;5623;5622;44444;5737;5783;12505	5591	3875	3563.5	1536	2097	1089	4528.5	2460.5	5994	4256	6070	2467.5	4677	3815.5	2396.5	6712.5	3493.5	2199.5	552.5	4727.5	3870	2677	4693	1825	68505	3425.25
ORTHO005953	MATE efflux family protein	AT4G22790	1902456;10119;50794;50789;65007;8150;71244;71241;10035;42221;50896;70887;51716;9987;10037;10033;1901700;1901701;5215;3674;6810;51234;51179;16020;5575;5886;44464;5623;71944;6855;15893;44765;1902578;44699;42493;55085;44763;5515;5488;15238;22857;90484;15297;15291;22804	5592	3468	6305.5	7019	2097	6313	4341	2750.5	8307	7183	3269.5	8026.5	5740	6542.5	6867.5	7782	1923	4507	4548.5	7647	4668.5	4970.5	3084.5	3005.5	101477	5073.85
ORTHO006480	las1-like family protein	AT5G12220	8150;5634;43231;43227;43226;5575;43229;44424;44464;5623;5622;3674	5593	4259	4769.5	3946	2982.5	8460	6961	3971	7978	3017.5	5973.5	7771.5	4555.5	3815.5	4233.5	6712.5	3322.5	2199.5	188	3165	202.5	2433.5	4292	5222.5	84475	4223.75
ORTHO009148	FUNCTIONS IN: molecular_function unknown	AT4G32915	6412;43043;43604;43603;34641;6807;8152;8150;44237;9987;44271;44249;9058;6518;1901564;71704;1901566;1901576;44267;19538;43170;44238;44260;34645;9059;10467;5739;43231;43227;43226;5575;43229;44424;44464;5623;5622;44444;5737;9507;9536;5634;5524;35639;1901265;1901363;5488;3674;97159;43168;43167;32559;30554;17076;166;36094;32555;32553;97367;32550;32549;1882;1883;6450;6448;6417;10608;10468;60255;19222;50789;65007;32268;51246;80090;31323;50794;34248;51171;2000112;31326;9889;10556;65008;16874;3824	5594	6103	3852.5	2111	5408.5	4946.5	5653	3003.5	8359.5	2340	7999	1708.5	4355	3497	5413.5	2080.5	3471	1386	4205.5	3483.5	4023	1695	4085.5	1597.5	73303	3665.15
ORTHO008281	glutamate tRNA synthetase	AT5G64050	5524;35639;1901265;1901363;5488;3674;97159;43168;43167;32559;30554;17076;166;36094;32555;32553;97367;32550;32549;1882;1883;4818;4812;16876;16875;16874;3824;8152;8150;6424;6418;43039;6399;34660;16070;44260;43170;71704;44237;9987;90304;6139;46483;6725;1901360;34641;6807;44238;43038;6520;1901564;19752;43436;6082;44281;44710;44699;44763;6412;43043;43604;43603;44271;44249;9058;6518;1901566;1901576;44267;19538;34645;9059;10467;9507;9536;43231;43227;43226;5575;43229;44424;44464;5623;5622;44444;5737;9570;9532;44435;44446;44422;44434;49;3723;3676;5739;5515;48481;3006;32502;22414;48856;35670;48608;61458;48731;7275;44767;44707;32501;48440;48827;48367;48437;44702;48569;48513;9908;90567;9791;48467;48438;7005;6996;16043;71840;9658;9657	5595	5860	7267	8939	6664	6784	8523	6741	6379.5	4550	3136.5	8441	3742	8072	7667.5	5325.5	6925.5	4887	7562	8590.5	7254	7332.5	7667.5	6949.5	126530.5	6.326.525
ORTHO004560	Ribosomal protein L27 family protein	AT2G16930;AT5G15220	6412;43043;43604;43603;34641;6807;8152;8150;44237;9987;44271;44249;9058;6518;1901564;71704;1901566;1901576;44267;19538;43170;44238;44260;34645;9059;10467;5739;43231;43227;43226;5575;43229;44424;44464;5623;5622;44444;5737;44822;3723;3676;1901363;5488;3674;97159;3735;5198;5840;30529;32991;43232;43228;9507;9536	5596	3229	7169.5	8743	2097	7959	2951	8662.5	8556.5	1028.5	9170.5	4351.5	1352	5011.5	382.5	6075	8888	8327	9112	9171	9055.5	9100.5	3207	8670.5	121032	6051.6
ORTHO007703	Protein kinase superfamily protein	AT5G15730	5886;16020;5575;44464;5623;71944;16301;16772;16740;3824;3674;8152;8150;16310;6796;6793;44237;9987	5597	4519	6750.5	7904	2982.5	6761.5	3129.5	2750.5	3001.5	8006.5	3269.5	4724	7258.5	8316	7804.5	7782	7091.5	4507	6185.5	7747	2123	6340.5	3795.5	7543.5	108137.5	5.406.875
ORTHO009833	BEST Arabidopsis thaliana protein match is: hydroxyproline-rich glycoprotein family protein (TAIR:AT3G56590.2)	AT1G10790	8150;3674;5575	5598	7278	7013	8428	7947.5	7658.5	7790.5	5698.5	6823.5	1318	7999	2343.5	8306	2711.5	4462	5325.5	6099.5	3580	7042	8721.5	7786.5	6129	8247	6379.5	114421.5	5.721.075
ORTHO008810	cytochrome c biogenesis protein family	AT5G54290	16021;31224;44425;5575;16020;9535;55035;42651;34357;44436;44424;44464;5623;5622;9579;44435;44444;5737;44446;44422;43226;43229;9536;43231;43227;31976;31984;44434;9507;9534;45454;19725;42592;65008;65007;8150;44763;9987;44699;50794;50789;10190;17004;43623;6461;65003;43933;16043;71840;22607;44085;71822;70271;34622;5886;71944;55114;44710;8152	5599	7152	6618	7637	7947.5	7008.5	4118.5	4964	6379.5	5634	7382.5	7280	7743	2711.5	3721.5	5325.5	4942.5	2558	5851	6632	6431	4308.5	7554.5	5222.5	105768.5	5.288.425
ORTHO006341	BEST Arabidopsis thaliana protein match is: glycosyltransferase family protein 2 (TAIR:AT5G60700.1)	AT5G12260	5768;43231;43227;43226;5575;43229;44424;44464;5623;5622;44444;5737;12505;5802;98791;44431;44446;44422;5794;31984;16757;16740;3824;3674;8152;8150	5600	4330	5083	4566	2982.5	1089	5130.5	6741	7183.5	3135	1981	7917	5338.5	3815.5	5596.5	6712.5	4135	3121	3944	3899.5	4833.5	4067	6467.5	2575	87682.5	4.384.125
ORTHO007589	methyltransferases	AT5G44450	5634;43231;43227;43226;5575;43229;44424;44464;5623;5622	5601	3150	5953.5	6306	2097	8214	2791.5	8629.5	8149.5	6459.5	2653	2197	6895.5	6971	7195	7782	8849	4747.5	358	4727.5	1227	3754	1555.5	3841	96997	4849.85
ORTHO009503	Mitochondrial substrate carrier family protein	AT4G26180	16021;31224;44425;5575;16020;35349;15880;15858;1901264;44765;6810;51234;51179;8150;1902578;44699;71702;15931;71705;15868;15865;6862;15748;51503;51182;51181;15711;6820;6811;98656;34220;55085;44763;9987;71106;15860;72530;1901642;1901679;5739;43231;43227;43226;43229;44424;44464;5623;5622;44444;5737;5743;19866;31090;44422;31967;31975;44446;31966;44429;5740;6839;1902582;46907;51649;51641;15228;8514;8509;15075;22891;22857;5215;3674;22892;51185;51184;71077;295;15216;15215;15605;1901677;15932;5346;1901505;15211;5337	5602	4953	5167.5	4733	2982.5	4434.5	3025	6573	7183.5	5608	6763.5	1198.5	6617.5	1800.5	960	6075	3958.5	3121	3730.5	6754	4668.5	3754	5902.5	6553	88681	4434.05
ORTHO000268_1	Plant protein of unknown function (DUF946)	AT2G44230;AT2G44260;AT3G01870;AT3G01880	9507;9536;43231;43227;43226;5575;43229;44424;44464;5623;5622;44444;5737;3674;8150;5576	5603	2759	3524.5	1446	4356	6850	1720.5	1322	8748.5	1028.5	1312.5	551.5	1352	4244	5596.5	1830	235.5	4507	6897.5	8551.5	606	3955.5	4668	3841	67818	3390.9
ORTHO008318	Protein kinase superfamily protein	AT5G42440	16301;16772;16740;3824;3674;8152;8150;16310;6796;6793;44237;9987	5604	4629	4305.25	3006.5	2982.5	8909.5	5163.5	2796	6712.5	7247	3879	7753	1352	3283.5	3521.5	6712.5	2921	1669.5	188	4727.5	1586.5	2328.5	3606.5	4801	79158.5	3.957.925
ORTHO009185	RNI-like superfamily protein	AT5G23340	5737;44424;44464;5575;5623;5622;16567;32446;70647;6464;36211;19538;43170;71704;8152;8150;44238;43412;44267;44260;44237;9987;31146;43161;10498;51603;6508;44257;30163;9057;1901575;9056;44265;44248;6511;19941;43632;61630;4842;19787;16740;3824;3674;61659;19005;31461;151;1990234;1902494;43234;32991	5605	4830	5569.5	5534	5938.5	7390	6680	6741	6225	6889	3749	5631.5	1352	8210.5	7667.5	7782	110	4154.5	1878.5	1426	4321	3222.5	2581.5	6732.5	92744	4637.2
ORTHO006481	cytochrome c oxidase-related	AT4G37830	5751;45277;70069;43234;32991;5575;98803;98796;44425;16020;70469;44424;44464;5623;5622;98800;98798;44429;44444;5737;44446;44422;43226;43229;5739;43231;43227;44455;31966;31090;5740;31967;31975;5743;19866;5746;4129;15002;16491;3824;3674;8152;8150;55114;44710;44699;15078;15077;22890;8324;15075;22891;22857;5215;6810;51234;51179;55085;44763;9987;44765;1902578;22892;34220;6811;98655;6812;15672;1902600;15992;6818;98662;98660;9055;16676;16675	5606	6073	4906.5	4207	6857.5	3844	3430	5813.5	5754	8006.5	7382.5	3578.5	5740	3283.5	4462	3976.5	8133	3949	875	7408.5	822	3026	844	5601	85929.5	4.296.475
ORTHO006549	lipase class 3 family protein	AT3G07400	6629;71704;8152;8150;44710;44699;44238;16787;3824;3674;4806;16298;16788;52689	5607	5544	6871.5	8136	2982.5	6529	8552.5	6142.5	2628	2170.5	2129.5	8818.5	6731.5	3431.5	5596.5	3976.5	6648.5	3949	7042	8397.5	7568	6340.5	7048.5	6732.5	110433	5521.65
ORTHO002104	peroxisomal ABC transporter 1	AT4G39850	16021;31224;44425;5575;16020;6744;6743;6733;6732;51186;44237;8152;8150;9987;1901661;42180;71704;44281;44710;44699;44763;1901663;9108;51188;44249;9058;42181;44283;44711;1901576;10030;48582;48580;2000026;50793;50789;65007;51239;51240;48518;51094;10029;1900140;6635;9062;44242;16042;44712;9056;6629;44238;1901575;44255;44248;72329;46395;16054;44282;6082;19752;43436;32787;6631;19395;34440;30258;55114;5515;5488;3674;46861;5778;44439;44438;44444;44424;44464;5623;5622;5737;44446;44422;43226;43229;42579;43231;43227;5777;31903;98588;31090;98805;55085;44765;6810;51234;51179;1902578;9514;5886;71944;5524;35639;1901265;1901363;97159;43168;43167;32559;30554;17076;166;36094;32555;32553;97367;32550;32549;1882;1883;15916;15711;6820;6811;71702;1901337;72348;42626;43492;42623;16887;17111;16462;16818;16817;16787;3824;15405;15399;22804;22857;5215;16820;5325;5324;15245;5319;22892;6869;10876;33036;15908;15718;46942;15849;15909;15607;15910	5608	6295	5872.5	6137	7245.5	1885	8251	4964	7831	2353	6543	7039.5	7743	2711.5	3521.5	5325.5	4548.5	2724.5	5347.5	5245.5	4668.5	5059	5021	5222.5	96005	4800.25
ORTHO010424	unknown protein	AT4G02425	8150;3674	5609	6510	5932	6255	7245.5	5904	4244.5	2876.5	4209	2856.5	6763.5	5631.5	7963	2711.5	3936.5	5325.5	5561	5720	6531	7871	1982	5603	5407	5601	96698	4834.9
ORTHO003798	Cytochrome P450 superfamily protein	AT3G10560;AT3G10570;AT5G04630;AT5G04660	19825;5488;3674;55114;44710;8152;8150;44699;9567;9566;44702;22414;19953;44703;51704;3;5576;5575;48868;3006;32502;48856;9856;44706;32501;9507;9536;43231;43227;43226;43229;44424;44464;5623;5622;44444;5737;52722;4497;16491;3824;5739;10143;9059;43170;71704;1901576;9058;9908;90567;48608;61458;48731;7275;44767;44707;9791;48367;16021;31224;44425;16020;19395;34440;30258;44255;6629;44238;44763;9987;44237;6631;32787;19752;43436;6082;44281	5610	6733	4241	2872	3558	801	4528.5	5439.5	8983.5	4051	5788.5	4779	3262	2711.5	3521.5	3976.5	1266	2199.5	3585.5	6397	4519	4169	3123.5	5222.5	78324.5	3.916.225
ORTHO001276	glycerol-3-phosphate acyltransferase 2	AT1G02390;AT4G01950	10143;9059;43170;71704;8152;8150;1901576;9058;16311;6796;6793;44237;9987;5739;43231;43227;43226;5575;43229;44424;44464;5623;5622;44444;5737;90447;8374;16747;16746;16740;3824;3674;16020;16791;42578;16788;16787	5611	7922	6039.5	6468	6857.5	6707.5	4528.5	7935.5	4645.5	6422.5	6173.5	3775.5	5338.5	906.5	2396.5	3976.5	7337.5	1780	5027.5	7463	5422.5	3374.5	6854	7860.5	97926	4896.3
ORTHO007290	unknown protein	AT3G28720	5783;43231;43227;43226;5575;43229;44424;44464;5623;5622;44444;5737;12505;8150;3674;5739	5612	5550	6356.5	7101	2982.5	1959	2627.5	6264	7183.5	3372	1483.5	8339.5	6895.5	1800.5	5413.5	3976.5	6825	4154.5	7353.5	8590.5	8663	6182.5	4116	6883	102083	5104.15
ORTHO009070	Pentatricopeptide repeat (PPR) superfamily protein	AT4G20090	9793;44702;22414;8150;44699;3006;32502;9790;44767;48856;7275;44707;32501;48316;48608;61458;48731;9791;10154;5739;43231;43227;43226;5575;43229;44424;44464;5623;5622;44444;5737	5613	5501	5365.5	5118	2982.5	4655.5	5504	8842	2338	5910.5	3831.5	7906.5	1352	3283.5	3521.5	3976.5	4252.5	6145	5502	3563	6180.5	4612.5	4843.5	4413.5	90634	4531.7
ORTHO005699	adenosylmethionine-8-amino-7-oxononanoate transaminases	AT5G57590	9102;6768;43603;34641;6807;8152;8150;44237;9987;6767;6766;44281;44710;44699;46483;1901360;71704;51186;6790;1901564;32787;19752;43436;6082;44763;43604;44271;44249;9058;44272;18130;72330;46394;16053;44283;44711;1901576;1901362;42364;9110;1901566;4015;8483;16769;16740;3824;3674;30170;1901363;5488;97159;48037;43168;43167;5739;43231;43227;43226;5575;43229;44424;44464;5623;5622;44444;5737;42802;5515;4141;16882;16879;16874	5614	2455	4436.5	3259	1689.5	4404	5327.5	1547.5	1430.5	502	8892.5	4059.5	3846.5	6542.5	6937	2476	4004	5720	4663	3797	3870	4612.5	4705.5	3289.5	80627	4031.35
ORTHO007775	S-adenosyl-L-methionine-dependent methyltransferases superfamily protein	AT3G56120	5759;44429;44444;44424;44464;5575;5623;5622;5737;44446;44422;43226;43229;5739;43231;43227;70013;43233;31974;5634;30488;1510;43414;44260;43170;71704;8152;8150;44237;9987;32259;43412;9451;16070;90304;6139;46483;6725;1901360;34641;6807;44238;6400;8033;34470;34660;6396;10467;6399;52906;9019;16423;8757;8168;16741;16740;3824;3674;8175;8173;5829	5615	2178	3126.5	638	4356	1329	1051.5	2322	1328.5	6179.5	2809.5	4239	3521	4379.5	5836.5	1606	3141.5	4887	3199	971	3454.5	1228	3426.5	1263	56172.5	2.808.625
ORTHO008492	unknown protein	AT1G44770	8150;3674	5616	3834	2822.5	29	4356	2054	6688	676	597.5	502	1623	1198.5	1352	4662.5	277	6075	5.5	7.5	11	2373.5	197.5	9.5	9.5	8	28327.5	1.416.375
ORTHO007032	endoplasmic reticulum retention defective 2B	AT3G25040	139;98588;31090;16020;5575;44422;43226;43227;44431;44444;44424;44464;5623;5622;5737;44446;43229;5794;43231;12505;5789;44432;5783;44425;42175;46923;5048;42277;33218;5488;3674;6621;35437;51220;32507;51651;44763;9987;8150;44699;51235;51179;65008;65007;1902578;51641;45185;8104;33036;34613;70727;72595;33365;70972;15031;45184;51234;71702;6810;10204;2218;2253;50778;48584;48518;50789;48583;50776;2682;2684;2376;45089;31349;31347;80134;45088;7165;50794;51716;50896;7154;44700;23052;4872;60089;5739;16021;31224	5617	8570	6935	8253	8471	9108	6982	8296.5	2715.5	7782	8947	5489.5	5195	6065	7304.5	8660.5	7799	1568.5	1552	3600	312.5	4525.5	7048.5	8837	111788.5	5.589.425
ORTHO009816	Chaperone DnaJ-domain superfamily protein	AT4G09350	9507;9536;43231;43227;43226;5575;43229;44424;44464;5623;5622;44444;5737;6457;9987;8150;48038;48037;5488;3674;10598;98796;43234;32991;44425;16020;9535;55035;42651;34357;44436;9579;44435;44446;44422;31976;31984;44434;9534;55114;44710;8152;44699;16491;3824;6810;51234;51179	5618	5635	5412.5	5207	2982.5	3905	4948.5	3243.5	2202	7247	3917	6440	1352	5868.5	1109.5	3976.5	9088	6505.5	2377.5	9032	8580	2017.5	1361	7860.5	91031.5	4.551.575
ORTHO008867	Pentatricopeptide repeat (PPR) superfamily protein	AT3G29290	9793;44702;22414;8150;44699;3006;32502;9790;44767;48856;7275;44707;32501;48316;48608;61458;48731;9791;10154;5739;43231;43227;43226;5575;43229;44424;44464;5623;5622;44444;5737	5619	5517	6402	7185	2982.5	6529	3224.5	5813.5	7748	4064	7594	3422.5	6071.5	1800.5	4893	5325.5	5864.5	3580	6531	7871	6180.5	5603	4481.5	6057.5	102655	5132.75
ORTHO006966	GCN5L1 family protein	AT2G30330	31083;31082;43234;32991;5575;44445;44444;44424;44464;5623;5622;5737;5829;5515;5488;3674;16197;1902582;46907;6810;51234;51179;8150;51649;51641;44765;1902578;44699;5768;43231;43227;43226;43229;12505;5739;45324;16482;7034;48364;44767;32502;48513;48856;48731;7275;44707;32501;22622;5634	5620	5790	4674.5	3729	2982.5	9087	1155	1484	2715.5	8118.5	4374.5	2937.5	4149	5481.5	766.5	3976.5	2013	6440	2377.5	2854.5	2960	8861	4481.5	8923.5	83156.5	4.157.825
ORTHO002457	acylaminoacyl-peptidase-related	AT4G14570	9507;9536;43231;43227;43226;5575;43229;44424;44464;5623;5622;44444;5737;6508;19538;43170;71704;8152;8150;44238;5773;70009;4177;8238;70011;8233;16787;3824;3674;70008;8236;17171;5634	5621	6570	5480	5339	5748	6085.5	8282	1547.5	5619	3688.5	7382.5	2467.5	1352	2711.5	3936.5	5325.5	5108	3580	5851	6632	5637	5308.5	5407	5806	91727.5	4.586.375
ORTHO007312	P-loop containing nucleoside triphosphate hydrolases superfamily protein	AT2G41670	5739;43231;43227;43226;5575;43229;44424;44464;5623;5622;44444;5737;5525;35639;1901265;1901363;5488;3674;97159;43168;43167;32550;32549;1882;36094;97367;1883;32561;19001;17076;166;32555;32553;9507;9536	5622	5304	4808.75	3995.5	2982.5	5155.5	4341	5439.5	4740.5	8446	3526	4566	5740	3283.5	3521.5	3976.5	8711.5	2724.5	3653	6754	1982	2541	891.5	4801	84794.5	4.239.725
ORTHO009729	3-methylcrotonyl-CoA carboxylase	AT4G34030	5524;35639;1901265;1901363;5488;3674;97159;43168;43167;32559;30554;17076;166;36094;32555;32553;97367;32550;32549;1882;1883;6552;9083;9081;6520;1901564;71704;8152;8150;6807;19752;43436;6082;44281;44710;44699;44763;9987;44237;44238;9063;46395;16054;44282;44712;9056;1901575;44248;1901565;1901606;1901605;6551;5739;43231;43227;43226;5575;43229;44424;44464;5623;5622;44444;5737;8270;46914;46872;43169;5759;44429;44446;44422;70013;43233;31974;4075;16879;16874;3824;50897;4485;16421;16885	5623	5642	5644	5665	6534	2170	3960	5698.5	6584	5210	7382.5	3686.5	5740	1800.5	4462	3976.5	5108	3121	5851	7194	5637	5603	4632	5601	93417.5	4.670.875
ORTHO000551_3	Tetratricopeptide repeat (TPR)-like superfamily protein	AT1G01320	5737;44424;44464;5575;5623;5622	5624	6004	2914.5	205	2982.5	4088	1542	3903.5	3695.5	2814	5237	1323.5	3986.5	138	136.5	3232.5	2828	398	2150.5	3331	2789	320.5	1203	549.5	43666.5	2.183.325
ORTHO003260	purple acid phosphatase 29	AT5G63140	3993;16791;42578;16788;16787;3824;3674;8152;8150;16311;6796;6793;44237;9987;46872;43169;43167;5488;4722;4721;6470;6464;36211;19538;43170;71704;44238;43412;44267;44260;5576;5575	5625	6981	2949	273	7662	3971.5	1744	3729.5	4142	7666.5	5185	863	3826	138	136.5	3099	2799.5	203.5	1788	3037	2856.5	193	514	348.5	46241	2312.05
ORTHO010762	RmlC-like cupins superfamily protein	AT5G43850	5886;16020;5575;44464;5623;71944;5634;43231;43227;43226;43229;44424;5622;10309;16702;16701;16491;3824;3674;8152;8150;55114;44710;44699;51213;6555;96;6790;44237;9987;6520;1901564;71704;6807;19752;43436;6082;44281;44763;44238;9066;1901605;5737;46872;43169;43167;5488	5626	7476	5777.5	5929	6358.5	6417	5105.5	8593	7183.5	6112	3366.5	3808	1352	2711.5	2702.5	5325.5	4638.5	5368	6185.5	4100	5988	4067	6989	4898	94911	4745.55
ORTHO005474	unknown protein	AT1G67060	3674;5886;16020;5575;44464;5623;71944;8150	5627	7807	6482.25	7337.5	6664	6313	4528.5	7762	7046.5	4155	6173.5	7408	5338.5	906.5	2396.5	5325.5	6549	1780	7197.5	7498.5	5422.5	3609.5	6413.5	7860.5	103684.5	5.184.225
ORTHO008394	magnesium-protoporphyrin IX methyltransferase	AT4G25080	9535;55035;42651;34357;16020;5575;44436;44424;44464;5623;5622;9579;44435;44444;5737;44446;44422;43226;43229;9536;43231;43227;31976;31984;44434;9507;9534;15995;6779;51188;51186;44237;8152;8150;9987;44249;9058;6778;33013;46483;6725;1901360;71704;1901564;6807;33014;19438;44271;34641;18130;1901362;1901576;1901566;46148;42440;44710;44699;44711;44763;15994;9941;9526;31967;31975;31969;42170;31090;46406;8171;8168;16741;16740;3824;3674;32259;8757	5628	4679	4708.5	3789	2982.5	1329	2627.5	6428.5	4551	930.5	4251.5	6361.5	6227	1800.5	5034.5	6712.5	6099.5	3121	3504.5	6632	4445	3026	4116	6281	83479	4173.95
ORTHO006312	Glycine cleavage T-protein family	AT4G12130	16226;9058;8152;8150;31163;22607;16043;71840;9987;44085;5739;43231;43227;43226;5575;43229;44424;44464;5623;5622;44444;5737;5759;44429;44446;44422;70013;43233;31974;16740;3824;3674;6546;9071;1901606;1901605;6520;1901564;71704;6807;19752;43436;6082;44281;44710;44699;44763;44237;44238;9063;46395;16054;44282;44712;9056;1901575;44248;1901565;9069;6544;4047;8168;16741;32259	5629	6120	7211	8793	5552	8118	9052	8656	8928.5	1970.5	3461	7541.5	1352	5549.5	766.5	3976.5	8726	7493.5	9056.5	9148	8873.5	8495.5	2311	8869	122345	6117.25
ORTHO000664	Eukaryotic aspartyl protease family protein	AT1G08210;AT2G36670;AT5G22850	5576;5575;9505;5618;30312;44464;5623;71944;6508;19538;43170;71704;8152;8150;44238;31225;31224;44425;16020	5630	9119	7119	8608	9122	9166	9099	8827.5	3543	8934.5	32	9165	2829	504	5718	9124.5	8953.5	114	9051	4956.5	9064.5	2017.5	7729.5	9158.5	117987.5	5.899.375
ORTHO002441	mitogen-activated protein kinase kinase kinase 6	AT3G07980;AT3G13530	5773;43231;43227;43226;5575;43229;44424;44464;5623;5622;44444;5737;32147;45860;45859;43549;42325;19220;51174;31323;50794;50789;65007;8150;19222;51338;50790;65009;1932;31399;32268;51246;80090;60255;1934;42327;45937;10562;31325;9893;48518;48522;31401;32270;51247;10604;33674;51347;43085;44093;7346;51726;31098;33554;51716;9987;50896;6950;35556;7165;7154;44763;44699;44700;23052;5730;44428;44446;44422;5634;43232;43228;31981;70013;43233;31974;23014;6468;16310;6796;6793;44237;8152;6464;36211;19538;43170;71704;44238;43412;44267;44260;44710;4674;4672;16301;16772;16740;3824;3674;16773;9555;48229;7275;44767;32502;44707;32501;48856;7009;44802;61024;16043;71840;10256;42981;43067;10941;5886;16020;71944;5829;45995;2000026;50793;51239;51302;5515;5488;61387;1558;40008;51128;8361;32535;90066;65008;51510;22604;22603;48638	5631	4388	3859.5	2088	5214.5	3386.5	8364	3218	3152	7862.5	669	1354.5	4492.5	7850	7518.5	2821	1526.5	6145	1345	5726.5	1863.5	2608	2617	648	73168	3658.4
ORTHO007395	overexpressor of cationic peroxidase 3	AT5G11270	50832;98542;6952;6950;50896;8150;51707;43207;9605;9607;51704;9620;2000022;9966;10646;50794;50789;65007;48583;23051;2229;2239;31347;80134;10118;44763;9987;44699;9414;9415;9628;1101;42221;10035;1901700;42742;9617;3700;1071;3674;2001141;31326;9889;19222;31323;51252;19219;80090;51171;60255;10556;6355;1903506;10468;2000112;5634;43231;43227;43226;5575;43229;44424;44464;5623;5622;55114;44710;8152;9787;1901419;9682;45087;6955;2376;9738;9755;7165;51716;7154;44700;23052;32870;9725;9719;10033;71495;71310;70887;71215;9737;33993;97305;71396;97306;1901701;71229;3677;3676;1901363;5488;97159;2000071;32879;9867;71395;9753;9507;9536;44444;5737;4601;16684;16491;3824;16209	5632	4478	6508.5	7385	2982.5	1705	5873	7084	5754	2170.5	8095	2729	1352	8418.5	8061.5	7782	965	6145	6897.5	2124.5	6696	7087	7486	7656.5	104082	5204.1
ORTHO009878	NAC domain containing protein 57	AT3G17730	5634;43231;43227;43226;5575;43229;44424;44464;5623;5622;6355;1903506;2001141;31326;9889;19222;50789;65007;8150;31323;50794;51252;19219;80090;51171;60255;10556;10468;2000112;6351;34645;44260;43170;71704;8152;44237;9987;9059;1901576;9058;44249;97659;32774;16070;90304;6139;46483;6725;1901360;34641;6807;44238;34654;19438;44271;18130;1901362;10467;3677;3676;1901363;5488;3674;97159;3700;1071;7275;44767;32502;44699;44707;32501	5633	5546	5587.75	5542.5	2982.5	5904	3628.5	5568.5	5619	3329	7199	2467.5	5740	1800.5	4233.5	3976.5	5108	3121	5851	7194	5422.5	5603	5407	5601	92773.5	4.638.675
ORTHO003591	zinc ion binding	AT2G40770	4386;17111;16462;16818;16817;16787;3824;3674;8152;8150;5524;35639;1901265;1901363;5488;97159;43168;43167;32559;30554;17076;166;36094;32555;32553;97367;32550;32549;1882;1883;8270;46914;46872;43169;3677;3676;5634;43231;43227;43226;5575;43229;44424;44464;5623;5622	5634	4166	6619.5	7605	2375	4496	5382	5957	5619	4466.5	4151.5	5053	6456	6764.5	6937	5325.5	1000	8063	7612.5	7692.5	2485.5	6920	7868.5	3340.5	105590.5	5.279.525
ORTHO002913	alpha/beta-Hydrolases superfamily protein	AT2G39410;AT2G39420	16787;3824;3674;8152;8150;5634;43231;43227;43226;5575;43229;44424;44464;5623;5622;6629;71704;44710;44699;44238;16298;16788;16020	5635	6846	5448.5	5262	7662	5684	6727.5	5121.5	1328.5	7782	7040	7039.5	3331	1375.5	3936.5	3976.5	4942.5	3121	5502	813	6908	4970.5	5171.5	6553	91324	4566.2
ORTHO007880	Ribosomal L18p/L5e family protein	AT3G20230	6412;43043;43604;43603;34641;6807;8152;8150;44237;9987;44271;44249;9058;6518;1901564;71704;1901566;1901576;44267;19538;43170;44238;44260;34645;9059;10467;5840;30529;32991;5575;44424;44464;5623;5622;43232;43228;43226;43229;44444;5737;3735;5198;3674;9507;9536;43231;43227;8097;19843;3723;3676;1901363;5488;97159	5636	5713	6330.5	7025	2982.5	1959	3025	6142.5	7183.5	1540.5	7886	3218	6617.5	1800.5	5254.5	3976.5	6549	3949	7042	8320	7386	6266	6854	6553	101522.5	5.076.125
ORTHO010377	unknown protein	AT1G50020	9507;9536;43231;43227;43226;5575;43229;44424;44464;5623;5622;44444;5737;9535;55035;42651;34357;16020;44436;9579;44435;44446;44422;31976;31984;44434;9534;3674;8150	5637	6456	5157.5	4678	5748	2054	4341	2545	5619	3205.5	6070	3578.5	8094	2711.5	3936.5	3976.5	8618.5	3121	6109.5	5726.5	5637	4423	2730.5	5806	88303.5	4.415.175
ORTHO009923	pentatricopeptide (PPR) repeat-containing protein	AT2G30100	9507;9536;43231;43227;43226;5575;43229;44424;44464;5623;5622;44444;5737	5638	5680	6993	8348	2982.5	5319	5466	5957	5994	6498.5	3831.5	6120	6071.5	7739.5	7461.5	5325.5	5404	5720	6835.5	4012.5	7254	6377.5	5762.5	5957	113107	5655.35
ORTHO000323_1	MATE efflux family protein	AT4G00350;AT4G25640	6855;15893;44765;6810;51234;51179;8150;1902578;44699;42493;42221;50896;55085;44763;9987;15238;22857;5215;3674;90484;16020;5575;5886;44464;5623;71944;16021;31224;44425;15297;15291;22804;5774;44437;44444;44424;5622;5737;44446;44422;43226;43229;5773;43231;43227;98588;31090;98805;9555;48229;7275;44767;32502;44707;32501;48856;9812;71704;8152;9813;1901576;9058;9901;9900;44702;22414;48609;32504;3;48653;3006;48443;48827;48367;48731;48437;48569;48513;9908;90567;48608;61458;9791;48466;48438	5639	7604	5010	4381	6358.5	8655.5	6529.5	3504.5	4231.5	8934.5	3749	7580	4217	6238	3721.5	6020.5	9158.5	5368	2800	4100	102	292	134.5	1454.5	86791	4339.55
ORTHO006799	partner of SLD five 1	AT1G80190	5634;43231;43227;43226;5575;43229;44424;44464;5623;5622;811;31261;44451;44428;44446;44422;5654;31981;70013;43233;31974;32993;32991;44454;44427;5694;43232;43228;228;6270;6259;44260;43170;71704;8152;8150;44237;9987;90304;6139;46483;6725;1901360;34641;6807;44238;6261;6260;34645;9059;1901576;9058;44249;9507;9536;44444;5737;3674	5640	3829	4187	2734	4356	6529	2328.5	6573	5028	1800	6763.5	1198.5	5195	3815.5	3265	6712.5	4252.5	3121	3904.5	6860	864.5	3222.5	3621	2439.5	77494	3874.7
ORTHO001009_2	SAC domain-containing protein 8	AT3G51830	5789;98588;31090;16020;5575;44422;43226;43227;44432;44444;44424;44464;5623;5622;5737;44446;43229;5783;43231;12505;44425;42175;52866;16791;42578;16788;16787;3824;3674;8152;8150;16311;6796;6793;44237;9987;4439;34593;34595;16021;31224	5641	4907	5838	6035	2982.5	1089	7399.5	6573	8955.5	2405	6763.5	3218	6617.5	1800.5	5254.5	6712.5	3958.5	3121	3792	6754	4668.5	3754	6040	6553	95429.5	4.771.475
ORTHO008672	Glycosyl hydrolase superfamily protein	AT3G06510	9941;9526;31967;31975;44464;5575;5623;44446;44422;43226;44424;5622;43229;43227;44435;44444;5737;9536;43231;44434;9507;8378;16758;16757;16740;3824;3674;8152;8150;4553;16798;16787;9707;9527;31968;31090;16020;19867;98805;98588;42170;31969;8422;15926;9409;9266;9628;50896;6950;50826;80079;5739;5975;71704;44238	5642	5569	5037.75	4433.5	6478.5	2170	4244.5	5568.5	2264	8535.5	7199	3686.5	1352	2711.5	4462	3976.5	5108	3121	5851	5852	5422.5	5308.5	4603.5	5601	87037.5	4.351.875
ORTHO003539	zinc finger (C3HC4-type RING finger) family protein	AT3G10810;AT3G56590	8270;46914;46872;43169;43167;5488;3674;5634;43231;43227;43226;5575;43229;44424;44464;5623;5622;8150	5643	6941	5725	5807	7947.5	7390	4341	5439.5	6379.5	3476	5836	4566	7743	2711.5	3721.5	3976.5	4942.5	2199.5	4165.5	8214	6431	3854	3606.5	5222.5	94216	4710.8
ORTHO009946	ornithine-delta-aminotransferase	AT5G46180	5759;44429;44444;44424;44464;5575;5623;5622;5737;44446;44422;43226;43229;5739;43231;43227;70013;43233;31974;30170;1901363;5488;3674;97159;48037;43168;43167;4587;8483;16769;16740;3824;8152;8150;9651;6970;9628;50896;6950;9626;34050;12501;8219;16265;44699;44763;9987;45087;6952;6955;2376;33554;51716;19544;6536;43648;19752;43436;6082;71704;44281;44710;44237;9064;1901605;6520;1901564;6807;44238;6527;6525;9065;1901606;9063;46395;16054;44282;44712;9056;1901575;44248;1901565;6561;9084;1901607;8652;46394;16053;44283;44711;9058;1901576;44249;1901566;18130;46483;1901362;1901360;6560;42538;6972;42802;5515;8270;46914;46872;43169;9816;9814;98542;51707;43207;9605;9607;51704;42742;9617;10121;19493;6593;6591	5644	5690	4316.5	2989	2982.5	2931.5	4638.5	5439.5	5355.5	6308	6343	5126	1352	3283.5	3521.5	3976.5	5329.5	2558	3904.5	5337	4226.5	3026	1950	4484	79091	3954.55
ORTHO007321	CD2-binding protein-related	AT5G09390	5737;44424;44464;5575;5623;5622;5682;97525;30532;44428;44446;44422;43226;43229;5634;43231;43227;30529;32991;398;6397;16071;16070;44260;43170;71704;8152;8150;44237;9987;90304;6139;46483;6725;1901360;34641;6807;44238;6396;10467;377;375;8380;3674	5645	5254	6897.5	8150	2982.5	6227.5	6630.5	6831.5	8656.5	1777	2402	5572	1352	8316	7804.5	5325.5	7006	5368	7712	2820	7568	7087	4632	7453	110541	5527.05
ORTHO009566	unknown protein	AT2G35790	5739;43231;43227;43226;5575;43229;44424;44464;5623;5622;44444;5737;3674;8150	5646	6201	4911.25	4176.5	5651.5	1500	3863.5	5698.5	5619	4591	7382.5	3686.5	5740	1800.5	3936.5	3976.5	1102.5	3121	5851	7408.5	5637	5059	3997.5	5806	85777	4288.85
ORTHO009579	unknown protein	AT1G49870	5737;44424;44464;5575;5623;5622	5647	4917	3997.5	2348	2982.5	3406.5	1204	1709	3215.5	3757.5	4069.5	610	7498	9001	9163	7782	1973	4507	358	1960	164	5059	2003	7453	74893	3744.65
ORTHO003326	Transmembrane protein 97; predicted	AT1G05210;AT2G32380	8150;16021;31224;44425;5575;16020;3674;5634;43231;43227;43226;43229;44424;44464;5623;5622	5648	6814	6408	7168	7662	5155.5	3863.5	8181.5	6584	2721	2809.5	8026.5	8094	2711.5	3936.5	3976.5	5561	3121	5851	8478	7052	5213.5	5407	5806	102549.5	5.127.475
ORTHO007953	unknown protein	AT2G15270	5634;43231;43227;43226;5575;43229;44424;44464;5623;5622	5649	5259	4549.5	3450	2982.5	3446.5	8162.5	5439.5	6379.5	4340.5	5836	4670	5740	2711.5	3521.5	3976.5	1356.5	2558	2623	5852	4668.5	3453.5	2171	4801	81707.5	4.085.375
ORTHO008527	Low  PSII Accumulation 3	AT1G73060	9535;55035;42651;34357;16020;5575;44436;44424;44464;5623;5622;9579;44435;44444;5737;44446;44422;43226;43229;9536;43231;43227;31976;31984;44434;9507;9534;10207;43623;6461;65003;43933;16043;71840;8150;9987;22607;44085;71822;70271;34622;19684;6091;44237;8152;15979;9735;9725;9719;50896;10033;42221;9571;9532;9537;9570;3674	5650	4199	4616.5	3583	2982.5	1089	2328.5	6573	5994	5978.5	1810	1198.5	5195	3815.5	5413.5	3976.5	3958.5	3121	3857.5	6860	4668.5	3955.5	6040	6553	82386	4119.3
ORTHO009636	VQ motif-containing protein	AT1G21326	3674;5634;43231;43227;43226;5575;43229;44424;44464;5623;5622;8150	5651	7251	6755	7859	7947.5	4758	4118.5	8064.5	7632	2170.5	6543	8763	7743	2711.5	3521.5	5325.5	8748.5	2199.5	5851	6555.5	6180.5	4308.5	7335	5222.5	107752	5387.6
ORTHO005309	Translation elongation  factor EF1B/ribosomal protein S6 family protein	AT3G18760	5840;30529;32991;5575;44424;44464;5623;5622;43232;43228;43226;43229;44444;5737;6414;34645;44260;43170;71704;8152;8150;44237;9987;9059;1901576;9058;44249;6412;43043;43604;43603;34641;6807;44271;6518;1901564;1901566;44267;19538;44238;10467;3735;5198;3674;3746;8135;3723;3676;1901363;5488;97159	5652	5220	4166.5	2681	6194	4037	6338	7331	3019	8535.5	5726.5	6602.5	2836	3408	1758.5	3976.5	1507	3121	3653	3037	3539	2541	2917	3340.5	77224	3861.2
ORTHO007038	Protein of unknown function; DUF617	AT5G06990	9507;9536;43231;43227;43226;5575;43229;44424;44464;5623;5622;44444;5737;8150;3674	5653	6164	6604	7555	5651.5	2170	4948.5	6573	3534	8535.5	8606.5	6688.5	8605	5822	934	3976.5	7799	8446.5	8798.5	2593.5	2945.5	3854	1705	8718	105253.5	5.262.675
ORTHO007605	Rubisco methyltransferase family protein	AT1G24610	16279;16278;8170;8168;16741;16740;3824;3674;8152;8150;32259;8757;8276;6479;43414;44260;43170;71704;44237;9987;43412;8213;6464;36211;19538;44238;44267;18022;18205;18193;18026;9507;9536;43231;43227;43226;5575;43229;44424;44464;5623;5622;44444;5737	5654	3910	6518.5	7383	5748	1705	2791.5	7084	7748	8319	2653	2729	3793	6764.5	7017.5	7782	793	5101.5	6056.5	8214	6578.5	7183	8026.5	3721	104060.5	5.203.025
ORTHO007295	RNA binding (RRM/RBD/RNP motifs) family protein	AT5G16260	398;6397;16071;16070;44260;43170;71704;8152;8150;44237;9987;90304;6139;46483;6725;1901360;34641;6807;44238;6396;10467;377;375;8380;5686;97525;30532;44428;44446;44422;5575;43226;44424;44464;5623;5622;43229;5634;43231;43227;30529;32991;5829;44444;5737;166;36094;5488;3674;1901265;1901363;97159;5684;5681;9910;48581;48580;2000026;50793;50789;65007;51239;51241;48519;51093;2000242;2000241;9909;48831;184;956;6402;6401;44265;9057;1901575;9056;44248;34655;19439;44270;1901361;46700;3729;44822;3723;3676	5655	7535	4685.25	3715.5	6358.5	6023.5	5075.5	4571	2465.5	5149	2539	7199	7031	2711.5	2396.5	5325.5	3891.5	1780	4663	5400	4946	2677	4961.5	4291.5	83097.5	4.154.875
ORTHO006026	nucleolar essential protein-related	AT3G57000	8168;16741;16740;3824;3674;8152;8150;32259;5634;43231;43227;43226;5575;43229;44424;44464;5623;5622	5656	5337	5531.5	5407	2982.5	3282	8376	5698.5	7978	8063.5	2809.5	3686.5	3541.5	1800.5	4462	3976.5	5194	2558	2092	6197.5	5637	5603	5541.5	5601	92098.5	4.604.925
ORTHO005605	RNA polymerase Rpb8	AT1G54250;AT3G59600	419;55029;44428;44446;44422;5575;43226;44424;44464;5623;5622;43229;5634;43231;43227;428;30880;61695;1990234;1902494;43234;32991;5665;44451;5654;31981;70013;43233;31974;16591;3899;34062;16779;16772;16740;3824;3674;8152;8150;32774;9059;43170;71704;1901576;9058;16070;44260;44237;9987;90304;6139;46483;6725;1901360;34641;6807;44238;34654;19438;44249;44271;18130;1901362;6351;34645;97659;10467;418	5657	4261	7062	8467	5151.5	1959	6820.5	3065	8207	4772	8314	5191.5	7554	6144.5	5034.5	7419	6027	6265.5	7464	5929.5	2789	8763	8593.5	4898	115210.5	5.760.525
ORTHO001419_1	Alpha-1;4-glucan-protein synthase family protein	AT5G16510	5515;5488;3674;5829;44444;44424;44464;5575;5623;5622;5737;33356;9225;6139;46483;44237;8152;8150;9987;6725;1901360;71704;34641;6807;44238;1901135;9832;42546;44085;71840;71554;71669;5794;43231;43227;43226;43229;12505;9651;6970;9628;50896;6950;9506;5911;30054;55044	5658	6587	6034	6410	7245.5	2295.5	4118.5	8064.5	6379.5	7539	2992.5	7085	7743	2711.5	3521.5	3976.5	4761	2724.5	5851	6555.5	6180.5	4873	5021	5222.5	97616	4880.8
ORTHO002795	myb-like HTH transcriptional regulator family protein	AT2G37630	3700;1071;3674;2001141;31326;9889;19222;50789;65007;8150;31323;50794;51252;19219;80090;51171;60255;10556;6355;1903506;10468;2000112;9651;6970;9628;50896;6950;45892;1903507;1902679;51253;10605;9892;48519;45934;51172;31324;48523;31327;9890;10558;10629;2000113;9965;9887;44767;32502;44699;9653;48856;48513;48731;7275;44707;32501;48366;48827;48367;10016;5634;43231;43227;43226;5575;43229;44424;44464;5623;5622;793;5694;43232;43228;9944;65001;7389;9798;9943;9955;3002;10338;48645;48646;9739;9725;9719;10033;42221;33993;1101;1901700;6351;34645;44260;43170;71704;8152;44237;9987;9059;1901576;9058;44249;97659;32774;16070;90304;6139;46483;6725;1901360;34641;6807;44238;34654;19438;44271;18130;1901362;10467;5515;5488;45088;31347;80134;48583;50776;2682;42803;42802;46983;9751;14070;5730;44428;44446;44422;31981;70013;43233;31974;42742;9617;51707;43207;9605;9607;51704;98542;6952;3677;3676;1901363;97159;9733;50832;9620;46686;10038;10035;3682;44877;9615;8356;51301;44763;9753;9946;9954	5659	7363	4550.5	3442	6358.5	1821.5	4904	4462	4573.5	6687	3917	6240	6316	2711.5	1725.5	5325.5	7194	1568.5	2347	5672	5637	1613	5295.5	3679.5	81690	4084.5
ORTHO004296	maternal effect embryo arrest 22	AT2G34780;AT3G44700	9933;48532;44767;32502;8150;44699;9653;48856;48507;9888;48513;48731;7275;44707;32501;5737;44424;44464;5575;5623;5622;32876;10948;10564;51726;50794;50789;65007;45786;48523;48519;2000104;8156;51053;10605;9892;19222;60255;45934;19219;80090;51171;31323;51172;31324;51052;6275;2000112;31326;9889;10556;2000113;31327;9890;10558;90329;32875;9793;44702;22414;3006;9790;48316;48608;61458;9791;10154;10074;19827;98727;10073;5886;16020;71944;3674	5660	5932	6941	8222	6664	2908.5	5001	2000	2465.5	7377.5	3461	5572	7189	8210.5	7804.5	6712.5	7051	5626	6185.5	8077	3045	7520.5	8026.5	7223	111456.5	5.572.825
ORTHO005063	phosphoinositide binding	AT1G61620	16567;32446;70647;6464;36211;19538;43170;71704;8152;8150;44238;43412;44267;44260;44237;9987;7165;50794;50789;65007;51716;50896;7154;44763;44699;44700;23052;31648;31647;65008;61630;4842;19787;16740;3824;3674;61659;35091;5543;8289;5488;43168;43167;5634;43231;43227;43226;5575;43229;44424;44464;5623;5622;9640;9639;9416;9314;9628;9791;44767;32502;44707;32501;7275;16607;16604;44451;44428;44446;44422;5654;31981;70013;43233;31974;5737	5661	3441	4268	2875	2097	9030	1500	3729.5	3450	7967.5	8	6518	7189	6206.5	1579	3976.5	2384.5	6737.5	1772.5	2534.5	1140	7637.5	2412.5	2575	78348	3917.4
ORTHO009338	zinc finger (Ran-binding) family protein	AT2G17975	5634;43231;43227;43226;5575;43229;44424;44464;5623;5622;8270;46914;46872;43169;43167;5488;3674;8150	5662	4941	4459.5	3257	2982.5	4758	4341	5957	5355.5	7350.5	3269.5	4239	5740	1800.5	3521.5	3976.5	4548.5	2199.5	3067.5	5781.5	3511.5	2433.5	3967	4801	80619	4030.95
ORTHO007617	Class II aaRS and biotin synthetases superfamily protein	AT5G52520	4827;4812;16876;16875;16874;3824;3674;8152;8150;6418;43039;6399;34660;16070;44260;43170;71704;44237;9987;90304;6139;46483;6725;1901360;34641;6807;44238;43038;6520;1901564;19752;43436;6082;44281;44710;44699;44763;6412;43043;43604;43603;44271;44249;9058;6518;1901566;1901576;44267;19538;34645;9059;10467;9507;9536;43231;43227;43226;5575;43229;44424;44464;5623;5622;44444;5737;5524;35639;1901265;1901363;5488;97159;43168;43167;32559;30554;17076;166;36094;32555;32553;97367;32550;32549;1882;1883;6433;5739;9570;9532;44435;44446;44422;44434;48481;3006;32502;22414;48856;35670;48608;61458;48731;7275;44767;44707;32501;48440;48827;48367;48437;44702;48569;48513;9908;90567;9791;48467;48438;48316;10154;10109;31323;50794;50789;65007;19222;9553;48229	5663	4537	5095.5	4528	5938.5	476	6249.5	3258.5	6225	8398	4909.5	6543.5	4617.5	7387.5	6748	7782	3016.5	7295.5	1451.5	2734	3345.5	1310	2661.5	3055	87464.5	4.373.225
ORTHO007387	quinolinate synthase	AT5G50210	9435;19674;46496;19362;6733;6732;51186;44237;8152;8150;9987;9117;6753;19637;71704;6793;55086;6139;46483;6725;1901360;34641;6807;44238;44281;44710;44699;44763;6796;72524;1901564;19359;19363;9108;51188;44249;9058;9165;1901293;90407;1901576;34654;19438;44271;18130;1901362;44711;72525;1901566;51176;31325;9893;48518;50789;65007;19222;48522;50794;31323;42762;9060;45333;15980;6091;55114;42803;42802;5515;5488;3674;46983;8987;3824;19805;43650;43648;19752;43436;6082;46394;16053;44283;46874;16226;31163;22607;16043;71840;44085;8047;30234;98772;50790;65009;43085;44093;46872;43169;43167;9507;9536;43231;43227;43226;5575;43229;44424;44464;5623;5622;44444;5737;51539;51536;51540;16740	5664	3930	6543.5	7423	4356	2128	5705.5	4329	2505.5	1123	3749	5053	8898	5223.5	599	6712.5	7758	7821.5	8936	7692.5	378.5	8996.5	9022.5	7721.5	104353	5217.65
ORTHO002047_2	lycopene cyclase	AT3G10230	9507;9536;43231;43227;43226;5575;43229;44424;44464;5623;5622;44444;5737;16117;16109;16114;6721;6720;44255;6629;71704;8152;8150;44710;44699;44238;44763;9987;44237;8299;8610;1901576;9058;44711;44249;16108;46148;42440;16116;16120;16119;42214;46246;16853;3824;3674;45436;16860;9975;16705;16491;55114;5739	5665	3329	2892	119	4356	3697.5	2452	2684	1042.5	1893	1623	7626	3662	138	136.5	3183	2698	398	1210.5	2124.5	2400	357.5	876	209.5	38411.5	1.920.575
ORTHO008286	plastid ribosomal protein l11	AT1G32990	9507;9536;43231;43227;43226;5575;43229;44424;44464;5623;5622;44444;5737;9570;9532;44435;44446;44422;44434;16020;6412;43043;43604;43603;34641;6807;8152;8150;44237;9987;44271;44249;9058;6518;1901564;71704;1901566;1901576;44267;19538;43170;44238;44260;34645;9059;10467;22626;44445;5829;5840;30529;32991;43232;43228;22625;15934;44391;9941;9526;31967;31975;44822;3723;3676;1901363;5488;3674;97159;27;22618;71826;43933;16043;71840;34622;65003;22607;44085;22613;42255;70925;6996;42254;42273;3735;5198;19843	5666	4848	7191	8716	2982.5	1705	7562.5	7084	8178.5	1409.5	2992.5	8224	7498	8316	7999	7782	2626	5101.5	6265.5	8214	6696	7147.5	7946.5	7656.5	120404.5	6.020.225
ORTHO004868	Tetraspanin family protein	AT2G20740	5737;44424;44464;5575;5623;5622;16021;31224;44425;16020;5774;44437;44444;44446;44422;43226;43229;5773;43231;43227;98588;31090;98805;3674;8150	5667	7928	4028.5	2390	6857.5	5285	1457	4373.5	6124	8231.5	5788.5	6494	4380.5	1254	1549	5325.5	3264.5	1450	2997	3431	4321	1525	4705.5	3289.5	75246	3762.3
ORTHO006990	Pectin lyase-like superfamily protein	AT1G80170	5576;5575;4650;4553;16798;16787;3824;3674;8152;8150;9505;5618;30312;44464;5623;71944;71555;45229;16043;71840;9987;71554;5975;71704;44238;5515;5488	5668	6093	5417.75	5167.5	6857.5	4758	4341	5439.5	6379.5	4973	6543	4877	5740	1800.5	3521.5	3976.5	4548.5	2724.5	5128	6632	4321	4873	5021	5222.5	90820	4541
ORTHO006992	HSP20-like chaperones superfamily protein	AT5G58740	5737;44424;44464;5575;5623;5622;3674;8150	5669	5778	4708	3747	2982.5	5744.5	1500	5121.5	6584	4042.5	7040	3912.5	3501.5	1800.5	3936.5	3976.5	4942.5	3121	5502	1043.5	5422.5	5603	5263	5222.5	83280	4164
ORTHO003211	F-box family protein	AT5G39450;AT5G39460;AT5G39480;AT5G39490	5739;43231;43227;43226;5575;43229;44424;44464;5623;5622;44444;5737;3674;8150	5670	5036	4417	3164	5196	1500	6542.5	6142.5	4323	1750.5	5973.5	2729	3541.5	1800.5	4462	6712.5	5108	3121	5851	4169.5	3756	2608	4404	5601	80096	4004.8
ORTHO003002	OSBP(oxysterol binding protein)-related protein 4B	AT4G25850;AT4G25860;AT5G57240	8289;5488;3674;8142;32934;43178;36094;5496;97159;6869;44765;6810;51234;51179;8150;1902578;44699;71702;10876;33036;8202;1901360;71704;8152;6629;44710;44238;5634;43231;43227;43226;5575;43229;44424;44464;5623;5622	5671	6756	5600.5	5530	7662	6149	6871.5	5213.5	4645.5	8168.5	6173.5	7807.5	7031	2711.5	2702.5	3976.5	3682	1780	4830.5	4392	3870	3854	4451.5	4413.5	92724	4636.2
ORTHO007205	copper ion binding	AT4G05400	5507;46914;46872;43169;43167;5488;3674;8150;5739;43231;43227;43226;5575;43229;44424;44464;5623;5622;44444;5737;9507;9536	5672	6452	7282	8892	7245.5	7207	5048.5	3243.5	7831	7584	8798.5	6602.5	8966.5	5815	934	3976.5	8966	6505.5	8526	8935	8153	7301.5	2142.5	8615.5	125152	6257.6
ORTHO000425	FAD/NAD(P)-binding oxidoreductase family protein	AT1G58440;AT2G22830;AT4G37760	4506;16709;16705;16491;3824;3674;8152;8150;55114;44710;44699;4497;50660;50662;48037;5488;43168;43167;166;36094;1901265;1901363;97159;16126;16125;6066;1901615;71704;44281;8202;1901360;6629;44238;46165;1901617;1901576;9058;44283;44711;6694;1901362;8610;9414;9415;9628;50896;1101;42221;10035;1901700;6950;5576;5575;16021;31224;44425;16020;31966;31090;44422;43226;43227;44429;44444;44424;44464;5623;5622;5737;44446;43229;5739;43231;5740;31967;31975;9753;9725;9719;10033;9611	5673	8985	6242	6811	8915	8668.5	9133.5	8381.5	2435.5	7377.5	3269.5	2255.5	3014.5	474.5	4705.5	7360.5	6825	286	8310	2903	8496	1985	5081	9099	100061.5	5.003.075
ORTHO003576	Uncharacterised protein family (UPF0497)	AT1G03700	8150	5674	8861	7101.5	8529	8730.5	7563	8793	8767	4253	6440	7999	8905	4865.5	401	5718	8925	831.5	1260.5	8098.5	5637	8438.5	2837	8115.5	8552	116400	5820
ORTHO006798	plastid transcriptionally active 12	AT2G34640	9416;9314;9628;50896;8150;42793;6351;34645;44260;43170;71704;8152;44237;9987;9059;1901576;9058;44249;97659;32774;16070;90304;6139;46483;6725;1901360;34641;6807;44238;34654;19438;44271;18130;1901362;10467;9657;6996;16043;71840;1902589;44763;44699;44711;44710;45893;10628;10604;9893;48518;50789;65007;19222;60255;10468;1903508;1903506;2001141;31326;9889;31323;50794;51252;19219;80090;51171;10556;1902680;51254;45935;31325;48522;51173;31328;9891;10557;6355;2000112;9585;7602;9583;9582;51606;9581;9605;7165;51716;7154;44700;23052;10017;71489;9639;71482;71478;71214;90228;9967;9966;10646;48583;23051;10647;48584;23056;90227;2000030;9295;5575;5634;43231;43227;43226;43229;44424;44464;5623;5622;10114;9507;9536;44444;5737;5515;5488;3674;9508;229;5694;43232;43228;44435;44446;44422;42646;9532;10218;427;428;30880;61695;1990234;1902494;43234;32991;9637	5675	5019	7081	8487	2982.5	1329	8645.5	6323	5144	2524.5	6763.5	3422.5	6895.5	5325	7313.5	7419	6825	4253	7398	7138.5	7568	6895.5	7554.5	6883	115620.5	5.781.025
ORTHO001204_1	UDP-Glycosyltransferase superfamily protein	AT5G04480	5794;43231;43227;43226;5575;43229;44424;44464;5623;5622;44444;5737;12505;5768;5802;98791;44431;44446;44422;31984;16740;3824;3674;8152;8150;48868;3006;32502;22414;48856;9856;44703;51704;44706;32501;5634;16757	5676	6929	5724.75	5773.5	7947.5	6898	4638.5	4964	6225	2101.5	6543	2937.5	7743	2711.5	3721.5	5325.5	4761	2724.5	5851	5400	6180.5	3854	6194.5	5222.5	93997	4699.85
ORTHO009217	electron transport SCO1/SenC family protein	AT3G08950	5743;19866;31090;16020;5575;44422;43226;43227;44424;44464;5623;5622;31967;31975;44446;43229;31966;44429;44444;5737;5739;43231;5740;9790;44767;32502;8150;44699;48856;7275;44707;32501;8535;17004;43623;6461;65003;43933;16043;71840;9987;22607;44085;71822;70271;34622;16021;31224;44425;5507;46914;46872;43169;43167;5488;3674;33617;33108;7005;6996;97034	5677	6401	5007.5	4338	5748	3684	1132	397	1753	8934.5	3136.5	2197	9031.5	6601.5	5761.5	3976.5	7664	7376.5	2825	2835.5	1982	9141.5	5081	3055	86565.5	4.328.275
ORTHO008831	unknown protein	AT5G11600	8150;3674	5678	7643	4826.5	3975	6534	9140.5	9153.5	3284.5	1994.5	8934.5	4305	7485.5	2728	7101	4124.5	6044.5	2987.5	6330	2369.5	4586	370	585.5	629	2522	84675.5	4.233.775
ORTHO009091	Lateral organ boundaries (LOB) domain family protein	AT1G65620	9944;65001;7389;44767;32502;8150;44699;44707;32501;7275;9798;9943;9955;3002;5515;5488;3674;5634;43231;43227;43226;5575;43229;44424;44464;5623;5622;5654;44428;44446;44422;31981;70013;43233;31974;48441;48827;48856;48367;48731;48437;44702;22414;3006;48569;48513;9908;90567;48608;61458;9791;48465;48438;9954;9799;10305;10051	5679	7170	6740.5	7802	7947.5	5904	8324.5	5213.5	6584	6592	2809.5	2467.5	7963	2711.5	3936.5	5325.5	5457.5	3121	6531	8478	7052	5213.5	7946.5	5601	107232	5361.6
ORTHO006034	unknown protein	AT5G66820	8150;5739;43231;43227;43226;5575;43229;44424;44464;5623;5622;44444;5737;3674	5680	7714	6050	6420	6664	6149	5581	2903.5	7046.5	8231.5	6763.5	7179.5	7031	2711.5	2163.5	5325.5	4054.5	1780	4914	3108	5265	3311	6365	7768	97651.5	4.882.575
ORTHO008664	aspartate aminotransferase 5	AT4G31990	4069;8483;16769;16740;3824;3674;8152;8150;9058;10319;44435;44444;44424;44464;5575;5623;5622;5737;44446;44422;43226;43229;9536;43231;43227;9526;31967;31975;9507;9941;44434;46686;10038;10035;42221;50896;9501;6520;1901564;71704;6807;19752;43436;6082;44281;44710;44699;44763;9987;44237;44238;9570;9532;48046;5576;9409;9266;9628;6950;30170;1901363;5488;97159;48037;43168;43167;80130;70546	5681	5418	5502.5	5324	2982.5	201.5	4813.5	2545	2611.5	3240.5	2809.5	3686.5	1352	8456.5	8061.5	5325.5	8903.5	6217	7042	794.5	8580	7120.5	2142.5	7721.5	91625	4581.25
ORTHO005708	trigalactosyldiacylglycerol2	AT3G20320	16021;31224;44425;5575;16020;32365;6869;44765;6810;51234;51179;8150;1902578;44699;71702;10876;33036;1902582;46907;51649;51641;5623;9706;9528;19866;31090;44422;43226;43227;44424;44464;5622;31967;31975;44446;43229;42170;44435;44444;5737;9536;43231;9526;31969;44434;9507;9941;5543;8289;5488;3674;43168;43167;5319;22892;5215	5682	4418	4748	3814	2982.5	8775	6954.5	2114.5	2804.5	3913	3136.5	247	1352	7343.5	7667.5	5325.5	1835	5221.5	1788	1043.5	7489.5	6429	1740	8491	83671	4183.55
ORTHO008239	5'-3' exonuclease family protein	AT5G26680	6260;6259;44260;43170;71704;8152;8150;44237;9987;90304;6139;46483;6725;1901360;34641;6807;44238;34645;9059;1901576;9058;44249;6281;6974;33554;51716;50896;6950;44763;44699;44710;5730;44428;44446;44422;5575;43226;44424;44464;5623;5622;43229;5634;43231;43227;43232;43228;31981;70013;43233;31974;4519;4518;16788;16787;3824;3674;90305;46872;43169;43167;5488;5739;44444;5737;5829;5654;4527;3677;3676;1901363;97159	5683	4776	5527	5371	2982.5	6313	3863.5	6142.5	8259	3706.5	8606.5	1198.5	6513.5	1800.5	5034.5	6712.5	693.5	3121	3691	5606	4668.5	3609.5	5826.5	6553	91919.5	4.595.975
ORTHO005587	Phosphoglycerate mutase family protein	AT3G60450	5634;43231;43227;43226;5575;43229;44424;44464;5623;5622;5829;44444;5737;8150	5684	3721	3071	458	1584.5	994.5	2190	3021	4006	6934	4160.5	4467	3374.5	504	5886	1339	2954.5	867.5	3149.5	4444	1610.5	914	568.5	286	51671	2583.55
ORTHO007484	WRKY DNA-binding protein 55	AT2G40740	6355;1903506;2001141;31326;9889;19222;50789;65007;8150;31323;50794;51252;19219;80090;51171;60255;10556;10468;2000112;3700;1071;3674;5634;43231;43227;43226;5575;43229;44424;44464;5623;5622;43565;3677;3676;1901363;5488;97159;6351;34645;44260;43170;71704;8152;44237;9987;9059;1901576;9058;44249;97659;32774;16070;90304;6139;46483;6725;1901360;34641;6807;44238;34654;19438;44271;18130;1901362;10467	5685	2684	4263.5	2842	1812	476	7744.5	6978.5	635	3530	8820	8038	5740	3815.5	5254.5	1830	1000	4982.5	598.5	4392	4445	2213.5	4521	3103.5	78118	3905.9
ORTHO008652	Dihydrolipoamide acetyltransferase; long form protein	AT3G52200	8152;8150;4742;30523;16417;16747;16746;16740;3824;3674;16418;16407;5524;35639;1901265;1901363;5488;97159;43168;43167;32559;30554;17076;166;36094;32555;32553;97367;32550;32549;1882;1883;5739;43231;43227;43226;5575;43229;44424;44464;5623;5622;44444;5737;6096;6090;32787;19752;43436;6082;71704;44281;44710;44699;44763;9987;44237;44724;44712;9056;44723;5975;44238;16052;1901575;6757;6091;46031;9150;6163;72521;46483;6725;1901360;34641;6807;1901564;9117;6753;19637;6793;55086;6139;6796;9259;19693;1901135;9179;9185;9132;9135;9167;9161;9123;9126;46128;9119;9116;1901657;42278;46034;9205;9144;9141;9199;6165;46939;16310;46496;19362;6733;6732;51186;72524;5759;44429;44446;44422;70013;43233;31974;45254;1990204;1902494;43234;32991	5686	5640	7266.5	8847	6534	7794.5	3863.5	7244.5	7325.5	2443	2539	3686.5	7554	8316	8061.5	5325.5	7337.5	5626	7042	8873	8534	7855	6624.5	7656.5	123702	6185.1
ORTHO005576	SEC12P-like 2 protein	AT2G01470;AT5G50550;AT5G50650	30176;31227;44432;44444;44424;44464;5575;5623;5622;5737;44446;44422;43226;43229;5783;43231;43227;12505;31300;31224;44425;16020;31090;5789;98588;42175;31301;16021;5886;71944;5774;44437;5773;98805;166;36094;5488;3674;1901265;1901363;97159;15031;45184;51234;51179;8150;8104;33036;71702;6810;5794;6888;16482;46907;51649;51641;48193;1902582;44765;1902578;44699;16192	5687	5033	5550.5	5414	5938.5	5547	8324.5	2322	2134	4660.5	6343	3422.5	6071.5	1800.5	4705.5	5325.5	693.5	3580	6531	6467.5	6180.5	5924	6040	6057.5	92130.5	4.606.525
ORTHO001448	NAD(P)-binding Rossmann-fold superfamily protein	AT4G11410;AT4G23420;AT4G23430	16491;3824;3674;8152;8150;55114;44710;44699;9507;9536;43231;43227;43226;5575;43229;44424;44464;5623;5622;44444;5737;9941;9526;31967;31975;44446;44422;44435;44434;9706;9528;19866;31090;16020;42170;31969;15031;45184;51234;51179;8104;33036;71702;6810;5886;71944	5688	8057	6416.25	7144.5	7245.5	8655.5	8002.5	4734	5994	5953	8232.5	4386.5	5338.5	906.5	2396.5	5325.5	4464.5	663.5	5400	6001	7052	3609.5	6538.5	8718	102372	5118.6
ORTHO009565	MALE GAMETOPHYTE DEFECTIVE 2	AT1G08660	9860;44702;22414;8150;44699;904;902;32989;16043;71840;9987;9653;32502;48856;48869;44767;44763;48468;30154;3006;48588;48589;40007;16049;9932;9826;60560;48868;9856;44703;51704;44706;32501;16266;6493;6486;6464;36211;19538;43170;71704;8152;44238;43412;44267;44260;44237;43413;70085;44723;5975;44710;9101;9100;1901135;34645;9059;1901576;9058;44249;1901137;139;98588;31090;16020;5575;44422;43226;43227;44431;44444;44424;44464;5623;5622;5737;44446;43229;5794;43231;12505;43687;97503;9846;44707;9311;8373;16757;16740;3824;3674;5802;98791;31984;18279;18196;18193;6487;5768	5689	4884	4943	4197	2982.5	4278	4904	6142.5	6584	2702	5973.5	7788	5740	1800.5	4233.5	6712.5	3367.5	2199.5	3172	4131	3675	2541	4345.5	5601	85891	4294.55
ORTHO005996	KOW domain-containing protein	AT5G23535	6412;43043;43604;43603;34641;6807;8152;8150;44237;9987;44271;44249;9058;6518;1901564;71704;1901566;1901576;44267;19538;43170;44238;44260;34645;9059;10467;3735;5198;3674;15934;44391;30529;32991;5575;44424;44464;5623;5622;44444;5737;44446;44422;43226;43229;5840;43232;43228;5739;43231;43227	5690	6845	5458.5	5227	6100.5	2295.5	8221	4964	4740.5	4064	6543	2729	7743	2711.5	2702.5	3976.5	4870.5	2724.5	5220.5	6632	6431	4308.5	5021	5222.5	91121	4556.05
ORTHO006270	Cell division control; Cdc6	AT1G07270;AT2G29680	51301;44763;9987;8150;44699;6270;6259;44260;43170;71704;8152;44237;90304;6139;46483;6725;1901360;34641;6807;44238;6261;6260;34645;9059;1901576;9058;44249;51726;50794;50789;65007;7049;5515;5488;3674;5634;43231;43227;43226;5575;43229;44424;44464;5623;5622;42023;44786;22402;44711;44710	5691	7063	6231.5	6772	7947.5	8834	8022.5	4826.5	2505.5	8319	7040	8311	7377.5	2711.5	2702.5	5325.5	4548.5	1494	692	6240	5839	3754	6624.5	4678.5	99846	4992.3
ORTHO009959	Mitochondrial substrate carrier family protein	AT5G01340	5743;19866;31090;16020;5575;44422;43226;43227;44424;44464;5623;5622;31967;31975;44446;43229;31966;44429;44444;5737;5739;43231;5740;16021;31224;44425;6810;51234;51179;8150;6839;1902582;46907;51649;51641;44765;1902578;44699;15141;15556;5310;46943;8514;8509;15075;22891;22857;5215;3674;55085;44763;9987;22892;34220;6811;98656;6820;15711;71702;5342;1903825;15849;46942;6835;15740;71422;15744	5692	7597	7297	8902	8259	422	6947	8064.5	9035.5	8063.5	8820	9048	1352	8676.5	5836.5	6712.5	7495.5	5626	1537.5	8721.5	2978	8658.5	8817.5	8615.5	125428	6271.4
ORTHO006474	homolog of asparagine-linked glycosylation 12	AT1G02145	9;30;16758;16757;16740;3824;3674;8152;8150;97502;70085;44723;5975;71704;44238;44710;44699;5789;98588;31090;16020;5575;44422;43226;43227;44432;44444;44424;44464;5623;5622;5737;44446;43229;5783;43231;12505;44425;42175;52917;6487;6486;44763;9987;6464;36211;19538;43170;43412;44267;44260;44237;43413;9101;9100;1901135;34645;9059;1901576;9058;44249;1901137;16021;31224;30433;43161;10498;51603;6508;44257;30163;9057;1901575;9056;44265;44248;6511;19941;43632;36503;44712;10033;42221;50896;34976;33554;51716;6950	5693	5652	5564	5435	6534	1500	6781.5	8863.5	6584	8006.5	7382.5	2467.5	1352	2209	4462	3976.5	5240.5	3580	6785	5160	1121	5603	5541.5	5601	92217	4610.85
ORTHO006682	Cleavage and polyadenylation specificity factor (CPSF) A subunit protein	AT3G11960	5634;43231;43227;43226;5575;43229;44424;44464;5623;5622;3676;1901363;5488;3674;97159	5694	5229	4955.5	4217	6194	5155.5	3960	2545	6712.5	8231.5	2809.5	2553.5	3521	1800.5	4233.5	3976.5	5032.5	3121	4548.5	6197.5	5422.5	5603	5322	5222.5	85968.5	4.298.425
ORTHO008958	thylakoid-associated phosphatase 38	AT4G27800	46872;43169;43167;5488;3674;4721;16791;42578;16788;16787;3824;8152;8150;16311;6796;6793;44237;9987;6470;6464;36211;19538;43170;71704;44238;43412;44267;44260;4722;80005;10109;31323;50794;50789;65007;19222;9767;22900;6091;55114;44710;44699;44763;19684;15979;5730;44428;44446;44422;5575;43226;44424;44464;5623;5622;43229;5634;43231;43227;43232;43228;31981;70013;43233;31974;5737;9570;9532;44435;44444;9536;44434;9507;16021;31224;44425;16020;9579;8287;1903293;1902494;43234;32991	5695	5653	7045	8395	2982.5	2501	8474	6323	2570.5	8934.5	3366.5	7280	6895.5	8210.5	7667.5	5325.5	8172.5	4747.5	7281	6064.5	6578.5	5308.5	1386	6732.5	113819.5	5.690.975
ORTHO008154	cofactor assembly of complex C	AT1G59840	9507;9536;43231;43227;43226;5575;43229;44424;44464;5623;5622;44444;5737;9535;55035;42651;34357;16020;44436;9579;44435;44446;44422;31976;31984;44434;9534;10190;17004;43623;6461;65003;43933;16043;71840;8150;9987;22607;44085;71822;70271;34622;16021;31224;44425;3674	5696	2849	5622.5	5549	2097	686.5	2951	4396	1994.5	2524.5	1981	8178.5	7189	7300	7349.5	2476	5962.5	6265.5	6327	5002	5903.5	6512.5	5497.5	4291.5	92788.5	4.639.425
ORTHO001310	nodulin MtN21 /EamA-like transporter family protein	AT1G21890;AT1G44800;AT4G08300	43090;6865;71705;6810;51234;51179;8150;46942;15849;44765;1902578;44699;71702;15711;6820;6811;5886;16020;5575;44464;5623;71944;15171;46943;8514;8509;15075;22891;22857;5215;3674;55085;44763;9987;22892;34220;98656;5342;1903825;3333;32973;80144;55081;50801;48878;42592;65008;65007;5739;43231;43227;43226;43229;44424;5622;44444;5737;1902475;15807;5515;5488;34639;15179;15562;16021;31224;44425	5697	6999	5360	5023	7947.5	7169.5	9120	2772	8149.5	2615.5	3136.5	2640.5	1352	2711.5	3721.5	5325.5	5329.5	3580	6531	2935	7489.5	4970.5	5171.5	5433.5	90154.5	4.507.725
ORTHO006526	Prolyl oligopeptidase family protein	AT2G47390	9570;9532;44435;44444;44424;44464;5575;5623;5622;5737;44446;44422;43226;43229;9536;43231;43227;44434;9507	5698	5714	4601	3504	2982.5	4094	5303	5439.5	4740.5	6345	5836	4752.5	5740	1800.5	3521.5	3976.5	2821	2558	3653	4060.5	4519	4471.5	3476.5	4898	82006.5	4.100.325
ORTHO000546	hydroxy methylglutaryl CoA reductase 1	AT1G76490;AT2G17370	5778;44439;44438;44444;44424;44464;5575;5623;5622;5737;44446;44422;43226;43229;42579;43231;43227;5777;31903;98588;31090;16020;98805;42282;16616;16614;16491;3824;3674;8152;8150;55114;44710;44699;5515;5488;19287;6084;6637;6732;51186;44237;9987;35383;71704;6790;6793;9240;46490;6644;19637;44255;6629;44238;44763;6796;8654;90407;1901576;9058;8610;44711;44249;8299;6720;5789;44432;5783;12505;44425;42175;4420;60964;60147;60968;50794;50789;65007;60966;16126;16125;6066;1901615;44281;8202;1901360;46165;1901617;44283;6694;1901362;15936;9150;6163;72521;46483;6725;34641;6807;1901564;9117;6753;55086;6139;9259;19693;1901135;34032;33865;33875;46128;9119;9116;1901657;42278;16104;6722;6721;16114;5634	5699	8974	7298	8897	8940	9130	9081	8414.5	5028	7485	8606.5	4905	1352	6332.5	8316.5	9097	6955.5	490	2270	5189.5	8496	7016	8026.5	9126.5	125318	6265.9
ORTHO009656	unknown protein	AT3G09860	8150;5575;3674	5700	6718	6227	6754	7662	2005.5	8324.5	5957	1328.5	6825	6343	2343.5	3467	2711.5	4462	5325.5	6162	3750.5	6700.5	7871	7786.5	5924	6040	6379.5	99707	4985.35
ORTHO007083	Plasma-membrane choline transporter family protein	AT3G03700;AT3G04440	8150;16021;31224;44425;5575;16020;5886;44464;5623;71944	5701	8516	3002	303	8471	3831.5	7092.5	3953	3957.5	5767	544	4018.5	3865.5	138	136.5	3273.5	2738	85.5	1706.5	2570	2840.5	108	396.5	579	47601.5	2.380.075
ORTHO008519	unknown protein	AT2G25625	8150;3674	5702	7680	5570	5438	6664	3917	6055.5	8894.5	4452.5	8934.5	4793.5	7039.5	6227	6501	6520.5	6075	2248.5	4747.5	3301	4297.5	2885	940	1361	3055	92246	4612.3
ORTHO003901	GDSL-like Lipase/Acylhydrolase superfamily protein	AT1G71691	16042;44712;9056;8152;8150;44710;44699;6629;71704;44238;1901575;5576;5575;16788;16787;3824;3674	5703	2505	3696	1689	1689.5	2170	6107	6978.5	1691	6139.5	744	7881.5	6804.5	4560	5254.5	1830	2063	5101.5	1473.5	1129.5	4668.5	1179	910.5	3179.5	69865.5	3.493.275
ORTHO007472	MSF1-like family protein	AT5G13070	5739;43231;43227;43226;5575;43229;44424;44464;5623;5622;44444;5737	5704	5249	7271	8838	6194	1839.5	8450	3003.5	7455	7350.5	6763.5	8258	6785	7909	7582.5	5325.5	6409	4595	7042	8320	5779	6952	7048.5	6669	123536.5	6.176.825
ORTHO006936	Uncharacterised conserved protein UCP022280	AT4G26410	5739;43231;43227;43226;5575;43229;44424;44464;5623;5622;44444;5737;8150;5634;3674	5705	5946	6489.5	7274	6664	6643.5	3513	5957	6823.5	6645	7734.5	8107.5	1352	1800.5	5034.5	3976.5	5864.5	4400	6835.5	7871	2506	6027.5	6040	6057.5	103189.5	5.159.475
ORTHO008381	protein kinase family protein / C-type lectin domain-containing protein	AT1G52310	5886;16020;5575;44464;5623;71944;4674;4672;16301;16772;16740;3824;3674;8152;8150;16310;6796;6793;44237;9987;16773;6468;6464;36211;19538;43170;71704;44238;43412;44267;44260;46777	5706	2721	4420	3134	4356	2054	6542.5	1389	1234	1462	2992.5	5150	8929.5	4948.5	382.5	1429.5	1941.5	8179	9051	2455	1848	8566.5	2749.5	8615.5	79920	3996
ORTHO001048	60S acidic ribosomal protein family	AT2G27710;AT2G27720;AT3G44590	22626;44445;44444;44424;44464;5575;5623;5622;5737;5829;5840;30529;32991;43232;43228;43226;43229;9507;9536;43231;43227;6414;34645;44260;43170;71704;8152;8150;44237;9987;9059;1901576;9058;44249;6412;43043;43604;43603;34641;6807;44271;6518;1901564;1901566;44267;19538;44238;10467;3735;5198;3674;5634;5730;44428;44446;44422;31981;70013;43233;31974;5886;16020;71944;9409;9266;9628;50896;6950	5707	8764	3107.5	508	8202.5	3997.5	6929	3999.5	4123.5	6139.5	4988.5	1374.5	3684	138	136.5	6020.5	2687.5	85.5	1407	2496	2908	45.5	488.5	1167	52816	2640.8
ORTHO004683	Pentatricopeptide repeat (PPR-like) superfamily protein	AT5G46680	3674;5739;43231;43227;43226;5575;43229;44424;44464;5623;5622;44444;5737;8150	5708	5317	7410.5	9113	2982.5	7363.5	4856.5	9134	8307	8168.5	8487.5	6374.5	4086	5645.5	1040.5	3976.5	7495.5	6919	8655.5	9038.5	8580	8741.5	8806.5	8512	134188.5	6.709.425
ORTHO009079	Ribosomal protein L35	AT2G24090	6412;43043;43604;43603;34641;6807;8152;8150;44237;9987;44271;44249;9058;6518;1901564;71704;1901566;1901576;44267;19538;43170;44238;44260;34645;9059;10467;5840;30529;32991;5575;44424;44464;5623;5622;43232;43228;43226;43229;44444;5737;3735;5198;3674;9507;9536;43231;43227	5709	5021	4258	2807	5938.5	1885	1519.5	4571	4816.5	8934.5	4890	7463	4617.5	3283.5	1812.5	3976.5	3117	6145	4059	2688	4226.5	3026	3476.5	3366.5	77874	3893.7
ORTHO006676	Mitochondrial substrate carrier family protein	AT5G15640	16021;31224;44425;5575;16020;5743;19866;31090;44422;43226;43227;44424;44464;5623;5622;31967;31975;44446;43229;31966;44429;44444;5737;5739;43231;5740;6839;1902582;46907;6810;51234;51179;8150;51649;51641;44765;1902578;44699;55085;44763;9987	5710	6882	6475.5	7241	6100.5	5904	3863.5	5213.5	6584	3099	7734.5	2467.5	8094	2711.5	3936.5	5325.5	5561	3121	6531	7012	7052	5213.5	7946.5	5601	102971.5	5.148.575
ORTHO009537	unknown protein	AT5G03050	5634;43231;43227;43226;5575;43229;44424;44464;5623;5622;8150;3674	5711	4531	4912.5	4114	5938.5	8440.5	6542.5	6323	1545.5	5141	2992.5	7795.5	5740	1800.5	4462	6712.5	3493.5	1921.5	472.5	4100	3870	2837	4705.5	6553	85448.5	4.272.425
ORTHO009907	mitochondrially targeted single-stranded DNA binding protein	AT4G11060	6260;6259;44260;43170;71704;8152;8150;44237;9987;90304;6139;46483;6725;1901360;34641;6807;44238;34645;9059;1901576;9058;44249;3697;43566;3677;3676;1901363;5488;3674;97159;5739;43231;43227;43226;5575;43229;44424;44464;5623;5622;44444;5737	5712	5806	6196.5	6681	2982.5	2005.5	3327	5957	7183.5	4051	6543	3422.5	6227	1800.5	5034.5	3976.5	5962.5	3949	6700.5	7871	6696	6077	6282.5	6210	99276.5	4.963.825
ORTHO008614	D-alanine--D-alanine ligase family	AT3G08840	5737;44424;44464;5575;5623;5622;46872;43169;43167;5488;3674;8716;16881;16879;16874;3824;8152;8150;9507;9536;43231;43227;43226;43229;44444;5524;35639;1901265;1901363;97159;43168;32559;30554;17076;166;36094;32555;32553;97367;32550;32549;1882;1883	5713	3580	4911.5	4110	2097	1777	7445.5	2796	985	4102	7524	4566	3577.5	6501	6867.5	7782	1321	4507	4485	7299	2072	5213.5	3662.5	2940	85423.5	4.271.175
ORTHO006555	mitochondrial ribosomal protein L51/S25/CI-B8 family protein	AT3G59650	5739;43231;43227;43226;5575;43229;44424;44464;5623;5622;44444;5737;8150;5840;30529;32991;43232;43228;3674	5714	6173	6579.5	7445	7245.5	8619.5	5887	6906	2134	8446	8606.5	2467.5	1352	8396.5	8452	5325.5	8462.5	4747.5	658	1320	7709	5603	1361	8062	104515.5	5.225.775
ORTHO004964	helicase domain-containing protein / IBR domain-containing protein / zinc finger protein-related	AT4G01020;AT5G10370	4386;17111;16462;16818;16817;16787;3824;3674;8152;8150;8026;42623;16887;70035;3676;1901363;5488;97159;5524;35639;1901265;43168;43167;32559;30554;17076;166;36094;32555;32553;97367;32550;32549;1882;1883;8270;46914;46872;43169;9507;9536;43231;43227;43226;5575;43229;44424;44464;5623;5622;44444;5737;5634	5715	5897	7021.5	8328	6664	8152	4638.5	2962.5	7632	5157	291	7463	8929.5	5465	599	3976.5	2351.5	7697.5	9100	9161	9009	8763	2536	8923.5	112807.5	5.640.375
ORTHO009617	F-box family protein	AT4G02440	16567;32446;70647;6464;36211;19538;43170;71704;8152;8150;44238;43412;44267;44260;44237;9987;5515;5488;3674;48573;9648;9416;9314;9628;50896;10228;3006;32502;22414;48608;48856;61458;48731;7275;44767;44699;44707;32501;9791;48366;48827;48367;10099;48580;2000026;50793;50789;65007;51239;2000030;48583;9585;7602;9583;9582;51606;9581;9605;7165;50794;51716;7154;44763;44700;23052;10017;71489;9639;71482;71478;71214;5634;43231;43227;43226;5575;43229;44424;44464;5623;5622;4842;19787;16740;3824	5716	6753	6395.5	7075	7662	5155.5	3513	5568.5	7978	3240.5	7199	3686.5	7963	2711.5	3936.5	3976.5	7482.5	3121	5851	7080	7052	5603	5171.5	5601	101890.5	5.094.525
ORTHO001693	Nodulin-like / Major Facilitator Superfamily protein	AT1G18940;AT1G74780;AT2G34350;AT2G34355	55085;44763;9987;8150;44699;44765;6810;51234;51179;1902578;16021;31224;44425;5575;16020	5717	7165	5966.5	6216	7947.5	2295.5	8076	4964	4740.5	8168.5	6543	7312.5	1352	2711.5	2702.5	5325.5	4761	2558	5851	8214	1398	4169	7156	8159	96457.5	4.822.875
ORTHO005419	cytochrome P450; family 77; subfamily A; polypeptide 5 pseudogene	AT3G18270	5739;43231;43227;43226;5575;43229;44424;44464;5623;5622;44444;5737;9507;9536	5718	6812	5948.5	6179	7662	6417	7151.5	4826.5	5221.5	4272	6343	5257	7743	2711.5	2702.5	8358	4666	2558	4756.5	2935	5988	4612.5	4843.5	4898	96261	4813.05
ORTHO007492	copper chaperone for SOD1	AT1G12520	15680;6825;41;30001;6812;6811;44765;6810;51234;51179;8150;1902578;44699;1902582;46907;51649;51641;9570;9532;44435;44444;44424;44464;5575;5623;5622;5737;44446;44422;43226;43229;9536;43231;43227;44434;9507;16532;16531;16530;3674;5507;46914;46872;43169;43167;5488;8047;30234;98772;50790;19222;50789;65007;65009;43085;44093;9893;48518;19430;6801;72593;44237;8152;9987;1990748;98754;9636;42221;50896;44763;44710;71451;71450;34614;302;6979;6950;1901700;34599;33554;51716;70887;1901701;305;10035;303;8270;6878;46916;6875;55065;98771;50801;48878;42592;65008;55080;30003;6873;55082;19725;55076;55070	5719	4746	4023.5	2328	5938.5	1329	7288	5813.5	5754	4289.5	5726.5	6361.5	5066	3283.5	2910	6712.5	2923	1538.5	122.5	5447	2237	1407.5	2274	4291.5	74775	3738.75
ORTHO005987	centromere/kinetochore protein; putative (ZW10)	AT2G32900	5634;43231;43227;43226;5575;43229;44424;44464;5623;5622;7059;44763;9987;8150;44699;7094;71173;31577;75;22402;7049;71174;7093;1903047;278;45930;45786;48523;50794;50789;65007;48519;51726;7346;45841;2000816;10965;33047;7088;51783;33043;51128;51302;10564;33045;33044;51983;33048;45839;10948;51784;51782;10639;51129;33046;2001251;51985;30071;1901990;1901987;1902099;32434;61136;1903050;1903362;31329;9894;19222;31323;42176;51246;80090;60255;32268;30162;1902100;1901988;1901991;32435;1901799;1903051;1903363;42177;9895;9892;51248;10605;31330;31324;32269;45861;1904667;1904666;51438;51338;50790;65009;31396;1903320;31399;51444;51352;51340;43086;44092;31397;1903321;31400;51348;51436;51439;1990423;44427;44446;44422;5694;43232;43228;43234;32991;776;775;98687;6888;16482;46907;6810;51234;51179;51649;51641;48193;1902582;44765;1902578;16192	5720	4277	2916.5	113	5938.5	717.5	1595.5	3927.5	4111.5	7350.5	5124	307.5	1352	138	136.5	3232.5	2698	261.5	45	2935	2243	371.5	1121.5	476	38144.5	1.907.225
ORTHO010423	P-loop containing nucleoside triphosphate hydrolases superfamily protein	AT3G02065	8026;42623;16887;17111;16462;16818;16817;16787;3824;3674;8152;8150;70035;4386;5524;35639;1901265;1901363;5488;97159;43168;43167;32559;30554;17076;166;36094;32555;32553;97367;32550;32549;1882;1883;5634;43231;43227;43226;5575;43229;44424;44464;5623;5622;9507;9536;44444;5737	5721	6613	4243.25	2765.5	7245.5	4404	1744	3218	2902.5	8231.5	4285.5	7207	2935.5	4616	5969	3976.5	3682	2724.5	4059	2092	3719.5	3609.5	4199	4060.5	77635.5	3.881.775
ORTHO007436	Mitochondrial ATP synthase D chain-related protein	AT2G38580	5737;44424;44464;5575;5623;5622;3674;8150;5829;44444	5722	4648	6542	7362	2982.5	3466.5	5859	6978.5	7899.5	7247	3526	5763	7031	8210.5	7667.5	7782	7777	4326.5	284	2326	6578.5	4970.5	3365	2850	103908	5195.4
ORTHO003832	TCP-1/cpn60 chaperonin family protein	AT3G11830	5524;35639;1901265;1901363;5488;3674;97159;43168;43167;32559;30554;17076;166;36094;32555;32553;97367;32550;32549;1882;1883;51082;5515;6457;9987;8150;5829;44444;44424;44464;5575;5623;5622;5737;46686;10038;10035;42221;50896	5723	3303	3177	631	2097	2097.5	5146.5	2985.5	6124	3135	5440	1954	7031	460.5	1404.5	2476	2923	1888	3032	2794.5	3089	1179	2757.5	64	55981.5	2.799.075
ORTHO010081	pfkB-like carbohydrate kinase family protein	AT1G66430	5524;35639;1901265;1901363;5488;3674;97159;43168;43167;32559;30554;17076;166;36094;32555;32553;97367;32550;32549;1882;1883;9570;9532;44435;44444;44424;44464;5575;5623;5622;5737;44446;44422;43226;43229;9536;43231;43227;44434;9507;4747;16773;16772;16740;3824;8152;8150;19200;16301;16310;6796;6793;44237;9987;46835;44262;5975;71704;44238;8865;4396;6014;19321;5996;44723;44710;44699;44281;19252;9250;33692;271;5976;43170;16051;1901576;9058;44711;9059;34637;44763;44249;44264;44260;34645;6073;44042;5982	5724	5835	6760	7796	2982.5	5744.5	5105.5	8875.5	6823.5	6498.5	7734.5	8132.5	6071.5	1800.5	5034.5	3976.5	5864.5	3949	6700.5	5606	753.5	6077	6194.5	6210	107152.5	5.357.625
ORTHO004897	Iron-sulphur cluster biosynthesis family protein	AT5G03905	51536;51540;5488;3674;5739;43231;43227;43226;5575;43229;44424;44464;5623;5622;44444;5737;5198;16226;9058;8152;8150;31163;22607;16043;71840;9987;44085;46872;43169;43167	5725	7017	7341	8957	6194	7780	6407	8619.5	4687.5	7441.5	8917	9089	1352	5770	766.5	5325.5	7733.5	6854.5	8886.5	1919	8850	8861	8993	8812	127065	6353.25
ORTHO007344	RNA polymerase II transcription mediators	AT5G20170	70847;90575;44798;44428;44446;44422;5575;43226;44424;44464;5623;5622;43229;5634;43231;43227;5667;43234;32991;44451;5654;31981;70013;43233;31974;16591;55029;428;30880;61695;1990234;1902494;16592;6357;6355;1903506;2001141;31326;9889;19222;50789;65007;8150;31323;50794;51252;19219;80090;51171;60255;10556;10468;2000112;1104;1076;989;988;3674;3712	5726	4756	6874.5	8023	2982.5	8030	9012.5	1912	8656.5	5454	4016	5327.5	8859	5549.5	841.5	3976.5	2851	7697.5	8694.5	9073.5	8264.5	799	1453	8812	109280	5464
ORTHO007792	zinc finger (CCCH-type) family protein / D111/G-patch domain-containing protein	AT2G24830	46872;43169;43167;5488;3674;8150;3676;1901363;97159;5634;43231;43227;43226;5575;43229;44424;44464;5623;5622;3677	5727	4653	5657	5587	2982.5	3270.5	1204	3268	2541	8168.5	8651	5741.5	3968.5	5840.5	1254.5	6712.5	5962.5	6683.5	2706	1632	6696	7259	3967	7453	92979.5	4.648.975
ORTHO006986	PLANT HOMOLOGOUS TO PARAFIBROMIN	AT3G22590	6355;1903506;2001141;31326;9889;19222;50789;65007;8150;31323;50794;51252;19219;80090;51171;60255;10556;10468;2000112;6368;6354;32774;9059;43170;71704;8152;1901576;9058;16070;44260;44237;9987;90304;6139;46483;6725;1901360;34641;6807;44238;34654;19438;44249;44271;18130;1901362;6351;34645;97659;10467;6366;5515;5488;3674;10228;3006;32502;22414;48608;48856;61458;48731;7275;44767;44699;44707;32501;9791;9911;48582;48580;2000026;50793;51239;51240;48518;51094;2000243;2000241;9909;48831;70860;120;44452;44428;44446;44422;5575;43226;44424;44464;5623;5622;43229;5634;43231;43227;5730;43232;43228;31981;70013;43233;31974;44798;5667;43234;32991;9908;90567;44702;48367;16593;8023;44451;5654;16591;55029;428;30880;61695;1990234;1902494;51568;34968;16571;6479;43414;32259;43412;8213;6464;36211;19538;44267;16570;16569;16568;6325;43933;16043;71840;51276;6996;1902589;44763;44710;18022;18205;18193	5728	5881	4005.75	2283.5	2982.5	6529	1184.5	6142.5	931	3396	2129.5	6728.5	1352	1800.5	5413.5	3976.5	261	3949	7042	3563	108.5	6182.5	6854	7028	74571.5	3.728.575
ORTHO001133_2	calcium ion binding	AT4G08810	16757;16740;3824;3674;8152;8150;42175;16020;5575;44464;5623;12505;5794;43231;43227;43226;43229;44424;5622;44444;5737;5509;46872;43169;43167;5488	5729	3922	3616	1503	2097	1500	7339	2545	8149.5	2353	2992.5	2729	1352	3815.5	2396.5	6712.5	3589	2199.5	3199	6148	3675	2433.5	3393.5	1735.5	68257.5	3.412.875
ORTHO005575	regulatory protein (NPR1)	AT1G64280;AT4G26120	1666;36293;70482;9628;50896;8150;6950;5515;5488;3674;9625;51707;43207;9605;9607;51704;9408;9266;2000022;9966;10646;50794;50789;65007;48583;23051;9862;9863;7165;51716;9987;7154;44763;44699;44700;23052;71446;71407;14070;10033;42221;71310;70887;9751;1101;1901700;71229;1901701;9627;9814;98542;6952;45087;6955;2376;9617;8219;16265;9682;42742;31348;31347;80134;48585;48519;5634;43231;43227;43226;5575;43229;44424;44464;5623;5622;10112;43900;45088;50776;2682;32101;2831;16567;32446;70647;6464;36211;19538;43170;71704;8152;44238;43412;44267;44260;44237;50832;9620;9626;34050;12501;33554;9611;5737;45893;10628;10604;9893;48518;19222;60255;10468;1903508;1903506;2001141;31326;9889;31323;51252;19219;80090;51171;10556;1902680;51254;45935;31325;48522;51173;31328;9891;10557;6355;2000112;2000031;10200;10243;9719;1901698	5730	5359	4587	3444	6358.5	2720	4341	3576	2868	6934	4317	6494	5195	1800.5	3265	3976.5	4346.5	7181.5	4263.5	6064.5	1500	4423	4014.5	4413.5	81694	4084.7
ORTHO008599	cytochrome B5-like protein	AT1G60660	46872;43169;43167;5488;3674;20037;46906;1901363;97159;5739;43231;43227;43226;5575;43229;44424;44464;5623;5622;44444;5737;16021;31224;44425;16020	5731	7741	6457	7183	6664	6898	4118.5	4964	6379.5	4042.5	6543	7280	5467.5	906.5	3047.5	5325.5	4761	2199.5	5851	8214	6180.5	4873	7335	8258.5	102645	5132.25
ORTHO005343	Late embryogenesis abundant protein (LEA) family protein	AT1G52690;AT3G15670	5829;44444;44424;44464;5575;5623;5622;5737;9793;44702;22414;8150;44699;3006;32502;9790;44767;48856;7275;44707;32501;48316;48608;61458;48731;9791;10154;3674;5634;43231;43227;43226;43229	5732	8966	7004.5	8277	8984.5	7169.5	8843	3218	5355.5	5910.5	7999	8888.5	4398	401	5661	8737.5	8711.5	398	8625.5	6197.5	2011	3111.5	7404.5	9007.5	112048.5	5.602.425
ORTHO007854	NAD(P)-binding Rossmann-fold superfamily protein	AT5G18660	9534;31976;9579;44424;44464;5575;5623;5622;31984;44446;44422;43226;43229;43227;44435;44444;5737;9536;43231;44434;9507;15995;6779;51188;51186;44237;8152;8150;9987;44249;9058;6778;33013;46483;6725;1901360;71704;1901564;6807;33014;19438;44271;34641;18130;1901362;1901576;1901566;46148;42440;44710;44699;44711;44763;15994;16020;9941;9526;31967;31975;33728;16628;16627;16491;3824;3674;55114;5739;51744	5733	4769	4216	2699	2982.5	6850	4457	6428.5	6943.5	4585.5	2402	2197	1352	3283.5	4705.5	6712.5	1155.5	2199.5	2168	4956.5	5988	2213.5	2794.5	5957	77349.5	3.867.475
ORTHO008956	thylakoid lumen 18.3 kDa protein	AT1G54780	9507;9536;43231;43227;43226;5575;43229;44424;44464;5623;5622;44444;5737;9535;55035;42651;34357;16020;44436;9579;44435;44446;44422;31976;31984;44434;9534;9543;31978;31977;10206;30091;44267;19538;43170;71704;8152;8150;44238;44260;44237;9987;9765;6091;19684;15979;16021;31224;44425;3993;16791;42578;16788;16787;3824;3674;16311;6796;6793	5734	3725	3855	1976	4356	8240.5	5887	2796	5355.5	8319	5788.5	4309	3070	3815.5	1758.5	6712.5	3200.5	1669.5	490.5	2185	864.5	2433.5	3945	1546.5	72387	3619.35
ORTHO006103	tetratricopeptide repeat (TPR)-containing protein	AT3G18730	16020;5575;5654;44428;44446;44422;43226;44424;44464;5623;5622;43229;5634;43231;43227;31981;70013;43233;31974;5515;5488;3674;16568;6325;43933;16043;71840;8150;9987;51276;6996;9934;48509;2000026;50793;50789;65007;51239;22603;86;44839;44770;22402;44763;44699;7049;44772;1903047;278;51301;9933;48532;44767;32502;9653;48856;48507;9888;48513;48731;7275;44707;32501	5735	3254	6509	7283	4356	2170	6820.5	3065	6823.5	1003.5	3269.5	5372	1352	5445	960	6712.5	7469	7408	8625.5	4473	8350.5	8695.5	8853.5	6379.5	103248	5162.4
ORTHO009927	Chaperone DnaJ-domain superfamily protein	AT1G61770	5789;98588;31090;16020;5575;44422;43226;43227;44432;44444;44424;44464;5623;5622;5737;44446;43229;5783;43231;12505;44425;42175;6457;9987;8150;16021;31224	5736	5735	5774	5812	2982.5	7278	4948.5	6264	800	985.5	8095	3108	1352	2711.5	5413.5	3976.5	6648.5	4887	7281	6064.5	7636	6077	3997.5	6732.5	94256.5	4.712.825
ORTHO004255	Low temperature and salt responsive protein family	AT4G28088;AT4G30660	16021;31224;44425;5575;16020;8150;9409;9266;9628;50896;6950;42538;9651;6970;6972	5737	6287	3793.5	1850	5346	7633.5	4835.5	6264	5619	6259.5	6173.5	6055	4281	1321.5	3721.5	2080.5	3097.5	663.5	368.5	4297.5	3417.5	1045	3322	988.5	71444.5	3.572.225
ORTHO007671	transducin family protein / WD-40 repeat family protein	AT1G73720	8380;6396;16070;44260;43170;71704;8152;8150;44237;9987;90304;6139;46483;6725;1901360;34641;6807;44238;10467;5634;43231;43227;43226;5575;43229;44424;44464;5623;5622;166;36094;5488;3674;1901265;1901363;97159;80008;31461;151;1990234;1902494;43234;32991	5738	6253	6306.5	6875	7245.5	5665.5	3513	5957	6823.5	2425	2129.5	8107.5	8306	1375.5	4233.5	3976.5	5864.5	3949	7042	7871	6180.5	5789.5	4927.5	6379.5	100516	5025.8
ORTHO005806	tocopherol cyclase; chloroplast / vitamin E deficient 1 (VTE1) / sucrose export defective 1 (SXD1)	AT4G32770	10287;44434;44435;44444;44424;44464;5575;5623;5622;5737;44446;44422;43226;43229;9536;43231;43227;9507;9570;9532;9534;31976;9579;31984;9941;9526;31967;31975;9915;15770;15766;15772;8643;44765;6810;51234;51179;8150;1902578;44699;71702;10233;10232;44707;32501;9976;9975;3824;3674;8152;9266;9628;50896;9706;9528;19866;31090;16020;42170;31969;16853;6631;44255;6629;71704;44710;44238;44763;9987;44237;32787;19752;43436;6082;44281;9644;9642;9416;9314;31347;80134;48583;50789;65007;10189;1901617;1901615;1901576;9058;18130;46483;44249;42360;1901360;6775;6766;1901362;42362;9110;44283;44711;16122;16116;16108;6721;6720;15994;6778;51186;33013;6725;1901564;6807;6979;6950	5739	4005	5263	4787	2097	8728	6716.5	3778	3291	5792	1810	6929	7743	5613	1184.5	6712.5	8300	7295.5	2078.5	2794.5	1379.5	2433.5	1828	4541	88948	4447.4
ORTHO003926	S-adenosyl-L-methionine-dependent methyltransferases superfamily protein	AT1G24480;AT4G24805	5576;5575;8168;16741;16740;3824;3674;8152;8150;32259	5740	8387	6252	6764	7662	6227.5	6724	7935.5	5484	3651	6912.5	4467	3033.5	906.5	2396.5	8358	6298	663.5	6897.5	4297.5	6908	3609.5	7156	7860.5	99786.5	4.989.325
ORTHO006014	decoy	AT1G14620	5739;43231;43227;43226;5575;43229;44424;44464;5623;5622;44444;5737;8150	5741	6611	5356	4971	7245.5	3663	7744.5	5568.5	5994	502	2809.5	3912.5	8094	2711.5	3936.5	3976.5	5685	2558	2233.5	8632.5	7254	5059	4116	5433.5	89884	4494.2
ORTHO002481	CONTAINS InterPro DOMAIN/s: Galactose oxidase/kelch; beta-propeller (InterPro:IPR011043); Kelch repeat type 1 (InterPro:IPR006652); Development/cell death domain (InterPro:IPR013989); Kelch related (InterPro:IPR013089); Kelch-type beta propeller (InterPro:IPR015915)	AT5G01660	4842;19787;16740;3824;3674;8152;8150;16567;32446;70647;6464;36211;19538;43170;71704;44238;43412;44267;44260;44237;9987;31463;31461;151;1990234;1902494;43234;32991;5575;44424;44464;5623;5622	5742	7188	6735	7728	7947.5	8484	3863.5	6741	4387	2945.5	5016	7602.5	8094	2711.5	4124.5	5325.5	5764.5	8204.5	2160.5	8905.5	2913.5	5376	8070	5913	106602.5	5.330.125
ORTHO008438	PLC-like phosphodiesterases superfamily protein	AT1G71340	6629;71704;8152;8150;44710;44699;44238;8889;8081;42578;16788;16787;3824;3674;5886;16020;5575;44464;5623;71944;6071;19400;44723;5975;44262;44237;9987;19751;6066;1901615;44281;44763;16021;31224;44425	5743	3465	3234	725	4356	3406.5	162.5	121	3057.5	8934.5	1312.5	6494	3022.5	4523.5	3265	6712.5	1697.5	7219.5	1807.5	2570	1257.5	553.5	330.5	1371.5	57819.5	2.890.975
ORTHO009701	PsbP-like protein 2	AT2G39470	9535;55035;42651;34357;16020;5575;44436;44424;44464;5623;5622;9579;44435;44444;5737;44446;44422;43226;43229;9536;43231;43227;31976;31984;44434;9507;9534;9543;31978;31977;30095;98807;98796;43234;32991;44425;9523;9521;9654;1990204;1902494;5509;46872;43169;43167;5488;3674;6810;51234;51179;8150;19898	5744	7541	6272	6800	8259	6898	8251	2796	5355.5	5092	7382.5	8397	3235	2711.5	3265	5325.5	4761	2199.5	5851	5400	6180.5	4308.5	7335	5222.5	99967	4998.35
ORTHO007941	Protein kinase superfamily protein	AT1G54820	6468;16310;6796;6793;44237;8152;8150;9987;6464;36211;19538;43170;71704;44238;43412;44267;44260;4672;16301;16772;16740;3824;3674;16773;5886;16020;5575;44464;5623;71944	5745	4886	7161.5	8578	2982.5	390.5	5661.5	1912	8676	3464	3989.5	5295.5	8859	5500	766.5	6712.5	7469	7408	8673	7692.5	8350.5	8706	8853.5	8863.5	117243	5862.15
ORTHO007883	sterol carrier protein 2	AT5G42890	5777;42579;43231;43227;43226;5575;43229;44424;44464;5623;5622;44444;5737;6635;9062;44242;16042;44712;9056;8152;8150;44710;44699;6629;71704;44238;1901575;44255;44763;9987;44237;44248;72329;46395;16054;44282;44281;6082;19752;43436;32787;6631;19395;34440;30258;55114;32365;6869;44765;6810;51234;51179;1902578;71702;10876;33036;1902582;46907;51649;51641;9735;9725;9719;50896;10033;42221;46487;6081;9845;44707;32501;90351;9791;44767;32502;7275;9507;9536;32934;43178;36094;5488;3674;5496;97159;8289	5746	5532	6970.5	8195	2982.5	801	8911	8726.5	8766	6573.5	319	9070	8898	5465	766.5	3976.5	1450	7659.5	8806.5	1208	3084	9043	8737	8909.5	111170.5	5.558.525
ORTHO008832	RNA methyltransferase family protein	AT3G21300	5739;43231;43227;43226;5575;43229;44424;44464;5623;5622;44444;5737;9793;44702;22414;8150;44699;3006;32502;9790;44767;48856;7275;44707;32501;48316;48608;61458;48731;9791;10154;6419;6418;43039;6399;34660;16070;44260;43170;71704;8152;44237;9987;90304;6139;46483;6725;1901360;34641;6807;44238;43038;6520;1901564;19752;43436;6082;44281;44710;44763;6412;43043;43604;43603;44271;44249;9058;6518;1901566;1901576;44267;19538;34645;9059;10467;9570;9532;44435;44446;44422;9536;44434;9507;6400;9451;43412;8033;34470;6396;16597;31406;43177;36094;5488;3674;43168;43167;16020;4813;4812;16876;16875;16874;3824;49;3723;3676;1901363;97159	5747	3637	6916	8085	4356	7977	2155	1912	800	5463	8404	8362	1352	7387.5	7461.5	7782	693.5	5824	7901.5	8873	7786.5	7683.5	7868.5	4291.5	109978	5498.9
ORTHO006654	RWP-RK domain-containing protein	AT1G74480	6355;1903506;2001141;31326;9889;19222;50789;65007;8150;31323;50794;51252;19219;80090;51171;60255;10556;10468;2000112;5634;43231;43227;43226;5575;43229;44424;44464;5623;5622;3677;3676;1901363;5488;3674;97159;6351;34645;44260;43170;71704;8152;44237;9987;9059;1901576;9058;44249;97659;32774;16070;90304;6139;46483;6725;1901360;34641;6807;44238;34654;19438;44271;18130;1901362;10467;3700;1071	5748	8600	6047.5	6347	8940	4865.5	1744	8233.5	6493	7012	3971	8702.5	3212	6247	6969.5	5325.5	793	6029.5	8228.5	606	2420.5	7061.5	4603.5	4678.5	97196.5	4.859.825
ORTHO002587	lysyl-tRNA synthetase 1	AT3G11710	5524;35639;1901265;1901363;5488;3674;97159;43168;43167;32559;30554;17076;166;36094;32555;32553;97367;32550;32549;1882;1883;3676;6430;6418;43039;6399;34660;16070;44260;43170;71704;8152;8150;44237;9987;90304;6139;46483;6725;1901360;34641;6807;44238;43038;6520;1901564;19752;43436;6082;44281;44710;44699;44763;6412;43043;43604;43603;44271;44249;9058;6518;1901566;1901576;44267;19538;34645;9059;10467;4824;4812;16876;16875;16874;3824;3677;46872;43169;9506;5911;30054;5575;55044;5737;44424;44464;5623;5622;5829;44444	5749	6076	4747	3745	5552	3938.5	6922.5	3381	7046.5	8319	4338	7730.5	2812.5	3444.5	1481.5	5325.5	3081.5	5824	3421.5	3508	3511.5	2608	3339	3238	83271.5	4.163.575
ORTHO006091	alpha/beta-Hydrolases superfamily protein	AT4G12230	3824;3674;8152;8150;5737;44424;44464;5575;5623;5622;16787	5750	3955	5885.5	6021	2097	3557.5	1068	1780.5	1839.5	6223	8450	3034.5	3968.5	7536	7461.5	7782	7091.5	5626	368.5	662	8153	7637.5	8593.5	4541	95374	4768.7
ORTHO004937	signal recognition particle 19 kDa protein; putative / SRP19; putative	AT1G48160	6614;6613;6612;6605;6886;15031;45184;51234;51179;8150;8104;33036;71702;6810;46907;51649;51641;34613;70727;1902582;44765;1902578;44699;90150;72657;44802;61024;16043;71840;9987;44763;1902580;45047;16482;72599;72594;33365;70972;5786;48500;30529;32991;5575;44424;44464;5623;5622;44444;5737;8312;3723;3676;1901363;5488;3674;97159	5751	6412	5835	5919	5748	5516	6258.5	5439.5	2465.5	8319	2809.5	4566	7743	2711.5	3721.5	5325.5	8618.5	3121	5347.5	2635.5	4946	5059	5021	5222.5	94846.5	4.742.325
ORTHO009105	unknown protein	AT5G58920	3674;8150;5575	5752	6273	6613	7474	5651.5	1500	8162.5	5698.5	6823.5	7620	3366.5	7162	8094	3374	4462	3976.5	5194	3580	6056.5	7408.5	5637	5603	5407	5601	104726.5	5.236.325
ORTHO006899	phosphate transporter 3	AT2G17270	5739;43231;43227;43226;5575;43229;44424;44464;5623;5622;44444;5737;6810;51234;51179;8150;5743;19866;31090;16020;44422;31967;31975;44446;31966;44429;5740;9651;6970;9628;50896;6950;16021;31224;44425	5753	6843	6473.5	7194	7662	7324.5	3628.5	8181.5	4323	3017.5	7199	8026.5	8094	2711.5	3936.5	5325.5	901	3121	5851	7194	7052	5603	5407	5806	102703	5135.15
ORTHO003878	VEFS-Box of polycomb protein	AT5G51230	3677;3676;1901363;5488;3674;97159;5634;43231;43227;43226;5575;43229;44424;44464;5623;5622;6355;1903506;2001141;31326;9889;19222;50789;65007;8150;31323;50794;51252;19219;80090;51171;60255;10556;10468;2000112;9908;90567;48608;3006;32502;22414;48856;61458;48731;7275;44767;44699;44707;32501;44702;9791;48367;6351;34645;44260;43170;71704;8152;44237;9987;9059;1901576;9058;44249;97659;32774;16070;90304;6139;46483;6725;1901360;34641;6807;44238;34654;19438;44271;18130;1901362;10467;5515;6349;40029;71514;30154;48869;44763;46872;43169;43167;3700;1071;9910;48581;48580;2000026;50793;51239;51241;48519;51093;2000242;2000241;9909;48831	5754	6998	6127.5	6501	6194	4890.5	7665	7762	6493	7441.5	6173.5	4566	7121	2711.5	2702.5	5325.5	4191.5	2558	5027.5	4012.5	5265	3374.5	6413.5	4484	98178.5	4.908.925
ORTHO000972	aminopeptidase M1	AT4G33090	31090;16020;5575;44422;43226;43227;8270;46914;46872;43169;43167;5488;3674;43171;6518;43603;34641;6807;8152;8150;44237;9987;1901564;71704;1901565;1901575;9056;44248;42277;33218;5829;44444;44424;44464;5623;5622;5737;9926;60918;9914;10817;65008;65007;44765;6810;51234;51179;1902578;44699;5783;43231;43229;12505;6508;19538;43170;44238;5886;71944;70006;4177;8238;70011;8233;16787;3824;8235;8237;5634;10013;33293;31406;43177;36094;43168;8144	5755	5380	6710.5	7666	6358.5	6529	2881	6142.5	7183.5	5255	6763.5	3218	6617.5	310.5	5254.5	3976.5	6409	3949	7042	6860	7386	6266	6854	7190.5	106088	5304.4
ORTHO006299	unknown protein	AT3G51010	8150;9507;9536;43231;43227;43226;5575;43229;44424;44464;5623;5622;44444;5737;5739;3674	5756	6344	6313	6870	5651.5	8152	5048.5	6573	7325.5	8934.5	4046	8339.5	3808.5	8210.5	4842.5	3976.5	1780.5	4982.5	1748	8397.5	5637	1910	1337.5	5433.5	100483.5	5.024.175
ORTHO004544	golgin candidate 6	AT3G27530	5795;98791;44431;44444;44424;44464;5575;5623;5622;5737;44446;44422;43226;43229;5794;43231;43227;12505;31984;5829;5634;32527;6886;15031;45184;51234;51179;8150;8104;33036;71702;6810;46907;51649;51641;34613;70727;1902582;44765;1902578;44699;16482;48193;16192;9791;44767;32502;44707;32501;7275	5757	6036	5183	4609	6664	214	3025	6142.5	5028	3425.5	1483.5	2255.5	3650.5	1800.5	5034.5	5325.5	6409	3949	7042	8214	7386	6077	4843.5	6553	87858.5	4.392.925
ORTHO006551	transducin family protein / WD-40 repeat family protein	AT5G10940	5886;16020;5575;44464;5623;71944;8150;80008;31461;151;1990234;1902494;43234;32991;44424;5622;5737;5634;43231;43227;43226;43229;5829;44444;166;36094;5488;3674;1901265;1901363;97159;9506;5911;30054;55044;5515	5758	4032	2905	52	5196	2385.5	5614.5	3971	4045.5	6756.5	865	147	3684	138	136.5	1239.5	276	867.5	53	1268.5	98.5	236.5	210.5	65	32058.5	1.602.925
ORTHO009952	Galactose oxidase/kelch repeat superfamily protein	AT4G03030	9507;9536;43231;43227;43226;5575;43229;44424;44464;5623;5622;44444;5737;16567;32446;70647;6464;36211;19538;43170;71704;8152;8150;44238;43412;44267;44260;44237;9987;4842;19787;16740;3824;3674;31463;31461;151;1990234;1902494;43234;32991	5759	5885	6254	6749	2982.5	7278	2703	2250	7183.5	3055	7999	6717.5	6731.5	1800.5	5413.5	3976.5	6648.5	3949	7042	8397.5	67	6182.5	5541.5	6732.5	99668.5	4.983.425
ORTHO001146_2	ferrochelatase 2	AT2G30390	4325;16829;3824;3674;8152;8150;9507;9536;43231;43227;43226;5575;43229;44424;44464;5623;5622;44444;5737;6783;6779;51188;51186;44237;9987;44249;9058;6778;33013;46483;6725;1901360;71704;1901564;6807;33014;19438;44271;34641;18130;1901362;1901576;1901566;42168;42440;44710;44699;44763;46148;44711;5739	5760	5447	5916.5	6073	2982.5	2005.5	3513	5957	6943.5	3099	7734.5	3422.5	3591.5	1800.5	4705.5	3976.5	5864.5	3949	7042	7871	6180.5	5924	6040	6057.5	95677.5	4.783.875
ORTHO010135	cytochrome P450; family 722; subfamily A; polypeptide 1	AT1G19630	16705;16491;3824;3674;8152;8150;55114;44710;44699;19825;5488;5576;5575;4497;5506;46914;46872;43169;43167;20037;46906;1901363;97159	5761	8502	6532	7303	8471	6382	7698.5	7935.5	5754	2524.5	7040	4351.5	5338.5	906.5	2163.5	8358	6549	663.5	7281	3659	7386	4067	7335	7997	103390	5169.5
ORTHO008083	oxoprolinase 1	AT5G37830	5829;44444;44424;44464;5575;5623;5622;5737;6751;43171;6518;43603;34641;6807;8152;8150;44237;9987;1901564;71704;1901565;1901575;9056;44248;44273;6790;6749;6575;42219;17168;16812;16810;16787;3824;3674;9506;5911;30054;55044;5524;35639;1901265;1901363;5488;97159;43168;43167;32559;30554;17076;166;36094;32555;32553;97367;32550;32549;1882;1883	5762	4170	3718.5	1675	5196	2629	2627.5	6864	1234	7584	2402	1915.5	4617.5	3815.5	6243.5	2914	3053.5	5944.5	3199	5447	3296.5	1827.5	3072.5	1009	69696	3484.8
ORTHO007993	Protein of unknown function (DUF3223)	AT3G46630	9507;9536;43231;43227;43226;5575;43229;44424;44464;5623;5622;44444;5737;48038;48037;5488;3674;5507;46914;46872;43169;43167;9308;1901564;71704;8152;8150;6807	5763	5450	5930	6097	2982.5	6529	2881	6142.5	3957.5	1409.5	1483.5	3218	6617.5	1800.5	5034.5	3976.5	6409	3949	7042	8320	7386	6266	6854	6553	95829	4791.45
ORTHO009046	Transducin family protein / WD-40 repeat family protein	AT4G01860	80008;31461;151;1990234;1902494;43234;32991;5575;44424;44464;5623;5622;166;36094;5488;3674;1901265;1901363;97159;5737;8150	5764	3765	5843	5922	4356	1658.5	2791.5	2392	4507	1604.5	2653	8795.5	3793	6764.5	7017.5	7782	793	5101.5	5502	8214	6578.5	7183	8026.5	3721	94878.5	4.743.925
ORTHO007590	unknown protein	AT3G12150	3674;5576;5575	5765	3495	4497.5	3230	2097	9143	288.5	3903.5	4953	8535.5	5317.5	367.5	1352	8627	7349.5	7782	562	8478	2676	2534.5	1528	1827.5	1361	3920	80506	4025.3
ORTHO009343	CONTAINS InterPro DOMAIN/s: Kinase phosphorylation domain (InterPro:IPR019315)	AT3G52220	8150;3674;5634;43231;43227;43226;5575;43229;44424;44464;5623;5622	5766	6399	6513	7260	7245.5	6149	3960	5698.5	6823.5	5938	7382.5	3686.5	8094	2711.5	4124.5	3976.5	5685	3580	6109.5	7408.5	5637	5603	4723.5	5806	103097	5154.85
ORTHO006128	Coiled-coil domain-containing protein 55 (DUF2040)	AT2G27285	5634;43231;43227;43226;5575;43229;44424;44464;5623;5622	5767	3974	3418	1069	2097	1089	5130.5	2071	1133	1926.5	6763.5	1198.5	5338.5	3815.5	3265	6712.5	2074	3121	3944	3976	4833.5	2433.5	2079	2439.5	63344	3167.2
ORTHO003769	mitochondrial acyl carrier protein 2	AT1G65290	46872;43169;43167;5488;3674;6633;72330;46394;16053;6082;71704;8152;8150;44281;44710;44699;44763;9987;44237;44283;44711;9058;1901576;44249;19752;43436;32787;6631;44255;6629;44238;8610;5759;44429;44444;44424;44464;5575;5623;5622;5737;44446;44422;43226;43229;5739;43231;43227;70013;43233;31974;55114;5515;36;44620;51192;48037;70469;44425;16020;50897;46914	5768	5774	4474.5	3181	6534	2239.5	5105.5	5121.5	2202	5741	5973.5	3912.5	5740	1800.5	3936.5	6712.5	25	3121	5502	5126.5	5265	4525.5	3100.5	5041.5	80192	4009.6
ORTHO001453	Ribosomal protein S19e family protein	AT3G02080;AT5G15520;AT5G61170	5618;30312;44464;5575;5623;71944;22626;44445;44444;44424;5622;5737;5829;5840;30529;32991;43232;43228;43226;43229;3735;5198;3674;9506;5911;30054;55044;6412;43043;43604;43603;34641;6807;8152;8150;44237;9987;44271;44249;9058;6518;1901564;71704;1901566;1901576;44267;19538;43170;44238;44260;34645;9059;10467;28;22618;71826;43933;16043;71840;34622;65003;22607;44085;22613;42255;70925;6996;42254;42274;22627;15935;44391;44446;44422;5634;43231;43227;44822;3723;3676;1901363;5488;97159;16020;5730;44428;31981;70013;43233;31974;5773	5769	8883	6701.75	7634.5	8950.5	7207	4758.5	7409.5	6943.5	6288	5788.5	6844	4677	590	2910	8804.5	6208.5	1017	8281	7986	4833.5	3111.5	4381	7721.5	105760.5	5.288.025
ORTHO004027	Encodes the Arabidopsis homolog of a conserved eukaryotic protein without known functional domains.  The protein that localizes to nuclear speckles and colocalizes with known splicing proteins.	AT1G03910	6397;16071;16070;44260;43170;71704;8152;8150;44237;9987;90304;6139;46483;6725;1901360;34641;6807;44238;6396;10467;5515;5488;3674;16607;16604;44451;44428;44446;44422;5575;43226;44424;44464;5623;5622;43229;5634;43231;43227;5654;31981;70013;43233;31974;9793;44702;22414;44699;3006;32502;9790;44767;48856;7275;44707;32501;48316;48608;61458;48731;9791;10154;8380;5681;30529;32991	5770	7880	5377	4984	8202.5	7444.5	3628.5	7762	4645.5	7620	6343	8522.5	2962.5	906.5	1910.5	8358	831.5	523.5	2324.5	5781.5	2650	3222.5	6854	7656.5	89947.5	4.497.375
ORTHO007353	spindle pole body component 98	AT5G06680	5938;44444;44424;44464;5575;5623;5622;5737;71944;7126;280;48285;6996;16043;71840;8150;9987;1903046;22402;44763;44699;7049;51321;3;1902589;8275;930;44450;44430;44446;44422;43226;43229;5856;43232;43228;5815;15630;43234;32991;15631;8092;5515;5488;3674;5874;5819;90063;10968;31113;32271;43254;44087;50789;65007;51128;50794;31110;70507;51493;33043;32886;31116;32273;31334;51130;48522;48518;44089;31112;51495;10638;55028;44448;5881;30981;30863;9898;44459;44425;16020;5886;98562;98552;5200;5198;5816;922;7020;226;7010;7017;46785;31109;51258;43623;6461;65003;43933;22607;44085;71822;70271;34622;5635;44428;5634;43231;43227;31967;31975;12505;5813;51298;51297;31023;7098;51415;51418;31122;51011;8017;32403;44877;90307;7052;7051;1903047;278;1902850;7067;51225;70925;43015;9624;51707;43207;9605;50896;9607;51704;923;32155;32153	5771	4107	4064	2357	5284	4827.5	2881	6652	4705.5	3350	5423	3108	4492.5	3497	6092	2914	3010.5	5944.5	3691	5277	3185.5	1695	3299.5	885.5	74931	3746.55
ORTHO000434	serine carboxypeptidase-like 45	AT1G28110;AT2G33530	9506;5911;30054;5575;55044;4185;4180;8238;70011;8233;16787;3824;3674;8152;8150;6508;19538;43170;71704;44238;70008;8236;17171;5576;9505;5618;30312;44464;5623;71944	5772	8331	7186	8600	8471	8897	8616.5	7588.5	4865	8647.5	8487.5	7191	4955.5	6206.5	6590.5	6712.5	5329.5	867.5	3097.5	4392	5265	4471.5	6709	8974	117864	5893.2
ORTHO006334	ATPase family associated with various cellular activities (AAA)	AT5G27740	5634;43231;43227;43226;5575;43229;44424;44464;5623;5622;9793;44702;22414;8150;44699;3006;32502;9790;44767;48856;7275;44707;32501;48316;48608;61458;48731;9791;10154;3689;33170;8094;42623;16887;17111;16462;16818;16817;16787;3824;3674;8152;3677;3676;1901363;5488;97159;6281;6259;44260;43170;71704;44237;9987;90304;6139;46483;6725;1901360;34641;6807;44238;6974;33554;51716;50896;6950;44763;44710;5663;44427;44446;44422;5694;43232;43228;43234;32991;5657	5773	6752	4703.5	3634	5748	4598.5	3224.5	2876.5	5994	3751	6173.5	5572	3116.5	2711.5	2702.5	5325.5	4054.5	2558	4441	7576.5	4226.5	4423	4668	4678.5	82672	4133.6
ORTHO005040	SAC3/GANP/Nin1/mts3/eIF-3 p25 family	AT3G06290	34399;44428;44446;44422;5575;43226;44424;44464;5623;5622;43229;5634;43231;43227;31981;70013;43233;31974;3674;8150	5774	5867	4473	3172	5552	9157.5	6430	2044	4323	7916.5	7040	5931	3325.5	3283.5	3521.5	8358	4464.5	1180.5	257	2805.5	1830	2541	1306.5	4413.5	80129	4006.45
ORTHO007302	DNA polymerase alpha 2	AT1G67630	71897;6259;44260;43170;71704;8152;8150;44237;9987;90304;6139;46483;6725;1901360;34641;6807;44238;34645;9059;1901576;9058;44249;34654;19438;44271;18130;1901362;5739;43231;43227;43226;5575;43229;44424;44464;5623;5622;44444;5737;3887;34061;16779;16772;16740;3824;3674;5634	5775	4115	7241.5	8708	2375	7677.5	3327	7192	8149.5	2257.5	8232.5	2197	1352	6971	7195	7782	6027	5368	7281	8632.5	7254	7332.5	7868.5	8062	120158.5	6.007.925
ORTHO007057	Membrane trafficking VPS53 family protein	AT1G50500;AT1G50970	5515;5488;3674;5215;6810;51234;51179;8150;10008;98588;31090;16020;5575;44422;43226;43227;44440;44444;44424;44464;5623;5622;5737;44446;43229;5768;43231;12505;98805;139;44431;5794;6890;48193;1902582;46907;51649;51641;44765;1902578;44699;16192;9408;9266;9628;50896;6950;938;43234;32991;44433;31410;31982;16023;31988;42147;16197;6970;10286;7009;44802;61024;16043;71840;9987;44763;10256;5739;5886;71944;15031;45184;8104;33036;71702	5776	5368	5743.5	5711	2982.5	9143	2414	3778	2592	8535.5	4827	7179.5	1352	8660.5	5413.5	3976.5	8542.5	7846	2469	2880.5	188	7109	2536	4174.5	93617	4680.85
ORTHO003987	pre-mRNA splicing factor-related	AT4G03430	80188;6306;43414;44260;43170;71704;8152;8150;44237;9987;32259;43412;6305;6304;6259;90304;6139;46483;6725;1901360;34641;6807;44238;44728;40029;10468;60255;19222;50789;65007;31047;16458;10629;10605;9892;48519;44763;44699;44710;5681;44428;44446;44422;5575;43226;44424;44464;5623;5622;43229;5634;43231;43227;30529;32991;9845;44707;32501;90351;9791;44767;32502;7275;2000636;2000634;1903798;60964;60147;60968;50794;60966;70920;48583;51252;19219;80090;51171;31323;1903800;51254;45935;31325;9893;48518;48522;51173;10604;10628;48584;2000637;60148;244;387;22618;71826;43933;16043;71840;34622;65003;22607;44085;22613;398;6397;16071;16070;6396;10467;377;375;8380;5515;5488;3674;15030;16604;44451;5654;31981;70013;43233;31974;9409;9266;9628;50896;6950;46540;97526;97525;30532;71013;2000630;2000628	5777	4639	7071	8365	5938.5	6679.5	3129.5	7084	2301	2891.5	3526	4162.5	3875.5	8210.5	7885	7782	7137.5	5452.5	4914	7647	7925	7683.5	7729.5	7376.5	113392.5	5.669.625
ORTHO000290_3	long-chain acyl-CoA synthetase 2	AT1G49430	10025;9058;8152;8150;10166;50832;98542;6952;6950;50896;51707;43207;9605;9607;51704;9620;6631;44255;6629;71704;44710;44699;44238;44763;9987;44237;32787;19752;43436;6082;44281;5524;35639;1901265;1901363;5488;3674;97159;43168;43167;32559;30554;17076;166;36094;32555;32553;97367;32550;32549;1882;1883;5783;43231;43227;43226;5575;43229;44424;44464;5623;5622;44444;5737;12505;6633;72330;46394;16053;44283;44711;1901576;44249;8610;31957;15645;16877;16874;3824;4467;1676;9506;5911;30054;55044;10143;9059;43170;5634;10311;9791;44767;32502;44707;32501;7275;48645;48646;9653;48856;9887;48513;48731;10102;10101;10015;48364;22622;9886;48528;48569;48527	5778	5847	6292	6806	6534	7241	8162.5	2545	4953	6524	7040	3686.5	5740	1800.5	4233.5	3976.5	5108	3121	6531	7299	5422.5	5603	5407	5601	99995	4999.75
ORTHO005451	chorismate mutase 2	AT5G10870	9073;9072;6725;44237;8152;8150;9987;1901360;71704;6520;1901564;6807;19752;43436;6082;44281;44710;44699;44763;44238;19438;44249;9058;1901362;1901576;8652;46394;16053;44283;44711;1901566;4106;16866;16853;3824;3674;5829;44444;44424;44464;5575;5623;5622;5737;9507;9536;43231;43227;43226;43229	5779	4888	7251	8723	2982.5	1777	3129.5	2684	8541.5	4302.5	8871	8085	3882.5	8210.5	7939.5	7782	7137.5	4595	7950	7871	4946	7683.5	7729.5	7376.5	120494	6024.7
ORTHO008533	TRAM; LAG1 and CLN8 (TLC) lipid-sensing domain containing protein	AT4G10360	16021;31224;44425;5575;16020;3674;8150	5780	8146	4277.5	2775	8300.5	6227.5	3327	4734	5484	4133	6912.5	3808	3033.5	1184.5	2396.5	5325.5	1703	663.5	5027.5	7408.5	6908	961.5	678.5	7768	77684.5	3.884.225
ORTHO008799	copper ion binding	AT2G21870	9507;9536;43231;43227;43226;5575;43229;44424;44464;5623;5622;44444;5737;5753;98800;98796;43234;32991;44425;16020;98798;44429;44446;44422;5739;44455;31966;31090;5740;31967;31975;5743;19866;45259;16469;5730;44428;5634;43232;43228;31981;70013;43233;31974;5507;46914;46872;43169;43167;5488;3674;50897;45263;33177;9555;48229;7275;44767;32502;8150;44699;44707;32501;48856;8270;15992;15672;6812;6811;44765;6810;51234;51179;1902578;6818	5781	3595	5924.5	6068	4356	1729.5	3960	7084	7691.5	1876	3526	367.5	6513.5	6764.5	7017.5	7782	5685	4887	5502	8214	1227	6859.5	5407	3565	95658.5	4.782.925
ORTHO001974_1	Outer membrane OMP85 family protein	AT3G44160;AT5G61930	9707;9527;31968;31090;16020;5575;44422;43226;43227;19867;44424;44464;5623;5622;98805;31967;31975;44446;43229;98588;42170;44435;44444;5737;9536;43231;9526;31969;44434;9507;9941;55085;44763;9987;8150;44699;44765;6810;51234;51179;1902578;15267;22803;22857;5215;3674;5739;3723;3676;1901363;5488;97159	5782	4944	3911	2040	2982.5	4827.5	4341	2647.5	1545.5	6551	5836	4018.5	3433.5	1800.5	3521.5	6712.5	4610.5	2724.5	3119	5852	864.5	2213.5	3349.5	4898	72866.5	3.643.325
ORTHO006772	Haloacid dehalogenase-like hydrolase (HAD) superfamily protein	AT3G29760	5634;43231;43227;43226;5575;43229;44424;44464;5623;5622;3674;8150	5783	7438	5233.5	4684	8202.5	4598.5	3758	4571	5355.5	6065.5	3426.5	8207.5	7031	2711.5	2396.5	5325.5	3752	1617	4548.5	7080	4833.5	2763	6194.5	4117.5	88353	4417.65
ORTHO006631	vacuoleless1 (VCL1)	AT2G38020	31902;10008;98588;31090;16020;5575;44422;43226;43227;44440;44444;44424;44464;5623;5622;5737;44446;43229;5768;43231;12505;98805;5770;9705;5774;44437;5773;325;43234;32991;7033;6996;16043;71840;8150;9987	5784	4071	7263	8742	5121	7207	3327	2923.5	8688.5	7916.5	3831.5	5218.5	8754.5	5411.5	867	6712.5	1321	7597	8806.5	9116.5	8580	8776	8896.5	7028	120979.5	6.048.975
ORTHO004487	beta-hexosaminidase 2	AT1G05590	5576;5575;15929;4553;16798;16787;3824;3674;8152;8150;5886;16020;44464;5623;71944;5975;71704;44238;35251;46527;16758;16757;16740;8194;4563	5785	2367	5463.5	5142	4356	4890.5	2190	2000	8053.5	738	1981	8178.5	1352	7636	7349.5	2476	1221.5	6265.5	7831	5038	5903.5	6714	6624.5	4291.5	90734.5	4.536.725
ORTHO004259	DEA(D/H)-box RNA helicase family protein	AT5G60990	5634;43231;43227;43226;5575;43229;44424;44464;5623;5622;8026;42623;16887;17111;16462;16818;16817;16787;3824;3674;8152;8150;70035;4386	5786	3502	4761	3736	2097	6898	2627.5	2185	7325.5	4649.5	1312.5	998	3485	3815.5	4462	6712.5	4252.5	3750.5	4113.5	7299	5061.5	4709	6854	2699.5	83210.5	4.160.525
ORTHO010064	Kelch repeat-containing F-box family protein	AT1G51550	6511;19941;51603;6508;19538;43170;71704;8152;8150;44238;44257;30163;9057;1901575;9056;44265;44260;44237;9987;44248;44267;43632;4842;19787;16740;3824;3674;16567;32446;70647;6464;36211;43412;5634;43231;43227;43226;5575;43229;44424;44464;5623;5622	5787	5926	5687.5	5588	2982.5	5155.5	3863.5	5213.5	6823.5	7274.5	7382.5	3686.5	3541.5	1800.5	4462	3976.5	831.5	3121	6056.5	7408.5	5637	5603	5541.5	5601	92980	4649
ORTHO005816	Homeodomain-like superfamily protein	AT4G02560	3677;3676;1901363;5488;3674;97159;3700;1071;2001141;31326;9889;19222;50789;65007;8150;31323;50794;51252;19219;80090;51171;60255;10556;6355;1903506;10468;2000112;30154;48869;44767;32502;44699;44763;9987;6351;34645;44260;43170;71704;8152;44237;9059;1901576;9058;44249;97659;32774;16070;90304;6139;46483;6725;1901360;34641;6807;44238;34654;19438;44271;18130;1901362;10467;5515;5634;43231;43227;43226;5575;43229;44424;44464;5623;5622;10228;3006;22414;48608;48856;61458;48731;7275;44707;32501;9791;9908;90567;44702;48367;9911;48582;48580;2000026;50793;51239;51240;48518;51094;2000243;2000241;9909;48831	5788	3894	6340	6892	4356	4946.5	5075.5	6573	8423.5	5480.5	8606.5	6464.5	5066	6434	6748	7782	7777	4154.5	3504.5	4687	3675	2213.5	1072	1958.5	100642	5032.1
ORTHO007257	Pentatricopeptide repeat (PPR) superfamily protein	AT5G60960	5739;43231;43227;43226;5575;43229;44424;44464;5623;5622;44444;5737;5515;5488;3674;6351;34645;44260;43170;71704;8152;8150;44237;9987;9059;1901576;9058;44249;97659;32774;16070;90304;6139;46483;6725;1901360;34641;6807;44238;34654;19438;44271;18130;1901362;10467;5759;44429;44446;44422;70013;43233;31974;6417;10608;10468;60255;19222;50789;65007;32268;51246;80090;31323;50794;34248;51171;2000112;31326;9889;10556;5844;30529;32991;6355;1903506;2001141;51252;19219;5634;3723;3676;1901363;97159	5789	4137	5726	5663	2375	8968.5	5997.5	6978.5	1481	8168.5	3639.5	4670	5740	6601.5	7713.5	7782	2287	4507	4485	2534.5	4668.5	2837	1498	2850	93407.5	4.670.375
ORTHO001550	SAUR-like auxin-responsive protein family	AT1G19840;AT1G75590;AT5G10990	3674;5739;43231;43227;43226;5575;43229;44424;44464;5623;5622;44444;5737;9733;9725;9719;50896;8150;10033;42221	5790	3809	3848.5	1907	1522.5	7516.5	2951	2614.5	6943.5	1999	5503	1779	1352	4179	5254.5	2914	8070.5	6183.5	5272.5	6197.5	675.5	1358.5	279.5	926.5	71970	3598.5
ORTHO008136	debranching enzyme 1	AT4G31770	8419;16891;4521;4519;4518;16788;16787;3824;3674;8152;8150;90305;90304;6139;46483;44237;9987;6725;1901360;71704;34641;6807;44238;43170;4540;90501;16070;44260;90502;16893;5634;43231;43227;43226;5575;43229;44424;44464;5623;5622;4722;4721;16791;42578;16311;6796;6793;6470;6464;36211;19538;43412;44267;9790;44767;32502;44699;48856;7275;44707;32501	5791	6448	7045	8299	5748	9075.5	6737	8901	3735.5	8535.5	5231.5	5960	1352	5780	810.5	3976.5	8960	9166	9064	3699	7254	3609.5	1705	8847.5	112400	5620
ORTHO007574	Ribosomal protein L33 family protein	AT3G06320;AT5G18790	6412;43043;43604;43603;34641;6807;8152;8150;44237;9987;44271;44249;9058;6518;1901564;71704;1901566;1901576;44267;19538;43170;44238;44260;34645;9059;10467;15934;44391;30529;32991;5575;44424;44464;5623;5622;44444;5737;44446;44422;43226;43229;5840;43232;43228;5739;43231;43227;3735;5198;3674	5792	8559	7105	8418	7662	6707.5	7600	7935.5	5144	5352	7040	8654.5	5195	590	2163.5	8358	6722.5	1260.5	7197.5	7576.5	6908	3955.5	7156	8697.5	114214	5710.7
ORTHO009179	TBP-associated factor 15	AT1G50300	6355;1903506;2001141;31326;9889;19222;50789;65007;8150;31323;50794;51252;19219;80090;51171;60255;10556;10468;2000112;6351;34645;44260;43170;71704;8152;44237;9987;9059;1901576;9058;44249;97659;32774;16070;90304;6139;46483;6725;1901360;34641;6807;44238;34654;19438;44271;18130;1901362;10467;8270;46914;46872;43169;43167;5488;3674;5634;43231;43227;43226;5575;43229;44424;44464;5623;5622;3723;3676;1901363;97159;166;36094;1901265	5793	6342	5184	4575	5651.5	8118	8038	5348	5144	7485	3136.5	5409	3188	2711.5	2702.5	3976.5	4252.5	1780	1086	6240	4226.5	4612.5	4843.5	5433.5	87731.5	4.386.575
ORTHO008272	AGC (cAMP-dependent; cGMP-dependent and protein kinase C) kinase family protein	AT2G26700	48825;48366;48827;48856;32502;8150;48367;44767;44699;48731;7275;44707;32501;9793;44702;22414;3006;9790;48316;48608;61458;9791;10154;4672;16301;16772;16740;3824;3674;8152;16310;6796;6793;44237;9987;16773;6468;6464;36211;19538;43170;71704;44238;43412;44267;44260;5524;35639;1901265;1901363;5488;97159;43168;43167;32559;30554;17076;166;36094;32555;32553;97367;32550;32549;1882;1883;5515;5634;43231;43227;43226;5575;43229;44424;44464;5623;5622	5794	4967	6656	7518	2982.5	1777	5653	2545	8556.5	3785.5	3269.5	3872	7377.5	8316	7999	7782	1000	4673.5	5400	3659	8153	6859.5	6854	7453	104985	5249.25
ORTHO000785	SU(VAR)3-9 homolog 7	AT1G17770;AT1G73100;AT2G24740;AT5G04940	34968;16571;6479;43414;44260;43170;71704;8152;8150;44237;9987;32259;43412;8213;6464;36211;19538;44238;44267;16570;16569;16568;6325;43933;16043;71840;51276;6996;1902589;44763;44699;44710;18022;18205;18193;42393;5515;5488;3674;3677;3676;1901363;97159;775;98687;44427;44446;44422;5575;43226;44424;44464;5623;5622;43229;5694;43232;43228;5634;43231;43227;8270;46914;46872;43169;43167;18024;16279;16278;8170;8168;16741;16740;3824;8757;8276;42054;40029;10468;60255;19222;50789;65007;48366;48827;48856;32502;48367;44767;48731;7275;44707;32501;8361;32535;90066;65008	5795	8511	5695	5595	8471	4240	7227	7372.5	4526.5	7666.5	6763.5	7102	4555.5	1254	1549	5325.5	5365	985	7482.5	3774.5	4321	980	4564	7952.5	93006.5	4.650.325
ORTHO006411	Pseudouridine synthase family protein	AT4G21770	455;31118;1522;9451;16070;44260;43170;71704;8152;8150;44237;9987;90304;6139;46483;6725;1901360;34641;6807;44238;43412;154;6364;34470;34660;6396;10467;16072;42254;22613;44085;71840;9507;9536;43231;43227;43226;5575;43229;44424;44464;5623;5622;44444;5737;19239;3824;3674;9982;16866;16853	5796	3963	4865.5	3935	2097	6529	2328.5	2114.5	7183.5	5133.5	6763.5	1198.5	5066	3815.5	3265	6712.5	3958.5	3121	3730.5	6860	4668.5	3754	5902.5	2314	84419	4220.95
ORTHO010379	Mitochondrial glycoprotein family protein	AT4G31930	5759;44429;44444;44424;44464;5575;5623;5622;5737;44446;44422;43226;43229;5739;43231;43227;70013;43233;31974;8150;3674	5797	7777	7395	8993	6664	8545	4698	6142.5	5994	6988	8167.5	5931	6456	6292	7401.5	6712.5	6208.5	4400	5347.5	8721.5	6810.5	7016	8247	8512	128591	6429.55
ORTHO010352	Regulator of Vps4 activity in the MVB pathway protein	AT1G25420	8150;9507;9536;43231;43227;43226;5575;43229;44424;44464;5623;5622;44444;5737	5798	6728	5165.5	4533	7662	3938.5	1428	8968	2069	8934.5	4704.5	7595.5	3960.5	5887	1209.5	3976.5	8188.5	7776.5	2249	1391	1078.5	4612.5	1705	7860.5	87533	4376.65
ORTHO007610	ENTH/ANTH/VHS superfamily protein	AT4G40080	5794;43231;43227;43226;5575;43229;44424;44464;5623;5622;44444;5737;12505;6897;16192;6810;51234;51179;8150;5905;98589;16020;44425;98805;30136;30135;16023;31988;31982;31410;5739;5543;8289;5488;3674;43168;43167	5799	7464	3090	381	7947.5	923	6968	1547.5	3838.5	8319	5132.5	7672.5	3695.5	138	136.5	3099	2786	182.5	1629.5	2935	370	129	73	286	49861	2493.05
ORTHO004977	glutamine-rich protein 23	AT1G10270	6355;1903506;2001141;31326;9889;19222;50789;65007;8150;31323;50794;51252;19219;80090;51171;60255;10556;10468;2000112;5634;43231;43227;43226;5575;43229;44424;44464;5623;5622;6351;34645;44260;43170;71704;8152;44237;9987;9059;1901576;9058;44249;97659;32774;16070;90304;6139;46483;6725;1901360;34641;6807;44238;34654;19438;44271;18130;1901362;10467;5515;5488;3674;5739;44444;5737;51301;44763;44699;9790;44767;32502;48856;7275;44707;32501	5800	3211	6077.5	6355	5552	8655.5	2951	2392	4028	1409.5	2809.5	8224	3798.5	6764.5	7162	7782	5561	4507	926	4527	6696	7215.5	8115.5	3721	97245.5	4.862.275
ORTHO010551	unknown protein	AT3G56290	45893;10628;10604;9893;48518;50789;65007;8150;19222;60255;10468;1903508;1903506;2001141;31326;9889;31323;50794;51252;19219;80090;51171;10556;1902680;51254;45935;31325;48522;51173;31328;9891;10557;6355;2000112;3674;5739;43231;43227;43226;5575;43229;44424;44464;5623;5622;44444;5737;9658;9657;6996;16043;71840;9987	5801	6601	7386.5	8972	5748	4129.5	8536	6573	6379.5	3055	7382.5	5517.5	8754.5	7213.5	8359	5325.5	6925.5	4887	5851	8632.5	7254	7358	7667.5	7792.5	127593.5	6.379.675
ORTHO006235	WD-40 repeat family protein / small nuclear ribonucleoprotein Prp4p-related	AT2G41500	9553;48229;7275;44767;32502;8150;44699;44707;32501;48856;398;6397;16071;16070;44260;43170;71704;8152;44237;9987;90304;6139;46483;6725;1901360;34641;6807;44238;6396;10467;377;375;8380;9560;44702;22414;3006;30154;48869;44763;22412;32504;3;7292;7276;48609;19953;44703;51704;9561;5681;44428;44446;44422;5575;43226;44424;44464;5623;5622;43229;5634;43231;43227;30529;32991;7267;7154;44700;23052;16607;16604;44451;5654;31981;70013;43233;31974;80008;31461;151;1990234;1902494;43234;166;36094;5488;3674;1901265;1901363;97159;1709;45165	5802	3401	6178	6554	2097	7363.5	5974	7084	1133	821	8095	2729	6513.5	6764.5	7017.5	7782	5561	4982.5	4914	2373.5	6578.5	6377.5	2819	3635.5	98518.5	4.925.925
ORTHO005461	phosphate transporter 4	AT5G20380	55085;44763;9987;8150;44699;44765;6810;51234;51179;1902578;16020;5575;16021;31224;44425;9536;43231;43227;43226;43229;44424;44464;5623;5622;44444;5737;98656;6820;6811;34220;9507;5315;15291;22804;22857;5215;3674;1901677	5803	5023	6206	6609	2982.5	1329	7422	5957	6823.5	2025.5	6763.5	3422.5	6227	1800.5	4233.5	6712.5	6027	3949	6785	3797	6908	6077	6365	6281	98905.5	4.945.275
ORTHO005736	unknown protein	AT4G33690	9507;9536;43231;43227;43226;5575;43229;44424;44464;5623;5622;44444;5737;5515;5488;3674;8150	5804	6214	5134.5	4465	2982.5	2908.5	3960	5568.5	6712.5	5797.5	5973.5	3792.5	5740	1800.5	3936.5	3976.5	5108	3121	4263.5	7194	800.5	5603	5322	5601	87179.5	4.358.975
ORTHO007388	C2H2 and C2HC zinc fingers superfamily protein	AT5G22890	3676;1901363;5488;3674;97159;6355;1903506;2001141;31326;9889;19222;50789;65007;8150;31323;50794;51252;19219;80090;51171;60255;10556;10468;2000112;46872;43169;43167;3700;1071;5634;43231;43227;43226;5575;43229;44424;44464;5623;5622;10200;10243;9719;50896;10033;42221;1901698;1901700	5805	5412	5654.5	5504	2982.5	7482.5	2414	6428.5	5144	1409.5	6763.5	3034.5	6895.5	1800.5	5596.5	3976.5	400	4253	7482.5	7299	800.5	6813.5	7611.5	6949.5	92555	4627.75
ORTHO008170	S-adenosyl-L-methionine-dependent methyltransferases superfamily protein	AT1G36310	9507;9536;43231;43227;43226;5575;43229;44424;44464;5623;5622;44444;5737;8175;8173;8168;16741;16740;3824;3674;8152;8150;32259;1510;43414;44260;43170;71704;44237;9987;43412;9451;16070;90304;6139;46483;6725;1901360;34641;6807;44238;30488;6400;8033;34470;34660;6396;10467;6399;2098;2097	5806	4344	3696	1586	5938.5	2358	4457	3095.5	8792.5	6498.5	4121.5	679.5	1352	5596	960	6712.5	8970.5	1210.5	80.5	1391	1863.5	774.5	1235	8780.5	68929	3446.45
ORTHO005557	histone deacetylase 5	AT5G61060;AT5G61070	5634;43231;43227;43226;5575;43229;44424;44464;5623;5622;16575;16570;16569;16568;6325;43933;16043;71840;8150;9987;51276;6996;6464;36211;19538;43170;71704;8152;44238;43412;44267;44260;44237;1902589;44763;44699;44710;6476;35601;98732;5737;16787;3824;3674;32041;17136;34979;33558;19213;4407;16811;16810;31078;70932;6351;34645;9059;1901576;9058;44249;97659;32774;16070;90304;6139;46483;6725;1901360;34641;6807;34654;19438;44271;18130;1901362;10467;6355;1903506;2001141;31326;9889;19222;50789;65007;31323;50794;51252;19219;80090;51171;60255;10556;10468;2000112;6338;10053;90627;30154;48869;44767;32502;10015;9653;48856;48364;48513;48731;7275;44707;32501;22622;90558;9888;45604;30856;45595;50793;2000026;51239;45682;4402;61733;34212;8080;16410;16747;16746;16740;16407;16573;18393;18394;18205;18193;6473;43543;6475	5807	5027	3620.5	1434	5938.5	436.5	1274.5	3914.5	298	1189	1312.5	3218	1352	4360.5	5691.5	3976.5	1670.5	4253	7281	1584.5	8019	6377.5	4843.5	6669	67721.5	3.386.075
ORTHO003774	Protein of unknown function (DUF1264)	AT1G29680;AT5G45690	5634;43231;43227;43226;5575;43229;44424;44464;5623;5622;8150;5515;5488;3674	5808	5566	5248	4688	2982.5	5047	4118.5	5568.5	4045.5	2496	7040	3808	5740	1800.5	3936.5	6712.5	901	3121	5502	7012	5422.5	5603	5295.5	5222.5	88392.5	4.419.625
ORTHO003844	AICARFT/IMPCHase bienzyme family protein	AT2G35040	9570;9532;44435;44444;44424;44464;5575;5623;5622;5737;44446;44422;43226;43229;9536;43231;43227;44434;9507;6164;9165;1901293;90407;19637;71704;8152;8150;6793;44237;9987;1901576;9058;6753;55086;6139;46483;6725;1901360;34641;6807;44238;44281;44710;44699;44763;6796;34654;19438;44249;44271;18130;1901362;44711;9117;72522;72521;1901564;1901566;6163;10319;9526;31967;31975;4643;16742;16741;16740;3824;3674;9409;9266;9628;50896;6950;3937;19238;16814;16810;16787	5809	6855	5068.5	4328	7662	156	6862.5	9168	4507	8934.5	260	6674.5	1352	8654.5	5799	3976.5	1753.5	8526.5	3459.5	8796	2280	274	175	4898	86507	4325.35
ORTHO009019	unknown protein	AT4G17540	8150;5575;3674	5810	4981	5560.5	5311	2982.5	1089	3025	2322	7183.5	4233.5	6763.5	3218	6617.5	1800.5	5254.5	6712.5	6549	3121	3857.5	6860	7386	3609.5	5407	6553	91562.5	4.578.125
ORTHO008840	complex 1 family protein / LVR family protein	AT3G62810	9570;9532;44435;44444;44424;44464;5575;5623;5622;5737;44446;44422;43226;43229;9536;43231;43227;44434;9507;5524;35639;1901265;1901363;5488;3674;97159;43168;43167;32559;30554;17076;166;36094;32555;32553;97367;32550;32549;1882;1883;50567;16884;16879;16874;3824;8152;8150;5739	5811	3637	3695.5	1580	4356	1329	2528	6428.5	2715.5	642.5	6763.5	1954	4955.5	3815.5	3047.5	6712.5	3682	2724.5	3459.5	6555.5	864.5	3222.5	5407	2046	68853.5	3.442.675
ORTHO008847	accelerated cell death 2 (ACD2)	AT4G37000	5829;44444;44424;44464;5575;5623;5622;5737;42254;22613;44085;71840;8150;6364;34470;34660;16070;44260;43170;71704;8152;44237;9987;90304;6139;46483;6725;1901360;34641;6807;44238;6396;10467;16072;6048;6047;6040;1901135;9225;9226;1901137;1901576;9058;34654;19438;44249;44271;18130;1901362;46349;3977;70569;16779;16772;16740;3824;3674;9507;9536;43231;43227;43226;43229	5812	3637	6718.25	7624.5	4356	7721.5	2414	1013.5	2069	4345.5	2129.5	2086	7031	6971	7258.5	7782	6099.5	5368	7464	8691.5	7386	7567	8405	3920	105722.5	5.286.125
ORTHO002265	Ribosomal L38e protein family	AT2G43460;AT3G59540	6412;43043;43604;43603;34641;6807;8152;8150;44237;9987;44271;44249;9058;6518;1901564;71704;1901566;1901576;44267;19538;43170;44238;44260;34645;9059;10467;22626;44445;44444;44424;44464;5575;5623;5622;5737;5829;5840;30529;32991;43232;43228;43226;43229;22625;15934;44391;44446;44422;42254;22613;44085;71840;3735;5198;3674	5813	9063	7327.5	8842	9051	8619.5	8994.5	8560.5	5355.5	6179.5	7999	7259.5	2912.5	310.5	4233.5	7360.5	7630.5	182.5	8605.5	8125.5	9055.5	4308.5	8806.5	9102	123601.5	6.180.075
ORTHO003245	Carbohydrate-binding X8 domain superfamily protein	AT5G35740	5886;16020;5575;44464;5623;71944;3674;8150	5814	8292	4383.25	2952.5	5938.5	4865.5	3513	8435	4526.5	2591.5	6763.5	8454.5	4417	401	1354.5	3976.5	5281.5	1180.5	5301	5189.5	3800.5	1656	4345.5	2850	78903	3945.15
ORTHO008872	Ribosomal protein L6 family	AT1G05190	9507;9536;43231;43227;43226;5575;43229;44424;44464;5623;5622;44444;5737;9570;9532;44435;44446;44422;44434;15934;44391;30529;32991;5840;43232;43228;9941;9526;31967;31975;6412;43043;43604;43603;34641;6807;8152;8150;44237;9987;44271;44249;9058;6518;1901564;71704;1901566;1901576;44267;19538;43170;44238;44260;34645;9059;10467;3735;5198;3674;16020;9735;9725;9719;50896;10033;42221;3723;3676;1901363;5488;97159;9793;44702;22414;44699;3006;32502;9790;44767;48856;7275;44707;32501;48316;48608;61458;48731;9791;10154	5815	7012	6635	7455	7947.5	2170	6901	5213.5	7978	5252.5	7734.5	2467.5	8094	2711.5	3936.5	8358	5685	3121	6531	5245.5	7052	4308.5	6040	5806	104606	5230.3
ORTHO008595	unknown protein	AT5G63135	8150;9507;9536;43231;43227;43226;5575;43229;44424;44464;5623;5622;44444;5737;3674	5816	7859	4288	2760	8619	4890.5	6871.5	8148	5258	2736.5	6173.5	8132.5	4617.5	401	1432	3976.5	5281.5	800	4016	3815.5	3309	1466	3740.5	2522	77588	3879.4
ORTHO008885	unknown protein	AT1G45150	5634;43231;43227;43226;5575;43229;44424;44464;5623;5622;8150;3674	5817	3738	5301.5	4786	4356	1777	4904	1709	7831	7862.5	3269.5	5409	1352	6601.5	6867.5	7782	1221.5	5518	4756.5	5519.5	1227	6429	5902.5	3005.5	88944.5	4.447.225
ORTHO002425	early nodulin-like protein 6	AT1G48940;AT3G18590;AT5G14345	5507;46914;46872;43169;43167;5488;3674;46658;31226;44459;44464;5575;5623;44425;16020;5886;71944;31224;31225;9055;50896;8150	5818	8052	6741	7664	7245.5	5285	4118.5	602	7632	6081	8487.5	8712.5	5467.5	906.5	2910	5325.5	6752	1017	7562	7871	7925	4169	7089	8159	106072	5303.6
ORTHO003873	E3 ubiquitin ligase; putative	AT5G05560	51301;44763;9987;8150;44699;5680;152;44428;44446;44422;5575;43226;44424;44464;5623;5622;43229;5634;43231;43227;151;1990234;1902494;43234;32991;31461;9553;48229;7275;44767;32502;44707;32501;48856;16567;32446;70647;6464;36211;19538;43170;71704;8152;44238;43412;44267;44260;44237;7067;280;48285;6996;16043;71840;1903047;22402;7049;278;1902589;10252;48878;42592;65008;65007;6511;19941;51603;6508;44257;30163;9057;1901575;9056;44265;44248;43632;9793;44702;22414;3006;9790;48316;48608;61458;48731;9791;10154;48481;35670;48440;48827;48367;48437;48569;48513;9908;90567;48467;48438;4842;19787;16740;3824;3674	5819	3975	5649.5	5480	2097	4244.5	3430	3021	7046.5	6038.5	6763.5	7085	4955.5	6389.5	6728	7782	3682	4154.5	3445.5	6467.5	2049.5	3609.5	3598.5	1958.5	92449.5	4.622.475
ORTHO008181	ATP binding microtubule motor family protein	AT5G02370	5794;43231;43227;43226;5575;43229;44424;44464;5623;5622;44444;5737;12505;5524;35639;1901265;1901363;5488;3674;97159;43168;43167;32559;30554;17076;166;36094;32555;32553;97367;32550;32549;1882;1883;7018;6928;44763;9987;8150;44699;7017;3777;3774;17111;16462;16818;16817;16787;3824;8152;5871;5875;44430;44446;44422;5856;43232;43228;43234;32991;15630;5874;9507;9536	5820	4257	4024.5	2229	5938.5	4308	3129.5	6142.5	6823.5	3967	1810	3578.5	3188	3815.5	4233.5	6712.5	965	2199.5	2972	6103	1705.5	2541	4324	5601	74119.5	3.705.975
ORTHO003370	Nucleoporin autopeptidase	AT1G10390;AT1G59660	5634;43231;43227;43226;5575;43229;44424;44464;5623;5622;15031;45184;51234;51179;8150;8104;33036;71702;6810;5215;3674;5643;44428;44446;44422;5635;31967;31975;12505;51028;50658;50657;15931;71705;51236;6403;5515;5488	5821	6130	4961	4101	7245.5	6382	8499.5	2545	5144	3679.5	2809.5	8070	1352	3283.5	4705.5	5325.5	8779.5	3580	6185.5	4297.5	957	3222.5	947.5	5601	85366.5	4.268.325
ORTHO010306	cytosolic enolase	AT2G29560	4634;16836;16835;16829;3824;3674;8152;8150;6096;6090;32787;19752;43436;6082;71704;44281;44710;44699;44763;9987;44237;44724;44712;9056;44723;5975;44238;16052;1901575;6757;6091;46031;9150;6163;72521;46483;6725;1901360;34641;6807;1901564;9117;6753;19637;6793;55086;6139;6796;9259;19693;1901135;9179;9185;9132;9135;9167;9161;9123;9126;46128;9119;9116;1901657;42278;46034;9205;9144;9141;9199;6165;46939;16310;46496;19362;6733;6732;51186;72524;15;1902494;43234;32991;5575;44445;44444;44424;44464;5623;5622;5737;5829;287;46872;43169;43167;5488;5634;43231;43227;43226;43229	5822	6628	6971	8120	7245.5	771.5	8674.5	2460.5	3291	7782	4209.5	3218	8898	8593	5596.5	3976.5	6722.5	6145	8083	7299	7386	7420	2171	7591	110288.5	5.514.425
ORTHO009838	BolA-like family protein	AT1G55805	5515;5488;3674;9507;9536;43231;43227;43226;5575;43229;44424;44464;5623;5622;44444;5737;51537;51536;51540;8150;46872;43169;43167	5823	7008	4989	4155	7947.5	9130	7355.5	3373	3471	8934.5	5069	7485.5	4955.5	6332.5	2702.5	6020.5	8989.5	867.5	459	6368.5	2243	418.5	289	1188	85652.5	4.282.625
ORTHO010366	B-box type zinc finger protein with CCT domain	AT2G47890	6355;1903506;2001141;31326;9889;19222;50789;65007;8150;31323;50794;51252;19219;80090;51171;60255;10556;10468;2000112;44212;975;3677;3676;1901363;5488;3674;97159;1067;3700;1071;5634;43231;43227;43226;5575;43229;44424;44464;5623;5622;8270;46914;46872;43169;43167	5824	8593	6383	6942	8795.5	3232	6220	4964	8149.5	8934.5	74.5	7690	2751	5832.5	2163.5	8605.5	7378	9124	4663	5726.5	3036.5	5924	2479	4016	100964	5048.2
ORTHO005567	translocase inner membrane subunit 44-1	AT2G20510;AT2G36070	15462;15450;15405;15399;22804;22857;5215;3674;6810;51234;51179;8150;55085;44763;9987;44699;44765;1902578;8320;8565;22892;15031;45184;8104;33036;71702;22884;22891;71806;42626;43492;42623;16887;17111;16462;16818;16817;16787;3824;8152;16820;5744;98800;98796;43234;32991;5575;44425;16020;98798;44429;44444;44424;44464;5623;5622;5737;44446;44422;43226;43229;5739;43231;43227;44455;31966;31090;5740;31967;31975;5743;19866;6626;1902580;51641;6605;6886;46907;51649;34613;70727;1902582;16482;70585;33365;6839;72655;72594;7005;6996;16043;71840	5825	5611	5740	5655	6534	3489.5	4587.5	4640	3695.5	8398	8820	7595.5	1352	6475	5034.5	3976.5	9091.5	8514.5	2575.5	2610.5	8350.5	1735	1991	443.5	93376	4668.8
ORTHO009430	Cation efflux family protein	AT3G12100	5385;72509;22890;8324;15075;22891;22857;5215;3674;6810;51234;51179;8150;55085;44763;9987;44699;44765;1902578;22892;34220;6811;98655;6812;72511;46915;46873;30001;41;71577;98662;98660;6829;70838;10043;10038;10035;42221;50896;1990267;16020;5575;5794;43231;43227;43226;43229;44424;44464;5623;5622;44444;5737;12505;9624;51707;43207;9605;9607;51704;15562;5886;71944;61088;32879;50789;65007;50794;2000021;32844	5826	4593	2963	100	2982.5	4201	5614.5	3441.5	4123.5	8934.5	865	100.5	1352	138	136.5	3183	2913	261.5	31	662	328	292	105	330.5	37013	1850.65
ORTHO009347	SH3 domain-containing protein	AT1G31440	5886;16020;5575;44464;5623;71944;12505;30276;5515;5488;3674;5634;43231;43227;43226;43229;44424;5622	5827	4487	5284.5	4742	2982.5	1227	2032.5	6831.5	8259	1540.5	1483.5	8427	1352	1375.5	5596.5	6712.5	4346.5	3949	4237	7299	5170.5	4873	7048.5	6949.5	88710.5	4.435.525
ORTHO008671	Polynucleotidyl transferase; ribonuclease H fold protein with HRDC domain	AT2G32415	70039;8171;8168;16741;16740;3824;3674;8152;8150;32259;16435;8649;8757;8173;1510;43414;44260;43170;71704;44237;9987;43412;9451;16070;90304;6139;46483;6725;1901360;34641;6807;44238;31167;154;6364;34470;34660;6396;10467;16072;42254;22613;44085;71840;451;5737;44424;44464;5575;5623;5622;453;3723;3676;1901363;5488;97159	5828	3661	5263	4698	2097	4474	1224.5	7084	2412.5	8535.5	5114.5	610	2767	6257.5	4462	7419	8188.5	7934	2286.5	4012.5	3115	8840	3055	669.5	88461.5	4.423.075
ORTHO009040	tRNA/rRNA methyltransferase (SpoU) family protein	AT4G15520	16301;16772;16740;3824;3674;8152;8150;16310;6796;6793;44237;9987;15979;5739;43231;43227;43226;5575;43229;44424;44464;5623;5622;44444;5737;16773;9507;9536	5829	3661	3757.5	1686	2097	1089	2328.5	6573	1994.5	1233	6763.5	1198.5	5195	3815.5	3265	6712.5	630	3121	3857.5	6860	4668.5	3609.5	4404	2439.5	69758	3487.9
ORTHO005613	Translation elongation factor EF1A/initiation factor IF2gamma family protein	AT1G18070	6413;44237;8152;8150;9987;6412;43043;43604;43603;34641;6807;44271;44249;9058;6518;1901564;71704;1901566;1901576;44267;19538;43170;44238;44260;34645;9059;10467;6415;43624;43241;32984;43933;16043;71840;22411;44763;44699;71822;5829;44444;44424;44464;5575;5623;5622;5737;5525;35639;1901265;1901363;5488;3674;97159;43168;43167;32550;32549;1882;36094;97367;1883;32561;19001;17076;166;32555;32553;3743;8135;3723;3676;5773;43231;43227;43226;43229;6414;3746;3747;8079;3924;17111;16462;16818;16817;16787;3824	5830	6975	5952	6074	7947.5	5090	2528	7935.5	6584	5010	6343	3835.5	7377.5	2711.5	2702.5	5325.5	4548.5	1888	5347.5	7647	5839	3754	6538.5	4678.5	95684	4784.2
ORTHO007091	P-loop containing nucleoside triphosphate hydrolases superfamily protein	AT3G57180	5634;43231;43227;43226;5575;43229;44424;44464;5623;5622;42254;22613;44085;71840;8150;32502;5525;35639;1901265;1901363;5488;3674;97159;43168;43167;32550;32549;1882;36094;97367;1883;32561;19001;17076;166;32555;32553;9742;43401;9755;7165;50794;50789;65007;51716;9987;50896;7154;44763;44699;44700;23052;32870;9725;9719;10033;42221;71495;71310;70887;71383;71407;14070;71396;33993;48545;71367;9741;97305;1901700;97306;1901701;9507;9536;44444;5737;3924;17111;16462;16818;16817;16787;3824;8152	5831	2916	4690	3549	5151.5	4123	3327	3095.5	2611.5	3221	5577	841.5	6513.5	8123.5	8118	2914	7943.5	6683.5	4293	6689.5	328	4471.5	2311	1047.5	82233	4111.65
ORTHO006959	transducin family protein / WD-40 repeat family protein	AT4G04940	166;36094;5488;3674;1901265;1901363;97159;6364;34470;34660;16070;44260;43170;71704;8152;8150;44237;9987;90304;6139;46483;6725;1901360;34641;6807;44238;6396;10467;16072;42254;22613;44085;71840;32040;30684;30529;32991;5575;44424;44464;5623;5622;5634;43231;43227;43226;43229;80008;31461;151;1990234;1902494;43234	5832	3446	3528.25	1224.5	4356	3697.5	1204	2750.5	3117	8118.5	4391	6494	4955.5	4244	3265	6712.5	8310.5	1669.5	358	1532.5	452.5	1132	947.5	1958.5	65310.5	3.265.525
ORTHO008889	N-acetylglucosaminyl transferase component family protein / Gpi1 family protein	AT3G57170	6506;6505;46488;6650;6644;19637;71704;8152;8150;6793;44237;9987;44255;6629;44710;44699;44238;44763;6796;46486;6664;1903509;1901135;6643;6661;46474;45017;8610;1901576;9058;44711;44249;8654;90407;6497;6464;36211;19538;43170;43412;44267;44260;42158;42157;34645;9059;9247;46467;1901137;16740;3824;3674;5739;43231;43227;43226;5575;43229;44424;44464;5623;5622;44444;5737;17176;8375;8194;16757;16758	5833	3670	4531	3229	4356	8968.5	3129.5	5957	6379.5	4095	8232.5	6287.5	3098	3815.5	1758.5	6712.5	3264.5	1210.5	96	5852	3586.5	2433.5	4065	1546.5	80488.5	4.024.425
ORTHO008363	E2F target gene 1	AT2G40550	5515;5488;3674;6301;6281;6259;44260;43170;71704;8152;8150;44237;9987;90304;6139;46483;6725;1901360;34641;6807;44238;6974;33554;51716;50896;6950;44763;44699;44710;9941;9526;31967;31975;44464;5575;5623;44446;44422;43226;44424;5622;43229;43227;44435;44444;5737;9536;43231;44434;9507;7067;280;48285;6996;16043;71840;1903047;22402;7049;278;1902589;7062;51276;819;98813;7059;43601;44454;44427;5694;43232;43228;44428;5634;228;31981;70013;43233;31974;30894;32993;32991;5657;43596;6260;34645;9059;1901576;9058;44249;42555;43234;51301	5834	6395	6254.5	6675	7245.5	5833.5	5130.5	5568.5	2338	5910.5	7199	6861.5	7963	2711.5	3936.5	3976.5	5457.5	3121	5851	5447	5422.5	5603	5322	5601	99254	4962.7
ORTHO007839	PIN domain-like family protein	AT2G34570	6364;34470;34660;16070;44260;43170;71704;8152;8150;44237;9987;90304;6139;46483;6725;1901360;34641;6807;44238;6396;10467;16072;42254;22613;44085;71840;5634;43231;43227;43226;5575;43229;44424;44464;5623;5622;9793;44702;22414;44699;3006;32502;9790;44767;48856;7275;44707;32501;48316;48608;61458;48731;9791;10154	5835	4282	7460.5	9086	2982.5	9058	3430	8102.5	8656.5	5898.5	3971	5347.5	8519	5445	810.5	6712.5	7452.5	7335.5	8605.5	9136	8153	8676.5	8853.5	8847.5	133011	6650.55
ORTHO008992	NagB/RpiA/CoA transferase-like superfamily protein	AT2G05830	71732;1902170;1901699;1901698;42221;50896;8150;70887;51716;9987;34614;302;6979;6950;1901700;34599;33554;1901701;71241;10035;71731;19509;71267;71265;9086;97;96;6790;44237;8152;6520;1901564;71704;6807;19752;43436;6082;44281;44710;44699;44763;44238;44272;44249;9058;8652;46394;16053;44283;44711;1901576;1901566;9067;9066;1901605;1901607;6555;43102;43094;5851;43234;32991;5575;44444;44424;44464;5623;5622;5737;19284;46500;6732;51186;6575;46128;9119;9116;55086;6139;46483;6725;1901360;34641;1901657;1901135;42278;72521;33353;9069;46498;5634;43231;43227;43226;43229;6413;6412;43043;43604;43603;44271;6518;44267;19538;43170;44260;34645;9059;10467;5576;5525;35639;1901265;1901363;5488;3674;97159;43168;43167;32550;32549;1882;36094;97367;1883;32561;19001;17076;166;32555;32553;16853;3824;71281;10039;10038;1990267;71248;71369;32870;9725;9719;10033;71495;71310;9723;46523;16861;16860;3743;8135;3723;3676;9506;5911;30054;55044	5836	5222	6975	8114	2982.5	1777	8674.5	2750.5	3019	8535.5	3792.5	2597	7258.5	8316	7844	5325.5	8387	5518	7862.5	5303	8618.5	6077	1386	7223	110265	5513.25
ORTHO008411	unknown protein	AT1G05060	3674;9507;9536;43231;43227;43226;5575;43229;44424;44464;5623;5622;44444;5737	5837	4208	2928.5	20	5196	760	1155	4044.5	2134	7094.5	744	228.5	1352	138	136.5	1337	2611.5	934	49	461.5	1967.5	250.5	251.5	70.5	25720	1286
ORTHO005745	RNA binding	AT4G15770	5634;43231;43227;43226;5575;43229;44424;44464;5623;5622;42255;70925;6996;16043;71840;8150;9987;22607;44085;22618;71826;43933;34622;65003;22613;42254;5829;44444;5737;3723;3676;1901363;5488;3674;97159	5838	6086	4437.25	3036.5	7245.5	2333	4638.5	4826.5	3991.5	7298.5	6343	5395	5066	2711.5	2702.5	3976.5	1746.5	2558	4548.5	5245.5	4226.5	3754	3259.5	4678.5	79299.5	3.964.975
ORTHO008351	Chaperone DnaJ-domain superfamily protein	AT5G59610	8168;16741;16740;3824;3674;8152;8150;32259;6364;34470;34660;16070;44260;43170;71704;44237;9987;90304;6139;46483;6725;1901360;34641;6807;44238;6396;10467;16072;42254;22613;44085;71840;5634;43231;43227;43226;5575;43229;44424;44464;5623;5622;6351;34645;9059;1901576;9058;44249;97659;32774;34654;19438;44271;18130;1901362	5839	4507	6707	7575	2982.5	8453	776.5	1013.5	3753	6139.5	582	2197	9057	4780	313	6075	8026.5	9133	8605.5	5126.5	3978	9139	9121.5	9115.5	105385	5269.25
ORTHO009316	Lactoylglutathione lyase / glyoxalase I family protein	AT5G57040	8152;8150;3824;3674;9507;9536;43231;43227;43226;5575;43229;44424;44464;5623;5622;44444;5737;16829	5840	4618	7060	8280	5938.5	8278	1881	1640.5	553.5	3317	9098	743.5	1352	8638.5	8838	7782	8695.5	6683.5	8435	9047	1357.5	8165	8775	8795.5	112076	5603.8
ORTHO002850	Transducin/WD40 repeat-like superfamily protein	AT3G50590	8150;5886;16020;5575;44464;5623;71944;166;36094;5488;3674;1901265;1901363;97159	5841	6689	5365	4889	7662	3270.5	7843.5	4462	3659	8934.5	5636.5	2553.5	7031	6601.5	7518.5	3976.5	8989.5	1617	1788	5519.5	3539	1613	1306.5	3635.5	89495	4474.75
ORTHO008354	fructokinase-like 2	AT1G69200	42644;42646;9295;5575;43232;43228;43226;43229;44424;44464;5623;5622;44435;44444;5737;44446;44422;9536;43231;43227;9532;44434;9507;9570;16310;6796;6793;44237;8152;8150;9987;9662;9657;6996;16043;71840;9658;42793;6351;34645;44260;43170;71704;9059;1901576;9058;44249;97659;32774;16070;90304;6139;46483;6725;1901360;34641;6807;44238;34654;19438;44271;18130;1901362;10467;1902589;44763;44699;44711;44710;16301;16772;16740;3824;3674;5515;5488	5842	4395	6504.5	7167	2982.5	1777	3129.5	2711	8331	6050.5	7594	2467.5	1352	8485	7999	7782	4346.5	4507	4485	7576.5	4668.5	6576.5	5826.5	6883	102548	5127.4
ORTHO004998	splicing factor-related	AT5G06160	5829;44444;44424;44464;5575;5623;5622;5737;45694;43900;50789;65007;8150;45595;50794;50793;2000241;2000026;51239;5634;43231;43227;43226;43229	5843	4337	3893.5	1944	5938.5	6679.5	4244.5	2750.5	800	4634.5	3639.5	6418.5	1352	4244	3936.5	6712.5	3682	2199.5	1451.5	6148	4668.5	1656	2079	4898	72194.5	3.609.725
ORTHO007636	Pentatricopeptide repeat (PPR-like) superfamily protein	AT2G34400	8150;5739;43231;43227;43226;5575;43229;44424;44464;5623;5622;44444;5737	5844	7759	6136.5	6429	8139.5	6946	4118.5	4964	7691.5	5808	6543	2729	5740	906.5	2396.5	5325.5	4870.5	2199.5	5851	8214	6431	4308.5	7435.5	5222.5	97701	4885.05
ORTHO007331	alpha/beta-Hydrolases superfamily protein	AT3G61540	5773;43231;43227;43226;5575;43229;44424;44464;5623;5622;44444;5737;6508;19538;43170;71704;8152;8150;44238;9507;9536;8233;16787;3824;3674;5829	5845	2893	6177.5	6510	4356	3168.5	6840	3480	3957.5	7350.5	4896.5	5257	2949	8378.5	5596.5	2080.5	5962.5	8768	2546.5	1129.5	7672.5	9056	8748.5	400.5	98238.5	4.911.925
ORTHO009544	Nitrilase/cyanide hydratase and apolipoprotein N-acyltransferase family protein	AT4G08790	6807;8152;8150;46686;10038;10035;42221;50896;9536;43231;43227;43226;5575;43229;44424;44464;5623;5622;44444;5737;16810;16787;3824;3674;257;16815	5846	4512	6692	7538	2982.5	1705	3129.5	2796	8307	1540.5	7524	4670	7121	8151	7713.5	7782	4346.5	4507	4485	7576.5	4668.5	6340.5	5678	7075	105116.5	5.255.825
ORTHO010067	5'-3' exonuclease family protein	AT1G34380	6261;6260;6259;44260;43170;71704;8152;8150;44237;9987;90304;6139;46483;6725;1901360;34641;6807;44238;34645;9059;1901576;9058;44249;3824;3674;5634;43231;43227;43226;5575;43229;44424;44464;5623;5622;5737	5847	5472	5341.5	4836	2982.5	8227.5	4885.5	2545	6584	6687	2809.5	3686.5	5740	1800.5	4233.5	3976.5	5194	3121	4059	5337	5637	5059	4026	5601	89209.5	4.460.475
ORTHO003903	polyribonucleotide nucleotidyltransferase; putative	AT3G03710	8033;34470;34660;16070;44260;43170;71704;8152;8150;44237;9987;90304;6139;46483;6725;1901360;34641;6807;44238;6396;10467;6399;6397;16071;6364;16072;42254;22613;44085;71840;16120;16119;42214;6720;44255;6629;44710;44699;44763;46246;8299;8610;1901576;9058;44711;44249;31425;9507;9536;43231;43227;43226;5575;43229;44424;44464;5623;5622;44444;5737;90503;90501;90305;9570;9532;44435;44446;44422;44434;3676;1901363;5488;3674;97159;10323;71072;51055;9890;9889;19222;50789;65007;9892;48519;46890;19216;80090;45833;71071;31326;31323;50794;1903725;19220;51174;1903726;45936;10563;31324;48523;31327;45827;19747;10322;10565;10675;6109;10677;45912;16123;16122;16116;16108;6721;16117;16109;16114;46148;42440;3723;175;8408;4527;4518;16788;16787;3824;16896;4532;4540;16796;6401;44265;9057;1901575;9056;44248;34655;19439;44270;1901361;46700;16036;9267;31669;31667;9991;9605;50896;31668;51716;71496;7154;42594;6950;33554;15995;6779;51188;51186;6778;33013;1901564;33014;19438;44271;18130;1901362;1901566;15994;4654;16779;16772;16740	5848	5196	7366	8884	6194	1777	4244.5	6906	8392	7183	7886	2729	3888.5	8210.5	7885	5325.5	7137.5	5452.5	7950	8776	7786.5	7725	8247	7376.5	124878	6243.9
ORTHO004480	vacuolar ATPase subunit F family protein	AT4G02620	5773;43231;43227;43226;5575;43229;44424;44464;5623;5622;44444;5737;5886;16020;71944;33180;33178;98796;43234;32991;44425;16469;33176;15991;15988;1902600;15992;15672;6812;6811;44765;6810;51234;51179;8150;1902578;44699;6818;98662;98660;34220;55085;44763;9987;98655;5774;44437;44446;44422;98588;31090;98805;5794;12505;5634	5849	6230	7118.5	8388	5651.5	8358.5	6771	4329	5994	7183	6763.5	6307.5	6731.5	7101	7999	5325.5	8107.5	5824	1141	2749	8153	5789.5	2730.5	6379.5	113737.5	5.686.875
ORTHO008886	Pyridoxal-5'-phosphate-dependent enzyme family protein	AT1G55880	6520;1901564;71704;8152;8150;6807;19752;43436;6082;44281;44710;44699;44763;9987;44237;44238;16829;3824;3674	5850	3622.5	4210.5	2571	4356	8453	5903	488	1916	4766.5	2809.5	454	1352	8916	7432.5	7782	4761	4507	3421.5	2373.5	1211.5	5789.5	2059	2121	76516.5	3.825.825
ORTHO003300	NA	NA	NA	5851	8553	7391	8931	8471	8240.5	8978	8395.5	9128	4003	8860.5	6895.5	1352	5832.5	1330	9043.5	7421.5	1450	8734.5	2734	8228.5	8454	8663.5	8552	126297	6314.85
ORTHO009588	Phosphoenolpyruvate carboxylase family protein	AT4G10750	9507;9536;43231;43227;43226;5575;43229;44424;44464;5623;5622;44444;5737;5739	5852	6422	7094	8336	7245.5	5580	3628.5	5957	7748	5389.5	7594	8736.5	8306	2711.5	4462	3976.5	6162	3750.5	6531	7871	6180.5	5924	6040	6379.5	112928	5646.4
ORTHO008345	FUNCTIONS IN: molecular_function unknown	AT2G18410	5634;43231;43227;43226;5575;43229;44424;44464;5623;5622;6351;34645;44260;43170;71704;8152;8150;44237;9987;9059;1901576;9058;44249;97659;32774;16070;90304;6139;46483;6725;1901360;34641;6807;44238;34654;19438;44271;18130;1901362;10467;6355;1903506;2001141;31326;9889;19222;50789;65007;31323;50794;51252;19219;80090;51171;60255;10556;10468;2000112;5737;16746;16740;3824;3674;33588;43234;32991	5853	4415	5989	6125	2982.5	6898	2080	6741	8259	4676.5	1312.5	7977	1352	1800.5	5413.5	6712.5	4252.5	3580	4113.5	7194	5061.5	4709	6854	6949.5	95936.5	4.796.825
ORTHO005487	Golgi-localized GRIP domain-containing protein	AT5G66030	5802;98791;44431;44444;44424;44464;5575;5623;5622;5737;44446;44422;43226;43229;5794;43231;43227;12505;31984;5515;5488;3674;48193;1902582;46907;6810;51234;51179;8150;51649;51641;44765;1902578;44699;16192	5854	6109	5479.25	5104.5	6857.5	8095.5	8162.5	4964	1625	3303	5836	4724	5740	1800.5	3521.5	5325.5	4548.5	2724.5	3792	6754	4668.5	5059	5021	4898	90563	4528.15
ORTHO000706_2	UDP-Glycosyltransferase superfamily protein	AT1G43620	9845;44707;32501;8150;44699;90351;9791;44767;32502;7275;5774;44437;44444;44424;44464;5575;5623;5622;5737;44446;44422;43226;43229;5773;43231;43227;98588;31090;16020;98805;16125;6066;1901615;71704;8152;44281;44710;8202;1901360;6629;44238;16906;35251;46527;16758;16757;16740;3824;3674;8194;5634;9813;9812;1901576;9058;10214;3006;22414;48856;48316;48608;61458;48731;44702;10154;16126;46165;1901617;44283;44711;6694;1901362;8610	5855	5797	5135.5	4416	2982.5	4327	5521	5213.5	5484	8006.5	6173.5	5667	3180.5	1800.5	2163.5	3976.5	8542.5	2199.5	4205.5	4012.5	3870	3955.5	4481.5	4174.5	86955	4347.75
ORTHO002244	transcription regulators	AT1G02080	5829;44444;44424;44464;5575;5623;5622;5737;16020	5856	5963	6494	7132	5552	5904	3628.5	5213.5	7978	6785.5	7199	2467.5	5740	1800.5	4462	3976.5	8637.5	3121	5851	7299	5422.5	5603	5407	5806	102302	5115.1
ORTHO005619	permease; cytosine/purines; uracil; thiamine; allantoin family protein	AT5G03555	9507;9536;43231;43227;43226;5575;43229;44424;44464;5623;5622;44444;5737;31969;42170;31090;16020;44422;44435;44446;9526;31967;31975;44434;9941;55085;44763;9987;8150;44699;44765;6810;51234;51179;1902578;5886;71944;43100;19856;72528;44271;34641;6807;8152;44237;44249;9058;18130;46483;1901362;1901360;71704;1901576;72527;1901564;1901566;6206;9112;55086;6139;6725;44238;44281;44710;46112;44711;8655;43094;34654;19438;15205;22891;22857;5215;3674;22892;15851;71705;71702;16021;31224;44425	5857	5103	4809	3761	2982.5	244	3863.5	1426	2264	7298.5	8514	1791.5	6071.5	1800.5	4462	6712.5	3589	2199.5	6185.5	6322.5	5637	5603	3561.5	5806	83352	4167.6
ORTHO008577	GPI transamidase component PIG-S-related	AT3G07180	5783;43231;43227;43226;5575;43229;44424;44464;5623;5622;44444;5737;12505;5634;5774;44437;44446;44422;5773;98588;31090;16020;98805;16255;6464;36211;19538;43170;71704;8152;8150;44238;43412;44267;44260;44237;9987;6506;6505;46488;6650;6644;19637;6793;44255;6629;44710;44699;44763;6796;46486;6664;1903509;1901135;6643;6661;46474;45017;8610;1901576;9058;44711;44249;8654;90407;6497;42158;42157;34645;9059;9247;46467;1901137;42765;98796;43234;32991;44425;1902494;44432;30176;31227;31300;31224;5789;42175;31301;16021;3674	5858	5802	5388	4918	2982.5	2797	3025	6142.5	7183.5	1842.5	1483.5	3218	6731.5	1800.5	5413.5	3976.5	6648.5	3949	5851	8125.5	7568	5059	2239	6553	89607	4480.35
ORTHO002919	Pathogenesis-related thaumatin superfamily protein	AT1G77700	5576;5575;3674;51707;43207;9605;50896;8150;9607;51704	5859	8116	4000.5	2142	8619	2953.5	5048.5	8414.5	4526.5	8934.5	3948.5	5600.5	4380.5	401	1338.5	3023.5	2647.5	1114.5	4059	3699	3800.5	1525	4257.5	3799.5	73472.5	3.673.625
ORTHO009077	C-8 sterol isomerases	AT1G05440	16853;3824;3674;8152;8150;6869;44765;6810;51234;51179;1902578;44699;71702;10876;33036;5634;43231;43227;43226;5575;43229;44424;44464;5623;5622	5860	5701	4396	2932	2982.5	4144	7714.5	3147.5	5754	8168.5	4046	6908.5	4677	3283.5	1812.5	3976.5	3209	1780	3504.5	2033	3586.5	3374.5	3867.5	3771.5	78759	3937.95
ORTHO004570	RNA ligase/cyclic nucleotide phosphodiesterase family protein	AT5G40190	5516;5515;5488;3674;3824;8152;8150	5861	8565	6343.75	6826.5	8471	5833.5	2121.5	8445	4865	6327	8450	7392	5066	590	2023.5	8925	5561	1114.5	8031	5726.5	2621	2837	6624.5	7591	100145	5007.25
ORTHO007323	unknown protein	AT5G65540	8150;5634;43231;43227;43226;5575;43229;44424;44464;5623;5622;3674	5862	3532	5831	5800	5196	6832.5	1274.5	7762	7691.5	5964.5	2809.5	3218	3918	8123.5	8359	2914	3752	6808.5	7562	1654	3551.5	6648	4244	1061.5	94148.5	4.707.425
ORTHO003060	Phosphorylase superfamily protein	AT4G28940	5886;16020;5575;44464;5623;71944;9116;55086;6139;46483;44237;8152;8150;9987;6725;1901360;71704;34641;6807;44238;44281;44710;44699;44763;1901564;1901657;1901135;3824;3674	5863	8658	7307.5	8752	8471	5799	5686	9141.5	5028	6288	4243	6819	6513.5	5719.5	1330	8583	2916	6183.5	8764.5	5447	8663	7215.5	8115.5	8795.5	121251	6062.55
ORTHO011163	Pentatricopeptide repeat (PPR) superfamily protein	AT5G44230	9507;9536;43231;43227;43226;5575;43229;44424;44464;5623;5622;44444;5737	5864	8030	6494.5	7125	7245.5	1926	7978.5	3803	6584	6733	3366.5	8311	5338.5	460.5	2396.5	8358	7568.5	2199.5	5128	7498.5	7052	3374.5	6326.5	7860.5	102263.5	5.113.175
ORTHO005352	CCAAT-binding factor	AT2G17250	5634;43231;43227;43226;5575;43229;44424;44464;5623;5622;5730;44428;44446;44422;43232;43228;31981;70013;43233;31974;9793;44702;22414;8150;44699;3006;32502;9790;44767;48856;7275;44707;32501;48316;48608;61458;48731;9791;10154;6364;34470;34660;16070;44260;43170;71704;8152;44237;9987;90304;6139;46483;6725;1901360;34641;6807;44238;6396;10467;16072;42254;22613;44085;71840;5654;3674;16020	5865	5017	7343.5	8822	5938.5	7324.5	8719.5	2545	2202	3190.5	8095	7421.5	7554	8316	7999	5325.5	831.5	4982.5	8173	8214	8496	7972	8321	7543.5	123226	6161.3
ORTHO006139	Protein of unknown function (DUF1997)	AT5G39530	5634;43231;43227;43226;5575;43229;44424;44464;5623;5622;3674;8150	5866	5212	5312.5	4759	6194	2054	3960	5813.5	5994	2385.5	6070	8070	5740	1800.5	4462	6712.5	1266	3580	6185.5	7408.5	5637	3854	2191.5	5601	88785.5	4.439.275
ORTHO001870	Caleosin-related family protein	AT2G33380;AT4G26740;AT5G29560;AT5G55240	50832;98542;6952;6950;50896;8150;51707;43207;9605;9607;51704;9620;2000377;31323;50794;50789;65007;19222;1990137;16684;16491;3824;3674;8152;55114;44710;44699;31969;42170;31090;16020;5575;44422;43226;43227;44435;44444;44424;44464;5623;5622;5737;44446;43229;9536;43231;9526;31967;31975;44434;9507;9941;9737;9725;9719;10033;42221;33993;97305;1901700;1101;9651;6970;9628;9409;9266;31407;6631;44255;6629;71704;44238;44763;9987;44237;32787;19752;43436;6082;44281;5783;12505;1902609;6636;6633;72330;46394;16053;44283;44711;9058;1901576;44249;8610;33559;1901617;1901615;42759;1676;5773;12511;5811;43232;43228;9269;9414;9415;10035;5509;46872;43169;43167;5488;9751;14070;10118;71614;16705;4497;4392;16021;31224;44425;34389;6996;16043;71840;31408;9793;44702;22414;3006;32502;9790;44767;48856;7275;44707;32501;48316;48608;61458;48731;9791;10154;5634	5867	6956	6108.5	6350	3564.5	5904	2328.5	5213.5	4953	4329	7199	2467.5	3359.5	2711.5	3936.5	5325.5	5561	3121	6531	8478	7052	5213.5	7946.5	5601	97231.5	4.861.575
ORTHO008930	RNA-binding (RRM/RBD/RNP motifs) family protein	AT1G09230	398;6397;16071;16070;44260;43170;71704;8152;8150;44237;9987;90304;6139;46483;6725;1901360;34641;6807;44238;6396;10467;377;375;8380;5689;5681;44428;44446;44422;5575;43226;44424;44464;5623;5622;43229;5634;43231;43227;30529;32991;30626;17069;3723;3676;1901363;5488;3674;97159;97157;36002;10229;90567;48608;3006;32502;22414;48856;61458;48731;7275;44767;44699;44707;32501;44702;9791;48367	5868	3726.5	6692.5	7517	4356	1227	1818.5	1581	8868.5	1462	669	679.5	8205.5	7996	7917.5	7782	8473.5	6683.5	8485.5	9057	8711.5	7725	2037	5601	104980.5	5.249.025
ORTHO005647	two-pore  channel 1	AT4G03560	80141;42304;19217;10565;31323;50794;50789;65007;8150;19222;19216;80090;31326;9889;46890;80140;5262;15085;72509;22890;8324;15075;22891;22857;5215;3674;6810;51234;51179;55085;44763;9987;44699;44765;1902578;22892;34220;6811;98655;6812;72511;46873;30001;70588;98662;98660;6816;70838;5261;5216;22838;15267;22803;5774;44437;44444;44424;44464;5575;5623;5622;5737;44446;44422;43226;43229;5773;43231;43227;98588;31090;16020;98805;325;5245;22843;5244;22832;22836;51049;32879;34765;34762;43269;5509;46872;43169;43167;5488;5886;71944;5794;12505;9845;44707;32501;90351;9791;44767;32502;7275;10119;16021;31224;44425;19722;19932;35556;7165;51716;50896;7154;44700;23052	5869	5124	4021.5	2174	5307.5	5547	5632	6864	2435.5	3987	5471.5	1510.5	4444	3497	6092	3023.5	3796.5	1425.5	4441	3621.5	4321	2328.5	4224.5	988.5	73651	3682.55
ORTHO007417	anaphase promoting complex 6	AT1G78770	16567;32446;70647;6464;36211;19538;43170;71704;8152;8150;44238;43412;44267;44260;44237;9987;32875;10564;51726;50794;50789;65007;90329;6275;51052;19219;80090;19222;51171;31323;60255;2000112;31326;9889;10556;5634;43231;43227;43226;5575;43229;44424;44464;5623;5622;5515;5488;3674;10087;9888;48856;32502	5870	4973	4830	3790	2982.5	5665.5	3327	5957	6823.5	502	2290	2000.5	6071.5	1800.5	4705.5	3976.5	5864.5	2199.5	6700.5	6467.5	6180.5	2923.5	3967	6057.5	83480	4174
ORTHO001131_1	Disease resistance protein (TIR-NBS class)	AT4G23440	5634;43231;43227;43226;5575;43229;44424;44464;5623;5622;5524;35639;1901265;1901363;5488;3674;97159;43168;43167;32559;30554;17076;166;36094;32555;32553;97367;32550;32549;1882;1883;5886;16020;71944;7165;50794;50789;65007;8150;51716;9987;50896;7154;44763;44699;44700;23052	5871	6593	4717	3563	5748	6417	4118.5	3467	1954.5	7183	3366.5	3775.5	3207	2711.5	2702.5	3976.5	4666	3949	5851	6368.5	4226.5	4612.5	4843.5	4898	82294.5	4.114.725
ORTHO000660	zinc transporter 5 precursor	AT1G05300;AT2G32270;AT3G12750	6812;6811;44765;6810;51234;51179;8150;1902578;44699;8324;15075;22891;22857;5215;3674;55085;44763;9987;22892;34220;98655;5886;16020;5575;44464;5623;71944;46873;22890;30001;71577;98662;98660;6829;41;70838;72511;5385;72509;46915;16021;31224;44425;10043;10038;10035;42221;50896;1990267	5872	7620	6949.5	8027	3586.5	4723.5	8099	7935.5	8882.5	6756.5	6343	4309	7743	2711.5	3521.5	3976.5	5281.5	2199.5	5851	7986	6180.5	3374.5	5295.5	8159	109329	5466.45
ORTHO004563	Tetratricopeptide repeat (TPR)-like superfamily protein	AT4G30480	5737;44424;44464;5575;5623;5622;51879;31072;5515;5488;3674;5634;43231;43227;43226;43229	5873	4264	4035	2197	5196	1658.5	3430	6864	4816.5	6139.5	3269.5	511.5	4555.5	4134.5	6192.5	2914	7973	5992	4165.5	5726.5	3323	940	289	971.5	73866.5	3.693.325
ORTHO006774	Clathrin adaptor complexes medium subunit family protein	AT1G56590	30125;30118;30117;98796;43234;32991;5575;44425;16020;44444;44424;44464;5623;5622;5737;48475;30120;44433;44446;44422;43226;43229;31410;31982;30662;30659;12506;31090;43227;31988;16023;43231;98588;98805;30135;30665;30136;30131;30119;6623;1902580;51641;51179;8150;1902578;44699;6605;6886;15031;45184;51234;8104;33036;71702;6810;46907;51649;34613;70727;1902582;44765;16482;72665;33365;72666;72594;7034;5794;12505;9630;9606;9605;50896;9629;9628	5874	5330	6635	7396	2982.5	4675.5	4813.5	3608	4142	4667	4349	7471	3550	7699.5	7401.5	5325.5	5108	6590	7042	8125.5	2160.5	6182.5	5649	5601	104161	5208.05
ORTHO006856	cyclin-dependent kinase-subunit 1	AT2G27960;AT2G27970	16538;19887;19207;30234;98772;3674;50790;19222;50789;65007;8150;65009;42325;19220;51174;31323;50794;45859;43549;51338;1932;31399;32268;51246;80090;60255;5515;5488;4693;97472;4672;16301;16772;16740;3824;8152;16310;6796;6793;44237;9987;16773;6468;6464;36211;19538;43170;71704;44238;43412;44267;44260;51726;4674;42023;44786;6261;6260;6259;90304;6139;46483;6725;1901360;34641;6807;34645;9059;1901576;9058;44249;22402;44763;44699;7049;44711;44710;51301;5634;43231;43227;43226;5575;43229;44424;44464;5623;5622;5737;278	5875	5993	4642.5	3410	6664	2953.5	8450	3361.5	3450	8535.5	4285.5	6602.5	4677	3283.5	1812.5	3976.5	3448	5368	3553	4848	3870	2677	2917	3447.5	81516.5	4.075.825
ORTHO009329	Chaperone DnaJ-domain superfamily protein	AT5G49580	6457;9987;8150;5737;44424;44464;5575;5623;5622	5876	4673	4975	4074	2982.5	838.5	6220	7084	4405.5	6139.5	4251.5	7933	1352	4344	5596.5	6712.5	494	8196	1290	2610.5	1403	4169	5902.5	6281	85223	4261.15
ORTHO005938	ATP-dependent peptidases	AT5G50340	6281;6259;44260;43170;71704;8152;8150;44237;9987;90304;6139;46483;6725;1901360;34641;6807;44238;6974;33554;51716;50896;6950;44763;44699;44710;3684;3677;3676;1901363;5488;3674;97159;9295;5575;5524;35639;1901265;43168;43167;32559;30554;17076;166;36094;32555;32553;97367;32550;32549;1882;1883;8094;42623;16887;17111;16462;16818;16817;16787;3824;5737;44424;44464;5623;5622	5877	6713	5153	4429	7662	8787	7121.5	3333.5	3019	8934.5	4151.5	7129.5	7031	6542.5	7518.5	3976.5	3132	1780	2386	2820	2650	1228	1790	3679.5	87010.5	4.350.525
ORTHO008906	CONTAINS InterPro DOMAIN/s: Protein of unknown function DUF2043 (InterPro:IPR018610); ENTH/VHS (InterPro:IPR008942)	AT3G61800	5634;43231;43227;43226;5575;43229;44424;44464;5623;5622;8150;3674	5878	3736.5	6008.5	6139	4356	3446.5	3224.5	2838	7748	4272	4016	6464.5	5740	6475	6867.5	7782	8431	4253	516	7299	4668.5	5213.5	3909	2850	96014	4800.7
ORTHO008570	adenosine monophosphate kinase	AT5G47840	9570;9532;44435;44444;44424;44464;5575;5623;5622;5737;44446;44422;43226;43229;9536;43231;43227;44434;9507;4017;19201;19205;16301;16772;16740;3824;3674;8152;8150;16310;6796;6793;44237;9987;46939;9117;6753;19637;71704;55086;6139;46483;6725;1901360;34641;6807;44238;44281;44710;44699;44763;16776;5524;35639;1901265;1901363;5488;97159;43168;43167;32559;30554;17076;166;36094;32555;32553;97367;32550;32549;1882;1883;2000505;32844;50789;65007;51239	5879	5831	7280.5	8682	2982.5	6529	3327	6323	7325.5	6065.5	6763.5	3422.5	6895.5	5393.5	7349.5	3976.5	6825	4253	7281	8478	7568	6895.5	7554.5	7266.5	119492.5	5.974.625
ORTHO003966	short-chain dehydrogenase-reductase B	AT3G12800	5777;42579;43231;43227;43226;5575;43229;44424;44464;5623;5622;44444;5737;5774;44437;44446;44422;5773;98588;31090;16020;98805;8670;16628;16627;16491;3824;3674;8152;8150;55114;44710;44699	5880	7246	7387.5	8895	6194	2239.5	8499.5	6142.5	8149.5	8647.5	3426.5	8763	8410.5	7101	7917.5	6712.5	1356.5	4595	7153	5337	7052	7016	8247	8512	125278	6263.9
ORTHO003751	VPS54	AT4G19490	938;44431;44444;44424;44464;5575;5623;5622;5737;44446;44422;43226;43229;5794;43231;43227;12505;43234;32991;44433;31410;31982;16023;31988;9507;9536;139;98588;31090;16020;6896;16482;46907;6810;51234;51179;8150;51649;51641;6892;48193;1902582;44765;1902578;44699;16192;7034;42147;16197;19905;149;5515;5488;3674	5881	3562	3495	1109	1522.5	5155.5	2627.5	6652	2465.5	2642.5	3269.5	1658	1352	4560	5254.5	2080.5	693.5	5944.5	3977	5447	3454.5	2328.5	3606.5	648	63817	3190.85
ORTHO006117	poly(A) binding protein 7	AT2G36660	5737;44424;44464;5575;5623;5622;5634;43231;43227;43226;43229;6417;10608;10468;60255;19222;50789;65007;8150;32268;51246;80090;31323;50794;34248;51171;2000112;31326;9889;10556;3723;3676;1901363;5488;3674;97159;3743;8135;6412;43043;43604;43603;34641;6807;8152;44237;9987;44271;44249;9058;6518;1901564;71704;1901566;1901576;44267;19538;43170;44238;44260;34645;9059;10467;6413;166;36094;1901265	5882	8072	5122	4362	7245.5	3824	6395	8973	5355.5	7620	4343	7509	4492.5	1184.5	1677.5	5325.5	8662	5569	1164.5	1177	2722.5	1228	2291.5	7190.5	86704.5	4.335.225
ORTHO008621	myb domain protein 67	AT3G12720	3700;1071;3674;2001141;31326;9889;19222;50789;65007;8150;31323;50794;51252;19219;80090;51171;60255;10556;6355;1903506;10468;2000112;3682;44877;5488;3677;3676;1901363;97159;5634;43231;43227;43226;5575;43229;44424;44464;5623;5622	5883	5838	4841	3799	6534	293	5205.5	5121.5	1625	8168.5	3639.5	4670	5740	1800.5	3521.5	3976.5	5281.5	3580	5347.5	5337	7254	4612.5	3476.5	4898	83548.5	4.177.425
ORTHO000853_1	ARM-repeat/Tetratricopeptide repeat (TPR)-like protein	AT5G10200	8150;5886;16020;5575;44464;5623;71944;5634;43231;43227;43226;43229;44424;5622	5884	6227	3030	176	7245.5	4008	1789.5	3749	3895.5	4707.5	5208.5	1687.5	1352	138	136.5	3128	2723	398	2030.5	3129.5	2420.5	268	891.5	476	42137	2106.85
ORTHO005139	fatty acid amide hydrolase	AT5G64440	5794;43231;43227;43226;5575;43229;44424;44464;5623;5622;44444;5737;12505;5789;98588;31090;16020;44422;44432;44446;5783;44425;42175;70291;34308;6066;1901615;71704;8152;8150;44281;44710;44699;42439;44763;9987;6576;44106;9308;1901564;6807;34641;44237;42742;9617;51707;43207;9605;50896;9607;51704;98542;6952;6950;47412;16811;16810;16787;3824;3674;5774;44437;5773;98805;4040;16884;16879;16874;5886;71944;16021;31224	5885	3335	5644	5403	4356	2557.5	6338	2796	2959	8231.5	4016	4566	6227	6764.5	6867.5	7782	8179	4673.5	3944	2610.5	7052	2061	1322	3103.5	92050.5	4.602.525
ORTHO004747	Alanyl-tRNA synthetase	AT1G50200	5524;35639;1901265;1901363;5488;3674;97159;43168;43167;32559;30554;17076;166;36094;32555;32553;97367;32550;32549;1882;1883;6419;6418;43039;6399;34660;16070;44260;43170;71704;8152;8150;44237;9987;90304;6139;46483;6725;1901360;34641;6807;44238;43038;6520;1901564;19752;43436;6082;44281;44710;44699;44763;6412;43043;43604;43603;44271;44249;9058;6518;1901566;1901576;44267;19538;34645;9059;10467;5737;44424;44464;5575;5623;5622;9507;9536;43231;43227;43226;43229;44444;46872;43169;46686;10038;10035;42221;50896;16597;31406;43177;6400;9451;43412;8033;34470;6396;5739;5829;4813;4812;16876;16875;16874;3824;49;3723;3676	5886	6725	4926	3966	5748	4865.5	3327	4734	4253	7722.5	5669.5	8272.5	3084.5	2711.5	2702.5	3976.5	1266	2558	4263.5	6148	6696	3374.5	4500.5	4484	84609.5	4.230.475
ORTHO007123	RELA/SPOT homolog 1	AT4G02260	5737;44424;44464;5575;5623;5622;15969;9150;6163;72521;46483;44237;8152;8150;9987;6725;1901360;71704;34641;6807;1901564;9117;6753;19637;6793;55086;6139;44238;44281;44710;44699;44763;6796;9259;19693;1901135;1901068;46128;9119;9116;1901657;42278;34035;34032;33865;33875;9507;9536;43231;43227;43226;43229;44444;8893;16794;42578;16788;16787;3824;3674;9611;6950;50896;8728;16778;16772;16740;42594;31667;9991;9605	5887	5533	4963.5	4040	6478.5	5773	3758	5568.5	4953	7830	3269.5	2553.5	3501.5	1800.5	3936.5	3976.5	901	3121	5502	7080	5422.5	5603	5263	5222.5	85035.5	4.251.775
ORTHO009026	Ribosome recycling factor	AT3G01800	5739;43231;43227;43226;5575;43229;44424;44464;5623;5622;44444;5737;70126;6415;43624;43241;32984;43933;16043;71840;8150;9987;22411;44763;44699;71822;6412;43043;43604;43603;34641;6807;8152;44237;44271;44249;9058;6518;1901564;71704;1901566;1901576;44267;19538;43170;44238;44260;34645;9059;10467;32543;1902589;6996;7005;44711;44710;43023;43021;44877;5488;3674	5888	3751	4310	2732	4356	176	1011	2962.5	1691	4289.5	4046	2640.5	1352	5744	1184.5	6712.5	8915	7028	2952.5	3976	7786.5	7881	2553	4586.5	77488	3874.4
ORTHO008751	Hypoxanthine-guanine phosphoribosyltransferase	AT1G71750	287;46872;43169;43167;5488;3674;5829;44444;44424;44464;5575;5623;5622;5737;6178;43096;9113;72522;19438;6725;44237;8152;8150;9987;44249;9058;44271;34641;6807;18130;46483;1901362;1901360;71704;1901576;72521;1901564;1901566;46112;9112;55086;6139;44238;44281;44710;44699;44763;44711;6144;46148;42440;43101;43094;34654;46099;46098;16740;3824;32264;32261;43173;9165;1901293;90407;19637;6793;6753;6796;9117;6164;6163;6188;46040;9150;9259;19693;1901135;9167;9161;9123;9126;9152;9260;46390;1901137;9168;9156;9124;9127;9116;1901657;46100;6168;46084;46083;32263;6166;43174;9163;1901659;46129;42451;42278;46128;9119;42455;6177;1901070;1901068;46037;9845;44707;32501;90351;9791;44767;32502;7275;4422;16763;16757	5889	3845	4689.5	3490	4356	6529	7389.5	2114.5	1839.5	5898.5	1981	3218	5066	3815.5	3265	6712.5	3958.5	3121	3730.5	6689.5	4668.5	3754	5902.5	2314	81967.5	4.098.375
ORTHO009538	Tetratricopeptide repeat (TPR)-like superfamily protein	AT3G05625	5739;43231;43227;43226;5575;43229;44424;44464;5623;5622;44444;5737;9507;9536;9793;44702;22414;8150;44699;3006;32502;9790;44767;48856;7275;44707;32501;48316;48608;61458;48731;9791;10154	5890	4689	3601	1312	2982.5	1423	6963.5	4088	2940	2496	4199.5	528	5740	3283.5	4462	6712.5	3589	4253	3233.5	3231	4833.5	1466	1121.5	1696.5	66260	3313
ORTHO009539	Peptide chain release factor 1	AT2G47020	55114;44710;8152;8150;44699;55129;6561;9084;1901607;1901605;6520;1901564;71704;6807;19752;43436;6082;44281;44763;9987;44237;44238;8652;46394;16053;44283;44711;9058;1901576;44249;1901566;9064;18130;46483;1901362;1901360;6560;5737;44424;44464;5575;5623;5622;4735;16646;16645;16491;3824;3674;5618;30312;71944;9651;6970;9628;50896;6950;9408;9266	5891	4689	3602	1313	2982.5	390.5	5903	1912	1042.5	6020	6763.5	1198.5	1352	1800.5	5413.5	6712.5	4135	3121	3283.5	1043.5	2420.5	4471.5	6709	2575	66267.5	3.313.375
ORTHO005266	plasmodesmata callose-binding protein 5	AT3G58100	5886;16020;5575;44464;5623;71944;46658;31226;44459;44425;31224;31225;8150;1872;30247;1871;5488;3674;30246;9506;5911;30054;55044	5892	6437	3030	168	5748	3891.5	1672.5	3787.5	3933.5	3494	5237	1323.5	1352	138	136.5	3232.5	2870	398	2136.5	3331	2789	320.5	1203	487	41733.5	2.086.675
ORTHO004889	Defender against death (DAD family) protein	AT1G32210;AT2G35520	6486;44763;9987;8150;44699;6464;36211;19538;43170;71704;8152;44238;43412;44267;44260;44237;43413;70085;44723;5975;44710;9101;9100;1901135;34645;9059;1901576;9058;44249;1901137;4579;4576;16758;16757;16740;3824;3674;5783;43231;43227;43226;5575;43229;44424;44464;5623;5622;44444;5737;12505;8250;98796;43234;32991;44425;16020;44432;44446;44422;1990234;1902494;5789;98588;31090;42175;43069;43067;10941;50794;50789;65007;60548;48523;48519;16021;31224	5893	7067	7215	8537	7947.5	6529	7790.5	8212.5	7748	1094.5	7999	2343.5	8306	2711.5	4462	5325.5	6099.5	3580	7042	8721.5	7786.5	6129	8247	6379.5	116507	5825.35
ORTHO009686	Cox19-like CHCH family protein	AT5G23395	5623;5575;6625;6605;6886;15031;45184;51234;51179;8150;8104;33036;71702;6810;46907;51649;51641;34613;70727;1902582;44765;1902578;44699;72662;1902580;7031;6996;16043;71840;9987;33365;1902589;44763;16482;72663;72594;43574;6626;70585;6839;72655;7005;5777;42579;43231;43227;43226;43229;44424;44464;5622;44444;5737;9507;9536;5739;3674	5894	4581	6736	7578	2982.5	2908.5	7802.5	7588.5	635	7183	9119.5	1810.5	8817.5	5625.5	1016	3976.5	2473	7117	7862.5	9015.5	7568	7786.5	2412.5	4678.5	105396.5	5.269.825
ORTHO008459	Metallo-hydrolase/oxidoreductase superfamily protein	AT1G29700	9507;9536;43231;43227;43226;5575;43229;44424;44464;5623;5622;44444;5737;3674;8150	5895	3007	3760	1625	4356	2557.5	2080	6741	1839.5	2721	8737.5	2038	3485	3815.5	4462	1830	3448	5101.5	3792	4131	3870	1910	3945	2699.5	69204	3460.2
ORTHO009336	Lojap-related protein	AT1G67620	3674;8150;5739;43231;43227;43226;5575;43229;44424;44464;5623;5622;44444;5737	5896	4583	7428.5	8961	2982.5	9071	6954.5	8619.5	8734	6038.5	3831.5	5172.5	4165.5	5465	693	6712.5	1321	7637	8830	8632.5	8663	8840	8952	8923.5	127256.5	6.362.825
ORTHO003759	Nucleotidyltransferase family protein	AT2G45620	71076;31123;6396;16070;44260;43170;71704;8152;8150;44237;9987;90304;6139;46483;6725;1901360;34641;6807;44238;10467;60964;60147;60968;50794;50789;65007;60966;50265;70569;16779;16772;16740;3824;3674;5634;43231;43227;43226;5575;43229;44424;44464;5623;5622;1903705;51254;45935;31325;9893;48518;19222;48522;31323;19219;80090;51171;51173;51252;60255;10604;10628;10468;1900370;60148;1900368;90065;70920;48583;48584	5897	3125	6682	7467	4356	3351.5	7630.5	4294	4060.5	3176.5	8984.5	6171.5	6895.5	6764.5	7129	7782	5329.5	5720	1031	4727.5	4833.5	7358	5586.5	3841	104667	5233.35
ORTHO009486	binding	AT4G27750	6109;80090;19222;50789;65007;8150;9745;10182;9756;7165;50794;51716;9987;50896;7154;44763;44699;44700;23052;71322;71310;10033;42221;70887;1901701;1901700;9743;71329;71324;34285;9744;5634;43231;43227;43226;5575;43229;44424;44464;5623;5622	5898	4588	6223	6548	2982.5	7499.5	1881	6978.5	8392	2702	982	743.5	7189	1800.5	5596.5	6712.5	4761	4253	4663	7692.5	6696	5213.5	7486	7223	98465	4923.25
ORTHO004708	Peptidase C12; ubiquitin carboxyl-terminal hydrolase 1	AT1G65650	6511;19941;51603;6508;19538;43170;71704;8152;8150;44238;44257;30163;9057;1901575;9056;44265;44260;44237;9987;44248;44267;43632;5622;44464;5575;5623;48367;44767;32502;44699;48731;48856;7275;44707;32501;5634;43231;43227;43226;43229;44424;5515;5488;3674;48366;48827;4843;19783;8234;70011;8233;16787;3824;36459;5737;16579;70646;70647;6464;36211;43412;8242;8238;10016;9653	5899	6048	4984	4069	5346	5580	5450	6864	4816.5	5971	3948.5	6327.5	1352	7909	8452	2821	7071	1780	4388	3699	4023	1656	2129.5	945.5	85183.5	4.259.175
ORTHO009310	Arabidopsis Hop2 homolog	AT1G13330	5634;43231;43227;43226;5575;43229;44424;44464;5623;5622;51026;22607;16043;71840;8150;9987;44085;1903046;22402;44763;44699;7049;51321;3;7129;70192;51276;6996;1902589;7126;280;48285;45143;45132;98813;7059;7127;7131;35825;6310;6259;44260;43170;71704;8152;44237;90304;6139;46483;6725;1901360;34641;6807;44238;44710;3674	5900	4590.5	6024	6148	2982.5	6898	2080	6741	7455	1506.5	6763.5	998	6895.5	1800.5	5523	6712.5	4252.5	3580	4113.5	7194	5061.5	4709	6854	6949.5	96087.5	4.804.375
ORTHO005260	Ku70-binding family protein	AT3G03420	4222;4175;70011;8233;16787;3824;3674;8152;8150;6508;19538;43170;71704;44238;8237;9507;9536;43231;43227;43226;5575;43229;44424;44464;5623;5622;44444;5737	5901	3455	6700.5	7500	4356	2054	6375	1912	9116	1409.5	3831.5	5053	1352	5223.5	551	6712.5	7758	7885.5	9140	1426	9023	9026.5	9049	7997	104895	5244.75
ORTHO010201	Duplicated homeodomain-like superfamily protein	AT1G49010	3682;44877;5488;3674;9733;9725;9719;50896;8150;10033;42221;5634;43231;43227;43226;5575;43229;44424;44464;5623;5622;9651;6970;9628;6950;9751;14070;1101;1901700;9739;33993;3700;1071;2001141;31326;9889;19222;50789;65007;31323;50794;51252;19219;80090;51171;60255;10556;6355;1903506;10468;2000112;46686;10038;10035;9753;3677;3676;1901363;97159	5902	7921	7357.5	8813	8202.5	7658.5	7665	8979	7455	8319	6543	6440	3202.5	6238	7082.5	6712.5	6825	1017	2712.5	7871	6908	5603	7554.5	8258.5	123044.5	6.152.225
ORTHO009044	Ribosomal L5P family protein	AT4G01310	9570;9532;44435;44444;44424;44464;5575;5623;5622;5737;44446;44422;43226;43229;9536;43231;43227;44434;9507;9941;9526;31967;31975;6412;43043;43604;43603;34641;6807;8152;8150;44237;9987;44271;44249;9058;6518;1901564;71704;1901566;1901576;44267;19538;43170;44238;44260;34645;9059;10467;3735;5198;3674;16020;44822;3723;3676;1901363;5488;97159;22625;15934;44391;30529;32991;5840;43232;43228;44445;5829;22626;27;22618;71826;43933;16043;71840;34622;65003;22607;44085;22613;42255;70925;6996;42254;42273;9735;9725;9719;50896;10033;42221	5903	3860	3891	1879	4356	5432.5	5146.5	6428.5	1328.5	3622.5	6343	307.5	4738	3815.5	2702.5	6712.5	737	2558	3352	3747	4103	3026	5171.5	2439.5	71711.5	3.585.575
ORTHO001638	Peroxidase superfamily protein	AT2G39040	9664;71555;45229;16043;71840;8150;9987;71554;71669;6950;50896;9506;5911;30054;5575;55044;5576;4601;16684;16491;3824;3674;8152;55114;44710;44699;16209;9505;5618;30312;44464;5623;71944	5904	8230	5993.25	6082.5	7245.5	7853.5	7278	6507.5	3855	8319	3831.5	3950.5	1352	906.5	1549	8358	6549	1295.5	2770.5	2935	8468.5	4067	7156	8718	95720	4786
ORTHO000937_2	Plant invertase/pectin methylesterase inhibitor superfamily	AT3G05620	5886;16020;5575;44464;5623;71944;16301;16772;16740;3824;3674;8152;8150;16310;6796;6793;44237;9987	5905	3767	6960.5	8016	4356	3141.5	5581	3572	3340.5	8934.5	8404	5931	6895.5	8616.5	5034.5	7782	5685	8278	2936.5	6555.5	248	7786.5	7156	3340.5	109219	5460.95
ORTHO007754	isovaleryl-CoA-dehydrogenase	AT3G45300	9083;9081;6520;1901564;71704;8152;8150;6807;19752;43436;6082;44281;44710;44699;44763;9987;44237;44238;9063;46395;16054;44282;44712;9056;1901575;44248;1901565;6552;1901606;1901605;6551;5739;43231;43227;43226;5575;43229;44424;44464;5623;5622;44444;5737;8470;3995;16627;16491;3824;3674;55114;55088;48878;42592;65008;65007;33539;6635;9062;44242;16042;6629;44255;72329;32787;6631;19395;34440;30258;50660;50662;48037;5488;43168;43167;166;36094;1901265;1901363;97159;52890;62;1901681;5759;44429;44446;44422;70013;43233;31974;9055;5524;35639;32559;30554;17076;32555;32553;97367;32550;32549;1882;1883	5906	4378	6852	7798	2982.5	7694	5223.5	2114.5	2959	3934	9098	5631.5	1352	5540	988	3976.5	1321	7117	8406.5	8214	7636	8473.5	8723	8763	107165	5358.25
ORTHO008204	Ribosomal protein L23/L15e family protein	AT4G39880	32543;1902589;6996;16043;71840;8150;9987;44763;44699;6412;43043;43604;43603;34641;6807;8152;44237;44271;44249;9058;6518;1901564;71704;1901566;1901576;44267;19538;43170;44238;44260;34645;9059;10467;7005;44711;44710;3735;5198;3674;5762;44429;44444;44424;44464;5575;5623;5622;5737;44446;44422;43226;43229;5739;43231;43227;315;15934;44391;30529;32991;5840;43232;43228;313;5761;5759;70013;43233;31974;3723;3676;1901363;5488;97159;42254;22613;44085	5907	7848	5055.5	4204	8202.5	3073.5	7901	4571	5851.5	5381	3426.5	5780	4677	906.5	1910.5	5325.5	3752	1538.5	3301	7194	4833.5	2763	6194.5	7543.5	85924	4296.2
ORTHO004010	Nucleotide-diphospho-sugar transferase family protein	AT4G01220;AT4G01750;AT4G01770	9507;9536;43231;43227;43226;5575;43229;44424;44464;5623;5622;44444;5737;139;98588;31090;16020;44422;44431;44446;5794;12505;10306;10396;10393;5976;5975;71704;8152;8150;44238;43170;52325;70592;10383;44036;44260;44237;9987;71554;33692;271;16051;44723;44710;44699;1901576;9058;44711;9059;34637;44262;44763;44249;44264;34645;44038;70589;44085;71840;42546;52546;45488;9664;71555;45229;16043;71669;45489;9832;16021;31224;44425;48868;3006;32502;22414;48856;9856;44703;51704;44706;32501;42285;16763;16757;16740;3824;3674;35252;8194	5908	5279	5224	4540	2982.5	4758	5303	4964	6225	6687	5788.5	4949	5740	1800.5	3521.5	3976.5	4548.5	2724.5	5128	4925	1982	4780.5	4961.5	4801	87564	4378.2
ORTHO009498	RNA-binding (RRM/RBD/RNP motifs) family protein	AT1G70200	9507;9536;43231;43227;43226;5575;43229;44424;44464;5623;5622;44444;5737;3676;1901363;5488;3674;97159;166;36094;1901265	5909	4601	4180	2451	2982.5	2170	4835.5	5698.5	2338	8319	3831.5	6361.5	5066	504	2702.5	6712.5	6208.5	1669.5	2825	4131	3345.5	1566.5	2553	4898	75736	3786.8
ORTHO008270	Polynucleotidyl transferase; ribonuclease H-like superfamily protein	AT1G55870	46872;43169;43167;5488;3674;6397;16071;16070;44260;43170;71704;8152;8150;44237;9987;90304;6139;46483;6725;1901360;34641;6807;44238;6396;10467;6970;9628;50896;6950;90501;90305;9651;6952;9751;14070;10033;42221;1101;1901700;3723;3676;1901363;97159;9737;9725;9719;33993;97305;5737;44424;44464;5575;5623;5622;9451;43412;5634;43231;43227;43226;43229;4535;175;8408;4527;4518;16788;16787;3824;16896;4532;4540;90503;16796	5910	3775	6713	7516	4356	6382	3129.5	4109.5	6584	4596	7594	528	6071.5	6501	6867.5	7782	4761	5221.5	4715	8025.5	4946	6576.5	7486	3103.5	104980	5249
ORTHO000349_1	Plant invertase/pectin methylesterase inhibitor superfamily	AT1G02810;AT2G47550;AT4G02330	42545;71555;45229;16043;71840;8150;9987;71554;45490;272;5976;5975;71704;8152;44238;43170;16052;1901575;9056;9057;45488;10393;30599;52689;16788;16787;3824;3674;9505;5618;30312;44464;5575;5623;71944;46910;4857;30234;98772;50790;19222;50789;65007;65009;43086;44092;9892;48519;5576;9620;51707;43207;9605;50896;9607;51704;9409;9266;9628;6950;9741;9725;9719;10033;42221;14070;33993;97305;1901700	5911	5398	6002.5	6094	6358.5	7677.5	3513	5957	1916	3955	2290	3422.5	6071.5	1800.5	5034.5	6712.5	5864.5	3750.5	6700.5	7871	6180.5	5789.5	4927.5	6379.5	95813.5	4.790.675
ORTHO003078	ROP-interactive CRIB motif-containing protein 4	AT5G16490	17157;60627;50794;50789;65007;8150;51049;32879;1903530;51046;60341;16324;98590;44459;44464;5575;5623;44425;16020;5886;71944;98589;98805;45177;5515;5488;3674;9860;44702;22414;44699;904;902;32989;16043;71840;9987;9653;32502;48856;48869;44767;44763;48468;30154;3006;48588;48589;40007;16049;9932;9826;60560;48868;9856;44703;51704;44706;32501;40008;51650;51649;51234;51179;51641;51648;51640;51656;30833;8064;30832;32535;90066;65008;32956;51493;33043;51128;32970;32271;43254;44087;10215;30198;43062;71668;70726;22607;44085;71555;45229;71554;42546;9664;71669;9832;9507;9536;43231;43227;43226;43229;44424;5622;44444;5737	5912	5664	7177	8442	6534	7633.5	3327	7290.5	2570.5	2385.5	2809.5	2553.5	7554	8316	8163.5	5325.5	7299	5720	8364.5	8882	2313	8091	8348.5	7721.5	114668.5	5.733.425
ORTHO007822	plant-specific TFIIB-related protein	AT4G36650	17025;8134;5515;5488;3674;6413;44237;8152;8150;9987;6412;43043;43604;43603;34641;6807;44271;44249;9058;6518;1901564;71704;1901566;1901576;44267;19538;43170;44238;44260;34645;9059;10467;6355;1903506;2001141;31326;9889;19222;50789;65007;31323;50794;51252;19219;80090;51171;60255;10556;10468;2000112;6352;32774;16070;90304;6139;46483;6725;1901360;34654;19438;18130;1901362;6351;97659;8270;46914;46872;43169;43167;9527;31968;31090;16020;5575;44422;43226;43227;19867;44424;44464;5623;5622;98805;31967;31975;44446;43229;98588;42170;44435;44444;5737;9536;43231;9526;5634;3743;8135;3723;3676;1901363;97159;182;1990837;3690;43566;3677;43565	5913	3649	6703	7493	4356	5351.5	1204	7192	7748	1750.5	8314	3422.5	1352	6971	7195	7782	6027	5368	7398	748	7254	7520.5	8348.5	3920	104866.5	5.243.325
ORTHO008619	fatty acid desaturase 6	AT4G30950	9941;9526;31967;31975;44464;5575;5623;44446;44422;43226;44424;5622;43229;43227;44435;44444;5737;9536;43231;44434;9507;9706;9528;19866;31090;16020;42170;31969;6636;6633;72330;46394;16053;6082;71704;8152;8150;44281;44710;44699;44763;9987;44237;44283;44711;9058;1901576;44249;19752;43436;32787;6631;44255;6629;44238;8610;33559;10205;43155;42548;10109;31323;50794;50789;65007;19222;43467;31324;48523;48519;9892;9644;9642;9416;9314;9628;50896;45485;16705;16491;3824;3674;55114;16021;31224;44425	5914	3780	6805.5	7697	2097	5621	2528	7331	7978	6198.5	2129.5	2086	1352	6971	7195	7782	630	5368	7398	8632.5	7254	7567	8405	3920	106346.5	5.317.325
ORTHO009406	E3 Ubiquitin ligase family protein	AT1G63900	46872;43169;43167;5488;3674;8033;34470;34660;16070;44260;43170;71704;8152;8150;44237;9987;90304;6139;46483;6725;1901360;34641;6807;44238;6396;10467;6399;5634;43231;43227;43226;5575;43229;44424;44464;5623;5622;42781;16891;4521;4519;4518;16788;16787;3824;90305;4540;90501;90502;16893;34414;42779;42780;43628;31123;9507;9536;44444;5737	5915	4608	4748.5	3582	2982.5	5621	7378.5	6428.5	2729.5	7485	3526	2291.5	3566	2711.5	4705.5	6712.5	7840	2199.5	3039	3747	3978	1566.5	1035	5806	82366.5	4.118.325
ORTHO009658	Rhodanese/Cell cycle control phosphatase superfamily protein	AT2G40760	9507;9536;43231;43227;43226;5575;43229;44424;44464;5623;5622;44444;5737;7568;44767;32502;8150;44699;3674	5916	4719	3782.5	1649	2982.5	1423	3129.5	2684	6712.5	4996	3269.5	3872	1352	3283.5	3721.5	6712.5	3264.5	2199.5	3119	5852	3604.5	2213.5	3123.5	4898	69430.5	3.471.525
ORTHO007712	Noc2p family	AT3G55510	5634;43231;43227;43226;5575;43229;44424;44464;5623;5622;10582;44702;22414;8150;44699;3006;32502;10022;44767;44707;32501;10073;48507;9888;48856;48513;48731;7275;9908;90567;48608;61458;9791;48367	5917	5875	7272.5	8628	6664	7812.5	4528.5	6573	1839.5	2059	8314	8427	6895.5	8072	7667.5	5325.5	6825	4400	1922	8632.5	7254	7301.5	7611.5	6949.5	118410	5920.5
ORTHO001059	ubiquitin-protein ligase 1	AT1G55860;AT1G70320	16874;3824;3674;8152;8150;16567;32446;70647;6464;36211;19538;43170;71704;44238;43412;44267;44260;44237;9987;6511;19941;51603;6508;44257;30163;9057;1901575;9056;44265;44248;43632;5739;43231;43227;43226;5575;43229;44424;44464;5623;5622;44444;5737;42787;4842;19787;16740;151;1990234;1902494;43234;32991;9506;5911;30054;55044;5634;16020;5829;61630;61659	5918	4258	5342	4766	2982.5	916	961	8884.5	702.5	7064	3136.5	7651.5	1352	5709.5	1184.5	6712.5	8865	7335.5	2519	3466.5	2199	8330.5	3020	8812	88822	4441.1
ORTHO006574	enoyl-CoA hydratase/isomerase A	AT4G16210	5739;43231;43227;43226;5575;43229;44424;44464;5623;5622;44444;5737;3824;3674;8152;8150;5777;42579;16853	5919	4838	4318.25	2717.5	2982.5	6529	5410	6741	1042.5	3084.5	982	1198.5	1352	1800.5	5413.5	6712.5	4135	3121	3944	3976	4833.5	4067	6365	6732.5	77440	3872
ORTHO003429	Protein kinase superfamily protein	AT3G44610	6468;16310;6796;6793;44237;8152;8150;9987;6464;36211;19538;43170;71704;44238;43412;44267;44260;4674;4672;16301;16772;16740;3824;3674;16773;5634;43231;43227;43226;5575;43229;44424;44464;5623;5622;9507;9536;44444;5737;5524;35639;1901265;1901363;5488;97159;43168;43167;32559;30554;17076;166;36094;32555;32553;97367;32550;32549;1882;1883	5920	8531	7231.5	8543	8471	9155	8843	7935.5	4275	5514	8232.5	8654.5	5195	590	2163.5	8358	6549	663.5	7509	6001	7052	4067	7156	8718	116631.5	5.831.575
ORTHO004446	P-loop containing nucleoside triphosphate hydrolases superfamily protein	AT2G38770	398;6397;16071;16070;44260;43170;71704;8152;8150;44237;9987;90304;6139;46483;6725;1901360;34641;6807;44238;6396;10467;377;375;8380;5681;44428;44446;44422;5575;43226;44424;44464;5623;5622;43229;5634;43231;43227;30529;32991;5886;16020;71944;9507;9536;44444;5737	5921	4397	5824	5727	5284	8734.5	5944	3038.5	2611.5	8535.5	5625	5327.5	6316	5709.5	1432	2914	1633	7408	7764.5	4444	3454.5	7087	4310	1414.5	93703.5	4.685.175
ORTHO006325	E3 Ubiquitin ligase family protein	AT1G54150	8270;46914;46872;43169;43167;5488;3674;9941;9526;31967;31975;44464;5575;5623;44446;44422;43226;44424;5622;43229;43227;44435;44444;5737;9536;43231;44434;9507;4842;19787;16740;3824;8152;8150;16567;32446;70647;6464;36211;19538;43170;71704;44238;43412;44267;44260;44237;9987;16874;5739;7005;6996;16043;71840	5922	2961	5107.25	4292.5	2097	1658.5	3758	4251.5	7325.5	6050.5	5450.5	6171.5	6513.5	6764.5	7017.5	2476	1155.5	5886.5	4830.5	4527	1786	3955.5	3207	3565	86350.5	4.317.525
ORTHO000925_2	Armadillo/beta-catenin-like repeat	AT1G44120;AT1G77460	8150;5737;44424;44464;5575;5623;5622;9826;902;32989;16043;71840;9987;9653;32502;48856;48869;44767;44699;44763;60560;48589;40007;16049;52324;52541;10383;5976;5975;71704;8152;44238;43170;44036;44260;44237;71554;30243;51273;6073;44042;44264;44262;9664;71555;45229;71669;70592;33692;271;16051;44723;44710;1901576;9058;44711;9059;34637;44249;34645;44038;70589;44085;42546;30244;51274;9250;9832;5515;5488;3674;5886;16020;71944;5875;44430;44446;44422;43226;43229;5856;43232;43228;43234;32991;15630	5923	5087	5527.5	5132	2982.5	1658.5	8002.5	5348	5994	4772	5726.5	7853.5	5066	1800.5	2702.5	6712.5	4054.5	2558	4548.5	6197.5	4226.5	4471.5	4723.5	4291.5	90708	4535.4
ORTHO008413	S-adenosyl-L-methionine-dependent methyltransferases superfamily protein	AT5G40530	9507;9536;43231;43227;43226;5575;43229;44424;44464;5623;5622;44444;5737;6457;9987;8150	5924	4507	4268.5	2613	2982.5	228.5	2791.5	6428.5	2412.5	763	6543	7837	6071.5	1800.5	4792.5	6712.5	3682	2199.5	3385	6467.5	1744	2923.5	3945	6057.5	76785	3839.25
ORTHO008374	Inositol monophosphatase family protein	AT5G64380	42132;50308;19203;16791;42578;16788;16787;3824;3674;8152;8150;16311;6796;6793;44237;9987;9570;9532;44435;44444;44424;44464;5575;5623;5622;5737;44446;44422;43226;43229;9536;43231;43227;44434;9507;5975;71704;44238	5925	4513	6995	8065	2982.5	6679.5	5705.5	3065	7978	6645	4046	8311	4040	7448.5	1812.5	7360.5	5864.5	6085	7281	2534.5	5170.5	8345.5	8485	2940	109797.5	5.489.875
ORTHO008765	RNI-like superfamily protein	AT4G26980	31146;43161;10498;51603;6508;19538;43170;71704;8152;8150;44238;44257;30163;9057;1901575;9056;44265;44260;44237;9987;44248;44267;6511;19941;43632;16567;32446;70647;6464;36211;43412;5634;43231;43227;43226;5575;43229;44424;44464;5623;5622;19005;31461;151;1990234;1902494;43234;32991;5737;61630;4842;19787;16740;3824;3674;61659	5926	5246	4375	2824	2982.5	5665.5	3863.5	3625.5	1625	8934.5	982	109.5	1352	3408	4462	5325.5	8070.5	8551.5	7987	1460	3055	2608	827.5	6057.5	77970	3898.5
ORTHO000477_2	DNAJ heat shock N-terminal domain-containing protein	AT2G26890	5794;43231;43227;43226;5575;43229;44424;44464;5623;5622;44444;5737;12505;5773;7032;6996;16043;71840;8150;9987;10256;6623;1902580;51641;51179;1902578;44699;6605;6886;15031;45184;51234;8104;33036;71702;6810;46907;51649;34613;70727;1902582;44765;16482;72665;33365;72666;72594;7034;578;9880;7389;44767;32502;44707;32501;7275;9790;48856;9798;5774;44437;44446;44422;98588;31090;16020;98805;5783;31902;10008;44440;5768;5770;9660;9657;45324;16197;51301;44763;5802;98791;44431;31984;6457;7033;5634;9793;44702;22414;3006;48316;48608;61458;48731;9791;10154;42594;31667;9991;9605;50896;6950;6897;16192;9638;9606;9637;9416;9314;9628;9959;9630;9629	5927	5397	7420.5	8914	2982.5	6679.5	8793	2684	5619	4079	7886	2729	7377.5	8316	7885	6712.5	7158.5	5452.5	7987	6064.5	7925	7520.5	7486	7376.5	125731	6286.55
ORTHO007401	DnaJ/Hsp40 cysteine-rich domain superfamily protein	AT2G24860	51082;5515;5488;3674;5576;5575;31072	5928	4940	5779.25	5630.5	2982.5	6529	2328.5	6573	5994	2654.5	8606.5	1198.5	6617.5	310.5	5254.5	6075	6409	3121	3792	6860	4668.5	3754	5902.5	6553	93201.5	4.660.075
ORTHO007028	Adenine nucleotide alpha hydrolases-like superfamily protein	AT2G21620	3674;9269;9414;9415;9628;50896;8150;1101;42221;10035;1901700;6950;5737;44424;44464;5575;5623;5622;5886;16020;71944	5929	2990	4217	2505	2097	8007.5	2881	2071	5484	4585.5	2539	7917	1352	3815.5	3265	6712.5	4135	2199.5	257	6960	864.5	4067	6413.5	2575	76101.5	3.805.075
ORTHO008213	tetraspanin6	AT3G12090	7568;44767;32502;8150;44699;16021;31224;44425;5575;16020;3674	5930	4409	6769	7608	2982.5	8868.5	1410	7491.5	9089	8934.5	3917	6055	1352	6065	1109.5	3976.5	8360.5	8776.5	3301	3600	3870	8070.5	2553	8812	105612	5280.6
ORTHO009318	unknown protein	AT3G01060	9507;9536;43231;43227;43226;5575;43229;44424;44464;5623;5622;44444;5737;7623;48511;8150;3674	5931	4630	7169.5	8408	2982.5	1777	5997.5	2796	7691.5	8231.5	7382.5	8014	3746.5	8072	7667.5	7782	8408	4507	4328.5	2409.5	4668.5	6340.5	7156	7028	114004	5700.2
ORTHO003899	P-loop containing nucleoside triphosphate hydrolases superfamily protein	AT3G53110	10501;16070;44260;43170;71704;8152;8150;44237;9987;90304;6139;46483;6725;1901360;34641;6807;44238;5634;43231;43227;43226;5575;43229;44424;44464;5623;5622;5635;44428;44446;44422;31967;31975;12505;9409;9266;9628;50896;6950;16973;1902582;46907;6810;51234;51179;51649;51641;44765;1902578;44699;6406;6405;51168;6913;16482;51169;50658;50657;15931;71705;71702;51236;6403;33036;51028;10467;71427;71426;71166;9408;5737;3724;4386;17111;16462;16818;16817;16787;3824;3674;5886;16020;71944;9737;9725;9719;10033;42221;33993;97305;1901700;1101;8026;42623;16887;70035;4004;8186	5932	5215	5901.5	5871	6194	4986.5	3758	5121.5	6823.5	4804	3526	4018.5	5740	1800.5	3936.5	3976.5	8637.5	3121	5502	7408.5	5422.5	5603	5171.5	5222.5	94580	4729
ORTHO006996	RWP-RK domain-containing protein	AT5G53040	5634;43231;43227;43226;5575;43229;44424;44464;5623;5622;6351;34645;44260;43170;71704;8152;8150;44237;9987;9059;1901576;9058;44249;97659;32774;16070;90304;6139;46483;6725;1901360;34641;6807;44238;34654;19438;44271;18130;1901362;10467;3677;3676;1901363;5488;3674;97159;6355;1903506;2001141;31326;9889;19222;50789;65007;31323;50794;51252;19219;80090;51171;60255;10556;10468;2000112;9790;44767;32502;44699;48856;7275;44707;32501;3700;1071	5933	6980	5790.5	5648	7947.5	5665.5	3863.5	8863.5	2940	2170.5	3366.5	2640.5	3321	2711.5	3721.5	8358	5281.5	3580	6327	7194	8019	4169	5710.5	5433.5	93336.5	4.666.825
ORTHO009344	endonuclease/exonuclease/phosphatase family protein	AT4G36050	6281;6259;44260;43170;71704;8152;8150;44237;9987;90304;6139;46483;6725;1901360;34641;6807;44238;6974;33554;51716;50896;6950;44763;44699;44710;4527;4518;16788;16787;3824;3674;90305;3906;16835;16829;4520;4536;4519;5634;43231;43227;43226;5575;43229;44424;44464;5623;5622	5934	4632	4559.5	3185	2982.5	1554	6514	5957	5355.5	6988	5873	3808	5740	2711.5	3936.5	6712.5	2961	2199.5	3119	4100	3604.5	1778.5	2412.5	4898	80223	4011.15
ORTHO006924	Zinc finger; RING-type	AT1G09060	2000616;35067;2000757;2000756;1901983;31399;32268;51246;80090;19222;50789;65007;8150;60255;31323;50794;1901984;31400;32269;31324;48523;48519;9892;51248;10605;35065;31056;1903308;1902275;33044;33043;51128;31057;1903309;2001251;10639;51129;2000615;5515;5488;3674;3700;1071;2001141;31326;9889;51252;19219;51171;10556;6355;1903506;10468;2000112;5634;43231;43227;43226;5575;43229;44424;44464;5623;5622;976;1990837;3690;43566;3677;3676;1901363;97159;43565;44212;975;1067;10628;10604;9893;48518	5935	4947	5014	4093	2982.5	1227	7081	2114.5	5028	4155	6763.5	1198.5	6513.5	1800.5	5034.5	6712.5	6298	3121	3616	1426	7254	3609.5	5826.5	6553	85332.5	4.266.625
ORTHO009099	basic helix-loop-helix (bHLH) DNA-binding superfamily protein	AT5G43650	6351;34645;44260;43170;71704;8152;8150;44237;9987;9059;1901576;9058;44249;97659;32774;16070;90304;6139;46483;6725;1901360;34641;6807;44238;34654;19438;44271;18130;1901362;10467;6355;1903506;2001141;31326;9889;19222;50789;65007;31323;50794;51252;19219;80090;51171;60255;10556;10468;2000112;3677;3676;1901363;5488;3674;97159;5634;43231;43227;43226;5575;43229;44424;44464;5623;5622;46983;5515;3700;1071	5936	5480	6027	6118	2982.5	5580	8499.5	2460.5	4953	1584.5	2402	2343.5	6071.5	1800.5	5034.5	3976.5	8662	3949	6531	7871	6180.5	5924	6040	6057.5	95921	4796.05
ORTHO008340	unknown protein	AT5G45310	5794;43231;43227;43226;5575;43229;44424;44464;5623;5622;44444;5737;12505	5937	4522	5486	5035	2982.5	8484	2032.5	6741	800	1256.5	6763.5	998	6895.5	1800.5	5523	6712.5	4252.5	3580	3233.5	7299	5170.5	4873	6854	6949.5	90219	4510.95
ORTHO007998	RNA-directed DNA methylation 4	AT2G30280	31047;16458;10629;10605;9892;48519;50789;65007;8150;19222;60255;10468;44763;9987;44699;3700;1071;3674;2001141;31326;9889;31323;50794;51252;19219;80090;51171;10556;6355;1903506;2000112;6342;45814;40029;45892;1903507;1902679;51253;45934;51172;31324;48523;31327;9890;10558;2000113;5634;43231;43227;43226;5575;43229;44424;44464;5623;5622;6306;43414;44260;43170;71704;8152;44237;32259;43412;6305;6304;6259;90304;6139;46483;6725;1901360;34641;6807;44238;44728;32502;9791;44767;44707;32501;7275	5938	5155	5833.5	5729	2982.5	5090	7329.5	5213.5	6584	5045	7040	8004.5	5740	1800.5	3936.5	3976.5	793	4253	6109.5	1248	5422.5	5603	5295.5	5222.5	93707	4685.35
ORTHO009397	Metallopeptidase M24 family protein	AT1G09300	50821;31647;65008;65007;8150;4177;8238;70011;8233;16787;3824;3674;8152;6508;19538;43170;71704;44238;5739;43231;43227;43226;5575;43229;44424;44464;5623;5622;44444;5737;8237	5939	4635	4820	3701	2982.5	3435.5	8602.5	3522	3543	7862.5	5299	4566	1352	2711.5	5034.5	6712.5	3589	7525.5	926	2092	1403	3026	5081	6732.5	83016	4150.8
ORTHO007711	NHL domain-containing protein	AT3G14860	5576;5575;8150;3674	5940	5055	6218	6496	2982.5	8007.5	6111.5	8805.5	3568	1540.5	4069.5	6001.5	1352	6047	1040.5	3976.5	261	7376.5	8957	2124.5	8873.5	8763	2458	8795.5	98129	4906.45
ORTHO006961	splicing endonuclease 1	AT3G45590;AT5G60230	6397;16071;16070;44260;43170;71704;8152;8150;44237;9987;90304;6139;46483;6725;1901360;34641;6807;44238;6396;10467;213;16892;4521;4519;4518;16788;16787;3824;3674;90305;4540;90501;90502;16894;4549;6388;394;8380;8033;34470;34660;6399;5634;43231;43227;43226;5575;43229;44424;44464;5623;5622;214;44428;44446;44422;1902555;1902494;43234;32991;16829;379	5941	6069	6126	6311	6857.5	6085.5	4118.5	5698.5	6823.5	3084.5	7199	8051	3521	1800.5	4124.5	3976.5	5194	3121	5851	7080	5637	5434	4632	5601	97033	4851.65
ORTHO005862	S-adenosyl-L-methionine-dependent methyltransferases superfamily protein	AT2G16030	8168;16741;16740;3824;3674;8152;8150;32259	5942	6987	5572.5	5203	6194	8253.5	4118.5	2876.5	5994	7916.5	7382.5	8362	7743	2711.5	2702.5	3976.5	5032.5	1494	658	6555.5	2497	3311	4544.5	4898	91027.5	4.551.375
ORTHO007081	S-adenosyl-L-methionine-dependent methyltransferases superfamily protein	AT2G32160;AT2G32170	3674;5634;43231;43227;43226;5575;43229;44424;44464;5623;5622;8150;32259;8152;8168;16741;16740;3824	5943	5057	6480	7017	2982.5	7116	2881	6142.5	8484.5	2856.5	1810	3218	6617.5	1800.5	5335.5	3976.5	6409	3949	7042	6860	7386	6182.5	6854	6553	101474	5073.7
ORTHO009882	ACT domain-containing protein	AT5G04740	8152;8150;9570;9532;44435;44444;44424;44464;5575;5623;5622;5737;44446;44422;43226;43229;9536;43231;43227;44434;9507;9535;55035;42651;34357;16020;44436;9579;31976;31984;9534;16597;31406;43177;36094;5488;3674;43168;43167	5944	7190	6258.5	6573	6194	5974	7174	4571	5484	5369.5	5973.5	8207.5	7031	2711.5	2396.5	8358	3836.5	1617	4663	7138.5	4833.5	2923.5	6194.5	4174.5	98631.5	4.931.575
ORTHO004550	embryo sac development arrest 7	AT3G56990	5634;43231;43227;43226;5575;43229;44424;44464;5623;5622;80008;31461;151;1990234;1902494;43234;32991;5730;44428;44446;44422;43232;43228;31981;70013;43233;31974;9561;44767;32502;8150;44699;44707;32501;9553;48229;7275;48856;3674	5945	3870	5015.5	4086	2097	4415.5	3129.5	1963.5	3584	6687	291	5295.5	6071.5	6501	6867.5	5325.5	1221.5	4673.5	4663	4331	4833.5	6429	5902.5	3103.5	85289	4264.45
ORTHO007714	F-box family protein	AT3G12350	3674;8150;9507;9536;43231;43227;43226;5575;43229;44424;44464;5623;5622;44444;5737;5739	5946	4357	7150	8354	2982.5	6227.5	3129.5	6978.5	7831	4931	3792.5	5572	7189	8210.5	7737.5	7782	1155.5	4507	4548.5	8025.5	4833.5	6429	7244	7120	113244	5662.2
ORTHO003231	Cation/hydrogen exchanger family protein	AT1G16380;AT1G79400	15385;5451;15299;15078;15077;22890;8324;15075;22891;22857;5215;3674;6810;51234;51179;8150;55085;44763;9987;44699;44765;1902578;22892;34220;6811;98655;6812;15672;1902600;15992;6818;98662;98660;15298;15297;15291;22804;15491;15081;46873;30001;35725;6814;12505;44464;5575;5623;6885;55067;98771;50801;48878;42592;65008;65007;55080	5947	8194	4788.5	3630	8619	5047	7886	8467.5	7748	2988	7040	4566	4617.5	401	1432	3976.5	3200.5	1180.5	5648	5578	3942	1910	4500.5	2522	82651	4132.55
ORTHO004978	Transducin/WD40 repeat-like superfamily protein	AT3G20740	5677;44428;44446;44422;5575;43226;44424;44464;5623;5622;43229;5634;43231;43227;43234;32991;5515;5488;3674;9409;9266;9628;50896;8150;6950;7275;44767;32502;44699;44707;32501;5834;1902494;98797;44459;44425;16020;5886;71944;98796;31234;19897;19898;9898;98562;98552;6349;40029;10468;60255;19222;50789;65007;71514;6139;46483;44237;8152;9987;6725;1901360;71704;34641;6807;44238;3;6355;1903506;2001141;31326;9889;31323;50794;51252;19219;80090;51171;10556;2000112;6351;34645;44260;43170;9059;1901576;9058;44249;97659;32774;16070;90304;34654;19438;44271;18130;1901362;10467;80008;31461;151;1990234;16571;6479;43414;32259;43412;8213;6464;36211;19538;44267;16570;16569;16568;6325;43933;16043;71840;51276;6996;1902589;44763;44710;10048;3700;1071;43078;43076;2000014;80050;48580;2000026;50793;51239;2000241;166;36094;1901265;1901363;97159;9910;48581;51241;48519;51093;2000242;9909;48831	5948	5039	6444.5	6941	5552	6417	3025	6142.5	7183.5	2257.5	6763.5	3218	6617.5	1800.5	5034.5	6712.5	6409	3949	7042	6754	2039	6182.5	6854	6553	100954.5	5.047.725
ORTHO009005	Mitochondrial import inner membrane translocase subunit Tim17/Tim22/Tim23 family protein	AT5G63000	5737;44424;44464;5575;5623;5622	5949	4768	7175.5	8402	2982.5	8484	3224.5	8898	7632	3921.5	3749	4724	7031	8072	7667.5	7782	4346.5	4154.5	615.5	8551.5	4519	6429	7156	6949.5	113907	5695.35
ORTHO003425	plus-3 domain-containing protein	AT1G61040	16570;16569;16568;6325;43933;16043;71840;8150;9987;51276;6996;6464;36211;19538;43170;71704;8152;44238;43412;44267;44260;44237;1902589;44763;44699;44710;45893;10628;10604;9893;48518;50789;65007;19222;60255;10468;1903508;1903506;2001141;31326;9889;31323;50794;51252;19219;80090;51171;10556;1902680;51254;45935;31325;48522;51173;31328;9891;10557;6355;2000112;5634;43231;43227;43226;5575;43229;44424;44464;5623;5622;3677;3676;1901363;5488;3674;97159;6352;32774;9059;1901576;9058;16070;90304;6139;46483;6725;1901360;34641;6807;34654;19438;44249;44271;18130;1901362;6351;34645;97659;10467;6368;6354;6366;16593;8023;44451;44428;44446;44422;5654;31981;70013;43233;31974;43234;32991;16591;55029;428;30880;61695;1990234;1902494;9910;48581;48580;2000026;50793;51239;51241;48519;51093;2000242;2000241;9909;48831;9908;90567;48608;3006;32502;22414;48856;61458;48731;7275;44767;44707;32501;44702;9791;48367	5950	5503	5080	4210	2982.5	2295.5	1457	5568.5	8259	4941	4180.5	7223	1352	2711.5	3654.5	5325.5	4666	4253	6265.5	1919	6578.5	5308.5	5081	4898	85937.5	4.296.875
ORTHO003168	alpha/beta-Hydrolases superfamily protein	AT4G02340	8152;8150;4301;16803;16801;16787;3824;3674;5777;42579;43231;43227;43226;5575;43229;44424;44464;5623;5622;44444;5737	5951	7574	6756	7561	7947.5	5516	5535	8127	2959	5938	7594	8507.5	7743	2711.5	3047.5	5325.5	5032.5	2724.5	6185.5	4392	6578.5	4525.5	7611.5	5222.5	105276.5	5.263.825
ORTHO006933	SNARE-like superfamily protein	AT2G19790	5515;5488;3674;30125;30118;30117;98796;43234;32991;5575;44425;16020;44444;44424;44464;5623;5622;5737;48475;30120;44433;44446;44422;43226;43229;31410;31982;30662;30659;12506;31090;43227;31988;16023;43231;98588;98805;30135;30665;30136;6886;15031;45184;51234;51179;8150;8104;33036;71702;6810;46907;51649;51641;34613;70727;5794;12505;5905;98589	5952	6751	5914.5	5877	7662	8860.5	4638.5	7762	5484	8535.5	5655.5	5741.5	7031	2711.5	2396.5	3976.5	4004	2199.5	4663	5852	3870	3453.5	3492.5	4291.5	94619	4730.95
ORTHO008779	CONTAINS InterPro DOMAIN/s: DDRGK domain (InterPro:IPR019153)	AT4G27120	NA	5953	5282	5765	5577	6194	6023.5	3960	5698.5	6584	1189	7382.5	3686.5	5740	1800.5	4233.5	3976.5	5194	3121	5851	7194	5637	5434	4632	5601	92938.5	4.646.925
ORTHO007859	RING/FYVE/PHD zinc finger superfamily protein	AT1G50440	5737;44424;44464;5575;5623;5622;8270;46914;46872;43169;43167;5488;3674	5954	5829	6731.5	7509	2982.5	1959	8450	6142.5	5994	2081	6763.5	3218	6617.5	1800.5	5254.5	3976.5	6409	3949	7042	8320	7386	6182.5	6854	6553	104952.5	5.247.625
ORTHO001997	Thiamin diphosphate-binding fold (THDP-binding) superfamily protein	AT1G21400;AT5G09300	5739;43231;43227;43226;5575;43229;44424;44464;5623;5622;44444;5737;5759;44429;44446;44422;70013;43233;31974;9646;9642;9416;9314;9628;50896;8150;43617;9267;31669;31667;9991;9605;31668;51716;9987;71496;7154;44763;44699;42594;6950;33554;8152;3863;16624;16903;16491;3824;3674;55114;44710;9744;34285;9743;10033;42221;1901700;46872;43169;43167;5488	5955	7786	7297	8639	6664	8892	9029	8486	8847.5	8063.5	3792.5	9077	1352	5656	1063	5325.5	219	6145	1942.5	5852	8697	8625	8520	9093.5	118678	5933.9
ORTHO007761	NAD(P)-binding Rossmann-fold superfamily protein	AT2G21280	9507;9536;43231;43227;43226;5575;43229;44424;44464;5623;5622;44444;5737;9941;9526;31967;31975;44446;44422;44435;44434;16491;3824;3674;8152;8150;55114;44710;44699;9706;9528;19866;31090;16020;42170;31969;42803;42802;5515;5488;46983;50662;48037;10020;9658;9657;6996;16043;71840;9987;43572;48285	5956	5830	4158	2360	2982.5	4827.5	5345.5	2838	1916	8446	6343	6908.5	5195	3283.5	3521.5	3976.5	1907.5	2558	3553	4778	1963	2213.5	1094.5	4291.5	74960	3748
ORTHO004828	titan9	AT3G20070	9793;44702;22414;8150;44699;3006;32502;9790;44767;48856;7275;44707;32501;48316;48608;61458;48731;9791;10154;9960;9888;48513;5575;3674	5957	6128	3082.5	208	7245.5	3938.5	3513	3689.5	393.5	5485.5	5136	7644.5	1352	138	136.5	3232.5	2659	398	1748	2734	280	227	700.5	365.5	43771.5	2.188.575
ORTHO007970	FRAGILE HISTIDINE TRIAD	AT5G58240	43530;16811;16810;16787;3824;3674;8152;8150;47710;4551;16462;16818;16817;47627;16819;5737;44424;44464;5575;5623;5622;5829;44444;9117;6753;19637;71704;6793;44237;9987;55086;6139;46483;6725;1901360;34641;6807;44238;44281;44710;44699;44763;6796	5958	6566	5415	4872	7245.5	5016	8002.5	5348	5994	8006.5	3366.5	5572	7189	2711.5	2702.5	3976.5	1155.5	2558	4388	6240	4226.5	3609.5	4668	4678.5	89409	4470.45
ORTHO009014	unknown protein	AT4G35980	3674;8150;5634;43231;43227;43226;5575;43229;44424;44464;5623;5622	5959	6676	6096	6233	7662	4913	4341	2614.5	6379.5	6381.5	6543	4566	7743	2711.5	3721.5	3976.5	4761	3121	5347.5	8478	5265	5308.5	5171.5	5222.5	96566	4828.3
ORTHO005519	Ribosomal L18p/L5e family protein	AT3G45020	6412;43043;43604;43603;34641;6807;8152;8150;44237;9987;44271;44249;9058;6518;1901564;71704;1901566;1901576;44267;19538;43170;44238;44260;34645;9059;10467;8097;19843;3723;3676;1901363;5488;3674;97159;5840;30529;32991;5575;44424;44464;5623;5622;43232;43228;43226;43229;44444;5737	5960	3985	4650	3340	5748	1089	1985	6323	7325.5	2455.5	1312.5	3034.5	5740	3815.5	4124.5	6712.5	4610.5	3949	4205.5	8590.5	5170.5	4067	3821	2699.5	81031	4051.55
ORTHO008240	Mitochondrial ribosomal protein L37	AT3G01740;AT5G14290	8150;5739;43231;43227;43226;5575;43229;44424;44464;5623;5622;44444;5737;5840;30529;32991;43232;43228;3674	5961	6569	4479.5	2998	7245.5	2501	4742	5095	3618	4699	5726.5	5960	6397.5	2711.5	1758.5	3976.5	7337.5	1780	3792	5519.5	3586.5	3111.5	3100.5	3721	79134	3956.7
ORTHO003928	Peroxidase superfamily protein	AT5G14130	55114;44710;8152;8150;44699;42744;42743;72593;44237;9987;44712;9056;44763;44248;6979;6950;50896;20037;46906;1901363;5488;3674;97159;5576;5575;46872;43169;43167;4601;16684;16491;3824;16209	5962	8876	7019	8076	8884	5704	8843	7527.5	4573.5	3476	8404	4018.5	4444	401	5413.5	8358	6162	1017	7792.5	6555.5	7925	3374.5	7486	8420	109895.5	5.494.775
ORTHO010083	ribosomal protein L4	AT1G07320	9579;44424;44464;5575;5623;5622;19843;3723;3676;1901363;5488;3674;97159;5840;30529;32991;43232;43228;43226;43229;44444;5737;6412;43043;43604;43603;34641;6807;8152;8150;44237;9987;44271;44249;9058;6518;1901564;71704;1901566;1901576;44267;19538;43170;44238;44260;34645;9059;10467;8266;8187;3727;9547;313;44422;44435;44446;9536;43231;43227;9532;9535;55035;42651;34357;16020;44436;31976;31984;44434;9507;9534;22626;44445;5829;9570;5634;311;315;15934;44391;3735;5198	5963	5637	7225.75	8488.5	2982.5	2501	4638.5	6264	6124	7666.5	3461	7246.5	3687	7909	7667.5	5325.5	6549	4673.5	7042	8320	5779	6952	7089	6732.5	115627.5	5.781.375
ORTHO009461	Aconitase/3-isopropylmalate dehydratase protein	AT2G43090	9098;9082;9081;6520;1901564;71704;8152;8150;6807;19752;43436;6082;44281;44710;44699;44763;9987;44237;44238;8652;46394;16053;44283;44711;9058;1901576;44249;1901566;1901607;1901605;6551;9570;9532;44435;44444;44424;44464;5575;5623;5622;5737;44446;44422;43226;43229;9536;43231;43227;44434;9507;9651;6970;9628;50896;6950;9658;9657;6996;16043;71840;19761;19758;19757;19748;16143;6790;1901657;1901135;16144;1901659;1901137;44272;44550;19760;5739;48229;7275;44767;32502;44707;32501;3861;16836;16835;16829;3824;3674	5964	6183	3739	1514	5346	2097.5	4457	6428.5	5355.5	7666.5	3702.5	7783.5	3122	3815.5	1812.5	2080.5	3124.5	1260.5	3321.5	4392	3417.5	997	2437.5	1078.5	68350.5	3.417.525
ORTHO004980	acyl-CoA oxidase 4	AT3G51840	5739;43231;43227;43226;5575;43229;44424;44464;5623;5622;44444;5737;6635;9062;44242;16042;44712;9056;8152;8150;44710;44699;6629;71704;44238;1901575;44255;44763;9987;44237;44248;72329;46395;16054;44282;44281;6082;19752;43436;32787;6631;19395;34440;30258;55114;5777;42579;9055;3674;55088;48878;42592;65008;65007;46459;9514;33539;3995;16627;16491;3824;62;50662;48037;5488;1901681;43168;43167;3997;16634;50660;166;36094;1901265;1901363;97159;52890;9793;44702;22414;3006;32502;9790;44767;48856;7275;44707;32501;48316;48608;61458;48731;9791;10154	5965	6967	5999	6033	7947.5	5090	5261.5	4826.5	6124	5397.5	6343	8330	7377.5	2711.5	2702.5	3976.5	4610.5	1888	5430	4297.5	5779	3854	6624.5	4801	95425	4771.25
ORTHO009015	Pentatricopeptide repeat (PPR) superfamily protein	AT1G64430	3674;9507;9536;43231;43227;43226;5575;43229;44424;44464;5623;5622;44444;5737;8150	5966	3863.5	3057	148	4356	4946.5	1595.5	3869	344	7377.5	513.5	7621.5	1352	138	136.5	3183	2676	218.5	27	2835.5	2160.5	357.5	1004	195	40551	2027.55
ORTHO010400	lactoylglutathione lyase family protein / glyoxalase I family protein	AT1G08110	46686;10038;10035;42221;50896;8150;5829;44444;44424;44464;5575;5623;5622;5737;4462;16846;16829;3824;3674;8152;9507;9536;43231;43227;43226;43229;5516;5515;5488;46872;43169;43167;5975;71704;44238	5967	6498	5891	5815	7245.5	5904	4118.5	5568.5	6584	3742.5	7040	3686.5	3359.5	2711.5	3936.5	3976.5	5561	3121	5851	7080	5422.5	5603	5407	5601	94274.5	4.713.725
ORTHO000989	inosine-uridine preferring nucleoside hydrolase family protein	AT5G18860;AT5G18890	9753;9725;9719;50896;8150;10033;42221;1101;1901700;6148;46130;6152;42278;72521;46483;44237;8152;9987;6725;1901360;71704;34641;6807;1901564;9116;55086;6139;44238;44281;44710;44699;44763;1901657;1901135;9164;1901658;44712;9056;1901136;1901575;1901565;34655;19439;44248;44270;1901361;46700;72523;46128;9119;42454;46102;5618;30312;44464;5575;5623;71944;9611;6950;16787;3824;3674;6154;46085;47724;8477;16799;16798;47622;48046;5576;5737;44424;5622	5968	7518	3222.5	477	8259	8198	5187.5	3534.5	2979	8398	2809.5	3218	3591.5	138	136.5	3183	2714	298	1748	1811	2924.5	157.5	372	611.5	52010	2600.5
ORTHO008647	Exostosin family protein	AT1G21480	5802;98791;44431;44444;44424;44464;5575;5623;5622;5737;44446;44422;43226;43229;5794;43231;43227;12505;31984;16740;3824;3674;8152;8150;5768;16020	5969	7241	4619	3269	6194	2385.5	5925	3203	3425	7298.5	2290	7017.5	1352	4344	3936.5	5325.5	1432.5	8128	7042	4060.5	2929.5	2677	4100.5	3841	80713.5	4.035.675
ORTHO001183	Galactose mutarotase-like superfamily protein	AT5G15140	5737;44424;44464;5575;5623;5622;16853;3824;3674;8152;8150;30246;5488;4034;16857;16854;6012;19318;5996;44723;5975;71704;44238;44710;44699;44281	5970	8686	6436	6902	8795.5	6643.5	8571.5	7409.5	6379.5	7830	2539	5600.5	2877.5	906.5	1549	5325.5	5365	1332.5	7644	6240	7386	1090.5	7089	8903.5	100682.5	5.034.125
ORTHO003679	ARP protein (REF)	AT1G49670	5777;42579;43231;43227;43226;5575;43229;44424;44464;5623;5622;44444;5737;8152;8150;55114;44710;44699;8270;46914;46872;43169;43167;5488;3674;16491;3824;6979;6950;50896;5739	5971	4202	3944.5	1918	5284	1554	5581	7656	7899.5	7967.5	5317.5	6055	2944.5	4179	5937	2914	2885	5101.5	839.5	3146	773.5	611	233	462	72056.5	3.602.825
ORTHO009492	Ubiquitin-associated/translation elongation factor EF1B protein	AT5G53330	6414;34645;44260;43170;71704;8152;8150;44237;9987;9059;1901576;9058;44249;6412;43043;43604;43603;34641;6807;44271;6518;1901564;1901566;44267;19538;44238;10467;3746;8135;3723;3676;1901363;5488;3674;97159;5634;43231;43227;43226;5575;43229;44424;44464;5623;5622	5972	7245	7120.5	8269	6194	5904	8324.5	5213.5	7978	5079.5	7734.5	2467.5	7963	2711.5	3721.5	5325.5	5561	3121	6531	8478	7052	5213.5	7946.5	5601	111927	5596.35
ORTHO008041	plastid division2	AT2G16070	31359;31358;31354;31350;31300;44422;5575;43226;31224;44425;16020;31090;43227;44435;44444;44424;44464;5623;5622;5737;44446;43229;9536;43231;42170;9526;31967;31975;9527;31968;19867;98805;98588;44434;9507;9707;31969;9941;31355;31351;31301;16021;5739;43572;48285;6996;16043;71840;8150;9987;3674;5515;5488	5973	5120	7265.5	8558	5552	7499.5	6813.5	1547.5	5754	6592	2402	3578.5	7743	8456.5	8138	5325.5	8520.5	5720	8281	5578	8580	6952	1681.5	7721.5	116884.5	5.844.225
ORTHO007056	Chaperone DnaJ-domain superfamily protein	AT3G06778	5575	5974	6795	5619	5264	7662	5155.5	3628.5	5698.5	5619	7407.5	7382.5	3686.5	3390	2711.5	3936.5	3976.5	965	3121	5851	7299	5637	5434	4632	5806	91337.5	4.566.875
ORTHO008493	alpha/beta-Hydrolases superfamily protein	AT2G32520	16747;16746;16740;3824;3674;8152;8150;5737;44424;44464;5575;5623;5622;16787;9507;9536;43231;43227;43226;43229;44444;5829;10043;10038;10035;42221;50896;1990267	5975	5323	5515	5055	6194	1500	4341	5439.5	7748	7539	3831.5	5600.5	5467.5	4134.5	5413.5	3976.5	4464.5	2724.5	4968.5	5578	4226.5	4525.5	4165.5	4678.5	90323	4516.15
ORTHO009393	Transducin/WD40 repeat-like superfamily protein	AT5G64730	80008;31461;151;1990234;1902494;43234;32991;5575;44424;44464;5623;5622;5834;98797;44459;44425;16020;5886;71944;98796;31234;19897;19898;9898;98562;98552;166;36094;5488;3674;1901265;1901363;97159;5737	5976	4590.5	6384	6792	2982.5	6898	2080	6741	8259	4533.5	6763.5	998	6895.5	1800.5	5523	6712.5	4252.5	3580	4113.5	7194	5061.5	4709	6854	6949.5	99918.5	4.995.925
ORTHO005136	Arabidopsis protein of unknown function (DUF241)	AT1G76240	5634;43231;43227;43226;5575;43229;44424;44464;5623;5622;3674	5977	6985	6463.5	6950	7947.5	7694	4918.5	5698.5	6823.5	4610	7999	2343.5	8306	2711.5	4462	3976.5	867	3580	6700.5	5606	7786.5	5434	5021	6456	100994	5049.7
ORTHO003137	cell elongation protein / DWARF1 / DIMINUTO (DIM)	AT3G19820	5886;16020;5575;44464;5623;71944;5773;43231;43227;43226;43229;44424;5622;44444;5737;5516;5515;5488;3674;16132;42446;9058;8152;8150;42445;10817;65008;65007;16131;16128;6066;1901615;71704;44281;44710;44699;8202;1901360;6629;44238;16129;46165;1901617;1901576;44283;44711;6694;1901362;8610;5634;5774;44437;44446;44422;98588;31090;98805;50614;16628;16627;16491;3824;55114;16614;9808;9698;19748;6725;44237;9987;44763;9834;9832;42546;44085;71840;71554;71669;9416;9314;9628;50896;16021;31224;44425;9826;902;32989;16043;9653;32502;48856;48869;44767;60560;48589;40007;16049	5978	7458	4535.5	3093	6358.5	4519	4698	4462	6124	6592	3639.5	7376	2927	3283.5	2023.5	5325.5	4638.5	1617	4388	6923.5	4833.5	1154	1306.5	3841	79672	3983.6
ORTHO005992	Leucine-rich repeat protein kinase family protein	AT1G04210	6468;16310;6796;6793;44237;8152;8150;9987;6464;36211;19538;43170;71704;44238;43412;44267;44260;4672;16301;16772;16740;3824;3674;16773;5634;43231;43227;43226;5575;43229;44424;44464;5623;5622;4674;5524;35639;1901265;1901363;5488;97159;43168;43167;32559;30554;17076;166;36094;32555;32553;97367;32550;32549;1882;1883	5979	5840	6500.5	7022	6534	2005.5	3628.5	5957	5028	5088	6543	8107.5	6071.5	1800.5	4705.5	3976.5	5864.5	3949	6700.5	7871	6180.5	5924	6040	6057.5	101498.5	5.074.925
ORTHO009451	cell division protein ftsH; putative	AT3G02450	5524;35639;1901265;1901363;5488;3674;97159;43168;43167;32559;30554;17076;166;36094;32555;32553;97367;32550;32549;1882;1883;9941;9526;31967;31975;44464;5575;5623;44446;44422;43226;44424;5622;43229;43227;44435;44444;5737;9536;43231;44434;9507;8270;46914;46872;43169;4222;4175;70011;8233;16787;3824;8152;8150;6508;19538;43170;71704;44238;8237;5886;16020;71944;16021;31224;44425;51301;44763;9987;44699;16887;17111;16462;16818;16817	5980	6364	7350	8720	7245.5	8955	5163.5	7331	4060.5	8535.5	3948.5	8855.5	8929.5	5808	934	3976.5	1678.5	6505.5	8380.5	8632.5	8580	8223.5	3412.5	8552	120462.5	6.023.125
ORTHO005377	magnesium-chelatase subunit chlH; chloroplast; putative / Mg-protoporphyrin IX chelatase; putative (CHLH)	AT5G13630	10007;1902494;43234;32991;5575;44434;44435;44444;44424;44464;5623;5622;5737;44446;44422;43226;43229;9536;43231;43227;9507;9706;9528;19866;31090;16020;31967;31975;42170;9526;31969;9941;15995;6779;51188;51186;44237;8152;8150;9987;44249;9058;6778;33013;46483;6725;1901360;71704;1901564;6807;33014;19438;44271;34641;18130;1901362;1901576;1901566;46148;42440;44710;44699;44711;44763;15994;9570;9532;16851;51003;51002;16874;3824;3674;5524;35639;1901265;1901363;5488;97159;43168;43167;32559;30554;17076;166;36094;32555;32553;97367;32550;32549;1882;1883;5739	5981	4656	6490	6999	2982.5	6739	6249.5	3166	5484	7035	4357	5464.5	7377.5	8727.5	5413.5	3976.5	1660	5569	3301	1919	4668.5	7470	5826.5	6949.5	101353.5	5.067.675
ORTHO007688	Mitochondrial transcription termination factor family protein	AT4G14605	6970;9628;50896;8150;6950;5739;43231;43227;43226;5575;43229;44424;44464;5623;5622;44444;5737;6355;1903506;2001141;31326;9889;19222;50789;65007;31323;50794;51252;19219;80090;51171;60255;10556;10468;2000112;9658;9657;6996;16043;71840;9987;9651;9737;9725;9719;10033;42221;33993;97305;1901700;1101;3690;43566;3677;3676;1901363;5488;3674;97159	5982	6368	6811	7640	7245.5	6966	6338	2545	7831	8535.5	2809.5	8595.5	1352	7387.5	8512	5325.5	7137.5	5452.5	7042	1320	1325	6813.5	2380.5	8111.5	105780	5289
ORTHO006518	Plant haem oxygenase (decyclizing) family protein	AT2G26670	15979;44237;8152;8150;9987;71494;10225;9411;9416;9314;9628;50896;34644;71482;71478;71214;51716;9585;7602;9583;9582;51606;9581;9605;7165;50794;50789;65007;7154;44763;44699;44700;23052;10017;71489;9639;9507;9536;43231;43227;43226;5575;43229;44424;44464;5623;5622;44444;5737;9813;9812;71704;1901576;9058;4392;16705;16491;3824;3674;55114;44710;5515;5488;20037;46906;1901363;97159;6788;42168;6778;51186;33013;46483;6725;1901360;1901564;6807;42440;6787;51187;44248;9056;33015;19439;44270;34641;1901361;1901575;1901565;46700;10024;51188;44249;33014;19438;44271;18130;1901362;1901566;51202;10075;48509;2000026;50793;51239;48638;40008;10073;44767;32502;44707;32501;48507;9888;48856;48513;48731;7275;16117;16109;16114;6721;6720;44255;6629;44238;8299;8610;44711;16108;46148;16116;10019	5983	4300	7032.5	8082	5938.5	7324.5	3758	2392	7325.5	3069.5	2653	2937.5	3778	6764.5	7999	7782	5561	4982.5	6056.5	8214	6578.5	7147.5	8026.5	7591	109941	5497.05
ORTHO007914	2-oxoglutarate (2OG) and Fe(II)-dependent oxygenase superfamily protein	AT5G19840	3674;5634;43231;43227;43226;5575;43229;44424;44464;5623;5622;8150	5984	5342	6846.5	7709	2982.5	7116	3025	2322	7183.5	6259.5	6763.5	3218	6617.5	1800.5	5413.5	3976.5	6409	3949	7042	8320	7386	6266	6854	6553	106474.5	5.323.725
ORTHO005975	golgin candidate 2	AT1G18190	31985;98791;44431;44444;44424;44464;5575;5623;5622;5737;44446;44422;43226;43229;5794;43231;43227;12505;31984;5795;139;98588;31090;16020;7030;6996;16043;71840;8150;9987;10256;301;6891;48193;1902582;46907;6810;51234;51179;51649;51641;44765;1902578;44699;16192;3674	5985	5940	4157	2329	5328	5833.5	8090	6652	2367.5	3425.5	2992.5	6374.5	4297.5	3497	5661	2080.5	3367.5	1360.5	3792	4925	3800.5	1407.5	4014.5	847	74786	3739.3
ORTHO007619	Protein of unknown function (DUF604)	AT4G15240	8150;16757;16740;3824;3674;8152;5794;43231;43227;43226;5575;43229;44424;44464;5623;5622;44444;5737;12505	5986	6936	6891.5	7797	7947.5	2557.5	6771	5302.5	4953	8934.5	4810	8787	1352	7213.5	7999	8660.5	8899	8023	8008.5	2593.5	2594	2677	807.5	6210	107153	5357.65
ORTHO007392	Minichromosome maintenance (MCM2/3/5) family protein	AT1G67440	9507;9536;43231;43227;43226;5575;43229;44424;44464;5623;5622;44444;5737;5525;35639;1901265;1901363;5488;3674;97159;43168;43167;32550;32549;1882;36094;97367;1883;32561;19001;17076;166;32555;32553;3924;17111;16462;16818;16817;16787;3824;8152;8150;9793;44702;22414;44699;3006;32502;9790;44767;48856;7275;44707;32501;48316;48608;61458;48731;9791;10154	5987	4431	4320	2653	2982.5	1500	2791.5	5813.5	4365	7247	3136.5	367.5	6071.5	1800.5	4462	6712.5	3589	2199.5	3283.5	6322.5	3870	2923.5	4773	5806	77034.5	3.851.725
ORTHO006249	HXXXD-type acyl-transferase family protein	AT3G23840;AT4G13840	9535;55035;42651;34357;16020;5575;44436;44424;44464;5623;5622;9579;44435;44444;5737;44446;44422;43226;43229;9536;43231;43227;31976;31984;44434;9507;9534;16740;3824;3674;8152;8150;9555;48229;7275;44767;32502;44699;44707;32501;48856;42761;6633;72330;46394;16053;6082;71704;44281;44710;44763;9987;44237;44283;44711;9058;1901576;44249;19752;43436;32787;6631;44255;6629;44238;8610;38;16747;16746;71555;45229;16043;71840;71554;10025;10166;5829	5988	7613	7059	8130	8259	7324.5	3863.5	5213.5	8734	5386	7199	8595.5	3359.5	2711.5	3265	5325.5	5561	3121	6531	8478	7052	5132.5	7946.5	5601	110400.5	5.520.025
ORTHO009332	CONTAINS InterPro DOMAIN/s: PRC-barrel-like (InterPro:IPR011033)	AT2G38570	3674;8150	5989	4616	3023	57	2982.5	790.5	2881	1013.5	2804.5	8934.5	1312.5	632	3610.5	138	136.5	3183	2626	261.5	732	2347	262	306.5	324.5	277.5	32573.5	1.628.675
ORTHO007969	unknown protein	AT2G45520	3674;5739;43231;43227;43226;5575;43229;44424;44464;5623;5622;44444;5737;8150	5990	5349	5714.5	5439	2982.5	3406.5	1294.5	6864	7455	7916.5	4097	2000.5	1352	8316	7432.5	5325.5	1155.5	6505.5	2150.5	3600	1744	7420	6989	7223	92247.5	4.612.375
ORTHO005991	transferases	AT1G51310	9507;9536;43231;43227;43226;5575;43229;44424;44464;5623;5622;44444;5737;6396;16070;44260;43170;71704;8152;8150;44237;9987;90304;6139;46483;6725;1901360;34641;6807;44238;10467;4808;8757;8168;16741;16740;3824;3674;32259;8175;8173;1510;43414;43412;9451;30488;6400;8033;34470;34660;6399	5991	6589	6263	6535	5748	5744.5	3863.5	5568.5	7978	1876	7040	3912.5	7963	2711.5	3936.5	3976.5	4998.5	3121	5502	6960	7052	5603	5171.5	5433.5	98412	4920.6
ORTHO008862	acyl-CoA synthetase 5	AT1G62940	80110;19438;6725;44237;8152;8150;9987;44249;9058;10584;10208;45229;16043;71840;10927;44767;32502;44699;22607;44085;44763;48646;9653;48856;32989;48869;85029;30198;43062;9555;48229;7275;44707;32501;5515;5488;3674;5783;43231;43227;43226;5575;43229;44424;44464;5623;5622;44444;5737;12505;46949;71616;9108;51188;51186;6732;6637;35383;71704;6790;6793;35384;44272;1901576;35337;16207;16405;16877;16874;3824;16878;31956;15645;4467;1676;6631;44255;6629;44710;44238;32787;19752;43436;6082;44281	5992	5898	6566	7140	2982.5	6529	3628.5	5698.5	8101	2443	7594	3422.5	6071.5	1800.5	4705.5	3976.5	5864.5	3750.5	6700.5	7871	6180.5	5924	6040	6057.5	102359	5117.95
ORTHO004020	silencing defective 5	AT3G15390	10267;30422;70918;31050;6396;16070;44260;43170;71704;8152;8150;44237;9987;90304;6139;46483;6725;1901360;34641;6807;44238;10467;44763;44699;44710;71359;71407;14070;10033;42221;50896;71310;70887;51716;43331;1901698;1901699;31047;16458;10629;10605;9892;48519;50789;65007;19222;60255;10468;16246;35194;16441;10608;40029;5634;43231;43227;43226;5575;43229;44424;44464;5623;5622;3674;9507;9536;44444;5737	5993	8545	5850.25	5707.5	8776.5	6184	9035.5	3166	3068.5	3436.5	3596.5	8595.5	5066	590	2163.5	8358	6648.5	867.5	6389	4630.5	2672	3503.5	6989	8631	93591	4679.55
ORTHO009737	polyribonucleotide nucleotidyltransferase; putative	AT5G14580	90503;90501;16070;44260;43170;71704;8152;8150;44237;9987;90304;6139;46483;6725;1901360;34641;6807;44238;90305;8033;34470;34660;6396;10467;6399;3723;3676;1901363;5488;3674;97159;6397;16071;957;959;6401;44265;9057;1901575;9056;44248;34655;19439;44270;1901361;46700;6364;16072;42254;22613;44085;71840;5739;43231;43227;43226;5575;43229;44424;44464;5623;5622;44444;5737;963;1902589;6996;16043;44763;44699;44710;7005;4654;16779;16772;16740;3824;175;8408;4527;4518;16788;16787;16896;4532;4540;16796	5994	5691	4889	3784	6534	6529	8076	5348	5144	6551	6343	5395	5195	1800.5	3265	3976.5	1743	1780	1440.5	5094	4226.5	3854	3284.5	4413.5	83459	4172.95
ORTHO002615	Tetratricopeptide repeat (TPR)-like superfamily protein	AT4G21705	8150;5739;43231;43227;43226;5575;43229;44424;44464;5623;5622;44444;5737;3674	5995	8578	5491.25	4987.5	8730.5	5090	3430	8467.5	4028	8118.5	7040	4566	5338.5	590	1432	3976.5	7091.5	1210.5	7153	5337	6431	1910	4481.5	4291.5	89983	4499.15
ORTHO003214	phosphatidylserine decarboxylase 3	AT4G25970;AT5G57190	5737;44424;44464;5575;5623;5622;6646;46474;6650;6644;19637;71704;8152;8150;6793;44237;9987;44255;6629;44710;44699;44238;44763;6796;46486;45017;8610;1901576;9058;44711;44249;8654;90407;46337;5789;98588;31090;16020;44422;43226;43227;44432;44444;44446;43229;5783;43231;12505;44425;42175;4609;16831;16830;16829;3824;3674;5509;46872;43169;43167;5488;5739;9705;5774;44437;5773;98805;325	5996	8394	6830.5	7665	7662	5974	7483.5	7762	5851.5	4150	7886	8494.5	4793	906.5	1910.5	8925	5561	663.5	6265.5	5726.5	6431	2923.5	6709	7656.5	106073	5303.65
ORTHO008052	UDP-Glycosyltransferase superfamily protein	AT2G40190	6487;6486;44763;9987;8150;44699;6464;36211;19538;43170;71704;8152;44238;43412;44267;44260;44237;43413;70085;44723;5975;44710;9101;9100;1901135;34645;9059;1901576;9058;44249;1901137;6970;9628;50896;6950;5783;43231;43227;43226;5575;43229;44424;44464;5623;5622;44444;5737;12505;16757;16740;3824;3674;9737;9725;9719;10033;42221;33993;97305;1901700;1101;5789;98588;31090;16020;44422;44432;44446;44425;42175;4377;26;30;16758;97502;4376;16021;31224;9832;42546;44085;71840;71554;71669;6490;44255;6629;44711;5576	5997	4739	4377.5	2758	2982.5	361.5	5382	3563	344	7064	7594	6819	3279.5	2711.5	3521.5	6712.5	3141.5	6854.5	3233.5	1667	4519	2213.5	3702.5	4898	77582	3879.1
ORTHO009395	unknown protein	AT1G69980	9507;9536;43231;43227;43226;5575;43229;44424;44464;5623;5622;44444;5737	5998	5360	4638.5	3279	2982.5	422	4118.5	8743	6712.5	3412.5	5973.5	3686.5	3521	1800.5	4233.5	6712.5	3367.5	2199.5	3021.5	6103	5422.5	2433.5	3662.5	5222.5	80768.5	4.038.425
ORTHO004894	Nucleic acid-binding; OB-fold-like protein	AT1G49400;AT3G18880	22627;15935;44391;30529;32991;5575;44424;44464;5623;5622;44444;5737;44446;44422;43226;43229;5840;43232;43228;44445;5829;22626;9793;44702;22414;8150;44699;3006;32502;9790;44767;48856;7275;44707;32501;48316;48608;61458;48731;9791;10154;6412;43043;43604;43603;34641;6807;8152;44237;9987;44271;44249;9058;6518;1901564;71704;1901566;1901576;44267;19538;43170;44238;44260;34645;9059;10467;3735;5198;3674	5999	8134	6741.5	7484	7245.5	6850	2951	4964	2465.5	6573.5	7382.5	7312.5	5467.5	906.5	2910	5325.5	6825	867.5	7509	7871	7925	4873	7667.5	8159	104805.5	5.240.275
ORTHO006939	minichromosome instability 12 (mis12)-like	AT5G35520	5634;43231;43227;43226;5575;43229;44424;44464;5623;5622;775;98687;44427;44446;44422;5694;43232;43228;3674;7067;280;48285;6996;16043;71840;8150;9987;1903047;22402;44763;44699;7049;278;1902589	6000	5167	6257	6514	2982.5	4278	8038	3243.5	4740.5	8647.5	5788.5	7933	3406.5	7699.5	7349.5	5325.5	3031	3949	5128	5519.5	4023	3609.5	2129.5	4413.5	98253	4912.65
ORTHO004707	Pre-rRNA-processing protein TSR2; conserved region	AT5G27990	3674	6001	7125	5240	4479	5439	8743	8251	7935.5	8149.5	8647.5	6763.5	3835.5	4249.5	1321.5	3265	3023.5	4870.5	663.5	3597	5245.5	3236.5	1110.5	3538	807	87253.5	4.362.675
ORTHO008827	unknown protein	AT1G52155	3674;5739;43231;43227;43226;5575;43229;44424;44464;5623;5622;44444;5737;8150	6002	7185	7508.5	9015	7947.5	7733	6617	6573	8207	5797.5	8314	8905	1352	7213.5	8276	6712.5	6955.5	4809.5	7901.5	2610.5	7860	7392.5	8520	7591	129341	6467.05
ORTHO009297	unknown protein	AT4G01995	9507;9536;43231;43227;43226;5575;43229;44424;44464;5623;5622;44444;5737;3674;8150	6003	4642	4947	3891	2982.5	6529	5105.5	2114.5	7183.5	3040	1810	1198.5	6731.5	1800.5	5413.5	6712.5	4054.5	3121	3857.5	3976	4668.5	3955.5	6194.5	6669	84135.5	4.206.775
ORTHO009370	Spo11/DNA topoisomerase VI; subunit A protein	AT5G02820	9570;9532;44435;44444;44424;44464;5575;5623;5622;5737;44446;44422;43226;43229;9536;43231;43227;44434;9507;9941;9526;31967;31975;16787;3824;3674;8152;8150	6004	4642	4356	2708	2982.5	4758	1881	6978.5	597.5	4064	982	743.5	7189	1800.5	5596.5	6712.5	4761	1322	122.5	7871	1899	5308.5	7554.5	7266.5	77408	3870.4
ORTHO007200	Undecaprenyl pyrophosphate synthetase family protein	AT5G58770	9507;9536;43231;43227;43226;5575;43229;44424;44464;5623;5622;44444;5737;6486;44763;9987;8150;44699;6464;36211;19538;43170;71704;8152;44238;43412;44267;44260;44237;43413;70085;44723;5975;44710;9101;9100;1901135;34645;9059;1901576;9058;44249;1901137;16765;16740;3824;3674;19408;16094;46165;1901617;1901615;44283;44281;44711;6066;8299;6720;44255;6629;8610;16093;19348;45547;4659	6005	3749	5125.5	4246	5748	994.5	1881	676	8423.5	1409.5	7594	743.5	5740	3815.5	3521.5	6712.5	4870.5	4253	4756.5	7747	6810.5	5434	7554.5	3179.5	86117	4305.85
ORTHO000315_1	ammonium transporter 2	AT2G38290	8519;15077;22890;8324;15075;22891;22857;5215;3674;6810;51234;51179;8150;55085;44763;9987;44699;44765;1902578;22892;34220;6811;98655;6812;15672;72488;15696;71705;98662;98660;5737;44424;44464;5575;5623;5622;15695;71702;9624;51707;43207;9605;50896;9607;51704;15398;15291;22804;5886;16020;71944;6995;9267;31669;31667;9991;31668;51716;71496;7154;42594;6950;33554;43562;5887;31226;44459;44425;31224;16021;19740;9506;5911;30054;55044	6006	7553	7149.25	8292.5	5439	2943.5	8994.5	6906	7748	8231.5	4016	6575.5	7258.5	5733	1278.5	2080.5	7557.5	3121	8539	6397	5265	8434	4434.5	6850.5	112364	5618.2
ORTHO009303	trigger factor type chaperone family protein	AT5G55220	9570;9532;44435;44444;44424;44464;5575;5623;5622;5737;44446;44422;43226;43229;9536;43231;43227;44434;9507;9941;9526;31967;31975;3755;16859;16853;3824;3674;8152;8150;413;18208;18193;6464;36211;19538;43170;71704;44238;43412;44267;44260;44237;9987;6457;15031;45184;51234;51179;8104;33036;71702;6810	6007	4646.5	5355.5	4704	2982.5	4073	7321	2614.5	553.5	2925	3136.5	3808	3942	8316	7999	7782	965	4673.5	3730.5	2373.5	5779	7016	7946.5	3565	88519.5	4.425.975
ORTHO010285	vesicle-associated membrane protein 724	AT4G15780	31201;98796;43234;32991;5575;44425;16020;44444;44424;44464;5623;5622;5737;5886;71944;6887;16192;6810;51234;51179;8150;32940;46903;44765;1902578;44699;51649;51641;44763;9987;5484;5515;5488;3674;61025;61024;16043;71840;6906;48284;6996;16050;90174;44801;44802;1902589;149	6008	8454	6963	7918	8471	6023.5	7507.5	7762	7046.5	7830	6343	8522.5	4865.5	291	1910.5	8135.5	5561	663.5	6265.5	5726.5	6431	2923.5	6854	7656.5	108319	5415.95
ORTHO005629	phytoene desaturase 3	AT4G14210	9507;9536;43231;43227;43226;5575;43229;44424;44464;5623;5622;44444;5737;9941;9526;31967;31975;44446;44422;44435;44434;16705;16491;3824;3674;8152;8150;55114;44710;44699;9534;31976;9579;31984;16117;16109;16114;6721;6720;44255;6629;71704;44238;44763;9987;44237;8299;8610;1901576;9058;44711;44249;16108;46148;42440;16116;16166;16627;16120;16119;42214;46246;9509	6009	4813	4912.5	3816	5938.5	1227	2328.5	6573	8259	5466	1981	7259.5	1352	1800.5	5413.5	6712.5	4004	3121	3857.5	6923.5	864.5	3955.5	6040	6553	83691.5	4.184.575
ORTHO010149	AWPM-19-like family protein	AT5G18970	5739;43231;43227;43226;5575;43229;44424;44464;5623;5622;44444;5737;16020;8150;3674	6010	5484	4983	3956	6478.5	1500	7630.5	2838	4705.5	7539	4670.5	7280	5740	3283.5	4462	3976.5	8124.5	4887	6389	2008	28	3026	844	5601	84533	4226.65
ORTHO007450	frataxin homolog	AT4G03240	4322;16724;16722;16491;3824;3674;8152;8150;55114;44710;44699;9060;45333;15980;6091;44237;9987;44763;6783;6779;51188;51186;44249;9058;6778;33013;46483;6725;1901360;71704;1901564;6807;33014;19438;44271;34641;18130;1901362;1901576;1901566;42168;42440;46148;44711;16226;31163;22607;16043;71840;44085;8199;5506;46914;46872;43169;43167;5488;9790;44767;32502;48856;7275;44707;32501;6811;44765;6810;51234;51179;1902578;6979;6950;50896;42542;302;1901700;42221;10035;5739;43231;43227;43226;5575;43229;44424;44464;5623;5622;44444;5737;6879;46916;6875;55065;98771;50801;48878;42592;65008;65007;55080;30003;6873;55082;19725;55076;55072	6011	5182	4372	2733	2982.5	4758	3129.5	5957	6379.5	6020	5836	4111	3433.5	1800.5	2702.5	3976.5	3264.5	2199.5	3119	5852	3573.5	2433.5	4047.5	4898	77491.5	3.874.575
ORTHO001228_1	Pentatricopeptide repeat (PPR) superfamily protein	AT1G20230;AT4G01030;AT4G01037	5575;8150;5739;43231;43227;43226;43229;44424;44464;5623;5622;44444;5737;5576	6012	7396	6840	7668	8202.5	5432.5	8162.5	4964	7632	6785.5	7382.5	8397	3250	2711.5	3521.5	3976.5	4761	2199.5	5851	8025.5	6180.5	4308.5	7335	5222.5	106099	5304.95
ORTHO002185	mitochondrion-localized small heat shock protein 23.6	AT4G25200;AT5G51440	9408;9266;9628;50896;8150;6950;3674;46686;10038;10035;42221;5739;43231;43227;43226;5575;43229;44424;44464;5623;5622;44444;5737	6013	9033	3317	621	9043	3885	7223	3874	3724.5	6856.5	5202.5	7704	3446	138	136.5	3145.5	2683	30.5	1878.5	1532.5	2881	30.5	616	715.5	55703	2785.15
ORTHO008670	RNA-binding (RRM/RBD/RNP motifs) family protein	AT2G18510	166;36094;5488;3674;1901265;1901363;97159;5634;43231;43227;43226;5575;43229;44424;44464;5623;5622;5730;44428;44446;44422;43232;43228;31981;70013;43233;31974;3723;3676;9793;44702;22414;8150;44699;3006;32502;9790;44767;48856;7275;44707;32501;48316;48608;61458;48731;9791;10154	6014	4661	4090.5	2167	5938.5	5621	2791.5	2322	5994	2443	2402	2131	3577.5	1800.5	5034.5	3976.5	3627.5	2199.5	3385	7871	4103	3111.5	5171.5	6057.5	73620	3681
ORTHO009944	TPX2 (targeting protein for Xklp2) protein family	AT5G37478	32147;45860;45859;43549;42325;19220;51174;31323;50794;50789;65007;8150;19222;51338;50790;65009;1932;31399;32268;51246;80090;60255;1934;42327;45937;10562;31325;9893;48518;48522;31401;32270;51247;10604;33674;51347;43085;44093;3674;5634;43231;43227;43226;5575;43229;44424;44464;5623;5622;60236;90224;70507;51493;33043;51128;32886;10564;51726;7346;7067;280;48285;6996;16043;71840;9987;1903047;22402;44763;44699;7049;278;1902589;5874;44430;44446;44422;5856;43232;43228;43234;32991;15630;5819	6015	6924	5820.5	5626	7947.5	6313	8002.5	4734	5144	3099	3366.5	7017.5	7189	2711.5	2702.5	5325.5	4464.5	1780	5027.5	6064.5	5422.5	3609.5	6538.5	4678.5	93190.5	4.659.525
ORTHO007838	aldehyde dehydrogenase 5F1	AT1G79440	5739;43231;43227;43226;5575;43229;44424;44464;5623;5622;44444;5737;4777;16620;16903;16491;3824;3674;8152;8150;55114;44710;44699;9570;9532;44435;44446;44422;9536;44434;9507;5507;46914;46872;43169;43167;5488;9450;9063;46395;16054;44282;44712;9056;44281;6082;71704;44763;9987;44237;1901575;44248;19752;43436;1901565;1901564;6807;6520;44238;9448;32787;72329;51287;50662;48037;166;36094;1901265;1901363;97159;72593;5759;44429;70013;43233;31974;9416;9314;9628;50896;9408;9266;6950;4028;6540;6105;43648;6538;6536;9064;1901605;9065;1901606;43649	6016	6534	6898.5	7781	7245.5	6529	8324.5	5957	5994	3485.5	2653	6819	8306	4206	5817	5325.5	793	3949	6531	7871	5988	6027.5	6040	6379.5	106995.5	5.349.775
ORTHO010088	PDI-like 5-1	AT1G07960	9507;9536;43231;43227;43226;5575;43229;44424;44464;5623;5622;44444;5737	6017	5624	7446.5	8876	2982.5	8551.5	4872.5	3181	8359.5	8319	3831.5	7343	8817.5	5613	1016	3976.5	8875.5	6946	8380.5	9057	1875	8687.5	8290	8649.5	124642	6232.1
ORTHO009173	Regulator of chromosome condensation (RCC1) family protein	AT1G27060	5737;44424;44464;5575;5623;5622;8536;17016;31267;51020;19899;5515;5488;3674;8150	6018	6160	5911	5804	5651.5	6227.5	1184.5	4099	7455	8118.5	4367.5	7957.5	1352	5726	5856	3976.5	4346.5	6590	2469	2253	7568	5603	4927.5	4117.5	94194.5	4.709.725
ORTHO010287	unknown protein	AT5G12240	5634;43231;43227;43226;5575;43229;44424;44464;5623;5622;5829;44444;5737;8150;3674	6019	6434	4620	3221	5748	3386.5	4835.5	5302.5	4788.5	7094.5	2539	6981	2902	3283.5	1758.5	3976.5	3264.5	6217	2742.5	6064.5	4321	3111.5	4026	3841	80436	4021.8
ORTHO006592	FAD-linked oxidases family protein	AT5G06580	5524;35639;1901265;1901363;5488;3674;97159;43168;43167;32559;30554;17076;166;36094;32555;32553;97367;32550;32549;1882;1883;51596;9438;6081;71704;8152;8150;44763;9987;44699;44237;44710;42180;44281;46185;44712;9056;1901575;44248;42182;44282;5739;43231;43227;43226;5575;43229;44424;44464;5623;5622;44444;5737;8891;3973;16899;16614;16491;3824;55114;50660;50662;48037;19154;8720;4457;16616;4458;16898;42802;5515	6020	4365	5482.5	4945	2982.5	3218	6961	4077.5	1133	8934.5	4199.5	5543	3521	6358.5	7401.5	7782	8300	3121	315	3013.5	3454.5	3222.5	4310	4898	89764	4488.2
ORTHO001646	Leucine-rich repeat (LRR) family protein	AT1G49490;AT2G15880;AT3G19020;AT4G33970	5634;43231;43227;43226;5575;43229;44424;44464;5623;5622;5618;30312;71944;71555;45229;16043;71840;8150;9987;71554;5576;5199;5198;3674	6021	8114	5836	5651	8758.5	7516.5	7314	7290.5	4474.5	8934.5	5669.5	8150	2788	6125.5	6444.5	6075	8310.5	663.5	2754	3774.5	1579	997	2003	2501.5	93365.5	4.668.275
ORTHO006537	Nuclear transport factor 2 (NTF2) family protein	AT3G09250	5634;43231;43227;43226;5575;43229;44424;44464;5623;5622;9507;9536;44444;5737	6022	4301	3917	1812	2982.5	1594	6021	5813.5	2435.5	4203	5788.5	6464.5	1352	4244	3521.5	6712.5	8323.5	2199.5	3067.5	1460	3454.5	1407.5	1453	1506	71021.5	3.551.075
ORTHO007817	FUNCTIONS IN: molecular_function unknown	AT1G69070	32040;30684;30529;32991;5575;44424;44464;5623;5622;3674;5829;44444;5737;5634;43231;43227;43226;43229	6023	3892	6828.75	7634.5	4356	8169	6670	1709	1753	2908	1312.5	998	1352	7636	7518.5	7782	7177	6330	8266	6860	8350.5	7897.5	8485	4586.5	105760.5	5.288.025
ORTHO007930	ankyrin repeat family protein / regulator of chromosome condensation (RCC1) family protein	AT3G03790	8150;5634;43231;43227;43226;5575;43229;44424;44464;5623;5622	6024	3893	4935.5	3847	2097	6529	6793.5	2114.5	7183.5	2257.5	6763.5	1198.5	5195	3815.5	3265	6712.5	3958.5	3121	3792	4473	4668.5	3854	5902.5	2314	83911.5	4.195.575
ORTHO006883	Pentatricopeptide repeat (PPR) superfamily protein	AT1G52620	8150;5739;43231;43227;43226;5575;43229;44424;44464;5623;5622;44444;5737;3674	6025	6104	6688	7351	6857.5	2005.5	5466	5813.5	6943.5	4720.5	7594	8107.5	6071.5	1800.5	4462	3976.5	5764.5	3949	6531	4297.5	8153	5789.5	6040	6281	103766.5	5.188.325
ORTHO009961	Expressed protein	AT1G07985	5739;43231;43227;43226;5575;43229;44424;44464;5623;5622;44444;5737;8150;3674	6026	5638	5908	5790	2982.5	5904	3960	5568.5	6584	2284	7040	3686.5	5740	1800.5	4233.5	3976.5	5108	3121	5851	7194	5422.5	5603	5407	5601	94085	4704.25
ORTHO008502	unknown protein	AT3G12650	5739;43231;43227;43226;5575;43229;44424;44464;5623;5622;44444;5737;3674;8150	6027	4680	4710.5	3394	2982.5	4291.5	7339	6323	6823.5	642.5	6070	2392.5	5740	1800.5	4462	6712.5	3589	2199.5	3233.5	6322.5	3870	1910	2079	5601	81401.5	4.070.075
ORTHO002313	Late embryogenesis abundant (LEA) hydroxyproline-rich glycoprotein family	AT2G35980;AT5G06320	9507;9536;43231;43227;43226;5575;43229;44424;44464;5623;5622;44444;5737;51707;43207;9605;50896;8150;9607;51704;51607;2252;2376;9615;98542;6952;6950;5739;4871;60089;3674;7165;50794;50789;65007;51716;9987;7154;44763;44699;44700;23052;46658;31226;44459;44425;16020;5886;71944;31224;31225;9506;5911;30054;55044;10150;10260;7568;44767;32502;48513;48856;48731;7275;44707;32501;48366;48827;48367;42742;9617;5794;12505;5774;44437;44446;44422;5773;98588;31090;98805	6028	6780	4733	3438	5362.5	4723.5	5105.5	8906	2367.5	6401	2992.5	7876.5	4444	1321.5	4462	3023.5	6244	934	5430	5160	3719.5	2837	4014.5	1696.5	81659	4082.95
ORTHO010087	Thioredoxin superfamily protein	AT4G08280	8150;3674;9507;9536;43231;43227;43226;5575;43229;44424;44464;5623;5622;44444;5737	6029	5639	6304	6579	2982.5	2501	859	8395.5	3724.5	8934.5	5221	6908.5	8094	5856.5	1244	3976.5	8483	9032.5	3092	6960	32.5	5789.5	1847	7721.5	98673	4933.65
ORTHO002330	AMP-dependent synthetase and ligase family protein	AT4G05160	31408;6633;72330;46394;16053;6082;71704;8152;8150;44281;44710;44699;44763;9987;44237;44283;44711;9058;1901576;44249;19752;43436;32787;6631;44255;6629;44238;8610;31407;16874;3824;3674;9695;9694;5524;35639;1901265;1901363;5488;97159;43168;43167;32559;30554;17076;166;36094;32555;32553;97367;32550;32549;1882;1883;5777;42579;43231;43227;43226;5575;43229;44424;44464;5623;5622;44444;5737;16207;16405;16877;16878;4321;16408;16747;16746;16740	6030	8965	5490.5	4951	8884	3253	2452	8366.5	4645.5	8934.5	8	2160	4225	6027	5836.5	8777	9057	8678.5	4263.5	2347	773.5	424.5	807.5	8763	89799.5	4.489.975
ORTHO003198	myb-like transcription factor family protein	AT5G56840	3713;3712;989;988;3674;1903506;2001141;31326;9889;19222;50789;65007;8150;31323;50794;51252;19219;80090;51171;60255;10556;5634;43231;43227;43226;5575;43229;44424;44464;5623;5622;6355;10468;2000112;4402;61733;34212;8080;16410;16747;16746;16740;3824;8152;16407;16573;16570;16569;16568;6325;43933;16043;71840;9987;51276;6996;6464;36211;19538;43170;71704;44238;43412;44267;44260;44237;1902589;44763;44699;44710;18393;18394;18205;18193;6473;43543;6475;6357;35066;35065;2000756;1901983;31399;32268;51246;31056;1903308;1902275;33044;33043;51128;2000758;1901985;31401;32270;31325;9893;48518;48522;51247;10604;31058;1903310;2001252;10638;51130;3677;3676;1901363;5488;97159;3700;1071;6338;3682;44877	6031	8554	5327.5	4624	8471	6184	8911	3193.5	4645.5	7298.5	6912.5	6981	1352	1184.5	2163.5	8358	1849.5	1180.5	8344	7986	1552.5	718	545.5	8595	87955	4397.75
ORTHO009936	Putative thiol-disulphide oxidoreductase DCC	AT5G50100	3674;5739;43231;43227;43226;5575;43229;44424;44464;5623;5622;44444;5737;8150	6032	5647	7555	9078	2982.5	7278	8645.5	6906	8676	3955	2809.5	4949	7258.5	8210.5	7885	5325.5	7137.5	5452.5	7950	8756	7786.5	7683.5	8163.5	7376.5	132204.5	6.610.225
ORTHO007334	alpha/beta-Hydrolases superfamily protein	AT1G54990	5774;44437;44444;44424;44464;5575;5623;5622;5737;44446;44422;43226;43229;5773;43231;43227;98588;31090;16020;98805;5789;44432;5783;12505;44425;42175;16787;3824;3674;8152;8150;5634;9733;9725;9719;50896;10033;42221;16021;31224;9926;60918;9914;10817;65008;65007;44765;6810;51234;51179;1902578;44699;5739;9612;9605;9628	6033	4696	6464.75	6896.5	2982.5	1227	5001	488	5851.5	2284	8095	3775.5	7498	8316	7999	7782	5685	4507	1031	5519.5	5903.5	6831.5	5407	7453	100654.5	5.032.725
ORTHO007878	embryo defective 2735	AT5G06240	3674;9793;44702;22414;8150;44699;3006;32502;9790;44767;48856;7275;44707;32501;48316;48608;61458;48731;9791;10154;5575	6034	7020	7133	8232	7947.5	7658.5	7790.5	5698.5	6823.5	4550	7999	2343.5	8306	2711.5	4462	5325.5	793	3580	7042	7871	7786.5	6182.5	8247	6379.5	111550	5577.5
ORTHO004149	Uncharacterised protein family (UPF0497)	AT3G06390;AT4G15610	16021;31224;44425;5575;16020;5886;44464;5623;71944;5634;43231;43227;43226;43229;44424;5622;8150;5794;44444;5737;12505;5768;5802;98791;44431;44446;44422;31984	6035	2747	6728.5	7422	4356	3511	7306.5	3522	3083	6524	5025.5	8921.5	4087.5	5481.5	892.5	6712.5	7177	8950.5	2632.5	3747	3103	8223.5	8712	6732.5	104345.5	5.217.275
ORTHO007560	RNA cyclase family protein	AT5G22100	5730;44428;44446;44422;5575;43226;44424;44464;5623;5622;43229;5634;43231;43227;43232;43228;31981;70013;43233;31974;3824;3674;8152;8150;3963;9975;16886;16874;42254;22613;44085;71840	6036	3854	3915.5	1795	5748	1227	2328.5	6573	931	2814	6763.5	1198.5	3406.5	3815.5	3265	6712.5	3958.5	3121	3792	6860	1744	3854	6040	2439.5	70844	3542.2
ORTHO006069	Tetratricopeptide repeat (TPR)-like superfamily protein	AT2G25580;AT4G32450	5739;43231;43227;43226;5575;43229;44424;44464;5623;5622;44444;5737;3674;8150	6037	8016	6789	7541	7245.5	8536.5	8930	4964	7632	1800	7382.5	2729	5740	906.5	3047.5	5325.5	6825	867.5	4263.5	8214	8019	4308.5	7404.5	8258.5	105154	5257.7
ORTHO009768	RNA-binding (RRM/RBD/RNP motifs) family protein	AT2G37510	3676;1901363;5488;3674;97159;3723;166;36094;1901265;8150	6038	8344	6181	6324	8471	6149	3513	7762	4865	7216	7999	4566	4955.5	906.5	2163.5	8358	793	663.5	6389	5781.5	6431	3453.5	6989	8159	97113	4855.65
ORTHO002336	Terpenoid cyclases/Protein prenyltransferases superfamily protein	AT4G02780	10333;16838;16835;16829;3824;3674;8152;8150;9686;16102;16114;6721;6720;44255;6629;71704;44710;44699;44238;44763;9987;44237;8299;8610;1901576;9058;44711;44249;16101;46394;16053;6082;44281;44283;19752;43436;9685;9740;10476;9755;7165;50794;50789;65007;51716;50896;7154;44700;23052;32870;9725;9719;10033;42221;71495;71310;70887;71370;9739;33993;1101;1901700;71396;71229;1901701;9905;16872;16853;287;46872;43169;43167;5488;9507;9536;43231;43227;43226;5575;43229;44424;44464;5623;5622;44444;5737	6039	6421	7405.5	8772	5748	4946.5	4528.5	6142.5	4452.5	6645	7734.5	5931	8410.5	7101	7999	6712.5	6409	4253	6835.5	8721.5	7052	6759.5	4424	6669	121727	6086.35
ORTHO006265	LATERAL ORGAN JUNCTION	AT2G39230;AT3G54980	5739;43231;43227;43226;5575;43229;44424;44464;5623;5622;44444;5737;8150	6040	7615	5212	4384	5386.5	5351.5	4528.5	8279.5	5619	6604.5	6912.5	7296.5	4314.5	1321.5	4462	3976.5	5685	1017	4968.5	5929.5	3417.5	1985	3867.5	1263	86799.5	4.339.975
ORTHO008564	molybdopterin biosynthesis CNX1 protein / molybdenum cofactor biosynthesis enzyme CNX1 (CNX1)	AT5G20990	6777;9108;51188;51186;44237;8152;8150;9987;44249;9058;6732;19538;43170;71704;44238;19720;43545;19637;6793;51189;44267;44260;46483;1901360;1901564;6807;6796;32324;18130;1901362;1901576;90407;1901566;9734;9755;7165;50794;50789;65007;51716;50896;7154;44763;44699;44700;23052;32870;9725;9719;10033;42221;71495;71310;70887;71365;9733;5737;44424;44464;5575;5623;5622;30151;46914;46872;43169;43167;5488;3674;5829;44444	6041	2873	4762	3483	4356	3632	605.5	9039.5	4209	6480	865	6883.5	5740	6501	7129	7782	1738.5	8045.5	2014	1129.5	2072	2112.5	3001.5	2940	81920	4096
ORTHO010397	LOCATED IN: endomembrane system	AT5G52180	5576;5575	6042	6633	4105	2168	7245.5	3885	5450	5698.5	1133	2472.5	2539	3422.5	8205.5	2711.5	4233.5	3976.5	110	2558	231	4297.5	5864	5603	5021	6210	73622	3681.1
ORTHO007945	Ubiquitin carboxyl-terminal hydrolase family protein	AT1G79120	16787;3824;3674;8152;8150;5739;43231;43227;43226;5575;43229;44424;44464;5623;5622;44444;5737	6043	5888	6979.5	7916	6664	6529	8450	6142.5	7183.5	2496	7886	3218	1352	1800.5	5254.5	5325.5	6409	3949	7042	8214	7386	6266	6854	6553	108310.5	5.415.525
ORTHO009381	unknown protein	AT5G47940	8150;5634;43231;43227;43226;5575;43229;44424;44464;5623;5622;3674	6044	4717	5624	5204	2982.5	6313	7074.5	6573	7046.5	3861.5	1981	7876.5	6513.5	1800.5	5413.5	3976.5	3796.5	3121	3597	1426	4668.5	3609.5	5826.5	6553	91028	4551.4
ORTHO011054	unknown protein	AT3G07580	5634;43231;43227;43226;5575;43229;44424;44464;5623;5622;8150;3674	6045	7914	4762.5	3480	6857.5	2776	5887	705.5	8983.5	8934.5	4717.5	4779	1352	8485	7804.5	6712.5	1266	5992	1655.5	2665	1840	213.5	113	7028	81910	4095.5
ORTHO006293	zinc knuckle (CCHC-type) family protein	AT5G49400	3676;1901363;5488;3674;97159;8270;46914;46872;43169;43167;5575;8150	6046	6792	4449	2852	7662	2931.5	6542.5	5348	5484	8118.5	3366.5	8284.5	3098	3283.5	2702.5	5325.5	4464.5	2199.5	3653	2570	1943.5	2061	1594	5222.5	78193	3909.65
ORTHO009350	Calcium-binding EF hand family protein	AT1G64850	9536;43231;43227;43226;5575;43229;44424;44464;5623;5622;44444;5737;5509;46872;43169;43167;5488;3674;8150	6047	4831	4275.5	2504	2982.5	1329	2791.5	6428.5	6823.5	5825	2290	2000.5	3591.5	1800.5	5034.5	6712.5	737	2199.5	3421.5	6467.5	4103	3222.5	5171.5	6145.5	76095	3804.75
ORTHO003740	Thioesterase superfamily protein	AT1G48320	42372;42374;1901661;51186;44237;8152;8150;9987;42180;71704;44281;44710;44699;44763;1901663;9108;51188;44249;9058;6732;42181;44283;44711;1901576;47617;16289;16790;16788;16787;3824;3674;9507;9536;43231;43227;43226;5575;43229;44424;44464;5623;5622;44444;5737;5777;42579;51289;51260;51259;6461;65003;43933;16043;71840;22607;44085;71822;70271;51262	6048	7142	5669.5	5291	7947.5	7516.5	924	3642.5	2684.5	8934.5	4497	7590	2729	6389.5	4462	3976.5	8310.5	9069.5	3504.5	1556.5	2497	7441	2437.5	3289.5	91452	4572.6
ORTHO007104	Homeodomain-like superfamily protein	AT1G64570	8150;3682;44877;5488;3674;5634;43231;43227;43226;5575;43229;44424;44464;5623;5622	6049	5145	5922.5	5796	2982.5	1885	3960	6428.5	5619	6459.5	6070	6240	5740	7779.5	7401.5	7782	3047.5	3580	3199	6274.5	3454.5	2213.5	2104	4898	94136	4706.8
ORTHO007374	NAD(P)-binding Rossmann-fold superfamily protein	AT2G34460	9535;55035;42651;34357;16020;5575;44436;44424;44464;5623;5622;9579;44435;44444;5737;44446;44422;43226;43229;9536;43231;43227;31976;31984;44434;9507;9534;5739;9941;9526;31967;31975;10287;9570;9532	6050	3782	4186.5	2323	4356	2170	5105.5	2071	7183.5	3040	6763.5	1198.5	1352	3815.5	3265	6712.5	4135	3121	3233.5	3976	4833.5	4067	6282.5	2439.5	74765	3738.25
ORTHO003129_1	Predicted eukaryotic LigT	AT3G16230	6355;1903506;2001141;31326;9889;19222;50789;65007;8150;31323;50794;51252;19219;80090;51171;60255;10556;10468;2000112;3824;3674;8152;3723;3676;1901363;5488;97159;9507;9536;43231;43227;43226;5575;43229;44424;44464;5623;5622;44444;5737;5739	6051	3487	6447.25	6843.5	4356	6643.5	2791.5	1912	1042.5	1970.5	1981	1198.5	7258.5	7326.5	7349.5	7782	8587.5	5788	7901.5	8853	1287.5	7786.5	8551.5	4291.5	100303	5015.15
ORTHO005716	arginine-rich cyclin 1	AT2G26430	45737;71902;45860;45859;43549;42325;19220;51174;31323;50794;50789;65007;8150;19222;51338;50790;65009;1932;31399;32268;51246;80090;60255;1934;42327;45937;10562;31325;9893;48518;48522;31401;32270;51247;10604;33674;51347;43085;44093;71900;1904031;1904029;32465;10564;51726;51302;79;45787;6355;1903506;2001141;31326;9889;51252;19219;51171;10556;10468;2000112;16538;19887;19207;30234;98772;3674;1901409;1901407;5634;43231;43227;43226;5575;43229;44424;44464;5623;5622;307;1902911;61695;1990234;1902494;43234;32991;45944;45893;10628;1903508;1902680;51254;45935;51173;31328;9891;10557;6357;9506;5911;30054;55044;9651;6970;9628;50896;6950	6052	6058	4114	2176	6857.5	9014	5486.5	2647.5	2645.5	6213.5	3136.5	4670	5740	1800.5	3521.5	3976.5	1724	1494	984	3108	4668.5	4525.5	3412.5	4898	73666.5	3.683.325
ORTHO003434	Eukaryotic rpb5 RNA polymerase subunit family protein	AT3G22320	5634;43231;43227;43226;5575;43229;44424;44464;5623;5622;418;55029;44428;44446;44422;428;30880;61695;1990234;1902494;43234;32991;44451;5654;31981;70013;43233;31974;6351;34645;44260;43170;71704;8152;8150;44237;9987;9059;1901576;9058;44249;97659;32774;16070;90304;6139;46483;6725;1901360;34641;6807;44238;34654;19438;44271;18130;1901362;10467;5665;16591;3899;34062;16779;16772;16740;3824;3674;3677;3676;1901363;5488;97159	6053	5291	5191.5	4330	2982.5	1089	2703	6142.5	7183.5	2770	1483.5	3218	3674.5	1800.5	5413.5	3976.5	630	3949	7042	8397.5	7386	6266	6854	6553	86532	4326.6
ORTHO006340	syntaxin of plants 81	AT1G51740	16021;31224;44425;5575;16020;15031;45184;51234;51179;8150;8104;33036;71702;6810;5634;43231;43227;43226;43229;44424;44464;5623;5622	6054	5004	6046.25	6038.5	2982.5	235.5	3430	5813.5	6943.5	2736.5	6173.5	3422.5	6071.5	1800.5	4842.5	6712.5	5764.5	3580	6389	7871	5988	5789.5	5826.5	6057.5	95448	4772.4
ORTHO003553	Glutathione S-transferase; C-terminal-like	AT1G30230;AT2G18110	5886;16020;5575;44464;5623;71944;6414;34645;44260;43170;71704;8152;8150;44237;9987;9059;1901576;9058;44249;6412;43043;43604;43603;34641;6807;44271;6518;1901564;1901566;44267;19538;44238;10467;5853;43234;32991;44444;44424;5622;5737;2001006;32951;10962;10675;6109;80090;19222;50789;65007;31323;50794;32885;10556;9889;60255;32881;43255;2000112;31326;32950;71668;70726;22607;16043;71840;44085;71555;45229;71554;42546;9664;71669;9832;5829;9808;9698;19748;44710;44699;6725;1901360;44763;46686;10038;10035;42221;50896;3746;8135;3723;3676;1901363;5488;3674;97159	6055	8582	6985	7915	8471	6707.5	8843	7935.5	5484	5665	7040	8654.5	1352	906.5	2163.5	8358	6825	1260.5	7197.5	7576.5	6908	2763	4790	7860.5	108290.5	5.414.525
ORTHO000843	Glycosyltransferase family 61 protein	AT3G18170;AT3G18180	16757;16740;3824;3674;8152;8150;5576;5575	6056	4660	7152	8248	5938.5	1594	8971	7244.5	8178.5	5497	8314	3422.5	1352	6971	8240.5	2476	630	5368	7398	8661.5	7386	7567	8551.5	3920	111743	5587.15
ORTHO003989	RAB geranylgeranyl transferase alpha subunit 1	AT4G24490;AT5G41820	5968;1990234;1902494;43234;32991;5575;44444;44424;44464;5623;5622;5737;5829;4663;4661;8318;4659;16765;16740;3824;3674;8152;8150;46686;10038;10035;42221;50896;18344;18342;97354;44237;9987;6464;36211;19538;43170;71704;44238;43412;44267;44260;5886;16020;71944	6057	5429	6683	7309	6358.5	7116	2881	6142.5	7183.5	3601	6763.5	3218	1352	1800.5	5254.5	5325.5	6409	3949	7042	8320	7386	6266	6854	6553	103417	5170.85
ORTHO004430	Transcription factor TFIIE; alpha subunit	AT1G03280;AT4G20340;AT4G20810	6357;6355;1903506;2001141;31326;9889;19222;50789;65007;8150;31323;50794;51252;19219;80090;51171;60255;10556;10468;2000112;1097;1091;1099;1098;5515;5488;3674;1085;8134;993;32403;44877;43175;70063;19899;5673;90575;44798;44428;44446;44422;5575;43226;44424;44464;5623;5622;43229;5634;43231;43227;5667;43234;32991;44451;5654;31981;70013;43233;31974;16591;55029;428;30880;61695;1990234;1902494;1113;1112;1120;71824;43933;16043;71840;9987;34367;6352;32774;9059;43170;71704;8152;1901576;9058;16070;44260;44237;90304;6139;46483;6725;1901360;34641;6807;44238;34654;19438;44249;44271;18130;1901362;6351;34645;97659;10467;6367;6366;1076;989;988;991;990	6058	6185	6215	6372	7245.5	5974	5450	5213.5	4323	8319	7382.5	6861.5	1352	2711.5	3936.5	5325.5	5108	3121	5851	4211	5422.5	5603	5407	5806	97378.5	4.868.925
ORTHO002016	Transmembrane amino acid transporter family protein	AT2G40420;AT3G56200	5774;44437;44444;44424;44464;5575;5623;5622;5737;44446;44422;43226;43229;5773;43231;43227;98588;31090;16020;98805;6865;71705;6810;51234;51179;8150;46942;15849;44765;1902578;44699;71702;15711;6820;6811;5275;22804;22857;5215;3674;55085;44763;9987;22891;22892;15837;16021;31224;44425;5886;71944;15171;46943;8514;8509;15075;34220;98656;5342;1903825;3333	6059	7701	5541.5	5024	6664	6085.5	7923	7762	4253	6422.5	6763.5	5231.5	3048	2711.5	2163.5	5325.5	4610.5	1780	4864	5781.5	1063.5	2677	3930	7768	90164	4508.2
ORTHO006901	chloroplast stem-loop binding protein of  41 kDa	AT3G63140	9534;31976;9579;44424;44464;5575;5623;5622;31984;44446;44422;43226;43229;43227;44435;44444;5737;9536;43231;44434;9507;10287;9570;9532;9941;9526;31967;31975;32544;9657;6996;16043;71840;8150;9987;1902589;44763;44699;6412;43043;43604;43603;34641;6807;8152;44237;44271;44249;9058;6518;1901564;71704;1901566;1901576;44267;19538;43170;44238;44260;34645;9059;10467;44711;44710;45727;10628;10604;9893;48518;50789;65007;19222;60255;10468;31328;31326;9889;31323;50794;31325;48522;9891;10557;10556;6417;10608;32268;51246;80090;34248;51171;2000112;32270;51247;34250;51173;5515;5488;3674;9735;9725;9719;50896;10033;42221;50662;48037;19843;3723;3676;1901363;97159;3729;44822;6364;34470;34660;16070;90304;6139;46483;6725;1901360;6396;16072;42254;22613;44085;48046;5576;45893;1903508;1903506;2001141;51252;19219;1902680;51254;45935;6355;3824;8266;8187;3727	6060	4433	4875.5	3691	2982.5	1227	7422	6573	1133	7584	6763.5	1198.5	1352	1800.5	5413.5	6712.5	562	3121	3857.5	6860	4668.5	3955.5	6194.5	6553	82951.5	4.147.575
ORTHO006183	plastid transcriptionally active 9	AT4G20010;AT5G44785	9507;9536;43231;43227;43226;5575;43229;44424;44464;5623;5622;44444;5737;3697;43566;3677;3676;1901363;5488;3674;97159;9295;6260;6259;44260;43170;71704;8152;8150;44237;9987;90304;6139;46483;6725;1901360;34641;6807;44238;34645;9059;1901576;9058;44249;9508;229;5694;43232;43228;44435;44446;44422;42646;9532;5739	6061	8053	5315.5	4570	7245.5	732	4118.5	4964	1691	5535.5	2992.5	7280	3173	906.5	3047.5	5325.5	6825	867.5	5851	8214	6180.5	4308.5	7435.5	8258.5	87706.5	4.385.325
ORTHO002596	G protein coupled receptor	AT1G52920;AT2G20770	46872;43169;43167;5488;3674;10427;33293;31406;43177;36094;43168;42562;43178;19840;8289;9787;9966;10646;50794;50789;65007;8150;48583;23051;1901419;5634;43231;43227;43226;5575;43229;44424;44464;5623;5622;9738;9755;7165;51716;9987;50896;7154;44763;44699;44700;23052;32870;9725;9719;10033;42221;71495;71310;70887;71215;9737;33993;97305;1901700;1101;71396;97306;1901701;71229;3824;8152;10231;10162;44767;32502;44702;22414;48609;32504;3;32501;3006;44707;22611;10431;21700;48316;48608;48856;61458;48731;7275;9791;10154;97437;5886;16020;71944;19898;44425	6062	5227	4957	3852	2982.5	4344.5	3327	2460.5	6943.5	7584	6543	3422.5	6071.5	3283.5	5034.5	3976.5	1907.5	3949	6700.5	7871	753.5	2923.5	891.5	5957	83944.5	4.197.225
ORTHO008104	MATE efflux family protein	AT1G71870	5215;3674;6810;51234;51179;8150;6855;15893;44765;1902578;44699;42493;42221;50896;55085;44763;9987;5886;16020;5575;44464;5623;71944;16021;31224;44425;15238;22857;90484;15297;15291;22804	6063	7136	5580.5	5098	7947.5	1926	8719.5	7762	7325.5	8535.5	6173.5	5372	3022.5	2711.5	2396.5	3976.5	4054.5	2199.5	4113.5	4586	4946	3854	4451.5	4413.5	90539.5	4.526.975
ORTHO005272	CPR5 protein; putative	AT5G64930	9868;9867;9755;7165;50794;50789;65007;8150;51716;9987;50896;7154;44763;44699;44700;23052;32870;9725;9719;10033;42221;71495;71310;70887;71395;9753;1101;1901700;71229;1901701;32260;9861;9814;98542;6952;6950;51707;43207;9605;9607;51704;45087;6955;2376;9611;9627;5634;43231;43227;43226;5575;43229;44424;44464;5623;5622;48573;9648;9416;9314;9628;10228;3006;32502;22414;48608;48856;61458;48731;7275;44767;44707;32501;9791;10182;9756;71322;9743;3674;10150;10260;7568;48513;48366;48827;48367;16020;9507;9536;44444;5737;16021;31224;44425;10090;904;902;32989;16043;71840;9653;48869;48468;30154;10026;90558;9888;90626;9626;34050;12501;8219;16265;33554	6064	4231	3066	68	2982.5	3557.5	1595.5	3874	3855	8535.5	513.5	307.5	1352	138	136.5	3183	226.5	122.5	25	2935	2224.5	353.5	514	195	33644	1682.2
ORTHO008932	postsynaptic protein-related	AT1G61780	5737;44424;44464;5575;5623;5622;8150;3674	6065	5478	4262	2459	2982.5	5285	4118.5	1912	1481	6498.5	3749	7933	3339.5	1800.5	3521.5	3976.5	4408.5	2724.5	4968.5	6555.5	306.5	4471.5	4138.5	4586.5	75775	3788.75
ORTHO010015	DNA methyltransferase-2	AT5G25480	8168;16741;16740;3824;3674;8152;8150;32259;6306;43414;44260;43170;71704;44237;9987;43412;6305;6304;6259;90304;6139;46483;6725;1901360;34641;6807;44238;44728;40029;10468;60255;19222;50789;65007;3677;3676;1901363;5488;97159;5634;43231;43227;43226;5575;43229;44424;44464;5623;5622	6066	5704	5821	5576	2982.5	1500	8251	5813.5	5994	6621	7382.5	3686.5	3550	1800.5	4462	3976.5	5281.5	3580	6109.5	7408.5	773.5	5603	5541.5	5601	92936	4646.8
ORTHO001032	defective in meristem silencing 3	AT3G49250;AT5G24280	6306;43414;44260;43170;71704;8152;8150;44237;9987;32259;43412;6305;6304;6259;90304;6139;46483;6725;1901360;34641;6807;44238;44728;40029;10468;60255;19222;50789;65007;80188;31047;16458;10629;10605;9892;48519;44763;44699;44710;419;55029;44428;44446;44422;5575;43226;44424;44464;5623;5622;43229;5634;43231;43227;428;30880;61695;1990234;1902494;43234;32991;70921;10964;31935;1903308;1902275;33044;33043;51128;50794;60968;6355;1903506;2001141;31326;9889;31323;51252;19219;80090;51171;10556;2000112;60966;70920;48583;5515;5488;3674;42803;42802;46983;724;725;6281;6974;33554;51716;50896;6950;6310;6302	6067	6357	4391	2715	5354.5	4890.5	4341	8569.5	4087	4523	7734.5	4309	4492.5	1254	4842.5	2080.5	269	1386	6389	4956.5	4023	1656	4065	3565	77433.5	3.871.675
ORTHO009376	inositol 1;3;4-trisphosphate 5/6-kinase 4	AT2G43980	5829;44444;44424;44464;5575;5623;5622;5737;52726;51766;16301;16772;16740;3824;3674;8152;8150;16310;6796;6793;44237;9987;16773;47325;51765;5634;43231;43227;43226;43229;10264;33517;43647;19637;71704;19751;6066;1901615;44281;44710;44699;44763;32958;46173;46165;1901617;1901576;9058;44283;44711;90407;52725	6068	4859	5050	4032	2982.5	5833.5	2791.5	6428.5	6823.5	5241.5	6343	3422.5	1352	1800.5	4705.5	6712.5	3589	2199.5	3119	6397	3978	3026	5171.5	6057.5	84992	4249.6
ORTHO008782	PLAC8 family protein	AT2G40935	5886;16020;5575;44464;5623;71944;16021;31224;44425;8150;3674	6069	5584	5912	5755	2982.5	6382	3758	2545	6943.5	3838	2992.5	8078.5	6071.5	1800.5	4705.5	3976.5	5457.5	3949	6265.5	7747	1933.5	5789.5	5678	5957	93868.5	4.693.425
ORTHO009670	Chaperone DnaJ-domain superfamily protein	AT4G07990	6457;9987;8150;5737;44424;44464;5575;5623;5622	6070	4752	4498.5	2927	2982.5	1500	6021	8348	2729.5	5785	3526	6464.5	5740	1800.5	3521.5	6712.5	3215	3750.5	3119	1584.5	3675	2433.5	3997.5	4801	78724.5	3.936.225
ORTHO008550	Peptidyl-tRNA hydrolase II (PTH2) family protein	AT5G10700	4045;52689;16788;16787;3824;3674;8152;8150	6071	4753	6882	7693	2982.5	314	6021	4227	7325.5	5709.5	3879	6651.5	6895.5	8072	7667.5	7782	4191.5	5518	4328.5	3037	4833.5	6129	6854	6883	106319	5315.95
ORTHO006694	S-adenosyl-L-methionine-dependent methyltransferases superfamily protein	AT5G01230	2181;6412;43043;43604;43603;34641;6807;8152;8150;44237;9987;44271;44249;9058;6518;1901564;71704;1901566;1901576;44267;19538;43170;44238;44260;34645;9059;10467;5737;44424;44464;5575;5623;5622;30488;1510;43414;32259;43412;9451;16070;90304;6139;46483;6725;1901360;6400;8033;34470;34660;6396;6399;8175;8173;8168;16741;16740;3824;3674	6072	5181	6467	6862	6194	7116	3025	6142.5	4418	5920.5	1981	3218	6617.5	1800.5	5034.5	3976.5	6409	3949	7042	6754	7386	6266	6854	6553	100463	5023.15
ORTHO004783	Peroxidase superfamily protein	AT1G77100;AT4G25980	4601;16684;16491;3824;3674;8152;8150;55114;44710;44699;16209;5576;5575	6073	5096	6428	6783	6100.5	2005.5	6791	5957	1916	3581	6543	8132.5	6071.5	1800.5	5034.5	6712.5	5962.5	3949	6700.5	5126.5	6578.5	5789.5	5021	6210	99882.5	4.994.125
ORTHO006302	elongation factor family protein	AT2G31060	6414;34645;44260;43170;71704;8152;8150;44237;9987;9059;1901576;9058;44249;6412;43043;43604;43603;34641;6807;44271;6518;1901564;1901566;44267;19538;44238;10467;5525;35639;1901265;1901363;5488;3674;97159;43168;43167;32550;32549;1882;36094;97367;1883;32561;19001;17076;166;32555;32553;3924;17111;16462;16818;16817;16787;3824;9507;9536;43231;43227;43226;5575;43229;44424;44464;5623;5622;44444;5737;5739;5886;16020;71944;3746;8135;3723;3676	6074	6186	4677.5	3281	5651.5	4865.5	4587.5	5302.5	7455	5006.5	3426.5	5631.5	4865.5	3283.5	2702.5	3976.5	4004	2199.5	4263.5	6064.5	4023	2541	2171	4413.5	80783	4039.15
ORTHO007036	basic helix-loop-helix (bHLH) DNA-binding superfamily protein	AT1G05805	5634;43231;43227;43226;5575;43229;44424;44464;5623;5622;3700;1071;3674;2001141;31326;9889;19222;50789;65007;8150;31323;50794;51252;19219;80090;51171;60255;10556;6355;1903506;10468;2000112;6351;34645;44260;43170;71704;8152;44237;9987;9059;1901576;9058;44249;97659;32774;16070;90304;6139;46483;6725;1901360;34641;6807;44238;34654;19438;44271;18130;1901362;10467;10119;46983;5515;5488;44212;975;3677;3676;1901363;97159;1067;5829;44444;5737	6075	2856	4833.5	3592	1522.5	4262.5	2627.5	8064.5	8980.5	3396	4503.5	7296.5	1352	5328	6581	1307	3016.5	7934	3265	7647	1689	1566.5	2965	648	82430	4121.5
ORTHO004817	proteolysis 1	AT3G24800	71596;43161;10498;51603;6508;19538;43170;71704;8152;8150;44238;44257;30163;9057;1901575;9056;44265;44260;44237;9987;44248;44267;6511;19941;43632;16567;32446;70647;6464;36211;43412;151;1990234;1902494;43234;32991;5575;44424;44464;5623;5622;5737;61630;4842;19787;16740;3824;3674;61659	6076	8864	7033.5	7991	8884	5799	5382	7588.5	7183.5	4203	3366.5	8873.5	3002	401	5661	8925	6298	1239	8782	4331	8663	2677	8026.5	8552	108953.5	5.447.675
ORTHO009865	phytanoyl-CoA dioxygenase (PhyH) family protein	AT2G01490	6631;44255;6629;71704;8152;8150;44710;44699;44238;44763;9987;44237;32787;19752;43436;6082;44281;48244;16706;16705;16491;3824;3674;55114;51213;5886;16020;5575;44464;5623;71944;46872;43169;43167;5488;31418;31406;43177;36094;43168;48029;30246;19842	6077	7027	4833	3589	7947.5	3859	4118.5	446.5	5851.5	8934.5	5136	7549	1352	7600	6537	6075	8200	5824	2886.5	2805.5	3264	448	365	1167	82419	4120.95
ORTHO001445	RmlC-like cupins superfamily protein	AT1G07750;AT2G28680	8150;45735;3674;5507;46914;46872;43169;43167;5488;9506;5911;30054;5575;55044;5829;44444;44424;44464;5623;5622;5737;8270;5794;43231;43227;43226;43229;12505	6078	8054	6290.5	6503	8753	6227.5	7355.5	7935.5	8053.5	5674.5	6912.5	4670	3048	906.5	2396.5	8925	4408.5	663.5	6897.5	824	5265	3754	6413.5	7860.5	98191.5	4.909.575
ORTHO001666_1	Protein of unknown function (DUF810)	AT5G06970	9506;5911;30054;5575;55044;3674;5634;43231;43227;43226;43229;44424;44464;5623;5622;8150	6079	5042	4139	2199	2982.5	5211.5	6182	2460.5	6712.5	7666.5	2539	7792.5	1352	4368	5523	6712.5	1865.5	2199.5	3233.5	2124.5	864.5	1228	969	4898	73902.5	3.695.125
ORTHO008089	cyclin-dependent kinase-activating kinase assembly factor-related / CDK-activating kinase assembly factor-related	AT4G30820	16310;6796;6793;44237;8152;8150;9987;5515;5488;3674;5634;43231;43227;43226;5575;43229;44424;44464;5623;5622;16301;16772;16740;3824	6080	5299	4722	3364	6194	5155.5	3863.5	5568.5	2202	4412	2809.5	3686.5	3521	1800.5	4233.5	3976.5	5764.5	3121	5851	6197.5	5422.5	4780.5	3634.5	5222.5	81223	4061.15
ORTHO010076	Rhodanese/Cell cycle control phosphatase superfamily protein	AT2G42220	9507;9536;43231;43227;43226;5575;43229;44424;44464;5623;5622;44444;5737;9535;55035;42651;34357;16020;44436;9579;44435;44446;44422;31976;31984;44434;9534;16021;31224;44425;8150;3674	6081	5727	5487.25	4893.5	2982.5	5665.5	5163.5	5957	5994	2591.5	7734.5	3422.5	1352	1800.5	5034.5	3976.5	5864.5	3949	6700.5	5447	753.5	6027.5	6040	6057.5	89531.5	4.476.575
ORTHO003669	O-fucosyltransferase family protein	AT1G04910	5768;43231;43227;43226;5575;43229;44424;44464;5623;5622;44444;5737;12505;16021;31224;44425;16020;5739;139;98588;31090;44422;44431;44446;5794;5802;98791;31984;8150;16757;16740;3824;3674;8152	6082	4315	4278	2474	5938.5	5155.5	3960	6264	1430.5	2366.5	6070	2640.5	4555.5	3815.5	4462	3976.5	2589	2199.5	3233.5	6322.5	3800.5	2541	4116	6379.5	75878	3793.9
ORTHO008962	cytochrome P450; family 704; subfamily B; polypeptide 1	AT1G69500	20037;46906;1901363;5488;3674;97159;10584;10208;45229;16043;71840;8150;9987;10927;44767;32502;44699;22607;44085;44763;48646;9653;48856;32989;48869;85029;30198;43062;9555;48229;7275;44707;32501;80110;19438;6725;44237;8152;44249;9058;55114;44710;5506;46914;46872;43169;43167;19825;16021;31224;44425;5575;16020;18685;16713;16705;16491;3824;4497	6083	5410	5684.5	5286	2982.5	3334	8282	5813.5	6712.5	3425.5	2809.5	3578.5	6071.5	1800.5	4462	3976.5	5457.5	2724.5	1423.5	7986	6180.5	5789.5	5649	5957	91433.5	4.571.675
ORTHO000447	Major facilitator superfamily protein	AT1G52190;AT3G16180	16021;31224;44425;5575;16020;5886;44464;5623;71944;80054;15112;15103;8509;15075;22891;22857;5215;3674;6810;51234;51179;8150;55085;44763;9987;44699;44765;1902578;22892;34220;6811;98656;6820;15698;15706;71705;80055;6857;15833;42886;71702	6084	8351	7201.5	8319	8471	7766.5	8843	7762	4474.5	3027.5	8167.5	3835.5	5066	906.5	1812.5	8358	6298	1227	8344	8926	8153	3609.5	7048.5	9018	112643.5	5.632.175
ORTHO010418	cofactor assembly; complex C (B6F)	AT5G36120	9535;55035;42651;34357;16020;5575;44436;44424;44464;5623;5622;9579;44435;44444;5737;44446;44422;43226;43229;9536;43231;43227;31976;31984;44434;9507;9534;16021;31224;44425;10190;17004;43623;6461;65003;43933;16043;71840;8150;9987;22607;44085;71822;70271;34622;3674	6085	6547	4745.5	3406	7245.5	5016	6412.5	5348	3895.5	1842.5	6173.5	5572	7189	2711.5	2702.5	3976.5	4464.5	2558	4388	1268.5	4226.5	4423	4632	4678.5	81478.5	4.073.925
ORTHO008002	Signal recognition particle; SRP9/SRP14 subunit	AT3G49100	6614;6613;6612;6605;6886;15031;45184;51234;51179;8150;8104;33036;71702;6810;46907;51649;51641;34613;70727;1902582;44765;1902578;44699;90150;72657;44802;61024;16043;71840;9987;44763;1902580;45047;16482;72599;72594;33365;70972;45900;17148;10629;10605;9892;48519;50789;65007;19222;60255;10468;6417;10608;32268;51246;80090;31323;50794;34248;51171;2000112;31326;9889;10556;34249;51172;31324;48523;2000113;31327;9890;10558;32269;51248;6448;5047;43021;44877;5488;3674;5737;44424;44464;5575;5623;5622;5786;48500;30529;32991;44444;8312;3723;3676;1901363;97159	6086	7205	6751.5	7417	6194	6810	8076	3787.5	4740.5	5405	6343	2937.5	7743	2711.5	3521.5	8358	4761	2724.5	5851	7871	6180.5	4169	7089	5222.5	104302	5215.1
ORTHO005693	methyl-CPG-binding domain 4	AT3G63030;AT4G22745	6346;6342;45814;10629;10605;9892;48519;50789;65007;8150;19222;60255;10468;40029;45892;1903507;1903506;2001141;31326;9889;31323;50794;51252;19219;80090;51171;10556;1902679;51253;45934;51172;31324;48523;31327;9890;10558;6355;2000112;2000113;16458;44763;9987;44699;16569;16568;6325;43933;16043;71840;51276;6996;1902589;3677;3676;1901363;5488;3674;97159;5634;43231;43227;43226;5575;43229;44424;44464;5623;5622;8327;43565;166;36094;1901265;122;6357;9507;9536;44444;5737	6087	7871	6582	7077	6857.5	7241	6890	4964	6379.5	1626.5	1211	8441	5740	906.5	3047.5	8358	6825	867.5	5589.5	5002	8019	4970.5	7554.5	8258.5	101891.5	5.094.575
ORTHO008611	NAD(P)-binding Rossmann-fold superfamily protein	AT1G05350	5829;44444;44424;44464;5575;5623;5622;5737;5524;35639;1901265;1901363;5488;3674;97159;43168;43167;32559;30554;17076;166;36094;32555;32553;97367;32550;32549;1882;1883;3824;8152;8150;46872;43169;8641;16877;16874	6088	7328	7315	8542	6358.5	7324.5	8324.5	5213.5	7978	2496	7199	8595.5	7963	2711.5	3936.5	5325.5	5561	3121	6531	8478	7052	5213.5	7946.5	5601	116571.5	5.828.575
ORTHO008257	golgi nucleotide sugar transporter 1	AT2G13650	1990570;15784;36079;15780;1901264;44765;6810;51234;51179;8150;1902578;44699;71702;6862;15748;15931;71705;90480;72530;55085;44763;9987;1901679;5338;1901505;5215;3674;15215;15605;1901677;22857;15932;22891;22892;5794;43231;43227;43226;5575;43229;44424;44464;5623;5622;44444;5737;12505;5886;16020;71944;139;98588;31090;44422;44431;44446;5458;36080;98656;6820;6811;34220;6486;6464;36211;19538;43170;71704;8152;44238;43412;44267;44260;44237;43413;70085;44723;5975;44710;9101;9100;1901135;34645;9059;1901576;9058;44249;1901137;16021;31224;44425;15297;15291;22804	6089	5320	4805	3521	2982.5	1381.5	6781.5	5813.5	6712.5	6038.5	2402	2197	1352	1800.5	1812.5	6712.5	5764.5	2199.5	3352	4444	6180.5	5924	5171.5	6057.5	82097.5	4.104.875
ORTHO008767	adaptin family protein	AT5G11490	5634;43231;43227;43226;5575;43229;44424;44464;5623;5622;30665;30662;30659;12506;31090;16020;44422;31988;31982;44433;44444;5737;44446;31410;16023;98588;98805;30135;30136;6886;15031;45184;51234;51179;8150;8104;33036;71702;6810;46907;51649;51641;34613;70727;8565;22892;5215;3674;43424;19901;19900;19899;5515;5488;5794;12505;16192	6090	3628	5664.5	5239	4356	1594	5238	2114.5	7978	1584.5	2216.5	1510.5	7189	7101	7258.5	5325.5	562	5569	7764.5	3274.5	7636	7392.5	5762.5	4117.5	91188.5	4.559.425
ORTHO007223	Pre-mRNA cleavage complex II protein family	AT5G11010	5524;35639;1901265;1901363;5488;3674;97159;43168;43167;32559;30554;17076;166;36094;32555;32553;97367;32550;32549;1882;1883;5730;44428;44446;44422;5575;43226;44424;44464;5623;5622;43229;5634;43231;43227;43232;43228;31981;70013;43233;31974;16310;6796;6793;44237;8152;8150;9987	6091	5863	5034.5	3978	6664	7008.5	6606.5	4219.5	5355.5	8934.5	5636.5	6440	4677	3431.5	1812.5	3976.5	8726	4253	3301	1667	2459.5	1613	1203	3366.5	84687.5	4.234.375
ORTHO009921	Ribosomal L18p/L5e family protein	AT1G48350	9570;9532;44435;44444;44424;44464;5575;5623;5622;5737;44446;44422;43226;43229;9536;43231;43227;44434;9507;9941;9526;31967;31975;5840;30529;32991;43232;43228;6412;43043;43604;43603;34641;6807;8152;8150;44237;9987;44271;44249;9058;6518;1901564;71704;1901566;1901576;44267;19538;43170;44238;44260;34645;9059;10467;42254;22613;44085;71840;8097;19843;3723;3676;1901363;5488;3674;97159;3735;5198	6092	5755	6138.5	6185	2982.5	2629	6651.5	5813.5	317.5	5938	5217.5	7571	1352	8993	6092	5325.5	2804.5	8438.5	8655.5	3976	8873.5	787	947.5	5913	96296	4814.8
ORTHO010363	Core-2/I-branching beta-1;6-N-acetylglucosaminyltransferase family protein	AT3G03690	8375;8194;16757;16740;3824;3674;8152;8150;16758;9567;9566;44702;22414;44699;19953;44703;51704;3;16051;44723;5975;71704;44238;44710;1901576;9058;44711;16020;5575;5794;43231;43227;43226;43229;44424;44464;5623;5622;44444;5737;12505;48868;3006;32502;48856;9856;44706;32501	6093	6408	3086.5	80	7245.5	908.5	5261.5	1547.5	1234	8535.5	744	1791.5	1352	138	136.5	3232.5	2815.5	398	1922	1189.5	2749.5	227	365	356	34904	1745.2
ORTHO007692	SOUL heme-binding family protein	AT5G20140	9535;55035;42651;34357;16020;5575;44436;44424;44464;5623;5622;9579;44435;44444;5737;44446;44422;43226;43229;9536;43231;43227;31976;31984;44434;9507;9534;20037;46906;1901363;5488;3674;97159;9941;9526;31967;31975;5515;6979;6950;50896;8150	6094	5431	7585	9076	2982.5	6529	5001	7331	9059	7620	8798.5	6482	4040	5751	1145.5	3976.5	8849	6590	8485.5	8956	8153	8588.5	8641.5	8062	132059	6602.95
ORTHO007154	FUNCTIONS IN: molecular_function unknown	AT3G14120	5634;43231;43227;43226;5575;43229;44424;44464;5623;5622;5515;5488;3674;51028;50658;50657;15931;71705;6810;51234;51179;8150;71702;51236;6403;33036;15031;45184;8104;5635;44428;44446;44422;31967;31975;12505;5643	6095	4799	4405.5	2716	5439	2358	4528.5	8761	1481	4722.5	5973.5	2729	5740	1800.5	4233.5	6712.5	3367.5	2199.5	2972	4630.5	3675	2433.5	3519	5601	77438	3871.9
ORTHO005929	Homeodomain-like superfamily protein	AT3G53440	3677;3676;1901363;5488;3674;97159;5634;43231;43227;43226;5575;43229;44424;44464;5623;5622;3682;44877;8150	6096	3777	7050.5	8005	2097	7959	2881	2250	8053.5	4419.5	982	1198.5	1352	7343.5	7323.5	7782	6896.5	5626	7831	8818.5	7786.5	7756.5	8551.5	4291.5	109102.5	5.455.125
ORTHO010300	unknown protein	AT1G21500	9507;9536;43231;43227;43226;5575;43229;44424;44464;5623;5622;44444;5737;9534;31976;9579;31984;44446;44422;44435;44434;5943;97651;5942;61695;1990234;1902494;43234;32991;98796;44425;16020;19898	6097	6413	4837	3577	5748	4758	4638.5	5213.5	4865	8535.5	5655.5	5720.5	3022.5	2711.5	2702.5	3976.5	4054.5	2199.5	4113.5	5781.5	3870	3311	2933.5	4291.5	82354.5	4.117.725
ORTHO007911	chloroplastic lipocalin	AT3G47860	9507;9536;43231;43227;43226;5575;43229;44424;44464;5623;5622;44444;5737;9535;55035;42651;34357;16020;44436;9579;44435;44446;44422;31976;31984;44434;9534;9408;9266;9628;50896;8150;6950;10431;44702;22414;44699;48609;32504;3;32501;3006;32502;21700;44767;48316;48608;48856;61458;48731;7275;44707;9791;10154;9644;9642;9416;9314;9737;9725;9719;10033;42221;33993;97305;1901700;1101;31977;46322;45922;19217;10565;31323;50794;50789;65007;19222;19216;80090;31324;48523;48519;9892;45833;46320;1901562;9414;9415;10035;5576;6979	6098	6674	5412	4726	7662	2295.5	4341	5439.5	6379.5	4529.5	6543	7948	3235	2711.5	3521.5	3976.5	2640.5	2724.5	5128	6555.5	6180.5	4612.5	4668	5222.5	88652.5	4.432.625
ORTHO008605	Tetratricopeptide repeat (TPR)-like superfamily protein	AT1G56440	5737;44424;44464;5575;5623;5622;8150	6099	7065	6305	6511	6194	7915	7174	4964	6379.5	4016	7382.5	4239	7743	2711.5	3721.5	5325.5	4942.5	1780	2066	2935	7860	4308.5	7554.5	5222.5	98240.5	4.912.025
ORTHO009008	Duplicated homeodomain-like superfamily protein	AT5G45420	3682;44877;5488;3674;3700;1071;2001141;31326;9889;19222;50789;65007;8150;31323;50794;51252;19219;80090;51171;60255;10556;6355;1903506;10468;2000112;48767;60560;48589;44767;32502;44699;40007;9653;48856;48588;16049;44763;9987;48468;48869;30154;80147;48765;10053;90627;10015;48364;48513;48731;7275;44707;32501;22622;90558;9888;48764;48469;21700;10054;3677;3676;1901363;97159;5783;43231;43227;43226;5575;43229;44424;44464;5623;5622;44444;5737;12505;5886;16020;71944;5634	6100	5636	5700.5	5301	2982.5	4986.5	3960	7435.5	5619	4523	2809.5	3983	5740	1800.5	3936.5	3976.5	5032.5	3580	5502	7080	5422.5	5603	5295.5	5222.5	91508	4575.4
ORTHO008200	phosducin-like protein 3 homolog	AT3G50960;AT5G66410	5634;43231;43227;43226;5575;43229;44424;44464;5623;5622;48487;15631;8092;5515;5488;3674;280;48285;6996;16043;71840;8150;9987;43622;30865;7010;31122;226;1902589;44763;44699;7017;71822;43933;45454;19725;42592;65008;65007;50794;50789;5737;5874;44430;44446;44422;5856;43232;43228;43234;32991;15630;51211;16049;40007;7000;6997;910;22402;7049;51301	6101	8037	5279.5	4458	8753	7071.5	8536	7331	5355.5	8168.5	5669.5	7039.5	4259.5	1321.5	1509	8358	1670.5	4253	1567	3850	2722.5	810	2669.5	4972	87134	4356.7
ORTHO001447_1	aminopeptidase P1	AT4G36760	9926;60918;9914;10817;65008;65007;8150;44765;6810;51234;51179;1902578;44699;5886;16020;5575;44464;5623;71944;46872;43169;43167;5488;3674;5829;44444;44424;5622;5737;10013;33218;33293;31406;43177;36094;43168;8144;4177;8238;70011;8233;16787;3824;8152;6508;19538;43170;71704;44238	6102	7500	5351	4600	7947.5	5351.5	7547	4462	5355.5	7377.5	6070	6027	6397.5	2711.5	1758.5	5325.5	3548.5	1538.5	4388	2935	4226.5	2608	5710.5	4484	87822.5	4.391.125
ORTHO008404	Ankyrin repeat family protein	AT2G03430	8150;5618;30312;44464;5575;5623;71944	6103	4097	7376	8649	2375	1658.5	8738.5	7156.5	3262	5036.5	8232.5	2392.5	6895.5	6764.5	8093.5	7782	737	6145	7281	8397.5	6908	7301.5	8202.5	7860.5	118845.5	5.942.275
ORTHO007601	glycine-rich protein	AT4G17620	9507;9536;43231;43227;43226;5575;43229;44424;44464;5623;5622;44444;5737;166;36094;5488;3674;1901265;1901363;97159;4518;16788;16787;3824;8152;8150;90305;90304;6139;46483;44237;9987;6725;1901360;71704;34641;6807;44238;43170;3723;3676;5829;46872;43169;43167	6104	4811	7359	8614	5938.5	1594	4528.5	2185	7748	1970.5	1810	8339.5	8094	8456.5	8240.5	7782	6099.5	5368	7435.5	6960	7386	7567	8405	8062	118031.5	5.901.575
ORTHO008759	Ribosomal protein L34	AT1G29070	6412;43043;43604;43603;34641;6807;8152;8150;44237;9987;44271;44249;9058;6518;1901564;71704;1901566;1901576;44267;19538;43170;44238;44260;34645;9059;10467;42254;22613;44085;71840;3735;5198;3674;9507;9536;43231;43227;43226;5575;43229;44424;44464;5623;5622;44444;5737;19843;3723;3676;1901363;5488;97159;5840;30529;32991;43232;43228	6105	5444	7206.5	8308	6478.5	2333	3513	8778	7978	1208.5	2402	3422.5	3995.5	8485	8163.5	5325.5	8542.5	6505.5	8380.5	8926	8618.5	6576.5	1498	7860.5	112512.5	5.625.625
ORTHO010489	Cyclophilin-like peptidyl-prolyl cis-trans isomerase family protein	AT2G36130	42277;33218;5488;3674;6457;9987;8150;413;18208;18193;6464;36211;19538;43170;71704;8152;44238;43412;44267;44260;44237;3755;16859;16853;3824;5737;44424;44464;5575;5623;5622;5829;44444	6106	6423	3122	138	7245.5	4077	1672.5	3903.5	4164	6020	291	1338	1352	138	136.5	3232.5	2867	474	2189.5	3331	2770	300.5	1121.5	476	39854.5	1.992.725
ORTHO008481	FK506-binding protein 12	AT5G64350	5528;5527;1901363;5488;3674;97159;8144;3755;16859;16853;3824;8152;8150;413;18208;18193;6464;36211;19538;43170;71704;44238;43412;44267;44260;44237;9987;16020;5575;9543;31978;31977;44436;44424;44464;5623;5622;9579;44435;44444;5737;44446;44422;43226;43229;9536;43231;43227;31976;31984;44434;9507;9534;5829;5515	6107	4031	7127.25	8147.5	5748	1658.5	3129.5	2684	7455	3317	7886	4239	6316	6601.5	7885	7782	8446.5	4595	4864	7986	5061.5	6612.5	6624.5	7376.5	110520	5526
ORTHO006584	Uncharacterised conserved protein UCP022280	AT2G45060	8150;5634;43231;43227;43226;5575;43229;44424;44464;5623;5622;5739;44444;5737;3674	6108	5243	6052	5996	6194	6679.5	2881	6264	867	2124.5	8095	3108	6731.5	1800.5	5413.5	3976.5	6648.5	3949	7281	8397.5	461	6429	7335	6801.5	95243.5	4.762.175
ORTHO008510	Tetratricopeptide repeat (TPR)-like superfamily protein	AT5G38730	5739;43231;43227;43226;5575;43229;44424;44464;5623;5622;44444;5737;8150;3674	6109	6196	5352	4595	7245.5	4381	7947.5	4640	7325.5	8934.5	3461	6981	3196.5	3408	2702.5	3976.5	7840	2199.5	4263.5	5929.5	3942	1613	759.5	4291.5	87792.5	4.389.625
ORTHO010303	Heat shock protein DnaJ; N-terminal with domain of unknown function (DUF1977)	AT5G49060	6457;9987;8150;5515;5488;3674;5634;43231;43227;43226;5575;43229;44424;44464;5623;5622;16021;31224;44425;16020	6110	6430	6457.5	6805	7245.5	6085.5	3960	5698.5	8207	1709.5	7382.5	3686.5	8094	2711.5	3936.5	3976.5	5685	3121	5851	7299	5637	5603	5541.5	5806	99991.5	4.999.575
ORTHO001070_2	ARM repeat superfamily protein	AT5G06120	5049;8565;22892;5215;3674;6810;51234;51179;8150;15031;45184;8104;33036;71702;6611;6886;46907;51649;51641;34613;70727;51168;6913;16482;51169;1902582;44765;1902578;44699;5643;44428;44446;44422;5575;43226;44424;44464;5623;5622;43229;5634;43231;43227;5635;31967;31975;12505;59;43623;6461;65003;43933;16043;71840;9987;22607;44085;71822;70271;34622;6606;17038;34504;33365;1902580;1902593;51170;72594;44744;6605;5739;44444;5737;8536;17016;31267;51020;19899;5515;5488	6111	5552	4511.5	2912	5328	4251	8038	8279.5	5851.5	4711	7199	2086	4259.5	3497	5969	2914	3284	1360.5	3616	5126.5	2123	1358.5	3967	757.5	78648.5	3.932.425
ORTHO006410	Thioredoxin superfamily protein	AT5G14240	8150;5737;44424;44464;5575;5623;5622;3674	6112	5596	6990	7868	6478.5	2260.5	5303	7244.5	7561.5	1123	8770	3578.5	1352	8485	8093.5	5325.5	8420.5	5720	8083	6860	1367.5	7420	3123.5	7721.5	107813	5390.65
ORTHO005823	FUNCTIONS IN: molecular_function unknown	AT5G64090	9507;9536;43231;43227;43226;5575;43229;44424;44464;5623;5622;44444;5737;8150;5886;16020;71944;3674	6113	6062	7249.5	8386	6857.5	8990	7923	5095	4645.5	5978.5	8314	6543.5	7189	8210.5	7804.5	5325.5	7071	7525.5	2014	1532.5	497	7120.5	4723.5	7223	113726	5686.3
ORTHO006708	gamma-tocopherol methyltransferase	AT1G64970	9507;9536;43231;43227;43226;5575;43229;44424;44464;5623;5622;44444;5737;10189;1901617;1901615;71704;8152;8150;1901576;9058;18130;46483;44237;9987;44249;42360;1901360;44763;44699;6775;6766;44281;44710;1901362;42362;9110;44283;44711;51741;8757;8168;16741;16740;3824;3674;32259;50342;8171	6114	5247	4190	2266	5307.5	3425	7306.5	3504.5	2868	8231.5	3989.5	5231.5	5467.5	8758	6054.5	2476	2483	6737.5	2575.5	2455	306.5	914	528	1078.5	74390.5	3.719.525
ORTHO008091	CONTAINS InterPro DOMAIN/s: Uncharacterised conserved protein UCP033271 (InterPro:IPR008322); TIM-barrel signal transduction protein; predicted (InterPro:IPR009215)	AT5G66420	9507;9536;43231;43227;43226;5575;43229;44424;44464;5623;5622;44444;5737;3824;3674;8152;8150	6115	4716	4736	3357	2982.5	3178.5	2328.5	2114.5	7183.5	1189	6763.5	1198.5	6731.5	1800.5	4705.5	6712.5	4054.5	2558	2233.5	6860	4668.5	3955.5	6282.5	6669	81187.5	4.059.375
ORTHO010698	Ubiquitin-like superfamily protein	AT5G57860	3674	6116	7333	6378	6640	7662	7051	5535	4964	4740.5	5847	7382.5	2640.5	7743	2711.5	3721.5	5325.5	4942.5	2558	6109.5	4297.5	6431	4308.5	7554.5	5222.5	99086	4954.3
ORTHO007730	LOCATED IN: cytosol; plasma membrane	AT4G37190	5829;44444;44424;44464;5575;5623;5622;5737;5774;44437;44446;44422;43226;43229;5773;43231;43227;98588;31090;16020;98805;5739;3924;17111;16462;16818;16817;16787;3824;3674;8152;8150	6117	5357	6061	6005	2982.5	1959	8400	5957	2868	4851.5	6763.5	3422.5	6316	1800.5	5034.5	3976.5	763	4673.5	7042	6632	7254	6027.5	5171.5	6379.5	95292	4764.6
ORTHO002335	Protein of unknown function (DUF604)	AT2G37730;AT3G11420	16757;16740;3824;3674;8152;8150;5794;43231;43227;43226;5575;43229;44424;44464;5623;5622;44444;5737;12505;5886;16020;71944	6118	8800	4109.75	2101.5	8984.5	9159	64.5	4020	3324.5	8934.5	14	2255.5	1352	1184.5	3936.5	8925	4998.5	241.5	79	399	8663	940	5902.5	8857.5	73251	3662.55
ORTHO000690	Calcium-binding EF-hand family protein	AT1G76640;AT1G76650;AT5G42380	5737;44424;44464;5575;5623;5622;8150;5509;46872;43169;43167;5488;3674;5634;43231;43227;43226;43229;9611;6950;50896;5886;16020;71944;10193;302;6979;1901700;42221;1101;10035	6119	7621	7523.5	8928	6358.5	8643	4835.5	5213.5	3771.5	8118.5	7040	6404.5	8094	6971	7764	6712.5	4942.5	4400	4441	8478	7386	6429	7774	8795.5	126214	6310.7
ORTHO000984_2	ATP-citrate lyase A-3	AT1G09430	6629;71704;8152;8150;44710;44699;44238;5524;35639;1901265;1901363;5488;3674;97159;43168;43167;32559;30554;17076;166;36094;32555;32553;97367;32550;32549;1882;1883;5829;44444;44424;44464;5575;5623;5622;5737;6085;71616;9108;51188;51186;44237;9987;44249;9058;6732;6637;35383;6790;6793;35384;44272;1901576;6084;9346;43234;32991;3878;46912;16746;16740;3824	6120	3779	5969	5818	4356	4404	4457	1547.5	8178.5	7967.5	4231	6518	3819.5	5625.5	1209.5	1830	5864.5	6683.5	7281	4727.5	5061.5	7567	3621	3721	94315	4715.75
ORTHO007410	CCAAT-binding factor	AT1G72440	5730;44428;44446;44422;5575;43226;44424;44464;5623;5622;43229;5634;43231;43227;43232;43228;31981;70013;43233;31974;10197;741;48284;6996;16043;71840;8150;9987;6997;9559;30154;48869;44767;32502;44699;44763;9561;44707;32501;9553;48229;7275;48856	6121	4526	7019	7917	2982.5	7207	7378.5	6573	7183.5	4127	6763.5	5053	6731.5	8028.5	7548.5	7782	8408	3121	967.5	6632	3870	2433.5	2129.5	6379.5	108317	5415.85
ORTHO008001	unknown protein	AT1G71780	3674;5783;43231;43227;43226;5575;43229;44424;44464;5623;5622;44444;5737;12505;5739;8150	6122	8771	4808	3494	8678	4308	3430	6652	3957.5	8118.5	147	5053	4555.5	1321.5	1549	8925	9033	934	778.5	6632	7636	454.5	827.5	7656.5	81969	4098.45
ORTHO000570_2	Beta-glucosidase; GBA2 type family protein	AT1G33700;AT4G10060;AT5G49900	4348;4553;16798;16787;3824;3674;8152;8150;6680;6678;6677;6672;43603;34641;6807;44237;9987;6665;1901564;71704;6643;44255;6629;44710;44699;44238;44763;6687;6664;1903509;1901135;46477;46479;30149;1901565;1901575;9056;46466;44242;16042;44712;44248;19377;1901136;46514;16021;31224;44425;5575;16020;5773;43231;43227;43226;43229;44424;44464;5623;5622;44444;5737;5886;71944;5794;12505	6123	5742	6501.25	6879.5	2982.5	4946.5	8364	4099	8541.5	7407.5	7886	6080.5	1352	8593	7582.5	5325.5	3521.5	5221.5	6897.5	1391	7489.5	418.5	210.5	5222.5	100550.5	5.027.525
ORTHO001273	Major facilitator superfamily protein	AT2G16970;AT2G16980;AT2G16990	16021;31224;44425;5575;16020;22891;22857;5215;3674;6810;51234;51179;8150;55085;44763;9987;44699;44765;1902578;22892;9793;44702;22414;3006;32502;9790;44767;48856;7275;44707;32501;48316;48608;61458;48731;9791;10154;8493;42895;90484;15893;42493;42221;50896;19534;1901998;42891;15904;15850;71702;15711;6820;6811;5576	6124	8563	6801	7478	7662	8007.5	1985	7762	4253	6223	8232.5	8654.5	5195	590	2163.5	8358	6549	663.5	8310	6001	2533.5	3111.5	7156	9033	104781.5	5.239.075
ORTHO006003	hydroxypyruvate reductase	AT1G68010	71482;9416;9314;9628;50896;8150;71478;71214;51716;9987;42631;31668;71496;9605;7154;44763;44699;9991;71462;9415;1101;42221;10035;1901700;71229;70887;1901701;9414;6950;33554;5777;42579;43231;43227;43226;5575;43229;44424;44464;5623;5622;44444;5737;9853;43094;44249;9058;8152;44237;9507;9536;51287;50662;48037;5488;3674;166;36094;1901265;1901363;97159;8266;8187;3727;3723;3676;48046;5576;9854;8465;16616;16614;16491;3824;55114;44710	6125	6379	4746	3367	5748	8716.5	5486.5	5439.5	6225	5376	6343	2597	1352	4374	4705.5	3976.5	8680.5	2199.5	3021.5	4060.5	723.5	2541	947.5	4484	81249.5	4.062.475
ORTHO005155	Chaperone DnaJ-domain superfamily protein	AT2G18465	6457;9987;8150;5737;44424;44464;5575;5623;5622;9507;9536;43231;43227;43226;43229;44444	6126	4321	5697	5268	2982.5	214	3327	2923.5	1691	4578	3526	9065	8754.5	5445	766.5	6712.5	7733.5	7335.5	857	9107.5	624	8473.5	2943	7266.5	91343.5	4.567.175
ORTHO003426	PLC-like phosphodiesterases superfamily protein	AT1G13680	5886;16020;5575;44464;5623;71944;6629;71704;8152;8150;44710;44699;44238;8081;42578;16788;16787;3824;3674	6127	6779	4818	3509	7662	4913	3960	4964	4323	6381.5	6543	2553.5	1352	4344	4705.5	5325.5	1189	4154.5	6185.5	6754	1270.5	4612.5	3606.5	4898	82035.5	4.101.775
ORTHO000286_2	Transducin/WD40 repeat-like superfamily protein	AT5G50230	7275;44767;32502;8150;44699;44707;32501;5834;1902494;43234;32991;5575;98797;44459;44464;5623;44425;16020;5886;71944;98796;44424;5622;31234;19897;19898;9898;98562;98552;166;36094;5488;3674;1901265;1901363;97159;5737	6128	8000	6945	7762	6857.5	1907.5	7665	7935.5	5355.5	5615	7382.5	8763	5740	906.5	2396.5	5325.5	6825	867.5	5851	6322.5	8019	4308.5	7404.5	8258.5	106849	5342.45
ORTHO009825	2 iron; 2 sulfur cluster binding	AT5G51720	9570;9532;44435;44444;44424;44464;5575;5623;5622;5737;44446;44422;43226;43229;9536;43231;43227;44434;9507;51537;51536;51540;5488;3674;72593;44237;8152;8150;9987;5739;55072;55076;55065;98771;50801;48878;42592;65008;65007;55080;10150;10260;7568;44767;32502;44699;48513;48856;48731;7275;44707;32501;48366;48827;48367;46872;43169;43167	6129	5798	7465	8801	2982.5	6149	4587.5	6264	6124	8319	8095	5763	3674.5	7909	7582.5	5325.5	6409	4595	7042	8320	5779	6952	7048.5	6669	122607.5	6.130.375
ORTHO004182	ARM repeat superfamily protein	AT2G26780	16020;5575;8150	6130	5024	6450	6770	2982.5	4434.5	2881	6142.5	597.5	2257.5	1981	8224	6617.5	1800.5	5413.5	6712.5	6409	3949	7042	8320	7386	6266	6854	6553	99841	4992.05
ORTHO008966	FAD/NAD(P)-binding oxidoreductase family protein	AT3G04650	9507;9536;43231;43227;43226;5575;43229;44424;44464;5623;5622;44444;5737;5739	6131	3529	4873.5	3616	2097	4758	8450	4053	7455	8063.5	513.5	5295.5	3441.5	6971	6791	7782	1692	4326.5	1063.5	6960	2108	561.5	416.5	1906.5	82608.5	4.130.425
ORTHO009359	CONTAINS InterPro DOMAIN/s: Gamma-secretase aspartyl protease complex; presenilin enhancer-2 subunit (InterPro:IPR019379)	AT5G09310	5634;43231;43227;43226;5575;43229;44424;44464;5623;5622;7219;7166;7165;50794;50789;65007;8150;51716;9987;50896;7154;44763;44699;44700;23052;5798;16023;31988;31982;31410;44444;5737;44431;44446;44422;5794;12505;3674	6132	5805	7384	8636	6534	6966	1311	2750.5	2790.5	6020	8314	7312.5	7121	8151	7713.5	5325.5	8726	5101.5	7644	3699	7386	7392.5	7774	7075	118573.5	5.928.675
ORTHO008891	P-loop containing nucleoside triphosphate hydrolases superfamily protein	AT5G22370	9790;44767;32502;8150;44699;48856;7275;44707;32501;5874;44430;44446;44422;5575;43226;44424;44464;5623;5622;43229;5856;43232;43228;43234;32991;15630;9793;44702;22414;3006;48316;48608;61458;48731;9791;10154;5634;43231;43227;5524;35639;1901265;1901363;5488;3674;97159;43168;43167;32559;30554;17076;166;36094;32555;32553;97367;32550;32549;1882;1883;51301;44763;9987	6133	5582	5377.75	4622.5	2982.5	4986.5	8162.5	5568.5	6584	1750.5	2809.5	6861.5	1352	1800.5	3936.5	3976.5	5032.5	3121	5502	6960	5422.5	4873	4026	5222.5	87948	4397.4
ORTHO008567	Galactose oxidase/kelch repeat superfamily protein	AT3G07720;AT5G48180	5634;43231;43227;43226;5575;43229;44424;44464;5623;5622;5737;5829;44444;10043;10038;10035;42221;50896;8150;1990267;3674;19762;19759;19757;43436;6082;71704;8152;44281;44710;44699;44763;9987;44237;19748;16143;6790;1901657;1901135;16145;1901658;44712;9056;1901136;1901575;44273;44248;19760;80028;44271;34641;6807;44249;9058;50898;1901564;1901566;1901576	6134	7760	6788	7442	8259	5432.5	8162.5	4964	6379.5	4976	6543	8397	5467.5	906.5	2396.5	5325.5	4761	867.5	5851	7986	6180.5	4308.5	7335	8258.5	104498.5	5.224.925
ORTHO005360	Ribosomal protein L19 family protein	AT4G11630;AT5G11750	5739;43231;43227;43226;5575;43229;44424;44464;5623;5622;44444;5737;3735;5198;3674;6412;43043;43604;43603;34641;6807;8152;8150;44237;9987;44271;44249;9058;6518;1901564;71704;1901566;1901576;44267;19538;43170;44238;44260;34645;9059;10467;42254;22613;44085;71840;5840;30529;32991;43232;43228;9507;9536	6135	7007	4068	2001	7662	4110.5	7453.5	3230.5	3534	8934.5	3136.5	6861.5	1352	5702	4462	6020.5	2013	1568.5	2997	5062.5	3551.5	567	470	1546.5	72573.5	3.628.675
ORTHO005687	catalytics	AT5G26570	9570;9532;44435;44444;44424;44464;5575;5623;5622;5737;44446;44422;43226;43229;9536;43231;43227;44434;9507;51752;16301;16772;16740;3824;3674;8152;8150;16310;6796;6793;44237;9987;16781;46777;6468;6464;36211;19538;43170;71704;44238;43412;44267;44260;5982;6073;44042;5976;5975;44264;44262;5524;35639;1901265;1901363;5488;97159;43168;43167;32559;30554;17076;166;36094;32555;32553;97367;32550;32549;1882;1883;5983;9251;272;16052;1901575;9056;9057;44247;44275;44248;2001070;30247;1871;30246;46872;43169;19200;46835	6136	4914	5588.5	5041	5938.5	4366.5	3327	6428.5	2069	5334	6543	3422.5	6227	1800.5	5034.5	6712.5	737	3121	6785	6632	6810.5	3222.5	5407	6281	90261	4513.05
ORTHO005141	embryo defective 2016	AT3G05680	5634;43231;43227;43226;5575;43229;44424;44464;5623;5622;3674;9793;44702;22414;8150;44699;3006;32502;9790;44767;48856;7275;44707;32501;48316;48608;61458;48731;9791;10154	6137	5987	6244.75	6352.5	6664	8750	3430	5568.5	1198	4540.5	2129.5	8595.5	6071.5	1800.5	4462	5325.5	5864.5	3580	2986	7871	6578.5	6077	6194.5	6210	97233	4861.65
ORTHO001193	AUX/IAA transcriptional regulator family protein	AT1G04240;AT5G43700	6355;1903506;2001141;31326;9889;19222;50789;65007;8150;31323;50794;51252;19219;80090;51171;60255;10556;10468;2000112;46983;5515;5488;3674;3700;1071;44212;975;3677;3676;1901363;97159;1067;9733;9725;9719;50896;10033;42221;5634;43231;43227;43226;5575;43229;44424;44464;5623;5622;9734;9755;7165;51716;9987;7154;44763;44699;44700;23052;32870;71495;71310;70887;71365;6351;34645;44260;43170;71704;8152;44237;9059;1901576;9058;44249;97659;32774;16070;90304;6139;46483;6725;1901360;34641;6807;44238;34654;19438;44271;18130;1901362;10467;10583;14070;6417;10608;32268;51246;34248	6138	5743	6309	6480	6534	6529	2951	6573	4429.5	2721	7886	2255.5	6731.5	1800.5	5034.5	3976.5	6549	3949	7042	8364.5	765	6266	6854	7315.5	97993	4899.65
ORTHO003313_1	ortholog of human splicing factor SC35	AT5G64200	3723;3676;1901363;5488;3674;97159;8380;6396;16070;44260;43170;71704;8152;8150;44237;9987;90304;6139;46483;6725;1901360;34641;6807;44238;10467;16020;5575;5681;44428;44446;44422;43226;44424;44464;5623;5622;43229;5634;43231;43227;30529;32991;398;6397;16071;377;375;166;36094;1901265;5829;44444;5737;16607;16604;44451;5654;31981;70013;43233;31974	6139	6832	3712	1285	5362.5	8818	4118.5	3021	6124	6733	2992.5	1889	4444	1321.5	4462	3023.5	3796.5	1360.5	3149.5	4848	3756	889.5	403.5	795	65945.5	3.297.275
ORTHO008015	YbaK/aminoacyl-tRNA synthetase-associated domain	AT4G16510	2161;52689;16788;16787;3824;3674;8152;8150;6450;6448;6417;10608;10468;60255;19222;50789;65007;32268;51246;80090;31323;50794;34248;51171;2000112;31326;9889;10556;65008;4812;16876;16875;16874	6140	4150	4388.5	2637	2375	1089	2328.5	6573	931	1926.5	1981	1198.5	3406.5	3815.5	5034.5	6712.5	3958.5	3121	7042	6860	4668.5	3854	5902.5	6553	76956	3847.8
ORTHO001101_1	Histone superfamily protein	AT4G40030;AT4G40040	46982;46983;5515;5488;3674;5634;43231;43227;43226;5575;43229;44424;44464;5623;5622;3677;3676;1901363;97159;786;44427;44446;44422;5694;43232;43228;44815;43234;32991;32993;785	6141	9096	5705.5	5270	9093	8263	6741	9163	3490	8934.5	4251.5	7532	1352	5238.5	3936.5	9124.5	9143.5	53	1706.5	3061	202.5	136.5	433.5	8595	91358	4567.9
ORTHO008299	timeless family protein	AT5G52910	5634;43231;43227;43226;5575;43229;44424;44464;5623;5622;42752;50789;65007;8150	6142	4764	6008	5874	2982.5	3375	6879	5957	5355.5	8934.5	5836	7744.5	3433.5	7699.5	7349.5	7782	4548.5	2199.5	490.5	3013.5	3359.5	2541	3418.5	4678.5	94595.5	4.729.775
ORTHO003801	sodium hydrogen exchanger 5	AT1G54370;AT1G79610	10008;98588;31090;16020;5575;44422;43226;43227;44440;44444;44424;44464;5623;5622;5737;44446;43229;5768;43231;12505;98805;6885;55067;98771;50801;48878;42592;65008;65007;8150;55080;15385;5451;15299;15078;15077;22890;8324;15075;22891;22857;5215;3674;6810;51234;51179;55085;44763;9987;44699;44765;1902578;22892;34220;6811;98655;6812;15672;1902600;15992;6818;98662;98660;15298;15297;15291;22804;15491;15081;46873;30001;35725;6814;16021;31224;44425;32580;139;44431;5794;31985;98791;31984;5795;10351	6143	3976	3882.5	1622	1551	1500	4341	6652	6225	3547	5440	2640.5	4555.5	3815.5	4462	2914	3016.5	5518	658	5303	3222	1656	2770	945.5	69181.5	3.459.075
ORTHO002390	Transducin/WD40 repeat-like superfamily protein	AT1G18830;AT3G63460	16192;6810;51234;51179;8150;166;36094;5488;3674;1901265;1901363;97159;15031;45184;8104;33036;71702;5737;44424;44464;5575;5623;5622;5794;43231;43227;43226;43229;44444;12505;5783;5829;16020;80008;31461;151;1990234;1902494;43234;32991;9506;5911;30054;55044	6144	7665	4512	2880	8320.5	3726.5	4587.5	2903.5	3302	8934.5	7382.5	6482	3048	6187	7313.5	5325.5	6244	523.5	1271.5	5606	3264	787	488.5	1009	78386	3919.3
ORTHO002885	unknown protein	AT2G31940;AT5G19875	8150;5739;43231;43227;43226;5575;43229;44424;44464;5623;5622;44444;5737;3674;6979;6950;50896	6145	8566	6791	7437	8471	2981	3758	7762	4645.5	5565.5	7886	8494.5	5066	590	2023.5	8358	6409	1114.5	8031	7080	8350.5	2112.5	6624.5	7591	104443	5222.15
ORTHO009473	RNA-binding (RRM/RBD/RNP motifs) family protein	AT3G54770	9414;9415;9628;50896;8150;1101;42221;10035;1901700;6950;9507;9536;43231;43227;43226;5575;43229;44424;44464;5623;5622;44444;5737;3676;1901363;5488;3674;97159;10029;1900140;48580;2000026;50793;50789;65007;51239;5634;9651;6970;3723;166;36094;1901265;9737;9725;9719;10033;33993;97305	6146	4874	6620.5	7095	2982.5	8278	3327	6323	2069	3547	8737.5	4841.5	6895.5	8072	7667.5	7782	4191.5	4400	3172	7138.5	2137	3754	2901	6801.5	102035.5	5.101.775
ORTHO008125	tryptophan synthase beta type 2	AT5G38530	162;6568;9072;6725;44237;8152;8150;9987;1901360;71704;6520;1901564;6807;19752;43436;6082;44281;44710;44699;44763;44238;1901605;6586;42430;46483;34641;6576;44106;9308;9073;19438;44249;9058;1901362;1901576;8652;46394;16053;44283;44711;1901566;46219;42435;44271;18130;42401;9309;1901607;4834;16836;16835;16829;3824;3674;9507;9536;43231;43227;43226;5575;43229;44424;44464;5623;5622;44444;5737;42803;42802;5515;5488;46983;52684	6147	6152	7546	8945	7245.5	5621	4587.5	6428.5	7455	6825	7199	2467.5	6895.5	8072	8203.5	5325.5	6825	5720	7562	8478	7254	7215.5	7611.5	6949.5	126695.5	6.334.775
ORTHO003619	NAD-dependent glycerol-3-phosphate dehydrogenase family protein	AT2G40690;AT2G40720	9941;9526;31967;31975;44464;5575;5623;44446;44422;43226;44424;5622;43229;43227;44435;44444;5737;9536;43231;44434;9507;8654;6644;19637;71704;8152;8150;6793;44237;9987;44255;6629;44710;44699;44238;44763;6796;90407;1901576;9058;8610;44711;44249;51287;50662;48037;5488;3674;166;36094;1901265;1901363;97159;6650;46486;4367;16616;16614;16491;3824;55114;6072;52646;1901135;46168;46434;1901575;9056;1901136;9627;9814;98542;6952;6950;50896;51707;43207;9605;9607;51704;45087;6955;2376;9331;1990204;1902494;43234;32991;5975;45017;5739	6148	4363	5689.5	5231	2982.5	4519	2627.5	6741	8259	3372	1312.5	3034.5	6895.5	1800.5	5413.5	6712.5	450	4154.5	4113.5	8551.5	5061.5	4525.5	6709	6883	91136	4556.8
ORTHO009330	Pentatricopeptide repeat (PPR) superfamily protein	AT1G79540	8150;5739;43231;43227;43226;5575;43229;44424;44464;5623;5622;44444;5737	6149	6370	6157	6165	7245.5	5285	8076	5439.5	6379.5	7584	3639.5	5053	7743	2711.5	2702.5	3976.5	4464.5	2558	5027.5	6555.5	4226.5	4612.5	4927.5	5222.5	96184.5	4.809.225
ORTHO005807	Polymerase/histidinol phosphatase-like	AT2G13840	6260;6259;44260;43170;71704;8152;8150;44237;9987;90304;6139;46483;6725;1901360;34641;6807;44238;34645;9059;1901576;9058;44249;3887;34061;16779;16772;16740;3824;3674;71897;34654;19438;44271;18130;1901362;5737;44424;44464;5575;5623;5622;3677;3676;1901363;5488;97159	6150	4935	5685	5220	2982.5	5285	2791.5	2460.5	8101	5245.5	2809.5	6240	6071.5	1800.5	4462	6712.5	3589	2199.5	6185.5	6397	3978	5789.5	5021	5957	91096	4554.8
ORTHO005247	glutaredoxin 4	AT3G15660	5739;43231;43227;43226;5575;43229;44424;44464;5623;5622;44444;5737;46872;43169;43167;5488;3674;9055;51537;51536;51540;5515;15035;15036;16667;16491;3824;8152;8150;55114;44710;44699;45454;19725;42592;65008;65007;44763;9987;50794;50789	6151	7145	5285	4419	5439	2425	8686	8536	8149.5	3903.5	7382.5	4467	4398	1254	4462	3023.5	6208.5	934	5347.5	6322.5	3491.5	2608	3967	1394.5	86960.5	4.348.025
ORTHO007921	pfkB-like carbohydrate kinase family protein	AT5G37850	16310;6796;6793;44237;8152;8150;9987;9443;42823;19438;6725;44249;9058;9108;51188;51186;6732;42822;1901615;71704;6081;44763;44699;44710;19637;72524;46483;1901360;34641;6807;1901564;46184;1901576;44711;1901617;90407;72525;44271;18130;1901362;1901566;43094;5829;44444;44424;44464;5575;5623;5622;5737;8478;16301;16772;16740;3824;3674;16773;10054;10053;90627;30154;48869;44767;32502;10015;9653;48856;48364;48513;48731;7275;44707;32501;22622;90558;9888;42538;9651;6970;9628;50896;6950;6972;8615;8614;42816;6767;6766;44281;42819;42364;9110;44283;5524;35639;1901265;1901363;5488;97159;43168;43167;32559;30554;17076;166;36094;32555;32553;97367;32550;32549;1882;1883;46872;43169	6152	6059	4319	2486	6857.5	3844	1457	4396	3534	8934.5	7734.5	6440	3207	1800.5	2702.5	3976.5	3958.5	8107	2195.5	1724	365.5	3754	3662.5	4174.5	75968	3798.4
ORTHO004166	Proteinase inhibitor; propeptide	AT1G71950	5886;16020;5575;44464;5623;71944;5829;44444;44424;5622;5737	6153	6714	6311	6469	5362.5	8734.5	7278	8381.5	1994.5	8231.5	8450	3792.5	1352	6347.5	7885	2821	4346.5	2558	5589.5	5519.5	2313	5434	4324	2575	97927.5	4.896.375
ORTHO009468	RNA-binding (RRM/RBD/RNP motifs) family protein	AT4G09040	9507;9536;43231;43227;43226;5575;43229;44424;44464;5623;5622;44444;5737;3676;1901363;5488;3674;97159;3723;8150;166;36094;1901265;9570;9532;44435;44446;44422;44434;5634	6154	5112	7532.5	8911	2982.5	7363.5	4758.5	7084	8596	3007	8095	2803.5	7554	8316	7999	7782	5561	4982.5	5851	6467.5	6578.5	7147.5	8026.5	7591	125564	6278.2
ORTHO007306	Glycolipid transfer protein (GLTP) family protein	AT2G34690	72488;15696;15672;6812;6811;44765;6810;51234;51179;8150;1902578;44699;71705;98662;98660;34220;55085;44763;9987;98655;5737;44424;44464;5575;5623;5622;9816;9814;98542;6952;6950;50896;51707;43207;9605;9607;51704;45087;6955;2376;42742;9617;15791;15850;71702;10175;15101;8324;15075;22891;22857;5215;3674;22892;15695;15166;15665;1901618;8519;15077;22890;46624;5319;6869;10876;33036;9751;14070;10033;42221;1101;1901700;5515;5488;8219;16265	6155	6066	4532.5	2910	5346	5684	8038	6573	8101	3928	7199	1954	4271.5	3497	4462	2080.5	3322.5	1360.5	3616	4727.5	3719.5	1358.5	3967	771.5	78631	3931.55
ORTHO003199	vacuolar iron transporter 1	AT2G01770	5384;46915;46873;22890;8324;15075;22891;22857;5215;3674;6810;51234;51179;8150;55085;44763;9987;44699;44765;1902578;22892;34220;6811;98655;6812;30001;41;71421;98662;98660;6828;6880;51651;51235;65008;65007;51641;97577;51238;6879;46916;6875;55065;98771;50801;48878;42592;55080;30003;6873;55082;19725;55076;55072;5774;44437;44444;44424;44464;5575;5623;5622;5737;44446;44422;43226;43229;5773;43231;43227;98588;31090;16020;98805;16021;31224;44425;30026;55071;71281;10039;10038;10035;42221;50896;1990267;71248;71241;70887;51716;34755;6826;5381	6156	5169	6927.5	7699	2982.5	7363.5	1560	7331	3797	8006.5	5202.5	5096	8094	8795	5799	7782	2114	7273.5	8472	2986	8798.5	567	396.5	6949.5	106383.5	5.319.175
ORTHO007195	Thioredoxin family protein	AT5G03880	9535;55035;42651;34357;16020;5575;44436;44424;44464;5623;5622;9579;44435;44444;5737;44446;44422;43226;43229;9536;43231;43227;31976;31984;44434;9507;9534;9941;9526;31967;31975;4364;16765;16740;3824;3674;8152;8150;6749;6518;43603;34641;6807;44237;9987;1901564;71704;6790;6575	6157	7317	6435.5	6714	6358.5	7411.5	3758	5302.5	460	2059	7886	2467.5	8094	2711.5	4462	8358	5764.5	3121	6835.5	8590.5	7489.5	4308.5	4564	5806	99449.5	4.972.475
ORTHO000544	demeter-like 1	AT2G36490;AT3G10010;AT4G34060;AT5G04560	51539;51536;51540;5488;3674;6351;34645;44260;43170;71704;8152;8150;44237;9987;9059;1901576;9058;44249;97659;32774;16070;90304;6139;46483;6725;1901360;34641;6807;44238;34654;19438;44271;18130;1901362;10467;6284;6281;6259;6974;33554;51716;50896;6950;44763;44699;44710;80111;70988;44728;6304;43412;35510;40029;10468;60255;19222;50789;65007;6306;43414;32259;6305;90305;31936;1903309;1903308;1902275;33044;33043;51128;50794;2001251;10639;51129;48523;48519;60969;10628;10604;9893;48518;60968;45815;31935;6355;1903506;2001141;31326;9889;31323;51252;19219;80090;51171;10556;2000112;45893;1903508;1902680;51254;45935;31325;48522;51173;31328;9891;10557;5730;44428;44446;44422;5575;43226;44424;44464;5623;5622;43229;5634;43231;43227;43232;43228;31981;70013;43233;31974;19104;16799;16798;16787;3824;3906;16835;16829;4520;4536;4518;16788;4519;6342;45814;10629;10605;9892;45892;1903507;1902679;51253;45934;51172;31324;31327;9890;10558;2000113;16458;5515;46872;43169;43167;3677;3676;1901363;97159;10216;9793;44702;22414;3006;32502;9790;44767;48856;7275;44707;32501;48316;48608;61458;48731;9791;10154;6349;71514;43078;43076	6158	8996	6136.25	6114.5	9010.5	5904	6542.5	8064.5	4474.5	8118.5	8487.5	7207	4206	310.5	1404.5	8594.5	562	867.5	8544.5	1678.5	2874	3374.5	6326.5	8367.5	95909	4795.45
ORTHO004972	auxin transport protein (BIG)	AT3G02260	16021;31224;44425;5575;16020;4842;19787;16740;3824;3674;8152;8150;16567;32446;70647;6464;36211;19538;43170;71704;44238;43412;44267;44260;44237;9987;48281;3006;32502;22414;10016;9653;48856;48367;44767;44699;48731;7275;44707;32501;9886;9791;10229;90567;48608;61458;44702;9926;60918;9914;10817;65008;65007;44765;6810;51234;51179;1902578;9640;9639;9416;9314;9628;50896;5829;44444;44424;44464;5623;5622;5737;48364;48513;22622;10311;48645;48646;9887;10102;10101;10015;48528;48569;48527;9733;9725;9719;10033;42221;9506;5911;30054;55044;9826;902;32989;16043;71840;48869;44763;60560;48589;40007;16049;9734;9755;7165;50794;50789;51716;7154;44700;23052;32870;71495;71310;70887;71365;9620;51707;43207;9605;9607;51704;8270;46914;46872;43169;43167;5488;48283	6159	3960	3808	1457	1551	1658.5	2703	7244.5	2134	1506.5	5497	1400	4865.5	3815.5	5254.5	2080.5	3092	6085	4830.5	5160	3364.5	2677	3832.5	691.5	67892.5	3.394.625
ORTHO000807_1	glutamate synthase 2	AT2G41220;AT5G04140;AT5G53460	9507;9536;43231;43227;43226;5575;43229;44424;44464;5623;5622;44444;5737;9941;9526;31967;31975;44446;44422;44435;44434;97054;6537;9084;1901607;1901605;6520;1901564;71704;8152;8150;6807;19752;43436;6082;44281;44710;44699;44763;9987;44237;44238;8652;46394;16053;44283;44711;9058;1901576;44249;1901566;9064;6536;43648;43650;16041;15930;16638;16491;3824;3674;55114;16643;51538;51536;51540;5488;46872;43169;43167;9570;9532;48046;5576;9853;43094;5515;9416;9314;9628;50896;80114;31323;50794;50789;65007;19222;51347;43085;44093;65009;50790;9893;48518;51338;5739;9744;34285;9743;10033;42221;1901700;16020;50660;50662;48037;43168;166;36094;1901265;1901363;97159;10181;32553;97367;42128;42126;2001057;71941;19676;6541;48589;44767;32502;40007;9735;9725;9719;16040;45181;16639;46686;10038;10035;5506;46914	6160	6019	4836	3512	2982.5	1885	3960	5439.5	6379.5	5286.5	3526	2729	5740	1800.5	2702.5	3976.5	4548.5	2724.5	5220.5	6632	4384	4873	5021	5222.5	82051	4102.55
ORTHO008531	TatD related DNase	AT3G52390	6259;44260;43170;71704;8152;8150;44237;9987;90304;6139;46483;6725;1901360;34641;6807;44238;5634;43231;43227;43226;5575;43229;44424;44464;5623;5622;4536;4518;16788;16787;3824;3674;90305	6161	4795	6611	7061	2982.5	3334	6670	5213.5	3176	7407.5	4777.5	8454.5	8605	5751	1109.5	6712.5	2466	7376.5	1961.5	7647	2573	7567	2553	8396	101751	5087.55
ORTHO007982	Plastid-lipid associated protein PAP / fibrillin family protein	AT2G35490	9534;31976;9579;44424;44464;5575;5623;5622;31984;44446;44422;43226;43229;43227;44435;44444;5737;9536;43231;44434;9507;10287;9570;9532;8150;9535;55035;42651;34357;16020;44436;5198;3674	6162	4662	4104	2046	2982.5	4389	2791.5	6428.5	5619	3135	2290	1954	3605.5	1800.5	5034.5	6712.5	3682	2199.5	3149.5	6467.5	1744	2433.5	3284.5	6210	72930.5	3.646.525
ORTHO009074	indole-3-acetic acid inducible 33	AT5G57420	9734;9755;7165;50794;50789;65007;8150;51716;9987;50896;7154;44763;44699;44700;23052;32870;9725;9719;10033;42221;71495;71310;70887;71365;9733;3700;1071;3674;2001141;31326;9889;19222;31323;51252;19219;80090;51171;60255;10556;6355;1903506;10468;2000112;5634;43231;43227;43226;5575;43229;44424;44464;5623;5622;46983;5515;5488;6351;34645;44260;43170;71704;8152;44237;9059;1901576;9058;44249;97659;32774;16070;90304;6139;46483;6725;1901360;34641;6807;44238;34654;19438;44271;18130;1901362;10467	6163	4190	5320.5	4478	2982.5	7766.5	2951	4200.5	8596	6889	4363	8051	4555.5	1800.5	2163.5	6712.5	3344	5569	451.5	6397	4833.5	2541	4324	1735.5	87244.5	4.362.225
ORTHO001972	Aldolase superfamily protein	AT2G26800	5739;43231;43227;43226;5575;43229;44424;44464;5623;5622;44444;5737;6551;9081;6520;1901564;71704;8152;8150;6807;19752;43436;6082;44281;44710;44699;44763;9987;44237;44238;1901605;16829;3824;3674;5759;44429;44446;44422;70013;43233;31974;4419;16833;16830	6164	6848	5306	4448	6100.5	5047	4587.5	4826.5	2611.5	5910.5	6343	5489.5	7377.5	2711.5	2702.5	3976.5	4135	2558	5220.5	6197.5	5422.5	3374.5	3930	4678.5	87100	4355
ORTHO002759	ubiquitin-specific protease 22	AT5G10790	5634;43231;43227;43226;5575;43229;44424;44464;5623;5622;6508;19538;43170;71704;8152;8150;44238;4843;19783;8234;70011;8233;16787;3824;3674;36459	6165	6949	5084.5	4004	7947.5	3296	4948.5	4396	9161.5	8319	5042.5	8166	1352	3374	1509	5325.5	3076	8557.5	2997	3208	1661.5	2677	4586	3179.5	84832.5	4.241.625
ORTHO007390	cell wall / vacuolar inhibitor of fructosidase 2	AT5G64620	5773;43231;43227;43226;5575;43229;44424;44464;5623;5622;44444;5737;4857;30234;98772;3674;50790;19222;50789;65007;8150;65009;43086;44092;9892;48519;5576;46910;80167;9628;50896;30599;52689;16788;16787;3824;8152	6166	4666	5043.5	3921	5938.5	7977	2627.5	6741	7183.5	1318	8737.5	3034.5	1352	1800.5	5413.5	3976.5	8604.5	2724.5	552.5	7138.5	4946	2213.5	1157	6850.5	84348.5	4.217.425
ORTHO008450	unknown protein	AT1G16080	16491;3824;3674;8152;8150;55114;44710;44699;50662;48037;5488;9570;9532;44435;44444;44424;44464;5575;5623;5622;5737;44446;44422;43226;43229;9536;43231;43227;44434;9507;48046;5576;9941;9526;31967;31975;16616;16614	6167	6285	5558.5	4950	5651.5	4474	4948.5	8778	9007.5	5674.5	4474.5	2467.5	6617.5	3283.5	2023.5	3976.5	3399	5944.5	4548.5	6240	2459.5	3453.5	4100.5	3920	89791	4489.55
ORTHO006616	NAD(P)-linked oxidoreductase superfamily protein	AT2G27680	9507;9536;43231;43227;43226;5575;43229;44424;44464;5623;5622;44444;5737;9505;5618;30312;71944;9570;9532;44435;44446;44422;44434;9941;9526;31967;31975;4033;16616;16614;16491;3824;3674;8152;8150;55114;44710;44699	6168	5333	3713	1258	5238	2097.5	4528.5	3038.5	1954.5	5025	2216.5	8194	4259.5	3497	5969	2080.5	3284	1360.5	3616	4727.5	3719.5	1358.5	3967	771.5	65665	3283.25
ORTHO007077	GPI transamidase subunit PIG-U	AT1G12730;AT1G63110	6506;6505;46488;6650;6644;19637;71704;8152;8150;6793;44237;9987;44255;6629;44710;44699;44238;44763;6796;46486;6664;1903509;1901135;6643;6661;46474;45017;8610;1901576;9058;44711;44249;8654;90407;6497;6464;36211;19538;43170;43412;44267;44260;42158;42157;34645;9059;9247;46467;1901137;3674;5739;43231;43227;43226;5575;43229;44424;44464;5623;5622;44444;5737;16021;31224;44425;16020;5886;71944	6169	8144	7250.5	8332	7245.5	6898	2528	8064.5	5355.5	3742.5	7382.5	8763	5467.5	906.5	3047.5	8358	6825	867.5	7612.5	8214	8019	4873	7667.5	8258.5	112850.5	5.642.525
ORTHO000799_2	alanine:glyoxylate aminotransferase 2	AT4G39660	9853;43094;44249;9058;8152;8150;44237;9987;5739;43231;43227;43226;5575;43229;44424;44464;5623;5622;44444;5737;30170;1901363;5488;3674;97159;48037;43168;43167;8270;46914;46872;43169;19544;6536;43648;19752;43436;6082;71704;44281;44710;44699;44763;9064;1901605;6520;1901564;6807;44238;6527;6525;9065;1901606;9063;46395;16054;44282;44712;9056;1901575;44248;1901565;46686;10038;10035;42221;50896;42802;5515;8453;8483;16769;16740;3824;5774;44437;44446;44422;5773;98588;31090;16020;98805	6170	6455	6963	7756	5748	6184	8704	5568.5	5994	5615	3917	7179.5	7743	6764.5	7737.5	5325.5	1596	3949	6109.5	4925	4226.5	5603	4451.5	5222.5	106815.5	5.340.775
ORTHO009624	chromatin remodeling factor18	AT1G48310	5524;35639;1901265;1901363;5488;3674;97159;43168;43167;32559;30554;17076;166;36094;32555;32553;97367;32550;32549;1882;1883;4386;17111;16462;16818;16817;16787;3824;8152;8150;16568;6325;43933;16043;71840;9987;51276;6996;5634;43231;43227;43226;5575;43229;44424;44464;5623;5622;3677;3676	6171	4911	5489	4807	2982.5	4474	6585	6741	1042.5	1970.5	6763.5	197	6731.5	1800.5	5413.5	6712.5	6648.5	3121	3977	4630.5	4833.5	4169	6467.5	6801.5	89080	4454
ORTHO001015	Divalent ion symporter	AT1G02260	5887;31226;44459;44464;5575;5623;44425;16020;5886;71944;31224;16021;98656;6820;6811;44765;6810;51234;51179;8150;1902578;44699;34220;55085;44763;9987;5215;3674	6172	7748	3811	1450	5476.5	2604.5	1938.5	8414.5	2570.5	8231.5	5243	4239	4380.5	488.5	1354.5	3976.5	8003	3949	4607.5	2688	2737	649	759.5	1009	67843.5	3.392.175
ORTHO002599	Tetratricopeptide repeat (TPR)-like superfamily protein	AT1G13800;AT2G26790	5739;43231;43227;43226;5575;43229;44424;44464;5623;5622;44444;5737;3674;9790;44767;32502;8150;44699;48856;7275;44707;32501	6173	4972	6749	7325	2982.5	6529	2328.5	6142.5	7183.5	2235	6763.5	3218	6617.5	1800.5	5254.5	6712.5	6549	3949	7042	6754	7386	6182.5	4366	6553	103566.5	5.178.325
ORTHO006819	Nucleic acid-binding; OB-fold-like protein	AT2G05210;AT5G06310	723;6259;44260;43170;71704;8152;8150;44237;9987;90304;6139;46483;6725;1901360;34641;6807;44238;32200;51276;6996;16043;71840;1902589;44763;44699;44710;60249;42592;65008;65007;32212;1904358;32206;32846;32844;50789;48518;51054;45935;31325;9893;19222;48522;50794;31323;19219;80090;51171;51173;51052;60255;10604;2001252;10638;33043;51128;51130;33044;32204;1904356;32210;6275;2000112;31326;9889;10556;45740;31328;9891;10557;5515;5488;3674;784;44454;44427;44446;44422;5575;43226;44424;44464;5623;5622;43229;5694;43232;43228;44428;5634;43231;43227;228;31981;70013;43233;31974;781;98687;5697;30529;32991;42162;43565;3677;3676;1901363;97159;3723;43047;98847;3697;43566;16233	6174	3412	6966.5	7759	4356	8708	6258.5	7935.5	8656.5	8398	4704.5	6418.5	1352	6764.5	6867.5	7782	8013.5	8505.5	2168	2593.5	2604.5	4067	1847	3179.5	106824	5341.2
ORTHO008319	unknown protein	AT5G35320	5634;43231;43227;43226;5575;43229;44424;44464;5623;5622;8150;3674	6175	5553	7597.5	9020	2982.5	7987.5	2881	7331	8053.5	2630.5	1414	3218	8205.5	8541.5	8452	5325.5	7452.5	6183.5	8559.5	8796	8798.5	8380.5	8723	8456	129389.5	6.469.475
ORTHO005250	unknown protein	AT3G59670	8150;5634;43231;43227;43226;5575;43229;44424;44464;5623;5622	6176	4979	4614	3052	5298	4708.5	4528.5	6428.5	8392	6966.5	5380	1954	4271.5	3497	5969	2914	1000	5886.5	3473	5126.5	3719.5	1358.5	3072.5	771.5	79417.5	3.970.875
ORTHO007951	Ribosomal protein S5 domain 2-like superfamily protein	AT4G38090	8150;5840;30529;32991;5575;44424;44464;5623;5622;43232;43228;43226;43229;44444;5737;3674	6177	4925	5994	5811	2982.5	1227	2528	6741	7325.5	3240.5	6763.5	3034.5	6895.5	1800.5	5523	6712.5	494	3750.5	4165.5	7299	8153	4780.5	6854	6949.5	94237.5	4.711.875
ORTHO005172	aspartate/glutamate/uridylate kinase family protein	AT3G10030	5737;44424;44464;5575;5623;5622;16301;16772;16740;3824;3674;8152;8150;16310;6796;6793;44237;9987;3682;44877;5488;8652;46394;16053;6082;71704;44281;44710;44699;44763;44283;44711;9058;1901576;44249;19752;43436;6520;1901564;6807;44238;1901566	6178	6692	7639	9100	7662	2501	4457	6428.5	7831	6785.5	8167.5	8855.5	8519	7101	8240.5	6712.5	6752	4673.5	7281	8397.5	7786.5	7301.5	8455.5	7315.5	133562	6678.1
ORTHO010031	alpha/beta-Hydrolases superfamily protein	AT4G36530	16787;3824;3674;8152;8150;9507;9536;43231;43227;43226;5575;43229;44424;44464;5623;5622;44444;5737;9941;9526;31967;31975;44446;44422;44435;44434	6179	6539	6675	7171	7245.5	6529	2881	6142.5	5994	3190.5	7886	3218	1352	2711.5	4842.5	3976.5	6409	3949	7042	8756	7386	6266	6854	7190.5	102576	5128.8
ORTHO008016	NAD(P)-binding Rossmann-fold superfamily protein	AT3G26760;AT3G26770	5739;43231;43227;43226;5575;43229;44424;44464;5623;5622;44444;5737;16491;3824;3674;8152;8150;55114;44710;44699;8270;46914;46872;43169;43167;5488	6180	5997	6485	6790	6664	5833.5	3758	5813.5	6943.5	3731	7594	3422.5	6071.5	1800.5	4705.5	3976.5	5764.5	3580	4968.5	7747	6180.5	5924	6040	6057.5	99912	4995.6
ORTHO005930	SNF2 domain-containing protein / helicase domain-containing protein	AT3G12810	3682;44877;5488;3674;5618;30312;44464;5575;5623;71944;5524;35639;1901265;1901363;97159;43168;43167;32559;30554;17076;166;36094;32555;32553;97367;32550;32549;1882;1883;3677;3676;5515;48451;48449;44702;22414;8150;44699;3006;32502;48645;44767;48646;9653;48856;9887;48513;48731;7275;44707;32501;48444;48563;9886;9791;48569;48437;9908;90567;48608;61458;48367;48446;48441;48827;48465;48438;4386;17111;16462;16818;16817;16787;3824;8152;9910;48581;48580;2000026;50793;50789;65007;51239;51241;48519;51093;2000242;2000241;9909;48831;42742;9617;51707;43207;9605;50896;9607;51704;98542;6952;6950;5634;43231;43227;43226;43229;44424;5622;46686;10038;10035;42221;16514;90544;70603;44428;44446;44422;43234;32991	6181	3002	3605.75	1030.5	4356	1089	2234.5	2071	931	1970.5	1981	7906.5	5338.5	3815.5	3265	6712.5	793	3121	3553	6960	1808.5	3222.5	3561.5	2439.5	62774	3138.7
ORTHO005029	acyl-CoA oxidase 2	AT5G65110	5777;42579;43231;43227;43226;5575;43229;44424;44464;5623;5622;44444;5737;1676;6631;44255;6629;71704;8152;8150;44710;44699;44238;44763;9987;44237;32787;19752;43436;6082;44281;6635;9062;44242;16042;44712;9056;1901575;44248;72329;46395;16054;44282;19395;34440;30258;55114;3995;16627;16491;3824;3674;33539;50660;50662;48037;5488;43168;43167;166;36094;1901265;1901363;97159;52890;3997;16634;5634;9055;62;1901681;55088;48878;42592;65008;65007	6182	5953	5839.5	5497	5552	2735	3758	5698.5	4323	5757	7382.5	3686.5	5740	1800.5	4462	5325.5	5194	3121	3857.5	7299	5637	5603	5541.5	5601	92522.5	4.626.125
ORTHO009721	SCP1-like small phosphatase 5	AT5G11860	5634;43231;43227;43226;5575;43229;44424;44464;5623;5622;775;98687;44427;44446;44422;5694;43232;43228;6470;16311;6796;6793;44237;8152;8150;9987;6464;36211;19538;43170;71704;44238;43412;44267;44260;5737;8420;4722;4721;16791;42578;16788;16787;3824;3674	6183	7053	6050.5	5918	6194	8723.5	7016	4266	3168	4688.5	4391	6861.5	2980	6501	7518.5	6712.5	3682	5788	1748	3850	6431	2923.5	3675	3920	94844	4742.2
ORTHO003999	DEA(D/H)-box RNA helicase family protein	AT1G71280;AT1G71370;AT5G05450	9507;9536;43231;43227;43226;5575;43229;44424;44464;5623;5622;44444;5737;8266;8187;3727;3723;3676;1901363;5488;3674;97159;8026;42623;16887;17111;16462;16818;16817;16787;3824;8152;8150;70035;4386;5634	6184	5568	6068.5	5953	5238	542.5	6309	2796	6225	6573.5	2539	8494.5	1352	8210.5	9094.5	3074	5281.5	3750.5	7742	2289	8019	6791.5	4586	1371.5	95041.5	4.752.075
ORTHO006814	alpha/beta-Hydrolases superfamily protein	AT3G52570	8152;8150;5524;35639;1901265;1901363;5488;3674;97159;43168;43167;32559;30554;17076;166;36094;32555;32553;97367;32550;32549;1882;1883;16787;3824;5739;43231;43227;43226;5575;43229;44424;44464;5623;5622;44444;5737	6185	5361	7068.5	7952	2982.5	7959	6630.5	3123	3229.5	1318	4086	9112.5	1352	5549.5	766.5	3976.5	7809	7697.5	8995.5	1391	8873.5	8996.5	8853.5	8882.5	108602	5430.1
ORTHO007333	unknown protein	AT1G05430	8150;3674;5575	6186	7630	7413	8640	6358.5	7008.5	4698	5957	7046.5	8231.5	8167.5	5931	3541.5	7101	7401.5	6712.5	6825	4400	7042	8661.5	6696	4525.5	2553	6210	118709.5	5.935.475
ORTHO000567_2	ADP/ATP carrier 3	AT4G28390	9941;9526;31967;31975;44464;5575;5623;44446;44422;43226;44424;5622;43229;43227;44435;44444;5737;9536;43231;44434;9507;5743;19866;31090;16020;31966;44429;5739;5740;6810;51234;51179;8150;6839;1902582;46907;51649;51641;44765;1902578;44699;1901679;55085;44763;9987;6862;15748;71702;15931;71705;15860;72530;1901642;15858;1901264;16021;31224;44425;98656;6820;6811;34220;15867;15868;15865;51503;15711;15866;5471;5347;295;15216;15215;15605;1901677;22857;5215;3674;15932;22891;22892;5346;1901505;15211;5337;8514;8509;15075;15217;15301;15297;15291;22804	6187	8170	7554	8921	7245.5	7766.5	7978.5	3065	4452.5	3425.5	8364	8978.5	6513.5	6332.5	7518.5	8660.5	7280.5	1281.5	8421	2373.5	8468.5	7756.5	8675	8670.5	125982.5	6.299.125
ORTHO003428	Vacuolar iron transporter (VIT) family protein	AT4G27870	5783;43231;43227;43226;5575;43229;44424;44464;5623;5622;44444;5737;12505;71421;98662;98660;34220;6811;44765;6810;51234;51179;8150;1902578;44699;55085;44763;9987;98655;6812;6828;41;30001;6880;51651;51235;65008;65007;51641;97577;51238;6879;46916;6875;55065;98771;50801;48878;42592;55080;30003;6873;55082;19725;55076;55072;71281;10039;10038;10035;42221;50896;1990267;71248;71241;70887;51716;16020;5384;46915;46873;22890;8324;15075;22891;22857;5215;3674;22892;16021;31224;44425;10168;5634;30026;55071;5381;34755;6826	6188	5957	6960.5	7733	5552	5580	6457.5	2876.5	1994.5	6825	8232.5	7039.5	3733	8072	7667.5	5325.5	2905.5	4887	7831	1391	7052	6895.5	4424	7453	106642.5	5.332.125
ORTHO009655	RING/U-box superfamily protein	AT3G18930	5634;43231;43227;43226;5575;43229;44424;44464;5623;5622;16021;31224;44425;16020;16567;32446;70647;6464;36211;19538;43170;71704;8152;8150;44238;43412;44267;44260;44237;9987;8270;46914;46872;43169;43167;5488;3674	6189	6432	3165	141	7245.5	4088	1672.5	3903.5	4209	1282.5	5169	1323.5	1352	138	136.5	3128	2869	398	2150.5	3331	2789	320.5	1203	487	39950.5	1.997.525
ORTHO008005	F-box/RNI-like superfamily protein	AT2G17020	6511;19941;51603;6508;19538;43170;71704;8152;8150;44238;44257;30163;9057;1901575;9056;44265;44260;44237;9987;44248;44267;43632;5737;44424;44464;5575;5623;5622;61630;4842;19787;16740;3824;3674;16567;32446;70647;6464;36211;43412;61659;19005;31461;151;1990234;1902494;43234;32991;31146;43161;10498	6190	3513	4468	2746	4356	3232	6985.5	6428.5	7046.5	6687	2216.5	1954	4955.5	3815.5	3265	6712.5	3752	2199.5	122.5	3108	4384	3222.5	5407	2046	77540	3877
ORTHO002371	alpha 1;4-glycosyltransferase family protein	AT2G38150;AT2G38152;AT3G09020;AT5G01250	16740;3824;3674;8152;8150;5794;43231;43227;43226;5575;43229;44424;44464;5623;5622;44444;5737;12505;16757	6191	8285	4480.5	2770	8341	4708.5	8109.5	3664	2804.5	8934.5	4839.5	6981	4249.5	3461.5	1549	8358	7432	286	335.5	3300.5	445	488.5	545.5	7161.5	77654	3882.7
ORTHO000505	ATP synthase alpha/beta family protein	AT5G08670;AT5G08680;AT5G08690	5774;44437;44444;44424;44464;5575;5623;5622;5737;44446;44422;43226;43229;5773;43231;43227;98588;31090;16020;98805;1902600;15992;15672;6812;6811;44765;6810;51234;51179;8150;1902578;44699;6818;98662;98660;34220;55085;44763;9987;98655;5753;98800;98796;43234;32991;44425;98798;44429;5739;44455;31966;5740;31967;31975;5743;19866;45259;16469;275;45261;33178;5524;35639;1901265;1901363;5488;3674;97159;43168;43167;32559;30554;17076;166;36094;32555;32553;97367;32550;32549;1882;1883;50897;46914;46872;43169;5747;45271;30964;1990204;1902494;98803;70469;5746;5507;46933;15078;15077;22890;8324;15075;22891;22857;5215;22892;44769;42625;42626;43492;42623;16887;17111;16462;16818;16817;16787;3824;8152;15405;15399;22804;16820;19829;9507;9536;6979;6950;50896;5886;71944;8270;15991;15988;15986;6754;46034;9150;6163;72521;46483;44237;6725;1901360;71704;34641;6807;1901564;9117;6753;19637;6793;55086;6139;44238;44281;44710;6796;9259;19693;1901135;9167;9161;9123;9126;9205;9144;9141;9199;46128;9119;9116;1901657;42278;9152;9260;46390;90407;1901576;9058;1901137;9165;1901293;34654;19438;44249;44271;18130;1901362;44711;6164;72522;1901566;9168;9156;9124;9127;9206;9201;9142;9145;46129;42451;9163;1901659;42455;15985;46686;10038;10035;42221;9941;9526;44435;44434;8266;8187;3727;3723;3676;5730;44428;5634;43232;43228;31981;70013;43233;31974	6192	9120	6719.5	7247	9125.5	8865	5130.5	8509	8748.5	8934.5	4461	7629	1352	344.5	5799	9119	8070.5	4253	2716	5245.5	3126.5	461	1263	8974	103001.5	5.150.075
ORTHO006902	Stress induced protein	AT2G40170	3674;9737;9725;9719;50896;8150;10033;42221;33993;97305;1901700;1101;5829;44444;44424;44464;5575;5623;5622;5737;48316;48608;3006;32502;22414;48856;61458;48731;7275;44767;44699;44707;32501;44702;9791;10154;48700;97439;22611;10162;48609;32504;3;10431;21700	6193	7939	6294.5	6396	6857.5	6227.5	7600	4734	5994	8231.5	7040	3578.5	1352	906.5	2396.5	5325.5	6298	1780	5027.5	7498.5	5422.5	3754	6467.5	7860.5	97494.5	4.874.725
ORTHO009801	Chalcone-flavanone isomerase family protein	AT5G05270	9507;9536;43231;43227;43226;5575;43229;44424;44464;5623;5622;44444;5737;80167;9628;50896;8150;45430;16872;16853;3824;3674;8152	6194	7061	6258.5	6323	7947.5	6227.5	4457	4734	5484	5600	6912.5	7129.5	7121	2711.5	2702.5	5325.5	4464.5	1780	5027.5	7498.5	5422.5	3453.5	6467.5	4586.5	97105.5	4.855.275
ORTHO008825	SOH1 family protein	AT5G19910	16592;44451;44428;44446;44422;5575;43226;44424;44464;5623;5622;43229;5634;43231;43227;5654;31981;70013;43233;31974;43234;32991;6351;34645;44260;43170;71704;8152;8150;44237;9987;9059;1901576;9058;44249;97659;32774;16070;90304;6139;46483;6725;1901360;34641;6807;44238;34654;19438;44271;18130;1901362;10467;1104;1076;989;988;3674;1903506;2001141;31326;9889;19222;50789;65007;31323;50794;51252;19219;80090;51171;60255;10556;6357;6355;10468;2000112;3712	6195	6953	6051	5907	6100.5	6898	4118.5	4964	5355.5	6440	2539	7259.5	3235	2711.5	3521.5	5325.5	4761	2199.5	5851	6555.5	6180.5	4308.5	7335	5222.5	94781.5	4.739.075
ORTHO007576	Chalcone-flavanone isomerase family protein	AT2G26310	9570;9532;44435;44444;44424;44464;5575;5623;5622;5737;44446;44422;43226;43229;9536;43231;43227;44434;9507;5504;33293;31406;43177;36094;5488;3674;43168;43167;8289	6196	7739	5789.25	5382.5	6664	5432.5	4118.5	4964	5355.5	2814	6543	2640.5	5740	906.5	3047.5	5325.5	4942.5	2558	5851	8214	6431	4308.5	7554.5	5222.5	91969.5	4.598.475
ORTHO010527	unknown protein	AT3G15900	3674;8150;9507;9536;43231;43227;43226;5575;43229;44424;44464;5623;5622;44444;5737	6197	6280	5285.5	4374	7245.5	8764.5	6745.5	7331	3598.5	8934.5	4151.5	7115.5	6227	3283.5	1616	3976.5	1450	2199.5	3653	4131	3511.5	3111.5	3581	3383	86764.5	4.338.225
ORTHO007282	ankyrin repeat protein	AT5G66055	5515;5488;3674;5634;43231;43227;43226;5575;43229;44424;44464;5623;5622;9793;44702;22414;8150;44699;3006;32502;9790;44767;48856;7275;44707;32501;48316;48608;61458;48731;9791;10154;9507;9536;44444;5737	6198	4236	6259.5	6321	2982.5	8834	1204	3758.5	1430.5	8006.5	5016	307.5	8306	8781.5	6137	7782	2776.5	9022	2809	3300.5	8935.5	696.5	1263	8732	97098.5	4.854.925
ORTHO008483	nuclear shuttle interacting	AT1G32070	9507;9536;43231;43227;43226;5575;43229;44424;44464;5623;5622;44444;5737;5634;8080;16410;16747;16746;16740;3824;3674;8152;8150;16407;46739;44000;51814;52192;40011;44403;44419;51704;52126;51701;46794;16032;44764;9987;44766;6810;51234;51179;1902579;4059;9405;30187;42435;19438;6725;44237;44249;9058;44271;34641;6807;18130;46483;1901362;1901360;71704;1901576;42430;1901564;1901566;42446;42445;10817;65008;65007;43604;43603;30186;34754	6199	4844	4788.5	3378	2982.5	5580	2791.5	6428.5	1328.5	5514	6343	2131	6071.5	1800.5	5034.5	6712.5	3589	2199.5	3352	6467.5	1729.5	3026	5171.5	6057.5	81328	4066.4
ORTHO008851	Amidase family protein	AT3G25660	9507;9536;43231;43227;43226;5575;43229;44424;44464;5623;5622;44444;5737;8150;3674	6200	3637	4321	2442	4356	1227	2328.5	2114.5	8656.5	5864.5	1312.5	1198.5	1352	4244	4842.5	6712.5	4135	3121	3944	6860	4833.5	4067	6365	2485	75663.5	3.783.175
ORTHO006354	rRNA processing protein-related	AT5G61330	3674;5634;43231;43227;43226;5575;43229;44424;44464;5623;5622;5730;44428;44446;44422;43232;43228;31981;70013;43233;31974;8150	6201	5376	7675	9149	6358.5	7812.5	3224.5	7290.5	7978	3658.5	8798.5	3422.5	7963	8456.5	8203.5	6712.5	7354	5824	8380.5	8956	8618.5	8223.5	8520	8062	137459	6872.95
ORTHO008601	unknown protein	AT1G18850	5730;44428;44446;44422;5575;43226;44424;44464;5623;5622;43229;5634;43231;43227;43232;43228;31981;70013;43233;31974;3674;8150	6202	5589	4375	2548	2982.5	1959	6952	4396	2849.5	7298.5	4349	7421.5	1352	3283.5	3521.5	5325.5	8387	5452.5	732	1556.5	1685.5	3311	2171	4413.5	76417	3820.85
ORTHO000346_3	Galactosyltransferase family protein	AT4G21060	16021;31224;44425;5575;16020;16758;16757;16740;3824;3674;8152;8150;10405;10404;10384;6029;9100;19538;43170;71704;44238;44260;44237;9987;1901135;44036;71554;35250;8194;8378;139;98588;31090;44422;43226;43227;44431;44444;44424;44464;5623;5622;5737;44446;43229;5794;43231;12505;1990714;6486;44763;44699;6464;36211;43412;44267;43413;70085;44723;5975;44710;9101;34645;9059;1901576;9058;44249;1901137;18258;18208;18193;6493	6203	5751	6787.5	7372	2982.5	2726.5	4587.5	6264	3991.5	2425	6763.5	5877.5	6895.5	8072	7582.5	5325.5	1450	4887	6109.5	7080	7925	6266	3020	6732.5	103981	5199.05
ORTHO003549	DegP protease 7	AT3G03380	5634;43231;43227;43226;5575;43229;44424;44464;5623;5622;9507;9536;44444;5737;4252;4175;70011;8233;16787;3824;3674;8152;8150;6508;19538;43170;71704;44238;8236;17171;10205;43155;42548;10109;31323;50794;50789;65007;19222;43467;31324;48523;48519;9892;9644;9642;9416;9314;9628;50896;5829	6204	6080	5649	5094	5552	2128	8400	5213.5	6943.5	1842.5	7382.5	2467.5	5740	1800.5	4462	5325.5	5404	3121	6056.5	7408.5	5637	3609.5	1979	5601	90522	4526.1
ORTHO005288	agenet domain-containing protein / bromo-adjacent homology (BAH) domain-containing protein	AT1G68580	3677;3676;1901363;5488;3674;97159;9506;5911;30054;5575;55044;3682;44877;5634;43231;43227;43226;43229;44424;44464;5623;5622;8150	6205	5740	6756.5	7308	5552	8065.5	6901	3608	4526.5	6198.5	4663	7463	3455.5	7699.5	7349.5	8660.5	4548.5	6854.5	2066	5062.5	525	5789.5	5081	4898	103415.5	5.170.775
ORTHO005573	ARM repeat superfamily protein	AT3G60740	9506;5911;30054;5575;55044;6457;9987;8150;5737;44424;44464;5623;5622;7021;43623;6461;65003;43933;16043;71840;22607;44085;71822;70271;34622;15631;8092;5515;5488;3674;910;22402;44763;44699;7049;51301;7017;9793;44702;22414;3006;32502;9790;44767;48856;7275;44707;32501;48316;48608;61458;48731;9791;10154;5829;44444	6206	4450	4025	1844	2982.5	186.5	2791.5	6428.5	3068.5	6621	6543	21.5	1352	4344	5413.5	6712.5	3589	2558	154	7871	3978	3222.5	4843.5	1696.5	71395	3569.75
ORTHO009824	DNA-binding protein phosphatase 1	AT2G25620	4722;4721;16791;42578;16788;16787;3824;3674;8152;8150;16311;6796;6793;44237;9987;6470;6464;36211;19538;43170;71704;44238;43412;44267;44260;46872;43169;43167;5488;5737;44424;44464;5575;5623;5622;5829;44444;5634;43231;43227;43226;43229;50688;31347;80134;48583;50789;65007;43900;32101;2831;2697;2682	6207	5924	6612.5	7018	2982.5	6643.5	3327	5957	7748	2385.5	7734.5	3422.5	6071.5	1800.5	5034.5	3976.5	5864.5	3949	6700.5	7871	6180.5	5789.5	4961.5	6057.5	101475	5073.75
ORTHO006385	Eukaryotic protein of unknown function (DUF872)	AT3G29170	5634;43231;43227;43226;5575;43229;44424;44464;5623;5622;8150;3674	6208	6937	5851.25	5494.5	7947.5	2239.5	3960	8148	6584	3731	7040	2553.5	3331	2711.5	3936.5	5325.5	2640.5	3121	6327	6960	6696	4525.5	7244	5433.5	92508	4625.4
ORTHO008426	D-mannose binding lectin protein with Apple-like carbohydrate-binding domain	AT3G51710	30246;5488;3674;5886;16020;5575;44464;5623;71944	6209	6141	3756	1303	7245.5	8118	4856.5	3301	3797	8934.5	4632.5	6602.5	1352	4295.5	1389	3976.5	2506.5	4673.5	1942.5	2496	517	642	616	1506	66154.5	3.307.725
ORTHO005610	Saccharopine dehydrogenase	AT1G50450	16491;3824;3674;8152;8150;55114;44710;44699;9534;31976;9579;44424;44464;5575;5623;5622;31984;44446;44422;43226;43229;43227;44435;44444;5737;9536;43231;44434;9507	6210	6517	7500	8790	7245.5	7207	8728.5	7244.5	8149.5	5527.5	3792.5	7259.5	4055.5	6455	1616	3976.5	8637.5	6183.5	8472	8891.5	7925	8330.5	2380.5	7315.5	122148	6107.4
ORTHO008060	formyltransferase; putative	AT1G66520	4479;16742;16741;16740;3824;3674;8152;8150;6413;44237;9987;6412;43043;43604;43603;34641;6807;44271;44249;9058;6518;1901564;71704;1901566;1901576;44267;19538;43170;44238;44260;34645;9059;10467;71951;19988;6464;36211;43412;6400;9451;16070;90304;6139;46483;6725;1901360;8033;34470;34660;6396;6399;9152;9150;6163;72521;9117;6753;19637;6793;55086;44281;44710;44699;44763;6796;9259;19693;1901135;9260;46390;90407;1901137;9165;1901293;34654;19438;18130;1901362;44711;6164;72522;5739;43231;43227;43226;5575;43229;44424;44464;5623;5622;44444;5737;8864;16811;16810;16787	6211	4974	5307	4403	2982.5	1089	7389.5	2114.5	5028	1800	6763.5	6590	1352	1800.5	5254.5	6712.5	6409	3121	3730.5	6754	4668.5	3854	5902.5	6553	86886.5	4.344.325
ORTHO006501	NAD(P)-binding Rossmann-fold superfamily protein	AT3G03330	5886;16020;5575;44464;5623;71944;16491;3824;3674;8152;8150;55114;44710;44699;5576;5783;43231;43227;43226;43229;44424;5622;44444;5737;12505	6212	4040	5090	3968	2375	314	2328.5	6142.5	5994	3396	8606.5	8224	5066	3815.5	3265	6712.5	562	3121	3691	6754	4668.5	3754	5902.5	2314	84631.5	4.231.575
ORTHO000433_1	poly(A) polymerase 1	AT1G17980	8285;48523;50794;50789;65007;8150;48519;42127;5634;43231;43227;43226;5575;43229;44424;44464;5623;5622;16779;16772;16740;3824;3674;8152;43631;16070;44260;43170;71704;44237;9987;90304;6139;46483;6725;1901360;34641;6807;44238;6378;31124;6397;16071;6396;10467;31123;48451;48449;44702;22414;44699;3006;32502;48645;44767;48646;9653;48856;9887;48513;48731;7275;44707;32501;48444;48563;9886;9791;48569;48437;9908;90567;48608;61458;48367;48446;48441;48827;48465;48438;48366;45824;31348;31347;80134;48583;48585;45088;50776;2682;50777;2683;4652;70566;5515;5488	6213	8237	7155	8097	8341	6313	7600	7935.5	7561.5	1750.5	8232.5	8654.5	3059	906.5	2396.5	8358	6549	663.5	8310	5929.5	6908	3955.5	7156	7860.5	110099.5	5.504.975
ORTHO007073	3-phosphoinositide-dependent protein kinase-1; putative	AT3G10572	5515;5488;3674;5623;5575;5730;44428;44446;44422;43226;44424;44464;5622;43229;5634;43231;43227;43232;43228;31981;70013;43233;31974;16301;16772;16740;3824;8152;8150;16310;6796;6793;44237;9987;43574;1902582;46907;6810;51234;51179;51649;51641;44765;1902578;44699;5739;44444;5737;5777;42579	6214	5510	5366	4518	6478.5	2005.5	5163.5	5813.5	6943.5	2170.5	7382.5	6819	6071.5	1800.5	1812.5	3976.5	8070.5	3580	6185.5	5447	2058	4169	2341	5601	87411	4370.55
ORTHO010534	farnesylated protein-converting enzyme 2	AT2G36305	71586;16485;6508;19538;43170;71704;8152;8150;44238;51604;10467;80120;44267;44260;44237;9987;34613;70727;51641;51179;33036;8104;30176;31227;44432;44444;44424;44464;5575;5623;5622;5737;44446;44422;43226;43229;5783;43231;43227;12505;31300;31224;44425;16020;31090;5789;98588;42175;31301;16021;4197;8234;70011;8233;16787;3824;3674;4175;4222;8237;5576	6215	6745	6130	6045	7662	8968.5	5205.5	2660	7691.5	7584	5836	4670	7743	2711.5	3521.5	3976.5	4548.5	2558	2632.5	5215.5	4668.5	5059	5021	5222.5	95493.5	4.774.675
ORTHO001660	RNAse l inhibitor protein 1	AT3G13640;AT4G19210	5524;35639;1901265;1901363;5488;3674;97159;43168;43167;32559;30554;17076;166;36094;32555;32553;97367;32550;32549;1882;1883;6810;51234;51179;8150;5215;16020;5575;16887;17111;16462;16818;16817;16787;3824;8152;46872;43169;51539;51536;51540	6216	6562	3540	864	6857.5	1839.5	5597.5	3181	2541	3706.5	6343	5517.5	4297.5	1321.5	3936.5	2080.5	3120.5	3750.5	3504.5	3085	3719.5	799	1289.5	636.5	60267	3013.35
ORTHO008565	2-oxoglutarate (2OG) and Fe(II)-dependent oxygenase superfamily protein	AT5G63080	70079;70077;16577;16570;16569;16568;6325;43933;16043;71840;8150;9987;51276;6996;6464;36211;19538;43170;71704;8152;44238;43412;44267;44260;44237;1902589;44763;44699;44710;6482;70988;8214;43985;34969;18216;6479;43414;32259;8213;18195;18193;16571;33746;32452;32451;3824;3674;70078;3700;1071;2001141;31326;9889;19222;50789;65007;31323;50794;51252;19219;80090;51171;60255;10556;6355;1903506;10468;2000112;987;976;1990837;3690;43566;3677;3676;1901363;5488;97159;43565;44212;975;1067;1159;5634;43231;43227;43226;5575;43229;44424;44464;5623;5622;33749;10030;48582;48580;2000026;50793;51239;51240;48518;51094;10029;1900140	6217	5615	7496	8775	2982.5	7959	2791.5	7331	553.5	2425	1414	3218	8205.5	8541.5	8471.5	5325.5	7452.5	6183.5	8559.5	9015.5	8798.5	8380.5	8723	8491	121840	6092
ORTHO006698	RAD3-like DNA-binding helicase protein	AT1G79950	45910;51053;10605;9892;48519;50789;65007;8150;19222;60255;45934;19219;80090;51171;31323;50794;51172;31324;48523;51052;18;4003;8094;42623;16887;17111;16462;16818;16817;16787;3824;3674;8152;3678;4386;32508;32392;71103;51276;6996;16043;71840;9987;8026;70035;5739;43231;43227;43226;5575;43229;44424;44464;5623;5622;44444;5737;723;6259;44260;43170;71704;44237;90304;6139;46483;6725;1901360;34641;6807;44238;32200;1902589;44763;44699;44710;60249;42592;65008;725;6281;6974;33554;51716;50896;6950;6310;5634;5524;35639;1901265;1901363;5488;97159;43168;43167;32559;30554;17076;166;36094;32555;32553;97367;32550;32549;1882;1883;48364;44767;32502;48513;48856;48731;7275;44707;32501;22622;3677;3676	6218	4138	4422.5	2627	5938.5	1500	575	3203	7455	7064	4121.5	7957.5	4417	3815.5	3265	6712.5	3167.5	6590	3233.5	1486	1848	2213.5	3795.5	4484	76904	3845.2
ORTHO007114	CLUB	AT5G54440	5886;16020;5575;44464;5623;71944;5802;98791;44431;44444;44424;5622;5737;44446;44422;43226;43229;5794;43231;43227;12505;31984;3674;919;22607;16043;71840;8150;9987;44085;1902410;32506;22402;44763;44699;7049;910;51301;1903047;278;61640;281;911	6219	4985	5333	4447	5938.5	8518.5	5521	3608	3117	4350.5	5243	1732	6071.5	1800.5	4462	6712.5	693.5	8478	1731.5	2635.5	8580	2923.5	4961.5	5957	87097	4354.85
ORTHO010764	Domain of unknown function (DUF298)	AT3G28970	97602;5515;5488;3674;9734;9755;7165;50794;50789;65007;8150;51716;9987;50896;7154;44763;44699;44700;23052;32870;9725;9719;10033;42221;71495;71310;70887;71365;9733;45116;32446;70647;6464;36211;19538;43170;71704;8152;44238;43412;44267;44260;44237;151;1990234;1902494;43234;32991;5575;44424;44464;5623;5622;32182;31624;44390;19899;51443;51351;43085;44093;65009;50790;19222;9893;48518;51340;51438;51338;31396;1903320;31399;32268;51246;80090;60255;31323;31398;1903322;31401;32270;31325;48522;51247;10604;51347;5634;43231;43227;43226;43229	6220	7494	7609.5	8999	6358.5	7812.5	8759	6741	2979	7862.5	8514	8939	8754.5	7213.5	8359	6712.5	1048	4809.5	7987	5245.5	2874	7603.5	8574.5	7952.5	128741	6437.05
ORTHO006185	alpha/beta-Hydrolases superfamily protein	AT4G25770	9507;9536;43231;43227;43226;5575;43229;44424;44464;5623;5622;44444;5737;44255;6629;71704;8152;8150;44710;44699;44238;44763;9987;44237;52689;16788;16787;3824;3674	6221	4050	6148	6075	2375	8990	3960	6573	7046.5	7350.5	3989.5	7870.5	3359.5	6501	6791	7782	4252.5	3121	270	5303	3800.5	3453.5	3227	2046	95687	4784.35
ORTHO009424	unknown protein	AT3G52230	9535;55035;42651;34357;16020;5575;44436;44424;44464;5623;5622;9579;44435;44444;5737;44446;44422;43226;43229;9536;43231;43227;31976;31984;44434;9507;9534;9941;9526;31967;31975;9707;9527;31968;31090;19867;98805;98588;42170;31969;8150;5634;3674	6222	7114	6894	7566	7947.5	2239.5	8552.5	3003.5	2804.5	5248.5	4237	6300	1352	8210.5	8276	6712.5	1266	6183.5	7644	4060.5	7489.5	7259	8321	6145.5	105305.5	5.265.275
ORTHO009048	CONTAINS InterPro DOMAIN/s: Ubiquitin-conjugating enzyme E2C-binding protein (InterPro:IPR019193)	AT3G26750	3674;5634;43231;43227;43226;5575;43229;44424;44464;5623;5622;8150	6223	5631	6413	6603	2982.5	3632	7707	2322	3291	7012	3917	6240	1352	6047	1081	5325.5	562	7846	2136.5	4727.5	8850	9028	8976.5	8821.5	98874.5	4.943.725
ORTHO005951	nucleoporin 155	AT1G14850	51028;50658;50657;15931;71705;6810;51234;51179;8150;71702;51236;6403;33036;5634;43231;43227;43226;5575;43229;44424;44464;5623;5622;5487;5215;3674;6913;16482;46907;51649;51641;51169;17056;5198;5886;16020;71944;5730;44428;44446;44422;43232;43228;31981;70013;43233;31974;9506;5911;30054;55044;5643;5635;31967;31975;12505;15031;45184;8104;9507;9536;44444;5737;5515;5488	6224	5163	4591.5	2959	6194	2005.5	5770.5	5957	5028	5304.5	2653	790	1352	2711.5	5034.5	3976.5	831.5	4673.5	6897.5	2935	6696	5603	4521	6210	78950.5	3.947.525
ORTHO009056	NAD(P)H dehydrogenase (quinone)s	AT4G35760	16021;31224;44425;5575;16020;48038;48037;5488;3674;10207;43623;6461;65003;43933;16043;71840;8150;9987;22607;44085;71822;70271;34622;19684;6091;44237;8152;15979;3955;16655;16651;16491;3824;55114;44710;44699;9507;9536;43231;43227;43226;43229;44424;44464;5623;5622;44444;5737;9535;55035;42651;34357;44436;9579;44435;44446;44422;31976;31984;44434;9534;5515	6225	5737	7133	8041	2982.5	3466.5	9105	6323	7455	5497	8167.5	5699	3718.5	8028.5	7582.5	5325.5	6648.5	4253	490.5	1426	6578.5	6952	5649	7161.5	109527	5476.35
ORTHO009289	unknown protein	AT3G55250	5739;43231;43227;43226;5575;43229;44424;44464;5623;5622;44444;5737;9941;9526;31967;31975;44446;44422;44435;9536;44434;9507;9570;9532;8150;5634;3674	6226	6392	6427.75	6629.5	5748	5773	8162.5	5568.5	6660.5	4746	2809.5	3912.5	7963	2711.5	3936.5	3976.5	5457.5	3121	5502	7012	5422.5	5603	5263	5433.5	99034.5	4.951.725
ORTHO010419	nuclear factor Y; subunit C13	AT5G43250	6355;1903506;2001141;31326;9889;19222;50789;65007;8150;31323;50794;51252;19219;80090;51171;60255;10556;10468;2000112;5634;43231;43227;43226;5575;43229;44424;44464;5623;5622;43565;3677;3676;1901363;5488;3674;97159;46982;46983;5515;3700;1071	6227	6626	7387.5	8548	7245.5	5432.5	8282	5957	6823.5	3520.5	7734.5	5960	3541.5	7101	7844	5325.5	6027	4253	6700.5	7747	5265	6576.5	6194.5	6379.5	116665	5833.25
ORTHO006083	alfin-like 7	AT1G14510;AT2G02470	16568;6325;43933;16043;71840;8150;9987;51276;6996;8270;46914;46872;43169;43167;5488;3674;6355;1903506;2001141;31326;9889;19222;50789;65007;31323;50794;51252;19219;80090;51171;60255;10556;10468;2000112;3677;3676;1901363;97159;5634;43231;43227;43226;5575;43229;44424;44464;5623;5622;35064;42393;5515;6351;34645;44260;43170;71704;8152;44237;9059;1901576;9058;44249;97659;32774;16070;90304;6139;46483;6725;1901360;34641;6807;44238;34654;19438;44271;18130;1901362;10467;16036;9267;31669;31667;9991;9605;50896;31668;51716;71496;7154;44763;44699;42594;6950;33554;5829;44444;5737;48767;60560;48589;44767;32502;40007;9653;48856;48588;16049;48468;48869;30154;80147;48765;10053;90627;10015;48364;48513;48731;7275;44707;32501;22622;90558;9888;48764;48469;21700;10054;55065;98771;50801;48878;42592;65008;55080	6228	8457	7538.5	8849	7662	7363.5	4813.5	8256	6823.5	5808	8737.5	8939	3406.5	6292	7401.5	8660.5	8932.5	1568.5	8251.5	5447	8153	4471.5	1950	8456	123731.5	6.186.575
ORTHO006780	NA	NA	NA	6229	6888	6226.5	6224	7947.5	568.5	6145.5	2684	6823.5	6856.5	7734.5	2467.5	8094	2711.5	3936.5	5325.5	5685	3121	5502	2455	7166	5376	8070	5806	96528.5	4.826.425
ORTHO002828	S-adenosylmethionine carrier 2	AT1G34065;AT4G39460	31969;42170;31090;16020;5575;44422;43226;43227;44435;44444;44424;44464;5623;5622;5737;44446;43229;9536;43231;9526;31967;31975;44434;9507;9941;55085;44763;9987;8150;44699;44765;6810;51234;51179;1902578;5743;19866;31966;44429;5739;5740;6839;1902582;46907;51649;51641;16021;31224;44425;1901962;3333;6865;71705;46942;15849;71702;15711;6820;6811;1903825;98656;34220;15860;72530;1901642;15858;1901264;15931;15805;51182;51181;72337;72348;9658;9657;6996;16043;71840;95;15211;5337;1901505;5215;3674;15932;22891;22857;22892;1901682;51185;51184;72349	6230	7025	6998	7766	7947.5	2005.5	3513	5698.5	6823.5	2366.5	7734.5	8763	3467	2711.5	4462	5325.5	6162	3580	7042	8721.5	7786.5	6077	8247	6379.5	106866	5343.3
ORTHO005958	PYRIMIDINE B	AT3G20330	16597;31406;43177;36094;5488;3674;43168;43167;9570;9532;44435;44444;44424;44464;5575;5623;5622;5737;44446;44422;43226;43229;9536;43231;43227;44434;9507;16036;9267;31669;31667;9991;9605;50896;8150;31668;51716;9987;71496;7154;44763;44699;42594;6950;33554;9220;9260;46390;19693;19637;71704;8152;6793;44237;1901135;6796;90407;1901576;9058;1901137;9165;1901293;6753;55086;6139;46483;6725;1901360;34641;6807;44238;44281;44710;34654;19438;44249;44271;18130;1901362;44711;9117;9259;9218;6220;72527;1901564;6221;72528;1901566;5515;4070;16743;16741;16740;3824;44205;6222;9174;9173;9161;9123;9129;9130;9124;9156;46132;46131;9119;9116;1901657;6213;46134;9163;1901659;42455;46049;6520;19752;43436;6082;5829	6231	5294	3185.5	140	2982.5	4042.5	1744	3894.5	298	6733	5148.5	3218	1352	138	136.5	3128	252.5	398	2030.5	3013.5	2573	281.5	1035	498.5	39915.5	1.995.775
ORTHO003100	3-oxo-5-alpha-steroid 4-dehydrogenase family protein	AT1G72590;AT2G16530	5789;98588;31090;16020;5575;44422;43226;43227;44432;44444;44424;44464;5623;5622;5737;44446;43229;5783;43231;12505;44425;42175;6629;71704;8152;8150;44710;44699;44238;6486;44763;9987;6464;36211;19538;43170;43412;44267;44260;44237;43413;70085;44723;5975;9101;9100;1901135;34645;9059;1901576;9058;44249;1901137;16627;16491;3824;3674;55114;16021;31224;3865;33765;16229;5794	6232	7883	5500.5	4769	6857.5	6149	7445.5	7762	5754	2996.5	3639.5	5931	4617.5	906.5	1677.5	5325.5	5281.5	499	3421.5	6754	4445	2328.5	6413.5	7508	88855.5	4.442.775
ORTHO007735	Cornichon family protein	AT3G12180	35556;7165;50794;50789;65007;8150;51716;9987;50896;7154;44763;44699;44700;23052;16020;5575;16021;31224;44425;3674	6233	6299	5149.5	4066	7245.5	5248.5	1457	2545	5994	3622.5	3426.5	2392.5	8205.5	2711.5	4124.5	5325.5	5457.5	3580	6265.5	951.5	5839	5789.5	5678	6553	85167	4258.35
ORTHO008068	Aldolase superfamily protein	AT1G16340;AT1G79500	8676;16765;16740;3824;3674;8152;8150;5737;44424;44464;5575;5623;5622;10306;10396;10393;5976;5975;71704;44238;43170;52325;70592;10383;44036;44260;44237;9987;71554;33692;271;16051;44723;44710;44699;1901576;9058;44711;9059;34637;44262;44763;44249;44264;34645;44038;70589;44085;71840;42546;52546;45488;9664;71555;45229;16043;71669;45489;9832;48868;3006;32502;22414;48856;9856;44703;51704;44706;32501;9860;44702;904;902;32989;9653;48869;44767;48468;30154;48588;48589;40007;16049;9932;9826;60560;19294;46394;16053;6082;44281;44283;19752;43436;46364;5996;46400;9103;1901137;1901135;8653;1903509;6629;44255;8610;5829;44444	6234	6895	6201	6168	5439	8296	4971.5	8279.5	6379.5	8934.5	7524	6213.5	4444	6187	7461.5	3074	2723	985	3691	4630.5	3417.5	3754	3884	1344.5	96194.5	4.809.725
ORTHO006561	Protein of unknown function (DUF498/DUF598)	AT2G44525;AT3G60150	3674;8150;5739;43231;43227;43226;5575;43229;44424;44464;5623;5622;44444;5737	6235	7933	7471	8707	6857.5	8860.5	9035.5	5213.5	6584	7782	3879	7485.5	6227	6292	7195	8660.5	6955.5	1227	6389	4527	8228.5	4471.5	2846	8258.5	120117.5	6.005.875
ORTHO006858	BTB/POZ domain-containing protein	AT1G21780	5737;44424;44464;5575;5623;5622;16567;32446;70647;6464;36211;19538;43170;71704;8152;8150;44238;43412;44267;44260;44237;9987;5515;5488;3674;31463;31461;151;1990234;1902494;43234;32991	6236	5986	5596.5	4957	6664	7169.5	8038	5439.5	4687.5	7967.5	6343	5257	5467.5	1800.5	3265	3976.5	1155.5	2199.5	2561	6322.5	4226.5	4612.5	4843.5	4484	89816.5	4.490.825
ORTHO010339	Domain of unknown function (DUF966)	AT1G05577	3674;8150;5575	6237	6248	4559.5	2882	5651.5	5047	5740.5	3003.5	5144	2880	5726.5	7861	1352	2711.5	1432	3976.5	4054.5	3121	4548.5	3747	4226.5	4471.5	4705.5	4678.5	78427.5	3.921.375
ORTHO006725	unknown protein	AT2G32970	8150;3674	6238	6099	4520.5	2803	5552	1658.5	4244.5	4826.5	5355.5	4601	6343	5489.5	1352	3283.5	3265	3976.5	4191.5	2558	4548.5	6240	4226.5	3955.5	3438.5	4291.5	77845.5	3.892.275
ORTHO008984	Plastid-lipid associated protein PAP / fibrillin family protein	AT1G51110	9534;31976;9579;44424;44464;5575;5623;5622;31984;44446;44422;43226;43229;43227;44435;44444;5737;9536;43231;44434;9507;9941;9526;31967;31975;10287;9570;9532;9535;55035;42651;34357;16020;44436;5198;3674	6239	5255	6373.5	6508	2982.5	554.5	8324.5	5957	6943.5	6081	7594	3422.5	6071.5	1800.5	5034.5	3976.5	324.5	3750.5	6531	7871	6180.5	5924	5826.5	6057.5	98225.5	4.911.275
ORTHO006465	P-loop containing nucleoside triphosphate hydrolases superfamily protein	AT3G06200	16310;6796;6793;44237;8152;8150;9987;48638;50793;50789;65007;40008;4385;19201;19205;16301;16772;16740;3824;3674;46939;9117;6753;19637;71704;55086;6139;46483;6725;1901360;34641;6807;44238;44281;44710;44699;44763;16776;46037;9150;6163;72521;1901564;9259;19693;1901135;1901068;46128;9119;9116;1901657;42278;9167;9161;9123;9126;46710;9179;9185;9132;9135;5524;35639;1901265;1901363;5488;97159;43168;43167;32559;30554;17076;166;36094;32555;32553;97367;32550;32549;1882;1883;9507;9536;43231;43227;43226;5575;43229;44424;44464;5623;5622;44444;5737	6240	7106	7070.5	7901	7947.5	9114.5	1132	8686.5	8447.5	4564.5	3526	9114.5	1352	5770	599	5325.5	7884	6808.5	1772.5	4727.5	8935.5	8617.5	2908.5	8837	108123	5406.15
ORTHO007152	Adenine nucleotide alpha hydrolases-like superfamily protein	AT3G17020	5886;16020;5575;44464;5623;71944;9409;9266;9628;50896;8150;6950;5737;44424;5622;16787;3824;3674;8152	6241	6211	6159	6077	6857.5	5704	8945.5	7331	6823.5	3337	3526	2851	4865.5	8072	7939.5	3074	4464.5	2558	4548.5	5519.5	4519	6077	4345.5	1188	95689	4784.45
ORTHO008131	FUNCTIONS IN: molecular_function unknown	AT3G54290	3674;9507;9536;43231;43227;43226;5575;43229;44424;44464;5623;5622;44444;5737	6242	6213	4992.5	3743	5651.5	3885	6651.5	4734	3771.5	7782	5902	3422.5	4738	3283.5	2023.5	5325.5	3448	6737.5	2930	1391	5637	3453.5	4165.5	3984	83265.5	4.163.275
ORTHO002460	basic helix-loop-helix (bHLH) DNA-binding superfamily protein	AT1G49770	6355;1903506;2001141;31326;9889;19222;50789;65007;8150;31323;50794;51252;19219;80090;51171;60255;10556;10468;2000112;3677;3676;1901363;5488;3674;97159;46983;5515;9790;44767;32502;44699;48856;7275;44707;32501;3700;1071;5634;43231;43227;43226;5575;43229;44424;44464;5623;5622;6351;34645;44260;43170;71704;8152;44237;9987;9059;1901576;9058;44249;97659;32774;16070;90304;6139;46483;6725;1901360;34641;6807;44238;34654;19438;44271;18130;1901362;10467	6243	8314	6000	5757	8776.5	6149	7507.5	7588.5	4740.5	4706	2809.5	8547	2962.5	906.5	2023.5	8358	693.5	663.5	6327	5726.5	6431	3222.5	6854	7656.5	93873	4693.65
ORTHO001039_2	EXS (ERD1/XPR1/SYG1) family protein	AT1G68740	5737;44424;44464;5575;5623;5622;16021;31224;44425;16020;16036;9267;31669;31667;9991;9605;50896;8150;31668;51716;9987;71496;7154;44763;44699;42594;6950;33554;5886;71944;5794;43231;43227;43226;43229;44444;12505;6817;15698;6820;6811;44765;6810;51234;51179;1902578	6244	6917	5875.5	5507	7662	6946	4118.5	4964	4740.5	3176.5	6543	2729	7743	2711.5	3521.5	3976.5	4870.5	2199.5	5851	6555.5	6431	4067	6194.5	5222.5	92561.5	4.628.075
ORTHO000875_2	Protein of unknown function (DUF300)	AT1G11200;AT4G21570	16021;31224;44425;5575;16020;5215;3674;6810;51234;51179;8150;5783;43231;43227;43226;43229;44424;44464;5623;5622;44444;5737;12505;9507;9536	6245	8177	6952	7659	8320.5	6023.5	7507.5	7762	4645.5	8319	6343	7376	4865.5	906.5	1910.5	8358	5561	663.5	6265.5	7408.5	6431	2433.5	5586.5	7656.5	106023	5301.15
ORTHO010030	Encodes the ortholog of rice D27.  It is plastid-localized and is required for the inhibition of secondary bud outgrowth and operates on a nonmobile precursor upstream of MAX1 in the SL biosynthesis pathway.	AT1G03055	9536;43231;43227;43226;5575;43229;44424;44464;5623;5622;44444;5737;16853;3824;3674;8152;8150;46872;43169;43167;5488;1901601;1901336;18130;46483;44237;9987;44249;9058;1901362;1901360;71704;1901576;1901334;1901600;6714;6721;6720;44255;6629;44710;44699;44238;44763;16106;16114;8299;8610;44711;5634;10223;10346;48646;32502;9653;48856;10016;48367;44767;48731;7275;44707;32501;1763;9507	6246	7314	6354	6462	8139.5	5319	4457	8148	2828	5593.5	7040	3912.5	7554	2711.5	2702.5	8358	4610.5	2199.5	4388	7647	5839	3453.5	5710.5	5433.5	97905.5	4.895.275
ORTHO009118	phosphatidylinositol synthase 1	AT1G68000;AT4G38570	5794;43231;43227;43226;5575;43229;44424;44464;5623;5622;44444;5737;12505;8654;6644;19637;71704;8152;8150;6793;44237;9987;44255;6629;44710;44699;44238;44763;6796;90407;1901576;9058;8610;44711;44249;6661;46474;6650;46486;45017;46488;3881;17169;16780;16772;16740;3824;3674;46872;43169;43167;5488;16020;5783	6247	7595	3245	243	6358.5	4042.5	1577.5	3778	4188.5	5331.5	5221	679.5	3980	138	136.5	3273.5	2860.5	203.5	2030.5	3331	3055	236.5	728.5	462	45254	2262.7
ORTHO001135_1	GAMMA-TUBULIN COMPLEX PROTEIN 4	AT3G53760	5200;5198;3674;51415;51418;7020;226;7010;6996;16043;71840;8150;9987;1902589;44763;44699;7017;46785;31109;51258;43623;6461;65003;43933;22607;44085;71822;70271;34622;22402;7049;43622;30865;31122;5819;44430;44446;44422;5575;43226;44424;44464;5623;5622;43229;5856;43232;43228;15630;930;44450;44444;5737;5815;43234;32991;5813;51011;8017;32403;44877;5488;5515;15631;8092;7126;280;48285;1903046;51321;3;90307;7052;7051;1903047;278;1902850;7067;51225;70925;43015;923;32155;32153;51298;51297;31023;7098;9506;5911;30054;55044;9624;51707;43207;9605;50896;9607;51704;40007;5816;922;45298;5739;43231;43227	6248	7259	6306.5	6365	7947.5	5516	7744.5	4964	2301	1709.5	6543	8763	7743	2711.5	3721.5	5325.5	5032.5	2558	6185.5	4392	6431	4169	6282.5	5222.5	97315.5	4.865.775
ORTHO005389	AUTOPHAGY 6	AT3G61710	5634;43231;43227;43226;5575;43229;44424;44464;5623;5622;50832;98542;6952;6950;50896;8150;51707;43207;9605;9607;51704;9620;3674;9845;44707;32501;44699;90351;9791;44767;32502;7275;45;70925;6996;16043;71840;9987;22607;44085;7033;16236;44712;9056;8152;44710;6914;44248;44237;9267;31669;31667;9991;31668;51716;71496;7154;44763;42594;33554;407;44444;5737;6623;1902580;51641;51179;1902578;6605;6886;15031;45184;51234;8104;33036;71702;6810;46907;51649;34613;70727;1902582;44765;16482;72665;33365;72666;72594;7034;9507;9536;9846;9856;44703;22414;44706	6249	5113	6716.5	7184	2982.5	7116	1132	2460.5	7831	3122	2290	3422.5	1352	9087.5	8471.5	7782	793	5452.5	8031	3254	8300	8205.5	7667.5	6883	102653.5	5.132.675
ORTHO006994	transcription regulatory protein SNF5; putative (BSH)	AT3G17590	5634;43231;43227;43226;5575;43229;44424;44464;5623;5622;228;44428;44446;44422;5694;43232;43228;31981;70013;43233;31974;6281;6259;44260;43170;71704;8152;8150;44237;9987;90304;6139;46483;6725;1901360;34641;6807;44238;6974;33554;51716;50896;6950;44763;44699;44710;6357;6355;1903506;2001141;31326;9889;19222;50789;65007;31323;50794;51252;19219;80090;51171;60255;10556;10468;2000112;43044;6338;16568;6325;43933;16043;71840;51276;6996;44772;44770;22402;7049;1903047;278;6337;32986;71824;32984;22411;34728;71822;43241;1902589;31498;6333;5515;5488;3674;3682;44877	6250	4119	4478.5	2707	2375	4434.5	2414	2114.5	931	6422.5	6763.5	1198.5	5066	3815.5	3265	6712.5	3958.5	3121	3792	6754	4668.5	3754	5902.5	2314	77402	3870.1
ORTHO007232	GDSL-like Lipase/Acylhydrolase superfamily protein	AT4G01130	16042;44712;9056;8152;8150;44710;44699;6629;71704;44238;1901575;5576;5575;16788;16787;3824;3674	6251	7265	7522.5	8794	7947.5	7766.5	8686	6741	7561.5	3928	3674	5191.5	8754.5	7213.5	8359	6712.5	351	5824	8655.5	8967.5	273.5	7441	8520	7768	122388.5	6.119.425
ORTHO009213	Tetratricopeptide repeat (TPR)-like superfamily protein	AT2G01390	8150;5739;43231;43227;43226;5575;43229;44424;44464;5623;5622;44444;5737	6252	4440	6166	6080	5938.5	6529	2328.5	6573	931	4218.5	8606.5	3218	6617.5	1800.5	5034.5	6712.5	8387	3121	3792	6860	4668.5	3854	5902.5	6553	95707.5	4.785.375
ORTHO008370	RNA-binding (RRM/RBD/RNP motifs) family protein	AT1G60000	166;36094;5488;3674;1901265;1901363;97159;8150;9507;9536;43231;43227;43226;5575;43229;44424;44464;5623;5622;44444;5737;3676;5739;3723	6253	4442	5628	5003	2982.5	5580	7363	6428.5	5994	582	8606.5	2086	6071.5	1800.5	4705.5	6712.5	3627.5	2199.5	3385	6467.5	4103	3111.5	5171.5	6057.5	90053	4502.65
ORTHO008853	Alanyl-tRNA synthetase; class IIc	AT5G22800	3824;3674;8152;8150	6254	3637	5165.5	4077	4356	1089	1881	6978.5	8447.5	2257.5	865	705.5	1352	3815.5	5254.5	6712.5	4870.5	4673.5	4864	7871	6810.5	6013	7611.5	3179.5	85252	4262.6
ORTHO008460	ribosomal protein L15	AT3G25920	9570;9532;44435;44444;44424;44464;5575;5623;5622;5737;44446;44422;43226;43229;9536;43231;43227;44434;9507;9941;9526;31967;31975;3735;5198;3674;5762;44429;5739;315;15934;44391;30529;32991;5840;43232;43228;313;5761;5759;70013;43233;31974;9735;9725;9719;50896;8150;10033;42221;311;9547;6412;43043;43604;43603;34641;6807;8152;44237;9987;44271;44249;9058;6518;1901564;71704;1901566;1901576;44267;19538;43170;44238;44260;34645;9059;10467	6255	6134	3466.5	678	5552	4598.5	7010.5	3853.5	4164	7782	5093.5	7647	3742	138	136.5	3232.5	2663.5	355.5	33.5	3061	2207.5	243	759.5	319.5	57041	2852.05
ORTHO010817	Glutaredoxin family protein	AT4G10630	15035;15036;16667;16491;3824;3674;8152;8150;55114;44710;44699;9055;5634;43231;43227;43226;5575;43229;44424;44464;5623;5622;45454;19725;42592;65008;65007;44763;9987;50794;50789	6256	7457	4032	1808	6358.5	3971.5	4118.5	4826.5	597.5	6179.5	2992.5	7246.5	7743	2711.5	3139.5	5325.5	1482.5	1425.5	490.5	7871	1003	2213.5	2730.5	4898	70966.5	3.548.325
ORTHO006764	Pseudouridine synthase family protein	AT2G30320	9982;16866;16853;3824;3674;8152;8150;1522;9451;16070;44260;43170;71704;44237;9987;90304;6139;46483;6725;1901360;34641;6807;44238;43412;5634;43231;43227;43226;5575;43229;44424;44464;5623;5622;8033;34470;34660;6396;10467;6399;3723;3676;1901363;5488;97159	6257	3604	3829	1401	4356	4561.5	2032.5	917.5	1839.5	3267	1312.5	998	5740	3815.5	4233.5	6712.5	2086	3949	7435.5	7299	5061.5	2213.5	1181	2699.5	67355	3367.75
ORTHO009108	FAD/NAD(P)-binding oxidoreductase family protein	AT4G30720	50660;50662;48037;5488;3674;43168;43167;166;36094;1901265;1901363;97159;55114;44710;8152;8150;44699;9507;9536;43231;43227;43226;5575;43229;44424;44464;5623;5622;44444;5737;16491;3824;15979;44237;9987	6258	5292	7630	9002	2982.5	2170	9067	8743	8705	4543.5	3831.5	9123.5	1352	5465	599	5325.5	7943.5	7571	9097.5	9121.5	8990	9104	9105.5	8923.5	128781.5	6.439.075
ORTHO007383	SMAD/FHA domain-containing protein	AT5G38840	5634;43231;43227;43226;5575;43229;44424;44464;5623;5622;8150;16020;3674	6259	4227	5189.5	4120	2982.5	1227	4785	6573	2069	5527.5	1810	7888.5	3406.5	3815.5	5034.5	6712.5	3958.5	3121	3792	4630.5	4668.5	3854	6040	6553	85466.5	4.273.325
ORTHO008559	cytochrome c oxidase assembly protein CtaG / Cox11 family	AT1G02410	5743;19866;31090;16020;5575;44422;43226;43227;44424;44464;5623;5622;31967;31975;44446;43229;31966;44429;44444;5737;5739;43231;5740;16021;31224;44425;9507;9536;5507;46914;46872;43169;43167;5488;3674;8150	6260	5707	6200.75	6141.5	6534	8980.5	1155	9121	3724.5	8535.5	8095	6981	6731.5	8654.5	5034.5	3976.5	2618	8318	2734.5	3061	2143.5	1026	969	4174.5	96034	4801.7
ORTHO004095	GDSL-like Lipase/Acylhydrolase superfamily protein	AT2G04570	5576;5575;16042;44712;9056;8152;8150;44710;44699;6629;71704;44238;1901575;16788;16787;3824;3674	6261	4265	6805.5	7350	2982.5	5744.5	7507.5	6906	1916	6785.5	3749	4724	5740	6455	7667.5	7782	4252.5	4507	7482.5	1584.5	4519	5213.5	4279.5	6949.5	103765	5188.25
ORTHO008276	Metallo-hydrolase/oxidoreductase superfamily protein	AT3G13800	16787;3824;3674;8152;8150;5634;43231;43227;43226;5575;43229;44424;44464;5623;5622	6262	4291	6912.5	7563	2982.5	1658.5	2881	7192	7831	2235	2809.5	2640.5	1352	8576.5	8203.5	7782	5329.5	4673.5	5502	8125.5	5903.5	7259	7946.5	7376.5	105277.5	5.263.875
ORTHO007346	transducin family protein / WD-40 repeat family protein	AT3G42660	5575;8150;166;36094;5488;3674;1901265;1901363;97159	6263	4233	4261.5	2260	2982.5	5155.5	1204	6264	1328.5	7485	6070	6518	1352	3815.5	4462	6712.5	3399	2199.5	3233.5	1584.5	934.5	2608	4434.5	5601	74361.5	3.718.075
ORTHO008127	F-box family protein	AT5G27920	31146;43161;10498;51603;6508;19538;43170;71704;8152;8150;44238;44257;30163;9057;1901575;9056;44265;44260;44237;9987;44248;44267;6511;19941;43632;61630;4842;19787;16740;3824;3674;16567;32446;70647;6464;36211;43412;61659;19005;31461;151;1990234;1902494;43234;32991;5575;44424;44464;5623;5622;5634;43231;43227;43226;43229;5737	6264	6355	6431	6598	5651.5	6529	3628.5	5957	2134	6687	6343	3422.5	3467	2711.5	4233.5	5325.5	5864.5	3580	6531	7871	6180.5	5924	6040	6379.5	98809	4940.45
ORTHO006151	carbamoyl phosphate synthetase B	AT1G29900	9570;9532;44435;44444;44424;44464;5575;5623;5622;5737;44446;44422;43226;43229;9536;43231;43227;44434;9507;5951;1902494;43234;32991;5739;16020;4088;16884;16879;16874;3824;3674;8152;8150;16036;9267;31669;31667;9991;9605;50896;31668;51716;9987;71496;7154;44763;44699;42594;6950;33554;5524;35639;1901265;1901363;5488;97159;43168;43167;32559;30554;17076;166;36094;32555;32553;97367;32550;32549;1882;1883;6526;9084;1901607;1901605;6520;1901564;71704;6807;19752;43436;6082;44281;44710;44237;44238;8652;46394;16053;44283;44711;9058;1901576;44249;1901566;9064;6525;46872;43169	6265	6734	6129.5	5994	7662	6227.5	5163.5	5813.5	6943.5	2615.5	2809.5	1791.5	8094	2711.5	4124.5	5325.5	5764.5	3580	6185.5	5447	5637	5434	5649	5913	95230	4761.5
ORTHO003077	LOCATED IN: chloroplast	AT1G09520;AT3G17460	5634;43231;43227;43226;5575;43229;44424;44464;5623;5622;6355;1903506;2001141;31326;9889;19222;50789;65007;8150;31323;50794;51252;19219;80090;51171;60255;10556;10468;2000112;46872;43169;43167;5488;3674;3677;3676;1901363;97159	6266	8739	7505	8744	8802.5	8007.5	8843	7762	5484	4086	8232.5	8989	5195	590	2163.5	8925	6722.5	1260.5	8310	7576.5	8663	3111.5	8455.5	8697.5	121074.5	6.053.725
ORTHO006391	CONTAINS InterPro DOMAIN/s: Nrap protein (InterPro:IPR005554)	AT1G63810	5634;43231;43227;43226;5575;43229;44424;44464;5623;5622;5829;44444;5737;3674	6267	5861	3189.5	112	6664	8518.5	6506	1114.5	1753	8535.5	982	841.5	1352	138	136.5	3183	245.5	355.5	68	1160.5	2086.5	213.5	568.5	301	38059.5	1.902.975
ORTHO008541	Protein of unknown function (DUF167)	AT5G63440	9507;9536;43231;43227;43226;5575;43229;44424;44464;5623;5622;44444;5737;16607;16604;44451;44428;44446;44422;5634;5654;31981;70013;43233;31974;8380;6396;16070;44260;43170;71704;8152;8150;44237;9987;90304;6139;46483;6725;1901360;34641;6807;44238;10467;6397;16071;5515;5488;3674;5681;30529;32991	6268	4904	4626	2984	2982.5	4462	5903	2250	7183.5	7916.5	1623	1198.5	6731.5	1800.5	5413.5	6712.5	494	3121	3944	1320	1909	4067	6282.5	6732.5	79064.5	3.953.225
ORTHO008382	general control non-repressible 3	AT1G64550	46686;10038;10035;42221;50896;8150;42742;9617;51707;43207;9605;9607;51704;98542;6952;6950;5737;44424;44464;5575;5623;5622;16887;17111;16462;16818;16817;16787;3824;3674;8152;5215;6810;51234;51179;5524;35639;1901265;1901363;5488;97159;43168;43167;32559;30554;17076;166;36094;32555;32553;97367;32550;32549;1882;1883;5829;44444	6269	4373	7328	8387	2982.5	7812.5	5105.5	3065	8467	5308.5	4016	5372	1352	5719.5	1109.5	6712.5	1321	7728	8495.5	8214	7786.5	8630.5	8775	8737.5	113728	5686.4
ORTHO001370	Nucleic acid-binding; OB-fold-like protein	AT3G10090;AT5G03850;AT5G64140	5829;44444;44424;44464;5575;5623;5622;5737;22626;44445;5840;30529;32991;43232;43228;43226;43229;22627;15935;44391;44446;44422;42254;22613;44085;71840;8150;6412;43043;43604;43603;34641;6807;8152;44237;9987;44271;44249;9058;6518;1901564;71704;1901566;1901576;44267;19538;43170;44238;44260;34645;9059;10467;6407;6405;51168;6913;16482;46907;6810;51234;51179;51649;51641;51169;50658;50657;15931;71705;71702;51236;6403;33036;1902582;44765;1902578;44699;51029;71428;71426;71166;3735;5198;3674;5618;30312;71944;5886;16020	6270	8875	7303.5	8337	8884	7169.5	8843	7527.5	5355.5	5541.5	7734.5	4018.5	2940.5	401	5413.5	8737.5	6162	1017	7792.5	6555.5	7925	3374.5	7486	8942.5	112937.5	5.646.875
ORTHO006450	BTB/POZ domain-containing protein	AT4G15840	31463;31461;151;1990234;1902494;43234;32991;5575;44424;44464;5623;5622;16567;32446;70647;6464;36211;19538;43170;71704;8152;8150;44238;43412;44267;44260;44237;9987;4842;19787;16740;3824;3674	6271	4203	5081.5	3892	2982.5	7411.5	7378.5	1263.5	1133	3801.5	6763.5	1658	4955.5	3815.5	5034.5	3976.5	3796.5	4253	2260	6632	4519	3521	5586.5	6379.5	84139	4206.95
ORTHO004901	small RNA degrading nuclease 1	AT3G50100;AT5G05540;AT5G67240	166;36094;5488;3674;1901265;1901363;97159;10587;10586;34660;16070;44260;43170;71704;8152;8150;44237;9987;90304;6139;46483;6725;1901360;34641;6807;44238;34661;6401;44265;9057;1901575;9056;44248;34655;19439;44270;1901361;46700;4527;4518;16788;16787;3824;90305;5622;44464;5575;5623;5634;43231;43227;43226;43229;44424;8408;3676;6355;1903506;2001141;31326;9889;19222;50789;65007;31323;50794;51252;19219;80090;51171;60255;10556;10468;2000112;16592;44451;44428;44446;44422;5654;31981;70013;43233;31974;43234;32991;3723;6351;34645;9059;1901576;9058;44249;97659;32774;34654;19438;44271;18130;1901362;10467	6272	6927	5102.5	3933	7947.5	2358	4457	4734	6124	6687	7040	3983	3106	2711.5	2702.5	5325.5	4761	1780	5220.5	6148	5422.5	2923.5	4232.5	4678.5	84395	4219.75
ORTHO007587	Pentatricopeptide repeat (PPR) superfamily protein	AT3G59300	55114;44710;8152;8150;44699;16491;3824;3674;10181;50662;48037;5488;43168;43167;32553;97367;166;36094;1901265;1901363;97159;5634;43231;43227;43226;5575;43229;44424;44464;5623;5622	6273	5736	6085	5897	6534	5090	4118.5	5568.5	5619	5776	5973.5	3686.5	5740	1800.5	4233.5	3976.5	5032.5	3121	5851	7080	5422.5	5603	5407	5601	94700.5	4.735.025
ORTHO003940	DNAse I-like superfamily protein	AT4G30900	5886;16020;5575;44464;5623;71944;5634;43231;43227;43226;43229;44424;5622;4527;4518;16788;16787;3824;3674;8152;8150;90305;90304;6139;46483;44237;9987;6725;1901360;71704;34641;6807;44238;43170;4519	6274	3474	6862.25	7450.5	4356	1777	6829	3713.5	6379.5	5283.5	4946	7590	1352	8795	5937	5325.5	8431	8759	8846.5	1960	1299.5	8148	2513.5	6669	104554.5	5.227.725
ORTHO006570	DNA-directed RNA polymerase II	AT5G59180	5634;43231;43227;43226;5575;43229;44424;44464;5623;5622;5665;55029;44428;44446;44422;428;30880;61695;1990234;1902494;43234;32991;44451;5654;31981;70013;43233;31974;16591;3899;34062;16779;16772;16740;3824;3674;8152;8150;32774;9059;43170;71704;1901576;9058;16070;44260;44237;9987;90304;6139;46483;6725;1901360;34641;6807;44238;34654;19438;44249;44271;18130;1901362;6351;34645;97659;10467	6275	5883	7502.5	8730	2982.5	1777	8674.5	6741	2505.5	5133.5	3136.5	7312.5	7031	8072	7713.5	5325.5	6925.5	4887	7562	8590.5	7254	7332.5	7667.5	7028	120669.5	6.033.475
ORTHO002292	aspartate aminotransferase 4	AT1G62800;AT5G11520;AT5G19550	5737;44424;44464;5575;5623;5622;9058;8152;8150;6520;1901564;71704;6807;19752;43436;6082;44281;44710;44699;44763;9987;44237;44238;30170;1901363;5488;3674;97159;48037;43168;43167;5829;44444;80130;70546;8483;16769;16740;3824;4069;5777;42579;43231;43227;43226;43229;5739;42802;5515;9536;16020;9507;10150;10260;7568;44767;32502;48513;48856;48731;7275;44707;32501;48366;48827;48367;9506;5911;30054;55044;5774;44437;44446;44422;5773;98588;31090;98805;5507;46914;46872;43169;5886;71944;5618;30312	6276	7851	6747.75	7219.5	8202.5	5799	7422	9007.5	5355.5	7012	6173.5	4949	4617.5	906.5	1910.5	8358	5404	663.5	6185.5	5726.5	6431	2763	6624.5	7543.5	102852.5	5.142.625
ORTHO005425	P-loop containing nucleoside triphosphate hydrolases superfamily protein	AT5G61450	5634;43231;43227;43226;5575;43229;44424;44464;5623;5622;16787;3824;3674;8152;8150	6277	6802	6235.5	6194	7662	5974	4698	5213.5	7183.5	6687	5973.5	6981	7031	2711.5	2396.5	8358	3836.5	2199.5	4059	5781.5	4946	3754	4391	4174.5	96349.5	4.817.475
ORTHO009630	unknown protein	AT4G14145	31966;31090;16020;5575;44422;43226;43227;44429;44444;44424;44464;5623;5622;5737;44446;43229;5739;43231;5740;31967;31975;8150;3674;9507;9536	6278	4489	6178	6078	5938.5	6529	2328.5	6142.5	8259	5593.5	6763.5	1198.5	6617.5	1800.5	5254.5	6712.5	3958.5	3121	3792	6754	4668.5	3754	5902.5	6553	95703	4785.15
ORTHO007040	Encodes a nuclear C2H2 domain-containing protein involved in embryo and endosperm development.	AT4G24900	9793;44702;22414;8150;44699;3006;32502;9790;44767;48856;7275;44707;32501;48316;48608;61458;48731;9791;10154;46872;43169;43167;5488;3674;5634;43231;43227;43226;5575;43229;44424;44464;5623;5622;9960;9888;48513	6279	6877	4320	2361	5362.5	4530.5	4341	8256	5754	1094.5	6912.5	4566	4297.5	1254	4233.5	3976.5	5561	867.5	4548.5	4473	3417.5	1910	3832.5	1142.5	74968.5	3.748.425
ORTHO006809	NA	NA	NA	6280	8687	6740	7200	8619	4913	8523	8279.5	5619	8934.5	6543	8724.5	4555.5	1184.5	1509	8737.5	1155.5	985	4968.5	5094	7166	1026	6413.5	8396	102727.5	5.136.375
ORTHO009293	unknown protein	AT5G56120	8150;5739;43231;43227;43226;5575;43229;44424;44464;5623;5622;44444;5737;3674	6281	4496	6078.5	5876	2982.5	7834.5	5718	251.5	9103	8446	582	5960	1352	7213.5	1616	7360.5	62	8733.5	8435	3231	185	8111.5	2553	7860.5	94608.5	4.730.425
ORTHO004585	stomatal cytokinesis defective / SCD1 protein (SCD1)	AT1G49040	80008;31461;151;1990234;1902494;43234;32991;5575;44424;44464;5623;5622;911;1902410;32506;22402;44763;9987;8150;44699;7049;910;51301;1903047;278;61640;281;5634;43231;43227;43226;43229;30136;30135;16023;31988;31982;31410;44444;5737;5886;16020;71944;5515;5488;3674;10235;10440;48869;44767;32502;10374;9791;44707;32501;7275;90558;9888;48856;9825;16049;40007;45824;31348;31347;80134;48583;50789;65007;48585;48519;45088;50776;2682;50777;2683	6282	4876	6337.5	6393	2982.5	1227	2627.5	6323	5144	2101.5	6763.5	3034.5	6895.5	1800.5	5523	3976.5	6825	3750.5	7435.5	7299	8153	4780.5	6854	6949.5	97463.5	4.873.175
ORTHO009454	FUNCTIONS IN: molecular_function unknown	AT4G28590	42644;42646;9295;5575;43232;43228;43226;43229;44424;44464;5623;5622;44435;44444;5737;44446;44422;9536;43231;43227;9532;44434;9507;9570;6355;1903506;2001141;31326;9889;19222;50789;65007;8150;31323;50794;51252;19219;80090;51171;60255;10556;10468;2000112;9658;9657;6996;16043;71840;9987;3674	6283	4604	4931.75	3580.5	2982.5	5665.5	7363	6428.5	1133	5043.5	2290	2000.5	6071.5	1800.5	5034.5	6712.5	3682	2199.5	3421.5	6467.5	4103	2923.5	3967	6057.5	82364.5	4.118.225
ORTHO008798	RNA binding	AT3G08010	6412;43043;43604;43603;34641;6807;8152;8150;44237;9987;44271;44249;9058;6518;1901564;71704;1901566;1901576;44267;19538;43170;44238;44260;34645;9059;10467;9507;9536;43231;43227;43226;5575;43229;44424;44464;5623;5622;44444;5737;9704;9416;9314;9628;50896;9640;9639;9791;44767;32502;44699;44707;32501;7275;9658;9657;6996;16043;71840;3723;3676;1901363;5488;3674;97159	6284	3746	5439	4594	4356	4827.5	6542.5	2185	8259	8446	4285.5	7766	4555.5	3815.5	1812.5	6712.5	3264.5	6946	3484.5	5400	2049.5	2328.5	3561.5	1546.5	87788.5	4.389.425
ORTHO003305	Protein of unknown function (DUF3511)	AT4G09890	5634;43231;43227;43226;5575;43229;44424;44464;5623;5622;8150;3674	6285	8249	7636.5	8988	7245.5	7390	7778	6142.5	6823.5	3163.5	8737.5	5699	3425	6292	7401.5	8660.5	7158.5	1227	8266	7647	8153	7332.5	8499.5	8491	128287.5	6.414.375
ORTHO007664	Tetratricopeptide repeat (TPR)-like superfamily protein	AT2G37320	8150;5739;43231;43227;43226;5575;43229;44424;44464;5623;5622;44444;5737;3674	6286	5125	5432	4578	6100.5	1329	5661.5	5957	7455	2869.5	3269.5	3422.5	6227	1800.5	5034.5	3976.5	5962.5	3949	6700.5	1509.5	6578.5	5789.5	4037.5	6210	87739.5	4.386.975
ORTHO005486	Aldolase-type TIM barrel family protein	AT2G04400;AT5G48220	9570;9532;44435;44444;44424;44464;5575;5623;5622;5737;44446;44422;43226;43229;9536;43231;43227;44434;9507;5829;162;6568;9072;6725;44237;8152;8150;9987;1901360;71704;6520;1901564;6807;19752;43436;6082;44281;44710;44699;44763;44238;1901605;6586;42430;46483;34641;6576;44106;9308;9073;19438;44249;9058;1901362;1901576;8652;46394;16053;44283;44711;1901566;46219;42435;44271;18130;42401;9309;1901607;5507;46914;46872;43169;43167;5488;3674;4425;16831;16830;16829;3824;9534;31976;9579;31984;5739	6287	7614	5317	4347	8259	6149	7802.5	4373.5	4526.5	8168.5	5836	7017.5	6071.5	3374	1549	5325.5	3299	1440	2487.5	6001	3646	1525	4748	3289.5	86629.5	4.331.475
ORTHO001164	catalytics	AT1G74790;AT5G39970;AT5G62630	5886;16020;5575;44464;5623;71944;46658;31226;44459;44425;31224;31225;5975;71704;8152;8150;44238;48038;48037;5488;3674;16901;16614;16491;3824;55114;44710;44699	6288	8539	5311.5	4335	7662	4139.5	5521	7372.5	5144	8535.5	6343	8194	4492.5	1184.5	1509	5325.5	80.5	499	4914	3466.5	6696	837.5	4535	7768	86557.5	4.327.875
ORTHO007373	LOCATED IN: endoplasmic reticulum; plasma membrane	AT4G29520	5886;16020;5575;44464;5623;71944;5783;43231;43227;43226;43229;44424;5622;44444;5737;12505	6289	6305	6610.5	6932	5651.5	6529	8324.5	5698.5	4953	2170.5	2290	3422.5	8306	2711.5	4233.5	3976.5	5764.5	3580	6531	7871	6180.5	5924	6040	6379.5	100886	5044.3
ORTHO008850	late embryogenesis abundant domain-containing protein / LEA domain-containing protein	AT1G72100	1990457;45335;30139;16023;31988;43227;43226;5575;31982;43231;43229;44424;44464;5623;5622;31410;44444;5737;9793;44702;22414;8150;44699;3006;32502;9790;44767;48856;7275;44707;32501;48316;48608;61458;48731;9791;10154;9507;9536	6290	7681	5626.25	4962.5	7947.5	9030	4698	4640	4865	4804	3366.5	7144.5	7031	2711.5	2163.5	5325.5	18.5	1780	4914	7408.5	5265	2677	4232.5	7768	89843	4492.15
ORTHO000738	purple acid phosphatase 3	AT1G14700;AT1G25230;AT2G01880;AT2G01890;AT3G17790	4722;4721;16791;42578;16788;16787;3824;3674;8152;8150;16311;6796;6793;44237;9987;6470;6464;36211;19538;43170;71704;44238;43412;44267;44260;5576;5575;3993;5773;43231;43227;43226;43229;44424;44464;5623;5622;44444;5737;46872;43169;43167;5488;30643;72501;30002;55081;50801;48878;42592;65008;65007;6873;55082;19725;44763;44699;72505;98771;55062;72506;55083;30320;72502;4601;16684;16491;55114;44710;16209;42542;302;6979;6950;50896;1901700;42221;10035;9986	6291	7888	6137	5983	8259	8985	9052	3181	5355.5	8535.5	6173.5	5372	4617.5	906.5	1677.5	8358	3682	1538.5	6056.5	951.5	4519	2677	6040	7508	95186.5	4.759.325
ORTHO004025	AFG1-like ATPase family protein	AT4G28070;AT4G30490	16887;17111;16462;16818;16817;16787;3824;3674;8152;8150;5524;35639;1901265;1901363;5488;97159;43168;43167;32559;30554;17076;166;36094;32555;32553;97367;32550;32549;1882;1883;5575;5739;43231;43227;43226;43229;44424;44464;5623;5622;44444;5737;9507;9536;5515;5516	6292	3903	4543.5	2795	4356	8750	4758.5	2460.5	1545.5	2524.5	1981	4421	6513.5	6764.5	7017.5	5325.5	5764.5	3949	299	6322.5	197.5	3754	1888	3565	77801.5	3.890.075
ORTHO009003	NAD(P)-binding Rossmann-fold superfamily protein	AT4G35250	45490;272;5976;5975;71704;8152;8150;44238;43170;16052;1901575;9056;9057;45488;10393;46910;4857;30234;98772;3674;50790;19222;50789;65007;65009;43086;44092;9892;48519;30599;52689;16788;16787;3824;9505;5618;30312;44464;5575;5623;71944;42545;71555;45229;16043;71840;9987;71554	6293	3767	4588.5	2884	4356	8065.5	1132	4163.5	3036	2284	4121.5	454	6513.5	6764.5	7017.5	7782	1048	5626	598.5	1320	1430	6991	6467.5	3635.5	78450.5	3.922.525
ORTHO005414	Phox (PX) domain-containing protein	AT3G48195	35556;7165;50794;50789;65007;8150;51716;9987;50896;7154;44763;44699;44700;23052;35091;5543;8289;5488;3674;43168;43167;5737;44424;44464;5575;5623;5622	6294	4014	4330.5	2367	2097	1381.5	2703	6428.5	5994	4754	2290	3422.5	3288	3815.5	2702.5	6712.5	3627.5	2199.5	3385	7871	4103	3222.5	5171.5	1958.5	75030.5	3.751.525
ORTHO007255	INVOLVED IN: protein complex assembly	AT2G34050	5739;43231;43227;43226;5575;43229;44424;44464;5623;5622;44444;5737;33615;43461;70071;43623;6461;65003;43933;16043;71840;8150;9987;22607;44085;71822;70271;34622;70272;7005;6996	6295	6315	5397.5	4500	5651.5	1227	2703	6264	1042.5	2496	1414	3034.5	3690.5	2711.5	5034.5	3976.5	6925.5	4154.5	7281	8478	8618.5	6182.5	4723.5	7376.5	87334	4366.7
ORTHO007877	Glycosyl hydrolase family 47 protein	AT1G27520	16021;31224;44425;5575;16020;30433;43161;10498;51603;6508;19538;43170;71704;8152;8150;44238;44257;30163;9057;1901575;9056;44265;44260;44237;9987;44248;44267;6511;19941;43632;36503;44712;44710;44699;44763;10033;42221;50896;34976;33554;51716;6950;97466;6516;9100;1901135;1901136;1904587;1901700;5789;98588;31090;44422;43226;43227;44432;44444;44424;44464;5623;5622;5737;44446;43229;5783;43231;12505;42175;4571;15924;4559;15923;4553;16798;16787;3824;3674;6491;9311;44723;5975;6487;6486;6464;36211;43412;43413;70085;9101;34645;9059;1901576;9058;44249;1901137;30968;7165;50794;50789;65007;7154;44700;23052;34620;6986;35966;35967;71310;70887	6296	5673	5895.25	5494.5	2982.5	8980.5	1068	548.5	4953	8934.5	3526	7541.5	5740	6047	1372.5	5325.5	1724	9059	5347.5	4211	3511.5	6340.5	3476.5	4801	92508	4625.4
ORTHO010111	Chaperone DnaJ-domain superfamily protein	AT1G71000	5634;43231;43227;43226;5575;43229;44424;44464;5623;5622;6457;9987;8150;5737	6297	7406	6736	7175	7947.5	6085.5	8930	2460.5	2940	4718	7382.5	2467.5	8094	2711.5	3936.5	5325.5	5685	3121	6531	5781.5	7166	5376	8070	5806	102588	5129.4
ORTHO004541	thioredoxin family protein	AT4G04950;AT4G32580	5829;44444;44424;44464;5575;5623;5622;5737;45454;19725;42592;65008;65007;8150;44763;9987;44699;50794;50789;72593;44237;8152;9408;9266;9628;50896;6950;9926;60918;9914;10817;44765;6810;51234;51179;1902578;51537;51536;51540;5488;3674;51726;46872;43169;43167;15035;15036;16667;16491;3824;55114;44710;9055	6298	5038	5559	4820	5938.5	4344.5	2791.5	2322	6823.5	5215.5	7594	2131	3577.5	1800.5	4705.5	5325.5	8662	2199.5	3385	7747	6180.5	3111.5	5171.5	6057.5	89145.5	4.457.275
ORTHO004571	oxophytodienoate-reductase 3	AT2G06050	5777;42579;43231;43227;43226;5575;43229;44424;44464;5623;5622;44444;5737;9695;72330;46394;16053;6082;71704;8152;8150;44281;44710;44699;44763;9987;44237;44283;44711;9058;1901576;44249;19752;43436;32787;9694;10181;50662;48037;5488;3674;43168;43167;32553;97367;166;36094;1901265;1901363;97159;16629;16628;16627;16491;3824;55114;31408;6633;6631;44255;6629;44238;8610;31407;10193;302;6979;6950;50896;1901700;42221;1101;10035;9611;9620;51707;43207;9605;9607;51704	6299	4964	4504.5	2710	5238	6832.5	3430	6652	6379.5	4866.5	5460	1658	3614.5	3497	6192.5	2080.5	3752	1406.5	4441	5447	4321	2213.5	4178	988.5	77410.5	3.870.525
ORTHO007783	histone-lysine N-methyltransferases	AT3G26850	8168;16741;16740;3824;3674;8152;8150;32259;6355;1903506;2001141;31326;9889;19222;50789;65007;31323;50794;51252;19219;80090;51171;60255;10556;10468;2000112;5634;43231;43227;43226;5575;43229;44424;44464;5623;5622;18024;16279;16278;8170;8757;8276;6479;43414;44260;43170;71704;44237;9987;43412;8213;6464;36211;19538;44238;44267;18022;18205;18193;42054;16571;16570;16569;16568;6325;43933;16043;71840;51276;6996;1902589;44763;44699;44710;34968;5694;43232;43228	6300	3833	6958	7616	2097	7324.5	2881	2545	5754	6459.5	8924.5	3686.5	1352	6764.5	7017.5	7782	737	4982.5	5851	8214	6578.5	7147.5	8026.5	3635.5	105663.5	5.283.175
ORTHO009009	alpha/beta-Hydrolases superfamily protein	AT4G34310	6505;46488;6650;6644;19637;71704;8152;8150;6793;44237;9987;44255;6629;44710;44699;44238;44763;6796;46486;6664;1903509;1901135;6643;16788;16787;3824;3674;6886;15031;45184;51234;51179;8104;33036;71702;6810;46907;51649;51641;34613;70727	6301	3774	4715.5	3130	4356	4561.5	2032.5	6741	7325.5	1058	1312.5	998	5740	3815.5	4233.5	6712.5	4346.5	3949	4205.5	7299	864.5	4873	7048.5	2784	79900.5	3.995.025
ORTHO000947	Pectinacetylesterase family protein	AT4G19410;AT4G19420;AT5G45280	5576;5575;71555;45229;16043;71840;8150;9987;71554;30036;30029;44763;44699;7010;6996;1902589;9506;5911;30054;55044;5618;30312;44464;5623;71944;16787;3824;3674;8152;52689;16788;3779;8092;5515;5488;9505;16020;5829;44444;44424;5622;5737;5886	6302	6034	5272.5	4243	6664	6417	4341	2876.5	5754	5557	7040	5372	5195	2711.5	3265	3976.5	4942.5	2558	4715	6322.5	4226.5	3453.5	2581.5	4801	86106	4305.3
ORTHO009198	histone acetyltransferase of the GNAT family 2	AT5G56740	5829;44444;44424;44464;5575;5623;5622;5737;10485;4402;61733;34212;8080;16410;16747;16746;16740;3824;3674;8152;8150;16407;16573;16570;16569;16568;6325;43933;16043;71840;9987;51276;6996;6464;36211;19538;43170;71704;44238;43412;44267;44260;44237;1902589;44763;44699;44710;18393;18394;18205;18193;6473;43543;6475;43967;42393;5515;5488;5634;43231;43227;43226;43229;790;785;44427;44446;44422;5694;43232;43228;32991;44454;44428;228;31981;70013;43233;31974	6303	6646	7116.5	7930	5748	7694	3430	5957	7046.5	2307	7734.5	3422.5	8306	2711.5	4462	3976.5	6244	3949	6700.5	7871	7860	6077	6194.5	6456	108399.5	5.419.975
ORTHO008717	unknown protein	AT1G71730	3674;8150;9507;9536;43231;43227;43226;5575;43229;44424;44464;5623;5622;44444;5737	6304	5382	6788	7272	2982.5	6529	2951	6142.5	7325.5	4140.5	1483.5	3218	6731.5	1800.5	5413.5	3976.5	6549	3949	7042	8364.5	7568	6340.5	6989	6669	103183	5159.15
ORTHO009593	Protein of unknown function (DUF1997)	AT5G04440	5634;43231;43227;43226;5575;43229;44424;44464;5623;5622;9507;9536;44444;5737;3674;8150	6305	4540	7128	7951	2982.5	6761.5	3129.5	2796	2465.5	2284	8770	4841.5	4139	6601.5	1432	7360.5	1985.5	7073	8485.5	9047	8083.5	8666	5902.5	8763	108587	5429.35
ORTHO005104	cytochrome b6f complex subunit (petM); putative	AT2G26500	9535;55035;42651;34357;16020;5575;44436;44424;44464;5623;5622;9579;44435;44444;5737;44446;44422;43226;43229;9536;43231;43227;31976;31984;44434;9507;9534;9496;52880;16679;16491;3824;3674;8152;8150;55114;44710;44699;9512;70069;43234;32991	6306	5056	6922.5	7539	2982.5	6085.5	1542	4133.5	6584	6785.5	7594	8258	6731.5	7909	7582.5	5325.5	1189	5368	7281	1509.5	2971	5059	6194.5	7028	105131	5256.55
ORTHO001408_2	Peptidase M28 family protein	AT3G54720	48507;9888;48856;32502;8150;48513;48731;7275;44767;44699;44707;32501;9790;9910;48581;48580;2000026;50793;50789;65007;51239;51241;48519;51093;2000242;2000241;9909;48831;9640;9639;9416;9314;9628;50896;9791;10305;10051;3002;7389;46872;43169;43167;5488;3674;48364;22622;5886;16020;5575;44464;5623;71944;4180;8238;70011;8233;16787;3824;8152;6508;19538;43170;71704;44238;16805;5515;9908;90567;48608;3006;22414;61458;44702;48367	6307	6928	5683.75	5060.5	6100.5	5016	7978.5	4734	7046.5	3564.5	6173.5	4239	3111	2711.5	2702.5	5325.5	4346.5	1780	5128	6240	5422.5	3609.5	6538.5	4678.5	90346	4517.3
ORTHO008563	Trimeric LpxA-like enzymes superfamily protein	AT4G05210;AT4G21220	43764;16747;16746;16740;3824;3674;8152;8150;2001289;19637;71704;6793;44237;9987;6040;1901135;6796;5739;43231;43227;43226;5575;43229;44424;44464;5623;5622;44444;5737;9245;1901271;9312;9311;44723;5975;44238;44710;44699;16051;1901576;9058;44711;1901137;1901269;46493;6644;44255;6629;44763;6664;1903509;6643;9247;46467;8610;44249;8654;90407;16410	6308	7035	6642.5	6977	7947.5	5904	8324.5	5213.5	7978	1189	1483.5	2553.5	8094	2711.5	3936.5	5325.5	5685	3121	6531	7080	7052	5213.5	7946.5	5806	101148.5	5.057.425
ORTHO011708	Pentatricopeptide repeat (PPR) superfamily protein	AT2G02980	6397;16071;16070;44260;43170;71704;8152;8150;44237;9987;90304;6139;46483;6725;1901360;34641;6807;44238;6396;10467;5739;43231;43227;43226;5575;43229;44424;44464;5623;5622;44444;5737;31425;9507;9536	6309	8692	6206	6103	8619	6085.5	7166.5	7637	3279	6551	8095	3872	1352	906.5	2163.5	8925	6648.5	1227	8217.5	3508	1624	2763	7244	8595	95860	4793
ORTHO008199	Erv1/Alr family protein	AT1G49880	50660;50662;48037;5488;3674;43168;43167;166;36094;1901265;1901363;97159;5634;43231;43227;43226;5575;43229;44424;44464;5623;5622;42802;5515;16972;16670;16667;16491;3824;8152;8150;55114;44710;44699;5739;44444;5737	6310	5062	7277.5	8245	2982.5	1839.5	4813.5	6264	8259	4854.5	3269.5	5877.5	6731.5	8028.5	7582.5	5325.5	6409	4595	7042	5519.5	5779	6920	5541.5	7075	111726.5	5.586.325
ORTHO009435	Pollen Ole e 1 allergen and extensin family protein	AT3G09925	5576;5575;3674;8150	6311	6001	4632.5	2954	6664	2333	6283.5	5348	5754	5641.5	3136.5	5464.5	5195	2711.5	2702.5	3976.5	4252.5	2558	4548.5	2713.5	4226.5	3609.5	3020	5433.5	78908.5	3.945.425
ORTHO007337	disproportionating enzyme 2	AT2G40840	4134;16758;16757;16740;3824;3674;8152;8150;4133;5977;44723;5975;71704;44238;44710;44699;6073;44042;5976;43170;44264;44260;44237;9987;44262;6112;15980;6091;55114;44763;23;5984;9311;25;46352;44275;16052;1901575;9056;44248;9313;44724;44712;5983;9251;272;9057;44247;5982;5829;44444;44424;44464;5575;5623;5622;5737;2001070;30247;1871;5488;30246;10297;9507;9536;43231;43227;43226;43229	6312	4276	6103.5	5895	2982.5	7116	550.5	705.5	3554	7183	5081	6080.5	1352	6764.5	7999	7782	2074	7335.5	7197.5	2124.5	7568	4873	1878.5	7453	94672	4733.6
ORTHO001394_2	Ribosomal protein L1p/L10e family	AT2G42710	9941;9526;31967;31975;44464;5575;5623;44446;44422;43226;44424;5622;43229;43227;44435;44444;5737;9536;43231;44434;9507;16020;98655;6812;6811;44765;6810;51234;51179;8150;1902578;44699;34220;55085;44763;9987;5351;5402;15294;15293;15291;22804;22857;5215;3674;8324;15075;22891;22892;51119;15144;1901476;8643;71702;34219;15295;15992;15672;6818;5886;71944	6313	4658	5518	4723	2982.5	7895	6325.5	279.5	1691	3564.5	4137	5231.5	1352	6764.5	1481.5	7360.5	2323	8251	8559.5	1869	2072	8454	2696.5	8332.5	88640	4432
ORTHO005046	unknown protein	AT1G26750	3674;8150;5575	6314	5066	6562	6810	5938.5	7895	1011	2322	2465.5	3581	4016	3422.5	1352	8758	8471.5	5325.5	693.5	7073	8526	1654	8711.5	8380.5	8321	8062	100041.5	5.002.075
ORTHO007020	heat stable protein 1	AT3G17210	46872;43169;43167;5488;3674;42742;9617;51707;43207;9605;50896;8150;9607;51704;98542;6952;6950;50832;9620;9507;9536;43231;43227;43226;5575;43229;44424;44464;5623;5622;44444;5737;5829;5886;16020;71944	6315	3046	4491	2667	2097	4278	3025	6142.5	6584	6592	2129.5	7722	3192.5	3815.5	2023.5	6712.5	3367.5	2199.5	3199	3815.5	3675	2541	4366	1769	77149.5	3.857.475
ORTHO007759	Tetratricopeptide repeat (TPR)-like superfamily protein	AT2G30780	16787;3824;3674;8152;8150;5634;43231;43227;43226;5575;43229;44424;44464;5623;5622;5737	6316	3802.5	4110.5	1905	4356	1227	2080	6741	3933.5	334.5	1312.5	863	5740	3815.5	4233.5	6712.5	400	3750.5	4113.5	7299	5061.5	4780.5	6854	2699.5	71951.5	3.597.575
ORTHO010484	Pentatricopeptide repeat (PPR) superfamily protein	AT4G18520	8380;6396;16070;44260;43170;71704;8152;8150;44237;9987;90304;6139;46483;6725;1901360;34641;6807;44238;10467;5739;43231;43227;43226;5575;43229;44424;44464;5623;5622;44444;5737;1900865;9451;43412	6317	7970	5735	5153	6857.5	5248.5	8162.5	2962.5	5619	7485	7040	3034.5	1352	906.5	2396.5	5325.5	8092	2199.5	7281	5369.5	370	3609.5	6282.5	8026	90762.5	4.538.125
ORTHO008387	C3HC zinc finger-like	AT1G48950	8150;5634;43231;43227;43226;5575;43229;44424;44464;5623;5622;8270;46914;46872;43169;43167;5488;3674	6318	6457	5290.5	4263	7245.5	4168.5	4948.5	5077	3724.5	7722.5	6173.5	6494	6227	3408	1616	3976.5	8604.5	3121	3653	5519.5	5637	1407.5	807.5	3920	86206	4310.3
ORTHO008244	SNARE associated Golgi protein family	AT1G22850	16021;31224;44425;5575;16020;9507;9536;43231;43227;43226;43229;44424;44464;5623;5622;44444;5737;8150	6319	4467	4689	3059	2982.5	3870	2627.5	6428.5	1133	6139.5	2290	3422.5	6071.5	1800.5	5034.5	6712.5	3682	2199.5	2945	6467.5	4103	3222.5	5171.5	6145.5	79466.5	3.973.325
ORTHO005437	P-loop containing nucleoside triphosphate hydrolases superfamily protein	AT2G01460	5524;35639;1901265;1901363;5488;3674;97159;43168;43167;32559;30554;17076;166;36094;32555;32553;97367;32550;32549;1882;1883;31307;31306;98573;31300;44422;5575;43226;31224;44425;16020;31090;43227;44455;44429;44444;44424;44464;5623;5622;5737;44446;43229;5739;43231;31966;5740;31967;31975;5741;31968;19867;98805;98588;32592;31301;16021;16301;16772;16740;3824;8152;8150;16310;6796;6793;44237;9987;4849;19206;19205;9165;1901293;90407;19637;71704;1901576;9058;6753;55086;6139;46483;6725;1901360;34641;6807;44238;44281;44710;44699;44763;34654;19438;44249;44271;18130;1901362;44711;9117;6222;9220;9260;46390;19693;1901135;1901137;9259;9218;6220;72527;1901564;6221;72528;1901566;9174;9173;9161;9123;9129;9130;9124;9156;46132;46131;9119;9116;1901657;6213;46134;9163;1901659;42455;46049	6320	6202	5450.5	4581	7245.5	5904	3960	5568.5	5619	4140.5	7199	2467.5	5740	1800.5	3936.5	3976.5	1102.5	3121	5851	7194	5422.5	5059	4085.5	5601	87748.5	4.387.425
ORTHO009457	unknown protein	AT3G56010	9535;55035;42651;34357;16020;5575;44436;44424;44464;5623;5622;9579;44435;44444;5737;44446;44422;43226;43229;9536;43231;43227;31976;31984;44434;9507;9534;3674;5739;8150	6321	4470	6347.5	6374	5938.5	1821.5	6595	2838	6379.5	2591.5	8770	4779	6895.5	8072	7667.5	7782	4761	4400	4113.5	4630.5	1193	4169	3040	6883	97381.5	4.869.075
ORTHO008149	FUNCTIONS IN: molecular_function unknown	AT1G16040	5789;98588;31090;16020;5575;44422;43226;43227;44432;44444;44424;44464;5623;5622;5737;44446;43229;5783;43231;12505;44425;42175;6506;6505;46488;6650;6644;19637;71704;8152;8150;6793;44237;9987;44255;6629;44710;44699;44238;44763;6796;46486;6664;1903509;1901135;6643;6661;46474;45017;8610;1901576;9058;44711;44249;8654;90407;6497;6464;36211;19538;43170;43412;44267;44260;42158;42157;34645;9059;9247;46467;1901137;3674;9507;9536;16021;31224	6322	5717	4877.5	3433	5552	8470.5	6021	3608	4687.5	6621	8606.5	7432	1352	3283.5	2910	3976.5	4135	1342.5	857	2593.5	2179	4525.5	4748	4291.5	81640.5	4.082.025
ORTHO006309	unknown protein	AT5G52950	5634;43231;43227;43226;5575;43229;44424;44464;5623;5622;3674;10212;9314;9628;50896;8150;33314;76;31570;75;22402;44763;9987;44699;7049;44818;7093;1903047;278;45930;45786;48523;50794;50789;65007;48519;51726;7346;10972;10389;1902749;1901987;10564;1901990;1901991;1901988;10948;1902750;44774	6323	4815	4937	3551	5938.5	939.5	1011	6906	7325.5	7666.5	4016	7069.5	1352	8758	7999	7782	9070.5	5368	358	773.5	1384.5	243	56	4174.5	82253	4112.65
ORTHO002931	Cyclin A1	AT1G44110	19901;19900;19899;5515;5488;3674;79;1904029;45859;43549;42325;19220;51174;31323;50794;50789;65007;8150;19222;51338;50790;65009;1932;31399;32268;51246;80090;60255;51726;71900;5634;43231;43227;43226;5575;43229;44424;44464;5623;5622;16538;19887;19207;30234;98772;10583;14070;10033;42221;50896;5737	6324	7817	7122.5	7921	8202.5	7116	7665	8028.5	6225	4412	2539	8397	5467.5	2711.5	2910	5325.5	4761	2199.5	5851	8077	6180.5	4873	7335	8258.5	108332.5	5.416.625
ORTHO007699	Transducin/WD40 repeat-like superfamily protein	AT5G63010	80008;31461;151;1990234;1902494;43234;32991;5575;44424;44464;5623;5622;166;36094;5488;3674;1901265;1901363;97159;5634;43231;43227;43226;43229;8150	6325	5614	7433	8541	2982.5	214	8876	7331	3168	2615.5	2809.5	3422.5	1352	8511.5	8276	5325.5	7397	5992	8472	8987	8711.5	8295.5	8641.5	8159	116557	5827.85
ORTHO007755	lipase 1	AT2G15230	5615;44421;5575;5576;16787;3824;3674;8152;8150;4806;16298;16788;52689;16042;44712;9056;44710;44699;6629;71704;44238;1901575	6326	3762	6091.5	5857	2097	8909.5	5345.5	336	3753	7407.5	4016	6629	1352	8456.5	5034.5	7782	1934	7697.5	1961.5	8397.5	7489.5	3311	1847	2850	94509.5	4.725.475
ORTHO003956	Expression of the gene is downregulated in the presence of paraquat; an inducer of photoxidative stress.	AT3G20340	5634;43231;43227;43226;5575;43229;44424;44464;5623;5622;6979;6950;50896;8150;3674	6327	7534	6675.5	7024	7947.5	7008.5	2328.5	4964	4323	7216	6543	2640.5	7743	2711.5	3265	5325.5	4942.5	4400	6265.5	8214	6431	4423	7554.5	5222.5	101521.5	5.076.075
ORTHO009042	Protein kinase superfamily protein	AT5G22050	9534;31976;9579;44424;44464;5575;5623;5622;31984;44446;44422;43226;43229;43227;44435;44444;5737;9536;43231;44434;9507;10207;43623;6461;65003;43933;16043;71840;8150;9987;22607;44085;71822;70271;34622;19684;6091;44237;8152;15979;6413;6412;43043;43604;43603;34641;6807;44271;44249;9058;6518;1901564;71704;1901566;1901576;44267;19538;43170;44238;44260;34645;9059;10467;3743;8135;3723;3676;1901363;5488;3674;97159	6328	3767	4944	3560	4356	961.5	7441.5	6741	8331	3425.5	3831.5	4841.5	1352	6601.5	6791	7782	4252.5	3580	216	4012.5	4384	2923.5	2239	2575	82282.5	4.114.125
ORTHO001868	AMP-dependent synthetase and ligase family protein	AT5G63380	31408;6633;72330;46394;16053;6082;71704;8152;8150;44281;44710;44699;44763;9987;44237;44283;44711;9058;1901576;44249;19752;43436;32787;6631;44255;6629;44238;8610;31407;4321;16408;16747;16746;16740;3824;3674;5777;42579;43231;43227;43226;5575;43229;44424;44464;5623;5622;44444;5737;16207;16405;16877;16874;16878;5524;35639;1901265;1901363;5488;97159;43168;43167;32559;30554;17076;166;36094;32555;32553;97367;32550;32549;1882;1883;9695;9694	6329	9003	7183	8037	9010.5	4377	5395	8064.5	5071	8934.5	6173.5	8350	6227	4206	4842.5	8737.5	3682	474	8584.5	4956.5	6810.5	649	4843.5	9111	109489.5	5.474.475
ORTHO007259	Inositol monophosphatase family protein	AT4G05090	287;46872;43169;43167;5488;3674;6790;44237;8152;8150;9987;8441;8252;16791;42578;16788;16787;3824;16311;6796;6793;5739;43231;43227;43226;5575;43229;44424;44464;5623;5622;44444;5737;9507;9536	6330	4355	4787	3244	2982.5	5773	7843.5	1263.5	8101	1970.5	2402	6171.5	6227	1800.5	5034.5	6712.5	737	3121	3445.5	813	4321	3222.5	5407	6210	80576.5	4.028.825
ORTHO008129	cystatin-1	AT5G12140	5774;44437;44444;44424;44464;5575;5623;5622;5737;44446;44422;43226;43229;5773;43231;43227;98588;31090;16020;98805;6952;6950;50896;8150;34605;9408;9266;9628;33554;51716;9987;70417;9409;4869;4866;30414;61134;30234;98772;3674;50790;19222;50789;65007;65009;52547;30162;51246;80090;60255;51336;4857;43086;44092;9892;48519;10466;45861;32269;32268;31323;50794;31324;48523;51248;10605;51346;61135;52548;10951;5829;5576;42631;31668;71496;9605;7154;44763;44699;9991;71462;71214;9415;1101;42221;10035;1901700;71229;70887;1901701;9414;5886;71944;5783;12505;9611	6331	8562	4818	3305	8788	3602.5	7130.5	7461	4526.5	7094.5	3526	4162.5	4398	1321.5	1432	8925	3891.5	4595	1726.5	2059.5	2660.5	940	4404	7028	80885	4044.25
ORTHO009093	membrane-associated progesterone binding protein 2	AT2G24940	5634;43231;43227;43226;5575;43229;44424;44464;5623;5622;5576;5829;44444;5737;5496;97159;5488;3674;8289	6332	6579	6133.5	5935	7245.5	2425	7947.5	8719.5	4865	8006.5	3879	5699	7031	2711.5	2702.5	3976.5	8542.5	2199.5	4205.5	7408.5	3870	3374.5	2953.5	4413.5	94930.5	4.746.525
ORTHO007059	histone-lysine N-methyltransferase ATXR2	AT3G21820	5634;43231;43227;43226;5575;43229;44424;44464;5623;5622;46872;43169;43167;5488;3674;8150;18024;16279;16278;8170;8168;16741;16740;3824;8152;32259;8757;8276;6479;43414;44260;43170;71704;44237;9987;43412;8213;6464;36211;19538;44238;44267;18022;18205;18193;42054;16571;16570;16569;16568;6325;43933;16043;71840;51276;6996;1902589;44763;44699;44710;34968	6333	4358	4550.5	2768	2982.5	6529	715.5	6573	1994.5	7012	1810	1198.5	3674.5	3815.5	5413.5	6712.5	4054.5	3121	3904.5	3231	864.5	4067	6282.5	6669	77642.5	3.882.125
ORTHO009540	pyrroline-5- carboxylate (P5C) reductase	AT5G14800	16485;6508;19538;43170;71704;8152;8150;44238;51604;10467;9706;9528;19866;31090;16020;5575;44422;43226;43227;44424;44464;5623;5622;31967;31975;44446;43229;42170;44435;44444;5737;9536;43231;9526;31969;44434;9507;9941;4252;4175;70011;8233;16787;3824;3674;8236;17171;5743;31966;44429;5739;5740;16021;31224;44425;80140;19217;10565;31323;50794;50789;65007;19222;19216;80090;5886;71944	6334	4689	3274	214	2982.5	3351.5	5997.5	3889	3826	6308	5069	1791.5	1352	138	136.5	3183	2633.5	227	732	2092	1863.5	338.5	759.5	170	43858	2192.9
ORTHO005380	GHMP kinase family protein	AT1G31910	5737;44424;44464;5575;5623;5622;16310;6796;6793;44237;8152;8150;9987;5524;35639;1901265;1901363;5488;3674;97159;43168;43167;32559;30554;17076;166;36094;32555;32553;97367;32550;32549;1882;1883;16301;16772;16740;3824	6335	5371	6046.5	5758	2982.5	1500	7311	5813.5	7046.5	5119.5	6173.5	3686.5	5740	1800.5	4462	3976.5	5329.5	3580	6185.5	1391	7709	5603	5649	5806	93882.5	4.694.125
ORTHO009433	phosphatidylinositolglycan-related	AT4G35530	17176;8375;8194;16757;16740;3824;3674;8152;8150;16758;5737;44424;44464;5575;5623;5622	6336	7865	7580	8824	8202.5	7499.5	7272	6428.5	7455	1318	8167.5	7259.5	1352	6389.5	7548.5	8660.5	6722.5	4673.5	7676.5	2688	7786.5	7301.5	8405	8670.5	123274.5	6.163.725
ORTHO009386	RmlC-like cupins superfamily protein	AT5G61750	6950;50896;8150;33609;43648;19752;43436;6082;71704;8152;44281;44710;44699;44763;9987;44237;5618;30312;44464;5575;5623;71944;46564;16831;16830;16829;3824;3674;5576	6337	7471	5165	3993	8259	7794.5	6734	7762	5994	7485	3831.5	6080.5	6731.5	2711.5	2023.5	5325.5	1545.5	1780	3553	1486	4833.5	1695	3498.5	3920	84785	4239.25
ORTHO009667	maternal effect embryo arrest 9	AT1G60870	9555;48229;7275;44767;32502;8150;44699;44707;32501;48856;9793;44702;22414;3006;9790;48316;48608;61458;48731;9791;10154;5886;16020;5575;44464;5623;71944;3674	6338	4695	5046	3754	2982.5	1329	3628.5	5957	4387	2101.5	8566	3422.5	6071.5	1800.5	5034.5	6712.5	3682	2199.5	3385	6467.5	4103	3222.5	5171.5	6057.5	83299	4164.95
ORTHO007163	P-loop containing nucleoside triphosphate hydrolases superfamily protein	AT1G80770	5525;35639;1901265;1901363;5488;3674;97159;43168;43167;32550;32549;1882;36094;97367;1883;32561;19001;17076;166;32555;32553;5634;43231;43227;43226;5575;43229;44424;44464;5623;5622;15684;70838;72511;6812;6811;44765;6810;51234;51179;8150;1902578;44699;30001;6826;41;15093;72509;22890;8324;15075;22891;22857;5215;55085;44763;9987;22892;34220;98655;5381;46915;46873;34755;98662;98660;1903874;16021;31224;44425;16020	6339	6863	4563	2787	7662	7363.5	7819	4424	4788.5	3303	5726.5	2197	6316	3283.5	1725.5	5325.5	3471	1494	3233.5	1189.5	3870	2213.5	5617	4413.5	77774	3888.7
ORTHO009438	Tetratricopeptide repeat (TPR)-like superfamily protein	AT5G39980	5506;46914;46872;43169;43167;5488;3674;16226;9058;8152;8150;31163;22607;16043;71840;9987;44085;51536;51540;9570;9532;44435;44444;44424;44464;5575;5623;5622;5737;44446;44422;43226;43229;9536;43231;43227;44434;9507;5198;9658;9657;6996	6340	4590.5	4325	2310	2982.5	1729.5	5395	3434	3312	6785.5	4046	5327.5	4865.5	3461.5	2910	6712.5	8220	4154.5	3011	2986	3391.5	611	528	3799.5	74680.5	3.734.025
ORTHO010470	2-oxoglutarate (2OG) and Fe(II)-dependent oxygenase superfamily protein	AT4G16330	16491;3824;3674;8152;8150;55114;44710;44699;5737;44424;44464;5575;5623;5622;16706;16705;51213;9507;9536;43231;43227;43226;43229;44444;9813;9812;71704;1901576;9058;5777;42579;46872;43169;43167;5488	6341	6433	7081.5	7822	7245.5	6529	3758	5813.5	7748	4574.5	7594	3422.5	8306	2711.5	4462	3976.5	6099.5	3580	6531	7747	6180.5	5924	6040	6379.5	107377	5368.85
ORTHO007541	alpha/beta-Hydrolases superfamily protein	AT5G14980;AT5G19290	16020;5575;16298;16788;16787;3824;3674;8152;8150;6629;71704;44710;44699;44238;5737;44424;44464;5623;5622;5886;71944	6342	6979	4628	2914	5375	5211.5	5653	8212.5	7978	3934	7382.5	8158.5	4297.5	1321.5	4233.5	3023.5	4761	867.5	4388	3396.5	3375	837.5	514	1106.5	78652	3932.6
ORTHO009855	unknown protein	AT5G26760	5634;43231;43227;43226;5575;43229;44424;44464;5623;5622;46872;43169;43167;5488;3674;4721;16791;42578;16788;16787;3824;8152;8150;16311;6796;6793;44237;9987;6470;6464;36211;19538;43170;71704;44238;43412;44267;44260	6343	5554	7290	8237	2982.5	8686	1500	9159	8484.5	7012	5303	7631	1352	5645.5	1040.5	3976.5	8269	8899.5	2877	3108	3099	8676.5	8290	8631	111640	5582
ORTHO002730	MAP kinase kinase 7	AT1G18350;AT1G73500	4709;4702;5057;4871;60089;3674;7165;50794;50789;65007;8150;51716;9987;50896;7154;44763;44699;44700;23052;35556;4674;4672;16301;16772;16740;3824;8152;16310;6796;6793;44237;16773;6468;6464;36211;19538;43170;71704;44238;43412;44267;44260;23014;44710;186;32147;45860;45859;43549;42325;19220;51174;31323;19222;51338;50790;65009;1932;31399;32268;51246;80090;60255;1934;42327;45937;10562;31325;9893;48518;48522;31401;32270;51247;10604;33674;51347;43085;44093;43410;43408;1902531;9966;10646;48583;23051;1902533;9967;10647;48584;23056;165;9862;9863;71446;71407;14070;10033;42221;71310;70887;9751;1101;1901700;71229;1901701;9627;9814;98542;6952;6950;51707;43207;9605;9607;51704;45087;6955;2376;31098;33554;5634;43231;43227;43226;5575;43229;44424;44464;5623;5622;9926;60918;9914;10817;65008;44765;6810;51234;51179;1902578;2229;2239;4708;4712;187;43406;71902;71900;43405;42981;43067;10941;7346;51726;42742;9617;46777;5515;5488;10120;44272;6790;44249;9058;52317;46217;42430;46483;6725;1901360;34641;6807;1901564;52314;9404;19748;9700;42435;19438;44271;18130;1901362;1901576;1901566;52315;9403;44550;44711;9611;5739;44444;5737;30295;19209;19207;30234;98772;8047;19887;9651;6970;9628;45893;10628;10468;1903508;1903506;2001141;31326;9889;51252;19219;51171;10556;1902680;51254;45935;51173;31328;9891;10557;6355;2000112;9620;9693;9692;43449;1900673;43450;1900674;9873;160;9755;32870;9725;9719;71495;71369;9723;10150;10260;7568;44767;32502;48513;48856;48731;7275;44707;32501;48366;48827;48367	6344	8309	7106.75	7869.5	7662	6707.5	7600	7935.5	4645.5	3861.5	7040	8654.5	5338.5	906.5	2396.5	8925	6549	663.5	7197.5	6001	6908	3222.5	5407	7860.5	107820	5391
ORTHO009197	folate transporter 1	AT5G66380	16021;31224;44425;5575;16020;31969;42170;31090;44422;43226;43227;44435;44444;44424;44464;5623;5622;5737;44446;43229;9536;43231;9526;31967;31975;44434;9507;9941;6810;51234;51179;8150;5739;15884;6865;71705;46942;15849;44765;1902578;44699;71702;15711;6820;6811;42886;6835;51180;51181;72337;8517;51184;5215;3674;51183	6345	5334	3302	259	6358.5	866.5	1672.5	3914.5	3991.5	1409.5	5169	7676	3990.5	138	136.5	3232.5	2828	398	2150.5	3331	2811	320.5	1203	549.5	45788.5	2.289.425
ORTHO010334	Chaperonin-like RbcX protein	AT4G04330	61077;6457;9987;8150;9651;6970;9628;50896;6950;9414;9415;1101;42221;10035;1901700;44183;5515;5488;3674;9409;9266;9534;31976;9579;44424;44464;5575;5623;5622;31984;44446;44422;43226;43229;43227;44435;44444;5737;9536;43231;44434;9507	6346	6293	7272	8198	7245.5	7116	8552.5	6142.5	7183.5	3524.5	1981	3218	8519	2711.5	4842.5	3976.5	6409	3949	7042	8320	7386	6266	6854	7190.5	111184	5559.2
ORTHO007467	EamA-like transporter family	AT3G07080	16021;31224;44425;5575;16020;3674;6810;51234;51179;8150	6347	4920	5762	5177	5938.5	1089	7422	6741	7455	2284	1312.5	998	6895.5	1800.5	5523	6712.5	6825	3949	4165.5	7299	1830	4780.5	6854	6949.5	90885.5	4.544.275
ORTHO009425	non-photochemical quenching 1	AT1G08550	30095;98807;98796;43234;32991;5575;44425;16020;44434;44435;44444;44424;44464;5623;5622;5737;44446;44422;43226;43229;9536;43231;43227;9507;44436;9579;9535;55035;42651;34357;31976;31984;9534;9523;9521;9543;31978;31977;10028;16122;16116;16108;6721;6720;44255;6629;71704;8152;8150;44710;44699;44238;44763;9987;44237;6631;32787;19752;43436;6082;44281;9408;9266;9628;50896;6950;15994;6778;51186;33013;46483;6725;1901360;1901564;6807;46422;16491;3824;3674;55114;5515;5488	6348	4608	5466	4584	2982.5	1227	2328.5	6573	7899.5	2736.5	1810	1198.5	6617.5	1800.5	5413.5	6712.5	8387	3121	3857.5	6860	4668.5	3955.5	6040	6553	87759.5	4.387.975
ORTHO002856	receptor like protein 29	AT2G42800	5886;16020;5575;44464;5623;71944;31225;31224;44425;9505;5618;30312	6349	8176	6916	7483	7245.5	6313	7600	7935.5	5619	3992	7040	4467	5338.5	906.5	2396.5	5325.5	6549	663.5	7197.5	7576.5	6908	3955.5	7156	7860.5	104800	5240
ORTHO007869	Met-10+ like family protein	AT4G27340	30488;1510;43414;44260;43170;71704;8152;8150;44237;9987;32259;43412;9451;16070;90304;6139;46483;6725;1901360;34641;6807;44238;6400;8033;34470;34660;6396;10467;6399;5759;44429;44444;44424;44464;5575;5623;5622;5737;44446;44422;43226;43229;5739;43231;43227;70013;43233;31974;52906;9019;16423;8757;8168;16741;16740;3824;3674;8175;8173;5634	6350	4385	4010	1670	2982.5	4758	1011	2750.5	1481	8398	8167.5	4162.5	1352	2711.5	3521.5	6712.5	3209	2199.5	3067.5	3165	1702	2433.5	4047.5	4801	69651	3482.55
ORTHO003584	calmodulin-like 41	AT3G50770	8150;5509;46872;43169;43167;5488;3674	6351	8519	6910	7469	8471	2943.5	8843	7762	4645.5	4862.5	7040	6929	5195	590	2396.5	8358	6549	663.5	7197.5	6001	7052	3503.5	6194.5	7952.5	104678.5	5.233.925
ORTHO010552	tonoplast intrinsic protein 5	AT3G47440	15840;42886;71705;6810;51234;51179;8150;44765;1902578;44699;19755;71702;5576;5575;15204;42887;22891;22857;5215;3674;55085;44763;9987;22892;71918;48235;44702;22414;3006;32502;30154;48869;44767;22412;32504;3;32501;55046;44707;9555;48229;7275;48856;48232;7276;48609;19953;44703;51704;15250;22838;15267;22803;5372;6833;42044;16020;5739;43231;43227;43226;43229;44424;44464;5623;5622;44444;5737;90406;42995	6352	8022	6889	7426	7245.5	5248.5	8022.5	4826.5	5144	7324	6343	3034.5	5338.5	906.5	2396.5	5325.5	8801.5	1921.5	5502	7576.5	7489.5	3955.5	6854	8367.5	104378	5218.9
ORTHO008195	mitochondrial ribosomal protein L11	AT4G35490	27;22618;71826;43933;16043;71840;8150;9987;34622;65003;22607;44085;22613;42255;70925;6996;42254;42273;22625;15934;44391;30529;32991;5575;44424;44464;5623;5622;44444;5737;44446;44422;43226;43229;5840;43232;43228;44445;5829;22626;19843;3723;3676;1901363;5488;3674;97159;6412;43043;43604;43603;34641;6807;8152;44237;44271;44249;9058;6518;1901564;71704;1901566;1901576;44267;19538;43170;44238;44260;34645;9059;10467;5739;43231;43227;44822;3735;5198	6353	7654	7543.5	8734	6534	7658.5	8627.5	6573	5144	3221	2653	4991	8605	7213.5	7518.5	6712.5	7240	4809.5	7831	8853	7860	5924	1950	7376.5	120761.5	6.038.075
ORTHO009403	Folylpolyglutamate synthetase family protein	AT5G41480	5524;35639;1901265;1901363;5488;3674;97159;43168;43167;32559;30554;17076;166;36094;32555;32553;97367;32550;32549;1882;1883;9793;44702;22414;8150;44699;3006;32502;9790;44767;48856;7275;44707;32501;48316;48608;61458;48731;9791;10154;5759;44429;44444;44424;44464;5575;5623;5622;5737;44446;44422;43226;43229;5739;43231;43227;70013;43233;31974;4326;16881;16879;16874;3824;8152;46901;9396;9108;51188;51186;44237;9987;44249;9058;6732;42559;19438;6725;42558;46483;1901360;71704;1901564;6807;44271;34641;18130;1901362;1901576;1901566;43604;43603;1901607;1901605;6520;19752;43436;6082;44281;44710;44763;44238;8652;46394;16053;44283;44711;6760;6575;42398;46900;8841;6761;46452;43648;43650;6730	6354	4614.5	6721.5	7089	2982.5	6679.5	7863	7084	7455	985.5	3426.5	4111	1352	8316	7885	7782	935.5	4595	4914	5400	1211.5	6859.5	7774	7376.5	102005.5	5.100.275
ORTHO009313	photosystem II stability/assembly factor; chloroplast (HCF136)	AT5G23120	9534;31976;9579;44424;44464;5575;5623;5622;31984;44446;44422;43226;43229;43227;44435;44444;5737;9536;43231;44434;9507;9535;55035;42651;34357;16020;44436;30095;98807;98796;43234;32991;44425;9523;9521;9941;9526;31967;31975;46686;10038;10035;42221;50896;8150;9543;31978;31977;9570;9532;9533;9735;9725;9719;10033;6461;65003;43933;16043;71840;9987;22607;44085;71822;70271;9657;6996	6355	4521	6868.5	7382	2982.5	1381.5	2528	6323	7325.5	4136	6763.5	7968.5	6895.5	5325	7313.5	7419	2593	3949	4113.5	7138.5	4833.5	4873	6282.5	6883	104045	5202.25
ORTHO006801	cyclophilin71	AT3G44600	80008;31461;151;1990234;1902494;43234;32991;5575;44424;44464;5623;5622;31060;31056;1903308;1902275;33044;33043;51128;50794;50789;65007;8150;31399;32268;51246;80090;19222;60255;31323;6457;9987;10305;10051;3002;7389;44767;32502;44699;44707;32501;7275;48440;48827;48856;48367;48731;48437;44702;22414;3006;48569;48513;9908;90567;48608;61458;9791;48467;48438;5634;43231;43227;43226;43229;42277;33218;5488;3674;9933;48532;9653;48507;9888;10338;48645;48646;9887;9965;48366;10016;10358;48453;48449;48444;48563;9886;48447;48442;48464;48443;48466;10082;10075;48509;2000026;50793;51239;48638;40008;10073;2000280;10015;48364;22622;42393;5515;3755;16859;16853;3824;8152;413;18208;18193;6464;36211;19538;43170;71704;44238;43412;44267;44260;44237;9909;48580;48831;2000241;3682;44877	6356	7001	7733.5	9111	7947.5	9071	4698	8307	6124	4233.5	8095	5489.5	8519	7101	8093.5	6712.5	6722.5	4595	7644	8125.5	7636	7259	8405	7315.5	134146.5	6.707.325
ORTHO008445	electron transfer flavoprotein beta	AT5G43430	5759;44429;44444;44424;44464;5575;5623;5622;5737;44446;44422;43226;43229;5739;43231;43227;70013;43233;31974;9055;3674;6552;9083;9081;6520;1901564;71704;8152;8150;6807;19752;43436;6082;44281;44710;44699;44763;9987;44237;44238;9063;46395;16054;44282;44712;9056;1901575;44248;1901565;1901606;1901605;6551;15996;6787;51187;51186;6778;33013;46483;6725;1901360;33015;19439;44270;34641;1901361;46700;46149;42440;15994;55114	6357	4523	7374	8391	2982.5	6227.5	6039	7588.5	8914.5	5411.5	4704.5	7330.5	1352	8210.5	7804.5	5325.5	4870.5	8785	7987	3621.5	2343	6027.5	4165.5	7075	113783.5	5.689.175
ORTHO009036	SECY homolog 1	AT2G18710	16021;31224;44425;5575;16020;9507;9536;43231;43227;43226;43229;44424;44464;5623;5622;44444;5737;9535;55035;42651;34357;44436;9579;44435;44446;44422;31976;31984;44434;9534;5515;5488;3674;15031;45184;51234;51179;8150;8104;33036;71702;6810;9306;32940;46903;44765;1902578;44699;51649;51641;44763;9987;15450;15405;15399;22804;22857;5215;55085;8320;8565;22892;22884;22891;71806;10027;9668;44802;61024;16043;71840;9657;6996	6358	3863.5	4300.5	2243	4356	8633	6700.5	2250	867	3718.5	1810	6171.5	5338.5	3815.5	3265	6712.5	4135	2199.5	188	711.5	4833.5	4067	6365	2439.5	74221	3711.05
ORTHO005540	myb domain protein 4r1	AT3G18100	6355;1903506;2001141;31326;9889;19222;50789;65007;8150;31323;50794;51252;19219;80090;51171;60255;10556;10468;2000112;3682;44877;5488;3674;5634;43231;43227;43226;5575;43229;44424;44464;5623;5622;3677;3676;1901363;97159;3700;1071	6359	4814	7270	8181	2982.5	8968.5	4244.5	7290.5	2892	8168.5	4069.5	8855.5	4034.5	5751	1145.5	6712.5	1545.5	6505.5	888	8882	6578.5	7972	8455.5	8062	111021.5	5.551.075
ORTHO000856	GRAM domain-containing protein / ABA-responsive protein-related	AT5G08350;AT5G23350;AT5G23370	5575;3674;8150;9507;9536;43231;43227;43226;43229;44424;44464;5623;5622;44444;5737	6360	5871	6154	5948	5552	2501	1224.5	2044	5994	1058	7886	7039.5	1352	8692.5	7764	5325.5	6298	4400	7042	2008	5637	6952	5407	6379.5	95004.5	4.750.225
ORTHO009459	DIE2/ALG10 family	AT5G02410	5789;98588;31090;16020;5575;44422;43226;43227;44432;44444;44424;44464;5623;5622;5737;44446;43229;5783;43231;12505;44425;42175;9651;6970;9628;50896;8150;6950;46527;16758;16757;16740;3824;3674;8152;6487;6486;44763;9987;44699;6464;36211;19538;43170;71704;44238;43412;44267;44260;44237;43413;70085;44723;5975;44710;9101;9100;1901135;34645;9059;1901576;9058;44249;1901137;16021;31224;4583;48366;48827;48856;32502;48367;44767;48731;7275;44707;32501;6488;6490;44255;6629;44711	6361	4726	5292.5	4224	2982.5	1500	7339	7461	6823.5	3448	6070	6861.5	5740	1800.5	4462	6712.5	1189	2199.5	3233.5	6274.5	3800.5	2328.5	3171	5601	86015.5	4.300.775
ORTHO009903	RTE1-homolog	AT3G51040	5739;43231;43227;43226;5575;43229;44424;44464;5623;5622;44444;5737;16021;31224;44425;16020;3674;8150	6362	7161	7214	8066	7947.5	7324.5	7744.5	5213.5	6584	3504.5	7734.5	2467.5	7963	2711.5	3721.5	5325.5	5561	3121	6531	8478	7052	5213.5	7946.5	5601	109798.5	5.489.925
ORTHO009607	Terpenoid synthases superfamily protein	AT1G62730	8033;34470;34660;16070;44260;43170;71704;8152;8150;44237;9987;90304;6139;46483;6725;1901360;34641;6807;44238;6396;10467;6399;6364;16072;42254;22613;44085;71840;6379;90501;90305;16071;90502;5634;43231;43227;43226;5575;43229;44424;44464;5623;5622;30677;30529;32991;1902555;1902494;43234;172;5732;4540;4518;16788;16787;3824;3674;3723;3676;1901363;5488;97159;4526;16891;4521;4519;16893;4549	6363	4621.5	7188	8013	2982.5	3324	5997.5	6978.5	6660.5	7485	7594	8061	7258.5	8210.5	7804.5	5325.5	1048	4326.5	270	2534.5	4833.5	6648	7554.5	7266.5	109181	5459.05
ORTHO007264	Single hybrid motif superfamily protein	AT2G35120	5524;35639;1901265;1901363;5488;3674;97159;43168;43167;32559;30554;17076;166;36094;32555;32553;97367;32550;32549;1882;1883;5739;43231;43227;43226;5575;43229;44424;44464;5623;5622;44444;5737;5960;1990204;1902494;43234;32991;6546;9071;1901606;1901605;6520;1901564;71704;8152;8150;6807;19752;43436;6082;44281;44710;44699;44763;9987;44237;44238;9063;46395;16054;44282;44712;9056;1901575;44248;1901565;9069;6544;19464;4375;16642;16638;16491;3824;55114	6364	7566	5553.5	4743	8259	6227.5	4528.5	4734	5071	5978.5	6173.5	7199	1352	2711.5	2702.5	8358	1266	1780	5027.5	6064.5	5265	3374.5	6413.5	4484	88711	4435.55
ORTHO000392_2	Avirulence induced gene (AIG1) family protein	AT5G20300	5525;35639;1901265;1901363;5488;3674;97159;43168;43167;32550;32549;1882;36094;97367;1883;32561;19001;17076;166;32555;32553;9707;9527;31968;31090;16020;5575;44422;43226;43227;19867;44424;44464;5623;5622;98805;31967;31975;44446;43229;98588;42170;44435;44444;5737;9536;43231;9526;31969;44434;9507;9941;46872;43169;16787;3824;8152;8150;16021;31224;44425;45036;1902580;51641;51179;1902578;44699;6605;6886;15031;45184;51234;8104;33036;71702;6810;46907;51649;34613;70727;1902582;44765;72596;72594;33365;72598;16482	6365	5140	4351	2337	5238	5684	4528.5	9031	5994	5834	3366.5	1954	4271.5	3497	6035	2080.5	3322.5	1360.5	3473	5160	3719.5	1310	3412.5	780.5	74814.5	3.740.725
ORTHO008012	S-adenosyl-L-methionine-dependent methyltransferases superfamily protein	AT4G13330	32259;8152;8150;8168;16741;16740;3824;3674;5575	6366	5880	7384.5	8403	6664	1885	4698	5568.5	8868.5	6020	4958	3686.5	3637	7779.5	7518.5	5325.5	2620.5	7988	7862.5	8808	8153	6576.5	5678	6281	113912.5	5.695.625
ORTHO008385	Nucleotide-diphospho-sugar transferases superfamily protein	AT3G55830	5739;43231;43227;43226;5575;43229;44424;44464;5623;5622;44444;5737;9738;9755;7165;50794;50789;65007;8150;51716;9987;50896;7154;44763;44699;44700;23052;32870;9725;9719;10033;42221;71495;71310;70887;71215;9737;33993;97305;1901700;1101;71396;97306;1901701;71229;6486;6464;36211;19538;43170;71704;8152;44238;43412;44267;44260;44237;43413;70085;44723;5975;44710;9101;9100;1901135;34645;9059;1901576;9058;44249;1901137;139;98588;31090;16020;44422;44431;44446;5794;12505;5768;5802;98791;31984;10401;10400;10395;44264;5976;44262;44036;71554;52546;45488;10393;9664;71555;45229;16043;71840;71669;15012;44272;6790;30166;6029;30201;43436;6082;44281;44711;7275;44767;32502;44707;32501;46872;43169;43167;5488;3674;6024;30203;6022;1901564;6807;6023;1901566;16337;98609;7155;22610;98602;16757;16740;3824;10087;9888;48856;16021;31224;44425;35251;46527;16758;8194	6367	8041	7389	8411	7245.5	5432.5	8162.5	7935.5	6225	6592	7382.5	8397	5467.5	906.5	2910	5325.5	6825	2199.5	5851	8077	6431	4308.5	7335	8258.5	114022	5701.1
ORTHO005102	Cytokine-induced anti-apoptosis inhibitor 1; Fe-S biogenesis	AT5G18400	5737;44424;44464;5575;5623;5622;9055;3674;5515;5488;46872;43169;43167;16226;9058;8152;8150;31163;22607;16043;71840;9987;44085;51537;51536;51540	6368	4737	5058.5	3749	2982.5	6739	7886	6741	800	2170.5	1981	3034.5	1352	3283.5	5523	6712.5	494	3580	7281	884	4833.5	6512.5	6624.5	6850.5	83283	4164.15
ORTHO009356	unknown protein	AT5G51840	8150;3674;5575	6369	5366	5688	5007	2982.5	8897	6200	5568.5	7899.5	8535.5	3366.5	2553.5	5740	1800.5	3936.5	3976.5	965	3121	5400	1268.5	5265	5434	5171.5	4972	90071	4503.55
ORTHO009591	unknown protein	AT2G33793	3674;5575	6370	6747	6263.5	6157	7662	4794.5	4341	5439.5	8053.5	4404.5	6543	4670	7743	2711.5	3721.5	3976.5	4942.5	2724.5	5347.5	6754	4668.5	5059	5021	5222.5	96138	4806.9
ORTHO009417	unknown protein	AT2G36895	17004;43623;6461;65003;43933;16043;71840;8150;9987;22607;44085;71822;70271;34622;9507;9536;43231;43227;43226;5575;43229;44424;44464;5623;5622;44444;5737;9535;55035;42651;34357;16020;44436;9579;44435;44446;44422;31976;31984;44434;9534;16021;31224;44425;3674	6371	4635	4534.5	2698	2982.5	5833.5	4928.5	6428.5	5994	1282.5	6543	1889	6227	1800.5	5034.5	6712.5	1048	3121	3459.5	4131	864.5	2541	3299.5	6210	77348	3867.4
ORTHO004637	response to low sulfur 1	AT3G49580;AT5G24660	5634;43231;43227;43226;5575;43229;44424;44464;5623;5622;8150;3674;31347;80134;48583;50789;65007;9658;9657;6996;16043;71840;9987;45893;10628;10604;9893;48518;19222;60255;10468;1903508;1903506;2001141;31326;9889;31323;50794;51252;19219;80090;51171;10556;1902680;51254;45935;31325;48522;51173;31328;9891;10557;6355;2000112	6372	6215	7681.5	8991	2982.5	6149	8552.5	6264	5071	7722.5	8095	8258	3674.5	7909	8093.5	5325.5	6549	4595	7042	8756	5779	6952	7048.5	6669	128505	6425.25
ORTHO005448	Galactosyltransferase family protein	AT5G57500	5794;43231;43227;43226;5575;43229;44424;44464;5623;5622;44444;5737;12505;16757;16740;3824;3674;8152;8150;16021;31224;44425;16020;6486;44763;9987;44699;6464;36211;19538;43170;71704;44238;43412;44267;44260;44237;43413;70085;44723;5975;44710;9101;9100;1901135;34645;9059;1901576;9058;44249;1901137;8378;16758	6373	6389	3277	181	5748	4088	1611.5	3914.5	3991.5	4064	5237	1070.5	4014.5	138	136.5	3232.5	2871	398	2160.5	3331	124	329	1203	487	42402	2120.1
ORTHO001497	cytochrome P450; family 87; subfamily A; polypeptide 2	AT1G12740	20037;46906;1901363;5488;3674;97159;5739;43231;43227;43226;5575;43229;44424;44464;5623;5622;44444;5737;55114;44710;8152;8150;44699;16705;16491;3824;19825;4497;5506;46914;46872;43169;43167	6374	9028	7727	9080	9043	9130	8945.5	8102.5	6225	6825	9062.5	9026	6895.5	1184.5	5523	8737.5	7397	398	8907	7299	9091	2017.5	8470.5	9055.5	132292.5	6.614.625
ORTHO009443	alpha/beta-Hydrolases superfamily protein	AT1G52510	737;6308;6259;44260;43170;71704;8152;8150;44237;9987;90304;6139;46483;6725;1901360;34641;6807;44238;44265;9057;1901575;9056;44248;34655;19439;44270;1901361;46700;90305;5694;43232;43228;43226;5575;43229;44424;44464;5623;5622;5634;43231;43227;6265;71103;51276;6996;16043;71840;9330;43234;32991;42802;5515;5488;3674;5524;35639;1901265;1901363;97159;43168;43167;32559;30554;17076;166;36094;32555;32553;97367;32550;32549;1882;1883;3918;8094;42623;16887;17111;16462;16818;16817;16787;3824;61505;3916;16853;3677;3676;9957;1708;48869;44767;32502;44699;44763;45165;30154;9913;30855;60429;9888;48856;8544	6375	4642	4849	3323	2982.5	1658.5	3224.5	5813.5	7561.5	7125	5726.5	4566	3308.5	3283.5	3265	6712.5	8323.5	1921.5	3021.5	5519.5	3391.5	1179	1072	4291.5	80965	4048.25
ORTHO010558	TSPO(outer membrane tryptophan-rich sensory protein)-related	AT2G47770	31969;42170;31090;16020;5575;44422;43226;43227;44435;44444;44424;44464;5623;5622;5737;44446;43229;9536;43231;9526;31967;31975;44434;9507;9941;5789;98588;44432;5783;12505;44425;42175;6778;51186;44237;8152;8150;9987;33013;46483;6725;1901360;71704;1901564;6807;5795;98791;44431;5794;31984;9737;9725;9719;50896;10033;42221;33993;97305;1901700;1101;5739;139;6970;9628;6950;20037;46906;1901363;5488;3674;97159;9651;6810;51234;51179;16021;31224	6376	6335	5720	5064	7245.5	5155.5	5486.5	5213.5	7978	4372	3366.5	6861.5	3390	2711.5	3936.5	5325.5	5108	3580	5851	4211	992	5603	5407	5806	90355	4517.75
ORTHO009411	asparagine-linked glycosylation 3	AT2G47760	6486;44763;9987;8150;44699;6464;36211;19538;43170;71704;8152;44238;43412;44267;44260;44237;43413;70085;44723;5975;44710;9101;9100;1901135;34645;9059;1901576;9058;44249;1901137;97502;9507;9536;43231;43227;43226;5575;43229;44424;44464;5623;5622;44444;5737;5789;98588;31090;16020;44422;44432;44446;5783;12505;44425;42175;3824;3674;16021;31224;33;30;16758;16757;16740;5739;52925	6377	4646.5	5714.5	5052	2982.5	6529	2328.5	6573	8616	334.5	8675.5	1198.5	6731.5	1800.5	5413.5	6712.5	4054.5	3121	3904.5	6860	4668.5	4067	6282.5	2439.5	90310.5	4.515.525
ORTHO007980	cold regulated 314 thylakoid membrane 2	AT1G29390;AT1G29395	70417;9409;9266;9628;50896;8150;6950;33554;51716;9987;31357;31353;31351;31350;31300;44422;5575;43226;31224;44425;16020;31090;43227;44435;44444;44424;44464;5623;5622;5737;44446;43229;9536;43231;42170;9526;31967;31975;31301;16021;31352;9528;19866;31356;44434;9507;9706;31969;9941;9535;55035;42651;34357;44436;9579;31976;31984;9534;5739;3674;9631;42631;31668;71496;9605;7154;44763;44699;9991;71462;71214;9415;1101;42221;10035;1901700;71229;70887;1901701;9414;9737;9725;9719;10033;33993;97305	6378	6920	6013.5	5649	7947.5	5516	8109.5	4964	5355.5	4064	7382.5	2937.5	1352	3374	3936.5	5325.5	4761	2199.5	4388	6632	6180.5	4308.5	7335	5222.5	93344	4667.2
ORTHO003935	xylulose kinase-2	AT5G49650	16301;16772;16740;3824;3674;8152;8150;16310;6796;6793;44237;9987;16773;4856;19200;46835;44262;5975;71704;44238;5829;44444;44424;44464;5575;5623;5622;5737;5997;19321;5996;44723;44710;44699;44281	6379	6288	6670.5	6962	7245.5	8734.5	6755	4396	3914.5	8934.5	4793.5	6929	7743	7536	7764	5325.5	8587.5	5368	2014	7408.5	293.5	371.5	284.5	3920	101073	5053.65
ORTHO008013	endonuclease 2	AT1G68290	6308;6259;44260;43170;71704;8152;8150;44237;9987;90304;6139;46483;6725;1901360;34641;6807;44238;44265;9057;1901575;9056;44248;34655;19439;44270;1901361;46700;4519;4518;16788;16787;3824;3674;90305;3676;1901363;5488;97159;46872;43169;43167;5576;5575	6380	5029	6551	6722	2982.5	4434.5	3025	6142.5	7183.5	1893	6763.5	1198.5	6617.5	1800.5	5254.5	3976.5	6409	3949	7042	6754	7386	6266	6854	6553	99502.5	4.975.125
ORTHO004530	RNA binding	AT3G11964	5730;44428;44446;44422;5575;43226;44424;44464;5623;5622;43229;5634;43231;43227;43232;43228;31981;70013;43233;31974;5886;16020;71944;9553;48229;7275;44767;32502;8150;44699;44707;32501;48856;6364;34470;34660;16070;44260;43170;71704;8152;44237;9987;90304;6139;46483;6725;1901360;34641;6807;44238;6396;10467;16072;42254;22613;44085;71840;3723;3676;1901363;5488;3674;97159;32040;30684;30529;32991	6381	5435	3342.5	304	6358.5	3632	6395	3729.5	4100	6524	5185	1755.5	1352	138	136.5	3128	2687.5	398	1922	2713.5	2313	258	807.5	431	47606	2380.3
ORTHO009981	guanylyl cyclase 1	AT5G05930	3674;5634;43231;43227;43226;5575;43229;44424;44464;5623;5622;8150	6382	5494	6214.5	6047	2982.5	5722.5	3327	5957	8101	1926.5	6543	3422.5	6071.5	1800.5	5034.5	3976.5	5864.5	3949	6700.5	7871	753.5	6077	6194.5	6210	95502.5	4.775.125
ORTHO006862	unknown protein	AT1G36980	8150;3674	6383	6155	5272	4161	7245.5	5516	5223.5	5568.5	4953	2307	2809.5	4421	5740	1800.5	3721.5	3976.5	4942.5	3121	5347.5	4904	5170.5	4709	5171.5	6281	85684	4284.2
ORTHO008101	1-cysteine peroxiredoxin 1	AT1G48130	55114;44710;8152;8150;44699;9269;9414;9415;9628;50896;1101;42221;10035;1901700;6950;16209;3674;5634;43231;43227;43226;5575;43229;44424;44464;5623;5622;10231;10162;44767;32502;44702;22414;48609;32504;3;32501;3006;44707;22611;10431;21700;48316;48608;48856;61458;48731;7275;9791;10154;97437;8379;4601;16684;16491;3824;51920;5737	6384	4429	5124.5	3865	5938.5	4278	2951	2545	5619	7324	3136.5	3686.5	5740	1800.5	4233.5	6712.5	8300	2199.5	3172	6148	3675	2541	4345.5	5601	84008.5	4.200.425
ORTHO008948	unknown protein	AT4G04190	5634;43231;43227;43226;5575;43229;44424;44464;5623;5622;3674;8150	6385	5386	5540	4695	2982.5	4827.5	3758	3480	3991.5	8535.5	5010	4566	3856.5	8378.5	7885	6712.5	8726	2199.5	1141	3676.5	98.5	3222.5	1203	7161.5	88429.5	4.421.475
ORTHO001347_1	Zn-dependent exopeptidases superfamily protein	AT5G04710;AT5G60160	6508;19538;43170;71704;8152;8150;44238;4177;8238;70011;8233;16787;3824;3674;9570;9532;44435;44444;44424;44464;5575;5623;5622;5737;44446;44422;43226;43229;9536;43231;43227;44434;9507;8237;5773;8270;46914;46872;43169;43167;5488;5829;5774;44437;98588;31090;16020;98805;46686;10038;10035;42221;50896	6386	5945	7263.5	8141	2982.5	2747.5	6478	8662.5	2202	1970.5	8820	9062	1352	5465	766.5	3976.5	1189	7525.5	9073.5	5245.5	8873.5	9072	9065.5	8923.5	110470.5	5.523.525
ORTHO003905	cell division cycle 5	AT1G09770	3700;1071;3674;2001141;31326;9889;19222;50789;65007;8150;31323;50794;51252;19219;80090;51171;60255;10556;6355;1903506;10468;2000112;5634;43231;43227;43226;5575;43229;44424;44464;5623;5622;5515;5488;10204;2218;2253;50778;48584;48518;48583;50776;2682;2684;2376;45089;31349;31347;80134;45088;7165;51716;9987;50896;7154;44763;44699;44700;23052;6351;34645;44260;43170;71704;8152;44237;9059;1901576;9058;44249;97659;32774;16070;90304;6139;46483;6725;1901360;34641;6807;44238;34654;19438;44271;18130;1901362;10467;6281;6259;6974;33554;6950;44710;3677;3676;1901363;97159;42742;9617;51707;43207;9605;9607;51704;98542;6952;9870;8380;6396;5681;44428;44446;44422;30529;32991;45087;6955;6397;16071;50832;9620;3682;44877;9507;9536;44444;5737	6387	6857	6024	5661	6100.5	2333	7665	7935.5	4740.5	4905	6343	3950.5	7377.5	2711.5	2702.5	3976.5	4548.5	1888	5301	6274.5	5779	3754	6538.5	4678.5	93402.5	4.670.125
ORTHO009287	early nodulin-like protein 18	AT1G08500	6412;43043;43604;43603;34641;6807;8152;8150;44237;9987;44271;44249;9058;6518;1901564;71704;1901566;1901576;44267;19538;43170;44238;44260;34645;9059;10467;9507;9536;43231;43227;43226;5575;43229;44424;44464;5623;5622;44444;5737;15934;44391;30529;32991;44446;44422;5840;43232;43228;3723;3676;1901363;5488;3674;97159;3735;5198	6388	4658	5995.5	5603	2982.5	3466.5	6021	3680	3117	8231.5	4715	6440	1352	8316	7804.5	7782	1396.5	8659.5	2214	3563	1416	4873	2943	7075	93065.5	4.653.275
ORTHO008778	Pseudouridine synthase family protein	AT5G35400	8033;34470;34660;16070;44260;43170;71704;8152;8150;44237;9987;90304;6139;46483;6725;1901360;34641;6807;44238;6396;10467;6399;1522;9451;43412;9982;16866;16853;3824;3674;5634;43231;43227;43226;5575;43229;44424;44464;5623;5622;3723;3676;1901363;5488;97159	6389	4573	4129.5	1870	2982.5	3768.5	4872.5	1823.5	2202	7350.5	3971	6361.5	4865.5	2711.5	2163.5	6712.5	1321	1669.5	2764	4956.5	3354	2213.5	3621	4898	71600	3580
ORTHO008316	dual specificity protein phosphatase (DsPTP1) family protein	AT3G10940	5983;9251;272;5976;5975;71704;8152;8150;44238;43170;16052;1901575;9056;9057;44042;44247;44264;44260;44237;9987;44262;44275;44248;5982;6073;19203;16791;42578;16788;16787;3824;3674;16311;6796;6793;6470;6464;36211;19538;43412;44267;2001070;30247;1871;5488;30246;5737;44424;44464;5575;5623;5622;46838;9507;9536;43231;43227;43226;43229;44444;8138;4721;50308	6390	5923	5349	4308	2982.5	8545	5466	2545	4953	4023	7382.5	8070	6071.5	1800.5	4462	3976.5	5404	2199.5	257	4258.5	765	5603	4843.5	5806	86431.5	4.321.575
ORTHO009180	sequence-specific DNA binding transcription factors	AT1G43860	5737;44424;44464;5575;5623;5622;6355;1903506;2001141;31326;9889;19222;50789;65007;8150;31323;50794;51252;19219;80090;51171;60255;10556;10468;2000112;6364;34470;34660;16070;44260;43170;71704;8152;44237;9987;90304;6139;46483;6725;1901360;34641;6807;44238;6396;10467;16072;42254;22613;44085;71840;3723;3676;1901363;5488;3674;97159;5634;43231;43227;43226;43229;3700;1071;42273	6391	4671	4461.5	2532	5938.5	1329	2627.5	2185	7046.5	1800	6543	1915.5	6227	1800.5	5034.5	6712.5	3682	2558	3445.5	6467.5	4321	2837	3581	6210	76323	3816.15
ORTHO009043	unknown protein	AT4G16450	16020;5575;5739;43231;43227;43226;43229;44424;44464;5623;5622;44444;5737;31966;31090;44422;44429;44446;5740;31967;31975;5747;45271;30964;98796;43234;32991;44425;1990204;1902494;98803;70469;98800;98798;44455;5743;19866;5746;9853;43094;44249;9058;8152;8150;44237;9987;3674	6392	5927	5998.5	5605	2982.5	5155.5	6781.5	2750.5	3152	6112	7524	6908.5	1352	2711.5	4462	3976.5	1000	5992	6700.5	5094	7568	5603	4632	5601	93076.5	4.653.825
ORTHO008380	NA	NA	NA	6393	5929	7737	9081	6664	7658.5	8738.5	2545	7561.5	2235	1981	7017.5	7743	9037	9173.5	5325.5	7337.5	5886.5	8310	8918.5	8580	8205.5	8436	7860.5	132550.5	6.627.525
ORTHO008505	CONTAINS InterPro DOMAIN/s: Vacuolar import/degradation protein Vid24 (InterPro:IPR018618)	AT2G37680	5634;43231;43227;43226;5575;43229;44424;44464;5623;5622	6394	5297	7250	8106	2982.5	6149	4587.5	2185	6493	6401	3674	5877.5	6731.5	8028.5	7582.5	6712.5	1432.5	5720	7281	8397.5	5903.5	6429	4085.5	6553	110224	5511.2
ORTHO007812	Protein kinase superfamily protein	AT2G39190	5215;3674;6810;51234;51179;8150;5886;16020;5575;44464;5623;71944;16772;16740;3824;8152	6395	5828	7131	7867	2982.5	1959	8450	6142.5	7183.5	3751	6763.5	3218	6617.5	1800.5	5254.5	3976.5	6409	3949	7042	8320	7386	6182.5	6854	6553	107812	5390.6
ORTHO009050	ARM repeat superfamily protein	AT2G07170	5737;44424;44464;5575;5623;5622	6396	5931	6548.5	6701	2982.5	5580	3628.5	5957	6943.5	2880	7594	2343.5	6071.5	1800.5	4705.5	3976.5	5864.5	3580	6531	7747	6180.5	5924	6040	6057.5	99405	4970.25
ORTHO008275	CONTAINS InterPro DOMAIN/s: MAGE protein (InterPro:IPR002190)	AT1G34770	3674;5737;44424;44464;5575;5623;5622;8150	6397	4585	7211.5	8026	2982.5	1777	5382	7084	2701	6020	3526	3872	7377.5	8316	7999	7782	5240.5	4673.5	5430	4331	5422.5	6991	7946.5	7453	109324.5	5.466.225
ORTHO011017	Pentatricopeptide repeat (PPR) superfamily protein	AT5G03800	9507;9536;43231;43227;43226;5575;43229;44424;44464;5623;5622;44444;5737;3824;3674;8152;8150;16020;9793;44702;22414;44699;3006;32502;9790;44767;48856;7275;44707;32501;48316;48608;61458;48731;9791;10154	6398	7942	7749.5	9101	6857.5	7721.5	7837.5	6264	8259	5293	8364	4566	6513.5	6332.5	7487.5	6712.5	7258	1260.5	7562	8756	8350.5	7725	8675	8649.5	133587.5	6.679.375
ORTHO007776	farnesyltransferase A	AT3G59380	18343;18342;97354;44237;8152;8150;9987;6464;36211;19538;43170;71704;44238;43412;44267;44260;18344;5953;1990234;1902494;43234;32991;5575;44424;44464;5623;5622;46982;46983;5515;5488;3674;5634;43231;43227;43226;43229;9414;9415;9628;50896;1101;42221;10035;1901700;6950;5965;44444;5737;9788;9968;9966;10646;50794;50789;65007;48583;23051;48585;48519;10648;48523;23057;1901420;1901419;9787;8360;22604;22603;50793;51128;65008;4660;8318;4659;16765;16740;3824;48509;2000026;51239;4311;4662;4661	6399	5198	7631.5	8864	2982.5	7895	4948.5	3123	3019	8535.5	8958.5	6240	8817.5	5596	960	3976.5	8637.5	7251.5	8863	8818.5	8798.5	8588.5	2341	8795.5	124163.5	6.208.175
ORTHO010039	Mitochondrial transcription termination factor family protein	AT4G09620	9507;9536;43231;43227;43226;5575;43229;44424;44464;5623;5622;44444;5737;5739;3690;43566;3677;3676;1901363;5488;3674;97159;6355;1903506;2001141;31326;9889;19222;50789;65007;8150;31323;50794;51252;19219;80090;51171;60255;10556;10468;2000112	6400	5528	5510.5	4621	2982.5	5211.5	7121.5	2545	2202	2925	2653	8070	5740	1800.5	4462	3976.5	5329.5	3580	6185.5	3448	5637	5603	5649	5806	87945	4397.25
ORTHO001117	SAUR-like auxin-responsive protein family	AT1G75580;AT2G21220;AT4G34760	9733;9725;9719;50896;8150;10033;42221;5575;5516;5515;5488;3674;5739;43231;43227;43226;43229;44424;44464;5623;5622;44444;5737	6401	4742	6831	7261	5238	7543.5	3327	8445	7455	2591.5	2809.5	3218	6071.5	8210.5	9094.5	2914	3752	6808.5	7562	7498.5	3551.5	6612.5	4244	1394.5	103103.5	5.155.175
ORTHO009550	Radical SAM superfamily protein	AT3G19630	5737;44424;44464;5575;5623;5622;166;36094;5488;3674;1901265;1901363;97159;80008;31461;151;1990234;1902494;43234;32991;8150	6402	4689	7072	7742	2982.5	1594	7724	7192	8705	1462	8314	307.5	1352	8704	8572	7782	737	5368	7398	4630.5	7052	7567	8348.5	3920	106729.5	5.336.475
ORTHO009561	rhomboid-like protein 11	AT5G25752	6415;43624;43241;32984;43933;16043;71840;8150;9987;22411;44763;44699;71822;6412;43043;43604;43603;34641;6807;8152;44237;44271;44249;9058;6518;1901564;71704;1901566;1901576;44267;19538;43170;44238;44260;34645;9059;10467;9507;9536;43231;43227;43226;5575;43229;44424;44464;5623;5622;44444;5737;43022;43021;44877;5488;3674;16149;3747;8079;8135;3723;3676;1901363;97159	6403	4689	3851	1299	2982.5	1089	2234.5	336	7183.5	2284	1623	1198.5	6731.5	1800.5	5413.5	6712.5	494	3121	3977	6960	1830	4067	6467.5	2575	66098	3304.9
ORTHO009571	calmodulin-related	AT1G73440	5509;46872;43169;43167;5488;3674;8150	6404	4689	4901	3398	2982.5	3205.5	7027	6428.5	9139	7830	4748	4566	5338.5	3283.5	3521.5	6712.5	3426.5	6854.5	615.5	3208	489.5	1525	2059	1454.5	81432.5	4.071.625
ORTHO007920	Mitochondrial transcription termination factor family protein	AT2G44020	5739;43231;43227;43226;5575;43229;44424;44464;5623;5622;44444;5737;6355;1903506;2001141;31326;9889;19222;50789;65007;8150;31323;50794;51252;19219;80090;51171;60255;10556;10468;2000112;3690;43566;3677;3676;1901363;5488;3674;97159	6405	5203	4801	3197	2982.5	3750.5	7074.5	5439.5	4740.5	7862.5	6343	6908.5	1352	3283.5	3521.5	3976.5	4464.5	1921.5	1423.5	3528.5	517	4612.5	4887	4678.5	80285.5	4.014.275
ORTHO008901	P-loop containing nucleoside triphosphate hydrolases superfamily protein	AT3G16840	5634;43231;43227;43226;5575;43229;44424;44464;5623;5622;8026;42623;16887;17111;16462;16818;16817;16787;3824;3674;8152;8150;70035;4386	6406	5310	6449	6492	2982.5	7207	3025	6142.5	2628	3861.5	2129.5	3218	6731.5	1800.5	5413.5	3976.5	6549	3949	7042	6860	7568	6340.5	6989	6669	98100	4905
ORTHO008473	magnesium/proton exchanger	AT2G47600	35725;98662;98660;34220;6811;44765;6810;51234;51179;8150;1902578;44699;55085;44763;9987;98655;6812;6814;15672;30001;15693;70838;72511;5774;44437;44444;44424;44464;5575;5623;5622;5737;44446;44422;43226;43229;5773;43231;43227;98588;31090;16020;98805;6826;41;15491;15298;15297;15291;22804;22857;5215;3674;8324;15075;22891;22892;5432;15081;15077;22890;46873;15368;15085;72509;70588;6816;6829;16021;31224;44425	6407	4527	7038.5	7670	2982.5	7658.5	3129.5	8778	2412.5	1462	3526	7366.5	1352	5856.5	766.5	6712.5	8604.5	7846	8962.5	9149.5	1933.5	8749	2834	9009.5	106109	5305.45
ORTHO006022	AtGCP3 interacting protein 1	AT4G09550	51418;7020;226;7010;6996;16043;71840;8150;9987;1902589;44763;44699;7017;46785;31109;51258;43623;6461;65003;43933;22607;44085;71822;70271;34622;8274;931;930;44450;44430;44446;44422;5575;43226;44424;44464;5623;5622;43229;5856;43232;43228;44444;5737;5815;15630;43234;32991;9574;5828;5876;5874;5819;5515;5488;3674;5635;44428;5634;43231;43227;31967;31975;12505;9524;5739;7052;7051;22402;7049;1903047;278;72686	6408	7283	7357	8306	6194	6723	7901	2939.5	1753	6364	2539	8888.5	1352	8378.5	8512	6712.5	400	4673.5	7831	6689.5	7860	7392.5	8247	7315.5	112472	5623.6
ORTHO010203	Regulator of Vps4 activity in the MVB pathway protein	AT4G35730	5739;43231;43227;43226;5575;43229;44424;44464;5623;5622;44444;5737;8150	6409	6383	5728.5	5048	5748	5516	4341	2614.5	3753	7485	6543	4566	7743	2711.5	3721.5	3976.5	8888	2724.5	5347.5	6860	4833.5	2541	891.5	5222.5	90279.5	4.513.975
ORTHO010315	unknown protein	AT4G21445	9570;9532;44435;44444;44424;44464;5575;5623;5622;5737;44446;44422;43226;43229;9536;43231;43227;44434;9507;8150;3674	6410	6537	6811.25	7212.5	7245.5	2170	8162.5	5568.5	5619	7620	7199	3686.5	8094	2711.5	4124.5	3976.5	5561	3121	5851	7080	5422.5	5603	5407	5806	102783.5	5.139.175
ORTHO008639	phosphoesterase	AT3G14890	5515;5488;3674;3824;8152;8150;5634;43231;43227;43226;5575;43229;44424;44464;5623;5622	6411	5319	5620	4829	6194	2128	8162.5	3243.5	1839.5	6524	4428.5	6797	1352	6125.5	1254.5	3976.5	1952.5	7181.5	8640.5	1811	57	8644	6989	8062	89169	4458.45
ORTHO006777	protein kinase family protein	AT2G32800	5886;16020;5575;44464;5623;71944;5524;35639;1901265;1901363;5488;3674;97159;43168;43167;32559;30554;17076;166;36094;32555;32553;97367;32550;32549;1882;1883;71446;71407;14070;10033;42221;50896;8150;71310;70887;51716;9987;9751;1101;1901700;71229;1901701;9617;51707;43207;9605;9607;51704;6468;16310;6796;6793;44237;8152;6464;36211;19538;43170;71704;44238;43412;44267;44260;71395;32870;9725;9719;71495;9753;4672;16301;16772;16740;3824;16773;9611;6950	6412	6203	7524.5	8637	7245.5	7455.5	1542	7491.5	7978	2235	3674	8855.5	8205.5	8787	5817	3976.5	8974	6330	8544.5	2326	8738	8018	2025	7656.5	118629.5	5.931.475
ORTHO010346	unknown protein	AT1G16000	3674;8150;5575	6413	7831	7003.5	7594	6857.5	6149	8002.5	4734	5484	6825	6912.5	5780	3033.5	4560	6035	6020.5	6298	2199.5	5027.5	5400	5170.5	3609.5	6413.5	7860.5	105515	5275.75
ORTHO009413	Tetratricopeptide repeat (TPR)-like superfamily protein	AT3G16760	5886;16020;5575;44464;5623;71944	6414	4810	4331	2248	2982.5	1329	7074.5	7491.5	8331	763	2809.5	1854	1352	2711.5	5034.5	6712.5	8342	3121	3504.5	1426	864.5	2433.5	2808	6281	74243.5	3.712.175
ORTHO006509	CLP protease proteolytic subunit 1	AT1G49970	9570;9532;44435;44444;44424;44464;5575;5623;5622;5737;44446;44422;43226;43229;9536;43231;43227;44434;9507;6508;19538;43170;71704;8152;8150;44238;9534;31976;9579;31984;9941;9526;31967;31975;4252;4175;70011;8233;16787;3824;3674;8236;17171;9840;9368;43234;32991	6415	3428	5151	3887	4356	8399	2080	1322	702.5	1003.5	1810	307.5	1352	7636	7461.5	7782	400	5569	394	8956	8019	7855	8574.5	4484	84107.5	4.205.375
ORTHO007600	unknown protein	AT2G04340	3674;8150;5739;43231;43227;43226;5575;43229;44424;44464;5623;5622;44444;5737	6416	5961	7616.5	8817	6664	5351.5	4528.5	6264	6225	6934	6763.5	5699	6895.5	8028.5	7582.5	5325.5	6648.5	4673.5	6531	8397.5	6180.5	7038.5	7335	6732.5	123134.5	6.156.725
ORTHO006987	Ribonuclease III family protein	AT1G55140;AT3G13740	4525;16891;4521;4519;4518;16788;16787;3824;3674;8152;8150;90305;90304;6139;46483;44237;9987;6725;1901360;71704;34641;6807;44238;43170;4540;90501;16070;44260;90502;16893;32296;9507;9536;43231;43227;43226;5575;43229;44424;44464;5623;5622;44444;5737;3723;3676;1901363;5488;97159;6396;10467;5634	6417	8770	7451	8485	8678	5974	8793	7588.5	7046.5	4786	8450	8888.5	5066	590	2163.5	8925	6692.5	1114.5	8059	7138.5	8400	1778.5	5541.5	8552	115547.5	5.777.375
ORTHO008912	Ribosomal protein S5 domain 2-like superfamily protein	AT3G49080	3735;5198;3674;22627;15935;44391;30529;32991;5575;44424;44464;5623;5622;44444;5737;44446;44422;43226;43229;5840;43232;43228;44445;5829;22626;462;30490;6364;34470;34660;16070;44260;43170;71704;8152;8150;44237;9987;90304;6139;46483;6725;1901360;34641;6807;44238;6396;10467;16072;42254;22613;44085;71840;42274;44822;3723;3676;1901363;5488;97159;6412;43043;43604;43603;44271;44249;9058;6518;1901564;1901566;1901576;44267;19538;34645;9059;5739;43231;43227	6418	5223	4473.5	2529	5238	2097.5	5261.5	6573	5851.5	7125	5380	5960	4259.5	3497	5969	2080.5	3299	1360.5	3616	4169.5	3719.5	1358.5	3967	757.5	76302	3815.1
ORTHO003537	ARM repeat superfamily protein	AT2G35630	30981;30863;44448;44444;44424;44464;5575;5623;5622;5737;5938;71944;5856;43232;43228;43226;43229;44430;44446;44422;15630;9574;226;7010;6996;16043;71840;8150;9987;1902589;44763;44699;7017;9506;5911;30054;55044;9920;919;22607;44085;1902410;32506;22402;7049;910;51301;1903047;278;61640;281;911;7067;280;48285;9832;42546;71554;71669;5819;5634;43231;43227;8017;32403;44877;5488;3674;5515;15631;8092;9524;5874;43234;32991	6419	7537	5625.5	4832	7947.5	8007.5	4785	4183	8970.5	8535.5	2539	790	2923	2711.5	1910.5	8358	3682	4809.5	984	7647	5637	2677	6040	3984	89174	4458.7
ORTHO008735	protein tyrosine phosphatases	AT3G44620	9570;9532;44435;44444;44424;44464;5575;5623;5622;5737;44446;44422;43226;43229;9536;43231;43227;44434;9507;6470;16311;6796;6793;44237;8152;8150;9987;6464;36211;19538;43170;71704;44238;43412;44267;44260;4725;4721;16791;42578;16788;16787;3824;3674;35335	6420	7452	6234.5	6049	8202.5	7071.5	4971.5	8102.5	1625	1842.5	7524	2640.5	7743	2711.5	3721.5	5325.5	5685	2724.5	6185.5	6064.5	6578.5	3854	4927.5	6210	95508.5	4.775.425
ORTHO008907	ARP2/3 complex 16 kDa subunit (p16-Arc)	AT4G01710	5737;44424;44464;5575;5623;5622;5885;44430;44446;44422;43226;43229;5856;43232;43228;43234;32991;15629;30041;8154;7015;71822;43933;16043;71840;8150;9987;30036;30029;44763;44699;7010;6996;1902589;51258;43623;6461;65003;22607;44085;70271;34622;10090;904;902;32989;9653;32502;48856;48869;44767;48468;30154;10026;90558;9888;90626;9825;16049;40007;3779;8092;5515;5488;3674	6421	7209	6963.5	7506	7947.5	1885	8221	2772	6379.5	6785.5	7382.5	8441	7743	2711.5	3721.5	5325.5	4942.5	2654	5851	8214	6431	4067	6194.5	5222.5	104944.5	5.247.225
ORTHO008321	zinc ion binding	AT1G48360	5634;43231;43227;43226;5575;43229;44424;44464;5623;5622;16818;16817;16787;3824;3674;8152;8150;8270;46914;46872;43169;43167;5488;4528;8081;42578;16788;4527;4518;90305;90304;6139;46483;44237;9987;6725;1901360;71704;34641;6807;44238;43170;36297;6281;6259;44260;6974;33554;51716;50896;6950;44763;44699;44710;3676;1901363;97159	6422	4623	4929.5	3437	2982.5	1227	2328.5	6573	7183.5	1540.5	2216.5	1198.5	6617.5	1800.5	5413.5	6712.5	3958.5	3121	3792	6860	4668.5	3854	6040	6553	81658.5	4.082.925
ORTHO006795	BEST Arabidopsis thaliana protein match is: BTB/POZ domain-containing protein (TAIR:AT3G05675.1)	AT4G10800	3674;8150;5634;43231;43227;43226;5575;43229;44424;44464;5623;5622	6423	5035	5969	5515	2982.5	7363.5	1519.5	6428.5	7632	4447.5	3639.5	2640.5	6895.5	8210.5	7667.5	5325.5	1463.5	4887	2648.5	1960	8264.5	2923.5	1847	6850.5	92614.5	4.630.725
ORTHO008357	F-box protein 2	AT5G21040	3674;16036;9267;31669;31667;9991;9605;50896;8150;31668;51716;9987;71496;7154;44763;44699;42594;6950;33554;19005;31461;151;1990234;1902494;43234;32991;5575;44424;44464;5623;5622;5737	6424	3457	5446.75	4469.5	4356	7812.5	1393	3147.5	3019	8319	4121.5	6819	7743	6170.5	1481.5	7360.5	7158.5	2199.5	762.5	2409.5	2604.5	8148	3188	3340.5	87198	4359.9
ORTHO000512_2	endoplasmic reticulum-type calcium-transporting ATPase 3	AT1G10130	5524;35639;1901265;1901363;5488;3674;97159;43168;43167;32559;30554;17076;166;36094;32555;32553;97367;32550;32549;1882;1883;5887;31226;44459;44464;5575;5623;44425;16020;5886;71944;31224;16021;6828;41;30001;6812;6811;44765;6810;51234;51179;8150;1902578;44699;5794;43231;43227;43226;43229;44424;5622;44444;5737;12505;5388;15662;42625;42626;43492;42623;16887;17111;16462;16818;16817;16787;3824;8152;15405;15399;22804;22857;5215;55085;44763;9987;16820;15075;22891;22892;34220;15085;72509;22890;8324;98655;72511;46873;70588;98662;98660;6816;70838;19829;5802;98791;44431;44446;44422;31984;6874;6875;55065;98771;50801;48878;42592;65008;65007;55080;30003;6873;55082;19725;55074;72507;72503;15410;5384;46915;71421;55071;55076;5516;5515;5634;46872;43169;5768;48364;44767;32502;48513;48856;48731;7275;44707;32501;22622	6425	6721	5745.5	5066	5748	4794.5	8162.5	5568.5	5619	1970.5	291	5572	7743	2711.5	3721.5	3976.5	4610.5	4400	5430	6754	4833.5	4612.5	4391	5222.5	90384.5	4.519.225
ORTHO006843	FUNCTIONS IN: molecular_function unknown	AT3G12010	3674;8150	6426	5161	7645.5	8865	2982.5	8095.5	4528.5	8662.5	2202	4591	8820	6055	1352	5465	766.5	3976.5	7884	7525.5	9069.5	9102.5	9055.5	9072	9065.5	8882.5	124171.5	6.208.575
ORTHO008818	unknown protein	AT5G52960	3674;8150;9507;9536;43231;43227;43226;5575;43229;44424;44464;5623;5622;44444;5737	6427	6955	7129	7831	7947.5	5432.5	8162.5	9055.5	6225	5927.5	2539	8397	7743	2711.5	3521.5	5325.5	4761	2199.5	5851	6632	6180.5	4308.5	7335	5222.5	107530.5	5.376.525
ORTHO001680	TRICHOME BIREFRINGENCE-LIKE 27	AT1G70230	5794;43231;43227;43226;5575;43229;44424;44464;5623;5622;44444;5737;12505;139;98588;31090;16020;44422;44431;44446;10411;6073;44042;5976;5975;71704;8152;8150;44238;43170;44264;44260;44237;9987;44262;10410;10383;44036;71554;5634;16413;16407;16747;16746;16740;3824;3674;8374;16021;31224;44425	6428	8677	6473	6518	8795.5	8694.5	2190	8435	3813	5898.5	7886	8873.5	1352	906.5	2163.5	8358	6692.5	985	2448	5672	8350.5	1566.5	5541.5	8456	98282.5	4.914.125
ORTHO009507	Pentatricopeptide repeat (PPR) superfamily protein	AT1G08610	8150;5739;43231;43227;43226;5575;43229;44424;44464;5623;5622;44444;5737	6429	4833	6474	6519	2982.5	5799	6395	705.5	2902.5	2025.5	5035.5	6171.5	6895.5	8028.5	7667.5	7782	4135	7408	1680.5	3659	2409.5	6027.5	6709	6850.5	98287	4914.35
ORTHO008919	nijmegen breakage syndrome 1	AT3G02680	7129;70192;51276;6996;16043;71840;8150;9987;1903046;22402;44763;44699;7049;51321;3;1902589;7126;280;48285;45143;45132;98813;7059;7127;7131;35825;6310;6259;44260;43170;71704;8152;44237;90304;6139;46483;6725;1901360;34641;6807;44238;44710;16605;16604;44451;44428;44446;44422;5575;43226;44424;44464;5623;5622;43229;5634;43231;43227;5654;31981;70013;43233;31974;71479;10212;9314;9628;50896;71478;71214;51716;5515;5488;3674;724;725;6281;6974;33554;6950;6302;6312	6430	5347	3248.5	67	2982.5	4126.5	6580.5	397	196	4845.5	180	790	1352	138	136.5	3232.5	191	398	2340	2935	3074.5	389	1681.5	627	33610.5	1.680.525
ORTHO002118	receptor-like kinase in in flowers 3	AT2G48010	5886;16020;5575;44464;5623;71944;16301;16772;16740;3824;3674;8152;8150;16310;6796;6793;44237;9987;4702;5057;4871;60089;7165;50794;50789;65007;51716;50896;7154;44763;44699;44700;23052;35556;4674;4672;16773;6468;6464;36211;19538;43170;71704;44238;43412;44267;44260;23014;44710;5576;46777	6431	8190	6863	7295	7245.5	6529	8843	4734	7046.5	5927.5	2129.5	7408	1352	906.5	2396.5	8358	6298	663.5	6785	7463	6908	3754	7156	8670.5	103328.5	5.166.425
ORTHO002418_1	Peroxidase superfamily protein	AT4G21960	6950;50896;8150;4601;16684;16491;3824;3674;8152;55114;44710;44699;16209;9506;5911;30054;5575;55044;9505;5618;30312;44464;5623;71944;9664;71555;45229;16043;71840;9987;71554;71669;5576	6432	4729	4830	3228	2982.5	5351.5	2791.5	2322	6712.5	3651	2539	6797	3566	1800.5	4705.5	6712.5	3589	2199.5	3333.5	6368.5	3978	2923.5	5081	6057.5	80479.5	4.023.975
ORTHO009328	Transducin/WD40 repeat-like superfamily protein	AT1G65030	5834;1902494;43234;32991;5575;98797;44459;44464;5623;44425;16020;5886;71944;98796;44424;5622;31234;19897;19898;9898;98562;98552;5515;5488;3674;5737;80008;31461;151;1990234;5730;44428;44446;44422;43226;43229;5634;43231;43227;43232;43228;31981;70013;43233;31974;166;36094;1901265;1901363;97159	6433	4638	4689.5	2946	2982.5	2358	7339	6142.5	800	7350.5	5973.5	2729	5740	1800.5	3521.5	6712.5	965	2199.5	2972	6103	3675	2541	4345.5	5601	78869	3943.45
ORTHO005238	Protein of unknown function (DUF506)	AT1G77145;AT1G77160	5634;43231;43227;43226;5575;43229;44424;44464;5623;5622;8150;3674	6434	8323	6588	6742	8471	6529	3327	7935.5	5484	6139.5	6912.5	4467	5195	906.5	2396.5	8358	8070.5	663.5	6897.5	5929.5	2533.5	3503.5	6538.5	7860.5	99647.5	4.982.375
ORTHO009971	ubiquitin-protein ligase 7	AT3G53090	42787;16567;32446;70647;6464;36211;19538;43170;71704;8152;8150;44238;43412;44267;44260;44237;9987;6511;19941;51603;6508;44257;30163;9057;1901575;9056;44265;44248;43632;61630;4842;19787;16740;3824;3674;61659;5622;44464;5575;5623;5634;43231;43227;43226;43229;44424;151;1990234;1902494;43234;32991	6435	5695	6109	5783	2982.5	5904	4118.5	5568.5	5619	5323.5	7199	3686.5	3521	1800.5	4124.5	3976.5	5108	3121	5851	7080	5422.5	5603	5407	5601	94035	4701.75
ORTHO007196	Class II aaRS and biotin synthetases superfamily protein	AT3G02760	6427;6418;43039;6399;34660;16070;44260;43170;71704;8152;8150;44237;9987;90304;6139;46483;6725;1901360;34641;6807;44238;43038;6520;1901564;19752;43436;6082;44281;44710;44699;44763;6412;43043;43604;43603;44271;44249;9058;6518;1901566;1901576;44267;19538;34645;9059;10467;4821;4812;16876;16875;16874;3824;3674;5829;44444;44424;44464;5575;5623;5622;5737;5524;35639;1901265;1901363;5488;97159;43168;43167;32559;30554;17076;166;36094;32555;32553;97367;32550;32549;1882;1883	6436	3935	4494	2552	2097	5016	5873	2614.5	5619	6422.5	5973.5	3912.5	3180.5	3815.5	2702.5	6712.5	3344	2199.5	3172	2092	1702	2541	4324	5222.5	76439	3821.95
ORTHO009324	unknown protein	AT1G51100	9570;9532;44435;44444;44424;44464;5575;5623;5622;5737;44446;44422;43226;43229;9536;43231;43227;44434;9507;3674;8150	6437	4650	5240.5	4044	2982.5	4986.5	7339	6142.5	6584	7064	5973.5	485	1352	3283.5	4233.5	6712.5	8446.5	2199.5	3172	6103	3675	1407.5	1004	4898	85061.5	4.253.075
ORTHO005123	Tetratricopeptide repeat (TPR)-like superfamily protein	AT1G33400	8150;5634;43231;43227;43226;5575;43229;44424;44464;5623;5622	6438	4793	5182	3926	2982.5	1227	2791.5	6142.5	7183.5	930.5	1981	3218	6617.5	1800.5	5034.5	6712.5	6409	3121	3691	6632	4668.5	3754	5902.5	6553	84370	4218.5
ORTHO010084	Homocysteine S-methyltransferase family protein	AT3G25900	32259;8152;8150;5737;44424;44464;5575;5623;5622;8270;46914;46872;43169;43167;5488;3674;8898;8757;8168;16741;16740;3824;8172;9086;97;96;6790;44237;9987;6520;1901564;71704;6807;19752;43436;6082;44281;44710;44699;44763;44238;44272;44249;9058;8652;46394;16053;44283;44711;1901576;1901566;9067;9066;1901605;1901607;6555;47150	6439	5483	7658.5	8878	2982.5	7977	5560.5	8233.5	8596	3240.5	1414	3218	1352	8541.5	8471.5	5325.5	7452.5	6217	8559.5	5637	9009	8413.5	8748.5	8737.5	124704.5	6.235.225
ORTHO000345_3	glyoxal oxidase-related protein	AT1G19900;AT1G75620	3674;8150;5576;5575	6440	7879	3968	1496	6358.5	5047	8616.5	8467.5	2743.5	2976	7382.5	4566	1352	474.5	1481.5	3023.5	5365	1017	4485	5447	225.5	1026	1961.5	2522	68179.5	3.408.975
ORTHO011179	Tetratricopeptide repeat (TPR)-like superfamily protein	AT1G80880	5739;43231;43227;43226;5575;43229;44424;44464;5623;5622;44444;5737;8150	6441	8015	4927	3413	7245.5	1839.5	2452	3787.5	3875	8934.5	4485.5	7312.5	4492.5	6238	2910	6044.5	9168	8446.5	2696.5	234.5	3375	424.5	279.5	4541	81537	4076.85
ORTHO010337	O-Glycosyl hydrolases family 17 protein	AT5G58480	6952;6950;50896;8150;42973;8422;15926;4553;16798;16787;3824;3674;8152;5886;16020;5575;44464;5623;71944;5975;71704;44238;71555;45229;16043;71840;9987;71554;5576;31225;31224;44425;46658;31226;44459;5618;30312	6442	6444	6063.5	5685	7245.5	2295.5	8090	5439.5	4953	4289.5	6543	4949	7743	2711.5	3521.5	3976.5	4870.5	2724.5	5128	6632	4519	4873	5021	5222.5	93502.5	4.675.125
ORTHO009915	ADP-ribosylation factor-like A1A	AT5G37680	7264;35556;7165;50794;50789;65007;8150;51716;9987;50896;7154;44763;44699;44700;23052;51607;2252;2376;9615;51707;43207;9605;9607;51704;98542;6952;6950;5525;35639;1901265;1901363;5488;3674;97159;43168;43167;32550;32549;1882;36094;97367;1883;32561;19001;17076;166;32555;32553;5622;44464;5575;5623	6443	5600	7779	9115	2982.5	4221	8674.5	7156.5	8392	4619.5	3269.5	8712.5	7377.5	8316	7999	5325.5	7214.5	5518	6897.5	8818.5	8153	7814.5	8290	7453	134222.5	6.711.125
ORTHO007481	Phosphoglycerate mutase family protein	AT3G50520	8152;8150;3824;3674	6444	6446	6051	5658	5748	4758	4341	5439.5	6225	5391.5	6543	4752.5	7743	2711.5	3521.5	3976.5	4870.5	2724.5	5220.5	6632	4384	4612.5	4324	5222.5	93393.5	4.669.675
ORTHO009546	Protein of unknown function (DUF185)	AT1G04900	5739;43231;43227;43226;5575;43229;44424;44464;5623;5622;44444;5737;3674;8150	6445	4867	7698	8951	2982.5	7583.5	5075.5	8761	8178.5	1233	3702.5	9035	1352	5289	511.5	6712.5	7758	7801.5	8940.5	9060	8850	9002	9037	9018	126901	6345.05
ORTHO009325	NAD(P)-binding Rossmann-fold superfamily protein	AT4G18810	9570;9532;44435;44444;44424;44464;5575;5623;5622;5737;44446;44422;43226;43229;9536;43231;43227;44434;9507;5739;5773	6446	6341	5319.75	4193.5	7245.5	5432.5	4341	5439.5	6379.5	985.5	6543	4905	3250	2711.5	3521.5	3976.5	4548.5	2724.5	5128	6555.5	4321	4873	5021	5222.5	85879.5	4.293.975
ORTHO009796	Tetratricopeptide repeat (TPR)-like superfamily protein	AT5G15010	5739;43231;43227;43226;5575;43229;44424;44464;5623;5622;44444;5737;3674;8150	6447	7148	5822	5197	7947.5	2446.5	7187.5	4571	4865	8063.5	6070	5395	7031	2711.5	2396.5	5325.5	4054.5	1617	4756.5	7408.5	4946	2677	5171.5	4291.5	90985.5	4.549.275
ORTHO000581	Glycosyl hydrolase family 38 protein	AT3G26720;AT5G13980;AT5G66150	5773;43231;43227;43226;5575;43229;44424;44464;5623;5622;44444;5737;9505;5618;30312;71944;6517;6464;36211;19538;43170;71704;8152;8150;44238;43412;44267;44260;44237;9987;6013;19318;5996;44723;5975;44710;44699;44281;5774;44437;44446;44422;98588;31090;16020;98805;5576;9507;9536;4559;15923;4553;16798;16787;3824;3674;48046	6448	5454	6756	7064	5238	1859.5	5944	8816.5	9178	5491	669	7353.5	5467.5	8210.5	9073.5	2914	7568.5	8776.5	8544.5	3085	1705.5	3222.5	528	3383	101790.5	5.089.525
ORTHO008937	Phospholipase A2 family protein	AT4G29070	3674;8150	6449	5609	5373	4297	2982.5	5432.5	4341	4964	6225	8535.5	2992.5	7957.5	3374.5	1800.5	3521.5	3976.5	1102.5	2558	5128	5637	4226.5	4780.5	5021	4801	86375.5	4.318.775
ORTHO010525	vitamin E pathway gene 5	AT5G04490	16021;31224;44425;5575;16020;8654;6644;19637;71704;8152;8150;6793;44237;9987;44255;6629;44710;44699;44238;44763;6796;90407;1901576;9058;8610;44711;44249;4605;70567;16779;16772;16740;3824;3674;10189;1901617;1901615;18130;46483;42360;1901360;6775;6766;44281;1901362;42362;9110;44283;31969;42170;31090;44422;43226;43227;44435;44444;44424;44464;5623;5622;5737;44446;43229;9536;43231;9526;31967;31975;44434;9507;9941;16310;10276;16301	6450	6345	6318.25	6186.5	5651.5	2170	3960	8857	5619	7183	7382.5	8051	3390	2711.5	3936.5	3976.5	5194	3121	5851	7194	765	5603	5541.5	5806	96312.5	4.815.625
ORTHO004826	CONTAINS InterPro DOMAIN/s: Protein of unknown function DUF1084 (InterPro:IPR009457)	AT3G59090	9507;9536;43231;43227;43226;5575;43229;44424;44464;5623;5622;44444;5737	6451	6629	7776.5	9102	7245.5	6784	8674.5	6741	2435.5	4471.5	8314	8427	8675.5	7213.5	8276	5325.5	6955.5	4887	7901.5	8590.5	7254	7332.5	7667.5	7721.5	133648	6682.4
ORTHO000950_1	RNA polymerase II large subunit	AT4G35800	5634;43231;43227;43226;5575;43229;44424;44464;5623;5622;5773;44444;5737;1055;3899;34062;16779;16772;16740;3824;3674;8152;8150;32774;9059;43170;71704;1901576;9058;16070;44260;44237;9987;90304;6139;46483;6725;1901360;34641;6807;44238;34654;19438;44249;44271;18130;1901362;6366;6351;34645;97659;10467;3677;3676;1901363;5488;97159;5665;55029;44428;44446;44422;428;30880;61695;1990234;1902494;43234;32991;44451;5654;31981;70013;43233;31974;16591;9506;5911;30054;55044;5515;9507;9536	6452	7213	5904.5	5357	7947.5	2358	7060	4734	4645.5	7274.5	7040	8311	3128	2711.5	2702.5	3976.5	4464.5	1780	5128	6064.5	5637	3609.5	6538.5	4678.5	91842	4592.1
ORTHO010853	unknown protein	AT1G77350	8150;5783;43231;43227;43226;5575;43229;44424;44464;5623;5622;44444;5737;12505;9507;9536;3674	6453	7422	6324.5	6196	6358.5	5090	8002.5	4826.5	5144	5571.5	7040	8311	7377.5	2711.5	2702.5	5325.5	4548.5	1780	5272.5	7576.5	1311.5	3374.5	5710.5	4678.5	96355	4817.75
ORTHO001210_1	DENN (AEX-3) domain-containing protein	AT5G35560	3674;5634;43231;43227;43226;5575;43229;44424;44464;5623;5622;8150	6454	6070	7774.25	9094.5	6857.5	7915	8645.5	6906	2301	6065.5	2809.5	8958.5	7258.5	8210.5	8452	5325.5	7113.5	5452.5	8121	8756	7786.5	7683.5	8163.5	7376.5	133300.5	6.665.025
ORTHO007695	Protein of unknown function (DUF1664)	AT1G27000	6355;1903506;2001141;31326;9889;19222;50789;65007;8150;31323;50794;51252;19219;80090;51171;60255;10556;10468;2000112;3677;3676;1901363;5488;3674;97159	6455	8307	7518.5	8582	7662	6898	7665	8028.5	6379.5	5160.5	7382.5	7450.5	5467.5	906.5	2910	8925	6825	867.5	7562	6197.5	7925	4873	7667.5	8258.5	117349.5	5.867.475
ORTHO006869	FUNCTIONS IN: molecular_function unknown	AT4G18230	43541;98796;43234;32991;5575;44425;16020;44432;44444;44424;44464;5623;5622;5737;44446;44422;43226;43229;5783;43231;43227;12505;5789;98588;31090;42175;30176;31227;31300;31224;31301;16021;4577;8375;8194;16757;16740;3824;3674;8152;8150;16758;43495;5515;5488;5739;6488;6490;44255;6629;71704;44710;44699;44238;44763;9987;44237;1901137;1901135;1901576;9058;44711	6456	5158	4895	3334	6100.5	8643	5395	5957	7046.5	6687	2402	1471	6227	1800.5	960	6075	6648.5	2724.5	257	3797	800.5	5059	2780	6281	81011.5	4.050.575
ORTHO003246	nitrilase 4	AT5G22300	51410;98754;8152;8150;9636;42221;50896;6807;1901698;5886;16020;5575;44464;5623;71944;80061;257;16815;16810;16787;3824;3674;19499;71704;34641;44237;9987;44763;44699;44710;47558;16836;16835;16829;47427;18822	6457	8744	5940.5	5424	8753	7583.5	8552.5	1963.5	5144	4984	5902	7223	3007	590	1372.5	3976.5	7006	1180.5	6109.5	5215.5	5839	5789.5	4535	6210	92183.5	4.609.175
ORTHO001231	WD-40 repeat family protein / beige-related	AT2G45540;AT3G60920	5886;16020;5575;44464;5623;71944;19898;44425;12505;16197;1902582;46907;6810;51234;51179;8150;51649;51641;44765;1902578;44699;5543;8289;5488;3674;43168;43167;166;36094;1901265;1901363;97159;9506;5911;30054;55044	6458	8809	6577	6696	8950.5	5799	9151	8509	7748	6524	5788.5	2937.5	4865.5	1254	2910	8804.5	6208.5	398	8251.5	2008	4668.5	5132.5	4335.5	4091.5	99385	4969.25
ORTHO003321	diacylglycerol acyltransferase family	AT3G51520	19432;46463;46460;6638;44255;6629;71704;8152;8150;44710;44699;44238;44763;9987;44237;8610;1901576;9058;44711;44249;6639;46486;45017;6641;5811;43232;43228;43226;5575;43229;44424;44464;5623;5622;4144;16411;8374;16747;16746;16740;3824;3674;34389;6996;16043;71840;9507;9536;43231;43227;44444;5737	6459	6893	4888.5	3318	5375	4484.5	7923	8467.5	7899.5	8446	3702.5	4724	3048	1321.5	4124.5	2080.5	5365	867.5	4293	4392	3364.5	1566.5	3770	1106.5	80946.5	4.047.325
ORTHO000600	Transducin family protein / WD-40 repeat family protein	AT4G33260;AT4G33270;AT5G26900;AT5G27080;AT5G27570;AT5G27945	7067;280;48285;6996;16043;71840;8150;9987;1903047;22402;44763;44699;7049;278;1902589;33597;44428;44446;44422;5575;43226;44424;44464;5623;5622;43229;5634;43231;43227;43234;32991;5515;5488;3674;5834;1902494;98797;44459;44425;16020;5886;71944;98796;31234;19897;19898;9898;98562;98552;16567;32446;70647;6464;36211;19538;43170;71704;8152;44238;43412;44267;44260;44237;5737;51301;4871;60089;7165;50794;50789;65007;51716;50896;7154;44700;23052;19900;19899;80008;31461;151;1990234;5680;152;166;36094;1901265;1901363;97159	6460	7474	5299.5	4139	5439	4042.5	5362.5	8935.5	8359.5	8934.5	4343	6361.5	4225	6099.5	6764.5	3023.5	3796.5	1180.5	3484.5	5160	1658.5	787	1453	1597.5	85569	4278.45
ORTHO009941	Protein of unknown function; DUF647	AT3G45890	9941;9526;31967;31975;44464;5575;5623;44446;44422;43226;44424;5622;43229;43227;44435;44444;5737;9536;43231;44434;9507;10224;9411;9416;9314;9628;50896;8150;31969;42170;31090;16020;32502;16021;31224;44425;5739	6461	5625	4256	2051	2982.5	739.5	6385	3515	1753	6401	3366.5	5877.5	5467.5	3283.5	3521.5	3976.5	5764.5	4747.5	5347.5	1486	2557.5	2541	1828	4413.5	72972	3648.6
ORTHO000698	triacylglycerol lipase-like 1	AT1G45201;AT1G56630;AT5G42930;AT5G67050	6629;71704;8152;8150;44710;44699;44238;9507;9536;43231;43227;43226;5575;43229;44424;44464;5623;5622;44444;5737;16787;3824;3674;16020;5773;4806;16298;16788;52689;5739;5576	6462	8978	7793	9124	8984.5	7324.5	9157	8381.5	4645.5	6966.5	8450	9018	5195	6292	8138	8783.5	6982.5	340.5	8846.5	5002	8300	6129	8202.5	9115.5	135270	6763.5
ORTHO005031	protein phosphatase 5.2	AT2G42810	1902325;10380;90056;51193;31323;50794;50789;65007;8150;19222;1901401;51171;1901463;31326;9889;51195;31324;48523;48519;9892;1901464;31327;9890;1901402;51172;5737;44424;44464;5575;5623;5622;30176;31227;44432;44444;44446;44422;43226;43229;5783;43231;43227;12505;31300;31224;44425;16020;31090;5789;98588;42175;31301;16021;5635;44428;5634;31967;31975;16607;16604;44451;5654;31981;70013;43233;31974;6470;16311;6796;6793;44237;8152;9987;6464;36211;19538;43170;71704;44238;43412;44267;44260;10017;7165;51716;50896;7154;44763;44699;44700;23052;71489;9639;9416;9314;9628;71482;71478;71214;46872;43169;43167;5488;3674;31965;5515;6913;16482;46907;6810;51234;51179;51649;51641;51169;46906;1901363;97159;4722;4721;16791;42578;16788;16787;3824;46686;10038;10035;42221;9506;5911;30054;55044;5829;10019	6463	6978	6802.5	7142	6194	5833.5	3863.5	8181.5	3771.5	3317	7040	2467.5	7963	2711.5	3936.5	5325.5	5561	3121	6531	7012	7052	5132.5	7946.5	5601	102368	5118.4
ORTHO003018	alpha/beta-Hydrolases superfamily protein	AT1G29840;AT3G47590	5829;44444;44424;44464;5575;5623;5622;5737;8152;8150;3824;3674;16787	6464	3883	5855	5246	5272.5	1959	3327	4163.5	2743.5	5723.5	3917	8311	6316	7850	7939.5	2914	3245	6784	6327	6689.5	2356.5	5603	4141.5	926.5	91237	4561.85
ORTHO010089	ABC2 homolog 12	AT5G03910	9941;9526;31967;31975;44464;5575;5623;44446;44422;43226;44424;5622;43229;43227;44435;44444;5737;9536;43231;44434;9507;5524;35639;1901265;1901363;5488;3674;97159;43168;43167;32559;30554;17076;166;36094;32555;32553;97367;32550;32549;1882;1883;10315;60918;9914;10817;65008;65007;8150;44765;6810;51234;51179;1902578;44699;10928;9966;10646;50794;50789;48583;23051;55085;44763;9987;16021;31224;44425;16020;42626;43492;42623;16887;17111;16462;16818;16817;16787;3824;8152;15405;15399;22804;22857;5215;16820;31969;42170;31090;10541;9926;10540;5886;71944;10329;15562;80161;22891;22892	6465	5747	6727.5	6990	2982.5	6529	3025	6142.5	7183.5	1123	7886	3218	6617.5	1800.5	960	3976.5	6409	3949	7042	8320	7386	6266	6854	6553	101240.5	5.062.025
ORTHO009664	Domain of unknown function (DUF303)	AT4G34215	5634;43231;43227;43226;5575;43229;44424;44464;5623;5622;5829;44444;5737;8150;3674	6466	4698.5	4529	2592	2982.5	4434.5	2328.5	6573	5994	763	1810	1198.5	6617.5	1800.5	5413.5	6712.5	4054.5	3121	3857.5	6860	4668.5	3609.5	4366	2439.5	76622	3831.1
ORTHO001142_1	acyl-activating enzyme 18	AT1G55320	16874;3824;3674;8152;8150;9850;44237;9987;42445;10817;65008;65007;5777;42579;43231;43227;43226;5575;43229;44424;44464;5623;5622;44444;5737;5739;6631;44255;6629;71704;44710;44699;44238;44763;32787;19752;43436;6082;44281	6467	3951	6134.5	5802	2097	3296	6457.5	3713.5	3245.5	6551	3136.5	4991	1352	6501	6791	7782	4191.5	8785	2719.5	2688	1589	6266	6854	7266.5	94176.5	4.708.825
ORTHO009622	unknown protein	AT4G32680	3674;8150	6468	6146	7620.5	8773	5651.5	6679.5	3960	6906	1430.5	4440.5	2809.5	8654.5	3875.5	8210.5	8429	5325.5	7113.5	5452.5	7950	8756	7786.5	7683.5	8163.5	8159	121785.5	6.089.275
ORTHO007834	BTB/POZ domain-containing protein	AT4G08455	5737;44424;44464;5575;5623;5622;5515;5488;3674;16567;32446;70647;6464;36211;19538;43170;71704;8152;8150;44238;43412;44267;44260;44237;9987	6469	5309	5082	3695	2982.5	7363.5	2528	6428.5	8207	3147	1082.5	3034.5	1352	2711.5	5596.5	3976.5	901	5368	7712	7576.5	864.5	5789.5	2291.5	7028	82958.5	4.147.925
ORTHO008953	RINT-1 / TIP-1 family	AT3G47700	42406;44432;44444;44424;44464;5575;5623;5622;5737;44446;44422;43226;43229;5783;43231;43227;12505;31312;19898;44425;16020;31090;5789;98588;42175;6623;1902580;51641;51179;8150;1902578;44699;6605;6886;15031;45184;51234;8104;33036;71702;6810;46907;51649;34613;70727;1902582;44765;16482;72665;33365;72666;72594;7034;5829;3674;6888;48193;16192;9507;9536	6470	4798	4739	3008	2982.5	8926	3129.5	5957	5355.5	7183	3596.5	2197	1352	2711.5	3721.5	6712.5	1048	2199.5	3119	6860	3604.5	2433.5	4158	4898	79162.5	3.958.125
ORTHO010715	Protein of unknown function; DUF538	AT5G19590	3674;9507;9536;43231;43227;43226;5575;43229;44424;44464;5623;5622;44444;5737;8150	6471	7342	6356	6241	6358.5	8440.5	4457	4826.5	5619	5557	7040	3835.5	7377.5	2711.5	2702.5	5325.5	4548.5	1780	4059	7576.5	5779	3754	6538.5	4678.5	96606.5	4.830.325
ORTHO009893	unknown protein	AT2G41950	3674;9570;9532;44435;44444;44424;44464;5575;5623;5622;5737;44446;44422;43226;43229;9536;43231;43227;44434;9507;9505;5618;30312;71944;8150	6472	5646	5931	5390	2982.5	2295.5	8099	5439.5	7831	7298.5	2129.5	5126	5740	1800.5	3521.5	3976.5	4548.5	2724.5	5220.5	6754	4519	5059	5021	4898	92002	4600.1
ORTHO010305	INVOLVED IN: positive regulation of catalytic activity; protein processing	AT2G31440	16021;31224;44425;5575;16020;7219;7166;7165;50794;50789;65007;8150;51716;9987;50896;7154;44763;44699;44700;23052;43085;44093;65009;50790;19222;9893;48518;16485;6508;19538;43170;71704;8152;44238;51604;10467	6473	6644	5860	5247	7662	5090	8038	5348	5754	1750.5	6343	5435.5	7377.5	2711.5	2702.5	3976.5	7777	2558	4548.5	6240	4226.5	3609.5	3072.5	4678.5	91237.5	4.561.875
ORTHO005772	Phosphoenolpyruvate carboxylase family protein	AT2G43180	46912;16746;16740;3824;3674;8152;8150;9507;9536;43231;43227;43226;5575;43229;44424;44464;5623;5622;44444;5737;6097;44723;5975;71704;44238;44710;44699;44262;44237;9987;46487;6081;44763;32787;19752;43436;6082;44281	6474	5054	5867.5	5261	2982.5	7780	4698	4734	3425	5547.5	5177.5	5983.5	3122	1800.5	1910.5	6712.5	3682	6854.5	4059	7299	6180.5	3754	4424	4174.5	91318.5	4.565.925
ORTHO005788	Protein of unknown function (DUF1218)	AT1G31720;AT4G19370	3674;5575;8150;5576	6475	7689	6530.5	6586	8259	5090	2951	7935.5	7831	6288	7040	4059.5	7377.5	2711.5	2396.5	5325.5	4548.5	1888	5272.5	7576.5	5779	3453.5	6538.5	4678.5	98741	4937.05
ORTHO003406	alpha/beta-Hydrolases superfamily protein	AT5G16120	9506;5911;30054;5575;55044;16298;16788;16787;3824;3674;8152;8150;5737;44424;44464;5623;5622;6629;71704;44710;44699;44238;16020	6476	8156	7065	7654	8300.5	4410.5	6630.5	3642.5	6379.5	8934.5	4410	8547	5338.5	5795.5	1549	8583	7818.5	1295.5	5589.5	1177	6431	6648	5586.5	7223	105989.5	5.299.475
ORTHO000968	Seven transmembrane MLO family protein	AT2G44110;AT4G02600	5516;5515;5488;3674;16021;31224;44425;5575;16020;6952;6950;50896;8150;9607;8219;16265;44699;44763;9987;5886;44464;5623;71944	6477	8262	4919.5	3362	8678	9108	6721	4826.5	8467	8934.5	291	2553.5	4239.5	6257.5	6425.5	3074	9001.5	4595	2136.5	2765	402.5	116.5	66.5	1230.5	81212	4060.6
ORTHO008019	ankyrin repeat family protein	AT5G12320	5634;43231;43227;43226;5575;43229;44424;44464;5623;5622;8150	6478	4003	3710.5	943	2097	1089	5825	6428.5	2069	4253	2129.5	1810.5	1352	4662.5	3265	6712.5	202	2199.5	3321.5	2092	3978	3222.5	5081	1794	61487	3074.35
ORTHO008011	chaperone protein dnaJ-related	AT2G38000	51082;5515;5488;3674;5737;44424;44464;5575;5623;5622;31072	6479	5432	6487	6495	2982.5	5547	3758	2460.5	6943.5	2284	7594	7207	6071.5	1375.5	4462	3976.5	5764.5	3580	6531	6368.5	6180.5	5924	6040	6057.5	98125.5	4.906.275
ORTHO006347	3'-5'-exoribonuclease family protein	AT3G07750	44822;3723;3676;1901363;5488;3674;97159;34473;34472;43628;34470;34660;16070;44260;43170;71704;8152;8150;44237;9987;90304;6139;46483;6725;1901360;34641;6807;44238;6396;10467;31123;16180;16073;467;459;469;90501;90305;6364;16072;42254;22613;44085;71840;90503;31125;466;460;71042;71047;6402;16071;6401;44265;9057;1901575;9056;44248;34655;19439;44270;1901361;46700;43633;43632;71035;16075;34661;71046;43634;71029;71027;71025;34476;34427;291;956;71028;17091;34475;177;178;43234;32991;5575;44424;44464;5623;5622;44444;5737;43928;288;71038;16078;6399;176;44428;44446;44422;43226;43229;5634;43231;43227;31981;70013;43233;31974;175;8408;4527;4518;16788;16787;3824;16896;4532;4540;16796	6480	5711	6352.5	6225	6534	1329	3513	5957	5994	3109	7734.5	3422.5	6071.5	1800.5	5034.5	3976.5	5864.5	3949	6700.5	7871	6180.5	5924	6040	6057.5	96529	4826.45
ORTHO003575	thiamin pyrophosphokinase1	AT1G02880;AT2G44750	4788;16778;16772;16740;3824;3674;8152;8150;5737;44424;44464;5575;5623;5622;6772;42723;6767;6766;44281;44710;44699;6725;44237;9987;6790;44763;72527;46483;1901360;71704;34641;6807;1901564;5524;35639;1901265;1901363;5488;97159;43168;43167;32559;30554;17076;166;36094;32555;32553;97367;32550;32549;1882;1883;16301;16310;6796;6793;5829;44444;30975;1901681;19842	6481	3293	3922.5	1364	4356	4581	2528	6323	1481	450.5	1312.5	6688.5	1352	3815.5	4462	1830	4346.5	3949	4237	4169.5	5170.5	3854	3545	2784	66879.5	3.343.975
ORTHO007661	Seryl-tRNA synthetase	AT1G11870	9507;9536;43231;43227;43226;5575;43229;44424;44464;5623;5622;44444;5737;5524;35639;1901265;1901363;5488;3674;97159;43168;43167;32559;30554;17076;166;36094;32555;32553;97367;32550;32549;1882;1883;4828;4812;16876;16875;16874;3824;8152;8150;6434;6418;43039;6399;34660;16070;44260;43170;71704;44237;9987;90304;6139;46483;6725;1901360;34641;6807;44238;43038;6520;1901564;19752;43436;6082;44281;44710;44699;44763;6412;43043;43604;43603;44271;44249;9058;6518;1901566;1901576;44267;19538;34645;9059;10467;9658;9657;6996;16043;71840;5739;48481;3006;32502;22414;48856;35670;48608;61458;48731;7275;44767;44707;32501;48440;48827;48367;48437;44702;48569;48513;9908;90567;9791;48467;48438;97056;32774;34654;19438;18130;1901362;7005	6482	6616	4994	3506	5748	3316.5	4118.5	5568.5	1545.5	3396	2809.5	4086	7743	2711.5	3721.5	3976.5	7364.5	2199.5	1423.5	7012	5265	5308.5	5021	5433.5	82020.5	4.101.025
ORTHO009902	Tetratricopeptide repeat (TPR)-like superfamily protein	AT2G37230	8150;9535;55035;42651;34357;16020;5575;44436;44424;44464;5623;5622;9579;44435;44444;5737;44446;44422;43226;43229;9536;43231;43227;31976;31984;44434;9507;9534;5739	6483	5668.5	6025.5	5568	2982.5	5516	8162.5	5568.5	5994	6934	6543	4566	5740	1800.5	3521.5	3976.5	4666	3121	5347.5	5245.5	822	5308.5	5171.5	4898	92902.5	4.645.125
ORTHO009918	chaperone protein dnaJ-related	AT5G06130	1904143;31328;31326;9889;19222;50789;65007;8150;31323;50794;31325;9893;48518;48522;9891;45828;45834;19216;80090;19747;46889;46890;50821;31647;65008;5739;43231;43227;43226;5575;43229;44424;44464;5623;5622;44444;5737	6484	5668.5	6345.5	6207	2982.5	6085.5	3960	5698.5	2959	4421.5	7382.5	3686.5	5740	1800.5	5034.5	3976.5	7378	3121	5851	7299	5637	5603	5171.5	5601	96406.5	4.820.325
ORTHO008508	Thioredoxin superfamily protein	AT1G07700	18026;18022;18205;18193;6464;36211;19538;43170;71704;8152;8150;44238;43412;44267;44260;44237;9987;6479;43414;32259;8213;9507;9536;43231;43227;43226;5575;43229;44424;44464;5623;5622;44444;5737;16279;16278;8170;8168;16741;16740;3824;3674;8757;8276	6485	4664.5	5727	4969	2982.5	7583.5	2791.5	2250	6943.5	2591.5	6343	7844	6071.5	1800.5	5034.5	6712.5	3682	2199.5	2997	6467.5	4103	3222.5	5171.5	6057.5	89866.5	4.493.325
ORTHO004896	Thioesterase superfamily protein	AT1G04290	16788;16787;3824;3674;8152;8150;5777;42579;43231;43227;43226;5575;43229;44424;44464;5623;5622;44444;5737;47617;16289;16790	6486	6031	5465	4444	6664	4194	6523.5	3243.5	2592	8934.5	7040	7017.5	1352	8727.5	7487.5	5325.5	8926.5	3949	4548.5	1486	370	961.5	759.5	3635.5	87074	4353.7
ORTHO006182	S-adenosyl-L-methionine-dependent methyltransferases superfamily protein	AT3G60910	5737;44424;44464;5575;5623;5622;3824;3674;8152;8150;8168;16741;16740;32259	6487	5876	6902.5	7318	6664	5580	3758	6048	6823.5	5797.5	7594	3422.5	6071.5	1800.5	4705.5	3976.5	5864.5	3580	6531	7747	6180.5	5924	6040	6057.5	103502	5175.1
ORTHO004790	ATP-dependent caseinolytic (Clp) protease/crotonase family protein	AT1G06550	16787;3824;3674;8152;8150;80167;9628;50896;6635;9062;44242;16042;44712;9056;44710;44699;6629;71704;44238;1901575;44255;44763;9987;44237;44248;72329;46395;16054;44282;44281;6082;19752;43436;32787;6631;19395;34440;30258;55114;3860;16289;16790;16788;5737;44424;44464;5575;5623;5622	6488	5878	6849	7210	5552	7116	3025	6142.5	7183.5	1970.5	1483.5	3218	6617.5	1800.5	5034.5	5325.5	6409	3949	7042	8756	7386	6266	6854	7190.5	102769.5	5.138.475
ORTHO010901	UNC-50 family protein	AT2G15240	5634;43231;43227;43226;5575;43229;44424;44464;5623;5622;3674	6489	7373	6882.5	7276	8139.5	6946	4118.5	8395.5	5355.5	3530	7382.5	2729	7743	2711.5	3521.5	5325.5	4870.5	3121	5851	8214	6431	4308.5	7435.5	5222.5	103212.5	5.160.625
ORTHO000256_1	early-responsive to dehydration stress protein (ERD4)	AT1G32090	5886;16020;5575;44464;5623;71944;139;98588;31090;44422;43226;43227;44431;44444;44424;5622;5737;44446;43229;5794;43231;12505;9507;9536;9506;5911;30054;55044;6811;44765;6810;51234;51179;8150;1902578;44699;16021;31224;44425;3674	6490	4743.5	4538	2586	2982.5	5547	5997.5	2250	3797	1233	8606.5	2000.5	6071.5	1800.5	5034.5	6712.5	3682	2558	3421.5	813	4103	2923.5	3967	6057.5	76576	3828.8
ORTHO008237	tetratricopeptide repeat (TPR)-containing protein	AT5G63200	5575;8150	6491	4745	6634	6777	2982.5	2170	5756	3065	4602.5	8934.5	8566	8536	4099.5	5635	1016	6712.5	1670.5	6896	8266	2534.5	1610.5	7923.5	3215	8649.5	99858.5	4.992.925
ORTHO001515	Integrase-type DNA-binding superfamily protein	AT5G52020	6355;1903506;2001141;31326;9889;19222;50789;65007;8150;31323;50794;51252;19219;80090;51171;60255;10556;10468;2000112;9873;160;35556;7165;51716;9987;50896;7154;44763;44699;44700;23052;9755;32870;9725;9719;10033;42221;71495;71310;70887;71369;9723;44212;975;3677;3676;1901363;5488;3674;97159;1067;45893;10628;10604;9893;48518;1903508;1902680;51254;45935;31325;48522;51173;31328;9891;10557;50832;98542;6952;6950;51707;43207;9605;9607;51704;9620;6351;34645;44260;43170;71704;8152;44237;9059;1901576;9058;44249;97659;32774;16070;90304;6139;46483;6725;1901360;34641;6807;44238;34654;19438;44271;18130;1901362;10467;5634;43231;43227;43226;5575;43229;44424;44464;5623;5622;3700;1071	6492	6872	5311.5	4131	7662	4016	6055.5	4571	4323	7916.5	6343	5859.5	7031	2711.5	2396.5	5325.5	7850.5	2199.5	3504.5	2782	4946	1407.5	2171	4117.5	85527.5	4.276.375
ORTHO010506	Encodes a component of the TIC (translocon at the inner envelope membrane of chloroplasts) protein translocation machinery mediating the protein translocation across the inner envelope of plastids. The Arabidopsis genome encodes four Tic20 homologous proteins; AT1G04940(Tic20-I); AT2G47840(Tic20-II); AT4G03320(Tic20-IV) and AT5G55710(Tic20-V).	AT5G55710	9706;9528;19866;31090;16020;5575;44422;43226;43227;44424;44464;5623;5622;31967;31975;44446;43229;42170;44435;44444;5737;9536;43231;9526;31969;44434;9507;9941;9535;55035;42651;34357;44436;9579;31976;31984;9534;15031;45184;51234;51179;8150;8104;33036;71702;6810;16021;31224;44425;3674	6493	6533	5858	5223	5748	6529	6200	5813.5	5994	1970.5	7594	2343.5	1352	2711.5	4462	3976.5	6027	3580	6389	2347	5988	5789.5	5826.5	6210	91103.5	4.555.175
ORTHO001721	Ribosomal protein L22p/L17e family protein	AT1G27400;AT1G67430	9507;9536;43231;43227;43226;5575;43229;44424;44464;5623;5622;44444;5737;2181;6412;43043;43604;43603;34641;6807;8152;8150;44237;9987;44271;44249;9058;6518;1901564;71704;1901566;1901576;44267;19538;43170;44238;44260;34645;9059;10467;22625;15934;44391;30529;32991;44446;44422;5840;43232;43228;44445;5829;22626;3735;5198;3674;5886;16020;71944;5774;44437;5773;98588;31090;98805;44822;3723;3676;1901363;5488;97159;9506;5911;30054;55044;5730;44428;5634;31981;70013;43233;31974	6494	8724	4888	3282	8713	7071.5	6249.5	8414.5	6712.5	3977.5	8404	8702.5	2839	460.5	867	6044.5	3891.5	523.5	7482.5	2092	3604.5	710	1523.5	1215.5	80786	4039.3
ORTHO006647	translocon at the inner envelope membrane of chloroplasts 20	AT1G04940;AT1G04945	5515;5488;3674;16021;31224;44425;5575;16020;45037;45036;1902580;51641;51179;8150;1902578;44699;6605;6886;15031;45184;51234;8104;33036;71702;6810;46907;51649;34613;70727;1902582;44765;72596;72594;33365;72598;16482;44743;17038;65002;71806;55085;44763;9987;9706;9528;19866;31090;44422;43226;43227;44424;44464;5623;5622;31967;31975;44446;43229;42170;44435;44444;5737;9536;43231;9526;31969;44434;9507;9941;8565;22892;5215;5634	6495	6351	6914.5	7334	7245.5	4613.5	6430	3642.5	2902.5	8535.5	5177.5	7977	1352	8123.5	7764	6712.5	4054.5	6854.5	6056.5	3431	5061.5	5789.5	4887	4291.5	103656.5	5.182.825
ORTHO007080	cyclin-dependent kinase B1	AT2G38620;AT3G54180	8353;4674;4672;16301;16772;16740;3824;3674;8152;8150;16310;6796;6793;44237;9987;16773;6468;6464;36211;19538;43170;71704;44238;43412;44267;44260;5515;5488;30332;5524;35639;1901265;1901363;97159;43168;43167;32559;30554;17076;166;36094;32555;32553;97367;32550;32549;1882;1883;5634;43231;43227;43226;5575;43229;44424;44464;5623;5622;4693;97472;51726;50794;50789;65007;307;1902911;61695;1990234;1902494;43234;32991;42023;44786;6261;6260;6259;90304;6139;46483;6725;1901360;34641;6807;34645;9059;1901576;9058;44249;22402;44763;44699;7049;44711;44710;9826;902;32989;16043;71840;9653;32502;48856;48869;44767;60560;48589;40007;16049;7067;280;48285;6996;1903047;278;1902589;10376;48646;10103;90626;90558;9888;9886;9791;44707;32501;7275;10016;48367;48731;10374;48825;48366;48827;9793;44702;22414;3006;9790;48316;48608;61458;10154;5737;51301	6496	7673	4406.5	2317	8259	2385.5	5345.5	2903.5	5484	3317	2992.5	8272.5	3087.5	2711.5	2396.5	5325.5	4942.5	1780	5027.5	3621.5	5265	2017.5	3359	4484	74718.5	3.735.925
ORTHO006250	NAD(P)-binding Rossmann-fold superfamily protein	AT2G33630	55114;44710;8152;8150;44699;6694;1901362;1901360;71704;1901576;9058;8202;6629;44238;8610;44711;5783;43231;43227;43226;5575;43229;44424;44464;5623;5622;44444;5737;12505;3854;33764;16616;16614;16491;3824;3674;16229	6497	4483	5139	3781	2982.5	5621	2627.5	2322	2729.5	1709.5	6543	6240	6071.5	1800.5	5034.5	6712.5	3682	3949	3385	6467.5	4103	3222.5	5171.5	6057.5	83449.5	4.172.475
ORTHO009938	unknown protein	AT3G56820	8152;8150;8080;16410;16747;16746;16740;3824;3674;16407	6498	5692.5	5945.5	5393	2982.5	5016	4587.5	5348	7561.5	8446	6173.5	5572	5066	1800.5	3521.5	3976.5	4054.5	2558	4485	6148	4226.5	4471.5	4705.5	4291.5	92009.5	4.600.475
ORTHO008478	NA	NA	NA	6499	6204	4303.5	2108	5651.5	1594	5261.5	2985.5	2777	3610	4285.5	2255.5	1352	3283.5	3936.5	3976.5	965	6505.5	6700.5	5447	2313	5434	5171.5	5433.5	73287.5	3.664.375
ORTHO006591	2Fe-2S ferredoxin-like superfamily protein	AT3G07480	9055;3674;51536;51540;5488;5739;43231;43227;43226;5575;43229;44424;44464;5623;5622;44444;5737;9507;9536;9735;9725;9719;50896;8150;10033;42221	6500	5100	6279.25	6058.5	2982.5	1658.5	3628.5	2392	2914.5	6934	2402	4566	7554	8541.5	8061.5	7782	8514.5	5101.5	6056.5	8873	321.5	1228	1181	7860.5	95571	4778.55
ORTHO008722	Acyl-CoA N-acyltransferases (NAT) superfamily protein	AT2G06025	8152;8150;8080;16410;16747;16746;16740;3824;3674;16407	6501	7593	7216.5	7932	8259	7051	4698	6142.5	183	6179.5	8314	6518	1352	7213.5	7999	6712.5	3399	5626	7509	8721.5	7166	4709	2740.5	6210	108444	5422.2
ORTHO008975	unknown protein	AT3G60590	9706;9528;19866;31090;16020;5575;44422;43226;43227;44424;44464;5623;5622;31967;31975;44446;43229;42170;44435;44444;5737;9536;43231;9526;31969;44434;9507;9941;5739	6502	5476	7707	8912	6478.5	6739	3863.5	2545	7831	8168.5	7999	4779	7377.5	8316	7939.5	5325.5	901	5452.5	8031	8796	8083.5	7786.5	8290	7453	125677	6283.85
ORTHO007719	Tetratricopeptide repeat (TPR)-like superfamily protein	AT1G10330	8150;3674;5739;43231;43227;43226;5575;43229;44424;44464;5623;5622;44444;5737	6503	8605	7390.5	8278	8471	6313	8843	7935.5	7325.5	4746	3702.5	8654.5	5195	590	2163.5	8358	6752	867.5	7281	6001	7386	4067	7156	8718	112055	5602.75
ORTHO010055	unknown protein	AT2G20515	5576;5575;3674;8150	6504	5597	5494.5	4485	2982.5	5547	6182	5813.5	2134	2770	2402	3422.5	6071.5	1800.5	4705.5	3976.5	5764.5	3580	6531	2373.5	6180.5	5924	6040	6057.5	87276	4363.8
ORTHO010323	origin recognition complex subunit 4	AT2G01120	6270;6259;44260;43170;71704;8152;8150;44237;9987;90304;6139;46483;6725;1901360;34641;6807;44238;6261;6260;34645;9059;1901576;9058;44249;5634;43231;43227;43226;5575;43229;44424;44464;5623;5622;5664;44454;44427;44446;44422;5694;43232;43228;44428;228;31981;70013;43233;31974;808;43234;32991;3688;1990837;3690;43566;3677;3676;1901363;5488;3674;97159;43565;5515	6505	6443	6670	6835	7245.5	5904	3960	5568.5	5619	6966.5	2809.5	7144.5	7963	2711.5	3936.5	3976.5	5561	3121	5851	7080	5422.5	5603	5407	5601	100206	5010.3
ORTHO002405	cytochrome P450; family 715; subfamily A; polypeptide 1	AT5G52400	19825;5488;3674;55114;44710;8152;8150;44699	6506	6168	5833.75	5161.5	5651.5	7468.5	3863.5	5213.5	4953	5422.5	5973.5	3835.5	1352	2711.5	3936.5	3976.5	5108	2558	2066	7408.5	7568	5603	5407	6379.5	90804.5	4.540.225
ORTHO005375	Peptidase family M48 family protein	AT5G51740	4222;4175;70011;8233;16787;3824;3674;8152;8150;6508;19538;43170;71704;44238;8237;16020;5575;5739;43231;43227;43226;43229;44424;44464;5623;5622;44444;5737	6507	7751	6011.5	5516	6664	4675.5	3430	8890	4865	4951	6343	8224	4865.5	906.5	1910.5	5325.5	4464.5	1617	6265.5	7194	4946	2213.5	3884	7656.5	92627.5	4.631.375
ORTHO002999	MIF4G domain-containing protein / MA3 domain-containing protein	AT1G80930	5829;44444;44424;44464;5575;5623;5622;5737;398;6397;16071;16070;44260;43170;71704;8152;8150;44237;9987;90304;6139;46483;6725;1901360;34641;6807;44238;6396;10467;377;375;8380;71006;71012;5681;44428;44446;44422;43226;43229;5634;43231;43227;30529;32991;5684;71013;6412;43043;43604;43603;44271;44249;9058;6518;1901564;1901566;1901576;44267;19538;34645;9059;3723;3676;1901363;5488;3674;97159	6508	6226	5032	3556	7245.5	2295.5	5281.5	4964	6225	3751	6543	2729	3250	2711.5	3521.5	3976.5	4548.5	2199.5	5851	5400	4321	4873	5021	4801	82263.5	4.113.175
ORTHO000951	Exostosin family protein	AT3G07620;AT5G03795	16757;16740;3824;3674;8152;8150;71555;45229;16043;71840;9987;71554;139;98588;31090;16020;5575;44422;43226;43227;44431;44444;44424;44464;5623;5622;5737;44446;43229;5794;43231;12505;16021;31224;44425	6509	7105	7771.5	9034	6194	7721.5	3327	6264	5071	4605.5	8095	4566	8519	7101	8061.5	6712.5	6692.5	4595	7612.5	8756	7636	7259	8405	8909.5	129909.5	6.495.475
ORTHO005174	Glycosyl hydrolase family 47 protein	AT5G43710	5789;98588;31090;16020;5575;44422;43226;43227;44432;44444;44424;44464;5623;5622;5737;44446;43229;5783;43231;12505;44425;42175;30433;43161;10498;51603;6508;19538;43170;71704;8152;8150;44238;44257;30163;9057;1901575;9056;44265;44260;44237;9987;44248;44267;6511;19941;43632;36503;44712;44710;44699;44763;10033;42221;50896;34976;33554;51716;6950;30968;7165;50794;50789;65007;7154;44700;23052;34620;6986;35966;35967;71310;70887;5794;6491;9311;44723;5975;6487;6486;6464;36211;43412;43413;70085;9101;9100;1901135;34645;9059;1901576;9058;44249;1901137;97466;6516;1901136;1904587;1901700;4559;15923;4553;16798;16787;3824;3674;4571;15924;16021;31224	6510	5436	3278.5	47	2982.5	880.5	2703	548.5	3695.5	4720.5	291	454	1352	138	136.5	3232.5	2817	398	2122.5	2854.5	2770	300.5	1121.5	535	31071	1553.55
ORTHO009949	oxidoreductases	AT4G20350	16706;16705;16491;3824;3674;8152;8150;55114;44710;44699;51213	6511	5608	5735.75	4960.5	2982.5	5722.5	1519.5	1484	2790.5	5641.5	982	7502.5	1352	9132.5	8316.5	5325.5	2123.5	8318	7862.5	3037	7568	5603	1386	4174.5	89841.5	4.492.075
ORTHO009526	phosphoglucomutase; putative / glucose phosphomutase; putative	AT1G70820	6048;6047;6040;1901135;71704;8152;8150;9225;6139;46483;44237;9987;6725;1901360;34641;6807;44238;9226;1901137;1901576;9058;34654;19438;44249;44271;18130;1901362;46349;9570;9532;44435;44444;44424;44464;5575;5623;5622;5737;44446;44422;43226;43229;9536;43231;43227;44434;9507;16868;16866;16853;3824;3674;5829;4610;5975	6512	6336	5227	3942	7245.5	1777	4638.5	5213.5	7561.5	8647.5	6173.5	7804.5	3019.5	2711.5	2396.5	3976.5	2560.5	2199.5	4113.5	5852	3870	3609.5	4026	4291.5	84442.5	4.222.125
ORTHO009806	2-oxoglutarate (2OG) and Fe(II)-dependent oxygenase superfamily protein	AT3G11150	3674;9507;9536;43231;43227;43226;5575;43229;44424;44464;5623;5622;44444;5737;8150	6513	5617	5057.5	3602	2982.5	8834	7843.5	5077	2202	8118.5	3831.5	6080.5	4677	3431.5	1812.5	3976.5	8511	1440	444.5	5447	3539	1910	1900.5	3401.5	82478	4123.9
ORTHO000625_1	nositol transporter 3	AT2G35740;AT4G16480	5887;31226;44459;44464;5575;5623;44425;16020;5886;71944;31224;16021;5351;5402;15294;15293;15291;22804;22857;5215;3674;6810;51234;51179;8150;55085;44763;9987;44699;44765;1902578;8324;15075;22891;22892;34220;6811;98655;6812;51119;15144;1901476;8643;71702;34219;15295;15992;15672;6818;35428;8645;15749;5355;15149;15145;1904659;15758;46323;5366;5365;15166;15665;1901618;15791;15850;15798	6514	5974	7485	8456	5552	6417	6791	3003.5	5144	8535.5	2809.5	5720.5	6804.5	7909	7582.5	5325.5	6549	4595	6056.5	4630.5	5779	6952	7089	7315.5	115009	5750.45
ORTHO008843	Haloacid dehalogenase-like hydrolase (HAD) superfamily protein	AT2G33255	9507;9536;43231;43227;43226;5575;43229;44424;44464;5623;5622;44444;5737;16787;3824;3674;8152;8150;46872;43169;43167;5488	6515	5620	6243.5	5972	2982.5	5090	4244.5	5568.5	3895.5	6498.5	7040	8004.5	5740	2711.5	4462	3976.5	6162	3121	5648	7080	5422.5	3453.5	1979	5041.5	95139	4756.95
ORTHO006952	phospholipase A2-beta	AT2G19690;AT4G29460	4623;4620;16298;16788;16787;3824;3674;8152;8150;52689;5783;43231;43227;43226;5575;43229;44424;44464;5623;5622;44444;5737;12505;9860;44702;22414;44699;904;902;32989;16043;71840;9987;9653;32502;48856;48869;44767;44763;48468;30154;3006;48588;48589;40007;16049;9932;9826;60560;48868;9856;44703;51704;44706;32501;9846;44707;5576;16042;44712;9056;44710;6629;71704;44238;1901575;10119;50794;50789;65007;9733;9725;9719;50896;10033;42221;6644;19637;6793;44237;44255;6796;9416;9314;9628;30307;45927;48518;40008;1558;51128;48522;9630;9606;9605;9629;5509;46872;43169;43167;5488;9555;48229;7275;5794	6516	8203	7180.75	7845.5	7245.5	6313	7600	8726.5	2069	6364	8232.5	4467	5338.5	906.5	2396.5	8925	6549	867.5	7197.5	6001	6908	3754	7156	7860.5	107632	5381.6
ORTHO005506	FUNCTIONS IN: molecular_function unknown	AT5G47870	9507;9536;43231;43227;43226;5575;43229;44424;44464;5623;5622;44444;5737;724;725;6281;6259;44260;43170;71704;8152;8150;44237;9987;90304;6139;46483;6725;1901360;34641;6807;44238;6974;33554;51716;50896;6950;44763;44699;44710;6310;6302;3674	6517	6841	6519	6521	7662	2908.5	6588	6428.5	7455	8446	8232.5	5877.5	8519	7213.5	8203.5	5325.5	1873	1180.5	154	1426	2199	6714	2770	6801.5	98315.5	4.915.775
ORTHO005695	molybdate transporter 1	AT2G25680	5773;43231;43227;43226;5575;43229;44424;44464;5623;5622;44444;5737;15689;15698;6820;6811;44765;6810;51234;51179;8150;1902578;44699;31966;31090;16020;44422;44429;44446;5739;5740;31967;31975;1902358;98661;98660;34220;55085;44763;9987;98656;8272;72348;16021;31224;44425;15116;1901682;22857;5215;3674;15103;8509;15075;22891;22892;9507;9536;15098	6518	4384	7565	8612	5938.5	7721.5	3327	7244.5	1328.5	642.5	2653	6895.5	4007	8456.5	8163.5	7782	6099.5	5368	8380.5	8632.5	7386	7520.5	8348.5	8062	118019	5900.95
ORTHO009488	Calcineurin-like metallo-phosphoesterase superfamily protein	AT1G07010	5777;42579;43231;43227;43226;5575;43229;44424;44464;5623;5622;44444;5737;4722;4721;16791;42578;16788;16787;3824;3674;8152;8150;16311;6796;6793;44237;9987;6470;6464;36211;19538;43170;71704;44238;43412;44267;44260;9507;9536	6519	4891	4538.5	2558	2982.5	1500	3129.5	6142.5	2914.5	4399	8364	2086	3501.5	1800.5	4233.5	6712.5	3589	4154.5	3233.5	6103	3675	2328.5	3376.5	5222.5	76466	3823.3
ORTHO005106	beta-1;2-xylosyltransferase	AT5G55500	5794;43231;43227;43226;5575;43229;44424;44464;5623;5622;44444;5737;12505;32580;139;98588;31090;16020;44422;44431;44446;31985;98791;31984;5795;31204;65002;6886;15031;45184;51234;51179;8150;8104;33036;71702;6810;46907;51649;51641;34613;70727;1902582;44765;1902578;44699;71806;55085;44763;9987;6620;6612;6605;90150;72657;44802;61024;16043;71840;1902580;45047;16482;72599;72594;33365;70972;6487;6486;6464;36211;19538;43170;71704;8152;44238;43412;44267;44260;44237;43413;70085;44723;5975;44710;9101;9100;1901135;34645;9059;1901576;9058;44249;1901137;42285;16763;16757;16740;3824;3674;5576;5797;50513;35252;8194;16021;31224;44425	6520	6008	4907	3294	6664	4344.5	6572	5095	5355.5	5665	5726.5	7767.5	4738	3283.5	1910.5	3976.5	3235	1780	3792	2765	3586.5	3453.5	4006.5	3771.5	80824.5	4.041.225
ORTHO002232	GDSL-like Lipase/Acylhydrolase superfamily protein	AT3G53100;AT5G03810;AT5G03820;AT5G22810	16042;44712;9056;8152;8150;44710;44699;6629;71704;44238;1901575;5576;5575;16788;16787;3824;3674;16298	6521	8455	7185	7849	7662	7694	5661.5	9123	3957.5	2472.5	3136.5	9095	1352	5702	1254.5	8583	1746.5	7493.5	8873	6923.5	2945.5	8345.5	4324	8974	107657	5382.85
ORTHO010005	Nuclear transport factor 2 (NTF2) family protein	AT5G04830	5634;43231;43227;43226;5575;43229;44424;44464;5623;5622;5886;16020;71944;8150;3674	6522	7010	5848	5174	6194	2358	8002.5	4734	5484	8647.5	2809.5	7215	7189	2711.5	2702.5	5325.5	1321	1780	5128	7576.5	5422.5	3026	4748	4678.5	90859.5	4.542.975
ORTHO004969	carotenoid cleavage dioxygenase 8	AT4G32810	1901601;1901336;18130;46483;44237;8152;8150;9987;44249;9058;1901362;1901360;71704;1901576;1901334;1901600;6714;6721;6720;44255;6629;44710;44699;44238;44763;16106;16114;8299;8610;44711;10223;10346;48646;32502;9653;48856;10016;48367;44767;48731;7275;44707;32501;1763;9507;9536;43231;43227;43226;5575;43229;44424;44464;5623;5622;44444;5737;9733;9725;9719;50896;10033;42221;9965;9887;48513;48366;48827;16124;16122;16116;16108;16118;16110;16115;8300;44242;16042;44712;9056;1901575;44248;46872;43169;43167;5488;3674;16121;46247;42214;16119;9570;9532;44435;44446;44422;44434;9926;60918;9914;10817;65008;65007;44765;6810;51234;51179;1902578;55114;16702;16701;16491;3824;51213	6523	5414	4674.5	2826	5238	6023.5	3758	6652	4705.5	3293	7734.5	4309	4355	3497	6092	2914	3426.5	1386	3977	5277	3978	1656	4065	885.5	77984.5	3.899.225
ORTHO005082	P-loop containing nucleoside triphosphate hydrolases superfamily protein	AT5G60340	7275;44767;32502;8150;44699;44707;32501;40008;50789;65007;5524;35639;1901265;1901363;5488;3674;97159;43168;43167;32559;30554;17076;166;36094;32555;32553;97367;32550;32549;1882;1883;9826;902;32989;16043;71840;9987;9653;48856;48869;44763;60560;48589;40007;16049;16491;3824;8152;55114;44710;4017;19201;19205;16301;16772;16740;16310;6796;6793;44237;46939;9117;6753;19637;71704;55086;6139;46483;6725;1901360;34641;6807;44238;44281;16776;80186;16887;17111;16462;16818;16817;16787;5634;43231;43227;43226;5575;43229;44424;44464;5623;5622;5515	6524	6973	5248.5	3973	6194	3125	5261.5	5121.5	8053.5	2257.5	7594	4162.5	7743	2711.5	3936.5	5325.5	6298	1494	459	4809.5	6696	2433.5	1961.5	5222.5	84666	4233.3
ORTHO008546	Protein of unknown function (DUF565)	AT1G65420	10196;1990066;9416;9314;9628;50896;8150;9507;9536;43231;43227;43226;5575;43229;44424;44464;5623;5622;44444;5737;3674;16021;31224;44425;16020	6525	4736	6752	6979	2982.5	8947.5	1358	6264	7183.5	7441.5	3749	7898.5	1352	8704	7804.5	7782	3958.5	4253	3857.5	1869	3978	4970.5	3519	6281	101171	5058.55
ORTHO006059	unknown protein	AT2G21385	9941;9526;31967;31975;44464;5575;5623;44446;44422;43226;44424;5622;43229;43227;44435;44444;5737;9536;43231;44434;9507;9570;9532;8150;3674;5634	6526	5216	7607	8688	2982.5	3511	5705.5	8064.5	4405.5	8934.5	8798.5	6602.5	8205.5	5751	1145.5	3976.5	7378	6217	2030.5	5519.5	8153	8588.5	8641.5	8062	119690.5	5.984.525
ORTHO006449	elongation factor P (EF-P) family protein	AT3G08740	43043;43604;43603;34641;6807;8152;8150;44237;9987;44271;44249;9058;6518;1901564;71704;1901566;1901576;9507;9536;43231;43227;43226;5575;43229;44424;44464;5623;5622;44444;5737;6414;34645;44260;43170;9059;6412;44267;19538;44238;10467;9570;9532;44435;44446;44422;44434;3746;8135;3723;3676;1901363;5488;3674;97159	6527	5951	4809.5	3092	6664	2385.5	7963	5348	2666	8934.5	4988.5	3578.5	5066	3431.5	2702.5	3976.5	1962.5	4253	4607.5	7080	4226.5	1566.5	759.5	4174.5	79670.5	3.983.525
ORTHO007465	N2;N2-dimethylguanosine tRNA methyltransferase	AT3G56330	8033;34470;34660;16070;44260;43170;71704;8152;8150;44237;9987;90304;6139;46483;6725;1901360;34641;6807;44238;6396;10467;6399;9536;43231;43227;43226;5575;43229;44424;44464;5623;5622;44444;5737;4809;8170;8168;16741;16740;3824;3674;32259;16423;8757;8175;8173;1510;43414;43412;9451;30488;6400;3723;3676;1901363;5488;97159;9507	6528	5289	7651	8774	2982.5	7977	2703	7409.5	1839.5	2591.5	8404	8939	1352	8541.5	8471.5	5325.5	7452.5	6183.5	8559.5	9024.5	1440.5	8380.5	8723	8491	121809	6090.45
ORTHO000718	SKP1-like 4	AT1G20140;AT1G75950;AT2G25700;AT4G34210;AT4G34470;AT5G42190	5515;5488;3674;6511;19941;51603;6508;19538;43170;71704;8152;8150;44238;44257;30163;9057;1901575;9056;44265;44260;44237;9987;44248;44267;43632;5737;44424;44464;5575;5623;5622;16567;32446;70647;6464;36211;43412;4842;19787;16740;3824;5730;44428;44446;44422;43226;43229;5634;43231;43227;43232;43228;31981;70013;43233;31974;19005;31461;151;1990234;1902494;43234;32991;7067;280;48285;6996;16043;71840;1903047;22402;44763;44699;7049;278;1902589;7275;44767;32502;44707;32501;9734;9755;7165;50794;50789;65007;51716;50896;7154;44700;23052;32870;9725;9719;10033;42221;71495;71310;70887;71365;9733;45910;51053;10605;9892;48519;19222;60255;45934;19219;80090;51171;31323;51172;31324;48523;51052;18;7140;7126;1903046;51321;3;16032;44764;51704;44403;44419;9873;160;35556;71369;9723;226;7010;7017;9524;44444;5819;44430;5856;15630;7059;5829;5886;16020;71944;46686;10038;10035;9793;44702;22414;3006;9790;48856;48316;48608;61458;48731;9791;10154	6529	8322	7365.5	8202	7662	8095.5	5163.5	8233.5	1994.5	7485	7886	6027	6316	6292	7349.5	8135.5	226.5	1386	8239.5	3600	1720.5	7016	7156	8875.5	111198	5559.9
ORTHO006538	chloroplast thylakoid lumen protein	AT4G02530	9941;9526;31967;31975;44464;5575;5623;44446;44422;43226;44424;5622;43229;43227;44435;44444;5737;9536;43231;44434;9507;9579;9570;9532;9535;55035;42651;34357;16020;44436;31976;31984;9534;31977;9543;31978;9735;9725;9719;50896;8150;10033;42221;3674	6530	5868	6467.5	6405	2982.5	6529	2881	6142.5	5994	642.5	1981	3218	6617.5	1800.5	5034.5	3976.5	6409	3949	7042	8320	7386	6266	6854	6553	97596	4879.8
ORTHO009917	catalytics	AT4G03200	9507;9536;43231;43227;43226;5575;43229;44424;44464;5623;5622;44444;5737;5576;3824;3674;8152;8150	6531	5644	6370	6209	2982.5	5904	4118.5	5568.5	7978	2945.5	7199	3686.5	5740	1800.5	4303.5	3976.5	5108	3121	5851	7080	5422.5	5603	5407	5601	96414	4820.7
ORTHO009741	Ribosomal protein S21 family protein	AT3G26360	5739;43231;43227;43226;5575;43229;44424;44464;5623;5622;44444;5737;6412;43043;43604;43603;34641;6807;8152;8150;44237;9987;44271;44249;9058;6518;1901564;71704;1901566;1901576;44267;19538;43170;44238;44260;34645;9059;10467;5840;30529;32991;43232;43228;3735;5198;3674	6532	7298	5648	4764	6358.5	6417	4528.5	4670	4953	5226.5	6173.5	4991	7031	2711.5	2023.5	8358	4761	1617	3597	7408.5	5265	1735	2863.5	4484	88814.5	4.440.725
ORTHO007702	aldehyde dehydrogenase 12A1	AT5G62530	5739;43231;43227;43226;5575;43229;44424;44464;5623;5622;44444;5737;10133;6536;43648;19752;43436;6082;71704;8152;8150;44281;44710;44699;44763;9987;44237;9064;1901605;6520;1901564;6807;44238;6562;9065;1901606;9063;46395;16054;44282;44712;9056;1901575;44248;1901565;1901361;1901360;6560;46483;46700;8270;46914;46872;43169;43167;5488;3674;5759;44429;44446;44422;70013;43233;31974;9651;6970;9628;50896;6950;4028;16620;16903;16491;3824;55114;9507;9536;72593;50897;3842;16646;16645	6533	4819	6406	6279	2982.5	6679.5	2328.5	6741	7455	4178	1623	3218	6731.5	1800.5	5413.5	6712.5	4135	3121	7197.5	6960	4833.5	4169	6413.5	7120	96830.5	4.841.525
ORTHO007509	Pentatricopeptide repeat (PPR) superfamily protein	AT3G18110	9507;9536;43231;43227;43226;5575;43229;44424;44464;5623;5622;44444;5737;9793;44702;22414;8150;44699;3006;32502;9790;44767;48856;7275;44707;32501;48316;48608;61458;48731;9791;10154	6534	5228	6323.5	6113	2982.5	3296	5859	2962.5	3534	5683.5	7734.5	5019	7121	8316	7764	5325.5	8300	6029.5	490.5	2734	4946	2433.5	1405.5	6949.5	95903.5	4.795.175
ORTHO006782	ACC oxidase 1	AT2G19590	5737;44424;44464;5575;5623;5622;71281;10039;10038;10035;42221;50896;8150;1990267;71248;71241;70887;51716;9987;71732;1902170;1901699;1901698;34614;302;6979;6950;1901700;34599;33554;1901701;71731;9693;9692;43449;1900673;71704;8152;44237;43450;1900674;1901576;9058;44249;9815;16641;16638;16491;3824;3674;55114;44710;44699;6952;71398;71396;33993;10033;71310;70542;1101;71229;46872;43169;43167;5488;31418;31406;43177;36094;43168;48029;30246;19842;16706;16705;51213	6535	7080	7547	8559	7947.5	2604.5	4698	9022	7046.5	8934.5	7734.5	5810	3467	7101	7844	6712.5	42.5	4400	7042	7463	6696	6813.5	7244	6210	116885.5	5.844.275
ORTHO000319_2	subunit of exocyst complex 8	AT3G10380	9524;44444;44424;44464;5575;5623;5622;5737;6904;48278;22406;44763;9987;8150;44699;16192;6810;51234;51179;6887;32940;46903;44765;1902578;51649;51641;5886;16020;71944;5576;5634;43231;43227;43226;43229;9846;44707;32501;9856;44703;51704;22414;44706;145;44448;5938;43234;32991;5856;43232;43228;15031;45184;8104;33036;71702;5618;30312;9506;5911;30054;55044;9860;44702;904;902;32989;16043;71840;9653;32502;48856;48869;44767;48468;30154;3006;48588;48589;40007;16049;9932;9826;60560;48868;48354;10192;10191;44237;8152;44249;9058;48359;10214;48316;48608;61458;48731;7275;9791;10154;5829	6536	5252	6067.5	5599	5307.5	5090	8793	6978.5	2645.5	8398	3879	8014	3650.5	7850	8512	2821	3796.5	1538.5	2719.5	5578	3870	3609.5	4236.5	1047.5	93027.5	4.651.375
ORTHO009746	recA DNA recombination family protein	AT1G79050	730;65004;71824;43933;16043;71840;8150;9987;34622;65003;22607;44085;45003;724;725;6281;6259;44260;43170;71704;8152;44237;90304;6139;46483;6725;1901360;34641;6807;44238;6974;33554;51716;50896;6950;44763;44699;44710;6310;6302;8094;42623;16887;17111;16462;16818;16817;16787;3824;3674;400;217;43566;3677;3676;1901363;5488;97159;9432;31668;71496;9605;7154;9991;9570;9532;44435;44444;44424;44464;5575;5623;5622;5737;44446;44422;43226;43229;9536;43231;43227;44434;9507;150;42148;3697;6312;4520;4536;4518;16788;90305;4519;10212;9314;9628;3690	6537	5763	5187.5	3838	6534	5155.5	6781.5	2545	7978	2212.5	2809.5	3686.5	3521	1800.5	4233.5	3976.5	5108	3121	5851	4884.5	5422.5	5059	4100.5	5601	83847.5	4.192.375
ORTHO008326	O-fucosyltransferase family protein	AT4G17430	5802;98791;44431;44444;44424;44464;5575;5623;5622;5737;44446;44422;43226;43229;5794;43231;43227;12505;31984;5768;5634;16757;16740;3824;3674;8152;8150	6538	4755	6189.5	5841	2982.5	3489.5	6514	2728	2902.5	8063.5	7734.5	4566	7258.5	8316	7885	7782	8408	4400	284	1248	262	3609.5	1767.5	7223	94441.5	4.722.075
ORTHO008753	ABC-2 type transporter family protein	AT2G01320	9941;9526;31967;31975;44464;5575;5623;44446;44422;43226;44424;5622;43229;43227;44435;44444;5737;9536;43231;44434;9507;5524;35639;1901265;1901363;5488;3674;97159;43168;43167;32559;30554;17076;166;36094;32555;32553;97367;32550;32549;1882;1883;16020;16887;17111;16462;16818;16817;16787;3824;8152;8150;42626;43492;42623;15405;15399;22804;22857;5215;6810;51234;51179;55085;44763;9987;44699;44765;1902578;16820;16021;31224;44425	6539	3709	4485.5	2432	4356	8834	3025	6142.5	1545.5	7216	5902	4018.5	4555.5	4206	2023.5	6712.5	8983	1538.5	122.5	6103	864.5	1228	947.5	1644	75612	3780.6
ORTHO009862	unknown protein	AT1G66080	3674;5829;44444;44424;44464;5575;5623;5622;5737;8150	6540	7309	6330.5	6121	8139.5	6417	7978.5	4734	5144	4302.5	7040	4309	7189	2711.5	2702.5	5325.5	4464.5	1780	4237	7576.5	5422.5	3374.5	6538.5	4678.5	95925.5	4.796.275
ORTHO009858	unknown protein	AT3G07640	5737;44424;44464;5575;5623;5622;8150;3674	6541	5656.5	6189.5	5838	2982.5	6085.5	5746.5	2545	5619	7782	2809.5	3775.5	5740	1800.5	4462	3976.5	7378	3580	5851	3331	7568	5603	5171.5	5601	94425.5	4.721.275
ORTHO006495	Alg9-like mannosyltransferase family	AT5G14850	16757;16740;3824;3674;8152;8150;97502;70085;44723;5975;71704;44238;44710;44699;5789;98588;31090;16020;5575;44422;43226;43227;44432;44444;44424;44464;5623;5622;5737;44446;43229;5783;43231;12505;44425;42175;6505;46488;6650;6644;19637;6793;44237;9987;44255;6629;44763;6796;46486;6664;1903509;1901135;6643;30;16758;5634;10183;50918;6935;42330;40011;9605;50896;42221;48868;3006;32502;22414;48856;9856;44703;51704;44706;32501;9793;44702;9790;44767;7275;44707;48316;48608;61458;48731;9791;10154;90406;42995	6542	4559	5296.5	4051	2982.5	2005.5	822.5	1640.5	4178.5	6139.5	241.5	7662.5	2712.5	7213.5	5034.5	3976.5	8117.5	9128	8750.5	1268.5	383.5	8223.5	2713	4898	85110	4255.5
ORTHO005787	Pollen Ole e 1 allergen and extensin family protein	AT2G27385;AT5G22430	9507;9536;43231;43227;43226;5575;43229;44424;44464;5623;5622;44444;5737;8150;3674;31225;31224;44425;16020	6543	7310	7364	8185	8139.5	7603	4118.5	8212.5	5994	2366.5	1810	8712.5	8205.5	2711.5	4462	5325.5	6027	3121	7042	7408.5	7672.5	5789.5	8247	6210	111039	5551.95
ORTHO009644	CONTAINS InterPro DOMAIN/s: Ubiquitin-like; Ufm1 (InterPro:IPR005375)	AT1G77710	8150	6544	7555	6760	6976	6358.5	1885	7744.5	8181.5	5619	8063.5	2809.5	2553.5	7963	2711.5	3265	5325.5	5561	3121	6531	8478	2485.5	5213.5	8026.5	5601	101139	5056.95
ORTHO009844	Cyclophilin-like peptidyl-prolyl cis-trans isomerase family protein	AT3G15520	9534;31976;9579;44424;44464;5575;5623;5622;31984;44446;44422;43226;43229;43227;44435;44444;5737;9536;43231;44434;9507;9535;55035;42651;34357;16020;44436;9543;31978;31977;6457;9987;8150;413;18208;18193;6464;36211;19538;43170;71704;8152;44238;43412;44267;44260;44237;3755;16859;16853;3824;3674	6545	5771	7737	8929	2982.5	2425	4244.5	7192	7455	7485	2809.5	4421	7377.5	8316	7999	5325.5	7240	5626	8141.5	8818.5	8153	7786.5	7611.5	7792.5	126219.5	6.310.975
ORTHO008523	phytochrome kinase substrate 4	AT5G04190	9585;7602;9583;9416;9314;9628;50896;8150;9582;51606;9581;9605;7165;50794;50789;65007;51716;9987;7154;44763;44699;44700;23052;10017;71489;9639;71482;71478;71214;5886;16020;5575;44464;5623;71944;3674;9638;9606;9637	6546	4706	7489	8432	2982.5	1705	5205.5	6978.5	7325.5	7539	7524	4566	7121	8072	7713.5	7782	4346.5	4507	4485	5852	4668.5	6340.5	5678	7075	114484.5	5.724.225
ORTHO008707	Plant protein of unknown function (DUF828)	AT1G60790	5794;43231;43227;43226;5575;43229;44424;44464;5623;5622;44444;5737;12505;71554;9987;8150;16413;16407;16747;16746;16740;3824;3674;8152;8374	6547	7423	7327	8107	8202.5	5904	3863.5	5213.5	5619	7620	2290	8595.5	8094	2711.5	4124.5	5325.5	5561	3121	7901.5	8478	7052	5213.5	7946.5	5601	110235.5	5.511.775
ORTHO008604	zinc knuckle (CCHC-type) family protein	AT3G02820	3676;1901363;5488;3674;97159;8270;46914;46872;43169;43167;5634;43231;43227;43226;5575;43229;44424;44464;5623;5622;6974;33554;51716;9987;8150;50896;6950;48478;2000104;8156;51053;10605;9892;48519;50789;65007;19222;60255;45934;19219;80090;51171;31323;50794;51172;31324;48523;51052;6275;2000112;31326;9889;10556;2000113;31327;9890;10558;90329;45005;6259;44260;43170;71704;8152;44237;90304;6139;46483;6725;1901360;34641;6807;44238;6261;6260;34645;9059;1901576;9058;44249;7049;44763;44699	6548	7044	7122	7696	7947.5	7411.5	3628.5	5213.5	6584	2340	7734.5	2467.5	8094	2711.5	3936.5	5325.5	5685	4400	6897.5	7408.5	7254	5376	8070	5806	106344	5317.2
ORTHO007116	tryptophan biosynthesis 1	AT5G17990	9570;9532;44435;44444;44424;44464;5575;5623;5622;5737;44446;44422;43226;43229;9536;43231;43227;44434;9507;9941;9526;31967;31975;162;6568;9072;6725;44237;8152;8150;9987;1901360;71704;6520;1901564;6807;19752;43436;6082;44281;44710;44699;44763;44238;1901605;6586;42430;46483;34641;6576;44106;9308;9073;19438;44249;9058;1901362;1901576;8652;46394;16053;44283;44711;1901566;46219;42435;44271;18130;42401;9309;1901607;4048;16763;16757;16740;3824;3674	6549	5978	5973.5	5398	6664	2908.5	5560.5	5568.5	6379.5	6198.5	4172	6027	1352	9123	8093.5	5325.5	7850.5	3580	3283.5	4297.5	1166.5	5603	1900.5	3635.5	92025.5	4.601.275
ORTHO009282	copper/zinc superoxide dismutase 3	AT5G18100	5576;5575;19430;6801;72593;44237;8152;8150;9987;1990748;98754;9636;42221;50896;44763;44699;44710;71451;71450;34614;302;6979;6950;1901700;34599;33554;51716;70887;1901701;305;10035;303;5777;42579;43231;43227;43226;43229;44424;44464;5623;5622;44444;5737;5773;71472;71470;71214;9628;6970;9651;71493;10224;9411;9416;9314;34644;71482;71478;55114;8270;46914;46872;43169;43167;5488;3674;4784;16209;16721;16491;3824;71486;71484;9642;9644;9507;9536;71457;10193;1101;71229;5507	6550	6387	5008	3466	7245.5	1594	6755	2985.5	2541	6308	3526	5435.5	1352	4368	4462	3976.5	8587.5	4747.5	5128	4956.5	5779	3026	1847	4413.5	81788.5	4.089.425
ORTHO009943	Polynucleotidyl transferase; ribonuclease H-like superfamily protein	AT3G15080	4527;4518;16788;16787;3824;3674;8152;8150;90305;90304;6139;46483;44237;9987;6725;1901360;71704;34641;6807;44238;43170;16740;3676;1901363;5488;97159;5737;44424;44464;5575;5623;5622	6551	5668.5	7582	8613	2982.5	9099	6651.5	8435	8882.5	7830	3674	6240	8817.5	5549.5	867	3976.5	7708	2724.5	1004.5	1129.5	8798.5	8910.5	8930	8795.5	118023.5	5.901.175
ORTHO009331	Protein of unknown function (DUF1118)	AT5G08050	3674;9535;55035;42651;34357;16020;5575;44436;44424;44464;5623;5622;9579;44435;44444;5737;44446;44422;43226;43229;9536;43231;43227;31976;31984;44434;9507;9534;45893;10628;10604;9893;48518;50789;65007;8150;19222;60255;10468;1903508;1903506;2001141;31326;9889;31323;50794;51252;19219;80090;51171;10556;1902680;51254;45935;31325;48522;51173;31328;9891;10557;6355;2000112;80167;9628;50896;9658;9657;6996;16043;71840;9987	6552	6290	5110.5	3669	7245.5	2425	4587.5	5302.5	5484	8446	6173.5	5699	3070	2711.5	2702.5	3976.5	3836.5	2558	4263.5	6240	2439.5	3955.5	4500.5	4484	82855.5	4.142.775
ORTHO006589	P-loop containing nucleoside triphosphate hydrolases superfamily protein	AT4G12790	3924;17111;16462;16818;16817;16787;3824;3674;8152;8150;5524;35639;1901265;1901363;5488;97159;43168;43167;32559;30554;17076;166;36094;32555;32553;97367;32550;32549;1882;1883	6553	5895	7765.5	8978	6664	7694	8957	2392	1042.5	1584.5	8798.5	3422.5	7963	8511.5	8240.5	5325.5	7354	5824	8380.5	8956	8618.5	8223.5	8520	8062	127870	6393.5
ORTHO006486	Transducin/WD40 repeat-like superfamily protein	AT3G18140	5768;43231;43227;43226;5575;43229;44424;44464;5623;5622;44444;5737;12505;48571;9648;9416;9314;9628;50896;8150;1900088;31326;9889;19222;50789;65007;31323;50794;10675;6109;80090;43255;1902930;80008;31461;151;1990234;1902494;43234;32991;166;36094;5488;3674;1901265;1901363;97159;16020;1900091;80091	6554	5896	7073.5	7593	6664	6529	3628.5	5957	6823.5	6459.5	7734.5	3422.5	6071.5	1800.5	4705.5	3976.5	5864.5	3750.5	6700.5	7871	6180.5	5924	6040	6057.5	105497	5274.85
ORTHO004867	NA	NA	NA	6555	7011	4625.5	2696	7947.5	1500	7947.5	4734	6379.5	5634	6173.5	4467	7121	3283.5	2702.5	3976.5	226.5	1494	231	7498.5	5265	1525	1950	5222.5	77331.5	3.866.575
ORTHO008242	ubiquinol-cytochrome C chaperone family protein	AT5G51220	5739;43231;43227;43226;5575;43229;44424;44464;5623;5622;44444;5737;9507;9536;3674;8150	6556	8104	4865.5	3175	7245.5	4256.5	4341	3381	6124	8006.5	1082.5	5983.5	1352	4727.5	3265	5325.5	9066	1342.5	4237	7576.5	3135	332	246	6379.5	80159.5	4.007.975
ORTHO007904	Polynucleotidyl transferase; ribonuclease H-like superfamily protein	AT2G26970	4527;4518;16788;16787;3824;3674;8152;8150;90305;90304;6139;46483;44237;9987;6725;1901360;71704;34641;6807;44238;43170;16740;5622;44464;5575;5623	6557	6199	6504	6451	7245.5	6529	3758	5813.5	6943.5	2496	2402	3422.5	6071.5	1800.5	4462	3976.5	8637.5	3580	6389	7747	5988	5789.5	5826.5	6210	97842.5	4.892.125
ORTHO009857	CONTAINS InterPro DOMAIN/s: Etoposide-induced 2.4 (InterPro:IPR009890)	AT4G06676	8150;16021;31224;44425;5575;16020;3674;5739;43231;43227;43226;43229;44424;44464;5623;5622;44444;5737	6558	5682.5	7532.5	8507	2982.5	9004.5	6430	6906	7748	2284	3526	4670	7377.5	8210.5	7885	5325.5	1102.5	5452.5	8031	1208	8153	7637.5	7554.5	7453	115959	5797.95
ORTHO007359	Chaperone DnaJ-domain superfamily protein	AT4G37480	6457;9987;8150	6559	6205	7058	7557	7245.5	2467	4528.5	2838	6379.5	8006.5	3269.5	7312.5	1352	8210.5	8276	5325.5	25	5101.5	7562	8632.5	8534	6895.5	3591.5	6949.5	105257	5262.85
ORTHO008909	binding	AT4G15890	7076;30261;1902589;6996;16043;71840;8150;9987;44763;44699;6323;71103;51276;1903047;22402;7049;278;70;819;98813;7059;7067;280;48285;3682;44877;5488;3674;799;796;44427;44446;44422;5575;43226;44424;44464;5623;5622;43229;5694;43232;43228;44815;43234;32991;793;44454;44428;5634;43231;43227;228;31981;70013;43233;31974;794;10032;70192;1903046;51321;3;7126;51304;779;775;98687;42393;5515	6560	5575	7261	7962	2982.5	4123	8523	6323	2505.5	6785.5	3749	5631.5	6895.5	8210.5	7667.5	5325.5	8208.5	4747.5	5347.5	4809.5	7254	4525.5	1235	6801.5	108668.5	5.433.425
ORTHO003208	Thioesterase superfamily protein	AT3G61200	5777;42579;43231;43227;43226;5575;43229;44424;44464;5623;5622;44444;5737;16788;16787;3824;3674;8152;8150;47617;16289;16790;5634	6561	6852	6181	5801	7662	6946	4118.5	4964	7632	6288	6543	2729	3262	2711.5	3521.5	3976.5	4870.5	2199.5	5851	6632	6431	4067	6194.5	5222.5	94160	4708
ORTHO004078	ARM repeat superfamily protein	AT3G08960	5634;43231;43227;43226;5575;43229;44424;44464;5623;5622;5635;44428;44446;44422;31967;31975;12505;59;43623;6461;65003;43933;16043;71840;8150;9987;22607;44085;71822;70271;34622;6606;17038;15031;45184;51234;51179;8104;33036;71702;6810;44765;1902578;44699;6886;46907;51649;51641;34613;70727;34504;33365;1902580;1902593;1902582;51170;6913;16482;51169;72594;44744;6605;8565;22892;5215;3674;5643;5737;42991;5829;44444	6562	7344	3468.5	375	6358.5	3929	6944	3927.5	3618	6785.5	5081	1510.5	3626	138	136.5	3099	2750	168.5	1668	2820	2641	173	416.5	275	49707	2485.35
ORTHO008310	selenoprotein family protein	AT1G05720	8150;8430;5488;3674	6563	4865	4374.5	2186	5938.5	1500	2703	6323	1328.5	4240.5	8364	2392.5	3541.5	1800.5	4462	6712.5	3521.5	2199.5	3233.5	6322.5	3870	2433.5	3200.5	5601	73750	3687.5
ORTHO006968	sirtuin 2	AT5G09230	5759;44429;44444;44424;44464;5575;5623;5622;5737;44446;44422;43226;43229;5739;43231;43227;70013;43233;31974;6355;1903506;2001141;31326;9889;19222;50789;65007;8150;31323;50794;51252;19219;80090;51171;60255;10556;10468;2000112;6342;45814;10629;10605;9892;48519;40029;45892;1903507;1902679;51253;45934;51172;31324;48523;31327;9890;10558;2000113;16458;44763;9987;44699;5677;44428;5634;43234;32991;70403;51287;50662;48037;5488;3674;166;36094;1901265;1901363;97159;43168;43167;42742;9617;51707;43207;9605;50896;9607;51704;98542;6952;6950;3677;3676;46872;43169;31348;31347;80134;48583;48585;16787;3824;8152	6564	3461	5061	3558	4356	8600	6630.5	3642.5	2892	3882	4445.5	679.5	1352	6764.5	1266.5	3976.5	7240	7988	1523.5	2373.5	2960	8544.5	2713	4801	82275	4113.75
ORTHO005721	Protein phosphatase 2C family protein	AT5G26010	46872;43169;43167;5488;3674;4722;4721;16791;42578;16788;16787;3824;8152;8150;16311;6796;6793;44237;9987;6470;6464;36211;19538;43170;71704;44238;43412;44267;44260;5737;44424;44464;5575;5623;5622	6565	6360	3735	905	7245.5	663	1474	159	3682	8934.5	241.5	2937.5	1352	6414.5	1725.5	6020.5	2763.5	8875.5	2997	3331	68	1179	1361	6801.5	60980.5	3.049.025
ORTHO010121	F-box family protein	AT1G76920	5634;43231;43227;43226;5575;43229;44424;44464;5623;5622;6511;19941;51603;6508;19538;43170;71704;8152;8150;44238;44257;30163;9057;1901575;9056;44265;44260;44237;9987;44248;44267;43632;16567;32446;70647;6464;36211;43412;4842;19787;16740;3824;3674;5515;5488	6566	7351	6847	7128	6358.5	5904	3758	5213.5	5619	5716	7734.5	2467.5	1352	2711.5	3936.5	8358	5561	3121	6531	8478	7052	5213.5	7946.5	5601	102274.5	5.113.725
ORTHO008283	Protein of unknown function DUF92; transmembrane	AT1G78620	9507;9536;43231;43227;43226;5575;43229;44424;44464;5623;5622;44444;5737;9941;9526;31967;31975;44446;44422;44435;44434;9706;9528;19866;31090;16020;42170;31969;16021;31224;44425	6567	4875	6066	5565	2982.5	3406.5	7081	2000	3659	8647.5	4151.5	6688.5	7258.5	7636	1910.5	7360.5	8903.5	8564.5	2532.5	3129.5	1514.5	2433.5	1950	4060.5	92888	4644.4
ORTHO008305	pyridoxin (pyrodoxamine) 5'-phosphate oxidase	AT5G49970	9507;9536;43231;43227;43226;5575;43229;44424;44464;5623;5622;44444;5737;4733;16641;16638;16491;3824;3674;8152;8150;55114;44710;44699;42823;19438;6725;44237;9987;44249;9058;9108;51188;51186;6732;42822;1901615;71704;6081;44763;19637;6793;72524;46483;1901360;34641;6807;1901564;6796;46184;1901576;44711;1901617;90407;72525;44271;18130;1901362;1901566;8615;8614;42816;6767;6766;44281;42819;42364;9110;44283;42817;5576;5829;10181;50662;48037;5488;43168;43167;32553;97367;166;36094;1901265;1901363;97159;6739;46496;19362;6733;9117;6753;55086;6139;44238;52856;16854;16853;52857;46872;43169;5739;6734;19674	6568	3399	4914	3260	4356	6946	2528	6741	800	2284	1312.5	998	5740	3815.5	4124.5	6712.5	4252.5	3580	4113.5	7299	5061.5	4780.5	6854	2699.5	80642.5	4.032.125
ORTHO009736	ATP binding microtubule motor family protein	AT5G23910	3777;3774;17111;16462;16818;16817;16787;3824;3674;8152;8150;5871;5875;44430;44446;44422;5575;43226;44424;44464;5623;5622;43229;5856;43232;43228;43234;32991;15630;6281;6259;44260;43170;71704;44237;9987;90304;6139;46483;6725;1901360;34641;6807;44238;6974;33554;51716;50896;6950;44763;44699;44710;7018;6928;7017;3677;3676;1901363;5488;97159;5524;35639;1901265;43168;43167;32559;30554;17076;166;36094;32555;32553;97367;32550;32549;1882;1883;5874;8017;32403;44877;5515;15631;8092;5794;43231;43227;44444;5737;12505	6569	8384	4317	2065	8776.5	3040	4785	5957	3068.5	8063.5	3269.5	1755.5	4259.5	4560	2163.5	8583	8462.5	1360.5	4715	4956.5	479.5	66.5	39	3447.5	73032	3651.6
ORTHO007026	NAD(P)-binding Rossmann-fold superfamily protein	AT3G01980	5777;42579;43231;43227;43226;5575;43229;44424;44464;5623;5622;44444;5737;16491;3824;3674;8152;8150;55114;44710;44699	6570	5352	7751.5	8933	2982.5	7959	2627.5	7331	6225	1893	8798.5	2255.5	1352	8541.5	8471.5	5325.5	7452.5	6183.5	8559.5	9021	8798.5	8380.5	8723	8456	126354.5	6.317.725
ORTHO006615	GPCR-type G protein 1	AT1G64990;AT4G27630	5789;98588;31090;16020;5575;44422;43226;43227;44432;44444;44424;44464;5623;5622;5737;44446;43229;5783;43231;12505;44425;42175;139;44431;5794;9791;44767;32502;8150;44699;44707;32501;7275;10427;33293;31406;43177;36094;5488;3674;43168;43167;42562;43178;19840;8289;10228;3006;22414;48608;48856;61458;48731;51020;19899;5515;5525;35639;1901265;1901363;97159;32550;32549;1882;97367;1883;32561;19001;17076;166;32555;32553;9737;9725;9719;50896;10033;42221;33993;97305;1901700;1101;16021;31224;5886;71944;9507;9536	6571	3469	4520	2469	4356	6784	2121.5	6741	7325.5	1800	1312.5	1070.5	5740	1375.5	3721.5	6712.5	450	3580	4113.5	4131	5061.5	4525.5	6709	2575	75850	3792.5
ORTHO006438	coenzyme Q 3	AT2G30920	5743;19866;31090;16020;5575;44422;43226;43227;44424;44464;5623;5622;31967;31975;44446;43229;31966;44429;44444;5737;5739;43231;5740;8425;30580;8757;8168;16741;16740;3824;3674;8152;8150;32259;8169;6744;6743;6733;6732;51186;44237;9987;1901661;42180;71704;44281;44710;44699;44763;1901663;9108;51188;44249;9058;42181;44283;44711;1901576;9793;44702;22414;3006;32502;9790;44767;48856;7275;44707;32501;48316;48608;61458;48731;9791;10154;10420;4395;8689;61542;8171	6572	6023	7813	9054	6664	7207	4341	7192	5754	2569	8675.5	3912.5	7498	8316	8572	5325.5	7280.5	5626	8152.5	8397.5	8400	7972	8321	7543.5	131055.5	6.552.775
ORTHO003557	formate dehydrogenase	AT5G14780	5739;43231;43227;43226;5575;43229;44424;44464;5623;5622;44444;5737;9611;6950;50896;8150;9507;9536;9579;8863;16620;16903;16491;3824;3674;8152;55114;44710;44699;42183;15942;32787;19752;43436;6082;71704;44281;44763;9987;44237;72329;46395;16054;44282;44712;9056;1901575;44248;46686;10038;10035;42221	6573	5457	6177.5	5782	2982.5	1329	1342.5	5698.5	8892.5	2101.5	7734.5	3422.5	6071.5	1800.5	5034.5	8358	5864.5	3949	6700.5	1532.5	6180.5	5924	6040	6057.5	94034	4701.7
ORTHO007241	ARM repeat superfamily protein	AT4G00231	9793;44702;22414;8150;44699;3006;32502;9790;44767;48856;7275;44707;32501;48316;48608;61458;48731;9791;10154;5737;44424;44464;5575;5623;5622	6574	5295	6721	6868	2982.5	6643.5	8400	5957	8101	1409.5	2290	3422.5	6071.5	1800.5	5034.5	3976.5	5864.5	3949	6700.5	7871	6180.5	5789.5	4961.5	6057.5	100480.5	5.024.025
ORTHO002177	eukaryotic translation initiation factor 3A	AT4G11420	5737;44424;44464;5575;5623;5622;5829;44444;5886;16020;71944;5852;43234;32991;5515;5488;3674;3743;8135;3723;3676;1901363;97159;6412;43043;43604;43603;34641;6807;8152;8150;44237;9987;44271;44249;9058;6518;1901564;71704;1901566;1901576;44267;19538;43170;44238;44260;34645;9059;10467;6413;1731;22618;71826;43933;16043;71840;34622;65003;22607;44085;22613;16282;70993;30529;6446;6417;10608;10468;60255;19222;50789;65007;32268;51246;80090;31323;50794;34248;51171;2000112;31326;9889;10556;33290	6575	8443	6990	7405	8776.5	5974	7483.5	7588.5	4645.5	3861.5	7886	8888.5	4793	906.5	1910.5	8358	5561	663.5	6185.5	5672	6431	2923.5	6854	7656.5	104242.5	5.212.125
ORTHO007486	histidine triad nucleotide-binding 3	AT5G48545	9150;6163;72521;46483;44237;8152;8150;9987;6725;1901360;71704;34641;6807;1901564;9117;6753;19637;6793;55086;6139;44238;44281;44710;44699;44763;6796;9259;19693;1901135;47627;16819;16817;16787;3824;3674;5777;42579;43231;43227;43226;5575;43229;44424;44464;5623;5622;44444;5737;6790;5634	6576	7808	5741	4906	8202.5	5319	8090	2838	6124	6687	2539	2937.5	5467.5	2711.5	2910	5325.5	4761	2199.5	5851	8214	139.5	4308.5	7244	5913	89579.5	4.478.975
ORTHO008530	DNA topoisomerase; type IA; core	AT2G32000	5576;5575;6265;6259;44260;43170;71704;8152;8150;44237;9987;90304;6139;46483;6725;1901360;34641;6807;44238;71103;51276;6996;16043;71840;6268;32508;32392;6261;6260;34645;9059;1901576;9058;44249;3677;3676;1901363;5488;3674;97159;46872;43169;43167;3917;3916;16853;3824	6577	4143	6473	6369	5196	4454	3327	7435.5	7455	4491	291	5019	6513.5	8028.5	9008.5	2914	3399	6683.5	6785	6689.5	3454.5	5924	4178	1297.5	97348	4867.4
ORTHO002465	NAC domain containing protein 82	AT5G09330;AT5G64060	5634;43231;43227;43226;5575;43229;44424;44464;5623;5622;6355;1903506;2001141;31326;9889;19222;50789;65007;8150;31323;50794;51252;19219;80090;51171;60255;10556;10468;2000112;3700;1071;3674;3677;3676;1901363;5488;97159;6351;34645;44260;43170;71704;8152;44237;9987;9059;1901576;9058;44249;97659;32774;16070;90304;6139;46483;6725;1901360;34641;6807;44238;34654;19438;44271;18130;1901362;10467;7275;44767;32502;44699;44707;32501	6578	4017	4061	1544	2097	4278	3129.5	2684	4323	5491	3269.5	4111	4492.5	3815.5	1812.5	6712.5	3245	1888	2886.5	5726.5	3551.5	2213.5	3393.5	1546.5	68570	3428.5
ORTHO009598	Photosystem II reaction center PsbP family protein	AT4G15510	9579;44424;44464;5575;5623;5622;9535;55035;42651;34357;16020;44436;44435;44444;5737;44446;44422;43226;43229;9536;43231;43227;31976;31984;44434;9507;9534;31977;9543;31978;30095;98807;98796;43234;32991;44425;9523;9521;19898;9654;1990204;1902494;5509;46872;43169;43167;5488;3674;48564;43623;6461;65003;43933;16043;71840;8150;9987;22607;44085;71822;70271;34622;19684;6091;44237;8152;15979;9570;9532;5515	6579	7725	6972.5	7366	8139.5	5432.5	8162.5	4964	6225	5110.5	7382.5	2729	5467.5	906.5	3047.5	5325.5	6825	2199.5	5851	8214	6180.5	4308.5	7335	8258.5	103925	5196.25
ORTHO008308	switch 2	AT1G03750	6281;6259;44260;43170;71704;8152;8150;44237;9987;90304;6139;46483;6725;1901360;34641;6807;44238;6974;33554;51716;50896;6950;44763;44699;44710;5524;35639;1901265;1901363;5488;3674;97159;43168;43167;32559;30554;17076;166;36094;32555;32553;97367;32550;32549;1882;1883;5634;43231;43227;43226;5575;43229;44424;44464;5623;5622;3677;3676;4386;17111;16462;16818;16817;16787;3824;16020	6580	4234	4153.5	1727	2982.5	3585	5974	3136.5	3245.5	7152	4766.5	6518	2836	4134.5	1910.5	6712.5	3092	1669.5	241.5	2794.5	3375	1735	3284.5	4060.5	70223.5	3.511.175
ORTHO003157	cytochrome P450; family 724; subfamily A; polypeptide 1	AT5G14400	20037;46906;1901363;5488;3674;97159;5575;10012;8395;4497;16491;3824;8152;8150;55114;44710;44699;16132;42446;9058;42445;10817;65008;65007;16131;16128;6066;1901615;71704;44281;8202;1901360;6629;44238;16129;46165;1901617;1901576;44283;44711;6694;1901362;8610;5506;46914;46872;43169;43167;19825;16705	6581	7202	5716	4851	6194	4827.5	3513	2962.5	5851.5	5571.5	3426.5	7162	7031	2711.5	2702.5	5325.5	4054.5	4747.5	5347.5	7408.5	5265	2677	4284.5	4413.5	89283	4464.15
ORTHO007227	RNA-binding CRS1 / YhbY (CRM) domain protein	AT3G25440	9507;9536;43231;43227;43226;5575;43229;44424;44464;5623;5622;44444;5737;3723;3676;1901363;5488;3674;97159	6582	6039	4811	3040	6664	1821.5	8002.5	3065	2367.5	8118.5	3831.5	2729	1352	8511.5	8203.5	5325.5	1717	5221.5	7281	3850	440.5	696.5	536.5	6281	79352	3967.6
ORTHO007211	malate synthase	AT5G03860	6097;44723;5975;71704;8152;8150;44238;44710;44699;44262;44237;9987;46487;6081;44763;32787;19752;43436;6082;44281;4474;46912;16746;16740;3824;3674;5634;43231;43227;43226;5575;43229;44424;44464;5623;5622;5737	6583	5433	7148	7713	2982.5	5211.5	1342.5	2044	6124	4016	8095	8258	1352	8072	7582.5	5325.5	8680.5	4747.5	7644	1189.5	5988	7016	7089	6732.5	106510	5325.5
ORTHO000397	Exostosin family protein	AT4G16745;AT4G32790;AT5G11610;AT5G19670;AT5G25820;AT5G37000	16740;3824;3674;8152;8150;16020;5575;5794;43231;43227;43226;43229;44424;44464;5623;5622;44444;5737;12505	6584	8101	5933	5282	4356	4519	7872	7527.5	4231.5	4920	7886	5231.5	4617.5	1184.5	1812.5	5325.5	4054.5	1568.5	6056.5	6860	2420.5	1778.5	4521	9033	91420	4571
ORTHO008649	Galactose oxidase/kelch repeat superfamily protein	AT2G36360	5737;44424;44464;5575;5623;5622;8150;3674	6585	3816	4577.5	2570	5748	1089	2190	2185	298	5219.5	6763.5	7933	1352	3815.5	3265	6712.5	8408	3121	4016	6960	4833.5	2923.5	2855	2575	76515	3825.75
ORTHO007837	RNA-binding CRS1 / YhbY (CRM) domain-containing protein	AT2G20020	9507;9536;43231;43227;43226;5575;43229;44424;44464;5623;5622;44444;5737;9570;9532;44435;44446;44422;44434;3723;3676;1901363;5488;3674;97159;373;377;375;8380;6396;16070;44260;43170;71704;8152;8150;44237;9987;90304;6139;46483;6725;1901360;34641;6807;44238;10467;6397;16071;30529;32991	6586	6042	4973.5	3361	6664	4758	4341	5439.5	1625	6004	6543	2937.5	3351	1800.5	2702.5	3976.5	4548.5	2724.5	5128	6555.5	4226.5	4780.5	4961.5	4801	81204.5	4.060.225
ORTHO010196	unknown protein	AT2G17710	3674;5739;43231;43227;43226;5575;43229;44424;44464;5623;5622;44444;5737;8150	6587	6576	7315	8043	5748	2604.5	8793	5813.5	5994	8647.5	6343	6055	3459.5	7101	7939.5	5325.5	5404	4253	6327	5160	4833.5	6027.5	3552	5913	109546	5477.3
ORTHO008952	plastid transcriptionally active 6	AT1G21600	45893;10628;10604;9893;48518;50789;65007;8150;19222;60255;10468;1903508;1903506;2001141;31326;9889;31323;50794;51252;19219;80090;51171;10556;1902680;51254;45935;31325;48522;51173;31328;9891;10557;6355;2000112;9295;5575;42793;6351;34645;44260;43170;71704;8152;44237;9987;9059;1901576;9058;44249;97659;32774;16070;90304;6139;46483;6725;1901360;34641;6807;44238;34654;19438;44271;18130;1901362;10467;9657;6996;16043;71840;1902589;44763;44699;44711;44710;9508;229;44444;44424;44464;5623;5622;5737;5694;43232;43228;43226;43229;44435;44446;44422;9536;43231;43227;42646;9532;3674;9507	6588	8168	6674	6760	7245.5	6184	3430	7762	4865	4155	7999	8522.5	4865.5	906.5	1910.5	8358	5561	663.5	5272.5	7194	6431	2433.5	5586.5	7656.5	99756.5	4.987.825
ORTHO008725	SET domain-containing protein	AT3G56570	18026;18022;18205;18193;6464;36211;19538;43170;71704;8152;8150;44238;43412;44267;44260;44237;9987;6479;43414;32259;8213;5634;43231;43227;43226;5575;43229;44424;44464;5623;5622;16279;16278;8170;8168;16741;16740;3824;3674;8757;8276	6589	5848	7531	8473	6534	2467	8645.5	6864	7978	4909.5	3136.5	5763	1352	8210.5	7804.5	5325.5	7029	6330	7950	7299	1560	7520.5	7946.5	7223	115314	5765.7
ORTHO006845	Encodes Tunicamycin Induced 1(TIN1); a plant-specific ER stress-inducible protein. TIN1 mutation affects pollen surface morphology. Transcriptionally induced by treatment with the N-linked glyclsylation inhibitor tunicamycin.	AT5G64510	9555;48229;7275;44767;32502;8150;44699;44707;32501;48856;9507;9536;43231;43227;43226;5575;43229;44424;44464;5623;5622;44444;5737;3674;5783;12505	6590	5005	7245	7900	2982.5	542.5	5303	8509	7325.5	6440	7199	5631.5	6895.5	8210.5	7667.5	7782	6825	4887	3385	5519.5	2250	4067	2730.5	6949.5	108119.5	5.405.975
ORTHO005683	unknown protein	AT5G58510	5096;8047;30234;98772;3674;50790;19222;50789;65007;8150;65009;43085;44093;9893;48518;30695;60589;43547;43087;51336;51345;9507;9536;43231;43227;43226;5575;43229;44424;44464;5623;5622;44444;5737	6591	5964	5647	4703	6664	4890.5	4118.5	2711	6493	7916.5	6543	2640.5	3441.5	1800.5	3521.5	3976.5	4610.5	2724.5	5347.5	6754	4668.5	5308.5	5081	5957	88504.5	4.425.225
ORTHO000831	alpha/beta-Hydrolases superfamily protein	AT1G74280;AT1G74290;AT1G74300;AT2G36290;AT3G48410	16787;3824;3674;8152;8150;5783;43231;43227;43226;5575;43229;44424;44464;5623;5622;44444;5737;12505;5634	6592	9036	7494	8396	9028.5	7071.5	5770.5	9107	4474.5	7377.5	8537.5	9021	4492.5	474.5	3721.5	8925	8674	867.5	8559.5	3868	5903.5	1985	6326.5	8670.5	113827.5	5.691.375
ORTHO001236_1	phosphoglucomutase	AT5G51820	5739;43231;43227;43226;5575;43229;44424;44464;5623;5622;44444;5737;9570;9532;44435;44446;44422;9536;44434;9507;287;46872;43169;43167;5488;3674;19255;19637;71704;8152;8150;6793;44237;9987;1901135;6796;10319;9526;31967;31975;9409;9266;9628;50896;6950;19252;9250;33692;271;5976;5975;44238;43170;16051;44723;44710;44699;1901576;9058;44711;9059;34637;44262;44763;44249;44264;44260;34645;6073;44042;5982;5992;46351;5984;9311;9312;5991;9590;9582;51606;9629;9581;9605;9941;4614;16868;16866;16853;3824;48046;5576;19388;19320;19318;5996;44281;46365;44724;44712;9056;16052;1901575;44282;6012;6874;6875;55065;98771;50801;48878;42592;65008;65007;55080;30003;6873;55082;19725;55074;72507;72503;5829	6593	6906	4635.5	2678	7947.5	528.5	4457	3243.5	7978	8535.5	4265.5	2343.5	1352	3283.5	2702.5	5325.5	2860.5	4809.5	5502	7871	54	2677	4188	5222.5	77199.5	3.859.975
ORTHO001650_1	SU(VAR)3-9 homolog 6	AT2G22740;AT2G35160	5634;43231;43227;43226;5575;43229;44424;44464;5623;5622;10428;166;36094;5488;3674;1901265;1901363;97159;16571;6479;43414;44260;43170;71704;8152;8150;44237;9987;32259;43412;8213;6464;36211;19538;44238;44267;16570;16569;16568;6325;43933;16043;71840;51276;6996;1902589;44763;44699;44710;34968;18022;18205;18193;8327;43565;3677;3676;8168;16741;16740;3824;42393;5515;10429;775;98687;44427;44446;44422;5694;43232;43228;18024;16279;16278;8170;8757;8276;42054;8270;46914;46872;43169;43167;31048;6342;45814;10629;10605;9892;48519;50789;65007;19222;60255;10468;40029;45892;1903507;1903506;2001141;31326;9889;31323;50794;51252;19219;80090;51171;10556;1902679;51253;45934;51172;31324;48523;31327;9890;10558;6355;2000112;2000113;16458;31047;10200;10243;9719;50896;10033;42221;1901698;1901700;10216;6259;90304;6139;46483;6725;1901360;34641;6807	6594	8697	6969.75	7345.5	8619	7363.5	6220	8256	1954.5	3665	4330.5	5810	1352	6455	7737.5	8660.5	7299	5452.5	8458.5	1900	440.5	4873	4723.5	8780.5	103732	5186.6
ORTHO009974	NAD(P)H dehydrogenase C1	AT5G08740	3955;16655;16651;16491;3824;3674;8152;8150;55114;44710;44699;42372;42374;1901661;51186;44237;9987;42180;71704;44281;44763;1901663;9108;51188;44249;9058;6732;42181;44283;44711;1901576;31304;98573;31300;44422;5575;43226;31224;44425;16020;31090;43227;44455;44429;44444;44424;44464;5623;5622;5737;44446;43229;5739;43231;31966;5740;31967;31975;5743;19866;10287;44434;44435;9536;9507;9570;9532;9534;31976;9579;31984;50660;50662;48037;5488;43168;43167;166;36094;1901265;1901363;97159;8137;50136;3954;5618;30312;71944	6595	5855	5586	4577	2982.5	5904	6901	5568.5	4045.5	4585.5	2809.5	3686.5	3521	1800.5	3936.5	3976.5	5108	3121	5851	4884.5	5422.5	5603	5407	5601	87733	4386.65
ORTHO005006	SWITCH1	AT5G51330	7131;35825;6310;6259;44260;43170;71704;8152;8150;44237;9987;90304;6139;46483;6725;1901360;34641;6807;44238;1903046;22402;44763;44699;7049;51321;3;44710;7127;7126;280;48285;6996;16043;71840;1902589;5634;43231;43227;43226;5575;43229;44424;44464;5623;5622;7066;51177;70192;51276;7062;819;98813;7059;45144;45132;7135;7143;7275;44767;32502;44707;32501;7065;7140	6596	6875	6267.5	5939	6100.5	4758	4971.5	4964	4740.5	5520.5	6543	8441	3262	2711.5	3521.5	3976.5	4870.5	2199.5	5851	5245.5	6431	4308.5	7404.5	5222.5	94943	4747.15
ORTHO008231	Bifunctional inhibitor/lipid-transfer protein/seed storage 2S albumin superfamily protein	AT3G43720	8289;5488;3674;46658;31226;44459;44464;5575;5623;44425;16020;5886;71944;31224;31225;6869;44765;6810;51234;51179;8150;1902578;44699;71702;10876;33036;42335;44767;32502;48856;7275;44707;32501	6597	8544	5488.5	4380	8471	2735	7321	3310.5	5258	8934.5	5669.5	8158.5	2810	4344	2163.5	8358	9146.5	474	2310.5	5816	3978	35.5	53.5	5913	86789.5	4.339.475
ORTHO002134	GDSL-like Lipase/Acylhydrolase superfamily protein	AT2G42990;AT4G26790	16788;16787;3824;3674;8152;8150;5576;5575;16042;44712;9056;44710;44699;6629;71704;44238;1901575	6598	8869	7677.5	8757	8730.5	9143	8704	7527.5	4231.5	7216	7886	8818.5	4492.5	344.5	4705.5	8925	6208.5	241.5	8655.5	6274.5	8019	3453.5	7554.5	8942.5	121343.5	6.067.175
ORTHO010697	BTB/POZ domain-containing protein	AT1G55760	16567;32446;70647;6464;36211;19538;43170;71704;8152;8150;44238;43412;44267;44260;44237;9987	6599	7558	6474	6349	8259	5974	4698	4571	4865	7485	6343	5489.5	7031	2711.5	2396.5	5325.5	8680.5	1617	4663	7138.5	4946	2923.5	6194.5	4174.5	97227.5	4.861.375
ORTHO008650	bacterial hemolysin-related	AT3G25470	8168;16741;16740;3824;3674;8152;8150;32259;3723;3676;1901363;5488;97159	6600	5758	5720.5	4841	6534	6850	8450	2322	7046.5	2591.5	1483.5	3218	1352	4360.5	5596.5	3976.5	693.5	3750.5	6785	4297.5	7052	6266	6467.5	6669	89228	4461.4
ORTHO009062	CONTAINS InterPro DOMAIN/s: Craniofacial development protein 1/Bucentaur (InterPro:IPR011421)	AT5G30490	8150;5634;43231;43227;43226;5575;43229;44424;44464;5623;5622;3674	6601	5540	7768.5	8936	2982.5	7324.5	5205.5	7192	8596	1540.5	8701	3686.5	7554	8316	7999	5325.5	793	5720	8173	7871	8534	8005	8321	7591	126448.5	6.322.425
ORTHO010430	Glutathione S-transferase; C-terminal-like	AT5G12110	6414;34645;44260;43170;71704;8152;8150;44237;9987;9059;1901576;9058;44249;6412;43043;43604;43603;34641;6807;44271;6518;1901564;1901566;44267;19538;44238;10467;3746;8135;3723;3676;1901363;5488;3674;97159;5853;43234;32991;5575;44444;44424;44464;5623;5622;5737;5886;16020;71944	6602	6605	7570	8538	7245.5	8169	6713.5	6142.5	6823.5	6081	7734.5	5960	8410.5	7101	7999	5325.5	1266	4253	4548.5	5160	5422.5	6576.5	6365	6456	116507.5	5.825.375
ORTHO008692	unknown protein	AT3G19870	5634;43231;43227;43226;5575;43229;44424;44464;5623;5622;3674;8150	6603	5648.5	7131.5	7660	2982.5	8834	6798	4016	2940	8006.5	8095	5903.5	6731.5	8028.5	7582.5	5325.5	6549	3949	528	5303	2313	5924	2650	6553	106030	5301.5
ORTHO008383	ALBINA 1	AT1G08520	9534;31976;9579;44424;44464;5575;5623;5622;31984;44446;44422;43226;43229;43227;44435;44444;5737;9536;43231;44434;9507;9570;9532;15979;44237;8152;8150;9987;5524;35639;1901265;1901363;5488;3674;97159;43168;43167;32559;30554;17076;166;36094;32555;32553;97367;32550;32549;1882;1883;15995;6779;51188;51186;44249;9058;6778;33013;46483;6725;1901360;71704;1901564;6807;33014;19438;44271;34641;18130;1901362;1901576;1901566;46148;42440;44710;44699;44711;44763;15994;10007;1902494;43234;32991;16851;51003;51002;16874;3824	6604	4864	7761.5	8919	2982.5	7710.5	2703	7192	7748	3221	8314	3422.5	7963	8456.5	8203.5	7782	630	5368	7398	8632.5	7254	7520.5	8348.5	8062	125929.5	6.296.475
ORTHO006787	methionine aminopeptidase 1A	AT2G45240	16485;6508;19538;43170;71704;8152;8150;44238;51604;10467;5829;44444;44424;44464;5575;5623;5622;5737;31365;6464;36211;43412;44267;44260;44237;9987;46872;43169;43167;5488;3674;4177;8238;70011;8233;16787;3824;8235;8237	6605	7307	7230	7855	8139.5	6382	8536	5302.5	5851.5	1028.5	2216.5	8693.5	8094	2711.5	4124.5	8358	5962.5	3121	6897.5	3254	7489.5	5434	8115.5	6161.5	107734	5386.7
ORTHO008449	general transcription factor II H2	AT1G05055	3743;8135;3723;3676;1901363;5488;3674;97159;6412;43043;43604;43603;34641;6807;8152;8150;44237;9987;44271;44249;9058;6518;1901564;71704;1901566;1901576;44267;19538;43170;44238;44260;34645;9059;10467;6413;6357;6355;1903506;2001141;31326;9889;19222;50789;65007;31323;50794;51252;19219;80090;51171;60255;10556;10468;2000112;8270;46914;46872;43169;43167;5675;90575;44798;44428;44446;44422;5575;43226;44424;44464;5623;5622;43229;5634;43231;43227;5667;43234;32991;32806;1902554;1902911;61695;1990234;1902494;44451;5654;31981;70013;43233;31974;16591;55029;428;30880;439;6289;6281;6259;90304;6139;46483;6725;1901360;6974;33554;51716;50896;6950;44763;44699;44710	6606	3770.5	5443	4280	4356	2170	6220	2392	2892	2284	8314	6819	3856.5	5625.5	1196	6712.5	1806	6590	7482.5	2935	5170.5	7227.5	2669.5	3920	86282.5	4.314.125
ORTHO008933	eukaryotic translation initiation factor SUI1 family protein	AT1G71350	6413;44237;8152;8150;9987;6412;43043;43604;43603;34641;6807;44271;44249;9058;6518;1901564;71704;1901566;1901576;44267;19538;43170;44238;44260;34645;9059;10467;3743;8135;3723;3676;1901363;5488;3674;97159	6607	3857	4157	1707	4356	1227	2328.5	2114.5	5994	2524.5	1810	3218	5195	3815.5	3265	3976.5	3958.5	3121	3792	6860	4668.5	3854	5902.5	2382	70007	3500.35
ORTHO009351	LisH and RanBPM domains containing protein	AT1G06060	8150;3674	6608	6391	6573	6538	7245.5	2005.5	3430	5957	6823.5	5705.5	2290	2343.5	8306	1800.5	4462	3976.5	8662	3580	6700.5	7871	6180.5	5924	6040	6379.5	98437.5	4.921.875
ORTHO008285	Acyl-CoA N-acyltransferases (NAT) superfamily protein	AT2G39000	6474;6473;43543;6464;36211;19538;43170;71704;8152;8150;44238;43412;44267;44260;44237;9987;31365;8080;16410;16747;16746;16740;3824;3674;16407;9507;9536;43231;43227;43226;5575;43229;44424;44464;5623;5622;44444;5737;5634	6609	7151	6284	5959	7947.5	8860.5	4457	4734	5144	8006.5	2809.5	4239	7189	2711.5	2702.5	5325.5	4464.5	1780	5128	7498.5	5422.5	3374.5	6538.5	4678.5	95064	4753.2
ORTHO002713	aldehyde dehydrogenase 10A8	AT1G74920;AT3G48170	55114;44710;8152;8150;44699;9516;9536;43231;43227;43226;5575;43229;44424;44464;5623;5622;44444;5737;5829;5618;30312;71944;19285;19695;97164;6807;42439;6066;1901615;71704;44281;44763;9987;6576;44106;9308;1901564;34641;44237;31456;6578;44271;44249;9058;1901566;1901576;6577;42398;6575;31455;44711;9651;6970;9628;50896;6950;4028;16620;16903;16491;3824;3674;9507;9414;9415;1101;42221;10035;1901700;5777;42579;5739;4029;9737;9725;9719;10033;33993;97305;8802	6610	6189	5530	4450	2982.5	4758	4118.5	5439.5	4323	3147	7382.5	7957.5	3374.5	2711.5	3521.5	5325.5	1102.5	2199.5	5851	6555.5	4226.5	4873	5021	5222.5	87110.5	4.355.525
ORTHO004727	Surfeit locus protein 6	AT2G27750;AT5G05210	39660;5198;3674;5634;43231;43227;43226;5575;43229;44424;44464;5623;5622;8150;5737	6611	5477	5515.5	4420	6478.5	5155.5	5163.5	7461	4953	3795.5	1483.5	4018.5	3521	1375.5	3936.5	3976.5	5108	3580	5851	5337	5637	5603	5407	5601	86964	4348.2
ORTHO011465	Tetratricopeptide repeat (TPR)-like superfamily protein	AT1G53600	5739;43231;43227;43226;5575;43229;44424;44464;5623;5622;44444;5737;8150;3674	6612	8453	4859	3106	8471	1907.5	7744.5	7935.5	702.5	7485	7382.5	4351.5	1352	1184.5	2163.5	8358	2985	1332.5	7792.5	2880.5	1486	1778.5	2553	8367.5	79742.5	3.987.125
ORTHO005491	maternal effect embryo arrest 60	AT5G05950	3674;9793;44702;22414;8150;44699;3006;32502;9790;44767;48856;7275;44707;32501;48316;48608;61458;48731;9791;10154	6613	8150	7262	7911	8300.5	7877	2328.5	7762	5754	6889	8232.5	8654.5	3070	906.5	2163.5	8358	6549	663.5	8332	6001	7052	3503.5	6194.5	7952.5	108243.5	5.412.175
ORTHO003427	cytochrome-c oxidases	AT4G21105	5774;44437;44444;44424;44464;5575;5623;5622;5737;44446;44422;43226;43229;5773;43231;43227;98588;31090;16020;98805;5739;4129;15002;16491;3824;3674;8152;8150;55114;44710;44699;15078;15077;22890;8324;15075;22891;22857;5215;6810;51234;51179;55085;44763;9987;44765;1902578;22892;34220;6811;98655;6812;15672;1902600;15992;6818;98662;98660;9055;16676;16675	6614	8792	7210	7806	8678	5319	5410	8348	3215.5	7350.5	8404	8795.5	4793	667	1725.5	8925	5764.5	985	8576	4100	7636	1466	7404.5	8367.5	107252.5	5.362.625
ORTHO005225	RAB geranylgeranyl transferase beta subunit 2	AT3G12070;AT5G12210	5829;44444;44424;44464;5575;5623;5622;5737;5968;1990234;1902494;43234;32991;4663;4661;8318;4659;16765;16740;3824;3674;8152;8150;18344;18342;97354;44237;9987;6464;36211;19538;43170;71704;44238;43412;44267;44260	6615	7359	5908	5201	8139.5	7169.5	5327.5	5121.5	6584	2257.5	7594	2553.5	7743	2711.5	3936.5	5325.5	6409	3121	6185.5	4904	6696	1525	629	5222.5	91016	4550.8
ORTHO005888	P-loop containing nucleoside triphosphate hydrolases superfamily protein	AT1G20920;AT3G09620	10468;60255;19222;50789;65007;8150;10501;16070;44260;43170;71704;8152;44237;9987;90304;6139;46483;6725;1901360;34641;6807;44238;398;6397;16071;6396;10467;377;375;8380;8026;42623;16887;17111;16462;16818;16817;16787;3824;3674;70035;4386;5634;43231;43227;43226;5575;43229;44424;44464;5623;5622;4004;8186;3724	6616	5942	4951	3286	6664	2333	8064	4826.5	7899.5	6498.5	3461	5464.5	3313	3283.5	3265	3976.5	3106	2558	4548.5	5160	4226.5	2677	1847	4291.5	80799.5	4.039.975
ORTHO002559	Tetratricopeptide repeat (TPR)-like superfamily protein	AT4G21065	5739;43231;43227;43226;5575;43229;44424;44464;5623;5622;44444;5737;3674;8150	6617	8319	5508.5	4400	7662	8551.5	7161.5	5957	7561.5	8934.5	1483.5	8026.5	4221.5	3450.5	1404.5	5325.5	3682	1386	3904.5	5126.5	3036.5	596	2261.5	4801	86872	4343.6
ORTHO008848	RNA-binding (RRM/RBD/RNP motifs) family protein	AT2G43370	3723;3676;1901363;5488;3674;97159;398;6397;16071;16070;44260;43170;71704;8152;8150;44237;9987;90304;6139;46483;6725;1901360;34641;6807;44238;6396;10467;377;375;8380;5689;5681;44428;44446;44422;5575;43226;44424;44464;5623;5622;43229;5634;43231;43227;30529;32991;3729;44822;5515;71011;17069;243;5684	6618	5679	3468.5	319	2982.5	3971.5	6935	3869	4014	4476	478.5	7651.5	3784.5	138	136.5	3232.5	630	398	1922	3108	2313	227	294.5	431	48010.5	2.400.525
ORTHO003439	Integrase-type DNA-binding superfamily protein	AT1G28160;AT5G13910	6355;1903506;2001141;31326;9889;19222;50789;65007;8150;31323;50794;51252;19219;80090;51171;60255;10556;10468;2000112;3700;1071;3674;5622;44464;5575;5623;3677;3676;1901363;5488;97159;9873;160;35556;7165;51716;9987;50896;7154;44763;44699;44700;23052;9755;32870;9725;9719;10033;42221;71495;71310;70887;71369;9723;5634;43231;43227;43226;43229;44424;6351;34645;44260;43170;71704;8152;44237;9059;1901576;9058;44249;97659;32774;16070;90304;6139;46483;6725;1901360;34641;6807;44238;34654;19438;44271;18130;1901362;10467;9740;10476;71370;9739;33993;1101;1901700;71396;71229;1901701;10030;48582;48580;2000026;50793;51239;51240;48518;51094;10029;1900140	6619	6018	5355.5	4092	2982.5	1594	6765	4964	4740.5	2721	5836	7968.5	3433.5	1800.5	4462	3976.5	4548.5	2724.5	5347.5	4778	4668.5	5059	5021	4898	85306.5	4.265.325
ORTHO000417	Thiamine pyrophosphate dependent pyruvate decarboxylase family protein	AT4G33070;AT5G01320;AT5G01330;AT5G54960	4737;16831;16830;16829;3824;3674;8152;8150;9507;9536;43231;43227;43226;5575;43229;44424;44464;5623;5622;44444;5737;16020;34059;36293;70482;9628;50896;6950;30976;50662;48037;5488;1901363;97159;1901681;43168;43167;43169;19842;36094;287;46872;5829;1666	6620	8993	6995	7370	8758.5	6986.5	3628.5	3136.5	3095.5	8168.5	7382.5	9026	6804.5	1375.5	5523	8925	5032.5	227	8344	6923.5	3001	1566.5	5678	9134.5	103959	5197.95
ORTHO005924	cytidine/deoxycytidylate deaminase family protein	AT3G47390	16799;16798;16787;3824;3674;8152;8150;8703;16616;16614;16491;55114;44710;44699;9658;9657;6996;16043;71840;9987;46443;72387;6732;51186;44237;42726;46483;1901360;71704;34641;6807;1901564;9117;6753;19637;6793;55086;6139;6725;44238;44281;44763;6796;9507;9536;43231;43227;43226;5575;43229;44424;44464;5623;5622;44444;5737;1901135;9644;9642;9416;9314;9628;50896;8270;46914;46872;43169;43167;5488	6621	6020	6619	6617	5328	7030	8627.5	7409.5	4287	6966.5	3526	2392.5	4955.5	8072	8677	2821	4666	4253	6389	5578	1507	6182.5	4404	1215.5	98959.5	4.947.975
ORTHO010057	unknown protein	AT1G07040	8150;9507;9536;43231;43227;43226;5575;43229;44424;44464;5623;5622;44444;5737	6622	5907	4884.5	3147	2982.5	1777	8896	5213.5	5484	3764.5	6173.5	5720.5	4865.5	1800.5	2023.5	3976.5	3682	2199.5	4205.5	3850	3870	3854	4451.5	4174.5	79982	3999.1
ORTHO010098	unknown protein	AT3G51510	9535;55035;42651;34357;16020;5575;44436;44424;44464;5623;5622;9579;44435;44444;5737;44446;44422;43226;43229;9536;43231;43227;31976;31984;44434;9507;9534;8150;3674	6623	5799	5165.5	3708	2982.5	2385.5	6395	5348	7561.5	6139.5	6173.5	6929	5066	1800.5	1616	3976.5	4004	2558	4328.5	1320	4103	4423	4632	4291.5	83051	4152.55
ORTHO004956	ZPR1 zinc-finger domain protein	AT5G22480;AT5G37340	8150;5634;43231;43227;43226;5575;43229;44424;44464;5623;5622;8270;46914;46872;43169;43167;5488;3674;5829;44444;5737	6624	6463	5704.5	4785	7245.5	2333	5238	5439.5	2940	5776	6343	7917	7743	2711.5	2702.5	3976.5	4638.5	2558	4795.5	5245.5	4226.5	4612.5	4843.5	4898	88938	4446.9
ORTHO005415	Mediator complex; subunit Med7	AT5G03220;AT5G03500	5634;43231;43227;43226;5575;43229;44424;44464;5623;5622;16592;44451;44428;44446;44422;5654;31981;70013;43233;31974;43234;32991;5515;5488;3674;6351;34645;44260;43170;71704;8152;8150;44237;9987;9059;1901576;9058;44249;97659;32774;16070;90304;6139;46483;6725;1901360;34641;6807;44238;34654;19438;44271;18130;1901362;10467;6357;6355;1903506;2001141;31326;9889;19222;50789;65007;31323;50794;51252;19219;80090;51171;60255;10556;10468;2000112;1104;1076;989;988;3712;70847;90575;44798;5667;16591;55029;428;30880;61695;1990234;1902494	6625	6269	7158.5	7692	7245.5	6643.5	3430	5957	4418	1123	7734.5	8132.5	8306	2711.5	4462	3976.5	5864.5	3580	6700.5	7871	6578.5	6077	6194.5	6553	106313.5	5.315.675
ORTHO010638	unknown protein	AT3G03560	5886;16020;5575;44464;5623;71944;5634;43231;43227;43226;43229;44424;5622	6626	7608.5	7451	8276	8259	6085.5	8376	5213.5	1328.5	4564.5	7734.5	8595.5	8094	2711.5	3936.5	5325.5	5457.5	3121	6531	8551.5	7166	5376	8070	5806	112044.5	5.602.225
ORTHO007253	CONTAINS InterPro DOMAIN/s: Small-subunit processome; Utp12 (InterPro:IPR007148)	AT1G15420	3674;5634;43231;43227;43226;5575;43229;44424;44464;5623;5622;9506;5911;30054;55044;8150	6627	6968	6990.5	7354	6194	7411.5	3513	5348	8906.5	2425	2653	2392.5	8094	2711.5	4124.5	3976.5	5962.5	3580	6897.5	7747	8350.5	5434	8115.5	6145.5	103788.5	5.189.425
ORTHO003039	alpha carbonic anhydrase 7	AT1G08080	9507;9536;43231;43227;43226;5575;43229;44424;44464;5623;5622;44444;5737;6730;44281;44710;8152;8150;44699;44763;9987;44237;9570;9532;44435;44446;44422;44434;8270;46914;46872;43169;43167;5488;3674;4089;16836;16835;16829;3824	6628	7385	3358	88	7947.5	908.5	6580.5	3999.5	3855	4556	513.5	907	1352	138	136.5	3128	2786	203.5	1772.5	1426	2800	193	479	330.5	36065	1803.25
ORTHO010106	unknown protein	AT3G55760	9507;9536;43231;43227;43226;5575;43229;44424;44464;5623;5622;44444;5737;9570;9532;44435;44446;44422;44434	6629	5807	5820.5	5012	2982.5	2170	3863.5	5302.5	8207	6381.5	6173.5	3578.5	6071.5	1800.5	4462	3976.5	5404	1538.5	875	7408.5	5637	5789.5	5649	5806	90094.5	4.504.725
ORTHO000328	Arabidopsis thaliana protein of unknown function (DUF821)	AT1G63420;AT2G45830;AT2G45840;AT3G48980;AT3G61270;AT3G61280;AT3G61290;AT5G23850	9507;9536;43231;43227;43226;5575;43229;44424;44464;5623;5622;44444;5737;5768;12505;5802;98791;44431;44446;44422;5794;31984;6664;1903509;6629;71704;8152;8150;44710;44699;44238;1901135;6643;44255;44763;9987;44237;46527;16758;16757;16740;3824;3674;5634;5576	6630	9107	7736.5	8843	9070.5	8734.5	9155	9105	4551	6198.5	8095	9112.5	6513.5	328.5	5661	9078	2723	161	9069.5	9028.5	3364.5	4612.5	8993	9161	123645.5	6.182.275
ORTHO004461	Haloacid dehalogenase-like hydrolase (HAD) superfamily protein	AT2G14110	8150;16791;42578;16788;16787;3824;3674;8152;16311;6796;6793;44237;9987	6631	8564	6767	6903	8713	5904	8271	8640	6493	3972	8232.5	5877.5	6227	6332.5	7313.5	5325.5	101	1406.5	6700.5	1391	4946	5059	4927.5	3565	100685	5034.25
ORTHO009733	Copine (Calcium-dependent phospholipid-binding protein) family	AT5G63970	16874;3824;3674;8152;8150;8270;46914;46872;43169;43167;5488;5886;16020;5575;44464;5623;71944;16567;32446;70647;6464;36211;19538;43170;71704;44238;43412;44267;44260;44237;9987;42742;9617;51707;43207;9605;50896;9607;51704;98542;6952;6950;9867;9755;7165;50794;50789;65007;51716;7154;44763;44699;44700;23052;32870;9725;9719;10033;42221;71495;71310;70887;71395;9753;1101;1901700;71229;1901701;9611;4842;19787;16740	6632	7193	6727.25	6822.5	6194	5319	4118.5	4964	6124	7666.5	6343	2937.5	7743	2711.5	3265	5325.5	4761	2199.5	5851	8077	6180.5	4169	7156	5222.5	100134	5006.7
ORTHO004695	double-stranded RNA binding protein-related / DsRBD protein-related	AT4G20910;AT4G20920	5737;44424;44464;5575;5623;5622;46872;43169;43167;5488;3674;10589;9954;3002;7389;44767;32502;8150;44699;44707;32501;7275;35279;98795;6379;90501;16070;44260;43170;71704;8152;44237;9987;90304;6139;46483;6725;1901360;34641;6807;44238;90305;16071;16458;10629;10605;9892;48519;50789;65007;19222;60255;10468;44763;35195;35194;16441;10608;40029;31047;1510;43414;32259;43412;9451;35196;70918;31050;6396;10467;44710;71359;71407;14070;10033;42221;50896;71310;70887;51716;43331;1901698;1901699;9616;51607;2252;2376;9615;51707;43207;9605;9607;51704;98542;6952;6950;98586;45087;6955;52018;44003;51817;35821;65008;44403;44419;51701;52249;10093;44702;22414;3006;10092;48645;48646;9653;48856;9887;48513;48731;48449;48444;48563;9886;9791;48569;48437;9908;90567;48608;61458;48367;30422;16246;10305;10051;8173;8168;16741;16740;3824;9909;48580;2000026;50793;51239;48831;2000241;3723;3676;1901363;97159;8171;5634;43231;43227;43226;43229;3725	6633	4942	5736	4839	2982.5	3406.5	8964	378.5	1839.5	8934.5	3749	632	1352	7699.5	2396.5	6020.5	1450	9137	3904.5	5447	2815.5	8666	7946.5	4484	89223	4461.15
ORTHO008737	Ribosomal RNA adenine dimethylase family protein	AT1G01860	16422;8174;8757;8168;16741;16740;3824;3674;8152;8150;32259;8173;1510;43414;44260;43170;71704;44237;9987;43412;9451;16070;90304;6139;46483;6725;1901360;34641;6807;44238;80009;16556;16071;179;8170;16433;8649;31167;154;6364;34470;34660;6396;10467;16072;42254;22613;44085;71840;5737;44424;44464;5575;5623;5622;9409;9266;9628;50896;6950;3723;3676;1901363;5488;97159;9507;9536;43231;43227;43226;43229;44444	6634	6435	6359.5	6085	7245.5	5833.5	4118.5	5568.5	5619	1842.5	5973.5	3686.5	7963	2711.5	3936.5	3976.5	5108	3121	5851	8478	5422.5	5603	5322	5601	95736	4786.8
ORTHO010383	CONTAINS InterPro DOMAIN/s: Sgf11; transcriptional regulation (InterPro:IPR013246)	AT5G58575	8150;5634;43231;43227;43226;5575;43229;44424;44464;5623;5622;3674	6635	6284	7310.5	7986	7245.5	7116	3025	6142.5	7899.5	1155	1981	8224	8519	2711.5	4842.5	3976.5	6409	3949	7042	8320	7386	6182.5	6854	7190.5	108925.5	5.446.275
ORTHO006827	Tetratricopeptide repeat (TPR)-like superfamily protein	AT3G06430	9555;48229;7275;44767;32502;8150;44699;44707;32501;48856;19843;3723;3676;1901363;5488;3674;97159;9793;44702;22414;3006;9790;48316;48608;61458;48731;9791;10154;5739;43231;43227;43226;5575;43229;44424;44464;5623;5622;44444;5737;9507;9536;48868;9856;44703;51704;44706;9553	6636	4808	4523.5	2411	2982.5	5090	1247	6142.5	7632	5327.5	5973.5	2803.5	3521	1800.5	4462	6712.5	3589	2199.5	3172	1070.5	3675	2433.5	3383	5222.5	75457	3772.85
ORTHO003912	NA	NA	NA	6637	8569	7500.5	8364	8471	6966	7600	7762	5144	3147	8232.5	8654.5	5195	590	2163.5	8358	6549	663.5	7950	5929.5	8663	3955.5	7156	8697.5	113376.5	5.668.825
ORTHO000618_1	histone H2A 12	AT5G02560;AT5G59870	3682;44877;5488;3674;792;785;44427;44446;44422;5575;43226;44424;44464;5623;5622;43229;5694;43232;43228;32991;3677;3676;1901363;97159;5634;43231;43227;70828;6325;43933;16043;71840;8150;9987;51276;6996;775;98687;5721;5730;44428;31981;70013;43233;31974;9506;5911;30054;55044	6638	9069	6152.5	5667	9089	4172	187.5	4077.5	24	8934.5	8958.5	3686.5	1352	8541.5	7548.5	8135.5	9037	8304.5	7612.5	951.5	5637	64	37	6161.5	93423	4671.15
ORTHO006974	iron-regulated protein 3	AT5G26820	34755;98662;98660;34220;6811;44765;6810;51234;51179;8150;1902578;44699;55085;44763;9987;98655;6812;6826;41;30001;9941;9526;31967;31975;44464;5575;5623;44446;44422;43226;44424;5622;43229;43227;44435;44444;5737;9536;43231;44434;9507;5215;3674;5886;16020;71944;5381;46915;46873;22890;8324;15075;22891;22857;22892;6879;46916;6875;55065;98771;50801;48878;42592;65008;65007;55080;30003;6873;55082;19725;55076;55072;16021;31224;44425	6639	6591	5566	4493	7245.5	1500	6901	2545	460	4851.5	7382.5	4018.5	1352	3374	4462	3976.5	8637.5	4400	6185.5	5002	5637	5603	5407	5601	87296	4364.8
ORTHO005485	stress enhanced protein 1	AT4G34190	9523;9521;98796;43234;32991;5575;44425;16020;44436;44424;44464;5623;5622;9579;34357;9644;9642;9416;9314;9628;50896;8150;9535;55035;42651;44435;44444;5737;44446;44422;43226;43229;9536;43231;43227;31976;31984;44434;9507;9534;71486;71484;71482;71478;71214;51716;9987;16168;46906;1901363;5488;3674;97159;71492;70141;9411;34644;9611;6950;16021;31224	6640	6951	5820.5	5001	7947.5	5285	5581	5439.5	5994	6966.5	7382.5	2937.5	3207	2711.5	2702.5	3976.5	4666	2558	4968.5	4060.5	7636	4067	4887	5007.5	90034	4501.7
ORTHO008745	FUNCTIONS IN: molecular_function unknown	AT1G02870	3674;5634;43231;43227;43226;5575;43229;44424;44464;5623;5622	6641	5603	4140.5	1640	2982.5	3193.5	2032.5	3147.5	3019	7782	3917	2803.5	1352	5465	551	3976.5	8865	1180.5	358	748	517	8793	2603	8998.5	69302.5	3.465.125
ORTHO006600	DNAJ heat shock N-terminal domain-containing protein	AT4G10130	6457;9987;8150;5737;44424;44464;5575;5623;5622	6642	7915	7496.5	8351	6857.5	7071.5	7665	7935.5	6225	7125	7382.5	4309	5467.5	906.5	2163.5	8358	6825	867.5	6056.5	6197.5	7925	4873	7667.5	8159	113180	5659
ORTHO006737	Ribosomal protein L9/RNase H1	AT5G53070	6412;43043;43604;43603;34641;6807;8152;8150;44237;9987;44271;44249;9058;6518;1901564;71704;1901566;1901576;44267;19538;43170;44238;44260;34645;9059;10467;5840;30529;32991;5575;44424;44464;5623;5622;43232;43228;43226;43229;44444;5737;9507;9536;43231;43227;42254;22613;44085;71840;3735;5198;3674	6643	4773	7537	8431	5938.5	6784	3129.5	7084	8596	1970.5	8095	367.5	7377.5	8316	7999	7782	5240.5	4673.5	5502	8077	2123	6859.5	7048.5	7453	114478	5723.9
ORTHO007959	Cwf15 / Cwc15 cell cycle control family protein	AT3G13200	398;6397;16071;16070;44260;43170;71704;8152;8150;44237;9987;90304;6139;46483;6725;1901360;34641;6807;44238;6396;10467;377;375;8380;5681;44428;44446;44422;5575;43226;44424;44464;5623;5622;43229;5634;43231;43227;30529;32991;3674	6644	7095	7194	7744	7947.5	6227.5	6901	5213.5	7978	5345	7734.5	2467.5	8094	2711.5	3936.5	5325.5	5561	3121	5027.5	5277	7052	5213.5	7946.5	5601	106734	5336.7
ORTHO010298	WHIRLY 2	AT1G71260	5739;43231;43227;43226;5575;43229;44424;44464;5623;5622;44444;5737;6355;1903506;2001141;31326;9889;19222;50789;65007;8150;31323;50794;51252;19219;80090;51171;60255;10556;10468;2000112;6281;6259;44260;43170;71704;8152;44237;9987;90304;6139;46483;6725;1901360;34641;6807;44238;6974;33554;51716;50896;6950;44763;44699;44710;9507;9536;3677;3676;1901363;5488;3674;97159;6952	6645	6788	7784.5	8924	7662	6761.5	6338	8395.5	6379.5	6198.5	3136.5	7280	8675.5	7213.5	8276	5325.5	6955.5	4887	7562	2782	7254	7320	7667.5	7721.5	126129.5	6.306.475
ORTHO008359	urease accessory protein F	AT1G21840	5737;44424;44464;5575;5623;5622;16151;46914;46872;43169;43167;5488;3674;6807;8152;8150;48554;48552;50790;19222;50789;65007;65009;43085;44093;9893;48518	6646	4348	5066.25	3486.5	2982.5	5516	1204	2614.5	8101	7125	6763.5	367.5	6071.5	1800.5	5034.5	6712.5	3796.5	3949	3421.5	1584.5	5779	2541	3492.5	6057.5	81932	4096.6
ORTHO009010	Peptide chain release factor 2	AT1G56350	6415;43624;43241;32984;43933;16043;71840;8150;9987;22411;44763;44699;71822;6412;43043;43604;43603;34641;6807;8152;44237;44271;44249;9058;6518;1901564;71704;1901566;1901576;44267;19538;43170;44238;44260;34645;9059;10467;9570;9532;44435;44444;44424;44464;5575;5623;5622;5737;44446;44422;43226;43229;9536;43231;43227;44434;9507;16149;3747;8079;8135;3723;3676;1901363;5488;3674;97159;43022;43021;44877	6647	5836	6196.5	5746	2982.5	5155.5	5486.5	5698.5	7978	2307	7382.5	3686.5	5740	1800.5	3521.5	3976.5	5240.5	3121	6109.5	4211	5637	5603	5541.5	5601	93797.5	4.689.875
ORTHO007662	Cystathionine beta-synthase (CBS) protein	AT1G69800	5975;71704;8152;8150;44238;30554;17076;166;36094;5488;3674;1901265;1901363;97159	6648	6149	6319.75	5991.5	5651.5	5432.5	5130.5	5439.5	8149.5	4746	6543	7957.5	5740	1800.5	3521.5	3976.5	4548.5	2724.5	5220.5	5215.5	4384	4873	5021	4801	95225	4761.25
ORTHO007009	P-loop containing nucleoside triphosphate hydrolases superfamily protein	AT5G59440	5737;44424;44464;5575;5623;5622;4798;19201;19205;16301;16772;16740;3824;3674;8152;8150;16310;6796;6793;44237;9987;46939;9117;6753;19637;71704;55086;6139;46483;6725;1901360;34641;6807;44238;44281;44710;44699;44763;16776;5829;44444;5654;44428;44446;44422;43226;43229;5634;43231;43227;31981;70013;43233;31974;9507;9536;5739	6649	6254	7052.5	7456	7245.5	6529	3025	6142.5	7183.5	1409.5	7886	3218	8519	2711.5	599	3976.5	6409	3949	7042	8320	7386	6266	6854	7190.5	104616	5230.8
ORTHO007106	carotenoid isomerase	AT1G06820	16117;16109;16114;6721;6720;44255;6629;71704;8152;8150;44710;44699;44238;44763;9987;44237;8299;8610;1901576;9058;44711;44249;16108;46148;42440;16116;46608;16859;16853;3824;3674;31969;42170;31090;16020;5575;44422;43226;43227;44435;44444;44424;44464;5623;5622;5737;44446;43229;9536;43231;9526;31967;31975;44434;9507;9941;16491;55114;9662;9657;6996;16043;71840	6650	4238	4216.5	1783	5196	1658.5	2528	7084	6584	2025.5	2539	1854	4793	3815.5	6243.5	2080.5	3076	5944.5	4293	5726.5	3323	2433.5	3733.5	1047.5	70783	3539.15
ORTHO010587	unknown protein	AT5G11500	5737;44424;44464;5575;5623;5622;8150;3674	6651	6193	7467.5	8284	5651.5	4633.5	4835.5	4053	5754	6621	6173.5	6240	8205.5	7101	7764	5325.5	5108	4747.5	6185.5	7747	5061.5	6077	4748	5806	112187	5609.35
ORTHO006599	unknown protein	AT1G21065	9507;9536;43231;43227;43226;5575;43229;44424;44464;5623;5622;44444;5737;8150	6652	8517	5174.5	3697	8776.5	7780	6949.5	6864	4142	8934.5	4593.5	6674.5	4444	1321.5	1462	8358	3752	1386	1473.5	2008	2890	611	2479	6850.5	82973.5	4.148.675
ORTHO004997	magnesium transporter 6	AT3G58970	98655;6812;6811;44765;6810;51234;51179;8150;1902578;44699;34220;55085;44763;9987;15095;72509;22890;8324;15075;22891;22857;5215;3674;22892;72511;46873;30001;1903830;5886;16020;5575;44464;5623;71944;16021;31224;44425;15693;70838	6653	7771	5963	5273	5476.5	5211.5	1765.5	8982	6584	7722.5	4272.5	4877	6227	5751	1063	5325.5	8542.5	1440	7676.5	3495.5	3621.5	4612.5	2553	1644	91367	4568.35
ORTHO010409	NAD+ transporter 1	AT2G47490	16021;31224;44425;5575;16020;5743;19866;31090;44422;43226;43227;44424;44464;5623;5622;31967;31975;44446;43229;31966;44429;44444;5737;5739;43231;5740;51724;51184;5215;3674;6810;51234;51179;8150;51181;44765;1902578;44699;43132;6862;15748;71702;15931;71705;31969;42170;44435;9536;9526;44434;9507;9941;55085;44763;9987;15297;15291;22804;22857;6839;1902582;46907;51649;51641	6654	8128	4518	2382	7245.5	3602.5	1224.5	4281	3753	8535.5	4209.5	6832	4955.5	460.5	1549	3976.5	7664	5569	1537.5	2059.5	2660.5	1566.5	2617	8111.5	75165	3758.25
ORTHO005038	co-factor for nitrate; reductase and xanthine dehydrogenase 5	AT5G55130	5737;44424;44464;5575;5623;5622;61604;16783;16782;16740;3824;3674;8152;8150;5524;35639;1901265;1901363;5488;97159;43168;43167;32559;30554;17076;166;36094;32555;32553;97367;32550;32549;1882;1883;18192;18307;6464;36211;19538;43170;71704;44238;43412;44267;44260;44237;9987;98822;18198;18193;6777;9108;51188;51186;44249;9058;6732;19720;43545;19637;6793;51189;46483;1901360;1901564;6807;6796;32324;18130;1901362;1901576;90407;1901566;2143;2098;2097;6400;9451;16070;90304;6139;6725;34641;8033;34470;34660;6396;10467;6399;34227;4792;8265;61605;70566;16779;16772;8641;16877;16874;5829;44444;46872;43169	6655	4161	4939	3223	5938.5	3309	2328.5	6573	7183.5	5426.5	6763.5	1198.5	5195	3815.5	3265	6712.5	4054.5	2199.5	1399	6860	4668.5	3222.5	3849	2439.5	80463	4023.15
ORTHO006614	SIN3 associated polypeptide P18	AT2G45640	5515;5488;3674;6351;34645;44260;43170;71704;8152;8150;44237;9987;9059;1901576;9058;44249;97659;32774;16070;90304;6139;46483;6725;1901360;34641;6807;44238;34654;19438;44271;18130;1901362;10467;6355;1903506;2001141;31326;9889;19222;50789;65007;31323;50794;51252;19219;80090;51171;60255;10556;10468;2000112;5634;43231;43227;43226;5575;43229;44424;44464;5623;5622;5730;44428;44446;44422;43232;43228;31981;70013;43233;31974;9737;9725;9719;50896;10033;42221;33993;97305;1901700;1101;9651;6970;9628;6950	6656	8316	6041.5	5427	8471	5684	5345.5	8719.5	6124	4722.5	6173.5	8467	1352	1254	1910.5	8925	5365	1114.5	6327	3659	5988	1179	2617	7266.5	92193.5	4.609.675
ORTHO000830	homolog of SU(var)3-9 1	AT1G04050;AT3G04380;AT5G43990	34968;16571;6479;43414;44260;43170;71704;8152;8150;44237;9987;32259;43412;8213;6464;36211;19538;44238;44267;16570;16569;16568;6325;43933;16043;71840;51276;6996;1902589;44763;44699;44710;18022;18205;18193;8270;46914;46872;43169;43167;5488;3674;5730;44428;44446;44422;5575;43226;44424;44464;5623;5622;43229;5634;43231;43227;43232;43228;31981;70013;43233;31974;18024;16279;16278;8170;8168;16741;16740;3824;8757;8276;42054;5694;9506;5911;30054;55044;9507;9536;44444;5737	6657	8603	6677	6697	8940	7207	8536	8509	4507	6401	6070	7179.5	4865.5	590	1304	3976.5	6208.5	1017	5128	7986	4946	5132.5	4391	5433.5	99388	4969.4
ORTHO008207	NAD(P)-binding Rossmann-fold superfamily protein	AT4G27250	5634;43231;43227;43226;5575;43229;44424;44464;5623;5622;50662;48037;5488;3674;3824;8152;8150;45551;16616;16614;16491;55114;44710;44699	6658	8769	5904	5150	8678	8937	8930	3166	4865	6480	8487.5	3872	1352	906.5	2163.5	8925	6549	1360.5	3149.5	1556.5	1650	2608	7244	8552	90754	4537.7
ORTHO007041	SNARE-like superfamily protein	AT1G47830	5905;98589;16020;5575;44425;98805;44464;5623;12505;30122;98797;44459;5886;71944;98796;43234;32991;30131;30119;44444;44424;5622;5737;30117;48475;30118;44433;44446;44422;43226;43229;31410;31982;30128;30125;30120;30662;30659;12506;31090;43227;31988;16023;43231;98588;30135;30665;30136;30139;30669;30666;45334;30132;5794;8565;22892;5215;3674;6810;51234;51179;8150;15031;45184;8104;33036;71702;6886;46907;51649;51641;34613;70727;6897;16192	6659	6913	7358	8057	7947.5	6529	8523	2614.5	8423.5	3742.5	7594	2343.5	8306	2711.5	4462	3976.5	6099.5	3580	7042	5189.5	7786.5	6182.5	8247	6379.5	109732.5	5.486.625
ORTHO003177	Actin-like ATPase superfamily protein	AT1G30540	16887;17111;16462;16818;16817;16787;3824;3674;8152;8150;5737;44424;44464;5575;5623;5622	6660	3551	6350	6040	4356	3466.5	5735	7192	7691.5	5233	2129.5	8330	1352	6971	7195	2476	7568.5	4887	1118.5	3300.5	1239.5	7441	8202.5	3920	95449	4772.45
ORTHO007568	histidinol dehydrogenase	AT5G63890	105;19438;6725;44237;8152;8150;9987;44249;9058;6547;1901605;6520;1901564;71704;6807;19752;43436;6082;44281;44710;44699;44763;44238;52803;46483;1901360;34641;1901607;8652;46394;16053;44283;44711;1901576;1901566;18130;1901362;8270;46914;46872;43169;43167;5488;3674;51287;50662;48037;166;36094;1901265;1901363;97159;9570;9532;44435;44444;44424;44464;5575;5623;5622;5737;44446;44422;43226;43229;9536;43231;43227;44434;9507;9411;9416;9314;9628;50896;4399;16616;16614;16491;3824;55114;9555;48229;7275;44767;32502;44707;32501;48856	6661	6813	5160.5	3660	6100.5	4946.5	5303	2876.5	4253	7485	5726.5	5600.5	1352	2711.5	2702.5	3976.5	4346.5	2558	5027.5	4956.5	5422.5	4423	4603.5	4541	82812	4140.6
ORTHO008336	NAD(P)-binding Rossmann-fold superfamily protein	AT1G52340	10182;9756;7165;50794;50789;65007;8150;51716;9987;50896;7154;44763;44699;44700;23052;71322;71310;10033;42221;70887;1901701;1901700;9743;9688;72330;46394;16053;6082;71704;8152;44281;44710;44237;44283;44711;9058;1901576;44249;19752;43436;32787;43289;8299;6720;44255;6629;44238;8610;43288;1902645;46165;1901617;1901615;6066;1902644;16106;16114;6721;6714;9687;6561;9084;1901607;1901605;6520;1901564;6807;8652;1901566;9064;18130;46483;1901362;1901360;6560;9414;9415;9628;1101;10035;6950;55114;10115;31326;9889;19222;31323;19747;19216;80090;46890;10565;43455;1902930;4022;16616;16614;16491;3824;3674;9408;9266;10301;9750;9746;34284;5829;44444;44424;44464;5575;5623;5622;5737	6662	7022	5059	3456	7947.5	4129.5	6651.5	4360	6225	7782	1414	6832	5066	3374	1432	5325.5	8505.5	4154.5	3653	2782	2881	1154	3227	2784	81732.5	4.086.625
ORTHO008491	DHHC-type zinc finger family protein	AT4G01730	5794;43231;43227;43226;5575;43229;44424;44464;5623;5622;44444;5737;12505;18230;18231;18198;18193;6464;36211;19538;43170;71704;8152;8150;44238;43412;44267;44260;44237;9987;18345;6497;42158;42157;34645;9059;1901576;9058;44249;43543;19706;19707;16417;16747;16746;16740;3824;3674;16409;6612;6605;6886;15031;45184;51234;51179;8104;33036;71702;6810;46907;51649;51641;34613;70727;1902582;44765;1902578;44699;90150;72657;44802;61024;16043;71840;44763;1902580;5783	6663	4320	4873	3083	2982.5	4366.5	2627.5	2250	2881	3547	6543	2086	4793	3815.5	5034.5	6712.5	3682	2558	3421.5	6467.5	4103	3222.5	5295.5	6210	79616.5	3.980.825
ORTHO005608	NAD(P)-linked oxidoreductase superfamily protein	AT1G06690	55114;44710;8152;8150;44699;10287;44434;44435;44444;44424;44464;5575;5623;5622;5737;44446;44422;43226;43229;9536;43231;43227;9507;9570;9532;9941;9526;31967;31975;9535;55035;42651;34357;16020;44436;9579;31976;31984;9534;16491;3824;3674;4033;16616;16614	6664	5914	7158.5	7653	6664	1959	8552.5	6142.5	931	5577.5	7886	3218	6617.5	2711.5	5413.5	3976.5	6549	3949	7042	8397.5	7386	6266	6854	6553	105982	5299.1
ORTHO001337_2	mraW methylase family protein	AT5G10910	8168;16741;16740;3824;3674;8152;8150;32259;5737;44424;44464;5575;5623;5622	6665	6586	6247.5	5830	7245.5	8897	6781.5	5568.5	4323	8319	5873	2131	1352	2711.5	3721.5	3976.5	5108	3121	5347.5	4848	6578.5	5308.5	5171.5	5222.5	94360	4718
ORTHO009805	unknown protein	AT1G10890	3674;8150	6666	7365	5268.5	3871	6358.5	5351.5	6107	3003.5	4073.5	7441.5	5726.5	6080.5	6397.5	2711.5	1758.5	5325.5	3548.5	3580	4388	2455	4226.5	2433.5	5710.5	3721	84040	4202
ORTHO002626	2-oxoglutarate (2OG) and Fe(II)-dependent oxygenase superfamily protein	AT1G52820	51213;16491;3824;3674;8152;8150;55114;44710;44699;5737;44424;44464;5575;5623;5622;46872;43169;43167;5488;16706;16705	6667	3793	4446	2225	1522.5	4903	1938.5	7409.5	5851.5	502	5540	1323.5	1352	4179	5718	2914	294.5	6265.5	6389	6555.5	3573.5	4308.5	4138.5	926.5	74082.5	3.704.125
ORTHO006049	Ribosomal protein L25/Gln-tRNA synthetase; anti-codon-binding domain	AT4G23620	9507;9536;43231;43227;43226;5575;43229;44424;44464;5623;5622;44444;5737;6412;43043;43604;43603;34641;6807;8152;8150;44237;9987;44271;44249;9058;6518;1901564;71704;1901566;1901576;44267;19538;43170;44238;44260;34645;9059;10467;3735;5198;3674;8270;46914;46872;43169;43167;5488;5840;30529;32991;43232;43228;8097;19843;3723;3676;1901363;97159;50897	6668	7523	6834.5	7001	6358.5	5432.5	8221	4964	4953	4036	7382.5	2729	7743	2711.5	3521.5	5325.5	4870.5	2199.5	5851	8125.5	6431	4308.5	7335	5222.5	101363	5068.15
ORTHO008556	Polynucleotide adenylyltransferase family protein	AT2G17580	3723;3676;1901363;5488;3674;97159;6396;16070;44260;43170;71704;8152;8150;44237;9987;90304;6139;46483;6725;1901360;34641;6807;44238;10467;9507;9536;43231;43227;43226;5575;43229;44424;44464;5623;5622;44444;5737;5739;16779;16772;16740;3824	6669	7138	7083	7497	7947.5	2170	3758	5213.5	6823.5	7539	7382.5	8595.5	3390	2711.5	3936.5	5325.5	5685	3121	6531	8478	7166	4709	6538.5	5806	104880	5244
ORTHO007682	unknown protein	AT1G30130	8150;5576;5575;3674	6670	4389	5222	3774	2982.5	4229	7321	2772	6225	3084.5	3269.5	4949	5740	4244	3936.5	6712.5	8849	2199.5	5220.5	4169.5	4226.5	914	876	4484	83422	4171.1
ORTHO007675	ribosomal protein L29 family protein	AT1G07830	5739;43231;43227;43226;5575;43229;44424;44464;5623;5622;44444;5737;6412;43043;43604;43603;34641;6807;8152;8150;44237;9987;44271;44249;9058;6518;1901564;71704;1901566;1901576;44267;19538;43170;44238;44260;34645;9059;10467;5761;44429;44446;44422;313;5840;30529;32991;43232;43228;5759;70013;43233;31974;3735;5198;3674	6671	7040	5887	5103	7947.5	5432.5	6651.5	4964	2435.5	6825	6543	2937.5	7743	2711.5	3265	5325.5	4761	2199.5	4756.5	1343.5	6180.5	4169	7089	5222.5	90555.5	4.527.775
ORTHO009186	RNI-like superfamily protein	AT1G10510	9941;9526;31967;31975;44464;5575;5623;44446;44422;43226;44424;5622;43229;43227;44435;44444;5737;9536;43231;44434;9507;5739;9793;44702;22414;8150;44699;3006;32502;9790;44767;48856;7275;44707;32501;48316;48608;61458;48731;9791;10154	6672	6597	3435.5	199	5748	3808	2190	3834	3771.5	8535.5	804.5	7641.5	1352	138	136.5	3183	3067	355.5	984	2935	180.5	173	117	240.5	43447	2172.35
ORTHO002116	unknown protein	AT1G01770;AT3G29230	5634;43231;43227;43226;5575;43229;44424;44464;5623;5622;8150;3674;5739;44444;5737	6673	6723	4263.25	1853.5	7662	8227.5	4118.5	5302.5	2760.5	8934.5	4374.5	7515.5	1352	6292	2396.5	3976.5	1873	1494	1486.5	2230.5	2343	1735	1767.5	3289.5	71469.5	3.573.475
ORTHO009170	S-adenosyl-L-methionine-dependent methyltransferases superfamily protein	AT5G57300	5743;19866;31090;16020;5575;44422;43226;43227;44424;44464;5623;5622;31967;31975;44446;43229;31966;44429;44444;5737;5739;43231;5740;32259;8152;8150;6744;6743;6733;6732;51186;44237;9987;1901661;42180;71704;44281;44710;44699;44763;1901663;9108;51188;44249;9058;42181;44283;44711;1901576;8168;16741;16740;3824;3674	6674	6598	6786.5	6899	5748	8152	1765.5	7461	7748	8934.5	4485.5	7812.5	2969.5	6601.5	7518.5	6712.5	7799	8097	2393	3331	2474.5	1695	1072	3635.5	100658	5032.9
ORTHO009171	Pectin lyase-like superfamily protein	AT4G33440	5975;71704;8152;8150;44238;4650;4553;16798;16787;3824;3674;16829;71555;45229;16043;71840;9987;71554;5576;5575	6675	4453	7449.5	8224	5938.5	1729.5	4341	2796	8975	8446	7382.5	4724	3742	8072	7713.5	7782	4346.5	4507	4328.5	7299	4668.5	6429	7156	7028	111466	5573.3
ORTHO005733	Protein kinase superfamily protein	AT1G69220	4674;4672;16301;16772;16740;3824;3674;8152;8150;16310;6796;6793;44237;9987;16773;6468;6464;36211;19538;43170;71704;44238;43412;44267;44260;42981;43067;10941;50794;50789;65007;23014;7165;51716;50896;7154;44763;44699;44700;23052;44710;5737;44424;44464;5575;5623;5622;31098;33554;6950;35556;5634;43231;43227;43226;43229;32147;45860;45859;43549;42325;19220;51174;31323;19222;51338;50790;65009;1932;31399;32268;51246;80090;60255;1934;42327;45937;10562;31325;9893;48518;48522;31401;32270;51247;10604;33674;51347;43085;44093;775;98687;44427;44446;44422;5694;43232;43228;5739;44444;7346;51726	6676	6045	4996.5	3317	6664	4675.5	4698	5213.5	4865	5665	5973.5	5763	3111	3214	1910.5	3976.5	3627.5	2199.5	4113.5	5726.5	3870	3754	4414.5	4174.5	80945.5	4.047.275
ORTHO010416	membrane-associated progesterone binding protein 4	AT4G14965	5576;5575;16021;31224;44425;16020;5496;97159;5488;3674;8289	6677	6729	7096	7515	7662	6529	8324.5	5813.5	2134	6440	7594	3422.5	8306	2711.5	4462	5325.5	5764.5	3580	6531	7747	2123	5835	6040	6281	104964	5248.2
ORTHO000284_1	purple acid phosphatase 10	AT2G16430;AT2G27190	46872;43169;43167;5488;3674;3993;16791;42578;16788;16787;3824;8152;8150;16311;6796;6793;44237;9987;5829;44444;44424;44464;5575;5623;5622;5737;16036;9267;31669;31667;9991;9605;50896;31668;51716;71496;7154;44763;44699;42594;6950;33554;9505;5618;30312;71944;5576;4722;4721;6470;6464;36211;19538;43170;71704;44238;43412;44267;44260;9506;5911;30054;55044	6678	8163	3436.5	195	8763.5	3710	6911	3652.5	1328.5	8647.5	4978.5	1708.5	1352	138	136.5	3099	11	70	1440.5	2765	2468	79	182.5	561.5	43239.5	2.161.975
ORTHO006851	galacturonic acid kinase	AT3G10700	47912;16301;16772;16740;3824;3674;8152;8150;16310;6796;6793;44237;9987;16773;5524;35639;1901265;1901363;5488;97159;43168;43167;32559;30554;17076;166;36094;32555;32553;97367;32550;32549;1882;1883;6012;19318;5996;44723;5975;71704;44238;44710;44699;44281;46396;19586;6063;32787;19752;43436;6082;44763;5737;44424;44464;5575;5623;5622;46835;44262;4335;19200;46872;43169;5829;44444	6679	6198	6697	6715	7245.5	6723	4904	5957	4387	6422.5	2129.5	3422.5	6227	1800.5	4462	3976.5	5962.5	4507	6897.5	5637	6810.5	6077	6365	6801.5	99469.5	4.973.475
ORTHO008815	Transducin/WD40 repeat-like superfamily protein	AT5G66240	8150;5737;44424;44464;5575;5623;5622	6680	5775.5	6983	7286	2982.5	6810	5466	2392	7183.5	6020	7734.5	3422.5	6227	1800.5	5034.5	3976.5	6162	3949	6835.5	4331	7052	6129	6467.5	6281	103274	5163.7
ORTHO008489	C-8;7 sterol isomerase	AT1G20050	247;16863;16860;16853;3824;3674;8152;8150;5789;98588;31090;16020;5575;44422;43226;43227;44432;44444;44424;44464;5623;5622;5737;44446;43229;5783;43231;12505;44425;42175;16021;31224;16126;16125;6066;1901615;71704;44281;44710;44699;8202;1901360;6629;44238;46165;1901617;1901576;9058;44283;44711;6694;1901362;8610;60964;60147;60968;50794;50789;65007;60966;47750;5886;71944	6681	7785	7152.75	7624.5	6664	5047	8002.5	4826.5	5754	7830	7040	8311	5338.5	3283.5	2396.5	5325.5	8154.5	4400	5648	7692.5	7166	1132	514	7860.5	105722.5	5.286.125
ORTHO009374	Pentatricopeptide repeat (PPR) superfamily protein	AT3G46870	9507;9536;43231;43227;43226;5575;43229;44424;44464;5623;5622;44444;5737;5739;8270;46914;46872;43169;43167;5488;3674;8150	6682	6000	6360.25	6038.5	6664	6149	5075.5	5813.5	6943.5	6273	2809.5	3578.5	5740	1800.5	4124.5	3976.5	5194	4253	6327	5447	5637	5603	4790	5913	95448	4772.4
ORTHO009935	TIP41-like family protein	AT4G34270	5829;44444;44424;44464;5575;5623;5622;5737;3674;8150	6683	6738	5439.5	4196	7662	4758	6793.5	5213.5	7046.5	7862.5	3526	5372	7031	2711.5	2702.5	3976.5	4054.5	2199.5	4165.5	2008	3870	3854	4451.5	4291.5	85888	4294.4
ORTHO010541	actin-related protein C2B	AT2G33385	34314;45010;30838;51495;10638;33043;51128;50794;50789;65007;8150;51130;48522;48518;51493;30833;8064;30832;32535;90066;65008;16043;71840;9987;44763;44699;32956;32970;32271;43254;44087;32273;31334;44089;7015;71822;43933;30036;30029;7010;6996;1902589;5737;44424;44464;5575;5623;5622;5885;44430;44446;44422;43226;43229;5856;43232;43228;43234;32991;15629;5198;3674;3779;8092;5515;5488;42995	6684	8171	7206.5	7729	7245.5	6707.5	3129.5	7762	5144	5797.5	7040	8654.5	3059	906.5	2396.5	8358	6549	663.5	7197.5	7576.5	6908	3754	7156	7860.5	106620	5331
ORTHO006769	unknown protein	AT5G43680	5886;16020;5575;44464;5623;71944	6685	6850	4810	2935	7662	2358	5001	5348	4645.5	2654.5	3526	5191.5	7121	2711.5	2702.5	3976.5	4346.5	2558	3653	5160	6696	3453.5	3197	4484	78784	3939.2
ORTHO008883	alpha/beta-Hydrolases superfamily protein	AT1G27480	5773;43231;43227;43226;5575;43229;44424;44464;5623;5622;44444;5737;4607;8374;16747;16746;16740;3824;3674;8152;8150;5774;44437;44446;44422;98588;31090;16020;98805;16021;31224;44425;6629;71704;44710;44699;44238;5576	6686	5358	7745	8804	2982.5	6149	8474	6264	7183.5	3757.5	8095	5741.5	6804.5	8028.5	7582.5	6712.5	6825	4595	7042	5578	5839	6714	4668	6669	122722.5	6.136.125
ORTHO008436	NAD(P)-binding Rossmann-fold superfamily protein	AT1G32220	6979;6950;50896;8150;10287;44434;44435;44444;44424;44464;5575;5623;5622;5737;44446;44422;43226;43229;9536;43231;43227;9507;9570;9532;9579;50662;48037;5488;3674;3824;8152;5739	6687	4322	6849	7011	2982.5	285	6099.5	2545	7691.5	7350.5	66	8132.5	3701.5	6764.5	7999	7782	8446.5	4747.5	5400	920	1239.5	6952	7868.5	7453	101444	5072.2
ORTHO008680	Ribosomal protein L7/L12; oligomerisation	AT1G70190	5840;30529;32991;5575;44424;44464;5623;5622;43232;43228;43226;43229;44444;5737;6412;43043;43604;43603;34641;6807;8152;8150;44237;9987;44271;44249;9058;6518;1901564;71704;1901566;1901576;44267;19538;43170;44238;44260;34645;9059;10467;15934;44391;44446;44422;3723;3676;1901363;5488;3674;97159;3735;5198;5739;43231;43227	6688	7171	7402.5	8117	7947.5	7241	3863.5	2614.5	6584	4693.5	7734.5	8536	7963	2711.5	3936.5	5325.5	5457.5	3121	6531	8478	7052	5132.5	7868.5	5433.5	110277.5	5.513.875
ORTHO001305_1	Replication factor-A protein 1-related	AT4G19130;AT5G45400	5634;43231;43227;43226;5575;43229;44424;44464;5623;5622;6260;6259;44260;43170;71704;8152;8150;44237;9987;90304;6139;46483;6725;1901360;34641;6807;44238;34645;9059;1901576;9058;44249;6310;3677;3676;1901363;5488;3674;97159;8270;46914;46872;43169;43167;6281;6974;33554;51716;50896;6950;44763;44699;44710	6689	8882	7556	8423	8884	5665.5	8759	7637	5484	6889	8364	6961.5	1352	7779.5	8359	9043.5	1450	318	8121	6960	8264.5	1827.5	2153.5	8942.5	114331	5716.55
ORTHO000902	ribulose bisphosphate carboxylase small chain 1A	AT1G67090;AT5G38410;AT5G38420;AT5G38430	9853;43094;44249;9058;8152;8150;44237;9987;15979;9507;9536;43231;43227;43226;5575;43229;44424;44464;5623;5622;44444;5737;16984;16831;16830;16829;3824;3674;9570;9532;44435;44446;44422;44434;48046;5576;9941;9526;31967;31975;9535;55035;42651;34357;16020;44436;9579;31976;31984;9534;22626;44445;5829;5840;30529;32991;43232;43228;4497;16491;55114;44710;44699;19253;19685;16051;44723;5975;71704;44238;1901576;44711;15977;10114;9639;9416;9314;9628;50896;5507;46914;46872;43169;43167;5488;9573;48492;1902494;43234;9409;9266;6950;80158;70271;44085;71840;31969;42170;31090;10218;31977;9637;5618;30312;71944	6690	8960	5029.5	3369	8984.5	3929	7231.5	3999.5	3753	6825	5104.5	7684	3577.5	9178	9178	9178	2667	23.5	1878.5	2326	2971	73	568.5	1131	81276.5	4.063.825
ORTHO008760	Beta-ketoacyl synthase	AT2G04540	4312;16747;16746;16740;3824;3674;8152;8150;6633;72330;46394;16053;6082;71704;44281;44710;44699;44763;9987;44237;44283;44711;9058;1901576;44249;19752;43436;32787;6631;44255;6629;44238;8610;5739;43231;43227;43226;5575;43229;44424;44464;5623;5622;44444;5737;4315	6691	5284	5212	3733	2982.5	3130	6283.5	5077	8688.5	3055	4576	7353.5	5066	3408	3265	3976.5	8662	7181.5	1706.5	3184	1801.5	1827.5	759.5	4174.5	83176	4158.8
ORTHO007646	NAD(H) kinase 3	AT1G78590	16310;6796;6793;44237;8152;8150;9987;19674;46496;19362;6733;6732;51186;9117;6753;19637;71704;55086;6139;46483;6725;1901360;34641;6807;44238;44281;44710;44699;44763;72524;1901564;6741;6739;19359;19363;9108;51188;44249;9058;9165;1901293;90407;1901576;34654;19438;44271;18130;1901362;44711;72525;1901566;3951;16301;16772;16740;3824;3674;16773;5737;44424;44464;5575;5623;5622;42736;5524;35639;1901265;1901363;5488;97159;43168;43167;32559;30554;17076;166;36094;32555;32553;97367;32550;32549;1882;1883;5829;44444	6692	6225	6554	6416	5651.5	5744.5	8162.5	5568.5	6584	3329	5973.5	3912.5	5740	2711.5	3721.5	3976.5	4998.5	3121	5502	7080	5422.5	5603	5263	5222.5	97636.5	4.881.825
ORTHO002663	Ubiquitin-like superfamily protein	AT3G45180;AT5G42300	5737;44424;44464;5575;5623;5622	6693	9010	7516	8339	9020.5	3040	6090	3959.5	3838.5	8934.5	5337.5	9141	8380	6004.5	2023.5	8770.5	7922.5	7493.5	2469	2713.5	479.5	8223.5	9005	9126.5	112952.5	5.647.625
ORTHO006098	GTP1/OBG family protein	AT5G18570	287;46872;43169;43167;5488;3674;10027;9668;44802;61024;16043;71840;8150;9987;44763;44699;9657;6996;9570;9532;44435;44444;44424;44464;5575;5623;5622;5737;44446;44422;43226;43229;9536;43231;43227;44434;9507;5525;35639;1901265;1901363;97159;43168;32550;32549;1882;36094;97367;1883;32561;19001;17076;166;32555;32553;9706;9528;19866;31090;16020;31967;31975;42170;9526;31969;9941;6364;34470;34660;16070;44260;43170;71704;8152;44237;90304;6139;46483;6725;1901360;34641;6807;44238;6396;10467;16072;42254;22613;44085;3924;17111;16462;16818;16817;16787;3824;9793;44702;22414;3006;32502;9790;44767;48856;7275;44707;32501;48316;48608;61458;48731;9791;10154;9416;9314;9628;50896;9658	6694	5965	5022	3350	6664	5248.5	6258.5	2838	6225	8934.5	3136.5	8339.5	3321	3444.5	3521.5	3976.5	8726	2558	4715	2713.5	800.5	1407.5	678.5	4291.5	81134.5	4.056.725
ORTHO006579	embryo sac development arrest 14	AT3G60360	5515;5488;3674;5634;43231;43227;43226;5575;43229;44424;44464;5623;5622;9561;44767;32502;8150;44699;44707;32501;9553;48229;7275;48856	6695	6139	7822.5	8950	7245.5	6898	6820.5	2460.5	8826	8118.5	8855	6393	8605	5709.5	1109.5	3976.5	1827.5	6854.5	8559.5	7871	8534	8604	8163.5	8670.5	126856.5	6.342.825
ORTHO006912	Sodium Bile acid symporter family	AT1G78560	9941;9526;31967;31975;44464;5575;5623;44446;44422;43226;44424;5622;43229;43227;44435;44444;5737;9536;43231;44434;9507;5215;3674;6810;51234;51179;8150;16020;16021;31224;44425;35725;98662;98660;34220;6811;44765;1902578;44699;55085;44763;9987;98655;6812;6814;15672;30001;1903825;15849;71702;98656;6820;8508;15296;8509;15075;22891;22857;22892;15294;15293;15291;22804;8324;5343;15370;15081;15077;22890;46873;5342;15125;1901618;5319;6869;10876;33036;8028;46943;8514;15711;46942;15718;15721;15850	6696	4962	6311.5	5927	2982.5	8968.5	2703	5957	1916	7722.5	6343	7837	1352	1800.5	5034.5	6712.5	5864.5	2199.5	3385	6467.5	6180.5	3222.5	5171.5	6057.5	94895	4744.75
ORTHO002861	Disease resistance-responsive (dirigent-like protein) family protein	AT1G64160;AT4G23690	1901599;9807;9806;9698;19748;44710;8152;8150;44699;6725;44237;9987;1901360;71704;44763;9699;19438;44249;9058;1901362;1901576;44550;44711;18130;46483;46189;1901617;1901615;18958;1901598;6952;6950;50896;5576;5575;48046;50790;19222;50789;65007;65009;42349;30234;98772;3674;42803;42802;5515;5488;46983	6697	9066	6354.5	6012	9094	3351.5	8499.5	8509	3262	8934.5	4517.5	7230.5	1352	6292	5817	9086.5	8576	154.5	1335	2534.5	3084	852	2943	9004.5	95335.5	4.766.775
ORTHO004156	alpha/beta-Hydrolases superfamily protein	AT2G03140	9507;9536;43231;43227;43226;5575;43229;44424;44464;5623;5622;44444;5737;6508;19538;43170;71704;8152;8150;44238;5634;16020;16787;3824;3674	6698	6154	6802	6906	7245.5	6643.5	3758	5957	4123.5	3252.5	7734.5	2343.5	6227	1800.5	5761.5	3976.5	5864.5	3949	6700.5	7871	6180.5	6077	6282.5	6210	100713	5035.65
ORTHO009560	sensitivity to red light reduced protein (SRR1)	AT5G59560	9585;7602;9583;9416;9314;9628;50896;8150;9582;51606;9581;9605;7165;50794;50789;65007;51716;9987;7154;44763;44699;44700;23052;10017;71489;9639;71482;71478;71214;5634;43231;43227;43226;5575;43229;44424;44464;5623;5622;7623;48511;5737;42752;3674	6699	4505	5465.5	4232	2982.5	4633.5	1938.5	6906	6379.5	2025.5	1312.5	907	6895.5	1800.5	5596.5	6712.5	4346.5	4507	4485	7576.5	864.5	4970.5	7156	7028	86041.5	4.302.075
ORTHO001206_2	Ankyrin repeat family protein with DHHC zinc finger domain	AT2G14255	6612;6605;6886;15031;45184;51234;51179;8150;8104;33036;71702;6810;46907;51649;51641;34613;70727;1902582;44765;1902578;44699;90150;72657;44802;61024;16043;71840;9987;44763;1902580;18230;18231;18198;18193;6464;36211;19538;43170;71704;8152;44238;43412;44267;44260;44237;18345;6497;42158;42157;34645;9059;1901576;9058;44249;43543;19706;19707;16417;16747;16746;16740;3824;3674;16409;5794;43231;43227;43226;5575;43229;44424;44464;5623;5622;44444;5737;12505;5783;16020	6700	7938	6613.5	6527	6857.5	7278	1311	8233.5	3838.5	7666.5	2539	5960	3374.5	6292	7401.5	6712.5	1827.5	1227	8239.5	2008	8153	5059	2808	8456	98385	4919.25
ORTHO007204	ATP12 protein-related	AT5G40660	5739;43231;43227;43226;5575;43229;44424;44464;5623;5622;44444;5737;43461;70071;43623;6461;65003;43933;16043;71840;8150;9987;22607;44085;71822;70271;34622;70272	6701	7000	6616.5	6532	7947.5	8881.5	5146.5	4964	6379.5	3504.5	6543	2729	7743	2711.5	3521.5	5325.5	4761	2199.5	5851	5094	6180.5	4308.5	7335	5222.5	98401.5	4.920.075
ORTHO005838	Nucleoside diphosphate kinase family protein	AT4G09320	5774;44437;44444;44424;44464;5575;5623;5622;5737;44446;44422;43226;43229;5773;43231;43227;98588;31090;16020;98805;9142;1901293;90407;19637;71704;8152;8150;6793;44237;9987;1901576;9058;6753;55086;6139;46483;6725;1901360;34641;6807;44238;44281;44710;44699;44763;6796;34654;19438;44249;44271;18130;1901362;44711;9141;4550;16776;16772;16740;3824;3674;19205;16301;16310;6165;46939;9117;9132;5777;42579;9651;6970;9628;50896;6950;9506;5911;30054;55044;6163;72521;1901564;6220;72527;5524;35639;1901265;1901363;5488;97159;43168;43167;32559;30554;17076;166;36094;32555;32553;97367;32550;32549;1882;1883;46686;10038;10035;42221;48046;5576;9507;9536;5829;5886;71944	6702	5992	5893.5	5085	2982.5	4986.5	3960	5568.5	1328.5	8168.5	7040	3912.5	5740	1800.5	4462	3976.5	2560.5	3121	5502	7080	5422.5	5603	5021	5222.5	90476	4523.8
ORTHO008915	ATP binding	AT3G24430	9570;9532;44435;44444;44424;44464;5575;5623;5622;5737;44446;44422;43226;43229;9536;43231;43227;44434;9507;9941;9526;31967;31975;9535;55035;42651;34357;16020;44436;9579;31976;31984;9534;5515;5488;3674;55114;44710;8152;8150;44699;43067;10941;50794;50789;65007;5739;15996;6787;51187;51186;44237;9987;44248;9056;6778;33013;46483;6725;1901360;71704;1901564;6807;33015;19439;44270;34641;1901361;1901575;1901565;46700;44763;46149;44712;42440;15994;9814;98542;6952;6950;50896;51707;43207;9605;9607;51704;45087;6955;2376;51743;16636;16627;16491;3824;10363;80135;80134;48583;45088;31347;50776;2682;5829	6703	3637	6646.5	6590	4356	8997	5974	1426	7046.5	2524.5	8095	367.5	1352	6764.5	7017.5	7782	5240.5	4747.5	5502	2373.5	5170.5	6991	7946.5	3447.5	98765.5	4.938.275
ORTHO008017	Late embryogenesis abundant (LEA) hydroxyproline-rich glycoprotein family	AT5G22870	5575;8150;3674	6704	7598	6647.5	6591	8678	5516	7665	2939.5	3875	7064	7382.5	8397	3235	2711.5	2396.5	5325.5	5365	2199.5	4388	7871	6180.5	3374.5	4723.5	8159	98768.5	4.938.425
ORTHO009139	unknown protein	AT2G30120	6355;1903506;2001141;31326;9889;19222;50789;65007;8150;31323;50794;51252;19219;80090;51171;60255;10556;10468;2000112;5737;44424;44464;5575;5623;5622;30154;48869;44767;32502;44699;44763;9987;5634;43231;43227;43226;43229;6351;34645;44260;43170;71704;8152;44237;9059;1901576;9058;44249;97659;32774;16070;90304;6139;46483;6725;1901360;34641;6807;44238;34654;19438;44271;18130;1901362;10467;9507;9536;44444;9908;90567;48608;3006;22414;48856;61458;48731;7275;44707;32501;44702;9791;48367	6705	6667	7437	8169	7662	7895	6560.5	7461	8577	5978.5	8910.5	5667	1352	8781.5	6035	5325.5	2338.5	6919	8764.5	1556.5	497	7441	1937.5	8828.5	110826	5541.3
ORTHO010038	DNA mismatch repair protein MutS; type 2	AT1G65070	5634;43231;43227;43226;5575;43229;44424;44464;5623;5622;6298;6281;6259;44260;43170;71704;8152;8150;44237;9987;90304;6139;46483;6725;1901360;34641;6807;44238;6974;33554;51716;50896;6950;44763;44699;44710;5524;35639;1901265;1901363;5488;3674;97159;43168;43167;32559;30554;17076;166;36094;32555;32553;97367;32550;32549;1882;1883;45910;51053;10605;9892;48519;50789;65007;19222;60255;45934;19219;80090;51171;31323;50794;51172;31324;48523;51052;18;16887;17111;16462;16818;16817;16787;3824;4519;4518;16788;90305;30983;3690;43566;3677;3676;3684	6706	5496	6628	6550	2982.5	1381.5	3430	5957	8101	3372	7734.5	3422.5	6071.5	1800.5	5034.5	3976.5	5864.5	3580	6700.5	7871	6180.5	5924	6040	6057.5	98499.5	4.924.975
ORTHO000681	Major facilitator superfamily protein	AT1G78130;AT5G10190	22891;22857;5215;3674;6810;51234;51179;8150;55085;44763;9987;44699;44765;1902578;22892;16020;5575;16021;31224;44425;98655;6812;6811;34220;5351;5402;15294;15293;15291;22804;8324;15075;51119;15144;1901476;8643;71702;34219;15295;15992;15672;6818;5739;43231;43227;43226;43229;44424;44464;5623;5622;44444;5737;9567;9566;44702;22414;19953;44703;51704;3	6707	6948	7379	8051	7947.5	6085.5	4971.5	5213.5	6823.5	6988	5973.5	2467.5	8094	2711.5	3936.5	6712.5	8637.5	3121	6531	5245.5	7052	5308.5	5407	8367.5	109647.5	5.482.375
ORTHO002257	GDSL-like Lipase/Acylhydrolase superfamily protein	AT5G55050	16042;44712;9056;8152;8150;44710;44699;6629;71704;44238;1901575;5576;5575;16298;16788;16787;3824;3674	6708	6003	3469.5	231	5552	4088	1542	3787.5	3695.5	3764.5	5237	1323.5	3986.5	138	136.5	3232.5	2828	398	2136.5	3331	2789	320.5	1203	549.5	44487	2224.35
ORTHO007696	Encodes a subunit of the mediator complex that affects flowering time and floral organ formation through FLOWERING LOCUS C (FLC) and AGAMOUS (AG).	AT2G22370	48441;48827;48856;32502;8150;48367;44767;44699;48731;7275;44707;32501;48437;44702;22414;3006;48569;48513;9908;90567;48608;61458;9791;48465;48438;70847;90575;44798;44428;44446;44422;5575;43226;44424;44464;5623;5622;43229;5634;43231;43227;5667;43234;32991;44451;5654;31981;70013;43233;31974;16591;55029;428;30880;61695;1990234;1902494;6369;6353;32774;9059;43170;71704;8152;1901576;9058;16070;44260;44237;9987;90304;6139;46483;6725;1901360;34641;6807;44238;34654;19438;44249;44271;18130;1901362;6351;34645;97659;10467;6366;48833;48832;50793;50789;65007;3002;7389;10219;80134;48583;16592;48442;48464;6357;6355;1903506;2001141;31326;9889;19222;31323;50794;51252;19219;80090;51171;60255;10556;10468;2000112;45892;1903507;1902679;51253;10605;9892;48519;45934;51172;31324;48523;31327;9890;10558;10629;2000113;48440;48467;1104;1076;989;988;3674;3712;48510;48506;48509;2000026;51239;40034;48443;48466	6709	5599	5141.5	3574	2982.5	4613.5	4118.5	5348	6124	6345	5726.5	5435.5	3313	3283.5	3265	3976.5	5281.5	2558	4548.5	6322.5	4226.5	2328.5	1235	4291.5	82341	4117.05
ORTHO005899	heat-shock protein 70T-2	AT2G32120	6457;9987;8150;9408;9266;9628;50896;6950;5737;44424;44464;5575;5623;5622;9644;9642;9416;9314;5524;35639;1901265;1901363;5488;3674;97159;43168;43167;32559;30554;17076;166;36094;32555;32553;97367;32550;32549;1882;1883;42542;302;6979;1901700;42221;10035	6710	7083	7048.5	7387	6194	2214.5	5873	9000	2892	8535.5	8606.5	8958.5	2715	6292	4124.5	6020.5	2466	6808.5	2754	4169.5	8618.5	8223.5	2591	3238	104101	5205.05
ORTHO000455_1	LYS/HIS transporter 7	AT4G35180	5886;16020;5575;44464;5623;71944;16021;31224;44425;15171;46943;8514;8509;15075;22891;22857;5215;3674;6810;51234;51179;8150;55085;44763;9987;44699;44765;1902578;22892;34220;6811;98656;6820;15711;71702;5342;1903825;15849;46942;3333;6865;71705	6711	8305	6878	7045	8763.5	5974	8843	7762	5484	3861.5	7886	8522.5	4865.5	906.5	1910.5	8925	6549	663.5	6265.5	1094	6431	2112.5	4603.5	8989	101648.5	5.082.425
ORTHO008981	FUNCTIONS IN: molecular_function unknown	AT2G42780	5634;43231;43227;43226;5575;43229;44424;44464;5623;5622	6712	7223	6675	6638	7947.5	2720	6265.5	3758.5	6124	6856.5	669	7668.5	1352	5849.5	988	5325.5	8908.5	9141	5502	5400	4226.5	7756.5	2013	8552	99076.5	4.953.825
ORTHO003311	Late embryogenesis abundant (LEA) hydroxyproline-rich glycoprotein family	AT2G27080	9506;5911;30054;5575;55044;3674;5886;16020;44464;5623;71944;8150	6713	8897	7414	8115	8884	5319	8988	8181.5	4788.5	6020	3639.5	8804.5	2912.5	2711.5	5775.5	8925	6298	286	8605.5	6397	7860	1695	4693	8367.5	110267.5	5.513.375
ORTHO008511	DUTP-PYROPHOSPHATASE-LIKE 1	AT3G46940	6226;46078;9219;9394;9262;1901135;71704;8152;8150;9117;6753;19637;6793;44237;9987;55086;6139;46483;6725;1901360;34641;6807;44238;44281;44710;44699;44763;6796;19692;6220;72527;1901564;9176;9162;9123;9129;9177;9130;9124;1901293;90407;1901576;9058;34654;19438;44249;44271;18130;1901362;44711;9157;9221;6221;72528;1901566;9165;9265;9263;1901137;46385;287;46872;43169;43167;5488;3674;6281;6259;44260;43170;90304;6974;33554;51716;50896;6950;5829;44444;44424;44464;5575;5623;5622;5737;4170;47429;16462;16818;16817;16787;3824;42802;5515	6714	5138	4279.5	1845	2982.5	7834.5	1410	4826.5	5754	7152	3269.5	5631.5	5066	1800.5	2702.5	6712.5	4054.5	1311.5	154	1371	2123	2213.5	3717	4291.5	71395.5	3.569.775
ORTHO009348	unknown protein	AT2G14095	3674;8150	6715	6687	6989.5	7264	7662	6643.5	3327	5698.5	2881	4278.5	7734.5	3422.5	8306	2711.5	4462	3976.5	5864.5	3949	6700.5	7871	6578.5	6077	6194.5	6456	103132.5	5.156.625
ORTHO005677	anaphase-promoting complex subunit 8	AT3G48150	16567;32446;70647;6464;36211;19538;43170;71704;8152;8150;44238;43412;44267;44260;44237;9987;30071;1901990;1901987;10564;51726;50794;50789;65007;7346;1902099;7088;51783;33043;51128;51302;32434;61136;1903050;1903362;31329;9894;19222;31323;42176;51246;80090;60255;32268;30162;5515;5488;3674;51301;44763;44699;31347;80134;48583;7067;280;48285;6996;16043;71840;1903047;22402;7049;278;1902589	6716	7186	6910	7104	6194	5432.5	5146.5	4964	7325.5	4428.5	7382.5	8397	7743	2711.5	3521.5	5325.5	4761	2199.5	5851	3899.5	6180.5	4308.5	7335	5222.5	102135.5	5.106.775
ORTHO008877	unknown protein	AT2G38780	9507;9536;43231;43227;43226;5575;43229;44424;44464;5623;5622;44444;5737;3674;8150	6717	5859	5511	4305	6664	2467	6309	3632.5	3019	8535.5	2129.5	7828.5	4738	3283.5	1910.5	3976.5	8408	7821.5	6389	3563	2848	2763	2380.5	4413.5	86416	4320.8
ORTHO009621	Mitochondrial import inner membrane translocase subunit Tim17/Tim22/Tim23 family protein	AT3G25120	9507;9536;43231;43227;43226;5575;43229;44424;44464;5623;5622;44444;5737;5744;98800;98796;43234;32991;44425;16020;98798;44429;44446;44422;5739;44455;31966;31090;5740;31967;31975;5743;19866;71806;15031;45184;51234;51179;8150;8104;33036;71702;6810;55085;44763;9987;44699;44765;1902578;15450;15405;15399;22804;22857;5215;3674;8320;8565;22892;22884;22891;33365;34613;70727;51641;15266;15267;22803	6718	4551	4843.75	2969.5	5938.5	1500	3327	3608	6225	8319	5025.5	6080.5	5467.5	3431.5	3521.5	6712.5	166	7028	3421.5	6555.5	2660.5	774.5	759.5	4413.5	78997	3949.85
ORTHO008830	stress enhanced protein 2	AT2G21970	3674;8150;5634;43231;43227;43226;5575;43229;44424;44464;5623;5622	6719	5864.5	5771	4823	6664	4647.5	7923	5213.5	7183.5	7539	3526	7800	4865.5	2711.5	1910.5	3976.5	3589	2199.5	4113.5	5726.5	3870	3754	4424	4174.5	89147.5	4.457.375
ORTHO000894	fatty acid desaturase 2	AT3G12120	45485;16705;16491;3824;3674;8152;8150;55114;44710;44699;5789;98588;31090;16020;5575;44422;43226;43227;44432;44444;44424;44464;5623;5622;5737;44446;43229;5783;43231;12505;44425;42175;6636;6633;72330;46394;16053;6082;71704;44281;44763;9987;44237;44283;44711;9058;1901576;44249;19752;43436;32787;6631;44255;6629;44238;8610;33559;16720;16021;31224;16717;5634	6720	8954	3637	554	8884	4027	6929	4044.5	4816.5	5898.5	220.5	7686.5	3760.5	138	136.5	3145.5	2790	26.5	2092	2854.5	3139.5	84	689	1394.5	53873	2693.65
ORTHO006983	non-intrinsic ABC protein 6	AT1G32500	10027;9668;44802;61024;16043;71840;8150;9987;44763;44699;9657;6996;5215;3674;6810;51234;51179;9570;9532;44435;44444;44424;44464;5575;5623;5622;5737;44446;44422;43226;43229;9536;43231;43227;44434;9507;16226;9058;8152;31163;22607;44085;5515;5488;9793;44702;22414;3006;32502;9790;44767;48856;7275;44707;32501;48316;48608;61458;48731;9791;10154	6721	6292	7733	8745	7245.5	8686	3863.5	8753	7325.5	7666.5	8701	4018.5	1352	7536	8593.5	5325.5	1724	5569	1788	8918.5	8580	7786.5	6467.5	8456	121110.5	6.055.525
ORTHO009749	clast3-related	AT3G18940	3674;5634;43231;43227;43226;5575;43229;44424;44464;5623;5622;8150	6722	5353	7898.5	9075	6358.5	6761.5	5581	6978.5	6943.5	6934	7999	4566	7377.5	8316	7999	5325.5	7194	5518	7764.5	5094	8153	7786.5	8290	7453	132034.5	6.601.725
ORTHO001387	Tetratricopeptide repeat (TPR)-like superfamily protein	AT1G15480;AT1G80270;AT3G15590	5739;43231;43227;43226;5575;43229;44424;44464;5623;5622;44444;5737;8150;3677;3676;1901363;5488;3674;97159;9941;9526;31967;31975;44446;44422;44435;9536;44434;9507	6723	9051	7505	8287	8745.5	4185	5238	8796.5	3057.5	6139.5	7734.5	2343.5	3122	6206.5	8138	9116	7809	318	8821.5	9073.5	3204.5	6266	4085.5	8595	112250	5612.5
ORTHO006030	ATP binding microtubule motor family protein	AT1G18550	5524;35639;1901265;1901363;5488;3674;97159;43168;43167;32559;30554;17076;166;36094;32555;32553;97367;32550;32549;1882;1883;5874;44430;44446;44422;5575;43226;44424;44464;5623;5622;43229;5856;43232;43228;43234;32991;15630;5737;5871;5875;7018;6928;44763;9987;8150;44699;7017;3777;3774;17111;16462;16818;16817;16787;3824;8152	6724	8330	6562.5	6401	7662	2005.5	3758	7637	5484	4393	6763.5	7450.5	1352	1254	2023.5	8358	6298	2558	8344	8214	7052	2061	4564	7997	97567	4878.35
ORTHO010386	S-adenosyl-L-methionine-dependent methyltransferases superfamily protein	AT1G08125	8168;16741;16740;3824;3674;8152;8150;32259;5634;43231;43227;43226;5575;43229;44424;44464;5623;5622	6725	7636	3458.5	192	6478.5	4008	6651.5	3749	3957.5	4781.5	397.5	790	3926	138	136.5	3273.5	2287	227	2000.5	2496	2953	213.5	514	707	43207	2160.35
ORTHO007411	unknown protein	AT5G16520	3674;5739;43231;43227;43226;5575;43229;44424;44464;5623;5622;44444;5737;8150	6726	4986	5960.5	5195	2982.5	6898	2080	6741	5144	3672	1810	998	6895.5	1800.5	5413.5	6712.5	4252.5	3580	4113.5	7299	5061.5	4709	6854	6949.5	90984	4549.2
ORTHO009380	sequence-specific DNA binding transcription factors	AT5G05660	45893;10628;10604;9893;48518;50789;65007;8150;19222;60255;10468;1903508;1903506;2001141;31326;9889;31323;50794;51252;19219;80090;51171;10556;1902680;51254;45935;31325;48522;51173;31328;9891;10557;6355;2000112;5634;43231;43227;43226;5575;43229;44424;44464;5623;5622;45892;1903507;1902679;51253;10605;9892;48519;45934;51172;31324;48523;31327;9890;10558;10629;2000113;2000037;2000026;50793;51239;977;976;1990837;3690;43566;3677;3676;1901363;5488;3674;97159;43565;44212;975;1067;1012;7623;48511;3700;1071;987;1159;1078;1227;981;6357;122;982;9908;90567;48608;3006;32502;22414;48856;61458;48731;7275;44767;44699;44707;32501;44702;9791;48367;42335;6366;6351;34645;44260;43170;71704;8152;44237;9987;9059;1901576;9058;44249;97659;32774;16070;90304;6139;46483;6725;1901360;34641;6807;44238;34654;19438;44271;18130;1901362;10467	6727	6110	4422	2117	5346	5319	4638.5	6428.5	4586.5	5152	6912.5	2803.5	4259.5	3497	5937	2080.5	3152.5	1295.5	3473	4473	3539	1277	3815.5	725.5	73365.5	3.668.275
ORTHO001186	hydroxyproline-rich glycoprotein family protein	AT1G49330;AT2G16190	3674;8150;5634;43231;43227;43226;5575;43229;44424;44464;5623;5622	6728	8181	5938.5	5149	7245.5	2953.5	4528.5	7656	5484	7830	6763.5	8595.5	4955.5	906.5	2163.5	5325.5	4252.5	663.5	6389	5929.5	1219.5	2763	4603.5	7768	90750.5	4.537.525
ORTHO009020	choline monooxygenase; putative (CMO-like)	AT4G29890	16708;16705;16491;3824;3674;8152;8150;55114;44710;44699;51213;9507;9536;43231;43227;43226;5575;43229;44424;44464;5623;5622;44444;5737;19285;19695;97164;6807;42439;6066;1901615;71704;44281;44763;9987;6576;44106;9308;1901564;34641;44237;31456;6578;44271;44249;9058;1901566;1901576;6577;42398;6575;31455;44711;19133;16713;4497;9570;9532;44435;44446;44422;44434;19439;6725;44248;9056;9055;5506;46914;46872;43169;43167;5488;51537;51536;51540	6729	4514	4748	2767	2982.5	3154	1595.5	3147.5	2541	7064	8651	1198.5	8817.5	5663.5	1016	6712.5	9062	1617	615.5	1043.5	105	4970.5	2013	8649.5	77637	3881.85
ORTHO005969	HEAT/U-box domain-containing protein	AT5G58410	16567;32446;70647;6464;36211;19538;43170;71704;8152;8150;44238;43412;44267;44260;44237;9987;5829;44444;44424;44464;5575;5623;5622;5737;16874;3824;3674;5634;43231;43227;43226;43229;8270;46914;46872;43169;43167;5488	6730	4950	7769	8808	5938.5	6761.5	3129.5	6978.5	7455	4560	3269.5	8107.5	7377.5	8316	7999	7782	5240.5	4673.5	5400	8025.5	5170.5	6952	7868.5	7768	122834.5	6.141.725
ORTHO007033	ABC transporter family protein	AT1G54350	5524;35639;1901265;1901363;5488;3674;97159;43168;43167;32559;30554;17076;166;36094;32555;32553;97367;32550;32549;1882;1883;9507;9536;43231;43227;43226;5575;43229;44424;44464;5623;5622;44444;5737;55085;44763;9987;8150;44699;44765;6810;51234;51179;1902578;42626;43492;42623;16887;17111;16462;16818;16817;16787;3824;8152;15405;15399;22804;22857;5215;16820;16021;31224;44425;16020;5886;71944	6731	4383	5349	3967	2982.5	4344.5	2791.5	5813.5	4953	4993	6173.5	2160	6071.5	2711.5	5034.5	6712.5	7818.5	2199.5	3352	6368.5	3978	1778.5	1405.5	5957	84616.5	4.230.825
ORTHO007221	unknown protein	AT5G57510	5634;43231;43227;43226;5575;43229;44424;44464;5623;5622;71456;36294;36293;70482;9628;50896;8150;71453;70887;42221;51716;9987;1666;6950;33554;3674	6732	7435	7258.5	7785	8202.5	5773	3863.5	5213.5	8892.5	1189	7734.5	7017.5	7963	2711.5	3936.5	5325.5	5404	3121	6389	7012	7052	5132.5	7868.5	5433.5	107032.5	5.351.625
ORTHO007141	unknown protein	AT3G49645	3674;8150;5575	6733	6525	7167.5	7602	5748	6529	3628.5	5957	2134	5898.5	7734.5	3422.5	8306	2711.5	4462	5325.5	8674	3949	6700.5	7871	6180.5	5603	4100.5	6379.5	105567	5278.35
ORTHO007328	transducin family protein / WD-40 repeat family protein	AT2G47990	51301;44763;9987;8150;44699;166;36094;5488;3674;1901265;1901363;97159;5730;44428;44446;44422;5575;43226;44424;44464;5623;5622;43229;5634;43231;43227;43232;43228;31981;70013;43233;31974;9553;48229;7275;44767;32502;44707;32501;48856;7049;6364;34470;34660;16070;44260;43170;71704;8152;44237;90304;6139;46483;6725;1901360;34641;6807;44238;6396;10467;16072;42254;22613;44085;71840;9561;80008;31461;151;1990234;1902494;43234;32991	6734	5048	6713.5	6693	2982.5	6227.5	5705.5	6142.5	7455	4560	1981	3218	6397.5	1800.5	5034.5	3976.5	6298	3949	6897.5	3288	7254	6182.5	6624.5	6379.5	99371.5	4.968.575
ORTHO008908	CONTAINS InterPro DOMAIN/s: mRNA splicing factor; Cwf18 (InterPro:IPR013169)	AT3G05070	5634;43231;43227;43226;5575;43229;44424;44464;5623;5622;8150;3674	6735	5273	5364.5	3994	2982.5	5432.5	8076	5439.5	4323	2496	3596.5	4949	3374.5	1800.5	3521.5	3976.5	4548.5	2724.5	5128	6632	4226.5	4780.5	4961.5	4801	84788	4239.4
ORTHO009489	Major facilitator superfamily protein	AT5G59250	5507;46914;46872;43169;43167;5488;3674;9055;50896;8150;46658;31226;44459;44464;5575;5623;44425;16020;5886;71944;31224;31225	6736	4658	6041	5346	2982.5	1227	4244.5	6573	8259	3823.5	8651	1198.5	6617.5	1800.5	5254.5	6712.5	4004	3121	3857.5	5215.5	4668.5	3955.5	6040	6553	91776.5	4.588.825
ORTHO008156	ATPase family associated with various cellular activities (AAA)	AT1G21690	16887;17111;16462;16818;16817;16787;3824;3674;8152;8150;5634;43231;43227;43226;5575;43229;44424;44464;5623;5622;5730;44428;44446;44422;43232;43228;31981;70013;43233;31974;5663;44427;5694;43234;32991;5657;9793;44702;22414;44699;3006;32502;9790;44767;48856;7275;44707;32501;48316;48608;61458;48731;9791;10154	6737	7905	6235	5733	8202.5	4986.5	7837.5	4462	4788.5	5884.5	5726.5	8166	4492.5	1254	1910.5	8358	5194	663.5	4388	6632	3870	2213.5	5710.5	7190.5	93728.5	4.686.425
ORTHO008715	Late embryogenesis abundant (LEA) hydroxyproline-rich glycoprotein family	AT4G26490	3674;8150;5575	6738	7769	6794.5	6851	6664	2295.5	8221	4964	5355.5	450.5	7382.5	8427	5740	906.5	2396.5	5325.5	4870.5	2199.5	7644	8077	6180.5	4308.5	7335	8258.5	100338	5016.9
ORTHO008780	ribosomal protein S17	AT1G79850	9534;31976;9579;44424;44464;5575;5623;5622;31984;44446;44422;43226;43229;43227;44435;44444;5737;9536;43231;44434;9507;9941;9526;31967;31975;9570;9532;6412;43043;43604;43603;34641;6807;8152;8150;44237;9987;44271;44249;9058;6518;1901564;71704;1901566;1901576;44267;19538;43170;44238;44260;34645;9059;10467;312;314;15935;44391;30529;32991;5840;43232;43228;313;9547;19843;3723;3676;1901363;5488;3674;97159;32544;9657;6996;16043;71840;1902589;44763;44699;44711;44710;22627;44445;5829;22626;3735;5198	6739	7276	7840.5	8942	7947.5	7915	2452	6864	6712.5	5015.5	2539	8949.5	1352	7300	8404	6712.5	7214.5	5056.5	8121	8942.5	8350.5	7871	8641.5	8159	126572.5	6.328.625
ORTHO001177_2	ABC-2 type transporter family protein	AT1G53270	55085;44763;9987;8150;44699;44765;6810;51234;51179;1902578;42626;43492;42623;16887;17111;16462;16818;16817;16787;3824;3674;8152;15405;15399;22804;22857;5215;16820;5886;16020;5575;44464;5623;71944;16021;31224;44425;5739;43231;43227;43226;43229;44424;5622;44444;5737	6740	8594	7350.5	7961	8471	6313	7600	7762	2541	3425.5	7040	8654.5	5195	590	2163.5	8737.5	6692.5	663.5	7197.5	7576.5	6908	3754	7156	8697.5	108667.5	5.433.375
ORTHO007679	Ankyrin repeat family protein	AT5G40160	9507;9536;43231;43227;43226;5575;43229;44424;44464;5623;5622;44444;5737;5515;5488;3674;9793;44702;22414;8150;44699;3006;32502;9790;44767;48856;7275;44707;32501;48316;48608;61458;48731;9791;10154;5634	6741	5796	7133	7525	2982.5	6313	3224.5	6142.5	6124	2702	7886	3218	6397.5	1800.5	5034.5	3976.5	6298	3949	7042	8320	7254	6182.5	6624.5	6553	105042	5252.1
ORTHO000874	Pyridoxal phosphate (PLP)-dependent transferases superfamily protein	AT1G43710	30170;1901363;5488;3674;97159;48037;43168;43167;5886;16020;5575;44464;5623;71944;6580;34308;6066;1901615;71704;8152;8150;44281;44710;44699;97164;6807;1901160;1901564;42439;44763;9987;6576;44106;9308;34641;44237;9793;44702;22414;3006;32502;9790;44767;48856;7275;44707;32501;48316;48608;61458;48731;9791;10154;19752;43436;6082;5829;44444;44424;5622;5737;6520;44238;16831;16830;16829;3824	6742	5973	6145	5548	5552	244	8427.5	5302.5	3914.5	6081	2653	7179.5	1352	1800.5	4462	3976.5	5329.5	3580	6835.5	8843	5637	5603	5649	5913	92783	4639.15
ORTHO003518	flavonol synthase 1	AT5G08640	46872;43169;43167;5488;3674;5737;44424;44464;5575;5623;5622;9733;9725;9719;50896;8150;10033;42221;45431;16706;16705;16491;3824;8152;55114;44710;44699;51213;51555;51553;9813;9812;71704;1901576;9058;51552;42440;46148;44711;1901617;1901615;51554;5515;5634;43231;43227;43226;43229;80167;9628;31418;31406;43177;36094;43168;48029;30246;19842;45486	6743	6862	4853	2963	5362.5	8668.5	3863.5	8279.5	4073.5	6825	7199	1954	4355	1254	4462	3023.5	3322.5	1360.5	5220.5	4727.5	3719.5	1358.5	3967	1344.5	78978	3948.9
ORTHO003836	haloacid dehalogenase-like hydrolase family protein	AT2G25870	4521;4519;4518;16788;16787;3824;3674;8152;8150;90305;90304;6139;46483;44237;9987;6725;1901360;71704;34641;6807;44238;43170;4540;90501;16070;44260;90502;9507;9536;43231;43227;43226;5575;43229;44424;44464;5623;5622;44444;5737;9658;9657;6996;16043;71840;16791;42578;16311;6796;6793;1901259;6364;34470;34660;6396;10467;16072;42254;22613;44085	6744	5564	4749.5	2755	5238	5211.5	3430	2728	6379.5	3084.5	7999	4111	4417	3497	6243.5	2080.5	6027	1406.5	4441	5094	4321	2017.5	4100.5	971.5	77560.5	3.878.025
ORTHO006640	FAD/NAD(P)-binding oxidoreductase family protein	AT2G29720;AT2G35660	71949;50660;50662;48037;5488;3674;43168;43167;166;36094;1901265;1901363;97159;4497;16491;3824;8152;8150;55114;44710;44699;9507;9536;43231;43227;43226;5575;43229;44424;44464;5623;5622;44444;5737;5739	6745	6332	6257.5	5770	7245.5	5432.5	4118.5	5439.5	6225	6401	6543	7957.5	7743	1375.5	2702.5	3976.5	4548.5	2724.5	5128	6555.5	1982	4873	5021	5222.5	93969.5	4.698.475
ORTHO009398	Protein of unknown function (DUF3464)	AT4G19100	5634;43231;43227;43226;5575;43229;44424;44464;5623;5622;3674;9507;9536;44444;5737;16020;8150	6746	4594	3552.5	359	2982.5	3531	6670	3889	4087	8934.5	4977	485	3674.5	138	136.5	3183	2633.5	227	732	2713.5	1863.5	338.5	759.5	330.5	49303.5	2.465.175
ORTHO009418	ribosomal protein L9	AT3G44890	44822;3723;3676;1901363;5488;3674;97159;6412;43043;43604;43603;34641;6807;8152;8150;44237;9987;44271;44249;9058;6518;1901564;71704;1901566;1901576;44267;19538;43170;44238;44260;34645;9059;10467;5840;30529;32991;5575;44424;44464;5623;5622;43232;43228;43226;43229;44444;5737;9570;9532;44435;44446;44422;9536;43231;43227;44434;9507;9941;9526;31967;31975;42254;22613;44085;71840;311;315;15934;44391;313;9547;3735;5198;5739	6747	6131	7045.5	7344	7245.5	7116	8450	2322	2202	1876	7886	3218	6617.5	1800.5	4842.5	3976.5	6409	3949	7042	8320	7386	6266	6854	7190.5	103723.5	5.186.175
ORTHO003665	transcription factor IIIA	AT1G72050	3676;1901363;5488;3674;97159;5634;43231;43227;43226;5575;43229;44424;44464;5623;5622;5730;44428;44446;44422;43232;43228;31981;70013;43233;31974;8270;46914;46872;43169;43167;8150;8097;19843;3723;80084;182;1990837;3690;43566;3677;43565;3700;1071;2001141;31326;9889;19222;50789;65007;31323;50794;51252;19219;80090;51171;60255;10556;6355;1903506;10468;2000112	6748	7362	5056.5	3365	5386.5	5650.5	8571.5	8486	1994.5	3801.5	7382.5	4566	4297.5	1321.5	4233.5	3023.5	7526.5	867.5	3459.5	5887	3417.5	1827.5	3770	1142.5	81226.5	4.061.325
ORTHO009305	Cyclophilin-like peptidyl-prolyl cis-trans isomerase family protein	AT4G34960	6457;9987;8150;413;18208;18193;6464;36211;19538;43170;71704;8152;44238;43412;44267;44260;44237;3755;16859;16853;3824;3674;5794;43231;43227;43226;5575;43229;44424;44464;5623;5622;44444;5737;12505;5802;98791;44431;44446;44422;31984;42277;33218;5488;5768	6749	7289	6018.5	5288	6194	5090	5048.5	4826.5	5754	2425	3366.5	8311	7377.5	2711.5	2702.5	5325.5	7758	2199.5	5400	5816	5903.5	2837	3909	4678.5	91440	4572
ORTHO007433	proteinaceous RNase P 1	AT2G32230	1682;8033;34470;34660;16070;44260;43170;71704;8152;8150;44237;9987;90304;6139;46483;6725;1901360;34641;6807;44238;6396;10467;6399;90502;90501;90305;5739;43231;43227;43226;5575;43229;44424;44464;5623;5622;44444;5737;4526;16891;4521;4519;4518;16788;16787;3824;3674;4540;16893;4549;9507;9536	6750	4430	5073.5	3397	2982.5	4913	6090	4964	5355.5	5177	4777.5	6741.5	1352	2711.5	3936.5	6712.5	3264.5	7335.5	3691	1584.5	1909	2433.5	3581	4898	81428	4071.4
ORTHO010340	C2H2 and C2HC zinc fingers superfamily protein	AT3G05760	5634;43231;43227;43226;5575;43229;44424;44464;5623;5622;398;6397;16071;16070;44260;43170;71704;8152;8150;44237;9987;90304;6139;46483;6725;1901360;34641;6807;44238;6396;10467;377;375;8380;46540;97526;97525;30532;44428;44446;44422;30529;32991;3723;3676;1901363;5488;3674;97159	6751	7837	7708.5	8666	6857.5	7324.5	8324.5	5213.5	7632	3972	7734.5	8595.5	6071.5	906.5	3265	5325.5	7029	3121	6531	8478	8153	5213.5	7946.5	8367.5	119204.5	5.960.225
ORTHO010719	unknown protein	AT5G03460	3674;8150	6752	7252	6941	7130	7947.5	6832.5	2881	4964	7325.5	1584.5	7382.5	8397	7743	2711.5	3521.5	5325.5	4761	2199.5	5851	8077	6180.5	4169	7156	5222.5	102285	5114.25
ORTHO007790	origin recognition complex second largest subunit 2	AT2G37560	5515;5488;3674;5634;43231;43227;43226;5575;43229;44424;44464;5623;5622;3688;1990837;3690;43566;3677;3676;1901363;97159;43565;808;44427;44446;44422;5694;43232;43228;43234;32991;6260;6259;44260;43170;71704;8152;8150;44237;9987;90304;6139;46483;6725;1901360;34641;6807;44238;34645;9059;1901576;9058;44249	6753	5741	5331	3909	2982.5	4088	4587.5	2750.5	6124	7539	6343	4991	3347	1800.5	3521.5	3976.5	7337.5	2558	3653	5447	1982	4612.5	4843.5	4758	84260	4213
ORTHO007155	HAD-superfamily hydrolase; subfamily IG; 5'-nucleotidase	AT5G48960	8150;16787;3824;3674;8152;9570;9532;44435;44444;44424;44464;5575;5623;5622;5737;44446;44422;43226;43229;9536;43231;43227;44434;9507;8253;8252;16791;42578;16788;16311;6796;6793;44237;9987	6754	8131	7328.5	7903	8300.5	8440.5	3224.5	7935.5	5619	3514	6343	8654.5	5338.5	906.5	2396.5	8358	6549	663.5	5589.5	7576.5	7489.5	4169	7335	8026	108128.5	5.406.425
ORTHO009584	Transducin/WD40 repeat-like superfamily protein	AT2G20330	9570;9532;44435;44444;44424;44464;5575;5623;5622;5737;44446;44422;43226;43229;9536;43231;43227;44434;9507;8150	6755	4689	3991	1227	2982.5	8600	5705.5	3467	3974.5	8168.5	4295	5489.5	1352	3461.5	1910.5	6712.5	1321	2199.5	394	3231	2072	774.5	844	1344.5	65317	3265.85
ORTHO008557	proteasome inhibitor-related	AT3G53970	502;43234;32991;5575;44424;44464;5623;5622;3674	6756	7804	6543.75	6331.5	6664	2501	7819	8789	5851.5	3818	3917	7376	4444	906.5	1616	5325.5	5108	6505.5	5128	7408.5	6180.5	1735	5586.5	7120	97135.5	4.856.775
ORTHO010050	unknown protein	AT3G08780	8150;5634;43231;43227;43226;5575;43229;44424;44464;5623;5622;3674	6757	8324	7241.5	7726	8471	6227.5	8843	7935.5	5484	4267	8167.5	4467	5338.5	906.5	2396.5	8358	6298	663.5	6897.5	5929.5	6908	3453.5	6194.5	7860.5	106596	5329.8
ORTHO007543	little nuclei4	AT5G65770;AT5G65780	31965;31090;16020;5575;44422;43226;43227;44428;44446;44424;44464;5623;5622;43229;5634;43231;5635;31967;31975;12505;5654;31981;70013;43233;31974;97298;32535;90066;65008;65007;8150;16043;71840;9987;44763;44699;5652;34399;5515;5488;3674;6997;6996;9507;9536;44444;5737;10369;98687;44427;5694;43232;43228;4084;8483;16769;16740;3824;8152;9098;9082;9081;6520;1901564;71704;6807;19752;43436;6082;44281;44710;44237;44238;8652;46394;16053;44283;44711;9058;1901576;44249;1901566;1901607;1901605;6551;9099;6573;52656;9097;6549;5739;52655;52654	6758	6464	7291	7824	7245.5	1729.5	8876	4670	7831	6524	3526	9006.5	1352	7739.5	8726.5	5325.5	2213.5	5720	1901	8926	8798.5	4612.5	1275.5	8670.5	107424	5371.2
ORTHO009628	ribonuclease P family protein	AT2G43190	9507;9536;43231;43227;43226;5575;43229;44424;44464;5623;5622;44444;5737;9058;8152;8150;16740;3824;3674	6759	4621.5	4840.5	2922	2982.5	1227	2703	2250	5994	6856.5	6543	1954	6227	1800.5	3936.5	3976.5	3682	2558	3445.5	6322.5	4384	3222.5	5407	6210	78699.5	3.934.975
ORTHO008757	unknown protein	AT3G47850	5634;43231;43227;43226;5575;43229;44424;44464;5623;5622;8150;9507;9536;44444;5737;3674	6760	5221	4497	2234	2982.5	8323	1542	5439.5	2505.5	8006.5	6543	2291.5	1352	3408	3521.5	3976.5	8960	2199.5	315	951.5	6180.5	2541	1405.5	4678.5	74140.5	3.707.025
ORTHO005245	damaged DNA binding	AT4G31400	724;725;6281;6259;44260;43170;71704;8152;8150;44237;9987;90304;6139;46483;6725;1901360;34641;6807;44238;6974;33554;51716;50896;6950;44763;44699;44710;6310;6302;70;1903047;22402;7049;278;819;51276;6996;16043;71840;98813;7059;1902589;7067;280;48285;9790;44767;32502;48856;7275;44707;32501;7062;5634;43231;43227;43226;5575;43229;44424;44464;5623;5622;48609;22414;32504;3;34089;34085;1903046;51321;51177;70192;7126;45144;45132;7135;5737;9553;48229;80186;48589;40007;46872;43169;43167;5488;3674;60772;60771;9956;3002;7389;48364;48513;48731;22622;48653;44702;3006;48443;48827;48367;48437;48569;9908;90567;48608;61458;9791;48466;48438;16407;16747;16746;16740;3824	6761	5421	6448	6135	5238	5547	5281.5	7331	6943.5	5293	3526	2803.5	4955.5	8072	8793	3074	4464.5	2558	6056.5	4778	4833.5	6129	4366	1188	95993.5	4.799.675
ORTHO009096	Y-family DNA polymerase H	AT5G44740	42276;19985;71897;6259;44260;43170;71704;8152;8150;44237;9987;90304;6139;46483;6725;1901360;34641;6807;44238;34645;9059;1901576;9058;44249;34654;19438;44271;18130;1901362;6301;6281;6974;33554;51716;50896;6950;44763;44699;44710;44711;5634;43231;43227;43226;5575;43229;44424;44464;5623;5622;5515;5488;3674;3684;3677;3676;1901363;97159;3887;34061;16779;16772;16740;3824;9650;9411;9416;9314;9628;46872;43169;43167;10224	6762	5316	7284.5	7807	2982.5	6679.5	9079	2545	1625	4203	3526	4949	3875.5	8210.5	7885	5325.5	1000	5452.5	7950	3495.5	8153	7683.5	8247	7376.5	107261	5363.05
ORTHO007012	unknown protein	AT5G15880	3674;5737;44424;44464;5575;5623;5622	6763	5099	6337.5	5912	5307.5	4270	4638.5	7084	8423.5	7125	3879	7818.5	4492.5	7779.5	8471.5	2914	3752	1568.5	4485	5447	3800.5	3609.5	4224.5	1029	94812	4740.6
ORTHO009432	plastid transcriptionally active 2	AT1G74850	1902000;1901999;18958;1901615;71704;8152;8150;6725;44237;9987;1901360;32787;19752;43436;6082;44281;44710;44699;44763;72329;46395;16054;44282;44712;9056;1901575;44248;19336;19439;1901616;1901361;6559;6558;9072;6520;1901564;6807;44238;1902221;1901605;9074;9063;1901565;1902222;1901606;5829;44444;44424;44464;5575;5623;5622;5737;4411;16702;16701;16491;3824;3674;55114;51213;6572;6570;46872;43169;43167;5488	6764	4635	5598	4432	2982.5	7482.5	1881	1709	800	2615.5	7594	743.5	1352	2711.5	5596.5	6712.5	4761	4154.5	4607.5	7692.5	6696	5213.5	7486	7223	87032	4351.6
ORTHO004680	Purple acid phosphatases superfamily protein	AT1G13900;AT2G03450	46872;43169;43167;5488;3674;5576;5575;5768;43231;43227;43226;43229;44424;44464;5623;5622;44444;5737;12505;5794;3993;16791;42578;16788;16787;3824;8152;8150;16311;6796;6793;44237;9987;6109;80090;19222;50789;65007;5802;98791;44431;44446;44422;31984;9507;9536;4722;4721;6470;6464;36211;19538;43170;71704;44238;43412;44267;44260;5739	6765	7330	5788	4811	7662	5248.5	5521	8102.5	7561.5	2524.5	7040	7237	1352	2711.5	2702.5	5325.5	1189	2199.5	5589.5	3208	5839	3854	6989	4898	89092.5	4.454.625
ORTHO004538	sulfite oxidase	AT3G01910	55114;44710;8152;8150;44699;6790;44237;9987;30151;46914;46872;43169;43167;5488;3674;42128;42126;43436;6082;71704;44281;44763;2001057;6807;71941;5777;42579;43231;43227;43226;5575;43229;44424;44464;5623;5622;44444;5737;9507;9536;8482;16670;16667;16491;3824;5739;9055;10477;10035;42221;50896;1901700;15994;6778;51186;33013;46483;6725;1901360;1901564	6766	7717	7800.5	8835	8139.5	7766.5	9040.5	6507.5	7455	8063.5	1981	8888.5	1352	6389.5	7619.5	6712.5	6825	4673.5	7042	1532.5	7860	7836	8485	7453	123483	6174.15
ORTHO010011	transferases; transferring glycosyl groups	AT2G04560	9535;55035;42651;34357;16020;5575;44436;44424;44464;5623;5622;9579;44435;44444;5737;44446;44422;43226;43229;9536;43231;43227;31976;31984;44434;9507;9534;15979;44237;8152;8150;9987;9768;9765;6091;19684;10218;9639;9416;9314;9628;50896;10287;9570;9532;31409;5488;3674;9941;9526;31967;31975;16168;46906;1901363;97159;9637;30076;43234;32991	6767	5530	6853	6939	2982.5	4913	7231.5	3258.5	3083	4458.5	4670.5	6614	6397.5	7779.5	7518.5	5325.5	1266	5944.5	7042	3274.5	2993.5	6576.5	6365	6210	100922	5046.1
ORTHO003806	Glutamine amidotransferase type 1 family protein	AT1G24807;AT1G24909;AT1G25083;AT1G25155;AT1G25220;AT5G57890	9507;9536;43231;43227;43226;5575;43229;44424;44464;5623;5622;44444;5737;8152;8150;6541;9064;1901605;6520;1901564;71704;6807;19752;43436;6082;44281;44710;44699;44763;9987;44237;44238;16740;3824;3674;10600;90354;32350;19222;50789;65007;31323;50794;46885;31326;9889;9651;6970;9628;50896;6950;9851;42446;9058;42445;10817;65008;9850;44249;9723;9725;9719;10033;42221;162;6568;9072;6725;1901360;6586;42430;46483;34641;6576;44106;9308;9073;19438;1901362;1901576;8652;46394;16053;44283;44711;1901566;46219;42435;44271;18130;42401;9309;1901607;4049;16833;16830;16829;5739;10311;9791;44767;32502;44707;32501;7275;48645;48646;9653;48856;9887;48513;48731;10102;10101;10015;48364;22622;9886;48528;48569;48527;9617;51707;43207;9605;9607;51704	6768	7649	6657.5	6547	5439	5090	5048.5	8279.5	8392	7350.5	7524	7312.5	4398	6156	7448.5	3074	5764.5	963	5128	4444	3359.5	3503.5	3930	1297.5	98463.5	4.923.175
ORTHO008339	OBP3-responsive gene 1	AT5G53450	16301;16772;16740;3824;3674;8152;8150;16310;6796;6793;44237;9987;6468;6464;36211;19538;43170;71704;44238;43412;44267;44260;5524;35639;1901265;1901363;5488;97159;43168;43167;32559;30554;17076;166;36094;32555;32553;97367;32550;32549;1882;1883;9507;9536;43231;43227;43226;5575;43229;44424;44464;5623;5622;44444;5737;4672;16773	6769	4586	6841.75	6914.5	2982.5	1777	5410	6978.5	4507	6223	3702.5	4566	3823	8210.5	7804.5	7782	4761	4507	4607.5	4131	4833.5	6576.5	7486	3103.5	100790	5039.5
ORTHO008560	ascorbate peroxidase 6	AT4G32320	5576;5575;10431;44702;22414;8150;44699;48609;32504;3;32501;3006;32502;21700;44767;48316;48608;48856;61458;48731;7275;44707;9791;10154;20037;46906;1901363;5488;3674;97159;16688;4601;16684;16491;3824;8152;55114;44710;16209;42744;42743;72593;44237;9987;44712;9056;44763;44248;9845;90351;5829;44444;44424;44464;5623;5622;5737;46872;43169;43167;6979;6950;50896	6770	4587	7345	7920	2982.5	390.5	7463	6264	7183.5	6825	8737.5	4877	6895.5	8028.5	7582.5	7782	4135	4400	3977	2734	4103	5059	4773	7120	108330	5416.5
ORTHO000551_2	Tetratricopeptide repeat (TPR)-like superfamily protein	AT1G15290	5737;44424;44464;5575;5623;5622;8150;5829;44444	6771	8167	6430	6089	7245.5	6313	8945.5	7762	4275	8535.5	7040	4386.5	3070	906.5	2396.5	8925	693.5	663.5	7197.5	2570	3016.5	3955.5	7156	7952.5	95760.5	4.788.025
ORTHO006658	Encodes AUGMIN subunit3 (AUG3); a homolog of animal dim gamma-tubulin 3/human augmin-like complex; subunit 3. Plays a critical role in microtubule organization during plant cell division.	AT5G48520	9524;44444;44424;44464;5575;5623;5622;5737;3674;80175;226;7010;6996;16043;71840;8150;9987;1902589;44763;44699;7017;5634;43231;43227;43226;43229;51225;70925;22607;44085;7051;22402;7049;71822;43933;6461;65003;70271;5819;44430;44446;44422;5856;43232;43228;15630	6772	5025	6085.5	5399	2982.5	4229	6765	5439.5	6225	7012	3526	4905	5740	3283.5	3521.5	6712.5	9033	2724.5	5128	4727.5	4321	2677	1386	4678.5	92034.5	4.601.725
ORTHO010033	Tetratricopeptide repeat (TPR)-like superfamily protein	AT2G17670	8150;5739;43231;43227;43226;5575;43229;44424;44464;5623;5622;44444;5737	6773	7294	5881	4989	7947.5	1926	7923	4571	5484	6988	6343	7162	7031	1254	2396.5	3300	3891.5	1617	4663	7080	4946	2923.5	6194.5	4291.5	89985.5	4.499.275
ORTHO002393	lectin protein kinase family protein	AT1G34300	5886;16020;5575;44464;5623;71944;6468;16310;6796;6793;44237;8152;8150;9987;6464;36211;19538;43170;71704;44238;43412;44267;44260;16301;16772;16740;3824;3674;30246;5488;4674;4672;16773	6774	8759	6915	7056	7245.5	5974	5146.5	8509	4507	6050.5	6070	8362	4865.5	590	1338.5	8804.5	8865	1051.5	5128	8214	4946	5132.5	4404	3771.5	101730	5086.5
ORTHO008864	CONTAINS InterPro DOMAIN/s: Hepatocellular carcinoma-associated antigen 59 (InterPro:IPR010756)	AT1G02330	71492;70141;9411;9416;9314;9628;50896;8150;34644;71482;71478;71214;51716;9987;9507;9536;43231;43227;43226;5575;43229;44424;44464;5623;5622;44444;5737;9765;6091;44237;8152;19684;15979;16168;46906;1901363;5488;3674;97159;9523;9521;98796;43234;32991;44425;16020;44436;9579;34357;9535;55035;42651;44435;44446;44422;31976;31984;44434;9534;71486;71484;9642;9644;9611;6950;16021;31224	6775	5864.5	7837	8899	6664	2467	5382	6906	6660.5	6645	8537.5	7017.5	1352	8316	7804.5	5325.5	7708	6183.5	7950	6001	8580	7520.5	7774	7266.5	125397	6269.85
ORTHO008775	high chlorophyll fluorescent 107	AT3G17040	6397;16071;16070;44260;43170;71704;8152;8150;44237;9987;90304;6139;46483;6725;1901360;34641;6807;44238;6396;10467;1901918;1901917;60700;51252;19219;80090;19222;50789;65007;51171;31323;50794;60255;32069;51336;50790;65009;60701;51253;10605;9892;48519;45934;51172;31324;48523;32074;51346;43086;44092;31969;42170;31090;16020;5575;44422;43226;43227;44435;44444;44424;44464;5623;5622;5737;44446;43229;9536;43231;9526;31967;31975;44434;9507;9941;9570;9532;9657;6996;16043;71840;3727;3723;3676;1901363;5488;3674;97159;10114;9639;9416;9314;9628;50896;5634;5774;44437;5773;98588;98805;6417;10608;10468;32268;51246;34248;2000112;31326;9889;10556;43621;5515	6776	5258	4839	2902	2982.5	6417	4341	5348	2505.5	5953	6343	5435.5	5195	1800.5	2910	3976.5	1266	2199.5	2587	6274.5	4226.5	3955.5	3438.5	4413.5	78586	3929.3
ORTHO008602	RAD3-like DNA-binding helicase protein	AT1G03190	3677;3676;1901363;5488;3674;97159;5515;9408;9266;9628;50896;8150;6950;9411;9416;9314;5524;35639;1901265;43168;43167;32559;30554;17076;166;36094;32555;32553;97367;32550;32549;1882;1883;5634;43231;43227;43226;5575;43229;44424;44464;5623;5622;6289;6281;6259;44260;43170;71704;8152;44237;9987;90304;6139;46483;6725;1901360;34641;6807;44238;6974;33554;51716;44763;44699;44710;4003;8094;42623;16887;17111;16462;16818;16817;16787;3824;3678;4386;32508;32392;71103;51276;6996;16043;71840;8026;70035;46872;43169;51539;51536;51540	6777	7352	5855	4933	6358.5	5722.5	3327	4571	5355.5	5600	6070	5877.5	6895.5	2711.5	2023.5	5325.5	3752	1780	4485	7194	5988	2763	6194.5	4060.5	89696.5	4.484.825
ORTHO007756	ARM repeat superfamily protein	AT5G48120	5634;43231;43227;43226;5575;43229;44424;44464;5623;5622;5737	6778	5189	5340.5	3903	2982.5	1227	8474	6264	867	4934.5	1414	3218	6731.5	338.5	5413.5	5325.5	2552.5	3949	7281	5303	800.5	6377.5	6624.5	7120	84215.5	4.210.775
ORTHO005458	Tetratricopeptide repeat (TPR)-like superfamily protein	AT4G32820	8150;5634;43231;43227;43226;5575;43229;44424;44464;5623;5622	6779	6032	6504.5	6230	6664	5904	4118.5	5568.5	7632	3372	7199	2467.5	5740	1800.5	4233.5	5325.5	5108	3121	5851	7080	5422.5	5603	5407	5601	96554.5	4.827.725
ORTHO007557	CONTAINS InterPro DOMAIN/s: Nucleoporin protein Ndc1-Nup (InterPro:IPR019049)	AT1G73240	9507;9536;43231;43227;43226;5575;43229;44424;44464;5623;5622;44444;5737;8150;3674	6780	5133	4268.5	1757	5238	5155.5	4528.5	2750.5	6379.5	2455.5	5450.5	1658	4417	3497	6192.5	2080.5	3682	1406.5	4441	4956.5	4321	2017.5	4178	971.5	70539	3526.95
ORTHO002094	polyamine oxidase 1	AT5G13700	46208;8215;97164;6807;8152;8150;6595;6576;44106;9308;1901564;71704;34641;44237;9987;6598;42402;9310;1901565;1901575;9056;52894;16647;16645;16491;3824;3674;55114;44710;44699;50660;50662;48037;5488;43168;43167;166;36094;1901265;1901363;97159;5739;43231;43227;43226;5575;43229;44424;44464;5623;5622;44444;5737;46592;52901;52895	6781	7899	5342.75	3904.5	5552	4540.5	7808.5	8509	5619	7274.5	5973.5	7957.5	2849.5	474.5	1323.5	8804.5	3891.5	523.5	4830.5	3563	3719.5	1228	3422	1906.5	84219	4210.95
ORTHO009590	VASCULAR-RELATED NAC-DOMAIN 6	AT5G52380	3676;1901363;5488;3674;97159;5634;43231;43227;43226;5575;43229;44424;44464;5623;5622;8270;46914;46872;43169;43167	6782	7591	7084	7386	6358.5	5904	3863.5	5213.5	5619	4181	7734.5	2467.5	8094	2711.5	3265	5325.5	5561	3121	6531	8478	7052	5213.5	7946.5	5806	104088	5204.4
ORTHO005584	Cyclase family protein	AT4G35220	5783;43231;43227;43226;5575;43229;44424;44464;5623;5622;44444;5737;12505;5794;19441;6569;6568;9072;6725;44237;8152;8150;9987;1901360;71704;6520;1901564;6807;19752;43436;6082;44281;44710;44699;44763;44238;1901605;6586;42430;46483;34641;6576;44106;9308;1901606;9063;46395;16054;44282;44712;9056;1901575;44248;1901565;9074;19439;1901361;46218;42402;9310;42436;44270;46700;70189;42537;6575;42180;9507;9536;4061;16811;16810;16787;3824;3674	6783	5467	6353.5	5924	5238	5351.5	4835.5	8381.5	6660.5	4905	3526	3686.5	4793	8072	8677	2821	4346.5	2558	5589.5	5369.5	4384	5434	4310	1188	94889	4744.45
ORTHO006271	unknown protein	AT3G17712;AT3G17740	5634;43231;43227;43226;5575;43229;44424;44464;5623;5622;3674;8150	6784	6257	7228.5	7673	7245.5	7116	6580.5	6142.5	7183.5	3448	6763.5	3218	8519	1800.5	4842.5	5325.5	6409	3949	7042	727.5	7386	6266	6854	6553	106126	5306.3
ORTHO009958	DHHC-type zinc finger family protein	AT5G04270	5783;43231;43227;43226;5575;43229;44424;44464;5623;5622;44444;5737;12505;18230;18231;18198;18193;6464;36211;19538;43170;71704;8152;8150;44238;43412;44267;44260;44237;9987;18345;6497;42158;42157;34645;9059;1901576;9058;44249;43543;19706;19707;16417;16747;16746;16740;3824;3674;16409;5794;6612;6605;6886;15031;45184;51234;51179;8104;33036;71702;6810;46907;51649;51641;34613;70727;1902582;44765;1902578;44699;90150;72657;44802;61024;16043;71840;44763;1902580;5576	6785	5470	3554.5	324	2982.5	8560	7010.5	3894.5	3991.5	5021	397.5	1354.5	3956.5	138	136.5	3232.5	2792	398	2078.5	3254	124	292	1072	514	48217.5	2.410.875
ORTHO009360	unknown protein	AT3G49890	5634;43231;43227;43226;5575;43229;44424;44464;5623;5622;3674;8150	6786	5984	6645.5	6505	6664	6085.5	3758	5698.5	6823.5	5506.5	2809.5	8051	5740	1800.5	3936.5	3976.5	5194	3121	5851	7299	5637	5603	5497.5	5806	98194.5	4.909.725
ORTHO010086	Pentatricopeptide repeat (PPR) superfamily protein	AT1G19290	9507;9536;43231;43227;43226;5575;43229;44424;44464;5623;5622;44444;5737;10027;9668;44802;61024;16043;71840;8150;9987;44763;44699;9657;6996;9570;9532;44435;44446;44422;44434;71482;9416;9314;9628;50896;71478;71214;51716;35970;6470;16311;6796;6793;44237;8152;6464;36211;19538;43170;71704;44238;43412;44267;44260;46872;43169;43167;5488;3674;4721;16791;42578;16788;16787;3824	6787	5561.5	5190.5	3594	2982.5	1658.5	4638.5	5348	2301	6551	6343	7870.5	3299	1800.5	2702.5	3976.5	4135	3949	4795.5	5337	4226.5	4471.5	4748	4291.5	82443	4122.15
ORTHO008379	unknown protein	AT2G35290	3674;8150	6788	5803	7892	8996	6534	6529	4341	6864	7748	6097	3831.5	7017.5	7258.5	8210.5	7804.5	5325.5	7177	5452.5	7831	8691.5	8580	7301.5	5322	7266.5	128649	6432.45
ORTHO008727	alpha/beta-Hydrolases superfamily protein	AT5G17670	6505;46488;6650;6644;19637;71704;8152;8150;6793;44237;9987;44255;6629;44710;44699;44238;44763;6796;46486;6664;1903509;1901135;6643;9507;9536;43231;43227;43226;5575;43229;44424;44464;5623;5622;44444;5737;9941;9526;31967;31975;44446;44422;44435;44434;6886;15031;45184;51234;51179;8104;33036;71702;6810;46907;51649;51641;34613;70727;16788;16787;3824;3674	6789	5985	6126.25	5463.5	6664	3929	4341	3953	6493	6934	7040	4566	5740	1800.5	3936.5	3976.5	4942.5	3949	3792	7012	3027	5603	5171.5	6145.5	92352	4617.6
ORTHO010347	dehydroascorbate reductase 1	AT5G16710	9570;9532;44435;44444;44424;44464;5575;5623;5622;5737;44446;44422;43226;43229;9536;43231;43227;44434;9507;10731;6464;36211;19538;43170;71704;8152;8150;44238;43412;44267;44260;44237;9987;45174;16672;16667;16491;3824;3674;55114;44710;44699;16209;15038;15037;15036;9941;9526;31967;31975;6749;6518;43603;34641;6807;1901564;6790;6575;4364;16765;16740;9735;9725;9719;50896;10033;42221	6790	7912	5913.5	5037	6857.5	1907.5	5560.5	4826.5	5994	6097	7382.5	8362	1352	1254	3047.5	5325.5	8351	2199.5	5648	4258.5	7709	1310	1275.5	8367.5	90228	4511.4
ORTHO009320	unknown protein	AT4G13220	8150;9507;9536;43231;43227;43226;5575;43229;44424;44464;5623;5622;44444;5737;3674	6791	6825	7892.5	8994	7662	5432.5	8427.5	5957	6823.5	6235	7734.5	5960	8380	7101	7844	8660.5	5962.5	4253	6700.5	7747	6696	6429	6040	6210	128593.5	6.429.675
ORTHO005227	PHYTOCYSTATIN 2	AT2G31980	5576;5575;6952;6950;50896;8150;4869;4866;30414;61134;30234;98772;3674;50790;19222;50789;65007;65009;52547;30162;51246;80090;60255;51336;4857;43086;44092;9892;48519;10466;45861;32269;32268;31323;50794;31324;48523;51248;10605;51346;61135;52548;10951	6792	7565	7459	8126	5439	6946	6258.5	8476.5	7748	8934.5	8737.5	6561.5	3964.5	5726	1266.5	3023.5	7542.5	2558	8907	2455	5170.5	7923.5	4723.5	3447.5	110370.5	5.518.525
ORTHO007236	phosphotyrosyl phosphatase activator (PTPA) family protein	AT4G08960	5737;44424;44464;5575;5623;5622;19211;19208;30234;98772;3674;50790;19222;50789;65007;8150;65009;8047;43085;44093;9893;48518;3755;16859;16853;3824;8152;413;18208;18193;6464;36211;19538;43170;71704;44238;43412;44267;44260;44237;9987	6793	8318	7571	8349	7662	6382	7665	7935.5	6124	3099	8314	8654.5	5338.5	906.5	2396.5	8358	6549	1114.5	7398	6001	7489.5	4067	7335	7997	113124.5	5.656.225
ORTHO005593	SUPPRESSOR OF AUXIN RESISTANCE 3	AT1G80680	5635;44428;44446;44422;5575;43226;44424;44464;5623;5622;43229;5634;43231;43227;31967;31975;12505;9870;2218;2253;50778;48584;48518;50789;65007;8150;48583;50776;2682;2684;2376;45089;31349;31347;80134;45088;7165;50794;51716;9987;50896;7154;44763;44699;44700;23052;6406;6405;51168;6913;16482;46907;6810;51234;51179;51649;51641;51169;50658;50657;15931;71705;71702;51236;6403;33036;51028;10467;43170;71704;8152;71427;71426;1902582;44765;1902578;71166;9733;9725;9719;10033;42221;5643;31965;31090;16020;9910;48581;48580;2000026;50793;51239;51241;48519;51093;2000242;2000241;9909;48831;5515;5488;3674;15288;22829;15267;22803;22857;5215;55085;32502;6952;6950	6794	5936	6024	5254	5328	3971.5	8474	3136.5	6823.5	6733	3674	8085	1352	8072	8677	3074	4054.5	1780	3616	5245.5	4321	4780.5	4292	1131	91293	4564.65
ORTHO008868	NDH-dependent cyclic electron flow 1	AT1G15980	9507;9536;43231;43227;43226;5575;43229;44424;44464;5623;5622;44444;5737;9535;55035;42651;34357;16020;44436;9579;44435;44446;44422;31976;31984;44434;9534;10598;98796;43234;32991;44425;9773;9767;22900;6091;44237;8152;8150;9987;55114;44710;44699;44763;19684;15979;6810;51234;51179	6795	5378	7564.5	8334	2982.5	7116	3025	6142.5	8259	5459.5	7886	3218	6617.5	1800.5	5254.5	5325.5	6409	3949	7042	8320	7386	6266	6854	6553	112883	5644.15
ORTHO010223	golgi nucleotide sugar transporter 2	AT1G07290	98656;6820;6811;44765;6810;51234;51179;8150;1902578;44699;34220;55085;44763;9987;1990570;15784;36079;15780;1901264;71702;6862;15748;15931;71705;90480;72530;1901679;5886;16020;5575;44464;5623;71944;5338;1901505;5215;3674;15215;15605;1901677;22857;15932;22891;22892;6486;6464;36211;19538;43170;71704;8152;44238;43412;44267;44260;44237;43413;70085;44723;5975;44710;9101;9100;1901135;34645;9059;1901576;9058;44249;1901137;15297;15291;22804	6796	6467	6064	5332	5748	6227.5	7872	3953	1234	6889	2539	3218	8410.5	2711.5	4705.5	3976.5	8387	4253	7042	971	8580	3111.5	827.5	6801.5	91710	4585.5
ORTHO009572	UTP:galactose-1-phosphate uridylyltransferases	AT5G18200	47345;70566;16779;16772;16740;3824;3674;8152;8150;80040;32109;32107;32104;32101;48583;50789;65007;32106;32103;48584;48518;80135;50794;80134;10647;10646;48522;5975;71704;44238;43531;32559;30554;17076;166;36094;5488;1901265;1901363;97159;32555;32553;97367;32550;32549;1882;1883;43168;43167;8270;46914;46872;43169;6012;19318;5996;44723;44710;44699;44281;5634;43231;43227;43226;5575;43229;44424;44464;5623;5622;6006	6797	4762	4524.5	2252	2982.5	314	2414	2185	2645.5	1999	3366.5	6171.5	3650.5	1800.5	5034.5	6712.5	562	3121	3730.5	6860	7489.5	3754	5902.5	6553	74266	3713.3
ORTHO002223	Flavin-binding monooxygenase family protein	AT5G07800;AT5G61290	50661;50662;48037;5488;3674;166;36094;1901265;1901363;97159;4499;16709;16705;16491;3824;8152;8150;55114;44710;44699;4497;50660;43168;43167;5634;43231;43227;43226;5575;43229;44424;44464;5623;5622	6798	8791	4807	2816	8984.5	2776	1765.5	291	8616	8934.5	478.5	7607.5	1352	6065	2163.5	8617	8483	3949	2092	3331	3564	343	340.5	7161.5	77930.5	3.896.525
ORTHO008280	unknown protein	AT3G18800	5739;43231;43227;43226;5575;43229;44424;44464;5623;5622;44444;5737;8150;5886;16020;71944;3674	6799	6634	6383	5967	7245.5	5432.5	4118.5	5439.5	6379.5	4302.5	6543	7957.5	7743	2711.5	3521.5	3976.5	4870.5	2724.5	5272.5	6754	2072	5059	5021	5222.5	95121.5	4.756.075
ORTHO007260	ATP-dependent caseinolytic (Clp) protease/crotonase family protein	AT4G16800	5739;43231;43227;43226;5575;43229;44424;44464;5623;5622;44444;5737;6631;44255;6629;71704;8152;8150;44710;44699;44238;44763;9987;44237;32787;19752;43436;6082;44281;8233;16787;3824;3674;6508;19538;43170;4300;16836;16835;16829	6800	5217	6573	6346	2982.5	6085.5	1560	6142.5	1691	8934.5	6763.5	7069.5	1352	8028.5	7582.5	7782	562	4400	7042	1869	147.5	6920	6709	6553	97194	4859.7
ORTHO010100	FKBP-like peptidyl-prolyl cis-trans isomerase family protein	AT5G13410	9507;9536;43231;43227;43226;5575;43229;44424;44464;5623;5622;44444;5737;9543;31978;31977;44436;9579;44435;44446;44422;31976;31984;44434;9534;18208;18193;6464;36211;19538;43170;71704;8152;8150;44238;43412;44267;44260;44237;9987;3755;16859;16853;3824;3674;413;9535;55035;42651;34357;16020;6457;5528;5527;1901363;5488;97159;8144	6801	5663	6627.5	6454	2982.5	2005.5	3327	5813.5	8950	1123	7734.5	3422.5	6071.5	1800.5	5034.5	3976.5	5864.5	3949	6700.5	7871	6180.5	5924	6040	6057.5	97846	4892.3
ORTHO010410	Pentatricopeptide repeat (PPR) superfamily protein	AT5G59900	8150;3674;5739;43231;43227;43226;5575;43229;44424;44464;5623;5622;44444;5737	6802	7924	3436	70	6857.5	4061	1457	3987	393.5	8446	513.5	1755.5	1352	138	136.5	3128	2818.5	85.5	1463	299.5	2901.5	100.5	246	619	33901.5	1.695.075
ORTHO006740	polyprenyltransferase 1	AT4G23660	8299;6720;44255;6629;71704;8152;8150;44710;44699;44238;44763;9987;44237;8610;1901576;9058;44711;44249;6744;6743;6733;6732;51186;1901661;42180;44281;1901663;9108;51188;42181;44283;5886;16020;5575;44464;5623;71944;5743;19866;31090;44422;43226;43227;44424;5622;31967;31975;44446;43229;31966;44429;44444;5737;5739;43231;5740;2083;2094;4659;16765;16740;3824;3674;47293;16021;31224;44425;9790;44767;32502;48856;7275;44707;32501	6803	6431	4833	2863	5748	4176	1519.5	1640.5	7831	6645	3674	572.5	6731.5	2711.5	2023.5	3976.5	3682	7408	5589.5	2805.5	5422.5	3609.5	4199	4060.5	78278	3913.9
ORTHO003947	UDP-glucose:glycoprotein glucosyltransferases	AT1G71220	5783;43231;43227;43226;5575;43229;44424;44464;5623;5622;44444;5737;12505;3980;35251;46527;16758;16757;16740;3824;3674;8152;8150;8194;97359;6011;9225;6139;46483;44237;9987;6725;1901360;71704;34641;6807;44238;1901135;10204;2218;2253;50778;48584;48518;50789;65007;48583;50776;2682;2684;2376;45089;31349;31347;80134;45088;7165;50794;51716;50896;7154;44763;44699;44700;23052;16051;44723;5975;44710;1901576;9058;44711;9507;9536;6486;6464;36211;19538;43170;43412;44267;44260;43413;70085;9101;9100;34645;9059;44249;1901137;9626;34050;12501;8219;16265;45087;6952;6950;6955;33554;5788;70013;43233;31974;44422;44446;44432;9751;14070;10033;42221;1101;1901700;46283;9812;42440	6804	6188	7601.5	8399	7245.5	739.5	7151.5	6831.5	8868.5	3084.5	4107	6543.5	6895.5	8072	8203.5	6712.5	6825	5824	7612.5	1208	3336	7301.5	7611.5	6949.5	113877.5	5.693.875
ORTHO009407	L-fucokinase/GDP-L-fucose pyrophosphorylase	AT1G01220	16310;6796;6793;44237;8152;8150;9987;47341;70568;16779;16772;16740;3824;3674;42352;43173;43094;44249;9058;9165;1901293;90407;19637;71704;1901576;6753;55086;6139;46483;6725;1901360;34641;6807;44238;44281;44710;44699;44763;34654;19438;44271;18130;1901362;44711;9117;42350;46368;9225;1901135;9226;1901137;5524;35639;1901265;1901363;5488;97159;43168;43167;32559;30554;17076;166;36094;32555;32553;97367;32550;32549;1882;1883;4335;16773;19200;16301;46835;44262;5975;46872;43169;50201;5737;44424;44464;5575;5623;5622	6805	6231	5048	3291	7245.5	4110.5	1311	5698.5	5619	1970.5	7382.5	8061	5740	1800.5	3936.5	3976.5	693.5	3121	4016	995	5637	5603	5541.5	5601	80814.5	4.040.725
ORTHO008273	NDH dependent flow 6	AT1G18730	9773;9767;22900;6091;44237;8152;8150;9987;55114;44710;44699;44763;19684;15979;9535;55035;42651;34357;16020;5575;44436;44424;44464;5623;5622;9579;44435;44444;5737;44446;44422;43226;43229;9536;43231;43227;31976;31984;44434;9507;9534;10598;98796;43234;32991;44425;16021;31224;3674	6806	6011	7853	8900	5552	7278	4341	6906	6823.5	5448.5	8566	4991	3894	8660.5	8316.5	5325.5	2884	5518	8031	8776	7925	7520.5	6040	8159	125404	6270.2
ORTHO007697	Regulator of chromosome condensation (RCC1) family protein	AT5G11580	3682;44877;5488;3674;8150;5886;16020;5575;44464;5623;71944;8536;17016;31267;51020;19899;5515	6807	5392	7747	8687	2982.5	6529	7843.5	2684	7831	3801.5	3639.5	8562.5	3865.5	8210.5	7804.5	5325.5	7091.5	5452.5	8098.5	1960	8019	7567	8115.5	7266.5	119667.5	5.983.375
ORTHO005177	ARM repeat superfamily protein	AT1G79190	8150;5634;43231;43227;43226;5575;43229;44424;44464;5623;5622	6808	4090	4868	2928	5121	1658.5	4587.5	2838	5754	8535.5	7999	7853.5	2969.5	3815.5	1758.5	3976.5	8269	1921.5	3011	5447	945.5	2213.5	3740.5	1434.5	78728.5	3.936.425
ORTHO009218	RNA-binding (RRM/RBD/RNP motifs) family protein	AT3G52150	9570;9532;44435;44444;44424;44464;5575;5623;5622;5737;44446;44422;43226;43229;9536;43231;43227;44434;9507;9941;9526;31967;31975;166;36094;5488;3674;1901265;1901363;97159;9535;55035;42651;34357;16020;44436;9579;31976;31984;9534;3676;3723	6809	4851	7507.25	8205.5	5476.5	5833.5	3224.5	6978.5	1545.5	5641.5	7382.5	6440	7031	8072	7713.5	7782	4346.5	4507	4328.5	7299	4519	6077	5497.5	7028	111247	5562.35
ORTHO010054	ascorbate peroxidase 4	AT4G09010	9534;31976;9579;44424;44464;5575;5623;5622;31984;44446;44422;43226;43229;43227;44435;44444;5737;9536;43231;44434;9507;9535;55035;42651;34357;16020;44436;55114;44710;8152;8150;44699;9543;31978;31977;5634;4601;16684;16491;3824;3674;16209;6979;6950;50896;20037;46906;1901363;5488;97159;5515	6810	5500	6325	5840	2982.5	1227	3025	6142.5	7183.5	1777	7886	3218	1352	2711.5	5413.5	3976.5	6692.5	3949	7042	8320	7386	6077	4500.5	6553	94432.5	4.721.625
ORTHO004540	Tetratricopeptide repeat (TPR)-like superfamily protein	AT5G16280	5794;43231;43227;43226;5575;43229;44424;44464;5623;5622;44444;5737;12505;8150	6811	6352	5810.5	4810	5651.5	4244.5	7923	5213.5	4865	8319	3526	7800	3002	2711.5	2396.5	3976.5	8542.5	2199.5	4113.5	5726.5	3870	3374.5	3113	4174.5	89091.5	4.454.575
ORTHO008698	Pentatricopeptide repeat (PPR) superfamily protein	AT5G08305	5739;43231;43227;43226;5575;43229;44424;44464;5623;5622;44444;5737	6812	6974	7652.5	8493	7947.5	8937	1954	6573	6943.5	6524	4497	8855.5	1352	8485	8359	6712.5	8899	8397.5	8217.5	2289	8618.5	3374.5	910.5	5806	115705	5785.25
ORTHO008895	SNF2 domain-containing protein / helicase domain-containing protein	AT2G02090	6281;6259;44260;43170;71704;8152;8150;44237;9987;90304;6139;46483;6725;1901360;34641;6807;44238;6974;33554;51716;50896;6950;44763;44699;44710;5524;35639;1901265;1901363;5488;3674;97159;43168;43167;32559;30554;17076;166;36094;32555;32553;97367;32550;32549;1882;1883;71494;10225;9411;9416;9314;9628;34644;71482;71478;71214;5634;43231;43227;43226;5575;43229;44424;44464;5623;5622;3677;3676;4386;17111;16462;16818;16817;16787;3824;16568;6325;43933;16043;71840;51276;6996	6813	7394	6213.5	5614	6358.5	6227.5	1457	1604.5	8053.5	8934.5	4693.5	2131	1352	8210.5	8061.5	6712.5	5365	5788	1552	2665	38	6991	8070	5222.5	93129.5	4.656.475
ORTHO009911	Major facilitator superfamily protein	AT5G54860	16021;31224;44425;5575;16020;6810;51234;51179;8150;5215;3674	6814	5402	7498	8182	2982.5	6149	5430	6264	2541	4735.5	3831.5	5741.5	6804.5	7909	7582.5	5325.5	6549	4595	7042	4012.5	5779	6952	7048.5	6732.5	111024.5	5.551.225
ORTHO007881	Ca2+-activated RelA/spot homolog	AT3G17470	8893;16794;42578;16788;16787;3824;3674;8152;8150;15969;9150;6163;72521;46483;44237;9987;6725;1901360;71704;34641;6807;1901564;9117;6753;19637;6793;55086;6139;44238;44281;44710;44699;44763;6796;9259;19693;1901135;1901068;46128;9119;9116;1901657;42278;34035;34032;33865;33875;9507;9536;43231;43227;43226;5575;43229;44424;44464;5623;5622;44444;5737;42594;31667;9991;9605;50896;6950;8728;16778;16772;16740;5509;46872;43169;43167;5488	6815	5131	5010.5	3206	2982.5	4946.5	1474	4734	5994	8118.5	5726.5	5572	5066	1800.5	2702.5	3976.5	4004	2558	4328.5	1869	4103	4423	4632	4291.5	80320	4016
ORTHO007578	FGGY family of carbohydrate kinase	AT4G30310	16773;16772;16740;3824;3674;8152;8150;5739;43231;43227;43226;5575;43229;44424;44464;5623;5622;44444;5737;19200;16301;16310;6796;6793;44237;9987;46835;44262;5975;71704;44238;9507;9536	6816	5921	7737.5	8659	6664	2953.5	4341	6978.5	7748	4009	8651	4905	1352	8316	7939.5	5325.5	7177	6217	7562	8818.5	3027	7786.5	8290	7721.5	119118.5	5.955.925
ORTHO010035	topoisomerase 6 subunit  B	AT3G20780	8150;5634;43231;43227;43226;5575;43229;44424;44464;5623;5622	6817	5513.5	7670	8523	2982.5	1777	4587.5	8950.5	7455	4155	2992.5	5257	7189	8210.5	7804.5	5325.5	7071	5452.5	7812.5	8077	1391	7520.5	8026.5	7223	116278	5813.9
ORTHO004539	Insulinase (Peptidase family M16) family protein	AT1G06900	5737;44424;44464;5575;5623;5622;4222;4175;70011;8233;16787;3824;3674;8152;8150;6508;19538;43170;71704;44238;8237;8270;46914;46872;43169;43167;5488;16485;51604;10467;5829;44444	6818	7047	6220	5622	6194	4171	4872.5	7290.5	8484.5	4372	7886	7450.5	2843	3283.5	1616	5325.5	3399	6854.5	5128	6754	3027	1735	5295.5	3383	93171	4658.55
ORTHO001746_1	DNA/RNA helicase protein	AT5G22750	5634;43231;43227;43226;5575;43229;44424;44464;5623;5622;5524;35639;1901265;1901363;5488;3674;97159;43168;43167;32559;30554;17076;166;36094;32555;32553;97367;32550;32549;1882;1883;45003;724;725;6281;6259;44260;43170;71704;8152;8150;44237;9987;90304;6139;46483;6725;1901360;34641;6807;44238;6974;33554;51716;50896;6950;44763;44699;44710;6310;6302;3677;3676;9294;9292;44764;51704;4386;17111;16462;16818;16817;16787;3824;8270;46914;46872;43169;16568;6325;43933;16043;71840;51276;6996	6819	6030	5645.5	4472	6664	3557.5	6580.5	1640.5	4429.5	7584	4988.5	6374.5	4738	7699.5	7432.5	3976.5	2298	7801.5	4059	3061	3870	1910	1828	3383	87212	4360.6
ORTHO002907	2-oxoglutarate (2OG) and Fe(II)-dependent oxygenase superfamily protein	AT4G10490;AT4G10500	16706;16705;16491;3824;3674;8152;8150;55114;44710;44699;51213;19748;46872;43169;43167;5488;5737;44424;44464;5575;5623;5622	6820	8872	7581.5	8343	8884	7363.5	7254	7527.5	4865	5910.5	7886	2230.5	4738	401	5661	8925	7818.5	286	8008.5	7080	8300	2433.5	7404.5	8974	113067	5653.35
ORTHO003475	seryl-tRNA synthetase / serine--tRNA ligase	AT5G27470	6434;6418;43039;6399;34660;16070;44260;43170;71704;8152;8150;44237;9987;90304;6139;46483;6725;1901360;34641;6807;44238;43038;6520;1901564;19752;43436;6082;44281;44710;44699;44763;6412;43043;43604;43603;44271;44249;9058;6518;1901566;1901576;44267;19538;34645;9059;10467;5829;44444;44424;44464;5575;5623;5622;5737;46686;10038;10035;42221;50896;4828;4812;16876;16875;16874;3824;3674	6821	6940	7408.5	7996	6100.5	6085.5	3758	2796	2202	5628.5	7382.5	8654.5	8094	2711.5	3936.5	5325.5	5685	4673.5	6897.5	8590.5	8264.5	4873	6538.5	6883	108980	5449
ORTHO009312	oxidoreductases; acting on NADH or NADPH; quinone or similar compound as acceptor	AT5G58260	9535;55035;42651;34357;16020;5575;44436;44424;44464;5623;5622;9579;44435;44444;5737;44446;44422;43226;43229;9536;43231;43227;31976;31984;44434;9507;9534;10598;98796;43234;32991;44425;9941;9526;31967;31975;16655;16651;16491;3824;3674;8152;8150;55114;44710;44699;9817;9814;98542;6952;6950;50896;51707;43207;9605;9607;51704;45087;6955;2376;50832;9620;10258;10257;43623;6461;65003;43933;16043;71840;9987;22607;44085;71822;70271;34622;48038;48037;5488;6810;51234;51179	6822	4720	5446	4070	2982.5	1329	2791.5	6428.5	6943.5	4574.5	8606.5	3422.5	3591.5	1800.5	4705.5	6712.5	3682	2199.5	3385	6467.5	4103	3222.5	5171.5	6057.5	85194.5	4.259.725
ORTHO005202	MUTS-like protein 4	AT4G17380	710;1903046;22402;44763;9987;8150;44699;7049;51321;3;6298;6281;6259;44260;43170;71704;8152;44237;90304;6139;46483;6725;1901360;34641;6807;44238;6974;33554;51716;50896;6950;44710;7127;7126;280;48285;6996;16043;71840;1902589;5524;35639;1901265;1901363;5488;3674;97159;43168;43167;32559;30554;17076;166;36094;32555;32553;97367;32550;32549;1882;1883;10777;7131;35825;6310;32300;1990391;43234;32991;5575;44424;44464;5623;5622;51026;22607;44085;7129;70192;51276;45143;45132;98813;7059;794;228;44428;44446;44422;43226;43229;5634;43231;43227;5694;43232;43228;31981;70013;43233;31974;793;3684;3677;3676;30983;3690;43566;9506;5911;30054;55044;795;44454;44427;8094;42623;16887;17111;16462;16818;16817;16787;3824;43073	6823	4095	7801.25	8779.5	2375	5621	7778	2838	8467	8535.5	3702.5	5763	7743	8692.5	5691.5	7782	8849	6683.5	8200	8942.5	2485.5	7637.5	2214	4291.5	121917.5	6.095.875
ORTHO006241	shortage in chiasmata 1	AT5G52290	3674;712;1903046;22402;44763;9987;8150;44699;7049;51321;3;7131;35825;6310;6259;44260;43170;71704;8152;44237;90304;6139;46483;6725;1901360;34641;6807;44238;44710;7127;7126;280;48285;6996;16043;71840;1902589;51307;51304;7059;45132;98813;9506;5911;30054;5575;55044	6824	6375	3525	226	7245.5	4088	1672.5	3903.5	3991.5	3757.5	5237	632	4014.5	138	136.5	3232.5	2828	398	2150.5	3331	2789	320.5	1203	487	44310.5	2.215.525
ORTHO009783	Phospholipid/glycerol acyltransferase family protein	AT4G30580	9507;9536;43231;43227;43226;5575;43229;44424;44464;5623;5622;44444;5737;31969;42170;31090;16020;44422;44435;44446;9526;31967;31975;44434;9941;3841;16411;8374;16747;16746;16740;3824;3674;8152;8150;42171;71617;6655;46471;6650;6644;19637;71704;6793;44237;9987;44255;6629;44710;44699;44238;44763;6796;46486;46474;45017;8610;1901576;9058;44711;44249;8654;90407;9793;44702;22414;3006;32502;9790;44767;48856;7275;44707;32501;48316;48608;61458;48731;9791;10154;16024;46341;16021;31224;44425	6825	7650	7224	7623	6534	5904	8324.5	5213.5	6584	2945.5	7734.5	2467.5	7963	2711.5	3936.5	5325.5	5685	3121	6531	8478	7052	4308.5	5826.5	5601	105713	5285.65
ORTHO010464	DEAD/DEAH box helicase; putative	AT1G70070	9507;9536;43231;43227;43226;5575;43229;44424;44464;5623;5622;44444;5737;8026;42623;16887;17111;16462;16818;16817;16787;3824;3674;8152;8150;70035;4386;10497;10496;6810;51234;51179;9987;9793;44702;22414;44699;3006;32502;9790;44767;48856;7275;44707;32501;48316;48608;61458;48731;9791;10154;16441;10608;10468;60255;19222;50789;65007;40029;16458;10629;10605;9892;48519;44763;9570;9532;44435;44446;44422;44434;10494;36464;35770;30529;32991;43232;43228;5524;35639;1901265;1901363;5488;97159;43168;43167;32559;30554;17076;166;36094;32555;32553;97367;32550;32549;1882;1883;31047;3676;3724	6826	6380	6758	6690	7245.5	6382	7311	5813.5	5851.5	3983	7382.5	3422.5	8094	2711.5	4124.5	3976.5	5962.5	3580	6185.5	1343.5	5637	5789.5	5649	6161.5	99361	4968.05
ORTHO006447	zinc knuckle (CCHC-type) family protein	AT3G43590	8270;46914;46872;43169;43167;5488;3674;3676;1901363;97159;5634;43231;43227;43226;5575;43229;44424;44464;5623;5622	6827	8118	7476	8125	7245.5	9043.5	8843	7935.5	5754	8319	7040	4386.5	5338.5	906.5	2396.5	5325.5	8818.5	663.5	7197.5	6001	7052	2677	4806.5	7860.5	110365	5518.25
ORTHO006578	Rhodanese/Cell cycle control phosphatase superfamily protein	AT5G03455	30611;16491;3824;3674;8152;8150;55114;44710;44699;6468;16310;6796;6793;44237;9987;6464;36211;19538;43170;71704;44238;43412;44267;44260;5515;5488;5739;43231;43227;43226;5575;43229;44424;44464;5623;5622;44444;5737;5634;46872;43169;43167;46685;42221;50896;4725;4721;16791;42578;16788;16787;16311;6470;35335;9507;9536	6828	6930	5846.5	4865	7947.5	3750.5	6325.5	3203	8259	7722.5	4107	7376	1352	8843	8093.5	5325.5	3299	4809.5	1451.5	2854.5	3719.5	2763	2834	3289.5	89378	4468.9
ORTHO010364	unknown protein	AT3G29280	5634;43231;43227;43226;5575;43229;44424;44464;5623;5622;3674;8150	6829	7812	5675	4521	8202.5	1926	7947.5	8950.5	4865	4377.5	6763.5	5295.5	4955.5	1184.5	2163.5	5325.5	8505.5	2199.5	4914	5519.5	2533.5	1228	1121.5	7656.5	87432.5	4.371.625
ORTHO010299	Domain of unknown function (DUF1995)	AT5G27560	8150;3674;16021;31224;44425;5575;16020	6830	6384.5	6166.5	5503	7245.5	2005.5	8400	5957	1133	5126	7594	3422.5	1352	2711.5	4462	3976.5	6162	3750.5	6531	5447	6180.5	5924	6040	6379.5	92554.5	4.627.725
ORTHO005937	myb family transcription factor	AT5G41020	3677;3676;1901363;5488;3674;97159;3700;1071;2001141;31326;9889;19222;50789;65007;8150;31323;50794;51252;19219;80090;51171;60255;10556;6355;1903506;10468;2000112;5634;43231;43227;43226;5575;43229;44424;44464;5623;5622;3682;44877	6831	7116	6546.5	6262	7947.5	4519	3758	7762	5355.5	8934.5	5726.5	5859.5	6731.5	2711.5	2023.5	5325.5	8637.5	1538.5	4388	6923.5	4668.5	2433.5	4748	4678.5	96723	4836.15
ORTHO006955	ribonuclease P family protein / Rpp14 family protein	AT1G04635	5773;43231;43227;43226;5575;43229;44424;44464;5623;5622;44444;5737;4526;16891;4521;4519;4518;16788;16787;3824;3674;8152;8150;90305;90304;6139;46483;44237;9987;6725;1901360;71704;34641;6807;44238;43170;4540;90501;16070;44260;90502;16893;4549;9793;44702;22414;44699;3006;32502;9790;44767;48856;7275;44707;32501;48316;48608;61458;48731;9791;10154;8033;34470;34660;6396;10467;6399;5730;44428;44446;44422;5634;43232;43228;31981;70013;43233;31974	6832	5063	6365.5	5899	2982.5	6784	3327	1604.5	7046.5	2945.5	6763.5	3422.5	1352	1800.5	5413.5	3976.5	6027	4747.5	7042	6632	7052	6129	6365	6281	94711.5	4.735.575
ORTHO009030	Ataxia telangiectasia-mutated and RAD3-related	AT5G40820	10044;10038;10035;42221;50896;8150;43247;6974;33554;51716;9987;6950;723;6259;44260;43170;71704;8152;44237;90304;6139;46483;6725;1901360;34641;6807;44238;32200;51276;6996;16043;71840;1902589;44763;44699;44710;60249;42592;65008;65007;5634;43231;43227;43226;5575;43229;44424;44464;5623;5622;6303;726;6281;6302;10332;10212;9314;9628;7004;10833;6278;6260;34645;9059;1901576;9058;44249;44711;5524;35639;1901265;1901363;5488;3674;97159;43168;43167;32559;30554;17076;166;36094;32555;32553;97367;32550;32549;1882;1883;33044;33043;51128;50794;50789;32204;32844;51052;19219;80090;19222;51171;31323;60255;7126;280;48285;1903046;22402;7049;51321;3;4674;4672;16301;16772;16740;3824;16310;6796;6793;16773;6468;6464;36211;19538;43412;44267;9506;5911;30054;55044;32504;32501	6833	5335	5813.5	4794	2982.5	1500	5382	2545	1234	8535.5	6070	8654.5	5740	1800.5	4233.5	5325.5	2560.5	3121	6056.5	4211	5637	5603	5171.5	5601	88982	4449.1
ORTHO003423	glutamate-ammonia ligases	AT3G53180	10311;9791;44767;32502;8150;44699;44707;32501;7275;48645;48646;9653;48856;9887;48513;48731;10102;10101;10015;48364;22622;9886;48528;48569;48527;8017;32403;44877;5488;3674;5515;15631;8092;6542;9084;1901607;1901605;6520;1901564;71704;8152;6807;19752;43436;6082;44281;44710;44763;9987;44237;44238;8652;46394;16053;44283;44711;9058;1901576;44249;1901566;9064;6541;43015;43621;5737;44424;44464;5575;5623;5622;4356;16211;16880;16879;16874;3824;9617;51707;43207;9605;50896;9607;51704;9737;9725;9719;10033;42221;33993;97305;1901700;1101;5829;44444;48829;16787;9399;71941	6834	5064	5236	3638	5938.5	4251	7352	3123	3083	6889	1312.5	3422.5	5740	1800.5	3936.5	3976.5	4942.5	7376.5	7042	2156.5	1156	5059	5171.5	4898	82688.5	4.134.425
ORTHO009973	CONTAINS InterPro DOMAIN/s: Chromosome transmission fidelity protein 8 (InterPro:IPR018607)	AT5G52220	5515;5488;3674;8150;5634;43231;43227;43226;5575;43229;44424;44464;5623;5622	6835	5627	5149	3463	2982.5	4758	6283.5	8395.5	2338	8934.5	3749	7804.5	1352	3283.5	2163.5	3976.5	3682	3121	4263.5	2854.5	2459.5	3754	4434.5	4174.5	81782	4089.1
ORTHO009384	ankyrin repeat family protein	AT5G65860	32259;8152;8150;5737;44424;44464;5575;5623;5622;8168;16741;16740;3824;3674;16274;16273;8170;8757;8276;6479;43414;44260;43170;71704;44237;9987;43412;8213;6464;36211;19538;44238;44267;35246;18216;18195;18193	6836	6388	7322	7808	7245.5	6529	3628.5	5957	5994	2654.5	6343	8107.5	8306	2711.5	4462	3976.5	6099.5	3580	6531	7871	6180.5	5924	6040	6379.5	107275	5363.75
ORTHO007271	DNA mismatch repair protein; putative	AT4G02460	7131;35825;6310;6259;44260;43170;71704;8152;8150;44237;9987;90304;6139;46483;6725;1901360;34641;6807;44238;1903046;22402;44763;44699;7049;51321;3;44710;7127;7126;280;48285;6996;16043;71840;1902589;32389;44428;44446;44422;5575;43226;44424;44464;5623;5622;43229;5634;43231;43227;32300;1990391;43234;32991;5524;35639;1901265;1901363;5488;3674;97159;43168;43167;32559;30554;17076;166;36094;32555;32553;97367;32550;32549;1882;1883;6298;6281;6974;33554;51716;50896;6950;30983;3690;43566;3677;3676;9555;48229;7275;44767;32502;44707;32501;48856;10154;48608;3006;22414;61458;48731;16887;17111;16462;16818;16817;16787;3824;48316;44702;9791	6837	5812	6677	6517	2982.5	7116	3025	6142.5	5028	855	6763.5	3218	6617.5	1800.5	960	3976.5	6409	3949	7042	8320	7386	6266	6854	6553	98281.5	4.914.075
ORTHO011155	NmrA-like negative transcriptional regulator family protein	AT4G34540	55114;44710;8152;8150;44699;5737;44424;44464;5575;5623;5622;10283;16628;16627;16491;3824;3674	6838	7509	5007	3176	6358.5	3956	5001	7762	7046.5	8063.5	3526	5053	1352	4344	3721.5	5325.5	8888	1210.5	284	5781.5	180.5	621.5	388	7656.5	80161.5	4.008.075
ORTHO001653_2	P-type ATPase of Arabidopsis 2	AT5G21930	46872;43169;43167;5488;3674;9535;55035;42651;34357;16020;5575;44436;44424;44464;5623;5622;9579;44435;44444;5737;44446;44422;43226;43229;9536;43231;43227;31976;31984;44434;9507;9534;4008;43682;15662;42625;42626;43492;42623;16887;17111;16462;16818;16817;16787;3824;8152;8150;15405;15399;22804;22857;5215;6810;51234;51179;55085;44763;9987;44699;44765;1902578;16820;15075;22891;22892;34220;6811;19829;8324;98655;6812;5375;46915;46873;22890;30001;41;35434;98662;98660;6825;60003;16021;31224;44425;5524;35639;1901265;1901363;97159;43168;32559;30554;17076;166;36094;32555;32553;97367;32550;32549;1882;1883;9767;22900;6091;44237;55114;44710;19684;15979;5886;71944	6839	4749	7324.5	7810	2982.5	6313	7050.5	2796	2849.5	4610	7594	4566	1352	8210.5	7804.5	7782	8431	4507	4607.5	2749	4833.5	6576.5	7486	7161.5	107280	5364
ORTHO008902	DNA polymerase delta small subunit	AT2G42120	5634;43231;43227;43226;5575;43229;44424;44464;5623;5622;3887;34061;16779;16772;16740;3824;3674;8152;8150;71897;6259;44260;43170;71704;44237;9987;90304;6139;46483;6725;1901360;34641;6807;44238;34645;9059;1901576;9058;44249;34654;19438;44271;18130;1901362;3677;3676;1901363;5488;97159;6260	6840	5356	7857.5	8875	2982.5	8030	8076	8536	8676	4987	4016	6213.5	8859	5535	810.5	3976.5	1266	7376.5	8951	3563	8873.5	9023.5	9005	8837	124611	6230.55
ORTHO001878	serine carboxypeptidase-like 44	AT1G43780;AT2G12480;AT5G42230;AT5G42240	6508;19538;43170;71704;8152;8150;44238;5576;5575;4185;4180;8238;70011;8233;16787;3824;3674;70008;8236;17171;5618;30312;44464;5623;71944	6841	6252	6662.5	6484	5651.5	2005.5	3513	5957	5028	3425.5	7734.5	8107.5	1352	1800.5	4462	5325.5	6208.5	3580	7042	7871	6180.5	6027.5	6040	6379.5	98040	4902
ORTHO010473	Plastid-lipid associated protein PAP / fibrillin family protein	AT5G19940	9534;31976;9579;44424;44464;5575;5623;5622;31984;44446;44422;43226;43229;43227;44435;44444;5737;9536;43231;44434;9507;9941;9526;31967;31975;8150	6842	6411	6758	6674	5748	1500	8282	5698.5	7691.5	4244.5	7382.5	3686.5	8094	2711.5	3936.5	3976.5	5194	3121	5851	5337	5637	5603	5497.5	5806	99250.5	4.962.525
ORTHO009880	Pentatricopeptide repeat (PPR) superfamily protein	AT3G09060	8150;5739;43231;43227;43226;5575;43229;44424;44464;5623;5622;44444;5737;3674	6843	5654	7079.5	7316	2982.5	542.5	3224.5	6142.5	7831	4941	6763.5	3218	6513.5	1800.5	5034.5	5325.5	6298	3949	7042	8125.5	7386	6182.5	6624.5	6553	103497.5	5.174.875
ORTHO004444	small nuclear ribonucleoprotein F	AT4G30220	5730;44428;44446;44422;5575;43226;44424;44464;5623;5622;43229;5634;43231;43227;43232;43228;31981;70013;43233;31974;5685;97525;30532;30529;32991;71013;5681;398;6397;16071;16070;44260;43170;71704;8152;8150;44237;9987;90304;6139;46483;6725;1901360;34641;6807;44238;6396;10467;377;375;8380;5732;5829;44444;5737;3723;3676;1901363;5488;3674;97159	6844	6961	5740.5	4637	6100.5	8818	5643	3434	9112	8934.5	3831.5	3872	3090	6542.5	7582.5	3976.5	1685	4400	1567	5126.5	87.5	2923.5	3123.5	4291.5	88041	4402.05
ORTHO010488	RNA-binding S4 domain-containing protein	AT1G53120	3723;3676;1901363;5488;3674;97159;9507;9536;43231;43227;43226;5575;43229;44424;44464;5623;5622;44444;5737;8150	6845	6424	7179	7513	5748	6529	2881	6142.5	8259	5910.5	7886	3218	6731.5	1375.5	4705.5	3976.5	6549	3949	7042	8397.5	765	6340.5	6989	7315.5	104962.5	5.248.125
ORTHO004462	GDSL-like Lipase/Acylhydrolase superfamily protein	AT4G16230	5576;5575	6846	5910	5055.5	3265	5328	6832.5	3430	8314.5	6379.5	2846	7999	1658	4444	3497	6192.5	2080.5	3752	1406.5	7353.5	5094	2172.5	2061	4178	988.5	80679.5	4.033.975
ORTHO009296	Nucleic acid-binding proteins superfamily	AT3G23700	9570;9532;44435;44444;44424;44464;5575;5623;5622;5737;44446;44422;43226;43229;9536;43231;43227;44434;9507;5634;9409;9266;9628;50896;8150;6950;3723;3676;1901363;5488;3674;97159	6847	6316	7984.5	9122	7245.5	7583.5	5205.5	7192	8423.5	1750.5	8701	3686.5	8898	7448.5	8593.5	5325.5	7280.5	5720	8173	7871	8534	8005	8321	8456	135168.5	6.758.425
ORTHO009869	Ribosomal protein S24e family protein	AT5G02740	5840;30529;32991;5575;44424;44464;5623;5622;43232;43228;43226;43229;44444;5737;8150;9507;9536;43231;43227;5739;166;36094;5488;3674;1901265;1901363;97159	6848	7166	5839.5	4831	7947.5	1907.5	8022.5	2962.5	5144	2405	7040	3686.5	7377.5	2711.5	2702.5	5325.5	4610.5	1888	5400	7692.5	5779	3374.5	5710.5	5433.5	89173.5	4.458.675
ORTHO008358	MED32	AT1G11760	9631;9409;9266;9628;50896;8150;6950;16592;44451;44428;44446;44422;5575;43226;44424;44464;5623;5622;43229;5634;43231;43227;5654;31981;70013;43233;31974;43234;32991;42542;302;6979;1901700;42221;10035;48364;44767;32502;44699;48513;48856;48731;7275;44707;32501;22622	6849	6632	5860	4871	7245.5	2358	6755	5348	8053.5	4570	3269.5	7861	7377.5	2711.5	2702.5	3976.5	4464.5	2558	4548.5	4727.5	4226.5	4471.5	4748	4678.5	89406	4470.3
ORTHO006357	transducin family protein / WD-40 repeat family protein	AT2G34260	80008;31461;151;1990234;1902494;43234;32991;5575;44424;44464;5623;5622;9960;3006;32502;8150;22414;9888;48856;48513;48731;7275;44767;44699;44707;32501;48316;48608;61458;44702;9791;10154;5834;98797;44459;44425;16020;5886;71944;98796;31234;19897;19898;9898;98562;98552;10197;741;48284;6996;16043;71840;9987;6997;9559;30154;48869;44763;9561;9553;48229;5737;5634;43231;43227;43226;43229;9855;9799;7389;9793;9790;166;36094;5488;3674;1901265;1901363;97159	6850	7646	5695.5	4541	7947.5	4101	5075.5	4345	8892.5	8934.5	4642.5	7144.5	4677	3450.5	1549	5325.5	3117	4595	3553	6754	2243	868	2863.5	5433.5	87564.5	4.378.225
ORTHO007566	transcription regulators	AT5G13240	16480;6359;6355;1903506;2001141;31326;9889;19222;50789;65007;8150;31323;50794;51252;19219;80090;51171;60255;10556;10468;2000112;45892;1903507;1902679;51253;10605;9892;48519;45934;51172;31324;48523;31327;9890;10558;10629;2000113;5634;43231;43227;43226;5575;43229;44424;44464;5623;5622	6851	7280	7909	8967	7947.5	8135	4698	7331	7561.5	4619.5	3596.5	6100	1352	8747	5886	6712.5	7354	5720	7042	9060	8438.5	8723	8796	7591	127463.5	6.373.175
ORTHO009301	RNA-binding (RRM/RBD/RNP motifs) family protein	AT2G35410	9570;9532;44435;44444;44424;44464;5575;5623;5622;5737;44446;44422;43226;43229;9536;43231;43227;44434;9507;3723;3676;1901363;5488;3674;97159;9579;166;36094;1901265	6852	6331	4831	2810	7245.5	2501	4856.5	5095	4551	7324	3879	7753	2862.5	2711.5	1725.5	3976.5	1266	5569	4113.5	5447	3564	3311	3758.5	3635.5	77900	3895
ORTHO010130	unknown protein	AT5G41960	8150;9507;9536;43231;43227;43226;5575;43229;44424;44464;5623;5622;44444;5737;3674	6853	5598	7634	8415	2982.5	4913	4638.5	2044	7831	8398	6763.5	5960	3620	7779.5	7518.5	5325.5	5864.5	4253	6785	7871	5422.5	6576.5	6365	6210	114139	5706.95
ORTHO010284	Zim17-type zinc finger protein	AT3G54826	5739;43231;43227;43226;5575;43229;44424;44464;5623;5622;44444;5737	6854	6451	7737.5	8621	5748	6184	5735	4034.5	8259	5001	4016	5877.5	8519	7101	8093.5	5325.5	6549	5368	7281	2820	6696	6952	7048.5	7315.5	118176	5908.8
ORTHO000311	MATE efflux family protein	AT1G11670;AT1G61890;AT3G21690;AT4G21903;AT4G21910	15297;15291;22804;22857;5215;3674;6810;51234;51179;8150;55085;44763;9987;44699;44765;1902578;6855;15893;42493;42221;50896;16020;5575;15238;90484;5886;44464;5623;71944;16021;31224;44425;80167;9628;9507;9536;43231;43227;43226;43229;44424;5622;44444;5737;5773;5774;44437;44446;44422;98588;31090;98805	6855	7540	5876.5	4898	8929.5	4946.5	4638.5	4571	4645.5	7485	6343	4752.5	2993	2711.5	2396.5	8358	4054.5	1568.5	3504.5	7080	4946	2112.5	3884	8552	89543	4477.15
ORTHO009415	Zinc finger C-x8-C-x5-C-x3-H type family protein	AT3G21810	46872;43169;43167;5488;3674;3677;3676;1901363;97159;5634;43231;43227;43226;5575;43229;44424;44464;5623;5622;8150	6856	6228	3520	184	7245.5	8118	2121.5	1855	3826	6004	804.5	3578.5	3674.5	138	136.5	3183	2904	340.5	36.5	2935	2123	205	284.5	323.5	42591.5	2.129.575
ORTHO009744	cryptochrome 3	AT5G24850	5739;43231;43227;43226;5575;43229;44424;44464;5623;5622;44444;5737;9507;9536;6281;6259;44260;43170;71704;8152;8150;44237;9987;90304;6139;46483;6725;1901360;34641;6807;44238;6974;33554;51716;50896;6950;44763;44699;44710;10181;50662;48037;5488;3674;43168;43167;32553;97367;166;36094;1901265;1901363;97159;3677;3676;3913;16830;16829;3824	6857	7074	6614	6371	6194	6313	9071	2392	2301	6825	2216.5	2343.5	8094	2711.5	4124.5	5325.5	5764.5	3121	6835.5	2986	7489.5	5434	8115.5	5913	97376.5	4.868.825
ORTHO002453	XS domain-containing protein / XS zinc finger domain-containing protein-related	AT5G23570	5783;43231;43227;43226;5575;43229;44424;44464;5623;5622;44444;5737;12505;9616;51607;2252;2376;8150;9615;51707;43207;9605;50896;9607;51704;98542;6952;6950;98586;45087;6955;52018;44003;51817;35821;65008;65007;44403;44419;51701;52249;5829;10050;9791;44767;32502;44699;44707;32501;7275;10025;9058;8152;10166;10267;30422;70918;31050;6396;16070;44260;43170;71704;44237;9987;90304;6139;46483;6725;1901360;34641;6807;44238;10467;44763;44710;71359;71407;14070;10033;42221;71310;70887;51716;43331;1901698;1901699;31047;16458;10629;10605;9892;48519;50789;19222;60255;10468;16246;35194;16441;10608;40029	6858	7228	4752.5	2647	5386.5	4758	7886	8148	4526.5	8398	3702.5	4566	4297.5	1321.5	3936.5	2080.5	3106	1227	4016	5606	3296.5	1407.5	3702.5	1029	77011.5	3.850.575
ORTHO001580_2	Serinc-domain containing serine and sphingolipid biosynthesis protein	AT3G06170	16020;5575;9507;9536;43231;43227;43226;43229;44424;44464;5623;5622;44444;5737	6859	8042	7274	7689	7245.5	8095.5	4118.5	7935.5	4740.5	6004	2539	8441	5740	906.5	3047.5	5325.5	6825	2199.5	4263.5	8077	8019	4308.5	7404.5	8258.5	106249	5312.45
ORTHO009891	homolog of human DNA ligase iv-binding protein XRCC4	AT3G23100	5634;43231;43227;43226;5575;43229;44424;44464;5623;5622;6302;6281;6259;44260;43170;71704;8152;8150;44237;9987;90304;6139;46483;6725;1901360;34641;6807;44238;6974;33554;51716;50896;6950;44763;44699;44710;5524;35639;1901265;1901363;5488;3674;97159;43168;43167;32559;30554;17076;166;36094;32555;32553;97367;32550;32549;1882;1883;8022;5515;6310;3677;3676	6860	5702	3680	500	2982.5	3956	6901	3862.5	344	8934.5	5177.5	1810.5	1352	138	136.5	3232.5	7850.5	398	1901	3085	2250	243	700.5	372.5	52645.5	2.632.275
ORTHO001454_2	Leucine-rich repeat (LRR) family protein	AT3G19230	5886;16020;5575;44464;5623;71944	6861	5231	5964	5067	2982.5	1089	8661.5	6323	1545.5	1462	1312.5	2160	1352	1800.5	5523	3976.5	6825	4154.5	7435.5	7299	8153	6759.5	7611.5	6949.5	90393	4519.65
ORTHO009834	BRCT domain-containing DNA repair protein	AT1G80420	1901969;45935;31325;9893;48518;50789;65007;8150;19222;48522;50794;31323;19219;80090;51171;51173;1901968;10921;35304;31399;32268;51246;60255;35303;19220;51174;51336;50790;65009;10922;35307;35306;45937;10562;31401;32270;51247;10604;51345;43085;44093;6281;6259;44260;43170;71704;8152;44237;9987;90304;6139;46483;6725;1901360;34641;6807;44238;6974;33554;51716;50896;6950;44763;44699;44710;5622;44464;5575;5623;6303;726;6302;5634;43231;43227;43226;43229;44424;5515;5488;3674;1901972;1901971;1902544;1902546;10385;3690;43566;3677;3676;1901363;97159;3713;3712;989;988;1903506;2001141;31326;9889;51252;10556;80111;70988;44728;6304;43412;35510;40029;10468;6266	6862	5613	6154	5446	2982.5	5974	7210.5	5568.5	2301	7782	2809.5	3686.5	5740	1800.5	4233.5	3976.5	5108	3121	5502	5447	5422.5	5603	5407	5601	92294	4614.7
ORTHO004399	unknown protein	AT4G33480	8150;3674;9507;9536;43231;43227;43226;5575;43229;44424;44464;5623;5622;44444;5737	6863	8520	7579	8295	8678	5211.5	8054.5	8560.5	8392	7152	8095	7392	6227	6332.5	7195	5325.5	3589	1332.5	8083	6103	4445	3311	4209.5	3366.5	112377	5618.85
ORTHO001681	RAN GTPase 3	AT5G55190	5794;43231;43227;43226;5575;43229;44424;44464;5623;5622;44444;5737;12505;9506;5911;30054;55044;6606;17038;15031;45184;51234;51179;8150;8104;33036;71702;6810;44765;1902578;44699;6886;46907;51649;51641;34613;70727;34504;33365;1902580;1902593;1902582;51170;6913;16482;51169;72594;44744;6605;5634;5525;35639;1901265;1901363;5488;3674;97159;43168;43167;32550;32549;1882;36094;97367;1883;32561;19001;17076;166;32555;32553;5515;3924;17111;16462;16818;16817;16787;3824;8152	6864	7200	7990	9116	7947.5	7051	5026.5	8256	8423.5	7862.5	8167.5	8763	8380	7101	7844	5325.5	6162	4400	7153	6001	6696	7016	8247	6379.5	134255	6712.75
ORTHO010066	chlororespiratory reduction 6	AT2G47910	9570;9532;44435;44444;44424;44464;5575;5623;5622;5737;44446;44422;43226;43229;9536;43231;43227;44434;9507;9535;55035;42651;34357;16020;44436;9579;31976;31984;9534;5634;3674;10275;43623;6461;65003;43933;16043;71840;8150;9987;22607;44085;71822;70271;34622	6865	5513.5	7018.5	7172	2982.5	6313	3129.5	2322	8259	2170.5	2129.5	8194	6513.5	1800.5	5254.5	3976.5	6298	3949	7042	8397.5	7386	6182.5	6709	6553	102579.5	5.128.975
ORTHO008568	BolA-like family protein	AT5G09830	5515;5488;3674;5737;44424;44464;5575;5623;5622;6979;6950;50896;8150;10039;10038;10035;42221;1990267;5576;5829;44444;5634;43231;43227;43226;43229	6866	7902	7482.5	8099	6857.5	5516	5632	6507.5	6225	8934.5	8167.5	7343	3620	5744	1323.5	5325.5	7452.5	1406.5	5851	5245.5	8019	6952	2261.5	8595	110121.5	5.506.075
ORTHO009006	unknown protein	AT5G25570	3674;8150;5634;43231;43227;43226;5575;43229;44424;44464;5623;5622;9507;9536;44444;5737	6867	5424	6345.5	5824	2982.5	6643.5	3430	5957	7046.5	1842.5	2129.5	3422.5	3605.5	1800.5	5034.5	3976.5	5864.5	3949	6700.5	7871	6578.5	6077	6194.5	6210	94333.5	4.716.675
ORTHO008576	tetraspanin10	AT1G63260	5576;5575;7568;44767;32502;8150;44699;5739;43231;43227;43226;43229;44424;44464;5623;5622;44444;5737;16021;31224;44425;16020	6868	7517	5912	4956	6358.5	9049.5	8324.5	5213.5	1545.5	3764.5	7734.5	2553.5	1352	2711.5	3936.5	5325.5	935.5	1780	1463	8478	7052	5213.5	7946.5	5433.5	89813	4490.65
ORTHO010037	CONTAINS InterPro DOMAIN/s: Protein of unknown function DUF985 (InterPro:IPR009327); RmlC-like jelly roll fold (InterPro:IPR014710)	AT1G19130	5829;44444;44424;44464;5575;5623;5622;5737;3674;8150	6869	5626	5614	4359	2982.5	4581	4528.5	5348	5484	4533.5	6173.5	7837	5066	1800.5	2702.5	3976.5	4054.5	2558	4263.5	6197.5	4226.5	4423	4632	4291.5	86677.5	4.333.875
ORTHO006287	CRINKLY4 related 4	AT5G47850	4672;16301;16772;16740;3824;3674;8152;8150;16310;6796;6793;44237;9987;16773;6468;6464;36211;19538;43170;71704;44238;43412;44267;44260;5886;16020;5575;44464;5623;71944;42803;42802;5515;5488;46983	6870	5251	4154	1438	2982.5	3316.5	3863.5	5813.5	2684.5	2124.5	2809.5	3686.5	1352	3408	4705.5	3976.5	3471	4154.5	1975.5	6322.5	5637	1985	876	5601	67763	3388.15
ORTHO000624	aluminum-activated malate transporter 1	AT1G08430;AT1G08440;AT2G27240;AT3G11680	71423;1903825;15849;44765;6810;51234;51179;8150;1902578;44699;71702;55085;44763;9987;98656;6820;6811;34220;15743;15740;6835;46942;15711;44148;43902;43900;50789;65007;48518;45927;40008;44144;43903;9705;5774;44437;44444;44424;44464;5575;5623;5622;5737;44446;44422;43226;43229;5773;43231;43227;98588;31090;16020;98805;325;10044;10038;10035;42221;50896;15140;15556;5310;46943;8514;8509;15075;22891;22857;5215;3674;22892;5342;5634;5886;71944	6871	8982	6422.5	5974	8984.5	165.5	9145	9064	3019	6459.5	3749	7191	4355	3283.5	5661	8737.5	9020.5	1260.5	3088	2635.5	8496	343	378	9093.5	95145	4757.25
ORTHO005264	ribosomal protein L6 family protein	AT2G18400	5840;30529;32991;5575;44424;44464;5623;5622;43232;43228;43226;43229;44444;5737;15934;44391;44446;44422;6412;43043;43604;43603;34641;6807;8152;8150;44237;9987;44271;44249;9058;6518;1901564;71704;1901566;1901576;44267;19538;43170;44238;44260;34645;9059;10467;3735;5198;3674;3723;3676;1901363;5488;97159	6872	8024	5874.25	4876.5	7245.5	2604.5	8324.5	4964	1839.5	6592	7382.5	2729	1352	906.5	3047.5	5325.5	367.5	4400	6327	4527	8019	4970.5	7486	8258.5	89423	4471.15
ORTHO007687	CONTAINS InterPro DOMAIN/s: Ribosomal protein L53; mitochondrial (InterPro:IPR019716)	AT5G39600	5575;3674;8150	6873	8575	7274.5	7676	8471	5650.5	7507.5	7762	5851.5	7722.5	6070	5347.5	4865.5	590	1910.5	8358	8818.5	663.5	6056.5	3659	8153	2328.5	6365	8456	106135.5	5.306.775
ORTHO010420	S-adenosyl-L-methionine-dependent methyltransferases superfamily protein	AT1G23360	52624;8171;8168;16741;16740;3824;3674;8152;8150;32259;8169;42372;42374;1901661;51186;44237;9987;42180;71704;44281;44710;44699;44763;1901663;9108;51188;44249;9058;6732;42181;44283;44711;1901576;9507;9536;43231;43227;43226;5575;43229;44424;44464;5623;5622;44444;5737;5739	6874	6623	5759.5	4645	7245.5	5904	4118.5	5568.5	6584	1800	2809.5	3686.5	3359.5	2711.5	3936.5	3976.5	5561	3121	5851	7080	5422.5	5603	5407	5601	88101.5	4.405.075
ORTHO009357	Protein of unknown function (DUF1230)	AT5G67370	3674;8150;9507;9536;43231;43227;43226;5575;43229;44424;44464;5623;5622;44444;5737	6875	6378	5962.5	5050	7245.5	6966	8038	5439.5	6225	4379.5	5726.5	2343.5	7743	2711.5	2702.5	3976.5	4638.5	2199.5	2241.5	6397	4226.5	4612.5	4843.5	4898	90308.5	4.515.425
ORTHO010046	FK506-binding protein 16-2	AT4G39710	3755;16859;16853;3824;3674;8152;8150;413;18208;18193;6464;36211;19538;43170;71704;44238;43412;44267;44260;44237;9987;9507;9536;43231;43227;43226;5575;43229;44424;44464;5623;5622;44444;5737;9535;55035;42651;34357;16020;44436;9579;44435;44446;44422;31976;31984;44434;9534;9543;31978;31977;5528;5527;1901363;5488;97159;8144;5515;6810;51234;51179;5576	6876	5535	5805.5	4735	2982.5	5155.5	3628.5	5568.5	2301	6381.5	2809.5	3686.5	5740	1800.5	4233.5	3976.5	5108	3121	5851	7299	5422.5	5603	5407	5601	88694	4434.7
ORTHO010394	Tetratricopeptide repeat (TPR)-like superfamily protein	AT1G07590	46686;10038;10035;42221;50896;8150;5739;43231;43227;43226;5575;43229;44424;44464;5623;5622;44444;5737	6877	6627	4780	2683	7245.5	2333	4341	5348	5221.5	1462	3136.5	5347.5	7743	2711.5	2702.5	3976.5	4666	2558	4715	6555.5	4226.5	3222.5	2171	4801	77238.5	3.861.925
ORTHO010475	low psii accumulation2	AT5G51545	9534;31976;9579;44424;44464;5575;5623;5622;31984;44446;44422;43226;43229;43227;44435;44444;5737;9536;43231;44434;9507;16021;31224;44425;16020;9535;55035;42651;34357;44436;10207;43623;6461;65003;43933;16043;71840;8150;9987;22607;44085;71822;70271;34622;19684;6091;44237;8152;15979	6878	6499	4955	3032	7245.5	1594	7203.5	5439.5	2412.5	2654.5	6543	4566	1352	2711.5	3721.5	3976.5	4942.5	2724.5	5347.5	4131	4668.5	5059	5021	5222.5	79291	3964.55
ORTHO002906	DNA polymerase epsilon catalytic subunit	AT1G08260;AT2G27120	6260;6259;44260;43170;71704;8152;8150;44237;9987;90304;6139;46483;6725;1901360;34641;6807;44238;34645;9059;1901576;9058;44249;48579;48581;48580;2000026;50793;50789;65007;51239;51241;48519;51093;48585;48583;48586;2000028;2000241;2000242;5515;5488;3674;8622;44454;44427;44446;44422;5575;43226;44424;44464;5623;5622;43229;5694;43232;43228;44428;5634;43231;43227;228;31981;70013;43233;31974;42575;61695;1990234;1902494;43234;32991;43601;30894;32993;5657;43596;109;1990391;6281;6974;33554;51716;50896;6950;44763;44699;44710;3887;34061;16779;16772;16740;3824;71897;34654;19438;44271;18130;1901362;48046;5576;51302;50794;51539;51536;51540;3677;3676;1901363;97159;9793;44702;22414;3006;32502;9790;44767;48856;7275;44707;32501;48316;48608;61458;48731;9791;10154;8408;4527;4518;16788;16787;90305;10086;10015;9653;48364;48513;22622;48598;8270;46914;46872;43169;43167;166;36094;1901265	6879	5111	7855.5	8832	5238	7444.5	4638.5	9146	8831.5	402.5	3426.5	9048	7258.5	8983	6687	3074	7006	5626	8655.5	8796	8083.5	8398	5826.5	2091	123422.5	6.171.125
ORTHO007244	DNA replication protein-related	AT5G49010	811;31261;44451;44428;44446;44422;5575;43226;44424;44464;5623;5622;43229;5634;43231;43227;5654;31981;70013;43233;31974;32993;32991;44454;44427;5694;43232;43228;228;31298;43234;43596;5657;43138;3678;4386;17111;16462;16818;16817;16787;3824;3674;8152;8150;32508;32392;71103;51276;6996;16043;71840;9987;727;724;725;6281;6259;44260;43170;71704;44237;90304;6139;46483;6725;1901360;34641;6807;44238;6974;33554;51716;50896;6950;44763;44699;44710;6310;6302;6270;6261;6260;34645;9059;1901576;9058;44249	6880	6800	7302	7724	7662	7411.5	3960	5698.5	8920.5	4466.5	7382.5	8051	8094	2711.5	4124.5	3976.5	8300	3121	6056.5	7299	7254	3026	928.5	5806	106588	5329.4
ORTHO004555	FAD/NAD(P)-binding oxidoreductase family protein	AT5G49555	55114;44710;8152;8150;44699;5507;46914;46872;43169;43167;5488;3674;5739;43231;43227;43226;5575;43229;44424;44464;5623;5622;44444;5737;16491;3824	6881	8561	7283.5	7686	8471	5773	7507.5	7762	6823.5	7539	7886	8350	3070	590	1910.5	8358	5281.5	663.5	7987	3600	5988	2328.5	6365	8456	106239	5311.95
ORTHO009937	SEC14 cytosolic factor family protein / phosphoglyceride transfer family protein	AT3G10210	3674;8150;5634;43231;43227;43226;5575;43229;44424;44464;5623;5622	6882	5656.5	5758	4634	2982.5	8952.5	3224.5	2460.5	1042.5	3084.5	7734.5	3422.5	6227	1800.5	5034.5	3976.5	7840	2724.5	315	7986	6578.5	5603	3815.5	6210	88032.5	4.401.625
ORTHO007985	IKI3 family protein	AT5G13680	5634;43231;43227;43226;5575;43229;44424;44464;5623;5622;6351;34645;44260;43170;71704;8152;8150;44237;9987;9059;1901576;9058;44249;97659;32774;16070;90304;6139;46483;6725;1901360;34641;6807;44238;34654;19438;44271;18130;1901362;10467;10928;9966;10646;50794;50789;65007;48583;23051;9738;9755;7165;51716;50896;7154;44763;44699;44700;23052;32870;9725;9719;10033;42221;71495;71310;70887;71215;9737;33993;97305;1901700;1101;71396;97306;1901701;71229;9734;71365;9733;80178;46131;9119;9116;55086;44281;44710;1901564;1901657;1901135;6213;72527;32784;6355;1903506;2001141;31326;9889;19222;31323;51252;19219;80090;51171;60255;10556;10468;2000112;9787;1901419;33588;43234;32991;6979;6950;31538;31537;9892;48519;16746;16740;3824;3674;6400;9451;43412;8033;34470;34660;6396;6399;9965;9887;44767;32502;9653;48856;48513;48731;7275;44707;32501;48366;48827;48367;10016;48530;3006;22414;9886;9791;10154;48608;61458;8284;48522;48518;42127;2000024;48831;2000026;50793;51239;35265;48589;40007;5829;44444;5737;8283	6883	5328	5707	4531	2982.5	8873.5	4341	5439.5	4740.5	8063.5	5788.5	4779	1352	2711.5	3521.5	3976.5	4548.5	2199.5	1423.5	6632	4321	4970.5	5021	4801	87504	4375.2
ORTHO009832	Chaperone DnaJ-domain superfamily protein	AT5G21430	9535;55035;42651;34357;16020;5575;44436;44424;44464;5623;5622;9579;44435;44444;5737;44446;44422;43226;43229;9536;43231;43227;31976;31984;44434;9507;9534;16491;3824;3674;8152;8150;55114;44710;44699;48038;48037;5488;10598;98796;43234;32991;44425;6810;51234;51179	6884	5660	4547.5	2211	2982.5	2735	6781.5	2545	5994	3109	3136.5	4386.5	5740	1800.5	3936.5	3976.5	831.5	3121	4548.5	4925	1830	5059	4500.5	5041.5	73998	3699.9
ORTHO009837	Encodes a HR demethylase that acts as a positive regulator of seed germination in the PHYB-PIL5-SOM pathway.	AT5G06550	10030;48582;48580;2000026;50793;50789;65007;8150;51239;51240;48518;51094;10029;1900140;987;976;1990837;3690;43566;3677;3676;1901363;5488;3674;97159;43565;44212;975;1067;1159;43985;34969;18216;6479;43414;44260;43170;71704;8152;44237;9987;32259;43412;8213;6464;36211;19538;44238;44267;18195;18193;16571;16570;16569;16568;6325;43933;16043;71840;51276;6996;1902589;44763;44699;44710;7166;7165;50794;51716;50896;7154;44700;23052;5634;43231;43227;43226;5575;43229;44424;44464;5623;5622	6885	5661	5485	4085	2982.5	1959	2881	6142.5	2069	4656.5	982	3218	6731.5	1800.5	5254.5	3976.5	96.5	3949	7042	8397.5	7568	6182.5	5710.5	6669	85286	4264.3
ORTHO007453	unknown protein	AT5G07950	8150;9507;9536;43231;43227;43226;5575;43229;44424;44464;5623;5622;44444;5737;3674	6886	5995	5905.75	4925.5	6664	4068.5	7203.5	7409.5	4687.5	8934.5	4474.5	5295.5	4677	3374	1812.5	5325.5	7742.5	5824	4263.5	2156.5	1630.5	3111.5	3371.5	4291.5	89654	4482.7
ORTHO009232	CONTAINS InterPro DOMAIN/s: Brain/reproductive organ-expressed protein (InterPro:IPR010358)	AT5G42470	8150;3674	6887	6291	6321.5	5756	7245.5	8947.5	5238	8996.5	239.5	8934.5	4209.5	6861.5	1352	8576.5	5746.5	3976.5	2560.5	7446.5	2644.5	1747	1367.5	6077	1828	7120	93869.5	4.693.475
ORTHO007124	DNA-directed RNA polymerase; subunit M; archaeal	AT1G01210;AT4G07950	3899;34062;16779;16772;16740;3824;3674;8152;8150;32774;9059;43170;71704;1901576;9058;16070;44260;44237;9987;90304;6139;46483;6725;1901360;34641;6807;44238;34654;19438;44249;44271;18130;1901362;6351;34645;97659;10467;6354;6355;1903506;2001141;31326;9889;19222;50789;65007;31323;50794;51252;19219;80090;51171;60255;10556;10468;2000112;3677;3676;1901363;5488;97159;5730;44428;44446;44422;5575;43226;44424;44464;5623;5622;43229;5634;43231;43227;43232;43228;31981;70013;43233;31974;3700;1071;5737	6888	5288	6061.5	5235	5552	4913	8251	2614.5	6379.5	3960.5	6543	4467	5740	1800.5	3521.5	3976.5	7873	3121	5347.5	5852	5061.5	3955.5	2877	4898	91152.5	4.557.625
ORTHO007029	mediator 21	AT4G04780	50832;98542;6952;6950;50896;8150;51707;43207;9605;9607;51704;9620;5515;5488;3674;6355;1903506;2001141;31326;9889;19222;50789;65007;31323;50794;51252;19219;80090;51171;60255;10556;10468;2000112;16592;44451;44428;44446;44422;5575;43226;44424;44464;5623;5622;43229;5634;43231;43227;5654;31981;70013;43233;31974;43234;32991;9817;9814;45087;6955;2376;6351;34645;44260;43170;71704;8152;44237;9987;9059;1901576;9058;44249;97659;32774;16070;90304;6139;46483;6725;1901360;34641;6807;44238;34654;19438;44271;18130;1901362;10467;43078;43076	6889	6816	6448	6007	7662	4986.5	4244.5	8181.5	2301	4419.5	7040	2553.5	7963	2711.5	3936.5	3976.5	5457.5	3121	6389	6960	6908	4709	4014.5	5433.5	95306.5	4.765.325
ORTHO005300	glutathione S-transferase THETA 1	AT5G41210	5737;44424;44464;5575;5623;5622;5777;42579;43231;43227;43226;43229;44444;6749;6518;43603;34641;6807;8152;8150;44237;9987;1901564;71704;6790;6575;4364;16765;16740;3824;3674;9407;90487;44712;9056;44710;44699;19748;9404;44763;44248;5634	6890	4610	7720.5	8551	2982.5	1729.5	5430	6741	7455	6856.5	6763.5	7917	3690.5	7909	7582.5	7782	6549	4326.5	7197.5	4630.5	5903.5	5132.5	6413.5	6732.5	116742	5837.1
ORTHO008389	Ribonuclease P protein subunit P38-related	AT3G45900	5634;43231;43227;43226;5575;43229;44424;44464;5623;5622	6891	6187	4381.5	1872	7245.5	4561.5	1627	5121.5	4865	6381.5	3596.5	8207.5	4738	3283.5	2396.5	3976.5	4191.5	2199.5	4059	1811	1933.5	2541	2171	3984	71645.5	3.582.275
ORTHO009813	Tetratricopeptide repeat (TPR)-like superfamily protein	AT5G14080	9507;9536;43231;43227;43226;5575;43229;44424;44464;5623;5622;44444;5737;5739;8150	6892	7256	6051.5	5211	7947.5	7169.5	5430	5064	6493	2799	2809.5	2467.5	1352	4329.5	4842.5	5325.5	5108	2199.5	6185.5	4586	6696	5308.5	7667.5	5222.5	91055.5	4.552.775
ORTHO009113	PSF2	AT3G12530	31298;44454;44427;44446;44422;5575;43226;44424;44464;5623;5622;43229;5694;43232;43228;44428;5634;43231;43227;228;31981;70013;43233;31974;43234;32991;43596;5657;811;31261;44451;5654;32993;727;724;725;6281;6259;44260;43170;71704;8152;8150;44237;9987;90304;6139;46483;6725;1901360;34641;6807;44238;6974;33554;51716;50896;6950;44763;44699;44710;6310;6302;1902975;1903047;22402;7049;278;1902315;1902292;6270;6261;6260;34645;9059;1901576;9058;44249;44786;44711;33260;1902969;43138;3678;4386;17111;16462;16818;16817;16787;3824;3674;32508;32392;71103;51276;6996;16043;71840	6893	7021	6189	5485	7947.5	5016	4457	4734	5994	7324	7040	8311	7189	2711.5	2702.5	5325.5	5329.5	1780	5128	6064.5	5422.5	1525	1866	4541	92461	4623.05
ORTHO007609	BEST Arabidopsis thaliana protein match is: Pentatricopeptide repeat (PPR) superfamily protein (TAIR:AT4G21190.1)	AT1G04590	9507;9536;43231;43227;43226;5575;43229;44424;44464;5623;5622;44444;5737;3674	6894	8732	7340	7786	8795.5	6085.5	8793	7588.5	5484	5283.5	7999	3872	5066	590	2163.5	8925	6409	1114.5	6327	4778	8400	2763	6854	8552	107047.5	5.352.375
ORTHO008369	Tetratricopeptide repeat (TPR)-like superfamily protein	AT2G15690	5739;43231;43227;43226;5575;43229;44424;44464;5623;5622;44444;5737;3674;8150	6895	8062	6321.75	5748.5	7245.5	5904	4698	4571	5484	3695	6343	7162	2935.5	906.5	1910.5	8358	5561	1617	4663	6960	6431	2837	6194.5	7591	93822	4691.1
ORTHO005306	alpha/beta-Hydrolases superfamily protein	AT5G25770	16787;3824;3674;8152;8150;9507;9536;43231;43227;43226;5575;43229;44424;44464;5623;5622;44444;5737	6896	4270	4934	2972	5396	2214.5	3025	7084	8423.5	3372	5423	1810.5	4492.5	3815.5	6267.5	2914	3106	6029.5	4016	5887	3375	2763	3884	1106.5	79009	3950.45
ORTHO009137	Tetratricopeptide repeat (TPR)-like superfamily protein	AT3G06920	8150;5575	6897	6306	4907	2917	7245.5	5211.5	1410	1640.5	1328.5	7216	2809.5	8070	1352	2711.5	4124.5	3976.5	5404	3580	6185.5	1667	5637	5603	4843.5	5913	78683.5	3.934.175
ORTHO010709	unknown protein	AT4G27390	8150;9507;9536;43231;43227;43226;5575;43229;44424;44464;5623;5622;44444;5737	6898	7415	6790	6682	8202.5	7071.5	4118.5	4964	5355.5	6825	6543	2937.5	7743	2711.5	3521.5	5325.5	4761	2199.5	4388	7871	6180.5	4308.5	7244	5222.5	99291.5	4.964.575
ORTHO009604	Thioredoxin superfamily protein	AT1G21350	9507;9536;43231;43227;43226;5575;43229;44424;44464;5623;5622;44444;5737;16209;3674;5634;16491;3824;8152;8150;55114;44710;44699;5576	6899	6420	7511.5	8124	7245.5	6529	4698	8880.5	1839.5	7584	3596.5	5931	3577.5	7101	7917.5	5325.5	6298	4253	3553	7871	5422.5	6714	6467.5	6801.5	110360.5	5.518.025
ORTHO006786	CONTAINS InterPro DOMAIN/s: Endoribonuclease XendoU (InterPro:IPR018998)	AT4G17100	6508;19538;43170;71704;8152;8150;44238;16788;16787;3824;3674;5576;5575;8233	6900	5302	6248	5596	2982.5	3808	1818.5	3625.5	3135.5	8934.5	4435	6756	3521	7739.5	7401.5	6712.5	8070.5	7431.5	5220.5	1509.5	1773	4169	2059	4898	93018.5	4.650.925
ORTHO009665	tyrosyl-DNA phosphodiesterase-related	AT5G15170	6281;6259;44260;43170;71704;8152;8150;44237;9987;90304;6139;46483;6725;1901360;34641;6807;44238;6974;33554;51716;50896;6950;44763;44699;44710;17005;70259;8081;42578;16788;16787;3824;3674;4527;4518;90305;5634;43231;43227;43226;5575;43229;44424;44464;5623;5622	6901	4885	3508.5	116	2982.5	780	6090	3939	224.5	6621	5052.5	307.5	3911.5	138	136.5	3183	88	261.5	1164.5	2347	2294	371.5	844	481.5	38235.5	1.911.775
ORTHO004898	PQ-loop repeat family protein / transmembrane family protein	AT5G40670	9507;9536;43231;43227;43226;5575;43229;44424;44464;5623;5622;44444;5737;5774;44437;44446;44422;5773;98588;31090;16020;98805;3674;6810;51234;51179;8150;5765;98852;5764;323;16021;31224;44425	6902	7158	3577	252	7947.5	4056	7106	4025.5	4188.5	5996.5	5169	679.5	1352	138	136.5	3128	2925.5	203.5	2042	2782	180.5	236.5	689	462	45496.5	2.274.825
ORTHO009777	TATA-binding related factor (TRF) of subunit 20 of Mediator complex	AT2G28230	16592;44451;44428;44446;44422;5575;43226;44424;44464;5623;5622;43229;5634;43231;43227;5654;31981;70013;43233;31974;43234;32991;6357;6355;1903506;2001141;31326;9889;19222;50789;65007;8150;31323;50794;51252;19219;80090;51171;60255;10556;10468;2000112;3713;3712;989;988;3674	6903	7162	6370	5837	7947.5	9054	1011	3203	3215.5	8934.5	5087	7571	8410.5	6414.5	2023.5	6020.5	8748.5	7988	2519	2326	1003	6027.5	1828	3037	94422	4721.1
ORTHO008641	homogentisate prenyltransferase	AT3G11945	16117;16109;16114;6721;6720;44255;6629;71704;8152;8150;44710;44699;44238;44763;9987;44237;8299;8610;1901576;9058;44711;44249;16108;46148;42440;16116;9941;9526;31967;31975;44464;5575;5623;44446;44422;43226;44424;5622;43229;43227;44435;44444;5737;9536;43231;44434;9507;31969;42170;31090;16020;10236;1901663;9108;51188;51186;6732;1901661;42180;44281;42181;44283;16021;31224;44425;4659;16765;16740;3824;3674;4161;10355;10354;10357;5739;10356	6904	7037	6288.5	5673	6194	5432.5	4118.5	4964	6225	4989.5	7382.5	2937.5	3235	2711.5	3721.5	5325.5	4761	2199.5	5851	6555.5	6180.5	4308.5	7335	5222.5	93456.5	4.672.825
ORTHO007934	phosphoglucosamine mutase family protein	AT5G17530	9570;9532;44435;44444;44424;44464;5575;5623;5622;5737;44446;44422;43226;43229;9536;43231;43227;44434;9507;16868;16866;16853;3824;3674;8152;8150;5975;71704;44238;6048;6047;6040;1901135;9225;6139;46483;44237;9987;6725;1901360;34641;6807;9226;1901137;1901576;9058;34654;19438;44249;44271;18130;1901362;46349;4610;5829	6905	7038	7818.5	8732	7947.5	2446.5	7463	2684	5619	2257.5	2539	2729	8859	7300	8512	6712.5	7860.5	5720	8228.5	8796	8350.5	7871	8593.5	8159	120700.5	6.035.025
ORTHO001958	cytochrome P450; family 98; subfamily A; polypeptide 3	AT2G40890	5515;5488;3674;43231;43227;43226;5575;43229;44424;44464;5623;5622;46409;4497;16491;3824;8152;8150;55114;44710;44699;9699;19438;6725;44237;9987;44249;9058;1901362;1901360;71704;1901576;44550;19748;44711;9698;44763;5886;16020;71944;42802;9805;9804;46483;18130;9809;9808;16021;31224;44425;9813;9812;5783;44444;5737;12505;5739	6906	7631	6036.75	5167.5	8920.5	6417	8054.5	8279.5	4164	6020	7524	8763	4355	1254	1616	3023.5	6027	934	5220.5	6064.5	3478.5	2328.5	3930	3366.5	90820	4541
ORTHO007112	pyridoxine biosynthesis 2	AT5G60540	5829;44444;44424;44464;5575;5623;5622;5737;8615;19438;6725;44237;8152;8150;9987;44249;9058;1901617;1901615;71704;1901576;8614;42816;6767;6766;44281;44710;44699;44763;72524;46483;1901360;34641;6807;1901564;42819;42364;9110;44283;44711;72525;44271;18130;1901362;1901566;4359;16811;16810;16787;3824;3674;42823;9108;51188;51186;6732;42822;6081;19637;6793;6796;46184;90407;16740;46982;46983;5515;5488;9793;44702;22414;3006;32502;9790;44767;48856;7275;44707;32501;48316;48608;61458;48731;9791;10154;36381;16843;16840;16829;6543;9065;1901606;1901605;6520;19752;43436;6082;44238;9063;46395;16054;44282;44712;9056;1901575;44248;1901565;9064;6541	6907	6736	7499.5	8092	7662	6529	3628.5	5957	6823.5	3135	7594	8107.5	8306	2711.5	4462	3976.5	6099.5	3580	6531	7871	6180.5	6129	6040	6379.5	110041	5502.05
ORTHO010059	Acyl-CoA N-acyltransferases (NAT) superfamily protein	AT1G72030	5802;98791;44431;44444;44424;44464;5575;5623;5622;5737;44446;44422;43226;43229;5794;43231;43227;12505;31984;5768;5739;3674;8150	6908	5692.5	7719.5	8531	2982.5	2467	7886	6741	6379.5	6889	8314	5517.5	1352	8210.5	7667.5	5325.5	6925.5	4887	7562	995	7254	7358	7667.5	7028	116426.5	5.821.325
ORTHO007452	cyclin p1	AT3G63120	5634;43231;43227;43226;5575;43229;44424;44464;5623;5622;4693;97472;4672;16301;16772;16740;3824;3674;8152;8150;16310;6796;6793;44237;9987;16773;6468;6464;36211;19538;43170;71704;44238;43412;44267;44260;51726;50794;50789;65007;4674;79;1904029;45859;43549;42325;19220;51174;31323;19222;51338;50790;65009;1932;31399;32268;51246;80090;60255;71900;7049;44763;44699;51301;19901;19900;19899;5515;5488	6909	6739	5758	4607	7662	5016	4587.5	2876.5	4645.5	7539	6173.5	5572	7189	2711.5	2702.5	3976.5	4610.5	2558	4388	7576.5	4226.5	3609.5	3299.5	4586.5	87844.5	4.392.225
ORTHO009886	Transducin/WD40 repeat-like superfamily protein	AT4G30840	51028;50658;50657;15931;71705;6810;51234;51179;8150;71702;51236;6403;33036;5635;44428;44446;44422;5575;43226;44424;44464;5623;5622;43229;5634;43231;43227;31967;31975;12505;5515;5488;3674;5643;9507;9536;44444;5737;15031;45184;8104	6910	5696.5	7236	7562	2982.5	1959	8523	6323	6225	2212.5	1312.5	3034.5	6895.5	2711.5	5596.5	3976.5	6825	4154.5	7464	8590.5	8153	6759.5	7611.5	6949.5	105277	5263.85
ORTHO007376	gamma-soluble NSF attachment protein	AT4G20410	6886;15031;45184;51234;51179;8150;8104;33036;71702;6810;46907;51649;51641;34613;70727;5794;43231;43227;43226;5575;43229;44424;44464;5623;5622;44444;5737;12505;5783;5886;16020;71944;5215;3674;16192	6911	4379	6510.5	6110	2982.5	1777	1457	1547.5	3068.5	7183	7886	6080.5	3784.5	8673	5034.5	7419	4252.5	7870.5	1451.5	2092	5061.5	7358	7335	6553	95884.5	4.794.225
ORTHO006548	RING/U-box superfamily protein	AT1G04790	8270;46914;46872;43169;43167;5488;3674;5634;43231;43227;43226;5575;43229;44424;44464;5623;5622	6912	5321	5260	3608	2982.5	1594	3628.5	8821.5	6379.5	6440	3136.5	1576.5	5740	1800.5	3521.5	3976.5	831.5	3121	5347.5	6064.5	5170.5	5308.5	5171.5	4898	82528	4126.4
ORTHO008190	unknown protein	AT1G26180	9507;9536;43231;43227;43226;5575;43229;44424;44464;5623;5622;44444;5737	6913	4792	7688	8463	2982.5	1089	2121.5	7935.5	435	1094.5	621.5	632	8817.5	8654.5	9073.5	7782	7443	6896	8559.5	9073.5	8850	8362	8840	8847.5	115128	5756.4
ORTHO001460_2	CONTAINS InterPro DOMAIN/s: Cytochrome B561-related; N-terminal (InterPro:IPR019176)	AT1G07970	3674;8150;5634;43231;43227;43226;5575;43229;44424;44464;5623;5622	6914	6750	7151.5	7389	7662	6529	3628.5	5957	4387	5757	2809.5	1755.5	8306	2711.5	4462	3976.5	8818.5	3949	6700.5	7871	8153	5924	6040	6379.5	104115	5205.75
ORTHO006619	BSD domain (BTF2-like transcription factors; Synapse-associated proteins and DOS2-like proteins)	AT1G55750;AT3G61420	5634;43231;43227;43226;5575;43229;44424;44464;5623;5622;6351;34645;44260;43170;71704;8152;8150;44237;9987;9059;1901576;9058;44249;97659;32774;16070;90304;6139;46483;6725;1901360;34641;6807;44238;34654;19438;44271;18130;1901362;10467;439;44428;44446;44422;43234;32991;6289;6281;6259;6974;33554;51716;50896;6950;44763;44699;44710;6355;1903506;2001141;31326;9889;19222;50789;65007;31323;50794;51252;19219;80090;51171;60255;10556;10468;2000112;3674	6915	6043	6026.5	5138	6664	5744.5	8162.5	3903.5	4953	4968.5	7040	4018.5	5740	1800.5	3936.5	3976.5	1717	3580	5502	7012	5422.5	4612.5	3591.5	5041.5	90723	4536.15
ORTHO006565	Tetratricopeptide repeat (TPR)-like superfamily protein	AT4G01570	5739;43231;43227;43226;5575;43229;44424;44464;5623;5622;44444;5737;8150	6916	6563	7955.5	8995	7245.5	1777	4341	6906	8392	6524	2809.5	7366.5	8859	7300	8512	5325.5	7240	5452.5	7987	8756	7925	7520.5	7486	8159	128638.5	6.431.925
ORTHO008467	Polynucleotidyl transferase; ribonuclease H-like superfamily protein	AT3G52905	16740;3824;3674;8152;8150;31564;31555;31554;43244;51128;50794;50789;65007;6355;1903506;2001141;31326;9889;19222;31323;51252;19219;80090;51171;60255;10556;10468;2000112;16788;16787;5737;44424;44464;5575;5623;5622;6310;6259;44260;43170;71704;44237;9987;90304;6139;46483;6725;1901360;34641;6807;44238;6281;6974;33554;51716;50896;6950;44763;44699;44710;3676;1901363;5488;97159	6917	6340	7398	7879	7245.5	6529	3628.5	5957	6823.5	5757	7594	3422.5	8306	2711.5	4462	3976.5	5864.5	3750.5	6700.5	7871	6180.5	5924	6040	6379.5	107878	5393.9
ORTHO002928	Histidine kinase-; DNA gyrase B-; and HSP90-like ATPase family protein	AT1G19100	80188;6306;43414;44260;43170;71704;8152;8150;44237;9987;32259;43412;6305;6304;6259;90304;6139;46483;6725;1901360;34641;6807;44238;44728;40029;10468;60255;19222;50789;65007;31047;16458;10629;10605;9892;48519;44763;44699;44710;9506;5911;30054;5575;55044;9941;9526;31967;31975;44464;5623;44446;44422;43226;44424;5622;43229;43227;44435;44444;5737;9536;43231;44434;9507;31935;1903308;1902275;33044;33043;51128;50794;60968;6355;1903506;2001141;31326;9889;31323;51252;19219;80090;51171;10556;2000112;5634;16887;17111;16462;16818;16817;16787;3824;3674;5515;5488	6918	8857	7889	8860	8849	5974	8793	7588.5	5484	6345	8450	8989	4793	401	5718	8925	6409	1114.5	8059	7080	8300	4471.5	8115.5	8992.5	124002.5	6.200.125
ORTHO004557	unknown protein	AT1G53200	5634;43231;43227;43226;5575;43229;44424;44464;5623;5622;3674;5739;44444;5737;8150	6919	6126	7795	8671	5552	9004.5	4587.5	6978.5	8392	7722.5	2809.5	2640.5	1352	8418.5	7999	5325.5	8899	5518	8217.5	8125.5	8153	6266	1424	7453	119286	5964.3
ORTHO009134	Serinc-domain containing serine and sphingolipid biosynthesis protein	AT2G33205	16020;5575	6920	6349	7538.5	8157	7245.5	4540.5	6560.5	8619.5	4405.5	7247	8167.5	6741.5	8094	7101	7764	5325.5	8922	5626	6185.5	2230.5	5265	1695	947.5	5222.5	110660.5	5.533.025
ORTHO010117	Tetratricopeptide repeat (TPR)-like superfamily protein	AT3G09650	9507;9536;43231;43227;43226;5575;43229;44424;44464;5623;5622;44444;5737;166;36094;5488;3674;1901265;1901363;97159;9570;9532;44435;44446;44422;44434;6397;16071;16070;44260;43170;71704;8152;8150;44237;9987;90304;6139;46483;6725;1901360;34641;6807;44238;6396;10467;3729;44822;3723;3676	6921	7073	6529.5	6138	7947.5	8065.5	5560.5	4826.5	5355.5	4652.5	7382.5	8362	7743	2711.5	3139.5	5325.5	4761	1780	4205.5	4258.5	5988	3111.5	3884	4898	96011	4800.55
ORTHO003497	kinesin like protein for actin based chloroplast movement 1	AT5G10470;AT5G65460	5886;16020;5575;44464;5623;71944;5829;44444;44424;5622;5737;9941;9526;31967;31975;44446;44422;43226;43229;43227;44435;9536;43231;44434;9507;16887;17111;16462;16818;16817;16787;3824;3674;8152;8150;8017;32403;44877;5488;5515;15631;8092;9524;3777;3774;9903;9902;9658;9657;6996;16043;71840;9987;19750;51644;51640;51641;51179;51667;51649;51234;51656;9904;5871;5875;44430;5856;43232;43228;43234;32991;15630;913;1902408;1902410;32506;22402;44763;44699;7049;910;51301;1903047;278;61640;281;7105;22607;44085;911;7018;6928;7017;9504;5634	6922	8276	7820.5	8719	7245.5	8382	7665	8102.5	4323	4779	8537.5	7102	5740	6238	6969.5	8660.5	235.5	1051.5	5648	7692.5	6908	6648	7667.5	8111.5	120461.5	6.023.075
ORTHO010096	unknown protein	AT1G33810	9941;9526;31967;31975;44464;5575;5623;44446;44422;43226;44424;5622;43229;43227;44435;44444;5737;9536;43231;44434;9507;9535;55035;42651;34357;16020;44436;9579;31976;31984;9534;3674;5634;8150	6923	5728	7956	8989	2982.5	5904	8523	6741	6379.5	1540.5	8314	7017.5	7031	8072	7667.5	5325.5	6925.5	4887	7562	8590.5	7254	7202	6467.5	7028	128432	6421.6
ORTHO010873	Tetratricopeptide repeat (TPR)-like superfamily protein	AT1G11900	8150;5739;43231;43227;43226;5575;43229;44424;44464;5623;5622;44444;5737	6924	7312	6761.5	6599	8139.5	7987.5	4118.5	4826.5	7183.5	8063.5	6343	8311	3152	2711.5	2702.5	5325.5	4464.5	1780	4016	7576.5	5422.5	3609.5	6538.5	4678.5	98811	4940.55
ORTHO009547	HSP20-like chaperones superfamily protein	AT4G10250	9408;9266;9628;50896;8150;6950;3674;9507;9536;43231;43227;43226;5575;43229;44424;44464;5623;5622;44444;5737;5783;12505	6925	7858	7203	7481	6857.5	6313	8002.5	7935.5	5144	6988	7040	4239	5338.5	906.5	2396.5	5325.5	8748.5	1780	5128	7498.5	5422.5	3111.5	5617	7860.5	104795.5	5.239.775
ORTHO008985	BolA-like family protein	AT5G17560	9507;9536;43231;43227;43226;5575;43229;44424;44464;5623;5622;44444;5737;5739;5515;5488;3674;8150	6926	8257	6423	5920	8341	1885	1224.5	7935.5	6379.5	7035	8487.5	8712.5	5467.5	906.5	2910	8358	6825	663.5	1253	1070.5	7925	3955.5	5710.5	8159	94863.5	4.743.175
ORTHO010095	unknown protein	AT1G20770	8150;3674;5634;43231;43227;43226;5575;43229;44424;44464;5623;5622	6927	7319	5380	3833	6358.5	6723	7147	2838	702.5	6573.5	7382.5	1732	1352	2711.5	3265	5325.5	4666	2199.5	5648	3146	6180.5	4169	7048.5	5007.5	83817.5	4.190.875
ORTHO010846	importin alpha isoform 9	AT5G03070	5737;44424;44464;5575;5623;5622;5829;44444;5654;44428;44446;44422;43226;43229;5634;43231;43227;31981;70013;43233;31974;8139;5048;42277;33218;5488;3674;5643;5635;31967;31975;12505;8565;22892;5215;6810;51234;51179;8150;15031;45184;8104;33036;71702;6607;6606;17038;44765;1902578;44699;6886;46907;51649;51641;34613;70727;34504;33365;1902580;1902593;1902582;51170;6913;16482;51169;72594;44744;6605	6928	7470	7849.5	8771	6358.5	5722.5	4698	6142.5	6124	8006.5	8167.5	7312.5	8380	7101	7885	6712.5	6298	4595	5851	8721.5	7860	4169	1720	6210	121676.5	6.083.825
ORTHO007329	nitrilase-like protein 1	AT2G27450	50126;16811;16810;16787;3824;3674;8152;8150;33388;6525;9064;1901605;6520;1901564;71704;6807;19752;43436;6082;44281;44710;44699;44763;9987;44237;44238;9446;6596;6595;6576;44106;9308;34641;42401;9309;44271;44249;9058;1901566;1901576;9445;97164;44711	6929	6781	4486.5	2044	7662	4708.5	6283.5	3318	2465.5	5255	3461	2803.5	7031	3461.5	2702.5	3976.5	867	5824	4830.5	3108	7386	596	365	4484	72927	3646.35
ORTHO002208	Phosphatidylinositol 3- and 4-kinase family protein with FAT domain	AT2G17930;AT4G36080	9506;5911;30054;5575;55044;16310;6796;6793;44237;8152;8150;9987;16773;16772;16740;3824;3674;5634;43231;43227;43226;43229;44424;44464;5623;5622;16301;5829;44444;5737	6930	8893	4736.5	2543	9024.5	2887.5	7630.5	3166	9052	8934.5	19	7485.5	4174	3431.5	1196	8703.5	2473	8719.5	2719.5	1698.5	3084	281.5	182.5	535	76373.5	3.818.675
ORTHO007989	myosin heavy chain-related	AT2G14680	5737;44424;44464;5575;5623;5622;9793;44702;22414;8150;44699;3006;32502;9790;44767;48856;7275;44707;32501;48316;48608;61458;48731;9791;10154;3674	6931	5408	5476	4021	2982.5	214	6309	6142.5	2069	3564.5	1623	8166	6397.5	1800.5	5034.5	3976.5	6298	3949	6897.5	711.5	2515	6182.5	6624.5	6456	84931	4246.55
ORTHO009493	photosystem I light harvesting complex gene 3	AT1G61520	9535;55035;42651;34357;16020;5575;44436;44424;44464;5623;5622;9579;44435;44444;5737;44446;44422;43226;43229;9536;43231;43227;31976;31984;44434;9507;9534;9941;9526;31967;31975;9416;9314;9628;50896;8150;9768;9765;6091;44237;8152;9987;19684;15979;10287;9570;9532;16168;46906;1901363;5488;3674;97159;31409;9735;9725;9719;10033;42221;30076;43234;32991	6932	7086	8021	9110	7947.5	8787	8759	6978.5	6712.5	5978.5	8537.5	2729	1352	7300	8512	6712.5	7240	5056.5	7509	8956	8350.5	7871	8641.5	8159	134142	6707.1
ORTHO009799	Mog1/PsbP/DUF1795-like photosystem II reaction center PsbP family protein	AT3G56650	9543;31978;31977;44436;44424;44464;5575;5623;5622;9579;44435;44444;5737;44446;44422;43226;43229;9536;43231;43227;31976;31984;44434;9507;9534;5515;5488;3674;9570;9532;19898;44425;16020;9654;98796;43234;32991;1990204;1902494;42651;34357;9523;9521;15979;44237;8152;8150;9987;5509;46872;43169;43167	6933	5634	7095.5	7258	2982.5	8030	5808	3065	1133	3601	3366.5	6240	8859	5508.5	766.5	3976.5	1432.5	7408	9002.5	7871	336	9010	8806.5	8857.5	103078	5153.9
ORTHO005696	phosphoglucosamine mutase-related	AT5G18070	6048;6047;6040;1901135;71704;8152;8150;9225;6139;46483;44237;9987;6725;1901360;34641;6807;44238;9226;1901137;1901576;9058;34654;19438;44249;44271;18130;1901362;46349;719;6290;6281;6259;44260;43170;90304;6974;33554;51716;50896;6950;44763;44699;44710;9411;9416;9314;9628;19255;19637;6793;6796;4610;16868;16866;16853;3824;3674;4614;9507;9536;43231;43227;43226;5575;43229;44424;44464;5623;5622;44444;5737;5739;5975;46872;43169;43167;5488;5829;9506;5911;30054;55044	6934	5232	7081	7228	6194	5621	5105.5	5957	8101	5776	6343	3422.5	6071.5	1800.5	5034.5	3976.5	5864.5	3949	6700.5	4956.5	6180.5	5924	6040	6057.5	102881.5	5.144.075
ORTHO006864	FUNCTIONS IN: molecular_function unknown	AT5G59400	9507;9536;43231;43227;43226;5575;43229;44424;44464;5623;5622;44444;5737;8150;3674	6935	7216	7636.5	8338	7947.5	5904	8324.5	5213.5	7632	6235	7734.5	2467.5	7963	2711.5	3936.5	5325.5	5561	3121	6531	8478	7052	5213.5	7946.5	5601	112951.5	5.647.575
ORTHO002337	Amino acid dehydrogenase family protein	AT3G12290	9396;9108;51188;51186;44237;8152;8150;9987;44249;9058;6732;42559;19438;6725;42558;46483;1901360;71704;1901564;6807;44271;34641;18130;1901362;1901576;1901566;43604;43603;1901607;1901605;6520;19752;43436;6082;44281;44710;44699;44763;44238;8652;46394;16053;44283;44711;6760;6575;42398;9853;43094;35999;46653;6730;9507;9536;43231;43227;43226;5575;43229;44424;44464;5623;5622;44444;5737;55114;4488;16646;16645;16491;3824;3674;5829;4477;19238;16814;16810;16787	6936	7369	5123.25	3310.5	7662	4598.5	4528.5	4571	3682	4471.5	5902	4841.5	2980	2711.5	2396.5	5325.5	3752	1617	4548.5	7080	4833.5	2763	6194.5	4117.5	80914.5	4.045.725
ORTHO006720	fatty acid desaturase A	AT4G27030	9507;9536;43231;43227;43226;5575;43229;44424;44464;5623;5622;44444;5737;6636;6633;72330;46394;16053;6082;71704;8152;8150;44281;44710;44699;44763;9987;44237;44283;44711;9058;1901576;44249;19752;43436;32787;6631;44255;6629;44238;8610;33559;31969;42170;31090;16020;44422;44435;44446;9526;31967;31975;44434;9941;55114;46471;6650;6644;19637;6793;6796;46486;52637;16705;16491;3824;3674;80167;9628;50896	6937	5887	5585	4233	5552	2170	4118.5	2545	5994	5189.5	7382.5	6861.5	1352	2711.5	4233.5	3976.5	5108	3121	5502	7080	2086.5	5603	5407	5601	86043	4302.15
ORTHO001155	alpha/beta-Hydrolases superfamily protein	AT3G05600;AT4G15955;AT4G15960	5737;44424;44464;5575;5623;5622;8152;8150;16787;3824;3674;4301;16803;16801;5634;43231;43227;43226;43229;5777;42579;44444;5576	6938	8953	7095.5	7253	8730.5	7207	5693	8906	6823.5	4825.5	8314	2467.5	4355	401	5034.5	8737.5	6722.5	241.5	8394	2903	8083.5	1228	3662.5	9043	103042.5	5.152.125
ORTHO009684	FUNCTIONS IN: molecular_function unknown	AT2G02590	8150;9507;9536;43231;43227;43226;5575;43229;44424;44464;5623;5622;44444;5737;3674	6939	4460	7936.5	8934	5938.5	2097.5	3327	2876.5	8970.5	5317.5	9139	9006.5	4168.5	5465	551	6712.5	7649.5	7659.5	8858.5	9130.5	8663	8861	8976.5	8961	126391	6319.55
ORTHO006493	binding	AT4G21820	5516;5515;5488;3674;5634;43231;43227;43226;5575;43229;44424;44464;5623;5622	6940	5274	6026	5112	5238	6643.5	4638.5	8906	2645.5	5266	3792.5	4059.5	4677	7996	8572	2821	4346.5	1921.5	5220.5	5929.5	4321	3854	3867.5	1131	90609	4530.45
ORTHO007240	tetratricopeptide repeat (TPR)-containing protein	AT1G02910	9535;55035;42651;34357;16020;5575;44436;44424;44464;5623;5622;9579;44435;44444;5737;44446;44422;43226;43229;9536;43231;43227;31976;31984;44434;9507;9534;10270;10207;43623;6461;65003;43933;16043;71840;8150;9987;22607;44085;71822;70271;34622;19684;6091;44237;8152;15979;16021;31224;44425	6941	6260	7111	7281	7245.5	2170	8162.5	5568.5	6584	3637.5	7199	8014	7963	2711.5	3936.5	3976.5	5108	3121	5851	7194	5422.5	5603	5407	5601	103230.5	5.161.525
ORTHO008187	RNA-binding KH domain-containing protein	AT5G08420	5634;43231;43227;43226;5575;43229;44424;44464;5623;5622;5730;44428;44446;44422;43232;43228;31981;70013;43233;31974;6364;34470;34660;16070;44260;43170;71704;8152;8150;44237;9987;90304;6139;46483;6725;1901360;34641;6807;44238;6396;10467;16072;42254;22613;44085;71840;30529;32991;3723;3676;1901363;5488;3674;97159	6942	6263	7255	7568	7245.5	8323	3327	5957	6124	2908	7734.5	3422.5	8306	2711.5	4462	3976.5	5962.5	3750.5	4548.5	7871	6696	6077	6365	6801.5	105324	5266.2
ORTHO001855	Peptide-N4-(N-acetyl-beta-glucosaminyl)asparagine amidase A protein	AT3G14920	5773;43231;43227;43226;5575;43229;44424;44464;5623;5622;44444;5737;5774;44437;44446;44422;98588;31090;16020;98805;9507;9536;9505;5618;30312;71944;8150	6943	6828	7018.5	7094	6100.5	6529	8054.5	4826.5	7632	6687	6343	4351.5	7743	3283.5	3265	6712.5	8888	2199.5	5589.5	7692.5	5988	787	779	4678.5	102029.5	5.101.475
ORTHO009210	EAP30/Vps36 family protein	AT4G27040	3674;814;98796;43234;32991;5575;44425;16020;36452;44440;44444;44424;44464;5623;5622;5737;44446;44422;43226;43229;5768;43231;43227;12505;10008;98588;31090;98805;16192;6810;51234;51179;8150	6944	6266	4716	2488	5651.5	3750.5	1627	4396	8509.5	8934.5	4642.5	7747	2834	3374	1587	3976.5	3141.5	6265.5	1788	3061	1646	2541	2770	3383	75974.5	3.798.725
ORTHO007215	Cytidine/deoxycytidylate deaminase family protein	AT4G20960	9507;9536;43231;43227;43226;5575;43229;44424;44464;5623;5622;44444;5737;9231;42727;44271;34641;6807;8152;8150;44237;9987;44249;9058;42726;46483;1901360;71704;1901564;18130;1901362;1901576;1901566;6771;6767;6766;44281;44710;44699;44763;42364;9110;44283;44711;8835;19239;3824;3674;16814;16810;16787;9570;9532;44435;44446;44422;44434;8270;46914;46872;43169;43167;5488;55114	6945	6085	5463	3981	6857.5	4758	4341	5439.5	6379.5	4896	2992.5	4949	3374.5	1800.5	3521.5	3976.5	4548.5	2724.5	5128	6632	4226.5	4780.5	5021	5222.5	84712	4235.6
ORTHO009786	FUNCTIONS IN: molecular_function unknown	AT1G26470	16573;16570;16569;16568;6325;43933;16043;71840;8150;9987;51276;6996;6464;36211;19538;43170;71704;8152;44238;43412;44267;44260;44237;1902589;44763;44699;44710;18393;18394;18205;18193;6473;43543;6475;35267;43189;1902562;123;31248;1902493;1990234;1902494;43234;32991;5575;44424;44464;5623;5622;44451;44428;44446;44422;43226;43229;5634;43231;43227;5654;31981;70013;43233;31974;3674;6357;6355;1903506;2001141;31326;9889;19222;50789;65007;31323;50794;51252;19219;80090;51171;60255;10556;10468;2000112	6946	5651	7881	8816	6534	7278	9052	7331	2338	8647.5	4121.5	8855.5	1352	5762	1209.5	3976.5	7364.5	6590	8472	7299	8153	8588.5	8641.5	8062	123094	6154.7
ORTHO009908	SET domain-containing protein	AT1G43245	8168;16741;16740;3824;3674;8152;8150;32259;5634;43231;43227;43226;5575;43229;44424;44464;5623;5622	6947	5757	7053.5	7160	2982.5	7390	6798	6428.5	2592	2059	8232.5	7017.5	1352	8210.5	7667.5	5325.5	1155.5	4747.5	4016	5400	2280	7259	7611.5	6949.5	102492	5124.6
ORTHO008746	Core-2/I-branching beta-1;6-N-acetylglucosaminyltransferase family protein	AT5G14550	8375;8194;16757;16740;3824;3674;8152;8150;16758;5739;43231;43227;43226;5575;43229;44424;44464;5623;5622;44444;5737;16020	6948	5559	6210	5472	2982.5	5665.5	1938.5	5439.5	6943.5	7967.5	6543	7069.5	5740	7699.5	7349.5	5325.5	1463.5	3121	1922	1460	399	5789.5	4961.5	5601	92399	4619.95
ORTHO001207	Protein kinase superfamily protein	AT3G53840;AT5G02070	16301;16772;16740;3824;3674;8152;8150;16310;6796;6793;44237;9987	6949	8903	7443	7937	8884	7241	8843	7527.5	4231.5	5847	3426.5	6756	2940.5	401	5254.5	8925	6162	241.5	7792.5	6274.5	8228.5	1827.5	7486	9059.5	108465.5	5.423.275
ORTHO010029	3-hydroxyacyl-CoA dehydrogenase family protein	AT3G15290	5777;42579;43231;43227;43226;5575;43229;44424;44464;5623;5622;44444;5737;70403;51287;50662;48037;5488;3674;166;36094;1901265;1901363;97159;43168;43167;8691;16616;16614;16491;3824;8152;8150;55114;44710;44699;3857;6631;44255;6629;71704;44238;44763;9987;44237;32787;19752;43436;6082;44281	6950	5761	5768.5	4587	2982.5	4071	7872	7244.5	6712.5	6889	5726.5	7756.5	4677	1800.5	1812.5	3976.5	3192	2199.5	3792	5447	3586.5	3374.5	3867.5	3771.5	87769	4388.45
ORTHO007665	Ribosomal protein L25/Gln-tRNA synthetase; anti-codon-binding domain	AT5G66860	6412;43043;43604;43603;34641;6807;8152;8150;44237;9987;44271;44249;9058;6518;1901564;71704;1901566;1901576;44267;19538;43170;44238;44260;34645;9059;10467;8097;19843;3723;3676;1901363;5488;3674;97159;5840;30529;32991;5575;44424;44464;5623;5622;43232;43228;43226;43229;44444;5737;4812;16876;16875;16874;3824;5739;43231;43227;3735;5198	6951	6908	6764	6577	7947.5	5904	4118.5	5213.5	7978	1282.5	7040	3686.5	3359.5	2711.5	3936.5	5325.5	5561	3121	6531	7080	7052	5213.5	7946.5	5601	98662	4933.1
ORTHO009581	unknown protein	AT3G07440;AT5G48530	3674;5739;43231;43227;43226;5575;43229;44424;44464;5623;5622;44444;5737;8150	6952	7655	7352	7752	6534	5432.5	8162.5	4964	5355.5	6825	7382.5	2729	7743	2711.5	3047.5	5325.5	4761	2199.5	5851	8214	6180.5	4308.5	7335	8258.5	106786.5	5.339.325
ORTHO001174_2	carboxyl-terminal domain (ctd) phosphatase-like 2	AT5G01270	7275;44767;32502;8150;44699;44707;32501;5737;44424;44464;5575;5623;5622;9734;9755;7165;50794;50789;65007;51716;9987;50896;7154;44763;44700;23052;32870;9725;9719;10033;42221;71495;71310;70887;71365;9733;46872;43169;43167;5488;3674;45893;10628;10604;9893;48518;19222;60255;10468;1903508;1903506;2001141;31326;9889;31323;51252;19219;80090;51171;10556;1902680;51254;45935;31325;48522;51173;31328;9891;10557;6355;2000112;4721;16791;42578;16788;16787;3824;8152;16311;6796;6793;44237;6470;6464;36211;19538;43170;71704;44238;43412;44267;44260;48589;40007;4647;5634;43231;43227;43226;43229;6351;34645;9059;1901576;9058;44249;97659;32774;16070;90304;6139;46483;6725;1901360;34641;6807;34654;19438;44271;18130;1901362;10467;6970;9628;6950;3723;3676;1901363;97159;3725	6953	6615	5996.5	5040	7245.5	8801	4587.5	5348	6379.5	6259.5	5726.5	5667	7189	2711.5	2702.5	3976.5	4464.5	2199.5	1440.5	6555.5	2515	4423	4632	4678.5	90257	4512.85
ORTHO008263	Sec20 family protein	AT3G24315	3674;5737;44424;44464;5575;5623;5622	6954	6278	6502	6050	7245.5	2005.5	3628.5	5957	1430.5	4079	7734.5	3422.5	8306	1800.5	4462	3976.5	5864.5	3750.5	6700.5	7871	6180.5	5924	6040	6379.5	95513	4775.65
ORTHO010556	Cytidine/deoxycytidylate deaminase family protein	AT3G48540	9507;9536;43231;43227;43226;5575;43229;44424;44464;5623;5622;44444;5737;8270;46914;46872;43169;43167;5488;3674;16787;3824;8152;8150	6955	6617	7305	7655	7245.5	8873.5	9012.5	3670	3471	8934.5	5192	6027	1352	7101	7764	5325.5	8637.5	8179	7562	3208	2143.5	3111.5	1203	5222.5	105990	5299.5
ORTHO009976	RNA helicase 36	AT1G16280	5515;5488;3674;90406;42995;44464;5575;5623;9791;44767;32502;8150;44699;44707;32501;7275;9561;9553;48229;48856;4004;8186;42623;16887;17111;16462;16818;16817;16787;3824;8152;3724;4386;8026;70035;10501;16070;44260;43170;71704;44237;9987;90304;6139;46483;6725;1901360;34641;6807;44238;6364;34470;34660;6396;10467;16072;42254;22613;44085;71840;5634;43231;43227;43226;43229;44424;5622	6956	5662	7821	8686	2982.5	7278	4341	2545	6712.5	3530	8537.5	7362.5	3869.5	8210.5	7885	5325.5	1000	5452.5	7901.5	8721.5	7786.5	7637.5	8163.5	7376.5	119636.5	5.981.825
ORTHO007882	Nucleoporin; Nup133/Nup155-like	AT2G05120	5643;44428;44446;44422;5575;43226;44424;44464;5623;5622;43229;5634;43231;43227;5635;31967;31975;12505;51028;50658;50657;15931;71705;6810;51234;51179;8150;71702;51236;6403;33036;5515;5488;3674;9507;9536;44444;5737;15031;45184;8104	6957	5388	6905.5	6854	2982.5	6739	8474	5957	5994	2814	2129.5	3422.5	6227	1800.5	5413.5	5325.5	6027	3949	6785	3797	6810.5	6077	6365	6281	100388	5019.4
ORTHO010498	Protein kinase superfamily protein	AT1G09450	5634;43231;43227;43226;5575;43229;44424;44464;5623;5622;5524;35639;1901265;1901363;5488;3674;97159;43168;43167;32559;30554;17076;166;36094;32555;32553;97367;32550;32549;1882;1883;35402;35184;35173;4672;16301;16772;16740;3824;8152;8150;16310;6796;6793;44237;9987;16773;6468;6464;36211;19538;43170;71704;44238;43412;44267;44260;16572;16570;16569;16568;6325;43933;16043;71840;51276;6996;1902589;44763;44699;44710;4674;35405;18107;18210;18193;35407;72355;72354;5737;7067;280;48285;1903047;22402;7049;278	6958	6622	8054.5	9151	7245.5	5904	8523	8935.5	7325.5	5634	8314	5543	8754.5	7213.5	8276	5325.5	6982.5	4887	7562	8590.5	7254	7332.5	7667.5	7721.5	137746	6887.3
ORTHO008905	cytochrome P450; family 97; subfamily A; polypeptide 3	AT1G31800	55114;44710;8152;8150;44699;31969;42170;31090;16020;5575;44422;43226;43227;44435;44444;44424;44464;5623;5622;5737;44446;43229;9536;43231;9526;31967;31975;44434;9507;9941;19825;5488;3674;16117;16109;16114;6721;6720;44255;6629;71704;44238;44763;9987;44237;8299;8610;1901576;9058;44711;44249;16108;46148;42440;16116;20037;46906;1901363;97159;16123;16122;5506;46914;46872;43169;43167;16705;16491;3824;10291;4497	6959	5571	6191	5423	2982.5	5016	8002.5	5348	5754	7377.5	5726.5	7849	5066	2711.5	2910	3976.5	4346.5	2199.5	4441	6064.5	4226.5	3609.5	3259.5	4291.5	92176	4608.8
ORTHO008130	COBRA-like protein 6 precursor	AT1G09790	3674;10215;30198;43062;16043;71840;8150;9987;44763;44699;71668;70726;22607;44085;71555;45229;71554;42546;9664;71669;9832;31225;31224;44425;5575;16020;5886;44464;5623;71944;16049;40007	6960	8612	7016	7072	8795.5	5248.5	2234.5	7527.5	5355.5	4615	7734.5	8818.5	3002	590	1812.5	8925	6099.5	1017	7792.5	5369.5	7925	1910	7486	8420	101883	5094.15
ORTHO000300_2	serine carboxypeptidase-like 38	AT2G05850;AT3G52000;AT3G52010;AT3G52020;AT3G63470	4185;4180;8238;70011;8233;16787;3824;3674;8152;8150;6508;19538;43170;71704;44238;70008;8236;17171;5576;5575	6961	8750	6087.5	5214	8678	8743	4904	3123	2701	8934.5	1144	3950.5	3098	590	1910.5	8737.5	8818.5	1114.5	6785	5215.5	1773	2608	7868.5	9043	91062	4553.1
ORTHO010591	Tetratricopeptide repeat (TPR)-like superfamily protein	AT3G15200	22626;44445;44444;44424;44464;5575;5623;5622;5737;5829;5840;30529;32991;43232;43228;43226;43229;5739;43231;43227;8150	6962	6515	7901.5	8841	7245.5	5974	5303	6831.5	6379.5	5767	7382.5	5517.5	3808.5	7213.5	8276	5325.5	6925.5	4887	7612.5	6322.5	7254	7358	7667.5	7792.5	123598	6179.9
ORTHO009861	unknown protein	AT2G04039	9579;44424;44464;5575;5623;5622;9507;9536;43231;43227;43226;43229;44444;5737;3674;5739	6963	5779	7885	8807	2982.5	7278	6200	6906	7455	3564.5	7734.5	8595.5	7258.5	8316	7885	6712.5	8408	5452.5	7862.5	2409.5	7786.5	4525.5	1203	7223	122776	6138.8
ORTHO009041	Tetratricopeptide repeat (TPR)-like superfamily protein	AT5G46400	5685;97525;30532;44428;44446;44422;5575;43226;44424;44464;5623;5622;43229;5634;43231;43227;30529;32991;395;6376;22618;71826;43933;16043;71840;8150;9987;34622;65003;22607;44085;22613;245;398;6397;16071;16070;44260;43170;71704;8152;44237;90304;6139;46483;6725;1901360;34641;6807;44238;6396;10467;377;375;8380;45292;243;5684;5681;30627;36002;3723;3676;1901363;5488;3674;97159;71004;71010	6964	5580	6776	6588	2982.5	3040	1720.5	3243.5	3340.5	8118.5	4046	7421.5	1352	6144.5	1292	5325.5	7337.5	6919	7042	1460	8153	8486	6854	7453	98749	4937.45
ORTHO008248	tRNA/rRNA methyltransferase (SpoU) family protein	AT2G19870	5737;44424;44464;5575;5623;5622;9507;9536;43231;43227;43226;43229;44444;453;451;31167;1510;43414;44260;43170;71704;8152;8150;44237;9987;32259;43412;9451;16070;90304;6139;46483;6725;1901360;34641;6807;44238;154;6364;34470;34660;6396;10467;16072;42254;22613;44085;71840;3723;3676;1901363;5488;3674;97159;8173;8168;16741;16740;3824;70039;8171;16435;8649;8757	6965	4410	5595.75	4226.5	2982.5	7905.5	2791.5	2250	5994	7666.5	2402	6797	3591.5	3815.5	5034.5	6712.5	3682	2199.5	154	6467.5	4103	3222.5	5171.5	6057.5	86018	4300.9
ORTHO008879	oxidoreductase; 2OG-Fe(II) oxygenase family protein	AT1G11780	6281;6259;44260;43170;71704;8152;8150;44237;9987;90304;6139;46483;6725;1901360;34641;6807;44238;6974;33554;51716;50896;6950;44763;44699;44710;46872;43169;43167;5488;3674;5634;43231;43227;43226;5575;43229;44424;44464;5623;5622;55114;16706;16705;16491;3824;51213	6966	5587	6975.5	6985	2982.5	6643.5	3327	5957	6943.5	4009	7734.5	2343.5	6071.5	1800.5	5034.5	3976.5	5864.5	3949	6700.5	7871	6180.5	5789.5	4961.5	6057.5	101215	5060.75
ORTHO008903	Nucleic acid-binding; OB-fold-like protein	AT2G40660	49;3723;3676;1901363;5488;3674;97159;5829;44444;44424;44464;5575;5623;5622;5737;9506;5911;30054;55044;4812;16876;16875;16874;3824;8152;8150	6967	7036	4649.5	2332	7947.5	2446.5	5223.5	4571	5851.5	4428.5	5902	8207.5	2984.5	2711.5	2396.5	5325.5	1879.5	1617	4663	3850	4833.5	1407.5	2437.5	4060.5	74797	3739.85
ORTHO009000	purple acid phosphatase 28	AT5G57140	4722;4721;16791;42578;16788;16787;3824;3674;8152;8150;16311;6796;6793;44237;9987;6470;6464;36211;19538;43170;71704;44238;43412;44267;44260;3993;5576;5575;46872;43169;43167;5488	6968	4991	7354	7740	2982.5	1705	1519.5	5064	2995.5	5506.5	4305	6482	7554	8316	7999	5325.5	8832.5	7073	7197.5	1426	1496.5	8018	8321	7591	106727.5	5.336.375
ORTHO007916	RING/U-box superfamily protein	AT1G53490	16567;32446;70647;6464;36211;19538;43170;71704;8152;8150;44238;43412;44267;44260;44237;9987;5634;43231;43227;43226;5575;43229;44424;44464;5623;5622;43161;10498;51603;6508;44257;30163;9057;1901575;9056;44265;44248;6511;19941;43632;61630;4842;19787;16740;3824;3674;61659;51026;22607;16043;71840;44085;1903046;22402;44763;44699;7049;51321;3;7129;70192;51276;6996;1902589;7126;280;48285;45143;45132;98813;7059;7127;7131;35825;6310;6259;90304;6139;46483;6725;1901360;34641;6807;44710;5694;43232;43228;3677;3676;1901363;5488;97159	6969	7139	6401	5833	7947.5	1907.5	4457	7935.5	7046.5	7407.5	3792.5	5096	1352	4344	4233.5	5325.5	4191.5	4982.5	5589.5	7692.5	5422.5	3374.5	5322	4898	94370.5	4.718.525
ORTHO010570	carotenoid cleavage dioxygenase 7	AT2G44990	3674;8150;5739;43231;43227;43226;5575;43229;44424;44464;5623;5622;44444;5737	6970	6531.5	6858	6746	7245.5	5155.5	3960	5568.5	7978	5110.5	5973.5	3686.5	8094	2711.5	3936.5	3976.5	5108	3121	5851	7194	5422.5	5603	5407	5806	99663.5	4.983.175
ORTHO000909_1	alpha/beta-Hydrolases superfamily protein	AT2G24280;AT5G65760	4185;4180;8238;70011;8233;16787;3824;3674;8152;8150;6508;19538;43170;71704;44238;70008;8236;17171;9507;9536;43231;43227;43226;5575;43229;44424;44464;5623;5622;44444;5737;5764;323;5773	6971	7217	5338.5	3706	6194	5432.5	4118.5	4964	6712.5	3109	2809.5	3034.5	1352	2711.5	3521.5	5325.5	4870.5	2724.5	5851	8214	1311.5	4308.5	7435.5	5222.5	83029	4151.45
ORTHO005042	nodulin MtN21 /EamA-like transporter family protein	AT5G64700	6810;51234;51179;8150;22857;5215;3674;55085;44763;9987;44699;44765;1902578;5886;16020;5575;44464;5623;71944;5576	6972	8253	3702.5	433	8341	4155	6974	3999.5	4142	7064	5124	841.5	3718.5	138	136.5	3128	2810.5	102.5	1827	2688	2937	112.5	470	660	51028.5	2.551.425
ORTHO004056	Molybdenum cofactor sulfurase family protein	AT1G30910;AT5G44720	9507;9536;43231;43227;43226;5575;43229;44424;44464;5623;5622;44444;5737;30151;46914;46872;43169;43167;5488;3674;8265;3824;8152;8150;30170;1901363;97159;48037;43168;5739	6973	5925	6657	6341	6664	6643.5	3513	5957	4387	1282.5	7734.5	3422.5	6071.5	1800.5	5034.5	3976.5	5864.5	3949	6700.5	7871	6180.5	5789.5	4927.5	6057.5	97163	4858.15
ORTHO002456	RING/FYVE/PHD zinc finger superfamily protein	AT1G33420	6355;1903506;2001141;31326;9889;19222;50789;65007;8150;31323;50794;51252;19219;80090;51171;60255;10556;10468;2000112;5634;43231;43227;43226;5575;43229;44424;44464;5623;5622;8270;46914;46872;43169;43167;5488;3674;3677;3676;1901363;97159;6351;34645;44260;43170;71704;8152;44237;9987;9059;1901576;9058;44249;97659;32774;16070;90304;6139;46483;6725;1901360;34641;6807;44238;34654;19438;44271;18130;1901362;10467	6974	6910	7213.5	7453	7947.5	7324.5	3960	5568.5	6712.5	2385.5	5973.5	8595.5	8094	2711.5	3936.5	3976.5	5108	3121	6531	7194	7052	5132.5	5407	5806	104590	5229.5
ORTHO009823	ethylene-dependent gravitropism-deficient and yellow-green-like 2	AT5G05740	6508;19538;43170;71704;8152;8150;44238;31969;42170;31090;16020;5575;44422;43226;43227;44435;44444;44424;44464;5623;5622;5737;44446;43229;9536;43231;9526;31967;31975;44434;9507;9941;9535;55035;42651;34357;44436;9579;31976;31984;9534;4222;4175;70011;8233;16787;3824;3674;8237;16021;31224;44425	6975	7147	5495.5	4016	7947.5	2005.5	5686	4571	5851.5	8319	6173.5	8194	2927	2711.5	2023.5	5325.5	1396.5	3580	4663	3933	4833.5	2677	6040	3984	84895	4244.75
ORTHO002069	Phosphatidylinositol 3- and 4-kinase family protein	AT1G49340;AT1G51040	48471;44444;44424;44464;5575;5623;5622;5737;5886;16020;71944;46854;46488;6650;6644;19637;71704;8152;8150;6793;44237;9987;44255;6629;44710;44699;44238;44763;6796;46486;46834;30258;16310;51015;32403;44877;5488;3674;5515;3779;8092;9506;5911;30054;55044;6468;6464;36211;19538;43170;43412;44267;44260;4430;52742;16301;16772;16740;3824;16773;70273;1901981;35091;5543;8289;43168;43167;5546;1902936;48015;48017;35556;7165;50794;50789;65007;51716;50896;7154;44700;23052;70300;6661;46474;45017;8610;1901576;9058;44711;44249;8654;90407;9507;9536;43231;43227;43226;43229	6976	7767	3572.5	169	6664	4016	6993.5	3758.5	3914.5	5119.5	397.5	1422	3767	138	136.5	3128	2838	102.5	1942.5	2765	175.5	120.5	646.5	400.5	41782	2089.1
ORTHO009972	Prenyltransferase family protein	AT2G39550	46982;46983;5515;5488;3674;5634;43231;43227;43226;5575;43229;44424;44464;5623;5622;9788;9968;9966;10646;50794;50789;65007;8150;48583;23051;48585;48519;10648;48523;23057;1901420;1901419;9787;18344;18342;97354;44237;8152;9987;6464;36211;19538;43170;71704;44238;43412;44267;44260;9733;9725;9719;50896;10033;42221;9737;33993;97305;1901700;1101;4662;4661;8318;4659;16765;16740;3824;5953;1990234;1902494;43234;32991;46872;43169;43167;9414;9415;9628;10035;6950	6977	5696.5	5422.5	3868	2982.5	7482.5	1519.5	118.5	7748	8934.5	4391	6614	1352	7636	1910.5	3976.5	2838	7525.5	2778	3495.5	8580	1277	1306.5	4541	84024.5	4.201.225
ORTHO009854	Transducin/WD40 repeat-like superfamily protein	AT1G64350	5737;44424;44464;5575;5623;5622;51028;50658;50657;15931;71705;6810;51234;51179;8150;71702;51236;6403;33036;5834;1902494;43234;32991;98797;44459;44425;16020;5886;71944;98796;31234;19897;19898;9898;98562;98552;5643;44428;44446;44422;43226;43229;5634;43231;43227;5635;31967;31975;12505;5515;5488;3674;166;36094;1901265;1901363;97159	6978	5700	5884	4790	2982.5	5319	4341	5439.5	7325.5	6288	6343	7933	1352	3283.5	3521.5	3976.5	1155.5	2558	5027.5	6555.5	4226.5	4709	4927.5	4678.5	88960.5	4.448.025
ORTHO007283	Fumarylacetoacetate (FAA) hydrolase family	AT4G15940	5507;46914;46872;43169;43167;5488;3674;8152;8150;3824;5739;43231;43227;43226;5575;43229;44424;44464;5623;5622;44444;5737;16787;16853	6979	6851	5874.5	4770	7662	5047	4244.5	4734	6379.5	2385.5	5726.5	7129.5	7377.5	2711.5	2702.5	3976.5	4464.5	2558	5220.5	6240	5422.5	3111.5	4773	4678.5	88883	4444.15
ORTHO006298	Encodes a protein that is a ribosome biogenesis co-factor. Mutants display aberrant RNA processing and male and female gametophyte development.	AT1G31660	6364;34470;34660;16070;44260;43170;71704;8152;8150;44237;9987;90304;6139;46483;6725;1901360;34641;6807;44238;6396;10467;16072;42254;22613;44085;71840;5634;43231;43227;43226;5575;43229;44424;44464;5623;5622;9555;48229;7275;44767;32502;44699;44707;32501;48856;3674;9553	6980	5949	6607.5	6235	6664	6529	3513	5698.5	4953	4440.5	7594	3422.5	6071.5	1800.5	4705.5	3976.5	5764.5	3580	6531	7871	2021	5789.5	6040	6281	96582.5	4.829.125
ORTHO010677	unknown protein	AT3G12870	9506;5911;30054;5575;55044;5739;43231;43227;43226;43229;44424;44464;5623;5622;44444;5737	6981	7390	6648	6315	8139.5	7008.5	5327.5	2711	5355.5	6733	7382.5	2640.5	7743	2711.5	3721.5	5325.5	4942.5	2558	5851	3546.5	6431	4308.5	7554.5	5222.5	97074.5	4.853.725
ORTHO010317	CONTAINS InterPro DOMAIN/s: Nucleic acid-binding; OB-fold-like (InterPro:IPR016027); Protein of unknown function DUF171 (InterPro:IPR003750)	AT5G19300	5634;43231;43227;43226;5575;43229;44424;44464;5623;5622;3674;8150	6982	6546	7971	8960	7245.5	7278	8645.5	2545	6712.5	6498.5	3526	4949	3926	8210.5	8452	5325.5	7137.5	5452.5	7950	8756	7786.5	7683.5	8247	8159	127240.5	6.362.025
ORTHO007705	Cysteine proteinases superfamily protein	AT3G57810	8234;70011;8233;16787;3824;3674;8152;8150;6508;19538;43170;71704;44238;9507;9536;43231;43227;43226;5575;43229;44424;44464;5623;5622;44444;5737	6983	8197	7570.5	8158	7245.5	6898	7665	8028.5	6225	2891.5	7382.5	4309	3152	906.5	2910	8358	6825	867.5	7562	7986	7925	4873	7667.5	8258.5	110690.5	5.534.525
ORTHO009439	PNAS-3 related	AT2G25355;AT4G32175	5634;43231;43227;43226;5575;43229;44424;44464;5623;5622;9507;9536;44444;5737;3723;3676;1901363;5488;3674;97159;178;43234;32991	6984	7821	4342.5	1701	6857.5	2260.5	1595.5	8963.5	5144	7441.5	5836	2597	2798	1321.5	1549	5325.5	3548.5	3121	3653	2496	3646	750	1640	6281	69967.5	3.498.375
ORTHO007427	plastid transcriptionally active 5	AT4G13670	9534;31976;9579;44424;44464;5575;5623;5622;31984;44446;44422;43226;43229;43227;44435;44444;5737;9536;43231;44434;9507;9941;9526;31967;31975;51082;5515;5488;3674;9295;9535;55035;42651;34357;16020;44436;9508;229;5694;43232;43228;42646;9532;31072	6985	4463	5208.25	3431.5	2982.5	5211.5	2881	6428.5	6943.5	7620	6173.5	6240	6071.5	1800.5	4462	3976.5	1321	2199.5	3283.5	6322.5	3870	2213.5	2785	1825	81628.5	4.081.425
ORTHO007015	DNA primases	AT5G52800	5634;43231;43227;43226;5575;43229;44424;44464;5623;5622;3896;3899;34062;16779;16772;16740;3824;3674;8152;8150;32774;9059;43170;71704;1901576;9058;16070;44260;44237;9987;90304;6139;46483;6725;1901360;34641;6807;44238;34654;19438;44249;44271;18130;1901362;6269;6259;6261;6260;34645	6986	6147	6385.5	5785	7245.5	293	8162.5	5568.5	4323	4166.5	6543	8494.5	5740	1800.5	3721.5	3976.5	4666	3121	6109.5	7012	5061.5	5308.5	5081	4898	94047	4702.35
ORTHO004927	homolog of Xeroderma pigmentosum complementation group B 2	AT5G41360;AT5G41370	6355;1903506;2001141;31326;9889;19222;50789;65007;8150;31323;50794;51252;19219;80090;51171;60255;10556;10468;2000112;5524;35639;1901265;1901363;5488;3674;97159;43168;43167;32559;30554;17076;166;36094;32555;32553;97367;32550;32549;1882;1883;6289;6281;6259;44260;43170;71704;8152;44237;9987;90304;6139;46483;6725;1901360;34641;6807;44238;6974;33554;51716;50896;6950;44763;44699;44710;5634;43231;43227;43226;5575;43229;44424;44464;5623;5622;10224;9411;9416;9314;9628;6351;34645;9059;1901576;9058;44249;97659;32774;16070;34654;19438;44271;18130;1901362;10467;8026;42623;16887;17111;16462;16818;16817;16787;3824;70035;4386;3677;3676;4003;8094;3678;32508;32392;71103;51276;6996;16043;71840;9636;42221;5737	6987	6911	6892	6797	7947.5	7677.5	4948.5	2322	6943.5	1842.5	2129.5	2343.5	8306	2711.5	4462	5325.5	6208.5	3580	7042	5277	7860	6340.5	8247	6379.5	99946.5	4.997.325
ORTHO007537	Tetratricopeptide repeat (TPR)-like superfamily protein	AT5G08490	9737;9725;9719;50896;8150;10033;42221;33993;97305;1901700;1101;80156;16556;9451;16070;44260;43170;71704;8152;44237;9987;90304;6139;46483;6725;1901360;34641;6807;44238;43412;16071;1900864;959;9414;9415;9628;10035;6950;5739;43231;43227;43226;5575;43229;44424;44464;5623;5622;44444;5737;3674	6988	6861	7735	8482	6100.5	7116	7369.5	2796	7455	7916.5	8537.5	2937.5	1352	7387.5	8404	6712.5	2002.5	4982.5	8008.5	8675.5	8228.5	6340.5	1275.5	7997	115494.5	5.774.725
ORTHO009671	urease accessory protein G	AT2G34470	6807;8152;8150;3924;17111;16462;16818;16817;16787;3824;3674;5737;44424;44464;5575;5623;5622;16020;5525;35639;1901265;1901363;5488;97159;43168;43167;32550;32549;1882;36094;97367;1883;32561;19001;17076;166;32555;32553;16151;46914;46872;43169;48554;48552;50790;19222;50789;65007;65009;43085;44093;9893;48518	6989	4536	4874	2759	2982.5	4267	3129.5	6142.5	7978	2170.5	3136.5	3034.5	5740	1800.5	3936.5	6712.5	3322.5	2199.5	3172	5094	3675	2541	4310	5222.5	77584.5	3.879.225
ORTHO010703	HSP20-like chaperones superfamily protein	AT5G37670	6457;9987;8150;3674;9408;9266;9628;50896;6950;5782;44439;44438;44444;44424;44464;5575;5623;5622;5737;44446;44422;43226;43229;42579;43231;43227;5777;31907;70013;43233;31974;302;6979;1901700;42221	6990	7405	6831.5	6673	8202.5	7051	3960	4964	6943.5	5653	1981	2937.5	7743	2711.5	3721.5	5325.5	4942.5	3121	6185.5	8320	6431	4423	7611.5	5222.5	99248.5	4.962.425
ORTHO001775_2	clathrin adaptor complexes medium subunit family protein	AT2G20790	5634;43231;43227;43226;5575;43229;44424;44464;5623;5622;30659;12506;31090;16020;44422;31988;31982;44433;44444;5737;44446;31410;16023;30131;30119;98796;43234;32991;44425;30117;48475;30118;16192;6810;51234;51179;8150;6886;15031;45184;8104;33036;71702;46907;51649;51641;34613;70727	6991	5823	6045	5099	2982.5	4620	5521	8778	8053.5	6551	6343	3034.5	5195	1800.5	3265	3976.5	4191.5	2558	4548.5	4012.5	4226.5	4612.5	4843.5	4413.5	90544.5	4.527.225
ORTHO007733	phosphatidylinositolglycan synthase family protein	AT2G34980	16740;3824;3674;8152;8150;6506;6505;46488;6650;6644;19637;71704;6793;44237;9987;44255;6629;44710;44699;44238;44763;6796;46486;6664;1903509;1901135;6643;6661;46474;45017;8610;1901576;9058;44711;44249;8654;90407;6497;6464;36211;19538;43170;43412;44267;44260;42158;42157;34645;9059;9247;46467;1901137;5789;98588;31090;16020;5575;44422;43226;43227;44432;44444;44424;44464;5623;5622;5737;44446;43229;5783;43231;12505;44425;42175;16254;506;43234;32991;17176;8375;8194;16757;16758;9860;44702;22414;904;902;32989;16043;71840;9653;32502;48856;48869;44767;48468;30154;3006;48588;48589;40007;16049;9932;9826;60560;48868;9856;44703;51704;44706;32501;9846;44707	6992	6767	7258	7524	7662	5090	8162.5	5568.5	5619	6235	7040	3686.5	7963	2711.5	3936.5	3976.5	5561	3121	5851	8478	5422.5	5603	5407	5601	105033.5	5.251.675
ORTHO001322	cytochrome BC1 synthesis	AT3G50930;AT3G50940	5524;35639;1901265;1901363;5488;3674;97159;43168;43167;32559;30554;17076;166;36094;32555;32553;97367;32550;32549;1882;1883;9863;7165;50794;50789;65007;8150;51716;9987;50896;7154;44763;44699;44700;23052;71446;71407;14070;10033;42221;71310;70887;9751;1101;1901700;71229;1901701;5886;16020;5575;44464;5623;71944;5741;31966;31090;44422;43226;43227;44429;44444;44424;5622;5737;44446;43229;5739;43231;5740;31967;31975;31968;19867;98805;98588;16887;17111;16462;16818;16817;16787;3824;8152;9411;9416;9314;9628;42802;5515;8219;16265	6993	8733	4206	1419	9010.5	8453	3430	8064.5	867	4927.5	4151.5	3950.5	1352	4295.5	1462	8703.5	1545.5	949.5	1523.5	8125.5	3375	611	372	1414.5	67573.5	3.378.675
ORTHO001452	Phosphate-responsive 1 family protein	AT4G08950	9505;5618;30312;44464;5575;5623;71944;5794;43231;43227;43226;43229;44424;5622;44444;5737;12505;3674;48046;5576;9741;9725;9719;50896;8150;10033;42221;14070;33993;97305;1901700;5615;44421	6994	5958	6668	6342	5328	6898	4785	8348	5028	8647.5	5489.5	5543	4492.5	7954.5	8553	3074	8003	1669.5	4548.5	5126.5	4023	1695	1573	1713.5	97165	4858.25
ORTHO008766	cell cycle checkpoint control protein family	AT3G05480	6281;6259;44260;43170;71704;8152;8150;44237;9987;90304;6139;46483;6725;1901360;34641;6807;44238;6974;33554;51716;50896;6950;44763;44699;44710;90305;5634;43231;43227;43226;5575;43229;44424;44464;5623;5622;71479;10212;9314;9628;71478;71214;6282;51052;19219;80090;19222;50789;65007;51171;31323;50794;60255;2001020;80135;80134;48583;30896;44454;44427;44446;44422;5694;43232;43228;44428;228;31981;70013;43233;31974;43234;32991;794;793;31573;44773;44774;7093;75;22402;7049;1903047;278;45930;45786;48523;48519;51726;7346;31570;77;76;8408;4527;4518;16788;16787;3824;3674	6995	5729	7928	8861	2982.5	7543.5	3758	7192	2202	2702	2809.5	6929	7498	8316	7999	5325.5	7280.5	5720	8173	8873	8468.5	7897.5	7818	7543.5	124048.5	6.202.425
ORTHO002589	embryo defective 2410	AT2G25660	48046;5576;5575;3674;9507;9536;43231;43227;43226;43229;44424;44464;5623;5622;44444;5737;9793;44702;22414;8150;44699;3006;32502;9790;44767;48856;7275;44707;32501;48316;48608;61458;48731;9791;10154	6996	6208	4896.5	2797	7245.5	4662.5	6220	4826.5	702.5	4545.5	6343	3034.5	5338.5	1800.5	2702.5	3976.5	7639.5	2558	5589.5	2326	4226.5	3754	3149	4413.5	77808.5	3.890.425
ORTHO009326	unknown protein	AT1G18060	9507;9536;43231;43227;43226;5575;43229;44424;44464;5623;5622;44444;5737;8150	6997	7847	6719.5	6442	6857.5	5799	7453.5	4571	5355.5	8231.5	6173.5	5810	4617.5	906.5	1910.5	5325.5	5404	1617	4607.5	7080	6431	2763	6194.5	7543.5	97794.5	4.889.725
ORTHO008536	RS2-interacting KH protein	AT3G29390	5634;43231;43227;43226;5575;43229;44424;44464;5623;5622;8150;3723;3676;1901363;5488;3674;97159	6998	7637	7836	8674	6478.5	4042.5	8427.5	8716	5619	6785.5	4199.5	7343	8094	7101	7764	6712.5	5032.5	4595	4388	3579.5	7489.5	6429	7774	5222.5	119314.5	5.965.725
ORTHO004101	GroES-like zinc-binding alcohol dehydrogenase family protein	AT5G61510	55114;44710;8152;8150;44699;16491;3824;3674;9507;9536;43231;43227;43226;5575;43229;44424;44464;5623;5622;44444;5737;8270;46914;46872;43169;43167;5488;30154;48869;44767;32502;44763;9987;5829;9644;9642;9416;9314;9628;50896	6999	6075	7929	8859	6857.5	8240.5	9093	8778	2541	6988	3366.5	9126.5	1352	5500	766.5	3976.5	7982	7697.5	9112	9162.5	3045	9112.5	9110.5	9018	123968.5	6.198.425
ORTHO008291	like SEX4 1	AT3G01510	43036;44435;44444;44424;44464;5575;5623;5622;5737;44446;44422;43226;43229;9536;43231;43227;16311;6796;6793;44237;8152;8150;9987;9507;5983;9251;272;5976;5975;71704;44238;43170;16052;1901575;9056;9057;44042;44247;44264;44260;44262;44275;44248;5982;6073;9570;9532;44434;9569;6470;6464;36211;19538;43412;44267;19203;16791;42578;16788;16787;3824;3674;8138;4721	7000	6363	7410.5	7821	7245.5	6529	8324.5	5957	5028	7183	7734.5	3422.5	8306	2711.5	4462	3976.5	693.5	3949	6700.5	7871	6180.5	5924	6040	6379.5	107372.5	5.368.625
ORTHO010342	non-intrinsic ABC protein 7	AT3G10670	9570;9532;44435;44444;44424;44464;5575;5623;5622;5737;44446;44422;43226;43229;9536;43231;43227;44434;9507;10027;9668;44802;61024;16043;71840;8150;9987;44763;44699;9657;6996;16226;9058;8152;31163;22607;44085;5524;35639;1901265;1901363;5488;3674;97159;43168;43167;32559;30554;17076;166;36094;32555;32553;97367;32550;32549;1882;1883;9793;44702;22414;3006;32502;9790;44767;48856;7275;44707;32501;48316;48608;61458;48731;9791;10154;5515;5215;6810;51234;51179;42626;43492;42623;16887;17111;16462;16818;16817;16787;3824;15405;15399;22804;22857;55085;44765;1902578;16820	7001	6703	7311	7621	7662	7116	3025	6142.5	7183.5	1893	7886	3218	8519	2711.5	599	3976.5	6409	3949	7042	8320	7386	6266	6854	7190.5	105686.5	5.284.325
ORTHO004986	dephospho-CoA kinase family	AT2G27490	15937;9108;51188;51186;44237;8152;8150;9987;44249;9058;6732;34033;33866;1901293;90407;19637;71704;6793;1901576;6753;55086;6139;46483;6725;1901360;34641;6807;44238;44281;44710;44699;44763;6796;34654;19438;44271;18130;1901362;44711;33865;34032;72521;1901564;72522;1901566;34030;33875;9152;9150;6163;9117;9259;19693;1901135;9260;46390;1901137;9165;6164;15936;46128;9119;9116;1901657;42278;46129;42451;9163;1901659;42455;4140;16301;16772;16740;3824;3674;16310;16773;5737;44424;44464;5575;5623;5622;5773;43231;43227;43226;43229;44444;5777;42579;9507;9536;5524;35639;1901265;1901363;5488;97159;43168;43167;32559;30554;17076;166;36094;32555;32553;97367;32550;32549;1882;1883	7002	5172	7117.5	7233	6194	1859.5	6765	6142.5	7455	6687	7886	6055	6456	8316	7487.5	5325.5	7599.5	4887	6897.5	1556.5	2485.5	1613	891.5	6553	102918.5	5.145.925
ORTHO007428	BCL-2-associated athanogene 6	AT2G46240	9408;9266;9628;50896;8150;6950;51087;5515;5488;3674;50832;98542;6952;51707;43207;9605;9607;51704;9620;10228;3006;32502;22414;48608;48856;61458;48731;7275;44767;44699;44707;32501;9791;9644;9642;9416;9314;12502;43068;10942;10941;50794;50789;65007;48522;48518;43067;5516;5634;43231;43227;43226;5575;43229;44424;44464;5623;5622;9506;5911;30054;55044;42542;302;6979;1901700;42221;10035	7003	6132	6023	5043	7245.5	2170	4118.5	5568.5	6712.5	4523	7199	2467.5	3521	1800.5	4124.5	8358	5108	3121	5851	7012	2000	5603	5407	5601	90266	4513.3
ORTHO003070	zinc finger (C2H2 type) family protein	AT5G40710;AT5G63280	3676;1901363;5488;3674;97159;46872;43169;43167;5739;43231;43227;43226;5575;43229;44424;44464;5623;5622;44444;5737;8270;46914;8150	7004	8721	7639.5	8275	8619	6085.5	2703	7656	4645.5	5381	8487.5	8958.5	3222.5	4706.5	6007	9043.5	6648.5	1281.5	8239.5	5929.5	2919	3111.5	8372.5	8639.5	112038	5601.9
ORTHO006730	cation/hydrogen exchanger 28	AT3G52080	6885;55067;98771;50801;48878;42592;65008;65007;8150;55080;12505;44464;5575;5623;6812;6811;44765;6810;51234;51179;1902578;44699;1902600;15992;15672;6818;98662;98660;34220;55085;44763;9987;98655;16020;5451;15299;15078;15077;22890;8324;15075;22891;22857;5215;3674;22892;15298;15297;15291;22804;15491	7005	8585	7199	7393	8788	9014	2121.5	7762	4865	8934.5	7886	4779	5066	590	2023.5	8358	6409	663.5	8059	5726.5	6431	2112.5	4790	8552	104143	5207.15
ORTHO006504	Tetratricopeptide repeat (TPR)-like superfamily protein	AT5G47360	5739;43231;43227;43226;5575;43229;44424;44464;5623;5622;44444;5737	7006	5443	7081.5	7157	2982.5	7207	8552.5	8629.5	2202	4776.5	7999	3218	1352	1800.5	5413.5	3976.5	630	3949	7042	8397.5	7568	6340.5	6854	6553	102461	5123.05
ORTHO003663	unknown protein	AT5G50610;AT5G50710	8150;5739;43231;43227;43226;5575;43229;44424;44464;5623;5622;44444;5737;3674	7007	9011	3739.5	472	9020.5	4110.5	7371.5	3947	3813	2307	5093.5	7701	1352	138	136.5	3145.5	2799.5	33	1989	2409.5	3074.5	39	1181	1243	51884	2594.2
ORTHO000588	O-acyltransferase (WSD1-like) family protein	AT1G72110;AT2G38995;AT3G49190;AT3G49200;AT3G49210;AT5G37300;AT5G53390	19432;46463;46460;6638;44255;6629;71704;8152;8150;44710;44699;44238;44763;9987;44237;8610;1901576;9058;44711;44249;6639;46486;45017;6641;5886;16020;5575;44464;5623;71944;47196;8374;16747;16746;16740;3824;3674;4144;16411;5634;43231;43227;43226;43229;44424;5622;10025;10166;5783;44444;5737;12505;48446;48444;44702;22414;3006;32502;48563;9887;44767;9653;48856;48513;48731;7275;44707;32501;9886;9791;48569;48437;9908;90567;48608;61458;48367;48441;48827;48465;48438	7008	9133	7977.5	8947	9101	8135	9120	8028.5	2666	7035	8964.5	5931	6397.5	310.5	6054.5	9124.5	8286.5	318	9008	9064.5	3942	6377.5	8775	9164	126702.5	6.335.125
ORTHO007102	proline-rich family protein	AT2G32840	7049;44763;9987;8150;44699;17053;43234;32991;5575;5634;43231;43227;43226;43229;44424;44464;5623;5622	7009	8806	7535.25	8061.5	8820	5047	8602.5	8327.5	4788.5	6259.5	7199	7102	4738	906.5	1677.5	8925	8779.5	985	7562	6274.5	7568	1045	5710.5	8258.5	109756	5487.8
ORTHO009732	unknown protein	AT4G33467	5634;43231;43227;43226;5575;43229;44424;44464;5623;5622	7010	7343	3585.5	161	6358.5	3971.5	1627	3729.5	3895.5	7666.5	478.5	863	3831	138	136.5	3273.5	2804.5	203.5	1788	3061	2856.5	193	514	356	41387	2069.35
ORTHO005255	2-oxoglutarate (2OG) and Fe(II)-dependent oxygenase superfamily protein	AT1G22950;AT1G22960	16705;16491;3824;3674;8152;8150;55114;44710;44699;5634;43231;43227;43226;5575;43229;44424;44464;5623;5622;51213;16706;5506;46914;46872;43169;43167;5488;31418;31406;43177;36094;43168;48029;30246;19842;5739;44444;5737	7011	7515	5423	3835	8300.5	5211.5	8536	3038.5	8676	7035	4086	5191.5	4297.5	1321.5	4124.5	8804.5	5457.5	867.5	4388	5816	1339	1358.5	3177.5	1106.5	83833	4191.65
ORTHO007569	sulfoquinovosyldiacylglycerol 1	AT4G33030	46506;46505;43436;6082;71704;8152;8150;44281;44710;44699;44763;9987;44237;6790;44255;6629;44238;44272;44249;9058;8610;1901576;44711;8270;46914;46872;43169;43167;5488;3674;16036;9267;31669;31667;9991;9605;50896;31668;51716;71496;7154;42594;6950;33554;9247;46467;6643;1901137;1901135;6664;1903509;8146;16782;16740;3824;9507;9536;43231;43227;43226;5575;43229;44424;44464;5623;5622;44444;5737;46507;46508;16787;50662;48037	7012	5542	6721.5	6431	6478.5	5155.5	3960	5698.5	5994	5808	7382.5	3686.5	5740	1800.5	4462	3976.5	5194	3121	6056.5	7299	5637	5603	5541.5	5601	97717	4885.85
ORTHO008684	unknown protein	AT5G63480	9507;9536;43231;43227;43226;5575;43229;44424;44464;5623;5622;44444;5737;6355;1903506;2001141;31326;9889;19222;50789;65007;8150;31323;50794;51252;19219;80090;51171;60255;10556;10468;2000112;16592;44451;44428;44446;44422;5634;5654;31981;70013;43233;31974;43234;32991;3674;6351;34645;44260;43170;71704;8152;44237;9987;9059;1901576;9058;44249;97659;32774;16070;90304;6139;46483;6725;1901360;34641;6807;44238;34654;19438;44271;18130;1901362;10467	7013	7121	6548.5	6084	6194	5090	9020	8028.5	5144	7539	6343	3950.5	3152	2711.5	2702.5	5325.5	4548.5	2199.5	5301	4060.5	5779	3609.5	6538.5	4678.5	95721.5	4.786.075
ORTHO010571	Cysteine proteinases superfamily protein	AT2G38025	8150;5737;44424;44464;5575;5623;5622;3674	7014	6731	7080	7146	7662	5665.5	8376	5957	1133	1893	6543	3422.5	8306	2711.5	4462	3976.5	5864.5	4595	6835.5	7871	6431	5924	6040	6379.5	102386.5	5.119.325
ORTHO006279	Acyl-CoA N-acyltransferases (NAT) superfamily protein	AT2G39020	8152;8150;5737;44424;44464;5575;5623;5622;9507;9536;43231;43227;43226;43229;44444;8080;16410;16747;16746;16740;3824;3674;16407	7015	6732	7313	7611	5362.5	5155.5	6858.5	8850	7748	5430	8701	1658	3948.5	5733	1278.5	5325.5	7526.5	4673.5	7831	4473	4946	7493	4603.5	3401.5	105634.5	5.281.725
ORTHO007571	Transducin/WD40 repeat-like superfamily protein	AT3G49180	1902184;1902183;48509;2000026;50793;50789;65007;8150;51239;51241;48519;51093;80008;31461;151;1990234;1902494;43234;32991;5575;44424;44464;5623;5622;166;36094;5488;3674;1901265;1901363;97159;5834;98797;44459;44425;16020;5886;71944;98796;31234;19897;19898;9898;98562;98552;5737	7016	5681	6016.25	5016.5	2982.5	5155.5	3960	2545	7831	5277	3366.5	2467.5	5740	1800.5	4233.5	3976.5	5108	3121	5851	7299	5637	5603	5541.5	5601	90114.5	4.505.725
ORTHO005766	Phospholipase A2 family protein	AT2G06925	4623;4620;16298;16788;16787;3824;3674;8152;8150;52689;5576;5575;5509;46872;43169;43167;5488;5773;43231;43227;43226;43229;44424;44464;5623;5622;44444;5737;6644;19637;71704;6793;44237;9987;44255;6629;44710;44699;44238;44763;6796;5794;12505;16042;44712;9056;1901575	7017	5972	4848.5	2680	2982.5	1658.5	6755	5348	5754	6756.5	3749	4059.5	3299	1800.5	2702.5	3976.5	4135	2558	5220.5	3976	1982	4471.5	4723.5	4291.5	77217	3860.85
ORTHO004788	Structural maintenance of chromosomes (SMC) family protein	AT3G54670	5694;43232;43228;43226;5575;43229;44424;44464;5623;5622;5524;35639;1901265;1901363;5488;3674;97159;43168;43167;32559;30554;17076;166;36094;32555;32553;97367;32550;32549;1882;1883;5215;6810;51234;51179;8150;7062;51276;6996;16043;71840;9987;22402;44763;44699;7049;1902589;819;98813;7059;5634;43231;43227;8278;44427;44446;44422;43234;32991;793;9507;9536;44444;5737;7064;1903047;278;70;7067;280;48285;3682;44877;46982;46983;5515	7018	6821	4194.5	1371	5439	2005.5	5430	5302.5	3215.5	8118.5	7382.5	5150	4297.5	1375.5	4233.5	3023.5	6409	1494	1726.5	3676.5	2000	774.5	294.5	1078.5	66988	3349.4
ORTHO010170	Pentatricopeptide repeat (PPR-like) superfamily protein	AT1G05670	5783;43231;43227;43226;5575;43229;44424;44464;5623;5622;44444;5737;12505;5739;5794;16757;16740;3824;3674;8152;8150	7019	8663	3730.5	442	8619	4031.5	5521	3680	2760.5	8934.5	3366.5	5517.5	2817.5	138	136.5	3273.5	9140.5	42.5	22	1070.5	510	24	22	149	51157.5	2.557.875
ORTHO009558	RAD3-like DNA-binding helicase protein	AT1G79890	5634;43231;43227;43226;5575;43229;44424;44464;5623;5622;3677;3676;1901363;5488;3674;97159;5524;35639;1901265;43168;43167;32559;30554;17076;166;36094;32555;32553;97367;32550;32549;1882;1883;4003;8094;42623;16887;17111;16462;16818;16817;16787;3824;8152;8150;3678;4386;32508;32392;71103;51276;6996;16043;71840;9987;8026;70035	7020	4645	3550.5	81	2982.5	194.5	715.5	765	2868	7350.5	4551	212.5	3942	138	136.5	3232.5	2717.5	867.5	1359	1584.5	2701	380	1203	218.5	35137	1756.85
ORTHO009349	Mitochondrial glycoprotein family protein	AT2G41600	5739;43231;43227;43226;5575;43229;44424;44464;5623;5622;44444;5737;5759;44429;44446;44422;70013;43233;31974;3674;8150	7021	7239	5714.5	4408	7947.5	2333	8054.5	4826.5	5754	2059	6343	1732	3207	2711.5	2702.5	5325.5	4638.5	2199.5	5589.5	7692.5	5988	3854	6989	4898	86897.5	4.344.875
ORTHO006048	BEST Arabidopsis thaliana protein match is: dentin sialophosphoprotein-related (TAIR:AT5G64170.1)	AT3G54500	3674;5634;43231;43227;43226;5575;43229;44424;44464;5623;5622;8150	7022	8984	7382.5	7743	8984.5	2720	5382	8395.5	5355.5	5857.5	2992.5	8921.5	7258.5	401	5661	8737.5	6549	286	9031	3659	8228.5	2677	5678	8942.5	106733.5	5.336.675
ORTHO004160	Ribosomal RNA processing Brix domain protein	AT1G63780	16363;44428;44446;44422;5575;43226;44424;44464;5623;5622;43229;5634;43231;43227;34399;31981;70013;43233;31974;5732;30529;32991;6364;34470;34660;16070;44260;43170;71704;8152;8150;44237;9987;90304;6139;46483;6725;1901360;34641;6807;44238;6396;10467;16072;42254;22613;44085;71840;5730;43232;43228;15030;16604;44451;5654;19013;44423;19012;19028	7023	5565	8003.5	8984	2982.5	7794.5	3863.5	7156.5	7455	3530	8651	4467	7377.5	8316	7999	5325.5	7214.5	5452.5	2886.5	8818.5	8153	7855	8321	7453	128089.5	6.404.475
ORTHO007565	geranyl diphosphate synthase 1	AT2G34630	9536;43231;43227;43226;5575;43229;44424;44464;5623;5622;44444;5737;5739;9507;8299;6720;44255;6629;71704;8152;8150;44710;44699;44238;44763;9987;44237;8610;1901576;9058;44711;44249;52924;16765;16740;3824;3674;4161;4659;50347;46872;43169;43167;5488;6744;6743;6733;6732;51186;1901661;42180;44281;1901663;9108;51188;42181;44283;9790;44767;32502;48856;7275;44707;32501	7024	7583	5766.5	4509	7947.5	5974	7923	4571	5484	2945.5	5973.5	5517.5	2993	2711.5	2396.5	5325.5	3836.5	1617	4663	7194	4946	2923.5	6194.5	4174.5	87364	4368.2
ORTHO009496	Translation elongation  factor EF1B/ribosomal protein S6 family protein	AT3G17170	6412;43043;43604;43603;34641;6807;8152;8150;44237;9987;44271;44249;9058;6518;1901564;71704;1901566;1901576;44267;19538;43170;44238;44260;34645;9059;10467;6414;5840;30529;32991;5575;44424;44464;5623;5622;43232;43228;43226;43229;44444;5737;3746;8135;3723;3676;1901363;5488;3674;97159;42254;22613;44085;71840;3735;5198	7025	4611	5560.5	4096	5938.5	6529	2264.5	6573	7183.5	2212.5	8651	1198.5	1352	1800.5	5413.5	6712.5	4054.5	3121	3857.5	6860	864.5	3955.5	6194.5	6553	85351	4267.55
ORTHO009930	HNH endonuclease domain-containing protein	AT1G18680	9507;9536;43231;43227;43226;5575;43229;44424;44464;5623;5622;44444;5737;3676;1901363;5488;3674;97159;4519;4518;16788;16787;3824;8152;8150;90305;90304;6139;46483;44237;9987;6725;1901360;71704;34641;6807;44238;43170	7026	5903	8062.5	9099	2982.5	7543.5	3960	7192	8423.5	2443	8675.5	3808	7498	8316	7999	5325.5	7280.5	5626	8173	8853	8496	7972	8321	7543.5	133449	6672.45
ORTHO000964	Protein of unknown function (DUF2921)	AT4G21700	8150;9507;9536;43231;43227;43226;5575;43229;44424;44464;5623;5622;44444;5737;5802;98791;44431;44446;44422;5794;12505;31984;5768	7027	9148	8065	9103	9146.5	9058	9166	8801	3735.5	6756.5	9167.5	9168.5	6456	401	6484	9091	9104.5	61	5272.5	8987	9161	4709	9005	9156	133741	6687.05
ORTHO005845	Domain of unknown function (DUF23)	AT4G37420	5575;16740;3824;3674;8152;8150	7028	8389	5620.5	4213	7662	3573	6449.5	8296.5	7455	8934.5	4492.5	7144.5	1352	8378.5	5775.5	8660.5	9157	261.5	96	2570	170	112.5	75	3005.5	85959.5	4.297.975
ORTHO001287	Chlorophyll A-B binding family protein	AT3G22840;AT4G14690	9507;9536;43231;43227;43226;5575;43229;44424;44464;5623;5622;44444;5737;9523;9521;98796;43234;32991;44425;16020;44436;9579;34357;9409;9266;9628;50896;8150;6950;71491;10114;9639;9416;9314;71489;71482;71478;71214;51716;9987;71492;70141;9411;34644;71486;71484;9642;9644;9535;55035;42651;44435;44446;44422;31976;31984;44434;9534;10117;34605;9408;33554;9522;10030;48582;48580;2000026;50793;50789;65007;51239;51240;48518;51094;10029;1900140;80167;10380;90056;51193;31323;50794;19222;1901401;51171;1901463;31326;9889;71490;10218;15979;44237;8152;16168;46906;1901363;5488;3674;97159;71483;9637;16021;31224;10224	7029	9037	7803	8577	9083	7658.5	8994.5	8947	4253	2472.5	9078.5	9089	5066	328.5	4124.5	7360.5	7639.5	355.5	9043	5215.5	9033.5	2017.5	7486	9046.5	117209.5	5.860.475
ORTHO008064	cofactor of nitrate reductase and xanthine dehydrogenase 2	AT2G31955	6777;9108;51188;51186;44237;8152;8150;9987;44249;9058;6732;19538;43170;71704;44238;19720;43545;19637;6793;51189;44267;44260;46483;1901360;1901564;6807;6796;32324;18130;1901362;1901576;90407;1901566;5759;44429;44444;44424;44464;5575;5623;5622;5737;44446;44422;43226;43229;5739;43231;43227;70013;43233;31974;9507;9536;46872;43169;43167;5488;3674;61597;16830;16829;3824;19008;43234;32991;51539;51536;51540;5525;35639;1901265;1901363;97159;43168;32550;32549;1882;36094;97367;1883;32561;19001;17076;166;32555;32553	7030	7801	7002	6974	6664	2005.5	7947.5	4734	5484	5847	6912.5	8284.5	5066	4560	6007	6020.5	4252.5	1888	5027.5	7408.5	5170.5	3609.5	6413.5	4484	101122.5	5.056.125
ORTHO008923	Lipase/lipooxygenase; PLAT/LH2 family protein	AT1G55280	3674;9507;9536;43231;43227;43226;5575;43229;44424;44464;5623;5622;44444;5737;8150	7031	5804	5967	4903	2982.5	8323	4118.5	5439.5	5355.5	6273	3526	7977	5740	2711.5	3521.5	3976.5	7664	2199.5	418	6754	4668.5	3609.5	2390.5	4898	89564	4478.2
ORTHO008172	Remorin family protein	AT1G53860	8150;5575;3677;3676;1901363;5488;3674;97159	7032	7803	6089	5146	8202.5	2557.5	5395	7656	3215.5	7485	5726.5	6518	4417	3408	2396.5	5325.5	8462.5	3949	4263.5	4664.5	3870	1277	2650	7508	90745	4537.25
ORTHO010197	Rhomboid-related intramembrane serine protease family protein	AT5G38510	31969;42170;31090;16020;5575;44422;43226;43227;44435;44444;44424;44464;5623;5622;5737;44446;43229;9536;43231;9526;31967;31975;44434;9507;9941;5886;71944;16021;31224;44425;6508;19538;43170;71704;8152;8150;44238	7033	8036	7755	8477	8300.5	7169.5	7665	4964	5355.5	4841.5	7382.5	8763	5467.5	906.5	3047.5	8358	8838	867.5	5851	8077	7925	4308.5	7335	8258.5	115381	5769.05
ORTHO000350_2	oxidoreductases; acting on the aldehyde or oxo group of donors; NAD or NADP as acceptor	AT2G19940	9570;9532;44435;44444;44424;44464;5575;5623;5622;5737;44446;44422;43226;43229;9536;43231;43227;44434;9507;55114;44710;8152;8150;44699;3942;16620;16903;16491;3824;3674;6520;1901564;71704;6807;19752;43436;6082;44281;44763;9987;44237;44238;51287;50662;48037;5488;166;36094;1901265;1901363;97159;46983;5515;5730;44428;5634;43232;43228;31981;70013;43233;31974;6526;9084;1901607;1901605;8652;46394;16053;44283;44711;9058;1901576;44249;1901566;9064;6525;5507;46914;46872;43169;43167;46686;10038;10035;42221;50896;16020	7034	6243	5248	3462	7245.5	2467	8843	4329	3366.5	8006.5	4926	6674.5	6397.5	3431.5	1758.5	3976.5	8977.5	5626	4263.5	3331	222.5	940	601.5	3635.5	81774	4088.7
ORTHO009053	Ribosomal L18p/L5e family protein	AT3G22450	5739;43231;43227;43226;5575;43229;44424;44464;5623;5622;44444;5737;6412;43043;43604;43603;34641;6807;8152;8150;44237;9987;44271;44249;9058;6518;1901564;71704;1901566;1901576;44267;19538;43170;44238;44260;34645;9059;10467;8097;19843;3723;3676;1901363;5488;3674;97159;5840;30529;32991;43232;43228	7035	5712	8064	9093	2982.5	5904	4528.5	6741	7691.5	6364	8314	8441	7031	8072	7667.5	5325.5	6896.5	4887	7562	8590.5	7254	7332.5	7667.5	7028	133298	6664.9
ORTHO006716	Ribosomal protein L31	AT5G55125	6412;43043;43604;43603;34641;6807;8152;8150;44237;9987;44271;44249;9058;6518;1901564;71704;1901566;1901576;44267;19538;43170;44238;44260;34645;9059;10467;5840;30529;32991;5575;44424;44464;5623;5622;43232;43228;43226;43229;44444;5737;3735;5198;3674	7036	8079	6401	5766	8300.5	4946.5	7378.5	7656	3659	4106	5726.5	6240	4492.5	1184.5	1616	8358	5194	663.5	5589.5	6632	6696	1778.5	4843.5	7190.5	93951	4697.55
ORTHO010421	unknown protein	AT2G36145	9570;9532;44435;44444;44424;44464;5575;5623;5622;5737;44446;44422;43226;43229;9536;43231;43227;44434;9507;9535;55035;42651;34357;16020;44436;9579;31976;31984;9534;3674;8150	7037	6765	5261	3485	7662	1839.5	8038	5348	5754	6524	6343	2467.5	7189	2711.5	2702.5	3976.5	8748.5	1617	216	5160	4226.5	2677	1847	4541	81926.5	4.096.325
ORTHO007238	phosphoinositide binding	AT1G61690	9506;5911;30054;5575;55044;46872;43169;43167;5488;3674;7165;50794;50789;65007;8150;51716;9987;50896;7154;44763;44699;44700;23052;35091;5543;8289;43168;5634;43231;43227;43226;43229;44424;44464;5623;5622	7038	4533	6511	5984	5938.5	4561.5	2627.5	6741	8101	1750.5	6763.5	998	6895.5	1800.5	5523	6712.5	4252.5	3580	4113.5	7194	5061.5	4709	6854	6949.5	95188.5	4.759.425
ORTHO009471	homogentisate 1;2-dioxygenase	AT5G54080	9507;9536;43231;43227;43226;5575;43229;44424;44464;5623;5622;44444;5737;3674;8150	7039	4635	5973.5	4908	2982.5	6023.5	7363	6264	7978	6889	5973.5	2597	5740	1800.5	3521.5	6712.5	3399	2199.5	2555	4169.5	3756	2608	4434.5	5601	89585	4479.25
ORTHO005580	Zinc finger (CCCH-type/C3HC4-type RING finger) family protein	AT1G01350;AT5G06420	3677;3676;1901363;5488;3674;97159;5634;43231;43227;43226;5575;43229;44424;44464;5623;5622;8270;46914;46872;43169;43167;16020	7040	6772	6929.5	6819	7662	6313	8282	5302.5	6943.5	7539	7382.5	3578.5	8094	2711.5	4233.5	3976.5	8906	3580	6835.5	7498.5	753.5	1735	629	5806	100100	5005
ORTHO010344	unknown protein	AT5G16160	3674;8150;5634;43231;43227;43226;5575;43229;44424;44464;5623;5622	7041	6662	5860	4679	7662	5211.5	4528.5	5348	5355.5	7584	5726.5	5464.5	7498	2711.5	2702.5	5325.5	4942.5	2558	4548.5	6240	723.5	3854	3311.5	4678.5	88312.5	4.415.625
ORTHO001067	NmrA-like negative transcriptional regulator family protein	AT1G75280;AT1G75290;AT1G75300;AT4G39230	5886;16020;5575;44464;5623;71944;5737;44424;5622;6979;6950;50896;8150;16491;3824;3674;8152;55114;44710;44699;46686;10038;10035;42221;16651;32442;16616;16614	7042	8925	7548.5	8055	8730.5	6850	8843	7588.5	3504.5	8647.5	2129.5	6393	4738	6292	7939.5	9043.5	9046.5	318	8008.5	6274.5	1347	1179	2503	9050	109695.5	5.484.775
ORTHO006407	Alpha-L RNA-binding motif/Ribosomal protein S4 family protein	AT5G15750	3723;3676;1901363;5488;3674;97159;22627;15935;44391;30529;32991;5575;44424;44464;5623;5622;44444;5737;44446;44422;43226;43229;5840;43232;43228;44445;5829;22626;19843;5634;43231;43227	7043	8093	7167	7291	8300.5	6313	7600	4826.5	6124	6889	6343	3950.5	5338.5	906.5	2396.5	5325.5	8779.5	1780	5220.5	7576.5	7052	3222.5	5710.5	7952.5	103307	5165.35
ORTHO008738	translocase 11	AT4G18270	8963;16780;16772;16740;3824;3674;8152;8150;16020;5575;6629;71704;44710;44699;44238;6486;44763;9987;6464;36211;19538;43170;43412;44267;44260;44237;43413;70085;44723;5975;9101;9100;1901135;34645;9059;1901576;9058;44249;1901137;15450;15405;15399;22804;22857;5215;6810;51234;51179;55085;44765;1902578;8320;8565;22892;15031;45184;8104;33036;71702;22884;22891;71806;16021;31224;44425;5886;44464;5623;71944	7044	5208	5904.5	4765	2982.5	3750.5	8162.5	1640.5	6493	7620	3917	7179.5	3479.5	7779.5	7401.5	5325.5	1816.5	3949	1961.5	4904	4226.5	3026	1386	4801	88819.5	4.440.975
ORTHO003685	P-loop containing nucleoside triphosphate hydrolases superfamily protein	AT1G02670;AT1G05120	6281;6259;44260;43170;71704;8152;8150;44237;9987;90304;6139;46483;6725;1901360;34641;6807;44238;6974;33554;51716;50896;6950;44763;44699;44710;5524;35639;1901265;1901363;5488;3674;97159;43168;43167;32559;30554;17076;166;36094;32555;32553;97367;32550;32549;1882;1883;3677;3676;5634;43231;43227;43226;5575;43229;44424;44464;5623;5622;16787;3824;4386;17111;16462;16818;16817;8270;46914;46872;43169	7045	5525	6137.5	5230	5552	8278	8054.5	5439.5	4865	7094.5	5788.5	2937.5	5467.5	1800.5	3521.5	3976.5	4408.5	1780	315	7871	4226.5	4612.5	4887	5806	91130	4556.5
ORTHO009609	Regulator of chromosome condensation (RCC1) family protein	AT5G48330	5737;44424;44464;5575;5623;5622;6364;34470;34660;16070;44260;43170;71704;8152;8150;44237;9987;90304;6139;46483;6725;1901360;34641;6807;44238;6396;10467;16072;42254;22613;44085;71840;8173;8168;16741;16740;3824;3674;32259;1510;43414;43412;9451	7046	4689	4791.5	2537	2982.5	3184	2791.5	6428.5	6712.5	5938	6173.5	2197	6071.5	1800.5	4462	6712.5	1764.5	2199.5	552.5	6467.5	5061.5	2433.5	3476.5	1906.5	76333.5	3.816.675
ORTHO004341	transporter associated with antigen processing protein 1	AT1G70610	31969;42170;31090;16020;5575;44422;43226;43227;44435;44444;44424;44464;5623;5622;5737;44446;43229;9536;43231;9526;31967;31975;44434;9507;9941;5215;3674;6810;51234;51179;8150;16021;31224;44425;42626;43492;42623;16887;17111;16462;16818;16817;16787;3824;8152;15405;15399;22804;22857;55085;44763;9987;44699;44765;1902578;16820;5524;35639;1901265;1901363;5488;97159;43168;43167;32559;30554;17076;166;36094;32555;32553;97367;32550;32549;1882;1883	7047	8654	7862	8677	8471	7853.5	8843	7762	5994	4115.5	8232.5	8989	5195	590	2163.5	8925	6722.5	1260.5	8310	7576.5	8663	2837	6624.5	8697.5	119354.5	5.967.725
ORTHO008893	PREFOLDIN 1	AT2G07340	51082;5515;5488;3674;16272;43234;32991;5575;6457;9987;8150;5737;44424;44464;5623;5622;5829;44444	7048	7282	7705	8362	7947.5	7633.5	8499.5	5698.5	1328.5	5557	7594	2343.5	8306	2711.5	4462	5325.5	6099.5	3580	7042	8721.5	7709	6129	8247	6379.5	113367	5668.35
ORTHO007915	unknown protein	AT5G22120	5634;43231;43227;43226;5575;43229;44424;44464;5623;5622;166;36094;5488;3674;1901265;1901363;97159;8150	7049	4968	6613.5	6178	2982.5	6529	3025	6142.5	7183.5	1409.5	6763.5	1198.5	6617.5	1800.5	5254.5	6712.5	6409	3121	3730.5	6754	7386	3754	5902.5	6553	96246.5	4.812.325
ORTHO005921	tRNA synthetase class I (I; L; M and V) family protein	AT4G04350	5524;35639;1901265;1901363;5488;3674;97159;43168;43167;32559;30554;17076;166;36094;32555;32553;97367;32550;32549;1882;1883;9793;44702;22414;8150;44699;3006;32502;9790;44767;48856;7275;44707;32501;48316;48608;61458;48731;9791;10154;9570;9532;44435;44444;44424;44464;5575;5623;5622;5737;44446;44422;43226;43229;9536;43231;43227;44434;9507;6418;43039;6399;34660;16070;44260;43170;71704;8152;44237;9987;90304;6139;46483;6725;1901360;34641;6807;44238;43038;6520;1901564;19752;43436;6082;44281;44710;44763;6412;43043;43604;43603;44271;44249;9058;6518;1901566;1901576;44267;19538;34645;9059;10467;4812;16876;16875;16874;3824;5739	7050	6150	6417	5784	5346	6966	5770.5	8381.5	2684.5	5154.5	5533.5	8245	4865.5	8123.5	7939.5	3074	8220	2558	5648	2805.5	4668.5	1735	479	1188	94040	4702
ORTHO010417	unknown protein	AT5G66290	3674;5739;43231;43227;43226;5575;43229;44424;44464;5623;5622;44444;5737	7051	6796	3726.5	402	7662	908.5	6970	3884	3895.5	8006.5	5124	1687.5	3926	138	136.5	3232.5	2838	398	2030.5	3108	2430.5	268	891.5	400.5	50274	2513.7
ORTHO005728	unknown protein	AT3G15160	8150;44599;30119;98796;43234;32991;5575;44425;16020;44444;44424;44464;5623;5622;5737;30117;48475;5634;43231;43227;43226;43229	7052	6624	5622.75	4193.5	7245.5	4191.5	5146.5	5439.5	6943.5	5608	6543	2851	7743	2711.5	3521.5	3976.5	4548.5	1780	375.5	5062.5	4321	4873	5021	5222.5	85879.5	4.293.975
ORTHO002716	Zinc-finger domain of monoamine-oxidase A repressor R1 protein	AT1G67270;AT1G67780;AT5G38690	5634;43231;43227;43226;5575;43229;44424;44464;5623;5622;3674;8150	7053	8863	8054.5	9056	8884	8708	8945.5	8522	7899.5	7830	8566	5489.5	6456	6292	8316.5	9043.5	6925.5	490	926	4848	8663	5603	8520	9059.5	131103.5	6.555.175
ORTHO000301_2	Transcription factor jumonji (jmjC) domain-containing protein	AT1G11950;AT1G62310;AT3G07610	3700;1071;3674;2001141;31326;9889;19222;50789;65007;8150;31323;50794;51252;19219;80090;51171;60255;10556;6355;1903506;10468;2000112;5634;43231;43227;43226;5575;43229;44424;44464;5623;5622;8270;46914;46872;43169;43167;5488;6351;34645;44260;43170;71704;8152;44237;9987;9059;1901576;9058;44249;97659;32774;16070;90304;6139;46483;6725;1901360;34641;6807;44238;34654;19438;44271;18130;1901362;10467;55114;44710;44699;80188;6306;43414;32259;43412;6305;6304;6259;44728;40029;31047;16458;10629;10605;9892;48519;44763;32454;32452;32451;3824;70988;16577;16570;16569;16568;6325;43933;16043;71840;51276;6996;6464;36211;19538;44267;1902589;6482;8214;33169;70076;70919;70918;31050;6396;71359;71407;14070;10033;42221;50896;71310;70887;51716;43331;1901698;1901699;31048;6342;45814;45892;1903507;1902679;51253;45934;51172;31324;48523;31327;9890;10558;2000113;31490;3682;44877;43566;3677;3676;1901363;97159;60969;10628;10604;9893;48518;60968;32776;8168;16741;16740;48366;48827;48856;32502;48367;44767;48731;7275;44707;32501;9908;90567;48608;3006;22414;61458;44702;9791;51213;16491;9555;48229	7054	8948	6894	6734	8730.5	2710	5001	8414.5	3797	6345	8095	2230.5	4677	401	5661	8358	8026.5	276.5	8734.5	3528.5	8264.5	1827.5	4149	9105.5	99602.5	4.980.125
ORTHO009421	outer plastid envelope protein 16-1	AT2G28900	9941;9526;31967;31975;44464;5575;5623;44446;44422;43226;44424;5622;43229;43227;44435;44444;5737;9536;43231;44434;9507;5773;9707;9527;31968;31090;16020;19867;98805;98588;42170;31969;15450;15405;15399;22804;22857;5215;3674;6810;51234;51179;8150;55085;44763;9987;44699;44765;1902578;8320;8565;22892;15031;45184;8104;33036;71702;22884;22891;71806;15171;46943;8514;8509;15075;34220;6811;98656;6820;15711;5342;1903825;15849;46942;3333;6865;71705;9409;9266;9628;50896;6950;9611;9744;34285;9743;10033;42221;1901700;9749;9746;34284;15266;15267;22803;45037;45036;1902580;51641;6605;6886;46907;51649;34613;70727;1902582;72596;72594;33365;72598;16482;44743;17038;65002;9753;9725;9719;1101	7055	7843	7839.5	8624	6857.5	7633.5	7744.5	5213.5	5619	5248.5	7734.5	8595.5	6071.5	906.5	3265	5325.5	7029	3121	6531	8478	8153	5213.5	7946.5	8367.5	118197	5909.85
ORTHO000777_1	alpha-galactosidase 1	AT5G08380	48046;5576;5575;46477;6677;6672;43603;34641;6807;8152;8150;44237;9987;6665;1901564;71704;6643;44255;6629;44710;44699;44238;44763;6687;6664;1903509;1901135;46479;30149;1901565;1901575;9056;46466;44242;16042;44712;44248;19377;1901136;46514;71555;45229;16043;71840;71554;5737;44424;44464;5623;5622;4557;15925;4553;16798;16787;3824;3674;9505;5618;30312;71944;5975;52692;16139;1901658;1901657;16137;9311;44723	7056	8038	8015.5	8975	7245.5	7008.5	8964	8256	6823.5	4366.5	3461	6001.5	3419	6292	7401.5	6712.5	7158.5	4400	8266	8721.5	6696	6991	8247	8491	127677	6383.85
ORTHO003270	Transcription factor GTE6	AT2G34900;AT3G52280	5634;43231;43227;43226;5575;43229;44424;44464;5623;5622;3677;3676;1901363;5488;3674;97159;45893;10628;10604;9893;48518;50789;65007;8150;19222;60255;10468;1903508;1903506;2001141;31326;9889;31323;50794;51252;19219;80090;51171;10556;1902680;51254;45935;31325;48522;51173;31328;9891;10557;6355;2000112;6351;34645;44260;43170;71704;8152;44237;9987;9059;1901576;9058;44249;97659;32774;16070;90304;6139;46483;6725;1901360;34641;6807;44238;34654;19438;44271;18130;1901362;10467;10030;48582;48580;2000026;50793;51239;51240;51094;10029;1900140;9507;9536;44444;5737;16568;6325;43933;16043;71840;51276;6996;7275;44767;32502;44699;44707;32501;4402;61733;34212;8080;16410;16747;16746;16740;3824;16407;16573;16570;16569;6464;36211;19538;43412;44267;1902589;44763;44710;18393;18394;18205;18193;6473;43543;6475;6338	7057	4982	8003	8949	2982.5	5650.5	8843	7244.5	2069	4224.5	8314	3422.5	8094	8456.5	8240.5	7782	6099.5	5886.5	8435	8661.5	1391	7567	8405	8062	126848.5	6.342.425
ORTHO006393	Mediator complex; subunit Med10	AT1G26665;AT5G41910	1104;1076;989;988;3674;1903506;2001141;31326;9889;19222;50789;65007;8150;31323;50794;51252;19219;80090;51171;60255;10556;6357;6355;10468;2000112;3712;70847;90575;44798;44428;44446;44422;5575;43226;44424;44464;5623;5622;43229;5634;43231;43227;5667;43234;32991;44451;5654;31981;70013;43233;31974;16591;55029;428;30880;61695;1990234;1902494;16592	7058	7355	5283	3508	6358.5	4794.5	4856.5	4424	5619	4515	5726.5	8026.5	6227	3283.5	1677.5	5325.5	3471	1494	4205.5	6368.5	3870	1407.5	3339	3401.5	82032.5	4.101.625
ORTHO007929	MUTL protein homolog 3	AT4G35520	6298;6281;6259;44260;43170;71704;8152;8150;44237;9987;90304;6139;46483;6725;1901360;34641;6807;44238;6974;33554;51716;50896;6950;44763;44699;44710;16887;17111;16462;16818;16817;16787;3824;3674;5712;44454;44427;44446;44422;5575;43226;44424;44464;5623;5622;43229;5694;43232;43228;44428;5634;43231;43227;228;31981;70013;43233;31974;794;793;795;5524;35639;1901265;1901363;5488;97159;43168;43167;32559;30554;17076;166;36094;32555;32553;97367;32550;32549;1882;1883;32390;32300;1990391;43234;32991;7131;35825;6310;1903046;22402;7049;51321;3;7127;7126;280;48285;6996;16043;71840;1902589;30983;3690;43566;3677;3676;3697	7059	6366	4663	2267	5354.5	5621	8002.5	6573	5851.5	4000	7040	2160	4328	1321.5	4462	2080.5	3284	1342.5	3597	4664.5	3478.5	1358.5	3918.5	1311	74394.5	3.719.725
ORTHO001537_2	CONTAINS InterPro DOMAIN/s: Symplekin tight junction protein C-terminal (InterPro:IPR022075)	AT1G27595	71333;9749;9746;34284;9743;10033;42221;50896;8150;1901700;71331;71326;71322;71310;70887;51716;9987;1901701;1678;42593;33500;48878;42592;65008;65007;55082;19725;44763;44699;5623;5575;5737;44424;44464;5622	7060	5236	7898.5	8737	6194	2629	4528.5	7461	8423.5	7782	8910.5	5741.5	1352	8825.5	5836.5	5325.5	1724	6854.5	8720.5	8975	8873.5	8260	2104	8491	120818	6040.9
ORTHO009798	Tetratricopeptide repeat (TPR)-like superfamily protein	AT2G41080	8150;3674;5739;43231;43227;43226;5575;43229;44424;44464;5623;5622;44444;5737	7061	7434	5371.5	3682	6358.5	568.5	4856.5	5213.5	2338	6065.5	2539	2553.5	8094	2711.5	3936.5	5325.5	5561	3580	5502	843	3174	5308.5	7946.5	6801.5	82918.5	4.145.925
ORTHO009577	minichromosome maintenance 10	AT2G20980	31298;44454;44427;44446;44422;5575;43226;44424;44464;5623;5622;43229;5694;43232;43228;44428;5634;43231;43227;228;31981;70013;43233;31974;43234;32991;43596;5657;6270;6259;44260;43170;71704;8152;8150;44237;9987;90304;6139;46483;6725;1901360;34641;6807;44238;6261;6260;34645;9059;1901576;9058;44249;3688;1990837;3690;43566;3677;3676;1901363;5488;3674;97159;43565;3697	7062	4677	7941	8820	2982.5	1658.5	7536	8583.5	8596	3594	3426.5	3872	7498	8316	7999	7782	5329.5	5221.5	5502	8214	7636	7016	7946.5	7453	123180	6159
ORTHO009080	Peptidyl-tRNA hydrolase family protein	AT5G16140;AT5G38290	6397;16071;16070;44260;43170;71704;8152;8150;44237;9987;90304;6139;46483;6725;1901360;34641;6807;44238;6396;10467;9570;9532;44435;44444;44424;44464;5575;5623;5622;5737;44446;44422;43226;43229;9536;43231;43227;44434;9507;4045;52689;16788;16787;3824;3674;30529;32991;8380;6412;43043;43604;43603;44271;44249;9058;6518;1901564;1901566;1901576;44267;19538;34645;9059	7063	7112	7798	8533	7947.5	4827.5	9075.5	8148	6379.5	7862.5	6543	8454.5	7743	6601.5	7737.5	6712.5	4761	4253	6185.5	1788	616.5	5924	7611.5	5222.5	116447	5822.35
ORTHO009011	unknown protein	AT5G07380	8150;5575;3674	7064	7316	5352.5	3641	8139.5	7008.5	5146.5	7762	3516	2496	3426.5	8194	6731.5	2711.5	2023.5	5325.5	3682	1494	2532.5	5215.5	4519	2213.5	4723.5	3984	82705.5	4.135.275
ORTHO006264	RNA polymerase III subunit RPC82 family protein	AT3G49000	5634;43231;43227;43226;5575;43229;44424;44464;5623;5622;3899;34062;16779;16772;16740;3824;3674;8152;8150;32774;9059;43170;71704;1901576;9058;16070;44260;44237;9987;90304;6139;46483;6725;1901360;34641;6807;44238;34654;19438;44249;44271;18130;1901362;6351;34645;97659;10467	7065	6244	5339	3613	7245.5	314	4341	5439.5	7632	3464	2402	5435.5	7743	3283.5	3265	3976.5	8637.5	2558	4756.5	6397	4226.5	2541	1361	4801	82574.5	4.128.725
ORTHO006724	cyclin H	AT5G27620	6355;1903506;2001141;31326;9889;19222;50789;65007;8150;31323;50794;51252;19219;80090;51171;60255;10556;10468;2000112;5515;5488;3674;45737;71902;45860;45859;43549;42325;19220;51174;51338;50790;65009;1932;31399;32268;51246;1934;42327;45937;10562;31325;9893;48518;48522;31401;32270;51247;10604;33674;51347;43085;44093;71900;1904031;1904029;32465;10564;51726;51302;79;45787;5634;43231;43227;43226;5575;43229;44424;44464;5623;5622;9414;9415;9628;50896;1101;42221;10035;1901700;6950;16538;19887;19207;30234;98772;1990069;10118;44763;9987;44699;72593;44237;8152;2000070;80134;48583;4672;16301;16772;16740;3824;16310;6796;6793;16773;6468;6464;36211;19538;43170;71704;44238;43412;44267;44260;4693;97472;4674;10119;45944;45893;10628;1903508;1902680;51254;45935;51173;31328;9891;10557;6357;1901409;1901407;307;1902911;61695;1990234;1902494;43234;32991;5737	7066	6304	6813	6560	5651.5	6023.5	8747.5	5568.5	6823.5	4779	2809.5	3686.5	8094	2711.5	3936.5	3976.5	5108	3121	5851	5094	5422.5	5603	5407	5806	98569	4928.45
ORTHO009612	DEA(D/H)-box RNA helicase family protein	AT1G59990	5794;43231;43227;43226;5575;43229;44424;44464;5623;5622;44444;5737;12505;8150	7067	4689	5431	3795	2982.5	4519	2155	1912	8259	5317.5	1312.5	1070.5	6895.5	1800.5	5523	6712.5	4252.5	3580	4113.5	7194	5061.5	4525.5	6709	2623	83536	4176.8
ORTHO009228	NA	NA	NA	7068	7985	7083.5	7099	6857.5	6898	5223.5	8028.5	6379.5	6889	7382.5	2937.5	3152	906.5	2910	5325.5	6825	2199.5	5851	5126.5	6180.5	4308.5	7279	8258.5	102061	5103.05
ORTHO009578	ribosomal protein large subunit 27	AT5G40950	6412;43043;43604;43603;34641;6807;8152;8150;44237;9987;44271;44249;9058;6518;1901564;71704;1901566;1901576;44267;19538;43170;44238;44260;34645;9059;10467;3735;5198;3674;5840;30529;32991;5575;44424;44464;5623;5622;43232;43228;43226;43229;44444;5737;9570;9532;44435;44446;44422;9536;43231;43227;44434;9507;9941;9526;31967;31975;44822;3723;3676;1901363;5488;97159;9735;9725;9719;50896;10033;42221;9579	7069	4697	5154.5	3240	2982.5	9014	3960	7588.5	4405.5	8934.5	3749	48.5	1352	5887	1209.5	6712.5	2759	8397.5	2662	2635.5	765	774.5	1289.5	8420	80564	4028.2
ORTHO006806	high-mobility group box 6	AT5G23420	10197;741;48284;6996;16043;71840;8150;9987;6997;9559;30154;48869;44767;32502;44699;44763;9561;44707;32501;9553;48229;7275;48856;3700;1071;3674;2001141;31326;9889;19222;50789;65007;31323;50794;51252;19219;80090;51171;60255;10556;6355;1903506;10468;2000112;5634;43231;43227;43226;5575;43229;44424;44464;5623;5622;3677;3676;1901363;5488;97159	7070	6834	5810.5	4551	6100.5	1859.5	8251	2460.5	460	6988	7382.5	6861.5	8094	2711.5	4124.5	3976.5	5764.5	3949	6185.5	1160.5	197.5	5603	5649	5913	87591.5	4.379.575
ORTHO001802	Plant invertase/pectin methylesterase inhibitor superfamily protein	AT5G46940;AT5G46950;AT5G46960;AT5G46970	9507;9536;43231;43227;43226;5575;43229;44424;44464;5623;5622;44444;5737;30599;52689;16788;16787;3824;3674;8152;8150;71944;46910;4857;30234;98772;50790;19222;50789;65007;65009;43086;44092;9892;48519;5576	7071	6995	7178	7285	3564.5	5904	2414	8476.5	4323	5381	7199	2553.5	7963	2711.5	3936.5	3976.5	5561	3580	6531	7012	7052	5132.5	7946.5	5601	103254.5	5.162.725
ORTHO009480	Tetratricopeptide repeat (TPR)-like superfamily protein	AT4G39470	8150;5634;43231;43227;43226;5575;43229;44424;44464;5623;5622	7072	4743.5	5628.5	4185	2982.5	6529	2328.5	6573	5994	2101.5	2216.5	1198.5	6617.5	1800.5	5254.5	6712.5	3958.5	3121	3792	6754	4668.5	3754	5902.5	6553	85829.5	4.291.475
ORTHO007899	Diacylglycerol kinase family protein	AT5G51290	7205;7186;7165;50794;50789;65007;8150;51716;9987;50896;7154;44763;44699;44700;23052;5524;35639;1901265;1901363;5488;3674;97159;43168;43167;32559;30554;17076;166;36094;32555;32553;97367;32550;32549;1882;1883;6672;43603;34641;6807;8152;44237;6665;1901564;71704;6643;44255;6629;44710;44238;5509;46872;43169;5634;43231;43227;43226;5575;43229;44424;44464;5623;5622;43067;10941;1729;1727;16301;16772;16740;3824;16310;6796;6793;46834;30258;8219;16265	7073	6932	5645.5	4218	7947.5	5090	4118.5	4826.5	4687.5	6081	6343	3792.5	7377.5	2711.5	2702.5	5325.5	4548.5	1780	5272.5	6240	1311.5	3374.5	5710.5	4678.5	85972	4298.6
ORTHO007977	ABC transporter family protein	AT4G33460	9941;9526;31967;31975;44464;5575;5623;44446;44422;43226;44424;5622;43229;43227;44435;44444;5737;9536;43231;44434;9507;5215;3674;6810;51234;51179;8150;5524;35639;1901265;1901363;5488;97159;43168;43167;32559;30554;17076;166;36094;32555;32553;97367;32550;32549;1882;1883;16887;17111;16462;16818;16817;16787;3824;8152;9793;44702;22414;44699;3006;32502;9790;44767;48856;7275;44707;32501;48316;48608;61458;48731;9791;10154	7074	5081	6424.5	5775	2982.5	4434.5	2881	8606	2069	3448	6763.5	3218	6617.5	1800.5	5254.5	6712.5	630	3121	7042	6754	7386	3854	6854	6553	93999	4699.95
ORTHO009355	N-acetyltransferases	AT2G41450	8080;16410;16747;16746;16740;3824;3674;8152;8150;16407;5634;43231;43227;43226;5575;43229;44424;44464;5623;5622	7075	4709	5323.5	3572	2982.5	1381.5	2703	5957	7748	1462	8566	3422.5	3591.5	1800.5	4705.5	6712.5	3682	2199.5	3385	6467.5	4103	3222.5	5171.5	6057.5	82338.5	4.116.925
ORTHO004425	iron regulated 1	AT2G38460;AT5G03570	34755;98662;98660;34220;6811;44765;6810;51234;51179;8150;1902578;44699;55085;44763;9987;98655;6812;6826;41;30001;5886;16020;5575;44464;5623;71944;6824;72511;5215;3674;16021;31224;44425;5381;46915;46873;22890;8324;15075;22891;22857;22892;15087;9705;5774;44437;44444;44424;5622;5737;44446;44422;43226;43229;5773;43231;43227;98588;31090;98805;325;10106;9267;31669;31667;9991;9605;50896;31668;51716;71496;7154;42594;6950;33554;55068;55076;55065;98771;50801;48878;42592;65008;65007;55080;15099;35444;15675	7076	4570	4211.5	1347	2982.5	8764.5	5504	3632.5	3855	8934.5	4465	4724	1352	3450.5	1910.5	3976.5	2982	2199.5	1463	1940	2280	914	969	3401.5	66718	3335.9
ORTHO009246	NA	NA	NA	7077	7734	6043.5	5010	6664	4865.5	7541	7762	5484	5891	6763.5	5191.5	4955.5	906.5	2396.5	5325.5	4191.5	1780	4968.5	7408.5	389	3374.5	6413.5	4484	90092	4504.6
ORTHO000531	MATE efflux family protein	AT5G10420;AT5G44050;AT5G65380	6855;15893;44765;6810;51234;51179;8150;1902578;44699;42493;42221;50896;55085;44763;9987;15238;22857;5215;3674;90484;9835;7568;44767;32502;44702;22414;71695;21700;48856;7275;44707;32501;10154;48608;3006;61458;48731;16020;5575;16021;31224;44425;15297;15291;22804;5886;44464;5623;71944	7078	9115	7484.5	7891	9123	8296	8975	8816.5	3649	8934.5	241.5	7580	6456	1254	5661	9078	7630.5	523.5	9043	1094	9043.5	696.5	1888	9150.5	108011	5400.55
ORTHO007552	Mitochondrial substrate carrier family protein	AT4G15010	6810;51234;51179;8150;5739;43231;43227;43226;5575;43229;44424;44464;5623;5622;44444;5737;16021;31224;44425;16020;5743;19866;31090;44422;31967;31975;44446;31966;44429;5740;6839;1902582;46907;51649;51641;44765;1902578;44699	7079	7049	5287.5	3496	5375	7030	3758	8279.5	2790.5	2591.5	7886	4421	4444	1254	4705.5	3023.5	6298	934	6265.5	4956.5	4946	2923.5	4014.5	1454.5	81976	4098.8
ORTHO008264	unknown protein	AT3G53470	5739;43231;43227;43226;5575;43229;44424;44464;5623;5622;44444;5737;9507;9536;8150;9535;55035;42651;34357;16020;44436;9579;44435;44446;44422;31976;31984;44434;9534;3674	7080	7692	7965.5	8851	8139.5	7749.5	4457	6573	6379.5	3972	8487.5	4059.5	8675.5	7213.5	8276	8660.5	1189	4809.5	7950	8863.5	2800	7420	8520	7721.5	123777	6188.85
ORTHO007825	TFIIB zinc-binding protein	AT3G25940	6354;32774;9059;43170;71704;8152;8150;1901576;9058;16070;44260;44237;9987;90304;6139;46483;6725;1901360;34641;6807;44238;34654;19438;44249;44271;18130;1901362;6351;34645;97659;10467;3700;1071;3674;2001141;31326;9889;19222;50789;65007;31323;50794;51252;19219;80090;51171;60255;10556;6355;1903506;10468;2000112;3677;3676;1901363;5488;97159;5730;44428;44446;44422;5575;43226;44424;44464;5623;5622;43229;5634;43231;43227;43232;43228;31981;70013;43233;31974;3899;34062;16779;16772;16740;3824	7081	7153	5851.75	4622.5	6194	5285	4457	4734	7046.5	3163.5	6173.5	4467	7189	2711.5	2702.5	5325.5	1221.5	1780	3944	7498.5	5422.5	3609.5	6538.5	4678.5	87948	4397.4
ORTHO009127	pigment defective 320	AT3G06960	9507;9536;43231;43227;43226;5575;43229;44424;44464;5623;5622;44444;5737;70300;5543;8289;5488;3674;43168;43167;9707;9527;31968;31090;16020;44422;19867;98805;31967;31975;44446;98588;42170;44435;9526;31969;44434;9941;1990052;32365;6869;44765;6810;51234;51179;8150;1902578;44699;71702;10876;33036;1902582;46907;51649;51641;1901965;16482;5783;12505;5634;34196;16021;31224;44425;42803;42802;5515;46983	7082	8014	5624	4166	7245.5	3997.5	5261.5	7762	4788.5	6988	3749	5931	2914.5	1184.5	1725.5	5325.5	5864.5	1538.5	4441	4925	5988	1735	3733.5	7860.5	85713.5	4.285.675
ORTHO002398	expansin B2	AT1G65680;AT2G45110	19953;44703;51704;8150;22414;3;16020;5575;5576;9831;42547;42545;71555;45229;16043;71840;9987;71554;9825;16049;40007;44763;44699;9827;9664;71669;9828;9826;902;32989;9653;32502;48856;48869;44767;60560;48589;5618;30312;44464;5623;71944	7083	7529	6326.5	5570	7947.5	2385.5	7963	7935.5	1198	8535.5	6173.5	8311	3106	2711.5	2702.5	5325.5	2647.5	1780	5027.5	7576.5	5422.5	3374.5	6194.5	4541	92911.5	4.645.575
ORTHO002106	homolog of yeast ADA2 2A	AT3G07740;AT4G16420	6357;6355;1903506;2001141;31326;9889;19222;50789;65007;8150;31323;50794;51252;19219;80090;51171;60255;10556;10468;2000112;16573;16570;16569;16568;6325;43933;16043;71840;9987;51276;6996;6464;36211;19538;43170;71704;8152;44238;43412;44267;44260;44237;1902589;44763;44699;44710;18393;18394;18205;18193;6473;43543;6475;3677;3676;1901363;5488;3674;97159;5634;43231;43227;43226;5575;43229;44424;44464;5623;5622;3682;44877;3700;1071;8270;46914;46872;43169;43167;9409;9266;9628;50896;6950;6351;34645;9059;1901576;9058;44249;97659;32774;16070;90304;6139;46483;6725;1901360;34641;6807;34654;19438;44271;18130;1901362;10467;42127;35066;35065;2000756;1901983;31399;32268;51246;31056;1903308;1902275;33044;33043;51128;2000758;1901985;31401;32270;31325;9893;48518;48522;51247;10604;31058;1903310;2001252;10638;51130;4402;61733;34212;8080;16410;16747;16746;16740;3824;16407;9735;9725;9719;10033;42221;3713;3712;989;988;6338;5515;9631;9733	7084	6994	3567	50	6194	4031.5	961	3136.5	113.5	8398	210.5	2597	1352	138	136.5	3128	135	2199.5	2430.5	832	78	220.5	678.5	971.5	31748	1587.4
ORTHO009097	thylakoid lumen 15.0 kDa protein	AT5G52970	9507;9536;43231;43227;43226;5575;43229;44424;44464;5623;5622;44444;5737;9543;31978;31977;44436;9579;44435;44446;44422;31976;31984;44434;9534;3674;8150	7085	5908	5998.75	4912.5	2982.5	4986.5	8162.5	5698.5	2264	7539	3269.5	6861.5	5740	1800.5	4462	3976.5	5764.5	1459	206.5	7408.5	5637	5059	3702.5	5601	89598.5	4.479.925
ORTHO008525	glycoprotease 1	AT2G45270	6508;19538;43170;71704;8152;8150;44238;5743;19866;31090;16020;5575;44422;43226;43227;44424;44464;5623;5622;31967;31975;44446;43229;31966;44429;44444;5737;5739;43231;5740;9507;9536;4222;4175;70011;8233;16787;3824;3674;8237;2949;70525;16070;44260;44237;9987;90304;6139;46483;6725;1901360;34641;6807;6400;9451;43412;8033;34470;34660;6396;10467;6399;61711;16747;16746;16740;9790;44767;32502;44699;48856;7275;44707;32501;46872;43169;43167;5488	7086	4730	5738.5	4391	2982.5	4308	2951	6428.5	5994	5420.5	6173.5	3686.5	5740	1800.5	5034.5	6712.5	3548.5	2199.5	3265	6322.5	3870	2837	4723.5	5806	86821.5	4.341.075
ORTHO000382_2	Sec23/Sec24 protein transport family protein	AT5G43670	6810;51234;51179;8150;8270;46914;46872;43169;43167;5488;3674;30127;30120;30117;98796;43234;32991;5575;44425;16020;44444;44424;44464;5623;5622;5737;48475;44433;44446;44422;43226;43229;31410;31982;30662;30659;12506;31090;43227;31988;16023;43231;98588;98805;30135;12507;30658;30133;12505;30134;6886;15031;45184;8104;33036;71702;46907;51649;51641;34613;70727;6888;16482;48193;1902582;44765;1902578;44699;16192;5215	7087	5816	5468	3849	2982.5	1777	6755	8722.5	3525	6785.5	5669.5	7812.5	4865.5	3431.5	3265	3976.5	1266	2199.5	4263.5	4392	1982	3955.5	4481.5	4801	83926.5	4.196.325
ORTHO000409_1	Histone superfamily protein	AT1G09200;AT3G27360;AT5G10390;AT5G10400;AT5G65360	5634;43231;43227;43226;5575;43229;44424;44464;5623;5622;3677;3676;1901363;5488;3674;97159;5515;786;44427;44446;44422;5694;43232;43228;44815;43234;32991;32993;785	7088	9176	3868	648	9175	4244.5	6588	7244.5	2868	8934.5	5471.5	8245	1352	138	136.5	9069	5.5	15	1589	259.5	87.5	19	30	26	56323	2816.15
ORTHO008913	unknown protein	AT2G04900	3674;5739;43231;43227;43226;5575;43229;44424;44464;5623;5622;44444;5737	7089	5109	5052.25	3015.5	2982.5	8095.5	7923	4571	2570.5	8934.5	3639.5	7017.5	4865.5	3283.5	2163.5	3976.5	3010.5	1568.5	188	5277	3870	2213.5	1847	4174.5	79189.5	3.959.475
ORTHO009092	pale cress protein (PAC)	AT2G48120	6355;1903506;2001141;31326;9889;19222;50789;65007;8150;31323;50794;51252;19219;80090;51171;60255;10556;10468;2000112;6351;34645;44260;43170;71704;8152;44237;9987;9059;1901576;9058;44249;97659;32774;16070;90304;6139;46483;6725;1901360;34641;6807;44238;34654;19438;44271;18130;1901362;10467;9537;9536;43231;43227;43226;5575;43229;44424;44464;5623;5622;44444;5737;9507;16117;16109;16114;6721;6720;44255;6629;44710;44699;44763;8299;8610;44711;16108;46148;42440;16116;9658;9657;6996;16043;71840;3674;9965;9887;44767;32502;9653;48856;48513;48731;7275;44707;32501;48366;48827;48367;10016;71482;9416;9314;9628;50896;71478;71214;51716;9509;10239;31425;6396;6397;16071;9513;9501	7090	5822	5967	4844	2982.5	4758	4341	5439.5	6225	7485	5788.5	4905	3374.5	1800.5	3521.5	3976.5	4548.5	2558	5128	6632	4226.5	4780.5	4961.5	4801	89251	4462.55
ORTHO009060	2-oxoglutarate (2OG) and Fe(II)-dependent oxygenase superfamily protein	AT3G21360	55114;44710;8152;8150;44699;5634;43231;43227;43226;5575;43229;44424;44464;5623;5622;46872;43169;43167;5488;3674;16491;3824	7091	5825	6302.5	5514	2982.5	3334	8324.5	5813.5	1328.5	5891	2809.5	6861.5	6071.5	4206	5691.5	3976.5	5457.5	2724.5	1423.5	5637	5637	5789.5	5649	5957	92583	4629.15
ORTHO008464	DEAD/DEAH box helicase; putative	AT3G02060	4386;17111;16462;16818;16817;16787;3824;3674;8152;8150;5524;35639;1901265;1901363;5488;97159;43168;43167;32559;30554;17076;166;36094;32555;32553;97367;32550;32549;1882;1883;5634;43231;43227;43226;5575;43229;44424;44464;5623;5622;8026;42623;16887;70035;3676	7092	6543	3622	152	7245.5	4758	2032.5	3862.5	553.5	8535.5	5185	1755.5	1352	138	136.5	3232.5	2687.5	355.5	32	2880.5	2313	236.5	488.5	344.5	40879.5	2.043.975
ORTHO006642	GINS complex protein	AT1G19080;AT3G55490	811;31261;44451;44428;44446;44422;5575;43226;44424;44464;5623;5622;43229;5634;43231;43227;5654;31981;70013;43233;31974;32993;32991;44454;44427;5694;43232;43228;228;6261;6260;6259;44260;43170;71704;8152;8150;44237;9987;90304;6139;46483;6725;1901360;34641;6807;44238;34645;9059;1901576;9058;44249;9793;44702;22414;44699;3006;32502;9790;44767;48856;7275;44707;32501;48316;48608;61458;48731;9791;10154;3674	7093	6237	6426.5	5760	7245.5	2295.5	4341	8801	4323	5099.5	2992.5	7085	7743	3374	3936.5	5325.5	4548.5	2724.5	5220.5	6632	4668.5	4970.5	5021	4801	93903	4695.15
ORTHO004457	essential meiotic endonuclease 1A	AT2G21800;AT2G22140	51301;44763;9987;8150;44699;6281;6259;44260;43170;71704;8152;44237;90304;6139;46483;6725;1901360;34641;6807;44238;6974;33554;51716;50896;6950;44710;3677;3676;1901363;5488;3674;97159;4519;4518;16788;16787;3824;90305;5634;43231;43227;43226;5575;43229;44424;44464;5623;5622;6310;51321;7049;3;7067;280;48285;6996;16043;71840;1903047;22402;278;1902589;46872;43169;43167	7094	4945	7248	7402	2982.5	8700	8793	7192	5619	6401	8095	6947.5	7377.5	8418.5	7999	5325.5	2478.5	4887	315	2092	2280	2433.5	1405.5	7453	104212.5	5.210.625
ORTHO007529	Nucleic acid-binding; OB-fold-like protein	AT1G12800	19843;3723;3676;1901363;5488;3674;97159;9507;9536;43231;43227;43226;5575;43229;44424;44464;5623;5622;44444;5737;1901259;6364;34470;34660;16070;44260;43170;71704;8152;8150;44237;9987;90304;6139;46483;6725;1901360;34641;6807;44238;6396;10467;16072;42254;22613;44085;71840;34337	7095	5764	7353.5	7612	2982.5	6529	7245.5	6142.5	8259	1282.5	7886	3218	1352	1800.5	5254.5	3976.5	6409	3949	7042	8320	7386	6182.5	6854	6553	105641.5	5.282.075
ORTHO009021	Regulator of chromosome condensation (RCC1) family protein	AT5G60870	32981;97031;70271;44085;71840;8150;33108;43623;6461;65003;43933;16043;9987;22607;71822;34622;7005;6996;10257;8380;6396;16070;44260;43170;71704;8152;44237;90304;6139;46483;6725;1901360;34641;6807;44238;10467;8536;17016;31267;51020;19899;5515;5488;3674;5737;44424;44464;5575;5623;5622;5739;43231;43227;43226;43229;44444	7096	4444	4394.5	1693	2982.5	1423	5873	2684	2412.5	5143.5	3526	3872	3450.5	4244	3936.5	6712.5	8446.5	2199.5	3119	2593.5	3604.5	914	947.5	4801	69903	3495.15
ORTHO002381	tRNA synthetase class II (G; H; P and S) family protein	AT1G29870;AT1G29880	5524;35639;1901265;1901363;5488;3674;97159;43168;43167;32559;30554;17076;166;36094;32555;32553;97367;32550;32549;1882;1883;6426;6418;43039;6399;34660;16070;44260;43170;71704;8152;8150;44237;9987;90304;6139;46483;6725;1901360;34641;6807;44238;43038;6520;1901564;19752;43436;6082;44281;44710;44699;44763;6412;43043;43604;43603;44271;44249;9058;6518;1901566;1901576;44267;19538;34645;9059;10467;5737;44424;44464;5575;5623;5622;4812;16876;16875;16874;3824;5829;44444;5768;43231;43227;43226;43229;12505;5802;98791;44431;44446;44422;5794;31984;5739;4820;46686;10038;10035;42221;50896	7097	5976	5209.5	3322	5328	4865.5	4457	8296.5	4705.5	5251	7734.5	4309	4355	3497	6092	3023.5	3426.5	1386	3977	4956.5	4023	1656	4065	885.5	80962	4048.1
ORTHO009206	P-loop containing nucleoside triphosphate hydrolases superfamily protein	AT4G34910	8026;42623;16887;17111;16462;16818;16817;16787;3824;3674;8152;8150;70035;4386;5634;43231;43227;43226;5575;43229;44424;44464;5623;5622	7098	6666	5735	4372	5748	4540.5	4528.5	2939.5	5144	6401	5726.5	8311	7121	2711.5	2702.5	3976.5	2567.5	2558	4328.5	6064.5	4103	4169	4324	4541	86758	4337.9
ORTHO007950	Haloacid dehalogenase-like hydrolase (HAD) superfamily protein	AT3G48420	9570;9532;44435;44444;44424;44464;5575;5623;5622;5737;44446;44422;43226;43229;9536;43231;43227;44434;9507;9941;9526;31967;31975;46872;43169;43167;5488;3674;16787;3824;8152;8150	7099	6554	6653.5	6208	7245.5	4106.5	4118.5	5568.5	7046.5	4845.5	7199	4018.5	7963	2711.5	3936.5	3976.5	5457.5	3121	3904.5	7299	7386	4709	3606.5	5433.5	96407.5	4.820.375
ORTHO008058	unknown protein	AT1G21930;AT3G42150	3674;8150;5575	7100	7187	6104	5108	7947.5	6227.5	5223.5	4734	5994	3594	6173.5	4670	7121	2711.5	2702.5	5325.5	4408.5	1780	5027.5	5126.5	5422.5	3374.5	6467.5	4484	90568	4528.4
ORTHO009404	Flavin containing amine oxidoreductase family	AT4G01690	9534;31976;9579;44424;44464;5575;5623;5622;31984;44446;44422;43226;43229;43227;44435;44444;5737;9536;43231;44434;9507;5515;5488;3674;6779;51188;51186;44237;8152;8150;9987;44249;9058;6778;33013;46483;6725;1901360;71704;1901564;6807;33014;19438;44271;34641;18130;1901362;1901576;1901566;9941;9526;31967;31975;55114;44710;44699;15995;46148;42440;44711;44763;15994;6782;46501;6783;42168;4729;70818;16627;16491;3824;16634	7101	4722.5	7440.5	7780	2982.5	1777	5410	7084	7455	4523	7886	4018.5	3911.5	8316	7939.5	7782	8637.5	4673.5	5272.5	4169.5	5170.5	3754	1555.5	7656.5	106992	5349.6
ORTHO006050	urease	AT1G67550	16151;46914;46872;43169;43167;5488;3674;43419;19627;43603;34641;6807;8152;8150;44237;9987;44281;44710;44699;1901564;71704;44763;71941;43605;44270;44248;9056;44282;44712;1901565;1901575;9039;16811;16810;16787;3824;5737;44424;44464;5575;5623;5622	7102	7887	7777	8452	6857.5	7116	5303	6142.5	5994	3698.5	3674	7459	1352	7909	7619.5	6712.5	793	4595	8394	6754	7489.5	7183	8290	8403	114881.5	5.744.075
ORTHO002692	Na+/H+ exchanger 8	AT1G14660;AT2G01980	15385;5451;15299;15078;15077;22890;8324;15075;22891;22857;5215;3674;6810;51234;51179;8150;55085;44763;9987;44699;44765;1902578;22892;34220;6811;98655;6812;15672;1902600;15992;6818;98662;98660;15298;15297;15291;22804;15491;15081;46873;30001;35725;6814;10348;5886;16020;5575;44464;5623;71944;16021;31224;44425;10352;10351;9941;9526;31967;31975;44446;44422;43226;44424;5622;43229;43227;44435;44444;5737;9536;43231;44434;9507;9651;6970;9628;50896;6950;302;6979;1901700;42221;2000377;31323;50794;50789;65007;19222;10163;71805;71804;6813;5515;5488;42542;10035	7103	8546	7377	7651	8471	5833.5	3628.5	8435	4865	7274.5	7886	8873.5	2927	906.5	2023.5	8358	5561	1114.5	8031	7080	6180.5	2763	6624.5	7591	105956.5	5.297.825
ORTHO010127	high chlorophyll fluorescence 153	AT4G31560	42651;34357;16020;5575;44436;44424;44464;5623;5622;9579;3674;9507;9536;43231;43227;43226;43229;44444;5737;10190;17004;43623;6461;65003;43933;16043;71840;8150;9987;22607;44085;71822;70271;34622	7104	7521	7109	7114	8259	2170	8427.5	2460.5	5619	3221	7382.5	7312.5	8094	2711.5	3936.5	8358	5685	3121	6531	6632	1287.5	5376	8070	5806	102201.5	5.110.075
ORTHO010311	P-loop containing nucleoside triphosphate hydrolases superfamily protein	AT5G27950	5524;35639;1901265;1901363;5488;3674;97159;43168;43167;32559;30554;17076;166;36094;32555;32553;97367;32550;32549;1882;1883;5874;44430;44446;44422;5575;43226;44424;44464;5623;5622;43229;5856;43232;43228;43234;32991;15630;3777;3774;17111;16462;16818;16817;16787;3824;8152;8150;5871;5875;7018;6928;44763;9987;44699;7017	7105	6787	6933	6761	7662	5833.5	8162.5	5568.5	6584	1462	7040	3686.5	7963	2711.5	3721.5	3976.5	5032.5	3121	5851	7012	5422.5	5603	5407	5601	99759.5	4.987.975
ORTHO003933	PEBP (phosphatidylethanolamine-binding protein) family protein	AT1G65480;AT4G20370	9908;90567;48608;3006;32502;8150;22414;48856;61458;48731;7275;44767;44699;44707;32501;44702;9791;48367;10119;50794;50789;65007;9909;48580;2000026;50793;51239;48831;2000241;5634;43231;43227;43226;5575;43229;44424;44464;5623;5622;9911;48582;51240;48518;51094;2000243;30154;48869;44763;9987;8429;5543;8289;5488;3674;43168;43167;5515;5737;48573;9648;9416;9314;9628;50896;10228	7106	5137	6634	6162	2982.5	8909.5	5048.5	4360	2849.5	8118.5	4285.5	7421.5	6804.5	8541.5	7667.5	7782	1798	7117	1788	4527	2369	504.5	327	5957	96176	4808.8
ORTHO001908	Protein of unknown function (DUF567)	AT5G01750	6952;6950;50896;8150;9507;9536;43231;43227;43226;5575;43229;44424;44464;5623;5622;44444;5737;3674	7107	8279	5694.5	4282	7662	3446.5	2791.5	3853.5	3711	8934.5	8701	7478.5	4271.5	6187	6444.5	6075	8604.5	1780	2052.5	2805.5	421	548.5	646.5	7543.5	86296.5	4.314.825
ORTHO001748	crooked neck protein; putative / cell cycle protein; putative	AT3G13210;AT3G51110;AT5G41770;AT5G45990	245;22618;71826;43933;16043;71840;8150;9987;34622;65003;22607;44085;22613;398;6397;16071;16070;44260;43170;71704;8152;44237;90304;6139;46483;6725;1901360;34641;6807;44238;6396;10467;377;375;8380;71014;5681;44428;44446;44422;5575;43226;44424;44464;5623;5622;43229;5634;43231;43227;30529;32991;71011;71012;71010;71013;974;43234	7108	7129	7629.5	8151	3586.5	852.5	8843	9172	4551	8535.5	4097	7463	1352	5868.5	988	3976.5	2581.5	8557.5	8380.5	8551.5	8990	7301.5	1828	8670.5	110560	5528
ORTHO009545	FUNCTIONS IN: molecular_function unknown	AT1G08220	32592;98573;31300;44422;5575;43226;31224;44425;16020;31090;43227;44455;44429;44444;44424;44464;5623;5622;5737;44446;43229;5739;43231;31966;5740;31967;31975;31301;16021;5743;19866;33615;43461;70071;43623;6461;65003;43933;16043;71840;8150;9987;22607;44085;71822;70271;34622;70272;7005;6996;3674	7109	6685	6659.5	6210	5748	4723.5	8162.5	5439.5	7632	4984	6343	5126	7743	2711.5	3521.5	3976.5	4464.5	2724.5	5027.5	4848	4226.5	4612.5	4927.5	5222.5	96416.5	4.820.825
ORTHO000575	exoribonuclease 4	AT1G54490;AT1G75660;AT5G42540	6397;16071;16070;44260;43170;71704;8152;8150;44237;9987;90304;6139;46483;6725;1901360;34641;6807;44238;6396;10467;10494;36464;35770;30529;32991;5575;44424;44464;5623;5622;43232;43228;43226;43229;44444;5737;5515;5488;3674;10587;10586;34660;34661;6401;44265;9057;1901575;9056;44248;34655;19439;44270;1901361;46700;291;956;6402;9826;902;32989;16043;71840;9653;32502;48856;48869;44767;44699;44763;60560;48589;40007;16049;5829;70370;34605;9408;9266;9628;50896;6950;33554;51716;10286;5844;4534;8409;4527;4518;16788;16787;3824;90305;16896;4532;4540;90501;90503;16796;932;9873;160;35556;7165;50794;50789;65007;7154;44700;23052;9755;32870;9725;9719;10033;42221;71495;71310;70887;71369;9723;31087;31086;40029;10468;60255;19222;9630;9606;9605;9629;5634;43231;43227;9961;43200;1101;10243;1901698;1901700;1944;48731;7275;44707;32501;72358;72359;3676;1901363;97159;61014;61013;31329;9894;31323;1903311;51252;19219;80090;51171;31331;31325;9893;48518;48522;9896;1903313;51254;45935;51173;10604;51301;8270;46914;46872;43169;43167	7110	8814	7583	8056	8713	5744.5	8704	7491.5	4209	7584	8167.5	8724.5	2826.5	1184.5	1509	8358	7432	985	7353.5	6103	7636	940	5762.5	9007.5	109722.5	5.486.125
ORTHO008062	Cysteine proteinases superfamily protein	AT5G60190	6508;19538;43170;71704;8152;8150;44238;8234;70011;8233;16787;3824;3674;5634;43231;43227;43226;5575;43229;44424;44464;5623;5622;19784;19783	7111	7749	8035	8959	8139.5	6810	5345.5	9091	7325.5	5971	8314	3950.5	6895.5	6389.5	7737.5	6712.5	6982.5	4809.5	7901.5	6754	1547	7441	8520	8732	127230	6361.5
ORTHO002342_2	Saccharopine dehydrogenase	AT5G39410	9941;9526;31967;31975;44464;5575;5623;44446;44422;43226;44424;5622;43229;43227;44435;44444;5737;9536;43231;44434;9507;5773;16491;3824;3674;8152;8150;55114;44710;44699;5739;5774;44437;98588;31090;16020;98805;31966;44429;5740;5886;71944	7112	8343	7764.5	8417	7662	6313	7600	7935.5	8990.5	7247	7040	8654.5	1352	906.5	2396.5	8358	6549	663.5	8310	6001	6908	3955.5	7156	7860.5	114197	5709.85
ORTHO009586	Alkaline-phosphatase-like family protein	AT2G22530	16740;3824;3674;8152;8150;8654;6644;19637;71704;6793;44237;9987;44255;6629;44710;44699;44238;44763;6796;90407;1901576;9058;8610;44711;44249;5783;43231;43227;43226;5575;43229;44424;44464;5623;5622;44444;5737;12505	7113	4821	6628.5	6144	2982.5	4082	7778	5957	8259	7152	4563.5	6240	5066	1800.5	2702.5	6712.5	8269	7910.5	3691	3638.5	2072	2213.5	3649	4291.5	96048	4802.4
ORTHO003418	shoot gravitropism 2 (SGR2)	AT1G31480	9590;9582;9628;50896;8150;51606;9629;9581;9605;9959;9630;9606;9705;5774;44437;44444;44424;44464;5575;5623;5622;5737;44446;44422;43226;43229;5773;43231;43227;98588;31090;16020;98805;325;9660;9657;6996;16043;71840;9987;16042;44712;9056;8152;44710;44699;6629;71704;44238;1901575;46872;43169;43167;5488;3674;9506;5911;30054;55044;8970;4620;16298;16788;16787;3824;52689	7114	6971	7304.5	7495	6194	4106.5	7790.5	3652.5	9123	4638.5	4758.5	8787	8410.5	7739.5	8061.5	8660.5	2754.5	7073	2066	8478	2800	493.5	257.5	5222.5	104873.5	5.243.675
ORTHO010113	Pentatricopeptide repeat (PPR) superfamily protein	AT3G18020	8150;5739;43231;43227;43226;5575;43229;44424;44464;5623;5622;44444;5737;3674	7115	5491	6855.5	6596	2982.5	1329	3327	5698.5	6823.5	6381.5	6343	3422.5	6071.5	1800.5	5034.5	3976.5	5864.5	3949	6700.5	7871	6180.5	5924	6040	6057.5	98795	4939.75
ORTHO009704	RNA polymerase II; Rpb4; core protein	AT4G15950	3899;34062;16779;16772;16740;3824;3674;8152;8150;32774;9059;43170;71704;1901576;9058;16070;44260;44237;9987;90304;6139;46483;6725;1901360;34641;6807;44238;34654;19438;44249;44271;18130;1901362;419;55029;44428;44446;44422;5575;43226;44424;44464;5623;5622;43229;5634;43231;43227;428;30880;61695;1990234;1902494;43234;32991;16246;35194;16441;10608;10468;60255;19222;50789;65007;40029;16458;10629;10605;9892;48519;44763;44699;31047;418;44451;5654;31981;70013;43233;31974;10426;32776;6306;43414;32259;43412;6305;6304;6259;44728;30422;70918;31050;6396;10467;44710;71359;71407;14070;10033;42221;50896;71310;70887;51716;43331;1901698;1901699;51325;22403;44848;3727;3723;3676;1901363;5488;97159;3697;43566;3677	7116	8198	5400	3684	5748	7030	7886	8467.5	7978	4591	7199	4566	1352	474.5	1432	3976.5	3245	1210.5	6265.5	5672	3942	1613	3498.5	2522	82921	4146.05
ORTHO000400	Li-tolerant lipase 1	AT3G04290;AT4G28780;AT5G18430;AT5G33370	10226;10038;10035;42221;50896;8150;9751;14070;10033;1101;1901700;42538;9651;6970;9628;6950;6972;16042;44712;9056;8152;44710;44699;6629;71704;44238;1901575;5576;5575;16788;16787;3824;3674	7117	9078	6644	6171	9064	9177	6283.5	3642.5	8808.5	8934.5	4872.5	9054.5	4217	5523.5	4462	9139.5	9164	66	335.5	1919	1814.5	35.5	24	8732	96205.5	4.810.275
ORTHO004002	RNA-dependent RNA polymerase family protein	AT2G19910;AT2G19920;AT2G19930	16441;10608;10468;60255;19222;50789;65007;8150;40029;16458;10629;10605;9892;48519;44763;9987;44699;3968;34062;16779;16772;16740;3824;3674;8152;1172;97659;32774;9059;43170;71704;1901576;9058;16070;44260;44237;90304;6139;46483;6725;1901360;34641;6807;44238;34654;19438;44249;44271;18130;1901362;5575;31047;3723;3676;1901363;5488;97159;9507;9536;43231;43227;43226;43229;44424;44464;5623;5622;44444;5737	7118	4922	7625	8132	5938.5	8198	1274.5	7491.5	3682	8535.5	4821.5	2467.5	7743	8485	8163.5	7782	8542.5	8768	2030.5	2373.5	2978	7061.5	1640	8367.5	110405.5	5.520.275
ORTHO007515	Peptidase M50 family protein	AT4G20310	4222;4175;70011;8233;16787;3824;3674;8152;8150;6508;19538;43170;71704;44238;8237;71475;42538;9651;6970;9628;50896;6950;6972;71472;71470;71214;51716;9987;33554;71474;139;98588;31090;16020;5575;44422;43226;43227;44431;44444;44424;44464;5623;5622;5737;44446;43229;5794;43231;12505;5739	7119	5134	5217.5	3316	2982.5	1329	4341	2545	4953	4946.5	3269.5	6838.5	1352	4360.5	5413.5	6712.5	7615.5	4253	6109.5	1460	765	5603	4178	4898	80943	4047.15
ORTHO009412	zinc finger (ubiquitin-hydrolase) domain-containing protein	AT2G42160	10029;1900140;48580;2000026;50793;50789;65007;8150;51239;5737;44424;44464;5575;5623;5622;151;1990234;1902494;43234;32991;3824;3674;8152;4842;19787;16740;16567;32446;70647;6464;36211;19538;43170;71704;44238;43412;44267;44260;44237;9987;46982;46983;5515;5488	7120	7429	5578	4036	6358.5	7516.5	4698	4571	4865	4297.5	6173.5	5859.5	6895.5	2711.5	2023.5	5325.5	3752	1494	1567	7194	4833.5	2433.5	4748	4060.5	85019.5	4.250.975
ORTHO007691	alpha-L-fucosidase 1	AT2G28100	5773;43231;43227;43226;5575;43229;44424;44464;5623;5622;44444;5737;5975;71704;8152;8150;44238;4560;15928;4553;16798;16787;3824;3674;48046;5576;6516;30163;19538;43170;9057;1901575;9056;44265;44260;44237;9987;44248;9100;1901135;1901136	7121	7127	7295.5	7470	7947.5	6529	3513	5698.5	6943.5	2385.5	7886	2343.5	8306	2711.5	4462	5325.5	6099.5	3580	7042	8675.5	2594	6077	8247	6281	104700	5235
ORTHO010069	unknown protein	AT3G59390	5576;5575;8150;3674	7122	5574	6588	6054	2982.5	2720	5303	3534.5	6823.5	6020	2539	2291.5	3304.5	8418.5	5596.5	3976.5	2611.5	8318	8625.5	3108	8828	8962	3383	1188	95551.5	4.777.575
ORTHO010478	ARM repeat superfamily protein	AT4G33945	5634;43231;43227;43226;5575;43229;44424;44464;5623;5622;5515;5488;3674;8150	7123	6259	8083	9043	7245.5	6784	4244.5	7156.5	8556.5	2385.5	8651	4421	8898	7343.5	8404	5325.5	8779.5	5518	8098.5	8808	8153	7215.5	3322	8258.5	130323	6516.15
ORTHO001266_1	O-fucosyltransferase family protein	AT5G64600	5794;43231;43227;43226;5575;43229;44424;44464;5623;5622;44444;5737;12505;8150;5634;16757;16740;3824;3674;8152	7124	6944	5950.5	4777	7947.5	2295.5	4341	5439.5	4323	4693.5	6543	8467	3279.5	2711.5	3721.5	3976.5	4942.5	2724.5	5347.5	6860	6431	4423	3162	5222.5	88904.5	4.445.225
ORTHO010479	NA	NA	NA	7125	8218	6452.25	5779.5	7245.5	1926	5187.5	7762	4865	5978.5	7886	4805.5	4677	906.5	1910.5	8358	5561	663.5	6185.5	3868	6431	2837	6624.5	7591	94024	4701.2
ORTHO008063	glycosyl hydrolase 9B14	AT4G09740;AT4G23560	71555;45229;16043;71840;8150;9987;71554;30245;51275;9251;272;5976;5975;71704;8152;44238;43170;16052;1901575;9056;9057;44042;51273;6073;44264;44260;44237;44262;44247;44275;44248;30243;4553;16798;16787;3824;3674;5576;5575;8810	7126	7140	7402.5	7679	6194	6529	3513	5698.5	1954.5	7247	7594	7495	8306	2711.5	4462	5325.5	1724	3580	7042	7871	7786.5	5213.5	5826.5	6281	106160.5	5.308.025
ORTHO008911	DEA(D/H)-box RNA helicase family protein	AT3G06980	5634;43231;43227;43226;5575;43229;44424;44464;5623;5622;9507;9536;44444;5737;8026;42623;16887;17111;16462;16818;16817;16787;3824;3674;8152;8150;70035;4386	7127	4777	8070	9013	2982.5	7749.5	7262.5	7244.5	8207	2908	8314	2086	8094	8456.5	8240.5	7782	6099.5	5368	7464	2635.5	7386	7567	8405	8062	129331.5	6.466.575
ORTHO008688	Pentatricopeptide repeat (PPR) superfamily protein	AT1G80550	5739;43231;43227;43226;5575;43229;44424;44464;5623;5622;44444;5737;8150	7128	6612	5820.5	4513	7245.5	4327	7872	5095	5355.5	5757	5726.5	7765	6397.5	2711.5	1758.5	3976.5	3548.5	1780	3792	6754	3586.5	3453.5	3997.5	3721	87375	4368.75
ORTHO001326	dehydroquinate dehydratase; putative / shikimate dehydrogenase; putative	AT3G06350	9507;9536;43231;43227;43226;5575;43229;44424;44464;5623;5622;44444;5737;9570;9532;44435;44446;44422;44434;9423;46417;43648;19752;43436;6082;71704;8152;8150;44281;44710;44699;44763;9987;44237;43650;46394;16053;44283;44711;9058;1901576;44249;19632;1901615;32787;9793;44702;22414;3006;32502;9790;44767;48856;7275;44707;32501;48316;48608;61458;48731;9791;10154;50661;50662;48037;5488;3674;166;36094;1901265;1901363;97159;4764;16616;16614;16491;3824;55114;3855;16836;16835;16829;9073;9072;6725;1901360;6520;1901564;6807;44238;19438;1901362;8652;1901566	7129	7571	4328	1527	8300.5	3218	5705.5	8726.5	3279	8446	4251.5	3108	1352	3283.5	3936.5	3023.5	8542.5	934	2042	3418	2533.5	499	166	2003.5	68468.5	3.423.425
ORTHO008487	alpha/beta-Hydrolases superfamily protein	AT5G41850	16573;16570;16569;16568;6325;43933;16043;71840;8150;9987;51276;6996;6464;36211;19538;43170;71704;8152;44238;43412;44267;44260;44237;1902589;44763;44699;44710;18393;18394;18205;18193;6473;43543;6475;4402;61733;34212;8080;16410;16747;16746;16740;3824;3674;16407;5634;43231;43227;43226;5575;43229;44424;44464;5623;5622	7130	5769	6490	5850	2982.5	4022	2032.5	8957	3875	8934.5	4950	7580	1352	8727.5	5661	3976.5	8637.5	6217	2377.5	3108	2294	6952	2341	2485	94480	4724
ORTHO009808	Transcriptional coactivator/pterin dehydratase	AT1G29810	9507;9536;43231;43227;43226;5575;43229;44424;44464;5623;5622;44444;5737;6729;9108;51188;51186;44237;8152;8150;9987;44249;9058;6732;42559;19438;6725;42558;46483;1901360;71704;1901564;6807;44271;34641;18130;1901362;1901576;1901566;46146;8124;16836;16835;16829;3824;3674;4160	7131	7572	6588.5	6046	6358.5	7051	5535	4964	7899.5	4267	6543	2640.5	3299	2711.5	3721.5	5325.5	4942.5	2558	6109.5	4297.5	6431	4423	7554.5	5222.5	95496	4774.8
ORTHO001256_2	NAD kinase 2	AT1G21640	16310;6796;6793;44237;8152;8150;9987;3951;16301;16772;16740;3824;3674;16773;9507;9536;43231;43227;43226;5575;43229;44424;44464;5623;5622;44444;5737;5524;35639;1901265;1901363;5488;97159;43168;43167;32559;30554;17076;166;36094;32555;32553;97367;32550;32549;1882;1883;19363;9108;51188;51186;44249;9058;6732;9165;1901293;90407;19637;71704;1901576;6753;55086;6139;46483;6725;1901360;34641;6807;44238;44281;44710;44699;44763;34654;19438;44271;18130;1901362;44711;9117;19362;6733;72524;1901564;72525;1901566;6741;6739;46496;19359;5516;5515;19674	7132	6100	6889	6646	6857.5	7363.5	8427.5	5698.5	6823.5	1709.5	7199	3686.5	5740	1800.5	4462	3976.5	5108	3121	6531	5447	5422.5	5603	5407	5601	99127.5	4.956.375
ORTHO009709	Restriction endonuclease; type II-like superfamily protein	AT1G67660	9507;9536;43231;43227;43226;5575;43229;44424;44464;5623;5622;44444;5737;4519;4518;16788;16787;3824;3674;8152;8150;90305;90304;6139;46483;44237;9987;6725;1901360;71704;34641;6807;44238;43170;3677;3676;1901363;5488;97159;5634	7133	8228	6490	5847	5748	5621	8645.5	8606	8359.5	6440	7382.5	7144.5	4793	401	1509	3976.5	3344	1210.5	6835.5	5606	4445	2541	4603.5	3005.5	94469.5	4.723.475
ORTHO001591	RNA-metabolising metallo-beta-lactamase family protein	AT5G63420	9507;9536;43231;43227;43226;5575;43229;44424;44464;5623;5622;44444;5737;16788;16787;3824;3674;8152;8150;60918;9914;10817;65008;65007;44765;6810;51234;51179;1902578;44699;9658;9657;6996;16043;71840;9987;9793;44702;22414;3006;32502;9790;44767;48856;7275;44707;32501;48316;48608;61458;48731;9791;10154;3723;3676;1901363;5488;97159;46872;43169;43167;4519;4518;90305;90304;6139;46483;44237;6725;1901360;71704;34641;6807;44238;43170;9942;578;9880;7389;9798;3677;3682;44877	7134	7736	5978	4822	5476.5	6966	7947.5	8256	8467	6459.5	6543	4386.5	4793	401	1509	8804.5	6208.5	663.5	1407	5852	3417.5	1026	1453	4586.5	89147	4457.35
ORTHO008166	NOD26-like intrinsic protein 5	AT4G10380	15700;15698;6820;6811;44765;6810;51234;51179;8150;1902578;44699;15250;22838;15267;22803;22857;5215;3674;55085;44763;9987;22891;22892;5372;6833;42044;16328;44459;44464;5575;5623;44425;16020;5886;71944;80138;46715;15103;8509;15075;34220;98656;35445;98661;98660;46713;15563;15105;46685;42221;50896;10036;80029;31669;31667;9991;9605;31668;51716;71496;7154;70887	7135	7900	7520.5	7906	8202.5	4890.5	5001	3147.5	3471	8398	3674	6701	5740	6292	7162	6712.5	7526.5	3121	6835.5	6064.5	7489.5	4169	3519	8258.5	108173	5408.65
ORTHO010249	FUNCTIONS IN: molecular_function unknown	AT3G27340	3674;9507;9536;43231;43227;43226;5575;43229;44424;44464;5623;5622;44444;5737;5739	7136	7844	7746.5	8357	8202.5	5904	7744.5	5213.5	6584	3695	7734.5	8595.5	6071.5	906.5	3265	5325.5	5561	3121	6531	8478	7052	5213.5	7946.5	8367.5	113310	5665.5
ORTHO009810	FUNCTIONS IN: molecular_function unknown	AT3G28760	5634;43231;43227;43226;5575;43229;44424;44464;5623;5622;5739;44444;5737	7137	5464	8127.5	9118	2982.5	7812.5	3327	2392	7978	1893	8232.5	8855.5	7963	8456.5	8203.5	5325.5	7337.5	5824	8380.5	8956	8618.5	8223.5	8520	8062	134361	6718.05
ORTHO008655	Protein of unknown function (DUF3531)	AT5G08400	3674;8150	7138	5395	8093	9048	6358.5	7733	8738.5	7244.5	8467	1233	8232.5	3578.5	7554	8456.5	8061.5	5325.5	8520.5	5720	8239.5	8918.5	8580	6920	1555.5	7721.5	130800	6540
ORTHO003863	cullin-associated and neddylation dissociated	AT2G02560	5829;44444;44424;44464;5575;5623;5622;5737;10051;3002;7389;44767;32502;8150;44699;44707;32501;7275;5515;5488;3674;5634;43231;43227;43226;43229;5618;30312;71944;5886;16020;10228;3006;22414;48608;48856;61458;48731;9791;9733;9725;9719;50896;10033;42221	7139	7424	5385.5	3632	8259	5704	8552.5	8256	2541	7012	7382.5	4386.5	3081	1321.5	4233.5	3023.5	5561	867.5	4548.5	5887	3417.5	1910	3832.5	1142.5	82660.5	4.133.025
ORTHO008433	Profilin family protein	AT4G19400	30036;30029;44763;9987;8150;44699;7010;6996;16043;71840;1902589;3779;8092;5515;5488;3674;5634;43231;43227;43226;5575;43229;44424;44464;5623;5622	7140	4772	3586.5	33	2982.5	4061	1358	3987	123.5	738	354.5	79.5	4091	138	136.5	3255	2842.5	330	1765.5	3300.5	170	443.5	1004	715.5	28893.5	1.444.675
ORTHO007942	mucin-related	AT2G02880	9507;9536;43231;43227;43226;5575;43229;44424;44464;5623;5622;44444;5737;8150;3674	7141	5795	4110	1079	2982.5	3316.5	6834	1912	3262	8934.5	1981	7432	1352	4360.5	3521.5	3976.5	9015	1180.5	206.5	1811	2007	146	74	2121	63443.5	3.172.175
ORTHO000661	unknown protein	AT4G04480;AT4G22030	9507;9536;43231;43227;43226;5575;43229;44424;44464;5623;5622;44444;5737;3674;8150	7142	7955	7090.5	7039	5552	9078	8271	9093	5221.5	8446	8232.5	6908.5	1352	5907	1244	3023.5	6549	4326.5	1463	1371	4519	7520.5	4178	4898	101602	5080.1
ORTHO009983	cytochrome B5 isoform A	AT1G26340	46872;43169;43167;5488;3674;16021;31224;44425;5575;16020;31966;31090;44422;43226;43227;44429;44444;44424;44464;5623;5622;5737;44446;43229;5739;43231;5740;31967;31975;10319;44435;9536;9526;9707;9527;31968;19867;98805;98588;42170;31969;44434;9507;9941;5515;20037;46906;1901363;97159	7143	5479	7899	8655	2982.5	1777	4118.5	6906	7455	4329	2809.5	6981	3875.5	8210.5	7885	5325.5	7137.5	5452.5	7950	8721.5	7786.5	7520.5	7435.5	7376.5	119053	5952.65
ORTHO009260	Chaperone DnaJ-domain superfamily protein	AT1G77930	6457;9987;8150;9507;9536;43231;43227;43226;5575;43229;44424;44464;5623;5622;44444;5737	7144	6867	6660	6176	7662	5904	4118.5	5568.5	6584	8319	2809.5	3686.5	3359.5	2711.5	3936.5	3976.5	7482.5	3121	5851	7012	5422.5	5603	5171.5	5601	96238.5	4.811.925
ORTHO008659	binding	AT3G57060	7076;30261;1902589;6996;16043;71840;8150;9987;44763;44699;6323;71103;51276;1903047;22402;7049;278;70;819;98813;7059;7067;280;48285;51301;5634;43231;43227;43226;5575;43229;44424;44464;5623;5622;796;44427;44446;44422;5694;43232;43228;44815;43234;32991;793	7145	5270	7906.25	8667.5	6194	2170	4813.5	3136.5	2701	3651	8934.5	6240	8817.5	5581	915	3976.5	7698.5	7251.5	8838	9098	8798.5	8888.5	8909	8795.5	119214	5960.7
ORTHO008210	hydroxyproline-rich glycoprotein family protein	AT1G48280	9707;9527;31968;31090;16020;5575;44422;43226;43227;19867;44424;44464;5623;5622;98805;31967;31975;44446;43229;98588;42170;44435;44444;5737;9536;43231;9526;31969;44434;9507;9941;9658;9657;6996;16043;71840;8150;9987	7146	7379	3621	96	8139.5	852.5	2791.5	3534.5	2979	5785	2539	6171.5	1352	138	136.5	3099	2766	298	1807.5	951.5	467.5	193	433.5	286	36581.5	1.829.075
ORTHO006703	PHD finger family protein	AT5G15540	51177;70192;51276;6996;16043;71840;8150;9987;1903046;22402;44763;44699;7049;51321;3;1902589;7126;280;48285;7062;819;98813;7059;45144;45132;7135;8270;46914;46872;43169;43167;5488;3674;9793;44702;22414;3006;32502;9790;44767;48856;7275;44707;32501;48316;48608;61458;48731;9791;10154;34508;65004;71824;43933;34622;65003;22607;44085;5634;43231;43227;43226;5575;43229;44424;44464;5623;5622	7147	8258	5363	3579	8341	2358	6998	5439.5	2940	8535.5	4172	7450.5	2774.5	3461.5	1549	8925	8107.5	4326.5	5128	2688	1047	353.5	303.5	5806	82363.5	4.118.175
ORTHO001419_2	porphyromonas-type peptidyl-arginine deiminase family protein	AT5G08170	5634;43231;43227;43226;5575;43229;44424;44464;5623;5622;6596;6595;6576;44106;9308;1901564;71704;8152;8150;6807;34641;44237;9987;42401;9309;44271;44249;9058;1901566;1901576;4668;16813;16810;16787;3824;3674;47632;33388;6525;9064;1901605;6520;19752;43436;6082;44281;44710;44699;44763;44238;9446;9445;97164;44711;9793;44702;22414;3006;32502;9790;44767;48856;7275;44707;32501;48316;48608;61458;48731;9791;10154	7148	7870	6319	5490	8202.5	5047	4118.5	4734	5994	3731	7040	8284.5	5338.5	906.5	2396.5	5325.5	4761	1780	5128	7576.5	5422.5	2837	4209.5	7860.5	92491	4624.55
ORTHO004641	Ribosomal L18p/L5e family protein	AT5G27820	9507;9536;43231;43227;43226;5575;43229;44424;44464;5623;5622;44444;5737;8097;19843;3723;3676;1901363;5488;3674;97159;6412;43043;43604;43603;34641;6807;8152;8150;44237;9987;44271;44249;9058;6518;1901564;71704;1901566;1901576;44267;19538;43170;44238;44260;34645;9059;10467;3735;5198;42254;22613;44085;71840;5840;30529;32991;43232;43228	7149	7443	6495.75	5842.5	6358.5	5047	4457	4826.5	3717	2385.5	7040	7129.5	7377.5	2711.5	2396.5	5325.5	4464.5	4154.5	5589.5	7576.5	5422.5	3609.5	6538.5	4678.5	94447.5	4.722.375
ORTHO004344	myb-like HTH transcriptional regulator family protein	AT3G60460	6355;1903506;2001141;31326;9889;19222;50789;65007;8150;31323;50794;51252;19219;80090;51171;60255;10556;10468;2000112;3700;1071;3674;48235;44702;22414;44699;3006;32502;30154;48869;44767;44763;9987;22412;32504;3;32501;55046;44707;9555;48229;7275;48856;48232;7276;48609;19953;44703;51704;3677;3676;1901363;5488;97159;3682;44877;5634;43231;43227;43226;5575;43229;44424;44464;5623;5622	7150	8345	8138	9126	7662	7616	8054.5	8705.5	4507	7064	8701	6561.5	7258.5	5673.5	1233.5	9043.5	7526.5	6217	8821.5	9053	3016.5	8749	8869	8869	135540	6777
ORTHO010766	NA	NA	NA	7151	7234	7279	7407	6194	6898	8162.5	4964	7632	7324	2539	2937.5	7743	2711.5	3936.5	5325.5	4761	2199.5	5851	8214	6180.5	4308.5	7335	5222.5	104245.5	5.212.275
ORTHO009280	Peptidase C78; ubiquitin fold modifier-specific peptidase 1/ 2	AT3G48380	9507;9536;43231;43227;43226;5575;43229;44424;44464;5623;5622;44444;5737;6508;19538;43170;71704;8152;8150;44238;8234;70011;8233;16787;3824;3674	7152	6140	7184.5	7217	7245.5	6810	8523	5957	7046.5	3109	6763.5	3422.5	6227	1800.5	4462	3976.5	6027	3949	6835.5	2092	7052	5603	6365	6801.5	102822.5	5.141.125
ORTHO008588	Pentatricopeptide repeat (PPR) superfamily protein	AT3G62470;AT3G62540;AT5G14820	5739;43231;43227;43226;5575;43229;44424;44464;5623;5622;44444;5737;8150;3674	7153	7487	3708.5	264	6358.5	4050.5	7106	1114.5	3957.5	3494	5169	705.5	3964.5	138	136.5	3273.5	2856	203.5	2030.5	3331	3045	227	728.5	462	45993	2299.65
ORTHO007394	membrin 11	AT2G36900;AT5G50440	139;98588;31090;16020;5575;44422;43226;43227;44431;44444;44424;44464;5623;5622;5737;44446;43229;5794;43231;12505;5484;5515;5488;3674;61025;61024;16043;71840;8150;9987;6810;51234;51179;5789;44432;5783;44425;42175;16021;31224;16192;50708;51223;70201;32880;32879;50789;65007;51049;1903530;51046;60341;50794;5801;45088;31347;80134;48583;50776;2682;6891;48193;1902582;46907;51649;51641;44765;1902578;44699	7154	7827	5911.75	4669.5	6857.5	6149	7923	4640	4645.5	5520.5	6763.5	5395	2984.5	906.5	2163.5	5325.5	4054.5	1051.5	5027.5	5852	2557.5	3222.5	6326.5	7768	88276.5	4.413.825
ORTHO004871	RNA-binding (RRM/RBD/RNP motifs) family protein with retrovirus zinc finger-like domain	AT1G60650;AT5G04280	8270;46914;46872;43169;43167;5488;3674;3676;1901363;97159;9409;9266;9628;50896;8150;6950;3723;166;36094;1901265;5634;43231;43227;43226;5575;43229;44424;44464;5623;5622;3677;9414;9415;1101;42221;10035;1901700;5730;44428;44446;44422;43232;43228;31981;70013;43233;31974	7155	7676	6009.5	4864	8259	1907.5	9099	8181.5	5754	6785.5	7040	4421	7189	2711.5	2396.5	8358	4548.5	2558	5220.5	1248	2497	2017.5	2894	4541	89368	4468.4
ORTHO007987	unknown protein	AT1G52825;AT4G14615	33617;33108;43623;6461;65003;43933;16043;71840;8150;9987;22607;44085;71822;70271;34622;7005;6996;97034;8535;17004;9507;9536;43231;43227;43226;5575;43229;44424;44464;5623;5622;44444;5737;5739;3674	7156	8154	5769.5	4383	7245.5	4794.5	8704	2000	5851.5	2124.5	6543	5372	4955.5	906.5	2023.5	5325.5	5864.5	663.5	4830.5	4778	4946	3111.5	6282.5	7721.5	86798.5	4.339.925
ORTHO009304	actin-related protein 6	AT3G33520	9266;9628;50896;8150;9910;48581;48580;2000026;50793;50789;65007;51239;51241;48519;51093;2000242;2000241;9909;48831;8283;44699;5737;44424;44464;5575;5623;5622;6281;6259;44260;43170;71704;8152;44237;9987;90304;6139;46483;6725;1901360;34641;6807;44238;6974;33554;51716;6950;44763;44710;6355;1903506;2001141;31326;9889;19222;31323;50794;51252;19219;80090;51171;60255;10556;10468;2000112;6338;16568;6325;43933;16043;71840;51276;6996;5515;5488;3674;16571;6479;43414;32259;43412;8213;6464;36211;19538;44267;16570;16569;1902589;5634;43231;43227;43226;43229;7275;44767;32502;44707;32501;5856;43232;43228;35267;43189;1902562;123;31248;1902493;1990234;1902494;43234;32991;44451;44428;44446;44422;5654;31981;70013;43233;31974;31011;97346;70603;44454;44427;5694;228;33202;790;785;5200;5198;16573;18393;18394;18205;18193;6473;43543;6475;30029	7157	6774	4677.5	2198	7662	994.5	7329.5	705.5	3215.5	8231.5	1312.5	6961.5	6227	3374	1549	3976.5	3322.5	6737.5	2654.5	2935	3870	3026	3476.5	3984	73883	3694.15
ORTHO007494	xylulose kinase-1	AT2G21370	9536;43231;43227;43226;5575;43229;44424;44464;5623;5622;44444;5737;4856;16773;16772;16740;3824;3674;8152;8150;19200;16301;16310;6796;6793;44237;9987;46835;44262;5975;71704;44238;9507	7158	5818	5089.5	3021	2982.5	8686	7158.5	8743	2940	8934.5	4016	2255.5	1352	3283.5	2023.5	3976.5	3548.5	3949	528	3377.5	2098.5	3754	4424	4174.5	79223	3961.15
ORTHO009288	unknown protein	AT2G04790	9507;9536;43231;43227;43226;5575;43229;44424;44464;5623;5622;44444;5737;3674;8150;5634	7159	6663	7548.5	7938	7662	6643.5	8400	5813.5	7046.5	5709.5	2539	3422.5	8306	2711.5	4462	3976.5	5864.5	3949	6700.5	7871	6578.5	6077	6194.5	6210	108475.5	5.423.775
ORTHO008740	Tetratricopeptide repeat (TPR)-like superfamily protein	AT5G67570	42793;6351;34645;44260;43170;71704;8152;8150;44237;9987;9059;1901576;9058;44249;97659;32774;16070;90304;6139;46483;6725;1901360;34641;6807;44238;34654;19438;44271;18130;1901362;10467;9657;6996;16043;71840;1902589;44763;44699;44711;44710;5515;5488;3674;9507;9536;43231;43227;43226;5575;43229;44424;44464;5623;5622;44444;5737;9658;9793;44702;22414;3006;32502;9790;44767;48856;7275;44707;32501;48316;48608;61458;48731;9791;10154	7160	5350	7528.5	7897	2982.5	5744.5	7231.5	6142.5	7183.5	5212	7886	5903.5	6731.5	8072	7548.5	5325.5	1810	4400	7042	8125.5	1325	4612.5	1498	6281	108075	5403.75
ORTHO010097	Protein of unknown function (DUF185)	AT3G28700	8270;46914;46872;43169;43167;5488;3674;8150;5739;43231;43227;43226;5575;43229;44424;44464;5623;5622;44444;5737	7161	5502	8048	8935	2982.5	5904	4341	6741	8634	6551	8314	5543	7031	8072	7713.5	5325.5	6925.5	4887	7562	8590.5	2232	7332.5	7667.5	7028	126395	6319.75
ORTHO001317	mitochondrial editing factor 9	AT1G62260;AT1G62262;AT1G62280	5739;43231;43227;43226;5575;43229;44424;44464;5623;5622;44444;5737;16554;16553;9451;16070;44260;43170;71704;8152;8150;44237;9987;90304;6139;46483;6725;1901360;34641;6807;44238;43412;3674;6811;44765;6810;51234;51179;1902578;44699;16021;31224;44425;16020;8308;5253;5216;15075;22891;22857;5215;55085;44763;22892;34220;22838;15267;22803;8509;98656;6820;5244;22832;22836;51049;32879;50789;65007;34765;34762;50794;43269;1903959;44070;5886;71944;6873;50801;48878;42592;65008;55082;19725	7162	8908	7547.5	7933	8730.5	7987.5	9043	8414.5	4865	4858	744	8873.5	4677	401	5661	8925	7973	276.5	8750.5	3797	8153	1827.5	4149	9072	108448	5422.4
ORTHO009790	Pentatricopeptide repeat (PPR) superfamily protein	AT5G15280	5739;43231;43227;43226;5575;43229;44424;44464;5623;5622;44444;5737;8150	7163	8281	7456	7749	8341	9094	7665	3095.5	6379.5	7666.5	6763.5	8547	4865.5	906.5	2023.5	8358	5764.5	663.5	6327	2903	8019	3222.5	6854	7656.5	106774.5	5.338.725
ORTHO011000	voltage dependent anion channel 4	AT5G57490	5886;16020;5575;44464;5623;71944;5739;43231;43227;43226;43229;44424;5622;44444;5737;8308;5253;5216;15075;22891;22857;5215;3674;6810;51234;51179;8150;55085;44763;9987;44699;44765;1902578;22892;34220;6811;22838;15267;22803;8509;98656;6820;5244;22832;22836;51049;32879;50789;65007;34765;34762;50794;43269;1903959;44070;5741;31966;31090;44422;44429;44446;5740;31967;31975;31968;19867;98805;98588;15288;22829;46930;98796;43234;32991;44425;16021;31224;9617;51707;43207;9605;50896;9607;51704	7164	8001	7658	8152	6857.5	3093.5	6145.5	3361.5	2881	8934.5	8364	6908.5	6895.5	7636	3721.5	9043.5	8360.5	3750.5	2249	3013.5	8228.5	7202	2437.5	8367.5	110594	5529.7
ORTHO006008	RING/U-box superfamily protein	AT4G01270	8270;46914;46872;43169;43167;5488;3674;5737;44424;44464;5575;5623;5622	7165	6730	7845	8525	5748	1777	5597.5	6906	239.5	2340	8537.5	2937.5	8859	7213.5	8512	5325.5	7240	5452.5	7950	5637	7786.5	7683.5	8163.5	8159	116317	5815.85
ORTHO007658	nuclear RNA polymerase D1A	AT1G63020	5515;5488;3674;6346;6342;45814;10629;10605;9892;48519;50789;65007;8150;19222;60255;10468;40029;45892;1903507;1903506;2001141;31326;9889;31323;50794;51252;19219;80090;51171;10556;1902679;51253;45934;51172;31324;48523;31327;9890;10558;6355;2000112;2000113;16458;44763;9987;44699;16569;16568;6325;43933;16043;71840;51276;6996;1902589;5665;55029;44428;44446;44422;5575;43226;44424;44464;5623;5622;43229;5634;43231;43227;428;30880;61695;1990234;1902494;43234;32991;44451;5654;31981;70013;43233;31974;16591;30422;70918;31050;6396;16070;44260;43170;71704;8152;44237;90304;6139;46483;6725;1901360;34641;6807;44238;10467;44710;71359;71407;14070;10033;42221;50896;71310;70887;51716;43331;1901698;1901699;31047;16246;35194;16441;10608;418;3899;34062;16779;16772;16740;3824;32774;9059;1901576;9058;34654;19438;44249;44271;18130;1901362;3677;3676;1901363;97159;10495;46872;43169;43167;9308;1901564;1055;6366;6351;34645;97659;7267;7154;44700;23052	7166	7204	5571.25	3976.5	5439	4662.5	7886	8148	4028	7125	7199	8107.5	4281	1321.5	3936.5	3023.5	5281.5	800	4016	5578	3271	1358.5	3649	1009	84681.5	4.234.075
ORTHO010480	Stress induced protein	AT3G51810	5829;44444;44424;44464;5575;5623;5622;5737;9793;44702;22414;8150;44699;3006;32502;9790;44767;48856;7275;44707;32501;48316;48608;61458;48731;9791;10154;9737;9725;9719;50896;10033;42221;33993;97305;1901700;1101;3674	7167	8597	5515.5	3864	8471	2358	6716.5	3457	8616	8934.5	2129.5	6883.5	2744	6027	6267.5	8660.5	2589	6085	2430.5	1532.5	2978	157.5	218	5222.5	84007	4200.35
ORTHO005637	DHHC-type zinc finger family protein	AT3G56930	5783;43231;43227;43226;5575;43229;44424;44464;5623;5622;44444;5737;12505;6612;6605;6886;15031;45184;51234;51179;8150;8104;33036;71702;6810;46907;51649;51641;34613;70727;1902582;44765;1902578;44699;90150;72657;44802;61024;16043;71840;9987;44763;1902580;18230;18231;18198;18193;6464;36211;19538;43170;71704;8152;44238;43412;44267;44260;44237;18345;6497;42158;42157;34645;9059;1901576;9058;44249;43543;5634;5794;5886;16020;71944;19706;19707;16417;16747;16746;16740;3824;3674;16409	7168	6165	7817	8466	7245.5	5722.5	1577.5	2460.5	8207	7782	4558	7280	1352	8686.5	8276	5325.5	6027	8514.5	8173	3563	8153	6952	6624.5	5957	115191.5	5.759.575
ORTHO010071	unknown protein	AT1G03250	3676;1901363;5488;3674;97159;8150;5634;43231;43227;43226;5575;43229;44424;44464;5623;5622	7169	7513	7625	8081	6358.5	8686	8364	8212.5	6584	2787	2290	2467.5	6227	906.5	3265	8358	7071	2558	2936.5	8478	8153	6129	8070	8396	109939	5496.95
ORTHO010043	esterase/lipase/thioesterase family protein	AT4G10050	6482;70988;44710;8152;8150;44699;44763;9987;8214;6464;36211;19538;43170;71704;44238;43412;44267;44260;44237;5773;43231;43227;43226;5575;43229;44424;44464;5623;5622;44444;5737;16787;3824;3674;5634;52689;16788	7170	5445	4360	1550	2982.5	6313	5466	2838	1545.5	4968.5	3366.5	5464.5	1352	3283.5	2910	3976.5	2796	1921.5	2640.5	4211	4226.5	3754	3322	4291.5	68647	3432.35
ORTHO009913	RING/FYVE/PHD zinc finger superfamily protein	AT3G24010	16568;6325;43933;16043;71840;8150;9987;51276;6996;35064;42393;5515;5488;3674;6355;1903506;2001141;31326;9889;19222;50789;65007;31323;50794;51252;19219;80090;51171;60255;10556;10468;2000112;6351;34645;44260;43170;71704;8152;44237;9059;1901576;9058;44249;97659;32774;16070;90304;6139;46483;6725;1901360;34641;6807;44238;34654;19438;44271;18130;1901362;10467;40008;5634;43231;43227;43226;5575;43229;44424;44464;5623;5622;8270;46914;46872;43169;43167;3677;3676;1901363;97159	7171	5520	7848.5	8526	2982.5	6986.5	8704	4020	2940	8118.5	7734.5	2343.5	7189	8210.5	7764	5325.5	1155.5	5626	7742	8691.5	1458	7420	7774	7120	116323	5816.15
ORTHO007900	unknown protein	AT4G24880	5634;43231;43227;43226;5575;43229;44424;44464;5623;5622	7172	6578	6942.25	6712.5	7245.5	2170	6700.5	9007.5	2202	4244.5	3749	9058.5	9049.5	5645.5	295	3976.5	1868	7408	1788	1268.5	9033.5	8840	4224.5	8915.5	99444.5	4.972.225
ORTHO008890	FAD/NAD(P)-binding oxidoreductase family protein	AT1G57770	9507;9536;43231;43227;43226;5575;43229;44424;44464;5623;5622;44444;5737;46608;16859;16853;3824;3674;8152;8150;16491;55114;44710;44699;16117;16109;16114;6721;6720;44255;6629;71704;44238;44763;9987;44237;8299;8610;1901576;9058;44711;44249;16108;46148;42440;16116;5739	7173	5311	7878	8583	2982.5	7278	4341	2614.5	7831	1674	8566	2937.5	7377.5	8654.5	8316.5	5325.5	1155.5	5452.5	7987	8796	7786.5	7520.5	6365	7376.5	117355.5	5.867.775
ORTHO009346	Domain of unknown function (DUF3598)	AT3G29185	9507;9536;43231;43227;43226;5575;43229;44424;44464;5623;5622;44444;5737;3674;8150	7174	7756	7936.5	8699	6664	6227.5	8251	5213.5	6493	7620	3792.5	8507.5	3216	6601.5	7162	6712.5	4942.5	4400	6185.5	8214	7166	6429	7611.5	5222.5	119968	5998.4
ORTHO001648	chromatin remodeling 31	AT1G05490;AT3G24340	5634;43231;43227;43226;5575;43229;44424;44464;5623;5622;5524;35639;1901265;1901363;5488;3674;97159;43168;43167;32559;30554;17076;166;36094;32555;32553;97367;32550;32549;1882;1883;3677;3676;4386;17111;16462;16818;16817;16787;3824;8152;8150	7175	5346	6119	5063	6358.5	4758	4118.5	5439.5	3735.5	5233	5788.5	4949	5740	1800.5	3521.5	6712.5	4548.5	2724.5	5851	6240	4226.5	4780.5	4961.5	5222.5	90351.5	4.517.575
ORTHO009909	SET domain-containing protein	AT1G01920	5634;43231;43227;43226;5575;43229;44424;44464;5623;5622;18026;18022;18205;18193;6464;36211;19538;43170;71704;8152;8150;44238;43412;44267;44260;44237;9987;6479;43414;32259;8213;16279;16278;8170;8168;16741;16740;3824;3674;8757;8276	7176	5456	6447.5	5719	2982.5	6529	3513	5957	5994	1970.5	2290	8107.5	6071.5	1800.5	4705.5	3976.5	693.5	3580	6531	7871	6180.5	5789.5	6040	6057.5	93658	4682.9
ORTHO009018	Pentatricopeptide repeat (PPR) superfamily protein	AT1G02420	8150;5739;43231;43227;43226;5575;43229;44424;44464;5623;5622;44444;5737;3674	7177	7326	6990	6803	8139.5	5016	4457	7935.5	5994	8398	6912.5	4239	7189	2711.5	2702.5	5325.5	4464.5	1780	5027.5	7576.5	5422.5	3609.5	6538.5	4678.5	99978	4998.9
ORTHO009034	ABA Overly-Sensitive 5	AT1G51965	8380;6396;16070;44260;43170;71704;8152;8150;44237;9987;90304;6139;46483;6725;1901360;34641;6807;44238;10467;9737;9725;9719;50896;10033;42221;33993;97305;1901700;1101;5739;43231;43227;43226;5575;43229;44424;44464;5623;5622;44444;5737	7178	5911	5866	4554	2982.5	1885	1274.5	1484	3717	8934.5	5450.5	2937.5	8817.5	5604.5	988	3976.5	7758	7870.5	3104	1268.5	2779.5	8486	2536	8763	87635	4381.75
ORTHO007747	endonucleases	AT2G15820	373;377;375;8380;6396;16070;44260;43170;71704;8152;8150;44237;9987;90304;6139;46483;6725;1901360;34641;6807;44238;10467;5739;43231;43227;43226;5575;43229;44424;44464;5623;5622;44444;5737;48564;43623;6461;65003;43933;16043;71840;22607;44085;71822;70271;34622;19684;6091;15979;45292;398;6397;16071;9507;9536;4519;4518;16788;16787;3824;3674;90305	7179	7034	6377	5575	7947.5	8095.5	4118.5	4964	5355.5	1842.5	7382.5	2640.5	7743	2711.5	3721.5	5325.5	4998.5	2199.5	4388	8214	6431	3453.5	4116	5222.5	92923.5	4.646.175
ORTHO008732	Pentatricopeptide repeat (PPR) superfamily protein	AT5G11310	5829;44444;44424;44464;5575;5623;5622;5737;9788;9968;9966;10646;50794;50789;65007;8150;48583;23051;48585;48519;10648;48523;23057;1901420;1901419;9787;5739;43231;43227;43226;43229;10029;1900140;48580;2000026;50793;51239;5634;9845;44707;32501;44699;90351;9791;44767;32502;7275;3674	7180	5324	7165.5	7151	2982.5	1329	3513	5957	8331	4909.5	7886	3422.5	6227	1800.5	4462	3976.5	6027	3949	6835.5	8025.5	7052	6077	6365	6281	102426	5121.3
ORTHO009912	Haloacid dehalogenase-like hydrolase (HAD) superfamily protein	AT5G10460	16787;3824;3674;8152;8150;9507;9536;43231;43227;43226;5575;43229;44424;44464;5623;5622;44444;5737	7181	5536	6791.5	6402	2982.5	6529	3327	5957	7748	3581	2402	3422.5	6071.5	1800.5	4705.5	3976.5	5864.5	3580	6531	7871	6180.5	5924	6040	6057.5	97569	4878.45
ORTHO010004	C4-dicarboxylate transporter/malic acid transport protein	AT1G12480	50891;30104;48878;42592;65008;65007;8150;48871;44707;32501;44699;50878;10193;302;6979;6950;50896;1901700;42221;1101;10035;1903959;44070;43269;51049;32879;50789;34765;34762;50794;9270;9415;9628;5215;3674;6810;51234;51179;8509;15075;22891;22857;55085;44763;9987;44765;1902578;22892;34220;6811;98656;6820;90332;10118;8308;5253;5216;22838;15267;22803;5244;22832;22836;5886;16020;5575;44464;5623;71944;9737;9725;9719;10033;33993;97305;19901;19900;19899;5515;5488;6873;50801;55082;19725;10037;16021;31224;44425;1902456;10119	7182	8191	6073.75	4965.5	7245.5	4506.5	5205.5	7762	7046.5	4892	7886	5231.5	1352	1184.5	1910.5	5325.5	5281.5	663.5	6056.5	4527	5988	2112.5	5407	7508	89846.5	4.492.325
ORTHO009860	ARM repeat superfamily protein	AT1G64960	5739;43231;43227;43226;5575;43229;44424;44464;5623;5622;44444;5737;32259;8152;8150;8168;16741;16740;3824;3674	7183	5464	6869.5	6556	2982.5	2908.5	6781.5	5698.5	6823.5	6273	5973.5	8051	5740	1800.5	4462	3976.5	5240.5	3121	4388	4904	5637	5603	5541.5	5601	98524.5	4.926.225
ORTHO000641_1	Amino acid permease family protein	AT1G31820;AT1G31830;AT5G05630	15203;22891;22857;5215;3674;6810;51234;51179;8150;55085;44763;9987;44699;44765;1902578;22892;1902047;15846;71705;71702;5886;16020;5575;44464;5623;71944;15802;6865;46942;15849;15711;6820;6811	7184	6595	5024	2864	5362.5	6417	4528.5	3038.5	8864	4345.5	7199	4467	4355	1321.5	4462	2080.5	3299	1360.5	5220.5	6197.5	3491.5	2328.5	3967	1344.5	78287.5	3.914.375
ORTHO008211	Transducin/WD40 repeat-like superfamily protein	AT4G35560	3674;48235;44702;22414;8150;44699;3006;32502;30154;48869;44767;44763;9987;22412;32504;3;32501;55046;44707;9555;48229;7275;48856;48232;7276;48609;19953;44703;51704;5634;43231;43227;43226;5575;43229;44424;44464;5623;5622;80008;31461;151;1990234;1902494;43234;32991	7185	5917	6214	5243	6664	4986.5	4244.5	5568.5	4953	1409.5	5902	7039.5	5740	1800.5	3936.5	3976.5	4998.5	3121	5502	6960	5265	5603	5171.5	5041.5	91219.5	4.560.975
ORTHO007245	ribonuclease II family protein	AT2G17510	6364;34470;34660;16070;44260;43170;71704;8152;8150;44237;9987;90304;6139;46483;6725;1901360;34641;6807;44238;6396;10467;16072;42254;22613;44085;71840;16075;34661;6401;44265;9057;1901575;9056;44248;34655;19439;44270;1901361;46700;6402;16071;4519;4518;16788;16787;3824;3674;90305;90503;90501;177;178;43234;32991;5575;44424;44464;5623;5622;44444;5737;4540;3723;3676;1901363;5488;97159;176;44428;44446;44422;43226;43229;5634;43231;43227;31981;70013;43233;31974;175;8408;4527;16896;4532;16796	7186	6599	7933.5	8681	7245.5	5516	4698	5957	5994	6687	6763.5	5960	8380	7101	7844	5325.5	6099.5	4253	6700.5	7747	5265	6429	6326.5	6379.5	119426	5971.3
ORTHO008694	Ribosomal protein L18e/L15 superfamily protein	AT5G64670	3735;5198;3674;15934;44391;30529;32991;5575;44424;44464;5623;5622;44444;5737;44446;44422;43226;43229;5840;43232;43228;6412;43043;43604;43603;34641;6807;8152;8150;44237;9987;44271;44249;9058;6518;1901564;71704;1901566;1901576;44267;19538;43170;44238;44260;34645;9059;10467;5739;43231;43227;42254;22613;44085;71840	7187	7539	7806.5	8426	6358.5	7390	8645.5	7762	7455	8319	3366.5	6316	8519	7213.5	8061.5	6712.5	118	7219.5	7987	3850	289.5	5434	2730.5	7028	114417	5720.85
ORTHO001872_1	Prolyl oligopeptidase family protein	AT1G69020;AT5G66960	70008;8238;70011;8233;16787;3824;3674;8152;8150;6508;19538;43170;71704;44238;8236;17171;9507;9536;43231;43227;43226;5575;43229;44424;44464;5623;5622;44444;5737;4252;4175;5634;16020	7188	5173	7871	8554	2982.5	2501	6090	8064.5	7325.5	7324	3749	5600.5	7031	8072	7667.5	5325.5	4252.5	4982.5	7562	1391	7254	7301.5	7667.5	7591	116752.5	5.837.625
ORTHO009495	Transducin/WD40 repeat-like superfamily protein	AT5G64630	9933;48532;44767;32502;8150;44699;9653;48856;48507;9888;48513;48731;7275;44707;32501;6310;6259;44260;43170;71704;8152;44237;9987;90304;6139;46483;6725;1901360;34641;6807;44238;48366;48827;48367;10026;30154;48869;44763;90558;724;725;6281;6974;33554;51716;50896;6950;44710;6302;5634;43231;43227;43226;5575;43229;44424;44464;5623;5622;31507;6338;16568;6325;43933;16043;71840;51276;6996;70828;31497;65003;22607;44085;6333;6323;71103;6355;1903506;2001141;31326;9889;19222;50789;65007;31323;50794;51252;19219;80090;51171;60255;10556;10468;2000112;33186;43234;32991;5515;5488;3674;6351;34645;9059;1901576;9058;44249;97659;32774;16070;34654;19438;44271;18130;1901362;10467;8283;9555;48229;166;36094;1901265;1901363;97159;6334;65004;71824;34622;34728;71822;6461;70271	7189	6089	8114	9039	6857.5	7853.5	4813.5	8366.5	8864	2569	8934.5	6240	4126	5744	551	3976.5	7679.5	7181.5	8821.5	9090	8738	8861	8896.5	8837	130143.5	6.507.175
ORTHO011090	Pentatricopeptide repeat (PPR) superfamily protein	AT5G57250	5739;43231;43227;43226;5575;43229;44424;44464;5623;5622;44444;5737	7190	8040	7978.5	8767	7245.5	6529	4457	8381.5	8484.5	6785.5	3526	7376	6731.5	6389.5	7582.5	6712.5	693.5	5626	8605.5	8905.5	242.5	7358	8485	8697.5	121569	6078.45
ORTHO009028	copper ion transmembrane transporters	AT2G37920	9793;44702;22414;8150;44699;3006;32502;9790;44767;48856;7275;44707;32501;48316;48608;61458;48731;9791;10154;5375;46915;46873;22890;8324;15075;22891;22857;5215;3674;6810;51234;51179;55085;44763;9987;44765;1902578;22892;34220;6811;98655;6812;30001;41;35434;98662;98660;6825;16021;31224;44425;5575;16020	7191	5619	6075	4959	2982.5	6085.5	3863.5	5698.5	4100	3448	7382.5	3686.5	5740	1800.5	4462	3976.5	831.5	3121	5851	7408.5	5637	5603	5541.5	5601	89838	4491.9
ORTHO001775_1	F-box/RNI-like superfamily protein	AT4G15475	16567;32446;70647;6464;36211;19538;43170;71704;8152;8150;44238;43412;44267;44260;44237;9987;6511;19941;51603;6508;44257;30163;9057;1901575;9056;44265;44248;43632;4842;19787;16740;3824;3674;31146;43161;10498;5634;43231;43227;43226;5575;43229;44424;44464;5623;5622;61630;61659;19005;31461;151;1990234;1902494;43234;32991;5737	7192	6938	7290	7388	7947.5	8371.5	4971.5	5348	7632	8934.5	5006	7627.5	3419	5941	1311.5	5325.5	7615.5	6657.5	2233.5	1160.5	2294	7259	7774	5222.5	104104.5	5.205.225
ORTHO009292	replication factor C 2	AT1G63160	34227;6400;9451;16070;44260;43170;71704;8152;8150;44237;9987;90304;6139;46483;6725;1901360;34641;6807;44238;43412;8033;34470;34660;6396;10467;6399;10311;9791;44767;32502;44699;44707;32501;7275;48645;48646;9653;48856;9887;48513;48731;10102;10101;10015;48364;22622;9886;48528;48569;48527;5737;44424;44464;5575;5623;5622;16783;16782;16740;3824;3674	7193	6830	5443	3693	7662	2425	4698	5213.5	4865	6156.5	5973.5	5699	7031	2711.5	2702.5	3976.5	3682	2199.5	4205.5	5852	4946	3374.5	2953.5	4291.5	82956.5	4.147.825
ORTHO009362	Adenine nucleotide alpha hydrolases-like superfamily protein	AT4G35910	6281;6259;44260;43170;71704;8152;8150;44237;9987;90304;6139;46483;6725;1901360;34641;6807;44238;6974;33554;51716;50896;6950;44763;44699;44710;5663;44427;44446;44422;5575;43226;44424;44464;5623;5622;43229;5694;43232;43228;43234;32991;5657;16887;17111;16462;16818;16817;16787;3824;3674;5634;43231;43227;3689;33170;8094;42623;3677;3676;1901363;5488;97159	7194	6830	6434.25	5674.5	7662	5432.5	4118.5	5439.5	5355.5	3448	6543	4841.5	7743	2711.5	3521.5	3976.5	4548.5	2724.5	5128	6632	6180.5	4873	5021	5222.5	93461	4673.05
ORTHO005560	splicing factor-related	AT5G51300	45131;36002;3723;3676;1901363;5488;3674;97159;8380;6396;16070;44260;43170;71704;8152;8150;44237;9987;90304;6139;46483;6725;1901360;34641;6807;44238;10467;5515;5634;43231;43227;43226;5575;43229;44424;44464;5623;5622	7195	8590	7620.5	8046	8471	9114.5	6200	7762	5851.5	8934.5	6343	8905	3173	906.5	2163.5	8925	6409	663.5	6327	995	8400	3111.5	6854	8552	109590.5	5.479.525
ORTHO007813	switch subunit 3	AT2G33610	5634;43231;43227;43226;5575;43229;44424;44464;5623;5622;3677;3676;1901363;5488;3674;97159;6351;34645;44260;43170;71704;8152;8150;44237;9987;9059;1901576;9058;44249;97659;32774;16070;90304;6139;46483;6725;1901360;34641;6807;44238;34654;19438;44271;18130;1901362;10467;16514;90544;70603;44428;44446;44422;43234;32991;6355;1903506;2001141;31326;9889;19222;50789;65007;31323;50794;51252;19219;80090;51171;60255;10556;10468;2000112;3682;44877;5515;6338;16568;6325;43933;16043;71840;51276;6996	7196	5824	5274.5	3353	2982.5	1821.5	6741	5077	6584	8535.5	5726.5	7750	4677	3283.5	1812.5	3976.5	3167.5	1780	3653	4211	3539	2608	2825	3401.5	81170	4058.5
ORTHO002275	Integrase-type DNA-binding superfamily protein	AT3G23230;AT5G43410	5634;43231;43227;43226;5575;43229;44424;44464;5623;5622;6355;1903506;2001141;31326;9889;19222;50789;65007;8150;31323;50794;51252;19219;80090;51171;60255;10556;10468;2000112;3677;3676;1901363;5488;3674;97159;9873;160;35556;7165;51716;9987;50896;7154;44763;44699;44700;23052;9755;32870;9725;9719;10033;42221;71495;71310;70887;71369;9723;3700;1071;6351;34645;44260;43170;71704;8152;44237;9059;1901576;9058;44249;97659;32774;16070;90304;6139;46483;6725;1901360;34641;6807;44238;34654;19438;44271;18130;1901362;10467;10200;10243;1901698;1901700;43565;10186;10185;31347;80134;48583;31349;48584;48518	7197	7189	7245.5	7294	6194	5432.5	4118.5	4964	4740.5	7722.5	6543	2640.5	7743	2711.5	4124.5	5325.5	4942.5	4400	6185.5	8214	6431	4308.5	7554.5	5222.5	103324.5	5.166.225
ORTHO009953	transthyretin-like protein	AT5G58220	51997;16831;16830;16829;3824;3674;8152;8150;5576;5575;5777;42579;43231;43227;43226;43229;44424;44464;5623;5622;44444;5737;31234;19897;44459;44425;16020;5886;71944;19898;9898;98562;98552;51289;51260;51259;6461;65003;43933;16043;71840;9987;22607;44085;71822;70271;51262;1560;1558;40008;50789;65007;51128;50794;31668;51716;50896;71496;9605;7154;44763;44699;9991;33971;16812;16810;16787;19628;44282;44712;9056;44710;44281;72523;19439;6725;44237;44248;44270;34641;6807;1901361;1901360;71704;1901575;1901565;1901564;72521;46483;46700;46415;6082;6810;51234;51179;5515;5488;6144;9112;55086;6139;44238;9742;43401;9755;7165;44700;23052;32870;9725;9719;10033;42221;71495;71310;70887;71383;71407;14070;71396;33993;48545;71367;9741;97305;1901700;97306;1901701;5829;19428;43604;43603;44271;44249;9058;18130;1901362;1901576;255;1901566	7198	7303	6982	6766	8139.5	6417	5560.5	4826.5	5221.5	4253	7040	2937.5	7743	2711.5	2702.5	5325.5	8748.5	4253	5851	4258.5	5988	4067	6989	4898	99791.5	4.989.575
ORTHO009979	RNA-binding CRS1 / YhbY (CRM) domain-containing protein	AT4G31010	5739;43231;43227;43226;5575;43229;44424;44464;5623;5622;44444;5737;97034;70271;44085;71840;8150;6397;16071;16070;44260;43170;71704;8152;44237;9987;90304;6139;46483;6725;1901360;34641;6807;44238;6396;10467;30529;32991;9793;44702;22414;44699;3006;32502;9790;44767;48856;7275;44707;32501;48316;48608;61458;48731;9791;10154;3723;3676;1901363;5488;3674;97159;373;377;375;8380;97031	7199	5490	7302.5	7406	2982.5	5833.5	6651.5	4396	3185.5	5105	8095	4991	6227	1800.5	5034.5	3976.5	6027	5944.5	7042	2593.5	8618.5	6077	6365	6281	104244.5	5.212.225
ORTHO009754	CONTAINS InterPro DOMAIN/s: rRNA processing (InterPro:IPR013730)	AT4G03180	3674;5634;43231;43227;43226;5575;43229;44424;44464;5623;5622;6355;1903506;2001141;31326;9889;19222;50789;65007;8150;31323;50794;51252;19219;80090;51171;60255;10556;10468;2000112	7200	7564	6471.25	5742.5	8259	5248.5	4457	4826.5	7561.5	8319	6343	3034.5	3188	2711.5	1462	5325.5	4610.5	1780	5502	7576.5	5839	3854	6709	5433.5	93781.5	4.689.075
ORTHO008713	CHY-type/CTCHY-type/RING-type Zinc finger protein	AT5G25560	5634;43231;43227;43226;5575;43229;44424;44464;5623;5622;8270;46914;46872;43169;43167;5488;3674	7201	7573	7353	7505	6358.5	5516	4118.5	4964	6493	4146	6543	4162.5	7743	2711.5	4124.5	5325.5	4942.5	4400	7901.5	8214	6431	4423	7554.5	5222.5	104936.5	5.246.825
ORTHO007327	Ubiquitin-like superfamily protein	AT5G42220	5829;44444;44424;44464;5575;5623;5622;5737;5634;43231;43227;43226;43229	7202	7810	7868	8534	6664	7733	7901	6573	2505.5	2891.5	2653	4724	6895.5	6389.5	7619.5	6712.5	1221.5	4809.5	7862.5	7498.5	7860	7392.5	8520	8697.5	116460	5823
ORTHO009209	unknown protein	AT1G64680	9534;31976;9579;44424;44464;5575;5623;5622;31984;44446;44422;43226;43229;43227;44435;44444;5737;9536;43231;44434;9507;8150;9941;9526;31967;31975;3674	7203	6318	6591	5979	5651.5	5432.5	5163.5	5439.5	6225	8535.5	6543	4841.5	3250	2711.5	3521.5	3976.5	7337.5	2724.5	5128	5245.5	4321	4709	4843.5	5222.5	95171.5	4.758.575
ORTHO009659	septum site-determining protein (MIND)	AT5G24020	5524;35639;1901265;1901363;5488;3674;97159;43168;43167;32559;30554;17076;166;36094;32555;32553;97367;32550;32549;1882;1883;9507;9536;43231;43227;43226;5575;43229;44424;44464;5623;5622;44444;5737;9570;9532;44435;44446;44422;44434;9941;9526;31967;31975;9706;9528;19866;31090;16020;42170;31969;918;1902410;32506;22402;44763;9987;8150;44699;7049;910;51301;1903047;278;61640;281;917;90529;22607;16043;71840;44085;16887;17111;16462;16818;16817;16787;3824;8152;5515;10020;9658;9657;6996;43572;48285;30899;42623;42803;42802;46983	7204	7579	6272	5340	8259	4675.5	7923	2962.5	5484	7862.5	5973.5	5489.5	7031	2711.5	2396.5	5325.5	3836.5	1617	4663	7138.5	4833.5	2677	4961.5	4174.5	91736.5	4.586.825
ORTHO009508	esterase/lipase/thioesterase family protein	AT3G50790	9793;44702;22414;8150;44699;3006;32502;9790;44767;48856;7275;44707;32501;48316;48608;61458;48731;9791;10154;16787;3824;3674;8152	7205	6859	3705.5	206	7662	3573	6977	3847	1328.5	4881	5141	1354.5	1352	138	136.5	3232.5	2662	398	1807.5	3061	2722.5	227	528	308	43675	2183.75
ORTHO009980	unknown protein	AT2G14045	6355;1903506;2001141;31326;9889;19222;50789;65007;8150;31323;50794;51252;19219;80090;51171;60255;10556;10468;2000112;5634;43231;43227;43226;5575;43229;44424;44464;5623;5622;3713;3712;989;988;3674	7206	6970	7342.5	7479	7947.5	5432.5	7665	4964	6225	3764.5	6543	8397	7743	2711.5	3521.5	5325.5	4761	2199.5	5851	6632	6180.5	4308.5	7335	5222.5	104782.5	5.239.125
ORTHO006587	microsomal glutathione s-transferase; putative	AT1G65820	16740;3824;3674;8152;8150;19370;6636;6633;72330;46394;16053;6082;71704;44281;44710;44699;44763;9987;44237;44283;44711;9058;1901576;44249;19752;43436;32787;6631;44255;6629;44238;8610;33559;6691;6690;1901568;46456;1901570;5773;43231;43227;43226;5575;43229;44424;44464;5623;5622;44444;5737;4602;4601;16684;16491;55114;16209;5783;12505;5794;4364;16765;16020;2540;2538;2532;44707;32501;6954;6952;6950;50896	7207	8173	7623	8039	7245.5	6313	8843	7935.5	8053.5	3007	7040	3775.5	5338.5	906.5	2396.5	8358	6298	663.5	7197.5	7498.5	6908	3955.5	7156	7860.5	109504.5	5.475.225
ORTHO010331	alpha/beta-Hydrolases superfamily protein	AT1G74640	9507;9536;43231;43227;43226;5575;43229;44424;44464;5623;5622;44444;5737;9535;55035;42651;34357;16020;44436;9579;44435;44446;44422;31976;31984;44434;9534;9941;9526;31967;31975;16787;3824;3674;8152;8150	7208	6477	4655.5	2103	7245.5	3896.5	3327	5348	3439	4656.5	3831.5	7623	1352	6389.5	1354.5	3976.5	4610.5	8080	2425	3061	2000	868	807.5	6210	73256	3662.8
ORTHO009504	DnaJ/Hsp40 cysteine-rich domain superfamily protein	AT2G34860	9535;55035;42651;34357;16020;5575;44436;44424;44464;5623;5622;9579;44435;44444;5737;44446;44422;43226;43229;9536;43231;43227;31976;31984;44434;9507;9534;9561;44767;32502;8150;44699;44707;32501;9553;48229;7275;48856;51082;5515;5488;3674;31072	7209	6236	8083.5	8958	5651.5	5833.5	6630.5	8931.5	7632	6551	3749	5572	8675.5	8072	8240.5	5325.5	6896.5	4887	7562	2835.5	7254	7301.5	7667.5	7591	127208	6360.4
ORTHO008279	Pentatricopeptide repeat (PPR) superfamily protein	AT4G38150	3674;5739;43231;43227;43226;5575;43229;44424;44464;5623;5622;44444;5737;8150	7210	6864	6790	6370	7662	6707.5	4118.5	2876.5	2684.5	7183	4391	2937.5	8898	6501	1725.5	3976.5	8456.5	7219.5	8447.5	1900	2280	8091	2576	6379.5	97349.5	4.867.475
ORTHO010402	unknown protein	AT1G53760	5739;43231;43227;43226;5575;43229;44424;44464;5623;5622;44444;5737;8150;5774;44437;44446;44422;5773;98588;31090;16020;98805;3674;9536	7211	6334	7629.5	8048	5651.5	6529	8324.5	5957	6823.5	3135	7594	3422.5	8306	2711.5	4462	3976.5	5864.5	3580	6531	7871	6180.5	5924	6040	6379.5	109612	5480.6
ORTHO006646	unknown protein	AT1G80700;AT1G80980	3674;5739;43231;43227;43226;5575;43229;44424;44464;5623;5622;44444;5737;8150	7212	7718	7014.5	6817	8139.5	8868.5	4971.5	7935.5	5754	7666.5	7040	3775.5	5338.5	906.5	2396.5	5325.5	4610.5	1780	5301	5606	5779	3374.5	5710.5	7952.5	100092.5	5.004.625
ORTHO010636	cytochrome P450; family 703; subfamily A; polypeptide 2	AT1G01280	10584;10208;45229;16043;71840;8150;9987;10927;44767;32502;44699;22607;44085;44763;48646;9653;48856;32989;48869;85029;30198;43062;9555;48229;7275;44707;32501;80110;19438;6725;44237;8152;44249;9058;16021;31224;44425;5575;16020;19825;5488;3674;16709;16705;16491;3824;55114;44710;4497;5506;46914;46872;43169;43167;20037;46906;1901363;97159;51792;6633;72330;46394;16053;6082;71704;44281;44283;44711;1901576;19752;43436;32787;6631;44255;6629;44238;8610;51791	7213	7232	3837.25	461.5	6194	3917	6933.5	3664	3974.5	5101	5062.5	7665	1352	138	136.5	3099	2705	182.5	1567	2805.5	2686	146	353.5	229.5	51718	2585.9
ORTHO010381	PsbQ-like 3	AT2G01918	9535;55035;42651;34357;16020;5575;44436;44424;44464;5623;5622;9579;44435;44444;5737;44446;44422;43226;43229;9536;43231;43227;31976;31984;44434;9507;9534;9654;98796;43234;32991;44425;1990204;1902494;9523;9521;9544;98807;9767;22900;6091;44237;8152;8150;9987;55114;44710;44699;44763;19684;15979;45156;9055;3674;5509;46872;43169;43167;5488;19898	7214	6425	5942.75	4671.5	7245.5	2295.5	8076	5439.5	5355.5	3688.5	3136.5	4991	7743	2711.5	2702.5	3976.5	4761	2558	5128	6632	4226.5	4709	4927.5	5222.5	88280.5	4.414.025
ORTHO007414	Adenine nucleotide alpha hydrolases-like superfamily protein	AT5G47740	5634;43231;43227;43226;5575;43229;44424;44464;5623;5622;16787;3824;3674;8152;8150	7215	6584	6713.5	6212	5748	9124	7947.5	7331	2828	8934.5	4810	2803.5	2733	6238	4124.5	3976.5	8107.5	8438.5	3046	3061	77	8706	2730.5	1414.5	96431.5	4.821.575
ORTHO010027	RING/U-box superfamily protein	AT5G20910	16567;32446;70647;6464;36211;19538;43170;71704;8152;8150;44238;43412;44267;44260;44237;9987;4842;19787;16740;3824;3674;9788;9968;9966;10646;50794;50789;65007;48583;23051;48585;48519;10648;48523;23057;1901420;1901419;9787;8270;46914;46872;43169;43167;5488;16874;9738;9755;7165;51716;50896;7154;44763;44699;44700;23052;32870;9725;9719;10033;42221;71495;71310;70887;71215;9737;33993;97305;1901700;1101;71396;97306;1901701;71229;5829;44444;44424;44464;5575;5623;5622;5737;5515;5634;43231;43227;43226;43229	7216	5530	6559	5902	2982.5	8323	3430	5957	7748	3240.5	2216.5	3422.5	3591.5	1800.5	5034.5	3976.5	5864.5	3580	4388	7871	6180.5	6027.5	6040	6057.5	94749.5	4.737.475
ORTHO006818	acyl-CoA dehydrogenase-related	AT3G06810	5777;42579;43231;43227;43226;5575;43229;44424;44464;5623;5622;44444;5737;48767;60560;48589;44767;32502;8150;44699;40007;9653;48856;48588;16049;44763;9987;48468;48869;30154;80147;48765;10053;90627;10015;48364;48513;48731;7275;44707;32501;22622;90558;9888;48764;48469;21700;10054;50660;50662;48037;5488;3674;43168;43167;166;36094;1901265;1901363;97159;9055;33539;6635;9062;44242;16042;44712;9056;8152;44710;6629;71704;44238;1901575;44255;44237;44248;72329;46395;16054;44282;44281;6082;19752;43436;32787;6631;19395;34440;30258;55114;16491;3824;55088;48878;42592;65008;65007;52890;16627;62;1901681;3995	7217	6527	6689	6161	7245.5	4101	4341	5568.5	5028	7722.5	6912.5	8522.5	7743	2711.5	3936.5	3976.5	6162	2724.5	3653	8320	5265	3026	1235	5222.5	96171.5	4.808.575
ORTHO008514	SET domain-containing protein	AT2G18850	15035;15036;16667;16491;3824;3674;8152;8150;55114;44710;44699;45454;19725;42592;65008;65007;44763;9987;50794;50789;9507;9536;43231;43227;43226;5575;43229;44424;44464;5623;5622;44444;5737;9570;9532;44435;44446;44422;44434;6662;18904;71704;44281	7218	4664.5	7425	7632	2982.5	8600	7019.5	2728	8656.5	2284	3526	4421	7189	8210.5	7804.5	7782	4761	4326.5	516	3165	4833.5	6429	6282.5	7223	105757.5	5.287.875
ORTHO008198	Tetratricopeptide repeat (TPR)-like superfamily protein	AT3G04130	8150;5739;43231;43227;43226;5575;43229;44424;44464;5623;5622;44444;5737;3674	7219	8049	6593.5	5968	7245.5	5432.5	2528	8028.5	4740.5	4818	2539	8397	3152	906.5	2910	5325.5	494	2199.5	7612.5	8214	7925	4308.5	7335	8258.5	95124.5	4.756.225
ORTHO009623	NAD(P)H:plastoquinone dehydrogenase complex subunit O	AT1G74880	6810;51234;51179;8150;9535;55035;42651;34357;16020;5575;44436;44424;44464;5623;5622;9579;44435;44444;5737;44446;44422;43226;43229;9536;43231;43227;31976;31984;44434;9507;9534;48038;48037;5488;3674;10598;98796;43234;32991;44425;16655;16651;16491;3824;8152;55114;44710;44699;5886;71944;10258;10257;43623;6461;65003;43933;16043;71840;9987;22607;44085;71822;70271;34622	7220	4689	7909.5	8599	2982.5	332.5	7562.5	7084	7325.5	2551	8095	8194	7554	8316	7999	7782	831.5	4982.5	5648	8214	6578.5	7147.5	8026.5	3635.5	117859.5	5.892.975
ORTHO010378	Nucleotidyltransferase family protein	AT2G39740	5737;44424;44464;5575;5623;5622;50265;70569;16779;16772;16740;3824;3674;8152;8150;71076;31123;6396;16070;44260;43170;71704;44237;9987;90304;6139;46483;6725;1901360;34641;6807;44238;10467;60964;60147;60968;50794;50789;65007;60966;5634;43231;43227;43226;43229	7221	6445	8191.5	9162	7245.5	7278	8645.5	6906	8676	4981	8537.5	4905	8859	7213.5	8452	5325.5	7240	5452.5	7950	8721.5	7786.5	7683.5	8202.5	8159	140974.5	7.048.725
ORTHO006256	D-aminoacyl-tRNA deacylases	AT2G03800	9636;42221;50896;8150;9507;9536;43231;43227;43226;5575;43229;44424;44464;5623;5622;44444;5737;19478;1901606;1901605;6520;1901564;71704;8152;6807;19752;43436;6082;44281;44710;44699;44763;9987;44237;44238;9063;46395;16054;44282;44712;9056;1901575;44248;1901565;46416;5634;46872;43169;43167;5488;3674;51499;52689;16788;16787;3824;5829	7222	6483	6901.5	6581	7245.5	5155.5	3628.5	5213.5	6584	6573.5	5973.5	3686.5	7963	2711.5	3936.5	3976.5	5108	3121	5851	7194	5422.5	5603	5407	5601	98710	4935.5
ORTHO001187	PLANT CADMIUM RESISTANCE 2	AT1G14870;AT5G35525	5886;16020;5575;44464;5623;71944;6979;6950;50896;8150;16021;31224;44425;5737;44424;5622;3674	7223	7567	7036	6849	6358.5	5621	5223.5	5121.5	6379.5	2945.5	2809.5	4162.5	7743	2711.5	3721.5	5325.5	5194	3121	6185.5	5400	8019	4709	7611.5	8332.5	100337	5016.85
ORTHO008295	translocase of the inner mitochondrial membrane 13	AT1G61570	5743;19866;31090;16020;5575;44422;43226;43227;44424;44464;5623;5622;31967;31975;44446;43229;31966;44429;44444;5737;5739;43231;5740;71806;15031;45184;51234;51179;8150;8104;33036;71702;6810;55085;44763;9987;44699;44765;1902578;5758;31970;31974;9507;9536;6626;1902580;51641;6605;6886;46907;51649;34613;70727;1902582;16482;70585;33365;6839;72655;72594;7005;6996;16043;71840;5507;46914;46872;43169;43167;5488;3674;15450;15405;15399;22804;22857;5215;8320;8565;22892;22884;22891	7224	7325	5456.75	3689.5	8139.5	5090	4457	3003.5	2367.5	4529.5	78.5	6998.5	7377.5	3450.5	2702.5	5325.5	8154.5	4595	5851	6860	6431	461	241.5	4972	82946.5	4.147.325
ORTHO001149	Histone superfamily protein	AT1G07790;AT2G28720;AT3G45980	9507;9536;43231;43227;43226;5575;43229;44424;44464;5623;5622;44444;5737;5634;3677;3676;1901363;5488;3674;97159;5515;9570;9532;44435;44446;44422;44434;5730;44428;43232;43228;31981;70013;43233;31974;9534;31976;9579;31984	7225	9090	7712.5	8200	9096.5	8728	9141.5	3203	3083	8934.5	3831.5	7565	1352	6501	7844	9148	2923	8678.5	8853.5	3448	3296.5	1154	4544.5	8966	111195.5	5.559.775
ORTHO006713	methyltransferases	AT3G26410	8168;16741;16740;3824;3674;8152;8150;32259;80180;1901068;46128;9119;9116;55086;6139;46483;44237;9987;6725;1901360;71704;34641;6807;44238;44281;44710;44699;44763;1901564;1901657;1901135;42278;72521;3676;1901363;5488;97159;6400;9451;16070;44260;43170;90304;43412;8033;34470;34660;6396;10467;6399;5737;44424;44464;5575;5623;5622	7226	7222	8145.5	9065	6194	7633.5	7851	3987	2592	5347.5	8364	8855.5	8519	7101	8093.5	6712.5	6752	5720	7042	8776	7786.5	7016	6194.5	7315.5	131659	6582.95
ORTHO010356	unknown protein	AT1G75150	3674;5634;43231;43227;43226;5575;43229;44424;44464;5623;5622;8150	7227	6459	7638	8049	7245.5	8560	7311	2185	2666	7094.5	6763.5	7085	8519	7213.5	8061.5	5325.5	7051	4747.5	4016	1900	5988	5603	1937.5	7591	109618.5	5.480.925
ORTHO010799	Sec14p-like phosphatidylinositol transfer family protein	AT5G47510	5886;16020;5575;44464;5623;71944;139;98588;31090;44422;43226;43227;44431;44444;44424;5622;5737;44446;43229;5794;43231;12505;5215;3674;6810;51234;51179;8150;15031;45184;8104;33036;71702	7228	7272	7563.5	7899	7947.5	5904	8324.5	5213.5	3895.5	4799	7734.5	2467.5	8094	2711.5	3936.5	5325.5	5561	3121	6531	8478	7052	5213.5	7946.5	5806	108115	5405.75
ORTHO009167	translation elongation factor Ts (EF-Ts); putative	AT4G11120	3746;8135;3723;3676;1901363;5488;3674;97159;6412;43043;43604;43603;34641;6807;8152;8150;44237;9987;44271;44249;9058;6518;1901564;71704;1901566;1901576;44267;19538;43170;44238;44260;34645;9059;10467;6414;5739;43231;43227;43226;5575;43229;44424;44464;5623;5622;44444;5737	7229	7762	5619.5	4010	8139.5	4332	7872	4462	5144	6889	6070	6080.5	4492.5	3374	1677.5	5325.5	8899	1494	4388	4925	3978	940	876	3635.5	84854.5	4.242.725
ORTHO009660	L-aspartate oxidase	AT5G14760	8734;1716;16641;16638;16491;3824;3674;8152;8150;55114;44710;44699;15922;9435;19674;46496;19362;6733;6732;51186;44237;9987;9117;6753;19637;71704;6793;55086;6139;46483;6725;1901360;34641;6807;44238;44281;44763;6796;72524;1901564;19359;19363;9108;51188;44249;9058;9165;1901293;90407;1901576;34654;19438;44271;18130;1901362;44711;72525;1901566;44318;9507;9536;43231;43227;43226;5575;43229;44424;44464;5623;5622;44444;5737;5739	7230	5492	7034.5	6839	2982.5	3896.5	3758	2185	8149.5	8934.5	4962	6797	7031	5926.5	1311.5	3976.5	6648.5	7697.5	2419.5	3165	1472.5	7814.5	7554.5	6553	100253	5012.65
ORTHO004973	replicon protein A2	AT2G24490	5515;5488;3674;6281;6259;44260;43170;71704;8152;8150;44237;9987;90304;6139;46483;6725;1901360;34641;6807;44238;6974;33554;51716;50896;6950;44763;44699;44710;16458;10629;10605;9892;48519;50789;65007;19222;60255;10468;5634;43231;43227;43226;5575;43229;44424;44464;5623;5622;6260;34645;9059;1901576;9058;44249;3677;3676;1901363;97159	7231	6748	4240	1249	5362.5	3980	7110	6323	2701	5497	6173.5	4111	4297.5	1321.5	3936.5	3023.5	3120.5	1295.5	2809	2805.5	3529.5	961.5	1306.5	1282	65584.5	3.279.225
ORTHO000376_3	cationic amino acid transporter 8	AT1G17120	15802;6865;71705;6810;51234;51179;8150;46942;15849;44765;1902578;44699;71702;15711;6820;6811;5774;44437;44444;44424;44464;5575;5623;5622;5737;44446;44422;43226;43229;5773;43231;43227;98588;31090;16020;98805;5886;71944	7232	8729	7761.5	8291	8678	6382	8843	7762	5484	3448	8232.5	3835.5	5195	590	2163.5	8925	6692.5	1568.5	8344	6001	8771.5	3111.5	8372.5	8639.5	112361.5	5.618.075
ORTHO009901	unknown protein	AT2G33585	3674;8150;5739;43231;43227;43226;5575;43229;44424;44464;5623;5622;44444;5737	7233	5718.5	6202	5171	2982.5	5285	4341	4208	3933.5	6422.5	6543	5903.5	5467.5	1800.5	3521.5	3976.5	1155.5	5886.5	5851	7194	5170.5	4612.5	4887	4678.5	90838	4541.9
ORTHO010510	phloem protein 2-A1	AT4G19840	43394;1948;5515;5488;3674;97367;30246;9625;51707;43207;9605;50896;8150;9607;51704;5634;43231;43227;43226;5575;43229;44424;44464;5623;5622	7234	6297	7965	8696	7245.5	1885	8282	5957	7831	8063.5	7734.5	7207	3550	7101	7844	5325.5	5764.5	4253	6700.5	7871	5265	6576.5	6282.5	6379.5	119873	5993.65
ORTHO011180	Tetratricopeptide repeat (TPR)-like superfamily protein	AT5G59600	3674;8150;5739;43231;43227;43226;5575;43229;44424;44464;5623;5622;44444;5737	7235	8032	6940	6645	7245.5	4148.5	4856.5	8726.5	5619	8168.5	4069.5	6518	4380.5	1184.5	1579	5325.5	8604.5	3121	5589.5	6754	6908	1613	4927.5	7028	99121.5	4.956.075
ORTHO008030	structural constituent of nuclear pore	AT2G45000	5829;44444;44424;44464;5575;5623;5622;5737;15031;45184;51234;51179;8150;8104;33036;71702;6810;5515;5488;3674;5643;44428;44446;44422;43226;43229;5634;43231;43227;5635;31967;31975;12505;51028;50658;50657;15931;71705;51236;6403	7236	5440	8166	9096	2982.5	7812.5	3327	7290.5	7978	1155	8232.5	8855.5	1352	8485	8203.5	6712.5	7337.5	5824	8380.5	8942.5	8618.5	8223.5	8520	8062	133312.5	6.665.625
ORTHO005190	Protein of unknown function; DUF599	AT5G46060	8150;3674	7237	8967	7953	8669	8984.5	7278	8843	8381.5	5754	5163	7999	6756	4444	401	5718	8737.5	6549	241.5	8655.5	6240	8228.5	3453.5	7435.5	8942.5	119221	5961.05
ORTHO008499	Glyceraldehyde-3-phosphate dehydrogenase-like family protein	AT5G21060	9086;97;96;6790;44237;8152;8150;9987;6520;1901564;71704;6807;19752;43436;6082;44281;44710;44699;44763;44238;44272;44249;9058;8652;46394;16053;44283;44711;1901576;1901566;9067;9066;1901605;1901607;6555;4412;16616;16614;16491;3824;3674;55114;5829;44444;44424;44464;5575;5623;5622;5737;9097;9082;9081;6549;9088;6566	7238	7554	6730.5	6223	8259	5090	4457	4826.5	6584	6687	7040	4059.5	7377.5	2711.5	2702.5	5325.5	4548.5	1888	5027.5	7576.5	5779	3609.5	6538.5	4678.5	96507	4825.35
ORTHO009582	Chalcone-flavanone isomerase family protein	AT3G63170	6631;44255;6629;71704;8152;8150;44710;44699;44238;44763;9987;44237;32787;19752;43436;6082;44281;9941;9526;31967;31975;44464;5575;5623;44446;44422;43226;44424;5622;43229;43227;44435;44444;5737;9536;43231;44434;9507;5504;33293;31406;43177;36094;5488;3674;43168;43167;8289;45430;16872;16853;3824;9813;9812;1901576;9058;9570;9532;5739	7239	6935	6068	4897	6100.5	5047	5261.5	4734	5754	1709.5	7040	4059.5	7377.5	2711.5	2702.5	5325.5	7354	1780	5128	3676.5	5422.5	3453.5	6326.5	4678.5	89542	4477.1
ORTHO008222	Peptidase S24/S26A/S26B/S26C family protein	AT3G08980	8236;70011;8233;16787;3824;3674;8152;8150;6508;19538;43170;71704;44238;17171;5739;43231;43227;43226;5575;43229;44424;44464;5623;5622;44444;5737;16020	7240	6823	7967	8694	7662	1926	8704	7192	2592	3293	3461	8787	1352	7536	8593.5	6712.5	2714	6440	8173	8832.5	8935.5	7897.5	8290	8367.5	119799	5989.95
ORTHO002740	target of rapamycin	AT1G50030	16301;16772;16740;3824;3674;8152;8150;16310;6796;6793;44237;9987;10507;10506;31329;9894;19222;50789;65007;31323;50794;31330;9895;9892;48519;31324;48523;9303;98781;34660;16070;44260;43170;71704;90304;6139;46483;6725;1901360;34641;6807;44238;6351;34645;9059;1901576;9058;44249;97659;32774;34654;19438;44271;18130;1901362;10467;9791;44767;32502;44699;44707;32501;7275;5515;5488;5524;35639;1901265;1901363;97159;43168;43167;32559;30554;17076;166;36094;32555;32553;97367;32550;32549;1882;1883;4674;4672;16773;6468;6464;36211;19538;43412;44267;5737;44424;44464;5575;5623;5622;975;3677;3676;1067;30307;45927;48518;40008;1558;51128;48522;40019;51240;51239;51094;50793;45995;2000026;9793;44702;22414;3006;9790;48856;48316;48608;61458;48731;10154;16303;35004;46854;46488;6650;6644;19637;44255;6629;44710;44763;46486;46834;30258;52742;36092;6661;46474;45017;8610;44711;8654;90407;5634;43231;43227;43226;43229;45893;10628;10604;9893;60255;10468;1903508;1903506;2001141;31326;9889;51252;19219;80090;51171;10556;1902680;51254;45935;31325;51173;31328;9891;10557;6355;2000112;5886;16020;71944;42802;2000234;2000232;90069;44087;90070;44089;43621	7241	7732	7872.5	8504	8139.5	2931.5	4785	9095	5028	8934.5	3831.5	7471	1352	7850	4124.5	8660.5	8604.5	5720	5851	8721.5	5988	7259	2564	7120	115891.5	5.794.575
ORTHO009625	FUNCTIONS IN: molecular_function unknown	AT1G16290	8150;5634;43231;43227;43226;5575;43229;44424;44464;5623;5622;5773;44444;5737;3674;9507;9536	7242	7783	4847	2452	5552	8077	7099.5	8256	4526.5	6273	4363	5960	1352	401	1432	3023.5	8505.5	1051.5	762.5	3061	3417.5	1613	3779	2784	75737.5	3.786.875
ORTHO006201	protein kinase family protein / protein phosphatase 2C ( PP2C) family protein	AT2G40860	5524;35639;1901265;1901363;5488;3674;97159;43168;43167;32559;30554;17076;166;36094;32555;32553;97367;32550;32549;1882;1883;4674;4672;16301;16772;16740;3824;8152;8150;16310;6796;6793;44237;9987;16773;6468;6464;36211;19538;43170;71704;44238;43412;44267;44260;4722;4721;16791;42578;16788;16787;16311;6470;46872;43169;5575	7243	4959	7186	7129	2982.5	6898	2627.5	6428.5	7455	1282.5	6763.5	998	6895.5	1800.5	5523	3976.5	6825	3580	7435.5	7194	8083.5	4709	6854	6949.5	102279	5113.95
ORTHO010408	unknown protein	AT3G48120	8150;3674;5737;44424;44464;5575;5623;5622	7244	6403	7544.75	7845.5	7245.5	6529	8324.5	5957	6823.5	1155	7594	3422.5	8306	2711.5	4462	3976.5	5864.5	3580	6531	7871	6180.5	5924	6040	6379.5	107632	5381.6
ORTHO010070	unknown protein	AT1G62780	9570;9532;44435;44444;44424;44464;5575;5623;5622;5737;44446;44422;43226;43229;9536;43231;43227;44434;9507;3674;8150	7245	5513.5	4399.5	1554	2982.5	1821.5	6829	2460.5	3783.5	6687	3917	6240	4677	3283.5	1812.5	3976.5	3167.5	2724.5	3792	1426	1685.5	3311	3538	3565	68697.5	3.434.875
ORTHO008188	RNA-binding (RRM/RBD/RNP motifs) family protein	AT5G12190	5634;43231;43227;43226;5575;43229;44424;44464;5623;5622;5689;5681;44428;44446;44422;30529;32991;71013;398;6397;16071;16070;44260;43170;71704;8152;8150;44237;9987;90304;6139;46483;6725;1901360;34641;6807;44238;6396;10467;377;375;8380;166;36094;5488;3674;1901265;1901363;97159;3723;3676;5684;71011;5686;97525;30532	7246	7358	4577.5	1909	6358.5	4088	7239	3123	5619	5716	4322.5	6741.5	1352	4376.5	4792.5	8583	125.5	5720	1589	1764.5	1003	940	470	4413.5	71978.5	3.598.925
ORTHO008686	ALG6; ALG8 glycosyltransferase family	AT2G44660	5789;98588;31090;16020;5575;44422;43226;43227;44432;44444;44424;44464;5623;5622;5737;44446;43229;5783;43231;12505;44425;42175;6486;44763;9987;8150;44699;6464;36211;19538;43170;71704;8152;44238;43412;44267;44260;44237;43413;70085;44723;5975;44710;9101;9100;1901135;34645;9059;1901576;9058;44249;1901137;16757;16740;3824;3674;16758;16021;31224	7247	5516	5560.5	3874	2982.5	1500	3960	2545	2367.5	8934.5	2809.5	3872	5740	1800.5	3936.5	3976.5	5032.5	3121	5502	7299	5422.5	5603	5407	5222.5	84051.5	4.202.575
ORTHO002343	PHD finger transcription factor; putative	AT5G58610	6355;1903506;2001141;31326;9889;19222;50789;65007;8150;31323;50794;51252;19219;80090;51171;60255;10556;10468;2000112;5634;43231;43227;43226;5575;43229;44424;44464;5623;5622;3677;3676;1901363;5488;3674;97159;8270;46914;46872;43169;43167;10200;10243;9719;50896;10033;42221;1901698;1901700	7248	8596	7553	7858	8471	6313	8843	8789	5994	3948	8232.5	8654.5	1352	590	2163.5	8358	6549	934	8344	7692.5	1185	3955.5	7156	8697.5	107751	5387.55
ORTHO008216	binding	AT2G06210	6351;34645;44260;43170;71704;8152;8150;44237;9987;9059;1901576;9058;44249;97659;32774;16070;90304;6139;46483;6725;1901360;34641;6807;44238;34654;19438;44271;18130;1901362;10467;16571;6479;43414;32259;43412;8213;6464;36211;19538;44267;16570;16569;16568;6325;43933;16043;71840;51276;6996;1902589;44763;44699;44710;9910;48581;48580;2000026;50793;50789;65007;51239;51241;48519;51093;2000242;2000241;9909;48831;45893;10628;10604;9893;48518;19222;60255;10468;1903508;1903506;2001141;31326;9889;31323;50794;51252;19219;80090;51171;10556;1902680;51254;45935;31325;48522;51173;31328;9891;10557;6355;2000112;5634;43231;43227;43226;5575;43229;44424;44464;5623;5622;16020;9908;90567;48608;3006;32502;22414;48856;61458;48731;7275;44767;44707;32501;44702;9791;48367	7249	5461	6847.5	6446	2982.5	6679.5	5382	3608	3302	8535.5	4601	7561	5467.5	1800.5	3521.5	3976.5	8587.5	8196	2561	2326	7386	4709	4927.5	4678.5	97806.5	4.890.325
ORTHO003833	Late embryogenesis abundant protein; group 6	AT2G23110;AT2G33690	3674;5829;44444;44424;44464;5575;5623;5622;5737;8150	7250	8530	5075.5	2901	6100.5	6986.5	3327	8467.5	5619	4115.5	7040	7259.5	1352	474.5	1432	3976.5	3200.5	1180.5	6056.5	5337	3942	1827.5	4481.5	2501.5	78577	3928.85
ORTHO010329	unknown protein	AT3G60810	3674;8150;5575	7251	6415	6906.25	6561.5	7245.5	7207	5303	6142.5	2069	2591.5	6763.5	3218	8519	2711.5	4842.5	3976.5	6722.5	3949	7042	5094	2039	6266	6854	7266.5	98577	4928.85
ORTHO009266	RNA recognition motif (RRM)-containing protein	AT3G47120	3723;3676;1901363;5488;3674;97159;8150;3677;46872;43169;43167;166;36094;1901265	7252	6839	7136	7020	7662	6529	3513	5957	5994	2630.5	6343	3422.5	8306	2711.5	4462	3976.5	8818.5	3580	6531	7871	2497	5924	6040	6379.5	101486	5074.3
ORTHO004030	microfibrillar-associated protein-related	AT4G08580;AT5G17900	9507;9536;43231;43227;43226;5575;43229;44424;44464;5623;5622;44444;5737;8150;3674;5634;5576	7253	7798	5731	4209	8202.5	5285	7151.5	7935.5	2995.5	2081	7382.5	2937.5	5338.5	906.5	2910	5325.5	693.5	2199.5	5648	3061	6180.5	3754	6040	8111.5	85937	4296.85
ORTHO005252	DNA binding	AT3G13940	5634;43231;43227;43226;5575;43229;44424;44464;5623;5622;6351;34645;44260;43170;71704;8152;8150;44237;9987;9059;1901576;9058;44249;97659;32774;16070;90304;6139;46483;6725;1901360;34641;6807;44238;34654;19438;44271;18130;1901362;10467;3899;34062;16779;16772;16740;3824;3674	7254	8082	5437	3620	5552	8947.5	3513	8569.5	5144	7350.5	6912.5	8482.5	2974.5	401	1354.5	3023.5	3167.5	1114.5	4059	5337	3870	1695	4391	2314	82621	4131.05
ORTHO008335	molybdopterin biosynthesis MoaE family protein	AT2G43760	5737;44424;44464;5575;5623;5622;6777;9108;51188;51186;44237;8152;8150;9987;44249;9058;6732;19538;43170;71704;44238;19720;43545;19637;6793;51189;44267;44260;46483;1901360;1901564;6807;6796;32324;18130;1901362;1901576;90407;1901566;19008;43234;32991;30366;16783;16782;16740;3824;3674;5829;44444	7255	7675	5706	4157	7947.5	6227.5	4856.5	4640	5484	1058	6173.5	5231.5	7031	2711.5	2163.5	5325.5	4191.5	1780	4263.5	5447	5265	2433.5	3621	7768	85672	4283.6
ORTHO006024	proteasome activating protein 200	AT3G13330	6281;6259;44260;43170;71704;8152;8150;44237;9987;90304;6139;46483;6725;1901360;34641;6807;44238;6974;33554;51716;50896;6950;44763;44699;44710;5634;43231;43227;43226;5575;43229;44424;44464;5623;5622;502;43234;32991	7256	5857	8019.5	8783	6664	7780	6249.5	3123	8656.5	6988	8947	9106.5	1352	5596	934	3976.5	7809	7251.5	8838	4211	8798.5	8706	4843.5	8795.5	121962	6098.1
ORTHO007830	disproportionating enzyme	AT5G64860	5983;9251;272;5976;5975;71704;8152;8150;44238;43170;16052;1901575;9056;9057;44042;44247;44264;44260;44237;9987;44262;44275;44248;5982;6073;9501;9536;43231;43227;43226;5575;43229;44424;44464;5623;5622;44444;5737;25;46352;5984;9311;44723;44710;44699;44763;9313;44724;44712;23;4134;16758;16757;16740;3824;3674;4133;5977;6112;15980;6091;55114;9507;6006;19318;5996;44281	7257	5381	7074	6891	2982.5	1959	7245.5	6142.5	7183.5	3055	1483.5	3218	6617.5	1800.5	5175	3976.5	6409	3949	7042	8320	7386	6266	6854	6553	100635.5	5.031.775
ORTHO005353	DNAJ heat shock N-terminal domain-containing protein	AT2G35720	9536;43231;43227;43226;5575;43229;44424;44464;5623;5622;44444;5737;55122;9642;9416;9314;9628;50896;8150;6457;9987;10228;3006;32502;22414;48608;48856;61458;48731;7275;44767;44699;44707;32501;9791;5515;5488;3674;9507;16021;31224;44425;16020	7258	7526	8142	9026	6358.5	7051	4698	8256	6823.5	8231.5	8167.5	8939	8380	7101	7917.5	6712.5	6825	4400	7042	8675.5	7052	4612.5	2553	6210	129647.5	6.482.375
ORTHO008468	early nodulin-related	AT5G25940	5739;43231;43227;43226;5575;43229;44424;44464;5623;5622;44444;5737;3674	7259	6136	5460.5	3662	7245.5	1329	8474	2392	6584	698.5	2539	3422.5	1352	4344	5254.5	3976.5	5329.5	5452.5	6700.5	2326	5637	5924	5649	5433.5	82818	4140.9
ORTHO009563	Peptidase S41 family protein	AT4G17740	9579;44424;44464;5575;5623;5622;9543;31978;31977;44436;44435;44444;5737;44446;44422;43226;43229;9536;43231;43227;31976;31984;44434;9507;9534;8236;70011;8233;16787;3824;3674;8152;8150;6508;19538;43170;71704;44238;17171;5576;35556;7165;50794;50789;65007;51716;9987;50896;7154;44763;44699;44700;23052;5739	7260	6427	6290.5	5321	7245.5	8892	5504	5348	2828	5910.5	6343	5395	7743	2711.5	2702.5	3976.5	4346.5	2558	4715	4060.5	4226.5	4612.5	4843.5	4898	91614.5	4.580.725
ORTHO009487	Cyclophilin-like peptidyl-prolyl cis-trans isomerase family protein	AT1G74070	9507;9536;43231;43227;43226;5575;43229;44424;44464;5623;5622;44444;5737;9534;31976;9579;31984;44446;44422;44435;44434;6457;9987;8150;413;18208;18193;6464;36211;19538;43170;71704;8152;44238;43412;44267;44260;44237;9543;31978;31977;44436;42277;33218;5488;3674;3755;16859;16853;3824	7261	6338	6822.5	6384	7245.5	6529	8324.5	2460.5	2301	3457	2402	8107.5	1352	2711.5	4462	3976.5	8662	3750.5	6531	7871	6180.5	5924	6040	6379.5	97422	4871.1
ORTHO009856	FUNCTIONS IN: molecular_function unknown	AT3G05390	5794;43231;43227;43226;5575;43229;44424;44464;5623;5622;44444;5737;12505;8168;16741;16740;3824;3674;8152;8150;32259	7262	6429	7330.5	7399	7245.5	6529	8324.5	2460.5	8101	3751	7594	3422.5	3467	2711.5	4462	3976.5	5864.5	3750.5	6531	8721.5	6180.5	5924	6040	6379.5	104191	5209.55
ORTHO009319	unknown protein	AT2G21960	9534;31976;9579;44424;44464;5575;5623;5622;31984;44446;44422;43226;43229;43227;44435;44444;5737;9536;43231;44434;9507	7263	6339	6628	5993	7245.5	739.5	8054.5	5439.5	5355.5	6889	6343	5209	7743	2711.5	3047.5	3976.5	7324	2558	4830.5	6467.5	4226.5	4612.5	4693	5007.5	95228	4761.4
ORTHO001915	aldehyde dehydrogenase  6B2	AT2G14170	55114;44710;8152;8150;44699;6979;6950;50896;5737;44424;44464;5575;5623;5622;5739;43231;43227;43226;43229;44444;4028;16620;16903;16491;3824;3674;5507;46914;46872;43169;43167;5488	7264	8200	6886.5	6509	7245.5	5773	6651.5	7527.5	5851.5	7247	6173.5	7376	4617.5	1184.5	1812.5	8358	5365	663.5	6056.5	4586	5988	1466	3072.5	8456	98226	4911.3
ORTHO003618	ARM repeat superfamily protein	AT1G12930	31965;31090;16020;5575;44422;43226;43227;44428;44446;44424;44464;5623;5622;43229;5634;43231;5635;31967;31975;12505;5737;8139;5048;42277;33218;5488;3674;6606;17038;15031;45184;51234;51179;8150;8104;33036;71702;6810;44765;1902578;44699;6886;46907;51649;51641;34613;70727;34504;33365;1902580;1902593;1902582;51170;6913;16482;51169;72594;44744;6605;8565;22892;5215	7265	5892	4588	1911	2982.5	2726.5	7507.5	5439.5	2338	1842.5	2992.5	4805.5	3406.5	1800.5	3521.5	5325.5	4548.5	2558	3653	2156.5	4384	4525.5	3662.5	4801	71995	3599.75
ORTHO008133	Tetratricopeptide repeat (TPR)-like superfamily protein	AT5G02130	10073;44767;32502;8150;44699;44707;32501;48507;9888;48856;48513;48731;7275;5739;43231;43227;43226;5575;43229;44424;44464;5623;5622;44444;5737;1901703;8104;33036;51179;9926;60918;9914;10817;65008;65007;44765;6810;51234;1902578	7266	8135	7254	7242	8300.5	1907.5	2951	7935.5	5754	7782	1623	8654.5	3087.5	906.5	2396.5	8358	8970.5	663.5	7281	7692.5	7489.5	4169	6989	8367.5	102978.5	5.148.925
ORTHO009123	unknown protein	AT2G33180	9570;9532;44435;44444;44424;44464;5575;5623;5622;5737;44446;44422;43226;43229;9536;43231;43227;44434;9507;8150;3674	7267	6518	7235	7203	7245.5	2446.5	4638.5	1823.5	4014	1584.5	2809.5	8712.5	1352	7343.5	8512	5325.5	7240	5518	8031	995	8153	7786.5	8290	8159	102734.5	5.136.725
ORTHO010080	Protein of unknown function (DUF155)	AT5G13610	5739;43231;43227;43226;5575;43229;44424;44464;5623;5622;44444;5737;3674;8150	7268	5623	6047.5	4827	2982.5	1500	4118.5	5568.5	5619	4809.5	7199	3686.5	3521	1800.5	4233.5	3976.5	5108	3121	5851	7012	5422.5	5603	5407	5601	89158	4457.9
ORTHO008555	RING/U-box superfamily protein	AT1G33480;AT4G10150	16567;32446;70647;6464;36211;19538;43170;71704;8152;8150;44238;43412;44267;44260;44237;9987;5634;43231;43227;43226;5575;43229;44424;44464;5623;5622;8270;46914;46872;43169;43167;5488;3674;16021;31224;44425;16020	7269	8142	7728	8187	8300.5	5432.5	7665	7935.5	1481	5884.5	6543	8763	3152	906.5	2910	8358	6825	867.5	7612.5	8025.5	7925	4873	7667.5	8258.5	111085.5	5.554.275
ORTHO010477	unknown protein	AT4G36440	8150;3674	7270	6447	6579.5	5889	7245.5	4598.5	8022.5	5348	7561.5	5506.5	3269.5	7870.5	7377.5	2711.5	2702.5	3976.5	4135	2558	4548.5	6274.5	4226.5	4525.5	4773	4678.5	94664.5	4.733.225
ORTHO011078	Tetratricopeptide repeat (TPR)-like superfamily protein	AT4G22760	8150;5739;43231;43227;43226;5575;43229;44424;44464;5623;5622;44444;5737	7271	8905	7933	8595	8884	5704	8759	7527.5	6823.5	7377.5	7886	8818.5	2949	401	5413.5	8925	6549	1051.5	7862.5	5094	8228.5	1910	7554.5	8942.5	117777	5888.85
ORTHO010068	Haloacid dehalogenase-like hydrolase (HAD) superfamily protein	AT1G14310	8152;8150;16787;3824;3674;5575	7272	5710	7580.75	7889.5	2982.5	1859.5	6361.5	6142.5	7183.5	8006.5	3596.5	2803.5	6731.5	7909	7582.5	5325.5	6208.5	4400	7042	2854.5	5637	6714	5263	6379.5	108000.5	5.400.025
ORTHO009680	Class I peptide chain release factor	AT1G33330	16149;3747;8079;8135;3723;3676;1901363;5488;3674;97159;6412;43043;43604;43603;34641;6807;8152;8150;44237;9987;44271;44249;9058;6518;1901564;71704;1901566;1901576;44267;19538;43170;44238;44260;34645;9059;10467;6415;43624;43241;32984;43933;16043;71840;22411;44763;44699;71822;43022;43021;44877;9507;9536;43231;43227;43226;5575;43229;44424;44464;5623;5622;44444;5737	7273	6358	7492	7711	7245.5	6529	8450	6142.5	2069	3581	1483.5	3218	8519	2711.5	5034.5	5325.5	6409	3949	7042	8320	7386	6266	6854	7190.5	106480	5324
ORTHO009835	Pentatricopeptide repeat (PPR-like) superfamily protein	AT5G16420	5739;43231;43227;43226;5575;43229;44424;44464;5623;5622;44444;5737;3674;8150	7274	7346	7258.5	7243	8139.5	6313	7978.5	4734	7561.5	8063.5	7040	4162.5	7189	2711.5	2702.5	5325.5	4464.5	1780	5128	7576.5	5422.5	3609.5	6538.5	4678.5	102979.5	5.148.975
ORTHO009523	unknown protein	AT5G66090	9570;9532;44435;44444;44424;44464;5575;5623;5622;5737;44446;44422;43226;43229;9536;43231;43227;44434;9507;3674	7275	6365	6173	5071	7245.5	5211.5	3758	5813.5	1545.5	8319	2653	2467.5	3390	2711.5	4124.5	3976.5	5329.5	3580	6185.5	7408.5	5637	5603	5617	7075	90406	4520.3
ORTHO009399	RING/U-box superfamily protein	AT3G19895	3674;5634;43231;43227;43226;5575;43229;44424;44464;5623;5622;8150	7276	4812	5177	3078	2982.5	3324	7698.5	6428.5	6584	2591.5	2809.5	3578.5	5740	1800.5	4462	6712.5	3548.5	2199.5	552.5	4331	3870	2837	4723.5	5806	79597.5	3.979.875
ORTHO002940	pentatricopeptide (PPR) repeat-containing protein	AT4G16390	9570;9532;44435;44444;44424;44464;5575;5623;5622;5737;44446;44422;43226;43229;9536;43231;43227;44434;9507;45727;10628;10604;9893;48518;50789;65007;8150;19222;60255;10468;31328;31326;9889;31323;50794;31325;48522;9891;10557;10556;6417;10608;32268;51246;80090;34248;51171;2000112;32270;51247;34250;51173;31425;6396;16070;44260;43170;71704;8152;44237;9987;90304;6139;46483;6725;1901360;34641;6807;44238;10467;166;36094;5488;3674;1901265;1901363;97159;9658;9657;6996;16043;71840;3723;3676	7277	8306	7833.5	8390	8763.5	8095.5	3129.5	7935.5	7561.5	4738.5	8314	8654.5	5338.5	906.5	2396.5	8358	6549	663.5	8344	6148	7386	4067	7244	7952.5	113782.5	5.689.125
ORTHO009631	Tetratricopeptide repeat (TPR)-like superfamily protein	AT2G41720	10501;16070;44260;43170;71704;8152;8150;44237;9987;90304;6139;46483;6725;1901360;34641;6807;44238;4004;8186;42623;16887;17111;16462;16818;16817;16787;3824;3674;3724;4386;8026;70035;9507;9536;43231;43227;43226;5575;43229;44424;44464;5623;5622;44444;5737	7278	4689	5308	3338	2982.5	4278	7339	6142.5	6584	2257.5	5973.5	2729	5740	1800.5	4233.5	6712.5	3367.5	2199.5	3199	6148	3675	2541	4366	1735.5	81021.5	4.051.075
ORTHO007362	glucose-inhibited division family A protein	AT2G13440	50660;50662;48037;5488;3674;43168;43167;166;36094;1901265;1901363;97159;2098;2097;6400;9451;16070;44260;43170;71704;8152;8150;44237;9987;90304;6139;46483;6725;1901360;34641;6807;44238;43412;8033;34470;34660;6396;10467;6399	7279	6037	5568.25	3857.5	6664	8743	5486.5	3065	5484	8535.5	6070	5763	4865.5	2711.5	2163.5	3976.5	3682	1568.5	1423.5	4211	3870	3754	4424	4174.5	83971.5	4.198.575
ORTHO004918	WRKY DNA-binding protein 49	AT5G43290	6351;34645;44260;43170;71704;8152;8150;44237;9987;9059;1901576;9058;44249;97659;32774;16070;90304;6139;46483;6725;1901360;34641;6807;44238;34654;19438;44271;18130;1901362;10467;3700;1071;3674;2001141;31326;9889;19222;50789;65007;31323;50794;51252;19219;80090;51171;60255;10556;6355;1903506;10468;2000112;43565;3677;3676;1901363;5488;97159;5634;43231;43227;43226;5575;43229;44424;44464;5623;5622	7280	6123	7641	8002	7245.5	6085.5	8793	8656	5258	4476	2539	5780	1352	8795	5817	3976.5	8483	8631	3097.5	9121.5	3027	5924	1802.5	7453	109067.5	5.453.375
ORTHO009751	NA	NA	NA	7281	8651	3782.5	284	8471	9080.5	1311	3959.5	3382.5	8934.5	5081	536.5	3304.5	138	136.5	6020.5	3235	134	48	860	61	26	26	462	46737	2336.85
ORTHO009576	Tetratricopeptide repeat (TPR)-like superfamily protein	AT2G35130	3674;5739;43231;43227;43226;5575;43229;44424;44464;5623;5622;44444;5737;8150	7282	4818	6013.5	4745	2982.5	273.5	2121.5	6323	6225	4036	6763.5	1070.5	6895.5	2711.5	5596.5	6712.5	4252.5	3949	4113.5	7299	1863.5	4709	6854	6949.5	88719	4435.95
ORTHO005354	ARM repeat superfamily protein	AT2G36810	9705;5774;44437;44444;44424;44464;5575;5623;5622;5737;44446;44422;43226;43229;5773;43231;43227;98588;31090;16020;98805;325;9959;9630;9606;9605;50896;8150;9629;9628;9660;9657;6996;16043;71840;9987;3674;5634	7283	5834	6032.5	4782	2982.5	8118	4118.5	4964	6379.5	3934	5788.5	2729	5740	1800.5	3521.5	5325.5	4548.5	2558	3691	6632	4384	4873	5021	4801	88927.5	4.446.375
ORTHO001438_1	Tetratricopeptide repeat (TPR)-like superfamily protein	AT3G23020	9507;9536;43231;43227;43226;5575;43229;44424;44464;5623;5622;44444;5737;5739;8150	7284	6374	6926.5	6569	7245.5	4194	7507.5	4281	7325.5	8934.5	4717.5	6908.5	6071.5	7850	7432.5	5325.5	9107	5992	2706	6001	2189	243	128.5	1696.5	98611	4930.55
ORTHO007816	Mitochondrial transcription termination factor family protein	AT2G21710	5739;43231;43227;43226;5575;43229;44424;44464;5623;5622;44444;5737;3690;43566;3677;3676;1901363;5488;3674;97159;9506;5911;30054;55044;9793;44702;22414;8150;44699;3006;32502;9790;44767;48856;7275;44707;32501;48316;48608;61458;48731;9791;10154;6355;1903506;2001141;31326;9889;19222;50789;65007;31323;50794;51252;19219;80090;51171;60255;10556;10468;2000112;9507;9536	7285	5404	6098	4911	2982.5	6227.5	5770.5	6142.5	435	763	6763.5	3218	6397.5	1800.5	5034.5	3976.5	2555	4673.5	7042	2935	7254	6182.5	6040	6379.5	89590.5	4.479.525
ORTHO009605	Nucleic acid-binding; OB-fold-like protein	AT3G18580	6260;6259;44260;43170;71704;8152;8150;44237;9987;90304;6139;46483;6725;1901360;34641;6807;44238;34645;9059;1901576;9058;44249;3697;43566;3677;3676;1901363;5488;3674;97159;5739;43231;43227;43226;5575;43229;44424;44464;5623;5622;44444;5737	7286	6376	5599	3912	5748	4758	8090	5439.5	2465.5	5032	2992.5	7957.5	3390	1800.5	3521.5	3976.5	1102.5	2724.5	5128	6555.5	4226.5	4873	5021	5222.5	84277	4213.85
ORTHO007010	unknown protein	AT1G35660	8150;5886;16020;5575;44464;5623;71944;5634;43231;43227;43226;43229;44424;5622;3674	7287	6108	6016.5	4746	6857.5	1500	8450	5698.5	6584	5459.5	2809.5	3686.5	5740	1800.5	3936.5	3976.5	5194	3121	5851	2534.5	5637	5603	5541.5	5601	88724.5	4.436.225
ORTHO010278	Thioredoxin z	AT3G06730	45454;19725;42592;65008;65007;8150;44763;9987;44699;50794;50789;9507;9536;43231;43227;43226;5575;43229;44424;44464;5623;5622;44444;5737;9295;47134;16668;16651;16491;3824;3674;8152;55114;44710;16667;15035;15036;5515;5488;9657;6996;16043;71840;9579	7288	6470	6561	5834	7245.5	6529	3758	5813.5	6712.5	5102.5	6343	3422.5	1352	2711.5	4462	3976.5	6099.5	3580	6531	7747	2011	5924	6040	6281	94396.5	4.719.825
ORTHO005620	nucleotide binding	AT4G28450	5834;1902494;43234;32991;5575;98797;44459;44464;5623;44425;16020;5886;71944;98796;44424;5622;31234;19897;19898;9898;98562;98552;5634;43231;43227;43226;43229;166;36094;5488;3674;1901265;1901363;97159;5515;80008;31461;151;1990234	7289	7059	6866	6443	7947.5	5351.5	4118.5	4964	5355.5	4463	6543	2937.5	7743	2711.5	3521.5	5325.5	4761	2199.5	5851	8214	6180.5	4308.5	7335	5913	97797	4889.85
ORTHO001118_2	ARM repeat superfamily protein	AT1G77600	5634;43231;43227;43226;5575;43229;44424;44464;5623;5622;8150	7290	6625	6210	5130	7245.5	3750.5	4341	5439.5	6379.5	7830	6543	4670	7743	2711.5	3721.5	3976.5	5561	2199.5	1423.5	6632	4668.5	4471.5	3412.5	5222.5	90697	4534.85
ORTHO007160	Acyl transferase/acyl hydrolase/lysophospholipase superfamily protein	AT1G33270	5886;16020;5575;44464;5623;71944;6629;71704;8152;8150;44710;44699;44238;16042;44712;9056;1901575;16787;3824;3674	7291	6112	6277	5263	6857.5	2214.5	6901	5568.5	6712.5	3688.5	5973.5	3835.5	5740	1800.5	4233.5	3976.5	5032.5	3121	5502	4956.5	5637	5603	5407	5433.5	91337	4566.85
ORTHO003782	unknown protein	AT1G16810	5634;43231;43227;43226;5575;43229;44424;44464;5623;5622;8150;3674	7292	6441	6161	5030	5748	4675.5	7174	4571	4253	6273	5973.5	7795.5	7031	2711.5	2396.5	5325.5	3836.5	2199.5	4059	5726.5	3870	3754	4391	4174.5	90191	4509.55
ORTHO004890	Protein of unknown function; DUF538	AT5G46230	5634;43231;43227;43226;5575;43229;44424;44464;5623;5622;8150	7293	8355	7261.5	7230	8471	9108	3758	7762	5851.5	8231.5	6343	4949	2935.5	906.5	1910.5	8737.5	5561	663.5	4914	5816	8153	2923.5	6709	7656.5	102889.5	5.144.475
ORTHO010545	S-adenosyl-L-methionine-dependent methyltransferases superfamily protein	AT3G17365	8168;16741;16740;3824;3674;8152;8150;32259;5886;16020;5575;44464;5623;71944	7294	7973	5683	4072	8259	4042.5	8759	4238	5619	8934.5	4151.5	7312.5	1352	6206.5	1354.5	6020.5	9140.5	4595	1612.5	3747	2448.5	493.5	378	4801	85206.5	4.260.325
ORTHO006275	unknown protein	AT5G52420	3674;8150;5783;43231;43227;43226;5575;43229;44424;44464;5623;5622;44444;5737;12505	7295	8557	4882.75	2470.5	8961.5	5621	8324.5	3156	3933.5	7035	5647.5	4670	4225	460.5	1404.5	6712.5	3796.5	507	5128	4884.5	3564	1695	3726	1371.5	75862.5	3.793.125
ORTHO002070	phytochelatin synthase 2	AT1G03980;AT5G44070	46938;46937;19748;44710;8152;8150;44699;6518;43603;34641;6807;44237;9987;1901564;71704;44763;43043;43604;44271;44249;9058;1901566;1901576;44550;44711;10038;10035;42221;50896;9507;9536;43231;43227;43226;5575;43229;44424;44464;5623;5622;44444;5737;16756;16755;16746;16740;3824;3674;46872;43169;43167;5488;5829;71992;1904680;42887;22891;22857;5215;6810;51234;51179;55085;44765;1902578;22892;42886;71705;15197;15833;71702;71991;71993;71994;5507;46914;98655;6812;6811;34220;98656;6820;42344;42436;19439;6725;44248;9056;44270;1901361;1901360;1901575;1901565;42430;46483;46700;19762;19759;19757;43436;6082;44281;16143;6790;1901657;1901135;16145;1901658;44712;1901136;44273;19760;42343;52544;52542;6952;6950;52545;33037;33036;52543;52386;42545;71555;45229;16043;71840;71554;70727;51641;1902580;52482;33554;51716;46686;46685;15700;15698;42742;9617;51707;43207;9605;9607;51704;98542;15446;8490;15291;22804;15105;15103;8509;15075;19829;42625;42626;43492;42623;16887;17111;16462;16818;16817;16787;15405;15399;16820;8324;43225;46870	7296	8722	6856.5	6417	8984.5	5047	3129.5	7435.5	5851.5	7407.5	7382.5	2467.5	1352	1184.5	1725.5	8358	7599.5	985	7562	6274.5	7568	1228	6624.5	8456	97638.5	4.881.925
ORTHO003982	Pollen Ole e 1 allergen and extensin family protein	AT5G05500	9826;902;32989;16043;71840;8150;9987;9653;32502;48856;48869;44767;44699;44763;60560;48589;40007;16049;48767;48588;48468;30154;80147;48765;10053;90627;10015;48364;48513;48731;7275;44707;32501;22622;90558;9888;48764;48469;21700;10054;31982;43226;5575;3674	7297	8850	7870	8443	8984.5	7363.5	5840	8414.5	5851.5	7298.5	8450	8873.5	2993	401	5661	8925	6298	1114.5	8008.5	2230.5	8153	2608	7729.5	8456	114669.5	5.733.475
ORTHO008235	uroporphyrinogen-III synthase family protein	AT2G26540	15995;6779;51188;51186;44237;8152;8150;9987;44249;9058;6778;33013;46483;6725;1901360;71704;1901564;6807;33014;19438;44271;34641;18130;1901362;1901576;1901566;46148;42440;44710;44699;44711;44763;15994;9507;9536;43231;43227;43226;5575;43229;44424;44464;5623;5622;44444;5737;6782;46501;6783;42168;6780;46394;16053;6082;44281;44283;19752;43436;46502;4852;16836;16835;16829;3824;3674	7298	7640	4992	2686	6478.5	2672	5725.5	4826.5	7046.5	4424	4199.5	2197	7031	906.5	1910.5	5325.5	3958.5	5368	1772.5	4925	1466.5	3026	6194.5	4291.5	77267	3863.35
ORTHO010459	P-loop containing nucleoside triphosphate hydrolases superfamily protein	AT5G19210	8026;42623;16887;17111;16462;16818;16817;16787;3824;3674;8152;8150;70035;4386;9507;9536;43231;43227;43226;5575;43229;44424;44464;5623;5622;44444;5737	7299	6568	7210.5	7122	7245.5	6529	2881	2250	5994	5808	7999	3218	8519	2711.5	4842.5	3976.5	6722.5	3949	7042	8397.5	765	6340.5	6989	7315.5	102249.5	5.112.475
ORTHO006227	Tetratricopeptide repeat (TPR)-like superfamily protein	AT1G68980;AT1G69290	5739;43231;43227;43226;5575;43229;44424;44464;5623;5622;44444;5737;8150;3674	7300	4997	5112.5	2925	2982.5	1500	3129.5	5813.5	2367.5	6687	5788.5	4991	3347	1800.5	3521.5	6712.5	4464.5	2558	5128	5578	4226.5	2433.5	3909	4758	78714	3935.7
ORTHO008575	MATE efflux family protein	AT2G38330	31969;42170;31090;16020;5575;44422;43226;43227;44435;44444;44424;44464;5623;5622;5737;44446;43229;9536;43231;9526;31967;31975;44434;9507;9941;6855;15893;44765;6810;51234;51179;8150;1902578;44699;42493;42221;50896;55085;44763;9987;5215;3674;5886;71944;16021;31224;44425;15238;22857;90484;15297;15291;22804	7301	8525	7896.5	8492	8471	6707.5	8945.5	7935.5	5754	4913.5	8232.5	8654.5	5195	590	2163.5	8358	6722.5	663.5	7197.5	6001	8663	3111.5	7156	8697.5	115662	5783.1
ORTHO010529	unknown protein	AT1G12530	32259;8152;8150;8171;8168;16741;16740;3824;3674;5829;44444;44424;44464;5575;5623;5622;5737	7302	6490.5	7225.25	7148.5	7245.5	5580	3758	5957	7748	1155	2290	8107.5	8306	2711.5	4462	3976.5	6099.5	3580	6531	7747	6180.5	5789.5	6040	6379.5	102398.5	5.119.925
ORTHO008946	phosphoglycerate/bisphosphoglycerate mutase family protein	AT5G22620	9507;9536;43231;43227;43226;5575;43229;44424;44464;5623;5622;44444;5737;5739;8152;8150;3824;3674	7303	6914	6997	6691	7947.5	5432.5	4118.5	4964	8705	4718	2402	7129.5	7743	2711.5	3265	5325.5	4761	2558	5851	6632	6180.5	4308.5	7335	5222.5	99363	4968.15
ORTHO000360_1	receptor-like serine/threonine kinase 2	AT1G19090;AT1G70530;AT5G40380	5886;16020;5575;44464;5623;71944;4675;19199;4888;38023;4871;60089;3674;7165;50794;50789;65007;8150;51716;9987;50896;7154;44763;44699;44700;23052;4872;4672;16301;16772;16740;3824;8152;16310;6796;6793;44237;16773;6468;6464;36211;19538;43170;71704;44238;43412;44267;44260;4674;7178;7167;7166;9755;32870;9725;9719;10033;42221;71495;71310;70887;31625;44389;19899;5515;5488;5576;46777;35556;4702;5057;23014;44710;1653;9506;5911;30054;55044	7304	8949	3883.5	463	9028.5	3905	7067.5	3869	3135.5	5927.5	4997	7702	1352	138	136.5	3256.5	2680.5	44.5	1423.5	2966.5	2913.5	70.5	107.5	67	51760	2588
ORTHO008561	kow domain-containing transcription factor 1	AT5G04290	80188;6306;43414;44260;43170;71704;8152;8150;44237;9987;32259;43412;6305;6304;6259;90304;6139;46483;6725;1901360;34641;6807;44238;44728;40029;10468;60255;19222;50789;65007;31047;16458;10629;10605;9892;48519;44763;44699;44710;5654;44428;44446;44422;5575;43226;44424;44464;5623;5622;43229;5634;43231;43227;31981;70013;43233;31974;6342;45814;45892;1903507;1903506;2001141;31326;9889;31323;50794;51252;19219;80090;51171;10556;1902679;51253;45934;51172;31324;48523;31327;9890;10558;6355;2000112;2000113;5515;5488;3674;3723;3676;1901363;97159;166;36094;1901265;30422;70918;31050;6396;16070;10467;71359;71407;14070;10033;42221;50896;71310;70887;51716;43331;1901698;1901699;16246;35194;16441;10608;3677;3682;44877	7305	6074	6065.5	4826	6857.5	2295.5	4341	5439.5	6712.5	3504.5	5836	4991	5740	1800.5	3721.5	5325.5	4548.5	3121	5272.5	6860	4668.5	5059	5021	4898	89156	4457.8
ORTHO009013	unknown protein	AT1G53250	9507;9536;43231;43227;43226;5575;43229;44424;44464;5623;5622;44444;5737;3677;3676;1901363;5488;3674;97159	7306	5548	6592.75	5879.5	6478.5	5684	8400	5957	1133	1233	7734.5	6797	6071.5	1800.5	5034.5	3976.5	1000	3949	6700.5	7871	6180.5	5603	3449	6057.5	94632	4731.6
ORTHO008184	tRNA/rRNA methyltransferase (SpoU) family protein	AT5G15390	2938;2128;30488;1510;43414;44260;43170;71704;8152;8150;44237;9987;32259;43412;9451;16070;90304;6139;46483;6725;1901360;34641;6807;44238;6400;8033;34470;34660;6396;10467;6399;8173;8168;16741;16740;3824;3674;9507;9536;43231;43227;43226;5575;43229;44424;44464;5623;5622;44444;5737;9020;16423;8757;8175;3723;3676;1901363;5488;97159	7307	5060	6885	6463	2982.5	6529	2414	6142.5	7899.5	2101.5	8606.5	1198.5	6617.5	1800.5	5254.5	3976.5	562	3949	7042	6754	7386	6266	6854	6553	97906.5	4.895.325
ORTHO008666	embryo defective 1379	AT5G21140	6301;6281;6259;44260;43170;71704;8152;8150;44237;9987;90304;6139;46483;6725;1901360;34641;6807;44238;6974;33554;51716;50896;6950;44763;44699;44710;5634;43231;43227;43226;5575;43229;44424;44464;5623;5622;724;725;6310;6302;16567;32446;70647;6464;36211;19538;43412;44267;30915;44427;44446;44422;5694;43232;43228;43234;32991;793;4842;19787;16740;3824;3674;9793;44702;22414;3006;32502;9790;44767;48856;7275;44707;32501;48316;48608;61458;48731;9791;10154	7308	7041	7079	6850	7662	5432.5	4118.5	4964	8149.5	4466.5	6543	7259.5	7743	2711.5	3265	5325.5	1048	2199.5	5851	8214	6180.5	4308.5	7335	5222.5	100337.5	5.016.875
ORTHO009700	unknown protein	AT5G51510	5739;43231;43227;43226;5575;43229;44424;44464;5623;5622;44444;5737;5789;98588;31090;16020;44422;44432;44446;5783;12505;44425;42175;3674;7029;6996;16043;71840;8150;9987;10256	7309	7267	6912.5	6516	6194	5516	4118.5	4964	7632	4249	7382.5	2729	7743	2711.5	3521.5	5325.5	4761	2199.5	4388	7986	6180.5	4308.5	7335	5222.5	98273.5	4.913.675
ORTHO008297	Arabidopsis thaliana protein of unknown function (DUF794)	AT5G57930	9507;9536;43231;43227;43226;5575;43229;44424;44464;5623;5622;44444;5737;9793;44702;22414;8150;44699;3006;32502;9790;44767;48856;7275;44707;32501;48316;48608;61458;48731;9791;10154;3723;3676;1901363;5488;3674;97159	7310	4824	5276.5	3243	2982.5	1227	2791.5	2114.5	7183.5	4795.5	8606.5	1198.5	1352	1800.5	5413.5	6712.5	3836.5	3121	3691	5852	4668.5	3754	5902.5	6553	80574	4028.7
ORTHO007925	Calcineurin-like metallo-phosphoesterase superfamily protein	AT5G42370	3674;8150	7311	5065	6403.5	5496	2982.5	5155.5	3513	5698.5	6584	4537.5	2992.5	8051	5740	3408	5034.5	3976.5	5281.5	3580	6056.5	6322.5	782.5	5603	4603.5	5601	92521.5	4.626.075
ORTHO009933	Mog1/PsbP/DUF1795-like photosystem II reaction center PsbP family protein	AT3G63540	9507;9536;43231;43227;43226;5575;43229;44424;44464;5623;5622;44444;5737	7312	7156	8126	8940	7947.5	7766.5	8400	5348	7978	8647.5	7382.5	6271	8094	7101	7764	6712.5	7582.5	3580	2459.5	5337	6180.5	6714	7611.5	5601	126531	6326.55
ORTHO010635	SPX (SYG1/Pho81/XPR1) domain-containing protein / zinc finger (C3HC4-type RING finger) protein-related	AT2G38920	61630;4842;19787;16740;3824;3674;8152;8150;16567;32446;70647;6464;36211;19538;43170;71704;44238;43412;44267;44260;44237;9987;61659;5634;43231;43227;43226;5575;43229;44424;44464;5623;5622;43161;10498;51603;6508;44257;30163;9057;1901575;9056;44265;44248;6511;19941;43632	7313	7403	5812.5	4312	6358.5	3956	5303	3549.5	4142	8934.5	5873	6832	1352	5815	810.5	5325.5	5962.5	9103	3421.5	4060.5	2237	515	433.5	8812	86438	4321.9
ORTHO005214	unknown protein	AT3G46220	16874;3824;3674;8152;8150	7314	6992	4851	2388	5375	5650.5	8552.5	8486	4586.5	2455.5	3461	4724	4297.5	1321.5	4233.5	3023.5	5561	867.5	4548.5	4586	1982	1910	3821	1131	75199	3759.95
ORTHO003835	NAD(P)-binding Rossmann-fold superfamily protein	AT5G06060	5829;44444;44424;44464;5575;5623;5622;5737;16491;3824;3674;8152;8150;55114;44710;44699	7315	9054	7816	8317	9077	7528	8876	8651	6493	5565.5	8770	9100.5	4398	284	1677.5	8825	7158.5	458	8435	7012	8228.5	1985	4335.5	4801	112582	5629.1
ORTHO007418	Transcription initiation Spt4-like protein	AT5G08565;AT5G63670	5634;43231;43227;43226;5575;43229;44424;44464;5623;5622;32786;45893;10628;10604;9893;48518;50789;65007;8150;19222;60255;10468;1903508;1903506;2001141;31326;9889;31323;50794;51252;19219;80090;51171;10556;1902680;51254;45935;31325;48522;51173;31328;9891;10557;6355;2000112;32784;6351;34645;44260;43170;71704;8152;44237;9987;9059;1901576;9058;44249;97659;32774;16070;90304;6139;46483;6725;1901360;34641;6807;44238;34654;19438;44271;18130;1901362;10467;6414;6412;43043;43604;43603;6518;1901564;1901566;44267;19538;8270;46914;46872;43169;43167;5488;3674;3746;8135;3723;3676;1901363;97159	7316	8216	7165	7014	7245.5	5799	3327	7762	6379.5	7916.5	6343	5172.5	4617.5	906.5	1910.5	8358	5561	663.5	6185.5	5726.5	7860	2763	6624.5	7591	101467	5073.35
ORTHO006502	FUNCTIONS IN: molecular_function unknown	AT3G47630	8150;9507;9536;43231;43227;43226;5575;43229;44424;44464;5623;5622;44444;5737;3674	7317	5434	6519.5	5722	2982.5	2005.5	3430	5698.5	5994	3040	7524	3422.5	6071.5	1800.5	4705.5	3976.5	5764.5	3580	6327	6467.5	6180.5	5789.5	5826.5	6057.5	93661.5	4.683.075
ORTHO004000	DNA-directed DNA polymerases	AT5G67100	5634;43231;43227;43226;5575;43229;44424;44464;5623;5622;5658;55029;44428;44446;44422;428;30880;61695;1990234;1902494;43234;32991;44454;44427;5694;43232;43228;228;31981;70013;43233;31974;43601;30894;32993;5657;43596;6271;22616;6259;44260;43170;71704;8152;8150;44237;9987;90304;6139;46483;6725;1901360;34641;6807;44238;6261;6260;34645;9059;1901576;9058;44249;6269;32774;16070;34654;19438;44271;18130;1901362;46872;43169;43167;5488;3674;6272;6273;71897;3677;3676;1901363;97159;166;36094;1901265;3887;34061;16779;16772;16740;3824;9965;9887;44767;32502;44699;9653;48856;48513;48731;7275;44707;32501;48366;48827;48367;10016;8408;4527;4518;16788;16787;90305;6303;726;6281;6974;33554;51716;50896;6950;44763;44710;6302;731;76;31570;75;22402;7049;51539;51536;51540;1882;97367;9910;48581;48580;2000026;50793;50789;65007;51239;51241;48519;51093;2000242;2000241;9909;48831	7318	6759	7490.5	7663	7662	6529	7790.5	5957	6943.5	2702	7734.5	2343.5	8306	2711.5	4462	3976.5	793	3580	8239.5	7871	7786.5	5924	6040	6379.5	106069.5	5.303.475
ORTHO005072	alpha-amylase-like 3	AT1G69830	9570;9532;44435;44444;44424;44464;5575;5623;5622;5737;44446;44422;43226;43229;9536;43231;43227;44434;9507;5509;46872;43169;43167;5488;3674;5983;9251;272;5976;5975;71704;8152;8150;44238;43170;16052;1901575;9056;9057;44042;44247;44264;44260;44237;9987;44262;44275;44248;5982;6073;4556;16160;4553;16798;16787;3824;5576	7319	6837	6810	6301	7662	5090	2328.5	8181.5	7632	3665	7734.5	7017.5	7963	2711.5	3936.5	3976.5	2640.5	3121	6531	7080	1287.5	5603	5021	5433.5	96954	4847.7
ORTHO007701	unknown protein	AT4G22000	8150;5575;3674	7320	6762	7941	8562	7662	6085.5	8376	5213.5	7046.5	5139.5	7734.5	8595.5	8094	2711.5	3521.5	5325.5	5685	3121	6531	7299	7166	5376	8070	5806	116897.5	5.844.875
ORTHO010142	NAD(P)H dehydrogenase 18	AT5G43750	9507;9536;43231;43227;43226;5575;43229;44424;44464;5623;5622;44444;5737;4751;16861;16860;16853;3824;3674;8152;8150;9052;19682;6081;71704;44763;9987;44699;44237;44710;19637;6793;1901135;6796;19693;6098;51156;6739;46496;19362;6733;6732;51186;9117;6753;55086;6139;46483;6725;1901360;34641;6807;44238;44281;72524;1901564	7321	5783	5406.75	3492.5	2982.5	1777	7923	5121.5	5355.5	7620	5636.5	5859.5	1352	3431.5	2163.5	3976.5	8542.5	2199.5	4059	5781.5	3870	1910	1405.5	3984	81968.5	4.098.425
ORTHO009784	Polynucleotidyl transferase; ribonuclease H-like superfamily protein	AT1G56310	3676;1901363;5488;3674;97159;8408;4527;4518;16788;16787;3824;8152;8150;90305;90304;6139;46483;44237;9987;6725;1901360;71704;34641;6807;44238;43170;5622;44464;5575;5623;5634;43231;43227;43226;43229;44424;16740	7322	7284	6343.5	5365	7947.5	7169.5	1474	4964	7831	5938	6543	2640.5	7743	2711.5	3521.5	5325.5	4942.5	2199.5	4607.5	757.5	6431	4308.5	7554.5	5222.5	91885	4594.25
ORTHO002747	inositol transporter 1	AT2G43330	9705;5774;44437;44444;44424;44464;5575;5623;5622;5737;44446;44422;43226;43229;5773;43231;43227;98588;31090;16020;98805;325;15798;15791;15850;44765;6810;51234;51179;8150;1902578;44699;71702;5366;15295;15294;15293;15291;22804;22857;5215;3674;55085;44763;9987;8324;15075;22891;22892;34220;6811;98655;6812;15992;15672;6818;5365;15166;15665;1901618;5351;5402;51119;15144;1901476;8643;34219;5886;71944;16021;31224;44425	7323	7477	6843.5	6364	7947.5	8152	4785	8842	5355.5	8934.5	5973.5	5931	6316	3283.5	1758.5	5325.5	8446.5	1494	4485	6632	3870	1358.5	2730.5	3635.5	97309	4865.45
ORTHO009963	2-oxoacid dehydrogenases acyltransferase family protein	AT3G06850	5759;44429;44444;44424;44464;5575;5623;5622;5737;44446;44422;43226;43229;5739;43231;43227;70013;43233;31974;16407;16747;16746;16740;3824;3674;8152;8150;6633;72330;46394;16053;6082;71704;44281;44710;44699;44763;9987;44237;44283;44711;9058;1901576;44249;19752;43436;32787;6631;44255;6629;44238;8610;9416;9314;9628;50896;8270;46914;46872;43169;43167;5488;43617;9267;31669;31667;9991;9605;31668;51716;71496;7154;42594;6950;33554;9744;34285;9743;10033;42221;1901700;9646;9642;4147;30523;16417;3826;16491;55114;43754	7324	7286	6911.5	6499	7947.5	1907.5	8251	4964	6379.5	5588.5	7382.5	2729	7743	2711.5	2702.5	5325.5	4870.5	2199.5	5851	6148	6431	4308.5	7435.5	5222.5	98151	4907.55
ORTHO000492_2	Esterase/lipase/thioesterase family protein	AT1G54570	10287;44434;44435;44444;44424;44464;5575;5623;5622;5737;44446;44422;43226;43229;9536;43231;43227;9507;9570;9532;3824;3674;8152;8150;4144;16411;8374;16747;16746;16740;33306;34308;6066;1901615;71704;44281;44710;44699;16101;6721;6720;44255;6629;44238;44763;9987;44237;1903173;5739;19432;46463;46460;6638;8610;1901576;9058;44711;44249;6639;46486;45017;6641	7325	7137	5729	4133	5386.5	6529	2881	8536	5851.5	4055	7199	8194	4355	1254	4462	3023.5	6027	867.5	5220.5	6001	3478.5	2328.5	3930	1344.5	85537.5	4.276.875
ORTHO010748	unknown protein	AT5G63040	9507;9536;43231;43227;43226;5575;43229;44424;44464;5623;5622;44444;5737;3674;8150	7326	7419	7514.5	7703	6358.5	7411.5	8376	5213.5	5994	3622.5	7734.5	2467.5	3390	2711.5	3936.5	5325.5	5685	3121	6531	8478	7166	5376	8070	5806	106416	5320.8
ORTHO002833	A microRNA MIR400 is derived from the first intron of At1g32583 in the 5'UTR. A stress-induced alternative splicing event in At1g32583 resulted in greater accumulation of miR400 primary transcripts and a low level of mature miR400.	AT1G32583;AT4G24972	3674;5576;5575;9408;9266;9628;50896;8150;6950;1709;48869;44767;32502;44699;44763;9987;45165;30154;5515;5488;5739;43231;43227;43226;43229;44424;44464;5623;5622;44444;5737;48653;44702;22414;3006;48856;48443;48827;48367;48731;7275;44707;32501;48437;48569;48513;9908;90567;48608;61458;9791;48466;48438	7327	8298	6578	5829	7662	5351.5	2791.5	7762	3797	7916.5	6070	8397	4492.5	906.5	1677.5	8358	5194	663.5	5648	5519.5	5637	1827.5	5081	7266.5	94357	4717.85
ORTHO010126	methyltransferases	AT4G01880	8168;16741;16740;3824;3674;8152;8150;32259;8033;34470;34660;16070;44260;43170;71704;44237;9987;90304;6139;46483;6725;1901360;34641;6807;44238;6396;10467;6399;5634;43231;43227;43226;5575;43229;44424;44464;5623;5622	7328	5793	5927.5	4527	2982.5	1594	4341	5439.5	6379.5	7539	5788.5	4724	5740	1800.5	3521.5	3976.5	5032.5	2724.5	5220.5	6632	4384	4423	3402	4801	87463.5	4.373.175
ORTHO009867	autophagocytosis-associated family protein	AT3G07525	50832;98542;6952;6950;50896;8150;51707;43207;9605;9607;51704;9620;6914;44248;9056;8152;44237;9987;6995;9267;31669;31667;9991;31668;51716;71496;7154;44763;44699;42594;33554;43562;2000786;16239;10508;10506;31329;9894;19222;50789;65007;31323;50794;31331;31325;9893;48518;48522;9896;32109;32107;32104;32101;48583;32106;32103;48584;16241;80135;80134;10646;10647;1902117;10638;33043;51128;51130;44089;44087;1902115;2000785;44088;44090;422;44712;44710;61726;1903008;1902589;6996;16043;71840;22411;7005;44804;4839;8641;16877;16874;3824;3674;16567;32446;70647;6464;36211;19538;43170;71704;44238;43412;44267;44260;5737;44424;44464;5575;5623;5622;5215;6810;51234;51179;45;70925;22607;44085;7033;16236;42742;9617;5829;44444;90549;19776;16740;153;151;1990234;1902494;43234;32991;43482;43476;43473;33059	7329	5721	5772	4215	2982.5	5432.5	4341	5439.5	5355.5	1709.5	5788.5	4905	5740	1800.5	3521.5	3976.5	4548.5	2724.5	5128	6632	4226.5	4873	5021	4801	85964.5	4.298.225
ORTHO007770	zinc finger (MYND type) family protein / programmed cell death 2 C-terminal domain-containing protein	AT4G02220	5634;43231;43227;43226;5575;43229;44424;44464;5623;5622;46872;43169;43167;5488;3674;5737	7330	6959	7676	8022	7947.5	6085.5	3628.5	5213.5	6823.5	1346	7382.5	8835.5	8094	2711.5	4124.5	8358	5685	3121	6531	7299	7052	4709	6467.5	5806	109273.5	5.463.675
ORTHO006497	pfkB-like carbohydrate kinase family protein	AT1G17160	5737;44424;44464;5575;5623;5622;9570;9532;44435;44444;44446;44422;43226;43229;9536;43231;43227;44434;9507;16301;16772;16740;3824;3674;8152;8150;16310;6796;6793;44237;9987;4747;16773;19200;46835;44262;5975;71704;44238;6014;19321;5996;44723;44710;44699;44281	7331	6175	8088	8845	7245.5	7812.5	4528.5	6573	3991.5	4106	8314	5489.5	7031	8072	8359	6712.5	6925.5	4595	2377.5	8590.5	7254	7358	7729.5	7860.5	123680	6184
ORTHO010019	Haem oxygenase-like; multi-helical	AT3G16990	9229;19438;6725;44237;8152;8150;9987;44249;9058;9108;51188;51186;6732;72528;44271;34641;6807;18130;46483;1901362;1901360;71704;1901576;72527;1901564;1901566;44272;6790;90407;19637;6793;42357;6796;50334;16810;16787;3824;3674;5575;9228;42724;42723;6767;6766;44281;44710;44699;44763;42364;9110;44283;44711;6772	7332	5726	6025.5	4719	2982.5	5580	4244.5	2460.5	5994	2591.5	7594	3422.5	6071.5	1800.5	5034.5	3976.5	831.5	3580	6531	6148	6180.5	5603	4927.5	6057.5	88629	4431.45
ORTHO009470	Ribosomal protein S5 family protein	AT1G64880	5768;43231;43227;43226;5575;43229;44424;44464;5623;5622;44444;5737;12505;5794;5802;98791;44431;44446;44422;31984;6412;43043;43604;43603;34641;6807;8152;8150;44237;9987;44271;44249;9058;6518;1901564;71704;1901566;1901576;44267;19538;43170;44238;44260;34645;9059;10467;5739;5840;30529;32991;43232;43228;3735;5198;3674	7333	6250	8175.5	9018	7245.5	7468.5	8728.5	7192	7046.5	3205.5	8651	4309	8898	7300	8572	5325.5	7258	6145	8152.5	5160	1367.5	7897.5	8321	8367.5	129365.5	6.468.275
ORTHO009382	unknown protein	AT1G22140	8150;9507;9536;43231;43227;43226;5575;43229;44424;44464;5623;5622;44444;5737;3674	7334	6346	6823.5	6313	7245.5	5432.5	4341	2750.5	6225	7064	6543	7957.5	7743	2711.5	3936.5	3976.5	4548.5	2724.5	5128	6632	4226.5	4873	5021	5222.5	97057	4852.85
ORTHO007287	malonyl-CoA decarboxylase family protein	AT4G04320	50080;16831;16830;16829;3824;3674;8152;8150;6633;72330;46394;16053;6082;71704;44281;44710;44699;44763;9987;44237;44283;44711;9058;1901576;44249;19752;43436;32787;6631;44255;6629;44238;8610;5777;42579;43231;43227;43226;5575;43229;44424;44464;5623;5622;44444;5737	7335	5505	6143.5	4952	2982.5	5047	49.5	4571	7978	8934.5	8232.5	6651.5	7554	5856.5	1266.5	3976.5	1873	5452.5	1706.5	1391	2459.5	7358	1991	7453	89802	4490.1
ORTHO000885_2	paralog of ARC6	AT3G19180	9507;9536;43231;43227;43226;5575;43229;44424;44464;5623;5622;44444;5737;9706;9528;19866;31090;16020;44422;31967;31975;44446;42170;44435;9526;31969;44434;9941;5515;5488;3674;16021;31224;44425;10020;9658;9657;6996;16043;71840;8150;9987;43572;48285;43621	7336	6072	6479.5	5623	6857.5	3020	3960	5698.5	5994	6498.5	7382.5	2467.5	5740	1800.5	4462	3976.5	5281.5	3121	3904.5	7408.5	5637	5603	5617	5601	93173.5	4.658.675
ORTHO010453	RHOMBOID-like protein 15	AT3G58460	6508;19538;43170;71704;8152;8150;44238;16021;31224;44425;5575;16020;4252;4175;70011;8233;16787;3824;3674;8236;17171	7337	6544	5258	3179	7245.5	4540.5	4638.5	2939.5	2541	5785	5685.5	7017.5	7121	2711.5	2702.5	3976.5	4004	2558	4328.5	5245.5	822	4423	4603.5	4541	80184.5	4.009.225
ORTHO010105	Ras-related small GTP-binding family protein	AT3G11730	5525;35639;1901265;1901363;5488;3674;97159;43168;43167;32550;32549;1882;36094;97367;1883;32561;19001;17076;166;32555;32553;139;98588;31090;16020;5575;44422;43226;43227;44431;44444;44424;44464;5623;5622;5737;44446;43229;5794;43231;12505;32588;5802;98791;31984;80115;32029;32036;17022;8092;5515;6888;16482;46907;6810;51234;51179;8150;51649;51641;48193;1902582;44765;1902578;44699;16192;5886;71944;30742	7338	5734	7258.5	7179	6534	6529	2881	8884.5	7183.5	1750.5	1981	3218	6617.5	1800.5	5034.5	3976.5	6409	3949	7042	8320	7386	6266	6854	6553	102635.5	5.131.775
ORTHO010375	photosystem I light harvesting complex gene 6	AT1G19150	16168;46906;1901363;5488;3674;97159;9535;55035;42651;34357;16020;5575;44436;44424;44464;5623;5622;9579;44435;44444;5737;44446;44422;43226;43229;9536;43231;43227;31976;31984;44434;9507;9534;9768;9765;6091;44237;8152;8150;9987;19684;15979;10114;9639;9416;9314;9628;50896;31409;30076;43234;32991;9941;9526;31967;31975;10287;9570;9532;9637;10218	7339	6550	6972	6605	7245.5	5432.5	8162.5	5439.5	5355.5	6733	3526	4670	7743	2711.5	3521.5	3976.5	4942.5	2724.5	5347.5	6860	6431	5059	5021	5222.5	98879.5	4.943.975
ORTHO009934	unknown protein	AT1G14990	8150;3674	7340	7311	8207	9074	6358.5	7853.5	4118.5	6831.5	8423.5	3350	8487.5	7432	1352	7326.5	8404	6712.5	7113.5	4982.5	8008.5	8942.5	8300	7725	8593.5	8026	131983	6599.15
ORTHO004609	Glutaredoxin family protein	AT4G28730	55114;44710;8152;8150;44699;16226;9058;31163;22607;16043;71840;9987;44085;9507;9536;43231;43227;43226;5575;43229;44424;44464;5623;5622;44444;5737;15035;15036;16667;16491;3824;3674;9055;4362;16209;16668;16651;15038;15037;45454;19725;42592;65008;65007;44763;50794;50789	7341	8918	7483.5	7626	8926	6417	7203.5	8256	4788.5	7782	7199	5150	4328	474.5	3721.5	7360.5	4998.5	182.5	7764.5	6001	7925	1566.5	5678	8942.5	105739	5286.95
ORTHO008938	uricase / urate oxidase / nodulin 35; putative	AT2G26230	55114;44710;8152;8150;44699;5739;43231;43227;43226;5575;43229;44424;44464;5623;5622;44444;5737;5777;42579;6144;9112;55086;6139;46483;44237;9987;6725;1901360;71704;34641;6807;44238;44281;44763;1901564;72521;4846;16663;16661;16491;3824;3674;7031;6996;16043;71840	7342	7088	3869.5	397	7947.5	9080.5	6813.5	535	2760.5	8934.5	3526	7556	2731	138	136.5	3099	2533	276.5	85	1788	63	45.5	33	74	50208.5	2.510.425
ORTHO010767	unknown protein	AT1G71740	8150;9507;9536;43231;43227;43226;5575;43229;44424;44464;5623;5622;44444;5737;3674	7343	7445	6982.5	6622	8202.5	6898	4118.5	4964	5851.5	5107.5	7382.5	7055.5	1352	2711.5	3721.5	5325.5	4870.5	2199.5	5851	8214	6431	4308.5	7404.5	5222.5	98989.5	4.949.475
ORTHO011407	Pentatricopeptide repeat (PPR) superfamily protein	AT3G48810	8150;3674;5739;43231;43227;43226;5575;43229;44424;44464;5623;5622;44444;5737	7344	8431	6461.5	5579	8471	6313	7665	2985.5	3855	5408	8314	4351.5	5338.5	906.5	2163.5	8358	6549	663.5	7281	4848	2550.5	2837	4603.5	7952.5	92943.5	4.647.175
ORTHO005210	MAK16 protein-related	AT1G23280	8150;3674;5634;43231;43227;43226;5575;43229;44424;44464;5623;5622	7345	5852	4752	2159	5328	5248.5	7863	6428.5	4087	5608	6543	2343.5	1352	4376.5	6137	2080.5	3141.5	1260.5	3445.5	4392	3539	1277	3779	660	73562	3678.1
ORTHO010836	Melibiase family protein	AT3G56310	5773;43231;43227;43226;5575;43229;44424;44464;5623;5622;44444;5737;5618;30312;71944;4557;15925;4553;16798;16787;3824;3674;8152;8150;5576;52692;46477;6677;6672;43603;34641;6807;44237;9987;6665;1901564;71704;6643;44255;6629;44710;44699;44238;44763;6687;6664;1903509;1901135;46479;30149;1901565;1901575;9056;46466;44242;16042;44712;44248;19377;1901136;46514;48046;9311;44723;5975;16139;1901658;1901657;16137;71555;45229;16043;71840;71554;9505	7346	7449	4883	2420	6358.5	5704	1330.5	5077	5619	1604.5	74.5	5823	1352	2711.5	3721.5	5325.5	2640.5	4809.5	5027.5	843	6696	4308.5	6709	6161.5	75538.5	3.776.925
ORTHO002525	zinc finger (C3HC4-type RING finger) family protein	AT5G60250	32436;1901800;1903052;1903050;1903362;31329;9894;19222;50789;65007;8150;31323;50794;42176;51246;80090;60255;32268;30162;1903364;32270;31325;9893;48518;48522;51247;10604;31331;9896;45732;45862;61136;32434;209;16567;32446;70647;6464;36211;19538;43170;71704;8152;44238;43412;44267;44260;44237;9987;42787;6511;19941;51603;6508;44257;30163;9057;1901575;9056;44265;44248;43632;8270;46914;46872;43169;43167;5488;3674;61630;4842;19787;16740;3824;61659;31624;44390;19899;5515;151;1990234;1902494;43234;32991;5575;44424;44464;5623;5622;5737	7347	8906	7341	7335	8984.5	8619.5	6820.5	8735	3392	8934.5	5328.5	7585	1352	7448.5	6791	9043.5	7324	7697.5	3333.5	2534.5	2745	440	1555.5	3984	103664	5183.2
ORTHO009601	plastid transcriptionally active 13	AT3G09210	9508;229;44444;44424;44464;5575;5623;5622;5737;5694;43232;43228;43226;43229;44435;44446;44422;9536;43231;43227;42646;9295;9532;9507;6355;1903506;2001141;31326;9889;19222;50789;65007;8150;31323;50794;51252;19219;80090;51171;60255;10556;10468;2000112	7348	6472	6798	6248	7245.5	5155.5	4118.5	5568.5	6584	6551	7199	3686.5	3390	2711.5	3936.5	3976.5	5561	3121	5851	7012	5422.5	5603	5407	5806	96661	4833.05
ORTHO008870	RNA methyltransferase family protein	AT5G64150	6479;43414;44260;43170;71704;8152;8150;44237;9987;32259;43412;8213;6464;36211;19538;44238;44267;8276;8168;16741;16740;3824;3674;3676;1901363;5488;97159;9507;9536;43231;43227;43226;5575;43229;44424;44464;5623;5622;44444;5737	7349	5271	6784.5	6220	2982.5	771.5	5705.5	5348	6712.5	8934.5	5169	6440	3321	7699.5	7349.5	5325.5	7721	6919	1706.5	2966.5	7254	1910	1072	4174.5	96500	4825
ORTHO008989	Protein kinase superfamily protein	AT5G16810	6468;16310;6796;6793;44237;8152;8150;9987;6464;36211;19538;43170;71704;44238;43412;44267;44260;9507;9536;43231;43227;43226;5575;43229;44424;44464;5623;5622;44444;5737;5524;35639;1901265;1901363;5488;3674;97159;43168;43167;32559;30554;17076;166;36094;32555;32553;97367;32550;32549;1882;1883;4672;16301;16772;16740;3824;16773	7350	6989	7904.5	8459	7947.5	6529	8499.5	5698.5	6943.5	2670	2290	8724.5	8306	2711.5	4233.5	5325.5	6099.5	3580	7042	7871	7786.5	6129	8247	6379.5	115066	5753.3
ORTHO010099	ATPase E1	AT1G13690	3676;1901363;5488;3674;97159;6457;9987;8150;166;36094;1901265;3755;16859;16853;3824;8152;413;18208;18193;6464;36211;19538;43170;71704;44238;43412;44267;44260;44237;5634;43231;43227;43226;5575;43229;44424;44464;5623;5622	7351	5753	5703	4055	2982.5	5285	4341	7435.5	2868	2945.5	3674	4059.5	5467.5	1800.5	3521.5	3976.5	4346.5	3580	5027.5	6632	5988	4612.5	4887	4678.5	85126.5	4.256.325
ORTHO010820	Metal-dependent phosphohydrolase	AT1G26160	9507;9536;43231;43227;43226;5575;43229;44424;44464;5623;5622;44444;5737;3824;3674;8152;8150;16787	7352	8210	7702	8052	7245.5	7071.5	7600	7935.5	8053.5	6604.5	2129.5	7408	5338.5	906.5	2396.5	8358	6549	663.5	4968.5	7576.5	7052	3955.5	7156	7952.5	109675.5	5.483.775
ORTHO007680	methyltransferases	AT2G21070	52907;8988;8170;8168;16741;16740;3824;3674;8152;8150;32259;16433;8649;8757;8173;1510;43414;44260;43170;71704;44237;9987;43412;9451;16070;90304;6139;46483;6725;1901360;34641;6807;44238;31167;154;6364;34470;34660;6396;10467;16072;42254;22613;44085;71840;48573;9648;9416;9314;9628;50896;10228;3006;32502;22414;48608;48856;61458;48731;7275;44767;44699;44707;32501;9791;70475;5737;44424;44464;5575;5623;5622;7623;48511;5634;43231;43227;43226;43229	7353	6207	8169	8985	7245.5	6810	4341	6741	7325.5	6934	3639.5	5543	7031	8210.5	8359	5325.5	6925.5	4887	7562	8590.5	7254	7332.5	7667.5	7721.5	128200.5	6.410.025
ORTHO005089	Protein of unknown function (DUF1336)	AT5G35180	5886;16020;5575;44464;5623;71944;35091;5543;8289;5488;3674;43168;43167;5634;43231;43227;43226;43229;44424;5622;7165;50794;50789;65007;8150;51716;9987;50896;7154;44763;44699;44700;23052	7354	7575	7748.5	8143	6358.5	5904	2328.5	5213.5	6584	4433.5	7734.5	8595.5	8094	2711.5	3936.5	5325.5	5561	3121	6531	8478	7052	5132.5	7946.5	5806	110489	5524.45
ORTHO010365	Tetratricopeptide repeat (TPR)-like superfamily protein	AT5G66500	5739;43231;43227;43226;5575;43229;44424;44464;5623;5622;44444;5737;8150;3674	7355	8606	5985	4615	8471	2943.5	1109	3333.5	5619	5767	8095	8818.5	4793	906.5	1812.5	8358	1650.5	5824	6531	1775	8828	799	2576	8367.5	87906.5	4.395.325
ORTHO009681	pentatricopeptide (PPR) repeat-containing protein	AT1G30610	10098;48856;32502;8150;9507;9536;43231;43227;43226;5575;43229;44424;44464;5623;5622;44444;5737;9793;44702;22414;44699;3006;9790;44767;7275;44707;32501;48316;48608;61458;48731;9791;10154	7356	4929	7357	7358	2982.5	4434.5	7389.5	6573	7183.5	5327.5	8606.5	3218	6617.5	1800.5	5034.5	6712.5	6409	3121	3792	6754	4668.5	3754	5902.5	6553	103851.5	5.192.575
ORTHO002024	prephenate dehydrogenase family protein	AT1G15710;AT5G34930	6571;9095;9073;9072;6725;44237;8152;8150;9987;1901360;71704;6520;1901564;6807;19752;43436;6082;44281;44710;44699;44763;44238;19438;44249;9058;1901362;1901576;8652;46394;16053;44283;44711;1901566;1901607;1901605;6570;4665;16628;16627;16491;3824;3674;55114;8977;9507;9536;43231;43227;43226;5575;43229;44424;44464;5623;5622;44444;5737;33730;5739	7357	8127	5428	3499	5552	5704	8586	3325	5619	7125	6912.5	4566	4793	401	1509	3023.5	5685	1227	4663	5929.5	3417.5	2608	3849	3037	81980	4099
ORTHO001566	eukaryotic translation initiation factor 3 subunit C2	AT3G22860;AT3G56150	31369;5515;5488;3674;3743;8135;3723;3676;1901363;97159;6412;43043;43604;43603;34641;6807;8152;8150;44237;9987;44271;44249;9058;6518;1901564;71704;1901566;1901576;44267;19538;43170;44238;44260;34645;9059;10467;6413;5852;43234;32991;5575;44444;44424;44464;5623;5622;5737;5829;5634;43231;43227;43226;43229	7358	6639	8090.5	8823	7245.5	5248.5	8586	2939.5	6225	7782	8167.5	1889	8519	7213.5	8138	8660.5	8117.5	4673.5	7676.5	8784	6180.5	5308.5	1802.5	7315.5	123227	6161.35
ORTHO005258	Major facilitator superfamily protein	AT3G09470	8150;16021;31224;44425;5575;16020;3674;5886;44464;5623;71944	7359	5979	6305.5	5252	6664	2214.5	4118.5	7461	6584	2443	2809.5	6883.5	5740	1800.5	3936.5	3976.5	5032.5	3580	5851	7299	5422.5	5603	5295.5	5222.5	91273.5	4.563.675
ORTHO008922	unknown protein	AT4G10930	5634;43231;43227;43226;5575;43229;44424;44464;5623;5622	7360	5768	6903.5	6447	6534	3813	4872.5	2250	2069	8934.5	4069.5	9013	4106.5	5581	1016	3976.5	8542.5	6946	3529	9064.5	593.5	8454	2239	8744.5	97814.5	4.890.725
ORTHO008618	MIF4G domain-containing protein / MA3 domain-containing protein	AT5G17930	5634;43231;43227;43226;5575;43229;44424;44464;5623;5622;5730;44428;44446;44422;43232;43228;31981;70013;43233;31974;42274;22613;44085;71840;8150;42254;3723;3676;1901363;5488;3674;97159	7361	6899	6805.5	6250	7947.5	6898	4118.5	4964	5355.5	7407.5	6543	2729	7743	2711.5	3521.5	3976.5	4998.5	2724.5	5851	6555.5	6180.5	4423	4748	5222.5	96671.5	4.833.575
ORTHO006800	Arabidopsis thaliana protein of unknown function (DUF794)	AT3G21740	8150;3723;3676;1901363;5488;3674;97159;9507;9536;43231;43227;43226;5575;43229;44424;44464;5623;5622;44444;5737;5739	7362	6701	6369.5	5377	7662	4655.5	8221	4826.5	6225	6156.5	6343	5395	7743	2711.5	2702.5	3976.5	4346.5	2558	4756.5	2749	4226.5	4612.5	4843.5	4898	91946.5	4.597.325
ORTHO000536_2	Class II aminoacyl-tRNA and biotin synthetases superfamily protein	AT1G70980;AT5G56680	4816;4812;16876;16875;16874;3824;3674;8152;8150;6421;6418;43039;6399;34660;16070;44260;43170;71704;44237;9987;90304;6139;46483;6725;1901360;34641;6807;44238;43038;6520;1901564;19752;43436;6082;44281;44710;44699;44763;6412;43043;43604;43603;44271;44249;9058;6518;1901566;1901576;44267;19538;34645;9059;10467;5524;35639;1901265;1901363;5488;97159;43168;43167;32559;30554;17076;166;36094;32555;32553;97367;32550;32549;1882;1883;5737;44424;44464;5575;5623;5622;3677;3676;5829;44444;46686;10038;10035;42221;50896;9793;44702;22414;3006;32502;9790;44767;48856;7275;44707;32501;48316;48608;61458;48731;9791;10154;9507;9536;43231;43227;43226;43229;5739	7363	8501	7485	7607	8776.5	6679.5	7600	7935.5	4645.5	3163.5	8095	4467	5338.5	906.5	2163.5	8358	6409	663.5	6897.5	5929.5	6908	3754	6989	8697.5	105600.5	5.280.025
ORTHO010852	cysteine synthase 26	AT3G03630	9507;9536;43231;43227;43226;5575;43229;44424;44464;5623;5622;44444;5737;9643;9642;9416;9314;9628;50896;8150;10310;2000377;31323;50794;50789;65007;19222;5739;16740;3824;3674;8152;90322;4124;16835;16829;19344;97;96;6790;44237;9987;6520;1901564;71704;6807;19752;43436;6082;44281;44710;44699;44763;44238;44272;44249;9058;8652;46394;16053;44283;44711;1901576;1901566;6534;9069;1901605;9070;1901607;31977;44436;9579;15979	7364	7478	6497.25	5630.5	6358.5	4865.5	7923	4640	1691	8934.5	6763.5	5231.5	3084.5	2711.5	2702.5	5325.5	4054.5	1780	5027.5	7498.5	6696	3374.5	6413.5	4484	93201.5	4.660.075
ORTHO008208	actin-related protein 5	AT3G12380	6281;6259;44260;43170;71704;8152;8150;44237;9987;90304;6139;46483;6725;1901360;34641;6807;44238;6974;33554;51716;50896;6950;44763;44699;44710;6355;1903506;2001141;31326;9889;19222;50789;65007;31323;50794;51252;19219;80090;51171;60255;10556;10468;2000112;5654;44428;44446;44422;5575;43226;44424;44464;5623;5622;43229;5634;43231;43227;31981;70013;43233;31974;7275;44767;32502;44707;32501;31011;97346;70603;43234;32991;44454;44427;5694;43232;43228;228;33202;1902494;790;785;5200;5198;3674;5737;30029	7365	8388	5552.5	3740	8471	4159	7218	727.5	3046	8535.5	4399.5	8132.5	4271.5	1321.5	1462	8358	1396.5	5569	7792.5	995	4384	961.5	4603.5	5913	83246	4162.3
ORTHO002469	serine carboxypeptidase-like 50	AT1G15000	5773;43231;43227;43226;5575;43229;44424;44464;5623;5622;44444;5737;4185;4180;8238;70011;8233;16787;3824;3674;8152;8150;6508;19538;43170;71704;44238;70008;8236;17171;5576	7366	8462	7432.5	7499	8776.5	7863	6688	7762	5144	2963.5	8232.5	4386.5	5338.5	906.5	2396.5	8358	6549	663.5	7197.5	4211	7052	4067	7156	7952.5	104887.5	5.244.375
ORTHO010502	forkhead-associated domain-containing protein / FHA domain-containing protein	AT5G07400	5634;43231;43227;43226;5575;43229;44424;44464;5623;5622;8081;42578;16788;16787;3824;3674;8152;8150;6281;6259;44260;43170;71704;44237;9987;90304;6139;46483;6725;1901360;34641;6807;44238;6974;33554;51716;50896;6950;44763;44699;44710;8270;46914;46872;43169;43167;5488;16818;16817;3676;1901363;97159	7367	6590	3754.5	142	7245.5	3870	2528	1263.5	255	5653	5231.5	653	4004	138	136.5	3232.5	2821	398	2122.5	2966.5	3045	292	891.5	476	39977.5	1.998.875
ORTHO008726	tRNA modification GTPase; putative	AT1G78010	5737;44424;44464;5575;5623;5622;6400;9451;16070;44260;43170;71704;8152;8150;44237;9987;90304;6139;46483;6725;1901360;34641;6807;44238;43412;8033;34470;34660;6396;10467;6399;5525;35639;1901265;1901363;5488;3674;97159;43168;43167;32550;32549;1882;36094;97367;1883;32561;19001;17076;166;32555;32553;7264;35556;7165;50794;50789;65007;51716;50896;7154;44763;44699;44700;23052;3924;17111;16462;16818;16817;16787;3824	7368	5854	8166	8964	6664	9030	4948.5	7461	2979	7216	8910.5	7353.5	8675.5	5625.5	1016	3976.5	831.5	6946	8720.5	9047	8618.5	8723	8609.5	8615.5	127303.5	6.365.175
ORTHO001815_2	Encodes a nucleus-encoded thylakoid protein; cooperates with the plastid-encoded Ycf3 protein in photosystem i assembly. Also induces tolerance to multiple environmental stresses and reduces photooxidative damage.	AT5G44650	9507;9536;43231;43227;43226;5575;43229;44424;44464;5623;5622;44444;5737;9535;55035;42651;34357;16020;44436;9579;44435;44446;44422;31976;31984;44434;9534;10286;9408;9266;9628;50896;8150;6950;9658;9657;6996;16043;71840;9987;48564;43623;6461;65003;43933;22607;44085;71822;70271;34622;19684;6091;44237;8152;15979;9414;9415;1101;42221;10035;1901700;80183;6979;42538;9651;6970;6972;16021;31224;44425;3674	7369	8085	7486	7603	7245.5	3073.5	2190	8307	3425	8535.5	63.5	7602.5	1352	6389.5	3721.5	8660.5	8269	9175	9106.5	5400	5637	7855	2825	3984	105572	5278.6
ORTHO010143	Werner syndrome-like exonuclease	AT4G13870	9507;9536;43231;43227;43226;5575;43229;44424;44464;5623;5622;44444;5737;31969;42170;31090;16020;44422;44435;44446;9526;31967;31975;44434;9941;9535;55035;42651;34357;44436;9579;31976;31984;9534;6979;6950;50896;8150;3674;16021;31224;44425	7370	5783	6929.5	6489	2982.5	6529	2881	2322	5994	5373	1981	3218	6617.5	1375.5	5034.5	3976.5	6409	3949	7042	8320	7386	6266	6854	6553	98081	4904.05
ORTHO010152	ethylene-dependent gravitropism-deficient and yellow-green-like 3	AT1G17870	10287;44434;44435;44444;44424;44464;5575;5623;5622;5737;44446;44422;43226;43229;9536;43231;43227;9507;9570;9532;8150;3674	7371	5783	7835.75	8300.5	2982.5	3489.5	4341	4266	3312	4064	3831.5	7191	7258.5	8210.5	7844	5325.5	7091.5	6505.5	1164.5	8756	7925	7470	7089	7266.5	112401.5	5.620.075
ORTHO001216	NAD(P)-binding Rossmann-fold superfamily protein	AT4G24220	5829;44444;44424;44464;5575;5623;5622;5737;8202;1901360;71704;8152;8150;6629;44710;44699;44238;10051;3002;7389;44767;32502;44707;32501;7275;47787;35671;16628;16627;16491;3824;3674;55114;9611;6950;50896	7372	9008	8127.5	8883	9081	6382	9145	8102.5	6124	8934.5	7524	9077	6895.5	1321.5	5523	7360.5	7411.5	340.5	8907	5002	8153	1179	8470.5	9018	124871	6243.55
ORTHO008403	unknown protein	AT4G28020	9507;9536;43231;43227;43226;5575;43229;44424;44464;5623;5622;44444;5737;3674;8150	7373	6308	7012	6651	7245.5	6529	8038	5348	6493	7298.5	6343	7906.5	7743	2711.5	2702.5	3976.5	4346.5	2199.5	2599.5	6322.5	4226.5	4612.5	4843.5	4898	99138	4956.9
ORTHO008697	unknown protein	AT3G20490	8150;5634;43231;43227;43226;5575;43229;44424;44464;5623;5622	7374	5648.5	8062.5	8751	2982.5	6313	4341	6831.5	7831	5454	8404	5327.5	7189	8210.5	7804.5	5325.5	1844	5221.5	7742	8632.5	7568	6920	3155	7120	121234.5	6.061.725
ORTHO010906	RNA-binding CRS1 / YhbY (CRM) domain protein	AT2G21350	3723;3676;1901363;5488;3674;97159;9507;9536;43231;43227;43226;5575;43229;44424;44464;5623;5622;44444;5737;8150	7375	7495	7702.5	8030	6358.5	6149	8427.5	5302.5	5754	6573.5	7382.5	2467.5	8094	3374	4462	5325.5	7884	3121	6835.5	8590.5	7489.5	3453.5	2871.5	5806	109363.5	5.468.175
ORTHO010112	KAR-UP F-box 1	AT1G31350	31463;31461;151;1990234;1902494;43234;32991;5575;44424;44464;5623;5622;5515;5488;3674;5634;43231;43227;43226;43229;80167;9628;50896;8150;16567;32446;70647;6464;36211;19538;43170;71704;8152;44238;43412;44267;44260;44237;9987;4842;19787;16740;3824	7376	5792	4830.5	2285	2982.5	7324.5	5560.5	4424	3632	8231.5	5601	7750	2892	3283.5	1812.5	3976.5	3167.5	1459	1232	3868	957	2923.5	3030.5	3447.5	74573	3728.65
ORTHO010496	unknown protein	AT1G67700	9534;31976;9579;44424;44464;5575;5623;5622;31984;44446;44422;43226;43229;43227;44435;44444;5737;9536;43231;44434;9507;3674;9941;9526;31967;31975;16021;31224;44425;16020;9535;55035;42651;34357;44436;8150	7377	6608	5605.5	3834	7245.5	4794.5	4341	5439.5	8101	2170.5	3136.5	4670	1352	2711.5	3521.5	3976.5	4942.5	2724.5	5347.5	6632	4668.5	5059	5021	5222.5	83832	4191.6
ORTHO009273	Transducin/WD40 repeat-like superfamily protein	AT3G49660	10228;3006;32502;8150;22414;48608;48856;61458;48731;7275;44767;44699;44707;32501;9791;5834;1902494;43234;32991;5575;98797;44459;44464;5623;44425;16020;5886;71944;98796;44424;5622;31234;19897;19898;9898;98562;98552;5634;43231;43227;43226;43229;7186;7165;50794;50789;65007;51716;9987;50896;7154;44763;44700;23052;8168;16741;16740;3824;3674;8152;32259;48188;35097;34708;1990234;44451;44428;44446;44422;5654;31981;70013;43233;31974;166;36094;5488;1901265;1901363;97159;42393;5515	7378	6414	8242.5	9107	7245.5	7278	4341	6906	2412.5	5021	8537.5	8595.5	8859	7213.5	8404	5325.5	7113.5	5452.5	7950	8721.5	7786.5	7637.5	8163.5	8159	133877.5	6.693.875
ORTHO003165	alpha/beta-Hydrolases superfamily protein	AT5G06570	8152;8150;5634;43231;43227;43226;5575;43229;44424;44464;5623;5622;52689;16788;16787;3824;3674	7379	8207	7852.5	8326	8341	7169.5	7665	8028.5	7325.5	4629	7382.5	8763	5467.5	906.5	3047.5	8358	494	867.5	7612.5	6322.5	7925	4873	7667.5	8258.5	112763	5638.15
ORTHO010483	Mitochondrial transcription termination factor family protein	AT1G74120	394;8380;6396;16070;44260;43170;71704;8152;8150;44237;9987;90304;6139;46483;6725;1901360;34641;6807;44238;10467;6355;1903506;2001141;31326;9889;19222;50789;65007;31323;50794;51252;19219;80090;51171;60255;10556;10468;2000112;3690;43566;3677;3676;1901363;5488;3674;97159;3723;5739;43231;43227;43226;5575;43229;44424;44464;5623;5622;44444;5737	7380	6523	7771.5	8163	7245.5	6227.5	4341	2750.5	6379.5	6524	3136.5	5464.5	1352	7387.5	8387.5	5325.5	9060	4887	7612.5	8590.5	7386	5603	2171	8159	110745	5537.25
ORTHO000692_2	DNA/RNA polymerases superfamily protein	AT2G24120	3677;3676;1901363;5488;3674;97159;5739;43231;43227;43226;5575;43229;44424;44464;5623;5622;44444;5737;9507;9536;3899;34062;16779;16772;16740;3824;8152;8150;32774;9059;43170;71704;1901576;9058;16070;44260;44237;9987;90304;6139;46483;6725;1901360;34641;6807;44238;34654;19438;44249;44271;18130;1901362;6351;34645;97659;10467;5515	7381	7463	6422.25	5463.5	7947.5	7324.5	3513	5213.5	3895.5	3055	7734.5	2553.5	7963	2711.5	3936.5	5325.5	935.5	3121	6531	8478	1299.5	5213.5	7946.5	5601	92352	4617.6
ORTHO008218	D-aminoacid aminotransferase-like PLP-dependent enzymes superfamily protein	AT5G57850	47810;8483;16769;16740;3824;3674;8152;8150;9570;9532;44435;44444;44424;44464;5575;5623;5622;5737;44446;44422;43226;43229;9536;43231;43227;44434;9507;8696;16833;16830;16829;8153;9073;9072;6725;44237;9987;1901360;71704;6520;1901564;6807;19752;43436;6082;44281;44710;44699;44763;44238;19438;44249;9058;1901362;1901576;8652;46394;16053;44283;44711;1901566;46482;42537;32787;72330;46654;9396;9108;51188;51186;6732;42559;42558;46483;44271;34641;18130;43604;43603;1901607;1901605;6760;6575;42398;46653	7382	6419	7151.75	6921.5	7245.5	1777	6200	5302.5	7978	6934	3879	7115.5	1352	8787	8512	5325.5	494	6217	6531	2534.5	6180.5	6576.5	4723.5	4413.5	100833	5041.65
ORTHO006510	O-Glycosyl hydrolases family 17 protein	AT4G17180	5886;16020;5575;44464;5623;71944;5975;71704;8152;8150;44238;4553;16798;16787;3824;3674	7383	7377	7376	7369	8139.5	5432.5	8109.5	8028.5	6379.5	3448	6543	2851	7743	2711.5	3521.5	5325.5	4761	2199.5	5851	7986	6180.5	4308.5	7335	5222.5	103937.5	5.196.875
ORTHO004367	Protein of unknown function (DUF1423)	AT3G63500	46872;43169;43167;5488;3674;5634;43231;43227;43226;5575;43229;44424;44464;5623;5622;1708;48869;44767;32502;8150;44699;44763;9987;45165;30154;90421;10014;9933;48532;9653;48856;48507;9888;48513;48731;7275;44707;32501;5515;9880;7389;9790	7384	6983	6068.5	4753	7947.5	4540.5	7886	7762	4586.5	7666.5	3596.5	8194	6731.5	3374	2396.5	5325.5	4761	1568.5	4388	5726.5	4833.5	852	728.5	3841	88758.5	4.437.925
ORTHO009227	unknown protein	AT5G09270	5634;43231;43227;43226;5575;43229;44424;44464;5623;5622;8150;3674;9536;44444;5737	7385	7775	6156.5	4928	8202.5	5090	5026.5	4826.5	6584	3547	7040	3686.5	7377.5	2711.5	2396.5	5325.5	4610.5	1888	5430	5606	5779	3222.5	4843.5	4678.5	89669.5	4.483.475
ORTHO004307	P-loop containing nucleoside triphosphate hydrolases superfamily protein	AT1G06720	3924;17111;16462;16818;16817;16787;3824;3674;8152;8150;42254;22613;44085;71840;5634;43231;43227;43226;5575;43229;44424;44464;5623;5622	7386	7225	5191	2996	5386.5	3739.5	8627.5	3421	5851.5	8934.5	6543	7536	1352	6971	7432.5	3074	8408	1017	1629.5	2124.5	1426	484	186	372.5	79130	3956.5
ORTHO006884	Rab escort protein	AT3G06540	5968;1990234;1902494;43234;32991;5575;44444;44424;44464;5623;5622;5737;6886;15031;45184;51234;51179;8150;8104;33036;71702;6810;46907;51649;51641;34613;70727;2000541;2000539;31399;32268;51246;80090;19222;50789;65007;60255;31323;50794;2000112;31326;9889;10556;31401;32270;31325;9893;48518;48522;51247;10604;18344;18342;97354;44237;8152;9987;6464;36211;19538;43170;71704;44238;43412;44267;44260;5093;5092;30695;60589;30234;98772;3674;50790;65009;5829;17137;17016;31267;51020;19899;5515;5488	7387	6673	5937.5	4488	7662	8296	5661.5	3588	5144	8398	4939	7421.5	1352	3374	3721.5	5325.5	8163	6471	1389	3483.5	2737	2112.5	807.5	4898	87282.5	4.364.125
ORTHO005869	FUNCTIONS IN: molecular_function unknown	AT5G65950	3674;8150;5634;43231;43227;43226;5575;43229;44424;44464;5623;5622	7388	7210	6267.5	5147	7947.5	5248.5	6283.5	4826.5	6225	6097	7040	2937.5	1352	2711.5	3265	8358	4666	2199.5	5589.5	2008	5988	4067	6989	4898	90749.5	4.537.475
ORTHO006392	coenzyme Q biosynthesis Coq4 family protein / ubiquinone biosynthesis Coq4 family protein	AT2G03690	5739;43231;43227;43226;5575;43229;44424;44464;5623;5622;44444;5737;6744;6743;6733;6732;51186;44237;8152;8150;9987;1901661;42180;71704;44281;44710;44699;44763;1901663;9108;51188;44249;9058;42181;44283;44711;1901576;5743;19866;31090;16020;44422;31967;31975;44446;31966;44429;5740;3674	7389	6114	5795	4201	5552	2128	4341	2545	4953	1970.5	7382.5	3686.5	5740	1375.5	3936.5	3976.5	5240.5	3121	6056.5	5781.5	5637	5603	5541.5	6883	85899	4294.95
ORTHO000846_3	SWIM zinc finger family protein	AT1G60560	8270;46914;46872;43169;43167;5488;3674;5634;43231;43227;43226;5575;43229;44424;44464;5623;5622;8150	7390	6219	6287	5184	7245.5	2005.5	3863.5	2460.5	1133	6934	7524	3422.5	8205.5	1800.5	4233.5	3976.5	5764.5	3580	6327	6103	5839	5789.5	5762.5	6210	90934.5	4.546.725
ORTHO005400	calpain-type cysteine protease family	AT1G55350	4198;4197;8234;70011;8233;16787;3824;3674;8152;8150;6508;19538;43170;71704;44238;4175;5887;31226;44459;44464;5575;5623;44425;16020;5886;71944;31224;16021;97264;5789;98588;31090;44422;43226;43227;44432;44444;44424;5622;5737;44446;43229;5783;43231;12505;42175;9793;44702;22414;44699;3006;32502;9790;44767;48856;7275;44707;32501;48316;48608;61458;48731;9791;10154;32877;2000105;45740;31328;31326;9889;19222;50789;65007;31323;50794;31325;9893;48518;48522;9891;10557;10604;60255;10556;51054;45935;19219;80090;51171;51173;51052;6275;2000112;90329;90068;10564;51726;45787;32875;10008;44440;5768;98805;2000014;80050;48580;2000026;50793;51239;2000241;90392;90627;30154;48869;44763;9987;40014;48638;40008;9957;1708;45165;9913;30855;60429;9888;8544;2000024;48831;42127;1558;51128;9934;48509;22603	7391	7005	3770	149	7947.5	880.5	7239	1823.5	3855	7666.5	1211	4111	1352	138	136.5	3099	2717.5	203.5	1642	843	2901.5	163	388	255.5	40626	2031.3
ORTHO008993	histone deacetylase 8	AT1G08460	32041;17136;34979;33558;19213;16787;3824;3674;8152;8150;6476;35601;98732;43412;43170;71704;6464;36211;19538;44238;44267;44260;44237;9987;4407;16811;16810;16575;16570;16569;16568;6325;43933;16043;71840;51276;6996;1902589;44763;44699;44710;31078;70932;5634;43231;43227;43226;5575;43229;44424;44464;5623;5622;6355;1903506;2001141;31326;9889;19222;50789;65007;31323;50794;51252;19219;80090;51171;60255;10556;10468;2000112;6351;34645;9059;1901576;9058;44249;97659;32774;16070;90304;6139;46483;6725;1901360;34641;6807;34654;19438;44271;18130;1901362;10467	7392	5234	7952.5	8513	2982.5	7390	5535	8868.5	8207	6345	3526	5983.5	4083.5	7387.5	1725.5	6020.5	1266	6737.5	8559.5	6467.5	2770	8900	8806.5	7453	116032	5801.6
ORTHO008996	DNAJ heat shock N-terminal domain-containing protein	AT1G18700	9507;9536;43231;43227;43226;5575;43229;44424;44464;5623;5622;44444;5737;5783;12505;6457;9987;8150	7393	5641	8141.5	8890	2982.5	6679.5	8645.5	6906	7831	1409.5	8537.5	2851	1352	8316	7885	5325.5	7113.5	5452.5	7901.5	7871	7786.5	7683.5	8163.5	7376.5	125087	6254.35
ORTHO001635	Peroxidase superfamily protein	AT1G05260;AT4G11290	5576;5575;4601;16684;16491;3824;3674;8152;8150;55114;44710;44699;16209;20037;46906;1901363;5488;97159;9506;5911;30054;55044;9505;5618;30312;44464;5623;71944;9269;9414;9415;9628;50896;1101;42221;10035;1901700;6950;9664;71555;45229;16043;71840;9987;71554;71669;42538;9651;6970;6972;9409;9266;5783;43231;43227;43226;43229;44424;5622;44444;5737;12505;46872;43169;43167	7394	7750	7026	6658	6664	9094	3129.5	4734	5994	8231.5	8095	4386.5	5338.5	906.5	2396.5	5325.5	4464.5	663.5	6897.5	6001	5422.5	3609.5	6538.5	7952.5	99181	4959.05
ORTHO009683	Ssu72-like family protein	AT1G73820	5739;43231;43227;43226;5575;43229;44424;44464;5623;5622;44444;5737;4721;16791;42578;16788;16787;3824;3674;8152;8150;16311;6796;6793;44237;9987;6470;6464;36211;19538;43170;71704;44238;43412;44267;44260;9507;9536;6397;16071;16070;90304;6139;46483;6725;1901360;34641;6807;6396;10467;5634	7395	6450	6349	5303	7245.5	1594	4341	4964	6225	7247	5788.5	4779	7743	2711.5	3521.5	3976.5	4548.5	2724.5	5220.5	6632	4384	4873	5021	5222.5	91517	4575.85
ORTHO010575	Early-responsive to dehydration stress protein (ERD4)	AT3G54510	16021;31224;44425;5575;16020;6811;44765;6810;51234;51179;8150;1902578;44699;9507;9536;43231;43227;43226;43229;44424;44464;5623;5622;44444;5737	7396	6556.5	7675.5	7955	7245.5	5090	4587.5	6142.5	8259	8535.5	4016	5903.5	1352	7213.5	8061.5	5325.5	6298	4747.5	7042	8397.5	431	6340.5	3997.5	6883	108623.5	5.431.175
ORTHO003704	CONTAINS InterPro DOMAIN/s: Mediator complex subunit Med23 (InterPro:IPR021629)	AT1G23230	5634;43231;43227;43226;5575;43229;44424;44464;5623;5622;6351;34645;44260;43170;71704;8152;8150;44237;9987;9059;1901576;9058;44249;97659;32774;16070;90304;6139;46483;6725;1901360;34641;6807;44238;34654;19438;44271;18130;1901362;10467;6355;1903506;2001141;31326;9889;19222;50789;65007;31323;50794;51252;19219;80090;51171;60255;10556;10468;2000112;3674;16592;44451;44428;44446;44422;5654;31981;70013;43233;31974;43234;32991	7397	6785	7960.5	8524	5938.5	5155.5	4118.5	5568.5	8914.5	7539	7199	8595.5	8094	2711.5	3936.5	5325.5	8766.5	3121	6531	8478	5422.5	5603	5407	5806	116293	5814.65
ORTHO005226	GC-rich sequence DNA-binding factor-like protein with Tuftelin interacting domain	AT1G17070;AT2G42330	398;6397;16071;16070;44260;43170;71704;8152;8150;44237;9987;90304;6139;46483;6725;1901360;34641;6807;44238;6396;10467;377;375;8380;31981;44428;44446;44422;5575;43226;44424;44464;5623;5622;43229;5634;43231;43227;70013;43233;31974;42752;50789;65007;1990446;70990;43021;44877;5488;3674;3676;1901363;97159;5515;5681;30529;32991;3677	7398	5151	5927.5	4457	2982.5	3334	6075.5	8918.5	1916	7485	3989.5	5019	1352	8954	6007	7782	2958.5	7408	2778	1268.5	1579	696.5	1121.5	8491	87133.5	4.356.675
ORTHO010012	Tetratricopeptide repeat (TPR)-like superfamily protein	AT1G30290	3674;8150;5739;43231;43227;43226;5575;43229;44424;44464;5623;5622;44444;5737	7399	5760	3738	77	2982.5	3768.5	1224.5	1322	4188.5	7666.5	291	1354.5	1352	138	136.5	3232.5	2786	398	2092	234.5	2701	292	1072	509	34759	1737.95
ORTHO006826	Rhodanese/Cell cycle control phosphatase superfamily protein	AT1G17850	5634;43231;43227;43226;5575;43229;44424;44464;5623;5622;3674;9507;9536;44444;5737;8150	7400	7501	7957.5	8515	6358.5	2999.5	5450	8233.5	5144	7094.5	8095	6171.5	8306	7101	7999	6712.5	6722.5	4400	4756.5	5816	6696	5132.5	3055	6161.5	116046.5	5.802.325
ORTHO007495	ARM repeat superfamily protein	AT3G51980	6457;9987;8150;9507;9536;43231;43227;43226;5575;43229;44424;44464;5623;5622;44444;5737;774;60590;60589;30234;98772;3674;50790;19222;50789;65007;65009;30554;17076;166;36094;5488;1901265;1901363;97159;5783;12505	7401	5192	7133	6865	2982.5	7363.5	2627.5	6264	1839.5	4009	6763.5	3034.5	6731.5	1800.5	5413.5	6712.5	6648.5	3949	7281	8478	723.5	6429	7244	7161.5	100474	5023.7
ORTHO000735	Exostosin family protein	AT3G42180;AT5G11130;AT5G20260;AT5G33290	71555;45229;16043;71840;8150;9987;71554;16021;31224;44425;5575;16020;139;98588;31090;44422;43226;43227;44431;44444;44424;44464;5623;5622;5737;44446;43229;5794;43231;12505;16757;16740;3824;3674;8152;5576;5886;71944;5768;5802;98791;31984;10398;10393;5976;5975;71704;44238;43170;45489;271;16051;44723;44710;44699;1901576;9058;44711;9059;45488;35252;8194;42285;16763	7402	9114	4186.5	971	9105.5	4197	7197.5	4274	3914.5	8647.5	4982	7711	1352	138	136.5	8707.5	2781.5	19	1706.5	2496	3211	41.5	87	286	61886	3094.3
ORTHO001049	pathogenesis-related 4	AT3G04720	4540;4518;16788;16787;3824;3674;8152;8150;90305;90304;6139;46483;44237;9987;6725;1901360;71704;34641;6807;44238;43170;90501;16070;44260;80027;51707;43207;9605;50896;9607;51704;9615;5576;5575;9651;6970;9628;6950;9817;9814;98542;6952;45087;6955;2376;50832;9620;8061;97367;5488;31640;1906;44364;35821;65008;65007;9627;9723;9725;9719;10033;42221	7403	5156	6377.5	5352	2982.5	1227	5410	6264	7325.5	2235	1981	8272.5	1352	1800.5	5413.5	6712.5	4135	3121	3977	4727.5	7636	6429	6467.5	7315.5	91802	4590.1
ORTHO010387	Transducin/WD40 repeat-like superfamily protein	AT5G45760	5834;1902494;43234;32991;5575;98797;44459;44464;5623;44425;16020;5886;71944;98796;44424;5622;31234;19897;19898;9898;98562;98552;8150;5634;43231;43227;43226;43229;166;36094;5488;3674;1901265;1901363;97159;5737	7404	6664	6165.5	4927	7662	5684	4118.5	2711	7978	5641.5	1810	4566	7743	2711.5	3936.5	3976.5	6409	4253	5851	7012	5265	3222.5	1555.5	5222.5	89667	4483.35
ORTHO007250	Mitochondrial glycoprotein family protein	AT4G32605	5759;44429;44444;44424;44464;5575;5623;5622;5737;44446;44422;43226;43229;5739;43231;43227;70013;43233;31974	7405	6194	5928	4451	7245.5	5090	4341	5348	5144	8063.5	6343	5464.5	5195	2711.5	2702.5	3976.5	4191.5	2558	4548.5	6274.5	4226.5	3609.5	3040	4291.5	87119.5	4.355.975
ORTHO008025	beta-galactosidase 17	AT1G72990	48046;5576;5575;4565;15925;4553;16798;16787;3824;3674;8152;8150	7406	5205	6168.5	4931	2982.5	5155.5	6145.5	5213.5	6823.5	5017	2809.5	3686.5	5740	1800.5	4233.5	3976.5	5108	3121	5851	2765	5637	5603	5407	5601	89694.5	4.484.725
ORTHO009818	unknown protein	AT1G17665	3674;8150;9507;9536;43231;43227;43226;5575;43229;44424;44464;5623;5622;44444;5737	7407	7315	5243.5	3080	8139.5	4101	5345.5	7409.5	1994.5	8647.5	5655.5	6895.5	4617.5	4134.5	1389	5325.5	3092	1780	3283.5	4527	4833.5	774.5	2412.5	3383	79601.5	3.980.075
ORTHO010705	P-loop containing nucleoside triphosphate hydrolases superfamily protein	AT2G16790	16310;6796;6793;44237;8152;8150;9987;5975;71704;44238;5737;44424;44464;5575;5623;5622;16301;16772;16740;3824;3674	7408	8312	7497.5	7587	8471	6529	7600	7935.5	4645.5	3876	8095	4467	5195	906.5	2396.5	8358	6298	663.5	6897.5	5929.5	6908	3754	7156	7860.5	105471	5273.55
ORTHO007555	Phototropic-responsive NPH3 family protein	AT3G49900	16567;32446;70647;6464;36211;19538;43170;71704;8152;8150;44238;43412;44267;44260;44237;9987;5886;16020;5575;44464;5623;71944	7409	7726	5436.5	3464	8328	5351.5	8586	8256	5994	6889	6912.5	4566	1352	401	1509	3023.5	5685	867.5	4663	5929.5	3417.5	1735	3591.5	3055	81784.5	4.089.225
ORTHO003838	carotenoid cleavage dioxygenase 1	AT3G63520	5774;44437;44444;44424;44464;5575;5623;5622;5737;44446;44422;43226;43229;5773;43231;43227;98588;31090;16020;98805;9414;9415;9628;50896;8150;1101;42221;10035;1901700;6950;9506;5911;30054;55044;16124;16122;16116;16108;6721;6720;44255;6629;71704;8152;44710;44699;44238;44763;9987;44237;16118;16110;16115;8300;44242;16042;44712;9056;1901575;44248;45549;10436;16702;16701;16491;3824;3674;55114;51213;5886;71944;16121;46247;42214;16119;46872;43169;43167;5488;5794;12505	7410	7791	3913.5	417	8471	3891.5	6958	3971	3991.5	7441.5	5093.5	7689	1352	138	136.5	1273	2603.5	53	1589	1992	2030.5	142	166	160	50671.5	2.533.575
ORTHO008472	embryo defective 2739	AT4G14590	9793;44702;22414;8150;44699;3006;32502;9790;44767;48856;7275;44707;32501;48316;48608;61458;48731;9791;10154;5634;43231;43227;43226;5575;43229;44424;44464;5623;5622;3674	7411	6310	6918	6425	7245.5	5211.5	6055.5	5813.5	6943.5	3706.5	7382.5	3578.5	8094	2711.5	4124.5	3976.5	5329.5	3580	6185.5	2185	5637	5603	5649	5913	97680	4884
ORTHO008925	zinc ion binding	AT2G44580	5634;43231;43227;43226;5575;43229;44424;44464;5623;5622;8270;46914;46872;43169;43167;5488;3674	7412	6990	6039	4666	7947.5	6313	4457	4734	5144	5847	6173.5	4239	3111	2711.5	2702.5	5325.5	4464.5	1780	5128	6148	5422.5	3609.5	6413.5	4541	88265	4413.25
ORTHO007851	Seven transmembrane MLO family protein	AT1G11000	5886;16020;5575;44464;5623;71944;6952;6950;50896;8150;8219;16265;44699;44763;9987;5516;5515;5488;3674	7413	5200	5290.5	3168	2982.5	2333	6258.5	7409.5	6584	8934.5	3366.5	5257	3339.5	2711.5	3936.5	3976.5	1844	2724.5	4968.5	2156.5	4226.5	3311	2239	4541	80118	4005.9
ORTHO010581	SPX domain gene 4	AT5G15330	16036;9267;31669;31667;9991;9605;50896;8150;31668;51716;9987;71496;7154;44763;44699;42594;6950;33554;5634;43231;43227;43226;5575;43229;44424;44464;5623;5622;5737	7414	6757	3802	190	7662	3531	6820.5	1823.5	3826	4379.5	5069	2131	1352	138	136.5	3210	2919	355.5	1706.5	2935	2123	193	224.5	277.5	43151	2157.55
ORTHO009135	Cytochrome c	AT5G45040	15979;44237;8152;8150;9987;9055;3674;20037;46906;1901363;5488;97159;46872;43169;43167;9543;31978;31977;44436;44424;44464;5575;5623;5622;9579;44435;44444;5737;44446;44422;43226;43229;9536;43231;43227;31976;31984;44434;9507;9534;55114;44710;44699	7415	6585	7347.25	7279.5	7245.5	293	8450	6142.5	1042.5	2569	7886	3218	8519	2711.5	4705.5	3976.5	6409	3949	7042	8214	8019	6182.5	6709	7190.5	103228.5	5.161.425
ORTHO007990	Pseudouridine synthase family protein	AT3G19440	9982;16866;16853;3824;3674;8152;8150;5739;43231;43227;43226;5575;43229;44424;44464;5623;5622;44444;5737;19239;31119;1522;9451;16070;44260;43170;71704;44237;9987;90304;6139;46483;6725;1901360;34641;6807;44238;43412;6400;8033;34470;34660;6396;10467;6399	7416	5675	6891	6366	2982.5	5248.5	8282	2545	7183.5	2856.5	2809.5	3578.5	6071.5	1800.5	4462	3976.5	5404	5452.5	6785	7692.5	5779	5789.5	5649	5957	97322.5	4.866.125
ORTHO010805	ENTH/VHS family protein	AT3G23350	8150;3674;5634;43231;43227;43226;5575;43229;44424;44464;5623;5622	7417	7440	7750	8083	6358.5	2604.5	6075.5	8731.5	2828	7094.5	669	7392	8205.5	7101	7764	8660.5	8926.5	4809.5	6897.5	2326	6578.5	4471.5	3020	5806	109961.5	5.498.075
ORTHO007069	CONTAINS InterPro DOMAIN/s: ATPase; vacuolar ER assembly factor; Vma12 (InterPro:IPR021013)	AT5G52980	3674;5739;43231;43227;43226;5575;43229;44424;44464;5623;5622;44444;5737;8150	7418	6209	6433.5	5449	5651.5	5516	3960	2660	6493	6988	6543	4566	3446	1800.5	3721.5	3976.5	4666	3121	5347.5	6960	7254	5308.5	5081	4898	92306.5	4.615.325
ORTHO008983	unknown protein	AT2G44850	5576;5575;3674;8150	7419	5306	8091	8763	2982.5	8334.5	4528.5	8850	8847.5	7183	3136.5	5877.5	1352	5318	511.5	3976.5	1155.5	7821.5	9128.5	9145.5	9043.5	9122.5	9079.5	9018	121430	6071.5
ORTHO005346	CwfJ-like family protein	AT1G56290	5634;43231;43227;43226;5575;43229;44424;44464;5623;5622;3824;3674;8152;8150	7420	6122	3881.5	343	7245.5	3168.5	6820.5	3664	3771.5	5248.5	5081	1708.5	3626	138	136.5	3232.5	7006	355.5	1374.5	2409.5	135.5	205	558	281	48920.5	2.446.025
ORTHO006378	Tetratricopeptide repeat (TPR)-like superfamily protein	AT3G02650	3674;8150;5739;43231;43227;43226;5575;43229;44424;44464;5623;5622;44444;5737	7421	7642	6682	5943	6534	1907.5	8064	4826.5	6124	7539	7040	3835.5	7377.5	2711.5	2396.5	5325.5	4548.5	1780	5220.5	5816	5637	3609.5	6538.5	4678.5	94976	4748.8
ORTHO008469	ARM repeat superfamily protein	AT3G15180	9506;5911;30054;5575;55044;44183;5515;5488;3674;6457;9987;8150;5634;43231;43227;43226;43229;44424;44464;5623;5622;5774;44437;44444;5737;44446;44422;5773;98588;31090;16020;98805;43248;43623;6461;65003;43933;16043;71840;22607;44085;71822;70271;34622	7422	7113	7887	8352	7947.5	6529	7239	5698.5	1328.5	7620	7594	2343.5	8306	2711.5	4462	5325.5	6099.5	3580	7042	8721.5	7786.5	6182.5	8247	6379.5	113196	5659.8
ORTHO009872	Tetratricopeptide repeat (TPR)-like superfamily protein	AT1G01970	5739;43231;43227;43226;5575;43229;44424;44464;5623;5622;44444;5737;8150;3674	7423	5801	5794	4165	2982.5	2295.5	4341	5439.5	1954.5	4501.5	5788.5	7957.5	5740	1800.5	3521.5	3976.5	4548.5	2724.5	5128	6632	4668.5	4873	5021	4801	85713	4285.65
ORTHO010462	2Fe-2S ferredoxin-like superfamily protein	AT4G32590	46872;43169;43167;5488;3674;51536;51540;9055	7424	6691	6871	6318	7662	5155.5	5466	9000	2202	3706.5	7382.5	3686.5	8094	2711.5	3936.5	3976.5	5281.5	3580	6109.5	4211	5637	5603	5541.5	5806	97087	4854.35
ORTHO008829	nodulin MtN21 /EamA-like transporter family protein	AT3G02690	9507;9536;43231;43227;43226;5575;43229;44424;44464;5623;5622;44444;5737;31969;42170;31090;16020;44422;44435;44446;9526;31967;31975;44434;9941;16021;31224;44425	7425	7117	4879.5	2334	7947.5	8095.5	35.5	3123	9091	8934.5	1312.5	8397	2730	6542.5	3721.5	6044.5	2323	8488	2907	689	662.5	504.5	416.5	795	74813	3740.65
ORTHO006802	Encodes AUG1; likely to be in an augmin-like complex with AUG3.	AT2G41350	5737;44424;44464;5575;5623;5622;51225;70925;6996;16043;71840;8150;9987;22607;44085;7051;226;7010;1902589;44763;44699;7017;22402;7049;71822;43933;6461;65003;70271;5819;44430;44446;44422;43226;43229;5856;43232;43228;15630;51297;31023;3674;70652;5875;43234;32991	7426	6880	6457.5	5489	7662	7853.5	4118.5	4826.5	5355.5	7539	6343	2937.5	7743	2711.5	3265	3976.5	5194	1780	2078.5	6555.5	7636	4169	3365	5041.5	92489	4624.45
ORTHO007068	CRT (chloroquine-resistance transporter)-like transporter 3	AT5G12170;AT5G19380	31969;42170;31090;16020;5575;44422;43226;43227;44435;44444;44424;44464;5623;5622;5737;44446;43229;9536;43231;9526;31967;31975;44434;9507;9941;2229;98542;6952;6950;50896;8150;51707;43207;9605;9607;51704;2239;46686;10038;10035;42221;34635;42939;6857;15833;42886;71705;6810;51234;51179;44765;1902578;44699;71702;15711;6820;6811;72337;72348;16021;31224;44425	7427	7653	7685	7943	6534	5904	7744.5	5213.5	5619	4953.5	7199	2467.5	7963	2711.5	3047.5	8358	5561	949.5	6531	8478	7052	5213.5	7946.5	5601	108513.5	5.425.675
ORTHO009652	GTP-binding family protein	AT4G02790	5525;35639;1901265;1901363;5488;3674;97159;43168;43167;32550;32549;1882;36094;97367;1883;32561;19001;17076;166;32555;32553;9507;9536;43231;43227;43226;5575;43229;44424;44464;5623;5622;44444;5737	7428	6503	5720	4012	7245.5	4068.5	7843.5	3301	3783.5	4735.5	4016	7750	6227	2711.5	1616	3976.5	3471	6737.5	4328.5	5637	4023	3311	3702.5	3635.5	84875	4243.75
ORTHO004945	Trimeric LpxA-like enzyme	AT2G34970;AT3G02270;AT4G18300	6446;6417;10608;10468;60255;19222;50789;65007;8150;32268;51246;80090;31323;50794;34248;51171;2000112;31326;9889;10556;3743;8135;3723;3676;1901363;5488;3674;97159;6412;43043;43604;43603;34641;6807;8152;44237;9987;44271;44249;9058;6518;1901564;71704;1901566;1901576;44267;19538;43170;44238;44260;34645;9059;10467;6413;16779;16772;16740;3824;5737;44424;44464;5575;5623;5622;5829;44444	7429	8147	7850	8271	7245.5	6707.5	7600	9044	5619	5674.5	8232.5	4467	5338.5	906.5	2396.5	8358	6298	663.5	7197.5	7576.5	6908	3955.5	7156	7860.5	111959.5	5.597.975
ORTHO007538	Ribosomal L18p/L5e family protein	AT1G31817	5763;44429;44444;44424;44464;5575;5623;5622;5737;44446;44422;43226;43229;5739;43231;43227;314;15935;44391;30529;32991;5840;43232;43228;313;5761;5759;70013;43233;31974;22627;44445;5829;22626;6412;43043;43604;43603;34641;6807;8152;8150;44237;9987;44271;44249;9058;6518;1901564;71704;1901566;1901576;44267;19538;43170;44238;44260;34645;9059;10467;3735;5198;3674;10197;741;48284;6996;16043;71840;6997;9559;30154;48869;44767;32502;44699;44763;9561;44707;32501;9553;48229;7275;48856;28;22618;71826;43933;34622;65003;22607;44085;22613;42255;70925;42254;42274;48027;3729;44822;3723;3676;1901363;5488;97159;462;30490;6364;34470;34660;16070;90304;6139;46483;6725;1901360;6396;16072;70181;19843;9507;9536	7430	8406	7755	8080	7662	9043.5	7600	3108.5	7561.5	6756.5	8167.5	4467	5338.5	906.5	2396.5	8358	6549	663.5	7197.5	6001	7052	3754	7156	7860.5	109937.5	5.496.875
ORTHO006636	FUNCTIONS IN: molecular_function unknown	AT1G13120	15031;45184;51234;51179;8150;8104;33036;71702;6810;5515;5488;3674;5635;44428;44446;44422;5575;43226;44424;44464;5623;5622;43229;5634;43231;43227;31967;31975;12505;5643;16973;1902582;46907;51649;51641;44765;1902578;44699;6406;6405;51168;6913;16482;51169;50658;50657;15931;71705;51236;6403;51028;10467;43170;71704;8152;71427;71426;71166;48316;48608;3006;32502;22414;48856;61458;48731;7275;44767;44707;32501;44702;9791;10154;9793;9790	7431	8201	6355.25	5279.5	7245.5	1926	3758	7762	5355.5	7916.5	3366.5	8467	4617.5	3283.5	2396.5	8925	9122.5	663.5	4441	5606	6180.5	292	214.5	7120	91414	4570.7
ORTHO009363	NagB/RpiA/CoA transferase-like superfamily protein	AT1G76730	9507;9536;43231;43227;43226;5575;43229;44424;44464;5623;5622;44444;5737;5524;35639;1901265;1901363;5488;3674;97159;43168;43167;32559;30554;17076;166;36094;32555;32553;97367;32550;32549;1882;1883;8152;8150;3824	7432	6620	5646.5	3861	7245.5	8801	1765.5	5568.5	3352.5	8934.5	4551	6494	1352	6257.5	3936.5	3976.5	8875.5	8759	3233.5	4131	616.5	1566.5	1361	462	83994.5	4.199.725
ORTHO009490	5'-AMP-activated protein kinase-related	AT5G39790	9570;9532;44435;44444;44424;44464;5575;5623;5622;5737;44446;44422;43226;43229;9536;43231;43227;44434;9507;30247;1871;5488;3674;30246;5515;19252;9250;33692;271;5976;5975;71704;8152;8150;44238;43170;16051;44723;44710;44699;1901576;9058;44711;9059;34637;44262;44237;9987;44763;44249;44264;44260;34645;6073;44042;5982	7433	8587	8296	9159	8471	7455.5	7819	8256	8149.5	7862.5	8167.5	8949.5	6617.5	6088.5	7518.5	8660.5	7158.5	1227	8281	5519.5	8153	7392.5	8499.5	8891	140666.5	7.033.325
ORTHO003375	alpha/beta-Hydrolases superfamily protein	AT3G48080;AT3G48090	5634;43231;43227;43226;5575;43229;44424;44464;5623;5622;6629;71704;8152;8150;44710;44699;44238;4871;60089;3674;7165;50794;50789;65007;51716;9987;50896;7154;44763;44700;23052;16298;16788;16787;3824;4806;52689;5737;9626;34050;12501;8219;16265;45087;6952;6950;6955;2376;33554;42803;42802;5515;5488;46983;9862;9863;71446;71407;14070;10033;42221;71310;70887;9751;1101;1901700;71229;1901701;9627;9814;98542;51707;43207;9605;9607;51704;9507;9536;44444;1666;36293;70482;9628;10942;10941;48522;48518;10618;44767;32502;48646;9653;48856;304;302;6979;10035;10310;2000377;31323;19222	7434	5379	5752.5	4071	5404	6810	1441	3038.5	6584	4440.5	8364	863	4677	8072	8677	2821	1102.5	3750.5	8098.5	1371	4321	5308.5	4301.5	1156	85197.5	4.259.875
ORTHO008839	CONTAINS InterPro DOMAIN/s: Conserved oligomeric complex COG6 (InterPro:IPR010490)	AT1G31780	5794;43231;43227;43226;5575;43229;44424;44464;5623;5622;44444;5737;12505;5829;17119;44431;44446;44422;43234;32991;3674	7435	5715	4688.5	1942	2982.5	2735	5105.5	2545	8101	2101.5	3366.5	3686.5	1352	4360.5	5413.5	3976.5	4942.5	2558	4263.5	5337	662.5	4308.5	2683	4678.5	72177	3608.85
ORTHO009031	S-adenosyl-L-methionine-dependent methyltransferases superfamily protein	AT3G27180	8173;8168;16741;16740;3824;3674;8152;8150;32259;1510;43414;44260;43170;71704;44237;9987;43412;9451;16070;90304;6139;46483;6725;1901360;34641;6807;44238;6396;10467;31167;154;6364;34470;34660;16072;42254;22613;44085;71840	7436	5772	5612	3788	2982.5	3489.5	1118	9138	2940	8647.5	982	152	1352	5933	1292	3976.5	8107.5	8987.5	2930	3061	5422.5	6920	1866	7161.5	83476.5	4.173.825
ORTHO008509	5'-3' exonuclease family protein	AT1G29630	6281;6259;44260;43170;71704;8152;8150;44237;9987;90304;6139;46483;6725;1901360;34641;6807;44238;6974;33554;51716;50896;6950;44763;44699;44710;46872;43169;43167;5488;3674;5634;43231;43227;43226;5575;43229;44424;44464;5623;5622;3677;3676;1901363;97159;4527;4518;16788;16787;3824;90305;4519	7437	6362	5631.5	3826	7245.5	4598.5	4587.5	2838	5619	8535.5	6343	3983	3152	1800.5	2702.5	3976.5	4135	2558	4548.5	6197.5	4226.5	4525.5	4748	4678.5	83753.5	4.187.675
ORTHO010124	peroxin 11B	AT3G47430	16559;48285;6996;16043;71840;8150;9987;7031;5778;44439;44438;44444;44424;44464;5575;5623;5622;5737;44446;44422;43226;43229;42579;43231;43227;5777;31903;98588;31090;16020;98805;3674;5515;5488;5779;31231;31300;31224;44425;31301;16021;44375;32535;90066;65008;65007;44763;44699;42802	7438	8107	6855.5	6273	7245.5	6085.5	3513	7762	3135.5	3913	6763.5	8547	2962.5	906.5	2023.5	8358	5764.5	663.5	4795.5	7408.5	6431	3222.5	6854	7656.5	96766	4838.3
ORTHO008522	Chalcone-flavanone isomerase family protein	AT3G55120	9733;9725;9719;50896;8150;10033;42221;5634;43231;43227;43226;5575;43229;44424;44464;5623;5622;5783;44444;5737;12505;42406;44432;44446;44422;31312;19898;44425;16020;31090;5789;98588;42175;9813;9812;71704;8152;1901576;9058;45430;16872;16853;3824;3674;9411;9416;9314;9628;9705;5774;44437;5773;98805;325;10224;5515;5488;9507;9536;80167	7439	6371	7514.5	7590	7245.5	5580	3513	5813.5	6823.5	4905	7594	3422.5	8306	2711.5	4462	3976.5	5864.5	3580	6531	7871	6180.5	5924	6040	6379.5	105478	5273.9
ORTHO003259	ABC1 family protein	AT5G24810	5783;43231;43227;43226;5575;43229;44424;44464;5623;5622;44444;5737;12505;5886;16020;71944;5794;16772;16740;3824;3674;8152;8150	7440	7792	6698.5	5957	8202.5	3573	7141.5	9055.5	3229.5	8934.5	5013.5	6728.5	4444	6170.5	6520.5	6075	1724	7028	2052.5	8632.5	284	1735	3426.5	3289.5	95058	4752.9
ORTHO009920	C-CAP/cofactor C-like domain-containing protein	AT4G39920	7023;6457;9987;8150;5737;44424;44464;5575;5623;5622;226;7010;6996;16043;71840;1902589;44763;44699;7017;902;32989;9653;32502;48856;48869;44767;7021;43623;6461;65003;43933;22607;44085;71822;70271;34622;910;22402;7049;51301	7441	7383	8002	8563	8139.5	7116	5261.5	6142.5	1042.5	5847	8232.5	8763	8410.5	7101	7999	6712.5	6825	4595	7197.5	4630.5	7052	4970.5	2564	6456	116918.5	5.845.925
ORTHO004712	F-box/RNI-like superfamily protein	AT1G13570	5634;43231;43227;43226;5575;43229;44424;44464;5623;5622;3674;8150	7442	8987	6653	5864	8915	7863	8674.5	8509	4645.5	6156.5	8675.5	5053	4249.5	338.5	1549	9085	5281.5	464	6292	5781.5	5637	2061	3571.5	660	94547.5	4.727.375
ORTHO008871	unknown protein	AT1G06510	5634;43231;43227;43226;5575;43229;44424;44464;5623;5622;8150;9507;9536;44444;5737;3674	7443	7277	5268.5	3094	7947.5	2128	162.5	8640	4865	7274.5	3674	6393	6456	2711.5	1812.5	5325.5	3682	5368	5027.5	1043.5	2755.5	2677	5762.5	3920	79678.5	3.983.925
ORTHO008762	Pentatricopeptide repeat (PPR-like) superfamily protein	AT3G46610	8150;5739;43231;43227;43226;5575;43229;44424;44464;5623;5622;44444;5737;3674	7444	7279	7573	7702	7947.5	7116	3960	5121.5	7978	3007	7734.5	2937.5	7743	2711.5	3721.5	5325.5	5108	4595	6531	8364.5	6696	4709	7611.5	5433.5	106404.5	5.320.225
ORTHO008317	Leucine-rich repeat (LRR) family protein	AT3G15410	7165;50794;50789;65007;8150;51716;9987;50896;7154;44763;44699;44700;23052;5886;16020;5575;44464;5623;71944	7445	6386	6608	5771	7245.5	8723.5	1611.5	3608	8447.5	8319	4558	7571	3331	2711.5	3721.5	3976.5	4942.5	8419.5	2354	3037	2439.5	5603	5171.5	5433.5	93979.5	4.698.975
ORTHO007964	Plastid-lipid associated protein PAP / fibrillin family protein	AT3G23400	9534;31976;9579;44424;44464;5575;5623;5622;31984;44446;44422;43226;43229;43227;44435;44444;5737;9536;43231;44434;9507;9535;55035;42651;34357;16020;44436;9658;9657;6996;16043;71840;8150;9987;9941;9526;31967;31975;10287;9570;9532;5886;71944;31977;10193;302;6979;6950;50896;1901700;42221;1101;10035;42742;9617;51707;43207;9605;9607;51704;98542;6952;5198;3674;5634	7446	5287	4710.5	1975	2982.5	1777	1611.5	2185	5851.5	8006.5	5973.5	7812.5	3180.5	1800.5	2023.5	3976.5	3682	2199.5	4205.5	1747	3870	3854	4451.5	4174.5	72382.5	3.619.125
ORTHO009988	NA	NA	NA	7447	7511	5846	4245	8259	5516	6132	9049.5	5754	8535.5	2653	3034.5	1352	2711.5	2702.5	5325.5	4610.5	1669.5	2893	2496	5839	3955.5	6989	4898	86116.5	4.305.825
ORTHO008965	Sodium Bile acid symporter family	AT3G25410	9507;9536;43231;43227;43226;5575;43229;44424;44464;5623;5622;44444;5737;6810;51234;51179;8150;98656;6820;6811;44765;1902578;44699;34220;55085;44763;9987;16020;6814;15672;6812;30001;1903825;15849;71702;9941;9526;31967;31975;44446;44422;44435;44434;8508;15296;8509;15075;22891;22857;5215;3674;22892;15294;15293;15291;22804;8324;98655;5343;15370;15081;15077;22890;46873;35725;98662;98660;5342;15125;1901618;5319;6869;10876;33036;8028;46943;8514;15711;46942;15718;15721;15850;16021;31224;44425	7448	7174	5553	3658	7947.5	4827.5	3513	4640	5484	2787	6763.5	5191.5	7031	3283.5	2702.5	5325.5	4464.5	1617	4914	5929.5	5265	1735	2908.5	4413.5	82796	4139.8
ORTHO003351	Component of histone-deacetylase complexes. Interacts with HDA6 and HDA19 and facilitates histone deacetylation. Several salt-inducible genes are de-repressed in hdc1 mutants. Mutants are hypersensitive to ABA during germination; grow less and flower later than wildtype. HDC1-overexpressing plants display opposite phenotypes.	AT5G08450	9737;9725;9719;50896;8150;10033;42221;33993;97305;1901700;1101;5515;5488;3674;1902074;9908;90567;48608;3006;32502;22414;48856;61458;48731;7275;44767;44699;44707;32501;44702;9791;48367;5634;43231;43227;43226;5575;43229;44424;44464;5623;5622;9845;90351;16575;16570;16569;16568;6325;43933;16043;71840;9987;51276;6996;6464;36211;19538;43170;71704;8152;44238;43412;44267;44260;44237;1902589;44763;44710;6476;35601;98732;80186;48589;40007	7449	6255	4978	2507	5346	2501	8064	3085.5	8596	4023	6912.5	8187	4314.5	1321.5	4462	3023.5	3224	1311.5	4914	3418	3564	1277	3171	741	76111	3805.55
ORTHO008395	RNA-binding (RRM/RBD/RNP motifs) family protein	AT5G58130	16458;10629;10605;9892;48519;50789;65007;8150;19222;60255;10468;44763;9987;44699;166;36094;5488;3674;1901265;1901363;97159;3723;3676;80111;70988;44710;8152;44728;6304;6259;44260;43170;71704;44237;90304;6139;46483;6725;1901360;34641;6807;44238;43412;35510;40029;5634;43231;43227;43226;5575;43229;44424;44464;5623;5622	7450	5749	4612.5	1775	2982.5	771.5	5794	3549.5	2760.5	4523	4046	5983.5	5740	2711.5	3721.5	3976.5	1356.5	6145	4607.5	2206.5	2160.5	3453.5	2311	4898	70716	3535.8
ORTHO006167	Homeodomain-like transcriptional regulator	AT4G12750	5634;43231;43227;43226;5575;43229;44424;44464;5623;5622;3677;3676;1901363;5488;3674;97159	7451	6282	5589	3727	7245.5	6529	6055.5	2545	2505.5	5122.5	3917	4421	1352	1800.5	4705.5	5325.5	693.5	5101.5	6785	2593.5	6180.5	5789.5	5762.5	5957	83142	4157.1
ORTHO005920	Cam interacting protein 111	AT3G56690	9535;55035;42651;34357;16020;5575;44436;44424;44464;5623;5622;9579;44435;44444;5737;44446;44422;43226;43229;9536;43231;43227;31976;31984;44434;9507;9534;16887;17111;16462;16818;16817;16787;3824;3674;8152;8150;5524;35639;1901265;1901363;5488;97159;43168;43167;32559;30554;17076;166;36094;32555;32553;97367;32550;32549;1882;1883;5516;5515;5634	7452	6125	5827	4202	5346	2214.5	4813.5	8348	4287	6524	8095	4467	1352	7996	7619.5	2821	3796.5	1669.5	4607.5	5189.5	4023	3222.5	3795.5	1070.5	85912	4295.6
ORTHO010355	prefoldin 6	AT1G29990	16272;43234;32991;5575;6457;9987;8150;43622;30865;7010;6996;16043;71840;31122;226;1902589;44763;44699;7017;71822;43933;5886;16020;44464;5623;71944;5737;44424;5622;5829;44444	7453	8138	7573.5	7694	7245.5	7008.5	2190	7935.5	7632	3205.5	7199	8654.5	5338.5	906.5	2396.5	8358	630	867.5	7398	8214	7925	4612.5	7486	8367.5	106325	5316.25
ORTHO008067	S-adenosyl-L-methionine-dependent methyltransferases superfamily protein	AT2G27590	32259;8152;8150;5634;43231;43227;43226;5575;43229;44424;44464;5623;5622;8168;16741;16740;3824;3674	7454	6466	7628.5	7803	7245.5	6529	8324.5	5957	6823.5	763	7594	3422.5	8306	2711.5	4462	3976.5	5864.5	3580	6531	7871	6180.5	5924	6040	6379.5	107240	5362
ORTHO008589	Transducin/WD40 repeat-like superfamily protein	AT1G19750;AT1G27840	80008;31461;151;1990234;1902494;43234;32991;5575;44424;44464;5623;5622;5834;98797;44459;44425;16020;5886;71944;98796;31234;19897;19898;9898;98562;98552;166;36094;5488;3674;1901265;1901363;97159;5739;43231;43227;43226;43229;44444;5737;5634;6281;6259;44260;43170;71704;8152;8150;44237;9987;90304;6139;46483;6725;1901360;34641;6807;44238;6974;33554;51716;50896;6950;44763;44699;44710;10224;9411;9416;9314;9628	7455	7180	3836.5	218	7947.5	4061	7106	1114.5	210.5	5117.5	5169	679.5	3983	138	136.5	3128	2866	241.5	2078.5	3362	3060.5	246.5	728.5	470.5	43897.5	2.194.875
ORTHO002887	Class II aaRS and biotin synthetases superfamily protein	AT3G62120	5829;44444;44424;44464;5575;5623;5622;5737;6433;6418;43039;6399;34660;16070;44260;43170;71704;8152;8150;44237;9987;90304;6139;46483;6725;1901360;34641;6807;44238;43038;6520;1901564;19752;43436;6082;44281;44710;44699;44763;6412;43043;43604;43603;44271;44249;9058;6518;1901566;1901576;44267;19538;34645;9059;10467;5524;35639;1901265;1901363;5488;3674;97159;43168;43167;32559;30554;17076;166;36094;32555;32553;97367;32550;32549;1882;1883;4827;4812;16876;16875;16874;3824;16020;9506;5911;30054;55044	7456	8188	5729.5	4003	8763.5	5248.5	7422	6741	5484	5444	2539	7606	2886.5	906.5	1677.5	5325.5	867	1538.5	6531	6001	3036.5	2112.5	6194.5	7266.5	84828	4241.4
ORTHO003631	ABC transporter of the mitochondrion 2	AT4G28620;AT4G28630;AT5G58270	55085;44763;9987;8150;44699;44765;6810;51234;51179;1902578;5743;19866;31090;16020;5575;44422;43226;43227;44424;44464;5623;5622;31967;31975;44446;43229;31966;44429;44444;5737;5739;43231;5740;6879;46916;6875;55065;98771;50801;48878;42592;65008;65007;55080;30003;6873;55082;19725;55076;55072;5215;3674;16021;31224;44425;6811;46686;10038;10035;42221;50896;5524;35639;1901265;1901363;5488;97159;43168;43167;32559;30554;17076;166;36094;32555;32553;97367;32550;32549;1882;1883;42626;43492;42623;16887;17111;16462;16818;16817;16787;3824;8152;15405;15399;22804;22857;16820;9941;9526;44435;9536;44434;9507;9658;9657;6996;16043;71840;6777;9108;51188;51186;44237;44249;9058;6732;19538;43170;71704;44238;19720;43545;19637;6793;51189;44267;44260;46483;1901360;1901564;6807;6796;32324;18130;1901362;1901576;90407;1901566;51276;10380;90056;51193;31323;50794;50789;19222;1901401;51171;1901463;31326;9889;9555;48229;7275;44767;32502;44707;32501;48856;48364;48513;48731;22622;40014;51239;48638;50793;40008;10288;50790;65009	7457	6897	7812	8167	7947.5	7071.5	8162.5	8064.5	7632	3221	6543	8397	7743	2711.5	3521.5	5325.5	4761	2199.5	4388	8025.5	6180.5	4308.5	7335	5222.5	110813.5	5.540.675
ORTHO000376_1	cationic amino acid transporter 5	AT2G34960	1903826;3333;6865;71705;6810;51234;51179;8150;46942;15849;44765;1902578;44699;71702;15711;6820;6811;1903825;55085;44763;9987;98656;34220;15809;6812;15802;98655;43091;43092;43090;15807;90467;1902023;15181;15174;15171;46943;8514;8509;15075;22891;22857;5215;3674;22892;5342;1990822;8324;1903401;1902022;15819;1902475;89711;15813;6835;15800;51938;5313;15179;15172;5310;5886;16020;5575;44464;5623;71944;15189	7458	8255	6617	5776	7245.5	5704	4118.5	9007.5	3152	7620	6070	5960	2892	906.5	1677.5	8358	5194	663.5	5648	5519.5	5839	2213.5	6194.5	7266.5	94004.5	4.700.225
ORTHO008209	Transcriptional coactivator/pterin dehydratase	AT5G51110	9507;9536;43231;43227;43226;5575;43229;44424;44464;5623;5622;44444;5737;6729;9108;51188;51186;44237;8152;8150;9987;44249;9058;6732;42559;19438;6725;42558;46483;1901360;71704;1901564;6807;44271;34641;18130;1901362;1901576;1901566;46146;8124;16836;16835;16829;3824;3674	7459	6402	7712	7965	7245.5	5580	8324.5	5957	6823.5	3163.5	7594	3422.5	8306	2711.5	4462	3976.5	5864.5	3580	6531	7871	6180.5	5924	6040	6379.5	108691.5	5.434.575
ORTHO009795	unknown protein	AT5G64230	3674;8150	7460	7412	7131	6802	8202.5	5248.5	2951	4826.5	7561.5	6785.5	7040	3686.5	7743	2711.5	2702.5	5325.5	4638.5	2199.5	5589.5	7871	7489.5	3854	6854	4898	99976	4998.8
ORTHO005880	nicotinate/nicotinamide mononucleotide adenyltransferase	AT5G55810	46872;43169;43167;5488;3674;5524;35639;1901265;1901363;97159;43168;32559;30554;17076;166;36094;32555;32553;97367;32550;32549;1882;1883;9555;48229;7275;44767;32502;8150;44699;44707;32501;48856;309;70566;16779;16772;16740;3824;8152;9860;44702;22414;904;902;32989;16043;71840;9987;9653;48869;44763;48468;30154;3006;48588;48589;40007;16049;9932;9826;60560;48868;9856;44703;51704;44706;5634;43231;43227;43226;5575;43229;44424;44464;5623;5622;9435;19674;46496;19362;6733;6732;51186;44237;9117;6753;19637;71704;6793;55086;6139;46483;6725;1901360;34641;6807;44238;44281;44710;6796;72524;1901564;19359;19363;9108;51188;44249;9058;9165;1901293;90407;1901576;34654;19438;44271;18130;1901362;44711;72525;1901566;4515	7461	8149	6633.5	5806	8300.5	755.5	8364	8648.5	3610	8934.5	3879	6674.5	1352	8396.5	7619.5	8703.5	2954.5	7376.5	2519	3850	2641	146	132.5	7656.5	94213.5	4.710.675
ORTHO007984	2-oxoglutarate (2OG) and Fe(II)-dependent oxygenase superfamily protein	AT5G48020	5575;8150;51213;16491;3824;3674;8152;55114;44710;44699	7462	6407	8247.5	9033	7245.5	6739	8674.5	6906	7899.5	1567.5	8606.5	2729	3926	7213.5	8512	5325.5	7240	5452.5	8031	8796	8083.5	7756.5	8290	8159	129907.5	6.495.375
ORTHO008399	Domain of unknown function (DUF3598)	AT2G44760	8150;9507;9536;43231;43227;43226;5575;43229;44424;44464;5623;5622;44444;5737;3674	7463	5819	7372.5	7282	2982.5	2629	6055.5	7461	4142	2170.5	8910.5	5631.5	1352	8862.5	5886	6712.5	2244	6854.5	8734.5	4586	1710	8434	2374	8491	103241	5162.05
ORTHO008458	RNA-binding (RRM/RBD/RNP motifs) family protein with retrovirus zinc finger-like domain	AT3G26420	9631;9409;9266;9628;50896;8150;6950;3677;3676;1901363;5488;3674;97159;8270;46914;46872;43169;43167;5737;44424;44464;5575;5623;5622;3723;5634;43231;43227;43226;43229;5829;44444;166;36094;1901265	7464	8155	6710	5956	8300.5	2501	7092.5	7762	3797	8647.5	3596.5	8350	2892	906.5	1677.5	8358	8618.5	663.5	5648	2880.5	5988	2213.5	6194.5	7266.5	95053.5	4.752.675
ORTHO010101	unknown protein	AT1G07060	7126;280;48285;6996;16043;71840;8150;9987;1903046;22402;44763;44699;7049;51321;3;1902589;42138;90305;90304;6139;46483;44237;8152;6725;1901360;71704;34641;6807;44238;43170;44710;7127;3674;5739;43231;43227;43226;5575;43229;44424;44464;5623;5622;44444;5737	7465	8811	5301.5	3138	8820	3040	1720.5	9169.5	3695.5	8934.5	804.5	466.5	8380	5963	5856	9043.5	9174.5	7525.5	2945	995	1543.5	25	20	636.5	79938.5	3.996.925
ORTHO004288	Integrase-type DNA-binding superfamily protein	AT1G22810;AT1G71520	9873;160;35556;7165;50794;50789;65007;8150;51716;9987;50896;7154;44763;44699;44700;23052;9755;32870;9725;9719;10033;42221;71495;71310;70887;71369;9723;3677;3676;1901363;5488;3674;97159;5634;43231;43227;43226;5575;43229;44424;44464;5623;5622;6355;1903506;2001141;31326;9889;19222;31323;51252;19219;80090;51171;60255;10556;10468;2000112;5737;3700;1071;6351;34645;44260;43170;71704;8152;44237;9059;1901576;9058;44249;97659;32774;16070;90304;6139;46483;6725;1901360;34641;6807;44238;34654;19438;44271;18130;1901362;10467;10200;10243;1901698;1901700	7466	6307	8148	8830	5651.5	2501	6375	6264	8259	4989.5	7999	8787	8519	7101	8061.5	5325.5	6298	4595	7042	2854.5	7568	6920	6854	7075	123388	6169.4
ORTHO004516	ataurora3	AT2G45490	44022;35174;35173;4672;16301;16772;16740;3824;3674;8152;8150;16310;6796;6793;44237;9987;16773;6468;6464;36211;19538;43170;71704;44238;43412;44267;44260;16572;16570;16569;16568;6325;43933;16043;71840;51276;6996;1902589;44763;44699;44710;4674;35404;18105;18209;18193;43988;5634;43231;43227;43226;5575;43229;44424;44464;5623;5622;48471;44444;5737;43987;5524;35639;1901265;1901363;5488;97159;43168;43167;32559;30554;17076;166;36094;32555;32553;97367;32550;32549;1882;1883;9966;10646;50794;50789;65007;48583;23051;5819;44430;44446;44422;5856;43232;43228;15630;7059;35175;775;98687;44427;5694	7467	8533	7531.5	7596	8776.5	6313	7665	7935.5	4645.5	5884.5	8232.5	4386.5	5195	590	2163.5	8358	6825	663.5	8332	4809.5	7052	2923.5	4843.5	8718	105536	5276.8
ORTHO003512	RING/FYVE/PHD zinc finger superfamily protein	AT1G66170;AT2G01810	1990188;3682;44877;5488;3674;48235;44702;22414;8150;44699;3006;32502;30154;48869;44767;44763;9987;22412;32504;3;32501;55046;44707;9555;48229;7275;48856;48232;7276;48609;19953;44703;51704;5739;43231;43227;43226;5575;43229;44424;44464;5623;5622;44444;5737;33613;8134;5515;9556;48236;51321;7049;7060;45132;1903046;22402;98813;7059;7126;280;48285;6996;16043;71840;1902589;7140;212;7051;226;7010;7017;71822;43933;5719;790;785;44427;44446;44422;5694;43232;43228;32991;44454;44428;5634;228;31981;70013;43233;31974;791;3677;3676;1901363;97159;6355;1903506;2001141;31326;9889;19222;50789;65007;31323;50794;51252;19219;80090;51171;60255;10556;10468;2000112;42393;8270;46914;46872;43169;43167;6351;34645;44260;43170;71704;8152;44237;9059;1901576;9058;44249;97659;32774;16070;90304;6139;46483;6725;1901360;34641;6807;44238;34654;19438;44271;18130;1901362;10467	7468	9030	5678	3888	8929.5	4191.5	5825	9055.5	4492.5	8647.5	5726.5	7085	2803	280	3047.5	9071	8604.5	161	516	3659	5637	1110.5	3561.5	636.5	84111	4205.55
ORTHO008701	transferases	AT2G20830	8152;8150;16740;3824;3674;5542;16597;31406;43177;36094;5488;43168;43167;33218;1901363;72341;97159;19842;9507;9536;43231;43227;43226;5575;43229;44424;44464;5623;5622;44444;5737	7469	5405	6243.5	5018	2982.5	1594	4244.5	5439.5	7978	3581	7382.5	6929	1352	2711.5	3521.5	5325.5	4610.5	3121	5347.5	6860	4833.5	5308.5	5081	4898	90119	4505.95
ORTHO001131_2	P-loop containing nucleoside triphosphate hydrolases superfamily protein	AT5G56220	43531;32559;30554;17076;166;36094;5488;3674;1901265;1901363;97159;32555;32553;97367;32550;32549;1882;1883;43168;43167;5524;35639;9507;9536;43231;43227;43226;5575;43229;44424;44464;5623;5622;44444;5737;16787;3824;8152;8150;7165;50794;50789;65007;51716;9987;50896;7154;44763;44699;44700;23052	7470	7542	6351.5	5233	6358.5	6184	7947.5	4640	4865	5268	6173.5	5150	7031	2711.5	2702.5	5325.5	4761	1780	4914	7408.5	5265	1735	2863.5	4413.5	91139	4556.95
ORTHO003561	RNA-binding KH domain-containing protein	AT3G13230	3723;3676;1901363;5488;3674;97159;5634;43231;43227;43226;5575;43229;44424;44464;5623;5622	7471	8224	8250.5	9030	7245.5	7516.5	3327	8348	5144	4485	8798.5	8989	1352	6389.5	7548.5	9043.5	7313	1295.5	8858.5	8691.5	8468.5	7567	7868.5	8780.5	129784.5	6.489.225
ORTHO005982	Polynucleotide adenylyltransferase family protein	AT1G22660	16779;16772;16740;3824;3674;8152;8150;8033;34470;34660;16070;44260;43170;71704;44237;9987;90304;6139;46483;6725;1901360;34641;6807;44238;6396;10467;6399;4810;70566;5739;43231;43227;43226;5575;43229;44424;44464;5623;5622;44444;5737;9507;9536;3723;3676;1901363;5488;97159	7472	7548	7139.5	6807	8678	6810	8076	4964	4740.5	2988	7382.5	2937.5	7743	2711.5	2910	5325.5	4761	2199.5	5851	7871	6180.5	4169	7156	5222.5	99999	4999.95
ORTHO010318	zinc finger protein-related	AT1G01930	36266;98799;98796;43234;32991;5575;44425;16020;98798;44429;44444;44424;44464;5623;5622;5737;44446;44422;43226;43229;5739;43231;43227;44455;31966;31090;5740;31967;31975;5741;31968;19867;98805;98588;30433;43161;10498;51603;6508;19538;43170;71704;8152;8150;44238;44257;30163;9057;1901575;9056;44265;44260;44237;9987;44248;44267;6511;19941;43632;36503;44712;44710;44699;44763;10033;42221;50896;34976;33554;51716;6950;71630;6515;71218;35967;71310;70887;35966;51788;72671;4843;19783;8234;70011;8233;16787;3824;3674;36459	7473	6697	3829	185	7662	739.5	4742	3778	4164	8934.5	544	6055	3048	138	136.5	3183	2692	355.5	40	2156.5	1889.5	124	63	153	42936	2146.8
ORTHO002826	MATE efflux family protein	AT4G38380	31969;42170;31090;16020;5575;44422;43226;43227;44435;44444;44424;44464;5623;5622;5737;44446;43229;9536;43231;9526;31967;31975;44434;9507;9941;6855;15893;44765;6810;51234;51179;8150;1902578;44699;42493;42221;50896;55085;44763;9987;15238;22857;5215;3674;90484;16021;31224;44425;5886;71944	7474	9027	8257.5	9041	9043	8323	9165	8428.5	2790.5	3876	9104	9128.5	8205.5	6414.5	8118	8135.5	7809	474	9143	3362	3139.5	6813.5	8748.5	9105.5	130284	6514.2
ORTHO007672	chloroplast sulfur E	AT4G26500	9570;9532;44435;44444;44424;44464;5575;5623;5622;5737;44446;44422;43226;43229;9536;43231;43227;44434;9507;16226;9058;8152;8150;31163;22607;16043;71840;9987;44085;9793;44702;22414;44699;3006;32502;9790;44767;48856;7275;44707;32501;48316;48608;61458;48731;9791;10154;8047;30234;98772;3674;50790;19222;50789;65007;65009;43085;44093;9893;48518;5739	7475	7215	6690.25	5905.5	7947.5	2295.5	6651.5	8957	6379.5	6480	7382.5	2729	7743	2711.5	3521.5	5325.5	4870.5	2199.5	5851	1160.5	6180.5	3609.5	5497.5	5222.5	94768	4738.4
ORTHO006170	RNA-binding KH domain-containing protein	AT3G32940	398;6397;16071;16070;44260;43170;71704;8152;8150;44237;9987;90304;6139;46483;6725;1901360;34641;6807;44238;6396;10467;377;375;8380;3723;3676;1901363;5488;3674;97159;5634;43231;43227;43226;5575;43229;44424;44464;5623;5622;45131;36002	7476	6976	4731.5	1987	7947.5	3917	4698	3003.5	5484	6198.5	3639.5	5960	1352	4368	4124.5	5325.5	4004	3949	984	6368.5	1507	1525	2291.5	3771.5	72471	3623.55
ORTHO008250	unknown protein	AT1G57540	5739;43231;43227;43226;5575;43229;44424;44464;5623;5622;44444;5737;8150;3674	7477	8495	5366	3255	8471	5285	1595.5	2185	4816.5	8934.5	147	8107.5	2771	6076	6484	8660.5	5194	5824	2546.5	1556.5	3323	659	1640	4801	80606.5	4.030.325
ORTHO010532	RNA-binding CRS1 / YhbY (CRM) domain-containing protein	AT1G23400	3723;3676;1901363;5488;3674;97159;9570;9532;44435;44444;44424;44464;5575;5623;5622;5737;44446;44422;43226;43229;9536;43231;43227;44434;9507;373;377;375;8380;6396;16070;44260;43170;71704;8152;8150;44237;9987;90304;6139;46483;6725;1901360;34641;6807;44238;10467;6397;16071;30529;32991	7478	7688	8031	8584	6664	5432.5	8221	9055.5	7632	6097	7382.5	8397	7743	2711.5	2396.5	5325.5	4761	2199.5	5851	8077	6180.5	4308.5	7335	8258.5	117365	5868.25
ORTHO007634	Fe superoxide dismutase 3	AT5G23310	9507;9536;43231;43227;43226;5575;43229;44424;44464;5623;5622;44444;5737;9534;31976;9579;31984;44446;44422;44435;44434;42646;9295;43232;43228;9532;42644;9570;46872;43169;43167;5488;3674;4784;16209;16721;16491;3824;8152;8150;55114;44710;44699;19430;6801;72593;44237;9987;1990748;98754;9636;42221;50896;44763;71451;71450;34614;302;6979;6950;1901700;34599;33554;51716;70887;1901701;305;10035;303;5515	7479	7221	7075.5	6672	6194	5432.5	4118.5	4964	3875	6988	7382.5	2729	7743	2711.5	3521.5	5325.5	4761	2199.5	7562	6632	6431	4308.5	7335	5222.5	99242.5	4.962.125
ORTHO006608	Tetratricopeptide repeat (TPR)-like superfamily protein	AT1G76630	6355;1903506;2001141;31326;9889;19222;50789;65007;8150;31323;50794;51252;19219;80090;51171;60255;10556;10468;2000112;5737;44424;44464;5575;5623;5622;6351;34645;44260;43170;71704;8152;44237;9987;9059;1901576;9058;44249;97659;32774;16070;90304;6139;46483;6725;1901360;34641;6807;44238;34654;19438;44271;18130;1901362;10467;3677;3676;1901363;5488;3674;97159	7480	5102	7842	8204	2982.5	2097.5	3327	8996.5	8734	1462	9130	6001.5	1352	5481.5	766.5	6712.5	2142.5	7597	8798.5	9114.5	8534	8544.5	3538	8891	111221	5561.05
ORTHO007749	unknown protein	AT1G65032	3674;5739;43231;43227;43226;5575;43229;44424;44464;5623;5622;44444;5737;8150	7481	5389	7002	6523	2982.5	7116	3025	6142.5	5028	2330	7886	2255.5	6617.5	1800.5	960	3976.5	6409	3949	7042	6754	7386	6266	6854	6553	98350.5	4.917.525
ORTHO009905	S-adenosyl-L-methionine-dependent methyltransferases superfamily protein	AT2G31740	9507;9536;43231;43227;43226;5575;43229;44424;44464;5623;5622;44444;5737;16491;3824;3674;8152;8150;55114;44710;44699;3856;16838;16835;16829;9073;9072;6725;44237;9987;1901360;71704;6520;1901564;6807;19752;43436;6082;44281;44763;44238;19438;44249;9058;1901362;1901576;8652;46394;16053;44283;44711;1901566	7482	5464	5734.5	3987	2982.5	332.5	8162.5	5439.5	3974.5	5776	5788.5	4949	5740	1800.5	3521.5	3976.5	8587.5	1459	206.5	5189.5	4226.5	4873	4961.5	5806	84770.5	4.238.525
ORTHO006406	6;7-dimethyl-8-ribityllumazine synthase / DMRL synthase / lumazine synthase / riboflavin synthase	AT2G44050	9570;9532;44435;44444;44424;44464;5575;5623;5622;5737;44446;44422;43226;43229;9536;43231;43227;44434;9507;9231;42727;44271;34641;6807;8152;8150;44237;9987;44249;9058;42726;46483;1901360;71704;1901564;18130;1901362;1901576;1901566;6771;6767;6766;44281;44710;44699;44763;42364;9110;44283;44711;906;16867;16866;16853;3824;3674;9349;1990234;1902494;43234;32991;16740;9867;9755;7165;50794;50789;65007;51716;50896;7154;44700;23052;32870;9725;9719;10033;42221;71495;71310;70887;71395;9753;1101;1901700;71229;1901701	7483	7561	6935	6387	6358.5	5547	4118.5	4964	6379.5	8535.5	2539	8427	7743	2711.5	3265	5325.5	4870.5	2199.5	4441	8214	1287.5	4308.5	7335	5222.5	97434	4871.7
ORTHO007482	ARM repeat superfamily protein	AT3G08800	5938;44444;44424;44464;5575;5623;5622;5737;71944;5768;43231;43227;43226;43229;12505;10496;6810;51234;51179;8150;9987;5634;90057;9956;3002;7389;44767;32502;44699;44707;32501;7275;48364;48513;48856;48731;22622	7484	5032	4405	1326	5238	3188.5	4856.5	3065	5851.5	6733	4416	6770	3098	4206	5937	2080.5	7194	507	451.5	5215.5	1357.5	659	273	619	66478.5	3.323.925
ORTHO006296	chromatin remodeling 24	AT5G63950	45951;45911;51054;45935;31325;9893;48518;50789;65007;8150;19222;48522;50794;31323;19219;80090;51171;51173;51052;60255;10604;18;19;46686;10038;10035;42221;50896;5524;35639;1901265;1901363;5488;3674;97159;43168;43167;32559;30554;17076;166;36094;32555;32553;97367;32550;32549;1882;1883;4386;17111;16462;16818;16817;16787;3824;8152;5634;43231;43227;43226;5575;43229;44424;44464;5623;5622;6310;6259;44260;43170;71704;44237;9987;90304;6139;46483;6725;1901360;34641;6807;44238;3677;3676	7485	6853	3942.5	400	7662	8581.5	7106	3769	702.5	6856.5	291	2640.5	3980	138	136.5	3232.5	2860.5	203.5	2078.5	3208	3055	236.5	728.5	462	50266.5	2.513.325
ORTHO005795	TRAM; LAG1 and CLN8 (TLC) lipid-sensing domain containing protein	AT1G35180;AT1G45010	3674;16021;31224;44425;5575;16020;8150	7486	6206	6399.5	5313	7245.5	7749.5	3430	7461	4953	7584	7734.5	3422.5	1352	1800.5	4462	3976.5	5864.5	3121	2102.5	7871	822	6027.5	6040	5806	91580	4579
ORTHO009064	NAD(P)-binding Rossmann-fold superfamily protein	AT3G20790	16491;3824;3674;8152;8150;55114;44710;44699;5886;16020;5575;44464;5623;71944;5829;44444;44424;5622;5737	7487	5856	4865.5	2244	2982.5	159.5	5048.5	3563	1234	6573.5	4367.5	2729	1352	4371.5	5413.5	3976.5	8051	7408	6785	4211	2021	1910	759.5	4291.5	74225.5	3.711.275
ORTHO008833	INVOLVED IN: chromosome segregation; cell division	AT5G10710	5634;43231;43227;43226;5575;43229;44424;44464;5623;5622;776;44427;44446;44422;5694;43232;43228;43234;32991;775;98687;34508;51276;6996;16043;71840;8150;9987;65004;71824;43933;34622;65003;22607;44085	7488	7345	6902.5	6317	8139.5	2920.5	3960	5121.5	7978	2869.5	2539	2553.5	7743	2711.5	3936.5	5325.5	5365	3121	4914	8551.5	8019	4970.5	7818	6669	97086.5	4.854.325
ORTHO005764	Zn-dependent exopeptidases superfamily protein	AT3G52640	5783;43231;43227;43226;5575;43229;44424;44464;5623;5622;44444;5737;12505;5774;44437;44446;44422;5773;98588;31090;16020;98805;5798;16023;31988;31982;31410;44431;5794;5576;7219;7166;7165;50794;50789;65007;8150;51716;9987;50896;7154;44763;44699;44700;23052;9507;9536;16485;6508;19538;43170;71704;8152;44238;51604;10467	7489	6810	7296	7103	7662	5904	8162.5	5568.5	2202	6934	7199	2467.5	7963	2711.5	3936.5	3976.5	5457.5	3121	5851	7012	7052	5603	5407	5601	102129.5	5.106.475
ORTHO009291	Tetratricopeptide repeat (TPR)-like superfamily protein	AT4G19440	5739;43231;43227;43226;5575;43229;44424;44464;5623;5622;44444;5737;8150	7490	6521	7586.5	7683	7245.5	6085.5	6430	5095	5994	6273	5020.5	6080.5	7743	6601.5	7737.5	5325.5	8748.5	5569	2102.5	3448	1909	5789.5	5021	5222.5	106196	5309.8
ORTHO010063	Translin family protein	AT2G37020	5634;43231;43227;43226;5575;43229;44424;44464;5623;5622;5829;44444;5737;9570;9532;44435;44446;44422;9536;44434;9507;43565;3677;3676;1901363;5488;3674;97159;8150	7491	5922	8228	8965	2982.5	1594	4341	7290.5	7978	1709.5	1981	8855.5	7963	8456.5	8203.5	5325.5	7337.5	5824	8380.5	8691.5	8618.5	8223.5	8499.5	8062	127335	6366.75
ORTHO008347	RING/U-box superfamily protein	AT3G05250	5737;44424;44464;5575;5623;5622;8270;46914;46872;43169;43167;5488;3674	7492	6522	6245.5	4999	7245.5	2333	4341	5348	6584	6825	6343	5464.5	7377.5	2711.5	2702.5	3976.5	4191.5	2558	4548.5	6240	4226.5	4612.5	4843.5	4801	90028	4501.4
ORTHO008990	P-loop containing nucleoside triphosphate hydrolases superfamily protein	AT2G28600	5634;43231;43227;43226;5575;43229;44424;44464;5623;5622	7493	7238	6493	5493	7947.5	4946.5	7947.5	4734	5071	7782	6912.5	4841.5	7121	2711.5	2702.5	5325.5	5108	1780	5027.5	7408.5	5265	1466	1866	4484	92500.5	4.625.025
ORTHO006558	DNA ligase IV	AT5G57160	9506;5911;30054;5575;55044;5524;35639;1901265;1901363;5488;3674;97159;43168;43167;32559;30554;17076;166;36094;32555;32553;97367;32550;32549;1882;1883;5515;6303;726;6281;6259;44260;43170;71704;8152;8150;44237;9987;90304;6139;46483;6725;1901360;34641;6807;44238;6974;33554;51716;50896;6950;44763;44699;44710;6302;10165;10212;9314;9628;3677;3676;48046;5576;46872;43169;5634;43231;43227;43226;43229;44424;44464;5623;5622;3910;3909;16886;16874;3824;6266;32807;44428;44446;44422;43234;32991	7494	5341	3789	84	2982.5	732	1627	3787.5	4209	6112	354.5	3034.5	1352	138	136.5	3128	2828	398	2160.5	3331	124	320.5	1203	549.5	35525.5	1.776.275
ORTHO007974	Plant protein of unknown function (DUF828)	AT5G64470	9507;9536;43231;43227;43226;5575;43229;44424;44464;5623;5622;44444;5737;5794;12505;16413;16407;16747;16746;16740;3824;3674;8152;8150;8374;71554;9987	7495	5373	5178.5	2862	2982.5	7987.5	5303	3065	6493	5480.5	3749	5823	1352	3431.5	2702.5	6712.5	7721	1921.5	1210.5	3621.5	4226.5	2061	1235	4174.5	78271	3913.55
ORTHO007489	ARM repeat superfamily protein	AT4G23540	5634;43231;43227;43226;5575;43229;44424;44464;5623;5622;8150	7496	5777	5884.5	4273	2982.5	916	3758	5813.5	4429.5	7539	7594	2392.5	6071.5	2711.5	5034.5	3976.5	8163	3121	2052.5	6322.5	6180.5	3311	947.5	5913	86247.5	4.312.375
ORTHO009977	Pentatricopeptide repeat (PPR) superfamily protein	AT4G17616	5739;43231;43227;43226;5575;43229;44424;44464;5623;5622;44444;5737;8150;3674	7497	7578	6825.25	6153.5	6358.5	5974	7923	4571	5484	7782	5902	5517.5	7031	2711.5	2396.5	5325.5	3836.5	1617	4663	7138.5	4946	2923.5	6194.5	4174.5	96111.5	4.805.575
ORTHO001875_1	transferases; transferring acyl groups	AT4G17910;AT4G17920	6506;6505;46488;6650;6644;19637;71704;8152;8150;6793;44237;9987;44255;6629;44710;44699;44238;44763;6796;46486;6664;1903509;1901135;6643;6661;46474;45017;8610;1901576;9058;44711;44249;8654;90407;6497;6464;36211;19538;43170;43412;44267;44260;42158;42157;34645;9059;9247;46467;1901137;16746;16740;3824;3674;5789;98588;31090;16020;5575;44422;43226;43227;44432;44444;44424;44464;5623;5622;5737;44446;43229;5783;43231;12505;44425;42175;5739;16021;31224;16567;32446;70647;8270;46914;46872;43169;43167;5488;5634	7498	6871	7081	6664	6100.5	3040	7180	7762	2069	8934.5	271.5	7515.5	6316	6542.5	7401.5	8660.5	7542.5	8446.5	2907	4904	3222	1228	1888	3383	99214	4960.7
ORTHO010072	Chlorophyll A-B binding family protein	AT1G76570	8915;8194;16757;16740;3824;3674;8152;8150;16758;9245;1901271;9312;9311;44723;5975;71704;44238;44710;44699;16051;1901576;9058;44711;1901137;1901135;1901269;46493;6644;19637;6793;44237;9987;44255;6629;44763;6796;6664;1903509;6643;9247;46467;8610;44249;8654;90407;5543;8289;5488;43168;43167;5739;43231;43227;43226;5575;43229;44424;44464;5623;5622;44444;5737;2001289;6040;9507;9536;5829	7499	5530	8169	8839	2982.5	5744.5	4528.5	2838	6379.5	8535.5	8232.5	7280	1352	8210.5	7667.5	5325.5	7664	4887	7435.5	8551.5	7254	7215.5	7486	6949.5	123537	6176.85
ORTHO006285	Pentatricopeptide repeat (PPR) superfamily protein	AT4G32430	5739;43231;43227;43226;5575;43229;44424;44464;5623;5622;44444;5737;8150;3674	7500	8420	3823.5	147	8678	1554	6713.5	4329	4028	3637.5	5192	1732	3612.5	138	136.5	3151	62	261.5	1680.5	824	2660.5	91	388	176	40367.5	2.018.375
ORTHO004718	Ribosomal RNA adenine dimethylase family protein	AT2G47420	5730;44428;44446;44422;5575;43226;44424;44464;5623;5622;43229;5634;43231;43227;43232;43228;31981;70013;43233;31974;3723;3676;1901363;5488;3674;97159;154;9451;16070;44260;43170;71704;8152;8150;44237;9987;90304;6139;46483;6725;1901360;34641;6807;44238;43412;6364;34470;34660;6396;10467;16072;42254;22613;44085;71840;1708;48869;44767;32502;44699;44763;45165;30154;51301;179;8170;8168;16741;16740;3824;32259;16433;8649;8757;8173;1510;43414;31167;5737	7501	7745	7650.5	7800	6664	6898	8162.5	4964	6379.5	4073.5	7382.5	8397	5467.5	2711.5	3521.5	5325.5	4761	2199.5	5851	8077	6180.5	4308.5	7335	5222.5	107218	5360.9
ORTHO009128	pfkB-like carbohydrate kinase family protein	AT1G49350	4747;16773;16772;16740;3824;3674;8152;8150;19200;16301;16310;6796;6793;44237;9987;46835;44262;5975;71704;44238;6014;19321;5996;44723;44710;44699;44281;5737;44424;44464;5575;5623;5622	7502	6737	5852.5	4203	7662	1777	5261.5	5213.5	7046.5	8934.5	2809.5	8236	3011.5	2711.5	2396.5	3976.5	7313	2199.5	4113.5	5002	3870	3609.5	4149	4291.5	85922.5	4.296.125
ORTHO007284	zinc ion binding	AT3G02860	7067;280;48285;6996;16043;71840;8150;9987;1903047;22402;44763;44699;7049;278;1902589;5634;43231;43227;43226;5575;43229;44424;44464;5623;5622	7503	7069	7836.5	8170	7947.5	6529	8499.5	5698.5	6823.5	3785.5	7999	2343.5	3467	2711.5	4462	5325.5	6099.5	3580	7042	7871	7786.5	6182.5	8247	6379.5	110832.5	5.541.625
ORTHO009922	Class I peptide chain release factor	AT1G62850	72344;6414;34645;44260;43170;71704;8152;8150;44237;9987;9059;1901576;9058;44249;6412;43043;43604;43603;34641;6807;44271;6518;1901564;1901566;44267;19538;44238;10467;6417;10608;10468;60255;19222;50789;65007;32268;51246;80090;31323;50794;34248;51171;2000112;31326;9889;10556;70126;6415;43624;43241;32984;43933;16043;71840;22411;44763;44699;71822;32543;1902589;6996;7005;44711;44710;5739;43231;43227;43226;5575;43229;44424;44464;5623;5622;44444;5737;5762;44429;44446;44422;315;15934;44391;30529;32991;5840;43232;43228;313;5761;5759;70013;43233;31974;43022;43021;44877;5488;3674;4045;52689;16788;16787;3824;16150;3747;8079;8135;3723;3676;1901363;97159	7504	7475	6411	5318	6358.5	6313	8221	2876.5	5144	5023	2809.5	3983	7377.5	2711.5	2702.5	5325.5	4464.5	4154.5	5648	4100	5779	3754	6538.5	4678.5	91604	4580.2
ORTHO010115	hydroxyethylthiazole kinase family protein	AT3G24030	36172;8655;72528;44271;34641;6807;8152;8150;44237;9987;44249;9058;18130;46483;1901362;1901360;71704;1901576;72527;1901564;1901566;43094;34654;6139;6725;44238;19438;9228;42724;42723;6767;6766;44281;44710;44699;6790;44763;44272;42364;9110;44283;44711;6772;3824;3674;16310;6796;6793;4417;16301;16772;16740;16773;5575;5524;35639;1901265;1901363;5488;97159;43168;43167;32559;30554;17076;166;36094;32555;32553;97367;32550;32549;1882;1883;46872;43169	7505	5493	6390	5275	2982.5	1500	3960	5213.5	4953	6524	5973.5	8026.5	5740	1800.5	4233.5	3976.5	867	3121	5851	7408.5	5637	5603	5407	5601	91396.5	4.569.825
ORTHO009469	DTW domain-containing protein	AT1G03687	3674;8150	7506	6830	5150	2794	7662	5090	8221	2838	2628	7539	3461	6908.5	3152	2711.5	2702.5	3976.5	4135	2558	4548.5	4060.5	1325	3854	3412.5	4678.5	77800	3890
ORTHO010110	RING/U-box superfamily protein	AT5G05810	5576;5575;8270;46914;46872;43169;43167;5488;3674	7507	8212	7395.5	7284	7245.5	8668.5	7665	7935.5	5754	7722.5	7040	7358.5	5338.5	906.5	2396.5	8358	6549	523.5	284	5672	1451	4169	7435.5	8026	103253.5	5.162.675
ORTHO009138	Ubiquitin carboxyl-terminal hydrolase family protein	AT2G39120	373;377;375;8380;6396;16070;44260;43170;71704;8152;8150;44237;9987;90304;6139;46483;6725;1901360;34641;6807;44238;10467;17004;43623;6461;65003;43933;16043;71840;22607;44085;71822;70271;34622;5739;43231;43227;43226;5575;43229;44424;44464;5623;5622;44444;5737;3723;3676;1901363;5488;3674;97159	7508	8634	7732.5	7957	8471	7363.5	8691	7527.5	5754	7441.5	8404	4111	3007	590	1812.5	8925	6162	985	6897.5	5519.5	7636	1910	7486	8420	108643	5432.15
ORTHO002064	eukaryotic translation initiation factor 2 (eIF-2) family protein	AT1G21160;AT1G76720;AT1G76810;AT1G76820;AT2G27700	3743;8135;3723;3676;1901363;5488;3674;97159;6412;43043;43604;43603;34641;6807;8152;8150;44237;9987;44271;44249;9058;6518;1901564;71704;1901566;1901576;44267;19538;43170;44238;44260;34645;9059;10467;6413;5622;44464;5575;5623;3924;17111;16462;16818;16817;16787;3824;5737;44424;5886;16020;71944	7509	7648	5022.5	2536	5439	2604.5	8499.5	8148	5258	5808	7382.5	8562.5	3007	1321.5	1432	3023.5	1396.5	1210.5	4059	5447	3309	1358.5	3457	1047.5	76332	3816.6
ORTHO006873	nitrogen fixation S (NIFS)-like 1	AT5G65720	9507;9536;43231;43227;43226;5575;43229;44424;44464;5623;5622;44444;5737;30170;1901363;5488;3674;97159;48037;43168;43167;31071;16783;16782;16740;3824;8152;8150;5739;44571;16226;9058;31163;22607;16043;71840;9987;44085;5524;35639;1901265;32559;30554;17076;166;36094;32555;32553;97367;32550;32549;1882;1883;8483;16769;6534;96;6790;44237;6520;1901564;71704;6807;19752;43436;6082;44281;44710;44699;44763;44238;9069;1901605;5515;8270;46914;46872;43169;51536;51540	7510	7082	6098	4686	7947.5	6184	5001	4571	4865	7862.5	5973.5	8207.5	2993	2711.5	2396.5	5325.5	3836.5	1568.5	3904.5	4727.5	4946	2923.5	6194.5	4174.5	88366.5	4.418.325
ORTHO007384	Protein of unknown function (DUF679)	AT1G09157;AT5G39650	9705;5774;44437;44444;44424;44464;5575;5623;5622;5737;44446;44422;43226;43229;5773;43231;43227;98588;31090;16020;98805;325;5783;12505;3674;48235;44702;22414;8150;44699;3006;32502;30154;48869;44767;44763;9987;22412;32504;3;32501;55046;44707;9555;48229;7275;48856;48232;7276;48609;19953;44703;51704	7511	6958	7455.5	7400	7947.5	8881.5	8162.5	4964	6225	7324	2539	4309	7743	2711.5	3521.5	5325.5	4761	2199.5	5851	6632	6180.5	4308.5	7335	5222.5	104196.5	5.209.825
ORTHO003456	SUPPRESSOR OF AUXIN RESISTANCE1	AT1G33410	5634;43231;43227;43226;5575;43229;44424;44464;5623;5622;9733;9725;9719;50896;8150;10033;42221;6406;6405;51168;6913;16482;46907;6810;51234;51179;51649;51641;51169;50658;50657;15931;71705;71702;51236;6403;33036;51028;10467;43170;71704;8152;71427;71426;1902582;44765;1902578;44699;71166;5643;44428;44446;44422;5635;31967;31975;12505;31965;31090;16020;5515;5488;3674;32502;5487;5215	7512	7206	8286.5	9061	7947.5	5773	7819	2962.5	5028	8063.5	8232.5	5209	8519	7101	7999	6712.5	6409	4595	7509	8756	8228.5	7109	8372.5	6949.5	131347.5	6.567.375
ORTHO007525	Small nuclear RNA activating complex (SNAPc); subunit SNAP43 protein	AT3G53270	3674;5634;43231;43227;43226;5575;43229;44424;44464;5623;5622;8150	7513	5403	7098	6683	2982.5	6529	8450	6142.5	2069	1155	1483.5	3218	6617.5	1800.5	5034.5	3976.5	6409	3949	7042	8364.5	7386	6266	6854	6553	99299.5	4.964.975
ORTHO010724	unknown protein	AT2G17972	9507;9536;43231;43227;43226;5575;43229;44424;44464;5623;5622;44444;5737;9535;55035;42651;34357;16020;44436;9579;44435;44446;44422;31976;31984;44434;9534;3674;8150	7514	7607	7876	8238	8259	7363.5	8324.5	5213.5	5619	5021	7734.5	2467.5	8094	2711.5	3936.5	5325.5	5685	3121	6531	8478	7052	5213.5	7946.5	5806	111644	5582.2
ORTHO006430	Cysteine proteinases superfamily protein	AT3G48480	6508;19538;43170;71704;8152;8150;44238;5634;43231;43227;43226;5575;43229;44424;44464;5623;5622;8234;70011;8233;16787;3824;3674	7515	6898	6998.5	6482	7947.5	5016	3327	4734	5994	7407.5	6173.5	8311	7189	2711.5	2702.5	5325.5	4464.5	1780	5128	7498.5	5422.5	3609.5	6538.5	4678.5	98011.5	4.900.575
ORTHO008718	unknown protein	AT1G64050	5634;43231;43227;43226;5575;43229;44424;44464;5623;5622;8150	7516	5474	7087.5	6659	2982.5	3145	5345.5	2838	4492.5	8647.5	4678.5	8427	1352	8758	5596.5	6075	6648.5	5452.5	1922	1724	1883	8380.5	7868.5	5957	99191.5	4.959.575
ORTHO005906	Protein phosphatase 2C family protein	AT3G63320;AT3G63340	4722;4721;16791;42578;16788;16787;3824;3674;8152;8150;16311;6796;6793;44237;9987;6470;6464;36211;19538;43170;71704;44238;43412;44267;44260;46872;43169;43167;5488;5634;43231;43227;43226;5575;43229;44424;44464;5623;5622	7517	5750	7983	8449	2982.5	7207	3960	1547.5	7691.5	2908	2809.5	2553.5	1352	8378.5	7999	6712.5	7267.5	5720	8152.5	8214	8468.5	7972	8321	7543.5	114778	5738.9
ORTHO004345	basic helix-loop-helix (bHLH) DNA-binding superfamily protein	AT3G19860	3700;1071;3674;2001141;31326;9889;19222;50789;65007;8150;31323;50794;51252;19219;80090;51171;60255;10556;6355;1903506;10468;2000112;5634;43231;43227;43226;5575;43229;44424;44464;5623;5622;6351;34645;44260;43170;71704;8152;44237;9987;9059;1901576;9058;44249;97659;32774;16070;90304;6139;46483;6725;1901360;34641;6807;44238;34654;19438;44271;18130;1901362;10467;3677;3676;1901363;5488;97159;46983;5515	7518	8583	6008.5	4499	8471	8278	5075.5	8348	5028	8934.5	4374.5	7556	1352	6292	6267.5	8660.5	9094	1295.5	1889	2008	55.5	157.5	166	2501.5	87333.5	4.366.675
ORTHO006922	Tetratricopeptide repeat (TPR)-like superfamily protein	AT5G51340	8150;5634;43231;43227;43226;5575;43229;44424;44464;5623;5622;3674	7519	6381	5212	2905	7245.5	2005.5	5817	5568.5	2790.5	5497	5902	3686.5	1352	4329.5	5034.5	3976.5	245.5	2724.5	5347.5	3061	5265	5603	5171.5	5222.5	78600	3930
ORTHO005566	unknown protein	AT2G44820	3674;5575;8150	7520	6294	7966	8412	7245.5	7051	4118.5	7192	5754	2059	2809.5	6947.5	1352	7448.5	8572	5325.5	7258	6183.5	8173	8832.5	331.5	7897.5	8321	8396	114022.5	5.701.125
ORTHO008121	BEST Arabidopsis thaliana protein match is: Ran BP2/NZF zinc finger-like superfamily protein (TAIR:AT1G70650.2)	AT1G53460	9507;9536;43231;43227;43226;5575;43229;44424;44464;5623;5622;44444;5737	7521	5416	7253.5	6986	6358.5	3956	1247	5095	3797	6551	4343	6651.5	6731.5	8028.5	7582.5	5325.5	7777	6919	5851	3621.5	2420.5	6077	2863.5	6379.5	101217.5	5.060.875
ORTHO005673	annexin 4	AT2G38750	5544;5543;8289;5488;3674;43168;43167;9651;6970;9628;50896;8150;6950;9414;9415;1101;42221;10035;1901700;9409;9266;9737;9725;9719;10033;33993;97305;9507;9536;43231;43227;43226;5575;43229;44424;44464;5623;5622;44444;5737;5509;46872;43169;9986;9506;5911;30054;55044;9408	7522	5091	8124	8726	2982.5	7932.5	2881	8064.5	553.5	502	1623	3218	8205.5	8541.5	8359	5325.5	7432	6145	8526	9004	8771.5	8380.5	8700	8420	120585	6029.25
ORTHO008471	tRNAisopentenyltransferase 2	AT2G27760	5524;35639;1901265;1901363;5488;3674;97159;43168;43167;32559;30554;17076;166;36094;32555;32553;97367;32550;32549;1882;1883;9824;16765;16740;3824;8152;8150;6400;9451;16070;44260;43170;71704;44237;9987;90304;6139;46483;6725;1901360;34641;6807;44238;43412;8033;34470;34660;6396;10467;6399;5829;44444;44424;44464;5575;5623;5622;5737;9691;42446;9058;42445;10817;65008;65007;9690;9308;1901564;34754;44249;9536;43231;43227;43226;43229;5739;52381;5634	7523	6572	6454	5385	7245.5	5155.5	5735	5568.5	6379.5	6167	6543	4162.5	7743	2711.5	3721.5	3976.5	5281.5	2724.5	4113.5	3508	5170.5	4612.5	3476.5	5222.5	91973	4598.65
ORTHO009385	phragmoplastin interacting protein 1	AT3G55340	19898;44425;5575;16020;9920;919;22607;16043;71840;8150;9987;44085;1902410;32506;22402;44763;44699;7049;910;51301;1903047;278;61640;281;911;7067;280;48285;6996;1902589;9832;42546;71554;71669;8270;46914;46872;43169;43167;5488;3674;3723;3676;1901363;97159;5794;43231;43227;43226;43229;44424;44464;5623;5622;44444;5737;12505;3729;44822;166;36094;1901265	7524	7407	5776	4028	8202.5	6313	4118.5	2876.5	1916	8934.5	6173.5	4086	3128	2711.5	1432	5325.5	4464.5	1780	5128	7576.5	5422.5	3222.5	5678	4678.5	84965.5	4.248.275
ORTHO008303	RNA-binding CRS1 / YhbY (CRM) domain-containing protein	AT5G54890	6397;16071;16070;44260;43170;71704;8152;8150;44237;9987;90304;6139;46483;6725;1901360;34641;6807;44238;6396;10467;8380;30529;32991;5575;44424;44464;5623;5622;5739;43231;43227;43226;43229;44444;5737;3723;3676;1901363;5488;3674;97159	7525	5869	8176.5	8828	6664	2467	8602.5	6864	7831	3831	7594	5395	7189	8210.5	7804.5	5325.5	1155.5	5368	7764.5	8675.5	7568	7420	6854	7453	123372.5	6.168.625
ORTHO009464	SC35-like splicing factor 30	AT3G55460	5681;44428;44446;44422;5575;43226;44424;44464;5623;5622;43229;5634;43231;43227;30529;32991;5515;5488;3674;16607;16604;44451;5654;31981;70013;43233;31974;6979;6950;50896;8150;398;6397;16071;16070;44260;43170;71704;8152;44237;9987;90304;6139;46483;6725;1901360;34641;6807;44238;6396;10467;377;375;8380;42802;3723;3676;1901363;97159	7526	7417	7033	6540	8202.5	6313	7947.5	4734	8856.5	6179.5	6173.5	4239	7189	2711.5	2702.5	5325.5	1221.5	1780	5027.5	7576.5	5637	3609.5	6538.5	4678.5	98440.5	4.922.025
ORTHO009405	C2H2 and C2HC zinc fingers superfamily protein	AT1G49590	5634;43231;43227;43226;5575;43229;44424;44464;5623;5622;80188;6306;43414;44260;43170;71704;8152;8150;44237;9987;32259;43412;6305;6304;6259;90304;6139;46483;6725;1901360;34641;6807;44238;44728;40029;10468;60255;19222;50789;65007;31047;16458;10629;10605;9892;48519;44763;44699;44710;3725;3723;3676;1901363;5488;3674;97159;8380;6396;16070;10467;9845;44707;32501;90351;9791;44767;32502;7275;15030;16604;44451;44428;44446;44422;5654;31981;70013;43233;31974;5515;3690;43566;3677	7527	6688	6761	5995	7662	7987.5	5303	8761	5144	6785.5	5726.5	5517.5	7377.5	2711.5	2702.5	3976.5	4464.5	2199.5	3630	4848	4226.5	4471.5	4723.5	4678.5	95235	4761.75
ORTHO007014	unknown protein	AT5G64816	5575;3674;8150	7528	6323	6731	5934	7245.5	1381.5	8400	5698.5	6943.5	4278.5	7594	3422.5	1352	2711.5	4462	3976.5	5764.5	3580	6389	5160	5988	5789.5	5826.5	6210	94928	4746.4
ORTHO010146	unknown protein	AT2G31490	5747;45271;30964;98796;43234;32991;5575;44425;16020;1990204;1902494;44464;5623;98803;70469;98800;98798;44429;44444;44424;5622;5737;44446;44422;43226;43229;5739;43231;43227;44455;31966;31090;5740;31967;31975;5743;19866;5746;9853;43094;44249;9058;8152;8150;44237;9987;3674	7529	7421	6443.5	5358	7947.5	2333	5859	7762	5484	7407.5	6173.5	5053	7031	2711.5	2702.5	5325.5	4191.5	1780	4968.5	3528.5	5265	3374.5	6413.5	4484	91848	4592.4
ORTHO002164	homolog of carrot EP3-3 chitinase	AT3G54420	8061;97367;5488;3674;9626;34050;12501;8219;16265;44699;8150;44763;9987;45087;6952;6950;50896;6955;2376;33554;51716;5618;30312;44464;5575;5623;71944;4568;4553;16798;16787;3824;8152;10262;9793;44702;22414;3006;32502;9790;44767;48856;7275;44707;32501;48316;48608;61458;48731;9791;10154;9611;9617;51707;43207;9605;9607;51704;5576	7530	8920	7223.5	6917	8984.5	7324.5	9120	8528	4087	4841.5	6173.5	8736.5	4738	906.5	1266.5	8804.5	5108	1114.5	8344	4444	5779	1154	2380.5	7952.5	100803	5040.15
ORTHO008957	adenosine deaminases	AT1G01760	6396;16070;44260;43170;71704;8152;8150;44237;9987;90304;6139;46483;6725;1901360;34641;6807;44238;10467;3723;3676;1901363;5488;3674;97159;4000;19239;3824;16814;16810;16787;5634;43231;43227;43226;5575;43229;44424;44464;5623;5622	7531	5281	8154	8777	2982.5	8412.5	4341	2545	2412.5	6687	7886	4905	3888.5	8210.5	7764	5325.5	7137.5	5452.5	7042	8756	7786.5	7683.5	8247	7376.5	121859	6092.95
ORTHO010073	ARM repeat superfamily protein	AT2G39910	6412;43043;43604;43603;34641;6807;8152;8150;44237;9987;44271;44249;9058;6518;1901564;71704;1901566;1901576;44267;19538;43170;44238;44260;34645;9059;10467;5515;5488;3674;9741;9725;9719;50896;10033;42221;14070;33993;97305;1901700;42023;44786;6261;6260;6259;90304;6139;46483;6725;1901360;22402;44763;44699;7049;44711;44710;3735;5198;42802;3918;8094;42623;16887;17111;16462;16818;16817;16787;3824;61505;3916;16853;5634;43231;43227;43226;5575;43229;44424;44464;5623;5622;902;32989;16043;71840;9653;32502;48856;48869;44767;10026;30154;90558;9888;9330;43234;32991;7389;44707;32501;7275;15935;44391;30529;44444;5737;44446;44422;5840;43232;43228	7532	5513.5	7365	7198	2982.5	8240.5	8704	4329	2914.5	8535.5	8958.5	9035	8817.5	5588	551	3976.5	96.5	7273.5	2831.5	1189.5	2086.5	8525.5	2274	8795.5	102722.5	5.136.125
ORTHO002110	D-isomer specific 2-hydroxyacid dehydrogenase family protein	AT1G79870	55114;44710;8152;8150;44699;30267;16616;16614;16491;3824;3674;5737;44424;44464;5575;5623;5622;9854;43094;44249;9058;44237;9987;9853;5829;44444;51287;50662;48037;5488;166;36094;1901265;1901363;97159;16618	7533	6942	7135	6737	6100.5	5432.5	5261.5	5439.5	7455	4881	6543	4162.5	7743	2711.5	3721.5	5325.5	4942.5	2558	6056.5	5215.5	6431	3374.5	4100.5	8258.5	99613.5	4.980.675
ORTHO009203	methylcrotonyl-CoA carboxylase alpha chain; mitochondrial / 3-methylcrotonyl-CoA carboxylase 1 (MCCA)	AT1G03090	22626;44445;44444;44424;44464;5575;5623;5622;5737;5829;5840;30529;32991;43232;43228;43226;43229;5524;35639;1901265;1901363;5488;3674;97159;43168;43167;32559;30554;17076;166;36094;32555;32553;97367;32550;32549;1882;1883;4075;16879;16874;3824;8152;8150;5739;43231;43227;50897;46914;46872;43169;6552;9083;9081;6520;1901564;71704;6807;19752;43436;6082;44281;44710;44699;44763;9987;44237;44238;9063;46395;16054;44282;44712;9056;1901575;44248;1901565;1901606;1901605;6551;4485;16421;16885;5759;44429;44446;44422;70013;43233;31974	7534	6078	4377	1220	6857.5	771.5	6375	3301	4100	8006.5	5199.5	5347.5	4865.5	3431.5	2702.5	3976.5	400	4747.5	692	2593.5	1808.5	1910	891.5	4117.5	65237.5	3.261.875
ORTHO007425	zinc knuckle (CCHC-type) family protein	AT5G43630	16570;16569;16568;6325;43933;16043;71840;8150;9987;51276;6996;6464;36211;19538;43170;71704;8152;44238;43412;44267;44260;44237;1902589;44763;44699;44710;6355;1903506;2001141;31326;9889;19222;50789;65007;31323;50794;51252;19219;80090;51171;60255;10556;10468;2000112;6352;32774;9059;1901576;9058;16070;90304;6139;46483;6725;1901360;34641;6807;34654;19438;44249;44271;18130;1901362;6351;34645;97659;10467;40007;5634;43231;43227;43226;5575;43229;44424;44464;5623;5622;3677;3676;1901363;5488;3674;97159;8270;46914;46872;43169;43167	7535	7949	6758.5	5982	6857.5	6227.5	4587.5	7762	2541	7183	6912.5	4877	3033.5	906.5	2163.5	5325.5	6298	1780	5027.5	7408.5	5265	3609.5	6413.5	7860.5	95182	4759.1
ORTHO004244	phosphoribosylanthranilate isomerase 1	AT1G07780;AT1G29410;AT5G05590	162;6568;9072;6725;44237;8152;8150;9987;1901360;71704;6520;1901564;6807;19752;43436;6082;44281;44710;44699;44763;44238;1901605;6586;42430;46483;34641;6576;44106;9308;9073;19438;44249;9058;1901362;1901576;8652;46394;16053;44283;44711;1901566;46219;42435;44271;18130;42401;9309;1901607;4640;16861;16860;16853;3824;3674;9507;9536;43231;43227;43226;5575;43229;44424;44464;5623;5622;44444;5737;40007;9411;9416;9314;9628;50896;7275;44767;32502;44707;32501	7536	7592	8294	9052	6358.5	6739	3129.5	6573	7325.5	4570	8450	8921.5	8675.5	7213.5	8359	6712.5	6955.5	4809.5	7901.5	8863.5	2800	7301.5	8026.5	7591	130918	6545.9
ORTHO003606	nudix hydrolase homolog 26	AT3G10620;AT5G06340	4081;8796;4551;16462;16818;16817;16787;3824;3674;8152;8150;6753;19637;71704;6793;44237;9987;55086;6139;46483;6725;1901360;34641;6807;44238;44281;44710;44699;44763;6796;46872;43169;43167;5488;8893;16794;42578;16788;9507;9536;43231;43227;43226;5575;43229;44424;44464;5623;5622;44444;5737;34432	7537	8275	8078.5	8620	7245.5	9094	7024	7372.5	4865	8934.5	4225	7312.5	1352	5795.5	1354.5	8583	8865	8910	4914	4258.5	1003	7756.5	8290	8258.5	118168	5908.4
ORTHO010732	Heavy metal transport/detoxification superfamily protein	AT1G06330	6825;41;30001;6812;6811;44765;6810;51234;51179;8150;1902578;44699;46916;6875;55065;98771;50801;48878;42592;65008;65007;55080;30003;6873;55082;19725;44763;9987;55076;5737;44424;44464;5575;5623;5622;46914;46872;43169;43167;5488;3674;5507	7538	8386	4877	2216	8471	4160.5	6220	7461	3711	8934.5	5669.5	181.5	2780	1321.5	1462	8358	3589	499	4485	1426	2929.5	940	3986	5913	74027	3701.35
ORTHO003249	guanyl-nucleotide exchange factors	AT4G16340	5789;98588;31090;16020;5575;44422;43226;43227;44432;44444;44424;44464;5623;5622;5737;44446;43229;5783;43231;12505;44425;42175;9958;9630;9606;9605;50896;8150;9629;9628;5634;5515;5488;3674;9734;9755;7165;50794;50789;65007;51716;9987;7154;44763;44699;44700;23052;32870;9725;9719;10033;42221;71495;71310;70887;71365;9733;16192;6810;51234;51179;10928;9966;10646;48583;23051;43547;43087;51336;50790;19222;65009;51345;43085;44093;9893;48518;51493;33043;51128;5886;71944;8064;30832;32535;90066;65008;16043;71840;32956;32970;5829;70971;19898;5089;5088;5085;98772;8360;22604;22603;50793	7539	6986	6643.75	5748.5	7947.5	4758	8427.5	4826.5	6379.5	2846	6343	2597	1352	4329.5	4705.5	8583	4761	2558	5851	2455	6431	4525.5	7335	4758	93822	4691.1
ORTHO008234	reduced lateral root formation	AT5G09680	20037;46906;1901363;5488;3674;97159;5634;43231;43227;43226;5575;43229;44424;44464;5623;5622;5829;44444;5737;10311;9791;44767;32502;8150;44699;44707;32501;7275;48645;48646;9653;48856;9887;48513;48731;10102;10101;10015;48364;22622;9886;48528;48569;48527;46872;43169;43167;40008;50789;65007	7540	8061	6603	5666	7245.5	6529	7562.5	3021	5144	1371	6912.5	4841.5	3048	906.5	2396.5	5325.5	6298	1780	5027.5	7576.5	6908	3754	7156	7860.5	93418.5	4.670.925
ORTHO009229	TRICHOME BIREFRINGENCE-LIKE 13	AT2G14530	71554;9987;8150;16021;31224;44425;5575;16020;16413;16407;16747;16746;16740;3824;3674;8152;8374;9507;9536;43231;43227;43226;43229;44424;44464;5623;5622;44444;5737;5794;12505	7541	6709	7065	6589	7662	4986.5	6901	2545	5619	5847	5973.5	8004.5	7963	2711.5	3936.5	3976.5	5032.5	3121	5502	4884.5	5422.5	5603	5295.5	5433.5	98758.5	4.937.925
ORTHO009674	unknown protein	AT5G66930	5737;44424;44464;5575;5623;5622;5634;43231;43227;43226;43229;3674	7542	7667	6959.5	6377	6664	5432.5	4118.5	4964	6712.5	1540.5	7382.5	7280	7743	2711.5	3047.5	5325.5	1000	2558	5851	8214	6431	4308.5	7554.5	5222.5	97397.5	4.869.875
ORTHO010061	unknown protein	AT3G17300	5739;43231;43227;43226;5575;43229;44424;44464;5623;5622;44444;5737	7543	7799	7844.5	8146	6664	6898	8919	3123	702.5	2170.5	4367.5	6832	1352	8610	7939.5	6712.5	7029	6183.5	7353.5	5245.5	7254	7227.5	8115.5	4484	110519	5525.95
ORTHO008114	multipolar spindle 1	AT5G57880	51026;22607;16043;71840;8150;9987;44085;1903046;22402;44763;44699;7049;51321;3;7129;70192;51276;6996;1902589;7126;280;48285;45143;45132;98813;7059;7127;7131;35825;6310;6259;44260;43170;71704;8152;44237;90304;6139;46483;6725;1901360;34641;6807;44238;44710;9507;9536;43231;43227;43226;5575;43229;44424;44464;5623;5622;44444;5737;48236;44702;22414;3006;32502;48869;44767;48856;212;7051;226;7010;7017;71822;43933;42138;90305;7140;9553;48229;7275;44707;32501;9555;3674	7544	7227	7810.5	8077	6194	6898	4118.5	8028.5	6225	6459.5	6543	8397	7743	2711.5	3521.5	5325.5	4761	2199.5	5851	8077	6180.5	4308.5	7335	5222.5	109906	5495.3
ORTHO011113	Uncharacterised protein family UPF0090	AT1G77122	42274;22613;44085;71840;8150;42254;5737;44424;44464;5575;5623;5622;3674	7545	7917	7878	8211	6857.5	7633.5	2414	5213.5	7978	2257.5	7734.5	8835.5	6071.5	906.5	3265	5325.5	7679.5	949.5	6531	8478	8153	5603	7868.5	8367.5	111265	5563.25
ORTHO001346	glutathione transferase lambda 2	AT3G55040;AT5G02780;AT5G02790	9570;9532;44435;44444;44424;44464;5575;5623;5622;5737;44446;44422;43226;43229;9536;43231;43227;44434;9507;4364;16765;16740;3824;3674;8152;8150;6749;6518;43603;34641;6807;44237;9987;1901564;71704;6790;6575;10731;6464;36211;19538;43170;44238;43412;44267;44260;46686;10038;10035;42221;50896;5829	7546	6671	8146	8746	7662	4986.5	5430	6142.5	4452.5	5362	6763.5	5903.5	8519	7101	7999	6712.5	6162	5518	7042	5245.5	5637	6895.5	6624.5	8631	121127.5	6.056.375
ORTHO008814	Photosystem II reaction center PsbP family protein	AT1G76450	9543;31978;31977;44436;44424;44464;5575;5623;5622;9579;44435;44444;5737;44446;44422;43226;43229;9536;43231;43227;31976;31984;44434;9507;9534;19898;44425;16020;9535;55035;42651;34357;5509;46872;43169;43167;5488;3674;9654;98796;43234;32991;1990204;1902494;9523;9521	7547	5579	5867.5	4188	2982.5	6986.5	7245.5	6142.5	1133	1208.5	1312.5	3422.5	6397.5	1800.5	5034.5	3976.5	6298	3949	6897.5	2820	2039	6182.5	6624.5	6379.5	85850	4292.5
ORTHO009668	D-aminoacid aminotransferase-like PLP-dependent enzymes superfamily protein	AT3G54970	9507;9536;43231;43227;43226;5575;43229;44424;44464;5623;5622;44444;5737;8152;8150;8483;16769;16740;3824;3674	7548	6719	7226.5	6905	7662	4986.5	4118.5	5568.5	5619	6934	7040	3912.5	7743	2711.5	3936.5	3976.5	5404	3121	5502	7012	6908	5603	5171.5	5433.5	100701.5	5.035.075
ORTHO007757	Pyridine nucleotide-disulphide oxidoreductase family protein	AT4G32360	9055;3674;50660;50662;48037;5488;43168;43167;166;36094;1901265;1901363;97159;16731;16730;16491;3824;8152;8150;55114;44710;44699;22900;6091;44237;9987;44763;5739;43231;43227;43226;5575;43229;44424;44464;5623;5622;44444;5737;9102;6768;43603;34641;6807;6767;6766;44281;46483;1901360;71704;51186;6790;1901564;32787;19752;43436;6082;43604;44271;44249;9058;44272;18130;72330;46394;16053;44283;44711;1901576;1901362;42364;9110;1901566;5886;16020;71944	7549	8074	7463	7377	7245.5	6313	3129.5	7935.5	6124	5317.5	7040	8654.5	5338.5	906.5	2396.5	8358	6549	663.5	5301	7576.5	7166	2763	4535	7952.5	104020	5201
ORTHO000850	cytochrome P450; family 88; subfamily A; polypeptide 3	AT1G05160;AT2G32440	20037;46906;1901363;5488;3674;97159;9686;16102;16114;6721;6720;44255;6629;71704;8152;8150;44710;44699;44238;44763;9987;44237;8299;8610;1901576;9058;44711;44249;16101;46394;16053;6082;44281;44283;19752;43436;9685;55114;5506;46914;46872;43169;43167;16021;31224;44425;5575;16020;5783;43231;43227;43226;43229;44424;44464;5623;5622;44444;5737;12505;51777;16709;16705;16491;3824;4497;19825;5789;98588;31090;44422;44432;44446;42175;5739	7550	9035	8075.5	8601	9043	7324.5	5686	9044	4645.5	7377.5	9078.5	4877	7121	590	3936.5	9078	7495.5	398	7901.5	5578	8228.5	1778.5	8593.5	9134.5	117866.5	5.893.325
ORTHO004851	DNAJ heat shock N-terminal domain-containing protein	AT1G74250	8270;46914;46872;43169;43167;5488;3674;6457;9987;8150;3676;1901363;97159;5634;43231;43227;43226;5575;43229;44424;44464;5623;5622	7551	6583	4758	1965	5439	5684	6518	6573	4164	4746	7199	1954	4355	1254	4462	3976.5	6099.5	1360.5	5220.5	832	1264.5	1358.5	3967	1344.5	72332.5	3.616.625
ORTHO005138	Nodulin MtN3 family protein	AT5G53190	5515;5488;3674;5887;31226;44459;44464;5575;5623;44425;16020;5886;71944;31224;16021;51119;15144;22891;22857;5215;6810;51234;51179;8150;55085;44763;9987;44699;44765;1902578;22892;1901476;8643;71702;34219	7552	8304	7921	8290	8763.5	9043.5	7630.5	7762	7978	3564.5	7040	4386.5	5338.5	906.5	2396.5	8358	6549	663.5	8344	6001	7052	4067	7244	7952.5	112277.5	5.613.875
ORTHO008466	CONTAINS InterPro DOMAIN/s: EF-Hand 1; calcium-binding site (InterPro:IPR018247)	AT5G40690	5737;44424;44464;5575;5623;5622;5634;43231;43227;43226;43229;8150	7553	7348	6639.5	5726	6358.5	5432.5	8162.5	4964	6225	2425	6543	2729	3250	2711.5	3521.5	5325.5	4761	2199.5	5851	6555.5	6180.5	4308.5	7335	5222.5	93703	4685.15
ORTHO008238	unknown protein	AT5G46850	6506;6505;46488;6650;6644;19637;71704;8152;8150;6793;44237;9987;44255;6629;44710;44699;44238;44763;6796;46486;6664;1903509;1901135;6643;6661;46474;45017;8610;1901576;9058;44711;44249;8654;90407;6497;6464;36211;19538;43170;43412;44267;44260;42158;42157;34645;9059;9247;46467;1901137;5634;43231;43227;43226;5575;43229;44424;44464;5623;5622;5789;98588;31090;16020;44422;44432;44444;5737;44446;5783;12505;44425;42175;3674	7554	7244	3991.5	429	7947.5	4016	1672.5	3749	4164	7064	5141	743.5	3926	138	136.5	3128	7495.5	203.5	1911	3208	2953	213.5	629	400.5	50892.5	2.544.625
ORTHO009188	Peroxidase superfamily protein	AT2G34060	4601;16684;16491;3824;3674;8152;8150;55114;44710;44699;16209;9664;71555;45229;16043;71840;9987;71554;71669;6950;50896;9505;5618;30312;44464;5575;5623;71944;9506;5911;30054;55044;5576	7555	5551	7185	6815	6478.5	5580	3513	5957	4953	4458.5	7594	3422.5	6071.5	1800.5	4705.5	3976.5	5864.5	3580	6531	7871	6180.5	5924	6040	6057.5	100080.5	5.004.025
ORTHO008254	SGNH hydrolase-type esterase superfamily protein	AT4G10950	6629;71704;8152;8150;44710;44699;44238;5576;5575;16788;16787;3824;3674	7556	6512	6976.5	6397	7245.5	4794.5	8162.5	5439.5	9026	5665	6543	4670	3270.5	2711.5	3521.5	3976.5	4942.5	2724.5	5347.5	6754	4668.5	5059	5021	5222.5	97520	4876
ORTHO009804	expansin A20	AT4G38210	9664;71555;45229;16043;71840;8150;9987;71554;71669;9826;902;32989;9653;32502;48856;48869;44767;44699;44763;60560;48589;40007;16049;5576;5575;9831;42547;42545;9825;9827;9828;5618;30312;44464;5623;71944;6949;48646;16020;80167;9628;50896	7557	7472	6023.25	4489.5	6358.5	505	5581	7461	6823.5	5362	7040	5191.5	7121	2711.5	2702.5	5325.5	4346.5	1780	5027.5	4258.5	1778.5	3374.5	6413.5	4484	87287.5	4.364.375
ORTHO010992	unknown protein	AT1G65900	8150;9507;9536;43231;43227;43226;5575;43229;44424;44464;5623;5622;44444;5737;3674	7558	7941	6487.25	5416.5	6857.5	5351.5	7857.5	4462	6712.5	5817.5	6070	7408	4492.5	906.5	1677.5	5325.5	5194	663.5	4388	4630.5	5779	2433.5	5710.5	7266.5	92146.5	4.607.325
ORTHO008366	Tetrapyrrole (Corrin/Porphyrin) Methylases	AT4G31790	17183;17182;18202;18193;6464;36211;19538;43170;71704;8152;8150;44238;43412;44267;44260;44237;9987;44763;44699;44249;9058;44711;44710;4164;8757;8168;16741;16740;3824;3674;32259;5737;44424;44464;5575;5623;5622	7559	6049	6579.5	5600	6857.5	5547	3758	5698.5	5994	5694	6343	3422.5	1352	2711.5	5817	3976.5	2888	3949	6700.5	7871	6180.5	5603	3476.5	6057.5	93040	4652
ORTHO007975	8-oxoguanine-DNA glycosylase 1	AT1G21710	3684;3677;3676;1901363;5488;3674;97159;6284;6281;6259;44260;43170;71704;8152;8150;44237;9987;90304;6139;46483;6725;1901360;34641;6807;44238;6974;33554;51716;50896;6950;44763;44699;44710;8534;702;19104;16799;16798;16787;3824;3906;16835;16829;4520;4536;4518;16788;90305;4519;5634;43231;43227;43226;5575;43229;44424;44464;5623;5622	7560	5991	6089.5	4619	6664	2735	4341	8863.5	6225	698.5	6543	5126	5740	1800.5	3521.5	3976.5	4548.5	3121	3653	8214	4384	4709	4927.5	4801	87928.5	4.396.425
ORTHO008587	DEGP protease 2	AT2G47940	9658;9657;6996;16043;71840;8150;9987;9535;55035;42651;34357;16020;5575;44436;44424;44464;5623;5622;9579;44435;44444;5737;44446;44422;43226;43229;9536;43231;43227;31976;31984;44434;9507;9534;9941;9526;31967;31975;9570;9532;6508;19538;43170;71704;8152;44238;10206;30091;44267;44260;44237;9765;6091;19684;15979;9533;4252;4175;70011;8233;16787;3824;3674;8236;17171;30163;9057;1901575;9056;5739	7561	6651	7448.5	7336	7662	2295.5	8109.5	5439.5	6379.5	8231.5	5788.5	7957.5	7743	3283.5	3936.5	3976.5	4548.5	2724.5	5220.5	8214	4519	5059	5021	5222.5	103670	5183.5
ORTHO011182	SWIM zinc finger family protein / mitogen-activated protein kinase kinase kinase (MAPKKK)-related	AT5G11620	5634;43231;43227;43226;5575;43229;44424;44464;5623;5622;16301;16772;16740;3824;3674;8152;8150;16310;6796;6793;44237;9987;8270;46914;46872;43169;43167;5488	7562	7947	6631.5	5701	6857.5	6227.5	3224.5	4734	4253	6988	6173.5	4467	1352	906.5	2396.5	5325.5	8748.5	1780	5027.5	7498.5	6908	3374.5	6413.5	7768	93566.5	4.678.325
ORTHO010277	unknown protein	AT3G49055	5737;44424;44464;5575;5623;5622	7563	7835	7602.5	7642	6857.5	5684	6890	8127	4418	6081	95.5	7017.5	1352	6292	6867.5	6712.5	8238.5	5569	5851	6001	6810.5	3026	2991.5	7768	105792.5	5.289.625
ORTHO009710	UbiA prenyltransferase family protein	AT1G60600	9772;9767;22900;6091;44237;8152;8150;9987;55114;44710;44699;44763;19684;15979;5886;16020;5575;44464;5623;71944;16021;31224;44425;31969;42170;31090;44422;43226;43227;44435;44444;44424;5622;5737;44446;43229;9536;43231;9526;31967;31975;44434;9507;9941;46428;2094;4659;16765;16740;3824;3674;42372;42374;1901661;51186;42180;71704;44281;1901663;9108;51188;44249;9058;6732;42181;44283;44711;1901576;10236	7564	7029	4517	1470	5375	2054	5974	7244.5	7632	8647.5	3596.5	6300	1352	4244	2702.5	3023.5	7568.5	523.5	1325	2880.5	2179	227	69	450.5	67993.5	3.399.675
ORTHO008194	leucine-rich repeat transmembrane protein kinase family protein	AT1G68400	6468;16310;6796;6793;44237;8152;8150;9987;6464;36211;19538;43170;71704;44238;43412;44267;44260;16301;16772;16740;3824;3674;4674;4672;16773;5576;5575;7169;7167;7166;7165;50794;50789;65007;51716;50896;7154;44763;44699;44700;23052;5524;35639;1901265;1901363;5488;97159;43168;43167;32559;30554;17076;166;36094;32555;32553;97367;32550;32549;1882;1883	7565	7195	5125	2685	7947.5	4262.5	4785	4396	5258	8934.5	3702.5	7948	1352	4344	2956	5325.5	2640.5	1494	3421.5	5447	1257.5	1735	4705.5	3289.5	77254.5	3.862.725
ORTHO009965	peptidases	AT1G34640	6465;16485;6508;19538;43170;71704;8152;8150;44238;51604;10467;6518;43603;34641;6807;44237;9987;1901564;44267;44260;5787;98796;43234;32991;5575;44425;16020;44432;44444;44424;44464;5623;5622;5737;44446;44422;43226;43229;5783;43231;43227;12505;1990234;1902494;5789;98588;31090;42175;5739;8233;16787;3824;3674;16021;31224	7566	7602	8340	9114	6358.5	7733	8645.5	6573	1545.5	6139.5	8314	7408	3773	7213.5	8359	8660.5	6955.5	4809.5	7862.5	8863.5	7860	7392.5	8520	7591	134219	6710.95
ORTHO008191	Ku80 family protein	AT1G48050	71480;71479;10212;9314;9628;50896;8150;71478;71214;51716;9987;10332;723;6259;44260;43170;71704;8152;44237;90304;6139;46483;6725;1901360;34641;6807;44238;32200;51276;6996;16043;71840;1902589;44763;44699;44710;60249;42592;65008;65007;6281;6974;33554;6950;3690;43566;3677;3676;1901363;5488;3674;97159;6303;726;6302;3684;5515;71481;10165;43564;44428;44446;44422;5575;43226;44424;44464;5623;5622;43229;5634;43231;43227;43234;32991;6310;9408;9266;15074;784;44454;44427;5694;43232;43228;228;31981;70013;43233;31974;781;98687;4003;8094;42623;16887;17111;16462;16818;16817;16787;3824;3678;4386;32508;32392;71103;8026;70035;42162;43565	7567	6005	6446	5325	6664	505	8450	6142.5	5028	1893	982	3218	6617.5	1800.5	5034.5	3976.5	6409	3949	7042	8320	2039	6182.5	6854	7190.5	91633.5	4.581.675
ORTHO001377	Polyketide cyclase/dehydrase and lipid transport superfamily protein	AT2G25770;AT4G32870	3674;8150;5634;43231;43227;43226;5575;43229;44424;44464;5623;5622;4864;19888;19208;30234;98772;50790;19222;50789;65007;65009;19212;4857;43086;44092;9892;48519;9738;9755;7165;50794;51716;9987;50896;7154;44763;44699;44700;23052;32870;9725;9719;10033;42221;71495;71310;70887;71215;9737;33993;97305;1901700;1101;71396;97306;1901701;71229;80163;43666;10921;35304;31399;32268;51246;80090;60255;31323;35303;19220;51174;51336;5737;10427;33293;31406;43177;36094;5488;43168;43167;42562;43178;19840;8289;4872;60089	7568	8927	7329.5	7091	8984.5	5285	2881	7435.5	4551	5331.5	7999	4877	4355	2711.5	5775.5	8925	2626	241.5	8559.5	5062.5	8083.5	2328.5	5902.5	9078.5	102009.5	5.100.475
ORTHO003124	RING/U-box superfamily protein	AT3G14250	32436;1901800;1903052;1903050;1903362;31329;9894;19222;50789;65007;8150;31323;50794;42176;51246;80090;60255;32268;30162;1903364;32270;31325;9893;48518;48522;51247;10604;31331;9896;45732;45862;61136;32434;42787;16567;32446;70647;6464;36211;19538;43170;71704;8152;44238;43412;44267;44260;44237;9987;6511;19941;51603;6508;44257;30163;9057;1901575;9056;44265;44248;43632;5737;44424;44464;5575;5623;5622;209;8270;46914;46872;43169;43167;5488;3674;61630;4842;19787;16740;3824;61659;31624;44390;19899;5515;151;1990234;1902494;43234;32991	7569	8560	4199.5	830	8961.5	649	5026.5	2392	3659	5514	3989.5	7162	4221.5	460.5	1389	6712.5	3752	464	91	3830	3454.5	1695	3686	1713.5	59861.5	2.993.075
ORTHO009352	Nucleic acid-binding proteins superfamily	AT3G17030	8150;5634;43231;43227;43226;5575;43229;44424;44464;5623;5622	7570	6769	7078.5	6587	7662	6529	3327	5957	4387	5988	1312.5	3422.5	8306	2711.5	4462	3976.5	5864.5	3949	6700.5	7871	5637	5924	6040	6379.5	98744.5	4.937.225
ORTHO002287	ATP binding	AT1G09620	6429;6418;43039;6399;34660;16070;44260;43170;71704;8152;8150;44237;9987;90304;6139;46483;6725;1901360;34641;6807;44238;43038;6520;1901564;19752;43436;6082;44281;44710;44699;44763;6412;43043;43604;43603;44271;44249;9058;6518;1901566;1901576;44267;19538;34645;9059;10467;5524;35639;1901265;1901363;5488;3674;97159;43168;43167;32559;30554;17076;166;36094;32555;32553;97367;32550;32549;1882;1883;9506;5911;30054;5575;55044;5737;44424;44464;5623;5622;4823;4812;16876;16875;16874;3824;5829;44444;9507;9536;43231;43227;43226;43229	7571	7780	7348.5	7126	6664	568.5	5382	8753	8307	7441.5	3526	6518	8094	5878	1292	5325.5	9170	4982.5	8640.5	971	8618.5	84	64	8649.5	102265.5	5.113.275
ORTHO009419	unknown protein	AT1G73380	5575;8150;3674	7572	6229	5367.5	3163	7245.5	8873.5	1519.5	5439.5	2264	8934.5	3366.5	5395	5467.5	1800.5	2702.5	3976.5	4346.5	2724.5	4968.5	1811	2459.5	4612.5	4887	4541	80090	4004.5
ORTHO009462	FUNCTIONS IN: molecular_function unknown	AT2G42700	3674;6624;16485;6508;19538;43170;71704;8152;8150;44238;51604;10467;44267;44260;44237;9987;5773;43231;43227;43226;5575;43229;44424;44464;5623;5622;44444;5737;15031;45184;51234;51179;8104;33036;71702;6810	7573	6079	8312	9051	6857.5	7241	4341	8583.5	1545.5	5653	8537.5	5172.5	7258.5	8210.5	8404	5325.5	7091.5	5452.5	7862.5	8691.5	7709	7567	8115.5	8111.5	130873.5	6.543.675
ORTHO008422	Eukaryotic translation initiation factor eIF2A family protein	AT1G73180	5886;16020;5575;44464;5623;71944;3743;8135;3723;3676;1901363;5488;3674;97159;6412;43043;43604;43603;34641;6807;8152;8150;44237;9987;44271;44249;9058;6518;1901564;71704;1901566;1901576;44267;19538;43170;44238;44260;34645;9059;10467;6413;5737;44424;5622	7574	6084	4340	1106	6857.5	3818.5	1274.5	3181	3046	8934.5	44	6100	1352	3431.5	1910.5	3976.5	7599.5	8875.5	2676	1160.5	27	1695	891.5	3799.5	63793.5	3.189.675
ORTHO009864	unknown protein	AT4G19140	8150;3674;5575	7575	5682.5	6897	6219	2982.5	6529	3430	2460.5	2134	3665	6173.5	8092	6071.5	1800.5	4705.5	3976.5	5764.5	3580	6389	7871	6180.5	5789.5	5826.5	6057.5	96496.5	4.824.825
ORTHO010040	Protein of unknown function (DUF962)	AT3G09085	3674;8150;5739;43231;43227;43226;5575;43229;44424;44464;5623;5622;44444;5737	7576	7218	8103	8630	7947.5	7658.5	8499.5	8233.5	6943.5	1926.5	7999	2343.5	8306	2711.5	4462	5325.5	6099.5	3580	7042	8721.5	7786.5	6182.5	8247	6379.5	118447.5	5.922.375
ORTHO009826	ureidoglycine aminohydrolase	AT4G17050	6145;46113;44712;9056;8152;8150;44710;44699;1901361;1901360;71704;1901575;1901565;1901564;6807;9112;55086;6139;46483;44237;9987;6725;34641;44238;44281;44763;46700;44248;72523;19439;44270;72521;6144;256;43605;43603;255;10136;10135;71522;16813;16810;16787;3824;3674;6355;1903506;2001141;31326;9889;19222;50789;65007;31323;50794;51252;19219;80090;51171;60255;10556;10468;2000112;5783;43231;43227;43226;5575;43229;44424;44464;5623;5622;44444;5737;12505;3700;1071;46872;43169;43167;5488	7577	6977	7978.5	8380	7947.5	7324.5	3758	5213.5	6584	7216	7199	8595.5	8094	2711.5	3936.5	5325.5	5561	3121	5851	7194	7052	5132.5	7946.5	5806	113622	5681.1
ORTHO011130	DNAse I-like superfamily protein	AT3G18500	5634;43231;43227;43226;5575;43229;44424;44464;5623;5622;46872;43169;43167;5488;3674;4535;175;8408;4527;4518;16788;16787;3824;8152;8150;90305;90304;6139;46483;44237;9987;6725;1901360;71704;34641;6807;44238;43170;16896;4532;4540;90501;16070;44260;90503;16796;6355;1903506;2001141;31326;9889;19222;50789;65007;31323;50794;51252;19219;80090;51171;60255;10556;10468;2000112;6351;34645;9059;1901576;9058;44249;97659;32774;34654;19438;44271;18130;1901362;10467;5737;3723;3676;1901363;97159	7578	7984	7445.5	7313	6857.5	7987.5	8002.5	7762	2611.5	7539	7040	4386.5	5338.5	906.5	2396.5	5325.5	7733.5	1921.5	4059	7576.5	7052	3111.5	4773	7952.5	103475.5	5.173.775
ORTHO010427	Tetratricopeptide repeat (TPR)-like superfamily protein	AT4G08320	8150	7579	7872	8353	9127	6857.5	6149	7837.5	6264	7183.5	2976	8364	8835.5	6513.5	6332.5	7401.5	6712.5	7258	4595	7612.5	8756	8438.5	7259	8405	8670.5	135564	6778.2
ORTHO004415	Protein prenylyltransferase superfamily protein	AT5G17270;AT5G37130	8150;5634;43231;43227;43226;5575;43229;44424;44464;5623;5622;48046;5576	7580	7119	8217	8854	6194	7853.5	7250	6741	7455	3731	8450	2937.5	8817.5	7213.5	8404	5325.5	7091.5	4982.5	7764.5	3165	2874	7725	8026.5	8026	123833.5	6.191.675
ORTHO009226	Pentatricopeptide repeat (PPR) superfamily protein	AT1G66345	5739;43231;43227;43226;5575;43229;44424;44464;5623;5622;44444;5737;8150;3674	7581	7743	8350	9119	6664	6739	8661.5	6573	7632	2770	8404	8921.5	1352	7213.5	7667.5	8660.5	6955.5	4809.5	7901.5	8863.5	7860	7392.5	8520	7591	134488	6724.4
ORTHO004482	tRNA synthetase class II (D; K and N) family protein	AT4G33760	46872;43169;43167;5488;3674;3677;3676;1901363;97159;5739;43231;43227;43226;5575;43229;44424;44464;5623;5622;44444;5737;5524;35639;1901265;43168;32559;30554;17076;166;36094;32555;32553;97367;32550;32549;1882;1883;16020;6418;43039;6399;34660;16070;44260;43170;71704;8152;8150;44237;9987;90304;6139;46483;6725;1901360;34641;6807;44238;43038;6520;1901564;19752;43436;6082;44281;44710;44699;44763;6412;43043;43604;43603;44271;44249;9058;6518;1901566;1901576;44267;19538;34645;9059;10467;4815;4812;16876;16875;16874;3824;9507;9536	7582	7302	7415	7248	7662	5432.5	8162.5	4964	4740.5	6364	7382.5	2729	7743	2711.5	3521.5	5325.5	4761	2199.5	5851	8077	6180.5	4308.5	7335	5222.5	103011.5	5.150.575
ORTHO000656_2	DHBP synthase RibB-like alpha/beta domain	AT5G59750	3935;3933;19238;16814;16810;16787;3824;3674;8152;8150;8686;16830;16829;9231;42727;44271;34641;6807;44237;9987;44249;9058;42726;46483;1901360;71704;1901564;18130;1901362;1901576;1901566;6771;6767;6766;44281;44710;44699;44763;42364;9110;44283;44711;9507;9536;43231;43227;43226;5575;43229;44424;44464;5623;5622;44444;5737;46872;43169;43167;5488;5525;35639;1901265;1901363;97159;43168;32550;32549;1882;36094;97367;1883;32561;19001;17076;166;32555;32553	7583	7994	5882	4181	6857.5	4148.5	5614.5	4396	8874	7584	3971	6404.5	4380.5	1254	1616	5325.5	7721	1494	4016	3362	4519	1228	2863.5	7028	85800	4290
ORTHO006363	Family of unknown function (DUF572)	AT1G17130	3674;5634;43231;43227;43226;5575;43229;44424;44464;5623;5622;8150	7584	7690	5835.5	4087	8139.5	6227.5	4638.5	4734	4253	7722.5	2992.5	5019	3093	906.5	2163.5	5325.5	4252.5	1780	5027.5	7463	5422.5	3374.5	6413.5	4484	85293	4264.65
ORTHO008145	Sec14p-like phosphatidylinositol transfer family protein	AT1G30690	5829;44444;44424;44464;5575;5623;5622;5737;6810;51234;51179;8150;5886;16020;71944;5634;43231;43227;43226;43229;51301;44763;9987;44699;5215;3674;7049;8289;5488;16021;31224;44425	7585	6041	7881.5	8178	5552	7468.5	8523	6428.5	702.5	2799	6763.5	8370.5	6895.5	2711.5	5596.5	3976.5	494	4154.5	7435.5	8590.5	8153	6714	7611.5	7591	110979.5	5.548.975
ORTHO009807	RNA-binding (RRM/RBD/RNP motifs) family protein	AT5G66010	166;36094;5488;3674;1901265;1901363;97159;3676;5634;43231;43227;43226;5575;43229;44424;44464;5623;5622;3723;8150	7586	7533	8038.25	8490.5	6358.5	2239.5	8552.5	6264	8259	6308	5254	5839	1352	7213.5	8061.5	6712.5	6896.5	7571	8008.5	8721.5	1339	6512.5	3675	6850.5	115630	5781.5
ORTHO008724	Alternative oxidase family protein	AT4G22260	46862;42170;31090;16020;5575;44422;43226;43227;44435;44444;44424;44464;5623;5622;5737;44446;43229;9536;43231;9526;31967;31975;31898;9509;9266;9628;50896;8150;55114;44710;8152;44699;46872;43169;43167;5488;3674;9535;55035;42651;34357;44436;9579;31976;31984;44434;9507;9534;9657;6996;16043;71840;9987;9916;16682;16679;16491;3824;9658;16117;16109;16114;6721;6720;44255;6629;71704;44238;44763;44237;8299;8610;1901576;9058;44711;44249;16108;46148;42440;16116;70469;44425;16021;31224;5739;9644;9642;9416;9314	7587	6710	6312.5	5038	7662	5248.5	8162.5	2939.5	6124	7485	2992.5	5631.5	7377.5	2711.5	4705.5	3976.5	4464.5	2558	3653	2935	5422.5	4471.5	4693	4678.5	90230.5	4.511.525
ORTHO010389	glyoxylate reductase 1	AT3G25530	6098;51156;19637;71704;8152;8150;6793;44237;9987;1901135;6796;6739;46496;19362;6733;6732;51186;9117;6753;55086;6139;46483;6725;1901360;34641;6807;44238;44281;44710;44699;44763;72524;1901564;19682;6081;19693;51287;50662;48037;5488;3674;166;36094;1901265;1901363;97159;8442;16616;16614;16491;3824;55114;5739;43231;43227;43226;5575;43229;44424;44464;5623;5622;44444;5737;6573;9081;6520;19752;43436;6082;1901605;3858;5829;4616;30267;6979;6950;50896	7588	8006	7010	6432	7245.5	6085.5	7262.5	4571	5484	6156.5	6543	4566	4955.5	906.5	2163.5	5325.5	5764.5	1617	4830.5	7408.5	6431	3222.5	6282.5	8159	97735	4886.75
ORTHO009553	P-loop containing nucleoside triphosphate hydrolases superfamily protein	AT4G10620	5634;43231;43227;43226;5575;43229;44424;44464;5623;5622;5525;35639;1901265;1901363;5488;3674;97159;43168;43167;32550;32549;1882;36094;97367;1883;32561;19001;17076;166;32555;32553;8150	7589	6806	6835	6081	7662	1554	3863.5	5568.5	5355.5	7830	6763.5	4386.5	3317.5	2711.5	3721.5	3976.5	7354	3121	5400	7012	8019	5308.5	5021	5433.5	95717.5	4.785.875
ORTHO008532	unknown protein	AT4G17010	8150;3674;5575	7590	6002	8148	8706	6664	5516	4587.5	6142.5	6823.5	6889	7734.5	8150	6513.5	7850	7999	5325.5	6027	4253	6835.5	7871	5422.5	6182.5	3748.5	6210	120081	6004.05
ORTHO009904	diphthamide synthesis DPH2 family protein	AT5G62030	17183;17182;18202;18193;6464;36211;19538;43170;71704;8152;8150;44238;43412;44267;44260;44237;9987;44763;44699;44249;9058;44711;44710;3674;5737;44424;44464;5575;5623;5622	7591	5632	7211	6831	2982.5	6643.5	3430	5957	7183.5	1540.5	7734.5	3422.5	6071.5	1800.5	5034.5	3976.5	5962.5	3949	6700.5	7871	6578.5	5603	4500.5	6210	100169.5	5.008.475
ORTHO008093	unknown protein	AT5G06590	5575;8150;3674	7592	5971	5754.5	3917	2982.5	1959	8499.5	1484	2892	4651	6763.5	3422.5	1352	3283.5	5034.5	3976.5	8849	3949	6835.5	2593.5	7254	3609.5	1094.5	6801.5	84304.5	4.215.225
ORTHO004483	ATP/GTP-binding protein family	AT2G03150	5509;46872;43169;43167;5488;3674;6355;1903506;2001141;31326;9889;19222;50789;65007;8150;31323;50794;51252;19219;80090;51171;60255;10556;10468;2000112;55078;55067;98771;50801;48878;42592;65008;55080;55065;5737;44424;44464;5575;5623;5622;5634;43231;43227;43226;43229;5829;44444;9793;44702;22414;44699;3006;32502;9790;44767;48856;7275;44707;32501;48316;48608;61458;48731;9791;10154;5515	7593	7327	7436.25	7279.5	8139.5	8536.5	8843	3652.5	6225	6687	1211	7039.5	7743	7101	7737.5	6712.5	1806	5626	1567	6397	6578.5	2677	1866	5222.5	103228.5	5.161.425
ORTHO009110	unknown protein	AT5G16610	8150;5634;43231;43227;43226;5575;43229;44424;44464;5623;5622;3674	7594	5602	8249	8904	2982.5	6679.5	8645.5	2545	7831	2891.5	7886	2937.5	3875.5	8210.5	7885	6712.5	7113.5	5452.5	7950	7871	7786.5	7637.5	8163.5	7376.5	125450.5	6.272.525
ORTHO009940	unknown protein	AT3G14900	3674;9790;44767;32502;8150;44699;48856;7275;44707;32501;9507;9536;43231;43227;43226;5575;43229;44424;44464;5623;5622;44444;5737	7595	5677	6898.25	6201.5	2982.5	2295.5	4341	5439.5	5355.5	7247	6543	7957.5	5740	1800.5	3521.5	3976.5	8587.5	2724.5	5128	6632	4384	4873	5021	4801	96368.5	4.818.425
ORTHO007301	unknown protein	AT2G28130	5634;43231;43227;43226;5575;43229;44424;44464;5623;5622;3674;8150	7596	6652	7605	7614	5748	2629	6765	8102.5	6225	8647.5	6543	7933	3222.5	7101	7737.5	5325.5	8604.5	3949	4968.5	4727.5	3978	3111.5	1405.5	4678.5	105654.5	5.282.725
ORTHO002819	NAD(P)-binding Rossmann-fold superfamily protein	AT1G62610;AT1G63380;AT2G17845;AT3G46170;AT3G55290;AT3G55310	16491;3824;3674;8152;8150;55114;44710;44699;5575;46686;10038;10035;42221;50896;5777;42579;43231;43227;43226;43229;44424;44464;5623;5622;44444;5737;16020	7597	5572	6315	5033	5552	6023.5	1342.5	6323	2465.5	6934	4404	2197	6895.5	8028.5	7667.5	5325.5	1189	4887	5347.5	1248	363	6952	5762.5	6850.5	90206	4510.3
ORTHO008056	Aldolase-type TIM barrel family protein	AT5G64250	46686;10038;10035;42221;50896;8150;5829;44444;44424;44464;5575;5623;5622;5737;55114;44710;8152;44699;16491;3824;3674;5739;43231;43227;43226;43229;18580;16703;16701;4497;51213;9610;9608;51707;43207;9605;9607;51704;9620	7598	6653	5875.5	4153	7662	3716	4638.5	5302.5	5484	7916.5	5669.5	5699	7031	2711.5	2702.5	3976.5	1266	2199.5	3445.5	6197.5	4023	3955.5	4481.5	5222.5	85638.5	4.281.925
ORTHO008096	vacuolar protein sorting 34	AT1G60490	45;70925;6996;16043;71840;8150;9987;22607;44085;7033;16236;44712;9056;8152;44710;44699;6914;44248;44237;9267;31669;31667;9991;9605;50896;31668;51716;71496;7154;44763;42594;6950;33554;6468;16310;6796;6793;6464;36211;19538;43170;71704;44238;43412;44267;44260;16197;1902582;46907;6810;51234;51179;51649;51641;44765;1902578;5777;42579;43231;43227;43226;5575;43229;44424;44464;5623;5622;44444;5737;36092;6661;46474;6650;6644;19637;44255;6629;46486;45017;8610;1901576;9058;44711;44249;8654;90407;46488;72593;6897;16192;5524;35639;1901265;1901363;5488;3674;97159;43168;43167;32559;30554;17076;166;36094;32555;32553;97367;32550;32549;1882;1883;46854;46834;30258;9651;6970;9628;34271;35032;5942;61695;1990234;1902494;43234;32991;98796;44425;16020;19898;407;5768;12505;48015;48017;35556;7165;50794;50789;65007;44700;23052;30242;7031;1902589;5794;34272;16303;35004;16301;16772;16740;3824;52742;16773;55046;44767;32502;44707;32501;9555;48229;7275;48856	7599	5332	8232.5	8866	2982.5	6898	4341	2750.5	7325.5	8647.5	3639.5	3950.5	7121	8123.5	7713.5	5325.5	8726	4887	7644	7576.5	7386	7392.5	7729.5	7075	124252.5	6.212.625
ORTHO000697_1	LSD1-like2	AT3G13682	51568;34968;16571;6479;43414;44260;43170;71704;8152;8150;44237;9987;32259;43412;8213;6464;36211;19538;44238;44267;16570;16569;16568;6325;43933;16043;71840;51276;6996;1902589;44763;44699;44710;18022;18205;18193;3677;3676;1901363;5488;3674;97159;5739;43231;43227;43226;5575;43229;44424;44464;5623;5622;44444;5737;6355;1903506;2001141;31326;9889;19222;50789;65007;31323;50794;51252;19219;80090;51171;60255;10556;10468;2000112;55114;16491;3824;6351;34645;9059;1901576;9058;44249;97659;32774;16070;90304;6139;46483;6725;1901360;34641;6807;34654;19438;44271;18130;1901362;10467;8131;16641;16638	7600	5954	6410.5	5221	2982.5	5155.5	3960	5698.5	2264	3672	2809.5	8051	5740	1800.5	5034.5	3976.5	5194	3121	5851	7299	5637	5603	4632	5601	91100	4555
ORTHO007545	Mitochondrial import inner membrane translocase subunit Tim17/Tim22/Tim23 family protein	AT1G18320;AT3G10110	5744;98800;98796;43234;32991;5575;44425;16020;98798;44429;44444;44424;44464;5623;5622;5737;44446;44422;43226;43229;5739;43231;43227;44455;31966;31090;5740;31967;31975;5743;19866;15031;45184;51234;51179;8150;8104;33036;71702;6810;15450;15405;15399;22804;22857;5215;3674;55085;44763;9987;44699;44765;1902578;8320;8565;22892;22884;22891;71806;33365;34613;70727;51641;9793;44702;22414;3006;32502;9790;44767;48856;7275;44707;32501;48316;48608;61458;48731;9791;10154;9507;9536;15266;15267;22803;16021;31224	7601	7258	5368.5	3136	6194	4946.5	5261.5	4734	800	7094.5	3526	5191.5	1352	2711.5	2702.5	5325.5	4346.5	2199.5	5027.5	4956.5	5422.5	3374.5	6413.5	4541	79927	3996.35
ORTHO008998	unknown protein	AT2G46200	5681;44428;44446;44422;5575;43226;44424;44464;5623;5622;43229;5634;43231;43227;30529;32991;6397;16071;16070;44260;43170;71704;8152;8150;44237;9987;90304;6139;46483;6725;1901360;34641;6807;44238;6396;10467;8380;5737;3674	7602	6014	6469.5	5337	6664	1329	3327	5698.5	6943.5	7350.5	7734.5	3422.5	6071.5	1800.5	4705.5	3976.5	693.5	3949	6700.5	7871	2021	6027.5	6040	6057.5	91719.5	4.585.975
ORTHO008728	Pathogenesis-related thaumatin superfamily protein	AT4G36010	3674;51707;43207;9605;50896;8150;9607;51704;31225;31224;44425;5575;16020;5576	7603	7336	8050.5	8498	7662	7563	5673.5	8314.5	6379.5	1318	2809.5	4566	1352	8316	8404	6712.5	6752	4595	7676.5	4904	7860	7332.5	8247	7028	115803.5	5.790.175
ORTHO000456	NA	NA	NA	7604	9167	7943.5	8283	9167.5	9084.5	2328.5	2923.5	4788.5	8934.5	9156	2803.5	2822	4295.5	6590.5	9121	1000	241.5	9173	9177	9171.5	2213.5	9172	9174	112170.5	5.608.525
ORTHO008991	2-oxoglutarate (2OG) and Fe(II)-dependent oxygenase superfamily protein	AT3G63290	9506;5911;30054;5575;55044;9555;48229;7275;44767;32502;8150;44699;44707;32501;48856;55114;44710;8152;16706;16705;16491;3824;3674;51213	7605	6740	3892	179	7662	3511	6734	3608	1198	8934.5	982	3422.5	3601	138	136.5	3183	252.5	433.5	1748	3108	302.5	213.5	568.5	255.5	42330.5	2.116.525
ORTHO008516	Spo11/DNA topoisomerase VI; subunit A protein	AT3G13170	16787;3824;3674;8152;8150;737;6308;6259;44260;43170;71704;44237;9987;90304;6139;46483;6725;1901360;34641;6807;44238;44265;9057;1901575;9056;44248;34655;19439;44270;1901361;46700;90305;706;729;6302;6281;6974;33554;51716;50896;6950;44763;44699;44710;44712;1903046;22402;7049;51321;3;42138;7127;7126;280;48285;6996;16043;71840;1902589;5524;35639;1901265;1901363;5488;97159;43168;43167;32559;30554;17076;166;36094;32555;32553;97367;32550;32549;1882;1883;51026;22607;44085;7129;70192;51276;45143;45132;98813;7059;7131;35825;6310;5634;43231;43227;43226;5575;43229;44424;44464;5623;5622;34090;34086;7062;819;51177;45144;7135;5694;43232;43228;3677;3676;3918;8094;42623;16887;17111;16462;16818;16817;61505;3916;16853;6265;71103	7606	7273	7162	6718	7947.5	5432.5	8221	4964	5355.5	6364	7382.5	2729	7743	2711.5	3521.5	5325.5	261	2199.5	5851	8214	6431	4308.5	7244	5222.5	99481.5	4.974.075
ORTHO010090	transcription regulators	AT3G47610	45893;10628;10604;9893;48518;50789;65007;8150;19222;60255;10468;1903508;1903506;2001141;31326;9889;31323;50794;51252;19219;80090;51171;10556;1902680;51254;45935;31325;48522;51173;31328;9891;10557;6355;2000112;6366;6351;34645;44260;43170;71704;8152;44237;9987;9059;1901576;9058;44249;97659;32774;16070;90304;6139;46483;6725;1901360;34641;6807;44238;34654;19438;44271;18130;1901362;10467;3713;3712;989;988;3674;5634;43231;43227;43226;5575;43229;44424;44464;5623;5622	7607	5699	4872.75	2138.5	2982.5	2446.5	5146.5	517	3366.5	8934.5	3749	7509	1352	8418.5	3936.5	3976.5	693.5	9014	3385	3037	1650	1695	1263	3366.5	73456.5	3.672.825
ORTHO009114	SET domain group 37	AT2G17900	5634;43231;43227;43226;5575;43229;44424;44464;5623;5622;46872;43169;43167;5488;3674;8150;18024;16279;16278;8170;8168;16741;16740;3824;8152;32259;8757;8276;6479;43414;44260;43170;71704;44237;9987;43412;8213;6464;36211;19538;44238;44267;18022;18205;18193;42054;16571;16570;16569;16568;6325;43933;16043;71840;51276;6996;1902589;44763;44699;44710;34968;5694;43232;43228	7608	5372	8381.5	9155	2982.5	7694	4856.5	8656	8577	6327	8675.5	7509	8817.5	5596	867	3976.5	7664	7181.5	8806.5	9073.5	8711.5	8827.5	8896.5	8763	139476	6973.8
ORTHO009877	ASH1-related protein 2	AT2G19640	5634;43231;43227;43226;5575;43229;44424;44464;5623;5622;18024;16279;16278;8170;8168;16741;16740;3824;3674;8152;8150;32259;8757;8276;6479;43414;44260;43170;71704;44237;9987;43412;8213;6464;36211;19538;44238;44267;18022;18205;18193;42054;16571;16570;16569;16568;6325;43933;16043;71840;51276;6996;1902589;44763;44699;44710;34968;5694;43232;43228	7609	8430	5873.5	4138	8471	3015.5	6497.5	8880.5	5355.5	8063.5	744	6929	4380.5	1254	1549	8358	4761	1494	7792.5	1160.5	4833.5	940	2890	6669	85567.5	4.278.375
ORTHO003938	ILITYHIA	AT1G64790	5829;44444;44424;44464;5575;5623;5622;5737;9627;9814;98542;6952;6950;50896;8150;51707;43207;9605;9607;51704;45087;6955;2376;42742;9617;9507;9536;43231;43227;43226;43229;5634;16020	7610	6235	5041	2472	5346	7749.5	7790.5	5957	4526.5	8231.5	5873	7223	4271.5	4179	3265	3023.5	1526.5	867.5	231	4012.5	3354	889.5	2311	586.5	75868.5	3.793.425
ORTHO009147	CONTAINS InterPro DOMAIN/s: Proteasome assembly chaperone 3 (InterPro:IPR018788)	AT5G14710	8150;5634;43231;43227;43226;5575;43229;44424;44464;5623;5622;3674;502;43234;32991	7611	7699	5578	3545	8328	5319	8571.5	8256	5619	4737	6912.5	4566	4297.5	1321.5	1509	3976.5	5561	867.5	4548.5	5852	3417.5	1910	3832.5	1142.5	82217	4110.85
ORTHO003464	histone methyltransferases(H3-K4 specific)	AT1G77300	5634;43231;43227;43226;5575;43229;44424;44464;5623;5622;18024;16279;16278;8170;8168;16741;16740;3824;3674;8152;8150;32259;8757;8276;6479;43414;44260;43170;71704;44237;9987;43412;8213;6464;36211;19538;44238;44267;18022;18205;18193;42054;16571;16570;16569;16568;6325;43933;16043;71840;51276;6996;1902589;44763;44699;44710;34968;10452;48653;44767;32502;44702;22414;3006;48856;48443;48827;48367;48731;7275;44707;32501;48437;48569;48513;9908;90567;48608;61458;9791;48466;48438;43067;10941;50794;50789;65007;48481;35670;48440;48467;31062;31060;31056;1903308;1902275;33044;33043;51128;31399;32268;51246;80090;19222;60255;31323;31058;1903310;2001252;10638;51130;48522;48518;31401;32270;31325;9893;51247;10604;10223;10346;48646;9653;10016;1763;16116;16108;6721;6720;44255;6629;42800;51568;10363;80135;80134;48583;45088;31347;50776;2682;40029;10468;8270;46914;46872;43169;43167;5488;9553;48229;9555;9910;48581;48580;2000026;50793;51239;51241;48519;51093;2000242;2000241;9909;48831	7612	8496	6308	5004	8471	4913	5873	7461	5851.5	8319	7734.5	4162.5	2873	1184.5	1549	8358	5365	663.5	5589.5	1869	5265	1525	4345.5	7161.5	90063	4503.15
ORTHO010147	S-adenosyl-L-methionine-dependent methyltransferases superfamily protein	AT4G29590	32259;8152;8150;9507;9536;43231;43227;43226;5575;43229;44424;44464;5623;5622;44444;5737;8168;16741;16740;3824;3674	7613	5718.5	6708	5803	2982.5	2005.5	8889.5	5957	6823.5	1893	2402	3422.5	6071.5	1800.5	5034.5	3976.5	5864.5	3949	6700.5	5189.5	6180.5	5924	6040	6057.5	94181.5	4.709.075
ORTHO010919	Bifunctional inhibitor/lipid-transfer protein/seed storage 2S albumin superfamily protein	AT2G44290;AT2G44300	8289;5488;3674;6869;44765;6810;51234;51179;8150;1902578;44699;71702;10876;33036;31225;31224;44425;5575;16020;5886;44464;5623;71944	7614	8808	7878	8142	8820	6085.5	7141.5	7637	4865	4871.5	8095	3835.5	5066	590	5718	8925	6648.5	1210.5	8217.5	3013.5	8534	3026	8372.5	8631	110483.5	5.524.175
ORTHO008343	Carbohydrate-binding-like fold	AT3G62360	5774;44437;44444;44424;44464;5575;5623;5622;5737;44446;44422;43226;43229;5773;43231;43227;98588;31090;16020;98805;5783;12505;5794;9505;5618;30312;71944;5576	7615	6106	6871.75	6128.5	6857.5	5432.5	4341	5439.5	6225	7722.5	5788.5	4905	3374.5	2711.5	3521.5	3976.5	8587.5	2724.5	5128	6632	4321	4873	5021	5222.5	95947.5	4.797.375
ORTHO010404	BCL-2-associated athanogene 5	AT1G12060	5739;43231;43227;43226;5575;43229;44424;44464;5623;5622;44444;5737;51087;5515;5488;3674;5634;5516	7616	6390	8293.5	8971	7245.5	6810	4528.5	6741	7325.5	6498.5	7382.5	5543	8754.5	7213.5	8359	6712.5	7299	4887	7562	8590.5	7254	6182.5	2341	7591	127575.5	6.378.775
ORTHO006350	nuclear RNA polymerase A1	AT3G57660	5736;55029;44428;44446;44422;5575;43226;44424;44464;5623;5622;43229;5634;43231;43227;428;30880;61695;1990234;1902494;43234;32991;44452;5730;43232;43228;31981;70013;43233;31974;9506;5911;30054;55044;3677;3676;1901363;5488;3674;97159;6351;34645;44260;43170;71704;8152;8150;44237;9987;9059;1901576;9058;44249;97659;32774;16070;90304;6139;46483;6725;1901360;34641;6807;44238;34654;19438;44271;18130;1901362;10467;1054;3899;34062;16779;16772;16740;3824;6360	7617	7757	6730.5	5844	8139.5	2358	4457	4734	5754	5471	7040	8284.5	5338.5	906.5	2396.5	5325.5	4464.5	1780	5128	7498.5	5422.5	3609.5	6538.5	7952.5	94459.5	4.722.975
ORTHO009194	isopentenyltransferase 9	AT5G20040	6400;9451;16070;44260;43170;71704;8152;8150;44237;9987;90304;6139;46483;6725;1901360;34641;6807;44238;43412;8033;34470;34660;6396;10467;6399;5634;43231;43227;43226;5575;43229;44424;44464;5623;5622;5524;35639;1901265;1901363;5488;3674;97159;43168;43167;32559;30554;17076;166;36094;32555;32553;97367;32550;32549;1882;1883;52381;16765;16740;3824;5737;9691;42446;9058;42445;10817;65008;65007;9690;9308;1901564;34754;44249	7618	6246	8067	8516	5651.5	4903	8843	6142.5	6823.5	4738.5	7734.5	5960	8410.5	7101	7917.5	5325.5	1266	4253	6785	5189.5	5265	6576.5	6365	6456	116055.5	5.802.775
ORTHO009511	Pentatricopeptide repeat (PPR) superfamily protein	AT5G18390	5739;43231;43227;43226;5575;43229;44424;44464;5623;5622;44444;5737;3674;8150	7619	6170	5491	3363	7245.5	1594	1322	5439.5	7632	8168.5	6543	4949	3374.5	1800.5	3521.5	3976.5	4548.5	2724.5	5128	1208	4321	4780.5	4961.5	5222.5	81215.5	4.060.775
ORTHO008515	ThiF family protein	AT5G45900	45;70925;6996;16043;71840;8150;9987;22607;44085;7033;16236;44712;9056;8152;44710;44699;6914;44248;44237;9267;31669;31667;9991;9605;50896;31668;51716;71496;7154;44763;42594;6950;33554;6497;6464;36211;19538;43170;71704;44238;43412;44267;44260;42158;42157;34645;9059;1901576;9058;44249;50832;98542;6952;51707;43207;9607;51704;9620;7568;44767;32502;5829;44444;44424;44464;5575;5623;5622;5737;407;10150;10260;48513;48856;48731;7275;44707;32501;48366;48827;48367;19779;8641;16877;16874;3824;3674	7620	6699	7536	7452	7662	5580	8324.5	5957	6943.5	4233.5	2290	3422.5	8306	2711.5	4233.5	3976.5	6099.5	3580	6531	7871	6180.5	5924	6040	6379.5	104584	5229.2
ORTHO007709	Actin-like ATPase superfamily protein	AT4G22720	6508;19538;43170;71704;8152;8150;44238;5829;44444;44424;44464;5575;5623;5622;5737	7621	8217	5792.5	3964	7245.5	3808	6220	3095.5	4645.5	8934.5	6343	4779	2935.5	906.5	1910.5	8358	5561	523.5	1451.5	1486	6431	2923.5	6624.5	7656.5	84593.5	4.229.675
ORTHO004869	Plastid-lipid associated protein PAP / fibrillin family protein	AT3G26070	9507;9536;43231;43227;43226;5575;43229;44424;44464;5623;5622;44444;5737;9535;55035;42651;34357;16020;44436;9579;44435;44446;44422;31976;31984;44434;9534;10287;9570;9532;5198;3674;8150	7622	5882	5163	2704	6664	8853	1500	2962.5	4586.5	8934.5	5618	6961.5	1352	4360.5	3936.5	3976.5	3448	1780	4388	2230.5	765	3754	4199	3771.5	77377.5	3.868.875
ORTHO000750	Peroxidase superfamily protein	AT5G05340;AT5G58390;AT5G58400	5515;5488;3674;46872;43169;43167;20037;46906;1901363;97159;5576;5575;5794;43231;43227;43226;43229;44424;44464;5623;5622;44444;5737;12505;5618;30312;71944;4601;16684;16491;3824;8152;8150;55114;44710;44699;16209;1901430;1901428;1901141;31326;9889;19222;50789;65007;31323;50794;1900376;43455;2000762;31328;31325;9893;48518;48522;9891;1900378;9809;9808;9698;19748;6725;44237;9987;1901360;71704;44763;9699;19438;44249;9058;1901362;1901576;44550;44711;48046;5829;10089;10087;9888;48856;32502;42744;42743;72593;44712;9056;44248;6979;6950;50896	7623	8395	3943	263	8678	4141.5	7102	4329	3933.5	5340.5	5196	998	3642	138	136.5	1273	2626	122.5	1473.5	2033	2722.5	116.5	462.5	144	45930.5	2.296.525
ORTHO010396	Transducin/WD40 repeat-like superfamily protein	AT4G02730	5834;1902494;43234;32991;5575;98797;44459;44464;5623;44425;16020;5886;71944;98796;44424;5622;31234;19897;19898;9898;98562;98552;80008;31461;151;1990234;8150;5634;43231;43227;43226;43229;166;36094;5488;3674;1901265;1901363;97159	7624	7826	6840	6056	6857.5	6313	7978.5	4734	5144	5938	7040	4239	3033.5	906.5	2396.5	5325.5	4464.5	1780	5128	7498.5	5637	3609.5	6538.5	7860.5	95565	4778.25
ORTHO011127	Tetratricopeptide repeat (TPR)-like superfamily protein	AT3G22150	9507;9536;43231;43227;43226;5575;43229;44424;44464;5623;5622;44444;5737;1900865;9451;16070;44260;43170;71704;8152;8150;44237;9987;90304;6139;46483;6725;1901360;34641;6807;44238;43412;5739;80156;16556;16071;1900864;959	7625	7962	6651.5	5678	6857.5	5432.5	8251	4964	7748	5694	2539	2640.5	3199.5	906.5	3047.5	5325.5	6825	2724.5	5851	8214	1482	4169	6194.5	8258.5	93466.5	4.673.325
ORTHO003813	structural maintenance of chromosomes 6A	AT5G07660;AT5G61460	5634;43231;43227;43226;5575;43229;44424;44464;5623;5622;724;725;6281;6259;44260;43170;71704;8152;8150;44237;9987;90304;6139;46483;6725;1901360;34641;6807;44238;6974;33554;51716;50896;6950;44763;44699;44710;6310;6302;7062;51276;6996;16043;71840;22402;7049;1902589;819;98813;7059;5524;35639;1901265;1901363;5488;3674;97159;43168;43167;32559;30554;17076;166;36094;32555;32553;97367;32550;32549;1882;1883;5694;43232;43228;16020;155;38023;4871;60089;7165;50794;50789;65007;7154;44700;23052;4872;5057;35556;4673;4672;16301;16772;16740;3824;16310;6796;6793;16773;6468;6464;36211;19538;43412;44267;16775;18106;18202;18193;160;23014;30915;44427;44446;44422;43234;32991;793;10165;10212;9314;9628	7626	8801	7458	7290	8820	4270	8674.5	7935.5	5144	8231.5	6343	8724.5	2819.5	1184.5	3721.5	8925	7691	490	7509	1556.5	6810.5	810	4693	7768	103301.5	5.165.075
ORTHO010001	2-oxoglutarate (2OG) and Fe(II)-dependent oxygenase superfamily protein	AT1G68080	16706;16705;16491;3824;3674;8152;8150;55114;44710;44699;51213;5634;43231;43227;43226;5575;43229;44424;44464;5623;5622;5506;46914;46872;43169;43167;5488;31418;31406;43177;36094;43168;48029;30246;19842	7627	7071	8181.5	8736	7947.5	9108	6745.5	1389	2868	8647.5	4474.5	7526	8898	8638.5	5761.5	6075	7324	7335.5	2754	4664.5	3345.5	8425.5	8723	8111.5	120815	6040.75
ORTHO007533	DNA-binding bromodomain-containing protein	AT1G58025	5634;43231;43227;43226;5575;43229;44424;44464;5623;5622;3677;3676;1901363;5488;3674;97159;8150	7628	5303	7353.5	7079	2982.5	5904	3863.5	8850	6584	7298.5	2809.5	3686.5	5740	1800.5	4462	3976.5	8637.5	3121	5851	7299	5422.5	5603	5407	5601	101917	5095.85
ORTHO010078	unknown protein	AT5G18540	8150;5634;43231;43227;43226;5575;43229;44424;44464;5623;5622;3674	7629	5739	6719.5	5810	2982.5	6986.5	5705.5	2322	2804.5	930.5	7734.5	3422.5	6397.5	1800.5	5034.5	3976.5	6208.5	3949	6897.5	3621.5	7254	6182.5	6624.5	6379.5	94232	4711.6
ORTHO009580	unknown protein	AT1G16210	5737;44424;44464;5575;5623;5622;8150;3674	7630	7611	6310	4990	8259	1926	7963	4640	4253	8647.5	6763.5	8272.5	3077.5	2711.5	2702.5	5325.5	1221.5	1780	4914	5519.5	5265	3374.5	6413.5	5222.5	89993	4499.65
ORTHO010153	Putative thiol-disulphide oxidoreductase DCC	AT1G52590	5622;44464;5575;5623;3676;1901363;5488;3674;97159;8408;4527;4518;16788;16787;3824;8152;8150;90305;90304;6139;46483;44237;9987;6725;1901360;71704;34641;6807;44238;43170;5515;5634;43231;43227;43226;43229;44424;46872;43169;43167;3677	7631	5783	8065.5	8500	2982.5	4946.5	7282.5	3095.5	6823.5	7620	6763.5	5931	6456	7779.5	7518.5	5325.5	7482.5	4253	6785	3797	5422.5	6576.5	5762.5	6210	115831	5791.55
ORTHO007901	Ribosomal L18p/L5e family protein	AT1G08845	5576;5575;6412;43043;43604;43603;34641;6807;8152;8150;44237;9987;44271;44249;9058;6518;1901564;71704;1901566;1901576;44267;19538;43170;44238;44260;34645;9059;10467;8097;19843;3723;3676;1901363;5488;3674;97159;5840;30529;32991;44424;44464;5623;5622;43232;43228;43226;43229;44444;5737	7632	6786	7459.5	7287	5938.5	5580	4341	5568.5	6493	7485	5873	4386.5	7743	2711.5	3721.5	3976.5	5194	3121	5400	8397.5	7254	5434	5171.5	5433.5	103285	5164.25
ORTHO007164	peroxin 10	AT2G26350	6513;16567;32446;70647;6464;36211;19538;43170;71704;8152;8150;44238;43412;44267;44260;44237;9987;8270;46914;46872;43169;43167;5488;3674;5829;44444;44424;44464;5575;5623;5622;5737;6635;9062;44242;16042;44712;9056;44710;44699;6629;1901575;44255;44763;44248;72329;46395;16054;44282;44281;6082;19752;43436;32787;6631;19395;34440;30258;55114;9793;44702;22414;3006;32502;9790;44767;48856;7275;44707;32501;48316;48608;61458;48731;9791;10154;5777;42579;43231;43227;43226;43229;5634;5778;44439;44438;44446;44422;31903;98588;31090;16020;98805;10381;51640;51641;51179;16558;6625;6605;6886;15031;45184;51234;8104;33036;71702;6810;46907;51649;34613;70727;1902582;44765;1902578;72662;1902580;7031;6996;16043;71840;33365;1902589;16482;72663;72594;43574;44743;17038;65002;71806;55085;5515;9853;43094;44249;9058;4842;19787;16740;3824	7633	6190	7411	7189	5651.5	6529	8474	6142.5	5994	2170.5	1810	3218	6617.5	1800.5	4842.5	3976.5	6409	3949	7042	5929.5	7386	6266	6854	7266.5	102677	5133.85
ORTHO010656	Pentatricopeptide repeat (PPR) superfamily protein	AT1G16830	3674;8150;5739;43231;43227;43226;5575;43229;44424;44464;5623;5622;44444;5737	7634	8835	5742.5	3851	8835.5	8853	5614.5	8825	5851.5	8934.5	4312.5	6171.5	1352	3815.5	3521.5	8925	2152.5	663.5	732	920	6180.5	398.5	807.5	5913	83944	4197.2
ORTHO010023	Transducin/WD40 repeat-like superfamily protein	AT4G29860	6974;33554;51716;9987;8150;50896;6950;10497;10496;6810;51234;51179;9790;44767;32502;44699;48856;7275;44707;32501;48700;44702;22414;3006;97439;22611;10162;48609;32504;3;10431;21700;48316;48608;61458;48731;9791;10154;6282;51052;19219;80090;19222;50789;65007;51171;31323;50794;60255;2001020;80135;80134;48583;2000280;2000026;50793;51239;10044;10038;10035;42221;72718;1990267;31570;75;22402;44763;7049;80008;31461;151;1990234;1902494;43234;32991;5575;44424;44464;5623;5622;9793;9555;48229;5634;43231;43227;43226;43229;166;36094;5488;3674;1901265;1901363;97159;9663;45216;34330;16043;71840;5737;71158;90068;10564;51726;45787;48522;48518;71156;48481;35670;48440;48827;48367;48437;48569;48513;9908;90567;48467;48438	7635	5746	6690	5745	2982.5	5155.5	4118.5	5698.5	7978	3190.5	1483.5	3912.5	5740	1800.5	4462	3976.5	8637.5	3121	5851	7194	5637	5603	4632	5601	93792.5	4.689.625
ORTHO006200	unknown protein	AT2G04235	5634;43231;43227;43226;5575;43229;44424;44464;5623;5622;3674;8150	7636	6567	7025.5	6415	7245.5	5351.5	3327	5813.5	2202	3448	2539	6797	8205.5	2711.5	4233.5	5325.5	6027	3580	6389	7871	5988	5789.5	5826.5	6210	97635	4881.75
ORTHO004760	SEC6	AT1G71820	5856;43232;43228;43226;5575;43229;44424;44464;5623;5622;5576;9524;44444;5737;145;44448;5938;71944;43234;32991;9506;5911;30054;55044;149;5515;5488;3674;51601;34629;31503;8104;33036;51179;8150;34613;70727;51641;6887;16192;6810;51234;32940;46903;44765;1902578;44699;51649;44763;9987;9860;44702;22414;904;902;32989;16043;71840;9653;32502;48856;48869;44767;48468;30154;3006;48588;48589;40007;16049;9932;9826;60560;48868;9856;44703;51704;44706;32501;5886;16020;5618;30312;5829;9846;44707	7637	8192	7579	7521	7245.5	8775	6145.5	1709	7455	6345	8314	7509	6513.5	6369.5	7487.5	8660.5	5108	1114.5	505.5	2570	1710	6813.5	3259.5	8639.5	105004	5250.2
ORTHO004228	Serine/threonine-protein kinase Rio1	AT2G24990;AT5G37350	4674;4672;16301;16772;16740;3824;3674;8152;8150;16310;6796;6793;44237;9987;16773;6468;6464;36211;19538;43170;71704;44238;43412;44267;44260;5737;44424;44464;5575;5623;5622;5524;35639;1901265;1901363;5488;97159;43168;43167;32559;30554;17076;166;36094;32555;32553;97367;32550;32549;1882;1883	7638	7787	5871.5	4105	6664	4177.5	7166.5	4373.5	5619	8535.5	5836	6590	4355	1254	1616	8358	3235	4154.5	5400	1919	197.5	1407.5	4521	6669	85384.5	4.269.225
ORTHO009829	Encodes a close homolog of the Cauliflower OR (Orange) protein.  The function of OR is to induce the differentiation of proplastids or other noncolored plastids into chromoplasts for carotenoid accumulation.  Both proteins contain a Cysteine-rich zinc finger domain that is highly specific to DnaJ-like molecular chaperons.	AT5G61670	50821;31647;65008;65007;8150;9661;9657;6996;16043;71840;9987;1904143;31328;31326;9889;19222;50789;31323;50794;31325;9893;48518;48522;9891;45828;45834;19216;80090;19747;46889;46890;9536;43231;43227;43226;5575;43229;44424;44464;5623;5622;44444;5737;16120;16119;42214;6720;44255;6629;71704;8152;44710;44699;44238;44763;44237;46246;8299;8610;1901576;9058;44711;44249	7639	7003	5828.5	4018	7947.5	7071.5	3960	4964	5355.5	5411.5	5836	2597	1352	2711.5	3721.5	3976.5	80.5	2724.5	5347.5	6860	6431	4308.5	6989	5222.5	84920.5	4.246.025
ORTHO002511	Threonyl-tRNA synthetase	AT1G17960;AT5G26830	4829;4812;16876;16875;16874;3824;3674;8152;8150;5737;44424;44464;5575;5623;5622;5524;35639;1901265;1901363;5488;97159;43168;43167;32559;30554;17076;166;36094;32555;32553;97367;32550;32549;1882;1883;6435;6418;43039;6399;34660;16070;44260;43170;71704;44237;9987;90304;6139;46483;6725;1901360;34641;6807;44238;43038;6520;1901564;19752;43436;6082;44281;44710;44699;44763;6412;43043;43604;43603;44271;44249;9058;6518;1901566;1901576;44267;19538;34645;9059;10467;5886;16020;71944;5829;44444;46872;43169;5739;43231;43227;43226;43229;5618;30312;9507;9536	7640	7855	7318.5	6997	8202.5	6898	8162.5	2711	4323	7666.5	8487.5	8397	1352	906.5	2910	5325.5	6982.5	867.5	5851	6197.5	7925	3453.5	4748	8159	101323.5	5.066.175
ORTHO002144	ATP-binding cassette A2	AT3G47730;AT5G61690;AT5G61730	5215;3674;6810;51234;51179;8150;5576;5575;42626;43492;42623;16887;17111;16462;16818;16817;16787;3824;8152;15405;15399;22804;22857;55085;44763;9987;44699;44765;1902578;16820;43231;43227;43226;43229;44424;44464;5623;5622;6869;71702;10876;33036;5783;44444;5737;12505;34197;34196;10867;31328;31326;9889;19222;50789;65007;31323;50794;31325;9893;48518;48522;9891;10866;46890;19216;80090;90207;46889;45834;90208;5886;16020;71944;48317;3006;32502;22414;9886;9653;48856;9791;44767;44707;32501;7275;48316;48608;61458;48731;44702;10154;6641;6639;6638;44255;6629;71704;44710;44238;44237;46486	7641	5846	7446.5	7252	2982.5	6529	8324.5	5957	4953	6112	2290	3422.5	6071.5	1800.5	4705.5	3976.5	5864.5	3580	6531	8721.5	6180.5	5924	6040	6057.5	103041	5152.05
ORTHO010092	DnaJ/Hsp40 cysteine-rich domain superfamily protein	AT1G75690	9570;9532;44435;44444;44424;44464;5575;5623;5622;5737;44446;44422;43226;43229;9536;43231;43227;44434;9507;51082;5515;5488;3674;10206;30091;44267;19538;43170;71704;8152;8150;44238;44260;44237;9987;9765;6091;19684;15979;9535;55035;42651;34357;16020;44436;9579;31976;31984;9534;46872;43169;43167;6457;31072;3756;16864;16860;16853;3824;16021;31224;44425	7642	7097	7344.5	7047	6194	3917	8602.5	8873.5	3019	7485	3831.5	7280	1352	8561.5	8512	6712.5	2268.5	4154.5	1567	8632.5	2686	5434	1263	7508	101660	5083
ORTHO000332	Plant stearoyl-acyl-carrier-protein desaturase family protein	AT1G43800;AT2G43710;AT3G02610;AT3G02620;AT3G02630;AT5G16230;AT5G16240	6633;72330;46394;16053;6082;71704;8152;8150;44281;44710;44699;44763;9987;44237;44283;44711;9058;1901576;44249;19752;43436;32787;6631;44255;6629;44238;8610;16020;5575;46872;43169;43167;5488;3674;9507;9536;43231;43227;43226;43229;44424;44464;5623;5622;44444;5737;55114;45300;16717;16705;16491;3824;9570;9532;44435;44446;44422;44434;2000022;9966;10646;50794;50789;65007;48583;23051;42742;9617;51707;43207;9605;50896;9607;51704;98542;6952;6950;9695;9694;9534;31976;9579;31984;51607;2252;2376;9615;2213;9625;2000031;4768;16215;6636;33559	7643	9014	4091	539	8745.5	3905	7088	4251.5	3366.5	7485	5243	7706	1352	138	136.5	3256.5	2759	21	1523.5	1919	3093.5	49	101.5	100.5	53495	2674.75
ORTHO009843	Haloacid dehalogenase-like hydrolase (HAD) superfamily protein	AT4G39970	9941;9526;31967;31975;44464;5575;5623;44446;44422;43226;44424;5622;43229;43227;44435;44444;5737;9536;43231;44434;9507;16787;3824;3674;8152;8150;9570;9532;46872;43169;43167;5488	7644	7009	5797.5	3951	7947.5	4297	7802.5	4396	3215.5	8934.5	5873	7917	6227	3374	1549	5325.5	3299	1538.5	3944	5337	3719.5	1310	3141.5	3289.5	84490	4224.5
ORTHO010369	Pentatricopeptide repeat (PPR) superfamily protein	AT1G26900	5739;43231;43227;43226;5575;43229;44424;44464;5623;5622;44444;5737	7645	8743	5925	4205	8678	2938	8793	7244.5	5355.5	8647.5	4272.5	2937.5	1352	5663.5	5413.5	9043.5	7922.5	1051.5	5851	1556.5	2143.5	227	289	5222.5	85924.5	4.296.225
ORTHO003929	Tetratricopeptide repeat (TPR)-like superfamily protein	AT2G20710	5739;43231;43227;43226;5575;43229;44424;44464;5623;5622;44444;5737;8150	7646	9016	8285.5	8925	9020.5	7363.5	8945.5	8102.5	3735.5	8319	9062.5	9026	6895.5	1184.5	5523	7360.5	7411.5	340.5	8907	7138.5	8153	1179	8470.5	9059.5	126177.5	6.308.875
ORTHO005348	NAD(P)-binding Rossmann-fold superfamily protein	AT5G37530	5739;43231;43227;43226;5575;43229;44424;44464;5623;5622;44444;5737;3824;3674;8152;8150;61504;6400;9451;16070;44260;43170;71704;44237;9987;90304;6139;46483;6725;1901360;34641;6807;44238;43412;8033;34470;34660;6396;10467;6399;61503;16836;16835;16829;9536	7647	8302	3984	321	8471	3929	6938	3903.5	3826	5015.5	4982	2467.5	3674.5	138	136.5	3273.5	2687.5	70	1407	1919	2908	91	320	476	48162.5	2.408.125
ORTHO009745	transferases; transferring hexosyl groups	AT1G11880	16758;16757;16740;3824;3674;8152;8150;6506;6505;46488;6650;6644;19637;71704;6793;44237;9987;44255;6629;44710;44699;44238;44763;6796;46486;6664;1903509;1901135;6643;6661;46474;45017;8610;1901576;9058;44711;44249;8654;90407;6497;6464;36211;19538;43170;43412;44267;44260;42158;42157;34645;9059;9247;46467;1901137;4584;30;97502;70085;44723;5975	7648	7103	5911	4174	6194	8716.5	9065.5	8816.5	1133	8934.5	4441	6895.5	1352	3374	1725.5	8358	3471	5518	1501	2455	934.5	1613	3832.5	3635.5	85772.5	4.288.625
ORTHO008196	unknown protein	AT1G12650	5634;43231;43227;43226;5575;43229;44424;44464;5623;5622;6364;34470;34660;16070;44260;43170;71704;8152;8150;44237;9987;90304;6139;46483;6725;1901360;34641;6807;44238;6396;10467;16072;42254;22613;44085;71840;3674	7649	8161	8181.5	8714	7245.5	7169.5	6220	5698.5	1430.5	3099	8364	8970	6513.5	6292	7432.5	8660.5	7194	1780	8406.5	2289	8771.5	7202	6194.5	8615.5	120303	6015.15
ORTHO008606	S-adenosyl-L-methionine-dependent methyltransferases superfamily protein	AT5G01470	8168;16741;16740;3824;3674;8152;8150;32259;5737;44424;44464;5575;5623;5622	7650	5730	8189.5	8729	2982.5	1227	8876	7331	7899.5	7967.5	8798.5	5960	1352	7213.5	5254.5	3976.5	7378	6085	967.5	8987	8534	9107.5	8840	4898	120653	6032.65
ORTHO000318_5	non-specific phospholipase C2	AT2G26870	5576;5575;8152;8150;16788;16787;3824;3674;5886;16020;44464;5623;71944	7651	5462	4876.25	2101.5	2982.5	1885	7819	2545	5144	8231.5	4137	7730.5	2821	3408	1725.5	3976.5	3086.5	2558	3553	4060.5	1227	2677	3376.5	3289.5	73251	3662.55
ORTHO008865	cyclin-related	AT3G19650	5634;43231;43227;43226;5575;43229;44424;44464;5623;5622;3674;8150	7652	7530	7086	6520	8259	4358	6716.5	3534.5	8423.5	7274.5	354.5	8236	1352	7213.5	7518.5	6712.5	8974	6683.5	5648	3546.5	6696	596	479	3984	98301	4915.05
ORTHO010156	alpha/beta-Hydrolases superfamily protein	AT1G35420	5739;43231;43227;43226;5575;43229;44424;44464;5623;5622;44444;5737;16787;3824;3674;8152;8150;9570;9532;44435;44446;44422;9536;44434;9507	7653	5508	4947	2241	2982.5	176	5653	3367	3471	8934.5	4526	4018.5	1352	3431.5	1910.5	3976.5	8473.5	6505.5	2893	3797	4668.5	1910	1705	3447.5	74216.5	3.710.825
ORTHO007113	Sec1/munc18-like (SM) proteins superfamily	AT3G54860	5829;44444;44424;44464;5575;5623;5622;5737;5774;44437;44446;44422;43226;43229;5773;43231;43227;98588;31090;16020;98805;6904;48278;22406;44763;9987;8150;44699;16192;6810;51234;51179;6887;32940;46903;44765;1902578;51649;51641;9306;15031;45184;8104;33036;71702;9705;325;8565;22892;5215;3674;43234;32991;31902;10008;44440;5768;12505;5770;7033;6996;16043;71840	7654	6051	7901.5	8149	6857.5	8985	8450	2322	7183.5	3293	1483.5	8224	6617.5	1800.5	5413.5	3976.5	6409	3949	7042	8320	7386	6266	6854	6553	110528	5526.4
ORTHO010465	N-terminal nucleophile aminohydrolases (Ntn hydrolases) superfamily protein	AT4G00590	51604;19538;43170;71704;8152;8150;44238;10467;6508;33345;6530;6528;43603;34641;6807;44237;9987;9066;1901605;6520;1901564;19752;43436;6082;44281;44710;44699;44763;9065;1901606;9063;46395;16054;44282;44712;9056;1901575;44248;1901565;9064;9068;4298;4175;70011;8233;16787;3824;3674;70003	7655	6513.5	6997	6339	7245.5	5155.5	4118.5	5568.5	5619	3303	7199	3686.5	8094	2711.5	3936.5	3976.5	5561	3121	5851	7012	5422.5	5603	5407	5806	97152	4857.6
ORTHO004202	poly(ADP-ribose) glycohydrolase 2	AT2G31865;AT2G31870	4649;4553;16798;16787;3824;3674;8152;8150;5634;43231;43227;43226;5575;43229;44424;44464;5623;5622;50832;98542;6952;6950;50896;51707;43207;9605;9607;51704;9620;5975;71704;44238;90332;10118;44763;9987;44699;6970;9628;9414;9415;1101;42221;10035;1901700;48511;6979	7656	7254	5973	4290	6194	4675.5	7947.5	4571	2666	4372	6343	5631.5	7031	2711.5	2702.5	5325.5	3891.5	1780	4663	4586	4946	2677	4927.5	4898	86346	4317.3
ORTHO005596	Calcium-dependent lipid-binding (CaLB domain) family protein	AT5G23950	5575;8150;3674	7657	7708	4260	863	5476.5	3073.5	4587.5	3354	8331	8647.5	3596.5	6895.5	2756	3497	1254.5	3976.5	3215	1017	2796	1356.5	648	530	257.5	476	60265.5	3.013.275
ORTHO010350	Protein of unknown function; DUF647	AT1G13770	9507;9536;43231;43227;43226;5575;43229;44424;44464;5623;5622;44444;5737;8150;3674	7658	6384.5	6265.5	4873	7245.5	8152	3863.5	5698.5	2202	2101.5	7382.5	3686.5	8094	2711.5	3936.5	3976.5	901	3121	4059	7080	5637	5603	5407	5806	89419	4470.95
ORTHO009573	peptide deformylase 1B	AT5G14660	9507;9536;43231;43227;43226;5575;43229;44424;44464;5623;5622;44444;5737;5506;46914;46872;43169;43167;5488;3674;6412;43043;43604;43603;34641;6807;8152;8150;44237;9987;44271;44249;9058;6518;1901564;71704;1901566;1901576;44267;19538;43170;44238;44260;34645;9059;10467;42586;16811;16810;16787;3824	7659	6311	3940	221	7245.5	3726.5	1765.5	3884	3957.5	3581	5215	1471	3952.5	138	136.5	3232.5	2750	398	2052.5	3208	2945.5	281.5	969	438.5	44103	2205.15
ORTHO010341	Histone superfamily protein	AT5G50930	36297;6281;6259;44260;43170;71704;8152;8150;44237;9987;90304;6139;46483;6725;1901360;34641;6807;44238;6974;33554;51716;50896;6950;44763;44699;44710;7131;35825;6310;1903046;22402;7049;51321;3;7127;7126;280;48285;6996;16043;71840;1902589;7129;70192;51276;45143;45132;98813;7059;6312;5634;43231;43227;43226;5575;43229;44424;44464;5623;5622;46982;46983;5515;5488;3674	7660	6458	4622	1584	7245.5	3818.5	8738.5	2545	4687.5	7830	4086	3422.5	1352	6004.5	5817	3976.5	8985.5	2558	516	995	1039	461	224.5	1858	68915	3445.75
ORTHO005615	Ribosomal protein S18	AT1G07210	3735;5198;3674;5840;30529;32991;5575;44424;44464;5623;5622;43232;43228;43226;43229;44444;5737;6412;43043;43604;43603;34641;6807;8152;8150;44237;9987;44271;44249;9058;6518;1901564;71704;1901566;1901576;44267;19538;43170;44238;44260;34645;9059;10467	7661	6028	6913.5	6166	5552	8453	7830.5	3065	5355.5	8934.5	3749	7280	6731.5	8123.5	8093.5	5325.5	1973	4253	732	1268.5	1078.5	5308.5	1681.5	6949.5	96186	4809.3
ORTHO009061	Dihydrodipicolinate reductase; bacterial/plant	AT5G52100	70402;50661;50662;48037;5488;3674;166;36094;1901265;1901363;97159;43168;43167;19877;46451;43648;19752;43436;6082;71704;8152;8150;44281;44710;44699;44763;9987;44237;6520;1901564;6807;44238;8652;46394;16053;44283;44711;9058;1901576;44249;1901566;43650;9089;9085;9067;9066;1901605;1901607;6553;9570;9532;44435;44444;44424;44464;5575;5623;5622;5737;44446;44422;43226;43229;9536;43231;43227;44434;9507;19684;6091;15979;8839;16628;16627;16491;3824;55114	7662	7039	7910.5	8159	7947.5	6529	3513	5698.5	6823.5	3190.5	7886	2343.5	8306	2711.5	4462	5325.5	6099.5	3580	7042	8721.5	7709	6129	8247	6379.5	110696.5	5.534.825
ORTHO009797	scramblase-related	AT2G04940	5739;43231;43227;43226;5575;43229;44424;44464;5623;5622;44444;5737;9536	7663	7130	7814.5	7966	7947.5	5744.5	8282	5121.5	5619	5219.5	7734.5	7017.5	7963	2711.5	3721.5	5325.5	5404	3121	6389	8478	2485.5	5059	7868.5	5433.5	108698.5	5.434.925
ORTHO006419	3'-5'-exoribonuclease family protein	AT3G61620	90503;90501;16070;44260;43170;71704;8152;8150;44237;9987;90304;6139;46483;6725;1901360;34641;6807;44238;90305;5737;44424;44464;5575;5623;5622;3723;3676;1901363;5488;3674;97159;5829;44444;6396;10467;175;8408;4527;4518;16788;16787;3824;16896;4532;4540;16796	7664	7722	6323	4982	8139.5	5432.5	5146.5	4964	3875	2702	7382.5	2729	5467.5	906.5	3047.5	5325.5	4761	2199.5	5851	4060.5	6180.5	4308.5	7335	8258.5	89933	4496.65
ORTHO003478	cytochrome P450; family 710; subfamily A; polypeptide 3	AT2G28850;AT2G28860;AT2G34490;AT2G34500	16705;16491;3824;3674;8152;8150;55114;44710;44699;20037;46906;1901363;5488;97159;5576;5575;4497;5506;46914;46872;43169;43167;19825;16021;31224;44425;16020;16126;16125;6066;1901615;71704;44281;8202;1901360;6629;44238;46165;1901617;1901576;9058;44283;44711;6694;1901362;8610;249;70704;16717	7665	8577	8269.5	8874	8471	7051	6182	8279.5	5355.5	7722.5	128.5	7129.5	6456	6088.5	7448.5	8660.5	7240	3949	8266	2794.5	8153	6831.5	8405	8403	124544	6227.2
ORTHO010393	3'-5' exonuclease domain-containing protein	AT5G24340	3676;1901363;5488;3674;97159;8408;4527;4518;16788;16787;3824;8152;8150;90305;90304;6139;46483;44237;9987;6725;1901360;71704;34641;6807;44238;43170;5622;44464;5575;5623;5634;43231;43227;43226;43229;44424	7666	6469	7050	6434	7245.5	8909.5	5466	5698.5	5619	5201.5	2992.5	3686.5	8094	2711.5	3936.5	3976.5	5685	3121	5851	4211	5637	5603	5541.5	5806	97747.5	4.887.375
ORTHO009423	Pentatricopeptide repeat (PPR) superfamily protein	AT1G09680	5739;43231;43227;43226;5575;43229;44424;44464;5623;5622;44444;5737;8150;3674	7667	6326	7597	7527	7245.5	7071.5	3025	6142.5	5994	2353	6763.5	6741.5	1352	2711.5	4842.5	5325.5	6298	3949	7042	8125.5	7254	6182.5	6709	7161.5	105044	5252.2
ORTHO001057_1	Glycosyl hydrolase superfamily protein	AT1G33220;AT1G77780;AT1G77790;AT5G20330;AT5G20340;AT5G20390	5576;5575;5975;71704;8152;8150;44238;4553;16798;16787;3824;3674;31225;31224;44425;16020;9507;9536;43231;43227;43226;43229;44424;44464;5623;5622;44444;5737;4338;8422;15926	7668	9109	8176.5	8685	9080	8484	7863	8694	3735.5	4491	8842.5	9138	5066	291	5523	9111	8875.5	39	8930	7299	8888	1010.5	4284.5	9033	119598.5	5.979.925
ORTHO009437	Peptide-N4-(N-acetyl-beta-glucosaminyl)asparagine amidase A protein	AT5G05480	3674;8150;5634;43231;43227;43226;5575;43229;44424;44464;5623;5622;5773;44444;5737	7669	6945	7105.5	6542	7947.5	7051	8957	4964	6493	4023	6543	2640.5	7743	2711.5	3721.5	3976.5	4942.5	3121	5347.5	4169.5	6431	5308.5	5081	5222.5	98447.5	4.922.375
ORTHO007973	Isoprenylcysteine carboxyl methyltransferase (ICMT) family	AT5G08335	6481;6479;43414;44260;43170;71704;8152;8150;44237;9987;32259;43412;8213;6464;36211;19538;44238;44267;18410;43687;9788;9968;9966;10646;50794;50789;65007;48583;23051;48585;48519;10648;48523;23057;1901420;1901419;9787;5789;98588;31090;16020;5575;44422;43226;43227;44432;44444;44424;44464;5623;5622;5737;44446;43229;5783;43231;12505;44425;42175;16021;31224;48367;44767;32502;44699;48731;48856;7275;44707;32501;4671;8757;8168;16741;16740;3824;3674;3880;51998;8276;10340;8171;9908;90567;48608;3006;22414;61458;44702;9791	7670	8096	7177.5	6685	7245.5	5432.5	5261.5	2903.5	5355.5	7862.5	7382.5	4162.5	5740	906.5	3047.5	5325.5	6925.5	867.5	6109.5	4331	8019	4709	6709	8258.5	99309	4965.45
ORTHO008346	unknown protein	AT4G22830	3674;9507;9536;43231;43227;43226;5575;43229;44424;44464;5623;5622;44444;5737;5886;16020;71944;8150	7671	8199	8181.5	8692	7245.5	8930	7766	8212.5	6660.5	4709.5	3639.5	6080.5	6316	6292	7323.5	8660.5	7029	1114.5	5220.5	5303	2800	7147.5	8202.5	8367.5	119775	5988.75
ORTHO009527	Pentapeptide repeat-containing protein	AT1G12250	9534;31976;9579;44424;44464;5575;5623;5622;31984;44446;44422;43226;43229;43227;44435;44444;5737;9536;43231;44434;9507;9535;55035;42651;34357;16020;44436;3674;8150;9543;31978;31977;5576	7672	6330	6642	5612	7245.5	5833.5	3224.5	2460.5	5994	6440	7734.5	3422.5	8306	2711.5	4462	3976.5	6027	3949	6700.5	7986	753.5	4525.5	2239	6379.5	93125.5	4.656.275
ORTHO005675	RNA polymerase II; Rpb4; core protein	AT5G09920	5634;43231;43227;43226;5575;43229;44424;44464;5623;5622;3899;34062;16779;16772;16740;3824;3674;8152;8150;32774;9059;43170;71704;1901576;9058;16070;44260;44237;9987;90304;6139;46483;6725;1901360;34641;6807;44238;34654;19438;44249;44271;18130;1901362;5665;55029;44428;44446;44422;428;30880;61695;1990234;1902494;43234;32991;44451;5654;31981;70013;43233;31974;16591;6366;6351;34645;97659;10467	7673	7629	7691.5	7710	7947.5	7241	2328.5	5213.5	7978	4682	7040	2553.5	7963	2711.5	3936.5	5325.5	5561	3121	6531	8478	7052	5213.5	7946.5	5601	106477	5323.85
ORTHO010495	prenylated RAB acceptor 1.H	AT4G27540	5789;98588;31090;16020;5575;44422;43226;43227;44432;44444;44424;44464;5623;5622;5737;44446;43229;5783;43231;12505;44425;42175;16021;31224;16192;6810;51234;51179;8150;3674	7674	7910	6521.5	5369	6857.5	3316.5	2032.5	8935.5	4602.5	8934.5	241.5	7408	5740	5795.5	1389	5325.5	8801.5	5626	2078.5	2008	445	6714	4748	7768	91910	4595.5
ORTHO005751	BEST Arabidopsis thaliana protein match is: SMAD/FHA domain-containing protein  (TAIR:AT3G20550.1)	AT2G24410;AT3G20550	3674;5634;43231;43227;43226;5575;43229;44424;44464;5623;5622;8150;35196;70918;31050;6396;16070;44260;43170;71704;8152;44237;9987;90304;6139;46483;6725;1901360;34641;6807;44238;10467;44763;44699;44710;71359;71407;14070;10033;42221;50896;71310;70887;51716;43331;1901698;1901699;31047;16458;10629;10605;9892;48519;50789;65007;19222;60255;10468;35195;35194;16441;10608;40029;48638;50793;40008;3723;3676;1901363;5488;97159;9507;9536;44444;5737;5515;5829;8283	7675	7738	6386	5097	6664	6023.5	6866	4571	4645.5	8168.5	6343	5489.5	7031	906.5	1910.5	5325.5	3891.5	1617	4663	4727.5	4946	2923.5	6194.5	4291.5	90535	4526.75
ORTHO004261	Ribosomal protein L14p/L23e family protein	AT5G46160	9507;9536;43231;43227;43226;5575;43229;44424;44464;5623;5622;44444;5737;6412;43043;43604;43603;34641;6807;8152;8150;44237;9987;44271;44249;9058;6518;1901564;71704;1901566;1901576;44267;19538;43170;44238;44260;34645;9059;10467;5762;44429;44446;44422;5739;315;15934;44391;30529;32991;5840;43232;43228;313;5761;5759;70013;43233;31974;44822;3723;3676;1901363;5488;3674;97159;3735;5198;70180;19843	7676	7288	7555.5	7435	6194	5432.5	4118.5	4964	6225	2832.5	7382.5	8397	7743	2711.5	3521.5	5325.5	4761	2199.5	7562	8214	6180.5	4308.5	7335	5222.5	104436.5	5.221.825
ORTHO005933	Polyketide synthase; enoylreductase family protein	AT3G45770	8270;46914;46872;43169;43167;5488;3674;5739;43231;43227;43226;5575;43229;44424;44464;5623;5622;44444;5737;9507;9536;16491;3824;8152;8150;55114;44710;44699;5507;5524;35639;1901265;1901363;97159;43168;32559;30554;17076;166;36094;32555;32553;97367;32550;32549;1882;1883;19166;16628;16627;6633;72330;46394;16053;6082;71704;44281;44763;9987;44237;44283;44711;9058;1901576;44249;19752;43436;32787;6631;44255;6629;44238;8610;5634	7677	7270	5794	3911	5386.5	5319	8571.5	8256	5619	4533.5	6912.5	4566	4297.5	1321.5	4462	3023.5	5685	867.5	4607.5	5887	3417.5	1910	3849	1167	84272.5	4.213.625
ORTHO010589	Pseudouridine synthase family protein	AT1G56345	5739;43231;43227;43226;5575;43229;44424;44464;5623;5622;44444;5737;9982;16866;16853;3824;3674;8152;8150;19239;31119;1522;9451;16070;44260;43170;71704;44237;9987;90304;6139;46483;6725;1901360;34641;6807;44238;43412;6400;8033;34470;34660;6396;10467;6399	7678	6486	6451.5	5225	7245.5	4946.5	8162.5	5568.5	8101	4923.5	3136.5	4421	3317.5	3374	3936.5	3976.5	8351	3121	5347.5	6960	7254	703.5	470	5041.5	91112.5	4.555.625
ORTHO010516	Pentatricopeptide repeat (PPR) superfamily protein	AT5G06400	8150;5739;43231;43227;43226;5575;43229;44424;44464;5623;5622;44444;5737;3674	7679	6487	8299.5	8920	7245.5	5799	8499.5	6573	8484.5	6381.5	3366.5	5600.5	8605	7213.5	8359	5325.5	8944	4887	7509	8551.5	7254	5603	1555.5	7453	125964.5	6.298.225
ORTHO002635	zinc ion binding	AT5G63700	16570;16569;16568;6325;43933;16043;71840;8150;9987;51276;6996;6464;36211;19538;43170;71704;8152;44238;43412;44267;44260;44237;1902589;44763;44699;44710;6352;32774;9059;1901576;9058;16070;90304;6139;46483;6725;1901360;34641;6807;34654;19438;44249;44271;18130;1901362;6351;34645;97659;10467;5634;43231;43227;43226;5575;43229;44424;44464;5623;5622;8270;46914;46872;43169;43167;5488;3674;3677;3676;1901363;97159	7680	9005	8283	8886	9010.5	7169.5	7262.5	8181.5	4573.5	8006.5	8404	8905	7258.5	504	5523	7360.5	7526.5	241.5	9031	8397.5	8228.5	2017.5	7435.5	8942.5	124969	6248.45
ORTHO006088	actin-related protein C3	AT1G60430	42995;44464;5575;5623;7015;71822;43933;16043;71840;8150;9987;30036;30029;44763;44699;7010;6996;1902589;5198;3674;5737;44424;5622;3779;8092;5515;5488;5885;44430;44446;44422;43226;43229;5856;43232;43228;43234;32991;15629;34314;45010;30838;51495;10638;33043;51128;50794;50789;65007;51130;48522;48518;51493;30833;8064;30832;32535;90066;65008;32956;32970;32271;43254;44087;32273;31334;44089	7681	7744	8011	8341	6664	7008.5	8251	8963.5	4953	3861.5	7382.5	8441	5740	906.5	3521.5	8925	4942.5	2558	5851	8214	6431	4308.5	7554.5	5222.5	113036	5651.8
ORTHO008294	Tetratricopeptide repeat (TPR)-like superfamily protein	AT5G14770	8150;5739;43231;43227;43226;5575;43229;44424;44464;5623;5622;44444;5737	7682	7806	5817.5	3953	6664	8334.5	7819	3803	5619	4385	5726.5	6327.5	4444	1184.5	1616	8358	3682	1450	875	5002	3870	1466	3519	7028	84509	4225.45
ORTHO006114	GPI transamidase component Gpi16 subunit family protein	AT3G07140	5783;43231;43227;43226;5575;43229;44424;44464;5623;5622;44444;5737;12505;16255;6464;36211;19538;43170;71704;8152;8150;44238;43412;44267;44260;44237;9987;6506;6505;46488;6650;6644;19637;6793;44255;6629;44710;44699;44763;6796;46486;6664;1903509;1901135;6643;6661;46474;45017;8610;1901576;9058;44711;44249;8654;90407;6497;42158;42157;34645;9059;9247;46467;1901137;3923;16787;3824;3674;42765;98796;43234;32991;44425;16020;1902494;44432;44446;44422;30176;31227;31300;31224;31090;5789;98588;42175;31301;16021;9507;9536	7683	8655	8076.5	8470	8471	7959	8843	7762	5144	5243.5	8487.5	3775.5	5195	590	2163.5	8925	6692.5	1260.5	8310	6001	8663	3111.5	8455.5	8697.5	115279.5	5.763.975
ORTHO009594	embryo defective 1381	AT2G31340	3674;9793;44702;22414;8150;44699;3006;32502;9790;44767;48856;7275;44707;32501;48316;48608;61458;48731;9791;10154;5739;43231;43227;43226;5575;43229;44424;44464;5623;5622;44444;5737	7684	6426	7106	6528	7245.5	5211.5	3863.5	5813.5	7978	3823.5	2653	8070	8094	1800.5	4124.5	3976.5	5404	4326.5	6327	7408.5	5637	4612.5	3349.5	5913	98386.5	4.919.325
ORTHO005219	Spc97 / Spc98 family of spindle pole body (SBP) component	AT1G20570;AT1G80260	923;5815;44430;44446;44422;5575;43226;44424;44464;5623;5622;43229;5856;43232;43228;15630;32155;32153;51415;51418;7020;226;7010;6996;16043;71840;8150;9987;1902589;44763;44699;7017;46785;31109;51258;43623;6461;65003;43933;22607;44085;71822;70271;34622;22402;7049;31122;7126;280;48285;1903046;51321;3;5816;922;5819;51298;51297;31023;7098;51011;8017;32403;44877;5488;3674;5515;15631;8092;8274;931;930;44450;44444;5737;43234;32991;5813;5200;5198;90307;7052;7051;1903047;278;1902850;7067;51225;70925;16757;16740;3824;8152;43015;9793;44702;22414;3006;32502;9790;44767;48856;7275;44707;32501;48316;48608;61458;48731;9791;10154	7685	6565	8028	8371	7245.5	6417	8162.5	3021	6225	6687	8167.5	7280	8519	7101	8138	5325.5	1221.5	4673.5	7281	2713.5	467.5	7301.5	7486	7315.5	113503.5	5.675.175
ORTHO009568	GTP-binding family protein	AT3G12080	5525;35639;1901265;1901363;5488;3674;97159;43168;43167;32550;32549;1882;36094;97367;1883;32561;19001;17076;166;32555;32553;9793;44702;22414;8150;44699;3006;32502;9790;44767;48856;7275;44707;32501;48316;48608;61458;48731;9791;10154;5739;43231;43227;43226;5575;43229;44424;44464;5623;5622;44444;5737;9507;9536	7686	7589	7281	6876	8259	5319	8109.5	4964	5355.5	4741	6543	7055.5	3235	2711.5	3521.5	5325.5	4761	2199.5	5851	7871	6180.5	4308.5	7244	5222.5	100519	5025.95
ORTHO009716	sirohydrochlorin ferrochelatase B	AT1G50170	9507;9536;43231;43227;43226;5575;43229;44424;44464;5623;5622;44444;5737;51266;4325;16829;3824;3674;8152;8150;16852;6979;6950;50896;9236;9235;6767;6766;44281;44710;44699;33013;46483;44237;9987;6725;1901360;71704;1901564;6807;44763;33014;19438;44249;9058;44271;34641;18130;1901362;1901576;1901566;42364;9110;44283;44711;19354;46156;42168;6778;51186;42440;6783;6779;51188;46148	7687	8424	7636.25	7585.5	7662	9022	3628.5	8694	5484	7967.5	7999	4752.5	4793	906.5	1910.5	8358	5561	663.5	6265.5	5726.5	6431	2923.5	6709	7656.5	105452	5272.6
ORTHO010547	tetratricopeptide repeat (TPR)-containing protein	AT3G17670	8150;5634;43231;43227;43226;5575;43229;44424;44464;5623;5622	7688	6501	8196	8704	7245.5	4827.5	4698	5957	5994	6825	6763.5	8132.5	8380	7779.5	7844	5325.5	5764.5	4253	6700.5	7747	5265	6377.5	5021	6379.5	120034.5	6.001.725
ORTHO009883	carboxypeptidase D; putative	AT1G71696	10082;10075;48509;2000026;50793;50789;65007;8150;51239;48638;40008;10073;44767;32502;44699;44707;32501;48507;9888;48856;48513;48731;7275;2000280;10015;9653;48364;22622;5576;5575;6508;19538;43170;71704;8152;44238;8270;46914;46872;43169;43167;5488;3674;4181;4180;8238;70011;8233;16787;3824;8235;8237	7689	7079	7338.5	6988	7947.5	8453	4118.5	8102.5	6225	5186	7040	3034.5	7498	2711.5	2702.5	5325.5	4610.5	2199.5	4113.5	7692.5	5839	3955.5	6989	5433.5	101230	5061.5
ORTHO008856	unknown protein	AT4G40045	3674;9507;9536;43231;43227;43226;5575;43229;44424;44464;5623;5622;44444;5737;8150	7690	7594	7797.5	7905	6358.5	7411.5	8400	5213.5	6823.5	5317.5	7734.5	8654.5	1352	2711.5	3721.5	5325.5	867	3121	6531	8551.5	7166	5376	8070	5806	108154	5407.7
ORTHO003192	unknown protein	AT3G48200	8150;9507;9536;43231;43227;43226;5575;43229;44424;44464;5623;5622;44444;5737;3674	7691	8767	7578	7465	8678	5319	8719.5	8348	2790.5	7407.5	8314	2255.5	2930.5	906.5	1725.5	8925	8801.5	963	7742	4012.5	7636	1466	7404.5	8998.5	104665.5	5.233.275
ORTHO009365	Calcineurin-like metallo-phosphoesterase superfamily protein	AT1G53710	5794;43231;43227;43226;5575;43229;44424;44464;5623;5622;44444;5737;12505;4722;4721;16791;42578;16788;16787;3824;3674;8152;8150;16311;6796;6793;44237;9987;6470;6464;36211;19538;43170;71704;44238;43412;44267;44260;5802;98791;44431;44446;44422;31984;5768	7692	5837	7415	7138	2982.5	6810	3224.5	5698.5	5028	789	7734.5	3422.5	6227	1800.5	5034.5	5325.5	6027	3949	6785	8077	7052	6129	6365	6850.5	102329	5116.45
ORTHO010550	unknown protein	AT4G24090	8150;9507;9536;43231;43227;43226;5575;43229;44424;44464;5623;5622;44444;5737;3674	7693	6505	6436.5	5180	7245.5	4758	4341	5439.5	5355.5	4881	5788.5	4905	7743	1800.5	3521.5	3976.5	4548.5	2724.5	5128	6555.5	4321	4873	5021	5222.5	90904	4545.2
ORTHO008021	Polynucleotidyl transferase; ribonuclease H-like superfamily protein	AT3G25430	46872;43169;43167;5488;3674;90501;16070;44260;43170;71704;8152;8150;44237;9987;90304;6139;46483;6725;1901360;34641;6807;44238;90305;3723;3676;1901363;97159;4535;175;8408;4527;4518;16788;16787;3824;16896;4532;4540;90503;16796;5634;43231;43227;43226;5575;43229;44424;44464;5623;5622;5737;6397;16071;6396;10467;9451;43412;9507;9536;44444	7694	6883	5915.5	4137	5362.5	4723.5	8645.5	8279.5	5994	5506.5	3426.5	7069.5	4380.5	1254	4462	3023.5	6099.5	1017	5589.5	4727.5	3491.5	2541	3930	1394.5	85555.5	4.277.775
ORTHO011093	bacterial transferase hexapeptide repeat-containing protein	AT4G29540	9245;1901271;9312;9311;44723;5975;71704;8152;8150;44238;44710;44699;16051;1901576;9058;44711;1901137;1901135;1901269;46493;6644;19637;6793;44237;9987;44255;6629;44763;6796;6664;1903509;6643;9247;46467;8610;44249;8654;90407;2001289;6040;5739;43231;43227;43226;5575;43229;44424;44464;5623;5622;44444;5737;8780;8374;16747;16746;16740;3824;3674	7695	8067	7595.5	7496	7245.5	6417	7707	7762	7561.5	7012	7040	3034.5	5338.5	460.5	2396.5	8358	6648.5	663.5	5502	4297.5	7568	3374.5	5710.5	8026	104878	5243.9
ORTHO003352	chromatin protein family	AT1G77180	5730;44428;44446;44422;5575;43226;44424;44464;5623;5622;43229;5634;43231;43227;43232;43228;31981;70013;43233;31974;398;6397;16071;16070;44260;43170;71704;8152;8150;44237;9987;90304;6139;46483;6725;1901360;34641;6807;44238;6396;10467;377;375;8380;42752;50789;65007;9651;6970;9628;50896;6950;45893;10628;10604;9893;48518;19222;60255;10468;1903508;1903506;2001141;31326;9889;31323;50794;51252;19219;80090;51171;10556;1902680;51254;45935;31325;48522;51173;31328;9891;10557;6355;2000112;5681;30529;32991;16607;16604;44451;5654;9737;9725;9719;10033;42221;33993;97305;1901700;1101;5515;5488;3674;10555;9743;6351;34645;9059;1901576;9058;44249;97659;32774;34654;19438;44271;18130;1901362;48511;10228;3006;32502;22414;48608;48856;61458;48731;7275;44767;44699;44707;32501;9791	7696	8507	6058.5	4421	8678	5047	7886	8583.5	4526.5	7012	7040	8547	3033.5	401	1432	3976.5	3200.5	1180.5	6897.5	5337	3942	1910	4500.5	2522	86975	4348.75
ORTHO010308	electron transfer flavoprotein alpha	AT1G50940	5739;43231;43227;43226;5575;43229;44424;44464;5623;5622;44444;5737;33539;6635;9062;44242;16042;44712;9056;8152;8150;44710;44699;6629;71704;44238;1901575;44255;44763;9987;44237;44248;72329;46395;16054;44282;44281;6082;19752;43436;32787;6631;19395;34440;30258;55114;50660;50662;48037;5488;3674;43168;43167;166;36094;1901265;1901363;97159;5759;44429;44446;44422;70013;43233;31974;55088;48878;42592;65008;65007;52890;16627;16491;3824;9055;3995;62;1901681;5507;46914;46872;43169	7697	6507.5	5357	3017	7245.5	7895	6798	3065	5355.5	1318	5669.5	5667	7031	2711.5	2702.5	3976.5	4135	2199.5	3504.5	2033	3978	3453.5	3284.5	4413.5	79191	3959.55
ORTHO008462	Oxidoreductase family protein	AT4G17370	55114;44710;8152;8150;44699;16491;3824;3674;5576;5575	7698	6286	6857.5	6017	7245.5	1500	8251	5813.5	6943.5	7916.5	7382.5	3578.5	8094	2711.5	4124.5	3976.5	1896	3580	6185.5	7408.5	5637	3311	1235	5806	95351	4767.55
ORTHO010469	FKBP-like peptidyl-prolyl cis-trans isomerase family protein	AT1G20810	9543;31978;31977;44436;44424;44464;5575;5623;5622;9579;44435;44444;5737;44446;44422;43226;43229;9536;43231;43227;31976;31984;44434;9507;9534;6457;9987;8150;413;18208;18193;6464;36211;19538;43170;71704;8152;44238;43412;44267;44260;44237;16020;5528;5527;1901363;5488;3674;97159;8144;3755;16859;16853;3824	7699	6511	7379	7059	7245.5	5155.5	4118.5	5568.5	7978	5331.5	7199	3686.5	8094	2711.5	3936.5	3976.5	5685	3121	5851	7080	5422.5	5603	5407	5806	101731.5	5.086.575
ORTHO006621	nucleotide binding	AT4G19610;AT5G08695	3676;1901363;5488;3674;97159;5634;43231;43227;43226;5575;43229;44424;44464;5623;5622;5730;44428;44446;44422;43232;43228;31981;70013;43233;31974;3723;166;36094;1901265;8150	7700	7367	6743	5786	6358.5	5432.5	8162.5	4964	4740.5	4799	7382.5	2729	1352	2711.5	2396.5	5325.5	4761	2199.5	5851	8214	6180.5	4308.5	7335	5222.5	94067.5	4.703.375
ORTHO009054	tRNAse Z1	AT1G74700	42781;16891;4521;4519;4518;16788;16787;3824;3674;8152;8150;90305;90304;6139;46483;44237;9987;6725;1901360;71704;34641;6807;44238;43170;4540;90501;16070;44260;90502;16893;34414;42779;42780;43628;34470;34660;6396;10467;31123;8033;6399;46872;43169;43167;5488;5634;43231;43227;43226;5575;43229;44424;44464;5623;5622	7701	7720	6747	5793	6664	5432.5	4118.5	4964	6379.5	2551	7382.5	7280	1352	906.5	3047.5	5325.5	4942.5	4400	6185.5	6322.5	6431	4308.5	7554.5	5222.5	94106.5	4.705.325
ORTHO001275	zinc finger (C3HC4-type RING finger) family protein	AT1G57800;AT1G57820;AT1G66040;AT1G66050;AT4G08590;AT5G39550	5720;790;785;44427;44446;44422;5575;43226;44424;44464;5623;5622;43229;5694;43232;43228;32991;44454;44428;5634;43231;43227;228;31981;70013;43233;31974;792;16567;32446;70647;6464;36211;19538;43170;71704;8152;8150;44238;43412;44267;44260;44237;9987;8270;46914;46872;43169;43167;5488;3674;10216;6259;90304;6139;46483;6725;1901360;34641;6807;61630;4842;19787;16740;3824;61659;90308;31935;1903308;1902275;33044;33043;51128;50794;50789;65007;60968;6355;1903506;2001141;31326;9889;19222;31323;51252;19219;80090;51171;60255;10556;10468;2000112;90309;31937;1903310;2001252;10638;51130;48522;48518;8327;43565;3677;3676;1901363;97159;166;36094;1901265;32776;6306;43414;32259;6305;6304;44728;40029;10424;10385;3690;43566;42393;5515;10428;10429;31508;31507;6338;16568;6325;43933;16043;71840;51276;6996;70828;31497;65003;22607;44085;6333;6323;71103;31055;34508;65004;71824;34622;3682;44877;10369;98687;51301;44763;44699;5737;10228;3006;32502;22414;48608;48856;61458;48731;7275;44767;44707;32501;9791	7702	8492	7000	6298	8471	5516	8661.5	7461	5484	6934	7734.5	4162.5	2873	1184.5	1616	8358	8528	985	5589.5	5303	5265	1179	2977	7120	96931.5	4.846.575
ORTHO009047	neurochondrin family protein	AT4G32050	80008;31461;151;1990234;1902494;43234;32991;5575;44424;44464;5623;5622;5737;166;36094;5488;3674;1901265;1901363;97159	7703	5775.5	8290	8877	2982.5	7749.5	4341	6831.5	7455	3293	8314	5409	7189	8210.5	7737.5	5325.5	7006	4595	2809	8632.5	7489.5	7332.5	7818	7120	124658	6232.9
ORTHO008789	CONTAINS InterPro DOMAIN/s: RuvA domain 2-like (InterPro:IPR010994)	AT1G12790	9507;9536;43231;43227;43226;5575;43229;44424;44464;5623;5622;44444;5737;8150	7704	5810.5	7534	7364	2982.5	6382	8282	5813.5	6943.5	2340	6173.5	3578.5	6071.5	1800.5	4462	3976.5	5404	3580	6185.5	7747	7786.5	5789.5	5649	5957	103922	5196.1
ORTHO010578	YebC-related	AT2G25830	9507;9536;43231;43227;43226;5575;43229;44424;44464;5623;5622;44444;5737	7705	6519.5	8299.5	8894	7245.5	6679.5	3960	6906	6712.5	1123	7886	8595.5	1352	7300	8452	5325.5	7113.5	5452.5	7901.5	8721.5	7786.5	7683.5	8163.5	8159	125273.5	6.263.675
ORTHO008699	Pentatricopeptide repeat (PPR-like) superfamily protein	AT5G13770	9507;9536;43231;43227;43226;5575;43229;44424;44464;5623;5622;44444;5737;9658;9657;6996;16043;71840;8150;9987;3674	7706	8244	8102.5	8499	7245.5	6898	7665	8028.5	5355.5	2814	8487.5	8763	5467.5	906.5	2910	8358	6825	867.5	7562	6197.5	7925	4873	7667.5	8258.5	115829.5	5.791.475
ORTHO003784	unknown protein	AT3G08880;AT5G01570	3674;8150;5634;43231;43227;43226;5575;43229;44424;44464;5623;5622	7707	7794	7580.5	7454	6664	7169.5	3863.5	8181.5	867	2425	7734.5	8536	7963	2711.5	3265	5325.5	5404	949.5	6389	8478	6908	5132.5	7868.5	5433.5	104605	5230.25
ORTHO001617	FUNCTIONS IN: molecular_function unknown	AT5G61820	5773;43231;43227;43226;5575;43229;44424;44464;5623;5622;44444;5737;3674;8150;9507;9536	7708	9105	8331	8954	9119	8502.5	9040.5	8694	5258	7350.5	8842.5	9138	2795	284	5523	9097	7378	39	8930	8987	8888	1656	7554.5	9033	126990.5	6.349.525
ORTHO010274	Concanavalin A-like lectin protein kinase family protein	AT5G42120	5886;16020;5575;44464;5623;71944;16301;16772;16740;3824;3674;8152;8150;16310;6796;6793;44237;9987	7709	7838	6479.5	5250	6857.5	8095.5	6879	4964	5355.5	6988	7382.5	2640.5	1352	906.5	3047.5	5325.5	261	2199.5	4293	5126.5	6431	4308.5	7435.5	8258.5	91250	4562.5
ORTHO010372	RNA binding	AT5G66470	9507;9536;43231;43227;43226;5575;43229;44424;44464;5623;5622;44444;5737;5525;35639;1901265;1901363;5488;3674;97159;43168;43167;32550;32549;1882;36094;97367;1883;32561;19001;17076;166;32555;32553;3723;3676	7710	6453	6223	4736	7245.5	2358	8002.5	8761	7046.5	3069.5	5726.5	5543	3098	2711.5	2702.5	3976.5	4464.5	2558	4441	6240	4226.5	4423	4668	4678.5	88695	4434.75
ORTHO010463	Rhodanese/Cell cycle control phosphatase superfamily protein	AT4G24750	9507;9536;43231;43227;43226;5575;43229;44424;44464;5623;5622;44444;5737;3674;8150	7711	6526	7779.5	7848	7245.5	6227.5	5597.5	6831.5	2828	2496	8404	5435.5	1352	7213.5	8404	5325.5	1633	5101.5	7712	4884.5	8019	7147.5	5171.5	7860.5	107644.5	5.382.225
ORTHO010056	unknown protein	AT1G28140	3674;9507;9536;43231;43227;43226;5575;43229;44424;44464;5623;5622;44444;5737;8150	7712	7196	7678	7644	6194	5773	4971.5	5213.5	6584	6247	7734.5	2553.5	7963	2711.5	3936.5	5325.5	5457.5	3121	6531	6274.5	7052	5132.5	7868.5	5433.5	105884	5294.2
ORTHO008678	Pentatricopeptide repeat (PPR-like) superfamily protein	AT4G20740	5739;43231;43227;43226;5575;43229;44424;44464;5623;5622;44444;5737;8150	7713	8456	7776	7839	8471	5904	7483.5	7762	5484	7782	7999	7376	4793	906.5	2023.5	8358	5561	663.5	6185.5	5726.5	6431	2923.5	6624.5	7591	107578	5378.9
ORTHO000539_3	translocon at the outer membrane of chloroplasts 64-V	AT5G09420	16021;31224;44425;5575;16020;6626;1902580;51641;51179;8150;1902578;44699;6605;6886;15031;45184;51234;8104;33036;71702;6810;46907;51649;34613;70727;1902582;44765;16482;70585;33365;6839;72655;72594;7005;6996;16043;71840;9987;5739;43231;43227;43226;43229;44424;44464;5623;5622;44444;5737;5741;31966;31090;44422;44429;44446;5740;31967;31975;31968;19867;98805;98588;16884;16879;16874;3824;3674;8152;4040;16811;16810;16787	7714	7737	4123.5	533	6664	4016	6220	3749	3668.5	3921.5	5208.5	7681.5	3767	138	136.5	3128	2838	203.5	1911	2455	2953	213.5	646.5	400.5	53255.5	2.662.775
ORTHO000359_2	NA	NA	NA	7715	7625	7071.5	6428	6358.5	4675.5	7923	4571	7183.5	7441.5	6343	5489.5	7031	2711.5	1910.5	5325.5	3891.5	1617	6265.5	7194	4833.5	2923.5	6194.5	4174.5	97699.5	4.884.975
ORTHO008197	protein kinase family protein / WD-40 repeat family protein	AT4G29380	9846;44707;32501;8150;44699;9856;44703;51704;22414;44706;9555;48229;7275;44767;32502;48856;6468;16310;6796;6793;44237;8152;9987;6464;36211;19538;43170;71704;44238;43412;44267;44260;80008;31461;151;1990234;1902494;43234;32991;5575;44424;44464;5623;5622;5737;5524;35639;1901265;1901363;5488;3674;97159;43168;43167;32559;30554;17076;166;36094;32555;32553;97367;32550;32549;1882;1883;5794;43231;43227;43226;43229;44444;12505;4672;16301;16772;16740;3824;16773	7716	7626	5704	3692	6358.5	3531	7802.5	4360	5994	8398	3426.5	7820	1352	5350.5	4705.5	8583	3192	3750.5	1748	3377.5	2356.5	1407.5	3662.5	2136	82953.5	4.147.675
ORTHO006248	P-loop containing nucleoside triphosphate hydrolases superfamily protein	AT1G77620	5524;35639;1901265;1901363;5488;3674;97159;43168;43167;32559;30554;17076;166;36094;32555;32553;97367;32550;32549;1882;1883;6281;6259;44260;43170;71704;8152;8150;44237;9987;90304;6139;46483;6725;1901360;34641;6807;44238;6974;33554;51716;50896;6950;44763;44699;44710;16787;3824;7049;5634;43231;43227;43226;5575;43229;44424;44464;5623;5622;5886;16020;71944	7717	6107	7084.5	6452	6857.5	1329	8474	5957	5994	2591.5	6763.5	2291.5	6227	1800.5	5034.5	3976.5	6099.5	3949	7197.5	4331	7052	6129	6365	6281	97843	4892.15
ORTHO008812	unknown protein	AT4G12680	10228;3006;32502;8150;22414;48608;48856;61458;48731;7275;44767;44699;44707;32501;9791	7718	7118	5598.5	3479	7947.5	2604.5	8427.5	5698.5	5851.5	6112	1981	8702.5	1352	3283.5	4462	5325.5	6955.5	1538.5	1374.5	8661.5	1311.5	1613	728.5	5913	81896.5	4.094.825
ORTHO008301	golgin candidate 1	AT2G19950	16021;31224;44425;5575;16020;139;98588;31090;44422;43226;43227;44431;44444;44424;44464;5623;5622;5737;44446;43229;5794;43231;12505;3674;8150	7719	7632	6973.5	6228	5439	2672	3513	8327.5	4060.5	4311.5	8232.5	8397	5195	6206.5	7619.5	3074	7258	1114.5	7509	7299	1502	4873	3686	1696.5	96547	4827.35
ORTHO009391	ATP-dependent RNA helicase; mitochondrial (SUV3)	AT4G14790	5634;43231;43227;43226;5575;43229;44424;44464;5623;5622;5739;44444;5737;42645;44429;44446;44422;9295;43232;43228;5759;70013;43233;31974;16070;44260;43170;71704;8152;8150;44237;9987;90304;6139;46483;6725;1901360;34641;6807;44238;9561;44767;32502;44699;44707;32501;9553;48229;7275;48856;4004;8186;42623;16887;17111;16462;16818;16817;16787;3824;3674;3724;4386;8026;70035;9555;5524;35639;1901265;1901363;5488;97159;43168;43167;32559;30554;17076;166;36094;32555;32553;97367;32550;32549;1882;1883	7720	6319	6938	6156	7245.5	6529	8400	5957	6943.5	930.5	6343	2343.5	1352	2711.5	4462	3976.5	5864.5	3580	6700.5	5519.5	6180.5	5924	6040	6379.5	96137	4806.85
ORTHO010310	NAD(P)-binding Rossmann-fold superfamily protein	AT1G72640	9535;55035;42651;34357;16020;5575;44436;44424;44464;5623;5622;9579;44435;44444;5737;44446;44422;43226;43229;9536;43231;43227;31976;31984;44434;9507;9534	7721	6471	3928.5	136	7245.5	908.5	1881	3862.5	4142	4934.5	5100	1755.5	1352	138	136.5	3232.5	2810.5	398	1922	3085	2294	258	807.5	356	39374	1968.7
ORTHO007304	SART-1 family	AT5G16780	9933;48532;44767;32502;8150;44699;9653;48856;48507;9888;48513;48731;7275;44707;32501;5634;43231;43227;43226;5575;43229;44424;44464;5623;5622;10588;10051;3002;7389;48826;44702;22414;3006;48598;9790;9965;9887;48366;48827;48367;10016;9886;9791;48825;9793;48316;48608;61458;10154;10305;10087;5730;44428;44446;44422;43232;43228;31981;70013;43233;31974;48364;22622;48528;48569;9908;90567;3674	7722	6473	6247.25	4772.5	7245.5	5432.5	4244.5	5439.5	4323	6401	6543	4949	3250	2711.5	3265	3976.5	4761	2724.5	5128	6555.5	4226.5	4780.5	4961.5	5222.5	88895.5	4.444.775
ORTHO010626	Pseudouridine synthase family protein	AT5G51140	5829;44444;44424;44464;5575;5623;5622;5737;1522;9451;16070;44260;43170;71704;8152;8150;44237;9987;90304;6139;46483;6725;1901360;34641;6807;44238;43412;3723;3676;1901363;5488;3674;97159;9982;16866;16853;3824	7723	7214	6934	6145	6194	5432.5	4118.5	4964	4323	4452	6543	2729	7743	2711.5	3521.5	5325.5	4761	2199.5	5851	8077	6431	4308.5	7335	5222.5	96049	4802.45
ORTHO004420	Tetratricopeptide repeat (TPR)-like superfamily protein	AT5G28740	71010;5681;44428;44446;44422;5575;43226;44424;44464;5623;5622;43229;5634;43231;43227;30529;32991;349;22618;71826;43933;16043;71840;8150;9987;34622;65003;22607;44085;22613;393;398;6397;16071;16070;44260;43170;71704;8152;44237;90304;6139;46483;6725;1901360;34641;6807;44238;6396;10467;377;375;8380;974;43234;71014;71013;71012	7724	8599	5916.5	4109	8730.5	6023.5	4785	9060	5071	5241.5	5788.5	2803.5	4865.5	1184.5	1338.5	3976.5	7006	1017	4968.5	5062.5	4946	4525.5	3986	3771.5	85421	4271.05
ORTHO010467	2-phosphoglycolate phosphatase 2	AT5G47760	9507;9536;43231;43227;43226;5575;43229;44424;44464;5623;5622;44444;5737;8967;16791;42578;16788;16787;3824;3674;8152;8150;16311;6796;6793;44237;9987;4674;4672;16301;16772;16740;16310;16773;6468;6464;36211;19538;43170;71704;44238;43412;44267;44260	7725	6480	6649	5573	7245.5	1500	5303	5568.5	7978	5300	7040	3835.5	7963	2711.5	3936.5	3976.5	2640.5	3121	5502	5062.5	5422.5	5603	5021	5433.5	92918.5	4.645.925
ORTHO008506	Nucleotidyltransferase family protein	AT5G53770	3676;1901363;5488;3674;97159;5634;43231;43227;43226;5575;43229;44424;44464;5623;5622;16779;16772;16740;3824;8152;8150	7726	6217	7247.5	6769	7245.5	5155.5	8221	5813.5	6943.5	5953	7382.5	2467.5	5740	1800.5	4462	3976.5	5240.5	4253	6185.5	7408.5	2011	5603	5407	5806	99830	4991.5
ORTHO011454	Tetratricopeptide repeat (TPR)-like superfamily protein	AT4G26680	3674;8150;5739;43231;43227;43226;5575;43229;44424;44464;5623;5622;44444;5737	7727	8444	6469.5	5212	8471	6023.5	3628.5	7762	7046.5	3396	6343	4566	1352	1184.5	2023.5	8358	6027	663.5	6185.5	5672	6431	2112.5	4693	7591	91059	4552.95
ORTHO009066	TraB family protein	AT5G52030	3674;9507;9536;43231;43227;43226;5575;43229;44424;44464;5623;5622;44444;5737;8150	7728	7131	6604.5	5481	7947.5	4946.5	4698	4734	5484	8063.5	2809.5	7199	7121	2711.5	2702.5	5325.5	4252.5	1780	5027.5	6001	5265	3374.5	6413.5	4541	92450	4622.5
ORTHO010746	translation initiation factor 3 (IF-3) family protein	AT1G34360	6413;44237;8152;8150;9987;6412;43043;43604;43603;34641;6807;44271;44249;9058;6518;1901564;71704;1901566;1901576;44267;19538;43170;44238;44260;34645;9059;10467;3743;8135;3723;3676;1901363;5488;3674;97159;5737;44424;44464;5575;5623;5622	7729	7306	7236	6743	8139.5	1885	8324.5	8181.5	5619	1709.5	2290	2553.5	7963	2711.5	3936.5	5325.5	5457.5	3121	6531	8478	7052	5132.5	7946.5	5433.5	99651.5	4.982.575
ORTHO010522	RING/U-box superfamily protein	AT3G26730	8270;46914;46872;43169;43167;5488;3674;8150	7730	6485	7908	8086	7245.5	5580	8324.5	5957	8101	2770	7594	3422.5	8306	2711.5	4462	3976.5	6099.5	3750.5	6531	7871	6180.5	5924	6040	6379.5	109981	5499.05
ORTHO007802	RNAse E/G-like	AT2G04270	2001070;30247;1871;5488;3674;30246;1901259;6364;34470;34660;16070;44260;43170;71704;8152;8150;44237;9987;90304;6139;46483;6725;1901360;34641;6807;44238;6396;10467;16072;42254;22613;44085;71840;5737;44424;44464;5575;5623;5622;4521;4519;4518;16788;16787;3824;90305;4540;90501;90502;9507;9536;43231;43227;43226;43229;44444;10239;31425;6397;16071;9658;9657;6996;16043;3723;3676;1901363;97159	7731	6933	7709.5	7688	7947.5	5904	3960	5213.5	6584	6038.5	7199	2467.5	8094	2711.5	3936.5	5325.5	5561	3121	6531	7194	7052	5603	7946.5	5806	106248.5	5.312.425
ORTHO001225_1	SPX domain gene 3	AT2G45130	80040;32109;32107;32104;32101;48583;50789;65007;8150;32106;32103;48584;48518;80135;50794;80134;10647;10646;48522;5634;43231;43227;43226;5575;43229;44424;44464;5623;5622;5737;16036;9267;31669;31667;9991;9605;50896;31668;51716;9987;71496;7154;44763;44699;42594;6950;33554	7732	8766	4492.5	1253	8802.5	3232	5784	3576	4507	8934.5	4723	281	4184.5	4694.5	1372.5	8358	1914	1538.5	1827	3579.5	45	404.5	2079	4586.5	65621	3281.05
ORTHO006643	HISTIDINE BIOSYNTHESIS 6B	AT1G71920;AT5G10330	105;19438;6725;44237;8152;8150;9987;44249;9058;6547;1901605;6520;1901564;71704;6807;19752;43436;6082;44281;44710;44699;44763;44238;52803;46483;1901360;34641;1901607;8652;46394;16053;44283;44711;1901576;1901566;18130;1901362;9570;9532;44435;44444;44424;44464;5575;5623;5622;5737;44446;44422;43226;43229;9536;43231;43227;44434;9507;80130;70546;8483;16769;16740;3824;3674;4400;30170;1901363;5488;97159;48037;43168;43167;9793;44702;22414;3006;32502;9790;44767;48856;7275;44707;32501;48316;48608;61458;48731;9791;10154	7733	8075	6926.5	6120	8300.5	8834	4948.5	7762	4253	7782	6343	4566	2954.5	906.5	1910.5	5325.5	5561	1617	4663	4778	6431	2923.5	6709	7656.5	95924.5	4.796.225
ORTHO009059	Pentatricopeptide repeat (PPR) superfamily protein	AT1G74580	3674;8150;5575	7734	7763	5901	4068	6664	4620	7923	2962.5	5484	6825	6343	5517.5	2935.5	2711.5	1910.5	5325.5	3891.5	1617	4663	5726.5	4946	2677	4927.5	4174.5	85181	4259.05
ORTHO010731	methyltransferases	AT5G10620	6364;34470;34660;16070;44260;43170;71704;8152;8150;44237;9987;90304;6139;46483;6725;1901360;34641;6807;44238;6396;10467;16072;42254;22613;44085;71840;8168;16741;16740;3824;3674;32259;5737;44424;44464;5575;5623;5622	7735	7381	6141	4547	8139.5	1926	6529.5	4734	5144	8063.5	2992.5	7129.5	7121	2711.5	2702.5	5325.5	4346.5	1780	5027.5	2455	5265	3374.5	6413.5	4541	87582.5	4.379.125
ORTHO007063	holocarboxylase synthetase 2	AT1G37150;AT2G25710	3824;3674;8152;8150;6464;36211;19538;43170;71704;44238;43412;44267;44260;44237;9987;4077;18271;16879;16874;5737;44424;44464;5575;5623;5622;5524;35639;1901265;1901363;5488;97159;43168;43167;32559;30554;17076;166;36094;32555;32553;97367;32550;32549;1882;1883;9507;9536;43231;43227;43226;43229;44444;5576;4078;5829;42966;9059;1901576;9058	7736	6808	8121	8506	7662	8050	9161	3065	8928.5	3601	8984.5	7330.5	1352	3461.5	511.5	3976.5	1396.5	7988	9051	3208	9014	9023.5	8913	8909.5	115925.5	5.796.275
ORTHO009256	P-loop containing nucleoside triphosphate hydrolases superfamily protein	AT1G26090	10287;44434;44435;44444;44424;44464;5575;5623;5622;5737;44446;44422;43226;43229;9536;43231;43227;9507;9570;9532;5524;35639;1901265;1901363;5488;3674;97159;43168;43167;32559;30554;17076;166;36094;32555;32553;97367;32550;32549;1882;1883;16887;17111;16462;16818;16817;16787;3824;8152;8150	7737	6417	5389.75	3042.5	7245.5	7468.5	7830.5	5077	4865	8934.5	5577	6240	2826.5	3374	1549	3976.5	3299	1425.5	394	4664.5	3491.5	2328.5	2770	3289.5	79381	3969.05
ORTHO009364	adenylate kinase family protein	AT5G35170	9535;55035;42651;34357;16020;5575;44436;44424;44464;5623;5622;9579;44435;44444;5737;44446;44422;43226;43229;9536;43231;43227;31976;31984;44434;9507;9534;9941;9526;31967;31975;4017;19201;19205;16301;16772;16740;3824;3674;8152;8150;16310;6796;6793;44237;9987;46939;9117;6753;19637;71704;55086;6139;46483;6725;1901360;34641;6807;44238;44281;44710;44699;44763;16776;5524;35639;1901265;1901363;5488;97159;43168;43167;32559;30554;17076;166;36094;32555;32553;97367;32550;32549;1882;1883	7738	7878	7633	7528	6857.5	5722.5	8282	5121.5	6584	3564.5	2290	4111	5740	906.5	3047.5	5325.5	7006	3121	6389	8478	8153	4970.5	7868.5	8367.5	105048.5	5.252.425
ORTHO009559	HSP20-like chaperones superfamily protein	AT1G52560	9507;9536;43231;43227;43226;5575;43229;44424;44464;5623;5622;44444;5737;5739;9408;9266;9628;50896;8150;6950;42542;302;6979;1901700;42221;10035;9644;9642;9416;9314;3674	7739	6281	6987.5	6236	7245.5	6529	3513	5957	8101	5898.5	2290	3422.5	1352	2711.5	4462	3976.5	5864.5	3580	6531	7871	6180.5	5924	6040	6379.5	96583.5	4.829.175
ORTHO009672	histone deacetylase 2	AT5G26040	6355;1903506;2001141;31326;9889;19222;50789;65007;8150;31323;50794;51252;19219;80090;51171;60255;10556;10468;2000112;5634;43231;43227;43226;5575;43229;44424;44464;5623;5622;4407;33558;19213;16787;3824;3674;8152;6476;35601;98732;43412;43170;71704;6464;36211;19538;44238;44267;44260;44237;9987;16811;16810;16575;16570;16569;16568;6325;43933;16043;71840;51276;6996;1902589;44763;44699;44710;6351;34645;9059;1901576;9058;44249;97659;32774;16070;90304;6139;46483;6725;1901360;34641;6807;34654;19438;44271;18130;1901362;10467;32041;17136;34979;31078;70932	7740	7768	4931	2122	5476.5	4206	5048.5	7588.5	7632	7298.5	5655.5	7910	2812.5	488.5	1323.5	3023.5	3471	483	2482.5	4848	3126.5	940	3090	1958.5	73386.5	3.669.325
ORTHO010592	NAD(P)-linked oxidoreductase superfamily protein	AT5G53580	9507;9536;43231;43227;43226;5575;43229;44424;44464;5623;5622;44444;5737;4033;16616;16614;16491;3824;3674;8152;8150;55114;44710;44699;9443;42823;19438;6725;44237;9987;44249;9058;9108;51188;51186;6732;42822;1901615;71704;6081;44763;19637;6793;72524;46483;1901360;34641;6807;1901564;6796;46184;1901576;44711;1901617;90407;72525;44271;18130;1901362;1901566;43094;42820;42816;6767;6766;44281;42365;9111;44282;44712;9056;44248;72526;44270;1901361;1901575;1901565;46700;50236;42821;42817;42819;42364;9110;44283;70402;50661;50662;48037;5488;166;36094;1901265;1901363;97159;43168;43167	7741	6494	7206	6671	7245.5	8065.5	1818.5	3147.5	6660.5	6480	3596.5	8207.5	8519	8123.5	4233.5	3976.5	8818.5	7251.5	2102.5	3254	3045	3453.5	1681.5	6801.5	99236.5	4.961.825
ORTHO008583	lipid transporters	AT5G07630	6869;44765;6810;51234;51179;8150;1902578;44699;71702;10876;33036;5319;22892;5215;3674;16020;5575;16021;31224;44425;280;48285;6996;16043;71840;9987	7742	7882	6177.5	4613	6857.5	6898	4118.5	7935.5	6225	1371	2809.5	8397	1352	1184.5	3047.5	5325.5	4942.5	867.5	5851	8214	6431	2328.5	2437.5	8159	87895	4394.75
ORTHO010164	unknown protein	AT1G09290	5634;43231;43227;43226;5575;43229;44424;44464;5623;5622;8150;3674	7743	5902	5588.5	3434	6664	1777	4638.5	5213.5	7183.5	6524	5647.5	7162	3111	2711.5	1910.5	3976.5	3589	2199.5	4059	5726.5	3870	3754	4414.5	4174.5	81642.5	4.082.125
ORTHO009654	G-protein-coupled receptor 1	AT1G48270	9740;10476;9755;7165;50794;50789;65007;8150;51716;9987;50896;7154;44763;44699;44700;23052;32870;9725;9719;10033;42221;71495;71310;70887;71370;9739;33993;1101;1901700;71396;71229;1901701;10244;9637;9416;9314;9628;9645;9642;9094;9095;9073;9072;6725;44237;8152;1901360;71704;6520;1901564;6807;19752;43436;6082;44281;44710;44238;19438;44249;9058;1901362;1901576;8652;46394;16053;44283;44711;1901566;6558;1902221;1901605;1902223;1901607;9908;90567;48608;3006;32502;22414;48856;61458;48731;7275;44767;44707;32501;44702;9791;48367;5794;43231;43227;43226;5575;43229;44424;44464;5623;5622;44444;5737;12505;9736;71368;9735;5515;5488;3674;9742;43401;71383;71407;14070;48545;71367;9741;97305;97306;9788;9968;9966;10646;48583;23051;48585;48519;10648;48523;23057;1901420;1901419;9787;6571;6570;278;7049;5774;44437;44446;44422;5773;98588;31090;16020;98805;7186;7166;9939;9967;10647;48522;48518;48584;23056;9937;10231;10162;48609;32504;3;22611;10431;21700;48316;10154;97437;32960;10919;31326;9889;19222;31323;19220;51174;10675;6109;80090;43255;1902930;5886;71944;6629;9785;30522;71483;71482;71478;71214;9738;71215;9737;9845;90351;44214;5887;31226;44459;44425;31224;16021;89717;7202;10863;10518;10517;60191;51336;50790;65009;60193;51345;43085;44093;9893;1900274;4930;4888;38023;4871;60089;4872	7744	6348	7396	7048	7245.5	5580	3327	5957	6823.5	2385.5	6343	3422.5	8306	2711.5	4462	3976.5	5864.5	3580	6531	7871	6180.5	5924	6040	6379.5	101665	5083.25
ORTHO010546	CwfJ-like family protein / zinc finger (CCCH-type) family protein	AT5G56900	46872;43169;43167;5488;3674;3677;3676;1901363;97159;5634;43231;43227;43226;5575;43229;44424;44464;5623;5622;3824;8152;8150;5829;44444;5737	7745	6573	5366	2987	7245.5	8310	6200	5568.5	1545.5	7916.5	5973.5	3686.5	7963	2711.5	3936.5	3976.5	25	2199.5	1922	2496	5422.5	2763	1035	5433.5	79084.5	3.954.225
ORTHO004117	tetratricopeptide repeat (TPR)-containing protein	AT1G17680	5634;43231;43227;43226;5575;43229;44424;44464;5623;5622	7746	6096	4485.25	1224.5	5346	6832.5	5105.5	2728	2202	1208.5	2402	4111	4417	3497	5254.5	2080.5	2882.5	1406.5	7353.5	4060.5	4321	1466	3010.5	971.5	65310.5	3.265.525
ORTHO009141	SWAP (Suppressor-of-White-APricot)/surp domain-containing protein	AT5G55100	6376;22618;71826;43933;16043;71840;8150;9987;34622;65003;22607;44085;22613;245;398;6397;16071;16070;44260;43170;71704;8152;44237;90304;6139;46483;6725;1901360;34641;6807;44238;6396;10467;377;375;8380;5634;43231;43227;43226;5575;43229;44424;44464;5623;5622;3723;3676;1901363;5488;3674;97159	7747	7896	6318.5	4890	6857.5	9047	3758	7762	4865	7830	2539	5931	4617.5	906.5	1812.5	5325.5	7679.5	1450	658	6923.5	4833.5	2017.5	4037.5	7508	89501.5	4.475.075
ORTHO001760	Amino acid permease family protein	AT3G13620	1902047;15846;71705;6810;51234;51179;8150;44765;1902578;44699;71702;55085;44763;9987;15203;22891;22857;5215;3674;22892;5886;16020;5575;44464;5623;71944;15802;6865;46942;15849;15711;6820;6811	7748	8169	5463	3178	8619	7710.5	5935	8583.5	4087	8063.5	6912.5	8536	4555.5	401	1432	3023.5	3200.5	1180.5	5648	1356.5	1451	1613	4100.5	2382	80172	4008.6
ORTHO008428	INVOLVED IN: 10-formyltetrahydrofolate biosynthetic process; folic acid and derivative biosynthetic process	AT4G24380	9507;9536;43231;43227;43226;5575;43229;44424;44464;5623;5622;44444;5737	7749	5488	8268	8787	2982.5	8952.5	8474	6264	2541	7722.5	3461	5741.5	3707	7909	7582.5	5325.5	6648.5	4747.5	7281	8397.5	6180.5	7038.5	7335	6732.5	122041.5	6.102.075
ORTHO010727	Phototropic-responsive NPH3 family protein	AT5G48130	16567;32446;70647;6464;36211;19538;43170;71704;8152;8150;44238;43412;44267;44260;44237;9987;9416;9314;9628;50896;4871;60089;3674;7165;50794;50789;65007;51716;7154;44763;44699;44700;23052;5886;16020;5575;44464;5623;71944	7750	7340	5939	4128	8139.5	1907.5	4118.5	4734	5144	5239.5	2653	7215	7377.5	2711.5	2702.5	5325.5	4761	1780	5128	7576.5	5422.5	2837	4209.5	4678.5	85521.5	4.276.075
ORTHO010292	Mitochondrial transcription termination factor family protein	AT4G38160	6355;1903506;2001141;31326;9889;19222;50789;65007;8150;31323;50794;51252;19219;80090;51171;60255;10556;10468;2000112;5739;43231;43227;43226;5575;43229;44424;44464;5623;5622;44444;5737;3690;43566;3677;3676;1901363;5488;3674;97159;9507;9536	7751	7904	6857	5963	6857.5	5799	7901	4571	5355.5	7862.5	5902	4949	2927	906.5	1910.5	5325.5	5404	1617	4548.5	7194	6431	2763	6194.5	7543.5	95105	4755.25
ORTHO002233	SNF2 domain-containing protein / helicase domain-containing protein	AT2G16390;AT2G21450	5515;5488;3674;50832;98542;6952;6950;50896;8150;51707;43207;9605;9607;51704;9620;60966;60968;50794;50789;65007;32776;6306;43414;44260;43170;71704;8152;44237;9987;32259;43412;6305;6304;6259;90304;6139;46483;6725;1901360;34641;6807;44238;44728;40029;10468;60255;19222;30422;70918;31050;6396;16070;10467;44763;44699;44710;71359;71407;14070;10033;42221;71310;70887;51716;43331;1901698;1901699;31047;16458;10629;10605;9892;48519;16246;35194;16441;10608;1900370;60148;60147;48522;48518;1900368;1900111;1900109;51570;31060;31056;1903308;1902275;33044;33043;51128;31399;32268;51246;80090;31323;51574;31062;31058;1903310;2001252;10638;51130;31401;32270;31325;9893;51247;10604;70829;70828;6325;43933;16043;71840;51276;6996;70827;43954;1902589;80188;5634;43231;43227;43226;5575;43229;44424;44464;5623;5622;5524;35639;1901265;1901363;97159;43168;43167;32559;30554;17076;166;36094;32555;32553;97367;32550;32549;1882;1883;419;55029;44428;44446;44422;428;30880;61695;1990234;1902494;43234;32991;31618;5721;792;785;44427;5694;43232;43228;775;98687;5720;790;44454;228;31981;70013;43233;31974;4386;17111;16462;16818;16817;16787;3824;3677;3676;60964;90577;44798;5667;71360;43330;35563;51099;44093;65009;51098;35561	7752	7015	6416.5	5081	6194	5351.5	7744.5	8028.5	1133	7407.5	4243	5489.5	3235	2711.5	3265	3976.5	1048	3121	5851	4211	6180.5	4308.5	7244	5913	90462.5	4.523.125
ORTHO007713	basic region/leucine zipper motif 60	AT1G42990	43565;3677;3676;1901363;5488;3674;97159;30968;7165;50794;50789;65007;8150;51716;9987;50896;7154;44763;44699;44700;23052;34976;33554;6950;34620;6986;35966;10033;42221;35967;71310;70887;3700;1071;2001141;31326;9889;19222;31323;51252;19219;80090;51171;60255;10556;6355;1903506;10468;2000112;6351;34645;44260;43170;71704;8152;44237;9059;1901576;9058;44249;97659;32774;16070;90304;6139;46483;6725;1901360;34641;6807;44238;34654;19438;44271;18130;1901362;10467;5634;43231;43227;43226;5575;43229;44424;44464;5623;5622;5789;98588;31090;16020;44422;44432;44444;5737;44446;5783;12505;44425;42175;16021;31224;10200;10243;9719;1901698;1901700	7753	7169	7255	6757	7947.5	4827.5	7947.5	9044	5484	7782	6912.5	5810	7121	4736	6305	6020.5	1896	1888	5027.5	6001	4946	1525	1971.5	4484	99729	4986.45
ORTHO010740	SGNH hydrolase-type esterase superfamily protein	AT5G62930	5829;44444;44424;44464;5575;5623;5622;5737;5576;16042;44712;9056;8152;8150;44710;44699;6629;71704;44238;1901575;16788;16787;3824;3674	7754	7414	8455	9156	6358.5	7411.5	8536	6264	6124	7324	8095	7343	8519	7101	8093.5	6712.5	6648.5	4595	7612.5	8756	7636	7259	8405	7315.5	139751	6987.55
ORTHO010548	P-loop containing nucleoside triphosphate hydrolases superfamily protein	AT4G25280	4127;19201;19205;16301;16772;16740;3824;3674;8152;8150;16310;6796;6793;44237;9987;46939;9117;6753;19637;71704;55086;6139;46483;6725;1901360;34641;6807;44238;44281;44710;44699;44763;6207;19856;72528;44271;44249;9058;18130;1901362;1901576;72527;1901564;1901566;6206;9112;46112;44711;5634;43231;43227;43226;5575;43229;44424;44464;5623;5622;5524;35639;1901265;1901363;5488;97159;43168;43167;32559;30554;17076;166;36094;32555;32553;97367;32550;32549;1882;1883;5737;9041;16776	7755	8755	7191	6627	8678	5047	3224.5	7435.5	3610	7862.5	7199	8763	2906	906.5	1677.5	8925	6208.5	985	7562	5189.5	7568	980	4723.5	8258.5	99031.5	4.951.575
ORTHO010881	FUNCTIONS IN: molecular_function unknown	AT1G10865	9507;9536;43231;43227;43226;5575;43229;44424;44464;5623;5622;44444;5737;3674;8150	7756	8268	6436	5116	7245.5	4865.5	6630.5	8743	522.5	7441.5	4137	6440	1352	1254	1616	8358	7432	1239	6056.5	4630.5	5422.5	1778.5	5586.5	7120	90625.5	4.531.275
ORTHO010621	DNAse I-like superfamily protein	AT1G31500	46872;43169;43167;5488;3674;5634;43231;43227;43226;5575;43229;44424;44464;5623;5622;6355;1903506;2001141;31326;9889;19222;50789;65007;8150;31323;50794;51252;19219;80090;51171;60255;10556;10468;2000112;9507;9536;44444;5737;3723;3676;1901363;97159;4535;175;8408;4527;4518;16788;16787;3824;8152;90305;90304;6139;46483;44237;9987;6725;1901360;71704;34641;6807;44238;43170;16896;4532;4540;90501;16070;44260;90503;16796;6351;34645;9059;1901576;9058;44249;97659;32774;34654;19438;44271;18130;1901362;10467	7757	7347	6655	5553	6358.5	2557.5	7837.5	4109.5	4045.5	8934.5	4251.5	6929	7031	6542.5	7487.5	6712.5	3682	4400	1374.5	7647	1664.5	1613	2311	3679.5	92810	4640.5
ORTHO010077	Domain of unknown function (DUF1767)	AT5G19950	5739;43231;43227;43226;5575;43229;44424;44464;5623;5622;44444;5737	7758	7913	7474	7190	6857.5	4344.5	7422	7461	7831	5741	4642.5	7610	4492.5	1254	1910.5	5325.5	867	4326.5	7281	8478	8019	2213.5	6194.5	7266.5	102680.5	5.134.025
ORTHO008513	homolog of bacterial PANC	AT5G48840	5524;35639;1901265;1901363;5488;3674;97159;43168;43167;32559;30554;17076;166;36094;32555;32553;97367;32550;32549;1882;1883;15940;9108;51188;51186;44237;8152;8150;9987;44249;9058;6732;43604;43603;34641;6807;44271;15939;6767;6766;44281;44710;44699;6575;1901564;71704;32787;19752;43436;6082;44763;72330;46394;16053;44283;44711;1901576;42364;9110;42398;1901566;42803;42802;5515;46983;5829;44444;44424;44464;5575;5623;5622;5737;4592;16881;16879;16874;3824;9793;44702;22414;3006;32502;9790;44767;48856;7275;44707;32501;48316;48608;61458;48731;9791;10154	7759	6382	7331.5	6904	7245.5	5904	8162.5	2545	7978	2025.5	7199	8014	5740	1800.5	3936.5	3976.5	5108	3121	5851	7299	5422.5	5603	5407	5601	100694	5034.7
ORTHO010569	Protein of unknown function (DUF1000)	AT2G25950	8150;5634;43231;43227;43226;5575;43229;44424;44464;5623;5622;3674	7760	6610	4667.5	1575	7245.5	8412.5	7158.5	4065.5	5619	7324	4107	653	3279.5	2711.5	1549	3976.5	1923	3949	418	3108	1933.5	2541	891.5	5222.5	68842.5	3.442.125
ORTHO007947	Thioredoxin superfamily protein	AT4G37200	9507;9536;43231;43227;43226;5575;43229;44424;44464;5623;5622;44444;5737;9535;55035;42651;34357;16020;44436;9579;44435;44446;44422;31976;31984;44434;9534;31977;16671;16667;16491;3824;3674;8152;8150;55114;44710;44699;10190;17004;43623;6461;65003;43933;16043;71840;9987;22607;44085;71822;70271;34622	7761	7081	6313.5	4866	7947.5	2333	5048.5	4826.5	5355.5	8168.5	7040	8311	1352	2711.5	1462	5325.5	4548.5	1780	5272.5	5094	5779	3754	6538.5	4678.5	89379	4468.95
ORTHO005509	L-galactono-1;4-lactone dehydrogenase	AT3G47930	16021;31224;44425;5575;16020;31966;31090;44422;43226;43227;44429;44444;44424;44464;5623;5622;5737;44446;43229;5739;43231;5740;31967;31975;55114;44710;8152;8150;44699;19853;46394;16053;6082;71704;44281;44763;9987;44237;44283;44711;9058;1901576;44249;19752;43436;46364;5996;44723;5975;44238;16051;42364;6767;6766;9110;19852;9536;80049;16632;16627;16491;3824;3674;50660;50662;48037;5488;43168;43167;166;36094;1901265;1901363;97159;8762;16616;16614;16633;3885;16899	7762	8479	6444	5126	8471	4133.5	7070	6864	3152	8934.5	5028.5	7129.5	1352	8771.5	7804.5	8703.5	9140.5	1459	2092	2635.5	32.5	62.5	32	6281	90678.5	4.533.925
ORTHO010438	homolog of CFIM-25	AT4G29820	5849;44451;44428;44446;44422;5575;43226;44424;44464;5623;5622;43229;5634;43231;43227;5654;31981;70013;43233;31974;43234;32991;6378;31124;6397;16071;16070;44260;43170;71704;8152;8150;44237;9987;90304;6139;46483;6725;1901360;34641;6807;44238;6396;10467;31123;43631;5515;5488;3674	7763	8045	7742	7721	7245.5	6382	8930	4826.5	5754	8006.5	7040	4351.5	5338.5	906.5	2396.5	8358	6549	1888	5502	4258.5	7489.5	3854	6709	8026	106566	5328.3
ORTHO010763	fructokinase-like 1	AT3G54090	16310;6796;6793;44237;8152;8150;9987;42793;6351;34645;44260;43170;71704;9059;1901576;9058;44249;97659;32774;16070;90304;6139;46483;6725;1901360;34641;6807;44238;34654;19438;44271;18130;1901362;10467;9657;6996;16043;71840;1902589;44763;44699;44711;44710;5634;43231;43227;43226;5575;43229;44424;44464;5623;5622;9295;42644;42646;43232;43228;44435;44444;5737;44446;44422;9536;9532;44434;9507;9570;5515;5488;3674;9658;16301;16772;16740;3824	7764	7368	7254	6744	8139.5	7169.5	3960	5121.5	7561.5	1709.5	7734.5	2553.5	3339.5	2711.5	3936.5	5325.5	5365	3121	6389	8478	6908	4970.5	7868.5	5433.5	99656.5	4.982.825
ORTHO006803	UDP-Glycosyltransferase superfamily protein	AT1G78800	33164;9;30;16758;16757;16740;3824;3674;8152;8150;97502;70085;44723;5975;71704;44238;44710;44699;4376;4378;9058	7765	7986	7629.5	7494	6857.5	6085.5	7529.5	7762	4645.5	7782	6763.5	4566	2984.5	906.5	2163.5	8358	5962.5	663.5	6389	7408.5	6431	3453.5	6854	8159	104867.5	5.243.375
ORTHO000559	Peroxidase superfamily protein	AT1G05240;AT1G05250;AT3G01190;AT5G15180	9664;71555;45229;16043;71840;8150;9987;71554;71669;6950;50896;4601;16684;16491;3824;3674;8152;55114;44710;44699;16209;5576;5575;9506;5911;30054;55044;9505;5618;30312;44464;5623;71944;9808;9698;19748;6725;44237;1901360;71704;44763;46872;43169;43167;5488;20037;46906;1901363;97159	7766	9089	8283	8800	9068.5	7543.5	9156	8545.5	4551	8063.5	8798.5	7039.5	4677	401	2396.5	9078	9005.5	142.5	8458.5	9021	3336	4423	8806.5	9146.5	122589.5	6.129.475
ORTHO010060	Nuclear transport factor 2 (NTF2) family protein	AT5G41470	8150;3674	7767	6553	5995	4223	7245.5	4946.5	8983	2545	6584	6988	2809.5	4018.5	3331	2711.5	3936.5	3976.5	4998.5	3121	5430	3061	5265	4612.5	3259.5	5433.5	86011	4300.55
ORTHO009711	MED9	AT1G55080	6355;1903506;2001141;31326;9889;19222;50789;65007;8150;31323;50794;51252;19219;80090;51171;60255;10556;10468;2000112;16592;44451;44428;44446;44422;5575;43226;44424;44464;5623;5622;43229;5634;43231;43227;5654;31981;70013;43233;31974;43234;32991;3674;6351;34645;44260;43170;71704;8152;44237;9987;9059;1901576;9058;44249;97659;32774;16070;90304;6139;46483;6725;1901360;34641;6807;44238;34654;19438;44271;18130;1901362;10467	7768	8784	5854.5	3941	8753	5773	1985	8459	8688.5	8647.5	5685.5	8236	1352	3497	1323.5	8804.5	9134.5	963	3977	1426	3756	476.5	166	2091	84441.5	4.222.075
ORTHO010218	PsbQ-like 2	AT1G14150	9535;55035;42651;34357;16020;5575;44436;44424;44464;5623;5622;9579;44435;44444;5737;44446;44422;43226;43229;9536;43231;43227;31976;31984;44434;9507;9534;9767;22900;6091;44237;8152;8150;9987;55114;44710;44699;44763;19684;15979;45156;9055;3674;9543;31978;31977;5509;46872;43169;43167;5488;6810;51234;51179;19898;44425;30095;98807;98796;43234;32991;9523;9521;9654;1990204;1902494;9344	7769	6479	6957.5	6146	5748	5155.5	8400	5813.5	6584	2591.5	6070	3686.5	5740	1800.5	4462	3976.5	5281.5	3580	6185.5	4211	5637	5603	5497.5	5806	96081.5	4.804.075
ORTHO007955	farnesylcysteine lyase	AT5G63910	9738;9755;7165;50794;50789;65007;8150;51716;9987;50896;7154;44763;44699;44700;23052;32870;9725;9719;10033;42221;71495;71310;70887;71215;9737;33993;97305;1901700;1101;71396;97306;1901701;71229;30327;19941;51603;6508;19538;43170;71704;8152;44238;44257;30163;9057;1901575;9056;44265;44260;44237;44248;44267;43632;5774;44437;44444;44424;44464;5575;5623;5622;5737;44446;44422;43226;43229;5773;43231;43227;98588;31090;16020;98805;45338;6644;19637;6793;44255;6629;44710;6796;6721;6720;5576;5764;323;1735;16670;16667;16491;3824;3674;55114	7770	6931	6756.25	5742.5	7947.5	6023.5	8364	5213.5	6823.5	2081	2809.5	2467.5	3390	2711.5	3936.5	5325.5	2640.5	3121	6531	6960	7052	4970.5	7554.5	5806	93781.5	4.689.075
ORTHO000777_3	alpha-galactosidase 2	AT5G08370	46477;6677;6672;43603;34641;6807;8152;8150;44237;9987;6665;1901564;71704;6643;44255;6629;44710;44699;44238;44763;6687;6664;1903509;1901135;46479;30149;1901565;1901575;9056;46466;44242;16042;44712;44248;19377;1901136;46514;52692;4557;15925;4553;16798;16787;3824;3674;9965;9887;44767;32502;9653;48856;48513;48731;7275;44707;32501;48366;48827;48367;10016;5576;5575;71555;45229;16043;71840;71554;48046;9311;44723;5975;9505;5618;30312;44464;5623;71944;16139;1901658;1901657;16137;9911;48582;48580;2000026;50793;50789;65007;51239;51240;48518;51094;2000243;2000241;9909;48831;9620;51707;43207;9605;50896;9607;51704;5737;44424;5622	7771	8738	7656.5	7542	8678	7030	8602.5	7435.5	4788.5	6592	8314	8763	4793	906.5	1677.5	8358	5457.5	985	7676.5	5245.5	4833.5	1026	4345.5	8332.5	105162.5	5.258.125
ORTHO004464	Prolyl oligopeptidase family protein	AT1G50380	5829;44444;44424;44464;5575;5623;5622;5737;8236;70011;8233;16787;3824;3674;8152;8150;6508;19538;43170;71704;44238;17171;4252;4175;5634;43231;43227;43226;43229;70008;8238	7772	7660	5820.5	3869	8320.5	5704	4587.5	8486	4100	6235	7382.5	8178.5	4297.5	1321.5	1509	3023.5	5685	867.5	4607.5	5852	3417.5	1910	3832.5	3037	84034	4201.7
ORTHO008137	RH39	AT4G09730	9507;9536;43231;43227;43226;5575;43229;44424;44464;5623;5622;44444;5737;5739;16887;17111;16462;16818;16817;16787;3824;3674;8152;8150;70180;19843;3723;3676;1901363;5488;97159;80158;70271;44085;71840;8026;42623;70035;4386;1901259;6364;34470;34660;16070;44260;43170;71704;44237;9987;90304;6139;46483;6725;1901360;34641;6807;44238;6396;10467;16072;42254;22613;10501;4004;8186;3724	7773	7719	6471	5169	8139.5	4890.5	4587.5	2000	4953	5117.5	6173.5	5150	5066	906.5	2163.5	5325.5	4252.5	4253	5272.5	7408.5	5265	3374.5	6413.5	8258.5	90831.5	4.541.575
ORTHO000312_2	Leucine-rich repeat protein kinase family protein	AT1G79620	6468;16310;6796;6793;44237;8152;8150;9987;6464;36211;19538;43170;71704;44238;43412;44267;44260;5576;5575;7169;7167;7166;7165;50794;50789;65007;51716;50896;7154;44763;44699;44700;23052;5524;35639;1901265;1901363;5488;3674;97159;43168;43167;32559;30554;17076;166;36094;32555;32553;97367;32550;32549;1882;1883;4674;4672;16301;16772;16740;3824;16773	7774	8725	7753	7732	8619	6085.5	7092.5	8453.5	7632	3581	8095	8958.5	5066	590	2163.5	5325.5	6648.5	663.5	6389	1343.5	8534	3026	8372.5	8615.5	106635.5	5.331.775
ORTHO000337_2	RNA-dependent RNA polymerase 2	AT4G11130	16458;10629;10605;9892;48519;50789;65007;8150;19222;60255;10468;44763;9987;44699;1172;97659;32774;9059;43170;71704;8152;1901576;9058;16070;44260;44237;90304;6139;46483;6725;1901360;34641;6807;44238;34654;19438;44249;44271;18130;1901362;5730;44428;44446;44422;5575;43226;44424;44464;5623;5622;43229;5634;43231;43227;43232;43228;31981;70013;43233;31974;10495;16441;10608;40029;30422;70918;31050;6396;10467;44710;71359;71407;14070;10033;42221;50896;71310;70887;51716;43331;1901698;1901699;31047;16246;35194;3968;34062;16779;16772;16740;3824;3674;5515;5488;50832;98542;6952;6950;51707;43207;9605;9607;51704;9620;7267;7154;44700;23052	7775	7006	7484	7193	7947.5	6023.5	3863.5	2614.5	1691	8063.5	7734.5	2553.5	8094	2711.5	3936.5	5325.5	5685	3121	6531	8590.5	7489.5	5213.5	8026.5	5433.5	102702	5135.1
ORTHO009657	Calcineurin-like metallo-phosphoesterase superfamily protein	AT5G58200	16787;3824;3674;8152;8150;5737;44424;44464;5575;5623;5622	7776	6484	7008	6240	7245.5	5155.5	3960	5568.5	5619	4289.5	5973.5	3686.5	7963	2711.5	3936.5	3976.5	5561	3121	5851	7194	5422.5	5603	5407	5601	96600.5	4.830.025
ORTHO009960	FKBP-like peptidyl-prolyl cis-trans isomerase family protein	AT3G60370	31977;44436;44424;44464;5575;5623;5622;9579;3755;16859;16853;3824;3674;8152;8150;413;18208;18193;6464;36211;19538;43170;71704;44238;43412;44267;44260;44237;9987;9507;9536;43231;43227;43226;43229;44444;5737;9543;31978;44435;44446;44422;31976;31984;44434;9534;5528;5527;1901363;5488;97159;8144;6457;10207;43623;6461;65003;43933;16043;71840;22607;44085;71822;70271;34622;19684;6091;15979;16491;55114;44710;44699;5576;16020	7777	7301	5568	3359	7947.5	5516	4813.5	2250	4788.5	8398	5973.5	6271	6316	3374	1725.5	5325.5	3471	1494	3504.5	6368.5	3870	1358.5	2740.5	3635.5	81194	4059.7
ORTHO007254	CONTAINS InterPro DOMAIN/s: Nucleolar protein 12 (InterPro:IPR019186)	AT1G11240	8150;5634;43231;43227;43226;5575;43229;44424;44464;5623;5622;3674	7778	7543	6396.5	5015	6358.5	6149	4698	4640	5484	6288	6763.5	5295.5	7031	2711.5	2702.5	5325.5	4054.5	1669.5	4864	7408.5	1063.5	3222.5	6326.5	4413.5	90111	4505.55
ORTHO010582	S-adenosyl-L-methionine-dependent methyltransferases superfamily protein	AT3G62000	5634;43231;43227;43226;5575;43229;44424;44464;5623;5622;8150;3674	7779	6490.5	7195.25	6611.5	7245.5	5432.5	3758	5813.5	5994	1409.5	7524	3422.5	8205.5	1375.5	4462	3976.5	6027	3580	6389	7747	5988	5789.5	5826.5	6210	98930.5	4.946.525
ORTHO001762	bidirectional amino acid transporter 1	AT2G01170	15181;15174;15171;46943;8514;8509;15075;22891;22857;5215;3674;6810;51234;51179;8150;55085;44763;9987;44699;44765;1902578;22892;34220;6811;98656;6820;15711;71702;5342;1903825;15849;46942;3333;6865;71705;1990822;15802;8324;98655;6812;1903826;15809;89711;15813;15807;6835;15800;1902475;5313;15179;15172;5310;1903401;1902022;15819;15189;15812;15718;15185;8028;15180;22858;15175;15804;32328;15808;5739;43231;43227;43226;5575;43229;44424;44464;5623;5622;44444;5737	7780	6790	5821.5	3863	7245.5	4675.5	4638.5	5213.5	5851.5	5471	5973.5	5741.5	2998.5	2711.5	2396.5	6712.5	3627.5	2199.5	4663	5852	4946	2677	3476.5	4174.5	84000	4200
ORTHO005554	Transducin/WD40 repeat-like superfamily protein	AT4G11270	166;36094;5488;3674;1901265;1901363;97159;8150;5829;44444;44424;44464;5575;5623;5622;5737	7781	7155	7301	6821	6194	9004.5	4698	5698.5	4953	8934.5	3749	7280	8306	7101	7844	5325.5	1865.5	3750.5	1748	7463	2800	2837	969	5806	100133	5006.65
ORTHO009991	NDH-dependent cyclic electron flow 5	AT1G55370	5975;71704;8152;8150;44238;3824;3674;10628;10604;9893;48518;50789;65007;19222;60255;10468;9535;55035;42651;34357;16020;5575;44436;44424;44464;5623;5622;9579;44435;44444;5737;44446;44422;43226;43229;9536;43231;43227;31976;31984;44434;9507;9534;9773;9767;22900;6091;44237;9987;55114;44710;44699;44763;19684;15979;30246;5488	7782	7389	6251.5	4721	8139.5	2920.5	5105.5	4964	7691.5	5910.5	2539	2640.5	7743	2711.5	3721.5	5325.5	5108	2558	4663	5606	6431	3609.5	4165.5	5222.5	88636.5	4.431.825
ORTHO003115	Domain of unknown function (DUF1726)	AT1G10490;AT3G57940	5634;43231;43227;43226;5575;43229;44424;44464;5623;5622;8080;16410;16747;16746;16740;3824;3674;8152;8150;16407;5524;35639;1901265;1901363;5488;97159;43168;43167;32559;30554;17076;166;36094;32555;32553;97367;32550;32549;1882;1883	7783	7016	7411.5	7040	7947.5	5155.5	4971.5	5213.5	7978	5386	7199	8835.5	1352	2711.5	3936.5	5325.5	5685	3121	6531	5337	7052	4308.5	5902.5	5601	101602.5	5.080.125
ORTHO009497	unknown protein	AT1G28530	10027;9668;44802;61024;16043;71840;8150;9987;44763;44699;9657;6996;9507;9536;43231;43227;43226;5575;43229;44424;44464;5623;5622;44444;5737;1903866;48856;32502;90391;22607;44085;9658	7784	6418	7822.5	7861	7245.5	6149	3863.5	5813.5	7691.5	5825	6070	3578.5	8094	2711.5	4124.5	3976.5	8766.5	3580	6185.5	7408.5	5637	5603	5617	7075	107770	5388.5
ORTHO006224	Protein of unknown function DUF455	AT1G06240	8150;9507;9536;43231;43227;43226;5575;43229;44424;44464;5623;5622;44444;5737	7785	7431	8237	8689	8202.5	5248.5	8251	8593	6712.5	7274.5	7199	6344	8094	7101	7764	5325.5	1596	4400	4914	8364.5	2711.5	5434	6040	8332.5	119699.5	5.984.975
ORTHO005184	basic helix-loop-helix (bHLH) DNA-binding superfamily protein	AT4G00120;AT5G09750	5634;43231;43227;43226;5575;43229;44424;44464;5623;5622;46983;5515;5488;3674;3700;1071;2001141;31326;9889;19222;50789;65007;8150;31323;50794;51252;19219;80090;51171;60255;10556;6355;1903506;10468;2000112;3677;3676;1901363;97159;6351;34645;44260;43170;71704;8152;44237;9987;9059;1901576;9058;44249;97659;32774;16070;90304;6139;46483;6725;1901360;34641;6807;44238;34654;19438;44271;18130;1901362;10467;10197;741;48284;6996;16043;71840;6997;9559;30154;48869;44767;32502;44699;44763;9561;44707;32501;9553;48229;7275;48856;48467;48438;44702;22414;3006;9908;90567;48608;61458;48731;9791;48367;10500;48462;48449;48645;48646;9653;9887;48513;48444;48563;9886;48569;48437;48445;48440;48827	7786	6548	6436	5086	3558	4598.5	4341	5348	6584	5059	5726.5	3835.5	7377.5	2711.5	2702.5	8358	4191.5	2558	4548.5	6240	4226.5	3955.5	3438.5	4678.5	90479	4523.95
ORTHO003295	RmlC-like cupins superfamily protein	AT2G28490	9506;5911;30054;5575;55044;45735;3674;8150;5576	7787	8915	7987.5	8188	8884	5704	9126.5	9061.5	4573.5	7722.5	8404	2255.5	4492.5	401	5637	8925	6549	298	8683	2206.5	8496	2017.5	7554.5	9018	111125.5	5.556.275
ORTHO009762	unknown protein	AT5G62140	9507;9536;43231;43227;43226;5575;43229;44424;44464;5623;5622;44444;5737;8150;3674	7788	7230	8110.5	8433	7947.5	5833.5	8324.5	5213.5	7978	6573.5	7040	8562.5	7963	2711.5	3936.5	5325.5	5561	3121	6531	8478	2573	5213.5	7946.5	5601	114487	5724.35
ORTHO005340	trehalase 1	AT4G24040	4555;15927;4553;16798;16787;3824;3674;8152;8150;5886;16020;5575;44464;5623;71944;5993;46352;5984;44262;5975;71704;44238;44237;9987;9311;44723;44710;44699;44763;44275;16052;1901575;9056;44248;9313;44724;44712;5991;16021;31224;44425	7789	6172	6328	4867	5651.5	5248.5	4698	9150	3083	8168.5	1082.5	7246.5	1352	6475	3265	3976.5	2489	8097	8344	2326	8350.5	3955.5	1888	191.5	89387	4469.35
ORTHO010843	Cation efflux family protein	AT2G04620	5385;72509;22890;8324;15075;22891;22857;5215;3674;6810;51234;51179;8150;55085;44763;9987;44699;44765;1902578;22892;34220;6811;98655;6812;72511;46915;46873;30001;41;71577;98662;98660;6829;70838;16020;5575;5515;5488;5794;43231;43227;43226;43229;44424;44464;5623;5622;44444;5737;12505;71578;10043;10038;10035;42221;50896;1990267;61088;32879;50789;65007;50794;2000021;32844;15562	7790	7411	7962	8134	8202.5	5432.5	8251	4964	8734	5600	7382.5	2640.5	7743	2711.5	3521.5	8358	4942.5	2558	5851	8214	6431	4308.5	7554.5	5222.5	110420.5	5.521.025
ORTHO011469	Putative methyltransferase family protein	AT5G49560	5737;44424;44464;5575;5623;5622;8168;16741;16740;3824;3674;8152;8150;32259	7791	8436	6913.5	6036	8471	6850	7665	7935.5	1916	6167	2992.5	7362.5	1352	906.5	2163.5	8358	6549	867.5	5648	6197.5	2621	4423	7435.5	8026	95436	4771.8
ORTHO001706	UDP-Glycosyltransferase superfamily protein	AT2G28080;AT2G36970	16757;16740;3824;3674;8152;8150;16758;8194	7792	8997	8322.5	8853	9010.5	7603	8957	8414.5	6379.5	8231.5	1981	4239	8094	6434	8118	8135.5	8899	474	8940.5	8956	8496	1026	1289.5	9119.5	123787.5	6.189.375
ORTHO002027	RNase H family protein	AT1G24090;AT3G01410	4523;16891;4521;4519;4518;16788;16787;3824;3674;8152;8150;90305;90304;6139;46483;44237;9987;6725;1901360;71704;34641;6807;44238;43170;4540;90501;16070;44260;90502;16893;3676;1901363;5488;97159;16740;5737;44424;44464;5575;5623;5622	7793	8977	7381.5	6970	9010.5	6739	5238	7331	4483.5	7350.5	8487.5	8595.5	2849.5	590	2910	8804.5	3752	340.5	8098.5	6467.5	5061.5	2017.5	4481.5	7508	101106	5055.3
ORTHO008774	Tetratricopeptide repeat (TPR)-like superfamily protein	AT5G02830	9507;9536;43231;43227;43226;5575;43229;44424;44464;5623;5622;44444;5737;5739;8150	7794	5934	7139.5	6485	2982.5	6529	3628.5	5698.5	5994	4447.5	6343	3422.5	3577.5	1800.5	4705.5	3976.5	5864.5	3580	6531	7747	6180.5	5924	6040	6057.5	98047.5	4.902.375
ORTHO010823	unknown protein	AT2G34585	5773;43231;43227;43226;5575;43229;44424;44464;5623;5622;44444;5737;5774;44437;44446;44422;98588;31090;16020;98805;3674;8150	7795	7428	7427.5	7060	6358.5	5432.5	8162.5	4964	7632	2081	7382.5	2851	7743	2711.5	3521.5	5325.5	4761	2199.5	5851	8077	6180.5	4308.5	7335	5222.5	101742	5087.1
ORTHO002693	Class II aminoacyl-tRNA and biotin synthetases superfamily protein	AT4G26870;AT4G31180	3677;3676;1901363;5488;3674;97159;6422;6418;43039;6399;34660;16070;44260;43170;71704;8152;8150;44237;9987;90304;6139;46483;6725;1901360;34641;6807;44238;43038;6520;1901564;19752;43436;6082;44281;44710;44699;44763;6412;43043;43604;43603;44271;44249;9058;6518;1901566;1901576;44267;19538;34645;9059;10467;9506;5911;30054;5575;55044;5829;44444;44424;44464;5623;5622;5737;5524;35639;1901265;43168;43167;32559;30554;17076;166;36094;32555;32553;97367;32550;32549;1882;1883;46872;43169;4815;4812;16876;16875;16874;3824;46686;10038;10035;42221;50896;5783;43231;43227;43226;43229;12505;50832;98542;6952;6950;51707;43207;9605;9607;51704;9620	7796	7462	5829	3862	8259	5319	8586	9097	5851.5	4772	7382.5	4386.5	1352	1321.5	4462	3976.5	5685	867.5	4663	5929.5	3417.5	1910	3849	1167	83995	4199.75
ORTHO009778	nudix hydrolase homolog 9	AT3G46200	52751;16462;16818;16817;16787;3824;3674;8152;8150;71242;1901699;1901698;42221;50896;70887;51716;9987;60359;5829;44444;44424;44464;5575;5623;5622;5737	7797	7149	6175	4553	7947.5	4042.5	5581	4734	5355.5	7916.5	7040	5019	7121	2711.5	2702.5	5325.5	7829	1780	3653	4258.5	5422.5	1358.5	1289.5	4484	87624	4381.2
ORTHO005712	UDP-Glycosyltransferase superfamily protein	AT3G45100	6506;6505;46488;6650;6644;19637;71704;8152;8150;6793;44237;9987;44255;6629;44710;44699;44238;44763;6796;46486;6664;1903509;1901135;6643;6661;46474;45017;8610;1901576;9058;44711;44249;8654;90407;6497;6464;36211;19538;43170;43412;44267;44260;42158;42157;34645;9059;9247;46467;1901137;16757;16740;3824;3674;5634;43231;43227;43226;5575;43229;44424;44464;5623;5622	7798	6784	8340	8882	7662	5621	4587.5	2903.5	4483.5	5091	8167.5	8855.5	8519	7101	8163.5	8660.5	1221.5	5720	7353.5	8397.5	7860	7301.5	7486	7315.5	124809	6240.45
ORTHO004107	Outer arm dynein light chain 1 protein	AT2G34680	5634;43231;43227;43226;5575;43229;44424;44464;5623;5622;9574;44430;44446;44422;5856;43232;43228;44444;5737;15630;7067;280;48285;6996;16043;71840;8150;9987;1903047;22402;44763;44699;7049;278;1902589;9524;5886;16020;71944;55028;44448;5938;5881;5874;43234;32991;30981;30863;51301;5819;10102;10101;10015;44767;32502;9653;48856;48364;48513;48731;7275;44707;32501;22622;9886;9791;48528;48569;48527;9733;9725;9719;50896;10033;42221;9506;5911;30054;55044	7799	7386	7170	6541	8139.5	8030	3327	3065	5619	6785.5	6343	4566	7377.5	2711.5	2702.5	5325.5	4548.5	3121	4113.5	8551.5	6431	3854	6538.5	5433.5	98444	4922.2
ORTHO007103	N-terminal nucleophile aminohydrolases (Ntn hydrolases) superfamily protein	AT5G08100	6508;19538;43170;71704;8152;8150;44238;6516;30163;9057;1901575;9056;44265;44260;44237;9987;44248;9100;1901135;1901136;51604;10467;33345;6530;6528;43603;34641;6807;9066;1901605;6520;1901564;19752;43436;6082;44281;44710;44699;44763;9065;1901606;9063;46395;16054;44282;44712;1901565;9064;9068;5829;44444;44424;44464;5575;5623;5622;5737;16787;3824;3674;4067;16811;16810;8798;8242;8238;70011;8233	7800	8840	7757	7714	8849	5665.5	5281.5	7527.5	5355.5	8319	8404	8818.5	2935.5	401	5254.5	8925	6099.5	1051.5	7792.5	4100	2908	1778.5	7486	8420	106523.5	5.326.175
ORTHO011194	Acid phosphatase/vanadium-dependent haloperoxidase-related protein	AT3G61770	8150;5886;16020;5575;44464;5623;71944;4601;16684;16491;3824;3674;8152;55114;44710;44699;16209	7801	7502	6901.5	6002	7947.5	5516	8109.5	4964	4740.5	6825	2992.5	2937.5	1352	906.5	2910	5325.5	6825	2199.5	6056.5	7871	6180.5	4169	7244	8159	95283.5	4.764.175
ORTHO009587	S-adenosyl-L-methionine-dependent methyltransferases superfamily protein	AT5G51130	5737;44424;44464;5575;5623;5622;8168;16741;16740;3824;3674;8152;8150;32259;8276;6479;43414;44260;43170;71704;44237;9987;43412;8213;6464;36211;19538;44238;44267	7802	7886	7120.5	6439	8202.5	5432.5	8251	4964	5355.5	1584.5	7382.5	8763	5467.5	906.5	2910	5325.5	4870.5	2199.5	5851	6148	2468	4308.5	7335	8258.5	97781.5	4.889.075
ORTHO004713	CAX interacting protein 4	AT2G28910	51928;43270;51050;48518;50789;65007;8150;51049;32879;43269;51924;10959;5634;43231;43227;43226;5575;43229;44424;44464;5623;5622;3676;1901363;5488;3674;97159;5737;8270;46914;46872;43169;43167;10043;10038;10035;42221;50896;1990267	7803	8793	4052.5	302	8950.5	4137	7092.5	3921	4028	3809	5039.5	1323.5	3727	138	136.5	3151	2707.5	48	1589	3129.5	3007.5	181.5	241.5	140	47547.5	2.377.375
ORTHO006011	Jojoba acyl CoA reductase-related male sterility protein	AT3G11980	10345;9699;19438;6725;44237;8152;8150;9987;44249;9058;1901362;1901360;71704;1901576;44550;19748;44710;44699;44711;9698;44763;16628;16627;16491;3824;3674;55114;43231;43227;43226;5575;43229;44424;44464;5623;5622;10584;10208;45229;16043;71840;10927;44767;32502;22607;44085;48646;9653;48856;32989;48869;85029;30198;43062;9555;48229;7275;44707;32501;35336;35337;6637;6732;51186;35383;6790;6793;9556;48236;44702;22414;3006;51321;7049;3;80019;16620;16903	7804	8552	6845.75	5887.5	8788	5833.5	3960	7762	4645.5	3007	7886	8494.5	3133	590	2023.5	8358	867	663.5	6185.5	4884.5	8350.5	2837	6624.5	8552	94657.5	4.732.875
ORTHO002097_1	P-loop containing nucleoside triphosphate hydrolases superfamily protein	AT3G10420	5634;43231;43227;43226;5575;43229;44424;44464;5623;5622	7805	7436.5	8478.5	9152	6358.5	6810	8674.5	6573	4452.5	6687	8487.5	4059.5	8675.5	7213.5	8240.5	6712.5	8888	4809.5	7950	8882	8019	7420	8520	7721.5	138796	6939.8
ORTHO006339	2-oxoglutarate (2OG) and Fe(II)-dependent oxygenase superfamily protein	AT4G16765;AT4G16770	5506;46914;46872;43169;43167;5488;3674;16491;3824;8152;8150;55114;44710;44699;5737;44424;44464;5575;5623;5622;16706;16705;51213;5777;42579;43231;43227;43226;43229;44444;9813;9812;71704;1901576;9058	7806	8662	7004.5	6203	8619	6313	1109	7762	2940	5506.5	8314	3775.5	5195	590	2163.5	8358	6722.5	1260.5	7197.5	1320	8663	3311	7156	8718	96375	4818.75
ORTHO010744	D-Tyr-tRNA(Tyr) deacylase family protein	AT4G18460	5737;44424;44464;5575;5623;5622;19478;1901606;1901605;6520;1901564;71704;8152;8150;6807;19752;43436;6082;44281;44710;44699;44763;9987;44237;44238;9063;46395;16054;44282;44712;9056;1901575;44248;1901565;46416;16788;16787;3824;3674;4386;17111;16462;16818;16817	7807	7439	7270	6733	6358.5	6898	8251	4964	5355.5	3337	6543	2729	7743	2711.5	3521.5	5325.5	4870.5	2199.5	5851	5852	6431	4308.5	7486	5222.5	99600	4980
ORTHO000697_3	Flavin containing amine oxidoreductase family protein	AT3G10390	5739;43231;43227;43226;5575;43229;44424;44464;5623;5622;44444;5737;16575;16570;16569;16568;6325;43933;16043;71840;8150;9987;51276;6996;6464;36211;19538;43170;71704;8152;44238;43412;44267;44260;44237;1902589;44763;44699;44710;6476;35601;98732;10228;3006;32502;22414;48608;48856;61458;48731;7275;44767;44707;32501;9791;8131;16641;16638;16491;3824;3674;55114;9911;48582;48580;2000026;50793;50789;65007;51239;51240;48518;51094;2000243;2000241;9909;48831	7808	6763	6938.5	6069	5362.5	1885	8427.5	7331	8447.5	4591	3526	3578.5	3690.5	6292	7885	2821	7354	2199.5	5589.5	4392	4384	5603	4324	3340.5	95661.5	4.783.075
ORTHO010837	Nucleotide-diphospho-sugar transferase family protein	AT1G70630	5737;44424;44464;5575;5623;5622;5794;43231;43227;43226;43229;44444;12505;16757;16740;3824;3674;8152;8150;42546;44085;71840;71554;9987	7809	7448	6898	5987	6358.5	8030	8022.5	1823.5	5144	4529.5	7040	3835.5	3152	2711.5	2702.5	5325.5	8726	1780	4059	7576.5	5779	3754	6538.5	4678.5	95208	4760.4
ORTHO007981	SNF2 domain-containing protein / helicase domain-containing protein / HNH endonuclease domain-containing protein	AT5G07810	5524;35639;1901265;1901363;5488;3674;97159;43168;43167;32559;30554;17076;166;36094;32555;32553;97367;32550;32549;1882;1883;5634;43231;43227;43226;5575;43229;44424;44464;5623;5622;3677;3676;4386;17111;16462;16818;16817;16787;3824;8152;8150;4519;4518;16788;90305;90304;6139;46483;44237;9987;6725;1901360;71704;34641;6807;44238;43170	7810	5905	7729.5	7649	2982.5	6529	8450	6142.5	7183.5	1003.5	1483.5	3218	6617.5	1800.5	5413.5	5325.5	6409	3949	7042	8320	7386	6266	6854	6553	105946	5297.3
ORTHO004360	NAD(P)-binding Rossmann-fold superfamily protein	AT2G47140	5737;44424;44464;5575;5623;5622;16491;3824;3674;8152;8150;55114;44710;44699	7811	8488	8464	9117	8678	8227.5	9075.5	8898	6493	7035	8855	7556	7498	5635	393	5325.5	6099.5	5518	8968.5	9021	7672.5	8473.5	6194.5	7376.5	134315.5	6.715.775
ORTHO005001	phytoene desaturation 1	AT1G06570	55114;44710;8152;8150;44699;10236;1901663;9108;51188;51186;44237;9987;44249;9058;6732;1901661;42180;71704;44281;44763;42181;44283;44711;1901576;9507;9536;43231;43227;43226;5575;43229;44424;44464;5623;5622;44444;5737;3868;16702;16701;16491;3824;3674;51213;16117;16109;16114;6721;6720;44255;6629;44238;8299;8610;16108;46148;42440;16116;9072;6725;1901360;6520;1901564;6807;19752;43436;6082;10189;1901617;1901615;18130;46483;42360;6775;6766;1901362;42362;9110;5829;5739	7812	7687	8138	8464	8139.5	4827.5	8076	5095	4323	6179.5	7382.5	6404.5	3279.5	6601.5	7082.5	6712.5	8748.5	4154.5	5851	8077	5422.5	6077	5617	5222.5	115134	5756.7
ORTHO010793	unknown protein	AT1G64355	9507;9536;43231;43227;43226;5575;43229;44424;44464;5623;5622;44444;5737;3674;8150	7813	7455	6509	5205	6358.5	5248.5	4457	4826.5	7183.5	4995	7040	3775.5	7377.5	2711.5	2702.5	5325.5	4610.5	1780	4388	7576.5	5779	2763	3810	4678.5	91028.5	4.551.425
ORTHO004670	Transducin/WD40 repeat-like superfamily protein	AT2G40360	5634;43231;43227;43226;5575;43229;44424;44464;5623;5622;463;470;6364;34470;34660;16070;44260;43170;71704;8152;8150;44237;9987;90304;6139;46483;6725;1901360;34641;6807;44238;6396;10467;16072;42254;22613;44085;71840;42273;166;36094;5488;3674;1901265;1901363;97159;70545;44452;44428;44446;44422;5730;43232;43228;31981;70013;43233;31974;43234;32991;30686;30684;30529;30687;43021;44877	7814	7618	5590	3366	5439	2501	8586	8256	4602.5	5884.5	7382.5	4566	4314.5	1321.5	1616	3023.5	7526.5	867.5	4607.5	5887	3417.5	1910	3770	1188	81228	4061.4
ORTHO010336	F-box protein 7	AT1G21760	9409;9266;9628;50896;8150;6950;3674;6417;10608;10468;60255;19222;50789;65007;32268;51246;80090;31323;50794;34248;51171;2000112;31326;9889;10556;90406;42995;44464;5575;5623;9408;5739;43231;43227;43226;43229;44424;5622;44444;5737;16567;32446;70647;6464;36211;19538;43170;71704;8152;44238;43412;44267;44260;44237;9987;5634	7815	6564	7140.5	6466	7245.5	7207	4971.5	6142.5	1994.5	5087	6763.5	3218	8519	1375.5	4705.5	3976.5	693.5	3949	7042	5929.5	7489.5	6182.5	5407	7266.5	97920	4896
ORTHO008364	Uncharacterized protein family (UPF0016)	AT5G36290	5794;43231;43227;43226;5575;43229;44424;44464;5623;5622;44444;5737;12505;3674;16021;31224;44425;16020;8150	7816	7089	8481	9146	7947.5	7853.5	4118.5	6831.5	2338	7064	8537.5	8939	8817.5	7213.5	7844	5325.5	7113.5	5056.5	8059	8942.5	8711.5	7725	8593.5	8062	137146	6857.3
ORTHO010557	Protein of unknown function (DUF1336)	AT1G06050	8150;3674;5634;43231;43227;43226;5575;43229;44424;44464;5623;5622	7817	6642	7898	7979	7662	7834.5	8251	5813.5	7691.5	7539	6070	7115.5	3390	7101	9046	5325.5	2937.5	4154.5	4059	4331	4226.5	5603	2943	5433.5	108865.5	5.443.275
ORTHO010515	violaxanthin de-epoxidase-related	AT2G21860	16851;51003;51002;16874;3824;3674;8152;8150;9507;9536;43231;43227;43226;5575;43229;44424;44464;5623;5622;44444;5737	7818	7290	7287	6756	7947.5	5432.5	4118.5	4964	7632	4488.5	7382.5	2729	7743	2711.5	3265	5325.5	4761	2199.5	5851	8077	6180.5	4308.5	7335	5222.5	99727	4986.35
ORTHO007407	glycoside hydrolase family 2 protein	AT3G54440	9507;9536;43231;43227;43226;5575;43229;44424;44464;5623;5622;44444;5737;4565;15925;4553;16798;16787;3824;3674;8152;8150;5975;71704;44238;30246;5488;9341;1902494;43234;32991	7819	7624	7277.5	6736	6358.5	6149	4698	4571	5355.5	8063.5	6543	5372	7031	2711.5	2702.5	5325.5	8695.5	1617	4830.5	7194	4946	3111.5	6282.5	4413.5	99613	4980.65
ORTHO010850	Cyclophilin-like peptidyl-prolyl cis-trans isomerase family protein	AT4G33060	42277;33218;5488;3674;6457;9987;8150;5737;44424;44464;5575;5623;5622;9506;5911;30054;55044;3755;16859;16853;3824;8152;413;18208;18193;6464;36211;19538;43170;71704;44238;43412;44267;44260;44237;5634;43231;43227;43226;43229	7820	7466.5	5391	2962	6358.5	801	4118.5	4964	2828	3372	3269.5	7085	1352	2711.5	3721.5	5325.5	4870.5	1617	1271.5	8214	6431	4308.5	7486	5222.5	78969.5	3.948.475
ORTHO003851	gamete expressed protein 1	AT5G55490	9555;48229;7275;44767;32502;8150;44699;44707;32501;48856;42802;5515;5488;3674;5886;16020;5575;44464;5623;71944;5887;31226;44459;44425;31224;16021;9507;9536;43231;43227;43226;43229;44424;5622;44444;5737;9553;9790	7821	8930	4044	267	8984.5	3944.5	1474	2750.5	4006	8934.5	5100	1471	3459.5	138	136.5	3292.5	2652	23.5	1788	2253	2945.5	70.5	528	1047.5	46015	2300.75
ORTHO009089	homolog of X-ray repair cross complementing 3 (XRCC3)	AT5G57450	707;1903046;22402;44763;9987;8150;44699;7049;51321;3;730;65004;71824;43933;16043;71840;34622;65003;22607;44085;45003;724;725;6281;6259;44260;43170;71704;8152;44237;90304;6139;46483;6725;1901360;34641;6807;44238;6974;33554;51716;50896;6950;44710;6310;6302;7127;7126;280;48285;6996;1902589;4520;4536;4518;16788;16787;3824;3674;90305;4519;7131;35825;5737;44424;44464;5575;5623;5622;3697;43566;3677;3676;1901363;5488;97159;33063;33061;43234;32991;44428;44446;44422;43226;43229;5634;43231;43227;5657;44427;5694;43232;43228;3684;150;5524;35639;1901265;43168;43167;32559;30554;17076;166;36094;32555;32553;97367;32550;32549;1882;1883;42148;5515;400;217;6312;8094;42623;16887;17111;16462;16818;16817;10212;9314;9628;3690	7822	9092	8309.5	8797	9091.5	8581.5	9143	8536	5355.5	1750.5	8820	9123.5	2906	328.5	5761.5	9139.5	8370.5	142.5	9073.5	2966.5	9075	5376	8881.5	9137.5	122468.5	6.123.425
ORTHO010622	unknown protein	AT1G08580	3674;5634;43231;43227;43226;5575;43229;44424;44464;5623;5622;8150	7823	7392	7706	7589	6358.5	7411.5	8400	5213.5	7691.5	5565.5	7382.5	2467.5	8094	2711.5	4124.5	5325.5	1189	3121	6531	8551.5	7254	4169	4468.5	5806	105477.5	5.273.875
ORTHO010866	Tetratricopeptide repeat (TPR)-like superfamily protein	AT3G61360	398;6397;16071;16070;44260;43170;71704;8152;8150;44237;9987;90304;6139;46483;6725;1901360;34641;6807;44238;6396;10467;377;375;8380;5739;43231;43227;43226;5575;43229;44424;44464;5623;5622;44444;5737	7824	8498	7418	7012	8471	6417	6998	2962.5	7183.5	4652.5	7040	4351.5	5338.5	906.5	2163.5	8358	6648.5	800	7281	3013.5	7568	4308.5	7435.5	8026	101452.5	5.072.625
ORTHO004650	P-loop containing nucleoside triphosphate hydrolases superfamily protein	AT1G08600	6351;34645;44260;43170;71704;8152;8150;44237;9987;9059;1901576;9058;44249;97659;32774;16070;90304;6139;46483;6725;1901360;34641;6807;44238;34654;19438;44271;18130;1901362;10467;6355;1903506;2001141;31326;9889;19222;50789;65007;31323;50794;51252;19219;80090;51171;60255;10556;10468;2000112;3677;3676;1901363;5488;3674;97159;46872;43169;43167;16568;6325;43933;16043;71840;51276;6996;5524;35639;1901265;43168;32559;30554;17076;166;36094;32555;32553;97367;32550;32549;1882;1883;5634;43231;43227;43226;5575;43229;44424;44464;5623;5622;6281;6259;6974;33554;51716;50896;6950;44763;44699;44710;4386;17111;16462;16818;16817;16787;3824;781;98687;44427;44446;44422;5694;43232;43228	7825	8500	7256	6687	8471	2005.5	7032	7084	3682	8934.5	4305	8562.5	4617.5	906.5	1910.5	8358	5281.5	1669.5	7281	2966.5	8153	2608	6467.5	7508	99333	4966.65
ORTHO010844	Amino acid dehydrogenase family protein	AT2G38660	5737;44424;44464;5575;5623;5622;9853;43094;44249;9058;8152;8150;44237;9987;5739;43231;43227;43226;43229;44444;55114;44710;44699;9396;9108;51188;51186;6732;42559;19438;6725;42558;46483;1901360;71704;1901564;6807;44271;34641;18130;1901362;1901576;1901566;43604;43603;1901607;1901605;6520;19752;43436;6082;44281;44763;44238;8652;46394;16053;44283;44711;6760;6575;42398;3824;3674;35999;46653;6730;4477;19238;16814;16810;16787;4488;16646;16645;16491	7826	7479	8261.5	8697	6358.5	2557.5	9099	6142.5	5994	7377.5	8232.5	5903.5	3591.5	7101	7999	6712.5	6298	4595	7398	1486	7166	7109	8321	6801.5	119885	5994.25
ORTHO009045	HNH endonuclease	AT3G47490	4519;4518;16788;16787;3824;3674;8152;8150;90305;90304;6139;46483;44237;9987;6725;1901360;71704;34641;6807;44238;43170;3676;1901363;5488;97159;5634;43231;43227;43226;5575;43229;44424;44464;5623;5622	7827	7820	6578.5	5330	6857.5	5016	7978.5	4734	5994	2170.5	6912.5	4309	5338.5	906.5	2396.5	5325.5	4464.5	1780	5027.5	6001	5422.5	3503.5	6538.5	7860.5	91679.5	4.583.975
ORTHO001732_2	DNAJ heat shock N-terminal domain-containing protein	AT5G23590	6457;9987;8150;5737;44424;44464;5575;5623;5622;166;36094;5488;3674;1901265;1901363;97159	7828	7399	7860.5	7893	8202.5	7324.5	8324.5	5213.5	3895.5	4161	7199	2467.5	7963	2711.5	3936.5	5325.5	5561	3121	6531	8478	7052	5213.5	7946.5	5601	108026	5401.3
ORTHO010716	IQ-domain 33	AT5G35670	5634;43231;43227;43226;5575;43229;44424;44464;5623;5622;8150;5516;5515;5488;3674	7829	7401	7077.5	6326	8202.5	7468.5	3628.5	5302.5	5754	2385.5	7886	2392.5	8094	2711.5	4124.5	5325.5	8748.5	3121	6835.5	8551.5	2485.5	3374.5	3123.5	5806	97119	4855.95
ORTHO010163	AFG1-like ATPase family protein	AT2G25530	5524;35639;1901265;1901363;5488;3674;97159;43168;43167;32559;30554;17076;166;36094;32555;32553;97367;32550;32549;1882;1883;9507;9536;43231;43227;43226;5575;43229;44424;44464;5623;5622;44444;5737;8150;16887;17111;16462;16818;16817;16787;3824;8152	7830	5633	6086.5	4343	2982.5	5090	3960	2545	7632	7183	3136.5	2553.5	1352	2711.5	3521.5	3976.5	5108	3121	5851	7194	5422.5	5603	5407	5222.5	86590.5	4.329.525
ORTHO010455	unknown protein	AT3G50685	5739;43231;43227;43226;5575;43229;44424;44464;5623;5622;44444;5737;8150;3674	7831	7402	3976.5	122	6358.5	3971.5	624.5	3816.5	3933.5	8934.5	110	6981	1352	138	136.5	3099	2542	318	89.5	1486	648	116.5	171	255.5	38723.5	1.936.175
ORTHO005175	Transducin/WD40 repeat-like superfamily protein	AT3G49400	8150;9507;9536;43231;43227;43226;5575;43229;44424;44464;5623;5622;44444;5737;166;36094;5488;3674;1901265;1901363;97159	7832	5912	3942.5	53	6664	892	1155	4183	1839.5	8319	110	567	1352	138	136.5	3128	3224	458	2122.5	711.5	3027	205	71	498.5	32137.5	1.606.875
ORTHO007570	PHD finger protein-related	AT1G54390	16568;6325;43933;16043;71840;8150;9987;51276;6996;5634;43231;43227;43226;5575;43229;44424;44464;5623;5622;6351;34645;44260;43170;71704;8152;44237;9059;1901576;9058;44249;97659;32774;16070;90304;6139;46483;6725;1901360;34641;6807;44238;34654;19438;44271;18130;1901362;10467;6355;1903506;2001141;31326;9889;19222;50789;65007;31323;50794;51252;19219;80090;51171;60255;10556;10468;2000112;8270;46914;46872;43169;43167;5488;3674;35064;42393;5515;40008	7833	6991	7718.5	7604	7947.5	5833.5	8324.5	5213.5	6584	6785.5	7734.5	2553.5	1352	2711.5	3936.5	5325.5	5457.5	3121	6531	8478	7052	5213.5	7946.5	5433.5	105587.5	5.279.375
ORTHO002432	Plant protein of unknown function (DUF247)	AT3G50120;AT3G50130;AT3G50140;AT3G50150;AT3G50160;AT3G50170;AT3G50180;AT3G50190	5886;16020;5575;44464;5623;71944;3674;8150	7834	6233	7748	7662	7245.5	5285	7203.5	6323	5144	7350.5	3749	7280	1352	8072	8203.5	5325.5	1221.5	4673.5	7281	3254	2264.5	7120.5	7554.5	7376.5	106034	5301.7
ORTHO002644	cinnamyl-alcohol dehydrogenase	AT1G72680	5737;44424;44464;5575;5623;5622;9809;9808;9698;19748;44710;8152;8150;44699;6725;44237;9987;1901360;71704;44763;9699;19438;44249;9058;1901362;1901576;44550;44711;8270;46914;46872;43169;43167;5488;3674;5829;44444;52747;16616;16614;16491;3824;55114;45551	7835	8637	7784.5	7734	8471	6023.5	8793	8835.5	2684.5	5884.5	7999	3950.5	5066	590	2023.5	8358	6409	1114.5	6531	5781.5	8468.5	2763	6854	8552	106681.5	5.334.075
ORTHO008947	Peroxisomal membrane 22 kDa (Mpv17/PMP22) family protein	AT4G14305	16021;31224;44425;5575;16020;8150;5739;43231;43227;43226;43229;44424;44464;5623;5622;44444;5737;3674	7836	6465	7316	6796	7245.5	5904	8162.5	5568.5	6584	3372	5973.5	2467.5	8094	2711.5	3936.5	3976.5	5108	3121	5851	7080	5422.5	5603	5407	5601	99944	4997.2
ORTHO009090	NAD(P)-binding Rossmann-fold superfamily protein	AT4G00560	45226;33692;271;5976;5975;71704;8152;8150;44238;43170;16051;44723;44710;44699;1901576;9058;44711;9059;34637;44262;44237;9987;44763;44249;44264;44260;34645;46379;8831;16616;16614;16491;3824;3674;55114	7837	5752	6460.5	5084	2982.5	1594	8162.5	8805.5	6712.5	2307	3749	7968.5	5740	1800.5	3521.5	3976.5	4548.5	2724.5	5272.5	6632	1982	5059	5021	4898	90475	4523.75
ORTHO008334	Subunits of heterodimeric actin filament capping protein Capz superfamily	AT1G71790	7015;71822;43933;16043;71840;8150;9987;30036;30029;44763;44699;7010;6996;1902589;8290;44430;44446;44422;5575;43226;44424;44464;5623;5622;43229;5856;43232;43228;43234;32991;15629;5737;51693;30835;30834;1901879;43244;51128;50794;50789;65007;8064;30832;32535;90066;65008;32956;51493;33043;32970;51494;10639;51129;48523;48519;1901880;43242;30837;30833;32271;43254;44087;32272;31333;9408;9266;9628;50896;6950	7838	6416	7452.5	7067	7245.5	1500	8162.5	5568.5	6584	6889	7040	7280	7963	2711.5	3936.5	5325.5	4998.5	3121	5502	7012	2011	5603	5171.5	5433.5	101813	5090.65
ORTHO006258	Histidyl-tRNA synthetase 1	AT3G46100;AT5G03406	9507;9536;43231;43227;43226;5575;43229;44424;44464;5623;5622;44444;5737;4821;4812;16876;16875;16874;3824;3674;8152;8150;6427;6418;43039;6399;34660;16070;44260;43170;71704;44237;9987;90304;6139;46483;6725;1901360;34641;6807;44238;43038;6520;1901564;19752;43436;6082;44281;44710;44699;44763;6412;43043;43604;43603;44271;44249;9058;6518;1901566;1901576;44267;19538;34645;9059;10467;5524;35639;1901265;1901363;5488;97159;43168;43167;32559;30554;17076;166;36094;32555;32553;97367;32550;32549;1882;1883;5739	7839	6905	6307	4775	7947.5	5248.5	5581	8743	5754	2787	3269.5	3108	7554	2711.5	2702.5	5325.5	4610.5	2199.5	5502	4012.5	5903.5	3374.5	5710.5	4801	88898.5	4.444.925
ORTHO002325	ARM repeat superfamily protein	AT5G27970	50790;19222;50789;65007;8150;65009;5886;16020;5575;44464;5623;71944;5086;5085;98772;3674;43547;43087;51336;51345;43085;44093;9893;48518;5737;44424;5622	7840	6844	8198.5	8557	6100.5	2629	6915	8307	2465.5	7722.5	7999	8787	1352	7213.5	8061.5	8660.5	8188.5	5368	6531	5816	7489.5	4612.5	1918	6801.5	116837.5	5.841.875
ORTHO003467	ARM repeat superfamily protein	AT3G27670	9507;9536;43231;43227;43226;5575;43229;44424;44464;5623;5622;44444;5737;6723;9058;8152;8150;42335;44767;32502;44699;48856;7275;44707;32501;9793;44702;22414;3006;9790;48316;48608;61458;48731;9791;10154	7841	6088	3999	157	2982.5	766.5	2452	3740.5	3855	3934	5192	2467.5	3778	138	136.5	3128	2692	398	1922	2835.5	2313	258	807.5	431	41245	2062.25
ORTHO010818	RNI-like superfamily protein	AT2G01620	16567;32446;70647;6464;36211;19538;43170;71704;8152;8150;44238;43412;44267;44260;44237;9987;5737;44424;44464;5575;5623;5622;61630;4842;19787;16740;3824;3674;61659;31146;43161;10498;51603;6508;44257;30163;9057;1901575;9056;44265;44248;6511;19941;43632;5515;5488;9793;44702;22414;44699;3006;32502;9790;44767;48856;7275;44707;32501;48316;48608;61458;48731;9791;10154;19005;31461;151;1990234;1902494;43234;32991;5634;43231;43227;43226;43229	7842	7425	6967.5	6093	6358.5	5090	4118.5	7491.5	7561.5	8231.5	7040	4059.5	1352	2711.5	2702.5	5325.5	4464.5	2199.5	5272.5	7576.5	5779	3609.5	6538.5	4678.5	95802.5	4.790.125
ORTHO010160	SET domain protein 35	AT1G26760	8150	7843	5783	8454.5	9066	2982.5	8118	5817	8601.5	8676	3581	3989.5	6055	8859	5481.5	766.5	3976.5	7860.5	7408	8838	7871	8873.5	9030.5	9037	8863.5	131703.5	6.585.175
ORTHO010162	NagB/RpiA/CoA transferase-like superfamily protein	AT5G44520	5739;43231;43227;43226;5575;43229;44424;44464;5623;5622;44444;5737;9644;9642;9416;9314;9628;50896;8150;9408;9266;6950;6508;19538;43170;71704;8152;44238;31969;42170;31090;16020;44422;44435;44446;9536;9526;31967;31975;44434;9507;9941;16021;31224;44425;8237;70011;8233;16787;3824;3674;42542;302;6979;1901700;42221;10035	7844	5783	5903.5	3963	2982.5	7241	6820.5	2044	224.5	2684.5	1312.5	3034.5	6895.5	1800.5	5523	3976.5	8473.5	4253	7562	1724	8153	4873	1035	6949.5	84580	4229
ORTHO010165	Thioredoxin superfamily protein	AT2G37240	5576;5575;9507;9536;43231;43227;43226;43229;44424;44464;5623;5622;44444;5737	7845	5783	6006.5	4168	2982.5	1227	5001	2322	113.5	7485	2653	3578.5	6617.5	2711.5	5034.5	3976.5	8420.5	3949	7042	5929.5	7568	4308.5	1235	6553	85725.5	4.286.275
ORTHO009223	unknown protein	AT3G15110	9507;9536;43231;43227;43226;5575;43229;44424;44464;5623;5622;44444;5737;9535;55035;42651;34357;16020;44436;9579;44435;44446;44422;31976;31984;44434;9534;3674;8150	7846	7964	7536	7226	6857.5	6313	7562.5	4734	7561.5	6498.5	7040	4467	5338.5	906.5	2396.5	5325.5	6549	663.5	5027.5	7576.5	6908	3609.5	6538.5	7860.5	102876.5	5.143.825
ORTHO009551	Pentatricopeptide repeat (PPR) superfamily protein	AT1G52640	5739;43231;43227;43226;5575;43229;44424;44464;5623;5622;44444;5737;8150	7847	8076	6713.5	5580	7245.5	5833.5	7630.5	7762	1954.5	6756.5	3461	7392	4617.5	3374	2396.5	8358	9122.5	663.5	6185.5	3431	6431	250.5	210.5	7120	92950.5	4.647.525
ORTHO005891	peptidase M1 family protein	AT5G13520	5829;44444;44424;44464;5575;5623;5622;5737;8270;46914;46872;43169;43167;5488;3674;6508;19538;43170;71704;8152;8150;44238;43171;6518;43603;34641;6807;44237;9987;1901564;1901565;1901575;9056;44248;70006;4177;8238;70011;8233;16787;3824;8235;8237;9507;9536;43231;43227;43226;43229;42277;33218	7848	8129	7403.5	6959	8300.5	4675.5	7507.5	7762	5484	7862.5	6343	4566	4865.5	906.5	1910.5	8358	5685	663.5	6265.5	7080	6431	2213.5	4806.5	7656.5	101042.5	5.052.125
ORTHO009592	WCRKC thioredoxin 1	AT5G06690	9570;9532;44435;44444;44424;44464;5575;5623;5622;5737;44446;44422;43226;43229;9536;43231;43227;44434;9507;103;6790;44237;8152;8150;9987;16671;16667;16491;3824;3674;55114;44710;44699;45454;19725;42592;65008;65007;44763;50794;50789;34599;6979;6950;50896;33554;51716;70887;42221;6457;15035;15036	7849	6541	7407	6965	7245.5	5155.5	4118.5	5568.5	6584	6934	7199	3686.5	8094	2711.5	3936.5	3976.5	5108	3121	5851	7012	5422.5	5603	5407	5601	101090	5054.5
ORTHO010868	pentatricopeptide (PPR) repeat-containing protein / CBS domain-containing protein	AT5G10690	30554;17076;166;36094;5488;3674;1901265;1901363;97159;5739;43231;43227;43226;5575;43229;44424;44464;5623;5622;44444;5737;8150;5829	7850	7514	4027	204	6358.5	3971.5	1765.5	3729.5	3991.5	7620	5185	863	1352	138	136.5	3128	2810.5	203.5	1788	3061	2856.5	193	514	356	43663	2183.15
ORTHO009606	protein N-terminal asparagine amidohydrolase family protein	AT2G44420	9507;9536;43231;43227;43226;5575;43229;44424;44464;5623;5622;44444;5737;8418;16811;16810;16787;3824;3674;8152;8150	7851	8078	6130.75	4410.5	7245.5	2358	7210.5	7935.5	6584	3163.5	2216.5	4467	1352	1184.5	2396.5	8358	2900	663.5	7042	7576.5	6908	2328.5	4404	7860.5	86909	4345.45
ORTHO010118	ribosome-binding factor A family protein	AT4G34730	9507;9536;43231;43227;43226;5575;43229;44424;44464;5623;5622;44444;5737;6364;34470;34660;16070;44260;43170;71704;8152;8150;44237;9987;90304;6139;46483;6725;1901360;34641;6807;44238;6396;10467;16072;42254;22613;44085;71840;3723;3676;1901363;5488;3674;97159	7852	7341	5227.5	2603	6358.5	775	4904	4360	5355.5	8231.5	5685.5	6602.5	6071.5	3374	1481.5	5325.5	1642	1494	3616	6148	3621.5	1358.5	3675	3005.5	76727	3836.35
ORTHO001720	Duplicated homeodomain-like superfamily protein	AT5G35550	5634;43231;43227;43226;5575;43229;44424;44464;5623;5622;5524;35639;1901265;1901363;5488;3674;97159;43168;43167;32559;30554;17076;166;36094;32555;32553;97367;32550;32549;1882;1883;3682;44877;6355;1903506;2001141;31326;9889;19222;50789;65007;8150;31323;50794;51252;19219;80090;51171;60255;10556;10468;2000112;6351;34645;44260;43170;71704;8152;44237;9987;9059;1901576;9058;44249;97659;32774;16070;90304;6139;46483;6725;1901360;34641;6807;44238;34654;19438;44271;18130;1901362;10467;6970;9628;50896;6950;3700;1071;3677;3676;9813;9812;10023;46189;1901617;1901615;18958;9699;44550;19748;44710;44699;44711;9698;44763;6633;72330;46394;16053;6082;44281;44283;19752;43436;32787;6631;44255;6629;8610	7853	8924	6825	5797	8984.5	5621	8964	8552	4073.5	3504.5	5726.5	8693.5	4492.5	590	2910	8804.5	2581.5	398	3529	4925	6696	2061	4424	7591	94137.5	4.706.875
ORTHO002798	gamma-glutamyl hydrolase 1	AT1G78660;AT1G78670;AT1G78680	5615;44421;5575;5576;46900;6760;6732;51186;44237;8152;8150;9987;42558;46483;6725;1901360;71704;1901564;6807;43603;34641;1901605;6520;19752;43436;6082;44281;44710;44699;44763;44238;6575;34722;8242;8238;70011;8233;16787;3824;3674;6508;19538;43170;5773;43231;43227;43226;43229;44424;44464;5623;5622;44444;5737;5618;30312;71944	7854	7715	6273	4692	8259	8834	5925	4670	4645.5	6856.5	2992.5	5126	4955.5	2711.5	2163.5	5325.5	6298	663.5	6389	1320	5265	3374.5	6413.5	4484	88413	4420.65
ORTHO009673	CONTAINS InterPro DOMAIN/s: SEC-C motif (InterPro:IPR004027)	AT3G04950	NA	7855	6552	5852.5	3850	7245.5	4794.5	4118.5	5439.5	6379.5	4209.5	5836	2640.5	3270.5	2711.5	3721.5	3976.5	4548.5	2724.5	5347.5	6754	4668.5	4423	3141.5	5222.5	83928	4196.4
ORTHO008528	unknown protein	AT5G07330	3674;8150	7856	8396	6148.5	4441	8471	1926	7298.5	7588.5	6379.5	8934.5	4188.5	7129.5	1352	6206.5	2910	8660.5	9166	867.5	2575.5	5002	3675	91	59	3055	87065	4353.25
ORTHO009514	unknown protein	AT5G45660	9507;9536;43231;43227;43226;5575;43229;44424;44464;5623;5622;44444;5737;3674;8150	7857	6068	8424.5	8992	6857.5	6679.5	4118.5	6906	8392	2630.5	7886	4905	1352	8316	7885	6712.5	8748.5	5452.5	7950	8756	7786.5	7683.5	8202.5	8159	128521.5	6.426.075
ORTHO008973	programmed cell death 2 C-terminal domain-containing protein	AT5G64830	5634;43231;43227;43226;5575;43229;44424;44464;5623;5622;5737;3674	7858	7250	6585	5312	6194	7863	6132	4462	8509.5	8398	4349	6494	6316	3283.5	1725.5	5325.5	3493.5	3949	1271.5	3108	4445	2328.5	5710.5	4413.5	91577.5	4.578.875
ORTHO009763	Pentatricopeptide repeat (PPR) superfamily protein	AT1G74900	8380;6396;16070;44260;43170;71704;8152;8150;44237;9987;90304;6139;46483;6725;1901360;34641;6807;44238;10467;5739;43231;43227;43226;5575;43229;44424;44464;5623;5622;44444;5737	7859	7356	8499	9139	8139.5	7278	8759	6906	8392	1540.5	8537.5	8949.5	1352	7300	8512	6712.5	7214.5	5056.5	8121	8942.5	8350.5	7871	8641.5	8159	136595.5	6.829.775
ORTHO010460	unknown protein	AT3G10405	9555;48229;7275;44767;32502;8150;44699;44707;32501;48856;9507;9536;43231;43227;43226;5575;43229;44424;44464;5623;5622;44444;5737;3674	7860	7531	8132	8404	6358.5	7411.5	3758	5213.5	5994	4949	7734.5	8595.5	8094	2711.5	3936.5	5325.5	5685	3121	6531	8478	7166	5376	8070	5806	113956.5	5.697.825
ORTHO009251	RHOMBOID-like protein 13	AT3G59520	16021;31224;44425;5575;16020;6508;19538;43170;71704;8152;8150;44238;4252;4175;70011;8233;16787;3824;3674;8236;17171	7861	6500	8279.5	8698	7245.5	6529	8738.5	2772	2465.5	7441.5	7594	6981	1352	7300	8404	5325.5	7113.5	5452.5	7831	8691.5	2264.5	7520.5	8026.5	8092	119895	5994.75
ORTHO008986	Putative methyltransferase family protein	AT1G63855	8168;16741;16740;3824;3674;8152;8150;32259;5575	7862	7160	7849.25	7836.5	7947.5	6085.5	3628.5	5213.5	6823.5	5239.5	7734.5	2467.5	8094	2711.5	3936.5	5325.5	5685	3121	6531	8551.5	7166	5376	8070	5806	107566.5	5.378.325
ORTHO008797	Rubisco methyltransferase family protein	AT1G14030	9570;9532;44435;44444;44424;44464;5575;5623;5622;5737;44446;44422;43226;43229;9536;43231;43227;44434;9507;30785;8757;8168;16741;16740;3824;3674;8152;8150;32259;16279;16278;8170;8276;6479;43414;44260;43170;71704;44237;9987;43412;8213;6464;36211;19538;44238;44267;18022;18205;18193;18023;18026	7863	6504	7474	7085	7245.5	5904	8162.5	5568.5	8914.5	3425.5	3136.5	3686.5	7963	2711.5	3936.5	3976.5	5108	3121	5851	8478	5422.5	5603	5407	5601	101977	5098.85
ORTHO010082	RNA-binding CRS1 / YhbY (CRM) domain protein	AT2G28480	3723;3676;1901363;5488;3674;97159;8150;9507;9536;43231;43227;43226;5575;43229;44424;44464;5623;5622;44444;5737	7864	8712	7953	8042	8619	6707.5	2528	7588.5	5484	6065.5	8487.5	6998.5	5066	590	2163.5	8925	6409	1114.5	6327	7138.5	8438.5	2837	8115.5	8552	109536	5476.8
ORTHO004608	ARM repeat superfamily protein	AT2G13540	51028;50658;50657;15931;71705;6810;51234;51179;8150;71702;51236;6403;33036;48574;48571;9648;9416;9314;9628;50896;48573;10228;3006;32502;22414;48608;48856;61458;48731;7275;44767;44699;44707;32501;9791;6412;43043;43604;43603;34641;6807;8152;44237;9987;44271;44249;9058;6518;1901564;71704;1901566;1901576;44267;19538;43170;44238;44260;34645;9059;10467;9887;9653;48513;45292;398;6397;16071;16070;90304;6139;46483;6725;1901360;6396;377;375;8380;394;6370;9452;36260;5846;34518;43234;32991;5575;44424;44464;5623;5622;339;3723;3676;1901363;5488;3674;97159;5634;43231;43227;43226;43229;31053;34470;34660;35196;70918;31050;44763;44710;71359;71407;14070;10033;42221;71310;70887;51716;43331;1901698;1901699;31047;16458;10629;10605;9892;48519;50789;65007;19222;60255;10468;35195;35194;16441;10608;40029;9737;9725;9719;33993;97305;1901700;1101;5515	7865	6650	6635	5405	7662	5833.5	3327	5957	6823.5	1800	1981	2291.5	8380	2711.5	4462	3976.5	831.5	3949	7153	8025.5	6810.5	5789.5	4586	7376.5	92065	4603.25
ORTHO009455	root hair initiation protein root hairless 1 (RHL1)	AT1G48380	42023;44786;6261;6260;6259;44260;43170;71704;8152;8150;44237;9987;90304;6139;46483;6725;1901360;34641;6807;44238;34645;9059;1901576;9058;44249;22402;44763;44699;7049;44711;44710;5515;5488;3674;5730;44428;44446;44422;5575;43226;44424;44464;5623;5622;43229;5634;43231;43227;43232;43228;31981;70013;43233;31974;48766;904;902;32989;16043;71840;9653;32502;48856;48869;44767;48468;30154;48765;10053;90627;10015;48364;48513;48731;7275;44707;32501;22622;90558;9888;48764;48469;21700;10054;3677;3676;1901363;97159	7866	7894	4122	378	6857.5	3831.5	3025	3522	4123.5	6687	5093.5	7676	1352	138	136.5	3099	2732	203.5	1748	2496	2701	193	447.5	579	49784	2489.2
ORTHO010032	NAD(P)-binding Rossmann-fold superfamily protein	AT5G52810	5212;5198;3674;3824;8152;8150;9507;9536;43231;43227;43226;5575;43229;44424;44464;5623;5622;44444;5737	7867	8363	7809	7751	8471	6227.5	3327	7935.5	7046.5	3055	8167.5	8654.5	3033.5	1184.5	2910	8358	6298	867.5	6897.5	6103	8153	3609.5	7089	7860.5	106777.5	5.338.875
ORTHO008665	solute:sodium symporters	AT5G45380	6995;9267;31669;31667;9991;9605;50896;8150;31668;51716;9987;71496;7154;44763;44699;42594;6950;33554;43562;16021;31224;44425;5575;16020;15293;15291;22804;22857;5215;3674;6810;51234;51179;55085;44765;1902578;5886;44464;5623;71944;71918;15840;42886;71705;19755;71702;15204;42887;22891;22892;35725;98662;98660;34220;6811;98655;6812;6814;15672;30001;15370;15294;8324;15075;15081;15077;22890;46873	7868	5789	7466.5	7065	6534	6023.5	5466	5957	8149.5	1709.5	6763.5	3422.5	6227	1800.5	5034.5	3976.5	6162	3949	6835.5	4392	7052	6129	6467.5	6281	101798	5089.9
ORTHO010839	unknown protein	AT5G15802	8150;3674;5576;5575	7869	8365	7964.5	8060	8471	6313	7600	7935.5	5144	6213.5	8232.5	8654.5	1352	906.5	2396.5	8358	6549	663.5	7197.5	6001	7052	4067	7156	7952.5	109744.5	5.487.225
ORTHO009968	Chalcone-flavanone isomerase family protein	AT1G53520	9813;9812;71704;8152;8150;1901576;9058;6631;44255;6629;44710;44699;44238;44763;9987;44237;32787;19752;43436;6082;44281;9570;9532;44435;44444;44424;44464;5575;5623;5622;5737;44446;44422;43226;43229;9536;43231;43227;44434;9507;45430;16872;16853;3824;3674;5504;33293;31406;43177;36094;5488;43168;43167;8289	7870	7384	8127	8384	8139.5	8600	6132	6264	1691	8006.5	3526	5741.5	1352	7101	8061.5	6712.5	6409	4595	5851	3546.5	7489.5	7183	8405	7028	113695	5684.75
ORTHO008230	Protein kinase superfamily protein	AT5G26110	NA	7871	6438	6003.5	4136	7245.5	5580	3628.5	5957	2264	1058	4121.5	4018.5	1352	2711.5	4462	3976.5	5864.5	6265.5	7042	7871	1039	5924	6040	6379.5	85555	4277.75
ORTHO010505	aberrant lateral root formation 4	AT5G11030	5634;43231;43227;43226;5575;43229;44424;44464;5623;5622;5829;44444;5737;10102;10101;10015;44767;32502;8150;44699;9653;48856;48364;48513;48731;7275;44707;32501;22622;9886;9791;48528;48569;48527	7872	6741	6949.5	6027	7662	5090	5261.5	5568.5	5619	7183	3136.5	3686.5	7963	2711.5	3936.5	3976.5	5108	3121	5851	5160	5422.5	5603	5407	5601	95406	4770.3
ORTHO010714	Tetratricopeptide repeat (TPR)-like superfamily protein	AT1G71060	8150;5739;43231;43227;43226;5575;43229;44424;44464;5623;5622;44444;5737	7873	7491	8517	9161	6358.5	7749.5	8674.5	6573	6379.5	7620	8314	4467	8675.5	7213.5	8276	6712.5	6982.5	4809.5	7950	8891.5	8019	7420	8520	7721.5	140969	7048.45
ORTHO007447	AMP-dependent synthetase and ligase family protein	AT4G19010	16207;16405;16877;16874;3824;3674;8152;8150;16878;5524;35639;1901265;1901363;5488;97159;43168;43167;32559;30554;17076;166;36094;32555;32553;97367;32550;32549;1882;1883;6744;6743;6733;6732;51186;44237;9987;1901661;42180;71704;44281;44710;44699;44763;1901663;9108;51188;44249;9058;42181;44283;44711;1901576;5777;42579;43231;43227;43226;5575;43229;44424;44464;5623;5622;44444;5737;9507;9536	7874	8341	8009.5	8145	7662	6313	8843	7935.5	5144	3190.5	7040	8654.5	5338.5	906.5	2396.5	8358	6549	663.5	7197.5	6001	6908	3955.5	7156	7952.5	110503	5525.15
ORTHO007669	unknown protein	AT5G64680	5634;43231;43227;43226;5575;43229;44424;44464;5623;5622;3674;8150;5730;44428;44446;44422;43232;43228;31981;70013;43233;31974;16592;44451;5654;43234;32991	7875	7133	4088	301	7947.5	3938.5	6968	1547.5	1545.5	8934.5	5087	1471	3695.5	138	136.5	3099	2766	182.5	1706.5	2935	2650	157.5	208	344.5	47511	2375.55
ORTHO010565	Domain of unknown function (DUF1995)	AT3G20680	9507;9536;43231;43227;43226;5575;43229;44424;44464;5623;5622;44444;5737;8150;3674	7876	7496	8516.5	9157	8259	7812.5	9035.5	8640	8392	8398	8917	6404.5	1352	5770	638	5325.5	8953.5	6854.5	8930	9151	8850	8861	9022.5	8837	140144.5	7.007.225
ORTHO010472	tRNA/rRNA methyltransferase (SpoU) family protein	AT4G38020	6396;16070;44260;43170;71704;8152;8150;44237;9987;90304;6139;46483;6725;1901360;34641;6807;44238;10467;1510;43414;32259;43412;9451;9507;9536;43231;43227;43226;5575;43229;44424;44464;5623;5622;44444;5737;8168;16741;16740;3824;3674;3723;3676;1901363;5488;97159;8173	7877	6684	5434.25	2991.5	7662	4202.5	4698	4571	2645.5	8535.5	3596.5	7788	2969.5	2711.5	2023.5	3976.5	3521.5	2199.5	4059	5726.5	3870	3609.5	4279.5	4117.5	79101	3955.05
ORTHO009004	Tetratricopeptide repeat (TPR)-like superfamily protein	AT5G27270	8150	7878	5815	5635.5	3393	2982.5	3818.5	4341	5348	6124	8647.5	6343	5409	3313	1800.5	3265	3976.5	1266	2558	3553	6322.5	4226.5	3609.5	3061.5	4413.5	81396.5	4.069.825
ORTHO004647	ARM repeat superfamily protein	AT4G20060	9793;44702;22414;8150;44699;3006;32502;9790;44767;48856;7275;44707;32501;48316;48608;61458;48731;9791;10154;5634;43231;43227;43226;5575;43229;44424;44464;5623;5622	7879	7078	5632	3385	7947.5	760	7019.5	4025.5	2412.5	8934.5	4906.5	7191	6316	6170.5	2396.5	6020.5	9134.5	7637	2459.5	3431	662.5	561.5	545.5	757.5	81342	4067.1
ORTHO008288	N-acetylglucosaminylphosphatidylinositol de-N-acetylase family protein	AT2G27340;AT3G58130	5576;5575;3674;8150	7880	7819	6952.5	6025	6857.5	6227.5	5001	4734	5994	2787	3461	7144.5	5338.5	906.5	2910	8925	6298	663.5	5128	4956.5	6908	3609.5	6538.5	7860.5	95391.5	4.769.575
ORTHO009388	Tetratricopeptide repeat (TPR)-like superfamily protein	AT4G39620	9507;9536;43231;43227;43226;5575;43229;44424;44464;5623;5622;44444;5737;9793;44702;22414;8150;44699;3006;32502;9790;44767;48856;7275;44707;32501;48316;48608;61458;48731;9791;10154	7881	6690	5768	3655	7662	3309	8602.5	3345.5	7183.5	8934.5	5130.5	6651.5	8205.5	6125.5	1389	3976.5	2655	7471.5	2507	2185	635.5	553.5	365	3565	82791	4139.55
ORTHO008816	RNA-binding protein-related	AT4G28990	8270;46914;46872;43169;43167;5488;3674;8150;5634;43231;43227;43226;5575;43229;44424;44464;5623;5622	7882	6614	5669.5	3457	7245.5	4224.5	6813.5	2614.5	3366.5	8319	5726.5	7343	3048	7101	7582.5	3976.5	2213.5	3949	4263.5	1900	3778.5	729	947.5	3841	81737.5	4.086.875
ORTHO010161	unknown protein	AT5G64010	5634;43231;43227;43226;5575;43229;44424;44464;5623;5622;90332;10118;44763;9987;8150;44699;9414;9415;9628;50896;1101;42221;10035;1901700;6950;3674	7883	8266	7602	7321	7245.5	6227.5	3758	7935.5	5144	2257.5	8095	8654.5	5195	906.5	2396.5	8358	6298	663.5	6897.5	5062.5	6908	3754	7156	7860.5	103528	5176.4
ORTHO006187	unknown protein	AT3G17950	5634;43231;43227;43226;5575;43229;44424;44464;5623;5622;3674;8150	7884	8611	8426.5	8969	8795.5	6149	8911	8064.5	6493	4181	8566	5489.5	3446	6065	7377.5	8660.5	6925.5	2199.5	7901.5	6240	8580	5603	7868.5	8763	127484	6374.2
ORTHO009369	peptide-N-glycanase 1	AT5G49570	6289;6281;6259;44260;43170;71704;8152;8150;44237;9987;90304;6139;46483;6725;1901360;34641;6807;44238;6974;33554;51716;50896;6950;44763;44699;44710;10193;302;6979;1901700;42221;1101;10035;9751;14070;10033;46872;43169;43167;5488;3674;3684;3677;3676;1901363;97159;3824;10188;9636;224;16811;16810;16787;5737;44424;44464;5575;5623;5622;5634;43231;43227;43226;43229;5829;44444	7885	6693	4259	633	7662	3917	6265.5	3218	3933.5	8934.5	4107	6602.5	1352	138	136.5	3183	7708	963	284	2593.5	2376.5	129	68	166.5	56076	2803.8
ORTHO009085	Tetratricopeptide repeat (TPR)-like superfamily protein	AT5G01110	5739;43231;43227;43226;5575;43229;44424;44464;5623;5622;44444;5737	7886	6618	6888.25	5890.5	7245.5	5155.5	4118.5	5568.5	6712.5	4875	5973.5	3686.5	3359.5	2711.5	3936.5	3976.5	5108	3121	5851	8478	5422.5	5603	5407	5601	94665.5	4.733.275
ORTHO004162	ABC transporter 1	AT4G01660	15996;6787;51187;51186;44237;8152;8150;9987;44248;9056;6778;33013;46483;6725;1901360;71704;1901564;6807;33015;19439;44270;34641;1901361;1901575;1901565;46700;44763;44699;46149;44712;44710;42440;15994;5746;44455;44429;44444;44424;44464;5575;5623;5622;5737;44446;44422;43226;43229;5739;43231;43227;44425;16020;31966;31090;5740;31967;31975;70469;5743;19866;5215;3674;6810;51234;51179;17004;43623;6461;65003;43933;16043;71840;22607;44085;71822;70271;34622;16772;16740;3824	7887	7087	7955.5	8024	7947.5	5833.5	8400	5213.5	3895.5	6687	2809.5	7017.5	7963	2711.5	3936.5	8358	5561	3121	6531	5447	7052	5213.5	7946.5	5601	109298.5	5.464.925
ORTHO009755	NA	NA	NA	7888	8269	5988	4088	7245.5	6149	1068	7762	4253	1777	8095	632	2977	906.5	2163.5	8358	5864.5	663.5	8121	1609.5	6431	3453.5	6854	8159	85297	4264.85
ORTHO004813	Mitochondrial ribosomal protein L27	AT4G09012;AT5G40080	5840;30529;32991;5575;44424;44464;5623;5622;43232;43228;43226;43229;44444;5737;9507;9536;43231;43227;16772;16740;3824;3674;8152;8150;5739	7889	8822	8075.5	8262	8835.5	7324.5	8719.5	7527.5	5754	5003.5	8404	3950.5	4865.5	1184.5	5718	8925	6244	276.5	7950	6555.5	8153	1310	5541.5	8456	111863	5593.15
ORTHO006208	MUTL-homologue 1	AT4G09140	30983;3690;43566;3677;3676;1901363;5488;3674;97159;6298;6281;6259;44260;43170;71704;8152;8150;44237;9987;90304;6139;46483;6725;1901360;34641;6807;44238;6974;33554;51716;50896;6950;44763;44699;44710;7131;35825;6310;1903046;22402;7049;51321;3;7127;7126;280;48285;6996;16043;71840;1902589;32389;44428;44446;44422;5575;43226;44424;44464;5623;5622;43229;5634;43231;43227;32300;1990391;43234;32991;16887;17111;16462;16818;16817;16787;3824;48316;48608;3006;32502;22414;48856;61458;48731;7275;44767;44707;32501;44702;9791;10154;5712;44454;44427;5694;43232;43228;228;31981;70013;43233;31974;794;793;9555;48229;790;785;32390;795;6312;9845;90351;30674;5515;60090	7890	6396	8507.5	9125	7245.5	8968.5	8523	8395.5	8259	7298.5	8314	5543	1352	7213.5	8359	5325.5	6982.5	4887	7562	8551.5	7254	7332.5	7667.5	7721.5	135510	6775.5
ORTHO010492	unknown protein	AT4G37030	5576;5575;3674;8150	7891	8626	5809.5	3728	8471	3178.5	9062	3758.5	6379.5	8934.5	354.5	7296.5	2752.5	6004.5	2702.5	9043.5	5281.5	7507.5	2448	2635.5	3067.5	320.5	299	2121	83147.5	4.157.375
ORTHO010094	lipoyltransferase 2	AT1G04640	9107;6633;72330;46394;16053;6082;71704;8152;8150;44281;44710;44699;44763;9987;44237;44283;44711;9058;1901576;44249;19752;43436;32787;6631;44255;6629;44238;8610;9108;51188;51186;6732;44272;6790;18130;46483;1901362;1901360;9106;17118;16747;16746;16740;3824;3674;9249;18065;6464;36211;19538;43170;43412;44267;44260;5739;43231;43227;43226;5575;43229;44424;44464;5623;5622;44444;5737;16415;33819	7892	8059	7209	6526	7245.5	8834	5770.5	7762	7046.5	8934.5	3366.5	5327.5	4955.5	906.5	2023.5	5325.5	5864.5	1617	4830.5	2156.5	6431	3222.5	6282.5	7721.5	98378.5	4.918.925
ORTHO000498_1	RNA helicase; ATP-dependent; SK12/DOB1 protein	AT1G59760;AT2G06990	6401;44265;44260;43170;71704;8152;8150;44237;9987;9057;1901575;9056;44248;16070;90304;6139;46483;6725;1901360;34641;6807;44238;34655;19439;44270;1901361;46700;6364;34470;34660;6396;10467;16072;42254;22613;44085;71840;5634;43231;43227;43226;5575;43229;44424;44464;5623;5622;5524;35639;1901265;1901363;5488;3674;97159;43168;43167;32559;30554;17076;166;36094;32555;32553;97367;32550;32549;1882;1883;31125;43628;31123;3676;3724;4386;17111;16462;16818;16817;16787;3824;3723;8026;42623;16887;70035;5730;44428;44446;44422;43232;43228;31981;70013;43233;31974;5654;5829;44444;5737;10093;44702;22414;44699;3006;32502;10092;3002;7389;44767;44707;32501;7275;48645;48646;9653;48856;9887;48513;48731;48449;48444;48563;9886;9791;48569;48437;9908;90567;48608;61458;48367	7893	7661	5307	2721	8320.5	2097.5	8002.5	8279.5	8392	6235	7382.5	4239	1352	1375.5	4462	3023.5	3322.5	867.5	4968.5	6001	1943.5	1090.5	1361	3055	77450.5	3.872.525
ORTHO009651	Kelch repeat-containing F-box family protein	AT1G23390	8150;3674;5634;43231;43227;43226;5575;43229;44424;44464;5623;5622	7894	8063	8175.5	8457	7245.5	6898	7665	8028.5	5355.5	2702	7382.5	8763	5467.5	906.5	3047.5	8358	6825	867.5	5851	8214	7925	4873	7667.5	8258.5	115055.5	5.752.775
ORTHO004012	INVOLVED IN: biological_process unknown	AT4G04680;AT5G06350;AT5G27010	5634;43231;43227;43226;5575;43229;44424;44464;5623;5622;8150;9506;5911;30054;55044	7895	5808	5381.5	2868	5328	8007.5	8038	8279.5	4164	8647.5	7199	1954	4271.5	4206	6035	2080.5	7411.5	1114.5	85	4727.5	414.5	678.5	237	757.5	78308.5	3.915.425
ORTHO005896	proteinaceous RNase P 2	AT2G16650;AT4G21900	90502;90501;16070;44260;43170;71704;8152;8150;44237;9987;90304;6139;46483;6725;1901360;34641;6807;44238;90305;1682;8033;34470;34660;6396;10467;6399;6397;16071;5634;43231;43227;43226;5575;43229;44424;44464;5623;5622;4526;16891;4521;4519;4518;16788;16787;3824;3674;4540;16893;4549;43144;16074;5739;44444;5737;16020;5215;6810;51234;51179	7896	8227	7425	6954	7245.5	8227.5	7630.5	2985.5	5144	7584	1981	8654.5	5338.5	906.5	2396.5	8358	7599.5	663.5	1440.5	6148	7052	3955.5	6989	7952.5	101007	5050.35
ORTHO009017	Tetratricopeptide repeat (TPR)-like superfamily protein	AT1G13630	8150;3674;5739;43231;43227;43226;5575;43229;44424;44464;5623;5622;44444;5737	7897	8685	7774.5	7652	8619	7455.5	9029	7588.5	5851.5	7152	7999	2160	5066	590	2163.5	8925	6409	985	2122.5	4392	8400	2837	8115.5	8737.5	105978.5	5.298.925
ORTHO007358	thiamin biosynthesis protein; putative	AT1G22940	9228;42724;19438;6725;44237;8152;8150;9987;44249;9058;42723;6767;6766;44281;44710;44699;6790;44763;72527;46483;1901360;71704;34641;6807;1901564;72528;44271;18130;1901362;1901576;1901566;44272;42364;9110;44283;44711;6772;8902;16301;16772;16740;3824;3674;16310;6796;6793;16773;46872;43169;43167;5488;9570;9532;44435;44444;44424;44464;5575;5623;5622;5737;44446;44422;43226;43229;9536;43231;43227;44434;9507;8972;16776;9229;9108;51188;51186;6732;90407;19637;42357;4789;16765;5524;35639;1901265;1901363;97159;43168;32559;30554;17076;166;36094;32555;32553;97367;32550;32549;1882;1883	7898	7712	6649	5400	6664	6313	8054.5	4734	5754	5448.5	7040	4059.5	3059	2711.5	2396.5	5325.5	4464.5	1780	5128	5519.5	5422.5	3609.5	6538.5	4678.5	92037	4601.85
ORTHO010446	mitochondrial editing factor  18	AT5G19020	5739;43231;43227;43226;5575;43229;44424;44464;5623;5622;44444;5737;80156;16556;9451;16070;44260;43170;71704;8152;8150;44237;9987;90304;6139;46483;6725;1901360;34641;6807;44238;43412;16071;1900864;959;3674	7899	8542	7182	6465	8471	6898	7665	7935.5	5754	2642.5	7040	8654.5	5195	590	2163.5	8358	6549	663.5	4968.5	4527	1447	3374.5	5541.5	7952.5	97919.5	4.895.975
ORTHO003942	TBP-associated factor 2	AT1G73960	5634;43231;43227;43226;5575;43229;44424;44464;5623;5622;6367;6352;32774;9059;43170;71704;8152;8150;1901576;9058;16070;44260;44237;9987;90304;6139;46483;6725;1901360;34641;6807;44238;34654;19438;44249;44271;18130;1901362;6351;34645;97659;10467;6366;1075;983;981;3700;1071;3674;2001141;31326;9889;19222;50789;65007;31323;50794;51252;19219;80090;51171;60255;10556;6355;1903506;10468;2000112;6357;51123;70897;65004;71824;43933;16043;71840;34622;65003;22607;44085;44212;975;3677;3676;1901363;5488;97159;1067;9506;5911;30054;55044;3682;44877;5669;90575;44798;44428;44446;44422;5667;43234;32991;44451;5654;31981;70013;43233;31974;16591;55029;428;30880;61695;1990234;1902494;1129;1132;1083;1076;989;988;43565;45944;45893;10628;10604;9893;48518;1903508;1902680;51254;45935;31325;48522;51173;31328;9891;10557	7900	8300	8258	8616	7662	7116	8930	7935.5	6379.5	2642.5	8487.5	8763	5467.5	906.5	2910	8358	6825	867.5	7562	6197.5	7925	4873	7667.5	8258.5	118072	5903.6
ORTHO005808	5'-3' exonuclease family protein	AT3G52050	5634;43231;43227;43226;5575;43229;44424;44464;5623;5622;3677;3676;1901363;5488;3674;97159;4527;4518;16788;16787;3824;8152;8150;90305;90304;6139;46483;44237;9987;6725;1901360;71704;34641;6807;44238;43170	7901	8130	7688	7475	7245.5	6898	7665	3038.5	5355.5	3147	7382.5	8736.5	3152	906.5	2910	5325.5	6825	867.5	7562	6240	7925	4873	7667.5	8258.5	104735.5	5.236.775
ORTHO008233	Putative membrane lipoprotein	AT1G34245	5576;5575;10052;90627;30154;48869;44767;32502;8150;44699;44763;9987;10103;90626;9653;48856;90558;9888;9886;9791;44707;32501;7275;10016;48367;48731;10374;19901;19900;19899;5515;5488;3674;2000122;48581;48580;2000026;50793;50789;65007;51239;51241;48519;51093;2000038	7902	8699	4132	362	8619	3962.5	6944	3927.5	4073.5	8231.5	5074.5	1338	1352	138	136.5	3273.5	2707.5	85.5	1513	2409.5	2953	51.5	607	627	49405.5	2.470.275
ORTHO009772	Tetratricopeptide repeat (TPR)-like superfamily protein	AT2G01860	5739;43231;43227;43226;5575;43229;44424;44464;5623;5622;44444;5737;3674;8150	7903	7545	7048	6193	6358.5	5974	4698	7762	4865	8168.5	6343	5517.5	7031	2711.5	2396.5	5325.5	3836.5	1617	4663	7194	4946	2923.5	6194.5	4174.5	96341.5	4.817.075
ORTHO009597	Calcineurin-like metallo-phosphoesterase superfamily protein	AT1G18480	16787;3824;3674;8152;8150;4722;4721;16791;42578;16788;16311;6796;6793;44237;9987;6470;6464;36211;19538;43170;71704;44238;43412;44267;44260;5829;44444;44424;44464;5575;5623;5622;5737	7904	8083	4163	422	7245.5	3859	6958	3953	4123.5	6422.5	5025.5	1755.5	3637	138	136.5	3273.5	2742.5	85.5	1655.5	2986	2856.5	108	433.5	595.5	50745	2537.25
ORTHO010871	Tetratricopeptide repeat (TPR)-like superfamily protein	AT1G07740	5739;43231;43227;43226;5575;43229;44424;44464;5623;5622;44444;5737;8150;3674	7905	8441	7626	7347	8471	6382	3129.5	7935.5	7561.5	4016	7040	8654.5	5338.5	906.5	2163.5	8358	693.5	800	7281	6148	7568	4308.5	7435.5	8026	103746	5187.3
ORTHO004466	Expressed protein	AT3G01435	6357;6355;1903506;2001141;31326;9889;19222;50789;65007;8150;31323;50794;51252;19219;80090;51171;60255;10556;10468;2000112;5515;5488;3674;16592;44451;44428;44446;44422;5575;43226;44424;44464;5623;5622;43229;5634;43231;43227;5654;31981;70013;43233;31974;43234;32991;6351;34645;44260;43170;71704;8152;44237;9987;9059;1901576;9058;44249;97659;32774;16070;90304;6139;46483;6725;1901360;34641;6807;44238;34654;19438;44271;18130;1901362;10467;1104;1076;989;988;3712	7906	8992	7209	6512	8259	9108	8902.5	7372.5	4483.5	6856.5	8566	3034.5	2829	297.5	1910.5	8605.5	3836.5	398	8712	5637	5422.5	2677	4586	5007.5	98242.5	4.912.125
ORTHO007573	Calcineurin-like metallo-phosphoesterase superfamily protein	AT4G24730	5886;16020;5575;44464;5623;71944;4722;4721;16791;42578;16788;16787;3824;3674;8152;8150;16311;6796;6793;44237;9987;6470;6464;36211;19538;43170;71704;44238;43412;44267;44260;15706;71705;6810;51234;51179;15698;6820;6811;44765;1902578;44699;47734;16462;16818;16817;46872;43169;43167;5488;47631;10167;1901698;42221;50896;1101;10035;1901700	7907	8504	8059.5	8212	8471	6313	8843	7935.5	5484	5293	7040	7085	5066	906.5	2163.5	8925	6549	663.5	7197.5	5929.5	6908	3955.5	7156	7860.5	111274	5563.7
ORTHO009522	Amidohydrolase family	AT3G55850	48471;44444;44424;44464;5575;5623;5622;5737;5783;43231;43227;43226;43229;12505;16787;3824;3674;8152;8150;16810	7908	6343	6745.5	5583	7245.5	5833.5	4118.5	5568.5	5619	7377.5	7040	2467.5	1352	2711.5	3936.5	3976.5	5032.5	3121	5851	7012	5422.5	5603	5322	5601	92966	4648.3
ORTHO008603	Cyclophilin-like peptidyl-prolyl cis-trans isomerase family protein	AT1G26940	6457;9987;8150;5768;43231;43227;43226;5575;43229;44424;44464;5623;5622;44444;5737;12505;5802;98791;44431;44446;44422;5794;31984;413;18208;18193;6464;36211;19538;43170;71704;8152;44238;43412;44267;44260;44237;5783;5576;42277;33218;5488;3674;3755;16859;16853;3824	7909	7262	6707.5	5506	6194	5432.5	4118.5	4964	6379.5	3731	6543	2729	7743	2711.5	3521.5	5325.5	4870.5	2199.5	5851	8214	1287.5	4308.5	7404.5	5222.5	92557	4627.85
ORTHO000312_1	Leucine-rich repeat (LRR) family protein	AT5G49750;AT5G49760;AT5G49770;AT5G49780	5576;5575;7165;50794;50789;65007;8150;51716;9987;50896;7154;44763;44699;44700;23052;5886;16020;44464;5623;71944;6468;16310;6796;6793;44237;8152;6464;36211;19538;43170;71704;44238;43412;44267;44260;5773;43231;43227;43226;43229;44424;5622;44444;5737;16301;16772;16740;3824;3674;5524;35639;1901265;1901363;5488;97159;43168;43167;32559;30554;17076;166;36094;32555;32553;97367;32550;32549;1882;1883;7169;7167;7166;4674;4672;16773	7910	9002	7989	8068	9010.5	9152.5	1377.5	8973	6124	8934.5	435.5	8507.5	6456	3283.5	4842.5	8737.5	7051	1295.5	8894	3231	7386	1045	5171.5	8909.5	109807.5	5.490.375
ORTHO010553	BTB/POZ domain-containing protein	AT3G09030	16567;32446;70647;6464;36211;19538;43170;71704;8152;8150;44238;43412;44267;44260;44237;9987;5249;22843;5261;5216;15075;22891;22857;5215;3674;6810;51234;51179;55085;44763;44699;44765;1902578;22892;34220;6811;22838;15267;22803;8324;98655;6812;5244;22832;22836;51049;32879;50789;65007;34765;34762;50794;43269;5267;15079;15077;22890;15672;46873;30001;71805;98662;98660;71804;6813;8076;34705;34703;34702;1902495;98796;43234;32991;5575;44425;16020;1990351;16021;31224;98797;44459;44464;5623;5886;71944;5887;31226;51260;51259;6461;65003;43933;16043;71840;22607;44085;71822;70271;5634;43231;43227;43226;43229;44424;5622	7911	6271	8409	8907	7245.5	6761.5	5581	7156.5	6943.5	1189	7999	6961.5	8898	7300	8572	5325.5	901	6145	8141.5	5094	8153	7814.5	8290	8258.5	125485	6274.25
ORTHO004761	Structural maintenance of chromosomes (SMC) family protein	AT2G27170	51321;7049;44763;9987;8150;44699;3;7062;51276;6996;16043;71840;22402;1902589;819;98813;7059;5524;35639;1901265;1901363;5488;3674;97159;43168;43167;32559;30554;17076;166;36094;32555;32553;97367;32550;32549;1882;1883;5737;44424;44464;5575;5623;5622;51301;6281;6259;44260;43170;71704;8152;44237;90304;6139;46483;6725;1901360;34641;6807;44238;6974;33554;51716;50896;6950;44710;7064;1903047;278;70;7067;280;48285;8280;44427;44446;44422;43226;43229;5694;43232;43228;43234;32991;8278;793;16363;44428;5634;43231;43227;34399;31981;70013;43233;31974;9506;5911;30054;55044;3682;44877;785;775;98687;5819;44430;5856;15630	7912	6793	6919	5926	5439	4598.5	8616.5	8279.5	6379.5	7125	7040	6307.5	3122	6156	7432.5	2821	5685	963	4968.5	3815.5	3323	3111.5	3884	1263	94891.5	4.744.575
ORTHO001941_2	isoamylase 3	AT4G09020	9570;9532;44435;44444;44424;44464;5575;5623;5622;5737;44446;44422;43226;43229;9536;43231;43227;44434;9507;43169;43167;5488;3674;5983;9251;272;5976;5975;71704;8152;8150;44238;43170;16052;1901575;9056;9057;44042;44247;44264;44260;44237;9987;44262;44275;44248;5982;6073;9569;43036;19156;4133;3824;5977;44723;44710;44699;6112;15980;6091;55114;44763;4553;16798;16787;4556;16160	7913	8329	7274.5	6636	8471	7499.5	3327	7935.5	7561.5	5964.5	3269.5	4566	5195	906.5	2396.5	8925	6298	663.5	2623	6148	8153	2923.5	6040	8670.5	99066	4953.3
ORTHO000416_3	Ribosomal protein S5/Elongation factor G/III/V family protein	AT1G56070;AT3G12915	5774;44437;44444;44424;44464;5575;5623;5622;5737;44446;44422;43226;43229;5773;43231;43227;98588;31090;16020;98805;5730;44428;5634;43232;43228;31981;70013;43233;31974;6414;34645;44260;43170;71704;8152;8150;44237;9987;9059;1901576;9058;44249;6412;43043;43604;43603;34641;6807;44271;6518;1901564;1901566;44267;19538;44238;10467;9507;9536;5829;3924;17111;16462;16818;16817;16787;3824;3674;3746;8135;3723;3676;1901363;5488;97159;9409;9266;9628;50896;6950;5507;46914;46872;43169;43167;48046;5576;9506;5911;30054;55044;9735;9725;9719;10033;42221;5886;71944	7914	7811	6101.5	4289	8202.5	5351.5	6361.5	3065	3083	7916.5	6070	5960	4492.5	1184.5	1677.5	8358	3548.5	4154.5	6109.5	1724	1570.5	2213.5	5710.5	7792.5	86343.5	4.317.175
ORTHO009122	Cobalamin biosynthesis CobW-like protein	AT1G26520	8150;5634;43231;43227;43226;5575;43229;44424;44464;5623;5622;3674	7915	6682	4037.5	160	7662	3697.5	1765.5	3884	3957.5	821	5215	1471	3948.5	138	136.5	3232.5	2750	398	2052.5	3208	2924.5	281.5	969	438.5	41289	2064.45
ORTHO006242	RNA polymerase II; Rpb4; core protein	AT5G62950	5886;16020;5575;44464;5623;71944	7916	7814	5823.5	3731	6664	3178.5	4698	4734	7046.5	3303	3136.5	5172.5	4955.5	1184.5	2396.5	5325.5	8748.5	663.5	3504.5	7498.5	5265	1613	2479	8258.5	83161.5	4.158.075
ORTHO009106	unknown protein	AT4G37920	9507;9536;43231;43227;43226;5575;43229;44424;44464;5623;5622;44444;5737;9941;9526;31967;31975;44446;44422;44435;44434;9535;55035;42651;34357;16020;44436;9579;31976;31984;9534;3674;8150	7917	5810.5	7507.5	7098	2982.5	7116	3025	6142.5	7183.5	2472.5	6763.5	3218	6617.5	1800.5	960	3976.5	6409	3949	7042	8320	7386	6266	6854	6553	102054.5	5.102.725
ORTHO007400	triglyceride lipases	AT4G13550	9507;9536;43231;43227;43226;5575;43229;44424;44464;5623;5622;44444;5737;6629;71704;8152;8150;44710;44699;44238;5576;16787;3824;3674;4806;16298;16788;52689	7918	5900	7469.5	7021	2982.5	6529	3628.5	5957	6823.5	3844.5	6343	3422.5	6071.5	1800.5	4705.5	3976.5	5864.5	3750.5	6700.5	7871	6180.5	5924	6040	6057.5	101490.5	5.074.525
ORTHO009773	Pseudouridine synthase family protein	AT5G14460	3723;3676;1901363;5488;3674;97159;9451;16070;44260;43170;71704;8152;8150;44237;9987;90304;6139;46483;6725;1901360;34641;6807;44238;43412;5634;43231;43227;43226;5575;43229;44424;44464;5623;5622;5215;6810;51234;51179;9982;16866;16853;3824	7919	7584	5630.75	3342.5	6358.5	2406.5	5238	4640	4865	8063.5	2992.5	5191.5	7031	2711.5	2023.5	5325.5	4761	1780	4914	4925	5265	1656	2846	4413.5	81049	4052.45
ORTHO003710	Ubiquitin-like superfamily protein	AT4G05230	3674;5634;43231;43227;43226;5575;43229;44424;44464;5623;5622	7920	6249	8257	8594	5651.5	6739	5597.5	6831.5	7831	502	8450	5209	7189	8316	7844	5325.5	8342	5101.5	6835.5	4904	7568	5603	1581	7997	117766.5	5.888.325
ORTHO010518	Ubiquitin related modifier 1	AT2G45695;AT3G61113	32447;32446;70647;6464;36211;19538;43170;71704;8152;8150;44238;43412;44267;44260;44237;9987;2098;2097;6400;9451;16070;90304;6139;46483;6725;1901360;34641;6807;8033;34470;34660;6396;10467;6399;34227;3674;5737;44424;44464;5575;5623;5622;5829;44444	7921	8349	7341.5	6762	8471	6149	7507.5	7762	4865	2814	7999	4566	2984.5	906.5	2163.5	8358	5962.5	663.5	6389	5781.5	6431	3453.5	6854	8159	99769	4988.45
ORTHO009812	Encodes a plant-specific negative regulator of the APC/C complex. It is expressed during embryogenesis and early plant development and plays a key role in organ size control. Mutants are defective in mitosis I of pollen development; resulting in pollen without sperm nuclei.	AT1G32310	5515;5488;3674;45732;42176;9894;19222;50789;65007;8150;51246;80090;60255;51247;10604;9893;48518;9896;9556;48236;44702;22414;44699;3006;32502;51321;7049;44763;9987;3;48869;44767;48856;9555;48229;7275;44707;32501;10997;32403;44877;46621;48640;45926;48519;40008;51093;50793;48638;51241;51239;46620	7922	7498	6117.5	4313	6358.5	3593	8221	4826.5	1481	6785.5	7382.5	8362	3216	2711.5	3047.5	5325.5	1102.5	1494	528	5929.5	6180.5	4169	7048.5	5041.5	86445.5	4.322.275
ORTHO008573	Protein prenylyltransferase superfamily protein	AT1G10095	18342;97354;44237;8152;8150;9987;6464;36211;19538;43170;71704;44238;43412;44267;44260;8318;4659;16765;16740;3824;3674;5737;44424;44464;5575;5623;5622;5634;43231;43227;43226;43229;1990234;1902494;43234;32991	7923	8845	8397.5	8872	8984.5	6085.5	8930	7935.5	5994	7216	8537.5	5295.5	1352	7739.5	8404	9043.5	2896.5	1780	8472	5637	8580	4709	7244	8631	124482.5	6.224.125
ORTHO004436	Transducin/WD40 repeat-like superfamily protein	AT3G21060	5634;43231;43227;43226;5575;43229;44424;44464;5623;5622;166;36094;5488;3674;1901265;1901363;97159;10228;3006;32502;8150;22414;48608;48856;61458;48731;7275;44767;44699;44707;32501;9791;5834;1902494;43234;32991;98797;44459;44425;16020;5886;71944;98796;31234;19897;19898;9898;98562;98552;48188;35097;34708;1990234;44451;44428;44446;44422;5654;31981;70013;43233;31974	7924	7727	7141	6358	6664	8968.5	7843.5	7762	4231.5	8535.5	6070	8397	4492.5	906.5	1616	5325.5	3548.5	1494	5648	6632	3942	2433.5	5710.5	3721	97278	4863.9
ORTHO000993	Pectin lyase-like superfamily protein	AT3G15720;AT4G35670;AT5G17200;AT5G27530	46658;31226;44459;44464;5575;5623;44425;16020;5886;71944;31224;31225;71555;45229;16043;71840;8150;9987;71554;5576;10583;14070;10033;42221;50896;4650;4553;16798;16787;3824;3674;8152;9505;5618;30312;5975;71704;44238;16829	7925	9017	7536.75	7148.5	8919	9125.5	6845.5	9144	8906.5	8934.5	4107	3792.5	1352	6088.5	5746.5	8126.5	8966	1538.5	2952.5	2593.5	3157.5	448	2713	7860.5	102398.5	5.119.925
ORTHO000945_2	AMP-dependent synthetase and ligase family protein	AT2G04350	5783;43231;43227;43226;5575;43229;44424;44464;5623;5622;44444;5737;12505;9941;9526;31967;31975;44446;44422;44435;9536;44434;9507;1676;6631;44255;6629;71704;8152;8150;44710;44699;44238;44763;9987;44237;32787;19752;43436;6082;44281;6633;72330;46394;16053;44283;44711;9058;1901576;44249;8610;4467;15645;16877;16874;3824;3674;5794;5524;35639;1901265;1901363;5488;97159;43168;43167;32559;30554;17076;166;36094;32555;32553;97367;32550;32549;1882;1883	7926	7123	7760.5	7595	7947.5	6898	8221	4964	5355.5	7722.5	2992.5	2851	7743	2711.5	3521.5	8358	4870.5	2199.5	5851	8214	6180.5	4308.5	7335	5222.5	105520	5276
ORTHO010158	mannosyltransferase family protein	AT5G22130	16021;31224;44425;5575;16020;51301;44763;9987;8150;44699;30;16758;16757;16740;3824;3674;8152;97502;70085;44723;5975;71704;44238;44710;6506;6505;46488;6650;6644;19637;6793;44237;44255;6629;6796;46486;6664;1903509;1901135;6643;6661;46474;45017;8610;1901576;9058;44711;44249;8654;90407;6497;6464;36211;19538;43170;43412;44267;44260;42158;42157;34645;9059;9247;46467;1901137;5789;98588;31090;44422;43226;43227;44432;44444;44424;44464;5623;5622;5737;44446;43229;5783;43231;12505;42175;30244;51274;9250;33692;271;5976;16051;34637;44262;44264;6073;44042;51273;30243;51751;9832;42546;44085;71840;71554;71669;5739;9790;44767;32502;48856;7275;44707;32501	7927	5933	7990.5	8054	2982.5	4986.5	8474	6142.5	2628	8006.5	3948.5	8178.5	6731.5	7909	7487.5	5325.5	1356.5	4400	7042	3699	5637	6512.5	4843.5	6379.5	109688	5484.4
ORTHO009121	Pentatricopeptide repeat (PPR-like) superfamily protein	AT4G11690	9737;9725;9719;50896;8150;10033;42221;33993;97305;1901700;1101;5739;43231;43227;43226;5575;43229;44424;44464;5623;5622;44444;5737;80156;16556;9451;16070;44260;43170;71704;8152;44237;9987;90304;6139;46483;6725;1901360;34641;6807;44238;43412;16071;1900864;959	7928	8860	7861	7794	8849	7482.5	2703	7527.5	6225	6856.5	8450	3950.5	3002	401	5718	8925	8542.5	1114.5	8031	6860	8264.5	1026	3591.5	8456	107127	5356.35
ORTHO010026	unknown protein.	AT2G02148	NA	7929	8370	7741.5	7554	8471	2953.5	7507.5	7762	8847.5	8319	2216.5	8547	4955.5	906.5	2023.5	8358	5764.5	663.5	6327	5781.5	6431	3311	6854	7721.5	105250.5	5.262.525
ORTHO007562	4'-phosphopantetheinyl transferase superfamily	AT3G11470	8152;8150;18070;18209;18193;6464;36211;19538;43170;71704;44238;43412;44267;44260;44237;9987;18215;8897;16780;16772;16740;3824;3674;5829;44444;44424;44464;5575;5623;5622;5737;19878;9085;9067;9066;1901605;6520;1901564;6807;19752;43436;6082;44281;44710;44699;44763;1901607;8652;46394;16053;44283;44711;9058;1901576;44249;1901566;6553	7930	7860	6716	5502	6857.5	5016	4457	4734	7561.5	4278.5	7040	4386.5	5338.5	906.5	2396.5	5325.5	6298	1780	5027.5	7576.5	2641	3453.5	6467.5	7860.5	92545	4627.25
ORTHO001439	O-methyltransferase 1	AT5G54160	9506;5911;30054;5575;55044;5737;44424;44464;5623;5622;30744;8757;8168;16741;16740;3824;3674;8152;8150;32259;47763;8171;33799;46983;5515;5488;9809;9808;9698;19748;44710;44699;6725;44237;9987;1901360;71704;44763;9699;19438;44249;9058;1901362;1901576;44550;44711;5829;44444;5886;16020;71944;5634;43231;43227;43226;43229;30755;51555;51553;9813;9812;51552;42440;46148;1901617;1901615;51554	7931	8834	8229	8527	8984.5	7207	8704	7527.5	3813	6401	8404	8818.5	4865.5	590	5596.5	8925	6208.5	1051.5	7862.5	6555.5	7709	1466	5678	8957	116340	5817
ORTHO000999	unknown protein	AT1G15780	5634;43231;43227;43226;5575;43229;44424;44464;5623;5622;6351;34645;44260;43170;71704;8152;8150;44237;9987;9059;1901576;9058;44249;97659;32774;16070;90304;6139;46483;6725;1901360;34641;6807;44238;34654;19438;44271;18130;1901362;10467;6355;1903506;2001141;31326;9889;19222;50789;65007;31323;50794;51252;19219;80090;51171;60255;10556;10468;2000112;9751;14070;10033;42221;50896;1101;1901700;16592;44451;44428;44446;44422;5654;31981;70013;43233;31974;43234;32991	7932	7671	6850	5768	7947.5	8545	4698	4571	7455	8231.5	6173.5	7376	2927	2711.5	1758.5	5325.5	3682	1568.5	3553	6860	1352	2677	6040	8456	93961	4698.05
ORTHO005369	riboflavin kinase/FMN hydrolase	AT4G21470	9507;9536;43231;43227;43226;5575;43229;44424;44464;5623;5622;44444;5737;5524;35639;1901265;1901363;5488;3674;97159;43168;43167;32559;30554;17076;166;36094;32555;32553;97367;32550;32549;1882;1883;9398;9260;46390;19693;19637;71704;8152;8150;6793;44237;9987;1901135;6796;90407;1901576;9058;1901137;9165;1901293;6753;55086;6139;46483;6725;1901360;34641;6807;44238;44281;44710;44699;44763;34654;19438;44249;44271;18130;1901362;44711;9117;9259;9108;51188;51186;6732;42727;42726;1901564;1901566;9156;9161;9123;9124;46444;8531;16301;16772;16740;3824;16310;16773;287;46872;43169;9231;6771;6767;6766;42364;9110;44283;3919;70566;16779;16787	7933	8208	6727.5	5522	7245.5	6850	2881	7935.5	3875	5099.5	7382.5	4309	5467.5	906.5	3047.5	8358	1738.5	867.5	7509	7871	7860	1068	1523.5	8111.5	92661	4633.05
ORTHO010765	unknown protein	AT3G12345	9507;9536;43231;43227;43226;5575;43229;44424;44464;5623;5622;44444;5737;16853;3824;3674;8152;8150	7934	8382	7246.5	6559	8471	8371.5	7032	7656	6379.5	8934.5	5873	6271	2841.5	1184.5	1677.5	8358	4998.5	499	4059	5245.5	4668.5	1778.5	5710.5	7028	98566.5	4.928.325
ORTHO009534	non-intrinsic ABC protein 9	AT5G02270	5886;16020;5575;44464;5623;71944;5524;35639;1901265;1901363;5488;3674;97159;43168;43167;32559;30554;17076;166;36094;32555;32553;97367;32550;32549;1882;1883;6810;51234;51179;8150;80167;9628;50896;5737;44424;5622;16887;17111;16462;16818;16817;16787;3824;8152;5215	7935	6672	6552.5	5170	7662	1594	4341	5439.5	8705	5776	6543	4949	3235	2711.5	3521.5	3976.5	4761	2558	5128	6555.5	6180.5	4709	4927.5	5222.5	90834	4541.7
ORTHO009702	2-phosphoglycolate phosphatase 1	AT5G36700;AT5G36790	9570;9532;44435;44444;44424;44464;5575;5623;5622;5737;44446;44422;43226;43229;9536;43231;43227;44434;9507;8967;16791;42578;16788;16787;3824;3674;8152;8150;16311;6796;6793;44237;9987;5773;48046;5576;5634	7936	8273	4128	320	7245.5	3985.5	7155	3987	3855	5180.5	5031.5	1755.5	3674.5	138	136.5	3273.5	2759	85.5	1189.5	1869	2874	108	442.5	619	48119	2405.95
ORTHO006215	SAC3/GANP/Nin1/mts3/eIF-3 p25 family	AT3G54380	8150;3674;5634;43231;43227;43226;5575;43229;44424;44464;5623;5622;5739;44444;5737	7937	7028	7514.5	7092	7947.5	4865.5	7665	5121.5	2684.5	7485	7594	2255.5	3304.5	6971	7737.5	6712.5	4942.5	4154.5	6109.5	6555.5	302.5	4709	4586	8258.5	102014.5	5.100.725
ORTHO005718	unknown protein	AT2G43780	5737;44424;44464;5575;5623;5622;5739;43231;43227;43226;43229;44444;8150;3674	7938	7628	7558	7178	6358.5	7780	3863.5	5213.5	6584	3147	7734.5	2467.5	8094	2711.5	3936.5	5325.5	5685	3121	6897.5	8478	7166	4169	4434.5	5806	102614.5	5.130.725
ORTHO010009	Protein of unknown function (DUF3754)	AT2G46915	3674;9507;9536;43231;43227;43226;5575;43229;44424;44464;5623;5622;44444;5737;8150	7939	7538	5853	3767	6358.5	4344.5	4698	4462	5355.5	7916.5	3136.5	8397	2892	2711.5	1758.5	5325.5	3589	1538.5	4388	6754	4103	2541	5710.5	3771.5	83393	4169.65
ORTHO002598	Pectin lyase-like superfamily protein	AT2G19150;AT3G24130;AT5G18990	5576;5575;5618;30312;44464;5623;71944;9505;45330;16788;16787;3824;3674;8152;8150;45490;272;5976;5975;71704;44238;43170;16052;1901575;9056;9057;45488;10393;42545;71555;45229;16043;71840;9987;71554;30599;52689	7940	7983	8458	8976	6857.5	7207	5560.5	8821.5	8808.5	4804	3989.5	6717.5	4001	5445	1145.5	5325.5	7679.5	5056.5	8873	8756	8798.5	8927	8869	8980.5	127765.5	6.388.275
ORTHO010025	Cyclophilin-like peptidyl-prolyl cis-trans isomerase family protein	AT5G35100	18119;17014;6464;36211;19538;43170;71704;8152;8150;44238;43412;44267;44260;44237;9987;18198;18193;413;18208;6457;3755;16859;16853;3824;3674;31977;44436;44424;44464;5575;5623;5622;9579;9507;9536;43231;43227;43226;43229;44444;5737;42277;33218;5488	7941	8392	7880	7819	8471	6313	7600	7935.5	7561.5	5732.5	8232.5	4421	5338.5	906.5	2163.5	8358	6825	663.5	7197.5	6001	6908	2541	4806.5	7860.5	107365.5	5.368.275
ORTHO002537_2	alpha-N-acetylglucosaminidase family / NAGLU family	AT5G13690	5773;43231;43227;43226;5575;43229;44424;44464;5623;5622;44444;5737;9507;9536;4561;15929;4553;16798;16787;3824;3674;8152;8150;48316;48608;3006;32502;22414;48856;61458;48731;7275;44767;44699;44707;32501;44702;9791;10154	7942	6744	8121.25	8300.5	7662	6085.5	5925	6831.5	2814	6480	8514	2467.5	1352	6389.5	8359	5325.5	6955.5	5452.5	7676.5	3774.5	8300	6991	4549	8159	112401.5	5.620.075
ORTHO005310	DNA directed RNA polymerase; 7 kDa subunit	AT5G41010	418;55029;44428;44446;44422;5575;43226;44424;44464;5623;5622;43229;5634;43231;43227;428;30880;61695;1990234;1902494;43234;32991;44451;5654;31981;70013;43233;31974;5665;16591;419;46872;43169;43167;5488;3674;3677;3676;1901363;97159;6351;34645;44260;43170;71704;8152;8150;44237;9987;9059;1901576;9058;44249;97659;32774;16070;90304;6139;46483;6725;1901360;34641;6807;44238;34654;19438;44271;18130;1901362;10467;3899;34062;16779;16772;16740;3824	7943	8943	8264.5	8586	8984.5	6784	8978	8327.5	4551	8231.5	7886	8818.5	2877.5	401	4705.5	8737.5	6162	227	8539	6274.5	8019	2328.5	6624.5	8942.5	117415	5870.75
ORTHO008808	serine racemase	AT4G11640	9069;1901605;6520;1901564;71704;8152;8150;6807;19752;43436;6082;44281;44710;44699;44763;9987;44237;44238;6563;70178;46416;3941;16841;16840;16829;3824;3674;46872;43169;43167;5488;30378;47661;36361;16855;16854;16853;5524;35639;1901265;1901363;97159;43168;32559;30554;17076;166;36094;32555;32553;97367;32550;32549;1882;1883;8721	7944	6261	6632	5320	7245.5	6761.5	6375	2250	5994	4909.5	6543	3422.5	8380	2711.5	4462	3976.5	5108	3949	6785	727.5	7052	4169	1828	6210	91614	4580.7
ORTHO003869	Transmembrane amino acid transporter family protein	AT2G41190	16020;5575;6865;71705;6810;51234;51179;8150;46942;15849;44765;1902578;44699;71702;15711;6820;6811;5886;44464;5623;71944;16021;31224;44425;15171;46943;8514;8509;15075;22891;22857;5215;3674;55085;44763;9987;22892;34220;98656;5342;1903825;3333;5774;44437;44444;44424;5622;5737;44446;44422;43226;43229;5773;43231;43227;98588;31090;98805	7945	7822	6108	4271	8745.5	4035.5	7298.5	7084	5221.5	8934.5	5589	7723	2760	3408	1389	8358	3183	1440	3312.5	4727.5	3277	710	3299.5	4484	86234.5	4.311.725
ORTHO009564	Tetratricopeptide repeat (TPR)-like superfamily protein	AT4G21300	5739;43231;43227;43226;5575;43229;44424;44464;5623;5622;44444;5737	7946	8180	7335.5	6725	7245.5	8801	2951	7935.5	5144	5293	7040	4351.5	5338.5	906.5	2396.5	8358	630	1051.5	4607.5	7692.5	7489.5	4169	7335	8026	99516.5	4.975.825
ORTHO009839	ARM repeat superfamily protein	AT5G22820	5634;43231;43227;43226;5575;43229;44424;44464;5623;5622;8150	7947	7556	7904.5	7862	6358.5	6898	8162.5	4964	6225	5847	7382.5	4309	7743	2711.5	3521.5	5325.5	4761	2558	5851	8214	6431	4308.5	7335	5222.5	107770.5	5.388.525
ORTHO001305_2	replication protein A 1A	AT2G06510	6260;6259;44260;43170;71704;8152;8150;44237;9987;90304;6139;46483;6725;1901360;34641;6807;44238;34645;9059;1901576;9058;44249;6310;790;785;44427;44446;44422;5575;43226;44424;44464;5623;5622;43229;5694;43232;43228;32991;44454;44428;5634;43231;43227;228;31981;70013;43233;31974;51026;22607;16043;71840;44085;1903046;22402;44763;44699;7049;51321;3;7129;70192;51276;6996;1902589;7126;280;48285;45143;45132;98813;7059;7127;7131;35825;44710;46872;43169;43167;5488;3674;3677;3676;1901363;97159;6281;6974;33554;51716;50896;6950;48232;7276;44702;22414;48609;32504;32501;19953;44703;51704;7141;7140;9555;48229;7275;44767;32502;44707;48856	7948	8295	6694.5	5441	8471	1907.5	6688	7935.5	1691	5847	7040	7376	1352	1184.5	2396.5	8358	6549	867.5	7281	4527	8228.5	1910	3259.5	7860.5	92259	4612.95
ORTHO009939	Protein of unknown function (DUF167)	AT1G49170	16310;6796;6793;44237;8152;8150;9987;5634;43231;43227;43226;5575;43229;44424;44464;5623;5622;16301;16772;16740;3824;3674	7949	7560	7493	7037	6358.5	7116	7223	8127	5355.5	6050.5	7594	2553.5	7743	2711.5	3047.5	5325.5	5194	3121	6185.5	6148	340.5	4709	7611.5	5433.5	101590	5079.5
ORTHO003973	RmlC-like cupins superfamily protein	AT3G10080	46564;16831;16830;16829;3824;3674;8152;8150;6950;50896;33609;43648;19752;43436;6082;71704;44281;44710;44699;44763;9987;44237;5576;5575;5618;30312;44464;5623;71944	7950	8961	8271	8592	8884	7030	8793	8348	4551	7247	8314	8835.5	2885	1375.5	5775.5	8737.5	6244	241.5	8576	6148	8083.5	1985	5586.5	8942.5	117699	5884.95
ORTHO003600	RNA polymerase II transcription mediators	AT3G04740	45893;10628;10604;9893;48518;50789;65007;8150;19222;60255;10468;1903508;1903506;2001141;31326;9889;31323;50794;51252;19219;80090;51171;10556;1902680;51254;45935;31325;48522;51173;31328;9891;10557;6355;2000112;6357;16592;44451;44428;44446;44422;5575;43226;44424;44464;5623;5622;43229;5634;43231;43227;5654;31981;70013;43233;31974;43234;32991;9506;5911;30054;55044;9631;9409;9266;9628;50896;6950;9627;9814;98542;6952;51707;43207;9605;9607;51704;45087;6955;2376;1104;1076;989;988;3674;3712;8284;42127;70847;90575;44798;5667;16591;55029;428;30880;61695;1990234;1902494;5515;5488	7951	6320	7983	8015	7245.5	6417	4528.5	6323	7455	4615	2809.5	5372	1352	7213.5	8203.5	5325.5	8107.5	4809.5	7281	8478	6696	5603	1878.5	6732.5	109200.5	5.460.025
ORTHO001537_1	HEAT repeat-containing protein	AT5G01400	6396;16070;44260;43170;71704;8152;8150;44237;9987;90304;6139;46483;6725;1901360;34641;6807;44238;10467;5847;5849;44451;44428;44446;44422;5575;43226;44424;44464;5623;5622;43229;5634;43231;43227;5654;31981;70013;43233;31974;43234;32991;35194;16441;10608;10468;60255;19222;50789;65007;40029;16458;10629;10605;9892;48519;44763;44699;31047	7952	6655	8021	8090	7662	2425	4528.5	7192	7831	2284	7999	4309	3952.5	7448.5	8572	5325.5	6298	5626	8239.5	8756	2856.5	6429	1705	8258.5	110035.5	5.501.775
ORTHO000574	cruciferin 2	AT1G03880;AT4G28520;AT5G44120	326;325;5773;43231;43227;43226;5575;43229;44424;44464;5623;5622;44444;5737;322;9845;44707;32501;8150;44699;90351;9791;44767;32502;7275;71215;9737;9725;9719;50896;10033;42221;33993;97305;1901700;1101;71396;71310;70887;51716;9987;32870;71495;97306;1901701;71229;10431;44702;22414;48609;32504;3;3006;21700;48316;48608;48856;61458;48731;10154;45735;3674;9735;42735;9793;9790;5634	7953	9152	6536	5119	9156	3040	5176	9131	4953	8934.5	3269.5	9153.5	4865.5	310.5	5836.5	9129.5	9134.5	151	2654.5	738.5	3539	250.5	1289.5	9087	90644	4532.2
ORTHO001674	ATP-dependent helicase family protein	AT1G08060	31047;16458;10629;10605;9892;48519;50789;65007;8150;19222;60255;10468;44763;9987;44699;42803;42802;5515;5488;3674;46983;6344;51276;6996;16043;71840;6342;45814;40029;45892;1903507;1903506;2001141;31326;9889;31323;50794;51252;19219;80090;51171;10556;1902679;51253;45934;51172;31324;48523;31327;9890;10558;6355;2000112;2000113;5524;35639;1901265;1901363;97159;43168;43167;32559;30554;17076;166;36094;32555;32553;97367;32550;32549;1882;1883;5634;43231;43227;43226;5575;43229;44424;44464;5623;5622;6351;34645;44260;43170;71704;8152;44237;9059;1901576;9058;44249;97659;32774;16070;90304;6139;46483;6725;1901360;34641;6807;44238;34654;19438;44271;18130;1901362;10467;46872;43169;51537;51536;51540;4386;17111;16462;16818;16817;16787;3824	7954	8473	7329.5	6705	8471	5974	7483.5	7762	4645.5	3695	3366.5	4566	4793	906.5	1910.5	8358	8680.5	663.5	6265.5	5726.5	6431	2923.5	6709	8552	99412	4970.6
ORTHO003098	RNAligase	AT1G07910	6414;34645;44260;43170;71704;8152;8150;44237;9987;9059;1901576;9058;44249;6412;43043;43604;43603;34641;6807;44271;6518;1901564;1901566;44267;19538;44238;10467;3972;8452;16886;16874;3824;3674;5524;35639;1901265;1901363;5488;97159;43168;43167;32559;30554;17076;166;36094;32555;32553;97367;32550;32549;1882;1883;51731;16773;16772;16740;19205;16301;16310;6796;6793;5634;43231;43227;43226;5575;43229;44424;44464;5623;5622;6388;394;8380;6396;16070;90304;6139;46483;6725;1901360;8033;34470;34660;6399;3746;8135;3723;3676;4113;4112;8081;42578;16788;16787	7955	8781	7398.5	6842	8678	5319	8602.5	7435.5	5258	6288	1414	4752.5	4793	906.5	1677.5	8925	5764.5	1332.5	8625.5	6322.5	7636	1090.5	5762.5	8367.5	100273	5013.65
ORTHO008161	effector of transcription2	AT5G56780	97100;43566;3677;3676;1901363;5488;3674;97159;5634;43231;43227;43226;5575;43229;44424;44464;5623;5622;2000033;2000034;80050;48580;2000026;50793;50789;65007;8150;51239;2000241	7956	6658	5521.25	3086.5	5748	4042.5	6922.5	4396	5619	8934.5	5577	6240	6227	3283.5	1549	3976.5	3299	1568.5	4016	3676.5	467.5	3026	3466.5	3366.5	79654	3982.7
ORTHO005817	Pentatricopeptide repeat (PPR) superfamily protein	AT4G34830	48255;43488;43487;10608;10468;60255;19222;50789;65007;8150;65008;43489;9507;9536;43231;43227;43226;5575;43229;44424;44464;5623;5622;44444;5737	7957	5959	6450.25	4943.5	6664	4758	8076	5439.5	6225	6156.5	6543	2803.5	5740	1800.5	3521.5	3976.5	4998.5	2724.5	5851	6555.5	1982	4423	3383	4801	89758.5	4.487.925
ORTHO003234	3beta-hydroxysteroid-dehydrogenase/decarboxylase isoform 1	AT1G47290;AT2G26260	47012;16616;16614;16491;3824;3674;8152;8150;55114;44710;44699;16021;31224;44425;5575;16020;5789;98588;31090;44422;43226;43227;44432;44444;44424;44464;5623;5622;5737;44446;43229;5783;43231;12505;42175;6694;1901362;1901360;71704;1901576;9058;8202;6629;44238;8610;44711;3854;33764;16229	7958	7944	6987	6016	6857.5	6966	5001	4964	2301	4564.5	7382.5	8441	5740	906.5	3047.5	5325.5	6825	867.5	5851	5062.5	1440.5	4970.5	7435.5	8258.5	95350.5	4.767.525
ORTHO000982	Mitochondrial transcription termination factor family protein	AT4G19650;AT5G06810;AT5G45113	3690;43566;3677;3676;1901363;5488;3674;97159;5634;43231;43227;43226;5575;43229;44424;44464;5623;5622;5739;44444;5737;6355;1903506;2001141;31326;9889;19222;50789;65007;8150;31323;50794;51252;19219;80090;51171;60255;10556;10468;2000112;9536	7959	8773	4244	529	8713	3768.5	6989.5	4044.5	4418	7407.5	4993	5053	1352	138	136.5	6020.5	2615.5	61	1612.5	2092	2270.5	66.5	101.5	56.5	53197	2659.85
ORTHO001001	alpha-amylase-like	AT4G25000	5576;5575;5509;46872;43169;43167;5488;3674;4556;16160;4553;16798;16787;3824;8152;8150;5975;71704;44238;9737;9725;9719;50896;10033;42221;33993;97305;1901700;1101;9739;48046	7960	9097	6952.5	5945	9099	9161	8983	2545	3504.5	8934.5	4374.5	7688	1352	5210.5	5661	7419	2304.5	298	8354.5	3377.5	3103	579	3149	8998.5	94997	4749.85
ORTHO009620	FUNCTIONS IN: molecular_function unknown	AT2G17695	9507;9536;43231;43227;43226;5575;43229;44424;44464;5623;5622;44444;5737;9941;9526;31967;31975;44446;44422;44435;44434;8150;3674	7961	6296	8393.5	8826	7245.5	8334.5	4341	6741	7325.5	7584	3136.5	5543	8675.5	7213.5	8316.5	5325.5	1155.5	4887	6185.5	8590.5	7254	7332.5	7667.5	7721.5	123330.5	6.166.525
ORTHO006807	maternal effect embryo arrest 18	AT2G34090	48868;3006;32502;8150;22414;48856;9856;44703;51704;44706;32501;3674;5575;9793;44702;44699;9790;44767;7275;44707;48316;48608;61458;48731;9791;10154	7962	6212	6761.5	5561	7245.5	6085.5	5450	5957	2202	1999	1211	8150	1352	2711.5	4462	3976.5	6162	4747.5	7042	4664.5	7254	6129	6467.5	6850.5	92873.5	4.643.675
ORTHO000285_2	aldehyde dehydrogenase 2C4	AT3G24503	4028;16620;16903;16491;3824;3674;8152;8150;55114;44710;44699;9699;19438;6725;44237;9987;44249;9058;1901362;1901360;71704;1901576;44550;19748;44711;9698;44763;5737;44424;44464;5575;5623;5622;5829;44444;50269;4030;4029	7963	7287	7866	7769	7947.5	8743	7744.5	5568.5	4865	4955.5	6543	4162.5	7743	2711.5	3721.5	8358	4666	4400	6109.5	4904	1311.5	4423	7611.5	8332.5	106874	5343.7
ORTHO010091	Putative lysine decarboxylase family protein	AT1G50575	8152;8150;9507;9536;43231;43227;43226;5575;43229;44424;44464;5623;5622;44444;5737;16831;16830;16829;3824;3674	7964	7480	8505.5	9047	6358.5	7863	9071	8719.5	2367.5	3610	8910.5	9106.5	1352	5739.5	599	5325.5	7809	7117	8987	8478	8967.5	8894	8976.5	8875.5	130768.5	6.538.425
ORTHO009602	ZCW7	AT1G59600	5634;43231;43227;43226;5575;43229;44424;44464;5623;5622;3674;8150	7965	6309	5944	3923	7245.5	4056	7830.5	5077	5258	7916.5	5685.5	6883.5	6227	2711.5	1354.5	3976.5	3141.5	1669.5	3653	5337	3511.5	3111.5	3581	3383	84364.5	4.218.225
ORTHO010600	P-loop containing nucleoside triphosphate hydrolases superfamily protein	AT1G03030	5737;44424;44464;5575;5623;5622;4849;19206;19205;16301;16772;16740;3824;3674;8152;8150;16310;6796;6793;44237;9987;9165;1901293;90407;19637;71704;1901576;9058;6753;55086;6139;46483;6725;1901360;34641;6807;44238;44281;44710;44699;44763;34654;19438;44249;44271;18130;1901362;44711;9117;6222;9220;9260;46390;19693;1901135;1901137;9259;9218;6220;72527;1901564;6221;72528;1901566;9174;9173;9161;9123;9129;9130;9124;9156;46132;46131;9119;9116;1901657;6213;46134;9163;1901659;42455;46049;5829;44444;6206;9112;43097;43174;43094;8655;5524;35639;1901265;1901363;5488;97159;43168;43167;32559;30554;17076;166;36094;32555;32553;97367;32550;32549;1882;1883;9507;9536;43231;43227;43226;43229	7966	6478	8006.5	8047	7245.5	6966	8474	5957	8178.5	3267	6763.5	3218	8380	2711.5	4462	3976.5	6409	3949	6897.5	3129.5	7254	6182.5	6538.5	6883	109597	5479.85
ORTHO009491	NA	NA	NA	7967	8110	7748	7529	7245.5	5773	5917.5	9110	9094	8934.5	4997	4018.5	1352	5917.5	1549	6020.5	9163	8728.5	8098.5	7498.5	1540	163	151.5	7028	105054.5	5.252.725
ORTHO010119	HAD-superfamily hydrolase; subfamily IG; 5'-nucleotidase	AT2G23890	16787;3824;3674;8152;8150;8253;8252;16791;42578;16788;16311;6796;6793;44237;9987;9507;9536;43231;43227;43226;5575;43229;44424;44464;5623;5622;44444;5737;46872;43169;43167;5488	7968	5928	8501.5	9035	2982.5	6529	4587.5	6864	7455	4042.5	3526	8949.5	7258.5	8210.5	7885	5325.5	7113.5	5452.5	7862.5	8025.5	7709	7637.5	8163.5	7376.5	129973.5	6.498.675
ORTHO009201	Nucleotidylyl transferase superfamily protein	AT2G25840	9570;9532;44435;44444;44424;44464;5575;5623;5622;5737;44446;44422;43226;43229;9536;43231;43227;44434;9507;5524;35639;1901265;1901363;5488;3674;97159;43168;43167;32559;30554;17076;166;36094;32555;32553;97367;32550;32549;1882;1883;6436;6418;43039;6399;34660;16070;44260;43170;71704;8152;8150;44237;9987;90304;6139;46483;6725;1901360;34641;6807;44238;43038;6520;1901564;19752;43436;6082;44281;44710;44699;44763;6412;43043;43604;43603;44271;44249;9058;6518;1901566;1901576;44267;19538;34645;9059;10467;48481;3006;32502;22414;48856;35670;48608;61458;48731;7275;44767;44707;32501;48440;48827;48367;48437;44702;48569;48513;9908;90567;9791;48467;48438;4830;4812;16876;16875;16874;3824;5739	7969	6289	8201.5	8434	5651.5	2501	5614.5	6323	2069	5122.5	6763.5	5699	8519	7101	8138	5325.5	6648.5	4747.5	7281	4664.5	6180.5	7061.5	7435.5	7315.5	114510.5	5.725.525
ORTHO001337_1	deoxyhypusine synthase	AT5G05920	5634;43231;43227;43226;5575;43229;44424;44464;5623;5622;8612;18205;18193;6464;36211;19538;43170;71704;8152;8150;44238;43412;44267;44260;44237;9987;44763;44699;44711;9058;44710;50983;44712;9056;1901607;1901605;6520;1901564;6807;19752;43436;6082;44281;8652;46394;16053;44283;1901576;44249;1901566;46203;8216;97164;6595;6576;44106;9308;34641;6598;42402;9310;1901565;1901575;42398;6575;34038;16765;16740;3824;3674;9553;48229;7275;44767;32502;44707;32501;48856	7970	6996	7475.5	6981	7947.5	6723	7032	2962.5	3504.5	4412	3879	5209	1352	7213.5	8203.5	6712.5	6752	5720	7153	1248	280	7259	8247	7315.5	101178	5058.9
ORTHO008540	TLC ATP/ADP transporter	AT5G05310	5886;16020;5575;44464;5623;71944;9507;9536;43231;43227;43226;43229;44424;5622;44444;5737;16021;31224;44425;5524;35639;1901265;1901363;5488;3674;97159;43168;43167;32559;30554;17076;166;36094;32555;32553;97367;32550;32549;1882;1883;5471;5347;295;15216;15215;15605;1901677;22857;5215;6810;51234;51179;8150;55085;44763;9987;44699;44765;1902578;15748;71702;15932;22891;22892;15931;71705;1901679;6862;15865;51503;5346;1901505;1901264;15211;5337;1901642;15858;15860;72530;8514;8509;15075;34220;6811;98656;6820;15711;15867;15868;15217;15866;15301;15297;15291;22804	7971	7409	6371.75	4772.5	8202.5	2406.5	7085	4640	5484	5723.5	6763.5	7191	3048	2711.5	2702.5	5325.5	4135	1780	4914	3396.5	6578.5	3374.5	6413.5	5222.5	88895.5	4.444.775
ORTHO009524	glycine-rich protein	AT4G10330	5575;3674;8150	7972	6324	6514.5	5057	7245.5	1885	1672.5	3608	2849.5	7485	4349	3422.5	3455.5	7213.5	7999	5325.5	9097.5	6854.5	7042	3061	7568	1179	827.5	5433.5	90328	4516.4
ORTHO001457	NAD(P)-binding Rossmann-fold superfamily protein	AT3G03980;AT4G13180;AT5G18210	16491;3824;3674;8152;8150;55114;44710;44699;9507;9536;43231;43227;43226;5575;43229;44424;44464;5623;5622;44444;5737;46685;42221;50896;5515;5488	7973	9039	8403	8833	9043	7169.5	8994.5	9095	4573.5	5340.5	9078.5	4991	2910	504	5661	8737.5	7526.5	218.5	9031	8478	9055.5	4308.5	8700	9065.5	123438.5	6.171.925
ORTHO009693	Pseudouridine synthase family protein	AT1G20410	9982;16866;16853;3824;3674;8152;8150;5634;43231;43227;43226;5575;43229;44424;44464;5623;5622;1522;9451;16070;44260;43170;71704;44237;9987;90304;6139;46483;6725;1901360;34641;6807;44238;43412;3723;3676;1901363;5488;97159	7974	8348	8159.5	8345	8471	6810	8282	2838	6124	7152	8487.5	7450.5	5467.5	906.5	2910	8358	6752	867.5	7509	4630.5	7925	4780.5	7667.5	8159	113077	5653.85
ORTHO009368	NAD(P)-binding Rossmann-fold superfamily protein	AT3G18890	9941;9526;31967;31975;44464;5575;5623;44446;44422;43226;44424;5622;43229;43227;44435;44444;5737;9536;43231;44434;9507;9535;55035;42651;34357;16020;44436;9579;31976;31984;9534;15031;45184;51234;51179;8150;8104;33036;71702;6810;9570;9532;9706;9528;19866;31090;42170;31969	7975	6409	6653	5331	7245.5	2295.5	4341	5439.5	6225	5583	6543	4841.5	7743	2711.5	3521.5	3976.5	4548.5	2724.5	5128	6632	4321	4873	5021	5222.5	91691.5	4.584.575
ORTHO000539_2	amidase 1	AT1G08980	4040;16811;16810;16787;3824;3674;8152;8150;16884;16879;16874;43864;5829;44444;44424;44464;5575;5623;5622;5737;9684;42435;19438;6725;44237;9987;44249;9058;44271;34641;6807;18130;46483;1901362;1901360;71704;1901576;42430;1901564;1901566;72330;46394;16053;6082;44281;44710;44699;44763;44283;44711;19752;43436;32787;9851;42446;42445;10817;65008;65007;9850;9683;34754	7976	7740	7362	6748	6664	6149	7507.5	4640	5484	7350.5	6543	8258	4955.5	906.5	2163.5	5325.5	7324	1617	4830.5	7138.5	4946	3111.5	6194.5	5222.5	99667.5	4.983.375
ORTHO011089	unknown protein	AT4G02725	9507;9536;43231;43227;43226;5575;43229;44424;44464;5623;5622;44444;5737;3674;16020;8150	7977	7943	5566.5	3156	8202.5	3080.5	4928.5	3203	3771.5	8231.5	5788.5	6629	2796	1254	1549	5325.5	7557.5	1494	2843.5	6064.5	5170.5	1132	2928	6281	80028	4001.4
ORTHO010521	Arabinanase/levansucrase/invertase	AT1G26761	8150;3674	7978	8601	7765	7552	8471	5351.5	8704	8381.5	4788.5	6235	7886	4018.5	4865.5	590	1812.5	8358	6208.5	1051.5	5648	5369.5	8083.5	1910	7554.5	8420	105236.5	5.261.825
ORTHO001932_1	Nucleotide-diphospho-sugar transferases superfamily protein	AT2G02500	9570;9532;44435;44444;44424;44464;5575;5623;5622;5737;44446;44422;43226;43229;9536;43231;43227;44434;9507;19288;6090;32787;19752;43436;6082;71704;8152;8150;44281;44710;44699;44763;9987;44237;9240;46490;6644;19637;6793;44255;6629;44238;6796;8654;90407;1901576;9058;8610;44711;44249;8299;6720;19682;6081;1901135;50518;70567;16779;16772;16740;3824;3674	7979	6268	8458	8937	7245.5	6529	8645.5	6864	2611.5	2059	3526	5126	8859	7213.5	8404	6712.5	7091.5	5452.5	7862.5	8721.5	7709	7603.5	8163.5	7315.5	126469.5	6.323.475
ORTHO008022	DNA mismatch repair protein MutS; type 2	AT5G54090	6298;6281;6259;44260;43170;71704;8152;8150;44237;9987;90304;6139;46483;6725;1901360;34641;6807;44238;6974;33554;51716;50896;6950;44763;44699;44710;4519;4518;16788;16787;3824;3674;90305;16887;17111;16462;16818;16817;45910;51053;10605;9892;48519;50789;65007;19222;60255;45934;19219;80090;51171;31323;50794;51172;31324;48523;51052;18;30983;3690;43566;3677;3676;1901363;5488;97159;3684;5524;35639;1901265;43168;43167;32559;30554;17076;166;36094;32555;32553;97367;32550;32549;1882;1883;5634;43231;43227;43226;5575;43229;44424;44464;5623;5622	7980	6270	6317	4654	7245.5	3040	1720.5	3333.5	6823.5	8934.5	4758.5	7602.5	8519	6455	1910.5	3976.5	1860.5	7846	2469	3659	2993.5	6714	2171	3366.5	88153.5	4.407.675
ORTHO008884	Sas10/Utp3/C1D family	AT1G07840	3674	7981	6711	6399.5	4818	7662	2501	5327.5	9109	4045.5	8535.5	5320.5	3422.5	6456	2711.5	1812.5	5325.5	1432.5	8971.5	7742	3600	1357.5	3453.5	4026	3984	89134	4456.7
ORTHO010388	Phospholipid/glycerol acyltransferase family protein	AT3G05510	5739;43231;43227;43226;5575;43229;44424;44464;5623;5622;44444;5737;8152;8150;16746;16740;3824;3674	7982	6507.5	4711	1440	7245.5	3768.5	6430	5439.5	2465.5	4933	5836	4566	1352	3283.5	3721.5	3976.5	9070.5	1921.5	1642	860	100.5	2112.5	1072	5222.5	67773.5	3.388.675
ORTHO006054	Ribosomal RNA processing Brix domain protein	AT4G01560	5634;43231;43227;43226;5575;43229;44424;44464;5623;5622;5829;44444;5737;9793;44702;22414;8150;44699;3006;32502;9790;44767;48856;7275;44707;32501;48316;48608;61458;48731;9791;10154	7983	7296	6919	5855	7947.5	1885	6220	4266	7325.5	8934.5	4349	7432	1352	7101	7619.5	6712.5	8604.5	6183.5	1719	2835.5	2978	2433.5	2261.5	4291.5	94504	4725.2
ORTHO006982	Zn-dependent exopeptidases superfamily protein	AT5G20660	5783;43231;43227;43226;5575;43229;44424;44464;5623;5622;44444;5737;12505;8237;70011;8233;16787;3824;3674;8152;8150;6508;19538;43170;71704;44238	7984	7299	7621.5	7259	7947.5	5432.5	8109.5	8028.5	5355.5	2869.5	7382.5	2729	7743	2711.5	3521.5	5325.5	4761	2199.5	5851	8025.5	6180.5	4308.5	7335	5222.5	103092	5154.6
ORTHO008189	mediator subunit 8	AT2G03070	6351;34645;44260;43170;71704;8152;8150;44237;9987;9059;1901576;9058;44249;97659;32774;16070;90304;6139;46483;6725;1901360;34641;6807;44238;34654;19438;44271;18130;1901362;10467;50832;98542;6952;6950;50896;51707;43207;9605;9607;51704;9620;5634;43231;43227;43226;5575;43229;44424;44464;5623;5622;9909;48580;2000026;50793;50789;65007;51239;48831;2000241;16592;44451;44428;44446;44422;5654;31981;70013;43233;31974;43234;32991	7985	6776	7509.5	7034	7662	6085.5	3960	5698.5	6823.5	4961	7382.5	3686.5	8094	2711.5	3936.5	3976.5	5194	3121	6056.5	7299	5637	5603	5541.5	5806	101574	5078.7
ORTHO010184	Protein of unknown function (DUF1230)	AT5G11840	9507;9536;43231;43227;43226;5575;43229;44424;44464;5623;5622;44444;5737;3674;8150	7986	7731	5745.5	3505	5476.5	5211.5	5673.5	8212.5	8178.5	7782	7382.5	4724	4738	401	1432	3023.5	5764.5	867.5	4328.5	3747	3364.5	1358.5	2977	2850	82016.5	4.100.825
ORTHO001393_2	Protein of unknown function (DUF3550/UPF0682)	AT3G03570	6351;34645;44260;43170;71704;8152;8150;44237;9987;9059;1901576;9058;44249;97659;32774;16070;90304;6139;46483;6725;1901360;34641;6807;44238;34654;19438;44271;18130;1901362;10467;3714;3712;989;988;3674;1903506;2001141;31326;9889;19222;50789;65007;31323;50794;51252;19219;80090;51171;60255;10556;1903507;1902679;51253;10605;9892;48519;45934;51172;31324;48523;31327;9890;10558;5829;44444;44424;44464;5575;5623;5622;5737;5634;43231;43227;43226;43229	7987	7536	5850.5	3714	6358.5	6417	7250	2903.5	5994	7967.5	2992.5	4841.5	7121	2711.5	2702.5	5325.5	7542.5	1780	3904.5	3448	1311.5	1735	2657	4484	83089	4154.45
ORTHO007835	P-loop containing nucleoside triphosphate hydrolases superfamily protein	AT3G19720	5777;42579;43231;43227;43226;5575;43229;44424;44464;5623;5622;44444;5737;16559;48285;6996;16043;71840;8150;9987;7031;5525;35639;1901265;1901363;5488;3674;97159;43168;43167;32550;32549;1882;36094;97367;1883;32561;19001;17076;166;32555;32553;3924;17111;16462;16818;16817;16787;3824;8152;5515;9707;9527;31968;31090;16020;44422;19867;98805;31967;31975;44446;98588;42170;44435;9536;9526;31969;44434;9507;9941;5739;7623;48511;42802;10020;9658;9657;43572	7988	7313	6845.5	5703	8139.5	1926	8002.5	4734	7561.5	7722.5	6173.5	4386.5	3128	2711.5	2702.5	5325.5	4464.5	1780	5128	7576.5	5422.5	3609.5	6538.5	4678.5	93572	4678.6
ORTHO009444	S-adenosyl-L-methionine-dependent methyltransferases superfamily protein	AT3G13440	3676;1901363;5488;3674;97159;5737;44424;44464;5575;5623;5622;8276;8168;16741;16740;3824;8152;8150;32259;6479;43414;44260;43170;71704;44237;9987;43412;8213;6464;36211;19538;44238;44267	7989	6442	6438	4887	7245.5	5432.5	4341	5439.5	6379.5	7094.5	5788.5	2729	3250	2711.5	3521.5	3976.5	4548.5	2724.5	5128	6632	4668.5	4873	5021	5222.5	89482	4474.1
ORTHO007300	unknown protein	AT5G10320	3674	7990	6696	7230	6470	7662	6417	6781.5	5698.5	6712.5	1876	2653	3578.5	8205.5	2711.5	4233.5	3976.5	6099.5	3949	6327	5160	7786.5	5603	3997.5	6161.5	97928	4896.4
ORTHO002915	Eukaryotic release factor 1 (eRF1) family protein	AT3G58390;AT4G27650	6415;43624;43241;32984;43933;16043;71840;8150;9987;22411;44763;44699;71822;6412;43043;43604;43603;34641;6807;8152;44237;44271;44249;9058;6518;1901564;71704;1901566;1901576;44267;19538;43170;44238;44260;34645;9059;10467;3747;8079;8135;3723;3676;1901363;5488;3674;97159;71025;6401;44265;9057;1901575;9056;44248;16070;90304;6139;46483;6725;1901360;34655;19439;44270;1901361;46700;70481;956;6402;16071;70966;4519;4518;16788;16787;3824;90305;5634;43231;43227;43226;5575;43229;44424;44464;5623;5622;46872;43169;43167;5737;7126;280;48285;6996;1903046;22402;7049;51321;3;1902589	7991	8550	4918.5	1846	8713	4708.5	5223.5	9019.5	6660.5	6213.5	4399.5	1755.5	1352	488.5	1304	3976.5	7091.5	1386	3653	3483.5	3675	940	3581	2501.5	71413	3570.65
ORTHO010403	protein arginine methyltransferase 10	AT1G04870	5829;44444;44424;44464;5575;5623;5622;5737;19919;35247;35246;18216;6479;43414;44260;43170;71704;8152;8150;44237;9987;32259;43412;8213;6464;36211;19538;44238;44267;18195;18193;16277;16274;16273;8170;8168;16741;16740;3824;3674;8757;8276;35241;5634;43231;43227;43226;43229;10228;3006;32502;22414;48608;48856;61458;48731;7275;44767;44699;44707;32501;9791;35242;8469;42054;16571;16570;16569;16568;6325;43933;16043;71840;51276;6996;1902589;44763;44710;34969	7992	6410	6282.5	4573	7245.5	5432.5	4341	5439.5	6225	6687	2992.5	4949	3250	2711.5	3521.5	3976.5	4761	2558	5128	6555.5	4226.5	4780.5	4961.5	5222.5	87719.5	4.385.975
ORTHO010476	sequence-specific DNA binding transcription factors	AT2G36740	5634;43231;43227;43226;5575;43229;44424;44464;5623;5622;5515;5488;3674;43486;34728;6325;43933;16043;71840;8150;9987;51276;6996;71824;71822;43044;6338;16568;3677;3676;1901363;97159	7993	6497	7068	6143	7245.5	8545	3513	5957	8101	2472.5	2290	3422.5	8306	2711.5	4462	3976.5	7432	2558	418	7871	6180.5	5789.5	5649	6379.5	96034.5	4.801.725
ORTHO004143	tRNA synthetase beta subunit family protein	AT1G72550	6432;6418;43039;6399;34660;16070;44260;43170;71704;8152;8150;44237;9987;90304;6139;46483;6725;1901360;34641;6807;44238;43038;6520;1901564;19752;43436;6082;44281;44710;44699;44763;6412;43043;43604;43603;44271;44249;9058;6518;1901566;1901576;44267;19538;34645;9059;10467;9328;1902494;43234;32991;5575;44444;44424;44464;5623;5622;5737;5829;4826;4812;16876;16875;16874;3824;3674	7994	8752	6848	5702	8678	5799	2452	9072.5	2367.5	8231.5	1312.5	8873.5	5066	310.5	2023.5	8925	901	2199.5	8251.5	7194	1500	2608	8026.5	8456	93570	4678.5
ORTHO006667	Spc97 / Spc98 family of spindle pole body (SBP) component	AT5G17410	90063;10968;31113;32271;43254;44087;50789;65007;8150;51128;50794;31110;70507;51493;33043;32886;31116;32273;31334;51130;48522;48518;44089;31112;51495;10638;55028;44448;44444;44424;44464;5575;5623;5622;5737;5938;71944;5881;5874;44430;44446;44422;43226;43229;5856;43232;43228;43234;32991;15630;30981;30863;33566;34629;31503;8104;33036;51179;34613;70727;51641;930;44450;5815;5635;44428;5634;43231;43227;31967;31975;12505;48229;7275;44767;32502;44699;44707;32501;5515;5488;3674	7995	8702	8045.5	8096	8795.5	5974	8793	7588.5	7183.5	3448	7999	3912.5	3152	590	2023.5	8925	6409	1114.5	8059	7080	8400	2763	8115.5	8552	110082	5504.1
ORTHO003550	Transducin/WD40 repeat-like superfamily protein	AT1G19485	80008;31461;151;1990234;1902494;43234;32991;5575;44424;44464;5623;5622;6355;1903506;2001141;31326;9889;19222;50789;65007;8150;31323;50794;51252;19219;80090;51171;60255;10556;10468;2000112;5737;3677;3676;1901363;5488;3674;97159	7996	6596	6472	4948	5439	1926	8364	6978.5	4865	7782	3879	5810	4865.5	6206.5	7619.5	2821	3891.5	1888	7435.5	4060.5	4519	2608	3284.5	971.5	89775.5	4.488.775
ORTHO010594	phospholipid N-methyltransferase	AT1G80860	32259;8152;8150;5789;98588;31090;16020;5575;44422;43226;43227;44432;44444;44424;44464;5623;5622;5737;44446;43229;5783;43231;12505;44425;42175;773;8170;8168;16741;16740;3824;3674;8757;80101;6656;46470;97164;6807;42439;6066;1901615;71704;44281;44710;44699;44763;9987;6576;44106;9308;1901564;34641;44237;6650;6644;19637;6793;44255;6629;44238;6796;46486;46474;45017;8610;1901576;9058;44711;44249;8654;90407;46165;1901617;44283;1901566;9507;9536	7997	6542	7226	6455	7245.5	6643.5	3327	2460.5	8914.5	3485.5	6543	6797	8306	1800.5	4462	3976.5	1000	3949	6700.5	7871	6180.5	5603	3449	6379.5	97848.5	4.892.425
ORTHO008873	unknown protein	AT5G40600	9507;9536;43231;43227;43226;5575;43229;44424;44464;5623;5622;44444;5737;3674	7998	8397	7163	6328	8471	6085.5	6651.5	7588.5	4865	6785.5	6343	4566	4865.5	906.5	1910.5	8358	6208.5	663.5	6327	4131	6431	2112.5	4668	7656.5	97123.5	4.856.175
ORTHO009720	Encodes a pentatricopeptide repeat (PPR) protein required for the splicing of specific  group II introns. Null alleles are embryo lethal.	AT3G27750	9658;9657;6996;16043;71840;8150;9987;373;377;375;8380;6396;16070;44260;43170;71704;8152;44237;90304;6139;46483;6725;1901360;34641;6807;44238;10467;3723;3676;1901363;5488;3674;97159;9507;9536;43231;43227;43226;5575;43229;44424;44464;5623;5622;44444;5737	7999	8398	6309.5	4620	8471	2385.5	1577.5	8445	3632	8934.5	8947	7580	1352	5836	1304	8583	9119	3580	1655.5	2749	3222	268	218	8552	87940	4397
ORTHO010583	Thioredoxin superfamily protein	AT5G11640	NA	8000	6460	5613.5	3227	5748	3066	6860.5	7244.5	3735.5	8446	4265.5	3034.5	1352	8660.5	2396.5	3976.5	2460.5	8179	2837.5	3108	2573	1613	1235	5433.5	80477.5	4.023.875
ORTHO002280	Pre-mRNA-processing-splicing factor	AT1G80070;AT4G38780	5634;43231;43227;43226;5575;43229;44424;44464;5623;5622;9507;9536;44444;5737;380;398;6397;16071;16070;44260;43170;71704;8152;8150;44237;9987;90304;6139;46483;6725;1901360;34641;6807;44238;6396;10467;377;375;8380;386;3824;3674;30619;17069;3723;3676;1901363;5488;97159;244;387;22618;71826;43933;16043;71840;34622;65003;22607;44085;22613;71013;5681;44428;44446;44422;30529;32991;30620;5682;97525;30532;16020;30623;17070;97157;36002;9506;5911;30054;55044	8001	8514	8122.5	8244	8776.5	6227.5	8843	9087	5484	7274.5	8167.5	4467	5338.5	590	2163.5	8358	6298	663.5	7153	5929.5	6908	3754	7156	7860.5	111723	5586.15
ORTHO011132	CONTAINS InterPro DOMAIN/s: Mitochondrial distribution/morphology family 35/apoptosis (InterPro:IPR007918)	AT4G33100	3674;5634;43231;43227;43226;5575;43229;44424;44464;5623;5622;8150	8002	7906	5652	3302	8202.5	4114	7065	8656	5994	7485	5669.5	6717.5	2787	1321.5	1549	5325.5	2891.5	1450	3459.5	2455	3719.5	868	2536	6801.5	80865	4043.25
ORTHO009789	negative regulator of systemic acquired resistance (SNI1)	AT4G18470	10113;45824;31348;31347;80134;48583;50789;65007;8150;48585;48519;45088;50776;2682;50777;2683;43901;43900;2832;2831;32102;32101;10112;45892;1903507;1903506;2001141;31326;9889;19222;31323;50794;51252;19219;80090;51171;60255;10556;1902679;51253;10605;9892;45934;51172;31324;48523;31327;9890;10558;10629;10468;6355;2000112;2000113;16444;6310;6259;44260;43170;71704;8152;44237;9987;90304;6139;46483;6725;1901360;34641;6807;44238;9627;9814;98542;6952;6950;50896;51707;43207;9605;9607;51704;45087;6955;2376;5634;43231;43227;43226;5575;43229;44424;44464;5623;5622;44212;975;3677;3676;1901363;5488;3674;97159;1067;16570;16569;16568;6325;43933;16043;71840;51276;6996;6464;36211;19538;43412;44267;1902589;44763;44699;44710;5515	8003	7091	7969.5	7936	7947.5	5904	8324.5	5213.5	5619	2684.5	7199	2467.5	7963	2711.5	4124.5	5325.5	7469	3121	6531	8478	7052	5059	7611.5	5601	108459	5422.95
ORTHO007995	DNA polymerase epsilon subunit B2	AT5G22110	5634;43231;43227;43226;5575;43229;44424;44464;5623;5622;71897;6259;44260;43170;71704;8152;8150;44237;9987;90304;6139;46483;6725;1901360;34641;6807;44238;34645;9059;1901576;9058;44249;34654;19438;44271;18130;1901362;8622;44454;44427;44446;44422;5694;43232;43228;44428;228;31981;70013;43233;31974;42575;61695;1990234;1902494;43234;32991;43601;30894;32993;5657;43596;109;1990391;3887;34061;16779;16772;16740;3824;3674	8004	7398	8531.5	9059	8202.5	8095.5	4785	8705.5	8467	4601	3639.5	7421.5	9031.5	5739.5	599	5325.5	8964	6854.5	4263.5	9158	8935.5	8879	8930	8857.5	131252.5	6.562.625
ORTHO009766	Pentatricopeptide repeat (PPR-like) superfamily protein	AT1G03560	5739;43231;43227;43226;5575;43229;44424;44464;5623;5622;44444;5737;8150	8005	8410	7579	7153	8471	5974	7483.5	7762	4865	7722.5	7886	4566	2944.5	906.5	2023.5	8358	5561	663.5	6265.5	5726.5	6431	2923.5	6709	7656.5	102428	5121.4
ORTHO010181	Pentatricopeptide repeat (PPR) superfamily protein	AT1G03100	5739;43231;43227;43226;5575;43229;44424;44464;5623;5622;44444;5737;3674;8150	8006	7764	5462.5	2919	5476.5	4758	4698	8148	7978	4591	7382.5	5096	4617.5	401	1432	3023.5	5281.5	800	4016	5606	3309	1407.5	3649	2501.5	78696	3934.8
ORTHO010493	2-oxoglutarate (2OG) and Fe(II)-dependent oxygenase superfamily protein	AT4G02485	16706;16705;16491;3824;3674;8152;8150;55114;44710;44699;51213;5634;43231;43227;43226;5575;43229;44424;44464;5623;5622	8007	6474	6489.5	4972	7245.5	5211.5	6781.5	5813.5	1545.5	7916.5	7382.5	3578.5	3406.5	2711.5	3721.5	3976.5	8932.5	3580	6185.5	4956.5	5637	1985	759.5	5806	89887.5	4.494.375
ORTHO006225	MUTS-homologue 5	AT3G20475	795;44454;44427;44446;44422;5575;43226;44424;44464;5623;5622;43229;5694;43232;43228;44428;5634;43231;43227;228;31981;70013;43233;31974;794;793;710;1903046;22402;44763;9987;8150;44699;7049;51321;3;6298;6281;6259;44260;43170;71704;8152;44237;90304;6139;46483;6725;1901360;34641;6807;44238;6974;33554;51716;50896;6950;44710;7127;7126;280;48285;6996;16043;71840;1902589;7131;35825;6310;45143;45132;98813;7059;3684;3677;3676;1901363;5488;3674;97159;10777;43073;51026;22607;44085;7129;70192;51276;30983;3690;43566;8094;42623;16887;17111;16462;16818;16817;16787;3824;5524;35639;1901265;43168;43167;32559;30554;17076;166;36094;32555;32553;97367;32550;32549;1882;1883;32300;1990391;43234;32991	8008	6064	8329.5	8651	6857.5	6784	8686	7156.5	1328.5	6167	2809.5	2597	7377.5	8316	7999	5325.5	8446.5	5626	8121	8818.5	8153	6340.5	1424	7453	118929	5946.45
ORTHO010586	KDO transferase A	AT5G03770	36104;1901271;9312;9311;44723;5975;71704;8152;8150;44238;44710;44699;16051;1901576;9058;44711;1901137;1901135;1901269;36103;6644;19637;6793;44237;9987;44255;6629;44763;6796;43648;19752;43436;6082;44281;6664;1903509;6643;43650;46394;16053;44283;44249;9247;46467;8610;8654;90407;16757;16740;3824;3674;5886;16020;5575;44464;5623;71944;5739;43231;43227;43226;43229;44424;5622;44444;5737	8009	6519.5	6245.5	4482	7245.5	4946.5	1294.5	2545	8101	2235	5973.5	4421	7743	2711.5	3936.5	3976.5	4942.5	3580	5502	3508	5637	5603	5171.5	5433.5	87261.5	4.363.075
ORTHO009104	Acyl-CoA N-acyltransferases (NAT) superfamily protein	AT1G03650	5737;44424;44464;5575;5623;5622;8080;16410;16747;16746;16740;3824;3674;8152;8150;16407	8010	6824	6613.5	5217	7662	4946.5	4341	5439.5	6379.5	3903.5	5788.5	4670	1352	2711.5	3721.5	8358	4942.5	2558	4059	8214	6431	4471.5	3561.5	5222.5	91071.5	4.553.575
ORTHO009887	ATP-dependent caseinolytic (Clp) protease/crotonase family protein	AT1G09130	9941;9526;31967;31975;44464;5575;5623;44446;44422;43226;44424;5622;43229;43227;44435;44444;5737;9536;43231;44434;9507;9570;9532;6508;19538;43170;71704;8152;8150;44238;5739;9579;4252;4175;70011;8233;16787;3824;3674;8236;17171	8011	7175	5864.5	3718	7947.5	3874.5	6716.5	2711	5994	8535.5	7382.5	7115.5	8094	2711.5	4124.5	5325.5	8300	3121	658	1320	29	1179	479	5433.5	83104.5	4.155.225
ORTHO008092	D-cysteine desulfhydrase	AT1G48420	9693;9692;43449;1900673;71704;8152;8150;44237;9987;43450;1900674;1901576;9058;44249;19447;9093;98;96;6790;6520;1901564;6807;19752;43436;6082;44281;44710;44699;44763;44238;9063;46395;16054;44282;44712;9056;1901575;44248;1901565;44273;6534;9069;1901605;9071;1901606;19478;46416;46438;19148;16846;16829;3824;3674;5737;44424;44464;5575;5623;5622;9507;9536;43231;43227;43226;43229;44444;8660;19239;16810;16787;50897;46914;46872;43169;43167;5488;5739;46686;10038;10035;42221;50896;5829	8012	6773	6617	5222	7662	5047	5001	4734	6124	3785.5	7040	3950.5	7377.5	2711.5	2702.5	5325.5	4464.5	1780	5027.5	5781.5	5422.5	3609.5	6538.5	4678.5	91101.5	4.555.075
ORTHO005780	suppressor of abi3-5	AT3G54230	3676;1901363;5488;3674;97159;5634;43231;43227;43226;5575;43229;44424;44464;5623;5622;166;36094;1901265;398;6397;16071;16070;44260;43170;71704;8152;8150;44237;9987;90304;6139;46483;6725;1901360;34641;6807;44238;6396;10467;377;375;8380;8270;46914;46872;43169;43167	8013	6657	5213	2413	7662	3406.5	1577.5	3713.5	3516	8934.5	4839.5	6614	6227	4134.5	2023.5	5325.5	8387	7117	2299	2008	684	596	396.5	3679.5	75479	3773.95
ORTHO005591	unknown protein	AT4G39630	5634;43231;43227;43226;5575;43229;44424;44464;5623;5622;3674;8150	8014	8259	6065.5	4117	5748	4946.5	7886	8467.5	8577	2702	7199	4805.5	4617.5	401	1509	3976.5	3200.5	1440	6389	5578	4946	1827.5	4481.5	2501.5	85451.5	4.272.575
ORTHO000338	UDP-Glycosyltransferase superfamily protein	AT1G01390;AT1G01420;AT4G01070	9507;9536;43231;43227;43226;5575;43229;44424;44464;5623;5622;44444;5737;16758;16757;16740;3824;3674;8152;8150;8194;5783;12505;80043;35251;46527;5634;42178;6805;44237;9987;71466;9410;42221;50896;70887;51716;44248;9056;9651;6970;9628;6950;9636;50505	8015	9086	6860	5705	9110	7363.5	6670	9066.5	5028	8647.5	6070	6100	4180	504	2702.5	8925	8940	499	8968.5	1229.5	128	484	416.5	7656.5	93579	4678.95
ORTHO009536	coenzyme F420 hydrogenase family / dehydrogenase; beta subunit family	AT1G04620	15994;6778;51186;44237;8152;8150;9987;33013;46483;6725;1901360;71704;1901564;6807;33354;9507;9536;43231;43227;43226;5575;43229;44424;44464;5623;5622;44444;5737;50454;46995;16695;16491;3824;3674;55114;44710;44699;51536;51540;5488;90415;52592;16725;46872;43169;43167	8016	6488	6073	4130	7245.5	1500	3960	5568.5	5994	6156.5	7040	4018.5	7743	2711.5	3936.5	3976.5	901	3121	5502	7138.5	51.5	5603	5171.5	5433.5	85527	4276.35
ORTHO010443	Pentatricopeptide repeat (PPR) superfamily protein	AT3G11460	5739;43231;43227;43226;5575;43229;44424;44464;5623;5622;44444;5737;16554;16553;9451;16070;44260;43170;71704;8152;8150;44237;9987;90304;6139;46483;6725;1901360;34641;6807;44238;43412	8017	7867	7058.5	6100	6857.5	8807.5	7901	4462	5355.5	5927.5	6070	7191	6397.5	906.5	1677.5	5325.5	5194	1494	4388	4925	4226.5	2608	5710.5	7266.5	95834	4791.7
ORTHO009515	Putative methyltransferase family protein	AT4G14000	8168;16741;16740;3824;3674;8152;8150;32259;9507;9536;43231;43227;43226;5575;43229;44424;44464;5623;5622;44444;5737	8018	7694	6908.5	5799	6664	5248.5	7214.5	4826.5	5355.5	8231.5	2653	2937.5	1352	2711.5	2163.5	5325.5	4666	4253	5851	5781.5	5988	4169	7048.5	8367.5	94144	4707.2
ORTHO010468	DNA-3-methyladenine glycosylase (MAG)	AT3G12040	6284;6281;6259;44260;43170;71704;8152;8150;44237;9987;90304;6139;46483;6725;1901360;34641;6807;44238;6974;33554;51716;50896;6950;44763;44699;44710;5634;43231;43227;43226;5575;43229;44424;44464;5623;5622;52821;3905;19104;16799;16798;16787;3824;3674;52822;43733;3677;3676;1901363;5488;97159;8725;43916	8019	6492.5	7729	7439	7245.5	4042.5	6651.5	2660	3554	8535.5	3526	2937.5	4014.5	8649.5	5799	3976.5	1827.5	8438.5	8173	3638.5	8798.5	8121.5	2943	8159	104446	5222.3
ORTHO005850	glycosyltransferase family protein 28	AT4G16710	5886;16020;5575;44464;5623;71944;30259;30258;44255;6629;71704;8152;8150;44710;44699;44238;44763;9987;44237;70085;44723;5975;16757;16740;3824;3674;9058;16758;30246;5488	8020	6686	7558.5	7097	7662	6085.5	4118.5	5698.5	6584	7620	7382.5	3686.5	8094	2711.5	3936.5	5325.5	1000	3121	6531	8478	5637	5603	4632	5806	102051	5102.55
ORTHO010503	pumilio 23	AT1G72320	6417;10608;10468;60255;19222;50789;65007;8150;32268;51246;80090;31323;50794;34248;51171;2000112;31326;9889;10556;5730;44428;44446;44422;5575;43226;44424;44464;5623;5622;43229;5634;43231;43227;43232;43228;31981;70013;43233;31974;9744;34285;9743;10033;42221;50896;1901700;9507;9536;44444;5737;10252;48878;42592;65008;9749;9746;34284;3723;3676;1901363;5488;3674;97159	8021	6496	6050.5	4080	7245.5	4598.5	7947.5	5302.5	7455	6422.5	3461	5631.5	7031	2711.5	2702.5	3976.5	5108	1888	2831.5	6001	4023	2213.5	1555.5	4413.5	85274	4263.7
ORTHO010042	Uncharacterised protein family (UPF0497)	AT3G16300	16021;31224;44425;5575;16020;8150;5886;44464;5623;71944	8022	7051	7593.5	7165	5375	5744.5	4785	8327.5	8423.5	6498.5	3749	7408	5195	6170.5	7548.5	3074	7091.5	1051.5	7482.5	5094	3564	5434	4199	1696.5	102537	5126.85
ORTHO009095	unknown protein	AT5G04910	3674;5634;43231;43227;43226;5575;43229;44424;44464;5623;5622;8150	8023	6901	8600	9177	7947.5	7278	8076	6906	8541.5	4440.5	8537.5	8958.5	8859	7213.5	8452	6712.5	7240	5056.5	8121	8956	8350.5	7871	8641.5	8159	146370.5	7.318.525
ORTHO005534	P-loop containing nucleoside triphosphate hydrolases superfamily protein	AT3G10180	3777;3774;17111;16462;16818;16817;16787;3824;3674;8152;8150;5524;35639;1901265;1901363;5488;97159;43168;43167;32559;30554;17076;166;36094;32555;32553;97367;32550;32549;1882;1883;5874;44430;44446;44422;5575;43226;44424;44464;5623;5622;43229;5856;43232;43228;43234;32991;15630;7018;6928;44763;9987;44699;7017;8017;32403;44877;5515;15631;8092;5871;5875;5634;43231;43227	8024	6303	4089	154	5651.5	762.5	1818.5	3749	3933.5	7782	5208.5	790	1352	138	136.5	3128	2711	398	2014	3108	2430.5	268	891.5	462	41081.5	2.054.075
ORTHO008963	unknown protein	AT5G02160	51082;5515;5488;3674;9535;55035;42651;34357;16020;5575;44436;44424;44464;5623;5622;9579;44435;44444;5737;44446;44422;43226;43229;9536;43231;43227;31976;31984;44434;9507;9534;31072;8150	8025	7058	6901	5777	7947.5	7516.5	5223.5	4734	5144	7830	3366.5	8311	7189	2711.5	2702.5	5325.5	4464.5	1538.5	2587	5126.5	5422.5	3609.5	6538.5	4678.5	94019.5	4.700.975
ORTHO010530	RECA homolog 3	AT3G10140	5739;43231;43227;43226;5575;43229;44424;44464;5623;5622;44444;5737;10212;9314;9628;50896;8150;4520;4536;4518;16788;16787;3824;3674;8152;90305;90304;6139;46483;44237;9987;6725;1901360;71704;34641;6807;44238;43170;6259;44260;4519;150;6310;6281;6974;33554;51716;6950;44763;44699;44710;3697;43566;3677;3676;1901363;5488;97159;8094;42623;16887;17111;16462;16818;16817;730;65004;71824;43933;16043;71840;34622;65003;22607;44085;45003;724;725;6302;42148;400;217;2;7005;6996;9432;31668;71496;9605;7154;9991;6312;9408;9266;3690	8026	7884	5739	3452	6857.5	2501	7830.5	8792.5	7831	5608	1082.5	6674.5	2851	1184.5	1616	5325.5	2916	2199.5	4237	4586	5170.5	1110.5	3072.5	7120	81709	4085.45
ORTHO001685	nodulin MtN21 /EamA-like transporter family protein	AT1G25270;AT1G68170	22857;5215;3674;6810;51234;51179;8150;55085;44763;9987;44699;44765;1902578;5886;16020;5575;44464;5623;71944;5576	8027	8907	6754.5	5482	8884	3232	6739	4670	6379.5	8934.5	4942.5	7561	2873	5983	5746.5	9043.5	7742.5	5788	2843.5	2880.5	696.5	443.5	986.5	4972	92457.5	4.622.875
ORTHO010508	Pentatricopeptide repeat (PPR) superfamily protein	AT5G48730	8150;9507;9536;43231;43227;43226;5575;43229;44424;44464;5623;5622;44444;5737	8028	6513.5	4079.5	131	7245.5	568.5	2627.5	3803	4387	7916.5	4016	454	1352	138	136.5	3232.5	3006.5	1780	1063.5	3331	349.5	236.5	205.5	417	39021	1951.05
ORTHO009830	Pentatricopeptide repeat (PPR) superfamily protein	AT3G50420	8150;5739;43231;43227;43226;5575;43229;44424;44464;5623;5622;44444;5737	8029	7610	6109	4189	8259	7051	4118.5	5064	7455	5541.5	2653	7055.5	1352	3283.5	3721.5	5325.5	1526.5	4595	6327	8478	2650	1910	1802.5	5957	85867	4293.35
ORTHO007621	metacaspase 9	AT5G04200	4197;8234;70011;8233;16787;3824;3674;8152;8150;6508;19538;43170;71704;44238;4175;48046;5576;5575;12501;8219;16265;44699;44763;9987;5634;43231;43227;43226;43229;44424;44464;5623;5622	8030	7387	6700	5370	7947.5	5319	4118.5	4964	4740.5	4172	3136.5	7259.5	7743	2711.5	3265	5325.5	276	2199.5	5851	8214	6180.5	4169	7048.5	5222.5	91916	4595.8
ORTHO008971	Metallopeptidase M24 family protein	AT4G29490	30145;46914;46872;43169;43167;5488;3674;4177;8238;70011;8233;16787;3824;8152;8150;6508;19538;43170;71704;44238	8031	7070	6862	5693	7947.5	2295.5	3960	4826.5	6124	3476	7382.5	2937.5	7743	2711.5	3265	5325.5	4761	2199.5	5851	8214	6180.5	4169	7089	5041.5	93552.5	4.677.625
ORTHO007781	zinc transporter 11 precursor	AT1G55910	16020;5575;71577;98662;98660;34220;6811;44765;6810;51234;51179;8150;1902578;44699;55085;44763;9987;98655;6812;6829;41;30001;70838;72511;8324;15075;22891;22857;5215;3674;22892;46873;22890;5385;72509;46915;5886;44464;5623;71944	8032	8763	8070	8108	8678	9114.5	8793	3166	4865	4894	8450	3912.5	5066	590	2023.5	8925	6409	1114.5	8059	7080	8350.5	2763	8115.5	8552	110243	5512.15
ORTHO000454_1	Root hair defective 3 GTP-binding protein (RHD3)	AT5G45160	5789;98588;31090;16020;5575;44422;43226;43227;44432;44444;44424;44464;5623;5622;5737;44446;43229;5783;43231;12505;44425;42175;5525;35639;1901265;1901363;5488;3674;97159;43168;43167;32550;32549;1882;36094;97367;1883;32561;19001;17076;166;32555;32553;5634;16021;31224;3924;17111;16462;16818;16817;16787;3824;8152;8150	8033	9117	8415.5	8798	9107	8943.5	9046.5	8694	3584	6934	8855	6561.5	2838	276	5799	9153.5	7397	39	8576	8998	8888	1525	7486	8875.5	122469.5	6.123.475
ORTHO001047	chitin elicitor receptor kinase 1	AT3G21630	5576;5575;6468;16310;6796;6793;44237;8152;8150;9987;6464;36211;19538;43170;71704;44238;43412;44267;44260;5886;16020;44464;5623;71944;71219;2237;43207;9605;50896;9607;10033;42221;9617;51707;51704;71216;51716;46777;4674;4672;16301;16772;16740;3824;3674;16773;5515;5488;19199;4888;38023;4871;60089;7165;50794;50789;65007;7154;44763;44699;44700;23052;4872;10200;10243;9719;1901698;1901700;2752;2221;2758;2218;2253;50778;48584;48518;48583;50776;2682;2684;2376;45089;31349;31347;80134;45088;2757;2764;2220;2429;2768;7166;8061;97367;71323;71417;71495;71310;70887;1901699;1901701;45087;6952;6950;6955;42742;98542;32491;9593;51606;2238;9620;98581;9595;9817;9814;50832;42803;42802;46983;32499;32490;32494;2001080;70405;43169;43167;35556	8034	8619	6822	5610	8471	4139.5	8552.5	9007.5	5144	4821.5	6343	6614	1352	1184.5	1509	8358	4346.5	490	7281	3165	6696	837.5	4404	8869	93114.5	4.655.725
ORTHO009549	unknown protein	AT5G27290	9507;9536;43231;43227;43226;5575;43229;44424;44464;5623;5622;44444;5737	8035	6481	7811.5	7588	7245.5	8095.5	5187.5	2460.5	1481	1750.5	8737.5	3578.5	8898	7954.5	8927.5	5325.5	9099.5	5518	2493.5	8025.5	8580	561.5	470	8332.5	105477	5273.85
ORTHO010579	threonyl-tRNA synthetase; putative / threonine--tRNA ligase; putative	AT2G04842	5524;35639;1901265;1901363;5488;3674;97159;43168;43167;32559;30554;17076;166;36094;32555;32553;97367;32550;32549;1882;1883;9507;9536;43231;43227;43226;5575;43229;44424;44464;5623;5622;44444;5737;6435;6418;43039;6399;34660;16070;44260;43170;71704;8152;8150;44237;9987;90304;6139;46483;6725;1901360;34641;6807;44238;43038;6520;1901564;19752;43436;6082;44281;44710;44699;44763;6412;43043;43604;43603;44271;44249;9058;6518;1901566;1901576;44267;19538;34645;9059;10467;9570;9532;44435;44446;44422;44434;9793;44702;22414;3006;32502;9790;44767;48856;7275;44707;32501;48316;48608;61458;48731;9791;10154;4829;4812;16876;16875;16874;3824;46872;43169;5739	8036	6524	5725	3414	7245.5	1594	7121.5	8778	5144	8118.5	3749	5435.5	1352	2711.5	2702.5	3976.5	4610.5	2558	4586	3037	4226.5	3854	3311.5	4678.5	81545	4077.25
ORTHO002904	cell division cycle 48C	AT3G01610	5886;16020;5575;44464;5623;71944;5524;35639;1901265;1901363;5488;3674;97159;43168;43167;32559;30554;17076;166;36094;32555;32553;97367;32550;32549;1882;1883;9524;44444;44424;5622;5737;51301;44763;9987;8150;44699;5634;43231;43227;43226;43229;16887;17111;16462;16818;16817;16787;3824;8152;5856;43232;43228;15031;45184;51234;51179;8104;33036;71702;6810;9793;44702;22414;3006;32502;9790;44767;48856;7275;44707;32501;48316;48608;61458;48731;9791;10154	8037	9040	8356	8675	9043	7207	9017.5	8181.5	5355.5	3069.5	9078.5	9089	2917.5	310.5	5413.5	9078	7557.5	218.5	9031	5672	8300	2061	8708.5	9065.5	119332	5966.6
ORTHO009611	RNA binding (RRM/RBD/RNP motifs) family protein	AT5G32450	166;36094;5488;3674;1901265;1901363;97159;3676	8038	7622	7371	6704	8259	5722.5	6651.5	4040.5	3198	8006.5	3639.5	8547	7963	2711.5	3936.5	5325.5	5365	5626	7042	951.5	2409.5	4970.5	7868.5	5433.5	99408.5	4.970.425
ORTHO010574	unknown protein	AT2G26340	9507;9536;43231;43227;43226;5575;43229;44424;44464;5623;5622;44444;5737;9535;55035;42651;34357;16020;44436;9579;44435;44446;44422;31976;31984;44434;9534;5634;9543;31978;31977;8150;3674	8039	6528	7048	6057	7245.5	5155.5	8221	5698.5	5619	3163.5	6070	6861.5	8094	2711.5	3521.5	3976.5	5281.5	3121	6056.5	7408.5	765	4709	3329.5	5806	95569.5	4.778.475
ORTHO004874	unknown protein	AT3G04490	8150;5575	8040	6052	6906.75	5773.5	6857.5	8118	5784	5568.5	8914.5	2170.5	5902	4421	5740	1800.5	3936.5	5325.5	4942.5	3121	4016	3362	5422.5	5308.5	5171.5	4972	93997	4699.85
ORTHO010523	S-adenosyl-L-methionine-dependent methyltransferases superfamily protein	AT1G54310	5737;44424;44464;5575;5623;5622;5886;16020;71944;8168;16741;16740;3824;3674;8152;8150;32259;9507;9536;43231;43227;43226;43229;44444;3723;3676;1901363;5488;97159	8041	6574	7009	5977	7245.5	5621	3960	5568.5	5619	7298.5	6070	3686.5	8094	2711.5	3936.5	3976.5	5240.5	3121	3904.5	7408.5	2000	5603	5541.5	5806	95167	4758.35
ORTHO009354	DNA/RNA polymerases superfamily protein	AT1G49980	6281;6259;44260;43170;71704;8152;8150;44237;9987;90304;6139;46483;6725;1901360;34641;6807;44238;6974;33554;51716;50896;6950;44763;44699;44710;3684;3677;3676;1901363;5488;3674;97159;5737;44424;44464;5575;5623;5622;3887;34061;16779;16772;16740;3824;71897;34645;9059;1901576;9058;44249;34654;19438;44271;18130;1901362;16020	8042	6535	6145	4248	7245.5	4946.5	6200	5121.5	4865	6065.5	5647.5	7800	1352	5613	5817	3976.5	3682	1780	4113.5	2373.5	4023	4612.5	4500.5	3635.5	86125	4306.25
ORTHO010486	chloride channel E	AT4G35440	30554;17076;166;36094;5488;3674;1901265;1901363;97159;6821;15698;6820;6811;44765;6810;51234;51179;8150;1902578;44699;16020;5575;1903959;44070;43269;51049;32879;50789;65007;34765;34762;50794;9535;55035;42651;34357;44436;44424;44464;5623;5622;9579;44435;44444;5737;44446;44422;43226;43229;9536;43231;43227;31976;31984;44434;9507;9534;1902476;98661;98660;34220;55085;44763;9987;98656;16021;31224;44425;5247;8308;5253;5216;15075;22891;22857;5215;22892;22838;15267;22803;8509;5244;22832;22836;5254;15108;15103;34707;34702;1902495;98796;43234;32991;1990351	8043	6492.5	4074	105	7245.5	755.5	1789.5	3879.5	3933.5	3069.5	5208.5	1687.5	1352	138	136.5	3232.5	2832.5	398	2014	3129.5	2420.5	268	891.5	400.5	37537	1876.85
ORTHO010154	ribosomal protein L11 methyltransferase-related	AT5G53920	6479;43414;44260;43170;71704;8152;8150;44237;9987;32259;43412;8213;6464;36211;19538;44238;44267;5840;30529;32991;5575;44424;44464;5623;5622;43232;43228;43226;43229;44444;5737;8276;8168;16741;16740;3824;3674	8044	7163	4295.5	547	7947.5	3929	2032.5	4183	4100	8446	5124	7668.5	3650.5	138	136.5	3099	2901.5	182.5	1693	2966.5	2650	173	378	281	53732.5	2.686.625
ORTHO010007	histone deacetylase 14	AT4G33470	48487;15631;8092;5515;5488;3674;42903;33558;19213;16787;3824;8152;8150;6476;35601;98732;43412;43170;71704;6464;36211;19538;44238;44267;44260;44237;9987;16811;16810;90042;6355;1903506;2001141;31326;9889;19222;50789;65007;31323;50794;51252;19219;80090;51171;60255;10556;10468;2000112;16575;16570;16569;16568;6325;43933;16043;71840;51276;6996;1902589;44763;44699;44710;5634;43231;43227;43226;5575;43229;44424;44464;5623;5622;6351;34645;9059;1901576;9058;44249;97659;32774;16070;90304;6139;46483;6725;1901360;34641;6807;34654;19438;44271;18130;1901362;10467;43014;4407;9507;9536;44444;5737;32041;17136;34979;31078;70932;5829;43621;51721;19903;19902;19899	8045	7018	5153.5	2262	7947.5	2295.5	5535	4826.5	1545.5	8168.5	2992.5	1708.5	1352	3283.5	3521.5	5325.5	1855	4400	5851	4131	6180.5	2677	2917	5806	74372	3718.6
ORTHO010345	tubulin-tyrosine ligases	AT1G77550	6464;36211;19538;43170;71704;8152;8150;44238;43412;44267;44260;44237;9987;4835;16881;16879;16874;3824;3674;5737;44424;44464;5575;5623;5622;9507;9536;43231;43227;43226;43229;44444	8046	6540	4109	172	7245.5	3971.5	1818.5	3869	4100	4170	5100	1755.5	1352	138	136.5	3232.5	2810.5	398	1922	3085	2874	243	616	356	41948	2097.4
ORTHO008939	regulatory protein RecX family protein	AT3G13226	6282;51052;19219;80090;19222;50789;65007;8150;51171;31323;50794;60255;2001020;80135;80134;48583;5737;44424;44464;5575;5623;5622;3674	8047	7638	8265	8483	6478.5	7694	6117.5	5698.5	8207	5683.5	7886	7330.5	8205.5	7101	7764	6712.5	1545.5	4400	2728	3600	6431	6429	6194.5	5806	115534	5776.7
ORTHO008488	Metallo-hydrolase/oxidoreductase superfamily protein	AT3G10850	46872;43169;43167;5488;3674;5737;44424;44464;5575;5623;5622;8270;46914;19243;61727;51596;9438;6081;71704;8152;8150;44763;9987;44699;44237;44710;42180;44281;46185;44712;9056;1901575;44248;42182;44282;6089;1901615;32787;19752;43436;6082;5829;44444;6750;19184;43043;43604;43603;34641;6807;44271;44249;9058;6518;1901564;1901566;1901576;44272;6790;6749;6575;42398;4416;16790;16788;16787;3824	8048	8077	7538	7028	7245.5	4827.5	5281.5	7762	4645.5	6097	6763.5	8258	7031	906.5	2023.5	5325.5	5962.5	1669.5	6389	4169.5	6431	3374.5	6854	7768	101539.5	5.076.975
ORTHO010324	tRNA (guanine-N-7) methyltransferase	AT5G17660	5634;43231;43227;43226;5575;43229;44424;44464;5623;5622;8176;16423;8757;8168;16741;16740;3824;3674;8152;8150;32259;8175;8173;1510;43414;44260;43170;71704;44237;9987;43412;9451;16070;90304;6139;46483;6725;1901360;34641;6807;44238;30488;6400;8033;34470;34660;6396;10467;6399;36265;9452;36260	8049	6545	7246.5	6444	7245.5	5904	3430	5568.5	6584	6139.5	3136.5	3686.5	7963	2711.5	3936.5	5325.5	5108	3121	5851	7299	5422.5	5603	5407	5601	97798	4889.9
ORTHO010047	Asparagine synthase family protein	AT2G03667	4066;16884;16879;16874;3824;3674;8152;8150;6541;9064;1901605;6520;1901564;71704;6807;19752;43436;6082;44281;44710;44699;44763;9987;44237;44238;6529;43604;43603;34641;44271;44249;9058;6528;9066;9067;1901607;8652;46394;16053;44283;44711;1901576;1901566;5829;44444;44424;44464;5575;5623;5622;5737;42803;42802;5515;5488;46983	8050	7031	8102.5	8155	7947.5	5904	3863.5	5213.5	6584	1893	7734.5	8595.5	7963	2711.5	3936.5	5325.5	7469	3121	6531	8478	7052	5059	7611.5	5601	110647	5532.35
ORTHO007101	unknown protein	AT5G40520	3674;5634;43231;43227;43226;5575;43229;44424;44464;5623;5622;8150	8051	6807	7811.5	7572	7662	5155.5	6375	5568.5	7978	6687	7199	8038	8094	2711.5	3936.5	3976.5	5685	3121	6531	843	7052	5213.5	5407	5806	105378	5268.9
ORTHO007794	Tetratricopeptide repeat (TPR)-like superfamily protein	AT5G53490	9570;9532;44435;44444;44424;44464;5575;5623;5622;5737;44446;44422;43226;43229;9536;43231;43227;44434;9507;31977;44436;9579;5576;9535;55035;42651;34357;16020;31976;31984;9534;9543;31978;3674;8150;5515;5488	8052	6842	7172	6292	7662	2295.5	7698.5	5439.5	6225	6065.5	5788.5	2729	7743	2711.5	3521.5	3976.5	4870.5	2724.5	5128	6632	6431	4308.5	7404.5	5222.5	96915.5	4.845.775
ORTHO009283	ERF domain protein 12	AT1G28360	6952;6950;50896;8150;6355;1903506;2001141;31326;9889;19222;50789;65007;31323;50794;51252;19219;80090;51171;60255;10556;10468;2000112;3700;1071;3674;9873;160;35556;7165;51716;9987;7154;44763;44699;44700;23052;9755;32870;9725;9719;10033;42221;71495;71310;70887;71369;9723;5622;44464;5575;5623;5634;43231;43227;43226;43229;44424;6351;34645;44260;43170;71704;8152;44237;9059;1901576;9058;44249;97659;32774;16070;90304;6139;46483;6725;1901360;34641;6807;44238;34654;19438;44271;18130;1901362;10467;3677;3676;1901363;5488;97159	8053	6436	7071.5	6090	7245.5	1959	4948.5	6142.5	7046.5	1256.5	6763.5	3422.5	1352	2711.5	4705.5	3976.5	6409	3949	6897.5	6001	8534	6182.5	6624.5	6883	95765	4788.25
ORTHO008215	O-methyltransferase family protein	AT3G53140	8171;8168;16741;16740;3824;3674;8152;8150;32259;8757;19438;6725;44237;9987;44249;9058;5829;44444;44424;44464;5575;5623;5622;5737	8054	7557	7120.25	6186.5	6358.5	5016	4457	4734	7561.5	8168.5	2809.5	4351.5	7189	2711.5	2702.5	5325.5	4346.5	1780	7197.5	7498.5	5637	3609.5	6538.5	4678.5	96312.5	4.815.625
ORTHO009521	dual specificity protein phosphatase 1	AT3G23610	16311;6796;6793;44237;8152;8150;9987;43405;43408;1932;42325;19220;51174;31323;50794;50789;65007;19222;31399;32268;51246;80090;60255;1902531;9966;10646;48583;23051;71900;45859;43549;51338;50790;65009;5737;44424;44464;5575;5623;5622;6470;6464;36211;19538;43170;71704;44238;43412;44267;44260;9507;9536;43231;43227;43226;43229;44444;5634;33549;4721;16791;42578;16788;16787;3824;3674;188;43407;71901;6469;1933;42326;45936;10563;31324;48523;48519;9892;31400;32269;51248;10605;33673;51348;43086;44092;43409;1902532;9968;48585;10648;23057;8138;5516;5515;5488;4725;35335	8055	7111	6489	4923	7947.5	2406.5	7923	4640	4865	8063.5	6173.5	7812.5	7031	2711.5	2702.5	3976.5	4054.5	2199.5	3585.5	5929.5	4946	3374.5	2953.5	4291.5	89640	4482
ORTHO010454	DNA repair (Rad51) family protein	AT2G28560	5524;35639;1901265;1901363;5488;3674;97159;43168;43167;32559;30554;17076;166;36094;32555;32553;97367;32550;32549;1882;1883;8094;42623;16887;17111;16462;16818;16817;16787;3824;8152;8150;3677;3676;724;725;6281;6259;44260;43170;71704;44237;9987;90304;6139;46483;6725;1901360;34641;6807;44238;6974;33554;51716;50896;6950;44763;44699;44710;6310;6302;5737;44424;44464;5575;5623;5622;33063;33061;43234;32991;44428;44446;44422;43226;43229;5634;43231;43227;150	8056	6602	7185	6314	7245.5	4758	8076	2728	7632	6112	2992.5	4949	7743	2711.5	3047.5	3976.5	8748.5	2724.5	5128	6555.5	4226.5	4780.5	4961.5	5222.5	97073.5	4.853.675
ORTHO010044	Protein of unknown function (DUF2930)	AT5G52110	9535;55035;42651;34357;16020;5575;44436;44424;44464;5623;5622;9579;44435;44444;5737;44446;44422;43226;43229;9536;43231;43227;31976;31984;44434;9507;9534;16021;31224;44425;10190;17004;43623;6461;65003;43933;16043;71840;8150;9987;22607;44085;71822;70271;34622;3674	8057	7184	5373.5	2690	7947.5	4168.5	1358	4571	4645.5	8535.5	4939	7471	1352	4753.5	5413.5	5325.5	9039.5	5992	1975.5	2230.5	207	418.5	221.5	4678.5	77296	3864.8
ORTHO009697	unknown protein	AT2G29180	9535;55035;42651;34357;16020;5575;44436;44424;44464;5623;5622;9579;44435;44444;5737;44446;44422;43226;43229;9536;43231;43227;31976;31984;44434;9507;9534;3674;8150	8058	8390	6668.75	5279.5	8471	2797	7422	9003.5	4788.5	7722.5	7886	5699	2898	906.5	1677.5	8925	5561	523.5	4263.5	5447	2604.5	1778.5	4244	7266.5	91414	4570.7
ORTHO009919	NA	NA	NA	8059	7766	5858	3657	6664	8694.5	7003.5	3480	3340.5	8934.5	1312.5	7618	1352	7909	6560	6712.5	7991.5	1494	1325	6467.5	135.5	108	41	2314	82793.5	4.139.675
ORTHO003346	Membrane fusion protein Use1	AT1G54110;AT3G55600	6812;6811;44765;6810;51234;51179;8150;1902578;44699;5634;43231;43227;43226;5575;43229;44424;44464;5623;5622;15491;15298;15297;15291;22804;22857;5215;3674;55085;44763;9987;8324;15075;22891;22892;34220;98655	8060	8556	4223.5	387	7662	3788.5	4457	4025.5	3797	2963.5	5013.5	1755.5	3793	138	136.5	6020.5	7495.5	102.5	1552	1229.5	2937	33	59	627	49924	2496.2
ORTHO009556	tubulin folding cofactor B	AT3G10220	7021;43623;6461;65003;43933;16043;71840;8150;9987;22607;44085;71822;70271;34622;5737;44424;44464;5575;5623;5622;51301;44763;44699;9524;44444;5634;43231;43227;43226;43229;5829;9790;44767;32502;48856;7275;44707;32501;5515;5488;3674	8061	7568	5314.5	2568	6358.5	2333	7132.5	4154.5	7632	8934.5	3792.5	6602.5	1352	4206	1616	5325.5	8637.5	5788	1567	2688	1464.5	461	294.5	2522	76503.5	3.825.175
ORTHO010988	HSP20-like chaperones superfamily protein	AT1G54050	5737;44424;44464;5575;5623;5622;9408;9266;9628;50896;8150;6950;42542;302;6979;1901700;42221;10035;9644;9642;9416;9314;3674	8062	8012	7507	6952	7245.5	6966	7665	4826.5	7632	7782	7040	4351.5	3103	906.5	3936.5	8358	6692.5	867.5	5589.5	7692.5	1166.5	3374.5	5021	8026	100997	5049.85
ORTHO010595	Pentatricopeptide repeat (PPR) superfamily protein	AT5G40400	9570;9532;44435;44444;44424;44464;5575;5623;5622;5737;44446;44422;43226;43229;9536;43231;43227;44434;9507;16124;16122;16116;16108;6721;6720;44255;6629;71704;8152;8150;44710;44699;44238;44763;9987;44237;16118;16110;16115;8300;44242;16042;44712;9056;1901575;44248;16121;46247;42214;16119;10223;10346;48646;32502;9653;48856;10016;48367;44767;48731;7275;44707;32501;1763;9926;60918;9914;10817;65008;65007;44765;6810;51234;51179;1902578;45549;10436;16702;16701;16491;3824;3674;55114;51213	8063	6531.5	6102.5	4142	7245.5	1658.5	4587.5	5348	3875	8535.5	5726.5	7828.5	7377.5	2711.5	2702.5	3976.5	1189	2558	4548.5	6197.5	4226.5	3955.5	3902	4678.5	85583	4279.15
ORTHO008977	dessication-induced 1VOC superfamily protein	AT1G07645	16310;6796;6793;44237;8152;8150;9987;16301;16772;16740;3824;3674;5576;5575	8064	7577	7429.5	6795	7947.5	5248.5	4118.5	4826.5	5851.5	7967.5	3269.5	8362	1352	2711.5	2910	5325.5	8748.5	2199.5	5648	7871	7568	4067	6989	4898	99932	4996.6
ORTHO009069	DNA-binding HORMA family protein	AT1G16590	6281;6259;44260;43170;71704;8152;8150;44237;9987;90304;6139;46483;6725;1901360;34641;6807;44238;6974;33554;51716;50896;6950;44763;44699;44710;7094;71173;31577;75;22402;7049;71174;7093;1903047;278;45930;45786;48523;50794;50789;65007;48519;51726;7346;45841;2000816;10965;33047;7088;51783;33043;51128;51302;10564;33045;33044;51983;33048;45839;10948;51784;51782;10639;51129;33046;2001251;51985;30071;1901990;1901987;1902099;32434;61136;1903050;1903362;31329;9894;19222;31323;42176;51246;80090;60255;32268;30162;1902100;1901988;1901991;32435;1901799;1903051;1903363;42177;9895;9892;51248;10605;31330;31324;32269;45861;1904667;1904666;51438;51338;50790;65009;31396;1903320;31399;51444;51352;51340;43086;44092;31397;1903321;31400;51348;51436;51439;3677;3676;1901363;5488;3674;97159;5634;43231;43227;43226;5575;43229;44424;44464;5623;5622;10224;9411;9416;9314;9628	8065	7778	6326.5	4588	6664	4946.5	4457	4734	5484	6645	2992.5	4841.5	5195	906.5	2396.5	5325.5	4942.5	4154.5	5220.5	7576.5	5422.5	1778.5	2894	7860.5	87773.5	4.388.675
ORTHO010466	Pyridoxamine 5'-phosphate oxidase family protein	AT2G46580	10181;50662;48037;5488;3674;43168;43167;32553;97367;166;36094;1901265;1901363;97159;55114;44710;8152;8150;44699;8615;19438;6725;44237;9987;44249;9058;1901617;1901615;71704;1901576;8614;42816;6767;6766;44281;44763;72524;46483;1901360;34641;6807;1901564;42819;42364;9110;44283;44711;72525;44271;18130;1901362;1901566	8066	6621	7091.5	6117	7245.5	4946.5	4341	5568.5	7978	5834	7040	2086	7743	2711.5	3936.5	3976.5	4942.5	3121	5430	7012	2021	5603	5171.5	6456	95918.5	4.795.925
ORTHO008974	mRNA splicing factor; thioredoxin-like U5 snRNP	AT3G24730	5634;43231;43227;43226;5575;43229;44424;44464;5623;5622;398;6397;16071;16070;44260;43170;71704;8152;8150;44237;9987;90304;6139;46483;6725;1901360;34641;6807;44238;6396;10467;377;375;8380;5681;44428;44446;44422;30529;32991;7067;280;48285;6996;16043;71840;1903047;22402;44763;44699;7049;278;1902589;3824;3674	8067	6984	5871	3675	7947.5	4890.5	4698	4571	3813	4818	6173.5	5295.5	7031	2711.5	2702.5	5325.5	4054.5	1617	4205.5	5929.5	4946	2213.5	3591.5	4291.5	82879	4143.95
ORTHO010519	unknown protein	AT4G24175	8150;3674;5575	8068	7877	7056	6044	6857.5	5432.5	8162.5	4964	1481	4064	7382.5	2851	3152	906.5	2910	5325.5	4761	2199.5	5851	8214	7925	4308.5	7335	8258.5	95484	4774.2
ORTHO003781	RNA-binding (RRM/RBD/RNP motifs) family protein	AT1G05970	8150;166;36094;5488;3674;1901265;1901363;97159;5575	8069	7961	5597	3125	5552	5351.5	8586	8612	5619	4412	7382.5	4566	3192.5	401	1509	3023.5	3493.5	867.5	4663	5929.5	4519	1827.5	2855	3055	79865	3993.25
ORTHO005096	transcription activators	AT2G35110	5634;43231;43227;43226;5575;43229;44424;44464;5623;5622;5789;98588;31090;16020;44422;44432;44444;5737;44446;5783;12505;44425;42175;10090;904;902;32989;16043;71840;8150;9987;9653;32502;48856;48869;44767;44699;44763;48468;30154;10026;90558;9888;90626;7015;71822;43933;30036;30029;7010;6996;1902589;5886;71944;45893;10628;10604;9893;48518;50789;65007;19222;60255;10468;1903508;1903506;2001141;31326;9889;31323;50794;51252;19219;80090;51171;10556;1902680;51254;45935;31325;48522;51173;31328;9891;10557;6355;2000112;5515;5488;3674;45010;30838;51495;10638;33043;51128;51130;51493;30833;8064;30832;32535;90066;65008;32956;32970;32271;43254;44087;32273;31334;44089;31209;43234;32991;9825;16049;40007	8070	8246	8051.5	8033	7245.5	2747.5	4742	5213.5	2979	8118.5	4188.5	8654.5	5338.5	6206.5	6764.5	8660.5	6648.5	2558	6185.5	6197.5	6696	4423	4843.5	8258.5	109424	5471.2
ORTHO008479	Pentatricopeptide repeat (PPR) superfamily protein	AT2G15630	5739;43231;43227;43226;5575;43229;44424;44464;5623;5622;44444;5737;8150;3674	8071	6119	6263	4455	7245.5	3466.5	1765.5	8593	3695.5	8934.5	4474.5	8939	1352	5917.5	1266.5	3976.5	2564	8557.5	3653	4012.5	2160.5	4612.5	1730	7453	87124	4356.2
ORTHO002541	alpha-fucosidase 1	AT1G67830;AT3G26430	48046;5576;5575;9505;5618;30312;44464;5623;71944;16788;16787;3824;3674;8152;8150;6629;71704;44710;44699;44238;4560;15928;4553;16798;16042;44712;9056;1901575;16298	8072	8476	8383.5	8695	8471	6946	1428	3166	4705.5	8647.5	8737.5	7471	6316	6292	7432.5	8660.5	7029	1568.5	8655.5	586	7925	7147.5	8202.5	8897	119813.5	5.990.675
ORTHO000875_1	oxidoreductase; zinc-binding dehydrogenase family protein	AT4G21580	16491;3824;3674;8152;8150;55114;44710;44699;5829;44444;44424;44464;5575;5623;5622;5737;5739;43231;43227;43226;43229;8270;46914;46872;43169;43167;5488	8073	9045	8028	7983	9043	8643	9020	3203	8053.5	8934.5	5328.5	6961.5	2704	6257.5	5413.5	8126.5	8446.5	1406.5	2640.5	2326	3243	6266	3055	8857.5	108886.5	5.444.325
ORTHO000694_2	uvrB/uvrC motif-containing protein	AT2G03390	6289;6281;6259;44260;43170;71704;8152;8150;44237;9987;90304;6139;46483;6725;1901360;34641;6807;44238;6974;33554;51716;50896;6950;44763;44699;44710;4518;16788;16787;3824;3674;90305;3677;3676;1901363;5488;97159;9507;9536;43231;43227;43226;5575;43229;44424;44464;5623;5622;44444;5737;5634	8074	7077	6789.5	5505	7947.5	9030	8983	2903.5	2729.5	8934.5	3461	5231.5	7031	2711.5	2702.5	5325.5	4135	1780	4914	3418	5265	3222.5	6365	4413.5	92556.5	4.627.825
ORTHO010237	Cytochrome P450 superfamily protein	AT3G53130	55114;44710;8152;8150;44699;16117;16109;16114;6721;6720;44255;6629;71704;44238;44763;9987;44237;8299;8610;1901576;9058;44711;44249;16108;46148;42440;16116;9941;9526;31967;31975;44464;5575;5623;44446;44422;43226;44424;5622;43229;43227;44435;44444;5737;9536;43231;44434;9507;31969;42170;31090;16020;19825;5488;3674;5506;46914;46872;43169;43167;9974;72374;16705;16491;3824;4497;20037;46906;1901363;97159	8075	7891	6170	4265	6857.5	4675.5	7399.5	4424	5258	6327	5873	6171.5	4444	1184.5	1616	5325.5	5032.5	523.5	4165.5	4297.5	4833.5	1778.5	5762.5	7120	86212	4310.6
ORTHO002927	FAD-dependent oxidoreductase family protein	AT2G24580	8115;16647;16645;16491;3824;3674;8152;8150;55114;44710;44699;5737;44424;44464;5575;5623;5622;46653;6760;6732;51186;44237;9987;42558;46483;6725;1901360;71704;1901564;6807;43603;34641;1901605;6520;19752;43436;6082;44281;44763;44238;6575	8076	8044	8032.5	7989	7245.5	6313	7665	7762	5754	6247	7040	8654.5	5338.5	906.5	2396.5	5325.5	6549	663.5	7197.5	5519.5	7052	4067	6538.5	7952.5	108942	5447.1
ORTHO010294	unknown protein	AT5G64160	5634;43231;43227;43226;5575;43229;44424;44464;5623;5622;8150;3674	8077	7805	6907.25	5737.5	6664	6313	7978.5	4734	5619	2425	6173.5	4162.5	5338.5	906.5	2396.5	5325.5	4464.5	1780	5128	7576.5	5422.5	3609.5	6538.5	7860.5	93752.5	4.687.625
ORTHO006212	Zinc finger C-x8-C-x5-C-x3-H type family protein	AT1G10320	5634;43231;43227;43226;5575;43229;44424;44464;5623;5622;46872;43169;43167;5488;3674;3677;3676;1901363;97159;3723;166;36094;1901265	8078	7334	4116.5	155	7662	4022	1627	3769	4014	5996.5	397.5	1422	3926	138	136.5	3128	2842.5	203.5	1961.5	3288	2966	213.5	646.5	409.5	41107.5	2.055.375
ORTHO010474	Mitochondrial inner membrane translocase complex; subunit Tim44-related protein	AT5G27395	5739;43231;43227;43226;5575;43229;44424;44464;5623;5622;44444;5737	8079	8543	7925.5	7772	8471	8358.5	7507.5	7762	5851.5	6480	7999	7376	3152	590	2023.5	8358	5561	663.5	4914	5726.5	6431	2923.5	6709	8552	106938.5	5.346.925
ORTHO008730	DEAD/DEAH box RNA helicase family protein	AT1G27880	5634;43231;43227;43226;5575;43229;44424;44464;5623;5622;3676;1901363;5488;3674;97159;8026;42623;16887;17111;16462;16818;16817;16787;3824;8152;8150;70035;4386;5524;35639;1901265;43168;43167;32559;30554;17076;166;36094;32555;32553;97367;32550;32549;1882;1883;42631;31668;51716;9987;50896;71496;9605;7154;44763;44699;9991;71462;71214;9628;9415;1101;42221;10035;1901700;71229;70887;1901701;9414;6950;33554;6310;6259;44260;43170;71704;44237;90304;6139;46483;6725;1901360;34641;6807;44238	8080	6947	7494	6908	7947.5	5904	3758	5213.5	6712.5	6112	2290	2467.5	8094	2711.5	3936.5	5325.5	5561	3121	6531	7194	7052	5213.5	7946.5	5601	100745	5037.25
ORTHO003789	unknown protein	AT5G42146	5739;43231;43227;43226;5575;43229;44424;44464;5623;5622;44444;5737;3674;8150	8081	9020	8155	8229	9033	7411.5	9004	8212.5	2367.5	5988	8095	4724	3103	590	5661	7360.5	7639.5	398	9056.5	8551.5	8350.5	1068	4843.5	9069	111493.5	5.574.675
ORTHO010399	urease accessory protein D	AT2G35035	16151;46914;46872;43169;43167;5488;3674;6807;8152;8150;5737;44424;44464;5575;5623;5622;48554;48552;50790;19222;50789;65007;65009;43085;44093;9893;48518	8082	7903	7202	6322	6857.5	6227.5	4457	8918.5	2592	7274.5	6173.5	4421	5338.5	906.5	2396.5	5325.5	6298	663.5	5027.5	7576.5	5422.5	3754	6467.5	7860.5	97101	4855.05
ORTHO011106	Tetratricopeptide repeat (TPR)-like superfamily protein	AT5G55740	16556;9451;16070;44260;43170;71704;8152;8150;44237;9987;90304;6139;46483;6725;1901360;34641;6807;44238;43412;16071;9507;9536;43231;43227;43226;5575;43229;44424;44464;5623;5622;44444;5737	8083	7987	7105.75	6128.5	6857.5	5248.5	4457	4734	7561.5	8231.5	2809.5	4467	5338.5	906.5	2396.5	5325.5	6298	1780	4205.5	7498.5	6908	3453.5	6467.5	7860.5	95947.5	4.797.375
ORTHO000533_1	Purple acid phosphatases superfamily protein	AT3G52780	5576;5575;46872;43169;43167;5488;3674;3993;16791;42578;16788;16787;3824;8152;8150;16311;6796;6793;44237;9987;4722;4721;6470;6464;36211;19538;43170;71704;44238;43412;44267;44260	8084	6241	5881	3678	7245.5	702	8719.5	2545	5355.5	5776	6543	4421	3304.5	1800.5	3721.5	5325.5	1155.5	2724.5	5347.5	4956.5	5061.5	4780.5	4451.5	6210	82901.5	4.145.075
ORTHO000612	alcohol dehydrogenase 1	AT1G77120	8270;46914;46872;43169;43167;5488;3674;6970;9628;50896;8150;6950;5886;16020;5575;44464;5623;71944;4022;16616;16614;16491;3824;8152;55114;44710;44699;46686;10038;10035;42221;45333;15980;6091;44237;9987;44763;9651;5829;44444;44424;5622;5737;1666;36293;70482	8085	8272	5987	3889	8678	7207	7141.5	8583.5	2301	5133.5	7382.5	4059.5	4617.5	401	1311.5	3023.5	5281.5	1180.5	4756.5	4586	3942	1910	4500.5	6801.5	84120.5	4.206.025
ORTHO001942	FG-GAP repeat-containing protein	AT3G51050;AT4G36270;AT4G36280;AT4G36290	5774;44437;44444;44424;44464;5575;5623;5622;5737;44446;44422;43226;43229;5773;43231;43227;98588;31090;16020;98805;5783;12505;8305;98802;98797;44459;44425;5886;71944;98796;43234;32991;43235;98636;5887;31226;31224;16021;7160;31589;7155;22610;8150;5739;3674;5794;5524;35639;1901265;1901363;5488;97159;43168;43167;32559;30554;17076;166;36094;32555;32553;97367;32550;32549;1882;1883;5634;16310;6796;6793;44237;8152;9987;16301;16772;16740;3824;31935;1903308;1902275;33044;33043;51128;50794;50789;65007;60968;6355;1903506;2001141;31326;9889;19222;31323;51252;19219;80090;51171;60255;10556;10468;2000112;5515;5768;9626;34050;12501;8219;16265;44699;44763;45087;6952;6950;50896;6955;2376;33554;51716;9816;9814;98542;51707;43207;9605;9607;51704;42742;9617	8086	8723	4315	544	8730.5	4141.5	7081	4163.5	3933.5	4023	5035.5	7693	3674.5	138	136.5	3300	2671.5	48	1290	3037	2749.5	173	221.5	137	53647.5	2.682.375
ORTHO009661	FMN-linked oxidoreductases superfamily protein	AT4G38890	55114;44710;8152;8150;44699;5773;43231;43227;43226;5575;43229;44424;44464;5623;5622;44444;5737;46872;43169;43167;5488;3674;17150;16627;16491;3824;2943;6400;9451;16070;44260;43170;71704;44237;9987;90304;6139;46483;6725;1901360;34641;6807;44238;43412;8033;34470;34660;6396;10467;6399;50660;50662;48037;43168;166;36094;1901265;1901363;97159;5634	8087	6143	6248	4409	5346	8756.5	4785	3038.5	8634	5243.5	5567	2160	5066	8210.5	8093.5	2821	2049.5	2558	241.5	5215.5	7636	2837	545.5	3447.5	86906	4345.3
ORTHO000359_3	heavy metal atpase 5	AT1G63440	98655;6812;6811;44765;6810;51234;51179;8150;1902578;44699;34220;55085;44763;9987;46688;10038;10035;42221;50896;1990267;15662;42625;42626;43492;42623;16887;17111;16462;16818;16817;16787;3824;3674;8152;15405;15399;22804;22857;5215;16820;15075;22891;22892;43682;19829;8324;5375;46915;46873;22890;30001;41;35434;98662;98660;6825;5887;31226;44459;44464;5575;5623;44425;16020;5886;71944;31224;16021;10273;61687;98754;9636;1990169;97501;6950;43231;43227;43226;43229;44424;5622	8088	6874	6894	5700	7662	5432.5	4118.5	4964	7632	5069	5788.5	2729	7743	2711.5	3265	3976.5	4761	2724.5	5851	7986	4321	4308.5	4961.5	5222.5	93565.5	4.678.275
ORTHO010573	Flavin containing amine oxidoreductase family	AT5G14220	4729;70818;16627;16491;3824;3674;8152;8150;55114;44710;44699;16634;9941;9526;31967;31975;44464;5575;5623;44446;44422;43226;44424;5622;43229;43227;44435;44444;5737;9536;43231;44434;9507;6782;6779;51188;51186;44237;9987;44249;9058;6778;33013;46483;6725;1901360;71704;1901564;6807;33014;19438;44271;34641;18130;1901362;1901576;1901566;46501;6783;42168;42440;44763;46148;44711;5739;15995;15994;9793;44702;22414;3006;32502;9790;44767;48856;7275;44707;32501;48316;48608;61458;48731;9791;10154	8089	6581	7903	7717	7245.5	8968.5	3327	5957	5994	3851	6543	8132.5	1352	2711.5	4462	3976.5	6298	4400	6897.5	7871	6696	6077	6365	6669	106548.5	5.327.425
ORTHO000524	Glycosyl hydrolase superfamily protein	AT2G14690;AT4G33810;AT4G33820;AT4G33830;AT4G33840;AT4G33860	5975;71704;8152;8150;44238;31176;97599;4553;16798;16787;3824;3674;5576;5575;5618;30312;44464;5623;71944	8090	7064	6665	5240	7947.5	5016	5205.5	9044	1994.5	8398	6173.5	4386.5	3111	2711.5	2702.5	3976.5	4464.5	1780	5027.5	5781.5	5422.5	3503.5	4632	7860.5	91191.5	4.559.575
ORTHO000771	hydroxycinnamoyl-CoA shikimate/quinate hydroxycinnamoyl transferase	AT5G48930	16020;5575;5737;44424;44464;5623;5622;5829;44444;5515;5488;3674;47205;50737;50734;16747;16746;16740;3824;8152;8150;8374;47172;10252;48878;42592;65008;65007;9963;9891;9889;19222;50789;9893;48518;9962;80090;9809;9808;9698;19748;44710;44699;6725;44237;9987;1901360;71704;44763;9699;19438;44249;9058;1901362;1901576;44550;44711	8091	8874	7885.5	7680	8950.5	7169.5	8911	8509	7748	4564.5	5788.5	8724.5	4677	590	2910	8804.5	6208.5	1017	5128	7747	4946	3111.5	4391	5222.5	106168	5308.4
ORTHO010282	Methylthiotransferase	AT1G72090	35600;6400;9451;16070;44260;43170;71704;8152;8150;44237;9987;90304;6139;46483;6725;1901360;34641;6807;44238;43412;8033;34470;34660;6396;10467;6399;51539;51536;51540;5488;3674;5737;44424;44464;5575;5623;5622;5783;43231;43227;43226;43229;44444;12505;16020;35598;35596;50497;16782;16740;3824	8092	6630	6418	4744	7245.5	8764.5	1818.5	4016	3584	8934.5	5031.5	7230.5	7031	6170.5	2702.5	3976.5	8865	7117	2487.5	4012.5	1646	2677	1767.5	885.5	88718	4435.9
ORTHO009989	Mitochondrial transcription termination factor family protein	AT4G02990	6355;1903506;2001141;31326;9889;19222;50789;65007;8150;31323;50794;51252;19219;80090;51171;60255;10556;10468;2000112;8380;6396;16070;44260;43170;71704;8152;44237;9987;90304;6139;46483;6725;1901360;34641;6807;44238;10467;42794;42793;6351;34645;9059;1901576;9058;44249;97659;32774;34654;19438;44271;18130;1901362;9657;6996;16043;71840;1902589;44763;44699;44711;44710;9303;98781;34660;9790;44767;32502;48856;7275;44707;32501;9536;43231;43227;43226;5575;43229;44424;44464;5623;5622;44444;5737;3690;43566;3677;3676;1901363;5488;3674;97159;5739	8093	7110	5563	3033	7947.5	4119	4118.5	1823.5	9174.5	8934.5	4423.5	743.5	1352	6542.5	1579	6020.5	9089.5	8856	3046	2455	2711.5	493.5	365	3447.5	79295	3964.75
ORTHO009528	SMAD/FHA domain-containing protein	AT2G21530	9570;9532;44435;44444;44424;44464;5575;5623;5622;5737;44446;44422;43226;43229;9536;43231;43227;44434;9507;9535;55035;42651;34357;16020;44436;9579;31976;31984;9534;8150	8094	8573	7830.5	7567	8471	6227.5	7507.5	3181	7325.5	6573.5	8095	4566	3196.5	590	2163.5	8358	6549	1260.5	6056.5	6148	8738	3374.5	6854	8552	105316.5	5.265.825
ORTHO001017	Terpenoid cyclases/Protein prenyltransferases superfamily protein	AT1G79460	9686;16102;16114;6721;6720;44255;6629;71704;8152;8150;44710;44699;44238;44763;9987;44237;8299;8610;1901576;9058;44711;44249;16101;46394;16053;6082;44281;44283;19752;43436;9685;9570;9532;44435;44444;44424;44464;5575;5623;5622;5737;44446;44422;43226;43229;9536;43231;43227;44434;9507;9899;10333;16838;16835;16829;3824;3674;9740;10476;9755;7165;50794;50789;65007;51716;50896;7154;44700;23052;32870;9725;9719;10033;42221;71495;71310;70887;71370;9739;33993;1101;1901700;71396;71229;1901701;287;46872;43169;43167;5488	8095	7776	8398.5	8702	6664	6898	8162.5	7935.5	7325.5	4730	8487.5	8763	5467.5	906.5	3047.5	8925	4761	2199.5	5851	8077	8019	4873	7335	8258.5	120022.5	6.001.125
ORTHO007184	Plant protein of unknown function (DUF639)	AT1G71240	3674;8150;5739;43231;43227;43226;5575;43229;44424;44464;5623;5622;44444;5737	8096	6161	7838.5	7581	7245.5	6529	8499.5	5957	1328.5	5331.5	7594	3422.5	8306	1800.5	4462	3976.5	5864.5	3750.5	6531	7871	6180.5	5924	6040	6057.5	105426	5271.3
ORTHO002245	GMP synthase (glutamine-hydrolyzing); putative / glutamine amidotransferase; putative	AT1G63660	5524;35639;1901265;1901363;5488;3674;97159;43168;43167;32559;30554;17076;166;36094;32555;32553;97367;32550;32549;1882;1883;3922;16884;16879;16874;3824;8152;8150;16462;16818;16817;16787;4066;16740;6541;9064;1901605;6520;1901564;71704;6807;19752;43436;6082;44281;44710;44699;44763;9987;44237;44238;6529;43604;43603;34641;44271;44249;9058;6528;9066;9067;1901607;8652;46394;16053;44283;44711;1901576;1901566;6177;1901070;1901068;46128;9119;9116;55086;6139;46483;6725;1901360;1901657;1901135;42278;72521;46129;42451;9163;1901659;1901137;34654;19438;18130;1901362;72522;42455;9152;9150;6163;9117;6753;19637;6793;6796;9259;19693;9260;46390;90407;9165;1901293;6164;9168;9156;9161;9123;9124;9167;9126;9127;46037;5737;44424;44464;5575;5623;5622;5829;44444	8097	6952	7350.5	6604	7947.5	6313	7947.5	7762	3813	7862.5	6173.5	5191.5	7031	2711.5	2702.5	3976.5	4191.5	1780	4388	6064.5	6696	3374.5	6413.5	4484	98876.5	4.943.825
ORTHO008138	unknown protein	AT1G11320	9536;43231;43227;43226;5575;43229;44424;44464;5623;5622;44444;5737;5739;8150;3674	8098	8175	7944	7790	7245.5	6898	5466	8064.5	4365	5964.5	8514	4309	5467.5	906.5	3047.5	8358	6825	867.5	7676.5	1532.5	8019	4873	7667.5	8258.5	107080	5354
ORTHO000439	cytochrome P450; family 714; subfamily A; polypeptide 2	AT5G24900;AT5G24910	5789;98588;31090;16020;5575;44422;43226;43227;44432;44444;44424;44464;5623;5622;5737;44446;43229;5783;43231;12505;44425;42175;16021;31224;19825;5488;3674;55114;44710;8152;8150;44699	8099	9149	8059	8019	9151	8919.5	5261.5	3181	2338	8168.5	86	1354.5	6316	1254	6464.5	9091	9015	8080	9161	8873	8618.5	696.5	3207	9148.5	109234	5461.7
ORTHO010989	Transducin/WD40 repeat-like superfamily protein	AT5G60940	6397;16071;16070;44260;43170;71704;8152;8150;44237;9987;90304;6139;46483;6725;1901360;34641;6807;44238;6396;10467;166;36094;5488;3674;1901265;1901363;97159;5737;44424;44464;5575;5623;5622;5634;43231;43227;43226;43229;80008;31461;151;1990234;1902494;43234;32991;5834;98797;44459;44425;16020;5886;71944;98796;31234;19897;19898;9898;98562;98552	8100	8017	7399	6698	7245.5	6085.5	7507.5	4571	7183.5	7916.5	6343	4566	4865.5	291	1910.5	8135.5	5764.5	663.5	4663	7138.5	6431	2677	5021	7656.5	99390.5	4.969.525
ORTHO008084	Nucleic acid-binding; OB-fold-like protein	AT2G40780	5634;43231;43227;43226;5575;43229;44424;44464;5623;5622;6413;44237;8152;8150;9987;6412;43043;43604;43603;34641;6807;44271;44249;9058;6518;1901564;71704;1901566;1901576;44267;19538;43170;44238;44260;34645;9059;10467;3743;8135;3723;3676;1901363;5488;3674;97159	8101	8252	4974	1847	5748	4094	7262.5	3664	2914.5	8647.5	8232.5	1732	1352	6501	1758.5	5325.5	7194	5101.5	1440.5	1248	569	1525	1555.5	1297.5	71415	3570.75
ORTHO009788	photolyase 1	AT1G12370	719;6290;6281;6259;44260;43170;71704;8152;8150;44237;9987;90304;6139;46483;6725;1901360;34641;6807;44238;6974;33554;51716;50896;6950;44763;44699;44710;5634;43231;43227;43226;5575;43229;44424;44464;5623;5622;3913;16830;16829;3824;3674;9650;9411;9416;9314;9628;3904	8102	7122	7409	6716	7947.5	5904	3863.5	5213.5	1328.5	4984	7734.5	2467.5	7963	2711.5	3936.5	5325.5	5561	3121	6531	7012	7052	5213.5	7946.5	5601	99470	4973.5
ORTHO010269	Trypsin family protein with PDZ domain	AT5G27660	34605;9408;9266;9628;50896;8150;6950;33554;51716;9987;5739;43231;43227;43226;5575;43229;44424;44464;5623;5622;44444;5737;8236;70011;8233;16787;3824;3674;8152;6508;19538;43170;71704;44238;17171;51603;44257;30163;9057;1901575;9056;44265;44260;44237;44248;44267;5576	8103	8698	7940.75	7778.5	8619	8334.5	8759	7588.5	7183.5	7916.5	2809.5	3950.5	3116.5	590	2023.5	8925	6298	1114.5	4914	5726.5	8350.5	2763	8070	8552	106985.5	5.349.275
ORTHO000515_1	Cupredoxin superfamily protein	AT4G39830	55114;44710;8152;8150;44699;5576;5575;16491;3824;3674;5507;46914;46872;43169;43167;5488	8104	8753	7863	7622	8753	7543.5	8930	8560.5	5619	6856.5	5902	6832	5195	590	1372.5	3976.5	6955.5	1180.5	5589.5	8661.5	5779	5434	4500.5	6210	105688	5284.4
ORTHO008065	peroxin4	AT5G25760	16567;32446;70647;6464;36211;19538;43170;71704;8152;8150;44238;43412;44267;44260;44237;9987;5778;44439;44438;44444;44424;44464;5575;5623;5622;5737;44446;44422;43226;43229;42579;43231;43227;5777;31903;98588;31090;16020;98805;6635;9062;44242;16042;44712;9056;44710;44699;6629;1901575;44255;44763;44248;72329;46395;16054;44282;44281;6082;19752;43436;32787;6631;19395;34440;30258;55114;5634;16558;6625;6605;6886;15031;45184;51234;51179;8104;33036;71702;6810;46907;51649;51641;34613;70727;1902582;44765;1902578;72662;1902580;7031;6996;16043;71840;33365;1902589;16482;72663;72594;43574;44743;17038;65002;71806;55085;4842;19787;16740;3824;3674;5515;5488;16874;5524;35639;1901265;1901363;97159;43168;43167;32559;30554;17076;166;36094;32555;32553;97367;32550;32549;1882;1883	8105	8588	5939	3773	8730.5	4693.5	7134.5	8830.5	5071	6213.5	6763.5	5053	5195	590	1372.5	3976.5	3124.5	1180.5	5272.5	5189.5	3800.5	1656	4381	3920	83418	4170.9
ORTHO009694	Lactoylglutathione lyase / glyoxalase I family protein	AT2G32090	5739;43231;43227;43226;5575;43229;44424;44464;5623;5622;44444;5737;5975;71704;8152;8150;44238;16829;3824;3674;4462;16846	8106	8481	5059.5	2013	8471	3446.5	5955	3588	3525	8934.5	5873	7085	2752.5	4244	1389	8358	9094	474	1253	2347	202.5	311	313	3501.5	72646.5	3.632.325
ORTHO010319	Regulator of chromosome condensation (RCC1) family protein	AT5G08710	3682;44877;5488;3674;8150;8536;17016;31267;51020;19899;5515	8107	7950	4274	441	6857.5	3632	6117.5	3795	3704.5	8535.5	4164.5	7660	1352	138	136.5	3099	2615.5	439.5	1668	843	2474.5	136.5	289	356	51156.5	2.557.825
ORTHO000259_2	dicer-like 1	AT1G01040	4525;16891;4521;4519;4518;16788;16787;3824;3674;8152;8150;90305;90304;6139;46483;44237;9987;6725;1901360;71704;34641;6807;44238;43170;4540;90501;16070;44260;90502;16893;32296;35279;98795;6379;16071;16458;10629;10605;9892;48519;50789;65007;19222;60255;10468;44763;44699;35195;35194;16441;10608;40029;31047;30422;70918;31050;6396;10467;44710;71359;71407;14070;10033;42221;50896;71310;70887;51716;43331;1901698;1901699;16246;35196;10267;5737;44424;44464;5575;5623;5622;2000034;80050;48580;2000026;50793;51239;2000241;10599;5634;43231;43227;43226;43229;9616;51607;2252;2376;9615;51707;43207;9605;9607;51704;98542;6952;6950;98586;45087;6955;52018;44003;51817;35821;65008;44403;44419;51701;52249;10445;16604;44451;44428;44446;44422;5654;31981;70013;43233;31974;9880;7389;44767;32502;44707;32501;7275;9790;48856;8026;42623;16887;17111;16462;16818;16817;70035;4386;10098;10228;3006;22414;48608;61458;48731;9791;910;22402;7049;51301;3725;3723;3676;1901363;5488;97159;5515;9908;90567;44702;48367;48317;9886;9653;48316;10154;31053;34470;34660;16442;31332;30529;32991	8108	7004	5423.5	2739	7947.5	6227.5	6395	4183	3471	8319	4503.5	2729	2841.5	3283.5	1579	5325.5	3426.5	6145	2742.5	1980	5422.5	1525	4026	3383	77508	3875.4
ORTHO009172	FAD-dependent oxidoreductase family protein	AT3G56840	3973;16899;16614;16491;3824;3674;8152;8150;55114;44710;44699;5739;43231;43227;43226;5575;43229;44424;44464;5623;5622;44444;5737	8109	6350	7907.5	7706	5651.5	8323	3513	5957	6943.5	5683.5	6343	8107.5	8306	2711.5	4462	3976.5	5864.5	3580	4328.5	7871	2021	6027.5	6040	6379.5	106438.5	5.321.925
ORTHO000770	Peptidase M20/M25/M40 family protein	AT3G02875	6508;19538;43170;71704;8152;8150;44238;10210;10178;16810;16787;3824;3674;5783;43231;43227;43226;5575;43229;44424;44464;5623;5622;44444;5737;12505;10211;9850;44237;9987;42445;10817;65008;65007;8237;70011;8233;9507;9536	8110	8914	6748.5	5387	8884	8502.5	9129	3181	2881	7152	3366.5	6770	4738	401	5661	8358	8818.5	867.5	732	399	50	3955.5	7946.5	9075	91984	4599.2
ORTHO001590_1	nucleic acid binding	AT1G27750;AT1G27752	5634;43231;43227;43226;5575;43229;44424;44464;5623;5622;3676;1901363;5488;3674;97159;8150	8111	8879	8267.5	8424	8884	7278	8843	8181.5	4573.5	2524.5	8404	8818.5	2944.5	401	5413.5	8925	6549	241.5	8655.5	6467.5	8228.5	1910	7554.5	8420	114333.5	5.716.675
ORTHO011464	Phosphoglycerate mutase family protein	AT5G62840	3824;3674;8152;8150;9507;9536;43231;43227;43226;5575;43229;44424;44464;5623;5622;44444;5737	8112	8313	7473	6834	8471	8980.5	5048.5	7762	6823.5	7247	6070	5795.5	4555.5	906.5	1677.5	8358	5194	663.5	5648	3949.5	5839	2213.5	6194.5	7266.5	100193	5009.65
ORTHO009615	GRAM domain family protein	AT4G01600	5634;43231;43227;43226;5575;43229;44424;44464;5623;5622;3674	8113	7765	5585	3057	6664	4613.5	4698	4571	7183.5	1318	6343	5720.5	4677	906.5	1910.5	5325.5	4666	1617	4663	7408.5	4946	1613	3155	4117.5	79453	3972.65
ORTHO005875	Splicing factor 3B subunit 5/RDS3 complex subunit 10	AT3G23325;AT4G14342	5689;5681;44428;44446;44422;5575;43226;44424;44464;5623;5622;43229;5634;43231;43227;30529;32991;71011;6397;16071;16070;44260;43170;71704;8152;8150;44237;9987;90304;6139;46483;6725;1901360;34641;6807;44238;6396;10467;3674;398;377;375;8380;5686;97525;30532	8114	9067	6507.5	4901	9057.5	3511	5833	8957	3649	8934.5	4237	7439.5	1352	6389.5	5937	8126.5	9165	1210.5	2399	1900	3157.5	30.5	59	7266.5	89554	4477.7
ORTHO010494	tubby like protein 8	AT1G16070	5634;43231;43227;43226;5575;43229;44424;44464;5623;5622;6355;1903506;2001141;31326;9889;19222;50789;65007;8150;31323;50794;51252;19219;80090;51171;60255;10556;10468;2000112;5829;44444;5737;9620;51707;43207;9605;50896;9607;51704;3700;1071;3674	8115	6716	5967.5	3820	7662	1658.5	5614.5	4826.5	5144	6756.5	6343	5543	7377.5	2711.5	2702.5	3976.5	4191.5	2558	4548.5	2805.5	5637	3609.5	3040	4678.5	83722.5	4.186.125
ORTHO004944	DNA/RNA-binding protein Kin17; conserved region	AT1G55460	6974;33554;51716;9987;8150;50896;6950;3690;43566;3677;3676;1901363;5488;3674;97159;5634;43231;43227;43226;5575;43229;44424;44464;5623;5622;6260;6259;44260;43170;71704;8152;44237;90304;6139;46483;6725;1901360;34641;6807;44238;34645;9059;1901576;9058;44249	8116	8282	4217	318	8341	3962.5	6595	3927.5	3826	7584	5010	1755.5	1352	138	136.5	3273.5	2698	76	1537.5	2409.5	2701	100.5	353.5	535	47971.5	2.398.575
ORTHO002303	Signal transduction histidine kinase	AT2G47430	156;5057;4871;60089;3674;7165;50794;50789;65007;8150;51716;9987;50896;7154;44763;44699;44700;23052;35556;160;4673;4672;16301;16772;16740;3824;8152;16310;6796;6793;44237;16773;6468;6464;36211;19538;43170;71704;44238;43412;44267;44260;16775;18106;18202;18193;42803;42802;5515;5488;46983;9736;9755;32870;9725;9719;10033;42221;71495;71310;70887;71368;9735;16020;5575;10087;9888;48856;32502;80117;80190;40007;9506;5911;30054;55044;5886;44464;5623;71944;16021;31224;44425;9553;48229;7275;44767;44707;32501	8117	8579	6383	4649	8471	4050.5	9095.5	8810.5	5258	8934.5	5655.5	7191	2765	1321.5	1372.5	8925	3183	474	3977	2253	4321	611	3758.5	6161.5	88118.5	4.405.925
ORTHO010024	Phosphoglycerate mutase family protein	AT4G38370	8152;8150;5829;44444;44424;44464;5575;5623;5622;5737;5634;43231;43227;43226;43229;3824;3674	8118	7157	7537.5	6957	7947.5	5285	4118.5	2838	8149.5	6785.5	7382.5	8397	3222.5	2711.5	3265	5325.5	4761	2199.5	5851	8077	6180.5	4169	7089	5222.5	101030	5051.5
ORTHO010129	NFU domain protein 1	AT4G01940	9570;9532;44435;44444;44424;44464;5575;5623;5622;5737;44446;44422;43226;43229;9536;43231;43227;44434;9507;16226;9058;8152;8150;31163;22607;16043;71840;9987;44085;9658;9657;6996;5198;3674;51536;51540;5488;5506;46914;46872;43169;43167	8119	7159	8449.25	8779.5	7947.5	6227.5	4698	6428.5	1839.5	5055	8167.5	5372	3695.5	7101	8093.5	6712.5	6722.5	4673.5	7644	8756	7709	7301.5	8405	7315.5	121917.5	6.095.875
ORTHO008475	Calcium-dependent lipid-binding (CaLB domain) family protein	AT4G01200	8150;3674;5575	8120	8294	7942	7764	8471	6149	6595	3749	1691	4943	4777.5	7432	3202.5	6292	6581	9043.5	7029	6657.5	8364.5	1371	3222	5789.5	5710.5	8258.5	106858	5342.9
ORTHO000350_1	phragmoplast orienting kinesin 1	AT3G17360;AT3G19050;AT3G44050	9524;44444;44424;44464;5575;5623;5622;5737;5874;44430;44446;44422;43226;43229;5856;43232;43228;43234;32991;15630;5524;35639;1901265;1901363;5488;3674;97159;43168;43167;32559;30554;17076;166;36094;32555;32553;97367;32550;32549;1882;1883;5515;910;22402;44763;9987;8150;44699;7049;51301;281;61640;1903047;278;3777;3774;17111;16462;16818;16817;16787;3824;8152;5871;5875;7018;6928;7017;8017;32403;44877;15631;8092	8121	7586	8065	8009	5386.5	8775	4872.5	8314.5	8634	7967.5	7999	7353.5	1352	6206.5	7548.5	3074	7630.5	1017	6389	6555.5	3454.5	4471.5	4006.5	3501.5	109123	5456.15
ORTHO007582	pyrimidin 4	AT4G22930	44205;6222;9220;9260;46390;19693;19637;71704;8152;8150;6793;44237;9987;1901135;6796;90407;1901576;9058;1901137;9165;1901293;6753;55086;6139;46483;6725;1901360;34641;6807;44238;44281;44710;44699;44763;34654;19438;44249;44271;18130;1901362;44711;9117;9259;9218;6220;72527;1901564;6221;72528;1901566;9174;9173;9161;9123;9129;9130;9124;9156;46132;46131;9119;9116;1901657;6213;46134;9163;1901659;42455;46049;4151;16812;16810;16787;3824;3674;19856;6206;9112;46112;9507;9536;43231;43227;43226;5575;43229;44424;44464;5623;5622;44444;5737;5739;46872;43169;43167;5488	8122	8221	8296.5	8471	8341	6898	7665	8028.5	6379.5	3564.5	6543	8397	5467.5	906.5	2910	8358	6825	867.5	7562	6197.5	7925	4873	7667.5	8258.5	115293.5	5.764.675
ORTHO010825	Uncharacterized protein family (UPF0016)	AT4G13590	16020;5575;9941;9526;31967;31975;44464;5623;44446;44422;43226;44424;5622;43229;43227;44435;44444;5737;9536;43231;44434;9507;9706;9528;19866;31090;42170;31969;16021;31224;44425	8123	7322	4273.5	424	6358.5	3971.5	1720.5	3740.5	3895.5	5448.5	5124	7679.5	3840.5	138	136.5	3128	2810.5	203.5	1840.5	3146	2881	193	514	356	50767.5	2.538.375
ORTHO007517	Agenet domain-containing protein	AT5G42670;AT5G52070	8150;9507;9536;43231;43227;43226;5575;43229;44424;44464;5623;5622;44444;5737	8124	7570	6946.5	5769	6358.5	5432.5	4118.5	4964	6225	2869.5	6543	2937.5	3152	906.5	2910	8358	4761	867.5	5851	8077	6180.5	4308.5	7244	8258.5	93964.5	4.698.225
ORTHO009687	Pseudouridine synthase family protein	AT3G06950	1522;9451;16070;44260;43170;71704;8152;8150;44237;9987;90304;6139;46483;6725;1901360;34641;6807;44238;43412;3723;3676;1901363;5488;3674;97159;9507;9536;43231;43227;43226;5575;43229;44424;44464;5623;5622;44444;5737;9982;16866;16853;3824;8033;34470;34660;6396;10467;6399	8125	6347	8577	9029	7245.5	2446.5	8645.5	6906	8484.5	1893	7734.5	2937.5	8859	7213.5	8429	5325.5	7113.5	5452.5	7862.5	8721.5	7786.5	7637.5	8163.5	8159	129771	6488.55
ORTHO009159	DNA primases	AT5G41880	6260;6259;44260;43170;71704;8152;8150;44237;9987;90304;6139;46483;6725;1901360;34641;6807;44238;34645;9059;1901576;9058;44249;5634;43231;43227;43226;5575;43229;44424;44464;5623;5622;6269;32774;16070;34654;19438;44271;18130;1901362;6261;1990077;44427;44446;44422;5694;43232;43228;43234;32991;32993;30894;5657;3896;3899;34062;16779;16772;16740;3824;3674	8126	8528	6822.5	5519	8776.5	7633.5	4118.5	7762	5355.5	6733	3426.5	8467	4955.5	906.5	2023.5	8358	8013.5	499	2150.5	4809.5	5988	1277	2657	7508	92642	4632.1
ORTHO008526	DNAse I-like superfamily protein	AT5G11350	6355;1903506;2001141;31326;9889;19222;50789;65007;8150;31323;50794;51252;19219;80090;51171;60255;10556;10468;2000112;3824;3674;8152;6351;34645;44260;43170;71704;44237;9987;9059;1901576;9058;44249;97659;32774;16070;90304;6139;46483;6725;1901360;34641;6807;44238;34654;19438;44271;18130;1901362;10467;5634;43231;43227;43226;5575;43229;44424;44464;5623;5622;4535;175;8408;4527;4518;16788;16787;90305;16896;4532;4540;90501;90503;16796;3723;3676;1901363;5488;97159;5737;46872;43169;43167	8127	6551	7341	6555	7245.5	5155.5	3628.5	5568.5	7978	3412.5	7199	3686.5	7963	2711.5	3936.5	3976.5	5108	3121	5851	7194	5422.5	5603	5407	5601	98523.5	4.926.175
ORTHO002192	Peptidase S24/S26A/S26B/S26C family protein	AT1G23465;AT1G29960;AT1G53530	6627;34982;16485;6508;19538;43170;71704;8152;8150;44238;51604;10467;44267;44260;44237;9987;6626;1902580;51641;51179;1902578;44699;6605;6886;15031;45184;51234;8104;33036;71702;6810;46907;51649;34613;70727;1902582;44765;16482;70585;33365;6839;72655;72594;7005;6996;16043;71840;16020;5575;8236;70011;8233;16787;3824;3674;17171;9507;9536;43231;43227;43226;43229;44424;44464;5623;5622;44444;5737;5886;71944;5739;16021;31224;44425	8128	7752	4724	1320	5476.5	3726.5	9085.5	3361.5	2264	7152	3948.5	7223	4297.5	3431.5	1616	3023.5	8188.5	1180.5	241.5	1869	3586.5	157.5	57	1958.5	66368.5	3.318.425
ORTHO010191	Tautomerase/MIF superfamily protein	AT5G57170	9507;9536;43231;43227;43226;5575;43229;44424;44464;5623;5622;44444;5737;51707;43207;9605;50896;8150;9607;51704;6954;6952;6950	8129	7916	6044.5	3960	6857.5	3557.5	924	4640	7455	6825	6763.5	5231.5	4955.5	1254	2396.5	5325.5	6208.5	1494	2066	3108	6431	2837	5322	7768	84562.5	4.228.125
ORTHO010598	Pathogenesis-related thaumatin superfamily protein	AT5G40020	5576;5575;51707;43207;9605;50896;8150;9607;51704;3674	8130	6715	6421.5	4713	7662	4758	5205.5	5439.5	1481	8446	3596.5	4949	7743	2711.5	3521.5	3976.5	4548.5	2724.5	5128	4925	4321	4873	5021	5222.5	88591.5	4.429.575
ORTHO008750	CLP-similar protein 3	AT3G04680	5849;44451;44428;44446;44422;5575;43226;44424;44464;5623;5622;43229;5634;43231;43227;5654;31981;70013;43233;31974;43234;32991;48827;48856;32502;8150;48367;44767;44699;48731;7275;44707;32501;5515;5488;3674;5524;35639;1901265;1901363;97159;43168;43167;32559;30554;17076;166;36094;32555;32553;97367;32550;32549;1882;1883;9908;90567;48608;3006;22414;61458;44702;9791;6397;16071;16070;44260;43170;71704;8152;44237;9987;90304;6139;46483;6725;1901360;34641;6807;44238;6396;10467;10228	8131	7060	7591.5	7052	7947.5	1885	3628.5	5213.5	5994	5817.5	7382.5	2467.5	8094	2711.5	3936.5	5325.5	5685	3121	6531	7408.5	7254	5376	8070	5806	101707.5	5.085.375
ORTHO010576	CONTAINS InterPro DOMAIN/s: Serine-threonine protein kinase 19 (InterPro:IPR018865)	AT2G20495	3674;5634;43231;43227;43226;5575;43229;44424;44464;5623;5622;8150	8132	8011	7774	7416	7245.5	8430	3224.5	4734	5144	7441.5	7040	7408	5338.5	906.5	2396.5	8358	6549	663.5	4016	7498.5	7052	3609.5	6538.5	7952.5	104301	5215.05
ORTHO009130	Tetratricopeptide repeat (TPR)-like superfamily protein	AT3G49730;AT5G65820	5739;43231;43227;43226;5575;43229;44424;44464;5623;5622;44444;5737	8133	7815	7121	6109	6664	5432.5	4118.5	4964	6225	2385.5	2992.5	8397	3152	906.5	2396.5	5325.5	6825	867.5	5851	8214	7925	4308.5	7335	8258.5	95880	4794
ORTHO009535	Zinc finger C-x8-C-x5-C-x3-H type family protein	AT1G75340	15031;45184;51234;51179;8150;8104;33036;71702;6810;3676;1901363;5488;3674;97159;5634;43231;43227;43226;5575;43229;44424;44464;5623;5622;46872;43169;43167;51028;50658;50657;15931;71705;51236;6403;5515;5635;44428;44446;44422;31967;31975;12505;5643;3677	8134	6679	7486	6838	7662	5432.5	5521	2923.5	5355.5	8118.5	6543	4779	7743	2711.5	3721.5	3976.5	8748.5	3121	5347.5	4211	6696	5059	5021	5222.5	100252	5012.6
ORTHO008592	Arp2/3 complex; 34 kD subunit p34-Arc	AT1G30825	7015;71822;43933;16043;71840;8150;9987;30036;30029;44763;44699;7010;6996;1902589;10090;904;902;32989;9653;32502;48856;48869;44767;48468;30154;10026;90558;9888;90626;5737;44424;44464;5575;5623;5622;34314;45010;30838;51495;10638;33043;51128;50794;50789;65007;51130;48522;48518;51493;30833;8064;30832;32535;90066;65008;32956;32970;32271;43254;44087;32273;31334;44089;5885;44430;44446;44422;43226;43229;5856;43232;43228;43234;32991;15629;5198;3674;42995;5515;5488;3779;8092	8135	7128	4140	145	5439	4050.5	3129.5	4034.5	4087	5293	5148.5	1687.5	3718.5	138	136.5	1273	2848	61	1827	1960	312.5	173	237	107	40222	2011.1
ORTHO008795	unknown protein	AT4G27510	5739;43231;43227;43226;5575;43229;44424;44464;5623;5622;44444;5737;8150;3674	8136	7281	5605	3074	7947.5	4174	6606.5	4424	4788.5	7584	3831.5	7039.5	6227	3283.5	1616	5325.5	3426.5	1494	4113.5	2734	3870	1566.5	4100.5	3383	79588	3979.4
ORTHO010359	Tetratricopeptide repeat (TPR)-like superfamily protein	AT1G04130	5737;44424;44464;5575;5623;5622;51879;31072;5515;5488;3674	8137	8021	7998.5	7860	7245.5	7169.5	7665	8064.5	5355.5	1750.5	7382.5	4309	5467.5	906.5	3047.5	8358	4761	867.5	5851	8077	7925	4873	7667.5	8258.5	107756.5	5.387.825
ORTHO005925	NAD(P)-binding Rossmann-fold superfamily protein	AT5G58490	3824;3674;8152;8150;50662;48037;5488;9809;9808;9698;19748;44710;44699;6725;44237;9987;1901360;71704;44763;9699;19438;44249;9058;1901362;1901576;44550;44711;16621;16620;16903;16491;55114;5829;44444;44424;44464;5575;5623;5622;5737	8138	6889	5558	2978	5375	5516	8616.5	8256	2645.5	7782	6763.5	4724	1352	1321.5	3721.5	3976.5	5457.5	867.5	4485	3483.5	3417.5	1735	3810	1106.5	79037.5	3.951.875
ORTHO006971	alpha/beta-Hydrolases superfamily protein	AT5G17720;AT5G17780	16787;3824;3674;8152;8150;5737;44424;44464;5575;5623;5622	8139	6923	8152.5	8166	7947.5	5904	8324.5	8181.5	7978	2366.5	7199	2467.5	8094	2711.5	3936.5	5325.5	5561	3121	6531	7080	7052	5213.5	7946.5	5806	110799.5	5.539.975
ORTHO008741	unknown protein	AT3G04160	6397;16071;16070;44260;43170;71704;8152;8150;44237;9987;90304;6139;46483;6725;1901360;34641;6807;44238;6396;10467;5634;43231;43227;43226;5575;43229;44424;44464;5623;5622;5681;44428;44446;44422;30529;32991;46872;43169;43167;5488;3674;8380	8140	7135	6540	4940	7947.5	2446.5	7923	4571	3695.5	6573.5	5973.5	7162	7031	2711.5	2396.5	5325.5	3891.5	1617	4663	5400	4946	2923.5	6194.5	4291.5	89736.5	4.486.825
ORTHO008578	EYES ABSENT homolog	AT2G35320	7275;44767;32502;8150;44699;44707;32501;30946;4725;4721;16791;42578;16788;16787;3824;3674;8152;16311;6796;6793;44237;9987;6470;6464;36211;19538;43170;71704;44238;43412;44267;44260;35335;5634;43231;43227;43226;5575;43229;44424;44464;5623;5622	8141	7936	6204	4267	6857.5	5773	7863	4424	4586.5	8647.5	3749	5931	2914.5	906.5	1677.5	5325.5	3682	3121	4059	6754	4384	2677	5826.5	3920	86221.5	4.311.075
ORTHO010540	Rieske (2Fe-2S) domain-containing protein	AT1G71500	9507;9536;43231;43227;43226;5575;43229;44424;44464;5623;5622;44444;5737;9941;9526;31967;31975;44446;44422;44435;44434;55114;44710;8152;8150;44699;9535;55035;42651;34357;16020;44436;9579;31976;31984;9534;51537;51536;51540;5488;3674;16491;3824	8142	6694	7190.5	6239	7662	4946.5	4341	8148	7455	7539	5902	4111	1352	2711.5	3936.5	3976.5	4942.5	3121	5400	7080	5422.5	5603	5171.5	5433.5	96593	4829.65
ORTHO010812	Ran BP2/NZF zinc finger-like superfamily protein	AT1G70650	5739;43231;43227;43226;5575;43229;44424;44464;5623;5622;44444;5737;16881;16879;16874;3824;3674;8152;8150;8270;46914;46872;43169;43167;5488	8143	7433	5921.5	3700	6358.5	8169	5643	4424	4788.5	8647.5	3674	8070	2853	2711.5	1677.5	5325.5	3471	1494	2997	4060.5	3870	1910	5586.5	3635.5	83008	4150.4
ORTHO010406	SET domain group 40	AT5G17240	18026;18022;18205;18193;6464;36211;19538;43170;71704;8152;8150;44238;43412;44267;44260;44237;9987;6479;43414;32259;8213;9507;9536;43231;43227;43226;5575;43229;44424;44464;5623;5622;44444;5737;16279;16278;8170;8168;16741;16740;3824;3674;8757;8276	8144	6428	4733	1322	7245.5	2501	195	2460.5	2868	8934.5	4172	6240	6227	3461.5	1758.5	3976.5	8989.5	2558	3653	399	3551.5	703.5	500	3289.5	66438.5	3.321.925
ORTHO010833	unknown protein	AT5G38060	3674;8150	8145	7300	8015.25	7885.5	7947.5	8545	8552.5	8212.5	5851.5	6179.5	7886	2343.5	8205.5	2711.5	4462	5325.5	6027	2199.5	658	3274.5	7636	5434	8247	6210	107961	5398.05
ORTHO007277	RING/U-box superfamily protein	AT3G51325	3676;1901363;5488;3674;97159;5575;8150;8270;46914;46872;43169;43167	8146	7569	5975.75	3805.5	6358.5	2239.5	5673.5	4571	210.5	6422.5	4931	6883.5	2853	3283.5	1616	8358	3471	5788	4968.5	4727.5	4946	2061	5586.5	5007.5	83598	4179.9
ORTHO010832	elongator protein 6	AT4G10090	6355;1903506;2001141;31326;9889;19222;50789;65007;8150;31323;50794;51252;19219;80090;51171;60255;10556;10468;2000112;31538;31537;9892;48519;5515;5488;3674;5634;43231;43227;43226;5575;43229;44424;44464;5623;5622;6979;6950;50896;5737;6351;34645;44260;43170;71704;8152;44237;9987;9059;1901576;9058;44249;97659;32774;16070;90304;6139;46483;6725;1901360;34641;6807;44238;34654;19438;44271;18130;1901362;10467;33588;43234;32991;16746;16740;3824;2000024;48831;2000026;50793;51239;8284;48522;48518;42127	8147	7441	6344.5	4542	6358.5	5016	4457	4734	5071	6934	7040	4162.5	3116.5	2711.5	2702.5	5325.5	4761	1780	5128	7498.5	5422.5	2837	4199	4678.5	87575	4378.75
ORTHO004041	transducin family protein / WD-40 repeat family protein	AT1G71840	5834;1902494;43234;32991;5575;98797;44459;44464;5623;44425;16020;5886;71944;98796;44424;5622;31234;19897;19898;9898;98562;98552;5829;44444;5737;8150;166;36094;5488;3674;1901265;1901363;97159	8148	8803	8246	8344	8820	7455.5	8902.5	7588.5	5851.5	5723.5	8450	8888.5	5066	3815.5	6867.5	8770.5	2952	1114.5	8059	7012	8350.5	62.5	79	8062	113071	5653.55
ORTHO000713	valyl-tRNA synthetase / valine--tRNA ligase (VALRS)	AT1G14610;AT5G16715	5739;43231;43227;43226;5575;43229;44424;44464;5623;5622;44444;5737;9507;9536;6418;43039;6399;34660;16070;44260;43170;71704;8152;8150;44237;9987;90304;6139;46483;6725;1901360;34641;6807;44238;43038;6520;1901564;19752;43436;6082;44281;44710;44699;44763;6412;43043;43604;43603;44271;44249;9058;6518;1901566;1901576;44267;19538;34645;9059;10467;4812;16876;16875;16874;3824;3674;5524;35639;1901265;1901363;5488;97159;43168;43167;32559;30554;17076;166;36094;32555;32553;97367;32550;32549;1882;1883;5829;9793;44702;22414;3006;32502;9790;44767;48856;7275;44707;32501;48316;48608;61458;48731;9791;10154;9570;9532;44435;44446;44422;44434;6438;4832;2161;52689;16788;16787;6450;6448;6417;10608;10468;60255;19222;50789;65007;32268;51246;80090;31323;50794;34248;51171;2000112;31326;9889;10556;65008	8149	8094	5623	3097	8929.5	4186	8038	8366.5	8392	8231.5	4086	6171.5	2844.5	474.5	1323.5	3023.5	4761	523.5	4715	3850	3646	1010.5	2603	3447.5	79694	3984.7
ORTHO009993	unknown protein	AT5G22875	3674;8150	8150	7305	6814	5478	8139.5	7071.5	3863.5	5064	5355.5	3731	2809.5	8494.5	7743	2711.5	3721.5	5325.5	1844	2724.5	6185.5	8320	6431	2837	2984	5222.5	92439.5	4.621.975
ORTHO004842	DNA binding	AT5G63960	46872;43169;43167;5488;3674;6260;6259;44260;43170;71704;8152;8150;44237;9987;90304;6139;46483;6725;1901360;34641;6807;44238;34645;9059;1901576;9058;44249;6297;6289;6281;6974;33554;51716;50896;6950;44763;44699;44710;45004;45005;6261;71897;34654;19438;44271;18130;1901362;5634;43231;43227;43226;5575;43229;44424;44464;5623;5622;3677;3676;1901363;97159;43625;44454;44427;44446;44422;5694;43232;43228;44428;228;31981;70013;43233;31974;42575;61695;1990234;1902494;43234;32991;43601;30894;32993;5657;43596;3887;34061;16779;16772;16740;3824;51539;51536;51540;7346;51726;50794;50789;65007;8296;16895;16796;4527;4518;16788;16787;90305;4529;4536;8408;6287;6284;43137;6401;44265;9057;1901575;9056;44248;16070;34655;19439;44270;1901361;46700;33567;6273;6271;22616;166;36094;1901265	8151	7446	8113	8075	8202.5	6085.5	8376	8212.5	4405.5	642.5	7734.5	4059.5	8094	2711.5	3936.5	5325.5	5685	3121	6531	8551.5	7166	5376	8070	5806	109890	5494.5
ORTHO009552	CONTAINS InterPro DOMAIN/s: Nuclear pore complex protein; Nucleoporin Nup85-like (InterPro:IPR011502)	AT4G32910	5635;44428;44446;44422;5575;43226;44424;44464;5623;5622;43229;5634;43231;43227;31967;31975;12505;15031;45184;51234;51179;8150;8104;33036;71702;6810;5515;5488;3674;5643	8152	6279	6155.75	4159.5	7245.5	4693.5	8090	5439.5	7978	2059	3269.5	7933	3212	2711.5	3047.5	3976.5	1155.5	2558	4864	5160	4226.5	4612.5	4887	5806	85679.5	4.283.975
ORTHO008498	RNA ligase/cyclic nucleotide phosphodiesterase family protein	AT4G18930	4112;8081;42578;16788;16787;3824;3674;8152;8150;6388;394;8380;6396;16070;44260;43170;71704;44237;9987;90304;6139;46483;6725;1901360;34641;6807;44238;10467;8033;34470;34660;6399;5737;44424;44464;5575;5623;5622	8153	8290	7245.5	6338	7662	5285	7422	7762	4788.5	6081	6070	5839	4492.5	906.5	1677.5	8358	5194	663.5	5648	5447	5839	2213.5	6194.5	7266.5	97148	4857.4
ORTHO009254	C2H2 and C2HC zinc fingers superfamily protein	AT5G26749	8270;46914;46872;43169;43167;5488;3674;5634;43231;43227;43226;5575;43229;44424;44464;5623;5622;8150	8154	7857	7848.5	7543	6857.5	5580	8930	2684	5355.5	6139.5	7594	8522.5	3216	906.5	3047.5	5325.5	935.5	3121	6185.5	8478	8496	4709	7611.5	8332.5	105170	5258.5
ORTHO008140	Peroxidase superfamily protein	AT2G41480	9664;71555;45229;16043;71840;8150;9987;71554;71669;4601;16684;16491;3824;3674;8152;55114;44710;44699;16209;5576;5575;9808;9698;19748;6725;44237;1901360;71704;44763	8155	8373	7335	6515	8776.5	6313	7600	1581	6124	6889	7040	4386.5	3070	906.5	2163.5	5325.5	6549	663.5	7281	6148	7052	4067	7156	7952.5	98268	4913.4
ORTHO003633	dihydroflavonol 4-reductase	AT5G42800	42406;44432;44444;44424;44464;5575;5623;5622;5737;44446;44422;43226;43229;5783;43231;43227;12505;31312;19898;44425;16020;31090;5789;98588;42175;5515;5488;3674;55114;44710;8152;8150;44699;45552;16616;16614;16491;3824;9718;46283;9812;71704;42440;9813;1901576;9058;46148;44711	8156	9043	8238.5	8321	9043	3697.5	9152	8753	8259	8934.5	8786.5	9147.5	6513.5	5862.5	1372.5	7782	324.5	218.5	1335	9136	696.5	7914	5649	9126.5	112660.5	5.633.025
ORTHO010830	chloroplastic drought-induced stress protein of 32 kD	AT1G76080	9570;9532;44435;44444;44424;44464;5575;5623;5622;5737;44446;44422;43226;43229;9536;43231;43227;44434;9507;9941;9526;31967;31975;9414;9415;9628;50896;8150;1101;42221;10035;1901700;6950;5515;5488;3674;45454;19725;42592;65008;65007;44763;9987;44699;50794;50789;6979	8157	7391	6227.5	4298	8139.5	5248.5	4118.5	8296.5	4953	3967	3136.5	3872	1352	2711.5	2702.5	5325.5	4638.5	2724.5	5589.5	7871	5988	3374.5	5710.5	4801	86381	4319.05
ORTHO009002	haloacid dehalogenase (HAD) superfamily protein	AT3G58830	16787;3824;3674;8152;8150;5739;43231;43227;43226;5575;43229;44424;44464;5623;5622;44444;5737	8158	8485	7744	7330	8471	6313	7600	7935.5	5619	2736.5	8232.5	4351.5	3059	906.5	2163.5	8358	6549	663.5	7197.5	5929.5	7052	3955.5	7156	7860.5	103638.5	5.181.925
ORTHO008826	SET domain protein 25	AT5G42400	5634;43231;43227;43226;5575;43229;44424;44464;5623;5622;51568;34968;16571;6479;43414;44260;43170;71704;8152;8150;44237;9987;32259;43412;8213;6464;36211;19538;44238;44267;16570;16569;16568;6325;43933;16043;71840;51276;6996;1902589;44763;44699;44710;18022;18205;18193;5737;10452;6351;34645;9059;1901576;9058;44249;97659;32774;16070;90304;6139;46483;6725;1901360;34641;6807;34654;19438;44271;18130;1901362;10467;6355;1903506;2001141;31326;9889;19222;50789;65007;31323;50794;51252;19219;80090;51171;60255;10556;10468;2000112;9909;48580;2000026;50793;51239;48831;2000241;10228;3006;32502;22414;48608;48856;61458;48731;7275;44767;44707;32501;9791;9908;90567;44702;48367;18024;16279;16278;8170;8168;16741;16740;3824;3674;8757;8276;42054	8159	7249	7453	6747	7947.5	7278	6901	5213.5	6584	7441.5	7040	4059.5	1352	2711.5	3936.5	5325.5	5561	3121	6531	5277	2573	5213.5	7946.5	5601	99667	4983.35
ORTHO002921	Mannose-binding lectin superfamily protein	AT1G73040	80028;44271;34641;6807;8152;8150;44237;9987;44249;9058;50898;1901564;71704;1901566;1901576;19762;19759;19757;43436;6082;44281;44710;44699;44763;19748;16143;6790;1901657;1901135;16145;1901658;44712;9056;1901136;1901575;44273;44248;19760;5576;5575;30246;5488;3674	8160	9088	7718.5	7277	9078.5	7812.5	9147	8681.5	2134	4791.5	8537.5	7358.5	1352	4746.5	5254.5	9104	1806	439.5	8292	2688	8468.5	889.5	2794.5	8915.5	103213	5160.65
ORTHO004091	S-methyl-5-thioribose kinase	AT1G49820	16310;6796;6793;44237;8152;8150;9987;5524;35639;1901265;1901363;5488;3674;97159;43168;43167;32559;30554;17076;166;36094;32555;32553;97367;32550;32549;1882;1883;42802;5515;46522;16301;16772;16740;3824;16773;19509;71267;71265;9086;97;96;6790;6520;1901564;71704;6807;19752;43436;6082;44281;44710;44699;44763;44238;44272;44249;9058;8652;46394;16053;44283;44711;1901576;1901566;9067;9066;1901605;1901607;6555;43102;43094;5829;44444;44424;44464;5575;5623;5622;5737;71732;1902170;1901699;1901698;42221;50896;70887;51716;34614;302;6979;6950;1901700;34599;33554;1901701;71241;10035;71731;71281;10039;10038;1990267;71248;71369;32870;9725;9719;10033;71495;71310;9723	8161	7093	6031.5	3902	7947.5	5580	4118.5	8102.5	4323	4813.5	2809.5	2640.5	7743	2711.5	3721.5	5325.5	1102.5	2199.5	4914	6632	6431	2837	2984	5222.5	84211.5	4.210.575
ORTHO005383	RNAse II-like 1	AT4G15417	90502;90501;16070;44260;43170;71704;8152;8150;44237;9987;90304;6139;46483;6725;1901360;34641;6807;44238;90305;5737;44424;44464;5575;5623;5622;6396;10467;4525;16891;4521;4519;4518;16788;16787;3824;3674;4540;16893;32296;3723;3676;1901363;5488;97159	8162	8994	8165	8168	8915	7324.5	9004	3230.5	6943.5	5112.5	1211	8970	7258.5	504	5661	8737.5	6648.5	445.5	8782	8551.5	2058	3854	7554.5	8966	110817	5540.85
ORTHO006190	Rubredoxin-like superfamily protein	AT1G54500	9507;9536;43231;43227;43226;5575;43229;44424;44464;5623;5622;44444;5737;9535;55035;42651;34357;16020;44436;9579;44435;44446;44422;31976;31984;44434;9534;50660;50662;48037;5488;3674;43168;43167;166;36094;1901265;1901363;97159;46872;43169;9055;33539;6635;9062;44242;16042;44712;9056;8152;8150;44710;44699;6629;71704;44238;1901575;44255;44763;9987;44237;44248;72329;46395;16054;44282;44281;6082;19752;43436;32787;6631;19395;34440;30258;55114;52890;16627;16491;3824;62;1901681;55088;48878;42592;65008;65007;3995	8163	8776	8046	7929	8678	5904	8759	8445	4865	6345	8450	3912.5	3133	590	5718	7360.5	6409	1114.5	8059	7080	2868.5	2763	8070	8552	108398	5419.9
ORTHO010849	heme oxygenase 2	AT2G26550	4392;16705;16491;3824;3674;8152;8150;55114;44710;44699;6788;42168;6778;51186;44237;9987;33013;46483;6725;1901360;71704;1901564;6807;42440;44763;6787;51187;44248;9056;33015;19439;44270;34641;1901361;1901575;1901565;46700;10024;51188;44249;9058;33014;19438;44271;18130;1901362;1901576;1901566;51202;9507;9536;43231;43227;43226;5575;43229;44424;44464;5623;5622;44444;5737;15979	8164	7413	7970.5	7777	8202.5	8183	3758	5302.5	5619	3921.5	7734.5	2467.5	8094	2711.5	3521.5	5325.5	5685	4400	4968.5	8551.5	7489.5	5376	8070	5806	106985	5349.25
ORTHO009759	TBP-associated factor 11	AT4G20280	6351;34645;44260;43170;71704;8152;8150;44237;9987;9059;1901576;9058;44249;97659;32774;16070;90304;6139;46483;6725;1901360;34641;6807;44238;34654;19438;44271;18130;1901362;10467;5634;43231;43227;43226;5575;43229;44424;44464;5623;5622	8165	7996	8180.5	8196	6857.5	2501	9057	6428.5	6225	6156.5	3461	5295.5	1352	6434	7737.5	9043.5	7354	5569	7862.5	483.5	8468.5	6429	2536	8780.5	111174.5	5.558.725
ORTHO010828	unknown protein	AT1G60460	3674;8150;9507;9536;43231;43227;43226;5575;43229;44424;44464;5623;5622;44444;5737	8166	7488	6676.25	5186.5	6358.5	5047	6879	4734	5144	6308	7040	3983	7377.5	2711.5	2702.5	5325.5	4638.5	1780	5220.5	4778	5422.5	2923.5	4244	4678.5	90937.5	4.546.875
ORTHO008744	Small nuclear ribonucleoprotein family protein	AT4G18372	30529;32991;5575;44424;44464;5623;5622;3674;5634;43231;43227;43226;43229;19013;44423;19012;19028;8150	8167	7275	7582.5	6998	7947.5	5432.5	8251	4964	5851.5	5583	7382.5	2640.5	1352	2711.5	3721.5	8358	4942.5	2558	5851	8214	6431	4308.5	7554.5	5222.5	101330	5066.5
ORTHO009129	sirtuin 1	AT5G55760	5737;44424;44464;5575;5623;5622;5634;43231;43227;43226;43229;6355;1903506;2001141;31326;9889;19222;50789;65007;8150;31323;50794;51252;19219;80090;51171;60255;10556;10468;2000112;6342;45814;10629;10605;9892;48519;40029;45892;1903507;1902679;51253;45934;51172;31324;48523;31327;9890;10558;2000113;16458;44763;9987;44699;5677;44428;44446;44422;43234;32991;46872;43169;43167;5488;3674;70403;51287;50662;48037;166;36094;1901265;1901363;97159;43168;16787;3824;8152;3677;3676	8168	7999	6421	4674	6857.5	5351.5	7901	4462	6712.5	7183	5726.5	5931	4492.5	906.5	1677.5	5325.5	5194	663.5	4388	4727.5	3978	1735	4668	7266.5	88290	4414.5
ORTHO006292	Rad21/Rec8-like family protein	AT5G05490	7062;51276;6996;16043;71840;8150;9987;22402;44763;44699;7049;1902589;819;98813;7059;5634;43231;43227;43226;5575;43229;44424;44464;5623;5622;51455;90172;1903046;51321;3;226;7010;7017;45143;45132;7126;280;48285;7127;51316;8608;34453;8278;44427;44446;44422;5694;43232;43228;43234;32991;793;10032;70192;30261;6323;71103;6325;43933;228;44428;31981;70013;43233;31974;51754;51177;45144;7135;70601;3674	8169	7619	7639.5	7110	6358.5	5516	8364	2711	6379.5	7862.5	6543	2640.5	7743	2711.5	3047.5	5325.5	4942.5	2558	7792.5	4527	6431	4308.5	7554.5	5222.5	102180.5	5.109.025
ORTHO000572_2	CRS1 / YhbY (CRM) domain-containing protein	AT4G29750	3723;3676;1901363;5488;3674;97159;9507;9536;43231;43227;43226;5575;43229;44424;44464;5623;5622;44444;5737	8170	6683	6358	4546	7662	4723.5	4118.5	5439.5	4740.5	7539	3596.5	4991	1352	2711.5	3521.5	3976.5	8587.5	2558	5851	6555.5	2459.5	4709	4927.5	5222.5	87580.5	4.379.025
ORTHO010738	unknown protein	AT4G38490	6605;6886;15031;45184;51234;51179;8150;8104;33036;71702;6810;46907;51649;51641;34613;70727;1902582;44765;1902578;44699;16020;5575;5739;43231;43227;43226;43229;44424;44464;5623;5622;44444;5737	8171	7426	7647	7123	6358.5	6679.5	4118.5	4826.5	5754	6345	6343	3034.5	7743	2711.5	2702.5	5325.5	7378	2558	5648	7986	7636	3955.5	6538.5	4972	102255.5	5.112.775
ORTHO010758	embryo defective 2423	AT3G48470	5634;43231;43227;43226;5575;43229;44424;44464;5623;5622;3674;9793;44702;22414;8150;44699;3006;32502;9790;44767;48856;7275;44707;32501;48316;48608;61458;48731;9791;10154	8172	7427	6022.5	3873	6358.5	8560	7085	2903.5	3711	8319	6173.5	7191	3081	2711.5	2702.5	5325.5	1266	1494	658	3331	5265	3374.5	6413.5	4484	84049.5	4.202.475
ORTHO010848	Nucleic acid-binding; OB-fold-like protein	AT1G07130	16233;723;6259;44260;43170;71704;8152;8150;44237;9987;90304;6139;46483;6725;1901360;34641;6807;44238;32200;51276;6996;16043;71840;1902589;44763;44699;44710;60249;42592;65008;65007;3677;3676;1901363;5488;3674;97159;5515;5634;43231;43227;43226;5575;43229;44424;44464;5623;5622;784;44454;44427;44446;44422;5694;43232;43228;44428;228;31981;70013;43233;31974;781;98687	8173	7432	7858.5	7544	6358.5	5319	4118.5	4964	5355.5	6733	7382.5	8397	7743	2711.5	3521.5	5325.5	4761	2199.5	5851	7986	6180.5	4169	7244	5222.5	105184.5	5.259.225
ORTHO004798	pescadillo-related	AT5G14520	466;460;6364;34470;34660;16070;44260;43170;71704;8152;8150;44237;9987;90304;6139;46483;6725;1901360;34641;6807;44238;6396;10467;16072;42254;22613;44085;71840;5654;44428;44446;44422;5575;43226;44424;44464;5623;5622;43229;5634;43231;43227;31981;70013;43233;31974;5515;5488;3674;5730;43232;43228;1903506;2001141;31326;9889;19222;50789;65007;31323;50794;51252;19219;80090;51171;60255;10556;2000232;90069;44087;10468;43021;44877;30687;30684;30529;32991;3713;3712;989;988	8174	7713	6126.5	4079	6664	4291.5	5673.5	4462	4788.5	6364	5973.5	6027	4492.5	2711.5	1677.5	8358	3548.5	1494	5648	3949.5	3942	2433.5	5710.5	3721	85266.5	4.263.325
ORTHO006488	Pentatricopeptide repeat (PPR) superfamily protein	AT1G62350	5739;43231;43227;43226;5575;43229;44424;44464;5623;5622;44444;5737;3674;8150	8175	6397	7786	7397	7245.5	6529	3628.5	5957	8101	2170.5	7594	3422.5	8306	2711.5	4462	3976.5	6409	3750.5	7042	7871	6180.5	5603	4085.5	6379.5	104179.5	5.208.975
ORTHO010801	damaged DNA binding	AT4G17760	5524;35639;1901265;1901363;5488;3674;97159;43168;43167;32559;30554;17076;166;36094;32555;32553;97367;32550;32549;1882;1883;9507;9536;43231;43227;43226;5575;43229;44424;44464;5623;5622;44444;5737	8176	7436.5	7875	7574	6358.5	5432.5	8221	4964	7632	5535.5	7382.5	7055.5	1352	2711.5	2702.5	5325.5	4870.5	4400	6185.5	8214	6431	4308.5	7435.5	5222.5	105382	5269.1
ORTHO009574	unknown protein	AT3G55160	5829;44444;44424;44464;5575;5623;5622;5737;9507;9536;43231;43227;43226;43229	8177	7908	7369.25	6561.5	6857.5	5432.5	4118.5	4964	5355.5	6825	7382.5	4239	1352	906.5	3047.5	5325.5	6825	2199.5	5851	8214	8019	4067	6194.5	8258.5	98577	4928.85
ORTHO006836	Encodes MINIYO (IYO); a positive regulator of transcriptional elongation that is essential for cells to initiate differentiation.	AT4G38440	5634;43231;43227;43226;5575;43229;44424;44464;5623;5622;30154;48869;44767;32502;8150;44699;44763;9987;6355;1903506;2001141;31326;9889;19222;50789;65007;31323;50794;51252;19219;80090;51171;60255;10556;10468;2000112;5737	8178	6643	6667	5156	7662	2005.5	4341	5813.5	5994	2670	210.5	3686.5	8306	2711.5	4462	3976.5	5764.5	3949	6531	6064.5	6180.5	5789.5	6040	6281	90777	4538.85
ORTHO003995	Cyclin/Brf1-like TBP-binding protein	AT2G01280;AT2G45100;AT3G09360	6384;6352;32774;9059;43170;71704;8152;8150;1901576;9058;16070;44260;44237;9987;90304;6139;46483;6725;1901360;34641;6807;44238;34654;19438;44249;44271;18130;1901362;6351;34645;97659;10467;6383;6355;1903506;2001141;31326;9889;19222;50789;65007;31323;50794;51252;19219;80090;51171;60255;10556;10468;2000112;1902476;6821;15698;6820;6811;44765;6810;51234;51179;1902578;44699;98661;98660;34220;55085;44763;98656;5634;43231;43227;43226;5575;43229;44424;44464;5623;5622;126;90576;44798;44428;44446;44422;5667;43234;32991;98655;6812;17025;8134;5515;5488;3674;9793;44702;22414;3006;32502;9790;44767;48856;7275;44707;32501;48316;48608;61458;48731;9791;10154;15377;15296;8509;15075;22891;22857;5215;22892;15294;15293;15291;22804;8324;15108;15103;8270;46914;46872;43169;43167	8179	7684	7677.5	7176	8259	6898	8282	4964	6379.5	4428.5	6543	2729	7743	2711.5	2396.5	8358	4870.5	2199.5	5851	5126.5	6180.5	4308.5	7404.5	5222.5	102596.5	5.129.825
ORTHO006796	Ribosomal protein L7Ae/L30e/S12e/Gadd45 family protein	AT4G01790	5634;43231;43227;43226;5575;43229;44424;44464;5623;5622;4526;16891;4521;4519;4518;16788;16787;3824;3674;8152;8150;90305;90304;6139;46483;44237;9987;6725;1901360;71704;34641;6807;44238;43170;4540;90501;16070;44260;90502;16893;4549	8180	7043	7957.5	7735	7947.5	2981	6901	5302.5	4323	7916.5	3674	8562.5	3390	7101	7764	6712.5	5962.5	4154.5	4388	4884.5	6180.5	5434	5617	5433.5	106682.5	5.334.125
ORTHO007575	Mog1/PsbP/DUF1795-like photosystem II reaction center PsbP family protein	AT1G69680	3674;8150	8181	7635	7776	7371	7947.5	7324.5	8324.5	5213.5	4953	5767	7199	2467.5	3390	2711.5	3265	5325.5	5561	3121	6531	7012	7052	5213.5	7946.5	5601	103979	5198.95
ORTHO006660	ribosomal RNA processing 4	AT1G03360	3723;3676;1901363;5488;3674;97159;71051;31126;43628;34470;34660;16070;44260;43170;71704;8152;8150;44237;9987;90304;6139;46483;6725;1901360;34641;6807;44238;6396;10467;31123;43144;16074;71034;71043;34661;6401;44265;9057;1901575;9056;44248;34655;19439;44270;1901361;46700;34427;291;956;6402;16071;71049;71033;8298;6403;33036;51179;70727;51641;71028;71027;71025;71031;71035;16075;16072;71046;43634;43633;43632;71029;43928;288;34475;34472;16180;16073;177;178;43234;32991;5575;44424;44464;5623;5622;44444;5737;4527;4518;16788;16787;3824;90305;71038;16078;6399;467;459;469;90501;6364;42254;22613;44085;71840;90503;31125;466;460;176;44428;44446;44422;43226;43229;5634;43231;43227;31981;70013;43233;31974	8182	7024	6293.5	4405	7947.5	2385.5	4904	3795	5994	6524	2992.5	8284.5	7121	2711.5	2702.5	5325.5	4464.5	2199.5	5027.5	4848	5422.5	2923.5	4723.5	4541	86890	4344.5
ORTHO005206	2-oxoglutarate (2OG) and Fe(II)-dependent oxygenase superfamily protein	AT3G49620;AT3G49630;AT3G50210	51213;16491;3824;3674;8152;8150;55114;44710;44699;9416;9314;9628;50896;9267;31669;31667;9991;9605;31668;51716;9987;71496;7154;44763;42594;6950;33554;7568;44767;32502;5737;44424;44464;5575;5623;5622;9744;34285;9743;10033;42221;1901700;5506;46914;46872;43169;43167;5488;16706;16705	8183	7404	6673.5	5164	6358.5	5351.5	4118.5	4964	1625	2081	6543	2937.5	7743	2711.5	3654.5	5325.5	4761	2199.5	5851	7986	6180.5	4308.5	7244	5222.5	90808	4540.4
ORTHO009897	transducin family protein / WD-40 repeat family protein	AT5G43920	166;36094;5488;3674;1901265;1901363;97159;5737;44424;44464;5575;5623;5622	8184	8113	8605.5	9027	7245.5	7030	7766	8233.5	5994	7916.5	3526	5960	6316	6292	7349.5	8660.5	7071	1210.5	6897.5	7463	8019	7202	8372.5	8420	129699.5	6.484.975
ORTHO010437	Pectin lyase-like superfamily protein	AT3G57790	4650;4553;16798;16787;3824;3674;8152;8150;5774;44437;44444;44424;44464;5575;5623;5622;5737;44446;44422;43226;43229;5773;43231;43227;98588;31090;16020;98805;71555;45229;16043;71840;9987;71554;5576;5975;71704;44238;16829	8185	7378	7054	5923	6358.5	5799	3758	4964	5355.5	6988	2539	2729	5740	906.5	3047.5	5325.5	6825	2199.5	4059	8214	6431	4308.5	7435.5	8258.5	94883	4744.15
ORTHO009554	WW domain-containing protein	AT3G13225	5634;43231;43227;43226;5575;43229;44424;44464;5623;5622;8150	8186	6782	4327	468	7662	3602.5	6745.5	3862.5	4142	7324	5185	1791.5	3819.5	138	136.5	3273.5	2792	398	1922	3061	2264.5	246.5	779	330.5	51814	2590.7
ORTHO010834	ChaC-like family protein	AT1G44790	8150;5829;44444;44424;44464;5575;5623;5622;5737;3674	8187	7450	7372.5	6558	6358.5	5833.5	3758	5213.5	3826	1506.5	7734.5	7017.5	7963	2711.5	3936.5	5325.5	5561	3121	6531	8478	1287.5	5213.5	7946.5	5601	98565.5	4.928.275
ORTHO005837	cytochrome P450; family 78; subfamily A; polypeptide 7	AT5G09970	16021;31224;44425;5575;16020;55114;44710;8152;8150;44699;40008;50789;65007;10075;48509;2000026;50793;51239;48638;10073;44767;32502;44707;32501;48507;9888;48856;48513;48731;7275;19825;5488;3674	8188	8484	4417	646	8471	3672	6829	3884	3735.5	8319	5020.5	7691.5	1352	138	136.5	6020.5	2659	70	1389	2253	2448.5	75.5	83	535	56311.5	2.815.575
ORTHO010842	unknown protein	AT1G04985	3674;5739;43231;43227;43226;5575;43229;44424;44464;5623;5622;44444;5737;8150	8189	7453	6295.5	4402	6358.5	4598.5	4698	2962.5	4865	5520.5	6173.5	5741.5	7031	2711.5	2396.5	5325.5	3752	1568.5	4548.5	7080	4833.5	2763	6194.5	4117.5	86881.5	4.344.075
ORTHO010872	floral homeotic protein (HUA1)	AT3G12680	9908;90567;48608;3006;32502;8150;22414;48856;61458;48731;7275;44767;44699;44707;32501;44702;9791;48367;3723;3676;1901363;5488;3674;97159;5634;43231;43227;43226;5575;43229;44424;44464;5623;5622;46872;43169;43167;6397;16071;16070;44260;43170;71704;8152;44237;9987;90304;6139;46483;6725;1901360;34641;6807;44238;6396;10467;16607;16604;44451;44428;44446;44422;5654;31981;70013;43233;31974;3677;1709;48869;44763;45165;30154	8190	7454	7769.5	7349	8202.5	5516	5001	4964	7325.5	6621	6543	4239	7743	2711.5	3521.5	5325.5	8748.5	2199.5	4441	5816	6180.5	4308.5	7335	5222.5	103762.5	5.188.125
ORTHO006431	structural maintenance of chromosome 3	AT5G48600	5634;43231;43227;43226;5575;43229;44424;44464;5623;5622;5524;35639;1901265;1901363;5488;3674;97159;43168;43167;32559;30554;17076;166;36094;32555;32553;97367;32550;32549;1882;1883;5215;6810;51234;51179;8150;70;1903047;22402;44763;9987;44699;7049;278;819;51276;6996;16043;71840;98813;7059;1902589;7067;280;48285;5694;43232;43228;7076;30261;6323;71103;9790;44767;32502;48856;7275;44707;32501	8191	8243	8484.5	8778	7245.5	6417	7819	8212.5	7183.5	2945.5	8675.5	4467	3288	6292	7323.5	8660.5	7071	1114.5	8008.5	2635.5	7925	7147.5	8290	8396	121872	6093.6
ORTHO000642_2	Plant invertase/pectin methylesterase inhibitor superfamily	AT4G02300;AT4G02320	50829;42742;9617;51707;43207;9605;50896;8150;9607;51704;98542;6952;6950;71944;44464;5575;5623;45490;272;5976;5975;71704;8152;44238;43170;16052;1901575;9056;9057;45488;10393;30599;52689;16788;16787;3824;3674;9505;5618;30312;42545;71555;45229;16043;71840;9987;71554;46910;4857;30234;98772;50790;19222;50789;65007;65009;43086;44092;9892;48519;5576	8192	6903	6525.5	4859	7947.5	5351.5	3129.5	5348	7561.5	5767	5726.5	4018.5	7377.5	2711.5	2702.5	3976.5	4464.5	1780	3653	7576.5	5422.5	3374.5	4723.5	4678.5	89343.5	4.467.175
ORTHO003655	embryo defective 3012	AT5G40480	51028;50658;50657;15931;71705;6810;51234;51179;8150;71702;51236;6403;33036;5643;44428;44446;44422;5575;43226;44424;44464;5623;5622;43229;5634;43231;43227;5635;31967;31975;12505;31965;31090;16020;15031;45184;8104;5783;44444;5737;9793;44702;22414;44699;3006;32502;9790;44767;48856;7275;44707;32501;48316;48608;61458;48731;9791;10154;16021;31224;44425;5515;5488;3674	8193	6904	7040.25	5887.5	7947.5	1658.5	6755	7935.5	6124	7216	6343	5435.5	7377.5	2711.5	2702.5	5325.5	4610.5	2558	5347.5	4727.5	5779	3374.5	3997.5	4678.5	94657.5	4.732.875
ORTHO002097_2	P-loop containing nucleoside triphosphate hydrolases superfamily protein	AT1G73170	9507;9536;43231;43227;43226;5575;43229;44424;44464;5623;5622;44444;5737;16787;3824;3674;8152;8150;5524;35639;1901265;1901363;5488;97159;43168;43167;32559;30554;17076;166;36094;32555;32553;97367;32550;32549;1882;1883	8194	7461	5562.5	2931	6358.5	3141.5	6132	4571	2390.5	6524	6173.5	8207.5	7031	2711.5	2396.5	5325.5	3836.5	1494	2997	2665	4833.5	1466	2794.5	4060.5	78751.5	3.937.575
ORTHO009466	RNA-binding CRS1 / YhbY (CRM) domain protein	AT4G13070	9507;9536;43231;43227;43226;5575;43229;44424;44464;5623;5622;44444;5737;3723;3676;1901363;5488;3674;97159;8150	8195	6361	7291.75	6388.5	7245.5	6529	3628.5	5813.5	8101	3055	6343	3422.5	1352	2711.5	4462	3976.5	5764.5	3580	6531	7747	6180.5	5924	6040	6281	97442.5	4.872.125
ORTHO007208	Peroxisomal membrane 22 kDa (Mpv17/PMP22) family protein	AT2G42770	9941;9526;31967;31975;44464;5575;5623;44446;44422;43226;44424;5622;43229;43227;44435;44444;5737;9536;43231;44434;9507;5778;44439;44438;42579;5777;31903;98588;31090;16020;98805;3674;5739;8150;16021;31224;44425	8196	8375	7284.5	6373	8471	7658.5	7600	3085.5	5144	6621	7040	8654.5	3048	906.5	1462	8358	693.5	1114.5	2922	6148	8153	3754	7156	7860.5	97379.5	4.868.975
ORTHO010485	Uncharacterized conserved protein (DUF2358)	AT3G04890	3674;8150;5634;43231;43227;43226;5575;43229;44424;44464;5623;5622	8197	6530	8321.5	8446	7245.5	5974	6338	6741	2435.5	8006.5	3136.5	8454.5	3793	7213.5	8276	5325.5	7240	4887	7612.5	2782	8019	6895.5	3867.5	7721.5	114719	5735.95
ORTHO008720	Ubiquitin carboxyl-terminal hydrolase family protein	AT5G21970	16787;3824;3674;8152;8150	8198	7132	5480.5	2763	7947.5	5516	1068	2684	5355.5	6733	2539	1755.5	7743	2711.5	3721.5	5325.5	5108	3121	6185.5	920	1311.5	4308.5	6282.5	5222.5	77612	3880.6
ORTHO008009	unknown protein	AT5G50410	5634;43231;43227;43226;5575;43229;44424;44464;5623;5622;3674;8150	8199	7846	4343	487	6857.5	3938.5	3513	4009	3838.5	6592	5093.5	7676	3637	138	136.5	3099	2742.5	203.5	1748	1900	2722.5	193	456	595.5	52232	2611.6
ORTHO009518	Cysteine proteinases superfamily protein	AT3G02070	6508;19538;43170;71704;8152;8150;44238;5634;43231;43227;43226;5575;43229;44424;44464;5623;5622;8234;70011;8233;16787;3824;3674	8200	8220	8257	8314	7245.5	6898	7665	8028.5	5355.5	2963.5	7382.5	8763	3152	906.5	2910	8358	6825	867.5	7562	6197.5	7925	4873	7667.5	8258.5	112558.5	5.627.925
ORTHO005295	NAD(P)-binding Rossmann-fold superfamily protein	AT1G61720	16491;3824;3674;8152;8150;55114;44710;44699;50662;48037;5488;33729;16628;16627;9507;9536;43231;43227;43226;5575;43229;44424;44464;5623;5622;44444;5737;9813;9812;71704;1901576;9058;9964;9890;9889;19222;50789;65007;9892;48519;9962;80090	8201	8047	7863.5	7526	8300.5	6227.5	3327	7935.5	5851.5	7620	6173.5	8284.5	5066	906.5	2163.5	5325.5	6298	663.5	6531	7408.5	6908	3503.5	6989	7860.5	105043	5252.15
ORTHO010286	GroES-like zinc-binding dehydrogenase family protein	AT5G24760	4022;16616;16614;16491;3824;3674;8152;8150;55114;44710;44699;5737;44424;44464;5575;5623;5622;8270;46914;46872;43169;43167;5488	8202	6495	8266.5	8331	7245.5	6529	4638.5	8435	7183.5	4417	3831.5	5741.5	8519	7101	8138	5325.5	400	4747.5	6700.5	8397.5	1287.5	7038.5	7089	7315.5	112835.5	5.641.775
ORTHO010141	FKBP-like peptidyl-prolyl cis-trans isomerase family protein	AT4G19830	5528;5527;1901363;5488;3674;97159;8144;9543;31978;31977;44436;44424;44464;5575;5623;5622;9579;44435;44444;5737;44446;44422;43226;43229;9536;43231;43227;31976;31984;44434;9507;9534;3755;16859;16853;3824;8152;8150;413;18208;18193;6464;36211;19538;43170;71704;44238;43412;44267;44260;44237;9987;16020;6457	8203	7332	8319.25	8435.5	6358.5	5904	8324.5	8181.5	6584	5557	7734.5	2467.5	8094	2711.5	3936.5	5325.5	5561	3121	6531	8478	7052	5213.5	7946.5	5806	114529.5	5.726.475
ORTHO007013	ARM repeat superfamily protein	AT1G26170	5635;44428;44446;44422;5575;43226;44424;44464;5623;5622;43229;5634;43231;43227;31967;31975;12505;59;43623;6461;65003;43933;16043;71840;8150;9987;22607;44085;71822;70271;34622;6606;17038;15031;45184;51234;51179;8104;33036;71702;6810;44765;1902578;44699;6886;46907;51649;51641;34613;70727;34504;33365;1902580;1902593;1902582;51170;6913;16482;51169;72594;44744;6605;5829;44444;5737;5643;8565;22892;5215;3674	8204	7108	5334	2464	7947.5	9138.5	6518	4826.5	2541	8934.5	3426.5	4566	7377.5	3283.5	2702.5	5325.5	7991.5	445.5	241.5	1960	210.5	1068	664.5	4586.5	75808	3790.4
ORTHO007728	Paxneb protein-related	AT3G11220	6355;1903506;2001141;31326;9889;19222;50789;65007;8150;31323;50794;51252;19219;80090;51171;60255;10556;10468;2000112;6357;10928;9966;10646;48583;23051;6979;6950;50896;6351;34645;44260;43170;71704;8152;44237;9987;9059;1901576;9058;44249;97659;32774;16070;90304;6139;46483;6725;1901360;34641;6807;44238;34654;19438;44271;18130;1901362;10467;7275;44767;32502;44699;44707;32501;5515;5488;3674;35265;48589;40007;31538;31537;9892;48519;5737;44424;44464;5575;5623;5622;2000024;48831;2000026;50793;51239;9737;9725;9719;10033;42221;33993;97305;1901700;1101;9738;9755;7165;51716;7154;44763;44700;23052;32870;71495;71310;70887;71215;71396;97306;1901701;71229;9734;71365;9733;8284;48522;48518;42127;43609;5634;43231;43227;43226;43229;33588;43234;32991;8283;71329;71324;34285;9743;71322;9744;16746;16740;3824	8205	7143	7759.5	7314	7947.5	7241	8324.5	2614.5	7632	2551	7734.5	2553.5	3359.5	2711.5	3936.5	5325.5	5561	3121	6531	8478	7052	5213.5	7946.5	5601	103488	5174.4
ORTHO005717	Sodium Bile acid symporter family	AT3G56160	9507;9536;43231;43227;43226;5575;43229;44424;44464;5623;5622;44444;5737;9941;9526;31967;31975;44446;44422;44435;44434;6810;51234;51179;8150;16021;31224;44425;16020	8206	6640	7976.5	7747	7245.5	5155.5	4785	6264	7325.5	7967.5	3596.5	1954	3626	7213.5	8061.5	6712.5	8200	4400	7042	7576.5	5637	3311	1121.5	6801.5	106751	5337.55
ORTHO010567	DNA binding	AT3G12210	5634;43231;43227;43226;5575;43229;44424;44464;5623;5622;6281;6259;44260;43170;71704;8152;8150;44237;9987;90304;6139;46483;6725;1901360;34641;6807;44238;6974;33554;51716;50896;6950;44763;44699;44710;3677;3676;1901363;5488;3674;97159	8207	6506	7514.75	6822.5	7245.5	1821.5	2155	3095.5	3046	6345	4172	8350	8519	7213.5	8203.5	6712.5	7240	5626	7435.5	1460	2755.5	6077	2591	7315.5	100134	5006.7
ORTHO006661	mitogen-activated protein kinase kinase 3	AT5G40440	4707;4702;5057;4871;60089;3674;7165;50794;50789;65007;8150;51716;9987;50896;7154;44763;44699;44700;23052;35556;4674;4672;16301;16772;16740;3824;8152;16310;6796;6793;44237;16773;6468;6464;36211;19538;43170;71704;44238;43412;44267;44260;23014;44710;165;4708;4712;187;43406;71902;45860;45859;43549;42325;19220;51174;31323;19222;51338;50790;65009;1932;31399;32268;51246;80090;60255;1934;42327;45937;10562;31325;9893;48518;48522;31401;32270;51247;10604;33674;51347;43085;44093;71900;43405;43408;1902531;9966;10646;48583;23051;43410;1902533;9967;10647;48584;23056;32147;9866;2252;2376;2218;2253;50778;50776;2682;2684;45089;31349;31347;80134;45088;9873;160;9755;32870;9725;9719;10033;42221;71495;71310;70887;71369;9723;9682;45087;6952;6950;6955;42742;9617;51707;43207;9605;9607;51704;98542;9864;9867;71395;9753;1101;1901700;71229;1901701;5886;16020;5575;44464;5623;71944;9814;5524;35639;1901265;1901363;5488;97159;43168;43167;32559;30554;17076;166;36094;32555;32553;97367;32550;32549;1882;1883	8208	6668	6511	4814	7662	2358	6755	5348	4275	4042.5	6343	5631.5	7377.5	2711.5	3721.5	5325.5	4548.5	4673.5	5027.5	4848	5637	2763	3030.5	4678.5	89095.5	4.454.775
ORTHO010806	LOCATED IN: endomembrane system	AT3G19780	9507;9536;43231;43227;43226;5575;43229;44424;44464;5623;5622;44444;5737	8209	7486	7958.5	7708	6358.5	8345	5001	9118	7748	6592	7382.5	4239	7743	2711.5	3721.5	5325.5	7432	1617	658	5887	6431	4308.5	6989	5222.5	106472	5323.6
ORTHO009779	origin recognition complex protein 5	AT4G29910	808;44427;44446;44422;5575;43226;44424;44464;5623;5622;43229;5694;43232;43228;43234;32991;5515;5488;3674;5634;43231;43227;6260;6259;44260;43170;71704;8152;8150;44237;9987;90304;6139;46483;6725;1901360;34641;6807;44238;34645;9059;1901576;9058;44249	8210	7264	7170	6130	7947.5	4540.5	5450	4424	2202	7916.5	3366.5	7312.5	6804.5	2711.5	2023.5	5325.5	3682	8751	7742	2903	7786.5	2763	6194.5	4060.5	95959.5	4.797.975
ORTHO007715	lumazine-binding family protein	AT2G20690	9231;42727;44271;34641;6807;8152;8150;44237;9987;44249;9058;42726;46483;1901360;71704;1901564;18130;1901362;1901576;1901566;6771;6767;6766;44281;44710;44699;44763;42364;9110;44283;44711;9507;9536;43231;43227;43226;5575;43229;44424;44464;5623;5622;44444;5737;55114;4746;16765;16740;3824;3674;16491	8211	7094	8254.5	8298	7947.5	8536.5	3628.5	5698.5	7183.5	4918	2809.5	8702.5	8205.5	2711.5	4233.5	8358	5962.5	4400	904	8721.5	7709	5434	8115.5	6161.5	112393.5	5.619.675
ORTHO001782_1	zinc finger (Ran-binding) family protein	AT1G55040;AT1G67500	5634;43231;43227;43226;5575;43229;44424;44464;5623;5622;5739;44444;5737;8270;46914;46872;43169;43167;5488;3674;48046;5576;6261;6260;6259;44260;43170;71704;8152;8150;44237;9987;90304;6139;46483;6725;1901360;34641;6807;44238;34645;9059;1901576;9058;44249;3887;34061;16779;16772;16740;3824;71897;34654;19438;44271;18130;1901362;42276;19985;6301;6281;6974;33554;51716;50896;6950;44763;44699;44710;44711;10224;9411;9416;9314;9628;16035;42575;61695;1990234;1902494;43234;32991;44446;44422;71494;10225;34644;71482;71478;71214;3677;3676;1901363;97159	8212	7120	6887.5	5563	7947.5	4946.5	4457	4734	4645.5	6687	6173.5	4841.5	7121	2711.5	2702.5	5325.5	4346.5	1780	5027.5	7576.5	5422.5	3374.5	6467.5	4541	92881.5	4.644.075
ORTHO006808	D111/G-patch domain-containing protein	AT3G57910	5634;43231;43227;43226;5575;43229;44424;44464;5623;5622;3676;1901363;5488;3674;97159;8150	8213	7644	8660.5	9108	6534	7207	4698	6264	7183.5	6112	8314	5839	8519	7101	7999	6712.5	6409	4595	7509	8756	8228.5	7109	8372.5	7028	133956	6697.8
ORTHO010675	Papain family cysteine protease	AT3G54940	6508;19538;43170;71704;8152;8150;44238;5576;5575;8234;70011;8233;16787;3824;3674	8214	8311	8675	9136	8471	8310	1118	8645	7561.5	3992	8947	9074.5	7498	8378.5	5254.5	8660.5	7599.5	5569	8702.5	1268.5	8990	8919.5	8881.5	8863.5	136233.5	6.811.675
ORTHO010835	FAD-linked oxidases family protein	AT4G36400	5739;43231;43227;43226;5575;43229;44424;44464;5623;5622;44444;5737;9853;43094;44249;9058;8152;8150;44237;9987;47545;16614;16491;3824;3674;55114;44710;44699;9055;51990;6807	8215	7492	6726	5237	6358.5	5432.5	4118.5	4964	5355.5	6308	2809.5	2729	3262	2711.5	3521.5	5325.5	7708	2199.5	5851	8077	6431	3609.5	5541.5	5222.5	91177.5	4.558.875
ORTHO009945	HSP20-like chaperones superfamily protein	AT4G21870	5737;44424;44464;5575;5623;5622;9408;9266;9628;50896;8150;6950	8216	8069	6668.5	5121	7245.5	8600	7562.5	7762	2367.5	7247	2539	4566	4738	1321.5	2396.5	8358	8231.5	663.5	4914	4527	6431	389	273	7768	90655	4532.75
ORTHO005062	Uncharacterised protein family (UPF0497)	AT4G15620;AT4G15630	8150;5886;16020;5575;44464;5623;71944;5739;43231;43227;43226;43229;44424;5622;44444;5737;16021;31224;44425;9506;5911;30054;55044;5515;5488;3674;43424;19901;19900;19899	8217	8009	8332	8447	7245.5	6898	8930	4964	4740.5	4064	7382.5	8763	5467.5	906.5	3047.5	8358	6825	867.5	7612.5	8077	7925	4308.5	7335	8258.5	114730.5	5.736.525
ORTHO005321	anaphase-promoting complex/cyclosome 2	AT2G04660	5515;5488;3674;5680;152;44428;44446;44422;5575;43226;44424;44464;5623;5622;43229;5634;43231;43227;151;1990234;1902494;43234;32991;31461;42787;16567;32446;70647;6464;36211;19538;43170;71704;8152;8150;44238;43412;44267;44260;44237;9987;6511;19941;51603;6508;44257;30163;9057;1901575;9056;44265;44248;43632;61630;4842;19787;16740;3824;61659;31625;44389;19899;5819;44430;5856;43232;43228;15630;9561;44767;32502;44699;44707;32501;9553;48229;7275;48856	8218	8070	7019	5820	8300.5	8323	6952	7762	4123.5	3679.5	4137	6674.5	4617.5	906.5	1677.5	8358	5281.5	867.5	4795.5	3508	6431	2677	6040	7508	94319.5	4.715.975
ORTHO010590	Polynucleotidyl transferase; ribonuclease H-like superfamily protein	AT1G12244	9507;9536;43231;43227;43226;5575;43229;44424;44464;5623;5622;44444;5737;16788;16787;3824;3674;8152;8150;6281;6259;44260;43170;71704;44237;9987;90304;6139;46483;6725;1901360;34641;6807;44238;6974;33554;51716;50896;6950;44763;44699;44710;31564;31555;31554;43244;51128;50794;50789;65007;6355;1903506;2001141;31326;9889;19222;31323;51252;19219;80090;51171;60255;10556;10468;2000112;3676;1901363;5488;97159;6310	8219	6556.5	5878	3537	7245.5	4210	4698	5213.5	7632	5416	5647.5	5877.5	2980	2711.5	2396.5	3976.5	3521.5	2199.5	4059	5726.5	3870	3609.5	4324	4117.5	82186.5	4.109.325
ORTHO010596	RADIATION SENSITIVE 17	AT5G66130	5634;43231;43227;43226;5575;43229;44424;44464;5623;5622;6281;6259;44260;43170;71704;8152;8150;44237;9987;90304;6139;46483;6725;1901360;34641;6807;44238;6974;33554;51716;50896;6950;44763;44699;44710;6282;51052;19219;80090;19222;50789;65007;51171;31323;50794;60255;2001020;80135;80134;48583;5524;35639;1901265;1901363;5488;3674;97159;43168;43167;32559;30554;17076;166;36094;32555;32553;97367;32550;32549;1882;1883	8220	6556.5	6487.75	4755.5	7245.5	4794.5	4341	5439.5	5355.5	6825	3526	4566	7743	2711.5	3721.5	3976.5	4666	2724.5	5347.5	6860	4668.5	3609.5	2669.5	5222.5	88768	4438.4
ORTHO010572	cardiolipin synthase	AT4G04870	9507;9536;43231;43227;43226;5575;43229;44424;44464;5623;5622;44444;5737;9658;9657;6996;16043;71840;8150;9987;3674	8221	6560	6835.5	5450	7245.5	4890.5	5163.5	5568.5	6712.5	3908.5	5836	4566	7743	2711.5	3721.5	3976.5	4998.5	2724.5	5347.5	5337	4833.5	4612.5	4434.5	5222.5	92308.5	4.615.425
ORTHO000389	HSP20-like chaperones superfamily protein	AT1G07400;AT1G53540;AT2G29500;AT5G59720	9408;9266;9628;50896;8150;6950;5737;44424;44464;5575;5623;5622;6979;3674;9644;9642;9416;9314;42542;302;1901700;42221;10035;10286	8222	9155	6969	5716	9155	9178	274.5	727.5	3425	8934.5	9153	5295.5	1352	5952.5	6425.5	9161	9128.5	7376.5	7464	1094	5637	980	2013	70.5	93642.5	4.682.125
ORTHO000533_2	purple acid phosphatase 21	AT3G52810;AT3G52820	46872;43169;43167;5488;3674;5576;5575;3993;16791;42578;16788;16787;3824;8152;8150;16311;6796;6793;44237;9987;4722;4721;6470;6464;36211;19538;43170;71704;44238;43412;44267;44260	8223	8352	7511	6799	7662	2981	7453.5	7762	6823.5	6198.5	7886	5231.5	4617.5	906.5	1812.5	8358	5329.5	663.5	8008.5	5578	5988	2061	4790	7508	99957	4997.85
ORTHO007520	nudix hydrolase homolog 14	AT4G11980	9570;9532;44435;44444;44424;44464;5575;5623;5622;5737;44446;44422;43226;43229;9536;43231;43227;44434;9507;16787;3824;3674;8152;8150;46872;43169;43167;5488;80041;19144;16462;16818;16817;80042	8224	6404	5528.5	2833	5362.5	6023.5	8099	6652	6124	3764.5	5423	4309	4492.5	1254	4842.5	2080.5	3426.5	1386	3977	4956.5	3978	1656	4065	1506	78015.5	3.900.775
ORTHO001356	serine carboxypeptidase-like 21	AT3G25420;AT4G12910	4185;4180;8238;70011;8233;16787;3824;3674;8152;8150;6508;19538;43170;71704;44238;70008;8236;17171;5576;5575;5773;43231;43227;43226;43229;44424;44464;5623;5622;44444;5737;5777;42579	8225	8988	8291.5	8358	8915	6707.5	8759	8127	5619	6825	9062.5	2597	2906	906.5	5523	8737.5	5962.5	398	8951	7194	8019	1407.5	6538.5	9076.5	113317	5665.85
ORTHO002001	Insulinase (Peptidase family M16) family protein	AT2G41790;AT3G57470	43171;6518;43603;34641;6807;8152;8150;44237;9987;1901564;71704;1901565;1901575;9056;44248;4222;4175;70011;8233;16787;3824;3674;6508;19538;43170;44238;8237;51603;44257;30163;9057;44265;44260;44267;16485;51604;10467;8270;46914;46872;43169;43167;5488;5739;43231;43227;43226;5575;43229;44424;44464;5623;5622;44444;5737;5634	8226	9068	8452.5	8679	9028.5	7603	9114	9131	8782	4501.5	6343	6929	4617.5	460.5	5034.5	9097	7113.5	134	8814	4809.5	8534	3026	6709	8615.5	119368.5	5.968.425
ORTHO008074	Calcineurin-like metallo-phosphoesterase superfamily protein	AT3G09960;AT3G09970	16787;3824;3674;8152;8150;4722;4721;16791;42578;16788;16311;6796;6793;44237;9987;6470;6464;36211;19538;43170;71704;44238;43412;44267;44260;5575;5739;43231;43227;43226;43229;44424;44464;5623;5622;44444;5737	8227	7173	7649	7071	7947.5	6085.5	2190	5213.5	7046.5	7620	7382.5	2467.5	1352	2711.5	4124.5	5325.5	5685	3121	6531	8551.5	7166	5376	8070	5806	101825.5	5.091.275
ORTHO009543	Pentatricopeptide repeat (PPR) superfamily protein	AT1G79490	5739;43231;43227;43226;5575;43229;44424;44464;5623;5622;44444;5737;9793;44702;22414;8150;44699;3006;32502;9790;44767;48856;7275;44707;32501;48316;48608;61458;48731;9791;10154	8228	6803	7117	6006	7662	1594	8090	5439.5	5355.5	7094.5	3136.5	4949	7743	2711.5	3521.5	3976.5	4870.5	3121	5220.5	6923.5	6431	4873	5021	5222.5	95294.5	4.764.725
ORTHO000751_2	O-Glycosyl hydrolases family 17 protein	AT5G24318	5576;5575;5975;71704;8152;8150;44238;4553;16798;16787;3824;3674	8229	7291	7550.5	6872	7947.5	4101	5205.5	2796	9124.5	7722.5	2539	8522.5	7743	2711.5	3936.5	5325.5	5108	2558	4263.5	4392	6696	4709	7611.5	5433.5	100499	5024.95
ORTHO004146	2-oxoglutarate-dependent dioxygenase family protein	AT3G14160;AT5G01780	51213;16491;3824;3674;8152;8150;55114;44710;44699;16706;16705;5634;43231;43227;43226;5575;43229;44424;44464;5623;5622	8230	7208	7577	6924	7947.5	5432.5	4118.5	4964	4323	5557	7382.5	4309	7743	2711.5	3521.5	5325.5	4761	2199.5	5851	6555.5	6180.5	4308.5	7335	8258.5	100837.5	5.041.875
ORTHO010580	carboxylesterases	AT4G22300	16491;3824;3674;8152;8150;55114;44710;44699;5575	8231	6581	6517	4803	7245.5	1705	8076	3276	2790.5	7584	4879.5	3422.5	7377.5	2711.5	2702.5	3976.5	7354	7181.5	6185.5	5094	1166.5	4423	4481.5	4678.5	89066	4453.3
ORTHO008773	peroxiredoxin IIF	AT3G06050	6979;6950;50896;8150;5739;43231;43227;43226;5575;43229;44424;44464;5623;5622;44444;5737;46686;10038;10035;42221;16209;3674;5759;44429;44446;44422;70013;43233;31974;51920;16684;16491;3824;8152;55114;44710;44699;4601	8232	7237	8086.5	7941	6194	4133.5	7819	9151.5	4953	8934.5	4199.5	6929	6397.5	6414.5	7401.5	6075	3448	5569	4663	7692.5	2430.5	3222.5	5617	3447.5	108498.5	5.424.925
ORTHO004935	Formyl transferase	AT1G31220	9058;8152;8150;9152;9150;6163;72521;46483;44237;9987;6725;1901360;71704;34641;6807;1901564;9117;6753;19637;6793;55086;6139;44238;44281;44710;44699;44763;6796;9259;19693;1901135;9260;46390;90407;1901576;1901137;9165;1901293;34654;19438;44249;44271;18130;1901362;44711;6164;72522;1901566;16742;16741;16740;3824;3674;9507;9536;43231;43227;43226;5575;43229;44424;44464;5623;5622;44444;5737;6189;6188;46040;9167;9161;9123;9126;9168;9156;9124;9127;4644;8168;32259;8864;16811;16810;16787	8233	7945	5181.75	2130.5	6857.5	755.5	7113.5	4571	3057.5	8647.5	6763.5	5600.5	2962.5	906.5	2163.5	5325.5	2213.5	1780	4756.5	951.5	4946	1277	1961.5	7656.5	73409.5	3.670.475
ORTHO002760	unknown protein	AT2G31600;AT3G53860	44545;123;31248;1902493;1990234;1902494;43234;32991;5575;44424;44464;5623;5622;44451;44428;44446;44422;43226;43229;5634;43231;43227;5654;31981;70013;43233;31974;43982;43967;16573;16570;16569;16568;6325;43933;16043;71840;8150;9987;51276;6996;6464;36211;19538;43170;71704;8152;44238;43412;44267;44260;44237;1902589;44763;44699;44710;18393;18394;18205;18193;6473;43543;6475;43996;10485;4402;61733;34212;8080;16410;16747;16746;16740;3824;3674;16407;43995;43981;43984;9507;9536;44444;5737;46972	8234	8540	4223.5	213	8713	4137	7014	4312	4028	3027.5	5141	1708.5	3637	138	136.5	3151	55.5	122.5	1589	2033	2885	181.5	416.5	140	43853.5	2.192.675
ORTHO010810	DNA repair protein Rad4 family	AT5G16630	6298;6281;6259;44260;43170;71704;8152;8150;44237;9987;90304;6139;46483;6725;1901360;34641;6807;44238;6974;33554;51716;50896;6950;44763;44699;44710;6289;5634;43231;43227;43226;5575;43229;44424;44464;5623;5622;9507;9536;44444;5737;111;109;44428;44446;44422;1990391;43234;32991;71942;3697;43566;3677;3676;1901363;5488;3674;97159;3684	8235	7451	8631.5	9028	6358.5	7583.5	4856.5	8569.5	8307	2770	8860.5	6518	9016.5	5780	766.5	5325.5	1545.5	6784	8817	9141.5	8771.5	8723	8817.5	8812	129765.5	6.488.275
ORTHO008038	Ubiquitin carboxyl-terminal hydrolase family protein	AT5G45790	9507;9536;43231;43227;43226;5575;43229;44424;44464;5623;5622;44444;5737;16787;3824;3674;8152;8150	8236	7773	7274	6312	6664	1926	7923	4640	6379.5	3679.5	6173.5	8258	4955.5	906.5	2163.5	8358	5962.5	4154.5	5027.5	7408.5	5170.5	3222.5	6326.5	4413.5	97049	4852.45
ORTHO010123	Protein of unknown function DUF455	AT5G04520	3674;5634;43231;43227;43226;5575;43229;44424;44464;5623;5622;8150	8237	7456	5449.5	2662	6358.5	852.5	6560.5	4571	5355.5	7916.5	3792.5	8207.5	6731.5	2711.5	2023.5	5325.5	8473.5	1494	1501	1900	1510.5	1466	2757.5	3984	77134.5	3.856.725
ORTHO004086	Transducin/WD40 repeat-like superfamily protein	AT5G14050	6364;34470;34660;16070;44260;43170;71704;8152;8150;44237;9987;90304;6139;46483;6725;1901360;34641;6807;44238;6396;10467;16072;42254;22613;44085;71840;80008;31461;151;1990234;1902494;43234;32991;5575;44424;44464;5623;5622;5634;43231;43227;43226;43229;166;36094;5488;3674;1901265;1901363;97159;5730;44428;44446;44422;43232;43228;31981;70013;43233;31974	8238	6665	7673.5	7109	5748	8881.5	4587.5	4964	5355.5	5577.5	6543	7943.5	7743	2711.5	3521.5	5325.5	4761	2724.5	5128	5369.5	6180.5	4709	4927.5	5222.5	102176.5	5.108.825
ORTHO009876	unknown protein	AT4G16410	9507;9536;43231;43227;43226;5575;43229;44424;44464;5623;5622;44444;5737;3674;8150	8239	8106	7140	6041	7245.5	5773	7040.5	7762	3659	8934.5	2653	6027	4492.5	906.5	1677.5	8358	5194	663.5	4756.5	6632	5422.5	2112.5	6194.5	7190.5	95449.5	4.772.475
ORTHO002729	alpha/beta-Hydrolases superfamily protein	AT5G36210	8236;70011;8233;16787;3824;3674;8152;8150;6508;19538;43170;71704;44238;17171;9507;9536;43231;43227;43226;5575;43229;44424;44464;5623;5622;44444;5737;4177;8238;5576;5829	8240	6770	8237	8234	7662	5580	8324.5	5957	2134	1999	7594	8107.5	8306	2711.5	4462	5325.5	6099.5	3750.5	7042	7871	7786.5	6129	6040	6379.5	111599	5579.95
ORTHO002724	Cytochrome P450 superfamily protein	AT5G07990	16021;31224;44425;5575;16020;5789;98588;31090;44422;43226;43227;44432;44444;44424;44464;5623;5622;5737;44446;43229;5783;43231;12505;42175;16711;16709;16705;16491;3824;3674;8152;8150;55114;44710;44699;4497;5506;46914;46872;43169;43167;5488;5576;20037;46906;1901363;97159;19825;9733;9725;9719;50896;10033;42221;9813;9812;71704;1901576;9058;9411;9416;9314;9628	8241	7430	5276.5	2312	6358.5	4598.5	6871.5	4462	2465.5	5112.5	6070	5960	2902	3374	1910.5	5325.5	4610.5	1494	4914	4527	4226.5	1026	1121.5	3721	74692.5	3.734.625
ORTHO006978	Rubisco methyltransferase family protein	AT3G07670	18026;18022;18205;18193;6464;36211;19538;43170;71704;8152;8150;44238;43412;44267;44260;44237;9987;6479;43414;32259;8213;9507;9536;43231;43227;43226;5575;43229;44424;44464;5623;5622;44444;5737;16279;16278;8170;8168;16741;16740;3824;3674;8757;8276	8242	6791	6207	4172	7662	4723.5	4118.5	5439.5	6379.5	7539	6343	2937.5	3222.5	2711.5	3265	3976.5	1048	2558	5851	6555.5	4226.5	4709	4927.5	5222.5	85754	4287.7
ORTHO007983	DNAse I-like superfamily protein	AT3G48425	6281;6259;44260;43170;71704;8152;8150;44237;9987;90304;6139;46483;6725;1901360;34641;6807;44238;6974;33554;51716;50896;6950;44763;44699;44710;16787;3824;3674;3906;16835;16829;4520;4536;4518;16788;90305;4519;9507;9536;43231;43227;43226;5575;43229;44424;44464;5623;5622;44444;5737;46872;43169;43167;5488;5730;44428;44446;44422;5634;43232;43228;31981;70013;43233;31974	8243	7911	8228	8213	6857.5	5432.5	8221	4964	6225	6785.5	7382.5	8397	5467.5	906.5	3047.5	5325.5	4870.5	2199.5	7644	8077	6431	4308.5	7335	8258.5	111278.5	5.563.925
ORTHO010577	unknown protein	AT4G32960	5634;43231;43227;43226;5575;43229;44424;44464;5623;5622;45739;51054;45935;31325;9893;48518;50789;65007;8150;19222;48522;50794;31323;19219;80090;51171;51173;51052;60255;10604;6282;2001020;80135;80134;48583;2001022;48584;3674	8244	6560	8638	9032	7245.5	8358.5	4528.5	6831.5	8307	3337	3639.5	8467	8675.5	7213.5	8359	5325.5	6982.5	4887	6185.5	8590.5	7254	7358	7729.5	7792.5	129822	6491.1
ORTHO011397	Metal-dependent phosphohydrolase	AT2G23820	3824;3674;8152;8150;5829;44444;44424;44464;5575;5623;5622;5737;16787;5634;43231;43227;43226;43229	8245	8446	7681.5	7118	8471	6023.5	7507.5	7762	4253	5741	7999	8522.5	2954.5	906.5	2163.5	8358	6549	663.5	6265.5	5726.5	6431	2112.5	4705.5	7591	102235.5	5.111.775
ORTHO003825	homolog of yeast CDT1 A	AT2G31270	51276;6996;16043;71840;8150;9987;6260;6259;44260;43170;71704;8152;44237;90304;6139;46483;6725;1901360;34641;6807;44238;34645;9059;1901576;9058;44249;51726;50794;50789;65007;9658;9657;5515;5488;3674;9507;9536;43231;43227;43226;5575;43229;44424;44464;5623;5622;44444;5737;4693;97472;4672;16301;16772;16740;3824;16310;6796;6793;16773;6468;6464;36211;19538;43412;44267;4674;19901;19900;19899;7049;44763;44699;70182;48229;7275;44767;32502;44707;32501;5634	8246	8742	7474.25	6702.5	8950.5	7543.5	8552.5	8842	5144	5964.5	6543	4111	2993	590	1372.5	8804.5	6955.5	1180.5	5648	5215.5	5839	5603	4521	3984	99407	4970.35
ORTHO007237	SWIB/MDM2 domain superfamily protein	AT4G26810;AT4G26820	8150;5634;43231;43227;43226;5575;43229;44424;44464;5623;5622;3674	8247	9055	6756.5	5266	9053	4366.5	9126.5	3811	3771.5	8934.5	3136.5	8888.5	1352	8692.5	8316.5	8135.5	118	1311.5	8495.5	1343.5	753.5	504.5	1950	8332.5	91340.5	4.567.025
ORTHO008477	SecY protein transport family protein	AT2G31530	33097;42170;31090;16020;5575;44422;43226;43227;44435;44444;44424;44464;5623;5622;5737;44446;43229;9536;43231;9526;31967;31975;33096;9501;9793;44702;22414;8150;44699;3006;32502;9790;44767;48856;7275;44707;32501;48316;48608;61458;48731;9791;10154;31969;44434;9507;9941;9535;55035;42651;34357;44436;9579;31976;31984;9534;71806;15031;45184;51234;51179;8104;33036;71702;6810;55085;44763;9987;44765;1902578;5886;71944;16021;31224;44425;9306;32940;46903;51649;51641;15450;15405;15399;22804;22857;5215;3674;8320;8565;22892;22884;22891	8248	8010	7053.5	5859	7245.5	5285	8076	4826.5	5355.5	6551	2539	8712.5	5467.5	906.5	2910	5325.5	562	2199.5	5851	8025.5	2557.5	4169	7089	8111.5	94520	4726
ORTHO010795	Transducin/WD40 repeat-like superfamily protein	AT1G03110	5634;43231;43227;43226;5575;43229;44424;44464;5623;5622;5737;30488;1510;43414;44260;43170;71704;8152;8150;44237;9987;32259;43412;9451;16070;90304;6139;46483;6725;1901360;34641;6807;44238;6400;8033;34470;34660;6396;10467;6399;36265;9452;36260;8618;1901068;46128;9119;9116;55086;44281;44710;44699;44763;1901564;1901657;1901135;42278;72521;166;36094;5488;3674;1901265;1901363;97159	8249	7608.5	4272	295	8259	3929	5643	3670	3914.5	7782	5081	1510.5	3626	138	136.5	3099	2750	168.5	1668	681.5	2594	173	416.5	275	47256	2362.8
ORTHO010760	unknown protein	AT3G02220	8150;5634;43231;43227;43226;5575;43229;44424;44464;5623;5622	8250	8361	4681.5	1113	8471	2557.5	177	7290.5	3610	8934.5	354.5	61.5	2750	3461.5	1354.5	8358	3047.5	5056.5	3730.5	1208	3529.5	659	3236.5	4484	63861	3193.05
ORTHO011436	RNA binding (RRM/RBD/RNP motifs) family protein	AT5G06210	8150;9507;9536;43231;43227;43226;5575;43229;44424;44464;5623;5622;44444;5737;3723;3676;1901363;5488;3674;97159;166;36094;1901265	8251	8450	7195.5	6140	8471	6382	7665	4163.5	9127	4913.5	7382.5	8654.5	1352	906.5	2163.5	8358	693.5	963	7281	5062.5	1490	4169	7335	7952.5	96014.5	4.800.725
ORTHO001308	Golgi-body localisation protein domain	AT1G58250;AT5G49680	9723;9725;9719;50896;8150;10033;42221;9825;16049;40007;44763;9987;44699;5886;16020;5575;44464;5623;71944;5576;48768;904;902;32989;16043;71840;9653;32502;48856;48869;44767;48468;30154;9932;9826;60560;48589;48767;48588;80147;48765;10053;90627;10015;48364;48513;48731;7275;44707;32501;22622;90558;9888;48764;48469;21700;10054;9860;44702;22414;3006;48868;9856;44703;51704;44706;35619;44463;42995;35618;5794;43231;43227;43226;43229;44424;5622;44444;5737;12505;90404;35838;51286;60187;30427;90406	8252	8799	7341	6430	8820	5773	2190	8402	4586.5	8063.5	8404	8958.5	4865.5	1254	2023.5	8925	7194	1051.5	8707	6322.5	1617	433	568.5	8367.5	97706.5	4.885.325
ORTHO001491_2	high chlorophyll fluorescent 109	AT5G36170	9570;9532;44435;44444;44424;44464;5575;5623;5622;5737;44446;44422;43226;43229;9536;43231;43227;44434;9507;6415;43624;43241;32984;43933;16043;71840;8150;9987;22411;44763;44699;71822;6412;43043;43604;43603;34641;6807;8152;44237;44271;44249;9058;6518;1901564;71704;1901566;1901576;44267;19538;43170;44238;44260;34645;9059;10467;43022;43021;44877;5488;3674;16149;3747;8079;8135;3723;3676;1901363;97159;6396;16070;90304;6139;46483;6725;1901360;9657;6996	8253	7400	6107.5	3962	8202.5	5016	4457	4734	702.5	8168.5	7040	4991	3111	2711.5	2702.5	5325.5	4464.5	4154.5	5502	7576.5	389	3222.5	5617	4678.5	84564	4228.2
ORTHO011431	Tetratricopeptide repeat (TPR)-like superfamily protein	AT1G03510	8150;5739;43231;43227;43226;5575;43229;44424;44464;5623;5622;44444;5737	8254	8458	7291.5	6329	8471	5547	7422	7762	4645.5	5055	6173.5	5851	4617.5	906.5	1677.5	8358	5240.5	663.5	5851	5606	5988	2213.5	6282.5	7266.5	97127	4856.35
ORTHO008423	Ribosomal protein L12 family protein	AT4G36420	3723;3676;1901363;5488;3674;97159;3735;5198;15934;44391;30529;32991;5575;44424;44464;5623;5622;44444;5737;44446;44422;43226;43229;5840;43232;43228;6412;43043;43604;43603;34641;6807;8152;8150;44237;9987;44271;44249;9058;6518;1901564;71704;1901566;1901576;44267;19538;43170;44238;44260;34645;9059;10467;5739;43231;43227	8255	8459	6828.5	5402	8471	6227.5	3327	4251.5	5484	5317.5	8095	8595.5	1352	1184.5	2396.5	8358	6692.5	867.5	6531	5929.5	2550.5	2328.5	4790	7768	92046.5	4.602.325
ORTHO004795	Acyl-CoA N-acyltransferases (NAT) superfamily protein	AT2G32030	6474;6473;43543;6464;36211;19538;43170;71704;8152;8150;44238;43412;44267;44260;44237;9987;31365;5737;44424;44464;5575;5623;5622;8080;16410;16747;16746;16740;3824;3674;16407	8256	8536	7515	6774	8471	5833.5	2190	7588.5	4865	2976	7886	8494.5	5066	590	2023.5	8925	5561	663.5	8031	5672	6431	2837	6624.5	7591	99849	4992.45
ORTHO004913	tRNAHis guanylyltransferase	AT2G31580;AT2G32320	5525;35639;1901265;1901363;5488;3674;97159;43168;43167;32550;32549;1882;36094;97367;1883;32561;19001;17076;166;32555;32553;8283;44699;8150;6974;33554;51716;9987;50896;6950;5737;44424;44464;5575;5623;5622;5654;44428;44446;44422;43226;43229;5634;43231;43227;31981;70013;43233;31974;8193;8192;70568;16779;16772;16740;3824;8152;86;44839;44770;22402;44763;7049;44772;1903047;278;6400;9451;16070;44260;43170;71704;44237;90304;6139;46483;6725;1901360;34641;6807;44238;43412;8033;34470;34660;6396;10467;6399	8257	6698	8638	9019	5748	8937	5486.5	7461	8467	5323.5	8487.5	6518	1352	5785.5	810.5	3976.5	7691	7219.5	8141.5	8796	8771.5	8706	8623.5	8812	129366	6468.3
ORTHO001668	basic chitinase	AT3G12500	5829;44444;44424;44464;5575;5623;5622;5737;5774;44437;44446;44422;43226;43229;5773;43231;43227;98588;31090;16020;98805;31640;1906;8150;44364;35821;51704;65008;65007;272;5976;5975;71704;8152;44238;43170;16052;1901575;9056;9057;16998;44036;44260;44237;9987;71554;44248;9871;9873;160;35556;7165;50794;50789;51716;50896;7154;44763;44699;44700;23052;9755;32870;9725;9719;10033;42221;71495;71310;70887;71369;9723;9861;9814;98542;6952;6950;51707;43207;9605;9607;45087;6955;2376;9611;9626;34050;12501;8219;16265;33554;8061;97367;5488;3674;4568;4553;16798;16787;3824;46686;10038;10035;50832;9620;5576;6032;1901072;1901071;6040;1901135;46348;1901136;6030;6022;1901564;6807;6026;1901565	8258	9034	6324	4390	9066.5	2604.5	8919	9175	8101	6480	210.5	9006.5	2790.5	310.5	2910	8925	1000	2199.5	8625.5	2734	1311.5	688.5	3236.5	7591	86819	4340.95
ORTHO007023	ARM repeat superfamily protein	AT3G02710	8380;6396;16070;44260;43170;71704;8152;8150;44237;9987;90304;6139;46483;6725;1901360;34641;6807;44238;10467;5634;43231;43227;43226;5575;43229;44424;44464;5623;5622	8259	7663	6689.5	5120	6664	5047	8002.5	4826.5	5754	2654.5	7040	3983	3152	2711.5	2396.5	5325.5	4464.5	1888	5220.5	7576.5	5779	3609.5	6538.5	4678.5	90648	4532.4
ORTHO010784	Tetratricopeptide repeat (TPR)-like superfamily protein	AT2G15980	5739;43231;43227;43226;5575;43229;44424;44464;5623;5622;44444;5737;3674;8150	8260	8385	7613.5	6967	7662	3548	4785	7935.5	5144	6327	7040	8654.5	5338.5	906.5	2396.5	8358	6549	523.5	1389	5038	7489.5	4308.5	7335	8026	101092	5054.6
ORTHO009689	Pentatricopeptide repeat (PPR) superfamily protein	AT2G36730	5739;43231;43227;43226;5575;43229;44424;44464;5623;5622;44444;5737	8261	8880	6993	5725	8884	4068.5	7698.5	7637	5754	8934.5	478.5	7144.5	4199	4244	2023.5	8925	3081.5	6029.5	4914	5189.5	4321	530	3545	4972	93689.5	4.684.475
ORTHO000426	Tyrosine transaminase family protein	AT2G20610;AT2G24850;AT4G28410;AT4G28420;AT5G36160;AT5G53970	16020;5575;1560;1558;40008;50789;65007;8150;51128;50794;31668;51716;9987;50896;71496;9605;7154;44763;44699;9991;19761;19758;19757;43436;6082;71704;8152;44281;44710;44237;19748;16143;6790;1901657;1901135;16144;1901659;1901137;1901576;9058;44711;44272;44249;44550;19760;30170;1901363;5488;3674;97159;48037;43168;43167;8483;16769;16740;3824;5737;44424;44464;5623;5622;16846;16829;48830;48364;44767;32502;48513;48856;48731;7275;44707;32501;22622;9684;42435;19438;6725;44271;34641;6807;18130;46483;1901362;1901360;42430;1901564;1901566;72330;46394;16053;44283;19752;32787;9851;42446;42445;10817;65008;9850;9683;34754;80108;9753;9725;9719;10033;42221;1101;1901700;9611;6950;4838;70547;6520;44238;5829;44444;6572;1901606;1901605;9063;46395;16054;44282;44712;9056;1901575;44248;1901565;9074;9072;19439;1901361;6570;6559;6558;1902221;1902222;80130;70546;10189;1901617;1901615;42360;6775;6766;42362;9110	8262	9046	8453.5	8645	8922	6382	9108	8102.5	5619	8319	8701	5172.5	4955.5	344.5	3521.5	8737.5	7411.5	340.5	8907	7986	8935.5	1310	5826.5	9119.5	118799.5	5.939.975
ORTHO002538	cytochrome P450; family 721; subfamily A; polypeptide 1	AT1G75130	19825;5488;3674;55114;44710;8152;8150;44699	8263	9001	8594.5	8926	9010.5	7169.5	8994.5	8181.5	4788.5	8231.5	7999	8921.5	7258.5	474.5	5523	8737.5	7526.5	241.5	9031	6274.5	8300	2017.5	7435.5	9102	126208	6310.4
ORTHO007685	Family of unknown function (DUF566)	AT2G20815	5634;43231;43227;43226;5575;43229;44424;44464;5623;5622;3674;8150	8264	8665	7948.5	7633	8619	6382	9145	3108.5	5484	6733	8095	4467	5195	590	2163.5	8358	6692.5	1210.5	7676.5	1724	8580	3111.5	8372.5	8670.5	105759	5287.95
ORTHO010559	protease-related	AT1G28320	9514;5777;42579;43231;43227;43226;5575;43229;44424;44464;5623;5622;44444;5737;8236;70011;8233;16787;3824;3674;8152;8150;6508;19538;43170;71704;44238;17171;4175	8265	6638	4661	1057	7245.5	2170	1519.5	3515	3504.5	8934.5	5636.5	6908.5	1352	4374	1549	3976.5	9001.5	2558	1788	2156.5	2172.5	398.5	205.5	1487.5	63208	3160.4
ORTHO009800	DNAJ heat shock N-terminal domain-containing protein	AT5G23240	9507;9536;43231;43227;43226;5575;43229;44424;44464;5623;5622;44444;5737;6457;9987;8150	8266	7508	6955	5644	6358.5	4986.5	4813.5	7290.5	5258	8231.5	5726.5	6327.5	6227	3283.5	1616	5325.5	8604.5	1494	3445.5	6368.5	3870	1735	5322	3383	93308.5	4.665.425
ORTHO011459	Thioredoxin superfamily protein	AT4G39740	5743;19866;31090;16020;5575;44422;43226;43227;44424;44464;5623;5622;31967;31975;44446;43229;31966;44429;44444;5737;5739;43231;5740;16021;31224;44425;55070;55076;55065;98771;50801;48878;42592;65008;65007;8150;55080;3674	8267	8399	7232	6197	8776.5	4986.5	7019.5	7762	5355.5	8398	5973.5	8362	2883.5	906.5	2023.5	8358	5194	663.5	5589.5	1960	5422.5	2112.5	6194.5	7190.5	96355.5	4.817.775
ORTHO005746	related to KPC1	AT2G22010	8270;46914;46872;43169;43167;5488;3674;6511;19941;51603;6508;19538;43170;71704;8152;8150;44238;44257;30163;9057;1901575;9056;44265;44260;44237;9987;44248;44267;43632;16567;32446;70647;6464;36211;43412;5737;44424;44464;5575;5623;5622;16874;3824;16021;31224;44425;16020;60154;98586;9615;51707;43207;9605;50896;9607;51704;51726;50794;50789;65007;151;1990234;1902494;43234;32991;4842;19787;16740;34450;61630;61659	8268	8613	7465.5	6663	8471	5799	2703	8435	5851.5	3027.5	7886	3950.5	5066	590	2023.5	8925	6298	663.5	6185.5	5606	8300	2763	6624.5	8512	99209.5	4.960.475
ORTHO004805	unknown protein	AT5G44150	3674;8150	8269	7735	6127	3985	5476.5	7008.5	4785	8148	8207	7722.5	7040	5096	3033.5	401	1432	3023.5	5281.5	800	6265.5	5578	3309	1407.5	3702.5	2501.5	84742.5	4.237.125
ORTHO002662	unknown protein	AT3G52610	5634;43231;43227;43226;5575;43229;44424;44464;5623;5622;3674;8150	8270	6712	6616.25	4962.5	7662	5047	8002.5	5348	6584	5066	6343	5543	3128	2711.5	2702.5	3976.5	4054.5	2558	4548.5	6148	4226.5	4471.5	4705.5	4678.5	89843	4492.15
ORTHO009133	Pentatricopeptide repeat (PPR) superfamily protein	AT2G03380	5739;43231;43227;43226;5575;43229;44424;44464;5623;5622;44444;5737;8150	8271	8683	8400.5	8530	8619	7008.5	9114	8256	7046.5	7152	3269.5	9070	6456	6112	7518.5	9043.5	1790.5	1568.5	8750.5	3085	2189	5308.5	4773	8891	116402.5	5.820.125
ORTHO009007	unknown protein	AT3G09430	5634;43231;43227;43226;5575;43229;44424;44464;5623;5622;8150;3674	8272	7371	8459.5	8647	8139.5	5904	8324.5	8181.5	6584	3921.5	7734.5	8595.5	8094	2711.5	3936.5	5325.5	5561	3121	6531	8478	7052	5213.5	7946.5	5601	118817	5940.85
ORTHO007053	non-intrinsic ABC protein 10	AT1G63270	6810;51234;51179;8150;17004;43623;6461;65003;43933;16043;71840;9987;22607;44085;71822;70271;34622;30288;44462;44464;5575;5623;30312;71944;42597;30313;31975;15439;15232;51184;5215;3674;51181;44765;1902578;44699;15886;71705;71702;1901678;42626;43492;42623;16887;17111;16462;16818;16817;16787;3824;8152;15405;15399;22804;22857;55085;44763;16820;43190;98533;1902494;43234;32991;1902495;98796;44425;16020;1990351;16021;31224;98797;44459;5886;5524;35639;1901265;1901363;5488;97159;43168;43167;32559;30554;17076;166;36094;32555;32553;97367;32550;32549;1882;1883	8273	7790	4261	249	6664	3971.5	7027	3729.5	4142	3967	5124	863	3718.5	138	136.5	3128	135	203.5	1788	3061	2874	193	514	660	45373.5	2.268.675
ORTHO005217	Dihydropterin pyrophosphokinase / Dihydropteroate synthase	AT1G69190;AT4G30000	46654;9396;9108;51188;51186;44237;8152;8150;9987;44249;9058;6732;42559;19438;6725;42558;46483;1901360;71704;1901564;6807;44271;34641;18130;1901362;1901576;1901566;43604;43603;1901607;1901605;6520;19752;43436;6082;44281;44710;44699;44763;44238;8652;46394;16053;44283;44711;6760;6575;42398;46653;16310;6796;6793;46656;43650;43648;42364;6767;6766;9110;46655;4156;16765;16740;3824;3674;5739;43231;43227;43226;5575;43229;44424;44464;5623;5622;44444;5737;5524;35639;1901265;1901363;5488;97159;43168;43167;32559;30554;17076;166;36094;32555;32553;97367;32550;32549;1882;1883;16301;16772;3848;16778;46872;43169;9908;90567;48608;3006;32502;22414;48856;61458;48731;7275;44767;44707;32501;44702;9791;48367;6979;6950;50896;5829	8274	7634	5822	3370	8259	4233	5430	4373.5	4705.5	8647.5	5788.5	7898.5	6071.5	3374	1549	5325.5	3448	499	3857.5	4392	3632	1358.5	3418.5	3289.5	81291.5	4.064.575
ORTHO000302_1	ferric reduction oxidase 2	AT1G01580;AT1G01590;AT1G23020;AT5G23980;AT5G23990	55114;44710;8152;8150;44699;55072;55076;55065;98771;50801;48878;42592;65008;65007;55080;15688;1901678;44765;6810;51234;51179;1902578;293;16723;16722;16491;3824;3674;5886;16020;5575;44464;5623;71944;6811;16021;31224;44425;9617;51707;43207;9605;50896;9607;51704;9735;9725;9719;10033;42221;5634;43231;43227;43226;43229;44424;5622;46872;43169;43167;5488;31966;31090;44422;44429;44444;5737;44446;5739;5740;31967;31975;5576	8275	8963	7248.5	6222	8753	3145	1789.5	8705.5	4551	8934.5	169.5	7580	1352	6501	5873.5	8777	7495.5	5788	2837.5	3466.5	8019	1656	2274	7591	96506	4825.3
ORTHO010107	unknown protein	AT5G25070	5737;44424;44464;5575;5623;5622;3674;8150;5829;44444	8276	8417	7889.5	7503	7662	5904	7483.5	7762	5484	5381	6343	8494.5	4677	906.5	1910.5	8925	5561	663.5	6185.5	5672	6431	2923.5	6624.5	7591	104923	5246.15
ORTHO010022	Transducin/WD40 repeat-like superfamily protein	AT5G17370	3674;5737;44424;44464;5575;5623;5622;80008;31461;151;1990234;1902494;43234;32991;8150	8277	8267	7212	6147	7245.5	2981	7422	7762	4788.5	3007	7886	8397	4492.5	906.5	1677.5	8358	5194	663.5	5648	5447	5779	2213.5	6194.5	7266.5	96084	4804.2
ORTHO006610	ALG6; ALG8 glycosyltransferase family	AT5G38460	6486;44763;9987;8150;44699;6464;36211;19538;43170;71704;8152;44238;43412;44267;44260;44237;43413;70085;44723;5975;44710;9101;9100;1901135;34645;9059;1901576;9058;44249;1901137;5789;98588;31090;16020;5575;44422;43226;43227;44432;44444;44424;44464;5623;5622;5737;44446;43229;5783;43231;12505;44425;42175;16021;31224;16758;16757;16740;3824;3674	8278	7753	6714.5	5151	6664	5090	8002.5	4826.5	2570.5	5321	7040	3983	5338.5	906.5	2396.5	5325.5	4610.5	4154.5	5648	6001	5779	3374.5	5710.5	4678.5	90757	4537.85
ORTHO001361	HXXXD-type acyl-transferase family protein	AT1G32910;AT1G78990;AT5G16410	16740;3824;3674;8152;8150;16747;16746;5737;44424;44464;5575;5623;5622;9507;9536;43231;43227;43226;43229;44444	8279	9081	6878	5477	9074	3253	6711	8575	4323	8934.5	4046	6861.5	4130.5	4868	2023.5	9104	1703	8959	4864	2570	2978	227	303.5	7997	92431.5	4.621.575
ORTHO005048	ARM repeat superfamily protein	AT2G34357	8150;5634;43231;43227;43226;5575;43229;44424;44464;5623;5622	8280	8321	7776.5	7273	8776.5	6382	7562.5	4088	5484	4393	8095	4467	5066	906.5	2396.5	8925	6298	867.5	6897.5	5929.5	6908	3609.5	7048.5	7860.5	103184.5	5.159.225
ORTHO007203	CDK inhibitor P21 binding protein	AT2G44510	9507;9536;43231;43227;43226;5575;43229;44424;44464;5623;5622;44444;5737;3674;5730;44428;44446;44422;5634;43232;43228;31981;70013;43233;31974;8150	8281	7802	6794.5	5308	6664	2446.5	7507.5	4571	4645.5	5386	6070	5372	4865.5	906.5	2023.5	5325.5	7542.5	1617	6327	7408.5	4946	2677	4244	7656.5	91538	4576.9
ORTHO011389	multiprotein bridging factor 1C	AT3G24500	45893;10628;10604;9893;48518;50789;65007;8150;19222;60255;10468;1903508;1903506;2001141;31326;9889;31323;50794;51252;19219;80090;51171;10556;1902680;51254;45935;31325;48522;51173;31328;9891;10557;6355;2000112;43565;3677;3676;1901363;5488;3674;97159;9414;9415;9628;50896;1101;42221;10035;1901700;6950;5634;43231;43227;43226;5575;43229;44424;44464;5623;5622;5730;44428;44446;44422;43232;43228;31981;70013;43233;31974;6351;34645;44260;43170;71704;8152;44237;9987;9059;1901576;9058;44249;97659;32774;16070;90304;6139;46483;6725;1901360;34641;6807;44238;34654;19438;44271;18130;1901362;10467;9723;9725;9719;10033;3713;3712;989;988;9408;9266;5737;9873;160;35556;7165;51716;7154;44763;44699;44700;23052;9755;32870;71495;71310;70887;71369;3700;1071;9737;33993;97305	8282	8429	5804	3326	8471	1227	739	9036	9046	7620	4522.5	7612.5	4677	1254	2163.5	8358	8832.5	867.5	1693	1919	2761	688.5	447.5	7508	80972.5	4.048.625
ORTHO007098	hydroperoxide lyase 1	AT4G15440	9941;9526;31967;31975;44464;5575;5623;44446;44422;43226;44424;5622;43229;43227;44435;44444;5737;9536;43231;44434;9507;5506;46914;46872;43169;43167;5488;3674;16705;16491;3824;8152;8150;55114;44710;44699;9611;6950;50896;20037;46906;1901363;97159;4497;6631;44255;6629;71704;44238;44763;9987;44237;32787;19752;43436;6082;44281	8283	7220	6911.5	5540	5386.5	6023.5	8719.5	8296.5	8467	2472.5	7886	4309	4492.5	1254	4842.5	3023.5	6825	934	6327	6689.5	3621.5	3026	4047.5	1506	92763	4638.15
ORTHO009648	Adenine nucleotide alpha hydrolases-like superfamily protein	AT3G24560	9793;44702;22414;8150;44699;3006;32502;9790;44767;48856;7275;44707;32501;48316;48608;61458;48731;9791;10154;5737;44424;44464;5575;5623;5622;5524;35639;1901265;1901363;5488;3674;97159;43168;43167;32559;30554;17076;166;36094;32555;32553;97367;32550;32549;1882;1883;8033;34470;34660;16070;44260;43170;71704;8152;44237;9987;90304;6139;46483;6725;1901360;34641;6807;44238;6396;10467;6399;16879;16874;3824;10098;9507;9536;43231;43227;43226;43229;44444;9658;9657;6996;16043;71840	8284	8086	5822	3360	7245.5	8118	4698	7372.5	4060.5	7782	4410	4566	1352	4326	3047.5	5325.5	5561	1780	1748	6368.5	2485.5	659	514	7028	81202	4060.1
ORTHO000812	UDP-Glycosyltransferase superfamily protein	AT3G21560;AT4G15480;AT4G15490;AT4G15500	50284;35251;46527;16758;16757;16740;3824;3674;8152;8150;8194;9801;9698;19748;44710;44699;6725;44237;9987;1901360;71704;44763;80167;9628;50896;9718;46283;9812;42440;9813;1901576;9058;46148;44711;5737;44424;44464;5575;5623;5622;9636;42221;10224;9411;9416;9314;47218	8285	9047	5665	3045	9074	9102	3863.5	4183	5619	8934.5	4861.5	7085	1352	4755.5	2163.5	9071	8133	1494	4914	1919	822	398.5	192.5	526	79389.5	3.969.475
ORTHO007371	unknown protein	AT1G06320	5634;43231;43227;43226;5575;43229;44424;44464;5623;5622;8150;3674	8286	8935	7567	6848	8984.5	7411.5	5955	9018	7455	7666.5	291	5983.5	1352	590	5034.5	8737.5	8070.5	985	9014.5	2409.5	8083.5	729	2650	8897	100333.5	5.016.675
ORTHO000530	MATE efflux family protein	AT1G33080;AT1G33090;AT1G33100;AT1G33110;AT3G03620;AT5G17700	6855;15893;44765;6810;51234;51179;8150;1902578;44699;42493;42221;50896;55085;44763;9987;15297;15291;22804;22857;5215;3674;5886;16020;5575;44464;5623;71944;15238;90484;16021;31224;44425	8287	9141	8549.5	8812	9142.5	8952.5	5661.5	9164	2729.5	4095	9170.5	9167	1352	4969	6378.5	9091	8092	8139	9158	1160.5	2896	4709	8976.5	9155	123016.5	6.150.825
ORTHO009942	unknown protein	AT4G01897	5829;44444;44424;44464;5575;5623;5622;5737;3674;8150	8288	8293	6999	5710	7662	5799	6998	8850	3838.5	4841.5	7382.5	8522.5	1352	1184.5	1910.5	8358	5561	1295.5	6531	2688	1572.5	2763	6624.5	7543.5	93616	4680.8
ORTHO009997	INVOLVED IN: biological_process unknown	AT5G42765	9535;55035;42651;34357;16020;5575;44436;44424;44464;5623;5622;9579;44435;44444;5737;44446;44422;43226;43229;9536;43231;43227;31976;31984;44434;9507;9534;8150	8289	8376	5987	3685	8471	4322	4742	7588.5	2849.5	8934.5	3674	6717.5	4380.5	1321.5	1677.5	8358	8953.5	663.5	5430	4778	696.5	621.5	545.5	6669	82923	4146.15
ORTHO011384	LEM3 (ligand-effect modulator 3) family protein / CDC50 family protein	AT5G46150	16020;5575;5794;43231;43227;43226;43229;44424;44464;5623;5622;44444;5737;12505;16021;31224;44425;8150;3674	8290	8448	7147	6004	8471	2239.5	8038	8985.5	2592	8934.5	4522.5	8958.5	1352	5917.5	1462	8605.5	9143.5	8910	3575.5	3409.5	233.5	213.5	171	8026	95290	4764.5
ORTHO005612	cyclophilin 59	AT1G53720	3676;1901363;5488;3674;97159;3723;5634;43231;43227;43226;5575;43229;44424;44464;5623;5622;6457;9987;8150;3755;16859;16853;3824;8152;413;18208;18193;6464;36211;19538;43170;71704;44238;43412;44267;44260;44237;5829;44444;5737;5515	8291	7179	7007.5	5724	7947.5	5090	5653	4826.5	5754	6825	7040	3686.5	7377.5	2711.5	2702.5	5325.5	4610.5	1888	5347.5	4100	5779	3754	6538.5	4678.5	93688	4684.4
ORTHO008591	Pentatricopeptide repeat (PPR-like) superfamily protein	AT3G16010	5739;43231;43227;43226;5575;43229;44424;44464;5623;5622;44444;5737;8150	8292	8105	6014.5	3737	5552	4633.5	7790.5	8381.5	7748	7377.5	6763.5	8294	4297.5	488.5	1323.5	3976.5	3117	949.5	3730.5	3933	3675	1026	3393.5	2314	83213	4160.65
ORTHO005205	methionine aminopeptidase 1D	AT4G37040	31365;6464;36211;19538;43170;71704;8152;8150;44238;43412;44267;44260;44237;9987;8235;8237;70011;8233;16787;3824;3674;6508;8238;9507;9536;43231;43227;43226;5575;43229;44424;44464;5623;5622;44444;5737;5739;9737;9725;9719;50896;10033;42221;33993;97305;1901700;1101;4177;46872;43169;43167;5488	8293	8152	8195.5	8098	7245.5	5432.5	7707	8102.5	4323	3665	7382.5	4162.5	5740	906.5	3047.5	8358	6825	1114.5	7901.5	6322.5	8019	4970.5	7868.5	8258.5	110107	5505.35
ORTHO002761	alpha/beta-Hydrolases superfamily protein	AT2G44810	9507;9536;43231;43227;43226;5575;43229;44424;44464;5623;5622;44444;5737;47714;16298;16788;16787;3824;3674;8152;8150;52689;6629;71704;44710;44699;44238;9901;9900;44702;22414;48609;32504;3;32501;48653;44767;32502;3006;48856;48443;48827;48367;48731;7275;44707;48437;48569;48513;9908;90567;48608;61458;9791;48466;48438;9695;72330;46394;16053;6082;44281;44763;9987;44237;44283;44711;9058;1901576;44249;19752;43436;32787;9694;8970;4620;4806;10152;21700;9555;48229;9611;6950;50896	8294	8350	7961.5	7629	7662	6313	3129.5	7762	4740.5	5785	7040	8654.5	3077.5	906.5	2396.5	8358	6549	663.5	7281	6001	7052	4067	7244	8728	105748.5	5.287.425
ORTHO005638	P-loop containing nucleoside triphosphate hydrolases superfamily protein	AT4G15570	5524;35639;1901265;1901363;5488;3674;97159;43168;43167;32559;30554;17076;166;36094;32555;32553;97367;32550;32549;1882;1883;5634;43231;43227;43226;5575;43229;44424;44464;5623;5622;9553;48229;7275;44767;32502;8150;44699;44707;32501;48856;9875;7154;44763;9987;9856;44703;51704;22414;44706;10183;50918;6935;42330;40011;9605;50896;42221;48868;3006;4386;17111;16462;16818;16817;16787;3824;8152	8295	7192	6801	5307	6194	5248.5	6651.5	7935.5	5258	3163.5	6343	7432	3207	2711.5	2702.5	5325.5	4666	2199.5	5589.5	1160.5	5988	4067	6989	4898	91536	4576.8
ORTHO000264	GTP binding Elongation factor Tu family protein	AT1G07920;AT1G07930;AT1G07940;AT5G60390	46686;10038;10035;42221;50896;8150;5739;43231;43227;43226;5575;43229;44424;44464;5623;5622;44444;5737;6414;34645;44260;43170;71704;8152;44237;9987;9059;1901576;9058;44249;6412;43043;43604;43603;34641;6807;44271;6518;1901564;1901566;44267;19538;44238;10467;16020;3924;17111;16462;16818;16817;16787;3824;3674;5774;44437;44446;44422;5773;98588;31090;98805;5886;71944;9507;9536;3746;8135;3723;3676;1901363;5488;97159;9506;5911;30054;55044;5829;5516;5515;5730;44428;5634;43232;43228;31981;70013;43233;31974	8296	9161	8299.5	8303	9164	9080.5	2121.5	8753	3340.5	8934.5	397.5	7713	4492.5	6144.5	8061.5	9129.5	9042.5	2558	3977	1320	9168.5	762.5	8348.5	9087	112432.5	5.621.625
ORTHO006295	Ribosomal protein S5/Elongation factor G/III/V family protein	AT3G22980	3924;17111;16462;16818;16817;16787;3824;3674;8152;8150;5840;30529;32991;5575;44424;44464;5623;5622;43232;43228;43226;43229;44444;5737;42256;42255;70925;6996;16043;71840;9987;22607;44085;22618;71826;43933;34622;65003;22613;42254;8135;3723;3676;1901363;5488;97159;6412;43043;43604;43603;34641;6807;44237;44271;44249;9058;6518;1901564;71704;1901566;1901576;44267;19538;43170;44238;44260;34645;9059;10467;5829	8297	6818	6190.5	4084	6100.5	2333	6220	4826.5	1994.5	3337	6343	4877	7498	1375.5	2702.5	3976.5	4610.5	4809.5	5851	2820	6431	3854	6624.5	4801	85285	4264.25
ORTHO010680	RNA-binding KH domain-containing protein	AT1G51580	3676;1901363;5488;3674;97159;3723	8298	8475	4486.5	675	8471	3962.5	6947	3927.5	3826	7916.5	5081	7695	3501.5	138	136.5	3273.5	2698	85.5	1537.5	2496	2737	100.5	345.5	535	56940	2847
ORTHO010599	nitroreductase family protein	AT1G02020	9507;9536;43231;43227;43226;5575;43229;44424;44464;5623;5622;44444;5737;16657;16651;16491;3824;3674;8152;8150;55114;44710;44699;5634;5739	8299	6556.5	7612	6925	7245.5	5155.5	4118.5	5568.5	7978	1970.5	5973.5	8026.5	8094	2711.5	3936.5	3976.5	5108	3121	5851	7012	5422.5	5603	5407	5806	100840	5042
ORTHO010584	FUNCTIONS IN: molecular_function unknown	AT4G28740	5743;19866;31090;16020;5575;44422;43226;43227;44424;44464;5623;5622;31967;31975;44446;43229;31966;44429;44444;5737;5739;43231;5740;32049;6655;46471;6650;6644;19637;71704;8152;8150;6793;44237;9987;44255;6629;44710;44699;44238;44763;6796;46486;46474;45017;8610;1901576;9058;44711;44249;8654;90407;32048;30572;16780;16772;16740;3824;3674;30145;46914;46872;43169;43167;5488;8808;16021;31224;44425	8300	6560	5897.5	3495	7245.5	4693.5	4948.5	4396	3957.5	7094.5	4997	6614	3216	2711.5	3265	3976.5	4761	5824	5851	1426	2313	3854	3100.5	4972	81971.5	4.098.575
ORTHO006723	RNA polymerase Rpb7 N-terminal domain-containing protein	AT1G06790	3899;34062;16779;16772;16740;3824;3674;8152;8150;32774;9059;43170;71704;1901576;9058;16070;44260;44237;9987;90304;6139;46483;6725;1901360;34641;6807;44238;34654;19438;44249;44271;18130;1901362;6351;34645;97659;10467;9507;9536;43231;43227;43226;5575;43229;44424;44464;5623;5622;44444;5737;5634	8301	8513	7786	7271	8776.5	6313	7714.5	7935.5	2541	3651	2992.5	8654.5	5195	590	2163.5	8358	6549	867.5	8344	3254	8228.5	3955.5	7156	8718	103181	5159.05
ORTHO011143	FKBP-like peptidyl-prolyl cis-trans isomerase family protein	AT3G12340	6457;9987;8150;9543;31978;31977;44436;44424;44464;5575;5623;5622;9579;44435;44444;5737;44446;44422;43226;43229;9536;43231;43227;31976;31984;44434;9507;9534;413;18208;18193;6464;36211;19538;43170;71704;8152;44238;43412;44267;44260;44237;16020;3755;16859;16853;3824;3674;5528;5527;1901363;5488;97159;8144;5634	8302	8684	8584.5	8867	8619	6085.5	8793	7762	7046.5	3813	8095	8970	3227	4718.5	6035	9043.5	6648.5	1281.5	8251.5	5852	8496	3111.5	8372.5	8670.5	124273	6213.65
ORTHO007561	Transcription factor TFIIIC; tau55-related protein	AT3G15420	8150;3674	8303	8576	8654.5	9006	8471	8545	6871.5	8414.5	3057.5	7152	8917	6961.5	1352	6434	4233.5	8660.5	1946.5	7376.5	8421	6960	8468.5	8354	8026.5	8891	129043	6452.15
ORTHO010065	WW domain-containing protein	AT2G41020	5634;43231;43227;43226;5575;43229;44424;44464;5623;5622;8150	8304	7092	6999	5694	7947.5	5432.5	8162.5	4964	5355.5	3303	2539	2729	7743	2711.5	2702.5	5325.5	4870.5	2199.5	5851	8214	6180.5	3854	6194.5	5222.5	93554.5	4.677.725
ORTHO007042	FUNCTIONS IN: molecular_function unknown	AT5G60370	9507;9536;43231;43227;43226;5575;43229;44424;44464;5623;5622;44444;5737;51539;51536;51540;5488;3674;45145;35312;16895;16796;4527;4518;16788;16787;3824;8152;8150;90305;90304;6139;46483;44237;9987;6725;1901360;71704;34641;6807;44238;43170;4529;4536;6259;44260;8409;8297;3677;3676;1901363;97159;46872;43169;43167;5634	8305	7927	8736.5	9168	6857.5	6810	8674.5	6573	8259	4523	8314	8921.5	6895.5	6389.5	7737.5	6712.5	7397	4809.5	8605.5	8891.5	8496	7420	8520	8718	142667.5	7.133.375
ORTHO009785	chloroplastic NIFS-like cysteine desulfurase	AT1G08490	9507;9536;43231;43227;43226;5575;43229;44424;44464;5623;5622;44444;5737;18283;18282;6464;36211;19538;43170;71704;8152;8150;44238;43412;44267;44260;44237;9987;31163;22607;16043;71840;44085;16226;9058;1887;9570;9532;44435;44446;44422;44434;30170;1901363;5488;3674;97159;48037;43168;43167;6534;96;6790;6520;1901564;6807;19752;43436;6082;44281;44710;44699;44763;9069;1901605;31071;16783;16782;16740;3824;9000;16846;16829;10269;10035;42221;50896;8483;16769	8306	7056	8433	8560	7947.5	6382	6651.5	3123	4573.5	5674.5	7999	6561.5	8094	7101	7764	6712.5	5404	4595	6785	2820	6431	6714	8070	5433.5	116889	5844.45
ORTHO010585	NAD(P)-binding Rossmann-fold superfamily protein	AT4G09750	5886;16020;5575;44464;5623;71944;6631;44255;6629;71704;8152;8150;44710;44699;44238;44763;9987;44237;32787;19752;43436;6082;44281;10363;80135;50794;50789;65007;80134;48583;45088;31347;50776;2682;43067;10941;9814;98542;6952;6950;50896;51707;43207;9605;9607;51704;45087;6955;2376;16787;3824;3674	8307	6581	7019	5731	7245.5	4946.5	7110	5568.5	5355.5	4623.5	5873	4386.5	7743	2711.5	3721.5	3976.5	5108	3121	5347.5	3254	5170.5	5308.5	5171.5	5222.5	93719.5	4.685.975
ORTHO006632	Cytidine/deoxycytidylate deaminase family protein	AT5G24670	8270;46914;46872;43169;43167;5488;3674;5634;43231;43227;43226;5575;43229;44424;44464;5623;5622;3824;8152;8150;16787	8308	6649	6962.5	5617	7662	4758	8162.5	5439.5	2465.5	6198.5	5788.5	4949	7743	2711.5	3936.5	5325.5	5032.5	2558	5220.5	5303	4519	4423	3393.5	5222.5	93150	4657.5
ORTHO008607	Flavodoxin family protein	AT3G02280	5634;43231;43227;43226;5575;43229;44424;44464;5623;5622;50661;50662;48037;5488;3674;166;36094;1901265;1901363;97159;3958;16653;16651;16491;3824;8152;8150;55114;44710;44699;9793;44702;22414;3006;32502;9790;44767;48856;7275;44707;32501;48316;48608;61458;48731;9791;10154;16226;9058;31163;22607;16043;71840;9987;44085;5506;46914;46872;43169;43167;10181;43168;32553;97367;5515;50660;5737	8309	7410	5708.25	3107.5	6358.5	908.5	4698	4640	5754	7152	669	7312.5	7031	2711.5	2702.5	5325.5	4054.5	3121	3028	7576.5	1108.5	2677	4257.5	5041.5	79769	3988.45
ORTHO010036	Leucine-rich repeat (LRR) family protein	AT4G23840	31146;43161;10498;51603;6508;19538;43170;71704;8152;8150;44238;44257;30163;9057;1901575;9056;44265;44260;44237;9987;44248;44267;6511;19941;43632;16567;32446;70647;6464;36211;43412;19005;31461;151;1990234;1902494;43234;32991;5575;44424;44464;5623;5622;5737;61630;4842;19787;16740;3824;3674;61659	8310	7030	6248	4186	7947.5	4986.5	4698	4640	5484	3921.5	6763.5	5295.5	7031	2711.5	2702.5	5325.5	4054.5	1617	4016	7408.5	4946	2213.5	3606.5	4413.5	85835	4291.75
ORTHO004943	ribonuclease Ps	AT2G47300	5634;43231;43227;43226;5575;43229;44424;44464;5623;5622;6364;34470;34660;16070;44260;43170;71704;8152;8150;44237;9987;90304;6139;46483;6725;1901360;34641;6807;44238;6396;10467;16072;42254;22613;44085;71840	8311	6661	7865	7419	7662	2239.5	6375	6264	5071	1750.5	3831.5	8258	3662	7101	8061.5	5325.5	6549	4595	7612.5	2805.5	5779	6791.5	4927.5	7315.5	104315	5215.75
ORTHO010016	RECQ helicase L2	AT1G31360	6260;6259;44260;43170;71704;8152;8150;44237;9987;90304;6139;46483;6725;1901360;34641;6807;44238;34645;9059;1901576;9058;44249;5524;35639;1901265;1901363;5488;3674;97159;43168;43167;32559;30554;17076;166;36094;32555;32553;97367;32550;32549;1882;1883;6310;6281;6974;33554;51716;50896;6950;44763;44699;44710;46872;43169;8026;42623;16887;17111;16462;16818;16817;16787;3824;70035;4386;16592;44451;44428;44446;44422;5575;43226;44424;44464;5623;5622;43229;5634;43231;43227;5654;31981;70013;43233;31974;43234;32991;43138;3678;32508;32392;71103;51276;6996;16043;71840;6351;97659;32774;16070;34654;19438;44271;18130;1901362;10467;6355;1903506;2001141;31326;9889;19222;50789;65007;31323;50794;51252;19219;80090;51171;60255;10556;10468;2000112;3677;3676;43140;4003;8094;5515;9378	8312	7563	7572.5	6833	6358.5	4758	4698	4571	6225	6065.5	6763.5	8240	7031	2711.5	2702.5	5325.5	8695.5	1617	4830.5	7194	4946	3111.5	6282.5	4413.5	100182	5009.1
ORTHO009752	NA	NA	NA	8313	8377	5773.5	3234	8471	4484.5	4813.5	3318	3068.5	8934.5	6912.5	6741.5	2804.5	1254	1509	8358	4548.5	663.5	4968.5	483.5	4519	1310	5171.5	6669	80532	4026.6
ORTHO010447	geranylgeranyl reductase	AT4G38460	43693;43692;42214;6720;44255;6629;71704;8152;8150;44710;44699;44238;44763;9987;44237;46246;8299;8610;1901576;9058;44711;44249;5515;5488;3674;4161;4659;16765;16740;3824;9507;9536;43231;43227;43226;5575;43229;44424;44464;5623;5622;44444;5737	8314	7779	7812	7310	6664	5432.5	8162.5	4964	5355.5	3425.5	6543	2729	5467.5	906.5	3047.5	8358	6825	2199.5	5851	8077	6180.5	4308.5	7335	8258.5	103426.5	5.171.325
ORTHO010500	Sec14p-like phosphatidylinositol transfer family protein	AT5G63060	5215;3674;6810;51234;51179;8150;9507;9536;43231;43227;43226;5575;43229;44424;44464;5623;5622;44444;5737	8315	8465	7596.5	6878	8471	6227.5	7507.5	7762	4865	4515	7999	8522.5	4865.5	906.5	1910.5	8925	5561	663.5	4663	5726.5	2533.5	3026	6709	7656.5	100545	5027.25
ORTHO005151	biotin F	AT5G04620	9102;6768;43603;34641;6807;8152;8150;44237;9987;6767;6766;44281;44710;44699;46483;1901360;71704;51186;6790;1901564;32787;19752;43436;6082;44763;43604;44271;44249;9058;44272;18130;72330;46394;16053;44283;44711;1901576;1901362;42364;9110;1901566;30170;1901363;5488;3674;97159;48037;43168;43167;3824;8710;16747;16746;16740;5739;43231;43227;43226;5575;43229;44424;44464;5623;5622;44444;5737;8483;16769;5777;42579;5829	8316	8232	7889.5	7463	7245.5	6417	6879	7935.5	5754	1709.5	7040	8989	5338.5	906.5	2396.5	8358	6549	663.5	5589.5	4258.5	6908	3955.5	7156	7860.5	104664	5233.2
ORTHO006189	unknown protein	AT3G04310	8150;3674;5575	8317	8865	8486.5	8656	8884	5974	8793	7588.5	5851.5	4724.5	8450	6981	4793	401	5718	8925	6409	1114.5	8059	7080	8350.5	2763	8115.5	8989	119080	5954
ORTHO010157	nucleotide repair protein; putative	AT3G05210	6294;65004;71824;43933;16043;71840;8150;9987;34622;65003;22607;44085;6289;6281;6259;44260;43170;71704;8152;44237;90304;6139;46483;6725;1901360;34641;6807;44238;6974;33554;51716;50896;6950;44763;44699;44710;724;725;6310;6302;17108;48256;4520;4536;4518;16788;16787;3824;3674;90305;4519;16888;16893;10213;5634;43231;43227;43226;5575;43229;44424;44464;5623;5622;3684;3677;3676;1901363;5488;97159;6284;10224;9411;9416;9314;9628;10332;10212	8318	7055	5915.5	3513	7947.5	4708.5	4698	4571	4865	3679.5	5973.5	5489.5	3007	2711.5	2396.5	5325.5	4004	1617	4663	7408.5	4946	2677	5021	4291.5	82053.5	4.102.675
ORTHO003302	NA	NA	NA	8319	9095	6254.5	4190	9095	9165	1173.5	3570	5221.5	8934.5	4046	7280	1352	7300	7195	9116	7542.5	1260.5	2399	2570	822	476.5	844	5601	85869	4293.45
ORTHO000297	Copper amine oxidase family protein	AT1G31670;AT1G31690;AT1G31710;AT1G62810;AT3G43670;AT4G12270;AT4G12280;AT4G12290;AT4G14940	5507;46914;46872;43169;43167;5488;3674;55114;44710;8152;8150;44699;9308;1901564;71704;6807;8131;16641;16638;16491;3824;5576;5575;48038;48037;9507;9536;43231;43227;43226;43229;44424;44464;5623;5622;44444;5737;6809;46209;72593;44237;9987;2001057;1903409;9058;44271;34641;44249;52593;9738;9755;7165;50794;50789;65007;51716;50896;7154;44763;44700;23052;32870;9725;9719;10033;42221;71495;71310;70887;71215;9737;33993;97305;1901700;1101;71396;97306;1901701;71229;52595;52594;52596;5634;5802;98791;44431;44446;44422;5794;12505;31984;5773;5768;5618;30312;71944;9834;9832;42546;44085;71840;71554;71669	8320	8891	8106	7892	8730.5	6898	8889.5	8348	4551	5588.5	7999	4239	4380.5	401	5034.5	8925	6244	985	8576	3254	8153	1695	4773	9084	108018	5400.9
ORTHO010017	appr-1-p processing enzyme family protein	AT2G40600	5829;44444;44424;44464;5575;5623;5622;5737;8150;3674	8321	7585	8248.5	8176	6358.5	2239.5	3960	8545.5	2390.5	5577.5	7594	8522.5	7743	2711.5	3721.5	5325.5	8748.5	3121	6327	8478	8019	4709	7774	5433.5	110941	5547.05
ORTHO004615	Tetratricopeptide repeat (TPR)-like superfamily protein	AT5G58450	5634;43231;43227;43226;5575;43229;44424;44464;5623;5622;17196;18206;18193;6464;36211;19538;43170;71704;8152;8150;44238;43412;44267;44260;44237;9987;6474;6473;43543;31365;31416;31414;31248;1902493;1990234;1902494;43234;32991;44444;5737;4596;34212;8080;16410;16747;16746;16740;3824;3674;16407;9506;5911;30054;55044;5829	8322	7770	7258.5	6195	6664	6643.5	8251	7935.5	4953	4491	7382.5	2937.5	5338.5	906.5	2396.5	8358	4666	2199.5	5648	3774.5	5988	3609.5	5902.5	4972	96353.5	4.817.675
ORTHO000352_2	tornado 1	AT5G55540	9933;48532;44767;32502;8150;44699;9653;48856;48507;9888;48513;48731;7275;44707;32501;9965;9887;48366;48827;48367;10016;9734;9755;7165;50794;50789;65007;51716;9987;50896;7154;44763;44700;23052;32870;9725;9719;10033;42221;71495;71310;70887;71365;9733;10305;10051;3002;7389;10540;9926;60918;9914;10817;65008;44765;6810;51234;51179;1902578;9956;5737;44424;44464;5575;5623;5622;5525;35639;1901265;1901363;5488;3674;97159;43168;43167;32550;32549;1882;36094;97367;1883;32561;19001;17076;166;32555;32553;16787;3824;8152;9825;16049;40007;16021;31224;44425;16020	8323	7397	7604.5	6886	8202.5	2214.5	9108	6264	7183.5	2366.5	3366.5	5489.5	1352	8316	8359	6712.5	1266	5824	7742	1775	1599	7259	8026.5	6379.5	100603	5030.15
ORTHO009033	homolog of DNA mismatch repair protein MSH3	AT4G25540	7131;35825;6310;6259;44260;43170;71704;8152;8150;44237;9987;90304;6139;46483;6725;1901360;34641;6807;44238;1903046;22402;44763;44699;7049;51321;3;44710;7127;7126;280;48285;6996;16043;71840;1902589;404;217;43566;3677;3676;1901363;5488;3674;97159;32135;30983;3690;43570;51276;6298;6281;6974;33554;51716;50896;6950;710;3684;5515;8094;42623;16887;17111;16462;16818;16817;16787;3824;5634;43231;43227;43226;5575;43229;44424;44464;5623;5622;228;44428;44446;44422;5694;43232;43228;31981;70013;43233;31974;32300;1990391;43234;32991;5524;35639;1901265;43168;43167;32559;30554;17076;166;36094;32555;32553;97367;32550;32549;1882;1883	8324	7512	8286.5	8249	6358.5	5516	5686	3065	8447.5	7722.5	8232.5	6100	1352	7101	7999	6712.5	2894	6265.5	7676.5	5400	1889.5	6813.5	6326.5	6553	111752.5	5.587.625
ORTHO001451	Bifunctional inhibitor/lipid-transfer protein/seed storage 2S albumin superfamily protein	AT5G48485;AT5G48490	5576;5575;5515;5488;3674;8289;9627;9814;98542;6952;6950;50896;8150;51707;43207;9605;9607;51704;45087;6955;2376;5319;22892;5215;6810;51234;51179;6869;44765;1902578;44699;71702;10876;33036;9862;9863;7165;50794;50789;65007;51716;9987;7154;44763;44700;23052;71446;71407;14070;10033;42221;71310;70887;9751;1101;1901700;71229;1901701;48046;43621;5783;43231;43227;43226;43229;44424;44464;5623;5622;44444;5737;12505;8270;46914;46872;43169;43167;5504;33293;31406;43177;36094;43168;9506;5911;30054;55044	8325	8887	6131.5	3938	9024.5	4986.5	8627.5	8366.5	3895.5	5352	5610	6819	4259.5	291	1338.5	8617	3448	507	4830.5	6960	3354	2061	3621	1487.5	84432	4221.6
ORTHO006595	Tetratricopeptide repeat (TPR)-like superfamily protein	AT1G17760	5515;5488;3674;45892;1903507;1903506;2001141;31326;9889;19222;50789;65007;8150;31323;50794;51252;19219;80090;51171;60255;10556;1902679;51253;10605;9892;48519;45934;51172;31324;48523;31327;9890;10558;10629;10468;6355;2000112;2000113;42868;34660;16070;44260;43170;71704;8152;44237;9987;90304;6139;46483;6725;1901360;34641;6807;44238;6397;16071;6396;10467;9553;48229;7275;44767;32502;44699;44707;32501;48856;60968;5634;43231;43227;43226;5575;43229;44424;44464;5623;5622;3729;44822;3723;3676;1901363;97159;31123;31047;16458;44763	8326	7308	7787.5	7249	8139.5	2385.5	7210.5	7935.5	5144	8319	7040	8654.5	7377.5	3283.5	4705.5	5325.5	8748.5	1780	5128	7498.5	5422.5	1358.5	1157	4541	103015	5150.75
ORTHO010148	catalytics	AT2G35450	8152;8150;9507;9536;43231;43227;43226;5575;43229;44424;44464;5623;5622;44444;5737;16787;3824;3674	8327	7075	8164	8001	7947.5	6529	3513	9007.5	2134	5345	7594	7312.5	1352	2711.5	4462	5325.5	6099.5	3580	7042	8675.5	7709	6129	8247	6281	109049	5452.45
ORTHO011008	RNA recognition motif (RRM)-containing protein	AT4G12640	398;6397;16071;16070;44260;43170;71704;8152;8150;44237;9987;90304;6139;46483;6725;1901360;34641;6807;44238;6396;10467;377;375;8380;3723;3676;1901363;5488;3674;97159;5634;43231;43227;43226;5575;43229;44424;44464;5623;5622	8328	7874	8486	8644	6857.5	6085.5	7744.5	3123	7899.5	4931	7594	8763	5740	6292	7129	6712.5	6825	4154.5	6109.5	4778	7052	4709	4887	8258.5	118787.5	5.939.375
ORTHO006637	nudix hydrolase homolog 20	AT5G19460;AT5G19470	9507;9536;43231;43227;43226;5575;43229;44424;44464;5623;5622;44444;5737;16787;3824;3674;8152;8150	8329	7357	8629.5	8930	6358.5	8716.5	5808	9133	3312	7722.5	5136	9035	8898	5868.5	1254.5	5325.5	8342	8882.5	3046	9015.5	8798.5	7420	2025	8512	126251	6312.55
ORTHO004271	Protein kinase family protein with ARM repeat domain	AT1G50240	5856;43232;43228;43226;5575;43229;44424;44464;5623;5622;9524;44444;5737;5524;35639;1901265;1901363;5488;3674;97159;43168;43167;32559;30554;17076;166;36094;32555;32553;97367;32550;32549;1882;1883;4674;4672;16301;16772;16740;3824;8152;8150;16310;6796;6793;44237;9987;16773;6468;6464;36211;19538;43170;71704;44238;43412;44267;44260;5515;911;1902410;32506;22402;44763;44699;7049;910;51301;1903047;278;61640;281;9558;7349;44767;32502;48646;9653;48856;7275;44707;32501;9561;9553;48229	8330	8084	5786	3242	8619	7482.5	2951	8522	8101	4000	7382.5	3950.5	4865.5	401	1509	3976.5	135	1360.5	4968.5	5929.5	4519	2763	4693	3055	80565	4028.25
ORTHO008709	F-box family protein	AT1G23770;AT1G23780	3674;8150;5634;43231;43227;43226;5575;43229;44424;44464;5623;5622;5739;44444;5737;16567;32446;70647;6464;36211;19538;43170;71704;8152;44238;43412;44267;44260;44237;9987	8331	8844	7874.5	7418	8730.5	8834	8221	3441.5	9048	8934.5	4243	6929	4328	6292	7582.5	9043.5	7615.5	6183.5	2500.5	2635.5	1460.5	281.5	447.5	6281	104302.5	5.215.125
ORTHO006039	pyrimidine 2	AT5G12200	6212;6208;6206;9112;55086;6139;46483;44237;8152;8150;9987;6725;1901360;71704;34641;6807;44238;44281;44710;44699;44763;1901564;72527;72529;44270;44248;9056;1901361;1901575;1901565;46700;46113;44712;19860;19483;19482;6520;19752;43436;6082;8652;46394;16053;44283;44711;9058;1901576;44249;1901566;43562;31669;31667;9991;9605;50896;31668;51716;71496;7154;4157;16812;16810;16787;3824;3674;12505;44464;5575;5623;5783;43231;43227;43226;43229;44424;5622;44444;5737;46872;43169;43167;5488;5794	8332	7864	6688.5	5045	6857.5	4530.5	7808.5	4424	5258	8063.5	5873	6344	4417	1184.5	1616	5325.5	8637.5	1494	5502	6368.5	1482	1407.5	3510.5	7028	90274.5	4.513.725
ORTHO002093	17.6 kDa class II heat shock protein	AT5G12020	5737;44424;44464;5575;5623;5622;9408;9266;9628;50896;8150;6950	8333	8632	5943	3553	8678	4708.5	8064	8148	3914.5	5323.5	8167.5	5218.5	2808.5	474.5	1338.5	8617	8124.5	464	7042	4297.5	3309	543.5	479	1215.5	82258	4112.9
ORTHO000549	chlorophyll A/B binding protein 3	AT1G29910;AT1G29920;AT1G29930;AT2G34420;AT2G34430	9579;44424;44464;5575;5623;5622;9768;9765;6091;44237;8152;8150;9987;19684;15979;9941;9526;31967;31975;44446;44422;43226;43229;43227;44435;44444;5737;9536;43231;44434;9507;10287;9570;9532;9535;55035;42651;34357;16020;44436;31976;31984;9534;9416;9314;9628;50896;30076;43234;32991;5739;16168;46906;1901363;5488;3674;97159;31409;48046;5576;5515;10114;9639;10218;9637;9750;9746;34284;9743;10033;42221;1901700;9769;9522;9521;98796;44425;16021;31224;9523	8334	9076	7896.5	7459	9089	8551.5	5930	8827.5	7691.5	8934.5	3879	7553.5	4177	5045.5	1616	9139.5	8231.5	7181.5	2742.5	2688	2807	281.5	447.5	8900	104625	5231.25
ORTHO002920	DNA binding	AT3G54280	5524;35639;1901265;1901363;5488;3674;97159;43168;43167;32559;30554;17076;166;36094;32555;32553;97367;32550;32549;1882;1883;5634;43231;43227;43226;5575;43229;44424;44464;5623;5622;3677;3676;4386;17111;16462;16818;16817;16787;3824;8152;8150;1902185;1902183;48509;2000026;50793;50789;65007;51239;51240;48518;51094	8335	8711	8565.5	8796	8730.5	7241	398	8619.5	8178.5	7012	5006	7672.5	7031	5770	810.5	5325.5	7630.5	8419.5	8858.5	3600	8828	8495.5	7244	6281	122421.5	6.121.075
ORTHO005547	KRR1 family protein	AT3G24080	5634;43231;43227;43226;5575;43229;44424;44464;5623;5622;5829;44444;5737;3674	8336	8284	8081.5	7827	7662	5904	7529.5	7762	7691.5	5189.5	7886	8888.5	4677	906.5	1910.5	8358	5561	663.5	6185.5	4778	6431	2923.5	6624.5	7591	107461	5373.05
ORTHO007267	unknown protein	AT5G47400	5575;3674;8150	8337	8239	7527	6717	7245.5	5773	3758	7588.5	4865	4481.5	7886	8494.5	2923	906.5	1910.5	8358	5404	663.5	6185.5	7080	7709	2328.5	5617	7543.5	99475.5	4.973.775
ORTHO010122	UDP-Glycosyltransferase superfamily protein	AT1G73740	30259;30258;44255;6629;71704;8152;8150;44710;44699;44238;44763;9987;44237;70085;44723;5975;19277;19276;6040;1901135;9225;6139;46483;6725;1901360;34641;6807;9226;1901137;1901576;9058;34654;19438;44249;44271;18130;1901362;46349;16757;16740;3824;3674;5886;16020;5575;44464;5623;71944;30246;5488;50511;8375;8194;16758	8338	7546	8326.5	8315	6358.5	8919.5	8616.5	9000	4111.5	6364	5052.5	7649	9013	5795.5	1016	5325.5	1888	9086	3283.5	4527	3646	8205.5	2311	8763	112573	5628.65
ORTHO010867	NOL1/NOP2/sun family protein / antitermination NusB domain-containing protein	AT3G13180	6355;1903506;2001141;31326;9889;19222;50789;65007;8150;31323;50794;51252;19219;80090;51171;60255;10556;10468;2000112;3723;3676;1901363;5488;3674;97159;5737;44424;44464;5575;5623;5622;8168;16741;16740;3824;8152;32259	8339	7231	8509.5	8680	6194	6149	5673.5	2923.5	8509.5	6825	8095	7259.5	8519	7213.5	8093.5	6712.5	1928	4673.5	7644	5094	8350.5	5434	2591	7721.5	119410	5970.5
ORTHO010003	methyltransferases	AT3G28460	8168;16741;16740;3824;3674;8152;8150;32259;31167;1510;43414;44260;43170;71704;44237;9987;43412;9451;16070;90304;6139;46483;6725;1901360;34641;6807;44238;154;6364;34470;34660;6396;10467;16072;42254;22613;44085;71840	8340	7107	8104.75	7869.5	7947.5	4056	5859	2903.5	3682	8934.5	2129.5	2255.5	7963	7101	7764	6712.5	8143	8570.5	7197.5	6368.5	8019	2677	2261.5	5222.5	107820	5391
ORTHO010885	Protein-tyrosine phosphatase-like; PTPLA	AT5G59770	5575;3674;8150	8341	7201	6256	4171	6194	4946.5	6651.5	4734	3682	8319	6173.5	7199	1352	2711.5	2702.5	5325.5	4346.5	1780	5027.5	1208	5265	3374.5	6413.5	4541	85753	4287.65
ORTHO010796	BTB/POZ domain-containing protein	AT2G30600	16567;32446;70647;6464;36211;19538;43170;71704;8152;8150;44238;43412;44267;44260;44237;9987;5737;44424;44464;5575;5623;5622;7155;22610	8342	7247	8114.5	7887	7947.5	5904	8427.5	5213.5	5619	6235	7734.5	2467.5	7963	2711.5	3936.5	5325.5	5561	3121	6531	5400	7052	5213.5	7946.5	5601	107963.5	5.398.175
ORTHO010870	Protein of unknown function (DUF616)	AT2G02910	5739;43231;43227;43226;5575;43229;44424;44464;5623;5622;44444;5737;16757;16740;3824;3674;8152;8150	8343	7248	8193.5	8044	7947.5	4561.5	8499.5	2985.5	5851.5	8168.5	8566	5839	7743	6601.5	7667.5	6712.5	7337.5	7376.5	6835.5	2782	1084	3374.5	2917	4678.5	109581.5	5.479.075
ORTHO010178	Pentatricopeptide repeat (PPR) superfamily protein	AT5G64320	3674;5739;43231;43227;43226;5575;43229;44424;44464;5623;5622;44444;5737;8150	8344	7789	5048	1752	5552	2501	8586	4214	3525	5741	3948.5	2937.5	4865.5	401	1509	3976.5	5685	1017	4968.5	6001	3454.5	1985	3867.5	1263	70446.5	3.522.325
ORTHO006065	P-loop containing nucleoside triphosphate hydrolases superfamily protein	AT4G04180	16887;17111;16462;16818;16817;16787;3824;3674;8152;8150	8345	7895	8319.5	8294	6857.5	7794.5	6132	6741	1916	2366.5	2992.5	4905	6895.5	6389.5	7713.5	6712.5	6982.5	5569	2561	3546.5	8663	7358	8290	8847.5	112376	5618.8
ORTHO009708	Pectin lyase-like superfamily protein	AT3G26610	4650;4553;16798;16787;3824;3674;8152;8150;5975;71704;44238;5576;5575;52546;45488;10393;5976;43170;9664;71555;45229;16043;71840;9987;71554;71669;48046;9826;902;32989;9653;32502;48856;48869;44767;44699;44763;60560;48589;40007;16049;60773;60771;9956;3002;7389;44707;32501;7275;45490;272;16052;1901575;9056;9057	8346	7084	6311	4276	5375	3801	6107	8381.5	8577	7441.5	4601	7561	4297.5	1321.5	4124.5	3023.5	5365	8243.5	2317.5	2570	2086.5	1566.5	3770	1106.5	86262.5	4.313.125
ORTHO009458	Nucleic acid-binding; OB-fold-like protein	AT3G48500	9507;9536;43231;43227;43226;5575;43229;44424;44464;5623;5622;44444;5737;9570;9532;44435;44446;44422;44434;9508;229;5694;43232;43228;42646;9295;5634;5515;5488;3674;5829	8347	7652	5099	1851	5439	4946.5	4785	8148	5619	3283.5	6173.5	5191.5	4297.5	401	1432	3023.5	5281.5	800	4016	5519.5	3277	1228	3020	1009	71452	3572.6
ORTHO007693	electron carriers	AT4G08550	45454;19725;42592;65008;65007;8150;44763;9987;44699;50794;50789;15035;15036;16667;16491;3824;3674;8152;55114;44710;9055;5634;43231;43227;43226;5575;43229;44424;44464;5623;5622	8348	6783	8530	8712	7662	6227.5	8704	6831.5	2069	2814	2539	5631.5	8754.5	7213.5	8316.5	5325.5	7006	5221.5	7676.5	8675.5	7386	7038.5	4586	8258.5	120275	6013.75
ORTHO010458	zinc ion binding	AT1G70150	5634;43231;43227;43226;5575;43229;44424;44464;5623;5622;46872;43169;43167;5488;3674;8150	8349	7728	5656.75	2964.5	5476.5	4913	8571.5	8148	7978	2569	7382.5	4949	4617.5	401	1432	3023.5	5281.5	800	4113.5	3747	3323	1466	3748.5	2522	78986.5	3.949.325
ORTHO009925	FAD-dependent oxidoreductase family protein	AT5G67290	5575;55114;44710;8152;8150;44699;16491;3824;3674	8350	7177	6973.5	5597	7947.5	5016	7978.5	4734	931	6112	6343	4779	7189	2711.5	2702.5	5325.5	4464.5	1780	5128	7576.5	5422.5	3609.5	6538.5	4678.5	93020	4651
ORTHO009627	minichromosome maintenance 8	AT3G09660	724;725;6281;6259;44260;43170;71704;8152;8150;44237;9987;90304;6139;46483;6725;1901360;34641;6807;44238;6974;33554;51716;50896;6950;44763;44699;44710;6310;6302;5524;35639;1901265;1901363;5488;3674;97159;43168;43167;32559;30554;17076;166;36094;32555;32553;97367;32550;32549;1882;1883;46872;43169;7140;7126;280;48285;6996;16043;71840;1903046;22402;7049;51321;3;1902589;6270;6261;6260;34645;9059;1901576;9058;44249;8094;42623;16887;17111;16462;16818;16817;16787;3824;3677;3676;4386;5634;43231;43227;43226;5575;43229;44424;44464;5623;5622;9555;48229;7275;44767;32502;44707;32501;48856;7143	8351	7582	5538	2725	6358.5	739.5	5859	4826.5	4645.5	4042.5	2809.5	4086	7377.5	2711.5	2396.5	5325.5	5194	4154.5	5502	3579.5	5422.5	1735	2513.5	4541	77461.5	3.873.075
ORTHO008980	Thioredoxin superfamily protein	AT3G53220	5737;44424;44464;5575;5623;5622	8352	8182	7761	7170	8320.5	6417	7665	2962.5	5754	2170.5	8404	4351.5	5338.5	906.5	2702.5	8358	6692.5	867.5	7353.5	7871	7636	3503.5	5586.5	8026	102566.5	5.128.325
ORTHO000606	Flavin-binding monooxygenase family protein	AT1G21430;AT1G48910	5576;5575;55114;44710;8152;8150;44699;4497;16491;3824;3674;22603;50793;50789;65007;16020	8353	9062	8281	8209	8920.5	7794.5	9090.5	9081.5	6660.5	4582	8487.5	5172.5	4555.5	280	1910.5	8617	8618.5	490	8509	7299	8496	2112.5	4521	4972	111250	5562.5
ORTHO009472	S-adenosyl-L-methionine-dependent methyltransferases superfamily protein	AT2G26200	32259;8152;8150;5634;43231;43227;43226;5575;43229;44424;44464;5623;5622;8168;16741;16740;3824;3674	8354	7587	7342.75	6331.5	6358.5	6898	4118.5	4964	5355.5	5748	3136.5	8397	3235	2711.5	3265	5325.5	4761	2199.5	5851	8214	6180.5	4308.5	7244	5222.5	97135.5	4.856.775
ORTHO007931	MBOAT (membrane bound O-acyl transferase) family protein	AT1G57600	5739;43231;43227;43226;5575;43229;44424;44464;5623;5622;44444;5737;16021;31224;44425;16020;16740;3824;3674;8152;8150;16746	8355	8056	8333	8311	7245.5	7116	7074.5	8028.5	4323	7485	7382.5	4309	5467.5	906.5	2910	8358	6825	867.5	5851	7986	7925	4308.5	7244	8159	112526.5	5.626.325
ORTHO010002	Ribosomal RNA adenine dimethylase family protein	AT5G66360	5737;44424;44464;5575;5623;5622;154;9451;16070;44260;43170;71704;8152;8150;44237;9987;90304;6139;46483;6725;1901360;34641;6807;44238;43412;6364;34470;34660;6396;10467;16072;42254;22613;44085;71840;46085;46128;9119;9116;55086;44281;44710;44699;44763;1901564;1901657;1901135;42278;72521;5739;43231;43227;43226;43229;44444;179;8170;8168;16741;16740;3824;3674;32259;16433;8649;8757;8173;1510;43414;31167;3723;3676;1901363;5488;97159	8356	7102	6217	4078	7947.5	4633.5	6542.5	7372.5	6225	3903.5	5873	5347.5	1352	4344	3936.5	5325.5	3752	1617	4441	2455	4946	3222.5	6194.5	3771.5	85255	4262.75
ORTHO000291	Pectin lyase-like superfamily protein	AT3G07820;AT3G07830;AT3G07840;AT3G07850;AT3G14040;AT5G48140	71555;45229;16043;71840;8150;9987;71554;5576;5575;4650;4553;16798;16787;3824;3674;8152;5975;71704;44238;9505;5618;30312;44464;5623;71944;16829;47911	8357	9177	8223	8089	9177	4157	127	9177	2914.5	8934.5	9174	7017.5	1352	6065	7518.5	9166.5	9178	8023	8830	6	9167	21	28	9173	110029.5	5.501.475
ORTHO009107	unknown protein	AT2G45990	9570;9532;44435;44444;44424;44464;5575;5623;5622;5737;44446;44422;43226;43229;9536;43231;43227;44434;9507	8358	7068	6943	5528	7947.5	8834	5327.5	4571	7183.5	7216	3366.5	5489.5	7031	2711.5	2396.5	5325.5	3891.5	1617	4663	4727.5	4946	2923.5	6194.5	4291.5	92707	4635.35
ORTHO002536	TRICHOME BIREFRINGENCE-LIKE 21	AT5G15890;AT5G15900	5794;43231;43227;43226;5575;43229;44424;44464;5623;5622;44444;5737;12505;71554;9987;8150;16413;16407;16747;16746;16740;3824;3674;8152;8374;9507;9536	8359	7623	5332	2305	5439	3818.5	1224.5	3301	3813	8934.5	5293	4111	1352	8418.5	2702.5	3023.5	9074	8847	2662	1584.5	2686	980	470	2382	74677.5	3.733.875
ORTHO010930	Tetratricopeptide repeat (TPR)-like superfamily protein	AT5G08310	5739;43231;43227;43226;5575;43229;44424;44464;5623;5622;44444;5737;8150	8360	8633	5028	1696	8730.5	3980	376.5	3803	3215.5	8934.5	4988.5	679.5	5338.5	6358.5	6937	5325.5	9010.5	2558	1901	1356.5	414.5	448	388	3920	69933.5	3.496.675
ORTHO001450	Kunitz family trypsin and protease inhibitor protein	AT1G17860	48046;5576;5575;6508;19538;43170;71704;8152;8150;44238;8233;16787;3824;3674;5618;30312;44464;5623;71944;4866;30414;61134;30234;98772;50790;19222;50789;65007;65009;52547;30162;51246;80090;60255;51336;4857;43086;44092;9892;48519;10466;45861;32269;32268;31323;50794;31324;48523;51248;10605;51346;61135;52548;10951	8361	9129	8722.75	9084.5	9135.5	8957.5	9020	8612	4788.5	7722.5	9164	9161	5467.5	488.5	5799	9153.5	9087	117.5	8999.5	8882	8618.5	1466	8455.5	9026	132986	6649.3
ORTHO009987	FAD/NAD(P)-binding oxidoreductase family protein	AT3G09580	9941;9526;31967;31975;44464;5575;5623;44446;44422;43226;44424;5622;43229;43227;44435;44444;5737;9536;43231;44434;9507;16491;3824;3674;8152;8150;55114;44710;44699	8362	7235	7317	6272	7947.5	4675.5	7174	4571	5484	7584	6343	8207.5	7031	2711.5	2396.5	5325.5	3836.5	1617	4663	7012	4833.5	2923.5	6194.5	4174.5	96758	4837.9
ORTHO009679	Similar to Bug22p in Paramecium; a conserved centrosomal/ciliary protein. This protein is widespread in eukaryotes harboring centrioles/cilia at some stage of their life cycles. Among eukaryotes devoid of centrioles/cilia; plants possess BUG22 genes whereas some fungi (at least ascomycetes) do not.	AT3G12300	8150;9507;9536;43231;43227;43226;5575;43229;44424;44464;5623;5622;44444;5737;3674	8363	7670	7344	6325	6664	5833.5	7901	3939	5355.5	7407.5	4016	6080.5	2980	2711.5	2396.5	5325.5	3752	3580	4830.5	7408.5	7052	2763	6194.5	7591	97118	4855.9
ORTHO007935	mitotic checkpoint family protein	AT5G49880	7067;280;48285;6996;16043;71840;8150;9987;1903047;22402;44763;44699;7049;278;1902589;5635;44428;44446;44422;5575;43226;44424;44464;5623;5622;43229;5634;43231;43227;31967;31975;12505;7093;75;45930;45786;48523;50794;50789;65007;48519;51726;7346;7094;71173;31577;71174;45841;2000816;10965;33047;7088;51783;33043;51128;51302;10564;33045;33044;51983;33048;45839;10948;51784;51782;10639;51129;33046;2001251;51985;30071;1901990;1901987;1902099;32434;61136;1903050;1903362;31329;9894;19222;31323;42176;51246;80090;60255;32268;30162;1902100;1901988;1901991;32435;1901799;1903051;1903363;42177;9895;9892;51248;10605;31330;31324;32269;45861;1904667;1904666;51438;51338;50790;65009;31396;1903320;31399;51444;51352;51340;43086;44092;31397;1903321;31400;51348;51436;51439;51301	8364	8122	6773.5	5183	7245.5	3145	4904	7527.5	4586.5	5557	6070	8350	4444	1184.5	1812.5	8358	6549	663.5	4441	4956.5	5988	1466	3476.5	7453	90932.5	4.546.625
ORTHO009791	shikimate kinase like 2	AT2G35500	9507;9536;43231;43227;43226;5575;43229;44424;44464;5623;5622;44444;5737;9073;9072;6725;44237;8152;8150;9987;1901360;71704;6520;1901564;6807;19752;43436;6082;44281;44710;44699;44763;44238;19438;44249;9058;1901362;1901576;8652;46394;16053;44283;44711;1901566	8365	7150	5725	3085	7947.5	4415.5	8945.5	3123	2777	8647.5	3596.5	8467	1352	3283.5	2023.5	5325.5	1432.5	3121	4441	3621.5	2800	2677	5762.5	3841	79653	3982.65
ORTHO008706	Ribosomal L18p/L5e family protein	AT1G14205	6412;43043;43604;43603;34641;6807;8152;8150;44237;9987;44271;44249;9058;6518;1901564;71704;1901566;1901576;44267;19538;43170;44238;44260;34645;9059;10467;3735;5198;3674;5840;30529;32991;5575;44424;44464;5623;5622;43232;43228;43226;43229;44444;5737;9507;9536;43231;43227	8366	8202	8185	8004	7245.5	6898	2881	8028.5	3168	2945.5	8487.5	8736.5	5467.5	906.5	3047.5	8358	6825	867.5	7562	6197.5	7925	4873	7667.5	8258.5	109100.5	5.455.025
ORTHO009583	Putative methyltransferase family protein	AT2G26810	5737;44424;44464;5575;5623;5622;8168;16741;16740;3824;3674;8152;8150;32259	8367	7755	6366	4365	6664	4182	7837.5	4424	4788.5	7274.5	5873	8004.5	4444	1184.5	1616	5325.5	3426.5	1494	4165.5	4630.5	3870	1735	5322	7120	86717.5	4.335.875
ORTHO009900	zinc knuckle (CCHC-type) family protein	AT4G19190	5634;43231;43227;43226;5575;43229;44424;44464;5623;5622;3676;1901363;5488;3674;97159;8270;46914;46872;43169;43167;8150	8368	8299	8403.5	8439	8471	7116	7665	8028.5	5355.5	3436.5	8487.5	9013	3152	906.5	2910	8358	6825	867.5	7562	6197.5	7925	4873	7667.5	8258.5	114604.5	5.730.225
ORTHO009255	alpha-amylase-like 2	AT1G76130	4556;16160;4553;16798;16787;3824;3674;8152;8150;5576;5575;5975;71704;44238;5829;44444;44424;44464;5623;5622;5737;5509;46872;43169;43167;5488	8369	7164	6100	3831	7947.5	4212	4698	4571	3797	6247	5636.5	7162	7031	2711.5	2396.5	3976.5	1356.5	1617	4663	5726.5	4833.5	2837	6194.5	4117.5	83784.5	4.189.225
ORTHO010205	GTP binding	AT5G39960	5525;35639;1901265;1901363;5488;3674;97159;43168;43167;32550;32549;1882;36094;97367;1883;32561;19001;17076;166;32555;32553;5739;43231;43227;43226;5575;43229;44424;44464;5623;5622;44444;5737	8370	7761	7334.5	6299	8139.5	5090	8002.5	4826.5	5144	7152	6343	3792.5	5338.5	906.5	2396.5	5325.5	6549	1780	5272.5	7576.5	5779	3111.5	4603.5	7952.5	96942	4847.1
ORTHO011024	unknown protein	AT2G25605	3674;8150	8371	7901	8340.5	8310	6857.5	6313	6901	5302.5	3019	7916.5	7382.5	6393	6316	6292	7258.5	6712.5	7177	4887	6835.5	5369.5	1517.5	4709	3884	8332.5	112518.5	5.625.925
ORTHO005033	homolog of separase	AT4G22970	2000114;32878;50794;50789;65007;8150;5874;44430;44446;44422;5575;43226;44424;44464;5623;5622;43229;5856;43232;43228;43234;32991;15630;8233;16787;3824;3674;8152;6508;19538;43170;71704;44238;51307;1903046;22402;44763;9987;44699;7049;51321;3;51304;7059;45132;98813;7126;280;48285;6996;16043;71840;1902589;910;51301;6887;16192;6810;51234;51179;32940;46903;44765;1902578;51649;51641;5737;5634;43231;43227;45876;90068;10564;51726;45787;48522;48518;7063;33045;33044;33043;51128;51983;2001252;10638;51130;51984;72686;5819;9960;3006;32502;22414;9888;48856;48513;48731;7275;44767;44707;32501;48316;48608;61458;44702;9791;10154;4197;8234;70011;4175;5813;5815;9826;902;32989;9653;48869;60560;48589;40007;16049;1901970;10965;33047;7088;51783;51302;7346;45840;51785;51781;45931;9793;9790	8372	8819	7195.5	6019	7245.5	3054.5	5176	8575	5619	4741	6912.5	863	5338.5	590	3721.5	8804.5	7029	1180.5	6265.5	6555.5	6180.5	6077	4586	4091.5	95361	4768.05
ORTHO009982	unknown protein	AT5G51170	5634;43231;43227;43226;5575;43229;44424;44464;5623;5622;34477;34472;43628;34470;34660;16070;44260;43170;71704;8152;8150;44237;9987;90304;6139;46483;6725;1901360;34641;6807;44238;6396;10467;31123;16180;16073;175;8408;4527;4518;16788;16787;3824;3674;90305;16896;4532;4540;90501;90503;16796	8373	7168	8497.5	8622	7947.5	6417	3327	9069.5	4142	6259.5	2992.5	5191.5	8519	7213.5	8203.5	6712.5	6955.5	4673.5	7764.5	8784	7860	5308.5	1478.5	7315.5	118187.5	5.909.375
ORTHO009520	photosystem II 11 kDa protein-related	AT1G05385	9543;31978;31977;44436;44424;44464;5575;5623;5622;9579;44435;44444;5737;44446;44422;43226;43229;9536;43231;43227;31976;31984;44434;9507;9534;3674;10207;43623;6461;65003;43933;16043;71840;8150;9987;22607;44085;71822;70271;34622;19684;6091;44237;8152;15979	8374	7691	8442	8510	6664	4865.5	6917.5	4964	3262	8934.5	4452	6553.5	1352	7909	3265	6044.5	8779.5	8179	8031	7692.5	3336	7871	8372.5	5222.5	116003.5	5.800.175
ORTHO007058	Phospholipid/glycerol acyltransferase family protein	AT1G78690	16746;16740;3824;3674;8152;8150;5634;43231;43227;43226;5575;43229;44424;44464;5623;5622;6650;6644;19637;71704;6793;44237;9987;44255;6629;44710;44699;44238;44763;6796;46486;16021;31224;44425;16020;5886;71944	8375	7469	7644	6913	8259	6023.5	6700.5	5213.5	6823.5	6097	7199	2467.5	3390	2711.5	3936.5	8358	867	3121	6531	5245.5	7052	5213.5	8026.5	5806	100783	5039.15
ORTHO003432	leucine-rich repeat transmembrane protein kinase family protein	AT1G34420	6468;16310;6796;6793;44237;8152;8150;9987;6464;36211;19538;43170;71704;44238;43412;44267;44260;4672;16301;16772;16740;3824;3674;16773;5886;16020;5575;44464;5623;71944	8376	8789	7637	6898	8678	7583.5	7872	8445	3215.5	7666.5	2129.5	3950.5	5066	590	2163.5	8925	763	3750.5	8344	1835.5	8534	3026	8202.5	8595	100657.5	5.032.875
ORTHO000625_2	inositol transporter 2	AT1G30220	46323;15758;8645;15749;8643;44765;6810;51234;51179;8150;1902578;44699;71702;23052;98655;6812;6811;34220;55085;44763;9987;5351;5402;15294;15293;15291;22804;22857;5215;3674;8324;15075;22891;22892;51119;15144;1901476;34219;15295;15992;15672;6818;5886;16020;5575;44464;5623;71944;15798;15791;15850;5887;31226;44459;44425;31224;16021;5355;15149;15145;35428;1904659;90406;42995;5366;5365;15166;15665;1901618	8377	8873	6797.5	5218	8884	4075.5	6929	3367	9131.5	8934.5	134	6717.5	4555.5	6292	7917.5	9043.5	2476	6982	2500.5	1835.5	467.5	515	1121.5	8092	91087.5	4.554.375
ORTHO006607	Surfeit locus protein 5 subunit 22 of Mediator complex	AT1G07950;AT1G16430	6351;34645;44260;43170;71704;8152;8150;44237;9987;9059;1901576;9058;44249;97659;32774;16070;90304;6139;46483;6725;1901360;34641;6807;44238;34654;19438;44271;18130;1901362;10467;16592;44451;44428;44446;44422;5575;43226;44424;44464;5623;5622;43229;5634;43231;43227;5654;31981;70013;43233;31974;43234;32991;6357;6355;1903506;2001141;31326;9889;19222;50789;65007;31323;50794;51252;19219;80090;51171;60255;10556;10468;2000112;1104;1076;989;988;3674;3712	8378	6798	4311	244	7662	585	5441.5	3652.5	1753	7722.5	5042.5	1708.5	3425	138	136.5	3128	8172.5	168.5	46.5	1268.5	2650	30.5	23	164	45256.5	2.262.825
ORTHO004904	RNA-binding ASCH domain protein	AT2G43465;AT3G03320	3674;5634;43231;43227;43226;5575;43229;44424;44464;5623;5622;8150	8379	7697	7557	6735	8259	5432.5	2881	4964	6379.5	2832.5	7382.5	8397	7743	2711.5	3047.5	5325.5	4761	867.5	5851	7986	6180.5	4308.5	7335	5222.5	99608.5	4.980.425
ORTHO008931	Mitochondrial substrate carrier family protein	AT4G11440	5743;19866;31090;16020;5575;44422;43226;43227;44424;44464;5623;5622;31967;31975;44446;43229;31966;44429;44444;5737;5739;43231;5740;6810;51234;51179;8150;6839;1902582;46907;51649;51641;44765;1902578;44699;16021;31224;44425	8380	7101	8193.5	8007	7947.5	7658.5	3513	5698.5	7748	5920.5	2290	2343.5	8306	2711.5	4462	5325.5	6099.5	3580	7042	7871	7786.5	6129	8247	6379.5	109111.5	5.455.575
ORTHO011117	unknown protein	AT1G44920	3674;9507;9536;43231;43227;43226;5575;43229;44424;44464;5623;5622;44444;5737;8150	8381	7972	8426.5	8472	6857.5	5432.5	8251	4964	8101	5257	7382.5	4239	5740	906.5	3047.5	8358	8865	2558	5851	8214	8019	4308.5	7554.5	8258.5	115307.5	5.765.375
ORTHO011084	BSD domain-containing protein	AT3G24820	8150;3674;5634;43231;43227;43226;5575;43229;44424;44464;5623;5622	8382	8669	8738.25	9094.5	8619	8600	8896	8064.5	4323	7862.5	8537.5	5489.5	5338.5	6065	7377.5	9043.5	6925.5	1386	7792.5	6197.5	8534	5603	8520	8744.5	133300.5	6.665.025
ORTHO010999	RWP-RK domain-containing protein	AT4G35590	6351;34645;44260;43170;71704;8152;8150;44237;9987;9059;1901576;9058;44249;97659;32774;16070;90304;6139;46483;6725;1901360;34641;6807;44238;34654;19438;44271;18130;1901362;10467;5634;43231;43227;43226;5575;43229;44424;44464;5623;5622;3700;1071;3674;2001141;31326;9889;19222;50789;65007;31323;50794;51252;19219;80090;51171;60255;10556;6355;1903506;10468;2000112;3677;3676;1901363;5488;97159	8383	8671	6096.5	3810	8619	3905	1938.5	6507.5	3117	8647.5	4670.5	8712.5	4492.5	1254	1509	8925	5764.5	1568.5	1827	1371	8438.5	585.5	2142.5	8258.5	83635	4181.75
ORTHO001122	Major facilitator superfamily protein	AT3G13050	90416;22892;5215;3674;6810;51234;51179;8150;2001142;71705;15718;46942;15849;44765;1902578;44699;71702;15711;6820;6811;98655;6812;34220;55085;44763;9987;16021;31224;44425;5575;16020;90417;2001143;15695;15697;5886;44464;5623;71944;22891;22857;15144;1901476;8643;34219;5351;5402;15294;15293;15291;22804;8324;15075;51119;15295;15992;15672;6818	8384	9015	7997	7610	9033	6986.5	6700.5	9167	1430.5	8934.5	2402	7069.5	1352	4244	5596.5	8737.5	8695.5	4400	9090.5	1980	8228.5	404.5	1181	9033	105633.5	5.281.675
ORTHO007285	NAD(P)-binding Rossmann-fold superfamily protein	AT5G04070;AT5G15940	16491;3824;3674;8152;8150;55114;44710;44699;5575	8385	7050	6478.5	4572	6194	5516	4928.5	5077	1430.5	1540.5	6543	8507.5	7743	2711.5	3721.5	5325.5	1048	2724.5	6185.5	5337	2573	4308.5	6282.5	6210	87713.5	4.385.675
ORTHO005081	Pentatricopeptide repeat (PPR-like) superfamily protein	AT1G09900	5739;43231;43227;43226;5575;43229;44424;44464;5623;5622;44444;5737;16020;8150;3674	8386	9007	8289	8192	9020.5	6784	5163.5	8148	5258	6889	2402	9051.5	2917.5	310.5	4124.5	8737.5	7482.5	398	8472	7576.5	8228.5	1613	8551.5	9046.5	111154.5	5.557.725
ORTHO008486	Leucine carboxyl methyltransferase	AT1G02100	8168;16741;16740;3824;3674;8152;8150;32259;5634;43231;43227;43226;5575;43229;44424;44464;5623;5622;5829;44444;5737;8757	8387	7528	7425.5	6464	6358.5	5432.5	8221	4964	2940	4714	3366.5	2937.5	7743	2711.5	3721.5	5325.5	4870.5	3121	5851	8478	6578.5	4308.5	7404.5	5222.5	97911.5	4.895.575
ORTHO001823	Pectin lyase-like superfamily protein	AT5G09280	45490;272;5976;5975;71704;8152;8150;44238;43170;16052;1901575;9056;9057;45488;10393;30570;16837;16835;16829;3824;3674;5886;16020;5575;44464;5623;71944;46872;43169;43167;5488	8388	9012	8510.5	8633	9020.5	6832.5	5261.5	8509	5619	8231.5	7999	9062	7121	906.5	5596.5	9078	8231.5	398	8973.5	4586	3007.5	1613	8470.5	9046.5	118543	5927.15
ORTHO000579	ABC2 homolog 2	AT3G47740;AT3G47750;AT3G47760;AT3G47770;AT3G47780;AT3G47790;AT5G61700;AT5G61740	42626;43492;42623;16887;17111;16462;16818;16817;16787;3824;3674;8152;8150;15405;15399;22804;22857;5215;6810;51234;51179;55085;44763;9987;44699;44765;1902578;16820;6869;71702;10876;33036;43231;43227;43226;5575;43229;44424;44464;5623;5622;9506;5911;30054;55044;5886;16020;71944;9507;9536;44444;5737	8389	8717	7499.5	6610	8795.5	9167.5	7145	7435.5	7831	8934.5	2539	7102	1352	6389.5	5254.5	6075	9162	7728	2778	2966.5	525	34	47	6456	98922	4946.1
ORTHO009220	Expressed protein	AT4G25315	8150;3674;5634;43231;43227;43226;5575;43229;44424;44464;5623;5622	8390	8338	8045	7700	8471	6227.5	7562.5	3038.5	5851.5	6687	8095	7408	5066	906.5	2396.5	8358	6298	663.5	6531	5929.5	6908	3609.5	6989	7860.5	106386	5319.3
ORTHO001578	CYTOCHROME P450 51G1	AT1G11680	55114;44710;8152;8150;44699;8168;16741;16740;3824;3674;32259;5576;5575;5794;43231;43227;43226;43229;44424;44464;5623;5622;44444;5737;12505;16126;16125;6066;1901615;71704;44281;8202;1901360;6629;44238;46165;1901617;1901576;9058;44283;44711;6694;1901362;8610;20037;46906;1901363;5488;97159;8398;16709;16705;16491;4497;32451;70988;16021;31224;44425;16020;19825;9793;44702;22414;3006;32502;9790;44767;48856;7275;44707;32501;48316;48608;61458;48731;9791;10154;5783;5886;71944;5506;46914;46872;43169;43167	8391	8854	8443	8495	8984.5	5722.5	2190	8414.5	4788.5	8319	8404	8939	4555.5	401	5596.5	8358	8818.5	1051.5	7862.5	6555.5	8228.5	2763	6326.5	8456	115750.5	5.787.525
ORTHO010010	RECQ helicase l1	AT3G05740	8026;42623;16887;17111;16462;16818;16817;16787;3824;3674;8152;8150;70035;4386;5524;35639;1901265;1901363;5488;97159;43168;43167;32559;30554;17076;166;36094;32555;32553;97367;32550;32549;1882;1883;70417;9409;9266;9628;50896;6950;33554;51716;9987;5634;43231;43227;43226;5575;43229;44424;44464;5623;5622;46872;43169;3676;42631;31668;71496;9605;7154;44763;44699;9991;71462;71214;9415;1101;42221;10035;1901700;71229;70887;1901701;9414;6310;6259;44260;43170;71704;44237;90304;6139;46483;6725;1901360;34641;6807;44238	8392	7211	7414	6436	6194	2295.5	3758	4964	6379.5	6422.5	7382.5	2729	7743	2711.5	3521.5	5325.5	4870.5	2199.5	5851	8214	6431	4308.5	7435.5	5222.5	97765	4888.25
ORTHO010904	Acyl-CoA N-acyltransferases (NAT) superfamily protein	AT2G04845	5575;8152;8150;8080;16410;16747;16746;16740;3824;3674;16407;6474;6473;43543;6464;36211;19538;43170;71704;44238;43412;44267;44260;44237;9987;31365	8393	7339	4349.5	306	6358.5	4008	1672.5	3749	3933.5	1709.5	5208.5	7681.5	3926	138	136.5	3128	2832.5	203.5	1911	3208	2937	213.5	629	400.5	47626	2381.3
ORTHO011191	Pentatricopeptide repeat (PPR) superfamily protein	AT4G18975	3674;9507;9536;43231;43227;43226;5575;43229;44424;44464;5623;5622;44444;5737;8150	8394	8008	8651	8908	7245.5	6529	8674.5	6573	3855	8006.5	8450	5839	1352	6389.5	7582.5	6712.5	7354	5626	8605.5	7576.5	1848	7358	8485	8697.5	125514	6275.7
ORTHO011111	FKBP-like peptidyl-prolyl cis-trans isomerase family protein	AT3G10060	9534;31976;9579;44424;44464;5575;5623;5622;31984;44446;44422;43226;43229;43227;44435;44444;5737;9536;43231;44434;9507;3755;16859;16853;3824;3674;8152;8150;413;18208;18193;6464;36211;19538;43170;71704;44238;43412;44267;44260;44237;9987;9543;31978;31977;44436;6457;5634;5528;5527;1901363;5488;97159;8144;9535;55035;42651;34357;16020	8395	7948	7247	6099	6857.5	8818	8994.5	4462	6823.5	7125	6070	8454.5	4617.5	906.5	1677.5	5325.5	5281.5	1494	4388	2496	5988	1735	3909	7266.5	95832.5	4.791.625
ORTHO001652	cytochrome P450; family 94; subfamily D; polypeptide 1	AT1G34540;AT3G56630	9507;9536;43231;43227;43226;5575;43229;44424;44464;5623;5622;44444;5737;4497;16491;3824;3674;8152;8150;55114;44710;44699;5506;46914;46872;43169;43167;5488;16705;20037;46906;1901363;97159;19825	8396	9084	8511.5	8627	9089	8470.5	9093	8522	5258	3535	9078.5	4670	4677	344.5	2396.5	7360.5	7884	142.5	8500.5	5816	9043.5	5603	8881.5	9081.5	118358	5917.9
ORTHO009242	non-intrinsic ABC protein 8	AT4G25450	5524;35639;1901265;1901363;5488;3674;97159;43168;43167;32559;30554;17076;166;36094;32555;32553;97367;32550;32549;1882;1883;35672;6857;15833;42886;71705;6810;51234;51179;8150;44765;1902578;44699;71702;55085;44763;9987;9941;9526;31967;31975;44464;5575;5623;44446;44422;43226;44424;5622;43229;43227;44435;44444;5737;9536;43231;44434;9507;16020;5215;42626;43492;42623;16887;17111;16462;16818;16817;16787;3824;8152;15405;15399;22804;22857;16820;15421;15440;1904680;42887;22891;22892;15197;35673;15198;5886;71944;16021;31224;44425	8397	7881	7950.5	7504	6857.5	5319	4118.5	4964	6379.5	3651	7382.5	8397	5467.5	906.5	2910	5325.5	6752	2199.5	5851	7871	7860	4169	7244	8159	104926.5	5.246.325
ORTHO001677	high-affinity K+ transporter 1	AT4G10310	16021;31224;44425;5575;16020;6970;9628;50896;8150;6950;35725;98662;98660;34220;6811;44765;6810;51234;51179;1902578;44699;55085;44763;9987;98655;6812;6814;15672;30001;9651;15081;15077;22890;8324;15075;22891;22857;5215;3674;22892;46873;5886;44464;5623;71944;6813;15079;71805;71804	8398	8261	6738	5078	8341	5285	7348	7527.5	5619	8063.5	5788.5	6575.5	4380.5	1184.5	1549	5325.5	4638.5	490	3233.5	5816	4226.5	1466	5263	6669	90449	4522.45
ORTHO009231	PEBP (phosphatidylethanolamine-binding protein) family protein	AT5G01300	5737;44424;44464;5575;5623;5622;8429;5543;8289;5488;3674;43168;43167;8150	8399	8461	7864	7329	8471	6850	7600	7935.5	5144	2630.5	7040	4386.5	5338.5	906.5	2163.5	8358	6549	663.5	7353.5	6001	7052	3503.5	6194.5	7952.5	103622.5	5.181.125
ORTHO008078	cytochrome P450; family 97; subfamily B; polypeptide 3	AT4G15110	9570;9532;44435;44444;44424;44464;5575;5623;5622;5737;44446;44422;43226;43229;9536;43231;43227;44434;9507;55114;44710;8152;8150;44699;31969;42170;31090;16020;9526;31967;31975;9941;16117;16109;16114;6721;6720;44255;6629;71704;44238;44763;9987;44237;8299;8610;1901576;9058;44711;44249;16108;46148;42440;16116;16705;16491;3824;3674;5506;46914;46872;43169;43167;5488;20037;46906;1901363;97159;19825;4497	8400	7550	6622.5	4845	5439	8382	9170	7156.5	3783.5	8934.5	5157	7439.5	4217	6112	6319	3023.5	2002.5	8538.5	2607	2124.5	2313	668	700.5	604.5	89253	4462.65
ORTHO011083	enoyl-CoA hydratase/isomerase D	AT1G60550	5777;42579;43231;43227;43226;5575;43229;44424;44464;5623;5622;44444;5737;5739;42372;42374;1901661;51186;44237;8152;8150;9987;42180;71704;44281;44710;44699;44763;1901663;9108;51188;44249;9058;6732;42181;44283;44711;1901576;16853;3824;3674;8935;16833;16830;16829;42371;42362;9110;6766;6775;42373	8401	7960	7008.5	5616	6857.5	4088	8704	8459	3095.5	8934.5	5169	7532	2762	6156	2910	6020.5	9171.5	7335.5	4663	3362	2737	274	124	1644	93141.5	4.657.075
ORTHO007317	CONTAINS InterPro DOMAIN/s: Nucleolar 27S pre-rRNA processing; Urb2/Npa2 (InterPro:IPR018849)	AT4G30150	NA	8402	8141	8784.5	9167	7245.5	8169	4742	8633	9041	7722.5	8947	7280	7498	5673.5	1254.5	8583	7557.5	4326.5	8655.5	9038.5	8663	8801	8881.5	8899	142366	7118.3
ORTHO008803	Mitochondrial transcription termination factor family protein	AT5G55580	9651;6970;9628;50896;8150;6950;5739;43231;43227;43226;5575;43229;44424;44464;5623;5622;44444;5737;3690;43566;3677;3676;1901363;5488;3674;97159;9507;9536;48364;44767;32502;44699;48513;48856;48731;7275;44707;32501;22622;9658;9657;6996;16043;71840;9987;48367	8403	7154	6659.5	4916	7947.5	7694	4457	4640	5221.5	7485	6173.5	5489.5	7031	2711.5	2702.5	5325.5	4054.5	1494	1567	7408.5	2430.5	3111.5	6194.5	4413.5	89605	4480.25
ORTHO006622	unknown protein	AT1G50910	3674;8150;5575	8404	8095	6483	4562	7245.5	5248.5	3960	8279.5	20.5	8934.5	5685.5	152	1352	7909	7487.5	6712.5	763	5056.5	8310	8882	1664.5	75.5	45	7120	87658	4382.9
ORTHO011091	Nucleic acid-binding; OB-fold-like protein	AT5G38890	3723;3676;1901363;5488;3674;97159;5634;43231;43227;43226;5575;43229;44424;44464;5623;5622;178;43234;32991;8150	8405	8028	8393	8381	7245.5	5432.5	8162.5	8028.5	7632	6889	7382.5	2729	5467.5	906.5	3047.5	5325.5	6825	2199.5	7562	8214	7925	4308.5	7335	8258.5	113630.5	5.681.525
ORTHO010774	Tetratricopeptide repeat (TPR)-like superfamily protein	AT1G06710	5739;43231;43227;43226;5575;43229;44424;44464;5623;5622;44444;5737	8406	7321	8386	8366	8139.5	5904	7744.5	5213.5	7632	1003.5	7734.5	8595.5	8094	2711.5	3936.5	5325.5	5561	3121	6531	8478	7052	5213.5	7946.5	5601	113399	5669.95
ORTHO005391	EAP30/Vps36 family protein	AT5G04920	5515;5488;3674;31902;10008;98588;31090;16020;5575;44422;43226;43227;44440;44444;44424;44464;5623;5622;5737;44446;43229;5768;43231;12505;98805;5770;43328;6623;1902580;51641;51179;8150;1902578;44699;6605;6886;15031;45184;51234;8104;33036;71702;6810;46907;51649;34613;70727;1902582;44765;16482;72665;33365;72666;72594;7034;32511;32509;16197;45324;43162;6511;19941;51603;6508;19538;43170;71704;8152;44238;44257;30163;9057;1901575;9056;44265;44260;44237;9987;44248;44267;43632;814;98796;43234;32991;44425;36452;5215;9507;9536;16192;43130;32182	8407	8480	6393	4379	8678	2604.5	8552.5	8453.5	4526.5	5608	6543	4805.5	4417	401	1372.5	8804.5	5281.5	1180.5	5301	5215.5	3800.5	1656	4345.5	3920	86789	4339.45
ORTHO010445	unknown protein	AT5G09580	3674;8150;5575	8408	7834	7760	7112	6857.5	7583.5	8251	4964	6379.5	5153	6543	8454.5	5740	906.5	3047.5	5325.5	4942.5	102.5	27	8214	6431	4308.5	7554.5	8258.5	102186.5	5.109.325
ORTHO008590	GRAS family transcription factor	AT5G41920	6355;1903506;2001141;31326;9889;19222;50789;65007;8150;31323;50794;51252;19219;80090;51171;60255;10556;10468;2000112;5634;43231;43227;43226;5575;43229;44424;44464;5623;5622;48366;48827;48856;32502;48367;44767;44699;48731;7275;44707;32501;3700;1071;3674;6351;34645;44260;43170;71704;8152;44237;9987;9059;1901576;9058;44249;97659;32774;16070;90304;6139;46483;6725;1901360;34641;6807;44238;34654;19438;44271;18130;1901362;10467;90610;1708;48869;44763;45165;30154	8409	6891	7802.5	7196	5375	7008.5	4785	9081.5	8766	4115.5	8232.5	5699	1352	6247	7619.5	3074	7177	1180.5	7676.5	5126.5	3621.5	5924	4236.5	1794	102717	5135.85
ORTHO011099	Peptidase S41 family protein	AT5G46390	9543;31978;31977;44436;44424;44464;5575;5623;5622;9579;44435;44444;5737;44446;44422;43226;43229;9536;43231;43227;31976;31984;44434;9507;9534;5576;8236;70011;8233;16787;3824;3674;8152;8150;6508;19538;43170;71704;44238;17171;35556;7165;50794;50789;65007;51716;9987;50896;7154;44763;44699;44700;23052	8410	7975	7651.5	6893	6857.5	5432.5	4118.5	4964	7632	1999	2539	4239	5740	906.5	3047.5	8358	8865	2199.5	5851	8214	8019	4067	6194.5	8258.5	100644.5	5.032.225
ORTHO011109	FtsJ-like methyltransferase family protein	AT5G13830	8650;8171;8168;16741;16740;3824;3674;8152;8150;32259;16436;8649;8757;8173;1510;43414;44260;43170;71704;44237;9987;43412;9451;16070;90304;6139;46483;6725;1901360;34641;6807;44238;31167;154;6364;34470;34660;6396;10467;16072;42254;22613;44085;71840;453;451;5737;44424;44464;5575;5623;5622	8411	7976	6589	4767	6857.5	4827.5	4698	3947	7561.5	3396	2809.5	5839	4955.5	1184.5	2163.5	5325.5	6825	4154.5	5027.5	8214	7052	1358.5	1828	7656.5	88823.5	4.441.175
ORTHO011098	Pentatricopeptide repeat (PPR) superfamily protein	AT3G25970	5739;43231;43227;43226;5575;43229;44424;44464;5623;5622;44444;5737;8150	8412	7978	6668	4924	6857.5	4197	7819	4424	3001.5	8647.5	5973.5	6316	4444	1184.5	1616	5325.5	5108	1494	4205.5	6368.5	5170.5	1735	5497.5	7120	89647.5	4.482.375
ORTHO004039	splicing factor; putative	AT5G64270	6397;16071;16070;44260;43170;71704;8152;8150;44237;9987;90304;6139;46483;6725;1901360;34641;6807;44238;6396;10467;5634;43231;43227;43226;5575;43229;44424;44464;5623;5622;5689;5681;44428;44446;44422;30529;32991;245;22618;71826;43933;16043;71840;34622;65003;22607;44085;22613;398;377;375;8380;5686;97525;30532;9507;9536;44444;5737;71004;71010;5684;71013;3729;44822;3723;3676;1901363;5488;3674;97159	8413	7656	4883.5	1354	5476.5	2999.5	7288	8148	5619	8446	3639.5	5053	4297.5	1321.5	1432	3023.5	5281.5	318	105	1584.5	1933.5	1466	3748.5	1047.5	66752	3337.6
ORTHO010884	unknown protein	AT3G59490	3674;8150;5739;43231;43227;43226;5575;43229;44424;44464;5623;5622;44444;5737	8414	7331	6050	3686	8139.5	5432.5	4118.5	8102.5	2914.5	4064	3136.5	2729	3279.5	2711.5	3721.5	5325.5	1221.5	2558	6056.5	6754	6431	3854	5295.5	5222.5	82928.5	4.146.425
ORTHO011096	Lactoylglutathione lyase / glyoxalase I family protein	AT2G28420	5737;44424;44464;5575;5623;5622;16829;3824;3674;8152;8150;4462;16846;5975;71704;44238	8415	7982	8263	8111	6857.5	5432.5	4118.5	4964	7632	6524	7382.5	8763	5467.5	906.5	3047.5	5325.5	6825	2199.5	5851	7986	7925	4308.5	7335	8258.5	110252	5512.6
ORTHO010288	ARM repeat superfamily protein	AT1G23180	9570;9532;44435;44444;44424;44464;5575;5623;5622;5737;44446;44422;43226;43229;9536;43231;43227;44434;9507;8150	8416	7845	8399.5	8383	6857.5	7324.5	7744.5	5213.5	6584	3190.5	7199	8595.5	6071.5	906.5	3265	5325.5	5561	3121	6531	8478	7052	5213.5	7946.5	8367.5	113690.5	5.684.525
ORTHO011178	alpha/beta-Hydrolases superfamily protein	AT3G10840	9941;9526;31967;31975;44464;5575;5623;44446;44422;43226;44424;5622;43229;43227;44435;44444;5737;9536;43231;44434;9507;16787;3824;3674;8152;8150	8417	8046	8068.5	7720	7245.5	5432.5	4118.5	4964	6379.5	3679.5	6543	8397	5467.5	906.5	2910	5325.5	6825	2199.5	7562	8025.5	7925	4308.5	7335	8258.5	106562.5	5.328.125
ORTHO008409	plastid transcriptionally active 14	AT4G20130	5515;5488;3674;10027;9668;44802;61024;16043;71840;8150;9987;44763;44699;9657;6996;18026;18022;18205;18193;6464;36211;19538;43170;71704;8152;44238;43412;44267;44260;44237;6479;43414;32259;8213;9534;31976;9579;44424;44464;5575;5623;5622;31984;44446;44422;43226;43229;43227;44435;44444;5737;9536;43231;44434;9507;42793;6351;34645;9059;1901576;9058;44249;97659;32774;16070;90304;6139;46483;6725;1901360;34641;6807;34654;19438;44271;18130;1901362;10467;1902589;44711;44710;9416;9314;9628;50896;9508;229;5694;43232;43228;42646;9295;9532;9658;427;428;30880;61695;1990234;1902494;43234;32991;16279;16278;8170;8168;16741;16740;3824;8757;8276	8418	6922	6469	4520	7947.5	8881.5	7174	4571	8392	8319	4046	6553.5	1352	3283.5	2023.5	5325.5	3682	1780	875	2289	6180.5	2677	6040	3984	87429	4371.45
ORTHO011101	Leucine-rich repeat (LRR) family protein	AT1G80080	5739;43231;43227;43226;5575;43229;44424;44464;5623;5622;44444;5737;16020;31225;31224;44425;8356;51301;44763;9987;8150;44699;9737;9725;9719;50896;10033;42221;33993;97305;1901700;1101;10103;44767;32502;90626;9653;48856;90558;9888;9886;9791;44707;32501;7275;10016;48367;48731;10374;4872;60089;3674;42277;33218;5488;5515;7165;50794;50789;65007;51716;7154;44700;23052	8419	7919	7564	6709	6857.5	4946.5	7963	4734	7455	7584	2992.5	4841.5	5066	906.5	2396.5	5325.5	6298	1780	5027.5	7498.5	6908	3374.5	6467.5	7860.5	99425.5	4.971.275
ORTHO004757	unknown protein	AT1G47980	5576;5575;3674;8150	8420	8254	6158.5	3897	8678	4620	7790.5	8395.5	5355.5	4440.5	5973.5	8350	4328	401	1323.5	8804.5	3106	985	4968.5	5094	3756	1068	3476.5	1958.5	84195	4209.75
ORTHO010276	Mitochondrial transcription termination factor family protein	AT1G78930	5739;43231;43227;43226;5575;43229;44424;44464;5623;5622;44444;5737;6355;1903506;2001141;31326;9889;19222;50789;65007;8150;31323;50794;51252;19219;80090;51171;60255;10556;10468;2000112;9507;9536;3690;43566;3677;3676;1901363;5488;3674;97159	8421	7852	8033	7645	6857.5	5016	8002.5	4734	5484	5847	7040	8311	7189	906.5	2163.5	5325.5	6549	1780	5128	7498.5	6908	3609.5	6538.5	7860.5	105891	5294.55
ORTHO008175	D111/G-patch domain-containing protein	AT4G34140	5634;43231;43227;43226;5575;43229;44424;44464;5623;5622;3676;1901363;5488;3674;97159	8422	7588	7048.25	5674.5	7947.5	4708.5	4698	2962.5	7183.5	8319	5973.5	8224	7031	2711.5	1910.5	5325.5	4004	1617	4663	7194	4946	2677	5021	4291.5	93461	4673.05
ORTHO006593	Phosphatidylinositol N-acetylglucosaminyltransferase; GPI19/PIG-P subunit	AT1G61280;AT2G39445	5789;98588;31090;16020;5575;44422;43226;43227;44432;44444;44424;44464;5623;5622;5737;44446;43229;5783;43231;12505;44425;42175;506;43234;32991;16254;6650;6644;19637;71704;8152;8150;6793;44237;9987;44255;6629;44710;44699;44238;44763;6796;46486;6506;6505;46488;6664;1903509;1901135;6643;6661;46474;45017;8610;1901576;9058;44711;44249;8654;90407;6497;6464;36211;19538;43170;43412;44267;44260;42158;42157;34645;9059;9247;46467;1901137;17176;8375;8194;16757;16740;3824;3674;16758;9507;9536;5634	8423	8592	7092	5761	8471	4165.5	6361.5	8670	4287	7407.5	210.5	7546	1352	6112	4842.5	8660.5	8038.5	5886.5	4914	1869	3336	1910	3113	5222.5	93904.5	4.695.225
ORTHO010401	unknown protein	AT3G14910	5737;44424;44464;5575;5623;5622;43087;51336;50790;19222;50789;65007;8150;65009;3674	8424	7925	7834	7244	6857.5	8152	6145.5	9063	3152	8934.5	4709	7408	3090	5795.5	1432	6020.5	8726	867.5	1668	2206.5	3391.5	7202	7435.5	7591	102990	5149.5
ORTHO009001	uracil dna glycosylase	AT3G18630	6284;6281;6259;44260;43170;71704;8152;8150;44237;9987;90304;6139;46483;6725;1901360;34641;6807;44238;6974;33554;51716;50896;6950;44763;44699;44710;5634;43231;43227;43226;5575;43229;44424;44464;5623;5622;5739;44444;5737;4844;97506;19104;16799;16798;16787;3824;3674;9507;9536	8425	7590	7451	6477	6358.5	5516	3960	5077	6493	1709.5	7594	4162.5	7743	2711.5	3721.5	5325.5	5194	4400	6389	8364.5	6578.5	3609.5	4188	5222.5	97959.5	4.897.975
ORTHO010491	plastid-specific ribosomal protein 4	AT2G38140	9941;9526;31967;31975;44464;5575;5623;44446;44422;43226;44424;5622;43229;43227;44435;44444;5737;9536;43231;44434;9507;9570;9532;32544;9657;6996;16043;71840;8150;9987;1902589;44763;44699;6412;43043;43604;43603;34641;6807;8152;44237;44271;44249;9058;6518;1901564;71704;1901566;1901576;44267;19538;43170;44238;44260;34645;9059;10467;44711;44710;3735;5198;3674;5840;30529;32991;43232;43228	8426	7856	6280.5	4135	6857.5	4358	7422	7762	3735.5	6524	4209.5	6344	2892	906.5	1677.5	5325.5	3589	1617	4388	6860	2533.5	2433.5	5710.5	7266.5	85554.5	4.277.725
ORTHO009726	limit dextrinase	AT5G04360	9570;9532;44435;44444;44424;44464;5575;5623;5622;5737;44446;44422;43226;43229;9536;43231;43227;44434;9507;19252;9250;33692;271;5976;5975;71704;8152;8150;44238;43170;16051;44723;44710;44699;1901576;9058;44711;9059;34637;44262;44237;9987;44763;44249;44264;44260;34645;6073;44042;5982;5983;9251;272;16052;1901575;9056;9057;44247;44275;44248;43169;43167;5488;3674;4556;16160;4553;16798;16787;3824;5886;16020;71944;10303;51060	8427	7263	7522.5	6618	7947.5	5432.5	4118.5	4964	6225	4249	7382.5	4239	7743	2711.5	3521.5	5325.5	4870.5	2199.5	5851	8214	6431	4067	6194.5	5222.5	98962	4948.1
ORTHO004892	DNA binding	AT5G23710	5634;43231;43227;43226;5575;43229;44424;44464;5623;5622;6351;34645;44260;43170;71704;8152;8150;44237;9987;9059;1901576;9058;44249;97659;32774;16070;90304;6139;46483;6725;1901360;34641;6807;44238;34654;19438;44271;18130;1901362;10467;3899;34062;16779;16772;16740;3824;3674;9507;9536;44444;5737	8428	8508	6534.5	4641	8471	7516.5	7453.5	7762	2715.5	4971.5	3526	3218	4617.5	906.5	2023.5	8925	5404	507	1463	5781.5	6180.5	1985	4668	8456	88080.5	4.404.025
ORTHO001437	NAD(P)-linked oxidoreductase superfamily protein	AT2G37770;AT2G37790;AT3G53880	9507;9536;43231;43227;43226;5575;43229;44424;44464;5623;5622;44444;5737;9651;6970;9628;50896;8150;6950;4033;16616;16614;16491;3824;3674;8152;55114;44710;44699;9409;9266;9414;9415;1101;42221;10035;1901700;9636;70401;50661;50662;48037;5488;166;36094;1901265;1901363;97159;43168;43167;8106;16229;5634;5829;46686;10038	8429	7969	7932.5	7436	8259	2757.5	3960	4964	4953	5146.5	7382.5	8763	5740	906.5	3047.5	5325.5	6825	867.5	7764.5	6397	8019	4970.5	7868.5	8780.5	104438.5	5.221.925
ORTHO003327	Protein of unknown function (DUF1278)	AT1G76750	16023;31988;43227;43226;5575;31982;43231;43229;44424;44464;5623;5622;31410;44444;5737;48240;44702;22414;8150;44699;3006;32502;48469;21700;44767;48869;44763;9987;48468;48856;30154;22412;32504;3;32501;7286;7281;7276;48609;19953;44703;51704;48515;7283;48232;7338;9566;9567;3674;5576;2000008;1903827;60341;32879;50789;65007;50794;32880;80155;80154;43900;2000241	8430	8881	8498	8566	8984.5	8399	9077.5	8677.5	2814	5139.5	8910.5	9126.5	7743	5836	1389	9043.5	135	7251.5	9160	1556.5	593.5	8544.5	4603.5	9004.5	117005	5850.25
ORTHO008494	Protein of unknown function (DUF177)	AT3G19810	9507;9536;43231;43227;43226;5575;43229;44424;44464;5623;5622;44444;5737;8150;3674	8431	7229	6594	4757	7947.5	2406.5	7536	4670	5851.5	5748	6763.5	5172.5	7031	2711.5	3047.5	5325.5	4610.5	1780	4968.5	7408.5	5265	1566.5	2503	4413.5	88779	4438.95
ORTHO011035	RNA-binding (RRM/RBD/RNP motifs) family protein	AT3G13700	3676;1901363;5488;3674;97159;3723;8150;5634;43231;43227;43226;5575;43229;44424;44464;5623;5622;166;36094;1901265	8432	8007	8303	8174	7245.5	6898	7665	4964	7632	4197	6543	4309	5467.5	906.5	3047.5	8358	6825	2199.5	5851	8214	7925	4308.5	7335	8258.5	110904	5545.2
ORTHO008859	RNApolymerase sigma-subunit C	AT3G53920	32774;9059;43170;71704;8152;8150;1901576;9058;16070;44260;44237;9987;90304;6139;46483;6725;1901360;34641;6807;44238;34654;19438;44249;44271;18130;1901362;6355;1903506;2001141;31326;9889;19222;50789;65007;31323;50794;51252;19219;80090;51171;60255;10556;10468;2000112;16987;996;990;988;3674;9507;9536;43231;43227;43226;5575;43229;44424;44464;5623;5622;44444;5737;3677;3676;1901363;5488;97159;71482;9416;9314;9628;50896;71478;71214;51716;6352;6351;34645;97659;10467;1053;3700;1071;19685;16051;44723;5975;44710;44699;44711;15979;3899;34062;16779;16772;16740;3824	8433	7606	8736.5	9040	6358.5	7116	8523	6142.5	6823.5	7035	7734.5	5903.5	8519	7101	7401.5	6712.5	6298	5221.5	7509	7138.5	2811	7087	8290	6801.5	130168.5	6.508.425
ORTHO002146_1	origin of replication complex 1B	AT4G12620;AT4G14700	5524;35639;1901265;1901363;5488;3674;97159;43168;43167;32559;30554;17076;166;36094;32555;32553;97367;32550;32549;1882;1883;6260;6259;44260;43170;71704;8152;8150;44237;9987;90304;6139;46483;6725;1901360;34641;6807;44238;34645;9059;1901576;9058;44249;6355;1903506;2001141;31326;9889;19222;50789;65007;31323;50794;51252;19219;80090;51171;60255;10556;10468;2000112;5515;9567;9566;44702;22414;44699;19953;44703;51704;3;808;44427;44446;44422;5575;43226;44424;44464;5623;5622;43229;5694;43232;43228;43234;32991;5634;43231;43227;6351;97659;32774;16070;34654;19438;44271;18130;1901362;10467;8270;46914;46872;43169;10385;3690;43566;3677;3676;3682;44877	8434	7758	7408.5	6383	6664	5974	7923	4571	4865	6988	6343	5543	4793	906.5	1910.5	8358	3836.5	1617	4663	7408.5	4946	2923.5	6194.5	7656.5	97420.5	4.871.025
ORTHO001094	hydroxysteroid dehydrogenase 4	AT5G50590;AT5G50600;AT5G50690;AT5G50700;AT5G50770	5576;5575;16491;3824;3674;8152;8150;55114;44710;44699;9507;9536;43231;43227;43226;43229;44424;44464;5623;5622;44444;5737;8202;1901360;71704;6629;44238;9737;9725;9719;50896;10033;42221;33993;97305;1901700;1101;72582;33764;16616;16614;16229;70524;9741;14070;72555;6694;1901362;1901576;9058;8610;44711;16021;31224;44425;16020	8435	8979	7547.5	6660	8984.5	8560	9126.5	3658.5	3753	5197.5	4180.5	8818.5	4328	4694.5	6444.5	8770.5	5457.5	1295.5	2201.5	3797	1863.5	1827.5	6194.5	9026	99195	4959.75
ORTHO006234	Alpha amylase family protein	AT3G20440	5975;71704;8152;8150;44238;9570;9532;44435;44444;44424;44464;5575;5623;5622;5737;44446;44422;43226;43229;9536;43231;43227;44434;9507;19252;9250;33692;271;5976;43170;16051;44723;44710;44699;1901576;9058;44711;9059;34637;44262;44237;9987;44763;44249;44264;44260;34645;6073;44042;5982;3844;16758;16757;16740;3824;3674;5978;5977;6112;15980;6091;55114;43169;43167;5488;4556;16160;4553;16798;16787;9791;44767;32502;44707;32501;7275;9501;9793;44702;22414;3006;9790;48856;48316;48608;61458;48731;10154	8436	6912	8627	8818	7947.5	6966	8759	2985.5	7046.5	2025.5	8404	4467	1352	7213.5	8387.5	6712.5	7006	5720	8059	5400	8697	7520.5	8574.5	7860.5	123156.5	6.157.825
ORTHO000719	cytochrome P450; family 93; subfamily D; polypeptide 1	AT5G06900	55114;44710;8152;8150;44699;19825;5488;3674	8437	9113	8745	9053	9105.5	8764.5	9130	8629.5	5071	8647.5	8842.5	9161	5066	284	5799	9111	8070.5	39	9069.5	7463	8888	1656	8247	9033	130972	6548.6
ORTHO009337	GDSL-like Lipase/Acylhydrolase superfamily protein	AT5G45950	5576;5575;16788;16787;3824;3674;8152;8150;16042;44712;9056;44710;44699;6629;71704;44238;1901575	8438	7014	8795.5	9153	7947.5	7430.5	8552.5	6264	8259	3622.5	8095	8835.5	8519	7101	7999	6712.5	6722.5	4595	7644	8214	7636	7259	8405	7315.5	139181.5	6.959.075
ORTHO009996	AMP-dependent synthetase and ligase family protein	AT5G35930	3824;3674;8152;8150;5739;43231;43227;43226;5575;43229;44424;44464;5623;5622;44444;5737;16208;32559;30554;17076;166;36094;5488;1901265;1901363;97159;32555;32553;97367;32550;32549;1882;1883;43168;43167;43169	8439	7329	8305	8171	8139.5	5904	3863.5	5213.5	5619	4560	7734.5	8595.5	7963	2711.5	3936.5	5325.5	5561	3121	6531	8478	7052	5132.5	7946.5	5601	110849.5	5.542.475
ORTHO009387	homolog of yeast autophagy 18 (ATG18) B	AT4G30510	70772;44437;44444;44424;44464;5575;5623;5622;5737;44446;44422;43226;43229;5773;43231;43227;35032;5942;61695;1990234;1902494;43234;32991;98796;44425;16020;19898;5774;98588;31090;98805;80025;1902936;1901981;35091;5543;8289;5488;3674;43168;43167;16236;44712;9056;8152;8150;44710;44699;6914;44248;44237;9987;9267;31669;31667;9991;9605;50896;31668;51716;71496;7154;44763;42594;6950;33554;5829	8440	7809	7482.5	6525	6664	6313	7210.5	4734	5994	7441.5	6173.5	4239	5338.5	906.5	2396.5	5325.5	4464.5	1780	5128	7498.5	5422.5	3609.5	6538.5	7860.5	98374.5	4.918.725
ORTHO008824	Transducin/WD40 repeat-like superfamily protein	AT5G54520	5834;1902494;43234;32991;5575;98797;44459;44464;5623;44425;16020;5886;71944;98796;44424;5622;31234;19897;19898;9898;98562;98552;80008;31461;151;1990234;8150;3674;5737	8441	6982	7629.5	6818	7947.5	6898	4118.5	4964	6225	2496	2992.5	8397	7743	2711.5	2702.5	8358	4761	2199.5	5851	6632	6180.5	4308.5	7335	5222.5	100096	5004.8
ORTHO010490	Tetratricopeptide repeat (TPR)-like superfamily protein	AT3G26580	8150;9535;55035;42651;34357;16020;5575;44436;44424;44464;5623;5622;9579;44435;44444;5737;44446;44422;43226;43229;9536;43231;43227;31976;31984;44434;9507;9534	8442	7890	7070	5698	6857.5	5432.5	7744.5	8875.5	1481	2996.5	2809.5	2937.5	5467.5	906.5	3047.5	5325.5	4761	4673.5	6185.5	4586	6431	4308.5	7335	8258.5	93563	4678.15
ORTHO000265_5	TCP-1/cpn60 chaperonin family protein	AT1G26230	9941;9526;31967;31975;44464;5575;5623;44446;44422;43226;44424;5622;43229;43227;44435;44444;5737;9536;43231;44434;9507;42026;6457;9987;8150;5524;35639;1901265;1901363;5488;3674;97159;43168;43167;32559;30554;17076;166;36094;32555;32553;97367;32550;32549;1882;1883;9570;9532	8443	8029	7737	7031	7245.5	5016	4457	7935.5	5144	3706.5	6173.5	7129.5	5338.5	906.5	2396.5	5325.5	6549	1780	7197.5	7576.5	6908	3609.5	6538.5	7860.5	101548.5	5.077.425
ORTHO010338	chloroplast sensor kinase	AT1G67840	10109;31323;50794;50789;65007;8150;19222;46777;6468;16310;6796;6793;44237;8152;9987;6464;36211;19538;43170;71704;44238;43412;44267;44260;9570;9532;44435;44444;44424;44464;5575;5623;5622;5737;44446;44422;43226;43229;9536;43231;43227;44434;9507;4673;4672;16301;16772;16740;3824;3674;16773;16775;18106;18202;18193;5524;35639;1901265;1901363;5488;97159;43168;43167;32559;30554;17076;166;36094;32555;32553;97367;32550;32549;1882;1883;80005;5515;10468;60255;43621;51776;9593;51606;50896;42221;51775;48038;48037;16020	8444	7963	7397.5	6351	6857.5	7877	1155	2000	8207	8934.5	8947	6701	1352	5737	1223	5325.5	1764.5	8864.5	9077	794.5	9033.5	642	728.5	8869	97232.5	4.861.625
ORTHO011185	S-adenosyl-L-methionine-dependent methyltransferases superfamily protein	AT1G16445	8168;16741;16740;3824;3674;8152;8150;32259;9507;9536;43231;43227;43226;5575;43229;44424;44464;5623;5622;44444;5737	8445	8092	7853.5	7262	7245.5	5432.5	2190	9055.5	6225	4260	6543	4309	5467.5	906.5	2910	5325.5	6825	867.5	5851	8214	7925	4873	7667.5	8258.5	103106	5155.3
ORTHO010562	S-adenosyl-L-methionine-dependent methyltransferases superfamily protein	AT5G50110	5737;44424;44464;5575;5623;5622;8649;8757;8168;16741;16740;3824;3674;8152;8150;32259;8173;1510;43414;44260;43170;71704;44237;9987;43412;9451;16070;90304;6139;46483;6725;1901360;34641;6807;44238;31167;154;6364;34470;34660;6396;10467;16072;42254;22613;44085;71840	8446	7965	7375.5	6305	6857.5	5432.5	8251	4964	5355.5	4939	6543	2640.5	3199.5	906.5	3047.5	5325.5	6925.5	2558	5851	8214	6431	3374.5	4773	8258.5	96990	4849.5
ORTHO000900_2	unknown protein	AT5G48310	3674;9507;9536;43231;43227;43226;5575;43229;44424;44464;5623;5622;44444;5737;8150	8447	7966	8229	8011	6857.5	5432.5	4118.5	4964	6225	5096	7382.5	7450.5	5467.5	906.5	3047.5	8358	6825	2199.5	5851	7986	7925	4308.5	7335	8258.5	109137	5456.85
ORTHO000453	Fatty acid hydroxylase superfamily	AT1G02190;AT1G02205;AT2G37700	6633;72330;46394;16053;6082;71704;8152;8150;44281;44710;44699;44763;9987;44237;44283;44711;9058;1901576;44249;19752;43436;32787;6631;44255;6629;44238;8610;55114;3824;3674;16491;16021;31224;44425;5575;16020;5506;46914;46872;43169;43167;5488;5789;98588;31090;44422;43226;43227;44432;44444;44424;44464;5623;5622;5737;44446;43229;5783;43231;12505;42175;42742;9617;51707;43207;9605;50896;9607;51704;98542;6952;6950;9414;9415;9628;1101;42221;10035;1901700;43447;43446;42335;44767;32502;48856;7275;44707;32501;50832;9620;46185;44712;9056;6081;1901575;44248;10025;10166;71771;16830;16829;5739	8448	8912	7030.5	5613	7662	5650.5	9057	8545.5	7899.5	8319	5902	3034.5	4492.5	590	2396.5	3300	763	1017	8200	3638.5	5265	2213.5	4292	8552	93128	4656.4
ORTHO005471	EMBRYO DEFECTIVE 140	AT4G24270	15030;16604;44451;44428;44446;44422;5575;43226;44424;44464;5623;5622;43229;5634;43231;43227;5654;31981;70013;43233;31974;3676;1901363;5488;3674;97159;166;36094;1901265;245;22618;71826;43933;16043;71840;8150;9987;34622;65003;22607;44085;22613;398;6397;16071;16070;44260;43170;71704;8152;44237;90304;6139;46483;6725;1901360;34641;6807;44238;6396;10467;377;375;8380;9793;44702;22414;44699;3006;32502;9790;44767;48856;7275;44707;32501;48316;48608;61458;48731;9791;10154;3723	8449	8547	6120.5	3792	8471	3282	3430	8944.5	5144	8934.5	5726.5	6832	1352	1184.5	1509	8358	5329.5	474	2430.5	4925	4023	1090.5	4065	6456	83490.5	4.174.525
ORTHO006550	P-loop containing nucleoside triphosphate hydrolases superfamily protein	AT1G05460	9616;51607;2252;2376;8150;9615;51707;43207;9605;50896;9607;51704;98542;6952;6950;98586;45087;6955;52018;44003;51817;35821;65008;65007;44403;44419;51701;52249;3724;4386;17111;16462;16818;16817;16787;3824;3674;8152;5737;44424;44464;5575;5623;5622;5515;5488;5524;35639;1901265;1901363;97159;43168;43167;32559;30554;17076;166;36094;32555;32553;97367;32550;32549;1882;1883;35194;16441;10608;10468;60255;19222;50789;40029;16458;10629;10605;9892;48519;44763;9987;44699;31047	8450	7146	8660	8870	7947.5	5547	1474	6142.5	7455	6645	7734.5	7495	8519	7101	7999	8660.5	6298	4595	7353.5	2008	7166	7087	8290	6801.5	124371.5	6.218.575
ORTHO010683	Glutaredoxin family protein	AT1G77370	45454;19725;42592;65008;65007;8150;44763;9987;44699;50794;50789;15035;15036;16667;16491;3824;3674;8152;55114;44710;9055;8794;30611;30614;30613;5794;43231;43227;43226;5575;43229;44424;44464;5623;5622;44444;5737;12505	8451	7393	7814	7177	8202.5	7411.5	8376	5213.5	5619	5293	2809.5	2467.5	1352	2711.5	4462	5325.5	5685	4400	6835.5	8551.5	7166	5376	7946.5	5601	102602.5	5.130.125
ORTHO000778	NAD(P)-binding Rossmann-fold superfamily protein	AT1G51410;AT5G19440	4022;16616;16614;16491;3824;3674;8152;8150;55114;44710;44699;50662;48037;5488;9506;5911;30054;5575;55044;5886;16020;44464;5623;71944;5829;44444;44424;5622;5737;5794;43231;43227;43226;43229;12505	8452	8794	8017	7582	7245.5	8764.5	4341	8366.5	5221.5	8168.5	5726.5	6763.5	4617.5	1254	1311.5	8804.5	8838	1017	3421.5	7647	4668.5	4612.5	4292	7591	105427	5271.35
ORTHO003552	helicases	AT4G32700	6260;6259;44260;43170;71704;8152;8150;44237;9987;90304;6139;46483;6725;1901360;34641;6807;44238;34645;9059;1901576;9058;44249;6310;1990067;5524;35639;1901265;1901363;5488;3674;97159;43168;43167;32559;30554;17076;166;36094;32555;32553;97367;32550;32549;1882;1883;3677;3676;5634;43231;43227;43226;5575;43229;44424;44464;5623;5622;4386;17111;16462;16818;16817;16787;3824;9640;9639;9416;9314;9628;50896;9791;44767;32502;44699;44707;32501;7275;51301;44763;9933;48532;9653;48856;48507;9888;48513;48731;1902749;1901987;10564;51726;50794;50789;65007;10468;60255;19222;3887;34061;16779;16772;16740;71897;34654;19438;44271;18130;1901362;2000011;2000026;50793;51239	8453	6873	5468.75	2484.5	5439	4182	6850.5	8381.5	4073.5	8647.5	5685.5	7943.5	2840	1375.5	2910	3023.5	4761	663.5	3484.5	3797	3211	799	2603	725.5	75957.5	3.797.875
ORTHO011176	FK506-binding protein 13	AT5G45680	18208;18193;6464;36211;19538;43170;71704;8152;8150;44238;43412;44267;44260;44237;9987;31977;44436;44424;44464;5575;5623;5622;9579;5515;5488;3674;3755;16859;16853;3824;413;9543;31978;44435;44444;5737;44446;44422;43226;43229;9536;43231;43227;31976;31984;44434;9507;9534;5528;5527;1901363;97159;8144;16020	8454	7980	8797.5	9141	6857.5	7543.5	9029	8545.5	8259	6524	8892.5	6518	1352	5635	1063	5325.5	7758	6683.5	8987	8956	8952.5	8749	8930	9011.5	136714.5	6.835.725
ORTHO002570	transcription activators	AT5G18410	5737;44424;44464;5575;5623;5622;5515;5488;3674;10090;904;902;32989;16043;71840;8150;9987;9653;32502;48856;48869;44767;44699;44763;48468;30154;10026;90558;9888;90626;31209;43234;32991;44444;45010;30838;51495;10638;33043;51128;50794;50789;65007;51130;48522;48518;51493;30833;8064;30832;32535;90066;65008;32956;32970;32271;43254;44087;32273;31334;44089;7015;71822;43933;30036;30029;7010;6996;1902589	8455	7793	6720.5	4986	5552	8734.5	6940	4053	8101	8934.5	8095	6674.5	4314.5	6076	6867.5	3023.5	7452.5	1669.5	2042	3747	1264.5	729	447.5	807	89973	4498.65
ORTHO010531	unknown protein	AT5G47090	3674;8150	8456	7992	8197.5	7939	6857.5	6898	2528	4964	7325.5	7722.5	7382.5	4309	5467.5	906.5	3047.5	8358	6825	867.5	5851	8214	7925	4308.5	7335	8258.5	108493.5	5.424.675
ORTHO006522	mRNA splicing factor; thioredoxin-like U5 snRNP	AT5G08290	7067;280;48285;6996;16043;71840;8150;9987;1903047;22402;44763;44699;7049;278;1902589;5681;44428;44446;44422;5575;43226;44424;44464;5623;5622;43229;5634;43231;43227;30529;32991;5737;3824;3674;8152;10150;10260;7568;44767;32502;48513;48856;48731;7275;44707;32501;48366;48827;48367	8457	7559	7571.5	6686	6358.5	7116	5859	5095	867	4064	6543	8522.5	7743	2711.5	3721.5	5325.5	5108	2724.5	6185.5	3495.5	6578.5	4612.5	7611.5	5433.5	99317.5	4.965.875
ORTHO008736	Pentatricopeptide repeat (PPR) superfamily protein	AT5G46100	3674;8150;5739;43231;43227;43226;5575;43229;44424;44464;5623;5622;44444;5737	8458	8374	7890.5	7323	7662	6149	7536	7762	4865	5485.5	8095	8562.5	4955.5	906.5	2163.5	8358	6752	663.5	6389	5781.5	6431	1778.5	3133.5	7768	103535.5	5.176.775
ORTHO007345	Tetratricopeptide repeat (TPR)-like superfamily protein	AT1G78915	9535;55035;42651;34357;16020;5575;44436;44424;44464;5623;5622;9579;44435;44444;5737;44446;44422;43226;43229;9536;43231;43227;31976;31984;44434;9507;9534;8150	8459	7603	4283.5	108	6358.5	819.5	1577.5	3729.5	344	5565.5	5185	1732	3826	138	136.5	3128	2821	203.5	1788	3061	2856.5	193	313	344.5	37762	1888.1
ORTHO010827	Thioredoxin superfamily protein	AT2G31840	9658;9657;6996;16043;71840;8150;9987;6355;1903506;2001141;31326;9889;19222;50789;65007;31323;50794;51252;19219;80090;51171;60255;10556;10468;2000112;9570;9532;44435;44444;44424;44464;5575;5623;5622;5737;44446;44422;43226;43229;9536;43231;43227;44434;9507	8460	7418	6423	4386	6358.5	2920.5	4971.5	2711	5851.5	3896	7382.5	2640.5	3270.5	2711.5	3721.5	5325.5	4942.5	2199.5	4548.5	6197.5	6431	4308.5	7554.5	5222.5	86807	4340.35
ORTHO007722	putative recombination initiation defect 1	AT4G14180	9507;9536;43231;43227;43226;5575;43229;44424;44464;5623;5622;44444;5737;51026;22607;16043;71840;8150;9987;44085;1903046;22402;44763;44699;7049;51321;3;7129;70192;51276;6996;1902589;7126;280;48285;45143;45132;98813;7059;7127;7131;35825;6310;6259;44260;43170;71704;8152;44237;90304;6139;46483;6725;1901360;34641;6807;44238;44710;42138;90305;5515;5488;3674;42803;42802;46983	8461	7226	6382	4303	7947.5	2358	5223.5	2903.5	5994	4987	7040	4162.5	7258.5	2711.5	2702.5	5325.5	4464.5	1780	5128	5277	5422.5	3311	5678	4678.5	86406	4320.3
ORTHO009760	Thioredoxin superfamily protein	AT5G42850	5737;44424;44464;5575;5623;5622;47134;16668;16651;16491;3824;3674;8152;8150;55114;44710;44699;16667;5829;44444;45454;19725;42592;65008;65007;44763;9987;50794;50789	8462	7337	7967.5	7473	8139.5	5432.5	8162.5	4964	7325.5	4172	7382.5	8397	3250	2711.5	3521.5	5325.5	4761	2199.5	5851	8214	6180.5	4308.5	7335	5222.5	104716.5	5.235.825
ORTHO000342	fatty acid reductase 4	AT3G44540;AT3G44550;AT3G44560;AT4G33790;AT5G22500	16627;16491;3824;3674;8152;8150;55114;44710;44699;9651;6970;9628;50896;6950;9611;50062;16620;16903;9507;9536;43231;43227;43226;5575;43229;44424;44464;5623;5622;44444;5737;35336;35337;6637;6732;51186;44237;9987;35383;71704;6790;6793;10345;9699;19438;6725;44249;9058;1901362;1901360;1901576;44550;19748;44711;9698;44763;80019;9556;48236;44702;22414;3006;32502;51321;7049;3;48869;44767;48856;9555;48229;7275;44707;32501;10025;10166;5783;12505;5886;16020;71944	8463	9153	8814.5	9166	9153	9170	5735	9087	3340.5	8934.5	9173	6440	7031	6076	5886	9158.5	9074	7949	9163	6397	9104	6714	4544.5	9169	142146	7107.3
ORTHO007092	cationic amino acid transporter 9	AT1G05940	5774;44437;44444;44424;44464;5575;5623;5622;5737;44446;44422;43226;43229;5773;43231;43227;98588;31090;16020;98805;15802;6865;71705;6810;51234;51179;8150;46942;15849;44765;1902578;44699;71702;15711;6820;6811;9507;9536	8464	8162	4339.5	215	5651.5	3874.5	6727.5	3136.5	3855	8934.5	5057.5	2467.5	3196.5	138	136.5	1273	2539.5	142.5	87	1788	65	70.5	251.5	134.5	43875.5	2.193.775
ORTHO010134	Pectin lyase-like superfamily protein	AT1G05310	45330;16788;16787;3824;3674;8152;8150;5576;5575;42545;71555;45229;16043;71840;9987;71554;30599;52689;45490;272;5976;5975;71704;44238;43170;16052;1901575;9056;9057;45488;10393;5618;30312;44464;5623;71944;9505	8465	7869	6947.5	5430	6857.5	4327	7422	4462	5355.5	8063.5	5726.5	6027	2892	1254	1910.5	5325.5	7495.5	1494	4388	5447	5637	2213.5	5497.5	7266.5	92204.5	4.610.225
ORTHO007454	SET domain group 4	AT4G30860	7275;44767;32502;8150;44699;44707;32501;785;44427;44446;44422;5575;43226;44424;44464;5623;5622;43229;5694;43232;43228;32991;5634;43231;43227;8270;46914;46872;43169;43167;5488;3674	8466	6915	7053.5	5641	7947.5	6313	4118.5	8127	5355.5	4115.5	2809.5	2597	7743	2711.5	3721.5	5325.5	5108	1888	2644.5	8320	6578.5	4308.5	6282.5	5222.5	93290	4664.5
ORTHO007522	minichromosome maintenance 9	AT2G14050	3677;3676;1901363;5488;3674;97159;4386;17111;16462;16818;16817;16787;3824;8152;8150;6270;6259;44260;43170;71704;44237;9987;90304;6139;46483;6725;1901360;34641;6807;44238;6261;6260;34645;9059;1901576;9058;44249;5524;35639;1901265;43168;43167;32559;30554;17076;166;36094;32555;32553;97367;32550;32549;1882;1883;6281;6974;33554;51716;50896;6950;44763;44699;44710;46872;43169;5634;43231;43227;43226;5575;43229;44424;44464;5623;5622;8094;42623;16887;51321;7049;3	8467	6916	7097.5	5728	7947.5	5432.5	8162.5	4964	5355.5	2856.5	3136.5	4309	3250	2711.5	3521.5	5325.5	4761	2558	5851	8214	6431	4308.5	7335	5222.5	93706	4685.3
ORTHO008976	Lycopene beta/epsilon cyclase protein	AT2G32640	16117;16109;16114;6721;6720;44255;6629;71704;8152;8150;44710;44699;44238;44763;9987;44237;8299;8610;1901576;9058;44711;44249;16108;46148;42440;16116;16705;16491;3824;3674;55114;9507;9536;43231;43227;43226;5575;43229;44424;44464;5623;5622;44444;5737	8468	7002	6119	3770	7947.5	2128	4904	2460.5	1328.5	5557	7734.5	2467.5	8094	2711.5	4124.5	5325.5	2907.5	3121	6785	6754	2515	4169	4521	5806	83414	4170.7
ORTHO009646	Cox19-like CHCH family protein	AT5G18920	33617;33108;43623;6461;65003;43933;16043;71840;8150;9987;22607;44085;71822;70271;34622;7005;6996;97034;8535;17004;5758;44429;44444;44424;44464;5575;5623;5622;5737;44446;44422;43226;43229;5739;43231;43227;31970;31974;31967;31975;5740;5634;3674	8469	7795	6929	5389	6664	5016	8002.5	4734	5619	2212.5	6173.5	4111	3033.5	906.5	2396.5	5325.5	6549	1780	5128	7576.5	5422.5	3609.5	6538.5	7860.5	91995	4599.75
ORTHO003010	basic helix-loop-helix (bHLH) DNA-binding superfamily protein	AT2G16910	978;987;976;1990837;3690;43566;3677;3676;1901363;5488;3674;97159;43565;44212;975;1067;1159;977;1012;9555;48229;7275;44767;32502;8150;44699;44707;32501;48856;5634;43231;43227;43226;5575;43229;44424;44464;5623;5622;6355;1903506;2001141;31326;9889;19222;50789;65007;31323;50794;51252;19219;80090;51171;60255;10556;10468;2000112;3700;1071;46983;5515;6351;34645;44260;43170;71704;8152;44237;9987;9059;1901576;9058;44249;97659;32774;16070;90304;6139;46483;6725;1901360;34641;6807;44238;34654;19438;44271;18130;1901362;10467;48658;3006;22414;48653;44702;48443;48827;48367;48731;48437;48569;48513;9908;90567;48608;61458;9791;48466;48438	8470	8928	6463	4456	8802.5	5047	8661.5	8381.5	3914.5	3844.5	5610	8939	4259.5	291	1354.5	8703.5	4870.5	330	4864	3638.5	6810.5	2061	4037.5	1506	87124.5	4.356.225
ORTHO010348	nucleic acid binding	AT3G58470	5737;44424;44464;5575;5623;5622;32259;8152;8150;8168;16741;16740;3824;3674;3676;1901363;5488;97159	8471	7951	8623.5	8776	6857.5	8278	3960	8694	8101	5741	3674	6327.5	1352	7101	1481.5	6020.5	9081	6145	8873	9073.5	8828	7972	2479	8670.5	121852.5	6.092.625
ORTHO010821	Transducin/WD40 repeat-like superfamily protein	AT4G21520	5737;44424;44464;5575;5623;5622;166;36094;5488;3674;1901265;1901363;97159;80008;31461;151;1990234;1902494;43234;32991	8472	7442	4358.5	245	6358.5	3878.5	4118.5	3581.5	1839.5	8168.5	1211	2729	3304.5	138	136.5	3099	6298	168.5	1486.5	2230.5	2160.5	136.5	289	319.5	45293.5	2.264.675
ORTHO011105	Tetratricopeptide repeat (TPR)-like superfamily protein	AT1G56570	3674;9651;6970;9628;50896;8150;6950;50832;98542;6952;51707;43207;9605;9607;51704;9620;9737;9725;9719;10033;42221;33993;97305;1901700;1101;9749;9746;34284;9743;5739;43231;43227;43226;5575;43229;44424;44464;5623;5622;44444;5737	8473	8023	8328	8183	7245.5	5090	8022.5	2876.5	5619	7620	7040	8330	5338.5	3408	3936.5	5325.5	6549	2199.5	5502	7576.5	7386	3854	7335	8026	111034.5	5.551.725
ORTHO010918	BEST Arabidopsis thaliana protein match is: eukaryotic translation initiation factor 3A (TAIR:AT4G11420.1)	AT4G23330	5852;43234;32991;5575;44444;44424;44464;5623;5622;5737;3674;5634;43231;43227;43226;43229;8150	8474	8774	4443.5	413	8678	4158	7141.5	4044.5	3875	2443	5185	7662.5	3898.5	138	136.5	6020.5	2855	85.5	33.5	1698.5	164	49	166	819.5	50574	2528.7
ORTHO009653	Tetratricopeptide repeat (TPR)-like superfamily protein	AT1G77360	5739;43231;43227;43226;5575;43229;44424;44464;5623;5622;44444;5737;8150;3674	8475	8401	7870	7265	8471	6023.5	7507.5	7762	4865	8063.5	6343	4566	4793	906.5	2023.5	8358	5561	663.5	6265.5	5726.5	6431	2923.5	6709	7656.5	103148	5157.4
ORTHO005251	Plant invertase/pectin methylesterase inhibitor superfamily	AT2G26440	30599;52689;16788;16787;3824;3674;8152;8150;42545;71555;45229;16043;71840;9987;71554;9617;51707;43207;9605;50896;9607;51704;45490;272;5976;5975;71704;44238;43170;16052;1901575;9056;9057;45488;10393;9505;5618;30312;44464;5575;5623;71944;5576;46910;4857;30234;98772;50790;19222;50789;65007;65009;43086;44092;9892;48519	8476	8065	6557.5	4639	5552	6810	8602.5	8453.5	5221.5	8006.5	5902	5572	4444	401	1372.5	3023.5	8092	1180.5	6109.5	3638.5	3870	1358.5	3606.5	2382	88046.5	4.402.325
ORTHO008936	Tetratricopeptide repeat (TPR)-like superfamily protein	AT5G48390	7143;7126;280;48285;6996;16043;71840;8150;9987;1903046;22402;44763;44699;7049;51321;3;1902589;712;7131;35825;6310;6259;44260;43170;71704;8152;44237;90304;6139;46483;6725;1901360;34641;6807;44238;44710;7127;51307;51304;7059;45132;98813;7140;9507;9536;43231;43227;43226;5575;43229;44424;44464;5623;5622;44444;5737;5634;5694;43232;43228	8477	7360	8097.5	7718	8139.5	7169.5	3863.5	5121.5	5619	1233	7734.5	7017.5	7963	2711.5	3936.5	5325.5	5457.5	3121	6389	8478	7052	5059	7868.5	5433.5	106553.5	5.327.675
ORTHO004702	hapless 2	AT4G11720	48235;44702;22414;8150;44699;3006;32502;30154;48869;44767;44763;9987;22412;32504;3;32501;55046;44707;9555;48229;7275;48856;48232;7276;48609;19953;44703;51704;9567;9566;5783;43231;43227;43226;5575;43229;44424;44464;5623;5622;44444;5737;12505;5789;98588;31090;16020;44422;44432;44446;44425;42175;5886;71944;7338;16021;31224;10183;50918;6935;42330;40011;9605;50896;42221;48868;9856;44706	8478	7926	4283.5	89	5552	4031.5	2881	4360	4323	7830	1144	4111	1352	138	136.5	1273	92	56.5	1629.5	2156.5	170	152.5	157	96	36090	1804.5
ORTHO000272_1	aldehyde oxidase 4	AT1G04580;AT2G27150;AT3G43600;AT5G20960	9851;42446;9058;8152;8150;42445;10817;65008;65007;9850;44237;9987;44249;5829;44444;44424;44464;5575;5623;5622;5737;5634;43231;43227;43226;43229;55114;44710;44699;51537;51536;51540;5488;3674;9688;72330;46394;16053;6082;71704;44281;44763;44283;44711;1901576;19752;43436;32787;43289;8299;6720;44255;6629;44238;8610;43288;1902645;46165;1901617;1901615;6066;1902644;16106;16114;6721;6714;9687;4031;16623;16903;16491;3824;50302;18488;19760;19757;19748;16143;6790;1901657;1901135;18479;4029;16620;31625;44389;19899;5515;10293;9507;9536;16614	8479	8761	5580.5	2682	8713	7677.5	8523	8327.5	4687.5	6223	6070	4991	4249.5	291	1758.5	3155	7742.5	355.5	1989	5277	2533.5	1358.5	1072	945.5	77227	3861.35
ORTHO010222	Pentatricopeptide repeat (PPR) superfamily protein	AT1G53330	48367;44767;32502;8150;44699;48731;48856;7275;44707;32501;9790;5739;43231;43227;43226;5575;43229;44424;44464;5623;5622;44444;5737;48364;48513;22622;10154;48608;3006;22414;61458	8480	8033	6573.75	4667.5	8300.5	4022	6021	3658.5	8053.5	8934.5	69	7246.5	4234	6099.5	6291	8660.5	2329.5	5056.5	3283.5	4586	3646	548.5	728.5	4801	88269.5	4.413.475
ORTHO001594	low-molecular-weight cysteine-rich 69	AT2G02100;AT2G02120;AT2G02130;AT2G31957	31640;1906;8150;44364;35821;51704;65008;65007;50832;98542;6952;6950;50896;51707;43207;9605;9607;9620;5886;16020;5575;44464;5623;71944;30414;61134;30234;98772;3674;50790;19222;50789;65009;52547;30162;51246;80090;60255;51336;4857;43086;44092;9892;48519;10466;45861;32269;32268;31323;50794;31324;48523;51248;10605;51346;5576;5618;30312;9505;9506;5911;30054;55044	8481	9124	8642	8803	9131	8818	7262.5	4163.5	3450	8647.5	397.5	7312.5	1352	6144.5	5886	9124.5	8286.5	8950.5	9166	4297.5	1982	9163	9172	9108.5	122684.5	6.134.225
ORTHO001423	glutathione S-transferase TAU 18	AT1G10360;AT1G10370	4364;16765;16740;3824;3674;8152;8150;6749;6518;43603;34641;6807;44237;9987;1901564;71704;6790;6575;5737;44424;44464;5575;5623;5622;9407;90487;44712;9056;44710;44699;19748;9404;44763;44248;60416;43434;9725;9719;50896;10033;42221;1901652;10243;1901698;1901700;40008;50789;65007;5829;44444;9651;6970;9628;6950;80148;2000070;80134;48583;48585;48519;80167;9704;9416;9314;9640;9639;9791;44767;32502;44707;32501;7275;48527;48528;48364;48513;48856;48731;22622;48569;9507;9536;43231;43227;43226;43229;9636	8482	9080	7905	7328	9086.5	2999.5	9111.5	9174	3632	8934.5	81	7549	1352	5011.5	2023.5	9084	9154.5	6946	8406.5	8632.5	2807	150	116	8456	103621	5181.05
ORTHO009234	Radical SAM superfamily protein	AT1G60230	30488;1510;43414;44260;43170;71704;8152;8150;44237;9987;32259;43412;9451;16070;90304;6139;46483;6725;1901360;34641;6807;44238;6400;8033;34470;34660;6396;10467;6399;70475;31167;154;6364;16072;42254;22613;44085;71840;5737;44424;44464;5575;5623;5622;9507;9536;43231;43227;43226;43229;44444;8173;8168;16741;16740;3824;3674	8483	8614	8014	7545	8471	6149	3513	7762	7046.5	2945.5	7999	8562.5	5066	590	2163.5	8358	6648.5	663.5	6389	5781.5	6431	3503.5	6854	8763	105189	5259.45
ORTHO011149	unknown protein	AT2G41120	9507;9536;43231;43227;43226;5575;43229;44424;44464;5623;5622;44444;5737;8150	8484	8858	4336.5	189	8849	2406.5	1441	3842	4045.5	8934.5	3989.5	2230.5	2824	138	136.5	5325.5	3548.5	102.5	418	995	1963	57.5	49	678.5	43125.5	2.156.275
ORTHO010815	protein arginine methyltransferase 7	AT4G16570	9507;9536;43231;43227;43226;5575;43229;44424;44464;5623;5622;44444;5737	8485	7459	7013.75	5542.5	6358.5	5432.5	7141.5	4964	5355.5	4542	2809.5	2729	7743	2711.5	3521.5	5325.5	4870.5	2199.5	5851	4060.5	6431	4308.5	7554.5	5222.5	92773.5	4.638.675
ORTHO006115	pre-mRNA-processing protein 40C	AT3G19840	8380;6396;16070;44260;43170;71704;8152;8150;44237;9987;90304;6139;46483;6725;1901360;34641;6807;44238;10467;6355;1903506;2001141;31326;9889;19222;50789;65007;31323;50794;51252;19219;80090;51171;60255;10556;10468;2000112;5634;43231;43227;43226;5575;43229;44424;44464;5623;5622;70063;19899;5515;5488;3674;6351;34645;9059;1901576;9058;44249;97659;32774;34654;19438;44271;18130;1901362	8486	8193	8145.5	7805	5748	8198	7483.5	8830.5	2715.5	5514	4209.5	6100	6804.5	7213.5	2396.5	5325.5	1919.5	5626	8485.5	1960	7489.5	7836	4335.5	4801	107244	5362.2
ORTHO001269_1	unknown protein	AT2G47010	8150;3674	8487	8989	7305.5	6124	8259	3632	5504	8127	4865	7666.5	4967	7478.5	1352	7300	6639	8605.5	1997.5	5056.5	2728	6397	3236.5	1026	844	8512	95934	4796.7
ORTHO007097	RNAse THREE-like protein 2	AT3G20420	46872;43169;43167;5488;3674;5737;44424;44464;5575;5623;5622;3725;3723;3676;1901363;97159;6364;34470;34660;16070;44260;43170;71704;8152;8150;44237;9987;90304;6139;46483;6725;1901360;34641;6807;44238;6396;10467;16072;42254;22613;44085;71840;90502;90501;90305;4525;16891;4521;4519;4518;16788;16787;3824;4540;16893;32296;5634;43231;43227;43226;43229	8488	7013	5280	2072	5375	1839.5	8552.5	6428.5	5754	7830	3792.5	8150	3007	1321.5	1812.5	2080.5	5329.5	800	3312.5	3579.5	3323	1525	3571.5	1078.5	73088	3654.4
ORTHO011190	Peptidase S41 family protein	AT3G57680	9543;31978;31977;44436;44424;44464;5575;5623;5622;9579;44435;44444;5737;44446;44422;43226;43229;9536;43231;43227;31976;31984;44434;9507;9534;35556;7165;50794;50789;65007;8150;51716;9987;50896;7154;44763;44699;44700;23052;6508;19538;43170;71704;8152;44238;5576;16020;8236;70011;8233;16787;3824;3674;17171	8489	8043	8176	7863	7245.5	5432.5	8162.5	8064.5	4740.5	5600	6543	4309	3152	906.5	3047.5	5325.5	6825	2199.5	7612.5	8025.5	7925	4308.5	7335	8258.5	107773	5388.65
ORTHO011003	GLNB1 homolog	AT4G01900	9507;9536;43231;43227;43226;5575;43229;44424;44464;5623;5622;44444;5737;2000013;90368;6521;80090;19222;50789;65007;8150;10565;31323;50794;33238;51171;1900079;2000282;31326;9889;821;820;5524;35639;1901265;1901363;5488;3674;97159;43168;43167;32559;30554;17076;166;36094;32555;32553;97367;32550;32549;1882;1883;6351;34645;44260;43170;71704;8152;44237;9987;9059;1901576;9058;44249;97659;32774;16070;90304;6139;46483;6725;1901360;34641;6807;44238;34654;19438;44271;18130;1901362;10467;287;46872;43169;5515;9718;46283;9812;42440;44710;44699;9813;46148;44711;9534;31976;9579;31984;44446;44422;44435;44434;6355;1903506;2001141;51252;19219;60255;10556;10468;2000112;10307;19207;30234;98772;50790;65009;42325;19220;51174;9416;9314;9628;50896;42304;19217;19216;46890;9744;34285;9743;10033;42221;1901700;5829;6808	8490	8115	7876.5	7263	7245.5	7169.5	7665	8064.5	1954.5	7324	2992.5	2851	5467.5	906.5	2910	5325.5	6825	867.5	5851	8214	7925	4873	7667.5	8258.5	103112	5155.6
ORTHO009145	Ubiquitin carboxyl-terminal hydrolase family protein	AT5G48040	NA	8491	8628	6426	4361	8730.5	4662.5	8552.5	8536	4073.5	5864.5	6173.5	5209	5066	590	1372.5	3976.5	6722.5	1281.5	5430	5189.5	5637	1132	3393.5	3841	86703.5	4.335.175
ORTHO009525	Polynucleotidyl transferase; ribonuclease H-like superfamily protein	AT2G25100	5634;43231;43227;43226;5575;43229;44424;44464;5623;5622;3824;3674;8152;8150;5737	8492	8524	8408	8324	8471	8643	6993.5	3842	6225	8934.5	5114.5	7207	7377.5	5715	1304	8583	8231.5	8577	2654.5	4131	2250	6429	1888	8649.5	112749.5	5.637.475
ORTHO011135	Zinc-binding dehydrogenase family protein	AT1G65560	16491;3824;3674;8152;8150;55114;44710;44699;8270;46914;46872;43169;43167;5488;5737;44424;44464;5575;5623;5622	8493	8121	7842	7191	7245.5	9014	5997.5	9014	3783.5	8934.5	4399.5	4018.5	7743	5715	1244	5325.5	2655	9136	7644	4258.5	2737	940	1181	8942.5	102683	5134.15
ORTHO009306	quinolinate phoshoribosyltransferase	AT2G01350	4514;16763;16757;16740;3824;3674;8152;8150;9507;9536;43231;43227;43226;5575;43229;44424;44464;5623;5622;44444;5737;9435;19674;46496;19362;6733;6732;51186;44237;9987;9117;6753;19637;71704;6793;55086;6139;46483;6725;1901360;34641;6807;44238;44281;44710;44699;44763;6796;72524;1901564;19359;19363;9108;51188;44249;9058;9165;1901293;90407;1901576;34654;19438;44271;18130;1901362;44711;72525;1901566	8494	7836	8692.5	8891	6857.5	7516.5	4457	6428.5	7455	6179.5	8364	8855.5	1352	6414.5	7548.5	6712.5	7313	4673.5	7676.5	8776	7786.5	6340.5	2630	8670.5	125150	6257.5
ORTHO000922	UDP-glucosyl transferase 78D1	AT1G30530;AT5G17030;AT5G17040;AT5G17050	80043;35251;46527;16758;16757;16740;3824;3674;8152;8150;8194;51555;51553;9813;9812;71704;1901576;9058;51552;42440;44710;44699;46148;44711;1901617;1901615;51554;9507;9536;43231;43227;43226;5575;43229;44424;44464;5623;5622;44444;5737;47230;80167;9628;50896;80059;52636;16763;9698;19748;6725;44237;9987;1901360;44763;47213;47893	8495	9102	8461	8427	9102	8470.5	5303	8509	5619	8934.5	8701	6908.5	2808.5	401	5596.5	9139.5	7758	114	8915.5	3638.5	9083	1179	4188	9150.5	114417.5	5.720.875
ORTHO008690	AAR2 protein family	AT1G66510	3674;9507;9536;43231;43227;43226;5575;43229;44424;44464;5623;5622;44444;5737;244;387;22618;71826;43933;16043;71840;8150;9987;34622;65003;22607;44085;22613;398;6397;16071;16070;44260;43170;71704;8152;44237;90304;6139;46483;6725;1901360;34641;6807;44238;6396;10467;377;375;8380	8496	8535	8213.5	7931	8471	8743	8099	7935.5	2940	7216	8404	8654.5	5195	906.5	2163.5	8358	6549	663.5	1086	4527	7489.5	4169	7335	7997	108431	5421.55
ORTHO001897	Undecaprenyl pyrophosphate synthetase family protein	AT2G17570	6486;44763;9987;8150;44699;6464;36211;19538;43170;71704;8152;44238;43412;44267;44260;44237;43413;70085;44723;5975;44710;9101;9100;1901135;34645;9059;1901576;9058;44249;1901137;16765;16740;3824;3674	8497	9013	8225.5	7954	8341	7207	5223.5	8296.5	3382.5	8934.5	4151.5	4949	2824	297.5	1481.5	9104	8695.5	963	8354.5	7138.5	7489.5	4423	7089	8615.5	108620	5431
ORTHO001608_2	DEA(D/H)-box RNA helicase family protein	AT1G55150	10501;16070;44260;43170;71704;8152;8150;44237;9987;90304;6139;46483;6725;1901360;34641;6807;44238;5829;44444;44424;44464;5575;5623;5622;5737;5634;43231;43227;43226;43229;8026;42623;16887;17111;16462;16818;16817;16787;3824;3674;70035;4386;4004;8186;3724	8498	6964	7951	7404	7947.5	5155.5	7744.5	5213.5	7691.5	6112	7734.5	2467.5	8094	2711.5	4124.5	5325.5	965	3121	6531	7194	7052	4709	6467.5	5806	104220	5211
ORTHO008537	SOUL heme-binding family protein	AT2G37970	5886;16020;5575;44464;5623;71944;5737;44424;5622;5773;43231;43227;43226;43229;44444;10017;7165;50794;50789;65007;8150;51716;9987;50896;7154;44763;44699;44700;23052;71489;9639;9416;9314;9628;71482;71478;71214;5794;12505;20037;46906;1901363;5488;3674;97159	8499	6965	8276	8053	6194	6643.5	8499.5	5698.5	6823.5	4095	7999	2343.5	1352	2711.5	4462	5325.5	6244	3580	7042	7871	7860	6429	8247	6456	109682.5	5.484.125
ORTHO000889_2	AGD2-like defense response protein 1	AT2G13810	30170;1901363;5488;3674;97159;48037;43168;43167;9089;9085;9067;9066;1901605;6520;1901564;71704;8152;8150;6807;19752;43436;6082;44281;44710;44699;44763;9987;44237;44238;1901607;8652;46394;16053;44283;44711;9058;1901576;44249;1901566;6553;46451;43648;8483;16769;16740;3824;9862;9863;7165;50794;50789;65007;51716;50896;7154;44700;23052;71446;71407;14070;10033;42221;71310;70887;9751;1101;1901700;71229;1901701;9627;9814;98542;6952;6950;51707;43207;9605;9607;51704;45087;6955;2376;42742;9617;9507;9536;43231;43227;43226;5575;43229;44424;44464;5623;5622;44444;5737;10285;10150;10260;7568;44767;32502;48513;48856;48731;7275;44707;32501;48366;48827;48367	8500	8196	7753	7006	8341	4291.5	3960	8633	8914.5	6524	6070	8397	4492.5	1184.5	1677.5	8358	8695.5	663.5	5648	6754	5637	1277	3049	7190.5	101417	5070.85
ORTHO010798	S-adenosyl-L-methionine-dependent methyltransferases superfamily protein	AT5G63100	32259;8152;8150;8168;16741;16740;3824;3674;9507;9536;43231;43227;43226;5575;43229;44424;44464;5623;5622;44444;5737	8501	7489	8712	8923	6358.5	7430.5	5974	8414.5	8616	6592	3792.5	6575.5	1352	5795.5	892.5	5325.5	7582.5	6657.5	8707	7408.5	8697	8687.5	8840	8763	126103.5	6.305.175
ORTHO007999	structural maintenance of chromosomes 5	AT5G15920	724;725;6281;6259;44260;43170;71704;8152;8150;44237;9987;90304;6139;46483;6725;1901360;34641;6807;44238;6974;33554;51716;50896;6950;44763;44699;44710;6310;6302;9506;5911;30054;5575;55044;7062;51276;6996;16043;71840;22402;7049;1902589;819;98813;7059;5524;35639;1901265;1901363;5488;3674;97159;43168;43167;32559;30554;17076;166;36094;32555;32553;97367;32550;32549;1882;1883;5634;43231;43227;43226;43229;44424;44464;5623;5622;30915;44427;44446;44422;5694;43232;43228;43234;32991;793	8502	7057	7655	6808	7947.5	3885	9095.5	3276	6943.5	6345	3526	2937.5	8205.5	2711.5	4124.5	5325.5	5962.5	7028	1567	2008	8534	5376	6989	6161.5	100001.5	5.000.075
ORTHO011181	RNA-binding (RRM/RBD/RNP motifs) family protein	AT2G42240	3676;1901363;5488;3674;97159;166;36094;1901265;8150;5737;44424;44464;5575;5623;5622	8503	8140	7870.5	7238	7245.5	5047	7600	4826.5	6660.5	7620	6343	7366.5	3070	906.5	2396.5	5325.5	6549	663.5	5220.5	7576.5	7052	3609.5	7156	7952.5	102941.5	5.147.075
ORTHO010869	Major facilitator superfamily protein	AT5G13400	16020;5575;5215;3674;6810;51234;51179;8150;6857;15833;42886;71705;44765;1902578;44699;71702;5886;44464;5623;71944;16021;31224;44425	8504	7493	8805	9106	6358.5	5547	8499.5	6142.5	8149.5	7485	7734.5	5903.5	8519	7101	7999	6712.5	6692.5	4595	7197.5	8721.5	7052	6813.5	6194.5	6801.5	133861	6693.05
ORTHO004700	peroxisome 1	AT5G08470	5524;35639;1901265;1901363;5488;3674;97159;43168;43167;32559;30554;17076;166;36094;32555;32553;97367;32550;32549;1882;1883;42623;16887;17111;16462;16818;16817;16787;3824;8152;8150;16558;6625;6605;6886;15031;45184;51234;51179;8104;33036;71702;6810;46907;51649;51641;34613;70727;1902582;44765;1902578;44699;72662;1902580;7031;6996;16043;71840;9987;33365;1902589;44763;16482;72663;72594;43574;44743;17038;65002;71806;55085;6635;9062;44242;16042;44712;9056;44710;6629;71704;44238;1901575;44255;44237;44248;72329;46395;16054;44282;44281;6082;19752;43436;32787;6631;19395;34440;30258;55114;5515;5886;16020;5575;44464;5623;71944	8505	8591	6458.5	4412	8471	7733	5825	3166	7455	4918	8095	9000.5	5066	590	1910.5	8358	8903.5	1017	1537.5	711.5	485.5	980	2576	8595	86923	4346.15
ORTHO003693	DNA topoisomerase; type IA; core	AT4G31210	5694;43232;43228;43226;5575;43229;44424;44464;5623;5622;3677;3676;1901363;5488;3674;97159;3917;3916;16853;3824;8152;8150;6268;32508;32392;71103;51276;6996;16043;71840;9987;6261;6260;6259;44260;43170;71704;44237;90304;6139;46483;6725;1901360;34641;6807;44238;34645;9059;1901576;9058;44249;6265;9507;9536;43231;43227;44444;5737	8506	7931	7638.5	6771	8202.5	3027.5	1474	4266	4953	8934.5	5057.5	7408	6895.5	7300	5034.5	8660.5	6722.5	1669.5	1901	2253	8228.5	9090	6040	926.5	99842	4992.1
ORTHO010889	Sugar isomerase (SIS) family protein	AT5G52190	30246;5488;3674;5975;71704;8152;8150;44238;16853;3824	8507	7497	7345.5	6184	6358.5	4946.5	4587.5	4734	5144	6498.5	6173.5	8284.5	7121	2711.5	2702.5	5325.5	4252.5	1780	5027.5	7408.5	5265	3374.5	6413.5	4541	96291.5	4.814.575
ORTHO005848	indole-3-butyric acid response 10	AT4G14430;AT4G14440	5777;42579;43231;43227;43226;5575;43229;44424;44464;5623;5622;44444;5737;9062;44242;16042;44712;9056;8152;8150;44710;44699;6629;71704;44238;1901575;44255;44763;9987;44237;44248;72329;46395;16054;44282;44281;6082;19752;43436;32787;6631;6635;19395;34440;30258;55114;48767;60560;48589;44767;32502;40007;9653;48856;48588;16049;48468;48869;30154;80147;48765;10053;90627;10015;48364;48513;48731;7275;44707;32501;22622;90558;9888;48764;48469;21700;10054;80024;9850;42445;10817;65008;65007;42430;46483;6725;1901360;34641;6807;1901564;4165;16863;16860;16853;3824;3674;80026;14070;10033;42221;50896;9733;9725;9719;1101;10243;1901698;1901700;5634;8809;16856;16854;80167;9628;5829	8508	8184	7489.75	6471.5	7245.5	5799	3758	7588.5	4865	8647.5	7886	4841.5	4617.5	906.5	1910.5	8358	5404	663.5	6185.5	6960	2621	2763	6624.5	7543.5	97943	4897.15
ORTHO007178	beta glucosidase 42	AT5G36890	30245;51275;9251;272;5976;5975;71704;8152;8150;44238;43170;16052;1901575;9056;9057;44042;51273;6073;44264;44260;44237;9987;44262;44247;44275;44248;30243;71732;1902170;1901699;1901698;42221;50896;70887;51716;34614;302;6979;6950;1901700;34599;33554;1901701;71241;10035;71731;71281;10039;10038;1990267;71248;9507;9536;43231;43227;43226;5575;43229;44424;44464;5623;5622;44444;5737;8422;15926;4553;16798;16787;3824;3674;71369;32870;9725;9719;10033;71495;71310;9723;5829	8509	8326	8024.5	7540	8776.5	6227.5	7541	7762	2069	3658.5	6763.5	4467	1352	4244	3265	9043.5	8726	1114.5	7197.5	6148	6908	4067	6989	7591	105134	5256.7
ORTHO005399	Protein of unknown function (DUF3414)	AT5G51200	5643;44428;44446;44422;5575;43226;44424;44464;5623;5622;43229;5634;43231;43227;5635;31967;31975;12505;51028;50658;50657;15931;71705;6810;51234;51179;8150;71702;51236;6403;33036;5515;5488;3674;9507;9536;44444;5737;15031;45184;8104	8510	7666	7872	7234	6664	6898	4118.5	8028.5	6379.5	4752	7382.5	8763	3250	906.5	3047.5	5325.5	4761	2199.5	5851	8214	6180.5	4308.5	7335	5222.5	102923.5	5.146.175
ORTHO009999	alpha 1;4-glycosyltransferase family protein	AT4G19900	5794;43231;43227;43226;5575;43229;44424;44464;5623;5622;44444;5737;12505;16757;16740;3824;3674;8152;8150	8511	8832	7255.5	6000	8835.5	6184	8902.5	8825	4865	5674.5	744	8921.5	1352	1184.5	5746.5	8925	2049.5	1311.5	7742	2665	8663	822	1961.5	8737.5	95276.5	4.763.825
ORTHO008069	protein kinase C substrate; heavy chain-related	AT2G42390	16310;6796;6793;44237;8152;8150;9987;5576;5575;16301;16772;16740;3824;3674	8512	7747	6828.5	5145	6664	6227.5	4698	4571	6124	5723.5	6173.5	5517.5	4865.5	906.5	1910.5	5325.5	4004	1617	3944	7138.5	4946	3111.5	6282.5	7656.5	90743	4537.15
ORTHO007513	nuclear matrix protein-related	AT5G09860	6406;6405;51168;6913;16482;46907;6810;51234;51179;8150;51649;51641;51169;50658;50657;15931;71705;71702;51236;6403;33036;51028;10467;43170;71704;8152;71427;71426;1902582;44765;1902578;44699;71166;31047;16458;10629;10605;9892;48519;50789;65007;19222;60255;10468;44763;9987;5634;43231;43227;43226;5575;43229;44424;44464;5623;5622;10267;30422;70918;31050;6396;16070;44260;44237;90304;6139;46483;6725;1901360;34641;6807;44238;44710;71359;71407;14070;10033;42221;50896;71310;70887;51716;43331;1901698;1901699;16246;35194;16441;10608;40029;347;44428;44446;44422;43234;32991;8380;50832;98542;6952;6950;51707;43207;9605;9607;51704;9620;6397;16071;3723;3676;1901363;5488;3674;97159	8513	7375	7539	6565	8139.5	5016	7978.5	7935.5	7046.5	3205.5	6173.5	8284.5	3093	2711.5	2702.5	5325.5	4464.5	1780	5128	7498.5	5422.5	3609.5	6538.5	4678.5	98592.5	4.929.625
ORTHO010792	proline iminopeptidase	AT2G14260	5737;44424;44464;5575;5623;5622;5829;44444;9507;9536;43231;43227;43226;43229;8152;8150;16787;3824;3674	8514	7503	8177	7840	6358.5	8873.5	5261.5	8926	7978	6288	7040	4351.5	7377.5	2711.5	2702.5	5325.5	4610.5	2558	5502	5062.5	7860	3854	6624.5	4678.5	107585.5	5.379.275
ORTHO010894	Peptidyl-tRNA hydrolase II (PTH2) family protein	AT4G32900	9507;9536;43231;43227;43226;5575;43229;44424;44464;5623;5622;44444;5737	8515	7504	6699	4883	6358.5	5016	4528.5	4734	5144	4233.5	6173.5	4239	3093	2711.5	2702.5	5325.5	7354	1780	5128	7498.5	5422.5	3374.5	6326.5	4678.5	89463.5	4.473.175
ORTHO011162	BEST Arabidopsis thaliana protein match is: DDT domain superfamily (TAIR:AT1G18950.1)	AT5G25580	8150;3674;5634;43231;43227;43226;5575;43229;44424;44464;5623;5622	8516	8087	8406	8296	7245.5	5516	7714.5	8102.5	4740.5	3027.5	6543	8482.5	5740	906.5	3047.5	5325.5	6925.5	2558	6109.5	8214	8019	5059	7868.5	8491	112390.5	5.619.525
ORTHO001744	pinoresinol reductase 1	AT1G32100;AT4G13660	9807;9806;9698;19748;44710;8152;8150;44699;6725;44237;9987;1901360;71704;44763;9699;19438;44249;9058;1901362;1901576;44550;44711;55114;10283;16628;16627;16491;3824;3674;5737;44424;44464;5575;5623;5622;9506;5911;30054;55044	8517	8999	8058.25	7599.5	8259	7241	1720.5	8575	8101	6156.5	8606.5	8736.5	4230	297.5	1509	8594.5	4346.5	949.5	8791.5	3208	6810.5	4471.5	4404	8795.5	105545	5277.25
ORTHO005600	DROUGHT SENSITIVE 1	AT1G80710	9414;9415;9628;50896;8150;1101;42221;10035;1901700;6950;80008;31461;151;1990234;1902494;43234;32991;5575;44424;44464;5623;5622;166;36094;5488;3674;1901265;1901363;97159;9737;9725;9719;10033;33993;97305;5737	8518	7659	5993	3468	5476.5	5704	8002.5	8256	4602.5	5006.5	6912.5	4566	4314.5	1321.5	1509	3023.5	5764.5	867.5	7153	5929.5	3417.5	1358.5	2855	1243	81807	4090.35
ORTHO009022	F-box family protein	AT5G52880	8150;5634;43231;43227;43226;5575;43229;44424;44464;5623;5622;3674	8519	7353	6549	4579	6358.5	5432.5	5105.5	4964	3875	1282.5	2992.5	8441	3270.5	2711.5	3721.5	5325.5	4942.5	4400	6185.5	5519.5	2485.5	4308.5	7554.5	5222.5	87740.5	4.387.025
ORTHO010533	Acyl-CoA N-acyltransferases (NAT) superfamily protein	AT1G18335	5634;43231;43227;43226;5575;43229;44424;44464;5623;5622;8080;16410;16747;16746;16740;3824;3674;8152;8150;16407	8520	8026	6869.5	5219	7245.5	4675.5	7923	4571	2645.5	8231.5	5973.5	5517.5	4865.5	906.5	1910.5	5325.5	6549	1617	4663	7080	4946	2213.5	3884	7591	91089	4554.45
ORTHO006144	replication factor C1	AT5G22010	5634;43231;43227;43226;5575;43229;44424;44464;5623;5622;5663;44427;44446;44422;5694;43232;43228;43234;32991;5657;712;1903046;22402;44763;9987;8150;44699;7049;51321;3;7131;35825;6310;6259;44260;43170;71704;8152;44237;90304;6139;46483;6725;1901360;34641;6807;44238;44710;7127;7126;280;48285;6996;16043;71840;1902589;51307;51304;7059;45132;98813;31935;1903308;1902275;33044;33043;51128;50794;50789;65007;60968;6355;1903506;2001141;31326;9889;19222;31323;51252;19219;80090;51171;60255;10556;10468;2000112;6974;33554;51716;50896;6950;3689;33170;8094;42623;16887;17111;16462;16818;16817;16787;3824;3674;3677;3676;1901363;5488;97159;5524;35639;1901265;43168;43167;32559;30554;17076;166;36094;32555;32553;97367;32550;32549;1882;1883;6260;34645;9059;1901576;9058;44249;6281;9737;9725;9719;10033;42221;33993;97305;1901700;1101;51570;31060;31056;31399;32268;51246;3887;34061;16779;16772;16740;71897;34654;19438;44271;18130;1901362;9360;42575;61695;1990234;1902494	8521	8768	7574.5	6628	8753	6739	8523	8495	4953	7916.5	5873	6981	4617.5	1254	1304	8804.5	5457.5	1017	4607.5	5726.5	4519	4612.5	4292	3340.5	99033	4951.65
ORTHO010537	HSP20-like chaperones superfamily protein	AT3G03773	8150;5634;43231;43227;43226;5575;43229;44424;44464;5623;5622;9507;9536;44444;5737;3674	8522	8102	7939.5	7357	7245.5	5090	7600	7935.5	7183.5	7324	6343	4386.5	3070	906.5	2396.5	5325.5	6549	1780	5220.5	7576.5	7052	3609.5	6538.5	7952.5	103839.5	5.191.975
ORTHO010360	Ubiquitin carboxyl-terminal hydrolase family protein	AT4G08940	9507;9536;43231;43227;43226;5575;43229;44424;44464;5623;5622;44444;5737;16787;3824;3674;8152;8150;6979;6950;50896	8523	7957	6690.5	4858	6857.5	8750	5849	5121.5	7978	2425	7594	4111	1352	1184.5	2910	5325.5	8932.5	867.5	4388	2253	8083.5	2112.5	1767.5	8332.5	89337.5	4.466.875
ORTHO001096	osmotin 34	AT4G11650	9651;6970;9628;50896;8150;6950;9817;9814;98542;6952;51707;43207;9605;9607;51704;45087;6955;2376;50832;9620;9816;42742;9617;5576;5575	8524	8623	8551.5	8579	8139.5	8334.5	6724	6978.5	7455	7916.5	4188.5	7055.5	5195	6027	7258.5	8660.5	6298	4809.5	1827	1609.5	8300	4067	5541.5	9018	117264	5863.2
ORTHO010900	alpha/beta-Hydrolases superfamily protein	AT5G38520	9507;9536;43231;43227;43226;5575;43229;44424;44464;5623;5622;44444;5737;16787;3824;3674;8152;8150;9941;9526;31967;31975;44446;44422;44435;44434;9534;31976;9579;31984	8525	7207	6913.5	5302	6194	7794.5	7166.5	2962.5	6823.5	8934.5	3674	7162	1352	4344	3721.5	5325.5	3682	1494	3473	6860	4519	2763	5826.5	3635.5	91513.5	4.575.675
ORTHO000452	cytochrome P450; family 79; subfamily B; polypeptide 3	AT2G22330;AT4G39950;AT5G05260;AT5G35917	16021;31224;44425;5575;16020;10112;43900;50789;65007;8150;45088;31347;80134;48583;50776;2682;32101;2831;9682;45087;6952;6950;50896;6955;2376;42742;9617;51707;43207;9605;9607;51704;98542;6569;6568;9072;6725;44237;8152;9987;1901360;71704;6520;1901564;6807;19752;43436;6082;44281;44710;44699;44763;44238;1901605;6586;42430;46483;34641;6576;44106;9308;1901606;9063;46395;16054;44282;44712;9056;1901575;44248;1901565;9074;19439;1901361;46218;42402;9310;42436;44270;46700;9507;9536;43231;43227;43226;43229;44424;44464;5623;5622;44444;5737;55114;52544;52542;52545;33037;33036;51179;52543;52386;42545;71555;45229;16043;71840;71554;70727;51641;1902580;1902578;52482;33554;51716;9684;42435;19438;44249;9058;44271;18130;1901362;1901576;1901566;72330;46394;16053;44283;44711;32787;9851;42446;42445;10817;65008;9850;9683;34754;9611;19825;5488;3674;2229;2239;10120;44272;6790;52317;46217;52314;9404;19748;9700;52315;9403;44550;19761;19758;19757;16143;1901657;1901135;16144;1901659;1901137;19760;9625;9414;9415;9628;1101;42221;10035;1901700;16709;16705;16491;3824;4497	8526	9157	8767.5	9009	9162	9163.5	9065.5	9126.5	7561.5	8934.5	8910.5	9170.5	1352	4912.5	5817	9119	8070.5	439.5	8923	1509.5	7860	1277	8796	9113	129121.5	6.456.075
ORTHO010151	F-box family protein with WD40/YVTN repeat doamin	AT3G52030	3674;80008;31461;151;1990234;1902494;43234;32991;5575;44424;44464;5623;5622;5634;43231;43227;43226;43229	8527	7178	8085	7643	7947.5	5773	8324.5	5121.5	6584	7274.5	2809.5	2553.5	7963	2711.5	3936.5	5325.5	5457.5	3121	6389	7012	7052	5132.5	7868.5	5433.5	105843	5292.15
ORTHO006666	unknown protein	AT3G15351	5634;43231;43227;43226;5575;43229;44424;44464;5623;5622;3674;8150	8528	8222	6433.5	4339	7245.5	8600	1224.5	9108	3991.5	8934.5	147	7590	4199	5907	3721.5	8605.5	2314	8967.5	3385	1869	1504	548.5	1157	4801	86574.5	4.328.725
ORTHO009112	S-adenosyl-L-methionine-dependent methyltransferases superfamily protein	AT4G35987	32259;8152;8150;9507;9536;43231;43227;43226;5575;43229;44424;44464;5623;5622;44444;5737;8168;16741;16740;3824;3674	8529	7126	4509	489	7947.5	3138	7067.5	3744.5	3215.5	7584	5199.5	7679.5	1352	138	136.5	3128	2815.5	168.5	53	2854.5	2896	205	536.5	356	52268	2613.4
ORTHO010754	Transducin/WD40 repeat-like superfamily protein	AT3G06880	9507;9536;43231;43227;43226;5575;43229;44424;44464;5623;5622;44444;5737;166;36094;5488;3674;1901265;1901363;97159;7165;50794;50789;65007;8150;51716;9987;50896;7154;44763;44699;44700;23052	8530	7544	4336.5	143	6358.5	819.5	1744	3740.5	393.5	6785.5	5196	7704	1352	138	136.5	3128	2853	203.5	1840.5	3061	180.5	173	202.5	356	40007.5	2.000.375
ORTHO010137	AGAMOUS-like 26	AT5G26880	6351;34645;44260;43170;71704;8152;8150;44237;9987;9059;1901576;9058;44249;97659;32774;16070;90304;6139;46483;6725;1901360;34641;6807;44238;34654;19438;44271;18130;1901362;10467;3723;3676;1901363;5488;3674;97159;6396;6995;9267;31669;31667;9991;9605;50896;31668;51716;71496;7154;44763;44699;42594;6950;33554;43562;9507;9536;43231;43227;43226;5575;43229;44424;44464;5623;5622;44444;5737;1510;43414;32259;43412;9451;6355;1903506;2001141;31326;9889;19222;50789;65007;31323;50794;51252;19219;80090;51171;60255;10556;10468;2000112;3677;46983;5515;8173;8168;16741;16740;3824;5634;3700;1071	8531	7191	4382	233	7947.5	4042.5	1595.5	3778	4188.5	4851.5	5221	679.5	3980	138	136.5	3128	2860.5	203.5	2030.5	3331	3055	236.5	728.5	470.5	44655	2232.75
ORTHO010789	unknown protein	AT5G48340	5634;43231;43227;43226;5575;43229;44424;44464;5623;5622;3674;8150	8532	7505	8419.5	8307	6358.5	5904	8324.5	5213.5	1691	5520.5	7734.5	8595.5	7963	2711.5	3936.5	5325.5	5561	3121	6531	8478	7052	5213.5	8026.5	5601	112504	5625.2
ORTHO009032	unknown protein	AT1G73970	5575;3674	8533	7115	8518	8503	7947.5	5904	8324.5	8988.5	2301	6065.5	7734.5	8595.5	7963	2711.5	3936.5	5325.5	5561	3121	6531	7012	7052	5213.5	7946.5	5601	115888	5794.4
ORTHO007483	unknown protein	AT2G43235	8150;3674	8534	8328	7328	6122	7662	6023.5	3513	7762	5851.5	4481.5	6343	3872	4865.5	906.5	1910.5	8358	5561	663.5	6265.5	5726.5	6431	3026	6709	7656.5	95926	4796.3
ORTHO006618	LOCATED IN: cell wall; plant-type cell wall	AT1G21670;AT1G21680	5576;5575;9505;5618;30312;44464;5623;71944;5773;43231;43227;43226;43229;44424;5622;44444;5737;8150;5774;44437;44446;44422;98588;31090;16020;98805;3674	8535	7033	6604	4673	7947.5	2446.5	4698	7762	4645.5	4585.5	5902	5631.5	7031	2711.5	2396.5	5325.5	3752	1617	4663	7138.5	4833.5	2837	6194.5	4117.5	88288.5	4.414.425
ORTHO009840	Pentatricopeptide repeat (PPR) superfamily protein	AT1G33350	5739;43231;43227;43226;5575;43229;44424;44464;5623;5622;44444;5737	8536	8068	7396.5	6257	7245.5	6085.5	7507.5	9036	4865	7916.5	3366.5	4566	2969.5	906.5	2023.5	8358	5962.5	663.5	4830.5	7194	6431	2017.5	4345.5	7656.5	96701.5	4.835.075
ORTHO009985	CONTAINS InterPro DOMAIN/s: Domain of unknown function KxDL (InterPro:IPR019371)	AT3G29130	3674;8150;5634;43231;43227;43226;5575;43229;44424;44464;5623;5622	8537	8807	8204.5	7872	8820	5904	8793	7588.5	5484	4086	8450	3912.5	5066	590	5718	8925	763	1114.5	8059	5637	8350.5	2763	8070	8552	107826	5391.3
ORTHO004037	cleavage and polyadenylation specificity factor 73-I	AT1G61010	6378;31124;6397;16071;16070;44260;43170;71704;8152;8150;44237;9987;90304;6139;46483;6725;1901360;34641;6807;44238;6396;10467;31123;43631;4518;16788;16787;3824;3674;90305;5515;5488;5634;43231;43227;43226;5575;43229;44424;44464;5623;5622;5847;5849;44451;44428;44446;44422;5654;31981;70013;43233;31974;43234;32991	8538	8991	6124	3710	8259	5904	6168	7290.5	3117	6097	5625	8562.5	2797	310.5	1404.5	8925	450	340.5	7901.5	1291.5	2924.5	1778.5	4451.5	7721.5	83060.5	4.153.025
ORTHO006760	ATP-dependent RNA helicase; mitochondrial; putative	AT5G39840	5524;35639;1901265;1901363;5488;3674;97159;43168;43167;32559;30554;17076;166;36094;32555;32553;97367;32550;32549;1882;1883;4386;17111;16462;16818;16817;16787;3824;8152;8150;4004;8186;42623;16887;3724;8026;70035;42645;44429;44444;44424;44464;5575;5623;5622;5737;44446;44422;43226;43229;5739;43231;43227;9295;43232;43228;5759;70013;43233;31974;5634	8539	8926	6985	5431	8884	7324.5	7060	8327.5	3598.5	5884.5	1483.5	8818.5	4355	401	5034.5	7360.5	367.5	227	7862.5	3129.5	2971	2433.5	6624.5	8942.5	92206	4610.3
ORTHO010851	pentatricopeptide (PPR) repeat-containing protein	AT2G36240	8150;3674;5739;43231;43227;43226;5575;43229;44424;44464;5623;5622;44444;5737	8540	8145	8288	8036	7245.5	6313	7600	7935.5	1545.5	8063.5	8232.5	4351.5	5338.5	906.5	2396.5	8925	6549	663.5	7197.5	7576.5	6908	3955.5	7156	7860.5	109474.5	5.473.725
ORTHO009505	unknown protein	AT3G63390	8150;5634;43231;43227;43226;5575;43229;44424;44464;5623;5622;9536;44444;5737	8541	7866	5580	2619	5552	4519	3513	8102.5	7899.5	5953	6912.5	5631.5	4444	401	1354.5	3976.5	5240.5	663.5	3653	5369.5	3259	1026	2617	2314	76849.5	3.842.475
ORTHO007202	ARM repeat superfamily protein	AT5G37290	8150;5634;43231;43227;43226;5575;43229;44424;44464;5623;5622	8542	7134	8432.5	8323	7947.5	5090	8738.5	3491	7325.5	8934.5	4635.5	7571	1352	8787	8452	6712.5	20	7637	7509	2534.5	8400	6648	3986	4898	112722	5636.1
ORTHO009548	zinc ion binding	AT5G14140	5634;43231;43227;43226;5575;43229;44424;44464;5623;5622;46872;43169;43167;5488;3674;3676;1901363;97159;8150;8270;46914	8543	8004	7410	6277	7245.5	5016	8002.5	4734	7183.5	4601	7040	4239	5338.5	906.5	2396.5	5325.5	6549	1780	7197.5	7576.5	7052	1656	2369	7860.5	96823.5	4.841.175
ORTHO002520	Pectinacetylesterase family protein	AT3G09405;AT3G09410	71555;45229;16043;71840;8150;9987;71554;5576;5575;52689;16788;16787;3824;3674;8152;5618;30312;44464;5623;71944	8544	8940	8494	8444	8935.5	7499.5	9023.5	3203	5851.5	4313	8450	8989	4793	401	5718	8358	7991.5	298	8782	7080	8300	1778.5	4887	8980.5	114697	5734.85
ORTHO005844	zinc ion binding	AT1G55915	5634;43231;43227;43226;5575;43229;44424;44464;5623;5622;8270;46914;46872;43169;43167;5488;3674;8150	8545	7704	8402	8259	6664	5833.5	2414	8181.5	7978	3610	7040	8562.5	6071.5	2711.5	3265	5325.5	7482.5	3121	6531	8478	7052	4970.5	7611.5	5601	111840.5	5.592.025
ORTHO000494_3	Major facilitator superfamily protein	AT2G13100	5351;5402;15294;15293;15291;22804;22857;5215;3674;6810;51234;51179;8150;55085;44763;9987;44699;44765;1902578;8324;15075;22891;22892;34220;6811;98655;6812;51119;15144;1901476;8643;71702;34219;15295;15992;15672;6818;16021;31224;44425;5575;16020;15315;15114;15103;8509;98656;6820;15698;35435;98661;98660;6817;15301;15297;55062;72506;98771;50801;48878;42592;65008;65007;55081;55083;72505;9507;9536;43231;43227;43226;43229;44424;44464;5623;5622;44444;5737	8546	8088	8269	7992	7245.5	5319	5925	3381	3711	8063.5	4317	9097	1352	5673.5	1145.5	8583	8483	8204.5	8472	2373.5	2993.5	8706	4158	8998.5	108956.5	5.447.825
ORTHO000948_2	purin 7	AT3G21110	9507;9536;43231;43227;43226;5575;43229;44424;44464;5623;5622;44444;5737;9570;9532;44435;44446;44422;44434;46084;46083;6144;9112;55086;6139;46483;44237;8152;8150;9987;6725;1901360;71704;34641;6807;44238;44281;44710;44699;44763;1901564;72521;9113;72522;19438;44249;9058;44271;18130;1901362;1901576;1901566;46112;44711;46148;42440;4639;16881;16879;16874;3824;3674;4638;16831;16830;16829;6164;9165;1901293;90407;19637;6793;6753;6796;34654;9117;6163;6189;6188;46040;9150;9259;19693;1901135;9167;9161;9123;9126;9152;9260;46390;1901137;9168;9156;9124;9127;9733;9725;9719;50896;10033;42221	8547	8886	7814	7081	8984.5	7430.5	6412.5	2647.5	4740.5	7620	8675.5	2160	5066	6292	8061.5	9043.5	1450	8532.5	2500.5	2713.5	723.5	3111.5	5762.5	8998.5	101942	5097.1
ORTHO001962	DC1 domain-containing protein	AT1G60420	9860;44702;22414;8150;44699;904;902;32989;16043;71840;9987;9653;32502;48856;48869;44767;44763;48468;30154;3006;48588;48589;40007;16049;9932;9826;60560;48868;9856;44703;51704;44706;32501;47134;16668;16651;16491;3824;3674;8152;55114;44710;16667;45454;19725;42592;65008;65007;50794;50789;46686;10038;10035;42221;50896;10183;50918;6935;42330;40011;9605;5829;44444;44424;44464;5575;5623;5622;5737;80092;43900;10769;22604;22603;50793;51128;60284;45595;51239;2000241;51510;1558;40008;48638	8548	9077	8588.5	8629	9074	7455.5	9040.5	8148	3237.5	7722.5	5902	7207	2824	338.5	4842.5	9104	7051	134	8782	8632.5	8534	3955.5	6467.5	9059.5	118438	5921.9
ORTHO010045	Pentatricopeptide repeat (PPR-like) superfamily protein	AT5G37570	5739;43231;43227;43226;5575;43229;44424;44464;5623;5622;44444;5737;8150;3674	8549	8640	7701	6853	8471	4133.5	8571.5	7331	3682	8647.5	8167.5	7115.5	2815	1184.5	1481.5	8358	8662	949.5	6785	2455	6696	822	4806.5	7721.5	100385	5019.25
ORTHO002816	Major facilitator superfamily protein	AT1G18000;AT1G18010	3674;16021;31224;44425;5575;16020	8550	8899	8800	9050	8884	3859	8964	8569.5	6823.5	8934.5	8606.5	6819	6804.5	5907	3047.5	8777	9029.5	985	5220.5	6397	8771.5	7950.5	6282.5	9090	130838.5	6.541.925
ORTHO010528	CAAX amino terminal protease family protein	AT2G20725	6508;19538;43170;71704;8152;8150;44238;16020;5575;8233;16787;3824;3674	8551	8099	6981	5411	7245.5	4027	4904	9031	635	8934.5	5262	7817	4221.5	5952.5	3721.5	6020.5	8989.5	8237	2997	3933	2945.5	332	313	3841	92114.5	4.605.725
ORTHO010367	HIT-type Zinc finger family protein	AT5G63830	3674;9507;9536;43231;43227;43226;5575;43229;44424;44464;5623;5622;44444;5737;8150	8552	8025	7720.5	6889	7245.5	6313	3224.5	7935.5	4275	4260	7040	8654.5	3077.5	906.5	2396.5	8925	6549	663.5	5301	7576.5	7052	3222.5	5295.5	7952.5	100620.5	5.031.025
ORTHO004445	MUTL protein homolog 1	AT3G24320	400;217;43566;3677;3676;1901363;5488;3674;97159;32301;44428;44446;44422;5575;43226;44424;44464;5623;5622;43229;5634;43231;43227;32300;1990391;43234;32991;710;1903046;22402;44763;9987;8150;44699;7049;51321;3;6298;6281;6259;44260;43170;71704;8152;44237;90304;6139;46483;6725;1901360;34641;6807;44238;6974;33554;51716;50896;6950;44710;7127;7126;280;48285;6996;16043;71840;1902589;32138;32135;30983;3690;32137;43570;51276;5524;35639;1901265;43168;43167;32559;30554;17076;166;36094;32555;32553;97367;32550;32549;1882;1883;228;5694;43232;43228;31981;70013;43233;31974;9411;9416;9314;9628;7131;35825;6310;9507;9536;44444;5737;45910;51053;10605;9892;48519;50789;65007;19222;60255;45934;19219;80090;51171;31323;50794;51172;31324;48523;51052;18;9408;9266;2;7005;8094;42623;16887;17111;16462;16818;16817;16787;3824;5739;32042;3684	8553	8505	6697.5	4842	8471	5047	7422	7656	6493	7830	7594	5053	1352	1321.5	1616	8358	5108	523.5	4548.5	3600	5170.5	940	2581.5	7028	89242.5	4.462.125
ORTHO004651	P-loop containing nucleoside triphosphate hydrolases superfamily protein	AT1G16800	8266;8187;3727;3723;3676;1901363;5488;3674;97159;16787;3824;8152;8150;5634;43231;43227;43226;5575;43229;44424;44464;5623;5622	8554	7662	7923	7292	6534	8030	7665	4826.5	5144	3476	7040	4351.5	7498	2711.5	2396.5	8358	4610.5	4154.5	4237	7692.5	5839	3854	6624.5	4801	103310	5165.5
ORTHO001120_2	Galactosyltransferase family protein	AT3G06440	30246;5488;3674;139;98588;31090;16020;5575;44422;43226;43227;44431;44444;44424;44464;5623;5622;5737;44446;43229;5794;43231;12505;6486;44763;9987;8150;44699;6464;36211;19538;43170;71704;8152;44238;43412;44267;44260;44237;43413;70085;44723;5975;44710;9101;9100;1901135;34645;9059;1901576;9058;44249;1901137;8378;16758;16757;16740;3824;16021;31224;44425	8555	8103	8749.5	8944	7245.5	8818	7541	8796.5	6124	8063.5	7040	6688.5	5338.5	6206.5	6791	8660.5	6298	1051.5	5220.5	7463	6431	5132.5	7156	7860.5	126681	6334.05
ORTHO007463	Isochorismatase family protein	AT3G16190	3824;3674;8152;8150;5737;44424;44464;5575;5623;5622	8556	8371	7779.5	7003	8471	6023.5	3513	7762	5484	5884.5	7999	8522.5	2954.5	906.5	1910.5	8358	5561	663.5	6265.5	5726.5	6431	2923.5	6854	7656.5	101399.5	5.069.975
ORTHO010075	Peptidase family M48 family protein	AT3G27110	5886;16020;5575;44464;5623;71944;4222;4175;70011;8233;16787;3824;3674;8152;8150;6508;19538;43170;71704;44238;8237	8557	7551	6648	4739	6358.5	2333	5849	4964	6124	5571.5	7382.5	2937.5	7743	2711.5	3265	5325.5	35	4400	5851	2326	6180.5	3854	6040	5806	88699	4434.95
ORTHO004525	Lactoylglutathione lyase / glyoxalase I family protein	AT1G64185;AT5G41650	902;32989;16043;71840;8150;9987;9653;32502;48856;48869;44767;44699;44763;3824;3674;8152;16829;5886;16020;5575;44464;5623;71944	8558	8509	7618	6678	7662	2981	7453.5	8670	4586.5	8446	7886	8454.5	4865.5	906.5	1910.5	8737.5	867	1180.5	5851	4630.5	5988	2213.5	6326.5	7315.5	99270	4963.5
ORTHO010891	Protein phosphatase 2C family protein	AT1G18030	4722;4721;16791;42578;16788;16787;3824;3674;8152;8150;16311;6796;6793;44237;9987;6470;6464;36211;19538;43170;71704;44238;43412;44267;44260;46872;43169;43167;5488;5737;44424;44464;5575;5623;5622	8559	7242	7021.5	5484	6194	4827.5	7187.5	2923.5	4865	8934.5	2809.5	5543	7031	2711.5	2702.5	5325.5	4054.5	1780	4864	7408.5	4946	3222.5	6282.5	5041.5	92460.5	4.623.025
ORTHO001060_1	gamma-glutamyl transpeptidase 1	AT4G39640;AT4G39650	3840;16755;16746;16740;3824;3674;8152;8150;48046;5576;5575;6751;43171;6518;43603;34641;6807;44237;9987;1901564;71704;1901565;1901575;9056;44248;44273;6790;6749;6575;42219;16756;9505;5618;30312;44464;5623;71944;36374;8242;8238;70011;8233;16787;6508;19538;43170;44238;6979;6950;50896;9506;5911;30054;55044;34775;98656;6820;6811;44765;6810;51234;51179;1902578;44699;34220;55085;44763;35443;35672;6857;15833;42886;71705;71702;42939;34635;15711;72337;72348;5886;16020	8560	7695	5263	1966	8926	4903	8090	6978.5	2684.5	8231.5	5625	5209	4259.5	401	1758.5	3085	3426.5	499	3265	5781.5	3179	1358.5	3244	356	72335	3616.75
ORTHO010808	Encodes PRIN2 (plastid redox insensitive 2). PRIN2 mutants are impaired in PEP (plastid-encoded RNA polymerase) activity and high light-dependent plastid redox signalling to the nucleus.	AT1G10522	9642;9416;9314;9628;50896;8150;42646;9295;5575;43232;43228;43226;43229;44424;44464;5623;5622;44435;44444;5737;44446;44422;9536;43231;43227;9532;3674;10468;60255;19222;50789;65007	8561	8251	7607	6653	8341	5351.5	7422	7762	6712.5	5036.5	5726.5	7358.5	4492.5	906.5	1677.5	8358	5194	663.5	5648	5519.5	5637	2213.5	6194.5	7266.5	99140.5	4.957.025
ORTHO000876	transferases	AT3G01380;AT5G14930	6506;6505;46488;6650;6644;19637;71704;8152;8150;6793;44237;9987;44255;6629;44710;44699;44238;44763;6796;46486;6664;1903509;1901135;6643;6661;46474;45017;8610;1901576;9058;44711;44249;8654;90407;6497;6464;36211;19538;43170;43412;44267;44260;42158;42157;34645;9059;9247;46467;1901137;16740;3824;3674;51377;16780;16772;5783;43231;43227;43226;5575;43229;44424;44464;5623;5622;44444;5737;12505;5789;98588;31090;16020;44422;44432;44446;44425;42175;1900426;31349;31347;80134;48583;50789;65007;48584;48518;43902;43900;2833;2831;32103;32101;1900424;2230;50691;50688;2697;2682;1900057;51240;51239;1900055;2000024;48831;2000026;50793;51094;5634;7568;44767;32502;1902290;1902288;5515;5488;9507;9536;16787;4806;16298;16788;52689	8562	9044	7711	6860	9070.5	4865.5	5410	8495	4953	7035	5873	7230.5	1352	1254	3047.5	8925	8250.5	318	8673	5672	4833.5	1466	4131	8670.5	100455	5022.75
ORTHO010390	RNA helicase 1	AT4G15850	10501;16070;44260;43170;71704;8152;8150;44237;9987;90304;6139;46483;6725;1901360;34641;6807;44238;8026;42623;16887;17111;16462;16818;16817;16787;3824;3674;70035;4386;17151;19899;5515;5488;5634;43231;43227;43226;5575;43229;44424;44464;5623;5622;4004;8186;3724	8563	7260	7312.75	6062.5	7947.5	6898	8251	4964	6225	3372	6543	2729	3262	2711.5	3521.5	5325.5	4870.5	2199.5	5851	5816	6180.5	4308.5	7335	5222.5	95586	4779.3
ORTHO004168	molybdenum cofactor sulfurase (LOS5) (ABA3)	AT1G16540	30151;46914;46872;43169;43167;5488;3674;10182;9756;7165;50794;50789;65007;8150;51716;9987;50896;7154;44763;44699;44700;23052;71322;71310;10033;42221;70887;1901701;1901700;9743;42742;9617;51707;43207;9605;9607;51704;98542;6952;6950;9408;9266;9628;6777;9108;51188;51186;44237;8152;44249;9058;6732;19538;43170;71704;44238;19720;43545;19637;6793;51189;44267;44260;46483;1901360;1901564;6807;6796;32324;18130;1901362;1901576;90407;1901566;45037;45036;1902580;51641;51179;1902578;6605;6886;15031;45184;51234;8104;33036;71702;6810;46907;51649;34613;70727;1902582;44765;72596;72594;33365;72598;16482;44743;17038;65002;71806;55085;5623;5575;18315;42040;6464;36211;43412;6970;9409;9688;72330;46394;16053;6082;44281;44710;44283;44711;19752;43436;32787;43289;8299;6720;44255;6629;8610;43288;1902645;46165;1901617;1901615;6066;1902644;16106;16114;6721;6714;9687;5737;44424;44464;5622;16740;3824;9000;16846;16829;8265;30170;1901363;97159;48037;43168;9734;9755;32870;9725;9719;71495;71365;9733;9651;10118	8564	7617	8737	8910	6358.5	2604.5	8450	5698.5	6712.5	6247	7886	6240	8205.5	7101	7764	8660.5	5685	4400	8098.5	5781.5	6431	6714	7048.5	5806	125534	6276.7
ORTHO009875	Protein of unknown function (DUF760)	AT1G32160	9570;9532;44435;44444;44424;44464;5575;5623;5622;5737;44446;44422;43226;43229;9536;43231;43227;44434;9507;3674;8150;5634	8565	8055	8867	9169	7245.5	8278	8602.5	8743	7978	4140.5	8820	6717.5	8094	5663.5	1145.5	8583	7679.5	5056.5	8640.5	9083.5	8828	8962	8869	8986	142870.5	7.143.525
ORTHO009740	Pentatricopeptide repeat (PPR-like) superfamily protein	AT2G21090	3674;5575;8150	8566	8058	4459	352	8300.5	4001.5	6952	3927.5	3813	8934.5	5081	1755.5	3541.5	138	136.5	3273.5	143.5	70	1345	2455	2621	100.5	353.5	535	49178	2458.9
ORTHO005714	tubulin folding cofactor E / Pfifferling (PFI)	AT1G71440	910;22402;44763;9987;8150;44699;7049;51301;9507;9536;43231;43227;43226;5575;43229;44424;44464;5623;5622;44444;5737;9793;44702;22414;3006;32502;9790;44767;48856;7275;44707;32501;48316;48608;61458;48731;9791;10154;7021;43623;6461;65003;43933;16043;71840;22607;44085;71822;70271;34622	8567	8310	7927.5	7288	7662	6382	7698.5	7935.5	4687.5	2770	7040	4351.5	5338.5	906.5	2396.5	8358	6549	663.5	7281	3774.5	7489.5	4308.5	7335	8026	103291.5	5.164.575
ORTHO003502	isopropylmalate dehydrogenase 3	AT1G31180;AT1G80560;AT5G14200	9651;6970;9628;50896;8150;6950;9507;9536;43231;43227;43226;5575;43229;44424;44464;5623;5622;44444;5737;3862;16616;16614;16491;3824;3674;8152;55114;44710;44699;5739;9570;9532;44435;44446;44422;44434;51287;50662;48037;5488;166;36094;1901265;1901363;97159;9098;9082;9081;6520;1901564;71704;6807;19752;43436;6082;44281;44763;9987;44237;44238;8652;46394;16053;44283;44711;9058;1901576;44249;1901566;1901607;1901605;6551;9579;287;46872;43169;43167;9941;9526;31967;31975;19761;19758;19757;19748;16143;6790;1901657;1901135;16144;1901659;1901137;44272;44550;19760	8568	8333	7841.5	7115	7662	6149	1985	3713.5	8705	6235	8820	7129.5	1352	6292	6867.5	9043.5	88	7376.5	7281	1584.5	8153	1466	1555.5	8420	102216.5	5.110.825
ORTHO009703	Tetratricopeptide repeat (TPR)-like superfamily protein	AT2G27800;AT5G27300	5739;43231;43227;43226;5575;43229;44424;44464;5623;5622;44444;5737;8150;5654;44428;44446;44422;5634;31981;70013;43233;31974;3674	8569	7269	6552.75	4536.5	7947.5	3808	7901	4571	1839.5	8398	5902	7162	7031	2711.5	2023.5	5325.5	3752	1450	875	6923.5	4833.5	2763	6194.5	4091.5	87556	4377.8
ORTHO000442_2	root hair specific 2	AT1G12950;AT1G23300;AT3G26590;AT5G38030	6855;15893;44765;6810;51234;51179;8150;1902578;44699;42493;42221;50896;55085;44763;9987;5886;16020;5575;44464;5623;71944;5774;44437;44444;44424;5622;5737;44446;44422;43226;43229;5773;43231;43227;98588;31090;98805;48767;60560;48589;44767;32502;40007;9653;48856;48588;16049;48468;48869;30154;80147;48765;10053;90627;10015;48364;48513;48731;7275;44707;32501;22622;90558;9888;48764;48469;21700;10054;15297;15291;22804;22857;5215;3674;15238;90484;9624;51707;43207;9605;9607;51704	8570	8584	5871.5	3173	6194	4146	7102	7244.5	4788.5	8063.5	5655.5	8150	4444	1375.5	1292	3976.5	4346.5	963	3730.5	6960	461	940	4014.5	2485	80138.5	4.006.925
ORTHO000688_1	Six-hairpin glycosidases superfamily protein	AT1G65610	71555;45229;16043;71840;8150;9987;71554;30245;51275;9251;272;5976;5975;71704;8152;44238;43170;16052;1901575;9056;9057;44042;51273;6073;44264;44260;44237;44262;44247;44275;44248;30243;16021;31224;44425;5575;16020;4553;16798;16787;3824;3674;8810;5886;44464;5623;71944	8571	8172	8246.5	7922	7245.5	6313	3224.5	7935.5	7561.5	2963.5	7040	8654.5	5338.5	906.5	2396.5	8358	6549	663.5	7197.5	7576.5	6908	3754	7156	7860.5	108357	5417.85
ORTHO007732	Peptidase C13 family	AT1G08750	42765;98796;43234;32991;5575;44425;16020;1902494;44432;44444;44424;44464;5623;5622;5737;44446;44422;43226;43229;5783;43231;43227;12505;30176;31227;31300;31224;31090;5789;98588;42175;31301;16021;6501;18410;43687;6464;36211;19538;43170;71704;8152;8150;44238;43412;44267;44260;44237;9987;6497;42158;42157;34645;9059;1901576;9058;44249;3923;16787;3824;3674;16255;6506;6505;46488;6650;6644;19637;6793;44255;6629;44710;44699;44763;6796;46486;6664;1903509;1901135;6643;6661;46474;45017;8610;44711;8654;90407;9247;46467;1901137;34394;34613;70727;51641;51179;33036;8104;6508	8572	7197	7620	6668	7947.5	3602.5	7187.5	6428.5	3610	8063.5	4217.5	6808	8519	7101	7999	6712.5	2123.5	7073	1878.5	4527	1063.5	4067	1866	6379.5	99227	4961.35
ORTHO006977	Thioesterase superfamily protein	AT1G68260;AT1G68280	47617;16289;16790;16788;16787;3824;3674;8152;8150;5575	8573	7782	7596.5	6620	6664	5047	7600	4734	7561.5	7722.5	7040	4059.5	5338.5	906.5	2396.5	5325.5	4464.5	1780	5128	7498.5	5422.5	3374.5	5710.5	7860.5	98970.5	4.948.525
ORTHO007724	unknown protein	AT1G78810	5634;43231;43227;43226;5575;43229;44424;44464;5623;5622;8150;3674	8574	8688	8281	7988	8619	6085.5	8793	7588.5	5484	5105	7999	3872	3184.5	590	2163.5	8925	6409	1114.5	8083	5637	8400	2837	8115.5	8552	108938	5446.9
ORTHO010911	Stress responsive alpha-beta barrel domain protein	AT2G32500	8150;3674	8575	8287	4967	1359	7662	3125	1985	3393.5	3229.5	8934.5	4381.5	7602.5	1352	4560	1549	8358	3299	5056.5	2317.5	1486	1458	338.5	353.5	4016	66795.5	3.339.775
ORTHO003319	transcription factor jumonji (jmjC) domain-containing protein	AT1G63490	16706;16705;16491;3824;3674;8152;8150;55114;44710;44699;51213;8270;46914;46872;43169;43167;5488;3700;1071;2001141;31326;9889;19222;50789;65007;31323;50794;51252;19219;80090;51171;60255;10556;6355;1903506;10468;2000112;5634;43231;43227;43226;5575;43229;44424;44464;5623;5622	8576	8263	5729.5	2883	7245.5	4114	5441.5	3608	3554	8934.5	804.5	7526	2784	1321.5	1549	8358	8542.5	1406.5	5347.5	3949.5	3154	659	1478.5	5913	78445.5	3.922.275
ORTHO004402	unknown protein	AT5G22040	5634;43231;43227;43226;5575;43229;44424;44464;5623;5622;3674;8150	8577	7716	6904.5	5232	6664	4903	9035.5	4734	4645.5	8446	6912.5	4841.5	7121	2711.5	2396.5	5325.5	1266	1780	5027.5	2455	5265	3374.5	6413.5	4484	91138	4556.9
ORTHO010887	phosphoinositide binding	AT4G32780	5575;35091;5543;8289;5488;3674;43168;43167;7165;50794;50789;65007;8150;51716;9987;50896;7154;44763;44699;44700;23052	8578	7349	8410	8242	8139.5	7411.5	3758	5213.5	7978	1462	2290	8693.5	8094	2711.5	3521.5	5325.5	8766.5	4400	6897.5	8551.5	7386	5376	8070	5806	111712.5	5.585.625
ORTHO007689	plastid-specific 50S ribosomal protein 6	AT5G17870	3735;5198;3674;5840;30529;32991;5575;44424;44464;5623;5622;43232;43228;43226;43229;44444;5737;6412;43043;43604;43603;34641;6807;8152;8150;44237;9987;44271;44249;9058;6518;1901564;71704;1901566;1901576;44267;19538;43170;44238;44260;34645;9059;10467;9507;9536;43231;43227;19843;3723;3676;1901363;5488;97159	8579	9091	7609	6639	9091.5	3406.5	6915	8522	2684.5	8934.5	8095	6741.5	3207	5959.5	5817	9139.5	9153	5221.5	2862	1043.5	66	548.5	2171	8595	99082.5	4.954.125
ORTHO010892	RECQ helicase SIM	AT5G27680	6310;6259;44260;43170;71704;8152;8150;44237;9987;90304;6139;46483;6725;1901360;34641;6807;44238;43138;3678;4386;17111;16462;16818;16817;16787;3824;3674;32508;32392;71103;51276;6996;16043;71840;6281;6974;33554;51716;50896;6950;44763;44699;44710;5524;35639;1901265;1901363;5488;97159;43168;43167;32559;30554;17076;166;36094;32555;32553;97367;32550;32549;1882;1883;8026;42623;16887;70035;46872;43169;5634;43231;43227;43226;5575;43229;44424;44464;5623;5622;3676	8580	7304	5380.5	2181	6358.5	4675.5	5105.5	3203	4164	8647.5	4971.5	7580	1352	4206	1579	5325.5	2531	7785	2587	2986	2021	579	447.5	3984	73730	3686.5
ORTHO010166	Tryptophan/tyrosine permease	AT5G19500	9706;9528;19866;31090;16020;5575;44422;43226;43227;44424;44464;5623;5622;31967;31975;44446;43229;42170;44435;44444;5737;9536;43231;9526;31969;44434;9507;9941;3333;6865;71705;6810;51234;51179;8150;46942;15849;44765;1902578;44699;71702;15711;6820;6811;1903825;55085;44763;9987;98656;34220;5886;71944;5275;22804;22857;5215;3674;22891;22892;15837	8581	7141	7754	6927	7947.5	5773	3863.5	2647.5	6660.5	7862.5	7040	2553.5	7963	2711.5	3936.5	5325.5	5457.5	3121	6531	8478	2497	5132.5	7868.5	5433.5	100856	5042.8
ORTHO010150	Polynucleotidyl transferase; ribonuclease H-like superfamily protein	AT3G15140	35194;16441;10608;10468;60255;19222;50789;65007;8150;40029;16458;10629;10605;9892;48519;44763;9987;44699;31047;4527;4518;16788;16787;3824;3674;8152;90305;90304;6139;46483;44237;6725;1901360;71704;34641;6807;44238;43170;16891;4521;4519;4540;90501;16070;44260;90502;16893;5739;43231;43227;43226;5575;43229;44424;44464;5623;5622;44444;5737;90065;1900368;60147;60968;50794;60966;70920;48583;51252;19219;80090;51171;31323	8582	7274	7091.5	5601	7947.5	5047	5048.5	4734	5754	6733	6173.5	4386.5	7377.5	2711.5	2702.5	5325.5	4408.5	1780	5220.5	5400	5422.5	3609.5	6538.5	4678.5	93051.5	4.652.575
ORTHO000495	UDP-Glycosyltransferase superfamily protein	AT2G22590;AT5G49690;AT5G65550	16758;16757;16740;3824;3674;8152;8150;5576;5575;5829;44444;44424;44464;5623;5622;5737	8583	9162	6075.5	3568	9158	4488	2328.5	2250	3598.5	8934.5	6	7691.5	1352	4786.5	6444.5	9129.5	8231.5	159	2469	3868	2672	468	4381	9059.5	82317.5	4.115.875
ORTHO010877	Pentatricopeptide repeat (PPR) superfamily protein	AT3G58590	5739;43231;43227;43226;5575;43229;44424;44464;5623;5622;44444;5737;8150;3674	8584	8922	8800.5	9017	8884	6850	8902.5	8476.5	3366.5	2770	8820	6701	4738	6247	7939.5	8783.5	7922.5	6808.5	8979	4925	8580	4067	5541.5	8942.5	129360.5	6.468.025
ORTHO009166	RAP	AT2G31890	42646;9295;5575;43232;43228;43226;43229;44424;44464;5623;5622;44435;44444;5737;44446;44422;9536;43231;43227;9532;3723;3676;1901363;5488;3674;97159;5634;9507;1901259;6364;34470;34660;16070;44260;43170;71704;8152;8150;44237;9987;90304;6139;46483;6725;1901360;34641;6807;44238;6396;10467;16072;42254;22613;44085;71840	8585	8034	8146	7707	7245.5	6085.5	7050.5	4424	3753	8934.5	4016	7647	5338.5	6206.5	6764.5	8660.5	8680.5	8625	6835.5	1609.5	239	1910	1802.5	7860.5	106443	5322.15
ORTHO001351	ureide permease 5	AT1G26440;AT2G03520;AT2G03530;AT2G03590;AT2G03600	15720;42886;71705;6810;51234;51179;8150;44765;1902578;44699;71702;42907;5345;15205;22891;22857;5215;3674;55085;44763;9987;22892;15851;6863;42906;15210;5350;72531;15855;1903791;15857;1904082;16021;31224;44425;5575;16020;5274;15563;42887;15391;15294;15293;15291;22804;8324;15075;34220;6811;98655;6812;5524;35639;1901265;1901363;5488;97159;43168;43167;32559;30554;17076;166;36094;32555;32553;97367;32550;32549;1882;1883;5739;43231;43227;43226;43229;44424;44464;5623;5622;44444;5737;9507;9536;43100;19856;72528;44271;34641;6807;8152;44237;44249;9058;18130;46483;1901362;1901360;71704;1901576;72527;1901564;1901566;6206;9112;55086;6139;6725;44238;44281;44710;46112;44711;8655;43094;34654;19438;5886;71944;15505	8586	8728	7125	5664	8745.5	9054	8499.5	7372.5	4073.5	7247	5669.5	5409	2860.5	1254	1304	8804.5	3752	340.5	3653	7498.5	4384	4612.5	4284.5	3340.5	93413.5	4.670.675
ORTHO010116	Protein of unknown function (DUF677)	AT3G49070	16021;31224;44425;5575;16020;9507;9536;43231;43227;43226;43229;44424;44464;5623;5622;44444;5737	8587	7320	7278.75	5970.5	8139.5	5248.5	6885.5	4826.5	5619	5825	3366.5	3808	7743	4134.5	4842.5	5325.5	4666	2199.5	5589.5	4884.5	5839	3609.5	5826.5	4898	95137	4756.85
ORTHO009569	GTP-binding protein-related	AT1G56050	9570;9532;44435;44444;44424;44464;5575;5623;5622;5737;44446;44422;43226;43229;9536;43231;43227;44434;9507;5525;35639;1901265;1901363;5488;3674;97159;43168;43167;32550;32549;1882;36094;97367;1883;32561;19001;17076;166;32555;32553;5524;32559;30554;16887;17111;16462;16818;16817;16787;3824;8152;8150;43022;43021;44877;43023	8588	8112	7730.5	6873	7245.5	5351.5	7422	7762	4231.5	7722.5	6070	8397	2898	906.5	1677.5	8358	5194	663.5	5648	6689.5	5839	2213.5	6194.5	7266.5	100505	5025.25
ORTHO010144	FUNCTIONS IN: molecular_function unknown	AT5G38380	5385;72509;22890;8324;15075;22891;22857;5215;3674;6810;51234;51179;8150;55085;44763;9987;44699;44765;1902578;22892;34220;6811;98655;6812;72511;46915;46873;30001;41;71577;98662;98660;6829;70838;5773;43231;43227;43226;5575;43229;44424;44464;5623;5622;44444;5737;16020;10043;10038;10035;42221;50896;1990267;61088;32879;50789;65007;50794;2000021;32844;5794;12505	8589	8039	8414.5	8240	8300.5	5432.5	8162.5	9055.5	6225	3069.5	7382.5	8397	5467.5	906.5	3047.5	5325.5	6825	2199.5	5851	6197.5	7925	4308.5	7667.5	8258.5	111704	5585.2
ORTHO009409	senescence associated gene 18	AT1G71190	16811;16810;16787;3824;3674;8152;8150;9507;9536;43231;43227;43226;5575;43229;44424;44464;5623;5622;44444;5737;16021;31224;44425;16020;6672;43603;34641;6807;44237;9987;6665;1901564;71704;6643;44255;6629;44710;44699;44238;44763	8590	8119	8199.5	7809	7245.5	6313	8002.5	4826.5	7183.5	5748	3366.5	8311	5338.5	906.5	2396.5	5325.5	6549	4154.5	7398	7576.5	5779	3609.5	6538.5	7952.5	107275.5	5.363.775
ORTHO003562	pfkB-like carbohydrate kinase family protein	AT4G28706;AT5G43910	9507;9536;43231;43227;43226;5575;43229;44424;44464;5623;5622;44444;5737;16301;16772;16740;3824;3674;8152;8150;16310;6796;6793;44237;9987;4747;16773;19200;46835;44262;5975;71704;44238;6014;19321;5996;44723;44710;44699;44281	8591	7685	5982.5	3374	6664	7766.5	2703	4964	2367.5	7782	3136.5	2937.5	7743	2711.5	3047.5	5325.5	4870.5	663.5	2662	6322.5	6431	2213.5	2437.5	5222.5	81307.5	4.065.375
ORTHO001667	Plant protein of unknown function (DUF247)	AT3G02645	16021;31224;44425;5575;16020;5886;44464;5623;71944	8592	9118	4824	1056	9108	4179.5	7223	8598.5	3404.5	8398	40.5	7715	3751.5	138	136.5	8707.5	2832.5	19	2223.5	2033	3336	45.5	233	164	63179	3158.95
ORTHO000289	phospholipase A 2A	AT2G26560;AT4G37060;AT4G37070	47372;16298;16788;16787;3824;3674;8152;8150;52689;9626;34050;12501;8219;16265;44699;44763;9987;45087;6952;6950;50896;6955;2376;33554;51716;4620;31408;6633;72330;46394;16053;6082;71704;44281;44710;44237;44283;44711;9058;1901576;44249;19752;43436;32787;6631;44255;6629;44238;8610;31407;46686;10038;10035;42221;71456;36294;36293;70482;9628;71453;70887;1666;5737;44424;44464;5575;5623;5622;16042;44712;9056;1901575;51607;2252;9615;51707;43207;9605;9607;51704;98542;16020;9507;9536;43231;43227;43226;43229;44444;45735;10311;9791;44767;32502;44707;32501;7275;48645;48646;9653;48856;9887;48513;48731;10102;10101;10015;48364;22622;9886;48528;48569;48527	8593	9145	8432.5	8272	9142.5	8135	8983	8569.5	8053.5	8934.5	8095	5839	2763	1800.5	2910	9158.5	7542.5	76	5502	3300.5	8850	493.5	4232.5	8728	111966.5	5.598.325
ORTHO010910	BEST Arabidopsis thaliana protein match is: eukaryotic initiation factor 4A-III (TAIR:AT3G19760.1)	AT4G37020	8150;3674;5634;43231;43227;43226;5575;43229;44424;44464;5623;5622	8594	7335	8736.5	8879	8139.5	6739	4118.5	8414.5	6379.5	1842.5	3136.5	8921.5	8754.5	7213.5	8359	6712.5	7051	4809.5	7987	8905.5	1407	7520.5	8574.5	7860.5	124707	6235.35
ORTHO010907	DNA repair metallo-beta-lactamase family protein	AT1G19025	36297;6281;6259;44260;43170;71704;8152;8150;44237;9987;90304;6139;46483;6725;1901360;34641;6807;44238;6974;33554;51716;50896;6950;44763;44699;44710;715;51276;6996;16043;71840;6289;90305;31848;43247;723;32200;1902589;60249;42592;65008;65007;16233;6303;726;6302;784;44454;44427;44446;44422;5575;43226;44424;44464;5623;5622;43229;5694;43232;43228;44428;5634;43231;43227;228;31981;70013;43233;31974;781;98687;3684;3677;3676;1901363;5488;3674;97159;5737;35312;16895;16796;4527;4518;16788;16787;3824;4529;4536;8409	8595	7338	8864	9133	8139.5	2467	8674.5	2962.5	6379.5	7064	8314	8921.5	8754.5	7213.5	8163.5	6712.5	6982.5	4809.5	7950	8891.5	8019	7441	8520	7721.5	135962	6798.1
ORTHO008050	topoisomerase 3alpha	AT5G63920	6268;32508;32392;71103;51276;6996;16043;71840;8150;9987;6261;6260;6259;44260;43170;71704;8152;44237;90304;6139;46483;6725;1901360;34641;6807;44238;34645;9059;1901576;9058;44249;5634;43231;43227;43226;5575;43229;44424;44464;5623;5622;5694;43232;43228;6281;6974;33554;51716;50896;6950;44763;44699;44710;3677;3676;1901363;5488;3674;97159;712;1903046;22402;7049;51321;3;7131;35825;6310;7127;7126;280;48285;1902589;51307;51304;7059;45132;98813;6265;7067;1903047;278;3917;3916;16853;3824;8270;46914;46872;43169;43167	8596	7261	7651.25	6706.5	7947.5	5432.5	4971.5	4964	5355.5	6139.5	6543	4239	7743	2711.5	3521.5	5325.5	4870.5	2199.5	5851	6148	6431	4308.5	7435.5	5222.5	99413	4970.65
ORTHO000306	P-loop containing nucleoside triphosphate hydrolases superfamily protein	AT3G28510;AT3G28520;AT3G28540;AT3G28580;AT5G40010	5524;35639;1901265;1901363;5488;3674;97159;43168;43167;32559;30554;17076;166;36094;32555;32553;97367;32550;32549;1882;1883;5783;43231;43227;43226;5575;43229;44424;44464;5623;5622;44444;5737;12505;16887;17111;16462;16818;16817;16787;3824;8152;8150;5886;16020;71944;9506;5911;30054;55044;5739;9737;9725;9719;50896;10033;42221;33993;97305;1901700;1101;10431;44702;22414;44699;48609;32504;3;32501;3006;32502;21700;44767;48316;48608;48856;61458;48731;7275;44707;9791;10154	8597	9150	8395.5	8194	9146.5	8135	7097.5	3522	8864	8934.5	8	7624	1352	6156	6192.5	9150	9026.5	5720	2851	2289	3016.5	7897.5	4292	9039.5	111167.5	5.558.375
ORTHO009555	unknown protein	AT1G48170	5575;8150;3674	8598	8947	7800	7002	8884	7430.5	6523.5	4329	4865	5785	8450	8989	4738	401	5718	8737.5	1618.5	307	8782	1291.5	8300	1827.5	4310	8974	101377	5068.85
ORTHO010840	unknown protein	AT4G35905	8150;5739;43231;43227;43226;5575;43229;44424;44464;5623;5622;44444;5737;3674	8599	8356	8573	8547	8471	6810	7665	7935.5	7561.5	5792	8314	8654.5	5338.5	906.5	2396.5	8358	6549	663.5	7281	6001	7166	4067	7244	7952.5	116656	5832.8
ORTHO002555	annexin 8	AT5G12380	9409;9266;9628;50896;8150;6950;9408;5634;43231;43227;43226;5575;43229;44424;44464;5623;5622;5544;5543;8289;5488;3674;43168;43167;9414;9415;1101;42221;10035;1901700;9651;6970;5509;46872;43169	8600	8464	7804.5	7009	8471	7430.5	5345.5	7762	7183.5	6687	6173.5	4841.5	4617.5	1184.5	1910.5	8925	8542.5	663.5	8031	3659	5988	1466	3072.5	7952.5	101436	5071.8
ORTHO011385	RWD domain-containing protein	AT3G60300	5634;43231;43227;43226;5575;43229;44424;44464;5623;5622;8270;46914;46872;43169;43167;5488;3674	8601	8418	8802	9003	8471	7241	6021	9099	4429.5	3731	8737.5	8970	6513.5	6292	7619.5	8660.5	7194	1260.5	8364.5	1632	8228.5	7520.5	8663.5	8639.5	128817.5	6.440.875
ORTHO000780	Cyclopropane-fatty-acyl-phospholipid synthase	AT3G23470;AT3G23480;AT3G23510;AT3G23530	5737;44424;44464;5575;5623;5622;8610;6629;71704;8152;8150;44710;44699;44238;1901576;9058;44711;8825;8757;8168;16741;16740;3824;3674;32259	8602	9112	8862.5	9123	9109	8382	9099	9157	8676	8647.5	7734.5	9130.5	6513.5	328.5	5661	9139.5	8996	114	8962.5	3061	9128	4308.5	9022.5	9157	135218.5	6.760.925
ORTHO011433	Nucleoside diphosphate kinase family protein	AT1G17410	6183;1901070;1901068;46128;9119;9116;55086;6139;46483;44237;8152;8150;9987;6725;1901360;71704;34641;6807;44238;44281;44710;44699;44763;1901564;1901657;1901135;42278;72521;46129;42451;9163;1901659;1901137;1901576;9058;44711;1901566;34654;19438;44249;44271;18130;1901362;72522;42455;9152;9150;6163;9117;6753;19637;6793;6796;9259;19693;9260;46390;90407;9165;1901293;6164;9206;9201;9142;9141;9199;9145;9144;9205;46039;4550;16776;16772;16740;3824;3674;19205;16301;16310;6165;46939;9132;5524;35639;1901265;1901363;5488;97159;43168;43167;32559;30554;17076;166;36094;32555;32553;97367;32550;32549;1882;1883;6228;9209;9208;9147;9148;46051;9218;6220;72527;46131;6213;9220;6221;72528;46132;46134;5737;44424;44464;5575;5623;5622;6241;46036;9507;9536;43231;43227;43226;43229;44444	8603	8427	4458	313	8471	3944.5	6974	3999.5	4142	5557	5114.5	1732	1352	138	136.5	3273.5	2842.5	85.5	1807.5	2688	2937	108	273	648	47753	2387.65
ORTHO009847	Tetratricopeptide repeat (TPR)-like superfamily protein	AT5G39350	3674;8150;5739;43231;43227;43226;5575;43229;44424;44464;5623;5622;44444;5737	8604	8231	7070.5	5537	5748	7411.5	7963	8486	8053.5	3815	7382.5	7376	4793	401	1509	3976.5	3344	1210.5	6835.5	5606	4445	2541	4603.5	3005.5	92758	4637.9
ORTHO007988	alpha/beta-Hydrolases superfamily protein	AT5G19850	5737;44424;44464;5575;5623;5622;8152;8150;16787;3824;3674	8605	7203	7429	6253	7947.5	2295.5	5001	4964	5355.5	8446	6543	2640.5	7743	2711.5	3521.5	5325.5	4870.5	2199.5	5851	5816	6431	4308.5	7435.5	5222.5	96681.5	4.834.075
ORTHO002962	alpha/beta-Hydrolases superfamily protein	AT3G23600	5737;44424;44464;5575;5623;5622;48046;5576;16787;3824;3674;8152;8150;5886;16020;71944;5634;43231;43227;43226;43229;5829;44444;9651;6970;9628;50896;6950	8606	8551	8181.5	7757	8788	7468.5	8759	7762	7183.5	4356	6173.5	4779	5066	590	2023.5	8358	5561	663.5	8031	5672	6431	2763	6624.5	8552	106817	5340.85
ORTHO000846_2	zinc ion binding	AT4G13970	5634;43231;43227;43226;5575;43229;44424;44464;5623;5622;8270;46914;46872;43169;43167;5488;3674;8150	8607	7532	8410.5	8214	6358.5	7324.5	8324.5	5213.5	6712.5	4836.5	7199	2467.5	7963	2711.5	3721.5	5325.5	5561	3121	6531	8478	7052	5213.5	7946.5	5601	111303.5	5.565.175
ORTHO000278_1	nitrate transporter 2:1	AT1G08090;AT1G08100;AT3G45060;AT5G60770;AT5G60780	48527;48528;9791;44767;32502;8150;44699;44707;32501;7275;48364;48513;48856;48731;22622;48569;10167;1901698;42221;50896;1101;10035;1901700;9705;5774;44437;44444;44424;44464;5575;5623;5622;5737;44446;44422;43226;43229;5773;43231;43227;98588;31090;16020;98805;325;55085;44763;9987;44765;6810;51234;51179;1902578;15112;15103;8509;15075;22891;22857;5215;3674;22892;34220;6811;98656;6820;15698;15706;71705;16021;31224;44425;5886;71944;71249;1902170;1901699;70887;51716;71241;71229;1901701;80167;9628;9507;9536	8608	8976	8621	8634	9074	7324.5	9004	8212.5	4788.5	4663.5	8404	8949.5	4555.5	401	5661	8925	6648.5	261.5	8707	8551.5	8300	1407.5	4693	9087	118545	5927.25
ORTHO011361	NAD(P)-linked oxidoreductase superfamily protein	AT1G14345	9534;31976;9579;44424;44464;5575;5623;5622;31984;44446;44422;43226;43229;43227;44435;44444;5737;9536;43231;44434;9507;9535;55035;42651;34357;16020;44436	8609	8439	8840	9071	8471	7444.5	7790.5	8256	4387	5226.5	8167.5	5572	6456	6292	7518.5	8660.5	7158.5	1227	8281	7747	8153	7202	7868.5	8491	131899	6594.95
ORTHO004111	Protein kinase superfamily protein	AT4G14480	5829;44444;44424;44464;5575;5623;5622;5737;32147;45860;45859;43549;42325;19220;51174;31323;50794;50789;65007;8150;19222;51338;50790;65009;1932;31399;32268;51246;80090;60255;1934;42327;45937;10562;31325;9893;48518;48522;31401;32270;51247;10604;33674;51347;43085;44093;5886;16020;71944;7346;51726;31098;33554;51716;9987;50896;6950;35556;7165;7154;44763;44699;44700;23052;4674;4672;16301;16772;16740;3824;3674;8152;16310;6796;6793;44237;16773;6468;6464;36211;19538;43170;71704;44238;43412;44267;44260;42981;43067;10941;23014;44710	8610	8512	7845	7080	8471	6227.5	4835.5	7762	7831	6645	2216.5	8547	5066	590	2163.5	8358	5864.5	1051.5	5589.5	4809.5	6431	3374.5	6854	7721.5	101938	5096.9
ORTHO010854	unknown protein	AT2G15020	3674;5575;8150	8611	8317	7170.5	5730	7662	4199.5	7348	8941	4602.5	7916.5	4867	4949	4380.5	1254	1549	8358	4548.5	3580	6056.5	5369.5	2369	1466	5295.5	6669	93719	4685.95
ORTHO011322	monodehydroascorbate reductase 6	AT1G63940	9570;9532;44435;44444;44424;44464;5575;5623;5622;5737;44446;44422;43226;43229;9536;43231;43227;44434;9507;55114;44710;8152;8150;44699;5524;35639;1901265;1901363;5488;3674;97159;43168;43167;32559;30554;17076;166;36094;32555;32553;97367;32550;32549;1882;1883;5739;16656;16655;16651;16491;3824;10319;9526;31967;31975;9409;9266;9628;50896;6950;50660;50662;48037;46686;10038;10035;42221	8612	8452	8513	8414	8471	3040	2032.5	9148.5	8782	8934.5	4367.5	5960	1352	7343.5	2910	8660.5	7071	9109.5	3119	4630.5	3478.5	8005	7486	8649.5	114080	5704
ORTHO009276	6-phosphogluconate dehydrogenase family protein	AT4G29120	5829;44444;44424;44464;5575;5623;5622;5737;5739;43231;43227;43226;43229;6098;51156;19637;71704;8152;8150;6793;44237;9987;1901135;6796;6739;46496;19362;6733;6732;51186;9117;6753;55086;6139;46483;6725;1901360;34641;6807;44238;44281;44710;44699;44763;72524;1901564;19682;6081;19693;6574;9083;9081;6520;19752;43436;6082;9063;46395;16054;44282;44712;9056;1901575;44248;1901565;1901606;1901605;6573;8442;16616;16614;16491;3824;3674;55114;4616;51287;50662;48037;5488;166;36094;1901265;1901363;97159	8613	8108	8358	8103	7245.5	6966	3224.5	7935.5	6124	5732.5	7040	7432	5338.5	906.5	2396.5	8358	6549	867.5	5589.5	7747	8228.5	4308.5	7435.5	8026	110205.5	5.510.275
ORTHO001295_2	unknown protein	AT1G47310	3674;9507;9536;43231;43227;43226;5575;43229;44424;44464;5623;5622;44444;5737;8150	8614	7706	4380	146	5476.5	3929	3327	3987	3525	8535.5	544	2086	3612.5	138	136.5	1273	2759	56.5	1612.5	2008	2381.5	146	182.5	89.5	40329	2016.45
ORTHO009152	CONTAINS InterPro DOMAIN/s: WLM (InterPro:IPR013536); PUB domain (InterPro:IPR018997); PUG domain (InterPro:IPR006567)	AT5G35690	5634;43231;43227;43226;5575;43229;44424;44464;5623;5622	8615	7710	6298.5	3982	5476.5	5319	4528.5	8256	5619	5571.5	7382.5	8178.5	4793	1321.5	1509	3023.5	5685	867.5	4607.5	5887	3417.5	1910	3832.5	3005.5	84714.5	4.235.725
ORTHO010782	unknown protein	AT1G08390	8150;5634;43231;43227;43226;5575;43229;44424;44464;5623;5622	8616	8336	7255	5894	7662	6149	4341	7762	6823.5	8118.5	7886	5572	1352	1254	1812.5	8358	8514.5	663.5	3691	4778	5988	1310	3030.5	7266.5	94670.5	4.733.525
ORTHO005416	Peroxidase superfamily protein	AT4G33870	5576;5575;4601;16684;16491;3824;3674;8152;8150;55114;44710;44699;16209	8617	8913	8171	7725	8984.5	6966	3430	9155	5851.5	3524.5	7594	7102	4355	401	4842.5	8925	6027	318	7644	4956.5	8083.5	1228	7244	8942.5	106590	5329.5
ORTHO011413	pentatricopeptide (PPR) repeat-containing protein	AT1G74600	5739;43231;43227;43226;5575;43229;44424;44464;5623;5622;44444;5737;80156;16556;9451;16070;44260;43170;71704;8152;8150;44237;9987;90304;6139;46483;6725;1901360;34641;6807;44238;43412;16071;1900864;959;9507;9536	8618	8468	8420.5	8223	8471	6382	7665	7935.5	7183.5	6247	8314	4351.5	5338.5	906.5	2163.5	8358	6549	1114.5	7482.5	6148	7489.5	3609.5	6194.5	8026	111458.5	5.572.925
ORTHO009238	E2F/DP family winged-helix DNA-binding domain	AT4G19003	814;98796;43234;32991;5575;44425;16020;36452;44440;44444;44424;44464;5623;5622;5737;44446;44422;43226;43229;5768;43231;43227;12505;10008;98588;31090;98805;5515;5488;3674;16192;6810;51234;51179;8150	8619	8917	8689.5	8760	8884	5974	2121.5	8445	7183.5	5797.5	8167.5	9100.5	4793	401	5718	8925	8779.5	298	8806.5	7080	8300	4471.5	8026.5	8992.5	121381	6069.05
ORTHO005597	receptor-like protein kinase-related family protein	AT5G48540	5576;5575;3674;80167;9628;50896;8150	8620	8921	7400.5	6181	8984.5	6643.5	8945.5	7527.5	4526.5	2455.5	5902	2392.5	2987.5	590	3521.5	8804.5	4761	1180.5	5589.5	8661.5	6180.5	4471.5	4927.5	6210	96278.5	4.813.925
ORTHO010807	HhH-GPD base excision DNA repair family protein	AT4G12740	51539;51536;51540;5488;3674;6284;6281;6259;44260;43170;71704;8152;8150;44237;9987;90304;6139;46483;6725;1901360;34641;6807;44238;6974;33554;51716;50896;6950;44763;44699;44710;46872;43169;43167;3677;3676;1901363;97159;5634;43231;43227;43226;5575;43229;44424;44464;5623;5622;16798;16787;3824	8621	7408	6274	3927	8202.5	4415.5	4785	4462	4953	7782	6173.5	5983.5	2906	2711.5	1812.5	5325.5	3682	1494	4388	6754	4321	2677	5826.5	3920	84372.5	4.218.625
ORTHO010588	Protein of unknown function; DUF547	AT2G39690	8150;5634;43231;43227;43226;5575;43229;44424;44464;5623;5622;3674	8622	7721	7909.5	7197	6664	5432.5	4118.5	4964	7325.5	4086	6543	8397	5467.5	906.5	3047.5	5325.5	4761	2199.5	5851	8214	6180.5	4308.5	7335	8258.5	102721.5	5.136.075
ORTHO002609	Transcription elongation factor Spt6	AT1G63210;AT1G65440	3746;8135;3723;3676;1901363;5488;3674;97159;6412;43043;43604;43603;34641;6807;8152;8150;44237;9987;44271;44249;9058;6518;1901564;71704;1901566;1901576;44267;19538;43170;44238;44260;34645;9059;10467;6414;6357;6355;1903506;2001141;31326;9889;19222;50789;65007;31323;50794;51252;19219;80090;51171;60255;10556;10468;2000112;6139;46483;6725;1901360;16788;16787;3824;32784;5634;43231;43227;43226;5575;43229;44424;44464;5623;5622;9790;44767;32502;44699;48856;7275;44707;32501;3677;6333;6325;43933;16043;71840;51276;6996;5829;44444;5737;9506;5911;30054;55044;6352;32774;16070;90304;34654;19438;18130;1901362;6351;97659	8623	8652	8088	7553	8471	7603	2627.5	7588.5	8467	6856.5	8314	3983	5066	590	1910.5	8358	6409	1051.5	2734.5	5781.5	8468.5	2763	8115.5	8552	105239.5	5.261.975
ORTHO007926	S-adenosyl-L-methionine-dependent methyltransferases superfamily protein	AT1G45231	1510;43414;44260;43170;71704;8152;8150;44237;9987;32259;43412;9451;16070;90304;6139;46483;6725;1901360;34641;6807;44238;5575;9452;36260;6396;10467;8168;16741;16740;3824;3674	8624	7372	4883.5	1143	8139.5	908.5	6542.5	2250	4551	8647.5	32	7312.5	1352	4134.5	1462	5325.5	2371.5	6183.5	3233.5	3418	2953	659	629	2314	64279.5	3.213.975
ORTHO000337_3	RNA-dependent RNA polymerase 6	AT3G49500	3887;34061;16779;16772;16740;3824;3674;8152;8150;71897;6259;44260;43170;71704;44237;9987;90304;6139;46483;6725;1901360;34641;6807;44238;34645;9059;1901576;9058;44249;34654;19438;44271;18130;1901362;48544;8037;44763;44699;9875;7154;9856;44703;51704;22414;44706;32501;3676;1901363;5488;97159;5634;43231;43227;43226;5575;43229;44424;44464;5623;5622;9616;51607;2252;2376;9615;51707;43207;9605;50896;9607;98542;6952;6950;98586;45087;6955;52018;44003;51817;35821;65008;65007;44403;44419;51701;52249;10267;30422;70918;31050;6396;16070;10467;44710;71359;71407;14070;10033;42221;71310;70887;51716;43331;1901698;1901699;31047;16458;10629;10605;9892;48519;50789;19222;60255;10468;16246;35194;16441;10608;40029;3968;34062;1172;97659;32774;3723;48467;48438;44767;32502;44702;3006;48856;9908;90567;48608;61458;48731;7275;44707;9791;48367;48366;48827;48440;48437;48569;48513	8625	7490	6083.5	3542	5439	8980.5	4457	8256	4087	4433.5	7382.5	7280	1352	1321.5	4462	3023.5	5561	867.5	4548.5	5887	3417.5	1910	3832.5	1142.5	82202	4110.1
ORTHO000596	Heavy metal transport/detoxification superfamily protein	AT3G07600;AT4G05030	5634;43231;43227;43226;5575;43229;44424;44464;5623;5622;5737;46872;43169;43167;5488;3674;30001;6812;6811;44765;6810;51234;51179;8150;1902578;44699;46914;46916;6875;55065;98771;50801;48878;42592;65008;65007;55080;30003;6873;55082;19725;44763;9987;55076	8626	9139	7392	6158	9141	3801	9148	9118	5258	8934.5	4399.5	5631.5	4955.5	4763.5	5873.5	9091	8576	50	1031	3699	241	440	2142.5	8986	96139.5	4.806.975
ORTHO010841	RNI-like superfamily protein	AT3G58530	8150;5737;44424;44464;5575;5623;5622;5829;44444	8627	8358	8200.75	7774.5	7662	6313	7665	9044	5144	4809.5	8314	4351.5	5338.5	906.5	2396.5	8358	6825	663.5	7281	6103	7489.5	3111.5	4887	7952.5	106953.5	5.347.675
ORTHO007948	acclimation of photosynthesis to  environment	AT5G38660	9534;31976;9579;44424;44464;5575;5623;5622;31984;44446;44422;43226;43229;43227;44435;44444;5737;9536;43231;44434;9507;9941;9526;31967;31975;3674;9535;55035;42651;34357;16020;44436;5739;43248;43623;6461;65003;43933;16043;71840;8150;9987;22607;44085;71822;70271;34622;5634	8628	8136	4479	330	7245.5	3971.5	2155	3999.5	4142	3099	5062.5	7704	3718.5	138	136.5	3273.5	2818.5	102.5	1827	2185	2937	116.5	488.5	660	48535	2426.75
ORTHO010665	unknown protein	AT1G19990	3674;8150;5634;43231;43227;43226;5575;43229;44424;44464;5623;5622	8629	8288	7842	7055	8471	5621	3960	7762	7561.5	7012	6173.5	8467	4617.5	906.5	1677.5	8358	5281.5	663.5	6056.5	6754	5988	2061	5295.5	7508	101724.5	5.086.225
ORTHO010879	unknown protein	AT1G73470	9507;9536;43231;43227;43226;5575;43229;44424;44464;5623;5622;44444;5737;8150;3674	8630	8428	8276.5	7923	7662	5904	7665	8102.5	5355.5	8231.5	4086	6651.5	3122	6292	6937	8660.5	1685	1227	7562	5337	8083.5	2433.5	3072.5	7952.5	108360.5	5.418.025
ORTHO010909	BEST Arabidopsis thaliana protein match is: transcription factor-related (TAIR:AT4G18650.1)	AT3G14880	43565;3677;3676;1901363;5488;3674;97159;6351;34645;44260;43170;71704;8152;8150;44237;9987;9059;1901576;9058;44249;97659;32774;16070;90304;6139;46483;6725;1901360;34641;6807;44238;34654;19438;44271;18130;1901362;10467;80167;9628;50896;5634;43231;43227;43226;5575;43229;44424;44464;5623;5622	8631	8362	8251	7871	7662	6313	7600	7935.5	5144	7035	7040	4386.5	5338.5	906.5	2396.5	8358	8779.5	663.5	5220.5	6001	7052	3503.5	6194.5	7952.5	107820.5	5.391.025
ORTHO007093	Uncharacterized protein family (UPF0016)	AT1G64150	9507;9536;43231;43227;43226;5575;43229;44424;44464;5623;5622;44444;5737;16021;31224;44425;16020;31969;42170;31090;44422;44435;44446;9526;31967;31975;44434;9941	8632	8668	8328.5	8025	8730.5	5704	8911	8640	2743.5	5223.5	7040	4351.5	1352	6144.5	7313.5	5325.5	7443	1386	8228.5	4630.5	7254	7520.5	4887	5222.5	109321	5466.05
ORTHO000683	SGNH hydrolase-type esterase superfamily protein	AT1G75880;AT1G75890;AT1G75900;AT1G75910;AT1G75920	5576;5575;16298;16788;16787;3824;3674;8152;8150;19953;44703;51704;22414;3;16746;16740;16042;44712;9056;44710;44699;6629;71704;44238;1901575;5578;31012;44421;70505;44420	8633	8646	8216	7799	8471	7468.5	4457	7588.5	5851.5	3809	8450	3950.5	4955.5	590	2023.5	8358	6162	1568.5	8121	5606	8663	2608	7868.5	9072	107171	5358.55
ORTHO010603	Glutathione S-transferase family protein	AT5G44000	9507;9536;43231;43227;43226;5575;43229;44424;44464;5623;5622;44444;5737;16740;3824;3674;8152;8150;4364;16765	8634	8368	7842	7050	8471	5351.5	3758	7656	7455	4841.5	7734.5	5218.5	1352	4244	3047.5	8358	8637.5	523.5	5589.5	6632	5637	2328.5	6194.5	7120	101679	5083.95
ORTHO001976	unknown protein	AT2G48060	9507;9536;43231;43227;43226;5575;43229;44424;44464;5623;5622;44444;5737;8150;16021;31224;44425;16020;8381;5216;15075;22891;22857;5215;3674;6810;51234;51179;55085;44763;9987;44699;44765;1902578;22892;34220;6811;22838;15267;22803;22833;22836	8635	8885	8468.5	8302	8984.5	7430.5	8889.5	7588.5	5028	4862.5	8364	2230.5	1352	401	5718	8925	6298	1406.5	8806.5	7080	8350.5	2677	8026.5	8980.5	112415	5620.75
ORTHO009892	DNAJ heat shock family protein	AT1G28210	51087;5515;5488;3674;5739;43231;43227;43226;5575;43229;44424;44464;5623;5622;44444;5737;42026;6457;9987;8150;51082	8636	8369	8905	9174	8471	8278	8964	8753	8053.5	7830	8820	9095	4010.5	5663.5	1145.5	8583	7679.5	5056.5	8894	7194	8828	9002	8993	8992.5	143835.5	7.191.775
ORTHO008225	Tic22-like family protein	AT3G23710	9507;9536;43231;43227;43226;5575;43229;44424;44464;5623;5622;44444;5737;9706;9528;19866;31090;16020;44422;31967;31975;44446;42170;44435;9526;31969;44434;9941;31972;9529;31970;31974;15031;45184;51234;51179;8150;8104;33036;71702;6810	8637	8035	7887	7137	7245.5	5432.5	8221	7935.5	6225	3955	7382.5	2729	3152	906.5	3521.5	5325.5	7029	2199.5	5851	8077	7925	3453.5	4748	8258.5	102327.5	5.116.375
ORTHO010874	unknown protein	AT1G07020	8150;5634;43231;43227;43226;5575;43229;44424;44464;5623;5622;3674	8638	8372	8128.5	7619	7662	2358	4742	7762	5851.5	8934.5	3792.5	8467	1352	7600	6969.5	8660.5	8462.5	1260.5	4756.5	5606	5422.5	2837	3339	7508	105681.5	5.284.075
ORTHO010736	importin alpha isoform 8	AT5G52000;AT5G52010	5654;44428;44446;44422;5575;43226;44424;44464;5623;5622;43229;5634;43231;43227;31981;70013;43233;31974;6607;6606;17038;15031;45184;51234;51179;8150;8104;33036;71702;6810;44765;1902578;44699;6886;46907;51649;51641;34613;70727;34504;33365;1902580;1902593;1902582;51170;6913;16482;51169;72594;44744;6605;48235;44702;22414;3006;32502;30154;48869;44767;44763;9987;22412;32504;3;32501;55046;44707;9555;48229;7275;48856;48232;7276;48609;19953;44703;51704;5643;5635;31967;31975;12505;8139;5048;42277;33218;5488;3674;8565;22892;5215;5737;5829;44444;9507;9536;3676;1901363;97159;3700;1071;2001141;31326;9889;19222;50789;65007;31323;50794;51252;19219;80090;51171;60255;10556;6355;1903506;10468;2000112;46872;43169;43167;8270;46914	8639	8440	8010	7381	7662	6085.5	4785	7762	7046.5	4574.5	7999	7392	4955.5	906.5	2163.5	8358	5864.5	663.5	6327	4778	6431	3374.5	6854	7721.5	104042	5202.1
ORTHO007710	unknown protein	AT4G08240	5829;44444;44424;44464;5575;5623;5622;5737;8150;3674	8640	8950	8165.5	7691	8884	2999.5	7422	8256	5619	8231.5	7199	8724.5	4328	488.5	3721.5	8737.5	8576	182.5	8332	2794.5	7860	837.5	3123.5	8847.5	106280.5	5.314.025
ORTHO007096	unknown protein	AT2G45320	5739;43231;43227;43226;5575;43229;44424;44464;5623;5622;44444;5737;8150;3674	8641	7580	8206	7771	5439	3324	5105.5	9072.5	3229.5	7125	8786.5	6741.5	7258.5	5733	841.5	3023.5	8133	5944.5	3301	8882	5779	7567	3571.5	3501.5	106920.5	5.346.025
ORTHO011450	maternal effect embryo arrest 59	AT4G37300	9793;44702;22414;8150;44699;3006;32502;9790;44767;48856;7275;44707;32501;48316;48608;61458;48731;9791;10154;5634;43231;43227;43226;5575;43229;44424;44464;5623;5622;3674	8642	8442	7603	6564	8471	6085.5	7507.5	7762	6124	3372	6543	4566	2954.5	906.5	1910.5	8358	5561	663.5	6327	5781.5	6431	3222.5	6854	7656.5	98586.5	4.929.325
ORTHO002725	GA requiring 3	AT5G25900	16709;16705;16491;3824;3674;8152;8150;55114;44710;44699;4497;44550;19748;44711;9058;9707;9527;31968;31090;16020;5575;44422;43226;43227;19867;44424;44464;5623;5622;98805;31967;31975;44446;43229;98588;42170;44435;44444;5737;9536;43231;9526;31969;44434;9507;9941;9740;10476;9755;7165;50794;50789;65007;51716;9987;50896;7154;44763;44700;23052;32870;9725;9719;10033;42221;71495;71310;70887;71370;9739;33993;1101;1901700;71396;71229;1901701;19825;5488;20037;46906;1901363;97159;9686;16102;16114;6721;6720;44255;6629;71704;44238;44237;8299;8610;1901576;44249;16101;46394;16053;6082;44281;44283;19752;43436;9685;5783;12505;10241;33331;42214;16021;31224;44425	8643	7581	7113.5	5584	6358.5	4865.5	9017.5	4734	5851.5	5270	8095	4566	7031	3374	2702.5	5325.5	1266	1780	6389	3165	5265	3374.5	6413.5	4484	92969.5	4.648.475
ORTHO008521	Transducin/WD40 repeat-like superfamily protein	AT4G21530	31145;43161;10498;51603;6508;19538;43170;71704;8152;8150;44238;44257;30163;9057;1901575;9056;44265;44260;44237;9987;44248;44267;6511;19941;43632;51301;44763;44699;5680;152;44428;44446;44422;5575;43226;44424;44464;5623;5622;43229;5634;43231;43227;151;1990234;1902494;43234;32991;31461;166;36094;5488;3674;1901265;1901363;97159;16567;32446;70647;6464;36211;43412;30071;1901990;1901987;10564;51726;50794;50789;65007;7346;1902099;7088;51783;33043;51128;51302;32434;61136;1903050;1903362;31329;9894;19222;31323;42176;51246;80090;60255;32268;30162;9790;44767;32502;48856;7275;44707;32501;7067;280;48285;6996;16043;71840;1903047;22402;7049;278;1902589;48481;3006;22414;35670;48608;61458;48731;48440;48827;48367;48437;44702;48569;48513;9908;90567;9791;48467;48438	8644	7633	7929.5	7215	8259	2295.5	8376	4964	6379.5	4501.5	7382.5	8467	7743	2711.5	3521.5	5325.5	4942.5	2558	6109.5	4012.5	6431	4308.5	7554.5	5222.5	102806.5	5.140.325
ORTHO009663	unknown protein	AT3G50430	5739;43231;43227;43226;5575;43229;44424;44464;5623;5622;44444;5737	8645	7380	4524	403	5386.5	3885	7092.5	4034.5	4551	6364	5148.5	1687.5	3718.5	138	136.5	3151	2848	61	1827	2713.5	2409.5	173	241.5	107	50287.5	2.514.375
ORTHO006824	BTB/POZ domain-containing protein	AT1G04390	9507;9536;43231;43227;43226;5575;43229;44424;44464;5623;5622;44444;5737;8150	8646	8157	8331.5	8017	7245.5	6313	7600	7935.5	5754	7350.5	8232.5	4386.5	5066	906.5	2396.5	5325.5	6549	663.5	7197.5	7576.5	6908	3955.5	7156	7952.5	109225	5461.25
ORTHO005532	cytochrome c oxidase 15	AT5G56090	5739;43231;43227;43226;5575;43229;44424;44464;5623;5622;44444;5737;5743;19866;31090;16020;44422;31967;31975;44446;31966;44429;5740;16653;16651;16491;3824;3674;8152;8150;55114;44710;44699;4129;15002;15078;15077;22890;8324;15075;22891;22857;5215;6810;51234;51179;55085;44763;9987;44765;1902578;22892;34220;6811;98655;6812;15672;1902600;15992;6818;98662;98660;9055;16676;16675;8535;17004;43623;6461;65003;43933;16043;71840;22607;44085;71822;70271;34622;6784;46160;42168;6778;51186;44237;33013;46483;6725;1901360;71704;1901564;6807;42440;6783;6779;51188;44249;9058;33014;19438;44271;34641;18130;1901362;1901576;1901566;46148;44711	8647	9049	7197	5747	9043	7658.5	9004	3003.5	1994.5	3869	9062.5	4724	1352	5680	5969	7782	85	451.5	8973.5	3362	489.5	3503.5	7868.5	8970.5	93803	4690.15
ORTHO010890	Protein of unknown function (DUF3531)	AT4G29400	8150	8648	7482.5	8344	8040	6358.5	5904	3863.5	5213.5	5619	3350	7199	8595.5	8094	2711.5	3936.5	5325.5	5561	3121	6531	8478	7052	5213.5	7946.5	5806	109521	5476.05
ORTHO009144	unknown protein	AT4G16060	9570;9532;44435;44444;44424;44464;5575;5623;5622;5737;44446;44422;43226;43229;9536;43231;43227;44434;9507;5829;8150;3674	8649	8964	5623	2597	8805.5	8135	6145.5	7244.5	5851.5	8647.5	5508	7144.5	1352	504	1509	8617	3322.5	355.5	2623	3396.5	3778.5	596	1157	780.5	76668	3833.4
ORTHO009263	purine permease 5	AT2G24220	5345;15205;22891;22857;5215;3674;6810;51234;51179;8150;55085;44763;9987;44699;44765;1902578;22892;15851;71705;71702;6863;16020;5575;16021;31224;44425	8650	7395	8877	9104	8202.5	7499.5	8552.5	6428.5	2868	2443	8167.5	8855.5	8519	7101	8093.5	6712.5	6722.5	4673.5	7644	8776	7672.5	7301.5	8405	7315.5	133751	6687.55
ORTHO000882	GroES-like zinc-binding dehydrogenase family protein	AT1G22430;AT1G22440;AT4G22110;AT5G42250	5737;44424;44464;5575;5623;5622;8270;46914;46872;43169;43167;5488;3674;55114;44710;8152;8150;44699;4022;16616;16614;16491;3824;5829;44444	8651	9019	7719	6787	9020.5	8440.5	8975	9022	4028	6050.5	513.5	2597	4230	297.5	1616	8594.5	7258	963	8500.5	2092	6810.5	4780.5	6326.5	8795.5	99891	4994.55
ORTHO006229	ferric reduction oxidase 6	AT5G49730;AT5G49740	293;16723;16722;16491;3824;3674;8152;8150;55114;44710;44699;16021;31224;44425;5575;16020;5634;43231;43227;43226;43229;44424;44464;5623;5622;46872;43169;43167;5488;9416;9314;9628;50896;6811;44765;6810;51234;51179;1902578;5886;71944;9767;22900;6091;44237;9987;44763;19684;15979;31969;42170;31090;44422;44435;44444;5737;44446;9536;9526;31967;31975;44434;9507;9941	8652	7940	7299	5946	6857.5	3917	8738.5	8395.5	1430.5	8647.5	8537.5	2343.5	7258.5	6156	3936.5	6044.5	7526.5	1260.5	1523.5	3747	328	8666	3040	3501.5	94998.5	4.749.925
ORTHO000431_2	calcium-dependent lipid-binding family protein	AT1G48090	9507;9536;43231;43227;43226;5575;43229;44424;44464;5623;5622;44444;5737;35091;5543;8289;5488;3674;43168;43167;7165;50794;50789;65007;8150;51716;9987;50896;7154;44763;44699;44700;23052;9506;5911;30054;55044	8653	8486	5668.5	2684	6478.5	4633.5	4785	8509	3340.5	7064	6070	4239	1352	4277	1579	5325.5	3106	1281.5	5272.5	4297.5	3800.5	1656	4345.5	2314	77248	3862.4
ORTHO009714	RING/U-box superfamily protein	AT3G15150	46872;43169;43167;5488;3674;16925;18205;18193;6464;36211;19538;43170;71704;8152;8150;44238;43412;44267;44260;44237;9987;32446;70647;724;725;6281;6259;90304;6139;46483;6725;1901360;34641;6807;6974;33554;51716;50896;6950;44763;44699;44710;6310;6302;9736;9755;7165;50794;50789;65007;7154;44700;23052;32870;9725;9719;10033;42221;71495;71310;70887;71368;9735;19789;19787;16740;3824;45931;45787;51726;48522;48518;7346;5634;43231;43227;43226;5575;43229;44424;44464;5623;5622;16874;8284;42127;5737;80038;9967;9966;10646;48583;23051;10647;48584;23056;80036;5515;60250;60249;42592;65008;10082;10075;48509;2000026;50793;51239;48638;40008;10073;44767;32502;44707;32501;48507;9888;48856;48513;48731;7275;2000280;10015;9653;48364;22622;30915;44427;44446;44422;5694;43232;43228;43234;32991;793;7049;32876;10948;10564;45786;48523;48519;2000104;8156;51053;10605;9892;19222;60255;45934;19219;80090;51171;31323;51172;31324;51052;6275;2000112;31326;9889;10556;2000113;31327;9890;10558;90329;32875	8654	7460	8803.5	8953	6358.5	5516	7239	2962.5	5994	8398	7734.5	5931	3550	7101	7667.5	6712.5	8818.5	4595	7153	8721.5	7052	7016	8247	6553	126962	6348.1
ORTHO010905	Protein kinase superfamily protein	AT3G61080	9507;9536;43231;43227;43226;5575;43229;44424;44464;5623;5622;44444;5737;16310;6796;6793;44237;8152;8150;9987;16301;16772;16740;3824;3674;5739	8655	7466.5	5684	2713	6358.5	2501	8162.5	4424	6379.5	6889	5973.5	6213.5	6316	3283.5	1725.5	5325.5	2886	1494	4059	1189.5	2420.5	1407.5	3141.5	3635.5	77427	3871.35
ORTHO010052	RNA-binding (RRM/RBD/RNP motifs) family protein	AT2G27790	5654;44428;44446;44422;5575;43226;44424;44464;5623;5622;43229;5634;43231;43227;31981;70013;43233;31974;3676;1901363;5488;3674;97159;8150;166;36094;1901265	8656	7468	6468.5	4281	8259	5650.5	7085	4294	6225	8934.5	5685.5	6895.5	4617.5	3461.5	1389	5325.5	3097.5	5221.5	1612.5	5400	2557.5	1179	3733.5	3920	86285	4314.25
ORTHO009884	Photosystem II reaction center PsbP family protein	AT2G28605	9507;9536;43231;43227;43226;5575;43229;44424;44464;5623;5622;44444;5737;15979;44237;8152;8150;9987;9579;9543;31978;31977;44436;44435;44446;44422;31976;31984;44434;9534;9654;98796;43234;32991;44425;16020;1990204;1902494;42651;34357;9523;9521;5509;46872;43169;43167;5488;3674;19898	8657	8335	6196	3735	8776.5	4946.5	5410	7588.5	5221.5	2569	3702.5	6361.5	1352	4314	2396.5	8358	7721	1051.5	5589.5	3600	1579	1179	3141.5	7120	83201.5	4.160.075
ORTHO004855	cleavage and polyadenylation specificity factor 160	AT5G51660	5634;43231;43227;43226;5575;43229;44424;44464;5623;5622;5515;5488;3674;6378;31124;6397;16071;16070;44260;43170;71704;8152;8150;44237;9987;90304;6139;46483;6725;1901360;34641;6807;44238;6396;10467;31123;43631;6379;90501;90305;5829;44444;5737	8658	8923	6572	4486	8884	3905	7302.5	7935.5	3855	8934.5	5973.5	7246.5	4171.5	5297	3721.5	8770.5	9149	523.5	1486.5	2966.5	2908	95.5	188.5	2850	87280.5	4.364.025
ORTHO007466	alpha/beta-Hydrolases superfamily protein	AT5G38360	16787;3824;3674;8152;8150;9507;9536;43231;43227;43226;5575;43229;44424;44464;5623;5622;44444;5737	8659	8715	8347	8035	8619	8536.5	9029	7527.5	5754	5386	8450	3950.5	4865.5	590	1910.5	8925	6244	1051.5	6327	4131	8153	2433.5	7729.5	8456	109450	5472.5
ORTHO011196	Trypsin family protein with PDZ domain	AT5G39830	8236;70011;8233;16787;3824;3674;8152;8150;6508;19538;43170;71704;44238;17171;9543;31978;31977;44436;44424;44464;5575;5623;5622;9579;44435;44444;5737;44446;44422;43226;43229;9536;43231;43227;31976;31984;44434;9507;9534;10206;30091;44267;44260;44237;9987;9765;6091;19684;15979;4252;4175	8660	7520	7393	6126	6358.5	6986.5	6890	8102.5	702.5	7485	6543	2729	5740	906.5	3047.5	5325.5	6825	1780	2922	5002	6431	4067	6194.5	8258.5	95938	4796.9
ORTHO010450	Protein of unknown function (DUF300)	AT1G23070	9507;9536;43231;43227;43226;5575;43229;44424;44464;5623;5622;44444;5737;6810;51234;51179;8150;16021;31224;44425;16020;5215;3674	8661	7829	4467.5	274	6857.5	3971.5	1744	3729.5	4142	7539	5124	863	3718.5	138	136.5	3128	2799.5	203.5	1788	3061	2874	193	514	660	46327	2316.35
ORTHO007231	CONTAINS InterPro DOMAIN/s: Streptomyces cyclase/dehydrase (InterPro:IPR005031)	AT5G08720	3674;8150;5739;43231;43227;43226;5575;43229;44424;44464;5623;5622;44444;5737;9507;9536;5515;5488	8662	7374	8164.5	7667	8139.5	7633.5	5105.5	8181.5	6584	1642.5	7734.5	2467.5	7963	2711.5	3936.5	5325.5	5561	3121	6531	5781.5	7052	5213.5	7946.5	5601	106093	5304.65
ORTHO000553	UDP-Glycosyltransferase superfamily protein	AT3G11340;AT3G55700;AT3G55710;AT5G05860;AT5G05870;AT5G05880;AT5G05890;AT5G05900	5634;43231;43227;43226;5575;43229;44424;44464;5623;5622;8194;16757;16740;3824;3674;8152;8150;46527;16758;10150;10260;7568;44767;32502;44699;48513;48856;48731;7275;44707;32501;48366;48827;48367;50832;98542;6952;6950;50896;51707;43207;9605;9607;51704;9620;42631;31668;51716;9987;71496;7154;44763;9991;71462;71214;9628;9415;1101;42221;10035;1901700;71229;70887;1901701;9414;33554;9690;9308;1901564;71704;6807;46483;44237;6725;34754;42445;10817;65008;65007;47807;35251;48316;48608;3006;22414;61458;44702;9791;10154;1901527;9738;9755;7165;50794;50789;44700;23052;32870;9725;9719;10033;71495;71310;71215;9737;33993;97305;71396;97306;10118;80062;1900000;31537;80090;19222;9894	8663	9130	7103.5	5544	9128	3844	333.5	4964	4387	8934.5	19	3422.5	1352	6144.5	6267.5	9104	9057	8613.5	4864	2326	9083	553.5	545.5	8961	92776	4638.8
ORTHO000462	D-arabinono-1;4-lactone oxidase family protein	AT1G32300;AT2G46740;AT2G46750;AT2G46760;AT5G11540;AT5G56490	55114;44710;8152;8150;44699;50660;50662;48037;5488;3674;43168;43167;166;36094;1901265;1901363;97159;50105;16899;16614;16491;3824;3885;19853;46394;16053;6082;71704;44281;44763;9987;44237;44283;44711;9058;1901576;44249;19752;43436;46364;5996;44723;5975;44238;16051;42364;6767;6766;9110;19852;16020;5575;8762;16616;5618;30312;44464;5623;71944;5576;5773;43231;43227;43226;43229;44424;5622;44444;5737;5739	8664	8836	7796.5	6929	5404	9147	8054.5	8583.5	8616	8934.5	1810	5983.5	1352	8456.5	7619.5	5325.5	9005.5	1311.5	8458.5	1632	1432	468	388	4291.5	100869.5	5.043.475
ORTHO006255	CONTAINS InterPro DOMAIN/s: Beta-Casp domain (InterPro:IPR022712)	AT3G07530	32039;44451;44428;44446;44422;5575;43226;44424;44464;5623;5622;43229;5634;43231;43227;5654;31981;70013;43233;31974;43234;32991;16591;55029;428;30880;61695;1990234;1902494;16180;34470;34660;16070;44260;43170;71704;8152;8150;44237;9987;90304;6139;46483;6725;1901360;34641;6807;44238;6396;10467;16073;3674	8665	7599	7094	5523	6358.5	6085.5	2328.5	5213.5	7978	5847	7734.5	2467.5	1352	2711.5	4124.5	5325.5	5685	3121	6531	8478	7166	2763	1961.5	5806	92679.5	4.633.975
ORTHO010896	P-loop containing nucleoside triphosphate hydrolases superfamily protein	AT1G73110	9535;55035;42651;34357;16020;5575;44436;44424;44464;5623;5622;9579;44435;44444;5737;44446;44422;43226;43229;9536;43231;43227;31976;31984;44434;9507;9534;5524;35639;1901265;1901363;5488;3674;97159;43168;43167;32559;30554;17076;166;36094;32555;32553;97367;32550;32549;1882;1883;16887;17111;16462;16818;16817;16787;3824;8152;8150	8666	7482.5	6068.5	3471	6358.5	4946.5	8747.5	4734	5071	7782	3366.5	4841.5	7121	2711.5	2702.5	5325.5	3059	1780	5027.5	4925	1325	1613	2261.5	4484	81824.5	4.091.225
ORTHO006052	Thioesterase superfamily protein	AT2G29590	5777;42579;43231;43227;43226;5575;43229;44424;44464;5623;5622;44444;5737;47617;16289;16790;16788;16787;3824;3674;8152;8150	8667	8526	4506	345	8471	1729.5	6265.5	727.5	8864	8934.5	4312.5	2803.5	1352	138	136.5	3273.5	8996	157	64.5	813	202.5	37	26	132	48965	2448.25
ORTHO008049	DNA repair-recombination protein (RAD50)	AT2G31970	16887;17111;16462;16818;16817;16787;3824;3674;8152;8150;16233;723;6259;44260;43170;71704;44237;9987;90304;6139;46483;6725;1901360;34641;6807;44238;32200;51276;6996;16043;71840;1902589;44763;44699;44710;60249;42592;65008;65007;5634;43231;43227;43226;5575;43229;44424;44464;5623;5622;51321;7049;3;5524;35639;1901265;1901363;5488;97159;43168;43167;32559;30554;17076;166;36094;32555;32553;97367;32550;32549;1882;1883;6281;6974;33554;51716;50896;6950;6302;5737;6312;6310;781;98687;44427;44446;44422;5694;43232;43228;30870;44428;43234;32991;5515;46872;43169	8668	7616	8004	7340	6358.5	5432.5	4118.5	8064.5	7632	7274.5	7382.5	8763	3250	2711.5	3521.5	5325.5	1048	2199.5	5851	8077	6180.5	4308.5	7335	5222.5	103698	5184.9
ORTHO000357_2	Restriction endonuclease; type II-like superfamily protein	AT5G41150	4519;4518;16788;16787;3824;3674;8152;8150;90305;90304;6139;46483;44237;9987;6725;1901360;71704;34641;6807;44238;43170;6296;33683;6289;6281;6259;44260;6974;33554;51716;50896;6950;44763;44699;44710;724;725;6310;6302;710;1903046;22402;7049;51321;3;6298;7127;7126;280;48285;6996;16043;71840;1902589;712;7131;35825;51307;51304;7059;45132;98813;9314;9628;110;109;44428;44446;44422;5575;43226;44424;44464;5623;5622;43229;5634;43231;43227;1990391;43234;32991;6979;14;4520;4536;3697;43566;3677;3676;1901363;5488;97159	8669	8490	8815.5	8962	8471	6313	4341	9077	4953	5049	8675.5	7463	3270.5	6292	7377.5	8660.5	8888	1114.5	7901.5	6689.5	7672.5	7038.5	8115.5	8367.5	127259.5	6.362.975
ORTHO004211	serine/threonine phosphatase 7	AT5G63870	5737;44424;44464;5575;5623;5622;4722;4721;16791;42578;16788;16787;3824;3674;8152;8150;16311;6796;6793;44237;9987;6470;6464;36211;19538;43170;71704;44238;43412;44267;44260;5634;43231;43227;43226;43229;5654;44428;44446;44422;31981;70013;43233;31974;9408;9266;9628;50896;6950;9785;30522;7165;50794;50789;65007;51716;7154;44763;44699;44700;23052;71483;9637;9416;9314;71482;71478;71214;46872;43169;43167;5488	8670	8236	7201	5732	7245.5	6149	3327	7762	5851.5	3873	7999	7392	4955.5	906.5	2163.5	8925	935.5	663.5	6389	5887	6431	2112.5	4345.5	7656.5	93724.5	4.686.225
ORTHO002311	Phenazine biosynthesis PhzC/PhzF protein	AT1G03210;AT4G02860	5634;43231;43227;43226;5575;43229;44424;44464;5623;5622;9058;8152;8150;3824;3674;5829;44444;5737	8671	8941	5803.5	2936	7947.5	2425	6985.5	3816.5	4418	8934.5	4330.5	7620	1352	8704	6464.5	8617	9084	439.5	1901	2880.5	46	268	171	330.5	78788	3939.4
ORTHO008529	unknown protein	AT3G60660	5737;44424;44464;5575;5623;5622;3674;8150	8672	8091	7750	6828	7245.5	3316.5	6542.5	3588	5144	8934.5	4151.5	7546	1352	5795.5	1354.5	5325.5	8026.5	8832	6897.5	3699	3154	6027.5	1918	8552	100157	5007.85
ORTHO005572	Protein of unknown function (DUF3245)	AT3G61370;AT4G07940	8150;5634;43231;43227;43226;5575;43229;44424;44464;5623;5622;3674	8673	8472	8351	8029	8471	6313	7562.5	7762	5994	5557	8232.5	4467	5338.5	906.5	2396.5	8358	6549	663.5	6531	6001	6908	3955.5	7156	8697.5	109349	5467.45
ORTHO009315	DNA-directed RNA polymerases	AT1G75670	3899;34062;16779;16772;16740;3824;3674;8152;8150;32774;9059;43170;71704;1901576;9058;16070;44260;44237;9987;90304;6139;46483;6725;1901360;34641;6807;44238;34654;19438;44249;44271;18130;1901362;5634;43231;43227;43226;5575;43229;44424;44464;5623;5622;6351;34645;97659;10467	8674	7696	6589.75	4505.5	6664	3425	6220	8428.5	4014	8319	6343	6543.5	6316	3283.5	1616	5325.5	3493.5	2199.5	1901	2782	4833.5	2213.5	5678	4413.5	87348.5	4.367.425
ORTHO011197	unknown protein	AT1G42480	3674;8150	8675	7929	7064.5	5454	6857.5	4372.5	4872.5	7527.5	4573.5	8535.5	5726.5	5572	4617.5	906.5	1616	5325.5	7495.5	663.5	4388	5094	5839	2112.5	5826.5	7266.5	92331	4616.55
ORTHO005108	RNApolymerase 14 kDa subunit	AT2G29540	6351;34645;44260;43170;71704;8152;8150;44237;9987;9059;1901576;9058;44249;97659;32774;16070;90304;6139;46483;6725;1901360;34641;6807;44238;34654;19438;44271;18130;1901362;10467;5634;43231;43227;43226;5575;43229;44424;44464;5623;5622;9304;98781;34660;5666;55029;44428;44446;44422;428;30880;61695;1990234;1902494;43234;32991;44451;5654;31981;70013;43233;31974;3677;3676;1901363;5488;3674;97159;3899;34062;16779;16772;16740;3824	8676	9022	8490.5	8305	9082	6832.5	9090.5	8102.5	5221.5	4550	9062.5	4991	2882	1184.5	3521.5	8737.5	7411.5	318	8435	5189.5	8153	1277	8470.5	9033	112463.5	5.623.175
ORTHO006630	FAD/NAD(P)-binding oxidoreductase family protein	AT1G24340	71949;50660;50662;48037;5488;3674;43168;43167;166;36094;1901265;1901363;97159;5737;44424;44464;5575;5623;5622;9793;44702;22414;8150;44699;3006;32502;9790;44767;48856;7275;44707;32501;48316;48608;61458;48731;9791;10154;4497;16491;3824;8152;55114;44710	8677	8051	7583.5	6490	7245.5	7030	8747.5	4826.5	6225	6573.5	7382.5	3578.5	5467.5	906.5	2910	8358	6825	867.5	5851	2986	7709	1778.5	1950	8111.5	98084	4904.2
ORTHO010511	unknown protein	AT3G28370	8150;3674;5737;44424;44464;5575;5623;5622	8678	7824	4656.5	635	8202.5	3917	6949.5	3670	3735.5	7183	5074.5	7668.5	3492.5	138	136.5	3099	2732	168.5	1655.5	2820	2573	166	403.5	523	56105.5	2.805.275
ORTHO010461	unknown protein	AT1G71760	8150;5575;3674	8679	7937	7893.5	7108	6857.5	5090	8022.5	2903.5	7561.5	5157	7040	4386.5	5338.5	906.5	2396.5	5325.5	6549	963	5502	7986	8534	3854	6624.5	8026	102166.5	5.108.325
ORTHO000538	Pectin lyase-like superfamily protein	AT2G43870;AT3G59850	5576;5575;71555;45229;16043;71840;8150;9987;71554;4650;4553;16798;16787;3824;3674;8152;5975;71704;44238;16829	8680	9085	8919	9158	9066.5	8818	9088	8922.5	7978	3017.5	8651	9158	2969.5	6112	7129	9116	7639.5	298	8968.5	8882	8798.5	7441	8551.5	9050	140588.5	7.029.425
ORTHO000621_2	GNOM-like 2	AT5G19610	15031;45184;51234;51179;8150;8104;33036;71702;6810;5829;44444;44424;44464;5575;5623;5622;5737;90406;42995;43547;43087;51336;50790;19222;50789;65007;65009;51345;43085;44093;9893;48518;16020;5086;5085;98772;3674;9846;44707;32501;44699;9856;44703;51704;22414;44706	8681	8233	8604.5	8528	7245.5	6898	7180	8212.5	4953	4629	7734.5	6080.5	6316	6292	7162	8660.5	7071	1114.5	6897.5	3396.5	7925	4709	2794.5	8367.5	116393.5	5.819.675
ORTHO002616	3-oxo-5-alpha-steroid 4-dehydrogenase family protein	AT5G16010	9941;9526;31967;31975;44464;5575;5623;44446;44422;43226;44424;5622;43229;43227;44435;44444;5737;9536;43231;44434;9507;16021;31224;44425;16020;6629;71704;8152;8150;44710;44699;44238;16627;16491;3824;3674;55114;3865;33765;16229	8682	8704	8537	8392	8619	6023.5	8793	7588.5	4645.5	4224.5	7999	8888.5	3152	590	2023.5	8925	6409	1114.5	8059	7080	8400	2763	8115.5	8992.5	113786.5	5.689.325
ORTHO005196	DEAD/DEAH box RNA helicase family protein	AT1G35530	724;725;6281;6259;44260;43170;71704;8152;8150;44237;9987;90304;6139;46483;6725;1901360;34641;6807;44238;6974;33554;51716;50896;6950;44763;44699;44710;6310;6302;5634;43231;43227;43226;5575;43229;44424;44464;5623;5622;45128;45835;10948;10564;51726;50794;50789;65007;45786;48523;48519;51784;51782;51302;10639;33043;51128;51129;51783;40020;51445;51447;10520;18;51052;19219;80090;19222;51171;31323;60255;60631;45910;51053;10605;9892;45934;51172;31324;3677;3676;1901363;5488;3674;97159;7126;280;48285;6996;16043;71840;1903046;22402;7049;51321;3;1902589;5524;35639;1901265;43168;43167;32559;30554;17076;166;36094;32555;32553;97367;32550;32549;1882;1883;4386;17111;16462;16818;16817;16787;3824;8026;42623;16887;70035	8683	7627	7782	6881	6358.5	5090	4457	4826.5	6584	3695	6343	8311	7377.5	2711.5	2702.5	8358	4548.5	1888	5347.5	7576.5	5779	3754	6538.5	4678.5	100566.5	5.028.325
ORTHO011177	S-adenosyl-L-methionine-dependent methyltransferases superfamily protein	AT3G01660	8168;16741;16740;3824;3674;8152;8150;32259	8684	7525	8561	8438	6358.5	5722.5	3863.5	8181.5	7978	3504.5	7040	8536	5740	906.5	3047.5	5325.5	6982.5	3121	7901.5	8478	7052	4970.5	7868.5	8367.5	114587	5729.35
ORTHO006276	Rad21/Rec8-like family protein	AT3G59550	9555;48229;7275;44767;32502;8150;44699;44707;32501;48856;9561;9553;7067;280;48285;6996;16043;71840;9987;1903047;22402;44763;7049;278;1902589;5730;44428;44446;44422;5575;43226;44424;44464;5623;5622;43229;5634;43231;43227;43232;43228;31981;70013;43233;31974;3674;798;8278;44427;5694;43234;32991;793;44454;228;794;7059	8685	8031	5918.5	3152	5552	4946.5	8499.5	8148	5355.5	6247	7382.5	4877	4617.5	401	1432	3023.5	3264.5	1210.5	4205.5	5606	3978	1277	3010.5	2522	80004	4000.2
ORTHO008982	myo-inositol monophosphatase like 1	AT1G31190	9570;9532;44435;44444;44424;44464;5575;5623;5622;5737;44446;44422;43226;43229;9536;43231;43227;44434;9507;8441;8252;16791;42578;16788;16787;3824;3674;8152;8150;16311;6796;6793;44237;9987;46855;44723;5975;71704;44238;44710;44699;46838;44262;71545;43647;19637;19751;6066;1901615;44281;44763;46174;46164;1901616;1901575;9056;44282;44712;46434;6020;6790;7165;50794;50789;65007;51716;50896;7154;44700;23052;8934;52834;52745;5829;287;46872;43169;43167;5488	8686	8775	8598.5	8511	8678	5744.5	8719.5	7527.5	6712.5	5884.5	8487.5	7102	4865.5	590	1910.5	8925	7691	1114.5	7950	6754	8153	2017.5	7404.5	8456	116009.5	5.800.475
ORTHO008572	hydroxyproline-rich glycoprotein family protein	AT2G39050	5634;43231;43227;43226;5575;43229;44424;44464;5623;5622;5515;5488;3674;42742;9617;51707;43207;9605;50896;8150;9607;51704;98542;6952;6950;5737;90332;10118;44763;9987;44699;30246	8687	8846	8228.5	7770	8950.5	8152	9029	8486	6493	8934.5	4886.5	7631	1352	7448.5	6955.5	9043.5	8618.5	6737.5	2030.5	2903	3103	1179	500	3401.5	106884.5	5.344.225
ORTHO010457	sulfiredoxin	AT1G31170	5739;43231;43227;43226;5575;43229;44424;44464;5623;5622;44444;5737;9507;9536;5524;35639;1901265;1901363;5488;3674;97159;43168;43167;32559;30554;17076;166;36094;32555;32553;97367;32550;32549;1882;1883;55114;44710;8152;8150;44699;3677;3676;32542;16209;16667;16491;3824;6979;6950;50896	8688	7889	6529	4370	6857.5	3557.5	4885.5	7588.5	8259	7782	4423.5	7343	2812.5	1254	1549	5325.5	8408	1494	1668	6197.5	3675	1154	2570	6801.5	86748	4337.4
ORTHO010436	NA	NA	NA	8689	7893	7656	6623	6857.5	1959	9046.5	3534.5	5221.5	8535.5	4934.5	6741.5	1352	7954.5	7548.5	6712.5	8231.5	8625	2425	3331	1407	2213.5	807.5	8420	99001	4950.05
ORTHO010983	basal transcription factor complex subunit-related	AT1G18340	5634;43231;43227;43226;5575;43229;44424;44464;5623;5622	8690	7989	8316	7942	6857.5	7207	4118.5	4964	7455	5628.5	7382.5	8763	1352	906.5	3047.5	8358	6825	2199.5	4059	8214	8019	4308.5	7435.5	8258.5	108501.5	5.425.075
ORTHO006222	DNA-directed DNA polymerases	AT5G44750	71897;6259;44260;43170;71704;8152;8150;44237;9987;90304;6139;46483;6725;1901360;34641;6807;44238;34645;9059;1901576;9058;44249;34654;19438;44271;18130;1901362;6281;6974;33554;51716;50896;6950;44763;44699;44710;3684;3677;3676;1901363;5488;3674;97159;3887;34061;16779;16772;16740;3824;5634;43231;43227;43226;5575;43229;44424;44464;5623;5622;10224;9411;9416;9314;9628;287;46872;43169;43167	8691	7376	8919.5	9148	8139.5	6784	8674.5	8395.5	1481	6687	8314	9000.5	3793	7213.5	8276	8660.5	6955.5	4809.5	7950	8590.5	7925	7420	8520	7721.5	137171.5	6.858.575
ORTHO005372	homolog of RAD54	AT3G19210	45003;724;725;6281;6259;44260;43170;71704;8152;8150;44237;9987;90304;6139;46483;6725;1901360;34641;6807;44238;6974;33554;51716;50896;6950;44763;44699;44710;6310;6302;5524;35639;1901265;1901363;5488;3674;97159;43168;43167;32559;30554;17076;166;36094;32555;32553;97367;32550;32549;1882;1883;71248;71241;10035;42221;70887;10038;5634;43231;43227;43226;5575;43229;44424;44464;5623;5622;7067;280;48285;6996;16043;71840;1903047;22402;7049;278;1902589;3677;3676;51701;44419;51704;44403;71480;71479;10212;9314;9628;71478;71214;10332;51301;4386;17111;16462;16818;16817;16787;3824;16032;44764;5515	8692	7647	6932	5172	6534	4251	6478	7762	5754	6785.5	6070	6271	1352	4706.5	5805	5325.5	8334.5	1617	4388	1532.5	3870	2213.5	4603.5	3721	90840.5	4.542.025
ORTHO003804	GroES-like zinc-binding dehydrogenase family protein	AT1G32780;AT1G64710	5737;44424;44464;5575;5623;5622;8270;46914;46872;43169;43167;5488;3674;4022;16616;16614;16491;3824;8152;8150;55114;44710;44699	8693	8143	8027	7361	7245.5	6707.5	7600	7935.5	5754	3747.5	7040	4467	3033.5	906.5	2396.5	5325.5	6549	663.5	8310	7576.5	6908	3955.5	7156	7860.5	103892.5	5.194.625
ORTHO007397	Transducin/WD40 repeat-like superfamily protein	AT3G56900	5515;5488;3674;51028;50658;50657;15931;71705;6810;51234;51179;8150;71702;51236;6403;33036;5635;44428;44446;44422;5575;43226;44424;44464;5623;5622;43229;5634;43231;43227;31967;31975;12505;15031;45184;8104;5643;5783;44444;5737	8694	8726	7550	6406	8745.5	7543.5	4528.5	8560.5	5619	5192.5	6543	7223	2993	590	1372.5	8605.5	6955.5	1180.5	5589.5	5215.5	5779	5603	4521	3984	97599	4879.95
ORTHO007456	CONTAINS InterPro DOMAIN/s: Protein of unknown function DUF482 (InterPro:IPR007434); Acyl-CoA N-acyltransferase (InterPro:IPR016181)	AT2G23390	3674;8150	8695	7707	8670.5	8646	6664	3593	4856.5	6978.5	3471	8647.5	3917	7439.5	8859	8418.5	4124.5	6075	8711.5	5569	2223.5	8935	7860	7937	3884	7315.5	118815.5	5.940.775
ORTHO011072	DNA photolyases	AT4G25290	8152;8150;6281;6259;44260;43170;71704;44237;9987;90304;6139;46483;6725;1901360;34641;6807;44238;6974;33554;51716;50896;6950;44763;44699;44710;3913;16830;16829;3824;3674;16787	8696	8657	8007.5	7319	8471	2981	4638.5	8705.5	6823.5	7722.5	8404	3983	3017	590	1812.5	8925	6208.5	1114.5	7950	4527	8083.5	2017.5	7554.5	8456	103514	5175.7
ORTHO002666	Protein of unknown function (DUF3414)	AT4G38760	8150;5643;44428;44446;44422;5575;43226;44424;44464;5623;5622;43229;5634;43231;43227;5635;31967;31975;12505;3674	8697	7709	4516.5	336	6664	3944.5	6998	3987	3838.5	4955.5	5093.5	1755.5	3760.5	138	136.5	3099	2776.5	203.5	1693	2610.5	2761	193	470	308	48722	2436.1
ORTHO008518	CONTAINS InterPro DOMAIN/s: Ribonuclease H2; subunit C (InterPro:IPR013924)	AT2G39440	3674;5634;43231;43227;43226;5575;43229;44424;44464;5623;5622;8150	8698	8153	7680	6662	7245.5	9030	7445.5	7762	5355.5	4913.5	7886	7392	2920.5	906.5	1677.5	8358	5281.5	1017	4663	6860	1482	2328.5	6413.5	7508	99200.5	4.960.025
ORTHO010826	SMAD/FHA domain-containing protein	AT3G13780	5634;43231;43227;43226;5575;43229;44424;44464;5623;5622;3674;8150	8699	8489	8178.5	7658	8471	5974	7472.5	7762	7046.5	6621	7886	8494.5	1352	1184.5	2163.5	8358	5561	663.5	6185.5	5726.5	6431	2923.5	6624.5	7591	106021	5301.05
ORTHO003089	CONTAINS InterPro DOMAIN/s: Domain of unknown function XS (InterPro:IPR005380)	AT3G22430	3674;31047;16458;10629;10605;9892;48519;50789;65007;8150;19222;60255;10468;44763;9987;44699;5737;44424;44464;5575;5623;5622	8700	8527	8478.5	8257	8471	6723	9046.5	7935.5	5994	2976	8232.5	8989	3270.5	504	2163.5	8925	6549	663.5	8332	4527	7052	4067	7156	8718	111824	5591.2
ORTHO002324	nodulin MtN21 /EamA-like transporter family protein	AT4G28040;AT4G30420	5886;16020;5575;44464;5623;71944;9507;9536;43231;43227;43226;43229;44424;5622;44444;5737;6810;51234;51179;8150;22857;5215;3674;55085;44763;9987;44699;44765;1902578	8701	8211	7941	7181	8763.5	6313	7630.5	7762	3855	6327	2992.5	7366.5	5338.5	906.5	2396.5	8358	367.5	1114.5	8354.5	7647	7052	3754	7156	7952.5	102644	5132.2
ORTHO011103	unknown protein	AT3G25805	9507;9536;43231;43227;43226;5575;43229;44424;44464;5623;5622;44444;5737;3674;8150	8702	7958	6205.5	3709	6857.5	8077	4785	4571	7183.5	5362	6343	7162	2944.5	1321.5	2163.5	5325.5	9068	2558	948.5	5519.5	1482	585.5	388	7266.5	83054.5	4.152.725
ORTHO010684	Ubiquitin-like superfamily protein	AT3G07860	6397;16071;16070;44260;43170;71704;8152;8150;44237;9987;90304;6139;46483;6725;1901360;34641;6807;44238;6396;10467;8380;3674;5634;43231;43227;43226;5575;43229;44424;44464;5623;5622;5681;44428;44446;44422;30529;32991	8703	8499	7933	7163	8471	2938	7665	7935.5	5258	2814	8450	1954	5338.5	906.5	2163.5	8358	6692.5	867.5	7353.5	6197.5	7636	4471.5	7435.5	8092	102527	5126.35
ORTHO011192	Methyltransferase family protein	AT1G54650	5737;44424;44464;5575;5623;5622;8168;16741;16740;3824;3674;8152;8150;32259	8704	7988	7938.5	7173	6857.5	5047	4457	7935.5	6124	5864.5	6343	7223	1352	906.5	2396.5	5325.5	6549	4253	7353.5	7576.5	5779	3609.5	6538.5	7952.5	102586	5129.3
ORTHO010145	apurinic endonuclease-redox protein	AT2G41460	42644;42646;9295;5575;43232;43228;43226;43229;44424;44464;5623;5622;44435;44444;5737;44446;44422;9536;43231;43227;9532;44434;9507;9570;45893;10628;10604;9893;48518;50789;65007;8150;19222;60255;10468;1903508;1903506;2001141;31326;9889;31323;50794;51252;19219;80090;51171;10556;1902680;51254;45935;31325;48522;51173;31328;9891;10557;6355;2000112;6259;44260;43170;71704;8152;44237;9987;90304;6139;46483;6725;1901360;34641;6807;44238;4519;4518;16788;16787;3824;3674;90305;3906;16835;16829;4520;4536;46872;43169;43167;5488	8705	7527	7276.75	5848.5	6358.5	5319	4528.5	4964	7632	3757.5	2992.5	8736.5	3222.5	2711.5	3265	5325.5	4761	2199.5	5851	6397	6180.5	4169	7244	5222.5	94479	4723.95
ORTHO001543	AGAMOUS-like 80	AT5G48670	3700;1071;3674;2001141;31326;9889;19222;50789;65007;8150;31323;50794;51252;19219;80090;51171;60255;10556;6355;1903506;10468;2000112;46983;5515;5488;5634;43231;43227;43226;5575;43229;44424;44464;5623;5622;3677;3676;1901363;97159;6351;34645;44260;43170;71704;8152;44237;9987;9059;1901576;9058;44249;97659;32774;16070;90304;6139;46483;6725;1901360;34641;6807;44238;34654;19438;44271;18130;1901362;10467;43078;43076	8706	9135	8749	8792	9132.5	8796	1744	3803	6943.5	8934.5	147	6961.5	7377.5	5959.5	6007	9071	7829	9126.5	9167	1919	3243	8260	7774	9162	122225	6111.25
ORTHO011188	DHBP synthase RibB-like alpha/beta domain	AT3G01920	3725;3723;3676;1901363;5488;3674;97159;8150;5737;44424;44464;5575;5623;5622	8707	7997	8064	7421	6857.5	5432.5	4118.5	8064.5	6379.5	4064	2992.5	8397	5467.5	906.5	2396.5	5325.5	6825	2199.5	7612.5	8077	6180.5	4308.5	7335	8258.5	104341	5217.05
ORTHO010422	ARABIDOPSIS TRITHORAX-RELATED PROTEIN 5	AT5G09790	9507;9536;43231;43227;43226;5575;43229;44424;44464;5623;5622;44444;5737;5634;6355;1903506;2001141;31326;9889;19222;50789;65007;8150;31323;50794;51252;19219;80090;51171;60255;10556;10468;2000112;51726;18024;16279;16278;8170;8168;16741;16740;3824;3674;8152;32259;8757;8276;6479;43414;44260;43170;71704;44237;9987;43412;8213;6464;36211;19538;44238;44267;18022;18205;18193;42054;16571;16570;16569;16568;6325;43933;16043;71840;51276;6996;1902589;44763;44699;44710;34968;70734;5515;5488;9555;48229;7275;44767;32502;44707;32501;48856;6275;51052;46976;8270;46914;46872;43169;43167;9294;9292;44764;51704;3677;3676;1901363;97159	8708	7885	7933.5	7159	6857.5	6810	2951	7935.5	6124	2642.5	6343	8712.5	5467.5	906.5	2910	5325.5	4761	2199.5	5851	7871	6180.5	4169	7156	8159	102475	5123.75
ORTHO010238	Mitochondrial transcription termination factor family protein	AT3G60400	6355;1903506;2001141;31326;9889;19222;50789;65007;8150;31323;50794;51252;19219;80090;51171;60255;10556;10468;2000112;3690;43566;3677;3676;1901363;5488;3674;97159;5739;43231;43227;43226;5575;43229;44424;44464;5623;5622;44444;5737	8709	7932	7761.5	6814	6857.5	293	2190	3713.5	5484	7782	180	7651.5	1352	7636	1725.5	6044.5	1973	9104.5	8853.5	4778	9109	8380.5	5710.5	8111.5	100072.5	5.003.625
ORTHO010481	ATP binding	AT2G20635	5634;43231;43227;43226;5575;43229;44424;44464;5623;5622;5524;35639;1901265;1901363;5488;3674;97159;43168;43167;32559;30554;17076;166;36094;32555;32553;97367;32550;32549;1882;1883;6468;16310;6796;6793;44237;8152;8150;9987;6464;36211;19538;43170;71704;44238;43412;44267;44260;7059;44763;44699;777;776;44427;44446;44422;5694;43232;43228;43234;32991;775;98687;779;793;4674;4672;16301;16772;16740;3824;16773;7094;71173;31577;75;22402;7049;71174;7093;1903047;278;45930;45786;48523;50794;50789;65007;48519;51726;7346;45841;2000816;10965;33047;7088;51783;33043;51128;51302;10564;33045;33044;51983;33048;45839;10948;51784;51782;10639;51129;33046;2001251;51985;30071;1901990;1901987;1902099;32434;61136;1903050;1903362;31329;9894;19222;31323;42176;51246;80090;60255;32268;30162;1902100;1901988;1901991;32435;1901799;1903051;1903363;42177;9895;9892;51248;10605;31330;31324;32269;45861;1904667;1904666;51438;51338;50790;65009;31396;1903320;31399;51444;51352;51340;43086;44092;31397;1903321;31400;51348;51436;51439;7067;280;48285;6996;16043;71840;1902589;51301	8710	8003	8470.5	8231	6857.5	6313	7630.5	4826.5	5144	5825	7040	8654.5	5338.5	906.5	2396.5	8358	8779.5	663.5	5301	7692.5	7386	4067	7244	7952.5	111519	5575.95
ORTHO001684	Transmembrane amino acid transporter family protein	AT1G08230	16021;31224;44425;5575;16020;15185;15171;46943;8514;8509;15075;22891;22857;5215;3674;6810;51234;51179;8150;55085;44763;9987;44699;44765;1902578;22892;34220;6811;98656;6820;15711;71702;5342;1903825;15849;46942;3333;6865;71705;8028;15718;15812;5886;44464;5623;71944	8711	8621	8350.5	7990	8471	8050	7600	9044	5994	2976	7040	4467	5195	590	2163.5	8358	6549	663.5	7197.5	6001	6908	3955.5	7156	9039.5	108947.5	5.447.375
ORTHO010258	Pentatricopeptide repeat (PPR) superfamily protein	AT3G42630	5739;43231;43227;43226;5575;43229;44424;44464;5623;5622;44444;5737;9507;9536	8712	7892	7355.5	5999	6857.5	8358.5	7923	4571	5484	8535.5	5973.5	5489.5	4865.5	906.5	1910.5	5325.5	3891.5	1568.5	3616	7138.5	2420.5	2923.5	6709	7656.5	95267	4763.35
ORTHO008721	S-adenosyl-L-methionine-dependent methyltransferases superfamily protein	AT5G04610	8168;16741;16740;3824;3674;8152;8150;32259;5634;43231;43227;43226;5575;43229;44424;44464;5623;5622	8713	8241	6397.25	4081.5	7245.5	6227.5	6630.5	7935.5	5071	3350	8095	4467	3033.5	1321.5	2396.5	8358	5764.5	663.5	6531	299.5	6908	389	246	7591	85278.5	4.263.925
ORTHO009519	FAD-dependent oxidoreductase family protein	AT5G48440	9507;9536;43231;43227;43226;5575;43229;44424;44464;5623;5622;44444;5737;55114;44710;8152;8150;44699;16491;3824;3674	8714	8378	7337	5960	8471	7877	3129.5	9124.5	4705.5	4253	1623	8693.5	5338.5	906.5	2702.5	8358	8013.5	663.5	1440.5	6148	7636	2608	3832.5	8026	95079.5	4.753.975
ORTHO008711	Pentatricopeptide repeat (PPR-like) superfamily protein	AT5G50390	9507;9536;43231;43227;43226;5575;43229;44424;44464;5623;5622;44444;5737;8150	8715	8242	7818.25	6921.5	7245.5	6850	7778	4077.5	6379.5	3372	8487.5	4309	1352	906.5	2910	8358	6825	949.5	7562	2092	7925	4873	7667.5	8159	100833	5041.65
ORTHO000844	Eukaryotic aspartyl protease family protein	AT1G03220;AT1G03230	5618;30312;44464;5575;5623;71944;5886;16020;5576;9506;5911;30054;55044;9651;6970;9628;50896;8150;6950;9505;5794;43231;43227;43226;43229;44424;5622;44444;5737;12505	8716	8958	7849	6982	8202.5	6761.5	4835.5	7372.5	4028	7967.5	8566	6763.5	2860.5	590	2910	8594.5	3776	340.5	8200	7080	5265	2213.5	4521	8552	101197.5	5.059.875
ORTHO000418	Purple acid phosphatases superfamily protein	AT1G13750;AT4G24890;AT5G50400	5576;5575;46872;43169;43167;5488;3674;3993;16791;42578;16788;16787;3824;8152;8150;16311;6796;6793;44237;9987;4722;4721;6470;6464;36211;19538;43170;71704;44238;43412;44267;44260;5618;30312;44464;5623;71944	8717	9053	7178	5639	8926	2295.5	6497.5	8102.5	8838.5	7247	9078.5	6651.5	4398	474.5	2163.5	8925	2636	1332.5	3283.5	920	1801.5	1026	8499.5	9102	93273	4663.65
ORTHO008579	transferases; transferring glycosyl groups	AT1G78280	7166;7165;50794;50789;65007;8150;51716;9987;50896;7154;44763;44699;44700;23052;16772;16740;3824;3674;8152;5634;43231;43227;43226;5575;43229;44424;44464;5623;5622;5829;44444;5737;16757	8718	7862	8406.5	8095	6857.5	6313	8843	7935.5	6584	3205.5	8314	4386.5	5338.5	906.5	2396.5	8358	7599.5	663.5	7281	6001	7052	3955.5	6989	7952.5	110075	5503.75
ORTHO011044	homolog of X-ray repair cross complementing 2 (XRCC2)	AT5G64520	6281;6259;44260;43170;71704;8152;8150;44237;9987;90304;6139;46483;6725;1901360;34641;6807;44238;6974;33554;51716;50896;6950;44763;44699;44710;10212;9314;9628;707;1903046;22402;7049;51321;3;730;65004;71824;43933;16043;71840;34622;65003;22607;44085;45003;724;725;6310;6302;7127;7126;280;48285;6996;1902589;5657;44427;44446;44422;5575;43226;44424;44464;5623;5622;43229;5694;43232;43228;4520;4536;4518;16788;16787;3824;3674;90305;4519;3697;43566;3677;3676;1901363;5488;97159;400;217;8094;42623;16887;17111;16462;16818;16817;7131;35825;5634;43231;43227;6312;33063;33061;43234;32991;44428;3690;150;42148	8719	7990	8345.5	7972	6857.5	6898	2881	8348	2828	6825	7382.5	8763	3152	906.5	2910	8358	6825	867.5	5851	8077	8019	4308.5	7335	8258.5	108793.5	5.439.675
ORTHO010512	Primosome PriB/single-strand DNA-binding	AT1G47720	6260;6259;44260;43170;71704;8152;8150;44237;9987;90304;6139;46483;6725;1901360;34641;6807;44238;34645;9059;1901576;9058;44249;48046;5576;5575;5739;43231;43227;43226;43229;44424;44464;5623;5622;44444;5737;45910;51053;10605;9892;48519;50789;65007;19222;60255;45934;19219;80090;51171;31323;50794;51172;31324;48523;51052;18;9507;9536;2;7005;6996;16043;71840;3697;43566;3677;3676;1901363;5488;3674;97159	8720	7907	4594.5	469	6857.5	8253.5	7210.5	1640.5	3826	8006.5	5074.5	7668.5	1352	138	136.5	3099	1000	168.5	1655.5	1486	328	133.5	124	518.5	51819.5	2.590.975
ORTHO010728	3-oxo-5-alpha-steroid 4-dehydrogenase family protein	AT2G38050	50213;16628;16627;16491;3824;3674;8152;8150;55114;44710;44699;9416;9314;9628;50896;16132;42446;9058;42445;10817;65008;65007;16131;16128;6066;1901615;71704;44281;8202;1901360;6629;44238;16129;46165;1901617;1901576;44283;44711;6694;1901362;8610;16021;31224;44425;5575;16020;3865;33765;16229;9917;5737;44424;44464;5623;5622;47751;35671;10268;55088;48878;42592	8721	7596	7348.5	5976	6358.5	2920.5	4785	8064.5	1481	7407.5	6543	2729	5467.5	906.5	3047.5	5325.5	7029	2199.5	7612.5	5160	8019	3453.5	4748	8258.5	95157.5	4.757.875
ORTHO006528	hydrolases; acting on acid anhydrides; in phosphorus-containing anhydrides	AT1G77030	4386;17111;16462;16818;16817;16787;3824;3674;8152;8150;5524;35639;1901265;1901363;5488;97159;43168;43167;32559;30554;17076;166;36094;32555;32553;97367;32550;32549;1882;1883;3723;3676;5634;43231;43227;43226;5575;43229;44424;44464;5623;5622	8722	8641	7916.5	7111	8730.5	7710.5	8602.5	8583.5	5851.5	4051	6070	2553.5	5338.5	590	1432	8804.5	7873	1180.5	6531	5337	6180.5	6077	4521	4898	102185.5	5.109.275
ORTHO009692	unknown protein	AT2G43110	3674;5634;43231;43227;43226;5575;43229;44424;44464;5623;5622;8150	8723	8393	8303	7883	7662	6313	7600	7935.5	5484	4224.5	7040	8654.5	3059	906.5	2163.5	8358	6549	663.5	7197.5	5929.5	6908	3955.5	7156	7860.5	107958	5397.9
ORTHO006669	transcription factor-related	AT4G17020	4003;8094;42623;16887;17111;16462;16818;16817;16787;3824;3674;8152;8150;3678;4386;32508;32392;71103;51276;6996;16043;71840;9987;8026;70035;5634;43231;43227;43226;5575;43229;44424;44464;5623;5622;6289;6281;6259;44260;43170;71704;44237;90304;6139;46483;6725;1901360;34641;6807;44238;6974;33554;51716;50896;6950;44763;44699;44710;439;44428;44446;44422;43234;32991	8724	8204	7938	7152	7245.5	6313	6680	7935.5	6493	6592	7040	4386.5	1352	906.5	2396.5	8358	6549	663.5	7281	4778	7052	3503.5	6194.5	7952.5	102427	5121.35
ORTHO005364	FAD/NAD(P)-binding oxidoreductase family protein	AT5G11330	71949;50660;50662;48037;5488;3674;43168;43167;166;36094;1901265;1901363;97159;16491;3824;8152;8150;55114;44710;44699;5739;43231;43227;43226;5575;43229;44424;44464;5623;5622;44444;5737	8725	7705	8336.5	7948	6664	5432.5	8221	4964	6379.5	3329	6543	8397	5467.5	2711.5	3047.5	5325.5	4761	2199.5	7612.5	8077	6180.5	4308.5	7335	8258.5	108550.5	5.427.525
ORTHO011184	protein binding	AT4G14147	34314;45010;30838;51495;10638;33043;51128;50794;50789;65007;8150;51130;48522;48518;51493;30833;8064;30832;32535;90066;65008;16043;71840;9987;44763;44699;32956;32970;32271;43254;44087;32273;31334;44089;7015;71822;43933;30036;30029;7010;6996;1902589;5885;44430;44446;44422;5575;43226;44424;44464;5623;5622;43229;5856;43232;43228;43234;32991;15629;5515;5488;3674;42995;30041;8154;51258;43623;6461;65003;22607;44085;70271;34622;3779;8092;5737;902;32989;9653;32502;48856;48869;44767	8726	7967	7613	6500	6857.5	8997	3758	4571	4645.5	8934.5	3596.5	7392	4617.5	906.5	1910.5	8358	5561	663.5	4607.5	6923.5	6180.5	2763	6194.5	7591	98171.5	4.908.575
ORTHO006068	SGNH hydrolase-type esterase superfamily protein	AT5G45920	5576;5575;16788;16787;3824;3674;8152;8150;16042;44712;9056;44710;44699;6629;71704;44238;1901575	8727	8656	8603	8479	8471	6679.5	8843	7762	5484	4634.5	7040	6947.5	5195	590	2163.5	8358	6692.5	1260.5	8846.5	6001	8663	3111.5	8455.5	8697.5	115425	5771.25
ORTHO010923	BEST Arabidopsis thaliana protein match is: RNA-directed DNA polymerase (reverse transcriptase)-related family protein (TAIR:AT3G24255.2)	AT3G23910;AT3G24255	5634;43231;43227;43226;5575;43229;44424;44464;5623;5622;3674;6979;6950;50896;8150;3964;34061;16779;16772;16740;3824;8152;71897;6259;44260;43170;71704;44237;9987;90304;6139;46483;6725;1901360;34641;6807;44238;34645;9059;1901576;9058;44249;34654;19438;44271;18130;1901362;6278;6260	8728	8680	6498.5	4269	8619	3739.5	5693	7409.5	2390.5	8934.5	12	6981	1352	5739.5	4842.5	9043.5	9042.5	8458	2442.5	3208	41	448	1555.5	4898	86231	4311.55
ORTHO009596	ankyrin repeat family protein	AT2G04740	16567;32446;70647;6464;36211;19538;43170;71704;8152;8150;44238;43412;44267;44260;44237;9987;5737;44424;44464;5575;5623;5622	8729	7576	7013	5297	6358.5	5047	5001	8918.5	1133	4779	7040	4059.5	7377.5	2711.5	2702.5	5325.5	4464.5	1780	5128	5781.5	5422.5	3609.5	6538.5	4678.5	91498	4574.9
ORTHO011122	unknown protein	AT2G36885	9507;9536;43231;43227;43226;5575;43229;44424;44464;5623;5622;44444;5737;5886;16020;71944;3674	8730	7974	7057	5384	6857.5	2943.5	7857.5	4462	6584	6645	6070	5667	2910	906.5	1677.5	5325.5	5281.5	3121	3792	6860	5988	2677	5826.5	7376.5	91971	4598.55
ORTHO009295	transducin family protein / WD-40 repeat family protein	AT3G21540	5730;44428;44446;44422;5575;43226;44424;44464;5623;5622;43229;5634;43231;43227;43232;43228;31981;70013;43233;31974;5834;1902494;43234;32991;98797;44459;44425;16020;5886;71944;98796;31234;19897;19898;9898;98562;98552;166;36094;5488;3674;1901265;1901363;97159	8731	7562	6915.5	5100	6358.5	6023.5	4698	4571	5851.5	7216	6343	7162	2993	2711.5	2396.5	5325.5	3836.5	1617	4663	7012	4833.5	2923.5	6194.5	4174.5	90546	4527.3
ORTHO010507	unknown protein	AT1G29040	9507;9536;43231;43227;43226;5575;43229;44424;44464;5623;5622;44444;5737;5773;51258;43623;6461;65003;43933;16043;71840;8150;9987;22607;44085;71822;70271;34622;5525;35639;1901265;1901363;5488;3674;97159;43168;43167;32550;32549;1882;36094;97367;1883;32561;19001;17076;166;32555;32553;3924;17111;16462;16818;16817;16787;3824;8152;43234;32991	8732	7935	7554	6376	6857.5	5319	8099	4964	5355.5	2869.5	2539	7055.5	3122	906.5	2910	5325.5	6825	2199.5	5851	7871	6180.5	4169	7667.5	8159	97388	4869.4
ORTHO003103	HAC13 protein (HAC13)	AT1G32750;AT3G19040	16568;6325;43933;16043;71840;8150;9987;51276;6996;3677;3676;1901363;5488;3674;97159;6355;1903506;2001141;31326;9889;19222;50789;65007;31323;50794;51252;19219;80090;51171;60255;10556;10468;2000112;5634;43231;43227;43226;5575;43229;44424;44464;5623;5622;9294;9292;44764;51704;4402;61733;34212;8080;16410;16747;16746;16740;3824;8152;16407;16573;16570;16569;6464;36211;19538;43170;71704;44238;43412;44267;44260;44237;1902589;44763;44699;44710;18393;18394;18205;18193;6473;43543;6475;9416;9314;9628;50896;16020;5669;90575;44798;44428;44446;44422;5667;43234;32991;44451;5654;31981;70013;43233;31974;16591;55029;428;30880;61695;1990234;1902494;3712;989;988	8733	8126	7170.5	5608	7245.5	2981	5001	7461	5754	8446	5973.5	8350	2868	1184.5	1616	8358	8662	523.5	5589.5	4664.5	5170.5	1026	2341	7120	93090	4654.5
ORTHO001460_1	dgd1 suppressor 1	AT5G12290	5741;31966;31090;16020;5575;44422;43226;43227;44429;44444;44424;44464;5623;5622;5737;44446;43229;5739;43231;5740;31967;31975;31968;19867;98805;98588;19375;19374;6664;1903509;6629;71704;8152;8150;44710;44699;44238;1901135;6643;44255;44763;9987;44237;9247;46467;8610;1901576;9058;44711;44249;1901137;9507;9536;50665;42743;72593;1903409;43234;32991	8734	8166	8142	7550	8320.5	6707.5	7562.5	7935.5	3895.5	3547	7040	4467	5338.5	906.5	2396.5	8358	6549	663.5	6531	7498.5	7052	3754	7156	7860.5	105219	5260.95
ORTHO002288	GDSL-like Lipase/Acylhydrolase superfamily protein	AT1G06990;AT1G58430;AT2G24560;AT2G30220;AT2G30310;AT2G31540	16788;16787;3824;3674;8152;8150;5576;5575;16042;44712;9056;44710;44699;6629;71704;44238;1901575	8735	8990	8285	7835	8984.5	7051	8759	8327.5	3632	5898.5	8404	5823	4328	401	5523	8737.5	7411.5	474	7987	4778	3011	1827.5	6282.5	8901.5	107557.5	5.377.875
ORTHO004178	ARM repeat superfamily protein	AT4G38120	5634;43231;43227;43226;5575;43229;44424;44464;5623;5622;8150;5774;44437;44444;5737;44446;44422;5773;98588;31090;16020;98805;5739	8736	8813	7884.5	7033	8713	5904	8793	8445	5851.5	2443	8450	3912.5	3133	590	2023.5	8925	6409	1114.5	8059	5215.5	2919	2763	8070	8552	101572.5	5.078.625
ORTHO000685	Cupredoxin superfamily protein	AT3G17675	50896;8150;5507;46914;46872;43169;43167;5488;3674;46658;31226;44459;44464;5575;5623;44425;16020;5886;71944;31224;31225;9055	8737	9144	8956.5	9176	9149	8518.5	9138.5	8835.5	2541	8934.5	5136	9153.5	6456	6099.5	7713.5	9162	9091.5	8728.5	9069.5	2935	9164	6859.5	8796	9108.5	145441	7272.05
ORTHO010439	unknown protein	AT4G38225	3674;8150;9507;9536;43231;43227;43226;5575;43229;44424;44464;5623;5622;44444;5737	8738	8639	7363	5988	8471	5516	2703	7527.5	3797	7916.5	6070	4059.5	4865.5	590	1812.5	8358	6162	985	4968.5	5337	8019	1910	6194.5	8420	95211.5	4.760.575
ORTHO010903	CONTAINS InterPro DOMAIN/s: Hus1-like protein (InterPro:IPR007150)	AT1G52530	3674	8739	7473	7095.75	5452.5	6358.5	5432.5	4118.5	4964	7325.5	2832.5	6543	2937.5	3235	2711.5	3265	5325.5	4761	2199.5	5851	7871	6180.5	4308.5	7244	5222.5	92328.5	4.616.425
ORTHO006289	RNA polymerase Rpb7-like; N-terminal domain	AT4G14660	419;55029;44428;44446;44422;5575;43226;44424;44464;5623;5622;43229;5634;43231;43227;428;30880;61695;1990234;1902494;43234;32991;3899;34062;16779;16772;16740;3824;3674;8152;8150;32774;9059;43170;71704;1901576;9058;16070;44260;44237;9987;90304;6139;46483;6725;1901360;34641;6807;44238;34654;19438;44249;44271;18130;1901362;6351;34645;97659;10467	8740	8159	7730	6720	7245.5	8801	3129.5	7935.5	5754	6573.5	1981	8654.5	1352	906.5	2396.5	8358	6549	663.5	4205.5	6001	7052	4067	7156	7952.5	99488.5	4.974.425
ORTHO010451	cyanase	AT3G23490	9439;6082;71704;8152;8150;44281;44710;44699;44763;9987;44237;34641;6807;1901564;8824;16840;16829;3824;3674;9651;6970;9628;50896;6950;42802;5515;5488;9440;44712;9056;44270;44248;1901565;1901575;3677;3676;1901363;97159;5829;44444;44424;44464;5575;5623;5622;5737	8741	7956	7762.5	6784	6857.5	2295.5	7766	4964	2465.5	7441.5	7382.5	8397	5467.5	906.5	2910	5325.5	8818.5	867.5	5851	3274.5	6180.5	4169	7244	8159	99885.5	4.994.275
ORTHO010504	alpha/beta-Hydrolases superfamily protein	AT1G11090	5634;43231;43227;43226;5575;43229;44424;44464;5623;5622;5794;44444;5737;12505;16298;16788;16787;3824;3674;8152;8150;16020;6629;71704;44710;44699;44238	8742	8002	7048.5	5355	6857.5	2446.5	7507.5	4571	4865	8168.5	6343	4566	2954.5	906.5	1910.5	5325.5	5561	1617	4663	7194	6431	2923.5	6194.5	7656.5	91805	4590.25
ORTHO001808	purine biosynthesis 4	AT1G74260	9570;9532;44435;44444;44424;44464;5575;5623;5622;5737;44446;44422;43226;43229;9536;43231;43227;44434;9507;9555;48229;7275;44767;32502;8150;44699;44707;32501;48856;4642;16884;16879;16874;3824;3674;8152;5739;55046;5524;35639;1901265;1901363;5488;97159;43168;43167;32559;30554;17076;166;36094;32555;32553;97367;32550;32549;1882;1883	8743	8889	8684	8625	8984.5	6085.5	8793	7588.5	6124	3530	8487.5	4467	4865.5	401	5718	8925	6955.5	1114.5	8806.5	6689.5	8300	4612.5	8202.5	8595	118261	5913.05
ORTHO010429	3-beta hydroxysteroid dehydrogenase/isomerase family protein	AT2G43420	5886;16020;5575;44464;5623;71944;16021;31224;44425;3854;33764;16616;16614;16491;3824;3674;8152;8150;55114;44710;44699;16229;5789;98588;31090;44422;43226;43227;44432;44444;44424;5622;5737;44446;43229;5783;43231;12505;42175;6694;1901362;1901360;71704;1901576;9058;8202;6629;44238;8610;44711;9506;5911;30054;55044;16126;16125;6066;1901615;44281;46165;1901617;44283;47012	8744	7959	4463.5	183	6857.5	3885	7339	3156	3724.5	8934.5	2129.5	2000.5	1352	138	136.5	3099	2705	439.5	231	2008	268.5	133.5	137	648	42465	2123.25
ORTHO008474	Pseudouridine synthase family protein	AT1G78910	19239;3824;3674;8152;8150;5739;43231;43227;43226;5575;43229;44424;44464;5623;5622;44444;5737;31119;1522;9451;16070;44260;43170;71704;44237;9987;90304;6139;46483;6725;1901360;34641;6807;44238;43412;6400;8033;34470;34660;6396;10467;6399;9982;16866;16853	8745	7842	7578	6411	6857.5	5016	8002.5	7935.5	5994	5588.5	7040	4086	3033.5	906.5	2396.5	5325.5	4464.5	1780	5128	7498.5	5422.5	3609.5	6538.5	7860.5	97626.5	4.881.325
ORTHO010888	sterile alpha motif (SAM) domain-containing protein	AT2G45700	3684;3677;3676;1901363;5488;3674;97159;784;44454;44427;44446;44422;5575;43226;44424;44464;5623;5622;43229;5694;43232;43228;44428;5634;43231;43227;228;31981;70013;43233;31974;781;98687;715;51276;6996;16043;71840;8150;9987;6289;6281;6259;44260;43170;71704;8152;44237;90304;6139;46483;6725;1901360;34641;6807;44238;6974;33554;51716;50896;6950;44763;44699;44710;6303;726;6302;90305;35312;16895;16796;4527;4518;16788;16787;3824;4529;4536;8409;36297;31848;43247;723;32200;1902589;60249;42592;65008;65007;16233	8746	7484	8279	7812	6358.5	6313	8427.5	5302.5	8053.5	4055	7382.5	2343.5	8094	2711.5	4124.5	5325.5	5962.5	3121	6835.5	8590.5	1287.5	5308.5	6854	7190.5	107283	5364.15
ORTHO003936	spliceosome protein-related	AT1G54380;AT2G42510	5634;43231;43227;43226;5575;43229;44424;44464;5623;5622;70417;9409;9266;9628;50896;8150;6950;33554;51716;9987;380;398;6397;16071;16070;44260;43170;71704;8152;44237;90304;6139;46483;6725;1901360;34641;6807;44238;6396;10467;377;375;8380;5681;44428;44446;44422;30529;32991;387;22618;71826;43933;16043;71840;34622;65003;22607;44085;22613;3674	8747	8782	7476	6205	8678	8240.5	5686	8327.5	4788.5	7584	8314	7085	1352	1184.5	1741	8925	8511	168.5	1290	3108	7568	822	3449	8258.5	96403	4820.15
ORTHO010886	unknown protein	AT1G74530	9507;9536;43231;43227;43226;5575;43229;44424;44464;5623;5622;44444;5737;8150;3674	8748	7485	7177.5	5607	6358.5	5285	8251	4826.5	7691.5	6785.5	3366.5	2937.5	7743	2711.5	3265	5325.5	4761	4253	5851	5277	6180.5	1735	1937.5	4898	93081.5	4.654.075
ORTHO009038	Putative methyltransferase family protein	AT1G79915	5634;43231;43227;43226;5575;43229;44424;44464;5623;5622;8168;16741;16740;3824;3674;8152;8150;32259	8749	7850	4636	523	6857.5	3971.5	7032	3729.5	4142	7377.5	5114.5	2467.5	3707	138	136.5	3128	2804.5	203.5	1788	3061	2937	193	514	660	53105	2655.25
ORTHO000448_2	nuclear RNA polymerase C2	AT5G45140	3677;3676;1901363;5488;3674;97159;3899;34062;16779;16772;16740;3824;8152;8150;32774;9059;43170;71704;1901576;9058;16070;44260;44237;9987;90304;6139;46483;6725;1901360;34641;6807;44238;34654;19438;44249;44271;18130;1901362;9507;9536;43231;43227;43226;5575;43229;44424;44464;5623;5622;44444;5737;6351;34645;97659;10467	8750	8223	5516.75	2283.5	5748	8296	6457.5	8509	4073.5	8647.5	6070	5667	4328	488.5	1338.5	3976.5	8092	867.5	348	711.5	3756	621.5	416.5	1906.5	74571.5	3.728.575
ORTHO009682	Amino acid kinase family protein	AT1G26640	5524;35639;1901265;1901363;5488;3674;97159;43168;43167;32559;30554;17076;166;36094;32555;32553;97367;32550;32549;1882;1883;16310;6796;6793;44237;8152;8150;9987;16301;16772;16740;3824;5737;44424;44464;5575;5623;5622	8751	7854	6841.5	4932	6857.5	9068	8251	4238	5484	8319	2809.5	5810	4955.5	906.5	2163.5	8925	7526.5	985	472.5	1486	1496.5	2837	6194.5	7768	89696	4484.8
ORTHO006082	Vacuolar sorting protein 39	AT1G22860	5737;44424;44464;5575;5623;5622;5829;44444	8752	8164	8560.5	8369	7245.5	6707.5	7600	7762	5754	8446	7040	4467	7189	906.5	2396.5	8925	6549	663.5	7197.5	6001	6908	3955.5	7156	7860.5	113484.5	5.674.225
ORTHO011193	unknown protein	AT3G04020	10181;50662;48037;5488;3674;43168;43167;32553;97367;166;36094;1901265;1901363;97159;5634;43231;43227;43226;5575;43229;44424;44464;5623;5622;55114;44710;8152;8150;44699;16491;3824	8753	8020	5604	2455	7245.5	5432.5	6449.5	4964	6225	5817.5	2992.5	4309	3152	906.5	3047.5	5325.5	867	2199.5	5851	1764.5	2594	2763	2933.5	8159	75753	3787.65
ORTHO004982	RNI-like superfamily protein	AT1G80570	16567;32446;70647;6464;36211;19538;43170;71704;8152;8150;44238;43412;44267;44260;44237;9987;6511;19941;51603;6508;44257;30163;9057;1901575;9056;44265;44248;43632;5634;43231;43227;43226;5575;43229;44424;44464;5623;5622;61630;4842;19787;16740;3824;3674;61659;31146;43161;10498;19005;31461;151;1990234;1902494;43234;32991;5737	8754	9032	8804.5	8855	9043	7733	8994.5	8181.5	5754	6733	9078.5	7215	1352	488.5	5596.5	7360.5	7526.5	398	9019.5	8320	8228.5	4169	8686.5	9059.5	123894.5	6.194.725
ORTHO011166	Peptidyl-tRNA hydrolase family protein	AT5G19830	8380;6396;16070;44260;43170;71704;8152;8150;44237;9987;90304;6139;46483;6725;1901360;34641;6807;44238;10467;4045;52689;16788;16787;3824;3674;6397;16071;5739;43231;43227;43226;5575;43229;44424;44464;5623;5622;44444;5737;6412;43043;43604;43603;44271;44249;9058;6518;1901564;1901566;1901576;44267;19538;34645;9059;30529;32991	8755	8676	6646.5	4538	8619	3010.5	8251	2728	5028	8647.5	6173.5	6590	2786	1321.5	1462	8925	8387	1295.5	5851	4131	3150.5	530	2261.5	7028	87557.5	4.377.875
ORTHO008072	reduced male fertility	AT3G61730;AT5G36000	3674;55046;44767;32502;8150;44699;44707;32501;9555;48229;7275;48856;48658;3006;22414;48653;44702;48443;48827;48367;48731;48437;48569;48513;9908;90567;48608;61458;9791;48466;48438;5634;43231;43227;43226;5575;43229;44424;44464;5623;5622	8756	7672	8409.5	8063	6664	5432.5	8251	8963.5	6943.5	3205.5	7382.5	2640.5	7743	2711.5	3047.5	5325.5	4942.5	2558	5851	8214	6431	4308.5	7554.5	8258.5	109764.5	5.488.225
ORTHO010501	cleavage and polyadenylation specificity factor 73 kDa subunit-II	AT2G01730	5515;5488;3674;8152;8150;6397;16071;16070;44260;43170;71704;44237;9987;90304;6139;46483;6725;1901360;34641;6807;44238;6396;10467;10197;741;48284;6996;16043;71840;6997;9559;30154;48869;44767;32502;44699;44763;9561;44707;32501;9553;48229;7275;48856;4518;16788;16787;3824;90305;5634;43231;43227;43226;5575;43229;44424;44464;5623;5622	8757	7946	7393.25	6029.5	6857.5	4561.5	7901	4571	4865	5628.5	6173.5	8207.5	4617.5	906.5	1812.5	5325.5	5404	1617	4441	6923.5	5988	2763	6194.5	7508	95409	4770.45
ORTHO006794	poly(ADP-ribose) polymerase 2	AT2G31320	6281;6259;44260;43170;71704;8152;8150;44237;9987;90304;6139;46483;6725;1901360;34641;6807;44238;6974;33554;51716;50896;6950;44763;44699;44710;5634;43231;43227;43226;5575;43229;44424;44464;5623;5622;6471;6486;6464;36211;19538;43412;44267;43413;70085;44723;5975;9101;9100;1901135;34645;9059;1901576;9058;44249;1901137;3950;16763;16757;16740;3824;3674;51287;50662;48037;5488;166;36094;1901265;1901363;97159;6979;3677;3676;8270;46914;46872;43169;43167;9737;9725;9719;10033;42221;33993;97305;1901700;1101	8758	8219	8568.5	8379	7245.5	6898	7665	8028.5	5355.5	3742.5	7382.5	9013	3152	906.5	2910	8358	6825	867.5	7562	6197.5	7925	4873	7667.5	8258.5	113587.5	5.679.375
ORTHO010373	NC domain-containing protein-related	AT5G06370	8150;16746;16740;3824;3674;8152	8759	8469	8004.5	7250	8471	6085.5	7600	7762	7046.5	7620	3366.5	8547	2962.5	906.5	2023.5	8358	5764.5	663.5	6327	3830	6431	3222.5	6854	7656.5	103027	5151.35
ORTHO010899	pentatricopeptide (PPR) repeat-containing protein	AT2G17033	5739;43231;43227;43226;5575;43229;44424;44464;5623;5622;44444;5737	8760	7516	7346.5	5933	6358.5	5904	6885.5	5213.5	1328.5	4095	2809.5	7312.5	8094	2711.5	3265	5325.5	901	3121	6531	5400	7052	5213.5	7946.5	5806	94915.5	4.745.775
ORTHO006620	maternal effect embryo arrest 12	AT2G02955	6355;1903506;2001141;31326;9889;19222;50789;65007;8150;31323;50794;51252;19219;80090;51171;60255;10556;10468;2000112;5730;44428;44446;44422;5575;43226;44424;44464;5623;5622;43229;5634;43231;43227;43232;43228;31981;70013;43233;31974;9793;44702;22414;44699;3006;32502;9790;44767;48856;7275;44707;32501;48316;48608;61458;48731;9791;10154;46872;43169;43167;5488;3674	8761	8185	8514	8267	7245.5	6149	7562.5	7935.5	5484	6156.5	8095	4841.5	5195	4616	6035	6020.5	6298	800	6700.5	5929.5	6696	3503.5	6040	7860.5	111918.5	5.595.925
ORTHO003046	NA	NA	NA	8762	9058	8832.5	8903	9057.5	7207	9120	8560.5	8509.5	2736.5	8842.5	9095	5066	310.5	4233.5	7360.5	7664	182.5	9090.5	8873	8300	2677	8551.5	9065.5	125445.5	6.272.275
ORTHO011062	Nuclear transport factor 2 (NTF2) family protein	AT1G71480	6606;17038;15031;45184;51234;51179;8150;8104;33036;71702;6810;44765;1902578;44699;6886;46907;51649;51641;34613;70727;34504;33365;1902580;1902593;1902582;51170;6913;16482;51169;72594;44744;6605;9535;55035;42651;34357;16020;5575;44436;44424;44464;5623;5622;9579;44435;44444;5737;44446;44422;43226;43229;9536;43231;43227;31976;31984;44434;9507;9534;5634;8565;22892;5215;3674	8763	8090	7647	6531	7245.5	8494.5	7060	8991	2465.5	8934.5	4558	7450.5	4001	5822	1266.5	5325.5	9116.5	8397.5	2907	3546.5	1149	129	89	8697.5	98401	4920.05
ORTHO000654_2	Leucine-rich repeat protein kinase family protein	AT2G27060	5886;16020;5575;44464;5623;71944;4674;4672;16301;16772;16740;3824;3674;8152;8150;16310;6796;6793;44237;9987;16773;6468;6464;36211;19538;43170;71704;44238;43412;44267;44260;5524;35639;1901265;1901363;5488;97159;43168;43167;32559;30554;17076;166;36094;32555;32553;97367;32550;32549;1882;1883;7169;7167;7166;7165;50794;50789;65007;51716;50896;7154;44763;44699;44700;23052	8764	8631	8218	7672	8471	5744.5	8719.5	7527.5	4953	4718	7886	8835.5	3019.5	590	1812.5	8925	6208.5	1051.5	5851	5303	8083.5	2112.5	6326.5	8456	106123.5	5.306.175
ORTHO009158	zinc ion binding	AT4G35540	6355;1903506;2001141;31326;9889;19222;50789;65007;8150;31323;50794;51252;19219;80090;51171;60255;10556;10468;2000112;1093;1091;1099;1098;5515;5488;3674;1085;8134;9846;44707;32501;44699;9856;44703;51704;22414;44706;5634;43231;43227;43226;5575;43229;44424;44464;5623;5622;70063;19899;3690;43566;3677;3676;1901363;97159;8270;46914;46872;43169;43167;6352;32774;9059;43170;71704;8152;1901576;9058;16070;44260;44237;9987;90304;6139;46483;6725;1901360;34641;6807;44238;34654;19438;44249;44271;18130;1901362;6351;34645;97659;10467;9793;44702;3006;32502;9790;44767;48856;7275;48316;48608;61458;48731;9791;10154	8765	8415	7868.5	6972	8471	5974	7483.5	7762	5484	5988	7886	4566	2935.5	906.5	1910.5	8358	5561	663.5	6185.5	5726.5	6431	2923.5	6709	7656.5	101110.5	5.055.525
ORTHO000321	cytochrome P450; family 706; subfamily A; polypeptide 4	AT4G12300;AT4G12310;AT4G12320;AT4G12330;AT4G22690;AT4G22710;AT5G44620	9507;9536;43231;43227;43226;5575;43229;44424;44464;5623;5622;44444;5737;19825;5488;3674;55114;44710;8152;8150;44699;5783;12505;5794;5618;30312;71944;5774;44437;44446;44422;5773;98588;31090;16020;98805;5739;5886;9506;5911;30054;55044	8766	9164	7295.5	5825	9161	3956	9083.5	4281	3554	8934.5	2	7712	1352	5445	6319	9171.5	7421.5	76	2682.5	3899.5	2474.5	258	8574.5	9139	94336	4716.8
ORTHO009629	CONTAINS InterPro DOMAIN/s: Leucine-rich repeat; typical subtype (InterPro:IPR003591); Leucine-rich repeat (InterPro:IPR001611); Ubiquitin (InterPro:IPR000626); Ubiquitin supergroup (InterPro:IPR019955)	AT2G30105	NA	8767	8568	4519.5	272	8730.5	7853.5	2881	3903.5	4014	8934.5	5185	1708.5	3690.5	138	136.5	3151	68.5	36	21	1094	2789	84	403.5	140	46232	2311.6
ORTHO010482	Ubiquitin carboxyl-terminal hydrolase family protein	AT3G63090	16787;3824;3674;8152;8150	8768	8643	6877.75	4987.5	8471	6227.5	7798	7762	7561.5	7485	8487.5	528	1352	1321.5	2163.5	8925	2123.5	5992	8495.5	1291.5	3089	412	456	8512	89983	4499.15
ORTHO004343	SIN-like family protein	AT5G49530	3899;34062;16779;16772;16740;3824;3674;8152;8150;32774;9059;43170;71704;1901576;9058;16070;44260;44237;9987;90304;6139;46483;6725;1901360;34641;6807;44238;34654;19438;44249;44271;18130;1901362;5634;43231;43227;43226;5575;43229;44424;44464;5623;5622;6351;34645;97659;10467	8769	7797	7080	5391	6664	5432.5	7600	4826.5	4275	1655.5	7040	4386.5	5338.5	906.5	2396.5	5325.5	6549	1780	4968.5	6001	5422.5	3609.5	6538.5	7952.5	92004.5	4.600.225
ORTHO010561	unknown protein	AT2G26840	3674;8150;9507;9536;43231;43227;43226;5575;43229;44424;44464;5623;5622;44444;5737	8770	7977	7533.5	6297	6857.5	2446.5	7923	7762	7183.5	7782	5973.5	5489.5	2954.5	906.5	1910.5	5325.5	5561	1617	4663	7194	4946	2923.5	6709	7656.5	96927	4846.35
ORTHO002092	Tetratricopeptide repeat (TPR)-like superfamily protein	AT1G55890;AT3G13150;AT3G13160	8150;5739;43231;43227;43226;5575;43229;44424;44464;5623;5622;44444;5737;16020	8771	8894	8276.5	7782	8884	3375	6850.5	8414.5	4788.5	7441.5	8404	8855.5	1352	401	5661	8925	6648.5	182.5	2706	4809.5	8264.5	3854	7611.5	8456	107001	5350.05
ORTHO009929	binding	AT2G25570	8150;5576;5575	8772	7547	8493.5	8215	8259	7390	3863.5	5213.5	4323	6288	7734.5	8595.5	8094	2711.5	3936.5	5325.5	5685	3121	6531	8478	7052	4709	6467.5	5806	111325	5566.25
ORTHO001225_2	Nucleotidyltransferase family protein	AT4G00060	16779;16772;16740;3824;3674;8152;8150;5634;43231;43227;43226;5575;43229;44424;44464;5623;5622;9793;44702;22414;44699;3006;32502;9790;44767;48856;7275;44707;32501;48316;48608;61458;48731;9791;10154	8773	8716	6640	4507	8619	3818.5	6407	7527.5	3957.5	8934.5	4934.5	3872	4492.5	1254	1509	8925	4998.5	8847	2676	2966.5	92	642	3236.5	8258.5	87349	4367.45
ORTHO004939	Restriction endonuclease; type II-like superfamily protein	AT4G30870;AT5G39770	6281;6259;44260;43170;71704;8152;8150;44237;9987;90304;6139;46483;6725;1901360;34641;6807;44238;6974;33554;51716;50896;6950;44763;44699;44710;7067;280;48285;6996;16043;71840;1903047;22402;7049;278;1902589;724;725;6310;6302;794;228;44428;44446;44422;5575;43226;44424;44464;5623;5622;43229;5634;43231;43227;5694;43232;43228;31981;70013;43233;31974;793;51026;22607;44085;1903046;51321;3;7129;70192;51276;7126;45143;45132;98813;7059;7127;7131;35825;4519;4518;16788;16787;3824;3674;90305;5730;3677;3676;1901363;5488;97159;6312;51301;46872;43169;43167	8774	7552	4486	198	6358.5	930.5	5581	3680	1625	8535.5	804.5	7668.5	3650.5	138	136.5	3099	1839	168.5	1693	794.5	2650	122	61.5	261	43438.5	2.171.925
ORTHO007963	Acid phosphatase/vanadium-dependent haloperoxidase-related protein	AT3G12685	5886;16020;5575;44464;5623;71944;4601;16684;16491;3824;3674;8152;8150;55114;44710;44699;16209	8775	8325	8347	7919	7662	7071.5	7744.5	3894.5	8688.5	8934.5	5273.5	7129.5	3339.5	7300	3047.5	8660.5	2521.5	8428.5	4914	3274.5	2937	4873	1888	8403	108323.5	5.416.175
ORTHO010898	sporulation 11-2	AT1G63990	51026;22607;16043;71840;8150;9987;44085;1903046;22402;44763;44699;7049;51321;3;7129;70192;51276;6996;1902589;7126;280;48285;45143;45132;98813;7059;7127;7131;35825;6310;6259;44260;43170;71704;8152;44237;90304;6139;46483;6725;1901360;34641;6807;44238;44710;6265;71103;16787;3824;3674;5634;43231;43227;43226;5575;43229;44424;44464;5623;5622;737;6308;44265;9057;1901575;9056;44248;34655;19439;44270;1901361;46700;90305;5524;35639;1901265;1901363;5488;97159;43168;43167;32559;30554;17076;166;36094;32555;32553;97367;32550;32549;1882;1883;5694;43232;43228;3918;8094;42623;16887;17111;16462;16818;16817;61505;3916;16853;42138;3677;3676;48316;48608;3006;32502;22414;48856;61458;48731;7275;44767;44707;32501;44702;9791;10154;9555;48229;9553	8776	8081	4698	620	7245.5	7987.5	6688	3769	3668.5	8934.5	3426.5	7651.5	1352	138	136.5	3099	2600.5	398	1473.5	1189.5	2430.5	129	218	314	55604	2780.2
ORTHO010041	unknown protein	AT5G09995	9507;9536;43231;43227;43226;5575;43229;44424;44464;5623;5622;44444;5737;3674;8150	8777	8521	7510.5	6244	8471	4372.5	4341	7588.5	6379.5	8446	7199	8311	1352	1184.5	1677.5	8358	7432	663.5	5400	5245.5	4519	1525	5263	7376.5	96634	4831.7
ORTHO010560	Pentatricopeptide repeat (PPR-like) superfamily protein	AT1G03540	8150;5739;43231;43227;43226;5575;43229;44424;44464;5623;5622;44444;5737	8778	8048	7810.75	6843.5	7245.5	4613.5	8691	7762	4865	7916.5	5973.5	7162	2930.5	291	1910.5	8135.5	5561	1617	4663	4727.5	6431	2837	6624.5	7591	100303	5015.15
ORTHO004922	ARM repeat superfamily protein	AT1G13160;AT4G31520	5634;43231;43227;43226;5575;43229;44424;44464;5623;5622;42273;22613;44085;71840;8150;42254;55;54;71428;71426;51168;6913;16482;46907;6810;51234;51179;51649;51641;51169;1902582;44765;1902578;44699;71166;1902580;33753;33750;51640;51656;30036;30029;44763;9987;7010;6996;16043;1902589	8779	7830	8467.5	8156	5552	6643.5	8889.5	8348	8509.5	2366.5	8450	8494.5	1352	6238	7401.5	3074	7299	1459	7812.5	7871	3942	6340.5	4257.5	1906.5	110655	5532.75
ORTHO008224	pathogenesis-related family protein	AT1G78780	3674;8150;5737;44424;44464;5575;5623;5622	8780	9056	7298	5816	9053	2999.5	7857.5	8307	5851.5	8934.5	435.5	8562.5	2746	4755.5	2023.5	7419	9151.5	355.5	5128	1654	8580	142	759.5	8631	94293.5	4.714.675
ORTHO010257	IAA-leucine-resistant (ILR1)-like 3	AT5G54140	9850;44237;8152;8150;9987;42445;10817;65008;65007;6508;19538;43170;71704;44238;8237;70011;8233;16787;3824;3674;10178;16810	8781	8609	4569	357	8471	3750.5	1720.5	3927.5	4087	7350.5	5010	7695	1352	138	136.5	3273.5	2711	76	1537.5	2409.5	2966	100.5	340.5	636.5	49218.5	2.460.925
ORTHO004413	CONTAINS InterPro DOMAIN/s: Ribosome 60S biogenesis N-terminal (InterPro:IPR021714)	AT1G72270;AT4G27010	5634;43231;43227;43226;5575;43229;44424;44464;5623;5622;5739;44444;5737;8150	8782	8644	8980	9178	8471	8183	9062	8792.5	8987	6364	8947	5667	8380	5625.5	1209.5	8583	7788.5	6183.5	9133	9064.5	9136.5	8934	8930	9053	148023.5	7.401.175
ORTHO007357	dihydroflavonol 4-reductase-like1	AT4G35420	10584;10208;45229;16043;71840;8150;9987;10927;44767;32502;44699;22607;44085;44763;48646;9653;48856;32989;48869;85029;30198;43062;9555;48229;7275;44707;32501;5783;43231;43227;43226;5575;43229;44424;44464;5623;5622;44444;5737;12505;48316;48608;3006;22414;61458;48731;44702;9791;10154;80110;19438;6725;44237;8152;44249;9058;5515;5488;3674;55114;44710	8783	8271	4583.5	384	7245.5	3962.5	6926.5	3914.5	3771.5	7722.5	5047	1830	3433.5	138	136.5	3099	2671.5	102.5	1290	2347	2604.5	91	320	476	49884	2494.2
ORTHO003393	unknown protein	AT1G05950	5634;43231;43227;43226;5575;43229;44424;44464;5623;5622;3674;8150	8784	8859	8834.5	8885	8849	7633.5	8793	7588.5	4253	7441.5	7999	8989	4865.5	401	5718	8925	6955.5	1114.5	8806.5	5816	8300	4612.5	8115.5	8552	124879.5	6.243.975
ORTHO010781	Plastid-lipid associated protein PAP / fibrillin family protein	AT2G46910	10287;44434;44435;44444;44424;44464;5575;5623;5622;5737;44446;44422;43226;43229;9536;43231;43227;9507;9570;9532;8150	8785	8757	8384.5	7984	8678	5974	8793	7588.5	7046.5	3637.5	7999	3872	5066	590	2163.5	8925	6692.5	1114.5	8059	7138.5	8400	1735	5541.5	8552	108888	5444.4
ORTHO002124	Cupredoxin superfamily protein	AT2G15780	9055;3674;5507;46914;46872;43169;43167;5488;5576;5575	8786	9000	8763	8740	9010.5	8818	9120	3218	4788.5	8231.5	7999	8905	3033.5	504	5661	8737.5	6549	241.5	8750.5	8214	8228.5	3374.5	7435.5	9102	120911.5	6.045.575
ORTHO010384	unknown protein	AT5G11760	3674;8150;5634;43231;43227;43226;5575;43229;44424;44464;5623;5622	8787	8027	6403.5	4020	7245.5	9102	1560	4227	3340.5	8934.5	5114.5	8330	4314.5	1321.5	1549	5325.5	6955.5	7571	2189.5	2326	3093.5	980	2311	6379.5	84925	4246.25
ORTHO000526	beta-glucosidase 45	AT1G61810;AT1G61820;AT4G21760	47782;8422;15926;4553;16798;16787;3824;3674;8152;8150;9809;9808;9698;19748;44710;44699;6725;44237;9987;1901360;71704;44763;9699;19438;44249;9058;1901362;1901576;44550;44711;5576;5575;5975;44238	8788	9121	8930.5	9073	9116	8502.5	9131.5	9171	6379.5	8118.5	8964.5	9133.5	6513.5	906.5	5761.5	9078	9064	129	9051	9083.5	9055.5	1613	3123.5	9168	131948	6597.4
ORTHO004348	unknown protein	AT5G58100	10584;10208;45229;16043;71840;8150;9987;10927;44767;32502;44699;22607;44085;44763;48646;9653;48856;32989;48869;85029;30198;43062;9555;48229;7275;44707;32501;5794;43231;43227;43226;5575;43229;44424;44464;5623;5622;44444;5737;12505;5739;5783	8789	7839	7700.25	6611.5	6857.5	6529	8251	8761	2465.5	5233	7040	2937.5	5338.5	906.5	2396.5	8358	6692.5	1780	2654.5	4258.5	6180.5	4067	6989	8092	98930.5	4.946.525
ORTHO003604	Plant basic secretory protein (BSP) family protein	AT2G15220	5576;5575;6952;6950;50896;8150	8790	8308	8886	8982	7662	8135	7851	8944.5	7183.5	3882	8364	9100.5	6513.5	6369.5	7518.5	8660.5	1692	1239	2369.5	8478	8468.5	7441	7156	8670.5	128037	6401.85
ORTHO000637	UDP-glucosyl transferase 75B2	AT1G05530;AT1G05560;AT4G14090;AT4G15550	35251;46527;16758;16757;16740;3824;3674;8152;8150;8194;5794;43231;43227;43226;5575;43229;44424;44464;5623;5622;44444;5737;12505;47215;10294;9920;919;22607;16043;71840;9987;44085;1902410;32506;22402;44763;44699;7049;910;51301;1903047;278;61640;281;911;7067;280;48285;6996;1902589;9832;42546;71554;71669;9507;9536;48471;46482;9072;6725;44237;1901360;71704;6520;1901564;6807;19752;43436;6082;44281;44710;44238;42537;32787;5856;43232;43228;9524;80002;9751;14070;10033;42221;50896;1101;1901700;5515;5488;9718;46283;9812;42440;9813;1901576;9058;46148;44711;9698;19748;80018;9636	8791	8983	4738.25	685.5	8950.5	3938.5	7339	3987	3797	7035	5047	7707.5	1352	138	136.5	6020.5	2652	23.5	1772.5	2230.5	2919	68	241.5	741	57146	2857.3
ORTHO009392	Nucleic acid-binding; OB-fold-like protein	AT3G59980	5737;44424;44464;5575;5623;5622;49;3723;3676;1901363;5488;3674;97159;9507;9536;43231;43227;43226;43229;44444	8792	8558	6604.5	4417	8471	8502.5	4244.5	9156	6124	5169.5	6070	6055	4865.5	590	1812.5	8358	135	523.5	1359	5606	2650	1910	5407	8420	86958	4347.9
ORTHO010824	DEGP protease 5	AT4G18370	31977;44436;44424;44464;5575;5623;5622;9579;9543;31978;44435;44444;5737;44446;44422;43226;43229;9536;43231;43227;31976;31984;44434;9507;9534;10206;30091;44267;19538;43170;71704;8152;8150;44238;44260;44237;9987;9765;6091;19684;15979;4252;4175;70011;8233;16787;3824;3674;6508;8236;17171	8793	8165	7326.5	5860	7245.5	5974	7901	3095.5	7046.5	7666.5	7886	8494.5	2935.5	906.5	1910.5	8358	867	663.5	6185.5	4727.5	2621	2923.5	6709	7656.5	94528	4726.4
ORTHO009275	Pentatricopeptide repeat (PPR) superfamily protein	AT2G35030	8150;5739;43231;43227;43226;5575;43229;44424;44464;5623;5622;44444;5737	8794	8635	7888.5	6983	8471	3253	6580.5	3874	4231.5	6856.5	4642.5	3808	1352	6027	7162	8660.5	7378	7785	5851	1129.5	8663	2112.5	3418.5	8420	101205	5060.25
ORTHO010915	Tetratricopeptide repeat (TPR)-like superfamily protein	AT3G05340	3674;5739;43231;43227;43226;5575;43229;44424;44464;5623;5622;44444;5737;8150	8795	8707	8688	8581	8619	5974	8793	7588.5	7046.5	7064	7999	8888.5	5066	590	2023.5	8925	6409	1114.5	6265.5	5726.5	8400	2763	8115.5	8552	117304	5865.2
ORTHO011151	Tetratricopeptide repeat (TPR)-like superfamily protein	AT1G05750	5739;43231;43227;43226;5575;43229;44424;44464;5623;5622;44444;5737;9507;9536;9451;16070;44260;43170;71704;8152;8150;44237;9987;90304;6139;46483;6725;1901360;34641;6807;44238;43412	8796	8713	8496.5	8197	8619	5773	8728.5	7527.5	6943.5	6235	7886	3950.5	4865.5	590	1910.5	8925	6208.5	1114.5	8008.5	5726.5	8228.5	2433.5	7667.5	8456	111178.5	5.558.925
ORTHO006663	Tetratricopeptide repeat (TPR)-like superfamily protein	AT1G76280	5739;43231;43227;43226;5575;43229;44424;44464;5623;5622;44444;5737;8150;9507;9536;3674	8797	7679	8171.5	7546	7947.5	5432.5	8162.5	8064.5	4323	4140.5	6543	2729	7743	2711.5	3047.5	8358	4761	2199.5	5851	8077	6180.5	4308.5	7335	5222.5	105190	5259.5
ORTHO003683	unknown protein	AT3G19990	9570;9532;44435;44444;44424;44464;5575;5623;5622;5737;44446;44422;43226;43229;9536;43231;43227;44434;9507;5829;8150	8798	8970	8781	8764	8940	7324.5	8876	8414.5	5355.5	6038.5	8095	8958.5	4555.5	401	5661	8737.5	8766.5	261.5	8707	6274.5	8228.5	2541	5322	8966	121484.5	6.074.225
ORTHO006838	Protein of unknown function (DUF2921)	AT1G52780	5794;43231;43227;43226;5575;43229;44424;44464;5623;5622;44444;5737;12505;8150;5576;3674;5768;5802;98791;44431;44446;44422;31984;16020	8799	8297	7795	6791	7662	2938	4904	7935.5	5994	5439.5	7199	8693.5	5338.5	906.5	3047.5	8358	8932.5	867.5	7398	4687	7636	1068	545.5	8026	99914.5	4.995.725
ORTHO000415	Peroxidase superfamily protein	AT2G38380;AT2G38390;AT3G32980;AT3G49110;AT3G49120;AT4G08770;AT4G08780;AT5G06720;AT5G06730	42744;42743;72593;44237;8152;8150;9987;44712;9056;44710;44699;44763;44248;5773;43231;43227;43226;5575;43229;44424;44464;5623;5622;44444;5737;5576;4601;16684;16491;3824;3674;55114;16209;9505;5618;30312;71944;6979;6950;50896;10043;10038;10035;42221;1990267;9651;6970;9628;20037;46906;1901363;5488;97159;46872;43169;43167;16020;9735;9725;9719;10033;9826;902;32989;16043;71840;9653;32502;48856;48869;44767;60560;48589;40007;16049;6952;52033;52169;52167;52553;52552;52564;52173;51707;43207;9605;9607;51704;44403;44419;52255;31347;80134;48583;50789;65007;51817;35821;65008;50776;2682;52572;52200;75136;51701;52031;44003;52306;52308;52257;52305;52510;31349;48584;48518;45089;45088;50778;2684;52555;52166;52509;52556;50832;98542;9620;9416;9314;42742;9617;5774;44437;44446;44422;98588;31090;98805;5794;12505;48046;45926;48519;40008;2215;9624;9908;90567;48608;3006;22414;61458;48731;7275;44707;32501;44702;9791;48367	8800	8936	8416	8032	8730.5	8675.5	3025	8127	8808.5	8118.5	3366.5	9035	2856.5	488.5	5034.5	8737.5	8695.5	227	8458.5	6240	8019	668	1813.5	9026	109420.5	5.471.025
ORTHO006969	Insulinase (Peptidase family M16) protein	AT5G56730	16485;6508;19538;43170;71704;8152;8150;44238;51604;10467;8270;46914;46872;43169;43167;5488;3674;51603;44257;30163;9057;1901575;9056;44265;44260;44237;9987;44248;44267;43171;6518;43603;34641;6807;1901564;1901565;9536;43231;43227;43226;5575;43229;44424;44464;5623;5622;44444;5737;5739;4222;4175;70011;8233;16787;3824;8237;9507	8801	8937	8800	8799	8884	9089.5	8793	8327.5	4551	8535.5	8314	8818.5	4355	401	5034.5	8737.5	6162	227	8962.5	6274.5	8083.5	2328.5	6624.5	8942.5	122562	6128.1
ORTHO010777	Acyl-CoA N-acyltransferases (NAT) superfamily protein	AT1G26220	8152;8150;8080;16410;16747;16746;16740;3824;3674;16407;9507;9536;43231;43227;43226;5575;43229;44424;44464;5623;5622;44444;5737	8802	8812	8687	8572	8820	6085.5	8793	7637	7046.5	2752	8487.5	3835.5	5066	590	5718	8925	6648.5	1239	8217.5	7498.5	8534	3026	8372.5	8615.5	117087.5	5.854.375
ORTHO004264	HXXXD-type acyl-transferase family protein	AT1G31490	9308;1901564;71704;8152;8150;6807;5507;46914;46872;43169;43167;5488;3674;48038;48037;9507;9536;43231;43227;43226;5575;43229;44424;44464;5623;5622;44444;5737;8131;16641;16638;16491;3824;55114;44710;44699;16747;16746;16740	8803	7698	8657.5	8512	6664	7008.5	7707	8102.5	7831	3940	7382.5	4162.5	7743	906.5	3047.5	8358	6925.5	867.5	7764.5	8214	8019	4067	5710.5	8258.5	116015.5	5.800.775
ORTHO002722	1;2-alpha-L-fucosidases	AT4G34260	5576;5575;48046;47513;4560;15928;4553;16798;16787;3824;3674;8152;8150	8804	7998	6264	3724	5552	8919.5	5614.5	8509	2570.5	8934.5	6763.5	7983.5	4328	460.5	1330	3023.5	8051	523.5	3504.5	3037	3756	1525	3484.5	807	83125.5	4.156.275
ORTHO007885	5'-nucleotidases	AT2G38680	9507;9536;43231;43227;43226;5575;43229;44424;44464;5623;5622;44444;5737;5829;8253;8252;16791;42578;16788;16787;3824;3674;8152;8150;16311;6796;6793;44237;9987;287;46872;43169;43167;5488	8805	8018	7649	6493	7245.5	6227.5	7947.5	4734	7455	3329	6173.5	5150	5066	906.5	2910	5325.5	6298	2199.5	5027.5	6001	6810.5	3111.5	5586.5	7860.5	98119.5	4.905.975
ORTHO009264	GTP binding	AT1G75010	5525;35639;1901265;1901363;5488;3674;97159;43168;43167;32550;32549;1882;36094;97367;1883;32561;19001;17076;166;32555;32553;3924;17111;16462;16818;16817;16787;3824;8152;8150;35452;44435;44444;44424;44464;5575;5623;5622;5737;44446;44422;43226;43229;9536;43231;43227;31312;19898;44425;16020;31090;42170;9526;31967;31975;43621;5515;9570;9532;44434;9507;9707;9527;31968;19867;98805;98588;31969;9941;10020;9658;9657;6996;16043;71840;9987;43572;48285	8806	8691	8918.5	9031	8619	8263	9062	8821.5	2202	4404.5	8984.5	9142	1352	5625.5	1196	9043.5	1294.5	6183.5	9148	9083.5	9083	8954.5	8909	9065.5	129818	6490.9
ORTHO009575	Pseudouridine synthase family protein	AT3G52260	9982;16866;16853;3824;3674;8152;8150;5739;43231;43227;43226;5575;43229;44424;44464;5623;5622;44444;5737;1522;9451;16070;44260;43170;71704;44237;9987;90304;6139;46483;6725;1901360;34641;6807;44238;43412;3723;3676;1901363;5488;97159	8807	8060	5645.75	2484.5	7245.5	8700	7024	7762	2202	3731	6070	6171.5	2862.5	1254	1616	8925	1396.5	1494	1567	2496	3045	940	1581	7120	75957.5	3.797.875
ORTHO009245	CRM family member 2	AT3G01370	9507;9536;43231;43227;43226;5575;43229;44424;44464;5623;5622;44444;5737;372;376;375;8380;6396;16070;44260;43170;71704;8152;8150;44237;9987;90304;6139;46483;6725;1901360;34641;6807;44238;10467;373;377;3723;3676;1901363;5488;3674;97159	8808	7668	5466	2124	6664	8834	7399.5	4065.5	3471	8934.5	4538.5	7129.5	4380.5	4244	1432	5325.5	2436.5	985	732	2986	3336	579	728.5	1858	73395.5	3.669.775
ORTHO008594	co-factor for nitrate; reductase and xanthine dehydrogenase 7	AT4G10100	5737;44424;44464;5575;5623;5622;19008;43234;32991;5829;44444;6790;44237;8152;8150;9987;6777;9108;51188;51186;44249;9058;6732;19538;43170;71704;44238;19720;43545;19637;6793;51189;44267;44260;46483;1901360;1901564;6807;6796;32324;18130;1901362;1901576;90407;1901566;9734;9755;7165;50794;50789;65007;51716;50896;7154;44763;44699;44700;23052;32870;9725;9719;10033;42221;71495;71310;70887;71365;9733;166;36094;5488;3674;1901265;1901363;97159;18315;42040;6464;36211;43412;30366;16783;16782;16740;3824	8809	8491	6186.5	3564	8678	4496	7714.5	9090	5258	8231.5	5902	6271	4297.5	474.5	1317	3976.5	3053.5	1180.5	4756.5	4884.5	3719.5	1179	4271.5	2229	82302.5	4.115.125
ORTHO009277	Tetratricopeptide repeat (TPR)-like superfamily protein	AT4G30825	9507;9536;43231;43227;43226;5575;43229;44424;44464;5623;5622;44444;5737;5634;5739;3674	8810	8066	8288.5	7767	7245.5	6898	7665	8028.5	6379.5	6223	2539	4309	3152	906.5	2396.5	8358	6825	867.5	5851	8077	7925	4873	7335	8258.5	106867	5343.35
ORTHO000386	zinc induced facilitator-like 2	AT3G43790;AT5G13740;AT5G13750	22891;22857;5215;3674;6810;51234;51179;8150;55085;44763;9987;44699;44765;1902578;22892;16020;5575;98655;6812;6811;34220;15144;1901476;8643;71702;34219;9624;51707;43207;9605;50896;9607;51704;5886;44464;5623;71944;16021;31224;44425;5351;5402;15294;15293;15291;22804;8324;15075;51119;15295;15992;15672;6818;90333;10119;50794;50789;65007;22821;15079;15077;22890;46873;30001;71805;98662;98660;71804;6813;15297;10043;10038;10035;42221;1990267;55069;72507;98771;50801;48878;42592;65008;55080;55076;55065;9705;5774;44437;44444;44424;5622;5737;44446;44422;43226;43229;5773;43231;43227;98588;31090;98805;325;80167;9628;9630;9606;9629;9414;9415;1101;1901700;6950;10540;9926;60918;9914;10817;48364;44767;32502;48513;48856;48731;7275;44707;32501;22622	8811	8235	6756	4701	8678	7008.5	8400	8467.5	4028	3040	7040	4566	4617.5	401	1432	2914	3200.5	800	6265.5	5337	6180.5	6129	4500.5	4174.5	88502	4425.1
ORTHO009685	GTP-binding protein; HflX	AT3G49725	5737;44424;44464;5575;5623;5622;43022;43021;44877;5488;3674	8812	7682	6397.5	3983	6664	4758	5382	4571	5484	4115.5	6543	8245	7031	2711.5	2023.5	5325.5	1780.5	1617	4830.5	4630.5	4946	2541	3896.5	4291.5	84723.5	4.236.175
ORTHO010093	Domain of unknown function (DUF1767)	AT5G63540	3674;5634;43231;43227;43226;5575;43229;44424;44464;5623;5622;724;725;6281;6259;44260;43170;71704;8152;8150;44237;9987;90304;6139;46483;6725;1901360;34641;6807;44238;6974;33554;51716;50896;6950;44763;44699;44710;6310;6302;7126;280;48285;6996;16043;71840;1903046;22402;7049;51321;3;1902589;712;7131;35825;7127;51307;51304;7059;45132;98813	8813	8080	8220.5	7628	7245.5	5248.5	7665	7935.5	7632	1842.5	7040	3034.5	5338.5	906.5	2396.5	5325.5	6692.5	4809.5	6109.5	6197.5	7636	4471.5	7435.5	8026	105743	5287.15
ORTHO011164	Ubiquitin carboxyl-terminal hydrolase family protein	AT1G06440	9507;9536;43231;43227;43226;5575;43229;44424;44464;5623;5622;44444;5737;16787;3824;3674;8152;8150	8814	8919	8683.5	8553	8884	6085.5	8964	6573	3695.5	4509.5	3917	7162	1352	7699.5	8429	8788	324.5	1295.5	8584.5	6103	8618.5	7301.5	8321	9026	116749.5	5.837.475
ORTHO004120	unknown protein	AT4G25330	8150;5634;43231;43227;43226;5575;43229;44424;44464;5623;5622;3674	8815	9038	7719.5	6624	9043	6739	5345.5	9014	2743.5	7125	3831.5	5209	1352	4706.5	5596.5	7419	9010.5	464	8886.5	1724	2021	997	7818	9011.5	99014	4950.7
ORTHO005183	KU70 homolog	AT1G16970	723;6259;44260;43170;71704;8152;8150;44237;9987;90304;6139;46483;6725;1901360;34641;6807;44238;32200;51276;6996;16043;71840;1902589;44763;44699;44710;60249;42592;65008;65007;71480;71479;10212;9314;9628;50896;71478;71214;51716;10332;43564;44428;44446;44422;5575;43226;44424;44464;5623;5622;43229;5634;43231;43227;43234;32991;5515;5488;3674;6310;9408;9266;6950;3690;43566;3677;3676;1901363;97159;71481;10165;4003;8094;42623;16887;17111;16462;16818;16817;16787;3824;3678;4386;32508;32392;71103;8026;70035;6281;6974;33554;42162;43565;6303;726;6302;784;44454;44427;5694;43232;43228;228;31981;70013;43233;31974;781;98687;3684	8816	8280	8522	8228	7662	2260.5	5370	8148	5028	7862.5	8566	5489.5	5740	6292	7129	6712.5	1000	1114.5	7792.5	4392	7052	6429	6854	8258.5	111490.5	5.574.525
ORTHO004372	P-loop containing nucleoside triphosphate hydrolases superfamily protein	AT1G04730	7062;51276;6996;16043;71840;8150;9987;22402;44763;44699;7049;1902589;819;98813;7059;5524;35639;1901265;1901363;5488;3674;97159;43168;43167;32559;30554;17076;166;36094;32555;32553;97367;32550;32549;1882;1883;5657;44427;44446;44422;5575;43226;44424;44464;5623;5622;43229;5694;43232;43228;16887;17111;16462;16818;16817;16787;3824;8152;5634;43231;43227	8817	7979	8585	8353	6857.5	7278	7698.5	8842	2892	7407.5	7382.5	7450.5	5740	906.5	3047.5	8358	367.5	934	7712	8214	8019	4970.5	7729.5	8258.5	113208	5660.4
ORTHO004905	DNA/RNA helicase protein	AT5G05130	8270;46914;46872;43169;43167;5488;3674;5524;35639;1901265;1901363;97159;43168;32559;30554;17076;166;36094;32555;32553;97367;32550;32549;1882;1883;3677;3676;4386;17111;16462;16818;16817;16787;3824;8152;8150;5634;43231;43227;43226;5575;43229;44424;44464;5623;5622	8818	8608	5682	2546	8730.5	542.5	6680	4088	3875	8934.5	5254	7639.5	4738	6414.5	6791	5325.5	8940	1386	1552	2230.5	262	213.5	128.5	1414.5	76409.5	3.820.475
ORTHO007655	unknown protein	AT2G04360	9507;9536;43231;43227;43226;5575;43229;44424;44464;5623;5622;44444;5737;3674	8819	7784	7726.5	6634	8202.5	6898	4118.5	4964	7632	3731	7382.5	8397	5467.5	906.5	3047.5	5325.5	5457.5	2199.5	5851	8077	6180.5	3453.5	4748	5222.5	99059.5	4.952.975
ORTHO010442	FUNCTIONS IN: molecular_function unknown	AT2G30695	9570;9532;44435;44444;44424;44464;5575;5623;5622;5737;44446;44422;43226;43229;9536;43231;43227;44434;9507;6457;9987;8150;3674	8820	7863	8908.5	8997	6857.5	6382	4457	6428.5	8259	1409.5	8364	8855.5	6513.5	7101	7548.5	8660.5	7313	4673.5	7712	8784	1761	7301.5	8455.5	8697.5	128677	6433.85
ORTHO003301	RNI-like superfamily protein	AT4G03630;AT4G05460	19005;31461;151;1990234;1902494;43234;32991;5575;44424;44464;5623;5622;16567;32446;70647;6464;36211;19538;43170;71704;8152;8150;44238;43412;44267;44260;44237;9987;5634;43231;43227;43226;43229;61630;4842;19787;16740;3824;3674;61659;31146;43161;10498;51603;6508;44257;30163;9057;1901575;9056;44265;44248;6511;19941;43632;5737	8821	8932	8111	7401	8984.5	7241	8843	3218	5355.5	5964.5	7999	2230.5	1352	4662.5	5788.5	8770.5	7006	286	8640.5	6555.5	8738	837.5	1790	8923.5	104202	5210.1
ORTHO009990	photosystem I light harvesting complex gene 5	AT1G45474	9416;9314;9628;50896;8150;9941;9526;31967;31975;44464;5575;5623;44446;44422;43226;44424;5622;43229;43227;44435;44444;5737;9536;43231;44434;9507;9768;9765;6091;44237;8152;9987;19684;15979;16020;10287;9570;9532;30076;43234;32991;9535;55035;42651;34357;44436;9579;31976;31984;9534;9782;98796;44425;9522;9521;16168;46906;1901363;5488;3674;97159;31409	8822	8229	7375	5928	8341	6313	7600	1581	1133	7666.5	2129.5	4386.5	5338.5	906.5	2396.5	8358	6549	800	7281	6148	7052	4067	7244	7952.5	94902.5	4.745.125
ORTHO004191	NAD(P)-linked oxidoreductase superfamily protein	AT2G21250;AT2G21260	5829;44444;44424;44464;5575;5623;5622;5737;16491;3824;3674;8152;8150;55114;44710;44699;46686;10038;10035;42221;50896	8823	8555	4549	275	8471	3831.5	6956	3953	3838.5	2630.5	5020.5	1755.5	3836	138	136.5	3273.5	2786	102.5	1642	2593.5	2815.5	100.5	396.5	579	46385	2319.25
ORTHO010262	unknown protein	AT1G22750	5773;43231;43227;43226;5575;43229;44424;44464;5623;5622;44444;5737;5576;8150;3674;5739	8824	8939	8702	8580	8884	7583.5	7541	3318	3019	8934.5	6763.5	1791.5	6895.5	5878	1758.5	8777	7664	8128	9137	2230.5	3284.5	8070.5	7404.5	9090	117269	5863.45
ORTHO010597	NAD(P)-binding Rossmann-fold superfamily protein	AT1G19690	9507;9536;43231;43227;43226;5575;43229;44424;44464;5623;5622;44444;5737;50662;48037;5488;3674;3824;8152;8150	8825	7876	7551.5	6278	6857.5	5016	7978.5	4734	5144	6179.5	6173.5	8311	5195	906.5	2702.5	5325.5	4464.5	1780	5027.5	7576.5	2533.5	3453.5	6467.5	7860.5	96829.5	4.841.475
ORTHO008034	zinc knuckle (CCHC-type) family protein	AT1G75560	3677;3676;1901363;5488;3674;97159;5634;43231;43227;43226;5575;43229;44424;44464;5623;5622;8270;46914;46872;43169;43167;8150	8826	8071	8452	8078	8300.5	5547	7778	8064.5	2412.5	6112	2809.5	8522.5	7743	906.5	3047.5	8925	6955.5	2724.5	6185.5	3508	8019	4709	7611.5	8332.5	109913.5	5.495.675
ORTHO006109	DNAJ heat shock N-terminal domain-containing protein	AT1G65280	5634;43231;43227;43226;5575;43229;44424;44464;5623;5622;6457;9987;8150	8827	8968	8650.5	8474	8884	7008.5	7239	8327.5	4788.5	7183	7999	8818.5	4355	401	5034.5	8737.5	6162	227	8559.5	6103	8083.5	1827.5	5541.5	8942.5	115338.5	5.766.925
ORTHO010133	conserved telomere maintenance component 1	AT4G09680	5634;43231;43227;43226;5575;43229;44424;44464;5623;5622;723;6259;44260;43170;71704;8152;8150;44237;9987;90304;6139;46483;6725;1901360;34641;6807;44238;32200;51276;6996;16043;71840;1902589;44763;44699;44710;60249;42592;65008;65007;3674;781;98687;44427;44446;44422;5694;43232;43228	8828	8598	7248	5668	8471	4137	7321	7461	3682	7666.5	5726.5	7144.5	2817.5	1184.5	1481.5	8737.5	7378	523.5	4914	5002	4668.5	1154	4668	7768	93435.5	4.671.775
ORTHO010610	unknown protein	AT4G22370	8150;3674	8829	8240	5811	2793	5748	7241	7529.5	8498.5	8359.5	5653	7382.5	4670	4793	488.5	1509	3023.5	1896	1360.5	7153	2033	2594	630.5	403.5	2575	77793.5	3.889.675
ORTHO000259_1	dicer-like 2	AT3G03300;AT3G43920;AT5G20320	10267;30422;70918;31050;6396;16070;44260;43170;71704;8152;8150;44237;9987;90304;6139;46483;6725;1901360;34641;6807;44238;10467;44763;44699;44710;71359;71407;14070;10033;42221;50896;71310;70887;51716;43331;1901698;1901699;31047;16458;10629;10605;9892;48519;50789;65007;19222;60255;10468;16246;35194;16441;10608;40029;5634;43231;43227;43226;5575;43229;44424;44464;5623;5622;4386;17111;16462;16818;16817;16787;3824;3674;5524;35639;1901265;1901363;5488;97159;43168;43167;32559;30554;17076;166;36094;32555;32553;97367;32550;32549;1882;1883;5515;90502;90501;90305;10216;6259;46872;43169;8026;42623;16887;70035;51607;2252;2376;9615;51707;43207;9605;9607;51704;98542;6952;6950;4525;16891;4521;4519;4518;16788;4540;16893;32296;5730;44428;44446;44422;43232;43228;31981;70013;43233;31974;5737;3725;3723;3676;16442;31332;30529;32991;9616;98586;45087;6955;52018;44003;51817;35821;65008;44403;44419;51701;52249;6353;32774;9059;1901576;9058;34654;19438;44249;44271;18130;1901362;6351;34645;97659;10599;10050;9791;44767;32502;44707;32501;7275	8830	8867	6566	4302	6534	4184	5955	7461	4287	8934.5	8514	6717.5	4249.5	1254	2396.5	3976.5	3299	4326.5	3653	3815.5	4103	961.5	3821	4484	86393	4319.65
ORTHO011165	NA	NA	NA	8831	8951	8884.5	8938	8884	9108	8843	8414.5	4573.5	8934.5	8404	8939	4555.5	401	5596.5	8737.5	6549	261.5	8683	6274.5	8228.5	3503.5	7554.5	8957	126518.5	6.325.925
ORTHO004033	NAD(P)-binding Rossmann-fold superfamily protein	AT2G33590;AT2G33600	3824;3674;8152;8150;16621;16620;16903;16491;55114;44710;44699;5575;46686;10038;10035;42221;50896;9809;9808;9698;19748;6725;44237;9987;1901360;71704;44763;9699;19438;44249;9058;1901362;1901576;44550;44711;50662;48037;5488;9737;9725;9719;10033;33993;97305;1901700;1101;9408;9266;9628;6950;9414;9415	8832	7774	6595	4358	5476.5	4675.5	5974	8327.5	3262	8934.5	4363	7521.5	2785	5907	1432	5325.5	8637.5	1425.5	8059	5277	3491.5	718	378	183	86677	4333.85
ORTHO011027	unknown protein	AT5G19570	3674;5739;43231;43227;43226;5575;43229;44424;44464;5623;5622;44444;5737;8150	8833	7920	7840	6847	6857.5	750.5	8994.5	6428.5	931	7722.5	8232.5	7408	6731.5	6455	7619.5	6712.5	8483	1295.5	5851	2688	2901.5	1613	844	8670.5	100332.5	5.016.625
ORTHO010632	ortholog of maize chloroplast splicing factor CRS1	AT5G16180	9507;9536;43231;43227;43226;5575;43229;44424;44464;5623;5622;44444;5737;9570;9532;44435;44446;44422;44434;373;377;375;8380;6396;16070;44260;43170;71704;8152;8150;44237;9987;90304;6139;46483;6725;1901360;34641;6807;44238;10467;6397;16071;3723;3676;1901363;5488;3674;97159;6417;10608;10468;60255;19222;50789;65007;32268;51246;80090;31323;50794;34248;51171;2000112;31326;9889;10556;30529;32991	8834	8286	4502.5	171	8341	916	1184.5	3877.5	3875	8446	5010	3775.5	3250	138	136.5	3273.5	2630	70	1335	813	2386.5	79	273	372.5	41841.5	2.092.075
ORTHO001045	Beta-1;3-N-Acetylglucosaminyltransferase family protein	AT4G32090;AT4G32105;AT4G32110	16757;16740;3824;3674;8152;8150;5576;5575	8835	9075	8196.5	7558	9063	4042.5	9162	8486	4551	7830	8737.5	9106.5	2801	460.5	2396.5	9139.5	7922.5	102.5	2500.5	2534.5	8990	1613	5762.5	9123	105261.5	5.263.075
ORTHO002924	NA	NA	NA	8836	8727	8712.5	8589	8678	5621	6395	9147	4645.5	7782	8487.5	9018	5195	6076	7258.5	8660.5	7973	1386	8846.5	1556.5	8350.5	914	1705	8595	117612.5	5.880.625
ORTHO008047	Metal-dependent phosphohydrolase	AT1G17330	16787;3824;3674;8152;8150;5634;43231;43227;43226;5575;43229;44424;44464;5623;5622	8837	7730	7763	6689	6664	5432.5	8162.5	4964	6225	4362.5	6543	4309	3152	906.5	3047.5	5325.5	4761	2199.5	5851	8025.5	6180.5	4308.5	7335	8258.5	99349.5	4.967.475
ORTHO009698	Thioredoxin superfamily protein	AT5G06430	9507;9536;43231;43227;43226;5575;43229;44424;44464;5623;5622;44444;5737	8838	7841	8372.5	7907	6857.5	6723	8704	2985.5	702.5	4961	4410	2038	1352	6414.5	7844	6712.5	737	5056.5	8059	8478	8697	7358	8247	8697.5	108177	5408.85
ORTHO001119	carboxyesterase 18	AT5G23530	5634;43231;43227;43226;5575;43229;44424;44464;5623;5622;9860;44702;22414;8150;44699;904;902;32989;16043;71840;9987;9653;32502;48856;48869;44767;44763;48468;30154;3006;48588;48589;40007;16049;9932;9826;60560;48868;9856;44703;51704;44706;32501;8152	8839	8877	6976.5	5114	7245.5	6227.5	7288	8536	2729.5	7274.5	5836	6001.5	4417	906.5	2910	3976.5	5050	1017	4388	5369.5	5061.5	1985	4271.5	7376.5	90622	4531.1
ORTHO007325	SET domain group 26	AT1G76710	775;98687;44427;44446;44422;5575;43226;44424;44464;5623;5622;43229;5694;43232;43228;6281;6259;44260;43170;71704;8152;8150;44237;9987;90304;6139;46483;6725;1901360;34641;6807;44238;6974;33554;51716;50896;6950;44763;44699;44710;16571;6479;43414;32259;43412;8213;6464;36211;19538;44267;16570;16569;16568;6325;43933;16043;71840;51276;6996;1902589;5634;43231;43227;10224;9411;9416;9314;9628;18024;16279;16278;8170;8168;16741;16740;3824;3674;8757;8276;18022;18205;18193;42054;34968;9908;90567;48608;3006;32502;22414;48856;61458;48731;7275;44767;44707;32501;44702;9791;48367;10228	8840	8471	7785.5	6731	8471	5904	3513	7762	5851.5	5066	6343	7392	4738	906.5	2023.5	8358	5561	663.5	6185.5	5726.5	6431	2923.5	6624.5	7591	99564	4978.2
ORTHO002411	nuclear pore anchor	AT1G79280	5515;5488;3674;48443;48827;48856;32502;8150;48367;44767;44699;48731;7275;44707;32501;48437;44702;22414;3006;48569;48513;9908;90567;48608;61458;9791;48466;48438;16973;1902582;46907;6810;51234;51179;51649;51641;44765;1902578;6406;6405;51168;6913;16482;51169;50658;50657;15931;71705;71702;51236;6403;33036;51028;10467;43170;71704;8152;71427;71426;71166;5635;44428;44446;44422;5575;43226;44424;44464;5623;5622;43229;5634;43231;43227;31967;31975;12505;31965;31090;16020;5829;44444;5737;33234;1903321;1903320;31399;32268;51246;80090;19222;50789;65007;60255;31323;50794;31400;32269;31324;48523;48519;9892;51248;10605;33233;9506;5911;30054;55044;5730;43232;43228;31981;70013;43233;31974;5643;6606;17038;15031;45184;8104;6886;34613;70727;34504;33365;1902580;1902593;51170;72594;44744;6605;9507;9536;9910;48581;48580;2000026;50793;51239;51241;51093;2000242;2000241;9909;48831	8841	8995	8898	8955	8984.5	7278	8843	8181.5	4788.5	5953	8404	9089	7258.5	504	5523	8737.5	6549	241.5	9031	8551.5	8228.5	3453.5	7435.5	8942.5	126993	6349.65
ORTHO009998	Transducin/WD40 repeat-like superfamily protein	AT5G12920	80008;31461;151;1990234;1902494;43234;32991;5575;44424;44464;5623;5622;3674;8150;5634;43231;43227;43226;43229	8842	8332	6888	4934	7662	6023.5	4698	7762	4865	7722.5	2290	4566	4865.5	906.5	1910.5	8358	5685	663.5	6327	813	6431	2541	5617	7656.5	89701.5	4.485.075
ORTHO011048	Calcium-binding EF hand family protein	AT4G27790	5794;43231;43227;43226;5575;43229;44424;44464;5623;5622;44444;5737;12505;5509;46872;43169;43167;5488;3674;8150	8843	7909	7889	6935	6857.5	1926	7978.5	4734	7561.5	6687	6173.5	8654.5	5338.5	906.5	2396.5	5325.5	6549	1780	5027.5	7576.5	6908	2763	4748	7860.5	100894.5	5.044.725
ORTHO001095	D-isomer specific 2-hydroxyacid dehydrogenase family protein	AT1G12550;AT2G45630	9853;43094;44249;9058;8152;8150;44237;9987;16491;3824;3674;55114;44710;44699;9854;30267;16616;16614;5737;44424;44464;5575;5623;5622;51287;50662;48037;5488;166;36094;1901265;1901363;97159;5829;44444;16618	8844	9064	8783	8722	9057.5	6832.5	8983	8148	4788.5	5223.5	8820	9089	4955.5	328.5	3936.5	7360.5	7542.5	182.5	8544.5	6555.5	8990	2433.5	8641.5	9132.5	120488	6024.4
ORTHO005356	haloacid dehalogenase-like hydrolase family protein	AT1G56500	9534;31976;9579;44424;44464;5575;5623;5622;31984;44446;44422;43226;43229;43227;44435;44444;5737;9536;43231;44434;9507;9570;9532;16787;3824;3674;8152;8150;10196;1990066;9416;9314;9628;50896;42651;34357;16020;44436	8845	8383	4527	209	7662	3716	1881	3903.5	3598.5	8535.5	4982	2467.5	1352	138	136.5	3273.5	2698	70	1463	2289	2550.5	84	192.5	462	43793	2189.65
ORTHO001759	pseudouridine synthase family protein	AT2G39140;AT5G55840	32544;9657;6996;16043;71840;8150;9987;1902589;44763;44699;6412;43043;43604;43603;34641;6807;8152;44237;44271;44249;9058;6518;1901564;71704;1901566;1901576;44267;19538;43170;44238;44260;34645;9059;10467;44711;44710;489;30490;6364;34470;34660;16070;90304;6139;46483;6725;1901360;6396;16072;42254;22613;44085;42274;9982;16866;16853;3824;3674;455;31118;1522;9451;43412;154;488;470;42273;9507;9536;43231;43227;43226;5575;43229;44424;44464;5623;5622;44444;5737;9501;3723;3676;1901363;5488;97159;5739	8846	9006	8492.5	8139	9010.5	6085.5	8728.5	9036	7831	5169.5	8487.5	9089	4206	310.5	1432	8594.5	3471	867.5	8559.5	6397	5988	3374.5	4451.5	8367.5	110446.5	5.522.325
ORTHO008082	unknown protein	AT1G02960	5634;43231;43227;43226;5575;43229;44424;44464;5623;5622	8847	7754	6083	3319	5476.5	4758	4785	8467.5	5258	7967.5	6173.5	8132.5	3033.5	401	1432	3976.5	5281.5	800	4016	5578	3309	1407.5	3649	2522	80948	4047.4
ORTHO005401	carbon-sulfur lyases	AT5G16940	5575;8152;8150;16846;16829;3824;3674	8848	7813	7752.5	6657	6664	6313	8002.5	4734	5994	2170.5	7040	4239	3059	906.5	2396.5	8358	6298	1780	5128	7498.5	6908	3955.5	6538.5	7860.5	99180	4959
ORTHO010780	Ubiquitin carboxyl-terminal hydrolase family protein	AT5G62990	9793;44702;22414;8150;44699;3006;32502;9790;44767;48856;7275;44707;32501;48316;48608;61458;48731;9791;10154;5634;43231;43227;43226;5575;43229;44424;44464;5623;5622;16787;3824;3674;8152	8849	8359	5454.5	2060	8471	3573	1457	7935.5	5851.5	3329	3426.5	4779	4955.5	906.5	2396.5	8358	6244	1114.5	692	757.5	192	3026	5762.5	8258.5	73015	3650.75
ORTHO009285	Mitochondrial substrate carrier family protein	AT1G14140	6810;51234;51179;8150;5743;19866;31090;16020;5575;44422;43226;43227;44424;44464;5623;5622;31967;31975;44446;43229;31966;44429;44444;5737;5739;43231;5740;16021;31224;44425;6839;1902582;46907;51649;51641;44765;1902578;44699	8850	8206	8387.5	7925	7245.5	7499.5	7872	3085.5	2828	7152	8364	4949	1352	6389.5	7487.5	8660.5	737	1295.5	8435	4809.5	2343	7756.5	8675	8670.5	108361.5	5.418.075
ORTHO010514	Cytidine/deoxycytidylate deaminase family protein	AT1G48175	19239;3824;3674;8152;8150;16787;9451;16070;44260;43170;71704;44237;9987;90304;6139;46483;6725;1901360;34641;6807;44238;43412;9507;9536;43231;43227;43226;5575;43229;44424;44464;5623;5622;44444;5737;9793;44702;22414;44699;3006;32502;9790;44767;48856;7275;44707;32501;48316;48608;61458;48731;9791;10154	8851	7898	7492	6133	6857.5	6184	4698	4734	4953	3651	6763.5	5295.5	3002	906.5	2163.5	5325.5	6208.5	4809.5	5502	7408.5	6810.5	3374.5	6413.5	7768	95971.5	4.798.575
ORTHO010811	gamete-expressed 3	AT5G16020	16021;31224;44425;5575;16020;10183;50918;6935;42330;40011;8150;9605;50896;42221;48868;3006;32502;22414;48856;9856;44703;51704;44706;32501;5886;44464;5623;71944;3674;9790;44767;44699;7275;44707;5576	8852	8337	7401.5	5951	8471	5684	5345.5	7588.5	1994.5	7862.5	7886	5699	4617.5	310.5	1725.5	8135.5	5329.5	1114.5	6327	2749	7636	2112.5	5407	7508	95032.5	4.751.625
ORTHO006244	FAD/NAD(P)-binding oxidoreductase family protein	AT1G55980;AT1G56000	5634;43231;43227;43226;5575;43229;44424;44464;5623;5622;16491;3824;3674;8152;8150;55114;44710;44699	8853	8073	5914.5	2976	7245.5	4096.5	7321	3504.5	2902.5	8934.5	7734.5	7162	4259.5	1800.5	1509	5325.5	3836.5	1425.5	4914	3448	2800	738	2341	4972	79025	3951.25
ORTHO010759	Aldolase-type TIM barrel family protein	AT3G49640	17150;16627;16491;3824;3674;8152;8150;55114;44710;44699;2943;6400;9451;16070;44260;43170;71704;44237;9987;90304;6139;46483;6725;1901360;34641;6807;44238;43412;8033;34470;34660;6396;10467;6399;6808;50789;65007;5829;44444;44424;44464;5575;5623;5622;5737;5634;43231;43227;43226;43229	8854	8340	8656	8458	8471	6784	7630.5	7935.5	7978	5079.5	7040	8654.5	5338.5	906.5	2396.5	8358	6549	663.5	7281	6148	7052	4067	7244	7952.5	115058.5	5.752.925
ORTHO011199	cobalt ion transmembrane transporters	AT3G21580	16021;31224;44425;5575;16020;9507;9536;43231;43227;43226;43229;44424;44464;5623;5622;44444;5737	8855	7991	6037.5	3220	6857.5	3386.5	6021	8941	2892	7722.5	5873	6393	1352	1375.5	2163.5	5325.5	5194	5788	2825	2185	2237	1132	1961.5	7656.5	80424.5	4.021.225
ORTHO010653	UDP-Glycosyltransferase superfamily protein	AT3G10630	5575;16757;16740;3824;3674;8152;8150	8856	8301	6947.5	5039	8471	2239.5	6978.5	7762	4788.5	4944.5	6070	8362	2880	906.5	1616	8358	5194	663.5	5648	2688	7786.5	1613	4544.5	7190.5	90233.5	4.511.675
ORTHO011189	unknown protein	AT3G27050	8150;3674	8857	7993	8465.5	8074	6857.5	8881.5	8162.5	8064.5	4740.5	6687	6543	2729	5467.5	906.5	3047.5	5325.5	6825	2199.5	5851	8125.5	6431	4308.5	7335	8258.5	109889	5494.45
ORTHO001893	Aminotransferase-like; plant mobile domain family protein	AT2G04865	8150;5634;43231;43227;43226;5575;43229;44424;44464;5623;5622;8483;16769;16740;3824;3674;8152	8858	9131	7899	6940	9137	9174	9088	8626	4645.5	7012	6763.5	9110.5	2868	138	3721.5	9139.5	7615.5	46	8734.5	3300.5	8019	787	2047.5	116	100952.5	5.047.625
ORTHO010554	non-intrinsic ABC protein 14	AT5G14100	9941;9526;31967;31975;44464;5575;5623;44446;44422;43226;44424;5622;43229;43227;44435;44444;5737;9536;43231;44434;9507;16887;17111;16462;16818;16817;16787;3824;3674;8152;8150;5215;6810;51234;51179;16020;5886;71944;5524;35639;1901265;1901363;5488;97159;43168;43167;32559;30554;17076;166;36094;32555;32553;97367;32550;32549;1882;1883	8859	7953	5979.5	3100	6857.5	2999.5	7045.5	4266	9084	8934.5	4349	6271	4221.5	5917.5	2396.5	6020.5	3235	4326.5	2233.5	2986	1664.5	484	416.5	2850	79701.5	3.985.075
ORTHO008988	zinc finger (AN1-like) family protein	AT3G28210	10200;10243;9719;50896;8150;10033;42221;1901698;1901700;8270;46914;46872;43169;43167;5488;3674;5634;43231;43227;43226;5575;43229;44424;44464;5623;5622;9737;9725;33993;97305;1101	8860	8148	5586.5	2313	7245.5	3997.5	5001	3310.5	5619	8934.5	4069.5	7471	2812.5	1254	1579	5325.5	1155.5	663.5	3473	4060.5	5988	799	2380.5	6801.5	74695.5	3.734.775
ORTHO009650	P-loop containing nucleoside triphosphate hydrolases superfamily protein	AT4G13030	8150;5525;35639;1901265;1901363;5488;3674;97159;43168;43167;32550;32549;1882;36094;97367;1883;32561;19001;17076;166;32555;32553;5634;43231;43227;43226;5575;43229;44424;44464;5623;5622;16787;3824;8152	8861	7897	7387.5	5914	6857.5	4174	7032	7656	5258	8319	5726.5	7259.5	1352	1254	1616	8358	4998.5	1538.5	5589.5	6754	3870	1735	5295.5	7028	94814	4740.7
ORTHO008700	RNA 2'-phosphotransferase; Tpt1 / KptA family	AT2G45330;AT5G23600	9507;9536;43231;43227;43226;5575;43229;44424;44464;5623;5622;44444;5737;16772;16740;3824;3674;8152;8150;215;16773;8665;6388;394;8380;6396;16070;44260;43170;71704;44237;9987;90304;6139;46483;6725;1901360;34641;6807;44238;10467;8033;34470;34660;6399;9793;44702;22414;44699;3006;32502;9790;44767;48856;7275;44707;32501;48316;48608;61458;48731;9791;10154	8862	8749	8683.5	8505	8678	9094	9035.5	7588.5	4865	8231.5	7999	3872	5066	590	2163.5	8737.5	6409	1114.5	8098.5	5094	8438.5	2837	8115.5	8552	115901.5	5.795.075
ORTHO004423	RAD3-like DNA-binding helicase protein	AT1G20720;AT1G20750	5634;43231;43227;43226;5575;43229;44424;44464;5623;5622;5524;35639;1901265;1901363;5488;3674;97159;43168;43167;32559;30554;17076;166;36094;32555;32553;97367;32550;32549;1882;1883;5739;44444;5737;3677;3676;4003;8094;42623;16887;17111;16462;16818;16817;16787;3824;8152;8150;3678;4386;32508;32392;71103;51276;6996;16043;71840;9987;8026;70035;9507;9536;6139;46483;44237;6725;1901360;71704;34641;6807;44238	8863	8360	7899.5	6936	7662	4794.5	7355.5	7656	5258	8535.5	7594	7312.5	4444	1184.5	1616	8358	5108	523.5	5589.5	5245.5	5061.5	1910	5762.5	7591	100900	5045
ORTHO001653_1	P-type ATP-ase 1	AT4G33520	9570;9532;44435;44444;44424;44464;5575;5623;5622;5737;44446;44422;43226;43229;9536;43231;43227;44434;9507;5887;31226;44459;44425;16020;5886;71944;31224;16021;9941;9526;31967;31975;9767;22900;6091;44237;8152;8150;9987;55114;44710;44699;44763;19684;15979;16531;16530;3674;5507;46914;46872;43169;43167;5488;55070;55076;55065;98771;50801;48878;42592;65008;65007;55080;43682;15662;42625;42626;43492;42623;16887;17111;16462;16818;16817;16787;3824;15405;15399;22804;22857;5215;6810;51234;51179;55085;44765;1902578;16820;15075;22891;22892;34220;6811;19829;8324;98655;6812;5375;46915;46873;22890;30001;41;35434;98662;98660;6825	8864	8158	7338.5	5813	7245.5	4986.5	7422	7762	4788.5	7407.5	3639.5	5960	4492.5	906.5	1616	8358	5194	663.5	5589.5	5038	5422.5	2112.5	5710.5	7190.5	94260	4713
ORTHO010934	tetraacyldisaccharide 4'-kinase family protein	AT3G20480	9245;1901271;9312;9311;44723;5975;71704;8152;8150;44238;44710;44699;16051;1901576;9058;44711;1901137;1901135;1901269;46493;6644;19637;6793;44237;9987;44255;6629;44763;6796;6664;1903509;6643;9247;46467;8610;44249;8654;90407;9029;16301;16772;16740;3824;3674;16310;16773;2001289;6040;5524;35639;1901265;1901363;5488;97159;43168;43167;32559;30554;17076;166;36094;32555;32553;97367;32550;32549;1882;1883;5739;43231;43227;43226;5575;43229;44424;44464;5623;5622;44444;5737;16020	8865	8013	6504	4143	7245.5	5285	4118.5	2838	5355.5	1893	2290	2937.5	1352	4244	3265	5325.5	2603.5	4253	5851	7747	7786.5	4169	6413.5	7860.5	85588	4279.4
ORTHO010327	SNF2 domain-containing protein / helicase domain-containing protein / F-box family protein	AT3G54460	3677;3676;1901363;5488;3674;97159;5524;35639;1901265;43168;43167;32559;30554;17076;166;36094;32555;32553;97367;32550;32549;1882;1883;8270;46914;46872;43169;5634;43231;43227;43226;5575;43229;44424;44464;5623;5622;9506;5911;30054;55044	8866	7930	7471	6076	6857.5	6085.5	7507.5	7762	4865	5615	6343	4566	4865.5	906.5	2023.5	5325.5	5764.5	663.5	6327	7408.5	4946	2213.5	4843.5	7656.5	95688	4784.4
ORTHO000527_3	Di-glucose binding protein with Kinesin motor domain	AT2G22610	8017;32403;44877;5488;3674;5515;15631;8092;5524;35639;1901265;1901363;97159;43168;43167;32559;30554;17076;166;36094;32555;32553;97367;32550;32549;1882;1883;7018;6928;44763;9987;8150;44699;7017;5737;44424;44464;5575;5623;5622;3777;3774;17111;16462;16818;16817;16787;3824;8152;5874;44430;44446;44422;43226;43229;5856;43232;43228;43234;32991;15630;5871;5875	8867	9061	8920	8973	9057.5	8502.5	9111.5	8509	4253	5864.5	8820	9089	4955.5	310.5	3936.5	9078	9010.5	182.5	8539	7498.5	8990	3111.5	8775	9084	127621	6381.05
ORTHO009165	initiator tRNA phosphoribosyl transferase family protein	AT2G40570	16763;16757;16740;3824;3674;8152;8150;19988;6464;36211;19538;43170;71704;44238;43412;44267;44260;44237;9987;6400;9451;16070;90304;6139;46483;6725;1901360;34641;6807;8033;34470;34660;6396;10467;6399;5634;43231;43227;43226;5575;43229;44424;44464;5623;5622;6417;10608;10468;60255;19222;50789;65007;32268;51246;80090;31323;50794;34248;51171;2000112;31326;9889;10556;43399	8868	7934	4573	278	6857.5	3929	2032.5	4183	4100	8319	397.5	7698.5	1352	138	136.5	3099	2702.5	182.5	1668	2820	2621	173	416.5	535	46503.5	2.325.175
ORTHO011463	unknown protein	AT1G03180	8150;5739;43231;43227;43226;5575;43229;44424;44464;5623;5622;44444;5737;3674;5634	8869	8405	7732	6595	8471	5974	7483.5	7762	5851.5	5953	3366.5	4566	4793	906.5	1910.5	8358	5561	663.5	6185.5	5726.5	6431	2923.5	6709	7656.5	98781	4939.05
ORTHO010233	DNA glycosylase superfamily protein	AT3G47830	5634;43231;43227;43226;5575;43229;44424;44464;5623;5622;6284;6281;6259;44260;43170;71704;8152;8150;44237;9987;90304;6139;46483;6725;1901360;34641;6807;44238;6974;33554;51716;50896;6950;44763;44699;44710;3824;3674;16798;16787	8870	7981	7405.5	5941	6857.5	5285	4118.5	4964	6712.5	2366.5	6543	8397	3122	906.5	2910	5325.5	494	2724.5	5851	8125.5	7709	4169	7089	8159	94971.5	4.748.575
ORTHO009530	RNA-binding (RRM/RBD/RNP motifs) family protein	AT1G31600	32259;8152;8150;16706;16705;16491;3824;3674;55114;44710;44699;51213;166;36094;5488;1901265;1901363;97159;8168;16741;16740;3676;2098;2097;6400;9451;16070;44260;43170;71704;44237;9987;90304;6139;46483;6725;1901360;34641;6807;44238;43412;8033;34470;34660;6396;10467;6399;5634;43231;43227;43226;5575;43229;44424;44464;5623;5622	8871	7923	6325.5	3780	6857.5	3086.5	6845.5	4373.5	4705.5	8063.5	5669.5	6494	4380.5	1254	1549	5325.5	6955.5	1450	2997	4258.5	3621.5	1407.5	4209.5	6801.5	83448	4172.4
ORTHO002576_1	ATP binding	AT3G27730	7131;35825;6310;6259;44260;43170;71704;8152;8150;44237;9987;90304;6139;46483;6725;1901360;34641;6807;44238;1903046;22402;44763;44699;7049;51321;3;44710;7127;7126;280;48285;6996;16043;71840;1902589;5524;35639;1901265;1901363;5488;3674;97159;43168;43167;32559;30554;17076;166;36094;32555;32553;97367;32550;32549;1882;1883;5634;43231;43227;43226;5575;43229;44424;44464;5623;5622;51026;22607;44085;7129;70192;51276;45143;45132;98813;7059;3676;4386;17111;16462;16818;16817;16787;3824;8026;42623;16887;70035;3677;3678;32508;32392;71103	8872	8213	7833	6794	7245.5	6643.5	3327	7935.5	4253	4256	8095	4566	5066	906.5	2396.5	8358	6298	867.5	4914	6197.5	7386	3609.5	6989	7860.5	99925	4996.25
ORTHO000855	alpha/beta-Hydrolases superfamily protein	AT2G03550;AT3G48690;AT3G48700	5634;43231;43227;43226;5575;43229;44424;44464;5623;5622;52689;16788;16787;3824;3674;8152;8150;5737;5829;44444	8873	8959	8891	8909	8884	7363.5	9012.5	8801	5851.5	6050.5	8095	8989	4738	401	5661	8737.5	6722.5	318	8764.5	6555.5	8697	3955.5	7729.5	9072	125515	6275.75
ORTHO011460	Protein kinase superfamily protein	AT1G69910	16301;16772;16740;3824;3674;8152;8150;16310;6796;6793;44237;9987;5886;16020;5575;44464;5623;71944	8874	8437	6526	4178	8471	4061	1474	6741	3534	8934.5	4199.5	7532	1352	4134.5	1372.5	8358	6549	8719.5	4914	794.5	4321	678.5	3311.5	4801	85782	4289.1
ORTHO011380	delta(3;5);delta(2;4)-dienoyl-CoA isomerase 1	AT5G43280	5777;42579;43231;43227;43226;5575;43229;44424;44464;5623;5622;44444;5737;51750;16863;16860;16853;3824;3674;8152;8150;9845;44707;32501;44699;90351;9791;44767;32502;7275;9062;44242;16042;44712;9056;44710;6629;71704;44238;1901575;44255;44763;9987;44237;44248;72329;46395;16054;44282;44281;6082;19752;43436;32787;6631;4300;16836;16835;16829;5739	8875	8411	8065	7255	8471	5974	7507.5	7762	5851.5	5369.5	7999	4566	4793	906.5	2023.5	8358	5561	663.5	6265.5	5726.5	6431	2923.5	6709	7656.5	103047	5152.35
ORTHO011402	NYC1-like	AT5G04900	9535;55035;42651;34357;16020;5575;44436;44424;44464;5623;5622;9579;44435;44444;5737;44446;44422;43226;43229;9536;43231;43227;31976;31984;44434;9507;9534;10304;44257;30163;19538;43170;71704;8152;8150;44238;9057;1901575;9056;44265;44260;44237;9987;44248;44267;5515;5488;3674;15996;6787;51187;51186;6778;33013;46483;6725;1901360;1901564;6807;33015;19439;44270;34641;1901361;1901565;46700;44763;44699;46149;44712;44710;42440;15994;34256;16616;16614;16491;3824;55114	8876	8414	8237.75	7599.5	8471	6313	7600	7935.5	1198	4905	8232.5	8654.5	3059	906.5	2163.5	8358	6549	663.5	7197.5	5929.5	6908	3955.5	7156	7860.5	105545	5277.25
ORTHO009767	Tetratricopeptide repeat (TPR)-like superfamily protein	AT2G33680	5575;8150	8877	8780	7164	5451	8678	4152	8971	8064.5	4788.5	8934.5	2653	8194	4355	1321.5	1404.5	8925	3796.5	1322	5347.5	2156.5	5779	678.5	4806.5	6669	92319	4615.95
ORTHO010104	5'-3' exonuclease family protein	AT3G28030	4519;4518;16788;16787;3824;3674;8152;8150;90305;90304;6139;46483;44237;9987;6725;1901360;71704;34641;6807;44238;43170;6289;6281;6259;44260;6974;33554;51716;50896;6950;44763;44699;44710;3697;43566;3677;3676;1901363;5488;97159;9408;9266;9628;5634;43231;43227;43226;5575;43229;44424;44464;5623;5622;10213;46872;43169;43167;5515;10224;9411;9416;9314	8878	7825	8534.5	8191	6857.5	8834	8038	4964	6584	8535.5	982	6614	5740	6292	7737.5	6712.5	7777	4400	5851	8214	5265	2213.5	1720	4678.5	111152.5	5.557.625
ORTHO011471	unknown protein	AT3G23255	5634;43231;43227;43226;5575;43229;44424;44464;5623;5622;8150;3674	8879	8416	7802.5	6726	8471	6149	3327	7762	5851.5	8063.5	3366.5	7392	2962.5	906.5	2163.5	8358	5764.5	1051.5	6389	5781.5	6431	3222.5	6854	7721.5	99517.5	4.975.875
ORTHO003736	Class I glutamine amidotransferase-like superfamily protein	AT3G02720	19249;1901617;1901615;71704;8152;8150;1901576;9058;72330;46394;16053;6082;44281;44710;44699;44763;9987;44237;44283;44711;44249;19752;43436;32787;6089;4462;16846;16829;3824;3674;19243;61727;51596;9438;6081;42180;46185;44712;9056;1901575;44248;42182;44282;5737;44424;44464;5575;5623;5622;19172;16836;16835;16798;16787	8880	9126	9000	9120	9127	8118	7529.5	8509	5144	8118.5	8947	9145	6397.5	504	5691.5	8827.5	7962.5	122.5	8973.5	8891.5	9033.5	4423	9022.5	9142.5	134503	6725.15
ORTHO003093	unknown protein	AT2G25730	5634;43231;43227;43226;5575;43229;44424;44464;5623;5622	8881	8064	4734.5	588	7245.5	908.5	7019.5	3999.5	3668.5	5628.5	5177.5	7676	3701.5	138	136.5	6020.5	2794.5	203.5	1748	2635.5	2815.5	157.5	158	323.5	54910.5	2.745.525
ORTHO000506_1	Protein kinase superfamily protein	AT4G32660	5524;35639;1901265;1901363;5488;3674;97159;43168;43167;32559;30554;17076;166;36094;32555;32553;97367;32550;32549;1882;1883;6468;16310;6796;6793;44237;8152;8150;9987;6464;36211;19538;43170;71704;44238;43412;44267;44260;4672;16301;16772;16740;3824;16773;5634;43231;43227;43226;5575;43229;44424;44464;5623;5622;4674;46777;4712;5737	8882	8653	7975.5	7069	8471	679	7311	3038.5	2412.5	8319	8675.5	6300	1352	6764.5	7518.5	9043.5	8092	7801.5	8694.5	2880.5	2634.5	548.5	1121.5	8631	101818	5090.9
ORTHO011467	SAP domain-containing protein	AT5G66840	5634;43231;43227;43226;5575;43229;44424;44464;5623;5622;3677;3676;1901363;5488;3674;97159	8883	8425	8986.5	9090	8471	7278	7778	8901	7046.5	8063.5	8095	5851	1352	6292	7518.5	8660.5	7137.5	1239	8239.5	7463	8019	7259	8485	8491	133169	6658.45
ORTHO000540_2	terpene synthase 14	AT1G61680	43693;43692;42214;6720;44255;6629;71704;8152;8150;44710;44699;44238;44763;9987;44237;46246;8299;8610;1901576;9058;44711;44249;287;46872;43169;43167;5488;3674;16114;6721;9507;9536;43231;43227;43226;5575;43229;44424;44464;5623;5622;44444;5737;10333;16838;16835;16829;3824;34007	8884	9156	8977	9070	9152	8668.5	9164	8963.5	4788.5	7916.5	8964.5	9166	7377.5	474.5	6243.5	9149	8473.5	44.5	9168	1811	6578.5	6679	9107	9140	131877.5	6.593.875
ORTHO006991	glycine-tRNA ligases	AT3G48110	9570;9532;44435;44444;44424;44464;5575;5623;5622;5737;44446;44422;43226;43229;9536;43231;43227;44434;9507;5524;35639;1901265;1901363;5488;3674;97159;43168;43167;32559;30554;17076;166;36094;32555;32553;97367;32550;32549;1882;1883;9793;44702;22414;8150;44699;3006;32502;9790;44767;48856;7275;44707;32501;48316;48608;61458;48731;9791;10154;6426;6418;43039;6399;34660;16070;44260;43170;71704;8152;44237;9987;90304;6139;46483;6725;1901360;34641;6807;44238;43038;6520;1901564;19752;43436;6082;44281;44710;44763;6412;43043;43604;43603;44271;44249;9058;6518;1901566;1901576;44267;19538;34645;9059;10467;4820;4812;16876;16875;16874;3824;5739;45995;2000026;50793;50789;65007;51239	8885	8133	8252.5	7620	7245.5	8536.5	7507.5	4571	7183.5	8535.5	6343	8905	4865.5	906.5	2023.5	8358	5764.5	490	335.5	7194	6431	3222.5	6854	7656.5	105683.5	5.284.175
ORTHO001909	purine permease 3	AT1G28220;AT1G28230	6863;15851;71705;6810;51234;51179;8150;44765;1902578;44699;71702;5345;15205;22891;22857;5215;3674;55085;44763;9987;22892;9507;9536;43231;43227;43226;5575;43229;44424;44464;5623;5622;44444;5737;16020;16021;31224;44425;15860;72530;1901642;15858;1901264;15931;15211;5337;1901505;15932;5887;31226;44459;5886;71944;10184;9914;10817;65008;65007	8886	8758	8595	8304	8678	5773	5345.5	8801	6823.5	4206	8404	8818.5	1352	4329.5	2702.5	8770.5	6208.5	1450	8031	4169.5	8153	2608	7554.5	8942.5	112443	5622.15
ORTHO011231	Translin family protein	AT2G03780	8150;9507;9536;43231;43227;43226;5575;43229;44424;44464;5623;5622;44444;5737;3677;3676;1901363;5488;3674;97159	8887	8466	8553.5	8220	8471	7324.5	7819	8307	2069	6081	8314	4991	6513.5	6389.5	7667.5	8660.5	1888	1406.5	8394	8320	2929.5	4471.5	1306.5	8552	111404.5	5.570.225
ORTHO011198	unknown protein	AT2G17705	33743;16671;16667;16491;3824;3674;8152;8150;55114;44710;44699;9507;9536;43231;43227;43226;5575;43229;44424;44464;5623;5622;44444;5737;5886;16020;71944	8888	8019	8078.5	7269	7245.5	5432.5	8162.5	4964	4740.5	7441.5	6543	2729	3152	906.5	3047.5	5325.5	6825	2199.5	5851	8025.5	7925	4308.5	7335	8258.5	103172.5	5.158.625
ORTHO010499	cofactor of nitrate reductase and xanthine dehydrogenase 3	AT1G01290	6777;9108;51188;51186;44237;8152;8150;9987;44249;9058;6732;19538;43170;71704;44238;19720;43545;19637;6793;51189;44267;44260;46483;1901360;1901564;6807;6796;32324;18130;1901362;1901576;90407;1901566;61597;16830;16829;3824;3674;5739;43231;43227;43226;5575;43229;44424;44464;5623;5622;44444;5737;5829;9507;9536	8889	7861	7203.5	5518	6857.5	5432.5	6879	2939.5	2338	5338	2539	8397	5467.5	906.5	3047.5	5325.5	4761	2199.5	5851	5126.5	6180.5	4308.5	7335	8258.5	92630.5	4.631.525
ORTHO000498_2	RNA helicase; ATP-dependent; SK12/DOB1 protein	AT3G46960	5773;43231;43227;43226;5575;43229;44424;44464;5623;5622;44444;5737;3723;3676;1901363;5488;3674;97159;3724;4386;17111;16462;16818;16817;16787;3824;8152;8150;5524;35639;1901265;43168;43167;32559;30554;17076;166;36094;32555;32553;97367;32550;32549;1882;1883;6813;15672;6812;6811;44765;6810;51234;51179;1902578;44699;30001;5634;6401;44265;44260;43170;71704;44237;9987;9057;1901575;9056;44248;16070;90304;6139;46483;6725;1901360;34641;6807;44238;34655;19439;44270;1901361;46700;8026;42623;16887;70035;6351;34645;9059;1901576;9058;44249;97659;32774;34654;19438;44271;18130;1901362;10467;3677;35864;10038;10035;42221;50896	8890	8549	7674	6458	8471	4675.5	7355.5	8348	4551	7094.5	5973.5	6271	4793	906.5	1677.5	8358	5457.5	663.5	5589.5	6467.5	5170.5	1778.5	5710.5	7028	97869.5	4.893.475
ORTHO006585	Ubiquitin carboxyl-terminal hydrolase family protein	AT2G31290	5739;43231;43227;43226;5575;43229;44424;44464;5623;5622;44444;5737;16787;3824;3674;8152;8150	8891	8571	8675.5	8460	8471	6227.5	7665	8148	7978	4166.5	4188.5	7495	1352	6389.5	7548.5	8660.5	1507	1342.5	7901.5	6240	8663	6129	4773	8697.5	115072.5	5.753.625
ORTHO010669	Pentatricopeptide repeat (PPR) superfamily protein	AT5G43820	5739;43231;43227;43226;5575;43229;44424;44464;5623;5622;44444;5737;8150	8892	8347	8351.5	7811	7662	6184	3327	7762	7455	5281	6763.5	8595.5	4955.5	906.5	1812.5	8358	6298	1051.5	7197.5	5887	6696	3503.5	6989	8258.5	107281.5	5.364.075
ORTHO000333	acetyl CoA:(Z)-3-hexen-1-ol acetyltransferase	AT3G03480;AT5G17540	10327;16413;16407;16747;16746;16740;3824;3674;8152;8150;8374;5737;44424;44464;5575;5623;5622;10597;19372;6690;19752;43436;6082;71704;44281;44710;44699;44763;9987;44237;1901568;6631;44255;6629;44238;32787	8893	9125	8990.5	9088	9132.5	8391.5	9135.5	8545.5	4231.5	4249	8095	9150.5	6513.5	504	5746.5	8827.5	8051	126.5	8915.5	9024.5	9064.5	6266	9110.5	9166	133114.5	6.655.725
ORTHO000272_2	xanthine dehydrogenase 1	AT4G34890;AT4G34900	302;6979;6950;50896;8150;1901700;42221;9414;9415;9628;1101;10035;4854;16726;16725;16491;3824;3674;8152;55114;44710;44699;42554;6801;72593;44237;9987;6145;46113;44712;9056;1901361;1901360;71704;1901575;1901565;1901564;6807;9112;55086;6139;46483;6725;34641;44238;44281;44763;46700;44248;72523;19439;44270;72521;6144;5829;44444;44424;44464;5575;5623;5622;5737;46110;51537;51536;51540;5488;16614	8894	8265	8341	7788	8341	6898	7665	8028.5	3875	3547	2539	9013	3152	906.5	2910	8358	6825	867.5	7562	6197.5	7925	4873	7667.5	8258.5	107068	5353.4
ORTHO011468	Pseudouridine synthase family protein	AT1G34150	1522;9451;16070;44260;43170;71704;8152;8150;44237;9987;90304;6139;46483;6725;1901360;34641;6807;44238;43412;5634;43231;43227;43226;5575;43229;44424;44464;5623;5622;9982;16866;16853;3824;3674;8033;34470;34660;6396;10467;6399;3723;3676;1901363;5488;97159	8895	8433	7575.5	6256	8471	6227.5	3327	7935.5	4645.5	3055	2992.5	7408	5066	906.5	2023.5	8358	6298	663.5	6531	6001	6908	3503.5	6989	7860.5	96699.5	4.834.975
ORTHO005737	plastid transcriptionally active 3	AT3G04260	5634;43231;43227;43226;5575;43229;44424;44464;5623;5622;9508;229;44444;5737;5694;43232;43228;44435;44446;44422;9536;42646;9295;9532;3676;1901363;5488;3674;97159;3677;9507;16020	8896	8151	6255	3614	7245.5	8430	5770.5	4826.5	2570.5	7485	7040	4467	1352	1184.5	2396.5	5325.5	1849.5	1295.5	4263.5	2570	7052	2763	4085.5	7860.5	82587.5	4.129.375
ORTHO009087	Ergosterol biosynthesis ERG4/ERG24 family	AT3G52940	55114;44710;8152;8150;44699;30176;31227;44432;44444;44424;44464;5575;5623;5622;5737;44446;44422;43226;43229;5783;43231;43227;12505;31300;31224;44425;16020;31090;5789;98588;42175;31301;16021;16628;16627;16491;3824;3674;16126;16125;6066;1901615;71704;44281;8202;1901360;6629;44238;46165;1901617;1901576;9058;44283;44711;6694;1901362;8610;50613;9793;44702;22414;3006;32502;9790;44767;48856;7275;44707;32501;48316;48608;61458;48731;9791;10154;5634	8897	8695	8861	8825	8619	8470.5	2703	8233.5	4452.5	3240.5	7999	5960	6456	6088.5	7448.5	8660.5	7240	1114.5	6531	7299	8663	6377.5	7486	8875.5	123299	6164.95
ORTHO010448	Tetratricopeptide repeat (TPR)-like superfamily protein	AT1G02060	9507;9536;43231;43227;43226;5575;43229;44424;44464;5623;5622;44444;5737;8150;5739	8898	8911	8138.5	7379	8884	9163.5	7978.5	9014	3875	8934.5	4902	7353.5	1352	6170.5	7195	8783.5	4998.5	53	64.5	6368.5	7709	543.5	1615	7952.5	104026.5	5.201.325
ORTHO005713	glutathione S-transferase (class zeta) 2	AT2G02380;AT2G02390	5737;44424;44464;5575;5623;5622;6749;6518;43603;34641;6807;8152;8150;44237;9987;1901564;71704;6790;6575;9407;90487;44712;9056;44710;44699;19748;9404;44763;44248;4364;16765;16740;3824;3674;5829;44444;9636;42221;50896;16034;16859;16853;1902000;1901999;18958;1901615;6725;1901360;32787;19752;43436;6082;44281;72329;46395;16054;44282;1901575;19336;19439;1901616;1901361;9072;6520;44238;4601;16684;16491;55114;16209	8899	8946	7796.5	6694	8984.5	5621	8499.5	8495	5258	7916.5	5669.5	8258	2856.5	590	2910	8804.5	3752	340.5	4607.5	7498.5	4384	4612.5	4292	5007.5	99373	4968.65
ORTHO011396	Pyridoxamine 5'-phosphate oxidase family protein	AT2G04690	5576;5575;10181;50662;48037;5488;3674;43168;43167;32553;97367;166;36094;1901265;1901363;97159;5773;43231;43227;43226;43229;44424;44464;5623;5622;44444;5737;16491;3824;8152;8150;55114;44710;44699	8900	8445	8054	7208	8471	5974	7483.5	3095.5	4645.5	7324	7886	8494.5	4793	906.5	2023.5	8358	5561	663.5	6185.5	5726.5	6431	2923.5	6624.5	7656.5	102756	5137.8
ORTHO000704	U5 small nuclear ribonucleoprotein helicase; putative	AT1G20960;AT2G42270;AT5G61140	5730;44428;44446;44422;5575;43226;44424;44464;5623;5622;43229;5634;43231;43227;43232;43228;31981;70013;43233;31974;5524;35639;1901265;1901363;5488;3674;97159;43168;43167;32559;30554;17076;166;36094;32555;32553;97367;32550;32549;1882;1883;8026;42623;16887;17111;16462;16818;16817;16787;3824;8152;8150;70035;4386;30529;32991;9793;44702;22414;44699;3006;32502;9790;44767;48856;7275;44707;32501;48316;48608;61458;48731;9791;10154;16020;31204;65002;6886;15031;45184;51234;51179;8104;33036;71702;6810;46907;51649;51641;34613;70727;1902582;44765;1902578;71806;55085;44763;9987;6620;6612;6605;90150;72657;44802;61024;16043;71840;1902580;45047;16482;72599;72594;33365;70972;8565;22892;5215;5829;44444;5737;19013;44423;19012;19028;3676;9506;5911;30054;55044	8901	8474	6088.5	3276	8950.5	4903	7947.5	8028.5	4788.5	8231.5	8167.5	6080.5	2819.5	474.5	2396.5	6712.5	3224	464	3421.5	4297.5	3323	997	3418.5	1061.5	80757	4037.85
ORTHO001867	GroES-like zinc-binding alcohol dehydrogenase family protein	AT5G51970	31966;31090;16020;5575;44422;43226;43227;44429;44444;44424;44464;5623;5622;5737;44446;43229;5739;43231;5740;31967;31975;5829;5886;71944;8270;46914;46872;43169;43167;5488;3674;9506;5911;30054;55044;55114;44710;8152;8150;44699	8902	8580	8802.5	8703	8471	6707.5	8843	7935.5	5994	6592	8232.5	8989	5195	504	2163.5	8358	6722.5	663.5	8310	6001	8663	3955.5	7156	9039.5	120025	6001.25
ORTHO011441	FUNCTIONS IN: molecular_function unknown	AT4G20325	3674;5634;43231;43227;43226;5575;43229;44424;44464;5623;5622;8150	8903	8477	7879	6855	8471	6313	4813.5	7935.5	3838.5	4009	7040	4467	5338.5	906.5	2163.5	8358	6549	663.5	7197.5	4925	6908	3955.5	7156	7860.5	100398	5019.9
ORTHO002516	AMP-dependent synthetase and ligase family protein	AT1G20480;AT1G20490;AT1G20500;AT1G20510;AT5G38120	8152;8150;5777;42579;43231;43227;43226;5575;43229;44424;44464;5623;5622;44444;5737;9698;19748;44710;44699;6725;44237;9987;1901360;71704;44763;16207;16405;16877;16874;3824;3674;16878;5524;35639;1901265;1901363;5488;97159;43168;43167;32559;30554;17076;166;36094;32555;32553;97367;32550;32549;1882;1883;9695;72330;46394;16053;6082;44281;44283;44711;9058;1901576;44249;19752;43436;32787;9694;9507;9536;9611;6950;50896	8904	8679	7835.5	6767	6857.5	8484	8552.5	7588.5	8178.5	3007	6543	4111	5195	590	1372.5	8804.5	7006	1114.5	3857.5	5215.5	5839	5789.5	4535	4016	99799.5	4.989.975
ORTHO010652	Glutaredoxin family protein	AT1G64500	5884;44430;44446;44422;5575;43226;44424;44464;5623;5622;43229;5856;43232;43228;43234;32991;15629;51017;22607;16043;71840;8150;9987;44085;61572;7015;71822;43933;30036;30029;44763;44699;7010;6996;1902589;15035;15036;16667;16491;3824;3674;8152;55114;44710;9055;9902;9658;9657;19750;51644;51640;51641;51179;51667;51649;51234;51656;45454;19725;42592;65008;65007;50794;50789;5634;43231;43227	8905	8409	8271.5	7638	8471	6417	3129.5	7935.5	7978	5293	2653	8654.5	3098	906.5	2396.5	8358	6692.5	867.5	7353.5	6148	7568	4471.5	7486	8367.5	105774	5288.7
ORTHO000518	NA	NA	NA	8906	9165	9040.5	9175	9165	9151	9172	9052	4788.5	8934.5	9159	9175	7554	2711.5	6137	9163	8953.5	53	9171	9176	9170	5376	9175	9167	145239	7261.95
ORTHO000305	cytochrome P450; family 704; subfamily A; polypeptide 1	AT2G44890;AT2G45510	5506;46914;46872;43169;43167;5488;3674;4497;16491;3824;8152;8150;55114;44710;44699;5576;5575;19825;20037;46906;1901363;97159;16705;5783;43231;43227;43226;43229;44424;44464;5623;5622;44444;5737;12505	8907	9170	9039	9171	9172	9127	9177	9139	4452.5	8647.5	9166	9176	2804.5	4134.5	6560	9173	9102	29	9174	9178	9174.5	6429	9178	9177	142998.5	7.149.925
ORTHO008037	Calcineurin-like metallo-phosphoesterase superfamily protein	AT3G03305	16787;3824;3674;8152;8150;46872;43169;43167;5488;4722;4721;16791;42578;16788;16311;6796;6793;44237;9987;6470;6464;36211;19538;43170;71704;44238;43412;44267;44260;16021;31224;44425;5575;16020	8908	8256	5686.5	2465	7245.5	4913	6974	2614.5	2790.5	7125	6070	6240	2868	1184.5	1616	8358	1221.5	800	5648	3331	2755.5	1179	3010.5	7120	75819	3790.95
ORTHO000337_1	RNA-dependent RNA polymerase 1	AT1G14790	16441;10608;10468;60255;19222;50789;65007;8150;40029;16458;10629;10605;9892;48519;44763;9987;44699;9615;51707;43207;9605;50896;9607;51704;3723;3676;1901363;5488;3674;97159;5634;43231;43227;43226;5575;43229;44424;44464;5623;5622;1172;97659;32774;9059;43170;71704;8152;1901576;9058;16070;44260;44237;90304;6139;46483;6725;1901360;34641;6807;44238;34654;19438;44249;44271;18130;1901362;3968;34062;16779;16772;16740;3824;60148;60147;60968;50794;48522;48518;10025;10166;9751;14070;10033;42221;1101;1901700	8909	9100	7577.5	6246	9099	3114.5	8499.5	1963.5	4418	8934.5	5314.5	5150	6804.5	5989.5	5907.5	9139.5	9122.5	7728	3616	1486	115.5	150	101.5	9093.5	96648.5	4.832.425
ORTHO010013	NHL domain-containing protein	AT3G07060	9507;9536;43231;43227;43226;5575;43229;44424;44464;5623;5622;44444;5737;3674;9793;44702;22414;8150;44699;3006;32502;9790;44767;48856;7275;44707;32501;48316;48608;61458;48731;9791;10154	8910	8391	7110	5310	8471	2501	6708.5	3441.5	2628	8934.5	4243	7055.5	1352	5941	1462	8605.5	9176	1342.5	8152.5	4809.5	8019	129	94	6949.5	91544.5	4.577.225
ORTHO000752	Flavin-binding monooxygenase family protein	AT1G12130;AT1G12140;AT1G12160;AT1G12200;AT1G62540;AT1G62560;AT1G62570;AT1G62580;AT1G62600;AT1G62620;AT1G63340;AT1G63370;AT1G65860	50660;50662;48037;5488;3674;43168;43167;166;36094;1901265;1901363;97159;4497;16491;3824;8152;8150;55114;44710;44699;50661;5634;43231;43227;43226;5575;43229;44424;44464;5623;5622;4499;16709;16705;80107;19761;19758;19757;43436;6082;71704;44281;44763;9987;44237;19748;16143;6790;1901657;1901135;16144;1901659;1901137;1901576;9058;44711;44272;44249;44550;19760;50832;98542;6952;6950;50896;51707;43207;9605;9607;51704;9620;80103;80104;80102;80106;16021;31224;44425;16020;80105;4383;16849;16829;9975;6182;52652;6164;9165;1901293;90407;19637;6793;6753;55086;6139;46483;6725;1901360;34641;6807;44238;6796;34654;19438;44271;18130;1901362;9117;72522;72521;1901564;1901566;6163;9190;9187;9152;9150;9259;19693;9260;46390;46068;19825;70026;90332;10118;5773;44444;5737;33506;33321;96;6520;19752;1901605	8911	9127	8575	8239	9111.5	3801	512	9069.5	2202	8934.5	3702.5	9172	3751.5	6125.5	6464.5	8830	9033	1180.5	8008.5	2688	2224.5	9033	7774	9146.5	111653	5582.65
ORTHO007217	unknown protein	AT5G25500	5739;43231;43227;43226;5575;43229;44424;44464;5623;5622;44444;5737;8150;3674	8912	8618	8163.25	7414.5	8471	5155.5	8691	7491.5	6712.5	3801.5	7734.5	4162.5	4865.5	590	1812.5	8737.5	6099.5	1017	7792.5	5369.5	7860	1778.5	6194.5	8420	104286	5214.3
ORTHO006530	Pentatricopeptide repeat (PPR-like) superfamily protein	AT1G71460	9507;9536;43231;43227;43226;5575;43229;44424;44464;5623;5622;44444;5737;3674;8150;5739	8913	8664	5790.75	2668.5	8619	9167.5	444.5	8619.5	8874	8934.5	4969.5	2729	1352	5832.5	2163.5	9043.5	8915	985	1164.5	1667	1514.5	173	228.5	372.5	77150	3857.5
ORTHO002514	methylesterase PCR A	AT1G11580;AT1G11590;AT3G27980;AT4G03930	50832;98542;6952;6950;50896;8150;51707;43207;9605;9607;51704;9620;46910;4857;30234;98772;3674;50790;19222;50789;65007;65009;43086;44092;9892;48519;45490;272;5976;5975;71704;8152;44238;43170;16052;1901575;9056;9057;45488;10393;5829;44444;44424;44464;5575;5623;5622;5737;5618;30312;71944;17148;10629;10605;60255;10468;6417;10608;32268;51246;80090;31323;50794;34248;51171;2000112;31326;9889;10556;34249;51172;31324;48523;2000113;31327;9890;10558;32269;51248;5576;42545;71555;45229;16043;71840;9987;71554;30599;52689;16788;16787;3824;5774;44437;44446;44422;43226;43229;5773;43231;43227;98588;31090;16020;98805;31640;1906;44364;35821;65008;9617;9505	8914	8226	5685.5	2457	7245.5	4096.5	7113.5	3268	3490	8934.5	6343	7590	4244	4134.5	1549	8358	1780.5	474	692	5726.5	2280	389	335	4972	75770	3788.5
ORTHO008716	purple acid phosphatase 16	AT3G10150	5576;5575;3993;16791;42578;16788;16787;3824;3674;8152;8150;16311;6796;6793;44237;9987;16020;46872;43169;43167;5488;4722;4721;6470;6464;36211;19538;43170;71704;44238;43412;44267;44260	8915	8379	6019.5	3124	8678	8937	7863	5095	5258	8063.5	6912.5	4805.5	4444	401	1389	3976.5	3183	1180.5	436.5	5447	3942	1695	4451.5	2382	79862.5	3.993.125
ORTHO009853	CONTAINS InterPro DOMAIN/s: Folate-sensitive fragile site protein Fra10Ac1 (InterPro:IPR019129)	AT4G15030	3674;8150;5634;43231;43227;43226;5575;43229;44424;44464;5623;5622	8916	8981	9010.5	9105	8984.5	7959	8971	9126.5	2777	4487	8651	9054.5	6456	6292	8118	8783.5	7214.5	451.5	8999.5	8632.5	3122.5	7259	8348.5	9076.5	133780	6689
ORTHO011057	GDSL-like Lipase/Acylhydrolase superfamily protein	AT1G33811	16042;44712;9056;8152;8150;44710;44699;6629;71704;44238;1901575;5576;5575;16788;16787;3824;3674	8917	7952	7999.5	7082	6857.5	6850	5560.5	4964	7325.5	3350	7382.5	8736.5	5467.5	906.5	2910	5325.5	6825	4809.5	6185.5	4297.5	1475.5	4169	7244	8159	101943.5	5.097.175
ORTHO010168	zinc finger (C3HC4-type RING finger) family protein	AT2G26000	46982;46983;5515;5488;3674;151;1990234;1902494;43234;32991;5575;44424;44464;5623;5622;3824;8152;8150;10029;1900140;48580;2000026;50793;50789;65007;51239;8270;46914;46872;43169;43167;4842;19787;16740;16567;32446;70647;6464;36211;19538;43170;71704;44238;43412;44267;44260;44237;9987;43130;32182	8918	8909	7821	6724	8961.5	4079	6932	6264	3974.5	8934.5	4225	8272.5	4249.5	6369.5	6590.5	8605.5	3113.5	5569	7353.5	5578	3146	889.5	2928	2439.5	99513.5	4.975.675
ORTHO005522	ketose-bisphosphate aldolase class-II family protein	AT1G18270	16832;16830;16829;3824;3674;8152;8150;5634;43231;43227;43226;5575;43229;44424;44464;5623;5622;6098;51156;19637;71704;6793;44237;9987;1901135;6796;6739;46496;19362;6733;6732;51186;9117;6753;55086;6139;46483;6725;1901360;34641;6807;44238;44281;44710;44699;44763;72524;1901564;19682;6081;19693;4616;16616;16614;16491;55114;5739;44444;5737;6573;9081;6520;19752;43436;6082;1901605;51287;50662;48037;5488;166;36094;1901265;1901363;97159;6096;6090;32787;44724;44712;9056;44723;5975;16052;1901575;6757;6091;46031;9150;6163;72521;9259;9179;9185;9132;9135;9167;9161;9123;9126;46128;9119;9116;1901657;42278;46034;9205;9144;9141;9199;6165;46939;16310;4332;8270;46914;46872;43169;43167;8442	8919	8234	6636.5	4354	7245.5	3232	1490.5	7461	8509.5	6125	2653	7450.5	2877.5	1254	1677.5	8925	8662	3750.5	2862	2570	8228.5	729	545.5	7656.5	86659.5	4.332.975
ORTHO007214	unknown protein	AT3G27930	5634;43231;43227;43226;5575;43229;44424;44464;5623;5622;31307;31306;98573;31300;44422;31224;44425;16020;31090;44455;44429;44444;5737;44446;5739;31966;5740;31967;31975;5741;31968;19867;98805;98588;32592;31301;16021;3674	8920	8250	7523.5	6127	7245.5	5432.5	6630.5	7762	4788.5	5362	6070	5699	2898	906.5	1677.5	8358	8662	663.5	5648	3868	5839	2213.5	6194.5	7266.5	95939.5	4.796.975
ORTHO011126	unknown protein	AT2G33855	3674;5739;43231;43227;43226;5575;43229;44424;44464;5623;5622;44444;5737;8150	8921	7968	8675.5	8430	6857.5	8909.5	8324.5	5213.5	1691	5920.5	7734.5	7471	1352	906.5	3721.5	8358	7029	3121	6531	8478	8153	5213.5	7946.5	8367.5	114442	5722.1
ORTHO004400	DNA GYRASE A	AT3G10690	6355;1903506;2001141;31326;9889;19222;50789;65007;8150;31323;50794;51252;19219;80090;51171;60255;10556;10468;2000112;6265;6259;44260;43170;71704;8152;44237;9987;90304;6139;46483;6725;1901360;34641;6807;44238;71103;51276;6996;16043;71840;16592;44451;44428;44446;44422;5575;43226;44424;44464;5623;5622;43229;5634;43231;43227;5654;31981;70013;43233;31974;43234;32991;8094;42623;16887;17111;16462;16818;16817;16787;3824;3674;9330;9507;9536;44444;5737;5524;35639;1901265;1901363;5488;97159;43168;43167;32559;30554;17076;166;36094;32555;32553;97367;32550;32549;1882;1883;6261;6260;34645;9059;1901576;9058;44249;3677;3676;3916;16853;3918;61505;9295;7059;44763;44699;6351;97659;32774;16070;34654;19438;44271;18130;1901362;10467;5739	8922	8884	8116.5	7311	8884	4056	7275.5	8767	4507	8934.5	5042.5	6688.5	2734	6099.5	6791	9043.5	8286.5	3949	5272.5	2935	2896	412	1661.5	8092	103443.5	5.172.175
ORTHO000934	Uncharacterised conserved protein UCP015417;  vWA	AT3G24780;AT5G13210;AT5G43390;AT5G43400	5634;43231;43227;43226;5575;43229;44424;44464;5623;5622;8150;3674;9507;9536;44444;5737	8923	9163	9007.5	9092	9160	9176	5345.5	9027	5071	8934.5	8786.5	9173	7377.5	1375.5	6497	9174	8662	122.5	9170	1900	9171.5	5924	9174	9170	133231.5	6.661.575
ORTHO005915	Acetamidase/Formamidase family protein	AT4G37550;AT4G37560	5773;43231;43227;43226;5575;43229;44424;44464;5623;5622;44444;5737;8152;8150;16811;16810;16787;3824;3674;4328	8924	8620	8838.5	8753	8471	4986.5	7600	8064.5	7978	4927.5	7886	7085	1352	6134	2163.5	9043.5	6925.5	1780	8447.5	6197.5	8663	7836	5762.5	8420	121252.5	6.062.625
ORTHO004643	UDP-Glycosyltransferase superfamily protein	AT5G12890	8152;8150;8194;16757;16740;3824;3674;16758	8925	8901	7772	6619	8884	2710	2190	9128	931	8934.5	3989.5	6553.5	6397.5	6501	8359	9043.5	9101	8713	2972	3013.5	822	371.5	353.5	8882.5	98966.5	4.948.325
ORTHO006783	unknown protein	AT4G01590	6359;6355;1903506;2001141;31326;9889;19222;50789;65007;8150;31323;50794;51252;19219;80090;51171;60255;10556;10468;2000112;5634;43231;43227;43226;5575;43229;44424;44464;5623;5622	8926	8674	7852	6778	8619	6149	2452	7588.5	6379.5	4036	2216.5	8958.5	3201	590	2163.5	8737.5	6648.5	1210.5	8200	7408.5	8534	1910	4887	8595	99865.5	4.993.275
ORTHO008081	unknown protein	AT2G01640	3674;8150;5575	8927	8754	7716.5	6506	8753	4434.5	5362.5	8459	7748	8934.5	5625	6819	4444	6332.5	6560	8822	9106	1114.5	3944	4473	3675	454.5	161.5	1735.5	98205	4910.25
ORTHO009111	electron-transfer flavoprotein:ubiquinone oxidoreductase	AT2G43400	51539;51536;51540;5488;3674;55114;44710;8152;8150;44699;5743;19866;31090;16020;5575;44422;43226;43227;44424;44464;5623;5622;31967;31975;44446;43229;31966;44429;44444;5737;5739;43231;5740;6552;9083;9081;6520;1901564;71704;6807;19752;43436;6082;44281;44763;9987;44237;44238;9063;46395;16054;44282;44712;9056;1901575;44248;1901565;1901606;1901605;6551;46872;43169;43167;9055;4174;16649;16645;16491;3824;9646;9642;9416;9314;9628;50896	8928	8353	7105.5	5283	8471	7603	6755	3534.5	3668.5	8934.5	4642.5	8547	2755	6206.5	3047.5	8617	9118	8397.5	2587	2253	662.5	165	155.5	3771.5	91421	4571.05
ORTHO011154	DNA-damage-repair/toleration protein (DRT102)	AT3G04880	5634;43231;43227;43226;5575;43229;44424;44464;5623;5622;16853;3824;3674;8152;8150;719;6290;6281;6259;44260;43170;71704;44237;9987;90304;6139;46483;6725;1901360;34641;6807;44238;6974;33554;51716;50896;6950;44763;44699;44710;5829;44444;5737;9409;9266;9628;9411;9416;9314;5975	8929	7995	6914.25	4899.5	6857.5	2501	6866	7656	6379.5	5628.5	5726.5	7280	4444	1184.5	1616	5325.5	4998.5	5221.5	4388	4297.5	3870	1466	3675	7028	89552	4477.6
ORTHO009445	Pentatricopeptide repeat (PPR) superfamily protein	AT1G26500	3674;8150;5739;43231;43227;43226;5575;43229;44424;44464;5623;5622;44444;5737	8930	8820	8224.5	7519	8713	7583.5	8911	7588.5	5851.5	3317	7999	3872	5066	590	1278.5	8925	763	1114.5	8098.5	7194	8438.5	2608	7244	8552	104994.5	5.249.725
ORTHO011016	resistance to phytophthora 1	AT2G48070	2229;98542;6952;6950;50896;8150;51707;43207;9605;9607;51704;2239;9536;43231;43227;43226;5575;43229;44424;44464;5623;5622;44444;5737;10729;10726;2000379;31325;9893;48518;50789;65007;19222;48522;50794;31323;2000377;10310;10728;31326;9889;1903426;31328;9891;1903428;9507;3674;5739	8931	8625	7452	5973	8471	7766.5	2328.5	7762	7978	6756.5	2539	6947.5	5195	906.5	2163.5	8925	7324	1260.5	8292	5929.5	1633.5	649	2025	8763	95144.5	4.757.225
ORTHO004979	CONTAINS InterPro DOMAIN/s: Kinetochore protein Ndc80 (InterPro:IPR005550)	AT3G54630	5634;43231;43227;43226;5575;43229;44424;44464;5623;5622	8932	8264	4624.5	317	7245.5	3739.5	6382	3914.5	3855	8398	4993	1374.5	3450.5	138	136.5	3273.5	2680.5	70	1486.5	565.5	2557.5	91	324.5	487	47917.5	2.395.875
ORTHO011070	ARM repeat superfamily protein	AT1G14300	5634;43231;43227;43226;5575;43229;44424;44464;5623;5622;8150	8933	8647	7398	5863	8471	4202.5	5176	8947	3632	8934.5	7734.5	7207	4398	1321.5	1432	8925	8587.5	949.5	2868	3797	5903.5	579	3149	6801.5	94545	4727.25
ORTHO005101	FUNCTIONS IN: molecular_function unknown	AT1G61000	5886;16020;5575;44464;5623;71944;7067;280;48285;6996;16043;71840;8150;9987;1903047;22402;44763;44699;7049;278;1902589;5634;43231;43227;43226;43229;44424;5622;5774;44437;44444;5737;44446;44422;5773;98588;31090;98805;3674;775;98687;44427;5694;43232;43228	8934	8622	8328	7722	8471	6149	8843	7762	5484	4523	7999	6998.5	5066	590	2163.5	8358	6648.5	663.5	6389	3676.5	6431	3374.5	6854	8595	106568	5328.4
ORTHO003389	THO2	AT1G24706	16607;16604;44451;44428;44446;44422;5575;43226;44424;44464;5623;5622;43229;5634;43231;43227;5654;31981;70013;43233;31974;35196;70918;31050;6396;16070;44260;43170;71704;8152;8150;44237;9987;90304;6139;46483;6725;1901360;34641;6807;44238;10467;44763;44699;44710;71359;71407;14070;10033;42221;50896;71310;70887;51716;43331;1901698;1901699;31047;16458;10629;10605;9892;48519;50789;65007;19222;60255;10468;35195;35194;16441;10608;40029;1990428;50658;50657;15931;71705;6810;51234;51179;71702;51236;6403;33036;3723;3676;1901363;5488;3674;97159;347;43234;32991	8935	8783	8270.5	7606	8808.5	5773	2703	7527.5	7561.5	4862.5	8450	8958.5	4865.5	906.5	2023.5	8925	7873	1051.5	7950	6754	8153	718	2079	8456	105591	5279.55
ORTHO006417	Ribosomal protein L2 family	AT2G44065	5762;44429;44444;44424;44464;5575;5623;5622;5737;44446;44422;43226;43229;5739;43231;43227;315;15934;44391;30529;32991;5840;43232;43228;313;5761;5759;70013;43233;31974;32543;1902589;6996;16043;71840;8150;9987;44763;44699;6412;43043;43604;43603;34641;6807;8152;44237;44271;44249;9058;6518;1901564;71704;1901566;1901576;44267;19538;43170;44238;44260;34645;9059;10467;7005;44711;44710;3735;5198;3674;44822;3723;3676;1901363;5488;97159;9507;9536	8936	8730	8500	8064	8678	7528	8793	7588.5	4253	4458.5	7999	3912.5	3152	590	2023.5	8925	6409	1114.5	8059	7138.5	8400	2763	8115.5	8552	109774.5	5.488.725
ORTHO011691	Protein of unknown function (DUF565)	AT3G56830	9507;9536;43231;43227;43226;5575;43229;44424;44464;5623;5622;44444;5737;5739;8150;3674	8937	8660	8974.5	9012	8619	6085.5	8793	9087	5484	4848	8095	8970	5195	4727.5	6035	9043.5	8849	1281.5	8251.5	5887	8534	3111.5	8372.5	8670.5	129321	6466.05
ORTHO006272	nucleic acid binding	AT1G30660;AT1G30680	46872;43169;43167;5488;3674;43139;3678;4386;17111;16462;16818;16817;16787;3824;8152;8150;32508;32392;71103;51276;6996;16043;71840;9987;6304;6259;44260;43170;71704;44237;90304;6139;46483;6725;1901360;34641;6807;44238;43412;3697;43566;3677;3676;1901363;97159;5634;43231;43227;43226;5575;43229;44424;44464;5623;5622;16779;16772;16740;6269;32774;9059;1901576;9058;16070;34654;19438;44249;44271;18130;1901362;6261;6260;34645;1990077;44427;44446;44422;5694;43232;43228;43234;32991;32993;30894;5657;5739;44444;5737;3896;3899;34062;5524;35639;1901265;43168;32559;30554;17076;166;36094;32555;32553;97367;32550;32549;1882;1883;9507;9536;4003;8094;42623;16887;8026;70035	8938	8334	5103.5	1269	7662	2710	6998	3816.5	5484	8934.5	4693.5	6819	1352	4314	1549	8358	1855	663.5	1253	2986	31	136.5	132.5	3679.5	65765.5	3.288.275
ORTHO001669	chitinase A	AT5G24090	9409;9266;9628;50896;8150;6950;42631;31668;51716;9987;71496;9605;7154;44763;44699;9991;71462;71214;9415;1101;42221;10035;1901700;71229;70887;1901701;9414;33554;9611;9651;6970;5576;5575;6032;1901072;1901071;6040;1901135;71704;8152;46348;1901136;1901575;9056;6030;6022;43170;1901564;6807;6026;1901565;9057;5615;44421;9642;9416;9314;4553;16798;16787;3824;3674;272;5976;5975;44238;16052	8939	8847	7400	5861	8950.5	6784	6919.5	7637	2541	8398	621.5	8482.5	3017	590	3721.5	8804.5	450	1180.5	6109.5	5637	5903.5	6077	4544.5	7120	94538.5	4.726.925
ORTHO007572	NAD(P)-linked oxidoreductase superfamily protein	AT1G04420	9570;9532;44435;44444;44424;44464;5575;5623;5622;5737;44446;44422;43226;43229;9536;43231;43227;44434;9507;9941;9526;31967;31975;4033;16616;16614;16491;3824;3674;8152;8150;55114;44710;44699	8940	8120	7198.5	5457	7245.5	8985	2791.5	7762	5619	6524	6070	5795.5	4617.5	906.5	1677.5	5325.5	867	663.5	5851	6860	5988	2328.5	6326.5	7376.5	92335	4616.75
ORTHO000262	sulphotransferase 12	AT2G03760;AT2G03770;AT3G45070;AT3G45080;AT5G07000;AT5G07010	9751;14070;10033;42221;50896;8150;1101;1901700;5737;44424;44464;5575;5623;5622;16131;16128;6066;1901615;71704;8152;44281;44710;44699;8202;1901360;6629;44238;42445;10817;65008;65007;6952;6950;8146;16782;16740;3824;3674;5794;43231;43227;43226;43229;44444;12505;9651;6970;9628;1990135;80118;9812;5634;9694;32787;19752;43436;6082;44763;9987;44237;9753;9725;9719;9507;9536;80131	8941	9175	8875.5	8810	9176	9120	9176	4025.5	4483.5	8934.5	4	9178	1352	4368	6497	9164.5	9114.5	61	9177	9175	9064.5	1695	9176	9148.5	122914.5	6.145.725
ORTHO008571	NAD(P)-binding Rossmann-fold superfamily protein	AT1G10310	16491;3824;3674;8152;8150;55114;44710;44699;6760;6732;51186;44237;9987;42558;46483;6725;1901360;71704;1901564;6807;43603;34641;1901605;6520;19752;43436;6082;44281;44763;44238;6575;9507;9536;43231;43227;43226;5575;43229;44424;44464;5623;5622;44444;5737;5829;16616;16614	8942	8364	7693.5	6445	8471	5773	3327	7762	2760.5	7407.5	4330.5	7485.5	4617.5	906.5	1910.5	8358	5404	867.5	6185.5	5852	7925	2763	6624.5	7543.5	97803.5	4.890.175
ORTHO011696	Nucleotide-diphospho-sugar transferases superfamily protein	AT1G80290	6486;44763;9987;8150;44699;6464;36211;19538;43170;71704;8152;44238;43412;44267;44260;44237;43413;70085;44723;5975;44710;9101;9100;1901135;34645;9059;1901576;9058;44249;1901137;31227;44432;44444;44424;44464;5575;5623;5622;5737;44446;44422;43226;43229;5783;43231;43227;12505;31300;31224;44425;16020;31090;5789;98588;42175;15012;44272;6790;30166;6029;30201;43436;6082;44281;44711;16021;5576;16757;16740;3824;3674;46872;43169;43167;5488;16758;6024;30203;6022;1901564;6807;6023;1901566	8943	8675	8574.25	8205.5	8619	5974	8793	7588.5	1691	4682	7886	8888.5	5066	590	2023.5	8925	6409	1114.5	8059	5726.5	8400	2763	8115.5	8552	111247	5562.35
ORTHO009116	Biotin/lipoate A/B protein ligase family	AT1G47578;AT4G31050	6464;36211;19538;43170;71704;8152;8150;44238;43412;44267;44260;44237;9987;9507;9536;43231;43227;43226;5575;43229;44424;44464;5623;5622;44444;5737;16415;16747;16746;16740;3824;3674;9107;6633;72330;46394;16053;6082;44281;44710;44699;44763;44283;44711;9058;1901576;44249;19752;43436;32787;6631;44255;6629;8610;9108;51188;51186;6732;44272;6790;18130;46483;1901362;1901360;9106;17118	8944	8407	7193	5442	7662	5773	8427.5	3243.5	7183.5	7916.5	6070	6240	2883.5	1184.5	1677.5	8358	901	1210.5	4663	3546.5	6908	2112.5	6194.5	7768	92261.5	4.613.075
ORTHO007075	DNA polymerase lambda (POLL)	AT1G10520	5634;43231;43227;43226;5575;43229;44424;44464;5623;5622;6303;726;6281;6259;44260;43170;71704;8152;8150;44237;9987;90304;6139;46483;6725;1901360;34641;6807;44238;6974;33554;51716;50896;6950;44763;44699;44710;6302;3677;3676;1901363;5488;3674;97159;6289;71897;34645;9059;1901576;9058;44249;34654;19438;44271;18130;1901362;3887;34061;16779;16772;16740;3824;10224;9411;9416;9314;9628	8945	8735	7393.75	5842.5	8678	3282	8686	8256	6225	6889	8167.5	6464.5	2806	1184.5	1462	8925	4870.5	157	64.5	6274.5	6696	822	5762.5	7453	94447.5	4.722.375
ORTHO011707	DHHC-type zinc finger family protein	AT4G00840	5576;5575;5783;43231;43227;43226;43229;44424;44464;5623;5622;44444;5737;12505;6612;6605;6886;15031;45184;51234;51179;8150;8104;33036;71702;6810;46907;51649;51641;34613;70727;1902582;44765;1902578;44699;90150;72657;44802;61024;16043;71840;9987;44763;1902580;19706;19707;16417;16747;16746;16740;3824;3674;8152;16409;18230;18231;18198;18193;6464;36211;19538;43170;71704;44238;43412;44267;44260;44237;18345;6497;42158;42157;34645;9059;1901576;9058;44249;43543;5794	8946	8666	8727.5	8509	8619	6707.5	8843	7762	5619	3665	8232.5	8989	3250	590	2163.5	8925	6722.5	1260.5	8310	6001	8663	3111.5	8455.5	8697.5	115968	5798.4
ORTHO006405	BNR/Asp-box repeat family protein	AT5G57700	5575;8150	8947	8109	8727.5	8508	7245.5	1885	7698.5	8102.5	8900	4133	7382.5	8763	5740	906.5	3047.5	8358	6825	867.5	7712	8214	8019	4525.5	6624.5	8258.5	115962.5	5.798.125
ORTHO007595	Cytochrome b561/ferric reductase transmembrane with DOMON related domain	AT3G07570	16020;5575;55114;44710;8152;8150;44699;46872;43169;43167;5488;3674;16021;31224;44425	8948	8215	8109	7270	8341	6313	7600	7935.5	5484	2569	8232.5	4351.5	3059	906.5	2396.5	8358	6298	663.5	7197.5	5929.5	6908	3955.5	7156	7860.5	103174	5158.7
ORTHO011693	oxidoreductase; 2OG-Fe(II) oxygenase family protein	AT2G22260	46872;43169;43167;5488;3674;6281;6259;44260;43170;71704;8152;8150;44237;9987;90304;6139;46483;6725;1901360;34641;6807;44238;6974;33554;51716;50896;6950;44763;44699;44710;51213;16491;3824;55114;16706;16705;5634;43231;43227;43226;5575;43229;44424;44464;5623;5622;35514;32451;70988;80111;44728;6304;43412;35510;40029;10468;60255;19222;50789;65007	8949	8672	8368	7787	8619	6382	8793	7588.5	5851.5	2945.5	7886	3912.5	5066	590	2023.5	8925	6409	1114.5	6109.5	5726.5	8350.5	2763	8070	8552	107058.5	5.352.925
ORTHO008705	Nucleic acid-binding; OB-fold-like protein	AT5G63690	3674;8150;5634;43231;43227;43226;5575;43229;44424;44464;5623;5622	8950	8945	8218	7486	8984.5	7116	8843	3291	8976.5	8168.5	8314	3034.5	4355	401	4705.5	8737.5	6027	355.5	8152.5	3899.5	2989	1985	6538.5	8923.5	104813	5240.65
ORTHO011461	Expressed protein	AT5G66005	5634;43231;43227;43226;5575;43229;44424;44464;5623;5622;5524;35639;1901265;1901363;5488;3674;97159;43168;43167;32559;30554;17076;166;36094;32555;32553;97367;32550;32549;1882;1883;98519;16791;42578;16788;16787;3824;8152;8150;16311;6796;6793;44237;9987	8951	8291	6907	4863	8471	6898	4835.5	7935.5	7183.5	5825	7040	4386.5	5338.5	906.5	2396.5	8358	6648.5	663.5	4968.5	4809.5	370	1277	1661.5	7860.5	89362.5	4.468.125
ORTHO000622_2	Glycosyl hydrolases family 31  protein	AT5G11720	5773;43231;43227;43226;5575;43229;44424;44464;5623;5622;44444;5737;48046;5576;5975;71704;8152;8150;44238;4553;16798;16787;3824;3674;30246;5488;9505;5618;30312;71944	8952	8315	6956.25	4960.5	7662	7241	7422	7762	4573.5	7216	6070	5795.5	2886.5	906.5	1616	8358	191	663.5	5648	5447	2515	2112.5	6194.5	7223	89841.5	4.492.075
ORTHO005228	RNA helicase family protein	AT1G33390	5634;43231;43227;43226;5575;43229;44424;44464;5623;5622;5524;35639;1901265;1901363;5488;3674;97159;43168;43167;32559;30554;17076;166;36094;32555;32553;97367;32550;32549;1882;1883;4386;17111;16462;16818;16817;16787;3824;8152;8150	8953	8731	8258.5	7564	8678	6382	2328.5	7762	5144	4556	8487.5	6947.5	5195	590	2163.5	8925	6692.5	1260.5	8292	7498.5	2908	3111.5	8372.5	8670.5	105287	5264.35
ORTHO011161	unknown protein	AT3G19508	NA	8954	8089	8464.5	7975	7245.5	5432.5	7665	8028.5	5355.5	2170.5	6543	7450.5	5467.5	906.5	2910	5325.5	6825	2199.5	5851	7986	7925	4873	7667.5	8258.5	108840.5	5.442.025
ORTHO004036	CONTAINS InterPro DOMAIN/s: RNAse P; Rpr2/Rpp21 subunit (InterPro:IPR007175)	AT5G41270	3674;8150;5634;43231;43227;43226;5575;43229;44424;44464;5623;5622	8955	8650	4663.5	372	8730.5	4016	1744	4219.5	3933.5	4055	5227	7695	3856.5	138	136.5	3151	2776.5	48	1680.5	3254	2960	227	330.5	161.5	49610	2480.5
ORTHO004203	ARM repeat superfamily protein	AT4G30990	5634;43231;43227;43226;5575;43229;44424;44464;5623;5622;8150;5794;44444;5737;12505	8956	8938	9049.5	9143	8984.5	8619.5	4698	8857	7831	6733	8798.5	6001.5	7554	5840.5	1462	8770.5	7721	1360.5	7482.5	9118.5	9043.5	8933	8869	9119.5	136813	6840.65
ORTHO011066	Mitochondrial substrate carrier family protein	AT5G42130	9941;9526;31967;31975;44464;5575;5623;44446;44422;43226;44424;5622;43229;43227;44435;44444;5737;9536;43231;44434;9507;9706;9528;19866;31090;16020;42170;31969;6810;51234;51179;8150;16021;31224;44425;6826;41;30001;6812;6811;44765;1902578;44699;5739;10039;10038;10035;42221;50896;1990267	8957	8098	6771	4585	7245.5	4561.5	8759	3108.5	7046.5	5434	6173.5	5019	4617.5	906.5	1972	5325.5	5404	663.5	4485	7138.5	250.5	2763	6624.5	7508	87760.5	4.388.025
ORTHO011005	HIT-type Zinc finger family protein	AT4G28820	5634;43231;43227;43226;5575;43229;44424;44464;5623;5622;8150	8958	8624	8247.5	7537	8471	7780	5205.5	7762	7632	2124.5	8232.5	8978.5	5195	590	2163.5	8925	6722.5	1260.5	6897.5	3676.5	8663	1466	3171	8670.5	105116	5255.8
ORTHO010120	hemoglobin 1	AT2G16060	5886;16020;5575;44464;5623;71944;1666;36293;70482;9628;50896;8150;6950;5829;44444;44424;5622;5737;9506;5911;30054;55044;5506;46914;46872;43169;43167;5488;3674;19825;5618;30312;20037;46906;1901363;97159;15671;15669;44765;6810;51234;51179;1902578;44699	8959	8209	8215.5	7472	7245.5	6313	7600	7935.5	5144	5052	7040	4467	1352	1184.5	2396.5	8358	6549	663.5	7197.5	7576.5	6908	3955.5	7156	7860.5	104709	5235.45
ORTHO011715	Pentatricopeptide repeat (PPR) superfamily protein	AT3G47530	3674;8150;5739;43231;43227;43226;5575;43229;44424;44464;5623;5622;44444;5737	8960	8694	7833.25	6706.5	8619	4946.5	3327	7435.5	5355.5	7862.5	7886	8763	4380.5	1254	1677.5	8925	1155.5	1239	7562	5303	8400	940	4544.5	8456	99413	4970.65
ORTHO011069	S-adenosyl-L-methionine-dependent methyltransferases superfamily protein	AT5G44170	8168;16741;16740;3824;3674;8152;8150;32259;5634;43231;43227;43226;5575;43229;44424;44464;5623;5622	8961	8741	8572.5	8184	8678	8600	8793	7588.5	7046.5	4345.5	7999	3872	5066	590	2163.5	8925	6409	1114.5	4914	5781.5	8400	2763	8115.5	8552	111038.5	5.551.925
ORTHO007050	Acyl-CoA N-acyltransferases (NAT) superfamily protein	AT3G22560	5737;44424;44464;5575;5623;5622;6474;6473;43543;6464;36211;19538;43170;71704;8152;8150;44238;43412;44267;44260;44237;9987;31365;16020;8080;16410;16747;16746;16740;3824;3674;16407	8962	8796	8609	8256	8820	6946	8602.5	8327.5	5258	5825	7199	8763	4738	906.5	1677.5	8925	5457.5	985	7562	6274.5	7568	1228	7244	8332.5	111819.5	5.590.975
ORTHO001040	Eukaryotic aspartyl protease family protein	AT5G10760;AT5G10770	6508;19538;43170;71704;8152;8150;44238;30163;9057;1901575;9056;9627;9814;98542;6952;6950;50896;51707;43207;9605;9607;51704;45087;6955;2376;4190;70001;70011;8233;16787;3824;3674;4175;48046;5576;5575;3677;3676;1901363;5488;97159	8963	9108	8852	8741	9117.5	8643	8957	3193.5	5619	7183	7734.5	9147.5	2836	328.5	3721.5	9139.5	7698.5	102.5	8973.5	7871	9043.5	2923.5	8700	9145	120960.5	6.048.025
ORTHO004862	transducin family protein / WD-40 repeat family protein	AT4G00800	6886;15031;45184;51234;51179;8150;8104;33036;71702;6810;46907;51649;51641;34613;70727;8270;46914;46872;43169;43167;5488;3674;16192	8964	9071	7049	5134	9061.5	3205.5	6879	8598.5	3632	8934.5	4121.5	7392	2747	7387.5	6331.5	9091	9099.5	318	2403.5	2124.5	3417.5	91	646.5	4291.5	90712	4535.6
ORTHO000308	Wound-responsive family protein	AT4G10265;AT4G10270	3674;5634;43231;43227;43226;5575;43229;44424;44464;5623;5622;9611;6950;50896;8150	8965	9151	8896	8827	9148	9175	4118.5	8459	5355.5	8934.5	319	9170.5	6895.5	6434	8868	9097	8408	1180.5	1911	9158	222.5	7567	8909	9165	123347.5	6.167.375
ORTHO009119	SET domain-containing protein	AT3G55080	16279;16278;8170;8168;16741;16740;3824;3674;8152;8150;32259;8757;8276;6479;43414;44260;43170;71704;44237;9987;43412;8213;6464;36211;19538;44238;44267;18022;18205;18193;9507;9536;43231;43227;43226;5575;43229;44424;44464;5623;5622;44444;5737;18026	8966	8515	4773	580	8678	3985.5	7113.5	4360	4066	3514	5169	7698.5	3865.5	138	136.5	3151	2659	122.5	1612.5	3231	2840.5	116.5	528	190	54497.5	2.724.875
ORTHO011449	unknown protein	AT1G32520	8150;3674;9507;9536;43231;43227;43226;5575;43229;44424;44464;5623;5622;44444;5737	8967	8346	8438.5	7910	8471	6382	3224.5	7935.5	6124	7862.5	2653	8654.5	5338.5	906.5	2396.5	8358	6549	663.5	7281	6148	7489.5	4471.5	7435.5	8367.5	108241	5412.05
ORTHO011073	zinc finger (CCCH type) helicase family protein	AT2G47680	4386;17111;16462;16818;16817;16787;3824;3674;8152;8150;9507;9536;43231;43227;43226;5575;43229;44424;44464;5623;5622;44444;5737;3676;1901363;5488;97159;6139;46483;44237;9987;6725;1901360;71704;34641;6807;44238	8968	8645	8671.5	8375	8471	6679.5	8843	7762	7046.5	4825.5	8232.5	8978.5	5195	590	2163.5	8925	523	1295.5	7197.5	6148	8798.5	3111.5	8455.5	8795.5	113566	5678.3
ORTHO009750	origin recognition complex subunit 3	AT5G16690	5664;44454;44427;44446;44422;5575;43226;44424;44464;5623;5622;43229;5694;43232;43228;44428;5634;43231;43227;228;31981;70013;43233;31974;808;43234;32991;5515;5488;3674;3677;3676;1901363;97159;6260;6259;44260;43170;71704;8152;8150;44237;9987;90304;6139;46483;6725;1901360;34641;6807;44238;34645;9059;1901576;9058;44249	8969	8289	7722	6475	7662	5432.5	7422	7762	6823.5	4905	6070	8427	2898	906.5	1616	8358	5240.5	663.5	5648	5519.5	5839	1985	5171.5	7266.5	97954	4897.7
ORTHO009994	CONTAINS InterPro DOMAIN/s: YL1 nuclear; C-terminal (InterPro:IPR013272)	AT4G38495	5634;43231;43227;43226;5575;43229;44424;44464;5623;5622;31011;97346;70603;44428;44446;44422;43234;32991;44454;44427;5694;43232;43228;228;31981;70013;43233;31974;33202;1902494;790;785;3674;6338;16568;6325;43933;16043;71840;8150;9987;51276;6996	8970	8339	8668.5	8367	7662	6313	7600	7935.5	5144	7967.5	7040	8654.5	5338.5	906.5	2396.5	8358	6549	663.5	7197.5	5929.5	6908	3503.5	7156	7860.5	113421.5	5.671.075
ORTHO010159	unknown protein	AT1G56180	8150;9507;9536;43231;43227;43226;5575;43229;44424;44464;5623;5622;44444;5737	8971	8260	4809	647	7245.5	3788.5	6947	3927.5	3895.5	7324	5087	7698.5	3557.5	138	136.5	3273.5	2705	85.5	1567	2455	2737	100.5	353.5	542	56319	2815.95
ORTHO009780	unknown protein	AT2G26470	8150;3674;5634;43231;43227;43226;5575;43229;44424;44464;5623;5622	8972	8247	5928.5	2885	8341	4327	4872.5	7372.5	5144	6097	5625	7747	2773	1800.5	1481.5	8358	3891.5	663.5	2369.5	4527	3539	668	2412.5	4801	78470	3923.5
ORTHO000365	Zinc-binding dehydrogenase family protein	AT1G26320;AT3G03080;AT5G16960;AT5G16970;AT5G16990;AT5G17000;AT5G37940;AT5G37980;AT5G38000	55114;44710;8152;8150;44699;8270;46914;46872;43169;43167;5488;3674;6979;6950;50896;5737;44424;44464;5575;5623;5622;16491;3824;5829;44444;5634;43231;43227;43226;43229;46686;10038;10035;42221;32440;16628;16627;5886;16020;71944;9506;5911;30054;55044	8973	9140	8485.5	7998	9134	8627.5	4885.5	9158	3324.5	8319	8947	9168.5	5740	328.5	4124.5	9158.5	110	355.5	5502	9166.5	9162	750	3084.5	9090	109002	5450.1
ORTHO004903	RNA-binding (RRM/RBD/RNP motifs) family protein	AT2G33435;AT2G33440	166;36094;5488;3674;1901265;1901363;97159;3676;3723;8150;5634;43231;43227;43226;5575;43229;44424;44464;5623;5622	8974	8412	8332	7690	7662	5974	7050.5	7762	7691.5	7967.5	7999	3912.5	4793	906.5	1910.5	8358	5561	663.5	6265.5	5726.5	6431	2923.5	6709	7656.5	106261.5	5.313.075
ORTHO010260	P-loop containing nucleoside triphosphate hydrolases superfamily protein	AT5G58370	9507;9536;43231;43227;43226;5575;43229;44424;44464;5623;5622;44444;5737;917;90529;32506;22402;44763;9987;8150;44699;7049;910;51301;22607;16043;71840;44085;1902410;1903047;278;61640;281;5525;35639;1901265;1901363;5488;3674;97159;43168;43167;32550;32549;1882;36094;97367;1883;32561;19001;17076;166;32555;32553	8975	8629	7893.5	6812	8471	5432.5	6711	7527.5	5355.5	5029.5	6070	8441	3014.5	590	1812.5	8358	6208.5	1051.5	5851	3949.5	7709	2213.5	6282.5	8456	100063.5	5.003.175
ORTHO010861	Methyltransferase MT-A70 family protein	AT1G19340	6139;46483;44237;8152;8150;9987;6725;1901360;71704;34641;6807;44238;8168;16741;16740;3824;3674;32259;3676;1901363;5488;97159;5634;43231;43227;43226;5575;43229;44424;44464;5623;5622;8757	8976	8354	8261.5	7547	7662	6227.5	3327	7935.5	5619	3564.5	7040	8654.5	5066	906.5	2396.5	8358	6298	867.5	6897.5	6001	8153	3609.5	6413.5	7860.5	105195.5	5.259.775
ORTHO011006	SKP1 interacting partner 6	AT2G21950	4842;19787;16740;3824;3674;8152;8150;16567;32446;70647;6464;36211;19538;43170;71704;44238;43412;44267;44260;44237;9987;9507;9536;43231;43227;43226;5575;43229;44424;44464;5623;5622;44444;5737	8977	8719	8703	8429	8619	7516.5	2528	7588.5	7183.5	7152	7886	8888.5	5066	590	2023.5	8925	6409	1114.5	8059	5726.5	8350.5	2763	8115.5	8552	114437.5	5.721.875
ORTHO010958	plastid developmental protein DAG; putative	AT3G06790	80156;16556;9451;16070;44260;43170;71704;8152;8150;44237;9987;90304;6139;46483;6725;1901360;34641;6807;44238;43412;16071;1900864;959;9507;9536;43231;43227;43226;5575;43229;44424;44464;5623;5622;44444;5737;5739;5515;5488;3674;50897;46914;46872;43169;43167	8978	8720	8415.5	7853	8619	6023.5	8793	7588.5	7046.5	5910.5	6343	3872	5066	590	2163.5	8358	6722.5	1114.5	8059	5726.5	8400	1778.5	5617	8552	107724.5	5.386.225
ORTHO002717	Nucleotide-diphospho-sugar transferase family protein	AT1G28695;AT1G28700;AT1G28710	8150;5737;44424;44464;5575;5623;5622;3674;16740;3824;8152;9507;9536;43231;43227;43226;43229;44444	8979	8795	8786	8593	8820	5516	8793	8327.5	4231.5	8934.5	8314	8818.5	4355	401	4705.5	8925	6099.5	227	8059	6103	8019	2213.5	6624.5	9046.5	117713.5	5.885.675
ORTHO011700	Pentatricopeptide repeat (PPR) superfamily protein	AT1G77010	5739;43231;43227;43226;5575;43229;44424;44464;5623;5622;44444;5737;8150	8980	8760	4872.5	765	8678	4065	7121.5	4044.5	4142	3934	5052.5	7662.5	3898.5	138	136.5	6020.5	2851	102.5	1827	2635.5	3118.5	60.5	947.5	819.5	58577.5	2.928.875
ORTHO010114	Uncharacterised protein family (UPF0114)	AT4G19390	8150;3674;9941;9526;31967;31975;44464;5575;5623;44446;44422;43226;44424;5622;43229;43227;44435;44444;5737;9536;43231;44434;9507;5886;16020;71944	8981	8296	5305	1629	7662	299	6998	2684	4209	8934.5	2653	7495	1352	8649.5	6286.5	8660.5	261	4982.5	2233.5	1426	445	320.5	155.5	1188	69233	3461.65
ORTHO002099	polygalacturonase inhibiting protein 1	AT5G06860	5618;30312;44464;5575;5623;71944;5576;9505;5794;43231;43227;43226;43229;44424;5622;44444;5737;12505;7165;50794;50789;65007;8150;51716;9987;50896;7154;44763;44699;44700;23052;90353;4857;30234;98772;3674;50790;19222;65009;43086;44092;9892;48519;9506;5911;30054;55044;6952;6950	8982	8648	7586.5	6191	8935.5	5047	7886	8028.5	5619	2996.5	7040	8547	3128	590	1432	3976.5	7071	1180.5	6897.5	5337	6431	6129	4693	4291.5	96321	4816.05
ORTHO011426	DTW domain-containing protein	AT2G41750	5634;43231;43227;43226;5575;43229;44424;44464;5623;5622;8150;3674	8983	8828	4780	577	8835.5	4308	7037.5	3999.5	3771.5	8398	4993	7654.5	1352	138	136.5	6020.5	219	85.5	1063.5	2570	1440.5	45.5	514	604.5	54351.5	2.717.575
ORTHO006037	nuclear RNA polymerase A2	AT1G29940	3899;34062;16779;16772;16740;3824;3674;8152;8150;32774;9059;43170;71704;1901576;9058;16070;44260;44237;9987;90304;6139;46483;6725;1901360;34641;6807;44238;34654;19438;44249;44271;18130;1901362;9507;9536;43231;43227;43226;5575;43229;44424;44464;5623;5622;44444;5737;5829;6351;34645;97659;10467	8984	8449	7121.5	5259	8776.5	5319	6606.5	3166	5851.5	6327	3792.5	8350	1352	4272	2910	8358	4998.5	523.5	5589.5	3868	5170.5	2061	5762.5	7028	91306	4565.3
ORTHO006628	temperature sensing protein-related	AT4G05440	1732;22618;71826;43933;16043;71840;8150;9987;34622;65003;22607;44085;22613;2183;6413;44237;8152;6412;43043;43604;43603;34641;6807;44271;44249;9058;6518;1901564;71704;1901566;1901576;44267;19538;43170;44238;44260;34645;9059;10467;2181;6417;10608;10468;60255;19222;50789;65007;32268;51246;80090;31323;50794;34248;51171;2000112;31326;9889;10556;3674;7050;22402;44763;44699;7049;45786;48523;48519;51726;7346;10197;741;48284;6996;6997;9559;30154;48869;44767;32502;9561;44707;32501;9553;48229;7275;48856;5737;44424;44464;5575;5623;5622	8985	8467	8019	7053	8471	6417	7665	7935.5	6225	2319.5	8404	8654.5	1352	906.5	2163.5	8358	6692.5	867.5	7353.5	6197.5	2369	3503.5	5586.5	8737.5	101708	5085.4
ORTHO001376	AGAMOUS-like 62	AT5G60440	46983;5515;5488;3674;9960;3006;32502;8150;22414;9888;48856;48513;48731;7275;44767;44699;44707;32501;48316;48608;61458;44702;9791;10154;3700;1071;2001141;31326;9889;19222;50789;65007;31323;50794;51252;19219;80090;51171;60255;10556;6355;1903506;10468;2000112;5634;43231;43227;43226;5575;43229;44424;44464;5623;5622;3677;3676;1901363;97159;6351;34645;44260;43170;71704;8152;44237;9987;9059;1901576;9058;44249;97659;32774;16070;90304;6139;46483;6725;1901360;34641;6807;44238;34654;19438;44271;18130;1901362;10467	8986	9168	5043.5	1101	9167.5	8947.5	7180	4294	3366.5	8934.5	5016	485	1352	138	136.5	9124.5	3299	16	948.5	1724	8580	22	40	104.5	63708.5	3.185.425
ORTHO008223	snRNA activating complex family protein	AT1G28560	10014;44767;32502;8150;44699;9933;48532;9653;48856;48507;9888;48513;48731;7275;44707;32501;9301;98781;34660;16070;44260;43170;71704;8152;44237;9987;90304;6139;46483;6725;1901360;34641;6807;44238;6351;34645;9059;1901576;9058;44249;97659;32774;34654;19438;44271;18130;1901362;10467;16073;71368;9735;9725;9719;50896;10033;42221;32870;71495;71310;70887;51716;6355;1903506;2001141;31326;9889;19222;50789;65007;31323;50794;51252;19219;80090;51171;60255;10556;10468;2000112;10311;9791;48645;48646;9887;10102;10101;10015;48364;22622;9886;48528;48569;48527;9734;9755;7165;7154;44763;44700;23052;71365;9733;5634;43231;43227;43226;5575;43229;44424;44464;5623;5622;9926;60918;9914;10817;65008;44765;6810;51234;51179;1902578;43697;43696;48869;9942;44702;22414;3006;578;9880;7389;9790;9798;9793;48316;48608;61458;10154;3677;3676;1901363;5488;3674;97159;60184;22402;7049;9945;9956;3002	8987	8503	9068.5	9150	8471	9043.5	7744.5	8212.5	4953	8535.5	8675.5	7463	6316	6292	7377.5	8660.5	6982.5	1114.5	7901.5	6754	7672.5	7016	8115.5	8837	137667	6883.35
ORTHO011104	FUNCTIONS IN: molecular_function unknown	AT1G28410	9507;9536;43231;43227;43226;5575;43229;44424;44464;5623;5622;44444;5737;8150;3674	8988	8740	4660	332	8678	4001.5	7092.5	5095	4028	3485.5	5114.5	1323.5	3826	138	136.5	6020.5	2776.5	102.5	1668	2635.5	69.5	49	340.5	691.5	48594.5	2.429.725
ORTHO001998	methionine--tRNA ligase; putative / methionyl-tRNA synthetase; putative / MetRS; putative	AT4G13780	5829;44444;44424;44464;5575;5623;5622;5737;5524;35639;1901265;1901363;5488;3674;97159;43168;43167;32559;30554;17076;166;36094;32555;32553;97367;32550;32549;1882;1883;49;3723;3676;4825;4812;16876;16875;16874;3824;8152;8150;6431;6418;43039;6399;34660;16070;44260;43170;71704;44237;9987;90304;6139;46483;6725;1901360;34641;6807;44238;43038;6520;1901564;19752;43436;6082;44281;44710;44699;44763;6412;43043;43604;43603;44271;44249;9058;6518;1901566;1901576;44267;19538;34645;9059;10467;46686;10038;10035;42221;50896	8989	8746	8582	8175	8950.5	7008.5	7231.5	8583.5	5258	5273.5	7040	8873.5	5338.5	590	1432	8804.5	7071	1180.5	6897.5	8808	6431	6129	4693	4291.5	110935	5546.75
ORTHO005388	FUNCTIONS IN: molecular_function unknown	AT1G17690	9303;98781;34660;16070;44260;43170;71704;8152;8150;44237;9987;90304;6139;46483;6725;1901360;34641;6807;44238;6351;34645;9059;1901576;9058;44249;97659;32774;34654;19438;44271;18130;1901362;10467;5730;44428;44446;44422;5575;43226;44424;44464;5623;5622;43229;5634;43231;43227;43232;43228;31981;70013;43233;31974;9790;44767;32502;44699;48856;7275;44707;32501;9553;48229	8990	8823	8336	7682	8835.5	6966	8704	8366.5	4231.5	7620	8404	4421	4793	906.5	5254.5	8925	6648.5	1017	2706	5816	8083.5	940	4006.5	8367.5	106177	5308.85
ORTHO005585	hydroxyproline-rich glycoprotein family protein	AT5G02850	6357;6355;1903506;2001141;31326;9889;19222;50789;65007;8150;31323;50794;51252;19219;80090;51171;60255;10556;10468;2000112;70847;90575;44798;44428;44446;44422;5575;43226;44424;44464;5623;5622;43229;5634;43231;43227;5667;43234;32991;44451;5654;31981;70013;43233;31974;16591;55029;428;30880;61695;1990234;1902494;16592;1104;1076;989;988;3674;3712	8991	8837	9035	9079	8950.5	8007.5	8902.5	8181.5	8616	7247	8095	8804.5	1352	7600	7619.5	8605.5	7378	1921.5	8814	5637	7166	7520.5	5586.5	5222.5	132277	6613.85
ORTHO010270	F-box family protein	AT1G08710	5634;43231;43227;43226;5575;43229;44424;44464;5623;5622;16567;32446;70647;6464;36211;19538;43170;71704;8152;8150;44238;43412;44267;44260;44237;9987	8992	8710	7677.5	6363	8619	5833.5	2528	7762	4865	3283.5	7886	3912.5	5066	590	2023.5	8358	6409	1114.5	6185.5	5038	8350.5	2923.5	6624.5	8552	97305.5	4.865.275
ORTHO007350	Haloacid dehalogenase-like hydrolase (HAD) superfamily protein	AT1G79790	16787;3824;3674;8152;8150;9507;9536;43231;43227;43226;5575;43229;44424;44464;5623;5622;44444;5737	8993	8896	9028	9063	8950.5	7932.5	5205.5	8635.5	5851.5	6327	8095	9013	6316	7448.5	7548.5	8822	7943.5	1888	8173	8926	7386	5789.5	2642.5	7508	131451.5	6.572.575
ORTHO009669	Pentatricopeptide repeat (PPR) superfamily protein	AT1G10910	8150;5739;43231;43227;43226;5575;43229;44424;44464;5623;5622;44444;5737;9507;9536	8994	8278	7715.5	6437	7662	6149	8793	7762	6712.5	4260	2653	5218.5	4955.5	906.5	2163.5	8358	5864.5	1114.5	7197.5	5929.5	1519.5	3453.5	6989	7768	97767.5	4.888.375
ORTHO011470	Tetrapyrrole (Corrin/Porphyrin) Methylases	AT1G45110	8168;16741;16740;3824;3674;8152;8150;32259	8995	8419	8072.5	7150	8471	6023.5	7507.5	7762	5484	6364	6343	4566	4865.5	906.5	2163.5	8358	5561	663.5	6265.5	5726.5	6431	2923.5	6854	7656.5	102425	5121.25
ORTHO004844	Tetratricopeptide repeat (TPR)-like superfamily protein	AT5G39710	9793;44702;22414;8150;44699;3006;32502;9790;44767;48856;7275;44707;32501;48316;48608;61458;48731;9791;10154;5739;43231;43227;43226;5575;43229;44424;44464;5623;5622;44444;5737	8996	8833	8802.5	8609	8835.5	7543.5	2703	7588.5	4865	8118.5	8450	8888.5	3033.5	590	5718	8737.5	6925.5	1114.5	8806.5	7080	8400	2763	8115.5	8552	117993	5899.65
ORTHO004725	nucleic acid binding	AT5G08110	8026;42623;16887;17111;16462;16818;16817;16787;3824;3674;8152;8150;70035;4386;5634;43231;43227;43226;5575;43229;44424;44464;5623;5622;5524;35639;1901265;1901363;5488;97159;43168;43167;32559;30554;17076;166;36094;32555;32553;97367;32550;32549;1882;1883;3676	8997	8463	5877	2757	7662	7324.5	2155	6864	4788.5	8934.5	3639.5	7575.5	4234	5952.5	2396.5	8605.5	9156	483	1311	1775	135.5	173	171	1906.5	77581	3879.05
ORTHO009793	unknown protein	AT2G14660	5634;43231;43227;43226;5575;43229;44424;44464;5623;5622;8150;3674	8998	8327	8550	8102	8471	6382	7665	7935.5	5144	2569	7040	8654.5	5338.5	906.5	2396.5	8358	6549	1114.5	7398	6001	7489.5	4067	7244	7952.5	110205	5510.25
ORTHO009335	SKP1 interacting partner 4	AT3G61350	16567;32446;70647;6464;36211;19538;43170;71704;8152;8150;44238;43412;44267;44260;44237;9987;5575;3674;9409;9266;9628;50896;6950	8999	8366	7920	6841	7662	7363.5	8586	9024.5	5851.5	4601	6173.5	5231.5	4617.5	906.5	1725.5	8358	5281.5	663.5	6056.5	3483.5	5988	2433.5	6413.5	7508	100267	5013.35
ORTHO010880	Protein kinase superfamily protein	AT1G71810	10287;44434;44435;44444;44424;44464;5575;5623;5622;5737;44446;44422;43226;43229;9536;43231;43227;9507;9570;9532;6468;16310;6796;6793;44237;8152;8150;9987;6464;36211;19538;43170;71704;44238;43412;44267;44260;5524;35639;1901265;1901363;5488;3674;97159;43168;43167;32559;30554;17076;166;36094;32555;32553;97367;32550;32549;1882;1883;4672;16301;16772;16740;3824;16773;5886;16020;71944	9000	8421	8174	7348	8471	6085.5	8793	7762	7046.5	5260	6343	4566	4865.5	291	1910.5	8135.5	5764.5	663.5	6327	5781.5	6431	3222.5	6854	7656.5	103759	5187.95
ORTHO011455	Mitochondrial substrate carrier family protein	AT4G03115	5743;19866;31090;16020;5575;44422;43226;43227;44424;44464;5623;5622;31967;31975;44446;43229;31966;44429;44444;5737;5739;43231;5740;6810;51234;51179;8150;16021;31224;44425	9001	8422	8103.5	7206	8471	1926	7562.5	7935.5	4645.5	8063.5	6912.5	8654.5	5066	906.5	2396.5	8358	6298	663.5	6531	5929.5	2550.5	3503.5	6989	7860.5	102752.5	5.137.625
ORTHO006925	NA	NA	NA	9002	9029	7247	5492	9043	1381.5	2791.5	9165	3933.5	8934.5	8606.5	7580	6316	6227.5	5661	8126.5	8849	142.5	1210.5	2008	2848	142	416.5	8159	92499	4624.95
ORTHO004459	unknown protein	AT3G18310	5634;43231;43227;43226;5575;43229;44424;44464;5623;5622;8150	9003	9059	4870.5	738	8923.5	4144	7102	4266	3704.5	5397.5	4963	7709	3479.5	138	136.5	8126.5	2671.5	23.5	1523.5	1609.5	2856.5	40	50	33	57974	2898.7
ORTHO011445	methyltransferases	AT1G50000	8168;16741;16740;3824;3674;8152;8150;32259;6364;34470;34660;16070;44260;43170;71704;44237;9987;90304;6139;46483;6725;1901360;34641;6807;44238;6396;10467;16072;42254;22613;44085;71840;9507;9536;43231;43227;43226;5575;43229;44424;44464;5623;5622;44444;5737	9004	8830	7637	6270	8835.5	9066.5	6457.5	3038.5	1691	8934.5	4793.5	1400	1352	7850	6331.5	9043.5	9066	9099	7562	4444	230.5	91	139.5	6161.5	96752	4837.6
ORTHO011458	Pyridoxal-5'-phosphate-dependent enzyme family protein	AT3G26115	5739;43231;43227;43226;5575;43229;44424;44464;5623;5622;44444;5737;9093;98;96;6790;44237;8152;8150;9987;6520;1901564;71704;6807;19752;43436;6082;44281;44710;44699;44763;44238;9063;46395;16054;44282;44712;9056;1901575;44248;1901565;44273;6534;9069;1901605;9071;1901606;19148;16846;16829;3824;3674;80146	9005	8426	8039.5	7074	8471	6149	7507.5	7762	4323	7782	6763.5	4566	2962.5	906.5	2163.5	8358	5764.5	663.5	6327	5726.5	6431	3222.5	6854	7656.5	101889	5094.45
ORTHO011371	unknown protein	AT5G37360	9507;9536;43231;43227;43226;5575;43229;44424;44464;5623;5622;44444;5737;9535;55035;42651;34357;16020;44436;9579;44435;44446;44422;31976;31984;44434;9534;3674;8150	9006	8804	8776	8546	8820	6946	3430	7372.5	2570.5	8006.5	2216.5	5877.5	6316	6134	8404	9043.5	7432	6183.5	8764.5	7986	8952.5	696.5	1424	8891	116647	5832.35
ORTHO001746_2	Helicase protein with RING/U-box domain	AT5G43530	5634;43231;43227;43226;5575;43229;44424;44464;5623;5622;9941;9526;31967;31975;44446;44422;44435;44444;5737;9536;44434;9507;5524;35639;1901265;1901363;5488;3674;97159;43168;43167;32559;30554;17076;166;36094;32555;32553;97367;32550;32549;1882;1883;4386;17111;16462;16818;16817;16787;3824;8152;8150;6281;6259;44260;43170;71704;44237;9987;90304;6139;46483;6725;1901360;34641;6807;44238;6974;33554;51716;50896;6950;44763;44699;44710;8270;46914;46872;43169;3677;3676;16568;6325;43933;16043;71840;51276;6996	9007	8693	7049	5091	8619	8888	1184.5	7588.5	6584	7830	1623	8873.5	5066	906.5	2023.5	8925	7733.5	949.5	315	860	8350.5	997	3359	8456	90513	4525.65
ORTHO011259	Protein of unknown function (DUF565)	AT5G43050	9507;9536;43231;43227;43226;5575;43229;44424;44464;5623;5622;44444;5737;3674;10196;1990066;9416;9314;9628;50896;8150	9008	8817	8508	8008	8820	9094	1155	7637	2541	3524.5	8095	8905	5066	590	5718	8925	6409	3750.5	8332	995	8990	2763	8070	8552	109112	5455.6
ORTHO008226	Tetratricopeptide repeat (TPR)-like superfamily protein	AT1G05600	3674;5739;43231;43227;43226;5575;43229;44424;44464;5623;5622;44444;5737;8150	9009	8589	7846.5	6684	8471	2981	7483.5	7762	5484	8168.5	7886	4705	5066	590	2023.5	8358	6409	663.5	6185.5	5726.5	1624	2923.5	6709	8552	99300.5	4.965.025
ORTHO001649	alpha dioxygenase	AT1G73680;AT3G01420	10150;10260;7568;44767;32502;8150;44699;48513;48856;48731;7275;44707;32501;48366;48827;48367;6631;44255;6629;71704;8152;44710;44238;44763;9987;44237;32787;19752;43436;6082;44281;5576;5575;1676;16702;16701;16491;3824;3674;55114;51213;46872;43169;43167;5488;31408;6633;72330;46394;16053;44283;44711;9058;1901576;44249;8610;31407;6979;6950;50896;51707;43207;9605;9607;51704;4601;16684;16209;20037;46906;1901363;97159;9626;34050;12501;8219;16265;45087;6952;6955;2376;33554;51716;50832;98542;9620;9627;9814;71446;71407;14070;10033;42221;71310;70887;9751;1101;1901700;71229;1901701;12511;5811;43232;43228;43226;43229;44424;44464;5623;5622;1902609;6636;33559;1901617;1901615;42759;42742;9617;1561;9062;44242;16042;44712;9056;1901575;44248;72329;46395;16054;44282;19395;34440;30258;71732;1902170;1901699;1901698;34614;302;34599;71241;10035;71731;9737;9725;9719;33993;97305	9010	8862	7124	5238	7245.5	6761.5	8876	7331	4483.5	8535.5	4259	8258	2848	906.5	1304	8804.5	831.5	1017	3630	4956.5	5637	4067	4131	4541	91178.5	4.558.925
ORTHO011472	chloroplast signal recognition particle component (CAO)	AT2G47450	9941;9526;31967;31975;44464;5575;5623;44446;44422;43226;44424;5622;43229;43227;44435;44444;5737;9536;43231;44434;9507;45038;6612;6605;6886;15031;45184;51234;51179;8150;8104;33036;71702;6810;46907;51649;51641;34613;70727;1902582;44765;1902578;44699;90150;72657;44802;61024;16043;71840;9987;44763;1902580;45036;72596;72594;33365;72598;16482;44743;17038;65002;71806;55085;9570;9532;5515;5488;3674;9644;9642;9416;9314;9628;50896;9535;55035;42651;34357;16020;44436;9579;31976;31984;9534;80085;48500;30529;32991;5786;46872;43169;43167;42802	9011	8451	8226	7441	8471	6313	3327	7935.5	5994	4772	7040	8654.5	3059	906.5	2163.5	8358	6298	663.5	7197.5	5929.5	6908	3955.5	7156	7860.5	104491.5	5.224.575
ORTHO009117	Cation efflux family protein	AT2G47830	6812;6811;44765;6810;51234;51179;8150;1902578;44699;98655;34220;55085;44763;9987;15562;22857;5215;3674;61088;32879;50789;65007;50794;2000021;32844;71577;98662;98660;6829;41;30001;70838;72511;5385;72509;22890;8324;15075;22891;22892;46915;46873;16020;5575;10043;10038;10035;42221;50896;1990267	9012	8673	8868	8724	8619	7633.5	7665	8064.5	3262	7012	8606.5	5903.5	3359.5	6065	7377.5	9043.5	7071	1440	2825	6322.5	8738	4308.5	7089	8737.5	120524	6026.2
ORTHO007497	protein dimerizations	AT5G45610	46983;5515;5488;3674;5634;43231;43227;43226;5575;43229;44424;44464;5623;5622;7050;22402;44763;9987;8150;44699;7049;45786;48523;50794;50789;65007;48519;51726;6974;33554;51716;50896;6950	9013	8567	8989.5	8966	8471	7733	5130.5	8127	7978	8446	8606.5	7478.5	5338.5	6076	7377.5	8660.5	7006	1114.5	7862.5	5002	3089	6648	6989	8780.5	127443.5	6.372.175
ORTHO011451	Tetratricopeptide repeat (TPR)-like superfamily protein	AT1G09190	8150;5739;43231;43227;43226;5575;43229;44424;44464;5623;5622;44444;5737;3674	9014	8460	8651.5	8289	8471	6313	7600	7935.5	5754	7666.5	7040	4467	5338.5	906.5	2396.5	8358	8748.5	663.5	7197.5	6001	6908	3955.5	7156	7860.5	112266	5613.3
ORTHO002278	HEAT repeat-containing protein	AT1G67140	5982;6073;44042;5976;5975;71704;8152;8150;44238;43170;44264;44260;44237;9987;44262;5991;5984;9311;44723;44710;44699;44763;5634;43231;43227;43226;5575;43229;44424;44464;5623;5622;5829;44444;5737	9015	8878	9092.5	9170	8950.5	8502.5	9057	9019.5	6124	2925	7886	9128.5	7743	5828	1338.5	8804.5	7615.5	6265.5	9097.5	9152.5	8438.5	8942	8247	8847.5	142962.5	7.148.125
ORTHO011275	Pentatricopeptide repeat (PPR-like) superfamily protein	AT1G09820	3674;8150;5739;43231;43227;43226;5575;43229;44424;44464;5623;5622;44444;5737	9016	8842	8625.5	8235	8849	5744.5	8759	7527.5	7183.5	7666.5	7886	3950.5	2974.5	401	5596.5	8925	6208.5	1051.5	7950	5277	8153	1525	6365	8456	111600.5	5.580.025
ORTHO000633	RmlC-like cupins superfamily protein	AT5G38940	5618;30312;44464;5575;5623;71944;9651;6970;9628;50896;8150;6950;48046;5576;33609;43648;19752;43436;6082;71704;8152;44281;44710;44699;44763;9987;44237;46564;16831;16830;16829;3824;3674	9017	9174	8980	8943	9174	9156	9178	9169.5	4865	8934.5	3702.5	7612.5	8898	4344	6484	9164.5	17	32	9176	7692.5	9177	723	9110.5	9152	126588.5	6.329.425
ORTHO002617	basic helix-loop-helix (bHLH) DNA-binding superfamily protein	AT3G56970	6355;1903506;2001141;31326;9889;19222;50789;65007;8150;31323;50794;51252;19219;80090;51171;60255;10556;10468;2000112;3677;3676;1901363;5488;3674;97159;3700;1071;5634;43231;43227;43226;5575;43229;44424;44464;5623;5622;46983;5515;10106;9267;31669;31667;9991;9605;50896;31668;51716;9987;71496;7154;44763;44699;42594;6950;33554;55072;55076;55065;98771;50801;48878;42592;65008;55080;6351;34645;44260;43170;71704;8152;44237;9059;1901576;9058;44249;97659;32774;16070;90304;6139;46483;6725;1901360;34641;6807;44238;34654;19438;44271;18130;1901362;10467	9018	8888	4759.5	501	8984.5	4016	7092.5	4009	3838.5	3396	5130.5	7658	1352	138	136.5	3292.5	2792	102.5	1706.5	2635.5	3074.5	84	728.5	1473	52656	2632.8
ORTHO006243	sister-chromatid cohesion protein 3	AT2G47980	51754;51177;70192;51276;6996;16043;71840;8150;9987;1903046;22402;44763;44699;7049;51321;3;1902589;7126;280;48285;7062;819;98813;7059;45144;45132;7135;70601;5694;43232;43228;43226;5575;43229;44424;44464;5623;5622;51455;90172;226;7010;7017;45143;7127;51316;8608;34453;5634;43231;43227;5515;5488;3674;7067;1903047;278	9019	8274	7620	6221	7245.5	8947.5	3327	9122	5851.5	5018.5	8095	4566	4955.5	1184.5	2396.5	8358	8915	523.5	1407	7408.5	6696	914	1094.5	7721.5	96502	4825.1
ORTHO010189	Ubiquitin carboxyl-terminal hydrolase family protein	AT4G33495	9507;9536;43231;43227;43226;5575;43229;44424;44464;5623;5622;44444;5737;10102;10101;10015;44767;32502;8150;44699;9653;48856;48364;48513;48731;7275;44707;32501;22622;9886;9791;48528;48569;48527;8285;48523;50794;50789;65007;48519;42127	9020	8277	7669.75	6319.5	7245.5	5684	3758	7527.5	5619	4302.5	7886	5489.5	4617.5	906.5	1677.5	8358	5281.5	663.5	6056.5	6923.5	5988	2433.5	6413.5	7508	97094	4854.7
ORTHO004564	RNA-binding (RRM/RBD/RNP motifs) family protein	AT3G20930	166;36094;5488;3674;1901265;1901363;97159;1900871;16556;9451;16070;44260;43170;71704;8152;8150;44237;9987;90304;6139;46483;6725;1901360;34641;6807;44238;43412;16071;1900865;3723;3676;9507;9536;43231;43227;43226;5575;43229;44424;44464;5623;5622;44444;5737	9021	8523	8028.5	7036	8471	5974	3513	7762	5484	5160.5	7886	8494.5	3152	590	2023.5	8358	5561	663.5	6185.5	7138.5	6431	2923.5	6624.5	7656.5	101581.5	5.079.075
ORTHO010659	methionine sulfoxide reductase B 1	AT1G53670	9507;9536;43231;43227;43226;5575;43229;44424;44464;5623;5622;44444;5737;9570;9532;44435;44446;44422;44434;55114;44710;8152;8150;44699;30091;44267;19538;43170;71704;44238;44260;44237;9987;46872;43169;43167;5488;3674;6979;6950;50896;33743;16671;16667;16491;3824	9022	8802	8541.75	8061.5	8820	4633.5	8571.5	7372.5	6225	8319	8232.5	5489.5	2864.5	906.5	4462	8925	8695.5	985	7509	4925	7166	980	5541.5	7952.5	109756	5487.8
ORTHO000492_1	transferases; transferring acyl groups other than amino-acyl groups	AT3G02030;AT3G26820;AT3G26840;AT5G41120;AT5G41130	16747;16746;16740;3824;3674;8152;8150;9507;9536;43231;43227;43226;5575;43229;44424;44464;5623;5622;44444;5737;10287;44434;44435;44446;44422;9570;9532;33306;34308;6066;1901615;71704;44281;44710;44699;16101;6721;6720;44255;6629;44238;44763;9987;44237;1903173;5739;4144;16411;8374;19432;46463;46460;6638;8610;1901576;9058;44711;44249;6639;46486;45017;6641	9023	9101	9053	9083	9114	8600	9099	8522	5619	8647.5	8820	9138	6731.5	328.5	5718	9139.5	8446.5	102.5	9014.5	4664.5	9098.5	3311	8686.5	9130	132817	6640.85
ORTHO001097_2	Protein kinase superfamily protein	AT3G07700	34599;6979;6950;50896;8150;33554;51716;9987;70887;42221;9507;9536;43231;43227;43226;5575;43229;44424;44464;5623;5622;44444;5737;46467;6643;44255;6629;71704;8152;44710;44699;44238;44763;44237;8610;1901576;9058;44711;44249;16301;16772;16740;3824;3674;16310;6796;6793;5886;16020;71944	9024	8848	7348	5672	8849	7563	2703	7588.5	4865	7539	1211	2197	4865.5	401	5718	8925	2063	1260.5	8806.5	7463	8534	810	1961.5	8980.5	93455	4672.75
ORTHO004401	tRNA/rRNA methyltransferase (SpoU) family protein	AT4G17610	6396;16070;44260;43170;71704;8152;8150;44237;9987;90304;6139;46483;6725;1901360;34641;6807;44238;10467;3723;3676;1901363;5488;3674;97159;16423;8757;8168;16741;16740;3824;32259;8175;8173;1510;43414;43412;9451;30488;6400;8033;34470;34660;6399	9025	8904	6175	3325	8961.5	679	8964	6323	2902.5	6020	5836	7215	2856.5	906.5	2910	8925	3752	151	93.5	4778	5839	4612.5	4284.5	3920	80968	4048.4
ORTHO004406	DEAD/DEAH box RNA helicase family protein	AT2G01440	10501;16070;44260;43170;71704;8152;8150;44237;9987;90304;6139;46483;6725;1901360;34641;6807;44238;5634;43231;43227;43226;5575;43229;44424;44464;5623;5622;4004;8186;42623;16887;17111;16462;16818;16817;16787;3824;3674;3724;4386;8026;70035	9026	8548	7061	5096	8471	4152	7197.5	7461	6379.5	8934.5	92	8245	1352	3815.5	1432	8358	6298	6683.5	5347.5	5781.5	2864	521.5	646.5	4972	90533.5	4.526.675
ORTHO008569	SNF2 domain-containing protein / helicase domain-containing protein	AT2G44980	5524;35639;1901265;1901363;5488;3674;97159;43168;43167;32559;30554;17076;166;36094;32555;32553;97367;32550;32549;1882;1883;6338;16568;6325;43933;16043;71840;8150;9987;51276;6996;3677;3676;4386;17111;16462;16818;16817;16787;3824;8152;6281;6259;44260;43170;71704;44237;90304;6139;46483;6725;1901360;34641;6807;44238;6974;33554;51716;50896;6950;44763;44699;44710;4003;8094;42623;16887;3678;32508;32392;71103;8026;70035;5634;43231;43227;43226;5575;43229;44424;44464;5623;5622	9027	8381	7884	6741	7662	5974	7507.5	7588.5	5484	6198.5	6343	4566	2944.5	906.5	1910.5	8358	5561	663.5	6185.5	5726.5	6431	2923.5	6709	7656.5	99637.5	4.981.875
ORTHO011150	Protein of unknown function (DUF3353)	AT3G51140	9941;9526;31967;31975;44464;5575;5623;44446;44422;43226;44424;5622;43229;43227;44435;44444;5737;9536;43231;44434;9507;9706;9528;19866;31090;16020;42170;31969;8150	9028	8856	8815.5	8603	8849	5722.5	8747.5	7527.5	6712.5	4127	7886	6947.5	4865.5	1184.5	5718	8925	8818.5	1051.5	7862.5	5277	8019	2017.5	7554.5	8957	117921	5896.05
ORTHO000353_1	beta glucosidase 11	AT1G02850;AT1G45191;AT1G60090;AT1G60260;AT1G60270;AT3G62740;AT3G62750;AT4G22100;AT4G27820;AT4G27830	4553;16798;16787;3824;3674;8152;8150;5576;5575;5975;71704;44238;8422;15926;80167;9628;50896;5773;43231;43227;43226;43229;44424;44464;5623;5622;44444;5737;5777;42579;46283;9812;42440;44710;44699	9029	9143	9059	9089	9144	9014	9114	8805.5	6823.5	5125	8232.5	9159	2859	590	6267.5	9091	8143	61	9117.5	9004	9152	5059	8405	9119.5	133142	6657.1
ORTHO002908	strictosidine synthase-like 4	AT3G51420;AT3G51430;AT3G51440;AT3G51450	16788;16787;3824;3674;8152;8150;9611;6950;50896;9753;9725;9719;10033;42221;1101;1901700;16844;16843;16840;16829;9821;44271;34641;6807;44237;9987;44249;9058;1901566;1901576;71704;1901564;9820;5783;43231;43227;43226;5575;43229;44424;44464;5623;5622;44444;5737;12505;16020;9507;9536;9751;14070;9723;9615;51707;43207;9605;9607;51704;9620;10150;10260;7568;44767;32502;44699;48513;48856;48731;7275;44707;32501;48366;48827;48367;5576	9030	8934	8895.5	8761	8884	8214	9071	3421	7632	6038.5	3989.5	6300	1352	5878	1579	8770.5	8250.5	1311.5	9023	6555.5	8909	8425.5	7554.5	9126.5	121401.5	6.070.075
ORTHO007972	ATP binding microtubule motor family protein	AT1G20060	3777;3774;17111;16462;16818;16817;16787;3824;3674;8152;8150;5524;35639;1901265;1901363;5488;97159;43168;43167;32559;30554;17076;166;36094;32555;32553;97367;32550;32549;1882;1883;7018;6928;44763;9987;44699;7017;5871;5875;44430;44446;44422;5575;43226;44424;44464;5623;5622;43229;5856;43232;43228;43234;32991;15630;5634;43231;43227;5874	9031	8630	8652	8273	8471	8214	7422	7527.5	5754	7441.5	7886	8818.5	4865.5	590	1812.5	8358	6208.5	663.5	6109.5	5447	8019	2213.5	6194.5	8456	112001	5600.05
ORTHO001438_2	Pentatricopeptide repeat (PPR) superfamily protein	AT1G73710	5575;8150;3674	9032	8470	8196	7360	8471	2385.5	6155.5	7762	4602.5	8535.5	6343	6561.5	4617.5	6206.5	7129	8660.5	6549	1494	6389	1919	6696	1358.5	2412.5	8111.5	103888.5	5.194.425
ORTHO010654	Tetratricopeptide repeat (TPR)-like superfamily protein	AT5G18950	5739;43231;43227;43226;5575;43229;44424;44464;5623;5622;44444;5737;8150;3674	9033	8868	8848	8663	8884	8600	8793	7588.5	4865	4979.5	7999	8905	4865.5	401	5718	8925	6955.5	1114.5	7353.5	7080	8438.5	2112.5	5902.5	8552	119148.5	5.957.425
ORTHO003277	nine-cis-epoxycarotenoid dioxygenase 4	AT4G19170	10287;44434;44435;44444;44424;44464;5575;5623;5622;5737;44446;44422;43226;43229;9536;43231;43227;9507;9570;9532;46872;43169;43167;5488;3674;5515;51213;16491;3824;8152;8150;55114;44710;44699	9034	8975	8644	8254	8940	7324.5	8793	8348	4231.5	3240.5	8314	8835.5	4355	401	5596.5	7360.5	6244	227	7901.5	6148	8083.5	1910	5541.5	8942.5	111798	5589.9
ORTHO007084	unknown protein	AT2G35810;AT2G35820;AT2G35830	4848;16813;16810;16787;3824;3674;8152;8150;5829;44444;44424;44464;5575;5623;5622;5737;256;43605;43603;34641;6807;44237;9987;44270;44248;9056;1901361;1901360;71704;1901575;1901565;1901564;255;46483;46700;50385;16842;16840;16829	9035	8616	8490	7945	8471	5744.5	7422	7762	5754	6345	7886	5667	4865.5	590	1910.5	8358	8818.5	663.5	5851	5578	8153	2328.5	6365	8456	108518	5425.9
ORTHO010750	CONTAINS InterPro DOMAIN/s: Rhodanese-like (InterPro:IPR001763); Serine hydrolase (InterPro:IPR005645)	AT1G09280	5634;43231;43227;43226;5575;43229;44424;44464;5623;5622;8150;3674	9036	8831	8414	7792	8835.5	5516	8427.5	7331	6225	8934.5	6343	8507.5	4492.5	1184.5	3721.5	8925	5457.5	949.5	6785	5781.5	6696	678.5	3492.5	7656.5	107105	5355.25
ORTHO006557	S-adenosyl-L-methionine-dependent methyltransferases superfamily protein	AT1G16650	8150;5575;3674	9037	8602	7287.5	5538	8471	8135	6606.5	8348	1234	8934.5	4330.5	7609	4492.5	5815	2163.5	8605.5	8801.5	4887	2249	4664.5	321.5	499	578	4484	92758.5	4.637.925
ORTHO004458	Nuclear pore complex protein	AT1G55540	10070;8356;51301;44763;9987;8150;44699;9793;44702;22414;3006;32502;9790;44767;48856;7275;44707;32501;48316;48608;61458;48731;9791;10154;51028;50658;50657;15931;71705;6810;51234;51179;71702;51236;6403;33036;5739;43231;43227;43226;5575;43229;44424;44464;5623;5622;44444;5737;5643;44428;44446;44422;5634;5635;31967;31975;12505;3674;15031;45184;8104	9038	8933	7772.5	6507	8984.5	6529	7272	8545.5	3783.5	8168.5	8514	3034.5	4492.5	906.5	2910	8594.5	3776	340.5	8200	6754	5265	1827.5	4335.5	4972	98221	4911.05
ORTHO010263	glyoxylate reductase 2	AT1G17650	51287;50662;48037;5488;3674;166;36094;1901265;1901363;97159;5739;43231;43227;43226;5575;43229;44424;44464;5623;5622;44444;5737;9570;9532;44435;44446;44422;9536;44434;9507;30267;16616;16614;16491;3824;8152;8150;55114;44710;44699;6098;51156;19637;71704;6793;44237;9987;1901135;6796;6739;46496;19362;6733;6732;51186;9117;6753;55086;6139;46483;6725;1901360;34641;6807;44238;44281;44763;72524;1901564;19682;6081;19693;4616	9039	8483	7932	6825	8471	8095.5	7389.5	7656	5484	8319	7594	6120	4444	906.5	1725.5	8358	5108	523.5	4328.5	4258.5	5170.5	1778.5	5762.5	7120	100142	5007.1
ORTHO010655	Mnd1 family protein	AT4G29170	5634;43231;43227;43226;5575;43229;44424;44464;5623;5622;10212;9314;9628;50896;8150;5730;44428;44446;44422;43232;43228;31981;70013;43233;31974;6302;6281;6259;44260;43170;71704;8152;44237;9987;90304;6139;46483;6725;1901360;34641;6807;44238;6974;33554;51716;6950;44763;44699;44710;9553;48229;7275;44767;32502;44707;32501;48856;5515;5488;3674;9555	9040	8320	7595.5	6151	8471	9132.5	4872.5	3652.5	3933.5	8934.5	5124	4162.5	6456	6144.5	1677.5	8605.5	9053.5	8526.5	3136.5	2570	1227	1090.5	1523.5	6281	96104	4805.2
ORTHO004186	DegP protease 3	AT1G65630;AT1G65640;AT5G36950	5759;44429;44444;44424;44464;5575;5623;5622;5737;44446;44422;43226;43229;5739;43231;43227;70013;43233;31974;6508;19538;43170;71704;8152;8150;44238;8236;70011;8233;16787;3824;3674;17171;4252;4175	9041	8870	8014	6987	7245.5	6643.5	8586	8560.5	4526.5	3651	5902	8467	4793	590	3721.5	8804.5	4761	433.5	5648	6001	5839	5789.5	4521	3984	101222.5	5.061.125
ORTHO008972	cell division cycle 48B	AT2G03670	9524;44444;44424;44464;5575;5623;5622;5737;5856;43232;43228;43226;43229;5524;35639;1901265;1901363;5488;3674;97159;43168;43167;32559;30554;17076;166;36094;32555;32553;97367;32550;32549;1882;1883;5886;16020;71944;15031;45184;51234;51179;8150;8104;33036;71702;6810;7049;44763;9987;44699;5634;43231;43227;16887;17111;16462;16818;16817;16787;3824;8152;51301	9042	8689	8622.5	8203	8619	5974	7262.5	3166	5851.5	6934	8450	8888.5	5066	590	2163.5	8925	6409	1114.5	8059	5726.5	8400	2433.5	7244	8552	111209.5	5.560.475
ORTHO002793	ATP-dependent caseinolytic (Clp) protease/crotonase family protein	AT2G30650;AT2G30660;AT5G65940	5777;42579;43231;43227;43226;5575;43229;44424;44464;5623;5622;44444;5737;6574;9083;9081;6520;1901564;71704;8152;8150;6807;19752;43436;6082;44281;44710;44699;44763;9987;44237;44238;9063;46395;16054;44282;44712;9056;1901575;44248;1901565;1901606;1901605;6573;3860;16289;16790;16788;16787;3824;3674;9507;9536;9409;9266;9628;50896;6950;6635;9062;44242;16042;6629;44255;72329;32787;6631;19395;34440;30258;55114;9733;9725;9719;10033;42221	9043	8572	8475.5	7908	8471	6313	3224.5	7935.5	3855	6785.5	7040	7358.5	5195	590	2163.5	8737.5	6896.5	1281.5	7281	7647	7489.5	3503.5	6194.5	8728	108219.5	5.410.975
ORTHO005601	transducin family protein / WD-40 repeat family protein	AT2G46560	80008;31461;151;1990234;1902494;43234;32991;5575;44424;44464;5623;5622;166;36094;5488;3674;1901265;1901363;97159	9044	8980	8659	8274	8259	6529	8843	7372.5	8101	6604.5	8537.5	9042.5	4492.5	590	1910.5	8605.5	8766.5	340.5	8200	6960	5265	2328.5	4521	5007.5	112017.5	5.600.875
ORTHO000857	phloem protein 2-B11	AT1G80110;AT2G02230;AT2G02240;AT2G02360	16567;32446;70647;6464;36211;19538;43170;71704;8152;8150;44238;43412;44267;44260;44237;9987;5634;43231;43227;43226;5575;43229;44424;44464;5623;5622;30246;5488;3674;9793;44702;22414;44699;3006;32502;9790;44767;48856;7275;44707;32501;48316;48608;61458;48731;9791;10154	9045	9031	8650	8255	9043	6832.5	9120	8148	4551	4937.5	9078.5	5053	1352	1375.5	5661	7360.5	7495.5	398	8973.5	4586	8228.5	1407.5	8163.5	9084	111806	5590.3
ORTHO010809	Pentatricopeptide repeat (PPR) superfamily protein	AT4G14050	8150;5739;43231;43227;43226;5575;43229;44424;44464;5623;5622;44444;5737;16020	9046	8825	8873.5	8701	8835.5	6085.5	8793	7588.5	5355.5	3547	8487.5	8921.5	5066	590	5718	8925	6409	1114.5	8121	7080	8496	2923.5	8202.5	8595	120019	6000.95
ORTHO001115	NA	NA	NA	9047	9146	4920.5	794	9135.5	9140.5	5187.5	3698.5	4164	8934.5	513.5	7707.5	1352	138	136.5	8825	8960	17	19	150	106.5	23	19	23	59115	2955.75
ORTHO009696	NA	NA	NA	9048	8357	5319	1590	8471	2720	4742	3405.5	2541	8934.5	4593.5	7590	4091	5307	1549	8583	2425.5	1295.5	1961.5	2713.5	2864	362	793.5	2485	68957	3447.85
ORTHO003560	Protein of unknown function (DUF1162)	AT5G24740	45053;32507;51651;44763;9987;8150;44699;51235;51179;65008;65007;1902578;51641;45185;8104;33036;34613;70727;34067;33365;10082;10075;48509;2000026;50793;50789;51239;48638;40008;10073;44767;32502;44707;32501;48507;9888;48856;48513;48731;7275;2000280;10015;9653;48364;22622;6623;1902580;6605;6886;15031;45184;51234;71702;6810;46907;51649;1902582;44765;16482;72665;72666;72594;7034;1990064;3002;7389;19898;44425;5575;16020;5794;43231;43227;43226;43229;44424;44464;5623;5622;44444;5737;12505	9049	8408	8401.5	7754	8471	6149	2528	7588.5	6225	6459.5	7999	8921.5	4955.5	906.5	2023.5	8925	5764.5	663.5	6327	7194	6431	3222.5	6854	7656.5	106794	5339.7
ORTHO000413	S-adenosyl-L-methionine-dependent methyltransferases superfamily protein	AT3G11480;AT5G04370;AT5G04380;AT5G66430	80150;8171;8168;16741;16740;3824;3674;8152;8150;32259;5634;43231;43227;43226;5575;43229;44424;44464;5623;5622;9611;6950;50896;52624;8169;8757;6952;46872;43169;43167;5488;51707;43207;9605;9607;51704;46686;10038;10035;42221	9050	9158	8978	8906	9163	9147	8902.5	8898	3914.5	3785.5	8958.5	9164	1352	4830	6305	9170	8370.5	53	9164.5	565.5	9166	5603	9022.5	9112	125484	6274.2
ORTHO003717	annexin 3	AT2G38760	9507;9536;43231;43227;43226;5575;43229;44424;44464;5623;5622;44444;5737;5773;9408;9266;9628;50896;8150;6950;5544;5543;8289;5488;3674;43168;43167;9409;9986;5509;46872;43169;9414;9415;1101;42221;10035;1901700;9651;6970	9051	8423	7115	5179	8471	9054	4244.5	7435.5	3797	8934.5	7594	6240	2856.5	1184.5	1616	8358	8462.5	490	1004.5	5369.5	1880	1090.5	2953.5	8332.5	90897.5	4.544.875
ORTHO006766	protein serine/threonine kinases	AT5G18525	80008;31461;151;1990234;1902494;43234;32991;5575;44424;44464;5623;5622;6623;1902580;51641;51179;8150;1902578;44699;6605;6886;15031;45184;51234;8104;33036;71702;6810;46907;51649;34613;70727;1902582;44765;16482;72665;33365;72666;72594;7034;5634;43231;43227;43226;43229;5515;5488;3674;9816;9814;98542;6952;6950;50896;51707;43207;9605;9607;51704;45087;6955;2376;42742;9617	9052	8380	9074.5	9097	7662	7603	3628.5	8296.5	7325.5	7247	8232.5	7191	3474.5	6292	7401.5	8660.5	7177	1406.5	8380.5	8125.5	8228.5	7470	8663.5	8595	133399	6669.95
ORTHO000851	glycosyl hydrolase family 81 protein	AT1G18310;AT5G15870	6076;51275;9251;272;5976;5975;71704;8152;8150;44238;43170;16052;1901575;9056;9057;44042;51273;6073;44264;44260;44237;9987;44262;44247;44275;44248;6074;16798;16787;3824;3674;9507;9536;43231;43227;43226;5575;43229;44424;44464;5623;5622;44444;5737;42973;8422;15926;4553;9986	9053	9009	4709.5	366	9017	4008	4587.5	3927.5	3838.5	7485	5132.5	1338	3709.5	138	136.5	3145.5	2776.5	34	2112	1788	3036.5	38	986.5	1215.5	49433.5	2.471.675
ORTHO011172	unknown protein	AT1G48580	8150;3674;5634;43231;43227;43226;5575;43229;44424;44464;5623;5622	9054	8581	6955.5	4857	8730.5	5211.5	7137	8467.5	4526.5	7377.5	3639.5	8562.5	3152	590	1432	3976.5	7177	1332.5	6389	5400	3942	2017.5	4521	4484	89335.5	4.466.775
ORTHO001787	ataxia-telangiectasia mutated	AT3G48190	6303;726;6281;6259;44260;43170;71704;8152;8150;44237;9987;90304;6139;46483;6725;1901360;34641;6807;44238;6974;33554;51716;50896;6950;44763;44699;44710;6302;32204;32844;50789;65007;51052;19219;80090;19222;51171;31323;50794;60255;33044;33043;51128;43247;723;32200;51276;6996;16043;71840;1902589;60249;42592;65008;45003;724;725;6310;10332;10212;9314;9628;32504;3;32501;285;16307;16301;16772;16740;3824;3674;16310;6796;6793;16773;46854;46488;6650;6644;19637;44255;6629;46486;46834;30258;5634;43231;43227;43226;5575;43229;44424;44464;5623;5622;7126;280;48285;1903046;22402;7049;51321;9506;5911;30054;55044;9507;9536;44444;5737	9055	9087	6681	4307	9078.5	3870	1377.5	9162	3875	8934.5	4534.5	9146	2759	1321.5	1812.5	9153.5	8576	227	1849	1747	8580	567	1767.5	7161.5	86421	4321.05
ORTHO001284	DNA binding	AT3G48770	8150;5737;44424;44464;5575;5623;5622;3677;3676;1901363;5488;3674;97159	9056	9136	9082.5	9109	9140	9066.5	9105	8796.5	4452.5	8934.5	8701	9152	6397.5	1184.5	6054.5	9153.5	7758	261.5	8734.5	4848	9141	4525.5	8748.5	9093.5	134108.5	6.705.425
ORTHO009677	Thioredoxin superfamily protein	AT5G65840	9570;9532;44435;44444;44424;44464;5575;5623;5622;5737;44446;44422;43226;43229;9536;43231;43227;44434;9507	9057	8522	9056	9055	8471	6850	7744.5	8212.5	6584	7247	2653	8835.5	6316	6076	7401.5	8660.5	7006	1114.5	7901.5	6754	7709	7038.5	8115.5	8847.5	131067	6553.35
ORTHO010876	DNA photolyase family protein	AT3G15620	6281;6259;44260;43170;71704;8152;8150;44237;9987;90304;6139;46483;6725;1901360;34641;6807;44238;6974;33554;51716;50896;6950;44763;44699;44710;3677;3676;1901363;5488;3674;97159;6290;3914;3913;16830;16829;3824;9411;9416;9314;9628;5634;43231;43227;43226;5575;43229;44424;44464;5623;5622;166;36094;1901265;9507;9536;44444;5737	9058	8400	7937	6816	8471	6227.5	3327	7762	5355.5	3372	6912.5	8654.5	1352	1184.5	2396.5	8358	6298	663.5	6531	5929.5	6908	3609.5	6989	8258.5	100089	5004.45
ORTHO011186	unknown protein	AT4G12760	5634;43231;43227;43226;5575;43229;44424;44464;5623;5622;8150;3674	9059	8607	8236.75	7414.5	8471	6227.5	3327	7935.5	4645.5	6422.5	2290	8654.5	5195	590	2163.5	8358	8875.5	663.5	6700.5	6001	6908	3609.5	7048.5	8670.5	104286	5214.3
ORTHO004453	BREAST CANCER 2 like 2A	AT4G00020;AT5G01630	724;725;6281;6259;44260;43170;71704;8152;8150;44237;9987;90304;6139;46483;6725;1901360;34641;6807;44238;6974;33554;51716;50896;6950;44763;44699;44710;6310;6302;3697;43566;3677;3676;1901363;5488;3674;97159;31347;80134;48583;50789;65007;5515;5634;43231;43227;43226;5575;43229;44424;44464;5623;5622;6355;1903506;2001141;31326;9889;19222;31323;50794;51252;19219;80090;51171;60255;10556;10468;2000112;48314;48598;44767;32502;9653;48856;9790;7275;44707;32501;9561;9553;48229;7126;280;48285;6996;16043;71840;1903046;22402;7049;51321;3;1902589;9793;44702;22414;3006;48316;48608;61458;48731;9791;10154;5739;44444;5737	9060	8482	6270.5	3481	8471	3364	7050.5	1114.5	6584	8934.5	4593.5	6728.5	1352	7536	5596.5	8660.5	8932.5	1669.5	2332	1724	2224.5	1179	1615	725.5	81916.5	4.095.825
ORTHO011175	zinc knuckle (CCHC-type) family protein	AT5G20220	3676;1901363;5488;3674;97159;5634;43231;43227;43226;5575;43229;44424;44464;5623;5622;8270;46914;46872;43169;43167	9061	8627	8390	7719	8471	5580	8704	7527.5	6124	7830	6070	5699	4865.5	590	1812.5	8358	6208.5	663.5	5851	5591	8083.5	2213.5	6326.5	8456	106554	5327.7
ORTHO010819	P-loop containing nucleoside triphosphate hydrolases superfamily protein	AT4G10650	5525;35639;1901265;1901363;5488;3674;97159;43168;43167;32550;32549;1882;36094;97367;1883;32561;19001;17076;166;32555;32553;16787;3824;8152;8150;5737;44424;44464;5575;5623;5622;5739;43231;43227;43226;43229;44444	9062	8434	8018.5	6975	8471	7390	3327	7935.5	7046.5	5776	8232.5	7408	4955.5	906.5	2163.5	8358	763	867.5	2654.5	6860	8228.5	3503.5	6989	7768	101133	5056.65
ORTHO011462	unknown protein	AT2G43540	3674;5575	9063	8438	4648.5	234	8471	3985.5	1542	3999.5	3914.5	5776	5124	1687.5	3727	138	136.5	3273.5	2832.5	102.5	1862	2688	2960	100.5	154	674	44677.5	2.233.875
ORTHO010441	P-loop containing nucleoside triphosphate hydrolases superfamily protein	AT4G25120	36292;32392;71103;51276;6996;16043;71840;8150;9987;5524;35639;1901265;1901363;5488;3674;97159;43168;43167;32559;30554;17076;166;36094;32555;32553;97367;32550;32549;1882;1883;5737;44424;44464;5575;5623;5622;6310;6259;44260;43170;71704;8152;44237;90304;6139;46483;6725;1901360;34641;6807;44238;3678;4386;17111;16462;16818;16817;16787;3824;32508	9064	8638	4795.5	527	8471	3788.5	7074.5	4009	4142	5694	5087	7656	1352	138	136.5	3273.5	2745	85.5	1567	2373.5	3016.5	51.5	353.5	648	53191.5	2.659.575
ORTHO000509	NAD(P)-linked oxidoreductase superfamily protein	AT1G59950;AT1G59960	16491;3824;3674;8152;8150;55114;44710;44699;9507;9536;43231;43227;43226;5575;43229;44424;44464;5623;5622;44444;5737;5829;9651;6970;9628;50896;6950	9065	9082	8838	8611	9074	7207	8994.5	2923.5	4014	4190.5	8537.5	9143	2846.5	310.5	5034.5	9111	7177	134	8846.5	8590.5	8711.5	4709	8551.5	8980.5	118013	5900.65
ORTHO000865	Protein of unknown function (DUF1262)	AT1G13470;AT1G13480;AT1G13490;AT1G13500;AT1G13510;AT1G13520;AT1G13530;AT1G13540	3674;8150;5575;9507;9536;43231;43227;43226;43229;44424;44464;5623;5622;44444;5737	9066	9098	6551.75	4037.5	9125.5	7863	6911	3480	1691	8647.5	8947	7526	1352	5933	5817	9100	562	4326.5	8673	773.5	358	75.5	47	2940	85023	4251.15
ORTHO000298	FMN-linked oxidoreductases superfamily protein	AT1G09400;AT1G76680;AT1G76690	10181;50662;48037;5488;3674;43168;43167;32553;97367;166;36094;1901265;1901363;97159;55114;44710;8152;8150;44699;16491;3824;5737;44424;44464;5575;5623;5622;31408;6633;72330;46394;16053;6082;71704;44281;44763;9987;44237;44283;44711;9058;1901576;44249;19752;43436;32787;6631;44255;6629;44238;8610;31407;16629;16628;16627;9611;6950;50896;9751;14070;10033;42221;1101;1901700;10150;10260;7568;44767;32502;48513;48856;48731;7275;44707;32501;48366;48827;48367;5829;44444;46686;10038;10035	9067	9169	8588	8109	9169	9136.5	9168	2614.5	4087	8934.5	4374.5	9174	7554	6170.5	7844	9168.5	9167	30.5	2214	167.5	9174.5	306.5	1866	9096.5	110248.5	5.512.425
ORTHO010593	putrescine-binding periplasmic protein-related	AT1G31410	42597;44464;5575;5623;15846;71705;6810;51234;51179;8150;44765;1902578;44699;71702;9941;9526;31967;31975;44446;44422;43226;44424;5622;43229;43227;44435;44444;5737;9536;43231;44434;9507;19808;5488;3674;5634	9068	8617	4583	98	8471	1554	2951	6428.5	2760.5	5864.5	1623	3808	1352	138	136.5	3273.5	2659	142.5	1063.5	1869	336	84	294.5	542	36880	1844
ORTHO000271	UDP-Glycosyltransferase superfamily protein	AT3G02100	8194;16757;16740;3824;3674;8152;8150;16758;5634;43231;43227;43226;5575;43229;44424;44464;5623;5622	9069	9142	9111.5	9154	9145	9125.5	9149.5	9135.5	2701	8319	9176	7710	1352	5972.5	5969	9158.5	8360.5	8759	9164.5	8987	158.5	8380.5	8609.5	9163	139351	6967.55
ORTHO011701	Domain of unknown function (DUF1995)	AT5G48790	3674;9507;9536;43231;43227;43226;5575;43229;44424;44464;5623;5622;44444;5737;8150	9070	8670	7835	6600	8619	6085.5	8747.5	7588.5	4705.5	4471.5	3792.5	4162.5	4955.5	590	1910.5	8925	793	1295.5	7464	6001	8496	2608	7774	8456	98822	4941.1
ORTHO000339	NAD(P)-binding Rossmann-fold superfamily protein	AT1G01800;AT2G24190;AT3G61220	16491;3824;3674;8152;8150;55114;44710;44699;9505;5618;30312;44464;5575;5623;71944;5737;44424;5622;8106;4033;16616;16614;5829;44444;47504;5886;16020;6952;6950;50896;47501;80167;9628	9071	9178	8994.5	8918	9178	8897	5026.5	3927.5	3198	8535.5	9177	7716	1352	7850	6687	9171.5	9114.5	9178	9178	9083.5	8967.5	20	21	8744.5	125845	6292.25
ORTHO011703	phosphatidylserine decarboxylase 1	AT4G16700	4609;16831;16830;16829;3824;3674;8152;8150;6646;46474;6650;6644;19637;71704;6793;44237;9987;44255;6629;44710;44699;44238;44763;6796;46486;45017;8610;1901576;9058;44711;44249;8654;90407;46337;5743;19866;31090;16020;5575;44422;43226;43227;44424;44464;5623;5622;31967;31975;44446;43229;31966;44429;44444;5737;5739;43231;5740	9072	8690	8354	7636	8619	5974	2703	7588.5	4645.5	4322.5	7886	8888.5	3133	590	2023.5	8925	6409	1114.5	8059	5672	8400	2763	8115.5	8552	105764.5	5.288.225
ORTHO011699	S-adenosyl-L-methionine-dependent methyltransferases superfamily protein	AT4G34360	3824;3674;8152;8150;5794;43231;43227;43226;5575;43229;44424;44464;5623;5622;44444;5737;12505;8168;16741;16740;32259	9073	8696	7987	6901	8619	5211.5	8602.5	7435.5	3783.5	5471	7199	5019	4738	906.5	1389	8925	5457.5	985	7562	5215.5	7636	1045	5762.5	8332.5	100676.5	5.033.825
ORTHO002358	NADPH:quinone oxidoreductase	AT3G27890	9651;6970;9628;50896;8150;6950;9735;9725;9719;10033;42221;3955;16655;16651;16491;3824;3674;8152;55114;44710;44699;42742;9617;51707;43207;9605;9607;51704;98542;6952;5886;16020;5575;44464;5623;71944;9570;9532;44435;44444;44424;5622;5737;44446;44422;43226;43229;9536;43231;43227;44434;9507;5829;8752;16646;16645	9074	8762	6885	4696	8678	9038.5	7187.5	7192	5619	8934.5	4312.5	6701	2776	460.5	1462	8925	7615.5	1332.5	8031	1426	312.5	335	578	6210	88449	4422.45
ORTHO006788	unknown protein	AT3G57360	5634;43231;43227;43226;5575;43229;44424;44464;5623;5622	9075	8786	8579.5	8084	8808.5	4297	4971.5	2728	5144	8934.5	8737.5	6998.5	4793	5989.5	6937	9043.5	5404	6330	8281	1869	1543.5	2608	7244	8111.5	109965	5498.25
ORTHO000566	UDP-Glycosyltransferase superfamily protein	AT2G30140;AT2G30150	16757;16740;3824;3674;8152;8150;5634;43231;43227;43226;5575;43229;44424;44464;5623;5622;5829;44444;5737;9909;48580;2000026;50793;50789;65007;51239;48831;2000241;16758;8194	9076	9147	8303.5	7531	9150	8198	9169	8662.5	4323	8934.5	4137	9156	2778	1321.5	6444.5	9091	157	148.5	8951	1070.5	3162.5	1525	8708.5	9130	105068	5253.4
ORTHO010935	Chaperone DnaJ-domain superfamily protein	AT3G05345	9507;9536;43231;43227;43226;5575;43229;44424;44464;5623;5622;44444;5737	9077	8703	8292.25	7507.5	8619	5665.5	3025	7527.5	6712.5	7916.5	7734.5	4111	4865.5	590	1812.5	8925	6099.5	1017	7792.5	5606	7860	1778.5	7486	8420	104945	5247.25
ORTHO000458	UDP-glucosyl transferase 71C5	AT1G07240;AT1G07250;AT1G07260;AT2G29710;AT2G29730;AT2G29740;AT2G29750	80043;35251;46527;16758;16757;16740;3824;3674;8152;8150;8194;80044;47893;80045	9078	9072	9095	9112	8935.5	8470.5	8971	8509	8831.5	7377.5	9078.5	9089	4955.5	328.5	2396.5	8737.5	9005.5	142.5	8472	8397.5	9033.5	4525.5	8733	9132.5	134187	6709.35
ORTHO011171	DTW domain-containing protein	AT5G54880	3674;8150	9079	8649	8269.5	7460	8471	4194	8427.5	8994	3735.5	8535.5	6343	8441	4492.5	1184.5	1481.5	8737.5	4870.5	985	6700.5	4884.5	7489.5	914	5762.5	8456	104629	5231.45
ORTHO000722	Amidase family protein	AT4G34880	4040;16811;16810;16787;3824;3674;8152;8150;16884;16879;16874	9080	9103	8878	8676	9115	8399	8876	8522	4209	8934.5	7594	4111	6456	1800.5	5661	9078	7962.5	154.5	8472	8891.5	9023	579	1453	9158.5	119335	5966.75
ORTHO000307	HXXXD-type acyl-transferase family protein	AT5G39050;AT5G39080;AT5G39090	5829;44444;44424;44464;5575;5623;5622;5737;50736;16420;16747;16746;16740;3824;3674;8152;8150;8374;9636;42221;50896;9507;9536;43231;43227;43226;43229	9081	9154	8946	8811	9157	9157.5	9159	9160.5	3312	8934.5	4231	7618	1352	5751	6286.5	9119	8250.5	6505.5	2696.5	9136	2890	2213.5	8026.5	9153	122952.5	6.147.625
ORTHO011456	unknown protein	AT2G41760	5575;16811;16810;16787;3824;3674;8152;8150	9082	8493	9101.5	9121	8471	6313	8945.5	8212.5	4323	7862.5	7734.5	8835.5	6316	6292	7258.5	8660.5	6982.5	1114.5	7901.5	6860	7672.5	7038.5	8115.5	8367.5	134806	6740.3
ORTHO010296	gamete expressed 2	AT5G49150	5887;31226;44459;44464;5575;5623;44425;16020;5886;71944;31224;16021;48235;44702;22414;8150;44699;3006;32502;30154;48869;44767;44763;9987;22412;32504;3;32501;55046;44707;9555;48229;7275;48856;48232;7276;48609;19953;44703;51704;3674	9083	8659	7725	6367	8619	5773	8571.5	4281	4253	8006.5	5973.5	5489.5	4738	906.5	1677.5	8358	8779.5	1051.5	3104	5189.5	4519	1154	7244	8258.5	97328	4866.4
ORTHO010953	unknown protein	AT2G01755	9507;9536;43231;43227;43226;5575;43229;44424;44464;5623;5622;44444;5737;8150;3674	9084	8661	8902.5	8721	8619	9030	8793	9078.5	7632	7620	7999	3872	5066	590	2163.5	8925	6409	1114.5	8121	5726.5	8468.5	3026	8247	8595	120476.5	6.023.825
ORTHO010440	GTP-binding protein; HflX	AT5G57960	9507;9536;43231;43227;43226;5575;43229;44424;44464;5623;5622;44444;5737;5525;35639;1901265;1901363;5488;3674;97159;43168;43167;32550;32549;1882;36094;97367;1883;32561;19001;17076;166;32555;32553;43022;43021;44877	9085	8700	6600	4115	8619	5773	5705.5	3021	7978	5214	1483.5	4467	1352	906.5	1812.5	8925	1000	2199.5	7509	2156.5	8534	1613	7404.5	8396	85450.5	4.272.525
ORTHO002238	Serine protease inhibitor (SERPIN) family protein	AT1G47710	10951;10466;45861;30162;51246;80090;19222;50789;65007;8150;60255;32269;32268;31323;50794;31324;48523;48519;9892;51248;10605;51346;43086;44092;65009;50790;51336;52547;52548;4867;4866;30414;61134;30234;98772;3674;4857;61135;4869;5576;5575;48046	9086	9048	8983.5	8881	9043	7987.5	9004	8560.5	2069	5405	9078.5	9089	5066	310.5	4233.5	7360.5	7630.5	398	8421	8832.5	9055.5	4471.5	8708.5	9065.5	124747	6237.35
ORTHO000986	cellulose synthase-like B3	AT2G32530;AT2G32540;AT2G32610;AT2G32620;AT4G15290;AT4G15320	16757;16740;3824;3674;8152;8150;30244;51274;9250;33692;271;5976;5975;71704;44238;43170;16051;44723;44710;44699;1901576;9058;44711;9059;34637;44262;44237;9987;44763;44249;44264;44260;34645;6073;44042;51273;30243;139;98588;31090;16020;5575;44422;43226;43227;44431;44444;44424;44464;5623;5622;5737;44446;43229;5794;43231;12505;16759;46527;16758;71555;45229;16043;71840;71554;16021;31224;44425;16760;35251;8194;48767;60560;48589;44767;32502;40007;9653;48856;48588;16049;48468;48869;30154;80147;48765;10053;90627;10015;48364;48513;48731;7275;44707;32501;22622;90558;9888;48764;48469;21700;10054;5886;71944	9087	9110	8917	8747	9120	8756.5	9133.5	8694	4073.5	7485	6763.5	9138	2794	284	5523	9097	7378	39	8923	4925	8888	1827.5	8405	9033	121160.5	6.058.025
ORTHO003430	Spc97 / Spc98 family of spindle pole body (SBP) component	AT3G43610	5813;5815;44430;44446;44422;5575;43226;44424;44464;5623;5622;43229;5856;43232;43228;15630;5200;5198;3674;5816;922;5819;51298;51297;31023;6996;16043;71840;8150;9987;226;7010;1902589;44763;44699;7017;22402;7049;7098;51415;51418;7020;46785;31109;51258;43623;6461;65003;43933;22607;44085;71822;70271;34622;8274;931;930;44450;44444;5737;43234;32991;43015;15631;8092;5515;5488;7126;280;48285;1903046;51321;3;5634;43231;43227;90307;7052;7051;1903047;278;1902850;7067;51225;70925;923;32155;32153;51011;8017;32403;44877;31122	9088	8916	8464.75	7841.5	8884	7932.5	4341	7762	5355.5	8934.5	8167.5	8702.5	2801	474.5	3721.5	8737.5	4761	318	7482.5	5816	7568	1154	4773	8812	107614.5	5.380.725
ORTHO010778	Protein of unknown function (DUF1350)	AT3G43540	3674;5576;5575;9507;9536;43231;43227;43226;43229;44424;44464;5623;5622;44444;5737;8150	9089	8708	8526.5	7964	8619	6085.5	2703	7588.5	7325.5	7666.5	7999	6998.5	1352	906.5	2163.5	8925	6409	1114.5	6327	7080	8438.5	2923.5	8115.5	8552	108673.5	5.433.675
ORTHO000431_1	pleckstrin homology (PH) domain-containing protein	AT4G17140	5794;43231;43227;43226;5575;43229;44424;44464;5623;5622;44444;5737;12505;5886;16020;71944;5773;9506;5911;30054;55044;8150	9090	9106	5074.5	1059	9096.5	4079	7081	4088	4123.5	8231.5	4988.5	7714	3308.5	138	136.5	8777	2799.5	19	1731.5	2496	3259	41.5	85.5	137	63234.5	3.161.725
ORTHO000261	2-oxoglutarate (2OG) and Fe(II)-dependent oxygenase superfamily protein	AT1G17010;AT1G17020;AT4G25300;AT4G25310	16491;3824;3674;8152;8150;55114;44710;44699;16706;16705;51213;5737;44424;44464;5575;5623;5622;5506;46914;46872;43169;43167;5488;9813;9812;71704;1901576;9058;10260;7568;44767;32502;48513;48856;48731;7275;44707;32501;16682;16679	9091	9172	7740.75	6390.5	9173	9171.5	2190	1361	3659	8934.5	5227	12	1352	8660.5	7999	9176	9084	1322	2809	44	25	8070.5	9177	9178	97452	4872.6
ORTHO008252	S-adenosyl-L-methionine-dependent methyltransferases superfamily protein	AT2G41380	32259;8152;8150;8168;16741;16740;3824;3674;5739;43231;43227;43226;5575;43229;44424;44464;5623;5622;44444;5737;46686;10038;10035;42221;50896	9092	8529	9112	9132	8471	7169.5	7808.5	8296.5	8259	3099	8232.5	8949.5	3718.5	6099.5	7582.5	8660.5	7177	1406.5	8380.5	8125.5	8228.5	7470	8663.5	8595	135922	6796.1
ORTHO000295	terpene synthase 10	AT2G24210;AT3G25810;AT3G25820;AT3G25830;AT4G16730;AT4G16740	9507;9536;43231;43227;43226;5575;43229;44424;44464;5623;5622;44444;5737;9753;9725;9719;50896;8150;10033;42221;1101;1901700;9611;6950;80027;51707;43207;9605;9607;51704;16099;16114;6721;6720;44255;6629;71704;8152;44710;44699;44238;44763;9987;44237;8299;8610;1901576;9058;44711;44249;16098;287;46872;43169;43167;5488;3674;34768;16838;16835;16829;3824;50551;10333;80015;9975;43693;43692;42214;46246;50552;50550;10334;5515;34002;50832;98542;6952;9620;48364;44767;32502;48513;48856;48731;7275;44707;32501;22622;5829;16106;6714;52578;9625	9093	9171	8929	8765	9170	9171.5	550.5	3310.5	3933.5	8934.5	49	9177	1352	8123.5	6590.5	9166.5	9177	9176	9169	234.5	9178	8070.5	6989	9175	121528	6076.4
ORTHO009084	Chaperone DnaJ-domain superfamily protein	AT2G41000	6457;9987;8150;5737;44424;44464;5575;5623;5622;5794;43231;43227;43226;43229;44444;12505;16021;31224;44425;16020	9094	8537	7213.75	5333.5	8471	4291.5	7350	7588.5	5484	7152	5836	7450.5	2868	906.5	1549	8358	4761	499	5272.5	5160	4321	1310	4603.5	6949.5	91710.5	4.585.525
ORTHO000891	beta-1;3-glucanase 3	AT3G57240;AT3G57270;AT4G16260	5576;5575;8810;4553;16798;16787;3824;3674;8152;8150;48046;5618;30312;44464;5623;71944;9617;51707;43207;9605;50896;9607;51704;5975;71704;44238;9817;9814;98542;6952;6950;45087;6955;2376;50832;9620;9651;6970;9628;2215;9624;5774;44437;44444;44424;5622;5737;44446;44422;43226;43229;5773;43231;43227;98588;31090;16020;98805	9095	9128	9077.5	9060	9113	8834	9138.5	8640	5258	5093	8842.5	5464.5	6227	344.5	5523	9111	7777	117.5	9056.5	9009	8798.5	6340.5	8700	9043	131318	6565.9
ORTHO000759	NAD(P)-linked oxidoreductase superfamily protein	AT1G10810;AT1G60680;AT1G60690;AT1G60710;AT1G60730;AT1G60750	16491;3824;3674;8152;8150;55114;44710;44699;4033;16616;16614;5737;44424;44464;5575;5623;5622;9941;9526;31967;31975;44446;44422;43226;43229;43227;44435;44444;9536;43231;44434;9507;5886;16020;71944;5829;46686;10038;10035;42221;50896	9096	9160	9117	9138	9154	9173	9163	9003.5	4429.5	8934.5	8924.5	5347.5	5066	3408	5691.5	9129.5	9158.5	35	9162	7871	9168.5	4612.5	9142.5	9160	136580.5	6.829.025
ORTHO002394	NA	NA	NA	9097	9111	9056.5	9016	9104	8560	9057	8716	7899.5	6139.5	6912.5	9163	5467.5	284	5523	9111	7421.5	42.5	8962.5	6960	8935.5	2608	8485	9102	129350	6467.5
ORTHO001329	binding	AT1G58230	16197;1902582;46907;6810;51234;51179;8150;51649;51641;44765;1902578;44699;5543;8289;5488;3674;43168;43167;12505;44464;5575;5623;7165;50794;50789;65007;51716;9987;50896;7154;44763;44700;23052;19898;44425;16020;5739;43231;43227;43226;43229;44424;5622;44444;5737	9098	8910	8657.5	8217	8884	9080.5	9012.5	8181.5	2729.5	4197	8404	4752.5	2944.5	401	5413.5	7360.5	6549	1051.5	8655.5	5062.5	8228.5	3453.5	7435.5	8420	111333	5566.65
ORTHO001099	Oxidoreductase; zinc-binding dehydrogenase family protein	AT4G13010	5737;44424;44464;5575;5623;5622;9535;55035;42651;34357;16020;44436;9579;44435;44444;44446;44422;43226;43229;9536;43231;43227;31976;31984;44434;9507;9534;55114;44710;8152;8150;44699;9706;9528;19866;31090;31967;31975;42170;9526;31969;9941;5773;5886;71944;8270;46914;46872;43169;43167;5488;3674;16491;3824	9099	8838	8927	8755	8849	8345	9035.5	8279.5	5851.5	7584	8450	8905	3059	401	5718	8925	6409	985	2122.5	7138.5	8400	4612.5	8115.5	8998.5	121335	6066.75
ORTHO000469	lipid transfer protein 2	AT2G38530;AT2G38540;AT5G59310;AT5G59320	5794;43231;43227;43226;5575;43229;44424;44464;5623;5622;44444;5737;12505;6649;15914;6869;44765;6810;51234;51179;8150;1902578;44699;71702;10876;33036;15748;15711;6820;6811;44802;61024;16043;71840;9987;44763;8289;5488;3674;12501;8219;16265;5768;5802;98791;44431;44446;44422;31984;9414;9415;9628;50896;1101;42221;10035;1901700;6950;5576;5886;16020;71944;71555;45229;71554;9534;31976;9579;44435;9536;44434;9507;48046;9505;5618;30312;5516;5515;9737;9725;9719;10033;33993;97305;9651;6970	9100	9079	8780.5	8461	9065	7482.5	9135.5	8212.5	4073.5	6422.5	8537.5	9106.5	2831	338.5	4842.5	8925	45.5	134	8791.5	8025.5	8580	4067	6467.5	9072	115090.5	5.754.525
ORTHO009516	Pentatricopeptide repeat (PPR) superfamily protein	AT5G43822	8150;5739;43231;43227;43226;5575;43229;44424;44464;5623;5622;44444;5737;3674	9101	8604	4662.5	224	8471	4372.5	1393	3939	4028	5732.5	5087	1323.5	3808.5	138	136.5	3273.5	2759	85.5	1311	2496	3045	54.5	365	819.5	44167.5	2.208.375
ORTHO007109	ARM repeat superfamily protein	AT3G17340	5634;43231;43227;43226;5575;43229;44424;44464;5623;5622;8565;22892;5215;3674;6810;51234;51179;8150;15031;45184;8104;33036;71702;5643;44428;44446;44422;5635;31967;31975;12505;5737;6886;46907;51649;51641;34613;70727;59;43623;6461;65003;43933;16043;71840;9987;22607;44085;71822;70271;34622;6606;17038;44765;1902578;44699;34504;33365;1902580;1902593;1902582;51170;6913;16482;51169;72594;44744;6605;8536;17016;31267;51020;19899;5515;5488	9102	8931	8798	8494	8884	7008.5	2528	9099	6493	8231.5	8314	8818.5	2881	401	5034.5	8737.5	8695.5	227	8559.5	6322.5	8083.5	1827.5	5541.5	8942.5	115746	5787.3
ORTHO005926	NDR1/HIN1-like 8	AT1G32340	32436;1901800;1903052;1903050;1903362;31329;9894;19222;50789;65007;8150;31323;50794;42176;51246;80090;60255;32268;30162;1903364;32270;31325;9893;48518;48522;51247;10604;31331;9896;45732;45862;61136;32434;42787;16567;32446;70647;6464;36211;19538;43170;71704;8152;44238;43412;44267;44260;44237;9987;6511;19941;51603;6508;44257;30163;9057;1901575;9056;44265;44248;43632;151;1990234;1902494;43234;32991;5575;44424;44464;5623;5622;209;31624;44390;19899;5515;5488;3674;5737;8270;46914;46872;43169;43167;61630;4842;19787;16740;3824;61659;5634;43231;43227;43226;43229	9103	8898	8043.5	6984	8950.5	9083	8661.5	9014	7748	8319	8404	8482.5	4328	906.5	2910	8804.5	1048	307	3792	6754	4321	1045	3438.5	3841	101207.5	5.060.375
ORTHO010543	NA	NA	NA	9104	8779	9132	9160	8678	8470.5	9040.5	8545.5	8359.5	5964.5	8871	7237	7498	6542.5	6035	8783.5	7582.5	4326.5	2249	5816	8967.5	8658.5	8869	8986	140802.5	7.040.125
ORTHO011367	unknown protein	AT3G07150	5575;8150;3674	9105	8843	8833	8561	8849	5974	2703	7588.5	4645.5	8118.5	7999	8888.5	3033.5	401	5718	8925	8818.5	1114.5	8059	7080	8400	2763	8115.5	8552	116897	5844.85
ORTHO010779	Protein of unknown function (DUF1997)	AT4G31115	5634;43231;43227;43226;5575;43229;44424;44464;5623;5622	9106	8818	8910.5	8715	8820	5799	8902.5	8028.5	3826	7441.5	95.5	6819	1352	6076	8240.5	9043.5	6692.5	3750.5	8447.5	5126.5	8663	4709	8499.5	8795.5	120308	6015.4
ORTHO009109	zinc finger (C3HC4-type RING finger) family protein / BRCT domain-containing protein	AT1G67180	5634;43231;43227;43226;5575;43229;44424;44464;5623;5622;8270;46914;46872;43169;43167;5488;3674	9107	8709	8671.5	8236	8619	5974	4885.5	7588.5	4865	6235	7999	8905	5066	590	2163.5	8925	6409	1114.5	8059	5002	8400	2763	8115.5	8552	111611.5	5.580.575
ORTHO009792	HXXXD-type acyl-transferase family protein	AT1G28680	16747;16746;16740;3824;3674;8152;8150;5737;44424;44464;5575;5623;5622	9108	8788	6249.5	3391	8678	4155	7132.5	3276	3068.5	8934.5	4225	6756	2789	6027	2163.5	9043.5	9140.5	4809.5	2189.5	1811	92	274	456	5041.5	81384.5	4.069.225
ORTHO010125	NAD(P)-binding Rossmann-fold superfamily protein	AT4G33360	5774;44437;44444;44424;44464;5575;5623;5622;5737;44446;44422;43226;43229;5773;43231;43227;98588;31090;16020;98805;47886;16616;16614;16491;3824;3674;8152;8150;55114;44710;44699;5886;71944;5783;12505;16487;34308;6066;1901615;71704;44281;6714;6721;6720;44255;6629;44238;44763;9987;44237;16093;9788;9968;9966;10646;50794;50789;65007;48583;23051;48585;48519;10648;48523;23057;1901420;1901419;9787;5634;50662;48037;5488	9109	8790	7214	5319	8808.5	5722.5	5238	4462	4865	7830	2290	8855.5	1352	1184.5	5661	8925	8766.5	1360.5	8031	3146	2150	703.5	2642.5	8420	91605.5	4.580.275
ORTHO011425	Mitochondrial substrate carrier family protein	AT1G74240	55085;44763;9987;8150;44699;44765;6810;51234;51179;1902578;5743;19866;31090;16020;5575;44422;43226;43227;44424;44464;5623;5622;31967;31975;44446;43229;31966;44429;44444;5737;5739;43231;5740;6839;1902582;46907;51649;51641;16021;31224;44425	9110	8852	8668	8226	8849	5722.5	7250	7527.5	3198	8535.5	7886	4086	4555.5	401	5596.5	8925	6208.5	1051.5	7862.5	6555.5	8083.5	2017.5	7554.5	8456	111473	5573.65
ORTHO007553	FUNCTIONS IN: molecular_function unknown	AT3G18790	71020;5681;44428;44446;44422;5575;43226;44424;44464;5623;5622;43229;5634;43231;43227;30529;32991;389;6376;22618;71826;43933;16043;71840;8150;9987;34622;65003;22607;44085;22613;245;398;6397;16071;16070;44260;43170;71704;8152;44237;90304;6139;46483;6725;1901360;34641;6807;44238;6396;10467;377;375;8380;71014;71012;5829;44444;5737;9507;9536;384;3824;3674;71013;350;393;974;43234	9111	8734	8843.5	8576	8745.5	2557.5	4856.5	8619.5	8564	4556	7734.5	7392	1352	7536	7323.5	8822	7267.5	1311.5	7901.5	8905.5	6696	7061.5	4251.5	4484	117192.5	5.859.625
ORTHO010252	unknown protein	AT5G17460	3674	9112	8815	6682	4252	8820	4155	5504	4734	3392	8934.5	6343	7246.5	1352	1321.5	3265	8925	3891.5	1322	5589.5	3638.5	2224.5	710	4887	8718	86153.5	4.307.675
ORTHO010785	Tetratricopeptide repeat (TPR)-like superfamily protein	AT3G53170	5730;44428;44446;44422;5575;43226;44424;44464;5623;5622;43229;5634;43231;43227;43232;43228;31981;70013;43233;31974;3674;5739;44444;5737	9113	8816	8941.5	8770	8820	6184	8945.5	8064.5	8178.5	6856.5	3792.5	5489.5	1352	6088.5	8359	9043.5	8779.5	1450	8485.5	4527	8580	4067	4632	8763	121638	6081.9
ORTHO011221	CAP (Cysteine-rich secretory proteins; Antigen 5; and Pathogenesis-related 1 protein) superfamily protein	AT4G25780	5576;5575;3674;8150	9114	8851	4741.5	369	8849	5319	1358	4009	4045.5	6756.5	5028.5	1323.5	3767	138	136.5	6020.5	2810.5	102.5	1290	2665	3079.5	57.5	793.5	780.5	49481	2474.05
ORTHO003081	nuclear RNA polymerase D1B	AT2G40030	419;55029;44428;44446;44422;5575;43226;44424;44464;5623;5622;43229;5634;43231;43227;428;30880;61695;1990234;1902494;43234;32991;9308;1901564;71704;8152;8150;6807;1055;3899;34062;16779;16772;16740;3824;3674;32774;9059;43170;1901576;9058;16070;44260;44237;9987;90304;6139;46483;6725;1901360;34641;44238;34654;19438;44249;44271;18130;1901362;6366;6351;34645;97659;10467;5665;44451;5654;31981;70013;43233;31974;16591;418;6306;43414;32259;43412;6305;6304;6259;44728;40029;10468;60255;19222;50789;65007;46872;43169;43167;5488;30422;70918;31050;6396;44763;44699;44710;71359;71407;14070;10033;42221;50896;71310;70887;51716;43331;1901698;1901699;31047;16458;10629;10605;9892;48519;16246;35194;16441;10608;5515;5730;43232;43228;3677;3676;1901363;97159;16604	9115	8890	8272	7429	8884	5432.5	8738.5	8348	2202	6621	8404	8804.5	4398	401	5254.5	8925	6925.5	445.5	9031	4258.5	3001	1358.5	3487.5	8367.5	104404	5220.2
ORTHO010657	Encodes SSN2 (suppressor of sni1 2); a suppressor of SNI1 (AT4G18470).  SSN2 contains a SWIM (SWI2/SNF2 and MuDR) domain found in a variety of prokaryotic and eukaryotic proteins.  Involved in plant immune response and homologous recombination.	AT4G33925	5634;43231;43227;43226;5575;43229;44424;44464;5623;5622;724;725;6281;6259;44260;43170;71704;8152;8150;44237;9987;90304;6139;46483;6725;1901360;34641;6807;44238;6974;33554;51716;50896;6950;44763;44699;44710;6310;6302;42742;9617;51707;43207;9605;9607;51704;98542;6952;44212;975;3677;3676;1901363;5488;3674;97159;1067	9116	8871	9125	9134	8884	6966	8945.5	9154	5028	3801.5	3596.5	9051.5	6456	6332.5	8404	9043.5	7299	1568.5	9023	8675.5	8711.5	6377.5	8609.5	9078.5	136122	6806.1
ORTHO000375_1	Sucrose-phosphate synthase family protein	AT4G10120	46524;35251;46527;16758;16757;16740;3824;3674;8152;8150;8194;5634;43231;43227;43226;5575;43229;44424;44464;5623;5622;5986;5985;5984;44262;5975;71704;44238;44237;9987;9311;44723;44710;44699;44763;46351;34637;16051;1901576;9058;44711;44249;9312;16157;5886;16020;71944	9117	8824	8120.5	7124	8835.5	4219.5	8427.5	8256	5258	8647.5	3971	8507.5	2816	1184.5	3721.5	8925	4998.5	949.5	6785	5887	6578.5	774.5	4632	7721.5	102260.5	5.113.025
ORTHO011142	Cyclophilin-like peptidyl-prolyl cis-trans isomerase family protein	AT1G01940	413;18208;18193;6464;36211;19538;43170;71704;8152;8150;44238;43412;44267;44260;44237;9987;5634;43231;43227;43226;5575;43229;44424;44464;5623;5622;5737;6457;42277;33218;5488;3674;3755;16859;16853;3824	9118	8678	8095.5	7073	8619	1926	8793	7762	7046.5	2551	7999	3835.5	5066	590	2163.5	8925	6648.5	1114.5	8121	5781.5	8468.5	1695	4806.5	8595	101888	5094.4
ORTHO007511	DNA glycosylase superfamily protein	AT3G07930	6281;6259;44260;43170;71704;8152;8150;44237;9987;90304;6139;46483;6725;1901360;34641;6807;44238;6974;33554;51716;50896;6950;44763;44699;44710;6284;5634;43231;43227;43226;5575;43229;44424;44464;5623;5622;16787;3824;3674	9119	8765	8467	7815	8678	5722.5	7250	8414.5	5754	4385	7886	4059.5	4865.5	906.5	5596.5	8925	6692.5	1114.5	7950	6754	8663	822	3149	8420	107330	5366.5
ORTHO002670	Tetratricopeptide repeat (TPR)-like superfamily protein	AT1G43980;AT3G26540	8150;5739;43231;43227;43226;5575;43229;44424;44464;5623;5622;44444;5737	9120	8986	4735	350	8915	3178.5	6523.5	3441.5	3649	8934.5	4137	4841.5	2754	138	136.5	3290	3086.5	1669.5	1141	518	1426	27	92	164	49148	2457.4
ORTHO007095	D-isomer specific 2-hydroxyacid dehydrogenase family protein	AT1G72190	9070;1901607;1901605;6520;1901564;71704;8152;8150;6807;19752;43436;6082;44281;44710;44699;44763;9987;44237;44238;8652;46394;16053;44283;44711;9058;1901576;44249;1901566;9069;5739;43231;43227;43226;5575;43229;44424;44464;5623;5622;44444;5737;4617;16616;16614;16491;3824;3674;55114	9121	8682	8220.5	7320	8730.5	6085.5	9085.5	8495	3554	8319	1312.5	8547	5338.5	6247	6791	5325.5	1703	6029.5	8031	3418	3011	5376	2757.5	4091.5	103518	5175.9
ORTHO000686	xyloglucan endotransglycosylase 6	AT4G25810;AT5G57550;AT5G57560	4553;16798;16787;3824;3674;8152;8150;10411;6073;44042;5976;5975;71704;44238;43170;44264;44260;44237;9987;44262;10410;10383;44036;71554;71555;45229;16043;71840;5576;5575;5618;30312;44464;5623;71944;16762;16758;16757;16740;5794;43231;43227;43226;43229;44424;5622;44444;5737;12505;48046;42546;44085;9832;71669;9409;9266;9628;50896;6950;9408;9741;9725;9719;10033;42221;14070;33993;97305;1901700;10583;9733;9507;9536;9664;9612;9605	9122	9026	8771.5	8421	8849	8700	6542.5	8575	8541.5	5847	4285.5	9123.5	1352	5952.5	7548.5	8737.5	7158.5	490	8830	824	8350.5	2837	4434.5	6161.5	114291.5	5.714.575
ORTHO002603	B-block binding subunit of TFIIIC	AT1G17450;AT1G58766;AT1G59077;AT1G59453	5634;43231;43227;43226;5575;43229;44424;44464;5623;5622;3677;3676;1901363;5488;3674;97159;8150;5739;44444;5737	9123	8736	8952.5	8782	8678	8796	7141.5	7762	3046	5050	8651	7421.5	5066	6027	7162	8783.5	6298	5221.5	3597	3061	8323	3955.5	8115.5	8456	121934	6096.7
ORTHO001987	Stigma-specific Stig1 family protein	AT1G11925	3674;8150;5576;5575	9124	8944	8642	8160	8884	8756.5	9023.5	8381.5	5754	3992	7734.5	8921.5	2949	401	5413.5	8925	6208.5	182.5	1271.5	4630.5	8228.5	3453.5	7435.5	9065.5	110728	5536.4
ORTHO011195	nicotinamidase 3	AT5G23220;AT5G23230	8152;8150;19363;9108;51188;51186;44237;9987;44249;9058;6732;9165;1901293;90407;19637;71704;6793;1901576;6753;55086;6139;46483;6725;1901360;34641;6807;44238;44281;44710;44699;44763;6796;34654;19438;44271;18130;1901362;44711;9117;19362;6733;72524;1901564;72525;1901566;8936;16811;16810;16787;3824;3674;5575;19674;46496	9125	8701	5571	2017	8619	838.5	6478	4462	3152	8934.5	4069.5	7102	3098	906.5	2023.5	8925	1914	1051.5	241.5	794.5	8400	642	1181	8456	72670	3633.5
ORTHO010908	DNA binding	AT1G26330	5634;43231;43227;43226;5575;43229;44424;44464;5623;5622;8150	9126	8866	8622	8118	8884	5904	2528	7588.5	4865	5169.5	7999	6981	4793	401	5718	8925	6409	1114.5	8059	7080	8350.5	1778.5	8070	8552	110285.5	5.514.275
ORTHO002766	methyl esterase 3	AT2G23610;AT2G23620	80031;52689;16788;16787;3824;3674;8152;8150;5737;44424;44464;5575;5623;5622;9696;42537;6725;44237;9987;1901360;71704;18958;1901615;32787;19752;43436;6082;44281;44710;44699;44763;33473;9683;9850;42445;10817;65008;65007;42430;46483;34641;6807;1901564;34754;80030;9694;6952;6950;50896;80032;9627;9814;98542;51707;43207;9605;9607;51704;45087;6955;2376;9817;50832;9620	9127	8748	8931	8735	8802.5	7977	8843	8476.5	5144	4009	8232.5	8989	5195	590	2163.5	8358	6722.5	1260.5	8310	7576.5	8663	3111.5	8455.5	8697.5	120774.5	6.038.725
ORTHO011187	Protein of unknown function (DUF177)	AT3G19800	3674;5634;43231;43227;43226;5575;43229;44424;44464;5623;5622;8150	9128	8718	8151	7174	8619	6085.5	8759	3181	5484	5255	7886	4059.5	3133	906.5	5873.5	9043.5	6925.5	1180.5	7509	5672	8264.5	1090.5	3726	8552	102586.5	5.129.325
ORTHO010264	FAD-dependent oxidoreductase family protein	AT2G22650	55114;44710;8152;8150;44699;16491;3824;3674;9507;9536;43231;43227;43226;5575;43229;44424;44464;5623;5622;44444;5737	9129	8900	8622.5	8116	8884	5684	8691	7527.5	5355.5	3610	7734.5	4059.5	4444	401	5413.5	8925	6549	1051.5	7792.5	6467.5	8228.5	1910	7486	8942.5	110273	5513.65
ORTHO000687	basic pathogenesis-related protein 1	AT2G14580;AT2G14610;AT4G33720	9751;14070;10033;42221;50896;8150;1101;1901700;9753;9725;9719;3674;5576;5575;9723;9814;98542;6952;6950;51707;43207;9605;9607;51704;45087;6955;2376;9617;9611;80027;9627;9414;9415;9628;10035;5618;30312;44464;5623;71944;10266;33273;7584;31667;9991;10243;1901698;48046	9130	9018	8563.5	7997	9033	1839.5	9023.5	8028.5	4387	8934.5	4420.5	6929	3111	6369.5	7764	8783.5	1650.5	7273.5	7197.5	7647	3097	710	2730.5	9096.5	108993	5449.65
ORTHO000399_2	FAD/NAD(P)-binding oxidoreductase family protein	AT3G24200	71949;50660;50662;48037;5488;3674;43168;43167;166;36094;1901265;1901363;97159;5739;43231;43227;43226;5575;43229;44424;44464;5623;5622;44444;5737;4497;16491;3824;8152;8150;55114;44710;44699	9131	8756	8775.5	8420	8678	6679.5	8793	7637	4645.5	4610	8095	6961.5	3216	590	2163.5	8925	6648.5	1281.5	7792.5	7498.5	8711.5	3026	8372.5	8631	114278	5713.9
ORTHO004951	TRICHOME BIREFRINGENCE-LIKE 6	AT3G62390	16413;16407;16747;16746;16740;3824;3674;8152;8150;8374;5794;43231;43227;43226;5575;43229;44424;44464;5623;5622;44444;5737;12505;71554;9987	9132	8827	7756.25	6380.5	8835.5	4218	5370	8677.5	4586.5	8118.5	6543	6300	4492.5	1184.5	3721.5	8925	4998.5	1450	7482.5	3850	2908	914	5902.5	7768	97410.5	4.870.525
ORTHO007516	Protein kinase superfamily protein	AT1G65950	16310;6796;6793;44237;8152;8150;9987;5576;5575;16301;16772;16740;3824;3674	9133	8841	8715	8297	8849	3059.5	7137	8233.5	3695.5	8535.5	8701	8763	1352	6292	7999	9043.5	5365	8128	8406.5	3184	2650	1045	3349.5	7453	112392.5	5.619.625
ORTHO010897	endonuclease V family protein	AT4G31150	5737;44424;44464;5575;5623;5622;4519;4518;16788;16787;3824;3674;8152;8150;90305;90304;6139;46483;44237;9987;6725;1901360;71704;34641;6807;44238;43170;6281;6259;44260;6974;33554;51716;50896;6950;44763;44699;44710	9134	8778	8964.5	8795	8805.5	5974	8793	7588.5	4865	6988	7886	8888.5	5066	590	5718	8925	7721	1114.5	8059	7080	8350.5	2677	7554.5	8552	122390.5	6.119.525
ORTHO001427	unknown protein	AT4G39420	5575;8150	9135	9025	8749	8363	9043	8152	9171	3291	2666	8231.5	8606.5	6883.5	1352	6027	2702.5	7782	1048	1406.5	9154	2206.5	8534	8121.5	8896.5	9142.5	113374.5	5.668.725
ORTHO010860	RAS associated with diabetes protein 51C	AT2G45280	6281;6259;44260;43170;71704;8152;8150;44237;9987;90304;6139;46483;6725;1901360;34641;6807;44238;6974;33554;51716;50896;6950;44763;44699;44710;3677;3676;1901363;5488;3674;97159;5634;43231;43227;43226;5575;43229;44424;44464;5623;5622;724;725;6310;6302;5524;35639;1901265;43168;43167;32559;30554;17076;166;36094;32555;32553;97367;32550;32549;1882;1883;7131;35825;1903046;22402;7049;51321;3;7127;7126;280;48285;6996;16043;71840;1902589;3684;16444;7140;7143;5515;45003;3697;43566;150;3824;8094;42623;16887;17111;16462;16818;16817;16787	9136	8998	8942	8748	9010.5	7278	8843	8395.5	4788.5	4759	8404	8921.5	3070	1321.5	5661	8737.5	7542.5	276.5	8683	6322.5	8228.5	3503.5	7486	8942.5	121164.5	6.058.225
ORTHO011375	Calcineurin-like metallo-phosphoesterase superfamily protein	AT4G30993	9507;9536;43231;43227;43226;5575;43229;44424;44464;5623;5622;44444;5737;8150;3674	9137	8787	4770.5	404	8808.5	5319	1377.5	4009	4123.5	5938	147	7658	3865.5	138	136.5	6020.5	2810.5	102.5	1290	2665	3074.5	57.5	779	780.5	50292	2514.6
ORTHO001089	MATE efflux family protein	AT3G23550;AT3G23560	5215;3674;6810;51234;51179;8150;16020;5575;6855;15893;44765;1902578;44699;42493;42221;50896;55085;44763;9987;16021;31224;44425;5886;44464;5623;71944;15238;22857;90484;15297;15291;22804;9636	9138	9050	7008	4878	9085	808	1457	8994	3554	8934.5	3461	7633	2790.5	6332.5	5817	8126.5	9120	7273.5	2952.5	1724	2621	889.5	2764	4174.5	89427	4471.35
ORTHO001616	SPFH/Band 7/PHB domain-containing membrane-associated protein family	AT5G25250;AT5G25260;AT5G64870	5886;16020;5575;44464;5623;71944;5774;44437;44444;44424;5622;5737;44446;44422;43226;43229;5773;43231;43227;98588;31090;98805;5901;44853;45121;98589;44425;98590;44459;10324;61024;16043;71840;8150;9987;71456;36294;36293;70482;9628;50896;71453;70887;42221;51716;1666;6950;33554;3674;9506;5911;30054;55044;5768;12505;6897;16192;6810;51234;51179	9139	9116	8964	8789	9121	8382	9138.5	9153	4483.5	8934.5	6763.5	9133.5	4865.5	277.5	5034.5	9111	7354	117.5	8900	2765	8873.5	1656	8348.5	8828.5	122120	6106
ORTHO004079	heteroglycan glucosidase 1	AT3G23640	30246;5488;3674;4553;16798;16787;3824;8152;8150;9507;9536;43231;43227;43226;5575;43229;44424;44464;5623;5622;44444;5737;5975;71704;44238;5634	9140	8797	7769	6398	8678	2897	7298.5	8453.5	2611.5	6112	8095	8958.5	5066	590	2163.5	8737.5	1155.5	307	8217.5	4297.5	8534	1310	3717	9004.5	97526	4876.3
ORTHO004112	Zinc finger; C3HC4 type (RING finger) family protein	AT5G23110	5737;44424;44464;5575;5623;5622;8270;46914;46872;43169;43167;5488;3674;9506;5911;30054;55044	9141	8849	8775	8409	8849	7324.5	8704	8181.5	5754	7916.5	7886	2230.5	4555.5	401	5034.5	8925	6208.5	1051.5	8683	6322.5	8083.5	1466	6326.5	8957	114011.5	5.700.575
ORTHO002279	protein kinase family protein	AT3G59410	5524;35639;1901265;1901363;5488;3674;97159;43168;43167;32559;30554;17076;166;36094;32555;32553;97367;32550;32549;1882;1883;4694;4674;4672;16301;16772;16740;3824;8152;8150;16310;6796;6793;44237;9987;16773;6468;6464;36211;19538;43170;71704;44238;43412;44267;44260;10998;43558;6446;6417;10608;10468;60255;19222;50789;65007;32268;51246;80090;31323;50794;34248;51171;2000112;31326;9889;10556;43555;33554;51716;50896;6950;44763;44699;44710;49;3723;3676;5634;43231;43227;43226;5575;43229;44424;44464;5623;5622;18105;18209;18193;6521;10565;33238;4812;16876;16875;16874	9142	9023	7577.5	6013	9035	3184	5944	9014	8331	8934.5	1414	5741.5	5338.5	4206	3721.5	7360.5	5329.5	148.5	1486.5	3528.5	7568	543.5	4748	8795.5	95337.5	4.766.875
ORTHO011427	unknown protein	AT3G09310	5634;43231;43227;43226;5575;43229;44424;44464;5623;5622;8150;3674	9143	8805	9093.5	9044	8820	6898	4835.5	8148	7183.5	5408	8675.5	9048	6316	6076	8404	9043.5	7137.5	1538.5	8625.5	6240	3074.5	6266	8585	8857.5	130360.5	6.518.025
ORTHO002107	BEST Arabidopsis thaliana protein match is: SWITCH1 (TAIR:AT5G51330.1)	AT5G23610	8150;5634;43231;43227;43226;5575;43229;44424;44464;5623;5622	9144	8972	8989	8834	8884	7583.5	8889.5	8212.5	5851.5	5834	8404	8970	4398	401	5661	8737.5	6648.5	355.5	8152.5	6322.5	8300	3955.5	7729.5	9072	123478.5	6.173.925
ORTHO005236	UDP-3-O-acyl N-acetylglycosamine deacetylase family protein	AT1G24793;AT1G24880;AT1G25054;AT1G25145;AT1G25210	9507;9536;43231;43227;43226;5575;43229;44424;44464;5623;5622;44444;5737;2001289;19637;71704;8152;8150;6793;44237;9987;6040;1901135;6796;8759;16811;16810;16787;3824;3674;19213;5739;9245;1901271;9312;9311;44723;5975;44238;44710;44699;16051;1901576;9058;44711;1901137;1901269;46493;6644;44255;6629;44763;6664;1903509;6643;9247;46467;8610;44249;8654;90407	9145	9094	8950.5	8756	9099	8571.5	9004	8528	6584	3809	7886	9123.5	2829	328.5	5761.5	9139.5	7922.5	142.5	9064	4444	9075	2433.5	7554.5	9136	121336.5	6.066.825
ORTHO001314	2-oxoglutarate (2OG) and Fe(II)-dependent oxygenase superfamily protein	AT1G49390;AT5G20400;AT5G20550;AT5G54000	16706;16705;16491;3824;3674;8152;8150;55114;44710;44699;51213;46872;43169;43167;5488;5737;44424;44464;5575;5623;5622;9813;9812;71704;1901576;9058;5829;44444	9146	9138	8935.5	8725	9138	3059.5	6855	8366.5	3450	8934.5	3366.5	9156	6227	6369.5	7999	8830	9145	9145	8593.5	9125.5	1568.5	263	947.5	9137.5	120539	6026.95
ORTHO004119	double-stranded-RNA-binding protein 4	AT3G62800	5515;5488;3674;5737;44424;44464;5575;5623;5622;16032;44764;51704;8150;9987;44403;44419;70919;70918;31050;6396;16070;44260;43170;71704;8152;44237;90304;6139;46483;6725;1901360;34641;6807;44238;10467;44763;44699;44710;71359;71407;14070;10033;42221;50896;71310;70887;51716;43331;1901698;1901699;31047;16458;10629;10605;9892;48519;50789;65007;19222;60255;10468;31048;6342;45814;40029;45892;1903507;1903506;2001141;31326;9889;31323;50794;51252;19219;80090;51171;10556;1902679;51253;45934;51172;31324;48523;31327;9890;10558;6355;2000112;2000113;3725;3723;3676;1901363;97159;35196;35195;35194;16441;10608;60145;9616;51607;2252;2376;9615;51707;43207;9605;9607;98542;6952;6950;98586;45087;6955;52018;44003;51817;35821;65008;51701;52249;5634;43231;43227;43226;43229;10267;30422;16246	9147	9070	9057.5	8968	9061.5	7543.5	9110	8509	5258	8231.5	9078.5	6797	4955.5	328.5	3721.5	9139.5	7513	182.5	8979	8478	8990	2837	8737	9081.5	127470.5	6.373.525
ORTHO010902	unknown protein	AT1G48200	5739;43231;43227;43226;5575;43229;44424;44464;5623;5622;44444;5737;9507;9536;3674;8150	9148	8829	8779	8410	8713	5773	2703	7527.5	6823.5	6259.5	7886	8855.5	4865.5	590	5661	8925	5962.5	276.5	7950	6754	8228.5	2608	7667.5	8697.5	114014	5700.7
ORTHO001825	ACD1-like	AT4G25650	9941;9526;31967;31975;44464;5575;5623;44446;44422;43226;44424;5622;43229;43227;44435;44444;5737;9536;43231;44434;9507;9706;9528;19866;31090;16020;42170;31969;51537;51536;51540;5488;3674;55114;44710;8152;8150;44699;46872;43169;43167;9055;15031;45184;51234;51179;8104;33036;71702;6810;10277;16703;16701;16491;3824;4497;16021;31224;44425	9149	8956	8849.5	8550	8884	3818.5	8994.5	8212.5	5754	8934.5	9078.5	5903.5	4677	6247	7885	8783.5	7922.5	355.5	2136.5	6397	3115	3955.5	5497.5	9050	116718	5835.9
ORTHO000767	glutathione S-transferase TAU 24	AT1G17170;AT1G17180;AT1G78340;AT1G78380	46256;46260;46263;72491;19439;6725;44237;8152;8150;9987;44248;9056;72490;42537;1901360;71704;1901361;1901575;19326;6807;18973;18974;4364;16765;16740;3824;3674;9407;90487;44712;44710;44699;19748;9404;44763;5737;44424;44464;5575;5623;5622;6749;6518;43603;34641;1901564;6790;6575;43295;72341;5488;1901681;1900750;42277;33218;43168;43167;5634;43231;43227;43226;43229;5829;44444;46686;10038;10035;42221;50896;9570;9532;44435;44446;44422;9536;44434;9507;5886;16020;71944;5774;44437;5773;98588;31090;98805;42631;31668;51716;71496;9605;7154;9991;71462;71214;9628;9415;1101;1901700;71229;70887;1901701;9414;6950;33554;6979	9150	9073	8916.5	8683	9028.5	7468.5	8975	8181.5	4483.5	7377.5	8537.5	6861.5	2846.5	460.5	4124.5	9104	7051	134	8791.5	8661.5	8438.5	2837	6538.5	8697.5	119570	5978.5
ORTHO002796	Membrane insertion protein; OxaA/YidC with tetratricopeptide repeat domain	AT1G65080;AT3G44370	9535;55035;42651;34357;16020;5575;44436;44424;44464;5623;5622;9579;44435;44444;5737;44446;44422;43226;43229;9536;43231;43227;31976;31984;44434;9507;9534;51205;90150;45184;51234;51179;8150;8104;33036;72657;44802;61024;16043;71840;9987;44763;44699;1902580;51641;1902578;34613;70727;16021;31224;44425;5743;19866;31090;31967;31975;31966;44429;5739;5740	9151	8839	8859	8567	8713	3080.5	6840	7372.5	2301	8934.5	5281.5	9082.5	3501.5	6292	5836.5	9043.5	8818.5	8920.5	9087	3085	9064.5	476.5	1361	8649.5	117028.5	5.851.425
ORTHO002017	organic cation/carnitine transporter 3	AT1G16390;AT1G79360	16021;31224;44425;5575;16020;22891;22857;5215;3674;6810;51234;51179;8150;55085;44763;9987;44699;44765;1902578;22892;5351;5402;15294;15293;15291;22804;8324;15075;34220;6811;98655;6812;51119;15144;1901476;8643;71702;34219;15295;15992;15672;6818;5886;44464;5623;71944;9705;5774;44437;44444;44424;5622;5737;44446;44422;43226;43229;5773;43231;43227;98588;31090;98805;325;70417;9409;9266;9628;50896;6950;33554;51716	9152	9093	8203	7254	9111.5	2557.5	6745.5	2250	4323	8934.5	220.5	7530	4188	6144.5	5969	9086.5	7240	5368	2899.5	4687	207	8533	8070	8092	103045.5	5.152.275
ORTHO002765	ATPases	AT1G67120	9941;9526;31967;31975;44464;5575;5623;44446;44422;43226;44424;5622;43229;43227;44435;44444;5737;9536;43231;44434;9507;22618;71826;43933;16043;71840;8150;9987;34622;65003;22607;44085;22613;27;42255;70925;6996;42254;42273;5524;35639;1901265;1901363;5488;3674;97159;43168;43167;32559;30554;17076;166;36094;32555;32553;97367;32550;32549;1882;1883;16887;17111;16462;16818;16817;16787;3824;8152;9553;48229;7275;44767;32502;44699;44707;32501;48856;6461;71822;70271;5634;9506;5911;30054;55044	9153	9074	7407.5	5662	9028.5	8345	7872	2250	7831	7722.5	4485.5	7471	4617.5	338.5	4233.5	9104	8038.5	318	7612.5	813	2978	611	396.5	8367.5	93405.5	4.670.275
ORTHO002305	no vein-like	AT1G08300;AT4G13750	3674;8150;5634;43231;43227;43226;5575;43229;44424;44464;5623;5622;9790;44767;32502;44699;48856;7275;44707;32501;5737;9926;60918;9914;10817;65008;65007;44765;6810;51234;51179;1902578;10305;10051;3002;7389;19827;98727;1708;48869;44763;9987;45165;30154;48364;48513;48731;22622	9154	9041	7806.5	6459	8730.5	3489.5	8919	8064.5	5258	8118.5	5873	4991	4206	488.5	1404.5	8925	7649.5	398	299	7986	5422.5	3111.5	5617	7656.5	97877.5	4.893.875
ORTHO000267	Bifunctional inhibitor/lipid-transfer protein/seed storage 2S albumin superfamily protein	AT1G12100;AT1G62510;AT2G45180;AT4G12480;AT4G12490;AT4G12500;AT4G12510;AT4G12520	5576;5575;6869;44765;6810;51234;51179;8150;1902578;44699;71702;10876;33036;8289;5488;3674;9535;55035;42651;34357;16020;44436;44424;44464;5623;5622;9579;44435;44444;5737;44446;44422;43226;43229;9536;43231;43227;31976;31984;44434;9507;9534;6508;19538;43170;71704;8152;44238;8233;16787;3824;9737;9725;9719;50896;10033;42221;33993;97305;1901700;1101;9409;9266;9628;6950;50832;98542;6952;51707;43207;9605;9607;51704;9620;9651;6970;9505;5618;30312;71944	9155	9099	8003.5	6852	8915	8919.5	6855	2647.5	54.5	8934.5	804.5	2038	6513.5	474.5	5661	9078	9053.5	8620	9142	2124.5	7568	774.5	1937.5	9154	100354.5	5.017.725
ORTHO009156	tolB protein-related	AT4G01870	16020;5575;5634;43231;43227;43226;43229;44424;44464;5623;5622;6508;19538;43170;71704;8152;8150;44238;3674	9156	8855	8710.5	8265	8950.5	6643.5	8552.5	8560.5	5619	7350.5	6543	8467	2998.5	590	3521.5	8804.5	7006	1180.5	8435	7498.5	5839	5789.5	4521	3984	111904	5595.2
ORTHO003975	magnesium ion binding	AT1G68890	31969;42170;31090;16020;5575;44422;43226;43227;44435;44444;44424;44464;5623;5622;5737;44446;43229;9536;43231;9526;31967;31975;44434;9507;9941;9063;46395;16054;44282;44712;9056;8152;8150;44710;44699;44281;6082;71704;44763;9987;44237;1901575;44248;19752;43436;1901565;1901564;6807;6520;44238;287;46872;43169;43167;5488;3674;9234;9233;1901661;51186;42180;1901663;9108;51188;44249;9058;6732;42181;44283;44711;1901576;5739;16021;31224;44425;42372;42374;70205;16835;16829;3824;42550;42548;10109;31323;50794;50789;65007;19222;43467;70204;16744;16740;16836;30976;50662;48037;1901363;97159;1901681;43168;19842;36094	9157	9104	9022	8887	9103	8399	8627.5	8536	8792.5	7782	7734.5	9149	6513.5	328.5	5661	9139.5	157	102.5	8995.5	3254	9043.5	4612.5	9037	9124	124989	6249.45
ORTHO007052	DNA replication helicase; putative	AT1G08840	6260;6259;44260;43170;71704;8152;8150;44237;9987;90304;6139;46483;6725;1901360;34641;6807;44238;34645;9059;1901576;9058;44249;9793;44702;22414;44699;3006;32502;9790;44767;48856;7275;44707;32501;48316;48608;61458;48731;9791;10154;5634;43231;43227;43226;5575;43229;44424;44464;5623;5622;43142;8094;42623;16887;17111;16462;16818;16817;16787;3824;3674;33567;6273;6271;22616;6261;16070;17108;48256;4520;4536;4518;16788;90305;4519;16888;16893;4003;3678;4386;32508;32392;71103;51276;6996;16043;71840;8026;70035	9158	8952	8329.5	7501	8984.5	7710.5	2121.5	9078.5	3875	7324	4441	7602.5	6227	7448.5	7518.5	8605.5	5864.5	1494	9019.5	2289	2634.5	2677	1813.5	7161.5	104906	5245.3
ORTHO001401	FAD/NAD(P)-binding oxidoreductase family protein	AT4G38540;AT5G05320	4497;16491;3824;3674;8152;8150;55114;44710;44699;71949;50660;50662;48037;5488;43168;43167;166;36094;1901265;1901363;97159;50832;98542;6952;6950;50896;51707;43207;9605;9607;51704;9620;5739;43231;43227;43226;5575;43229;44424;44464;5623;5622;44444;5737	9159	9123	7588.5	6018	9124	8968.5	8090	7435.5	8053.5	8934.5	8404	5053	1352	138	5873.5	9111	269	117.5	2278	9038.5	3211	124	109	8795.5	95356	4767.8
ORTHO009082	unknown protein	AT2G38695	16020;5575;9507;9536;43231;43227;43226;43229;44424;44464;5623;5622;44444;5737	9160	9052	8984.5	8809	9053	7959	1542	9144	6225	3205.5	8514	7085	1352	7699.5	8593.5	8135.5	7799	330	9060.5	1532.5	9142.5	7441	8993	9115.5	122869	6143.45
ORTHO000708	2-oxoglutarate (2OG) and Fe(II)-dependent oxygenase superfamily protein	AT3G19000;AT3G19010	16706;16705;16491;3824;3674;8152;8150;55114;44710;44699;51213;46872;43169;43167;5488;5737;44424;44464;5575;5623;5622;5506;46914;45431;51555;51553;9813;9812;71704;1901576;9058;51552;42440;46148;44711;1901617;1901615;51554	9161	9132	9006.5	8852	9129	8845.5	9046.5	8805.5	3957.5	4809.5	8798.5	9161	5740	504	5873.5	9153.5	9046.5	355.5	8853.5	8956	8760.5	1310	2696.5	9110	123783.5	6.189.175
ORTHO001027	Dynamin related protein 4C	AT1G60500;AT1G60530	5737;44424;44464;5575;5623;5622;5525;35639;1901265;1901363;5488;3674;97159;43168;43167;32550;32549;1882;36094;97367;1883;32561;19001;17076;166;32555;32553;3924;17111;16462;16818;16817;16787;3824;8152;8150;5874;44430;44446;44422;43226;43229;5856;43232;43228;43234;32991;15630	9162	9137	9145	9128	9139	8930	9159	8842	4551	7722.5	8842.5	9156	6456	344.5	6291	9139.5	8300	129	9156.5	4778	9158.5	6377.5	9151.5	9172	135657	6782.85
ORTHO009649	NA	NA	NA	9163	8929	8628.5	8094	8984.5	7563	8945.5	7588.5	5619	3855.5	5902	8787	4793	590	3721.5	8605.5	4761	433.5	8435	8661.5	6180.5	4471.5	4927.5	6210	110051	5502.55
ORTHO000354	UDP-glucosyl transferase 71B1	AT3G21750;AT3G21760;AT3G21780;AT3G21790;AT3G21800;AT4G15260;AT4G15280	16757;16740;3824;3674;8152;8150;47893;35251;46527;16758;8194;80043;5829;44444;44424;44464;5575;5623;5622;5737;16020;9737;9725;9719;50896;10033;42221;33993;97305;1901700;1101;6970;9628;6950;46345;43290;8300;44242;16042;44712;9056;44710;44699;6629;71704;44238;1901575;44255;44763;9987;44237;44248;6720;43288;46164;1901616;1901615;44282;44281;6066;16107;6714;6721;16115;72329;46395;16054;6082;19752;43436;32787;9687;1902644;9651;10294;9507;9536;43231;43227;43226;43229;80046	9164	9173	9150.5	9137	9171	9136.5	2703	9178	8259	8934.5	9032	1755.5	8605	6601.5	7844	9177	9174.5	26.5	9175	9170	9176	914	8499.5	9171	136532.5	6.826.625
ORTHO011071	Disease resistance-responsive (dirigent-like protein) family protein	AT5G42655	8150;5575;3674	9165	8942	8948	8731	8884	7324.5	8843	8414.5	6823.5	2736.5	8404	8939	4555.5	401	4705.5	8737.5	6549	286	8702.5	7080	8228.5	3503.5	7486	8957	120677	6033.85
ORTHO000950_2	nuclear RNA polymerase C1	AT5G60040	5634;43231;43227;43226;5575;43229;44424;44464;5623;5622;1056;3899;34062;16779;16772;16740;3824;3674;8152;8150;32774;9059;43170;71704;1901576;9058;16070;44260;44237;9987;90304;6139;46483;6725;1901360;34641;6807;44238;34654;19438;44249;44271;18130;1901362;6383;6351;34645;97659;10467;5666;55029;44428;44446;44422;428;30880;61695;1990234;1902494;43234;32991;44451;5654;31981;70013;43233;31974;3677;3676;1901363;5488;97159	9166	8955	7856	6546	8884	8686	5026.5	8348	5619	3147	8167.5	4752.5	4355	401	5034.5	8737.5	6208.5	483	8217.5	5062.5	1166.5	1566.5	4500.5	8980.5	98460	4923
ORTHO006414	DNA LIGASE 6	AT1G66730	3910;3909;16886;16874;3824;3674;8152;8150;6266;6259;44260;43170;71704;44237;9987;90304;6139;46483;6725;1901360;34641;6807;44238;51103;6281;6974;33554;51716;50896;6950;44763;44699;44710;5634;43231;43227;43226;5575;43229;44424;44464;5623;5622;5737;6303;726;6302;6273;6271;22616;6261;6260;34645;9059;1901576;9058;44249;16070;5524;35639;1901265;1901363;5488;97159;43168;43167;32559;30554;17076;166;36094;32555;32553;97367;32550;32549;1882;1883;6310;9845;44707;32501;90351;9791;44767;32502;7275	9167	8962	8285	7403	8884	6784	5303	8922.5	2914.5	8231.5	7886	8804.5	2844.5	401	4462	7360.5	5685	307	8059	6148	3011	1827.5	6365	8901.5	104218	5210.9
ORTHO011167	unknown protein	AT5G49410	3674;5739;43231;43227;43226;5575;43229;44424;44464;5623;5622;44444;5737;8150	9168	8969	8886	8604	8884	7324.5	8876	8414.5	4816.5	4224.5	8404	8970	4617.5	401	5661	8737.5	6955.5	398	8782	6322.5	8228.5	2608	5263	8966	117970.5	5.898.525
ORTHO000763	HXXXD-type acyl-transferase family protein	AT5G07850;AT5G07860;AT5G07870;AT5G42830	16740;3824;3674;8152;8150;16747;16746;5737;44424;44464;5575;5623;5622;5829;44444	9169	9134	9071.5	8974	9130	8240.5	9071	8731.5	5754	5653	7382.5	9150.5	2832.5	277.5	4705.5	9153.5	9033	126.5	9159	8832.5	9163	3311	8163.5	8882.5	127623	6381.15
ORTHO009274	6-phosphogluconate dehydrogenase family protein	AT1G71170;AT1G71180	55114;44710;8152;8150;44699;6098;51156;19637;71704;6793;44237;9987;1901135;6796;6739;46496;19362;6733;6732;51186;9117;6753;55086;6139;46483;6725;1901360;34641;6807;44238;44281;44763;72524;1901564;19682;6081;19693;8442;16616;16614;16491;3824;3674;6574;9083;9081;6520;19752;43436;6082;9063;46395;16054;44282;44712;9056;1901575;44248;1901565;1901606;1901605;6573;5739;43231;43227;43226;5575;43229;44424;44464;5623;5622;44444;5737;4616;51287;50662;48037;5488;166;36094;1901265;1901363;97159;5634	9170	8971	8988	8806	8884	7363.5	8889.5	8428.5	5355.5	4356	8450	8970	4677	401	5661	8737.5	6722.5	445.5	8798.5	6555.5	8300	3955.5	7729.5	8970.5	122767	6138.35
ORTHO001063	Disease resistance-responsive (dirigent-like protein) family protein	AT1G65870;AT5G42500	5576;5575;48046;6952;6950;50896;8150;3674;5618;30312;44464;5623;71944;9807;9806;9698;19748;44710;8152;44699;6725;44237;9987;1901360;71704;44763;9699;19438;44249;9058;1901362;1901576;44550;44711	9171	9021	6712	4253	8932.5	8253.5	9077.5	8348	5754	3372	3749	7450.5	4328	280	3521.5	8825	3448	398	8683	3231	1814.5	1656	3426.5	549.5	86165.5	4.308.275
ORTHO000620	Eukaryotic aspartyl protease family protein	AT1G64830;AT5G33340	5576;5575;6508;19538;43170;71704;8152;8150;44238;30163;9057;1901575;9056;10310;2000377;31323;50794;50789;65007;19222;4190;70001;70011;8233;16787;3824;3674;4175;10337;10565;42742;9617;51707;43207;9605;50896;9607;51704;98542;6952;6950;48046	9172	9057	8480.5	7789	8932.5	7468.5	4971.5	9113	3974.5	4428.5	8314	9110.5	2892	138	5523	9043.5	7582.5	330	9019.5	8675.5	7709	4169	4116	493	107071.5	5.353.575
ORTHO003440	Tetratricopeptide repeat (TPR)-like superfamily protein	AT5G37590	8150;9507;9536;43231;43227;43226;5575;43229;44424;44464;5623;5622;44444;5737	9173	9042	8510	7847	9028.5	7468.5	8945.5	8212.5	8101	5785	8537.5	2937.5	4617.5	488.5	4233.5	8925	7071	934	8694.5	5126.5	6180.5	889.5	2984	7508	107640	5382
ORTHO005846	RNA polymerase II transcription mediators	AT1G55325	6351;34645;44260;43170;71704;8152;8150;44237;9987;9059;1901576;9058;44249;97659;32774;16070;90304;6139;46483;6725;1901360;34641;6807;44238;34654;19438;44271;18130;1901362;10467;40034;50793;50789;65007;5634;43231;43227;43226;5575;43229;44424;44464;5623;5622;7275;44767;32502;44699;44707;32501;6355;1903506;2001141;31326;9889;19222;31323;50794;51252;19219;80090;51171;60255;10556;10468;2000112;40008;90213;2000026;51239	9174	9065	8889.5	8605	9057.5	7877	9174.5	6573	800	8934.5	9109	7615	2807	6081.5	5691.5	9139.5	1703	9171	8421	2749	4384	6077	3606.5	8062	117976	5898.8
ORTHO004888	Receptor-like protein kinase-related family protein	AT3G22060	5773;43231;43227;43226;5575;43229;44424;44464;5623;5622;44444;5737;5618;30312;71944;5576;9737;9725;9719;50896;8150;10033;42221;33993;97305;1901700;1101;3674	9175	9060	8343.5	7512	9057.5	7721.5	9126.5	8552	5754	8319	9078.5	2803.5	5066	328.5	4233.5	9078	2941	182.5	3630	6632	2604.5	1827.5	8026.5	9055.5	104960.5	5.248.025
ORTHO002882	Protein of unknown function (DUF1162)	AT3G50380	5794;43231;43227;43226;5575;43229;44424;44464;5623;5622;44444;5737;12505	9176	9083	9160.5	9145	9086.5	8655.5	5410	8761	3895.5	4772	8934.5	9144	6227	6358.5	7401.5	9124.5	8026.5	182.5	9124	6555.5	9120	7259	9045.5	9144	137141	6857.05
ORTHO000366	glutathione S-transferase tau 7	AT2G29420;AT3G09270	5829;44444;44424;44464;5575;5623;5622;5737;9407;90487;44712;9056;8152;8150;44710;44699;19748;9404;44763;9987;44237;44248;4364;16765;16740;3824;3674;6749;6518;43603;34641;6807;1901564;71704;6790;6575;9751;14070;10033;42221;50896;1101;1901700;46686;10038;10035	9177	9159	6219	3261	9159	9099	4758.5	1263.5	3382.5	8934.5	4474.5	1810.5	4793	6027	7713.5	9168.5	9134.5	464	4165.5	832	2573	43	55	1958.5	80650.5	4.032.525
ORTHO000379	SAUR-like auxin-responsive protein family	AT1G29420;AT1G29450;AT1G29460;AT1G29500;AT1G29510	3674;5886;16020;5575;44464;5623;71944;46620;51239;50789;65007;8150;48638;50793;40008;5739;43231;43227;43226;43229;44424;5622;44444;5737;9926;60918;9914;10817;65008;44765;6810;51234;51179;1902578;44699;9733;9725;9719;50896;10033;42221;5730;44428;44446;44422;5634;43232;43228;31981;70013;43233;31974	9178	9166	9159	9140	9166	9087	9174.5	9104	7831	8934.5	2539	2597	8817.5	4272	6590.5	9175	9020.5	28	9172	8843	9173	3955.5	9163	9176	136653	6832.65