CP00014G00940	CP00001G00460	2.6694	186.0	528.0	0.0406	0.1245	3.0626	-1474.743213	
CP00014G00990	CP00001G00490	8.0464	100.9	415.1	0.0414	0.4849	11.7231	-1248.816376	
CP00014G01050	CP00001G00590	5.6113	70.6	253.4	0.0918	0.5928	6.4575	-769.366335	
CP00014G01100	CP00001G00600	1.8519	129.5	482.5	0.0957	0.2059	2.1508	-1328.193151	
CP00014G01160	CP00001G00630	1.7539	143.4	444.6	0.1009	0.1843	1.8259	-1243.149369	
CP00014G01180	CP00001G00640	2.0677	279.1	824.9	0.0860	0.1870	2.1736	-2361.773711	
CP00014G01320	CP00001G00740	1.5966	303.7	1031.3	0.1182	0.1974	1.6691	-2849.579519	
CP00014G01350	CP00001G00830	50.0000	152.6	522.4	0.0103	0.7364	71.2191	-1710.928434	
CP00014G01430	CP00001G00960	2.0396	213.0	567.0	0.2090	0.3343	1.5997	-1800.622064	
CP00014G01600	CP00001G01040	50.0000	127.2	571.8	0.0065	0.5763	89.0135	-1665.945711	
CP00014G01610	CP00001G01050	50.0000	135.6	353.4	0.0048	0.2854	59.3733	-1099.068157	
CP00014G01710	CP00001G01190	1.8794	212.8	606.2	0.1649	0.2705	1.6402	-1831.866275	
CP00014G02110	CP00001G01520	1.8744	162.5	512.5	0.1198	0.2256	1.8835	-1489.320890	
CP00014G02120	CP00001G01530	2.5507	310.1	943.9	0.0727	0.2048	2.8154	-2706.735006	
CP00014G02130	CP00001G01540	1.3189	240.8	803.2	0.0399	0.0671	1.6822	-1989.723825	
CP00014G01330	CP00021G00610	50.0000	248.7	786.3	0.0078	0.5274	67.6885	-2595.871320	
CP00014G01350	CP00021G00660	50.0000	235.7	790.3	0.0103	0.7256	70.1131	-2625.214431	
CP00001G00830	CP00021G00660	50.0000	152.8	522.2	0.0096	0.6826	71.3007	-1715.077038	
CP00001G00920	CP00021G00770	8.6370	271.5	838.5	0.2087	1.4939	7.1566	-2913.297018	
CP00014G01540	CP00021G00940	6.5463	109.8	358.2	0.0761	0.5672	7.4491	-1152.888687	
CP00020G01200	CP00026G02600	4.2223	197.5	519.5	0.1068	0.4259	3.9889	-1723.000525	
CP00020G01370	CP00026G02350	1.5633	325.1	967.9	0.0692	0.1189	1.7184	-2670.554232	
CP00020G01380	CP00026G02230	2.5718	278.7	741.3	0.1635	0.3575	2.1864	-2404.000669	
CP00020G01650	CP00026G02100	11.0566	200.5	585.5	0.0752	0.8911	11.8481	-2058.163921	
CP00020G01810	CP00026G02120	3.0512	275.0	904.0	0.1914	0.5123	2.6767	-2873.933263	
CP00020G01840	CP00026G02050	1.3133	134.5	468.5	0.0632	0.1017	1.6081	-1201.005650	
CP00020G01850	CP00026G02040	2.5746	125.3	366.7	0.2284	0.4613	2.0197	-1187.032188	
CP00020G02030	CP00026G01890	1.8443	256.1	778.9	0.0675	0.1392	2.0613	-2163.549975	
CP00020G02070	CP00026G01870	2.6114	463.3	1474.7	0.1228	0.3214	2.6181	-4463.116306	
CP00081G01020	CP00001G04270	1.1977	301.7	979.3	0.0557	0.0800	1.4356	-2488.249131	
CP00081G01160	CP00001G04180	1.4024	194.1	537.9	0.0850	0.1213	1.4269	-1508.798967	
CP00081G01280	CP00001G04110	2.3407	307.2	1030.8	0.1525	0.3428	2.2483	-3117.262692	
CP00081G01340	CP00001G04100	2.2583	469.3	1498.7	0.2519	0.4406	1.7495	-4684.481968	
CP00081G01390	CP00001G04090	1.2606	169.9	571.1	0.0531	0.0826	1.5549	-1457.081710	
CP00081G01400	CP00001G04080	4.0658	376.1	1321.9	0.0975	0.4444	4.5573	-3923.920869	
CP00081G01440	CP00001G04000	50.0000	129.0	336.0	0.0023	0.1394	59.7293	-941.558438	
CP00081G01470	CP00001G03960	24.3336	170.5	489.5	0.0109	0.3327	30.4356	-1552.603122	
CP00081G01610	CP00001G03890	50.0000	174.2	527.8	0.0061	0.4014	65.9393	-1664.939578	
CP00081G01630	CP00001G03880	1.5653	257.5	810.5	0.0064	0.0136	2.1211	-1859.899039	
CP00001G04230	CP00169G00080	50.0000	182.9	540.1	0.0029	0.1919	65.3293	-1603.001627	
CP00001G04200	CP00169G00130	1.8767	343.3	940.7	0.1451	0.2429	1.6743	-2894.572896	
CP00081G01150	CP00169G00110	8.1656	173.2	441.8	0.0331	0.2951	8.9143	-1425.825825	
CP00081G01180	CP00169G00170	2.6500	350.0	1084.0	0.0711	0.2109	2.9659	-3162.664518	
CP00081G01240	CP00169G00200	2.1992	188.3	570.7	0.1077	0.2400	2.2271	-1672.492888	
CP00081G01280	CP00169G00240	50.0000	181.3	688.7	0.0233	1.7101	73.4788	-2329.309600	
CP00001G04110	CP00169G00240	50.0000	180.4	689.6	0.0209	1.5586	74.4235	-2317.370666	
CP00081G01350	CP00169G00250	1.4535	258.5	827.5	0.0508	0.0889	1.7512	-2108.469156	
CP00029G00530	CP00003G02630	4.6817	289.5	874.5	0.1345	0.6001	4.4615	-2894.176024	
CP00029G00540	CP00003G02640	2.2017	121.9	337.1	0.1043	0.2237	2.1454	-1011.680676	
CP00029G00680	CP00003G02740	2.2141	262.6	655.4	0.2014	0.3458	1.7169	-2134.510656	
CP00029G00790	CP00003G02800	3.0472	592.9	1669.1	0.0604	0.2002	3.3116	-4888.384526	
CP00029G00900	CP00003G02850	1.0945	92.0	361.0	0.0115	0.0198	1.7193	-797.560981	
CP00029G01160	CP00003G03130	2.4423	161.7	567.3	0.1749	0.3979	2.2746	-1725.049861	
CP00029G01200	CP00003G03140	2.2386	354.2	1163.8	0.0793	0.2012	2.5369	-3301.785942	
CP00029G01210	CP00003G03150	2.4392	414.5	1253.5	0.1012	0.2534	2.5056	-3734.702528	
CP00029G01250	CP00003G03160	1.6500	236.1	792.9	0.0868	0.1611	1.8561	-2174.663014	
CP00029G00620	CP00018G01190	2.6771	221.8	528.2	0.0870	0.2175	2.4993	-1674.764965	
CP00029G00730	CP00018G01090	50.0000	239.2	813.8	0.0090	0.6391	71.1844	-2628.921376	
CP00029G00780	CP00018G01080	3.9548	182.9	588.1	0.0562	0.2644	4.7065	-1730.394700	
CP00029G00810	CP00018G01060	1.8673	289.6	913.4	0.0608	0.1319	2.1698	-2442.673130	
CP00029G00930	CP00018G01030	2.0831	270.7	896.3	0.0501	0.1286	2.5677	-2436.022658	
CP00003G02920	CP00018G01000	2.7039	546.2	1649.8	0.0344	0.1129	3.2829	-4468.583791	
CP00003G03030	CP00018G00870	50.0000	182.5	510.5	0.0143	0.8729	60.8481	-1789.790420	
CP00003G02660	CP00005G00910	8.8489	315.5	944.5	0.0471	0.4865	10.3245	-3089.490608	
CP00029G00680	CP00005G00900	5.1353	258.7	659.3	0.1121	0.5295	4.7254	-2275.689175	
CP00003G02740	CP00005G00900	4.9006	258.4	668.6	0.1475	0.6255	4.2413	-2332.219311	
CP00003G02780	CP00005G00830	2.7627	137.6	426.4	0.0586	0.1872	3.1937	-1209.447851	
CP00019G00940	CP00002G03040	2.1928	131.2	366.8	0.1572	0.3029	1.9272	-1132.842924	
CP00019G00950	CP00002G03050	5.2012	150.2	431.8	0.0680	0.3823	5.6197	-1379.434637	
CP00019G01140	CP00002G03240	5.9834	523.4	1456.6	0.1454	0.7809	5.3719	-5069.916533	
CP00019G01210	CP00002G03320	50.0000	195.9	581.1	0.0043	0.2828	65.2521	-1772.904072	
CP00019G00390	CP00002G02680	2.4823	133.9	385.1	0.2915	0.5085	1.7447	-1276.536141	
CP00019G00400	CP00002G02700	3.4198	400.4	1246.6	0.2001	0.5782	2.8888	-3928.230483	
CP00019G00550	CP00002G02780	4.0077	97.2	289.8	0.0653	0.2906	4.4537	-869.602557	
CP00019G00650	CP00002G02810	1.8483	240.4	677.6	0.2245	0.3235	1.4411	-2136.608235	
CP00019G00660	CP00002G02860	1.4038	189.5	527.5	0.0794	0.1151	1.4501	-1454.352322	
CP00019G00700	CP00002G02840	1.9000	152.0	442.0	0.0739	0.1505	2.0366	-1234.719647	
CP00019G00770	CP00002G02820	18.7457	294.9	980.1	0.0168	0.4306	25.5823	-3093.910188	
CP00002G02990	CP00017G01750	50.0000	196.0	617.0	0.0102	0.6836	66.9944	-2060.301697	
CP00019G00960	CP00017G01690	5.0287	323.7	912.3	0.1767	0.7550	4.2723	-3158.650830	
CP00002G03110	CP00017G01530	50.0000	182.9	585.1	0.0125	0.8389	67.3039	-1969.179348	
CP00002G03260	CP00017G01450	9.9248	228.9	785.1	0.0667	0.7958	11.9268	-2611.680583	
CP00019G01180	CP00017G01530	50.0000	202.2	703.8	0.0139	0.9893	71.2325	-2344.730185	
CP00017G01730	CP00005G02780	50.0000	125.5	390.5	0.0062	0.4190	67.2270	-1218.555955	
CP00002G03210	CP00005G02420	2.2461	130.1	460.9	0.0756	0.2029	2.6824	-1272.431255	
CP00002G03230	CP00005G02400	3.1831	318.7	932.3	0.1013	0.3255	3.2130	-2901.626803	
CP00019G01140	CP00005G02380	6.1217	519.9	1412.1	0.1391	0.7655	5.5035	-4967.115396	
CP00002G03240	CP00005G02380	7.1314	482.2	1401.8	0.0842	0.6282	7.4616	-4740.474359	
CP00019G00960	CP00005G02700	50.0000	185.3	480.7	0.0148	0.8535	57.6913	-1727.535667	
CP00002G03210	CP00005G02420	2.2461	130.1	460.9	0.0756	0.2029	2.6824	-1272.431255	
CP00002G03230	CP00005G02400	3.1831	318.7	932.3	0.1013	0.3255	3.2130	-2901.626803	
CP00019G01140	CP00005G02380	6.1217	519.9	1412.1	0.1391	0.7655	5.5035	-4967.115396	
CP00002G03240	CP00005G02380	7.1314	482.2	1401.8	0.0842	0.6282	7.4616	-4740.474359	
CP00019G01190	CP00005G02310	6.8202	145.9	421.1	0.0301	0.2449	8.1263	-1233.510155	
CP00002G03280	CP00005G02310	4.6681	146.5	420.5	0.0664	0.3361	5.0579	-1284.348912	
CP00065G00440	CP00003G04940	3.2068	153.9	548.1	0.2845	0.6891	2.4219	-1779.674803	
CP00065G00500	CP00003G04800	1.8290	357.1	1091.9	0.1634	0.2695	1.6497	-3245.207940	
CP00065G00520	CP00003G04770	1.6599	242.9	723.1	0.1580	0.2365	1.4966	-2143.319064	
CP00065G00590	CP00003G04650	50.0000	151.3	544.7	0.0113	0.8355	73.6752	-1818.063375	
CP00065G00600	CP00003G04640	2.0880	134.7	480.3	0.1882	0.3578	1.9015	-1445.243633	
CP00065G00710	CP00003G04520	4.8666	236.5	621.5	0.0958	0.4504	4.7010	-2030.448437	
CP00065G00850	CP00003G04450	1.4892	90.6	299.4	0.0359	0.0685	1.9098	-735.259367	
CP00065G00880	CP00003G04270	50.0000	273.4	1028.6	0.0112	0.8553	76.1618	-3325.676852	
CP00003G04830	CP00170G00600	50.0000	125.8	444.2	0.0078	0.5734	73.5010	-1435.268626	
CP00065G00560	CP00170G00430	2.4333	132.2	335.8	0.2445	0.4330	1.7711	-1133.467800	
CP00065G00590	CP00170G00410	50.0000	175.4	538.6	0.0144	0.9353	64.9780	-1886.422153	
CP00003G04650	CP00170G00410	6.5580	176.4	540.6	0.1766	1.0180	5.7659	-1896.486890	
CP00065G00610	CP00170G00380	1.8943	267.4	773.6	0.0750	0.1515	2.0198	-2166.984199	
CP00003G04510	CP00170G00300	50.0000	142.0	434.0	0.0080	0.5292	65.9995	-1434.071784	
CP00003G04500	CP00170G00260	50.0000	138.9	443.1	0.0061	0.4159	68.4844	-1392.552062	
CP00003G04400	CP00170G00170	14.0619	360.5	971.5	0.0284	0.4562	16.0912	-3215.711846	
CP00003G04390	CP00170G00180	1.6536	235.6	718.4	0.0574	0.1090	1.8996	-1934.129868	
CP00037G01280	CP00006G02840	3.0251	80.4	255.6	0.0446	0.1647	3.6905	-706.285162	
CP00037G01350	CP00006G02810	1.3308	120.5	320.5	0.0370	0.0547	1.4781	-822.199621	
CP00037G01430	CP00006G02740	50.0000	123.5	497.5	0.0087	0.7069	80.9448	-1591.526679	
CP00037G01440	CP00006G02720	6.7427	150.7	434.3	0.0198	0.1635	8.2521	-1252.354843	
CP00037G01460	CP00006G02700	1.5311	216.1	596.9	0.1313	0.1850	1.4090	-1731.090343	
CP00037G01530	CP00006G02670	1.9787	283.0	863.0	0.0584	0.1323	2.2670	-2283.821153	
CP00037G01580	CP00006G02600	19.6211	437.9	1116.1	0.0107	0.2408	22.5984	-3500.427345	
CP00037G01600	CP00006G02560	50.0000	197.0	517.0	0.0060	0.3552	59.4591	-1701.426554	
CP00037G01650	CP00006G02530	3.9859	460.2	1330.8	0.0316	0.1499	4.7370	-3782.844135	
CP00096G00020	CP00003G00620	1.5879	198.2	572.8	0.0593	0.1042	1.7575	-1564.944609	
CP00096G00080	CP00003G00660	50.0000	252.8	671.2	0.0081	0.4830	59.6382	-2286.285860	
CP00096G00100	CP00003G00760	2.3377	192.5	719.5	0.0904	0.2494	2.7599	-2010.117536	
CP00096G00210	CP00003G00870	50.0000	110.7	363.3	0.0043	0.3043	70.3637	-1071.817725	
CP00096G00280	CP00003G00920	2.3766	416.8	1614.2	0.1609	0.3827	2.3782	-4756.172059	
CP00096G00420	CP00003G01010	4.0194	143.7	459.3	0.1596	0.5940	3.7226	-1526.661087	
CP00096G00560	CP00003G01150	2.0942	396.5	1292.5	0.2110	0.3717	1.7620	-3906.119151	
CP00096G00570	CP00003G01180	3.1351	155.1	504.9	0.3896	0.7639	1.9607	-1684.871506	
CP00013G00060	CP00001G01900	2.3597	341.1	960.9	0.1250	0.2776	2.2202	-2934.311889	
CP00013G00070	CP00001G01920	1.4202	418.0	1343.0	0.0385	0.0684	1.7746	-3352.358892	
CP00013G00190	CP00001G01950	2.8786	96.9	281.1	0.1202	0.3337	2.7756	-890.239669	
CP00013G00230	CP00001G02030	2.2667	316.2	898.8	0.1042	0.2334	2.2395	-2721.241388	
CP00013G00340	CP00001G02080	10.8466	298.3	898.7	0.0581	0.7176	12.3471	-3077.607095	
CP00013G00540	CP00001G02210	4.4983	228.1	761.9	0.2341	0.8548	3.6521	-2508.866947	
CP00013G00570	CP00001G02260	2.6953	341.0	928.0	0.2106	0.4476	2.1251	-3039.103599	
CP00013G00720	CP00001G02400	38.2144	81.1	284.9	0.0028	0.1579	56.9559	-774.796112	
CP00055G00220	CP00021G00250	4.6608	430.1	1459.9	0.1486	0.6744	4.5385	-4629.449160	
CP00055G00230	CP00021G00230	5.0852	120.2	371.8	0.0738	0.4166	5.6486	-1181.377598	
CP00055G00260	CP00021G00180	1.9529	449.7	1386.3	0.2108	0.3396	1.6110	-4271.630559	
CP00055G00270	CP00021G00170	2.0208	255.9	731.1	0.1089	0.2157	1.9816	-2163.962051	
CP00055G00320	CP00021G00120	2.2573	144.0	456.0	0.1489	0.3173	2.1306	-1375.669267	
CP00055G00410	CP00021G00020	1.5885	200.8	588.2	0.0541	0.0971	1.7957	-1551.785382	
CP00055G00440	CP00021G00030	3.9962	164.3	504.7	0.1020	0.4212	4.1306	-1598.604002	
CP00055G00490	CP00021G00080	50.0000	141.0	408.0	0.0105	0.6587	62.9873	-1399.615232	
CP00170G00170	CP00003G04400	14.0619	360.5	971.5	0.0284	0.4562	16.0912	-3215.711846	
CP00170G00180	CP00003G04390	1.6536	235.6	718.4	0.0574	0.1090	1.8996	-1934.129868	
CP00170G00260	CP00003G04500	50.0000	138.9	443.1	0.0061	0.4159	68.4844	-1392.552062	
CP00170G00300	CP00003G04510	50.0000	142.0	434.0	0.0080	0.5292	65.9995	-1434.071784	
CP00170G00340	CP00003G04620	2.1191	307.1	937.9	0.1937	0.3485	1.7993	-2864.195598	
CP00170G00410	CP00003G04650	6.5580	176.4	540.6	0.1766	1.0180	5.7659	-1896.486890	
CP00170G00530	CP00003G04770	3.1495	198.0	672.0	0.1054	0.3580	3.3973	-2078.648801	
CP00170G00600	CP00003G04830	50.0000	125.8	444.2	0.0078	0.5734	73.5010	-1435.268626	
CP00055G00530	CP00036G02030	1.9429	131.0	418.0	0.1229	0.2396	1.9498	-1220.358231	
CP00055G00620	CP00036G01870	5.7337	221.7	624.3	0.0654	0.4028	6.1598	-2034.089626	
CP00055G00630	CP00036G01860	2.6039	123.0	405.0	0.3312	0.5903	1.7824	-1334.516179	
CP00055G00670	CP00036G01760	3.5228	141.2	449.8	0.1578	0.5162	3.2714	-1448.747135	
CP00055G00770	CP00036G01630	1.6634	187.1	601.9	0.0363	0.0760	2.0937	-1515.740135	
CP00055G00780	CP00036G01620	1.0842	140.5	495.5	0.0065	0.0103	1.5991	-1111.507925	
CP00055G00870	CP00036G01570	2.4207	201.7	593.3	0.1102	0.2647	2.4019	-1796.481778	
CP00114G00030	CP00001G03160	4.5940	149.4	435.6	0.1241	0.5464	4.4039	-1416.184762	
CP00114G00080	CP00001G03050	3.7962	234.1	668.9	0.1545	0.5233	3.3859	-2237.934771	
CP00114G00100	CP00001G03010	1.8770	301.9	850.1	0.0770	0.1511	1.9620	-2400.770911	
CP00114G00120	CP00001G03000	2.5884	198.3	674.7	0.1618	0.3964	2.4494	-2055.000652	
CP00114G00130	CP00001G02990	10.2886	159.9	509.1	0.0453	0.5677	12.5379	-1601.789197	
CP00114G00170	CP00001G02930	50.0000	415.7	1234.3	0.0025	0.1659	65.6627	-3558.186909	
CP00114G00340	CP00001G02830	4.7246	106.0	395.0	0.0328	0.2173	6.6348	-1097.250866	
CP00114G00550	CP00001G02640	8.2995	225.8	725.2	0.0415	0.4263	10.2839	-2304.475202	
CP00129G00250	CP00020G00560	2.7095	265.2	763.8	0.0808	0.2296	2.8429	-2261.123538	
CP00129G00340	CP00020G00680	5.8851	163.2	571.8	0.0938	0.6237	6.6492	-1834.540010	
CP00129G00360	CP00020G00650	3.7577	228.0	768.0	0.1093	0.4371	3.9993	-2406.240848	
CP00129G00400	CP00020G00670	1.6552	258.7	689.3	0.0419	0.0762	1.8189	-1837.250032	
CP00129G00570	CP00020G00810	4.3900	239.3	777.7	0.0582	0.3045	5.2298	-2318.182171	
CP00129G00610	CP00020G00780	1.6642	197.5	579.5	0.0880	0.1527	1.7343	-1621.200724	
CP00129G00630	CP00020G00770	19.2199	123.9	374.1	0.0546	1.2066	22.1045	-1300.800931	
CP00026G02590	CP00006G03100	1.7297	217.5	736.5	0.1072	0.1989	1.8554	-2062.433860	
CP00026G02680	CP00006G03060	1.6077	172.3	541.7	0.0849	0.1489	1.7525	-1464.939819	
CP00026G02710	CP00006G03040	3.7327	173.0	469.0	0.1700	0.5372	3.1607	-1580.018828	
CP00026G02820	CP00006G02970	1.9368	187.4	544.6	0.0928	0.1842	1.9861	-1573.286742	
CP00026G02900	CP00006G02890	1.3562	99.0	357.0	0.0177	0.0346	1.9582	-789.287551	
CP00026G02920	CP00006G02850	2.7880	112.3	352.7	0.2187	0.4988	2.2808	-1135.003439	
CP00026G03030	CP00006G02830	1.3968	596.7	1770.3	0.0669	0.1031	1.5410	-4676.438001	
CP00026G03050	CP00006G02810	1.5630	127.5	313.5	0.0114	0.0200	1.7536	-776.417166	
CP00006G03020	CP00020G01090	1.8364	292.6	925.4	0.2206	0.3311	1.5011	-2774.521406	
CP00026G02800	CP00020G01040	2.0692	368.2	1092.8	0.0323	0.0808	2.4971	-2872.038750	
CP00006G02950	CP00020G00950	2.4877	191.3	519.7	0.0441	0.1213	2.7529	-1455.976085	
CP00026G02900	CP00020G00920	2.9276	95.3	360.7	0.0243	0.1037	4.2748	-885.681528	
CP00006G02890	CP00020G00920	3.5315	97.3	358.7	0.0213	0.1090	5.1143	-878.728328	
CP00056G00480	CP00019G02490	1.4326	376.8	1192.2	0.1831	0.2305	1.2592	-3426.297750	
CP00056G00530	CP00019G02430	2.6960	238.5	685.5	0.1673	0.3934	2.3513	-2224.626326	
CP00056G00630	CP00019G02350	2.5987	176.7	495.3	0.2892	0.5262	1.8192	-1664.145273	
CP00056G00730	CP00019G02330	7.2868	198.2	650.8	0.0506	0.4514	8.9213	-2033.051266	
CP00056G00770	CP00019G02290	2.8579	295.2	967.8	0.0783	0.2539	3.2435	-2840.339397	
CP00056G00800	CP00019G02210	50.0000	172.3	463.7	0.0136	0.8099	59.3501	-1644.098394	
CP00056G01000	CP00019G02140	2.0707	132.8	437.2	0.0805	0.1885	2.3423	-1231.319232	
CP00028G00820	CP00025G01030	5.8995	207.5	689.5	0.0745	0.5075	6.8133	-2201.810028	
CP00028G00860	CP00025G01000	50.0000	145.9	415.1	0.0063	0.3995	62.9309	-1350.829646	
CP00028G00870	CP00025G00990	1.5655	470.3	1467.7	0.0849	0.1444	1.6999	-3985.903314	
CP00028G00890	CP00025G00960	1.4232	186.4	542.6	0.0292	0.0500	1.7096	-1330.621577	
CP00028G00950	CP00025G00920	1.5324	370.2	1201.8	0.0572	0.1047	1.8291	-3128.395169	
CP00028G00970	CP00025G00910	3.6042	259.2	967.8	0.0102	0.0558	5.4782	-2325.727918	
CP00028G00990	CP00025G00900	3.8275	396.9	974.1	0.2223	0.6339	2.8512	-3487.144462	
CP00200G00130	CP00055G00920	2.1897	241.0	692.0	0.1879	0.3448	1.8354	-2170.445831	
CP00200G00150	CP00055G00960	1.4266	74.1	261.9	0.0667	0.1164	1.7451	-680.507541	
CP00200G00160	CP00055G00990	2.6133	239.2	762.8	0.0996	0.2759	2.7692	-2262.578831	
CP00200G00190	CP00055G01080	15.0283	144.1	611.9	0.0113	0.2830	25.0717	-1689.163403	
CP00200G00230	CP00055G01130	2.1555	194.1	681.9	0.0253	0.0754	2.9775	-1672.368644	
CP00200G00250	CP00055G01150	4.2951	340.9	1120.1	0.1267	0.5489	4.3317	-3572.623470	
CP00200G00260	CP00055G01170	2.5998	206.0	664.0	0.0792	0.2309	2.9153	-1916.186535	
CP00200G00130	CP00021G01480	2.2908	239.8	690.2	0.1719	0.3405	1.9815	-2161.325259	
CP00055G00920	CP00021G01480	2.9442	256.0	683.0	0.1426	0.3719	2.6076	-2216.457328	
CP00055G00930	CP00021G01500	4.0065	401.5	1125.5	0.0617	0.2673	4.3296	-3502.603855	
CP00200G00160	CP00021G01550	50.0000	237.7	758.3	0.0040	0.2742	68.9486	-2273.501585	
CP00055G00990	CP00021G01550	8.8834	249.0	747.0	0.0280	0.3064	10.9244	-2306.705844	
CP00055G01020	CP00021G01560	3.2809	136.3	433.7	0.1114	0.3762	3.3764	-1367.214936	
CP00200G00230	CP00021G01680	1.6112	186.2	689.8	0.0305	0.0692	2.2707	-1663.521587	
CP00055G01130	CP00021G01680	1.5759	192.4	683.6	0.0364	0.0772	2.1176	-1675.795306	
CP00190G00020	CP00001G03790	1.5609	347.4	1125.6	0.0944	0.1595	1.6894	-3091.032565	
CP00190G00050	CP00001G03780	0.8254	81.5	287.5	0.0871	0.0830	0.9531	-709.913091	
CP00190G00090	CP00001G03760	1.0443	234.2	704.8	0.0511	0.0618	1.2094	-1744.111200	
CP00190G00120	CP00001G03690	2.1064	258.9	728.1	0.0856	0.1846	2.1573	-2134.781774	
CP00190G00280	CP00001G03470	3.0449	246.6	866.4	0.1696	0.4868	2.8703	-2657.522553	
CP00190G00320	CP00001G03410	6.7229	184.6	574.4	0.0462	0.3719	8.0568	-1792.223035	
CP00190G00360	CP00001G03380	5.5674	204.6	449.4	0.0245	0.1379	5.6303	-1352.952832	
CP00016G00630	CP00009G01190	17.4457	165.3	467.7	0.0151	0.3221	21.3599	-1481.171043	
CP00016G00740	CP00009G01280	4.0250	235.3	904.7	0.1595	0.6428	4.0289	-2830.702484	
CP00016G00770	CP00009G01290	6.3206	291.0	867.0	0.0281	0.2171	7.7371	-2521.031215	
CP00016G00930	CP00009G01460	2.6277	157.6	517.4	0.1415	0.3623	2.5615	-1579.929626	
CP00016G01090	CP00009G01620	1.7489	391.0	1097.0	0.0840	0.1509	1.7954	-3113.345202	
CP00016G01110	CP00009G01630	2.2823	168.8	551.2	0.0765	0.1987	2.5957	-1590.674858	
CP00016G01080	CP00117G00280	3.7173	76.1	232.9	0.7074	1.1246	1.5898	-799.064159	
CP00016G01090	CP00117G00290	1.7546	375.3	1106.7	0.0650	0.1260	1.9381	-3041.485804	
CP00009G01620	CP00117G00290	1.9683	376.9	1102.1	0.0925	0.1875	2.0265	-3189.515299	
CP00124G00240	CP00069G00020	2.9025	125.7	402.3	0.1102	0.3311	3.0051	-1241.947954	
CP00124G00310	CP00069G00120	2.3346	249.4	833.6	0.0283	0.0873	3.0869	-2101.836597	
CP00124G00320	CP00069G00140	2.4613	275.3	810.7	0.1106	0.2701	2.4412	-2483.399094	
CP00124G00360	CP00069G00280	2.8769	117.8	377.2	0.3233	0.6401	1.9797	-1215.256572	
CP00124G00380	CP00069G00320	10.2220	231.3	749.7	0.0230	0.3089	13.4483	-2265.717075	
CP00018G00360	CP00009G00800	50.0000	148.1	523.9	0.0070	0.5189	73.7643	-1671.110534	
CP00018G00490	CP00009G00680	5.9504	236.7	738.3	0.1217	0.7206	5.9215	-2490.368472	
CP00018G00530	CP00009G00660	2.7028	186.5	632.5	0.0831	0.2566	3.0870	-1811.244992	
CP00018G00610	CP00009G00600	2.2091	164.8	486.2	0.1722	0.3321	1.9285	-1485.955373	
CP00018G00780	CP00009G00350	2.0204	134.5	447.5	0.2680	0.4128	1.5406	-1391.239989	
CP00018G00830	CP00009G00280	2.7714	157.4	466.6	0.1854	0.4381	2.3636	-1479.097580	
CP00018G00970	CP00009G00020	2.5576	246.3	641.7	0.1177	0.2770	2.3523	-2036.443605	
CP00163G00180	CP00019G01870	3.1848	411.4	977.6	0.0789	0.2382	3.0183	-3044.473288	
CP00163G00200	CP00019G01820	4.7541	132.6	377.4	0.0295	0.1661	5.6234	-1084.883887	
CP00163G00020	CP00019G01950	1.5206	172.6	571.4	0.1169	0.1842	1.5749	-1602.875047	
CP00163G00070	CP00019G01970	1.1073	162.9	503.1	0.0445	0.0591	1.3268	-1232.695002	
CP00163G00100	CP00019G02000	1.5028	210.0	501.0	0.0446	0.0683	1.5333	-1370.134193	
CP00092G00900	CP00053G01640	50.0000	114.8	401.2	0.0075	0.5494	72.9930	-1273.352047	
CP00092G00920	CP00053G01610	2.8338	131.1	402.9	0.1536	0.4015	2.6140	-1282.379576	
CP00092G00980	CP00053G01530	50.0000	262.6	916.4	0.0026	0.1962	74.1497	-2576.280101	
CP00092G01010	CP00053G01520	50.0000	294.6	914.4	0.0040	0.2679	67.5634	-2769.308885	
CP00092G01020	CP00053G01470	5.9147	433.8	1189.2	0.0320	0.2172	6.7807	-3589.191364	
CP00092G01040	CP00053G01430	1.8963	302.3	894.7	0.1030	0.1975	1.9180	-2596.831969	
CP00122G00050	CP00003G00070	50.0000	277.7	802.3	0.0100	0.6283	63.0025	-2720.022834	
CP00122G00090	CP00003G00100	1.9045	288.9	860.1	0.0392	0.0887	2.2607	-2253.609043	
CP00122G00210	CP00003G00360	1.8323	102.6	350.4	0.2007	0.3211	1.5997	-1015.453475	
CP00122G00250	CP00003G00420	1.6770	113.3	324.7	0.0029	0.0062	2.1433	-756.873261	
CP00122G00260	CP00003G00430	50.0000	121.9	373.1	0.0113	0.7396	65.4117	-1273.318263	
CP00112G00080	CP00019G01650	3.4486	366.9	1094.1	0.1725	0.5215	3.0226	-3559.441314	
CP00112G00110	CP00019G01720	14.6587	76.2	256.8	0.0345	0.6604	19.1253	-836.779088	
CP00112G00390	CP00019G01920	2.2760	396.5	1190.5	0.0910	0.2170	2.3850	-3486.570437	
CP00112G00450	CP00011G00190	1.6616	329.7	903.3	0.0512	0.0931	1.8166	-2435.422601	
CP00112G00460	CP00011G00200	15.3263	347.8	1014.2	0.0126	0.2424	19.2989	-3058.023383	
CP00080G00450	CP00027G00500	50.0000	114.7	407.3	0.0084	0.6203	73.6402	-1299.282720	
CP00080G00500	CP00027G00450	50.0000	138.8	494.2	0.0068	0.5048	74.1980	-1563.580221	
CP00080G00590	CP00027G00240	50.0000	92.7	267.3	0.0072	0.4565	63.4417	-867.420262	
CP00080G00640	CP00027G00290	3.0392	93.4	320.6	0.0303	0.1231	4.0680	-828.216221	
CP00080G00760	CP00027G00360	50.0000	160.1	421.9	0.0043	0.2576	59.9201	-1296.852200	
CP00059G00680	CP00008G01920	2.7341	328.4	982.6	0.0155	0.0540	3.4762	-2406.918015	
CP00059G00940	CP00008G01740	2.2559	252.2	833.8	0.0257	0.0767	2.9844	-2117.224102	
CP00059G00980	CP00008G01700	2.5794	540.3	1970.7	0.1861	0.4430	2.3800	-6046.700322	
CP00059G01010	CP00008G01690	2.1976	304.7	904.3	0.0497	0.1258	2.5329	-2423.549831	
CP00059G01110	CP00008G01640	2.8429	194.7	579.3	0.0686	0.2145	3.1285	-1681.361857	
CP00059G01120	CP00008G01620	1.2572	135.2	428.8	0.0206	0.0338	1.6415	-1006.465223	
CP00151G00150	CP00048G01050	3.2006	151.6	409.4	0.0079	0.0306	3.8645	-1034.890971	
CP00151G00180	CP00048G01060	50.0000	101.3	399.7	0.0079	0.6352	79.9597	-1241.662637	
CP00151G00190	CP00048G01080	50.0000	228.4	812.6	0.0072	0.5334	74.0634	-2564.088840	
CP00151G00410	CP00048G01270	2.9837	246.0	849.0	0.1439	0.4256	2.9585	-2646.400337	
CP00151G00460	CP00048G01280	1.7274	176.0	616.0	0.1669	0.2730	1.6358	-1784.234837	
CP00151G00560	CP00048G01310	1.4260	351.7	1151.3	0.0817	0.1309	1.6027	-3082.103451	
CP00151G00380	CP00009G01090	2.4032	322.6	994.4	0.1170	0.2812	2.4036	-2994.859470	
CP00151G00470	CP00009G00990	1.7251	441.7	1280.3	0.1504	0.2348	1.5612	-3812.849096	
CP00048G01300	CP00009G00970	3.9412	79.6	250.4	0.0952	0.3990	4.1907	-788.860261	
CP00151G00560	CP00009G00950	1.4243	376.7	1132.3	0.0628	0.1005	1.5999	-3003.081245	
CP00048G01310	CP00009G00950	1.9535	346.7	1213.3	0.0380	0.0983	2.5856	-3110.843149	
CP00119G00150	CP00051G00870	1.4335	184.2	553.8	0.0861	0.1309	1.5209	-1520.651469	
CP00119G00240	CP00051G00880	3.0609	131.8	435.2	0.1050	0.3423	3.2590	-1315.455347	
CP00119G00250	CP00051G00890	1.7345	266.2	750.8	0.0571	0.1087	1.9022	-2044.859862	
CP00119G00300	CP00051G01130	3.4668	259.5	964.5	0.1102	0.4262	3.8664	-2908.444476	
CP00119G00390	CP00051G01310	2.3334	91.5	283.5	0.0892	0.2229	2.4982	-818.917337	
CP00119G00500	CP00051G01370	1.1083	322.3	952.7	0.0245	0.0335	1.3627	-2295.700951	
CP00170G00380	CP00065G00610	1.8943	267.4	773.6	0.0750	0.1515	2.0198	-2166.984199	
CP00170G00410	CP00065G00590	50.0000	175.4	538.6	0.0144	0.9353	64.9780	-1886.422153	
CP00170G00430	CP00065G00560	2.4333	132.2	335.8	0.2445	0.4330	1.7711	-1133.467800	
CP00170G00530	CP00065G00520	2.7962	204.8	665.2	0.1009	0.3008	2.9826	-2034.562031	
CP00170G00570	CP00065G00470	22.3287	170.9	441.1	0.0475	1.1275	23.7406	-1628.297925	
CP00065G00040	CP00053G00860	2.2623	295.8	862.2	0.1122	0.2496	2.2248	-2614.060243	
CP00065G00100	CP00053G00880	2.0131	177.4	536.6	0.0996	0.2068	2.0753	-1550.227204	
CP00065G00140	CP00053G00970	1.4273	168.4	524.6	0.0974	0.1463	1.5020	-1410.726058	
CP00065G00150	CP00053G01000	9.2764	338.2	1164.8	0.3296	2.1212	6.4365	-4043.766673	
CP00169G00110	CP00081G01150	8.1656	173.2	441.8	0.0331	0.2951	8.9143	-1425.825825	
CP00169G00170	CP00081G01180	2.6500	350.0	1084.0	0.0711	0.2109	2.9659	-3162.664518	
CP00169G00200	CP00081G01240	2.1992	188.3	570.7	0.1077	0.2400	2.2271	-1672.492888	
CP00169G00240	CP00081G01280	50.0000	181.3	688.7	0.0233	1.7101	73.4788	-2329.309600	
CP00169G00250	CP00081G01350	1.4535	258.5	827.5	0.0508	0.0889	1.7512	-2108.469156	
CP00026G01620	CP00006G03490	1.6495	182.5	609.5	0.1261	0.2117	1.6793	-1723.766588	
CP00026G01640	CP00006G03500	7.6949	142.9	403.1	0.0529	0.4513	8.5283	-1331.774421	
CP00026G01690	CP00006G03540	3.2097	442.8	1411.2	0.1455	0.4453	3.0602	-4440.552008	
CP00026G01730	CP00006G03580	3.2195	134.1	483.9	0.0975	0.3567	3.6584	-1447.244525	
CP00116G00670	CP00003G03680	3.2830	101.6	375.4	0.0731	0.2956	4.0452	-1080.822729	
CP00116G00730	CP00003G03650	1.3091	160.7	463.3	0.0664	0.0944	1.4225	-1226.683451	
CP00116G00820	CP00003G03580	2.1790	154.5	454.5	0.0797	0.1849	2.3190	-1303.820526	
CP00116G00850	CP00003G03540	50.0000	113.9	357.1	0.0057	0.3877	67.7333	-1074.215384	
CP00195G00150	CP00104G00840	1.8390	315.1	905.9	0.1390	0.2359	1.6971	-2725.837321	
CP00195G00160	CP00104G00830	3.8304	161.9	372.1	0.1161	0.3860	3.3235	-1251.826495	
CP00195G00180	CP00104G00820	1.9206	300.6	788.4	0.1546	0.2551	1.6501	-2373.216256	
CP00195G00290	CP00104G00780	3.1346	351.2	1121.8	0.1371	0.4178	3.0477	-3493.553400	
CP00195G00300	CP00104G00770	6.9730	256.3	670.7	0.0352	0.2707	7.6996	-2097.103268	
CP00044G01120	CP00052G01050	4.0562	320.3	873.7	0.0475	0.2120	4.4624	-2632.934568	
CP00044G01130	CP00052G01060	2.4226	190.7	487.3	0.1332	0.2853	2.1416	-1521.146091	
CP00044G01200	CP00052G01100	2.1219	99.2	344.8	0.0954	0.2268	2.3774	-966.813257	
CP00044G01290	CP00052G01170	50.0000	90.5	359.5	0.0144	1.1282	78.4189	-1163.194344	
CP00044G01310	CP00052G01210	2.4835	312.7	803.3	0.0364	0.0983	2.7019	-2187.575752	
CP00055G00920	CP00021G01480	2.9442	256.0	683.0	0.1426	0.3719	2.6076	-2216.457328	
CP00055G00930	CP00021G01500	4.0065	401.5	1125.5	0.0617	0.2673	4.3296	-3502.603855	
CP00055G00990	CP00021G01550	8.8834	249.0	747.0	0.0280	0.3064	10.9244	-2306.705844	
CP00055G01020	CP00021G01560	3.2809	136.3	433.7	0.1114	0.3762	3.3764	-1367.214936	
CP00055G01130	CP00021G01680	1.5759	192.4	683.6	0.0364	0.0772	2.1176	-1675.795306	
CP00187G00130	CP00046G00720	2.4846	272.6	933.4	0.0771	0.2236	2.8989	-2599.074638	
CP00187G00170	CP00046G00770	2.7703	333.3	890.7	0.1033	0.2745	2.6577	-2791.651180	
CP00187G00180	CP00046G00830	2.4716	190.9	520.1	0.2046	0.4032	1.9703	-1676.252391	
CP00187G00190	CP00046G00840	1.8377	108.6	368.4	0.0042	0.0111	2.6524	-834.108344	
CP00187G00280	CP00046G00920	2.5861	102.3	284.7	0.0208	0.0641	3.0819	-718.539286	
CP00019G01140	CP00005G02380	6.1217	519.9	1412.1	0.1391	0.7655	5.5035	-4967.115396	
CP00019G01190	CP00005G02310	6.8202	145.9	421.1	0.0301	0.2449	8.1263	-1233.510155	
CP00019G01270	CP00005G02200	6.9946	269.8	792.2	0.0678	0.5187	7.6546	-2616.353439	
CP00019G01340	CP00005G02130	1.8299	173.1	522.9	0.1404	0.2418	1.7225	-1531.919855	
CP00117G00750	CP00044G01100	3.3069	230.8	711.2	0.2916	0.6910	2.3697	-2372.046940	
CP00117G00790	CP00044G01110	2.8197	114.4	422.6	0.1863	0.4868	2.6136	-1305.064633	
CP00117G00870	CP00044G01230	2.4095	234.5	704.5	0.1095	0.2649	2.4205	-2099.962490	
CP00117G00890	CP00044G01310	3.4457	291.9	809.1	0.0265	0.1071	4.0359	-2185.700277	
CP00117G00900	CP00044G01330	50.0000	102.3	296.7	0.0024	0.1568	64.5494	-797.899485	
CP00048G01300	CP00009G00970	3.9412	79.6	250.4	0.0952	0.3990	4.1907	-788.860261	
CP00048G01310	CP00009G00950	1.9535	346.7	1213.3	0.0380	0.0983	2.5856	-3110.843149	
CP00048G01380	CP00009G00910	3.1738	523.7	1753.3	0.1608	0.4809	2.9897	-5483.558289	
CP00048G01590	CP00009G00690	2.7409	200.1	594.9	0.0876	0.2523	2.8801	-1796.519205	
CP00048G01630	CP00009G00660	1.9733	201.1	617.9	0.1261	0.2435	1.9304	-1793.664693	
CP00198G00110	CP00097G00560	2.3294	88.0	290.0	0.0055	0.0179	3.2768	-657.857283	
CP00198G00180	CP00097G00470	50.0000	239.0	724.0	0.0129	0.8314	64.6272	-2498.833715	
CP00198G00190	CP00097G00460	7.0255	318.0	927.0	0.0300	0.2528	8.4325	-2821.761595	
CP00198G00450	CP00097G00150	2.0932	254.0	829.0	0.1035	0.2302	2.2240	-2393.554255	
CP00021G01140	CP00006G00540	4.1008	566.1	1407.9	0.0411	0.1777	4.3242	-4251.361400	
CP00021G01230	CP00006G00670	1.9822	206.4	675.6	0.1289	0.2559	1.9858	-1993.131852	
CP00021G01250	CP00006G00690	9.7696	365.8	957.2	0.0279	0.3064	10.9756	-3060.427796	
CP00021G01390	CP00006G00910	2.5911	189.2	554.8	0.1208	0.3030	2.5074	-1672.862399	
CP00021G01420	CP00006G00950	50.0000	148.1	508.9	0.0044	0.3225	72.8414	-1551.157900	
CP00080G00920	CP00027G00780	2.5464	114.9	425.1	0.1167	0.3251	2.7864	-1253.987548	
CP00080G00950	CP00027G00800	50.0000	166.1	568.9	0.0074	0.5342	71.9202	-1834.934638	
CP00080G01140	CP00027G01100	2.1808	157.7	514.3	0.2568	0.4329	1.6858	-1605.035440	
CP00087G00200	CP00059G00050	2.1160	272.7	855.3	0.1611	0.3122	1.9381	-2578.471109	
CP00087G00470	CP00059G00350	4.6345	367.7	1054.3	0.0276	0.1529	5.5360	-2993.211712	
CP00087G00630	CP00059G00510	2.8278	91.3	364.7	0.0410	0.1659	4.0459	-942.113247	
CP00087G00640	CP00059G00550	2.1788	280.7	829.3	0.0649	0.1563	2.4104	-2341.112232	
CP00087G00670	CP00059G00590	2.5686	150.7	485.3	0.1435	0.3545	2.4713	-1463.294937	
CP00209G00080	CP00007G00540	6.0830	224.9	750.1	0.0732	0.5173	7.0640	-2359.456431	
CP00209G00190	CP00007G00590	2.1951	247.2	784.8	0.1484	0.3082	2.0763	-2392.467927	
CP00209G00210	CP00007G00620	5.9256	232.7	733.3	0.0418	0.3031	7.2447	-2208.892877	
CP00209G00440	CP00007G00700	3.6384	160.6	559.4	0.0842	0.3539	4.2047	-1677.454238	
CP00209G00460	CP00007G00690	6.3486	107.9	408.1	0.0195	0.1838	9.4258	-1117.731195	
CP00107G00160	CP00018G02110	50.0000	145.6	439.4	0.0109	0.7044	64.8529	-1512.608948	
CP00107G00240	CP00018G02090	1.9747	513.3	1433.7	0.0860	0.1732	2.0131	-4174.648588	
CP00107G00470	CP00018G02270	6.4645	158.3	405.7	0.0318	0.2259	7.0992	-1185.782351	
CP00107G00550	CP00018G02300	50.0000	317.5	945.5	0.0054	0.3541	65.2396	-2995.588531	
CP00107G00660	CP00018G02450	1.5806	318.3	950.7	0.1053	0.1683	1.5979	-2680.458830	
CP00034G00540	CP00012G00130	8.5097	138.9	491.1	0.0263	0.3096	11.7705	-1443.140388	
CP00034G00810	CP00012G00370	3.1643	167.3	471.7	0.0314	0.1162	3.7002	-1289.728501	
CP00282G00110	CP00001G00330	7.5892	166.1	496.9	0.0274	0.2561	9.3314	-1493.836182	
CP00282G00120	CP00001G00360	2.2451	121.0	320.0	0.1422	0.2818	1.9820	-1013.380945	
CP00282G00140	CP00001G00380	0.7999	135.2	392.8	0.0971	0.0788	0.8121	-1004.207542	
CP00282G00150	CP00001G00420	2.7913	134.9	432.1	0.1310	0.3608	2.7550	-1357.582354	
CP00194G00050	CP00122G00290	1.5565	118.8	412.2	0.1615	0.2401	1.4863	-1153.050441	
CP00194G00060	CP00122G00280	1.7472	124.1	364.9	0.1301	0.2160	1.6603	-1067.565843	
CP00194G00120	CP00122G00260	50.0000	128.8	366.2	0.0111	0.6920	62.1090	-1275.943874	
CP00194G00150	CP00122G00220	14.1199	112.6	259.4	0.0074	0.1137	15.2823	-725.188086	
CP00049G00190	CP00055G01520	2.3093	296.5	957.5	0.1105	0.2651	2.3996	-2841.280741	
CP00049G00290	CP00055G01440	2.7519	309.8	863.2	0.1511	0.3694	2.4444	-2759.462119	
CP00049G00300	CP00055G01420	2.9562	203.6	672.4	0.1235	0.3719	3.0107	-2061.675402	
CP00049G00340	CP00055G01380	2.2528	224.9	678.1	0.0823	0.1989	2.4156	-1986.236545	
CP00005G02310	CP00002G03280	4.6681	146.5	420.5	0.0664	0.3361	5.0579	-1284.348912	
CP00005G02380	CP00002G03240	7.1314	482.2	1401.8	0.0842	0.6282	7.4616	-4740.474359	
CP00005G02400	CP00002G03230	3.1831	318.7	932.3	0.1013	0.3255	3.2130	-2901.626803	
CP00005G02420	CP00002G03210	2.2461	130.1	460.9	0.0756	0.2029	2.6824	-1272.431255	
CP00200G00160	CP00021G01550	50.0000	237.7	758.3	0.0040	0.2742	68.9486	-2273.501585	
CP00200G00230	CP00021G01680	1.6112	186.2	689.8	0.0305	0.0692	2.2707	-1663.521587	
CP00085G01160	CP00084G00890	50.0000	136.3	493.7	0.0115	0.8473	73.9758	-1648.076890	
CP00085G01300	CP00084G00780	3.0297	263.3	894.7	0.1970	0.5242	2.6604	-2846.939452	
CP00085G01340	CP00084G00730	1.3012	188.2	678.8	0.1581	0.2012	1.2725	-1869.089297	
CP00033G00580	CP00004G00190	1.7159	84.0	285.0	0.0975	0.1840	1.8876	-791.302419	
CP00033G00670	CP00004G00250	2.4473	257.2	732.8	0.1706	0.3605	2.1129	-2346.934507	
CP00033G00690	CP00004G00300	10.8405	238.8	760.2	0.0180	0.2576	14.2972	-2178.459898	
CP00033G00810	CP00004G00380	1.5644	293.3	885.7	0.0546	0.0982	1.7993	-2361.562304	
CP00165G00230	CP00044G00410	1.0307	156.9	521.1	0.0778	0.0919	1.1799	-1324.312386	
CP00165G00330	CP00044G00310	5.1982	372.3	1103.7	0.0332	0.2076	6.2533	-3202.330993	
CP00165G00380	CP00044G00250	6.0774	118.6	361.4	0.1323	0.7728	5.8430	-1227.705624	
CP00165G00440	CP00044G00190	3.8394	444.0	1173.0	0.0485	0.2006	4.1314	-3512.489917	
CP00062G00090	CP00055G01520	2.3960	299.1	951.9	0.0807	0.2145	2.6576	-2764.055194	
CP00062G00110	CP00055G01540	6.7107	97.3	268.7	0.0899	0.6061	6.7423	-918.617915	
CP00062G00240	CP00055G01620	2.9924	113.0	358.0	0.1600	0.4414	2.7587	-1119.765115	
CP00062G00330	CP00055G01730	1.6214	202.8	679.2	0.1201	0.2014	1.6763	-1914.320101	
CP00074G00650	CP00107G00290	2.7483	176.0	601.0	0.1962	0.4751	2.4222	-1871.900858	
CP00074G00720	CP00107G00230	1.9005	241.2	646.8	0.1037	0.1892	1.8247	-1902.830207	
CP00074G00730	CP00107G00210	3.5998	270.5	749.5	0.1444	0.4665	3.2320	-2504.555686	
CP00074G00880	CP00107G00050	2.6517	96.8	290.2	0.1518	0.3686	2.4277	-905.006305	
CP00070G00930	CP00004G01120	1.8711	151.0	392.0	0.2208	0.3148	1.4255	-1243.559423	
CP00070G01010	CP00004G01180	2.2288	336.0	1182.0	0.2544	0.4506	1.7714	-3614.697039	
CP00070G01060	CP00004G01290	3.6878	119.1	435.9	0.2295	0.7144	3.1134	-1403.846223	
CP00070G01090	CP00004G01310	8.2483	90.5	233.5	0.0247	0.2285	9.2581	-713.613243	
CP00146G00200	CP00048G02190	2.1186	246.2	716.8	0.1122	0.2337	2.0822	-2118.570231	
CP00146G00350	CP00048G02090	5.9195	244.1	697.9	0.0661	0.4235	6.4042	-2249.532743	
CP00146G00370	CP00048G02080	2.0449	231.7	746.3	0.0490	0.1217	2.4852	-2003.066494	
CP00053G01400	CP00001G00160	1.6616	264.0	882.0	0.1203	0.2063	1.7153	-2474.863695	
CP00053G01470	CP00001G00120	32.6198	427.0	1178.0	0.0071	0.2839	40.0907	-3659.850970	
CP00053G01550	CP00001G00110	1.8955	160.1	469.9	0.2917	0.3908	1.3395	-1481.593004	
CP00053G01610	CP00001G00030	9.1459	126.0	408.0	0.0310	0.3642	11.7428	-1266.075254	
CP00099G00120	CP00006G01840	1.4146	453.0	1329.0	0.0908	0.1331	1.4647	-3631.266721	
CP00099G00350	CP00006G01680	5.3840	173.6	636.4	0.1288	0.7326	5.6878	-2061.725164	
CP00099G00390	CP00006G01620	50.0000	206.7	624.3	0.0086	0.5622	65.3108	-2066.067349	
CP00099G00400	CP00006G01510	4.8196	103.5	331.5	0.1409	0.6557	4.6536	-1074.195426	
CP00160G00090	CP00129G00410	0.9807	314.2	963.8	0.0081	0.0105	1.2977	-2184.256890	
CP00160G00220	CP00129G00570	3.7568	229.5	787.5	0.0531	0.2494	4.6942	-2257.677926	
CP00160G00320	CP00129G00690	2.9343	134.9	432.1	0.0430	0.1553	3.6147	-1188.992264	
CP00044G00630	CP00050G00250	3.2202	283.5	877.5	0.0253	0.1031	4.0774	-2319.099594	
CP00044G00710	CP00050G00300	5.9302	126.8	389.2	0.1452	0.8079	5.5634	-1337.413039	
CP00044G00940	CP00050G00470	5.9851	106.6	421.4	0.0818	0.6107	7.4665	-1321.604342	
CP00044G00950	CP00050G00480	2.4652	91.8	307.2	0.1950	0.4215	2.1611	-956.605498	
CP00116G00400	CP00002G02280	3.0212	107.5	285.5	0.1051	0.3026	2.8788	-884.449680	
CP00116G00430	CP00002G02260	14.2890	324.9	941.1	0.0088	0.1597	18.0947	-2700.918247	
CP00116G00580	CP00002G02090	3.7983	168.2	491.8	0.0223	0.1039	4.6653	-1302.515960	
CP00116G00670	CP00002G01960	1.8843	118.8	358.2	0.1271	0.2317	1.8229	-1029.852096	
CP00020G00920	CP00006G02890	3.5315	97.3	358.7	0.0213	0.1090	5.1143	-878.728328	
CP00020G00950	CP00006G02950	2.4877	191.3	519.7	0.0441	0.1213	2.7529	-1455.976085	
CP00020G01090	CP00006G03020	1.8364	292.6	925.4	0.2206	0.3311	1.5011	-2774.521406	
CP00029G00730	CP00018G01090	50.0000	239.2	813.8	0.0090	0.6391	71.1844	-2628.921376	
CP00029G00780	CP00018G01080	3.9548	182.9	588.1	0.0562	0.2644	4.7065	-1730.394700	
CP00029G00810	CP00018G01060	1.8673	289.6	913.4	0.0608	0.1319	2.1698	-2442.673130	
CP00029G00930	CP00018G01030	2.0831	270.7	896.3	0.0501	0.1286	2.5677	-2436.022658	
CP00107G00740	CP00011G00110	2.5549	222.2	800.8	0.0665	0.2105	3.1627	-2226.609171	
CP00107G00860	CP00011G00310	2.7831	355.7	928.3	0.0916	0.2475	2.7025	-2860.135325	
CP00107G00950	CP00011G00420	2.6704	518.1	1404.9	0.1231	0.3050	2.4769	-4441.568819	
CP00106G00290	CP00006G00100	12.3458	201.7	602.3	0.0600	0.8343	13.9121	-2012.874323	
CP00106G00440	CP00006G00210	5.1110	149.9	528.1	0.0397	0.2685	6.7606	-1545.245094	
CP00106G00610	CP00006G00390	4.5953	164.0	430.0	0.0724	0.3377	4.6619	-1412.198165	
CP00106G00710	CP00006G00410	2.1187	216.6	731.4	0.1655	0.3283	1.9829	-2194.552930	
CP00151G00130	CP00009G01220	50.0000	219.8	713.2	0.0073	0.5049	69.1129	-2293.885522	
CP00151G00380	CP00009G01090	2.4032	322.6	994.4	0.1170	0.2812	2.4036	-2994.859470	
CP00151G00470	CP00009G00990	1.7251	441.7	1280.3	0.1504	0.2348	1.5612	-3812.849096	
CP00151G00560	CP00009G00950	1.4243	376.7	1132.3	0.0628	0.1005	1.5999	-3003.081245	
CP00113G00050	CP00021G00940	17.4816	220.3	640.7	0.0327	0.6807	20.7922	-2193.556888	
CP00113G00120	CP00021G00790	1.4078	123.8	374.2	0.1098	0.1556	1.4174	-1006.318049	
CP00113G00190	CP00021G00610	1.9232	219.4	665.6	0.1145	0.2197	1.9192	-1945.793954	
CP00113G00200	CP00021G00550	2.7956	183.4	560.6	0.0913	0.2697	2.9554	-1690.772039	
CP00081G00510	CP00019G02430	4.3710	240.9	677.1	0.1830	0.6709	3.6668	-2363.528374	
CP00081G00920	CP00019G02680	50.0000	210.7	647.3	0.0043	0.2853	67.0061	-1963.128480	
CP00081G00940	CP00019G02710	50.0000	119.7	378.3	0.0053	0.3628	68.1884	-1171.688560	
CP00081G01150	CP00019G02820	4.6672	150.7	464.3	0.0609	0.3256	5.3473	-1457.823334	
CP00075G00380	CP00003G02150	50.0000	220.5	784.5	0.0112	0.8171	73.0602	-2553.600705	
CP00075G00730	CP00003G02520	9.0141	319.3	973.7	0.0453	0.4846	10.6910	-3189.625417	
CP00075G00760	CP00003G02540	50.0000	238.2	691.8	0.0072	0.4565	63.7396	-2239.984392	
CP00096G00560	CP00015G00230	2.0423	323.1	1071.9	0.1930	0.3459	1.7919	-3230.272981	
CP00096G00570	CP00015G00240	3.2143	176.6	507.4	0.2166	0.5540	2.5580	-1685.645182	
CP00096G00580	CP00015G00250	1.1792	106.9	352.1	0.0427	0.0632	1.4795	-868.999795	
CP00259G00010	CP00010G02330	2.7056	254.9	981.1	0.0588	0.2097	3.5667	-2639.642117	
CP00259G00020	CP00010G02320	50.0000	106.1	325.9	0.0050	0.3373	66.8426	-1021.896565	
CP00259G00030	CP00010G02310	2.8191	115.8	430.2	0.1874	0.4896	2.6128	-1301.070722	
CP00152G00330	CP00087G00930	2.5954	199.1	568.9	0.1528	0.3551	2.3231	-1811.955976	
CP00152G00340	CP00087G00940	1.5619	326.1	993.9	0.1062	0.1691	1.5921	-2760.016730	
CP00152G00350	CP00087G00950	3.9244	361.5	985.5	0.0707	0.2890	4.0863	-3074.938639	
CP00184G00020	CP00122G00170	3.4262	184.9	577.1	0.1934	0.5677	2.9346	-1873.916616	
CP00184G00040	CP00122G00160	2.1981	427.1	1210.9	0.0751	0.1741	2.3165	-3513.644492	
CP00184G00050	CP00122G00150	2.7995	320.0	1156.0	0.1434	0.4066	2.8353	-3486.685511	
CP00494G00010	CP00008G01540	1.9732	189.8	644.2	0.0934	0.2049	2.1945	-1818.666577	
CP00494G00020	CP00008G01530	50.0000	71.9	312.1	0.0154	1.2847	83.4699	-1019.224236	
CP00494G00040	CP00008G01520	1.8324	146.5	417.5	0.2801	0.3663	1.3077	-1320.824638	
CP00277G00090	CP00010G01420	2.6124	254.0	703.0	0.2260	0.4562	2.0185	-2288.890471	
CP00277G00110	CP00010G01380	3.9513	266.2	789.8	0.0696	0.3014	4.3306	-2459.005706	
CP00277G00120	CP00010G01370	1.2003	256.4	676.6	0.0306	0.0412	1.3472	-1673.059686	
CP00027G02250	CP00012G01270	1.3667	218.2	744.8	0.1310	0.1820	1.3894	-2035.862929	
CP00027G02260	CP00012G01250	50.0000	278.6	864.4	0.0082	0.5462	66.6854	-2746.426331	
CP00027G02270	CP00012G01240	5.6337	291.8	965.2	0.0447	0.3152	7.0476	-2912.652273	
CP00151G00170	CP00050G01640	50.0000	128.9	387.1	0.0087	0.5671	65.0183	-1308.306113	
CP00151G00190	CP00050G01610	50.0000	226.7	814.3	0.0073	0.5437	74.5827	-2566.413547	
CP00151G00220	CP00050G01590	1.6641	255.9	830.1	0.0722	0.1377	1.9076	-2244.686713	
CP00136G00110	CP00012G02030	2.4224	115.9	370.1	0.0553	0.1591	2.8771	-1011.338053	
CP00136G00160	CP00012G01990	3.3331	122.6	462.4	0.2328	0.6571	2.8225	-1479.607678	
CP00136G00170	CP00012G01970	2.4656	335.8	999.2	0.1047	0.2609	2.4909	-3033.752703	
CP00309G00020	CP00055G00400	2.8904	109.0	326.0	0.0854	0.2616	3.0620	-949.668412	
CP00309G00060	CP00055G00370	3.0734	178.4	550.6	0.0242	0.0942	3.8958	-1436.090054	
CP00309G00080	CP00055G00360	3.5533	179.4	561.6	0.1080	0.3949	3.6562	-1766.479858	
CP00062G00390	CP00006G03730	1.3583	196.1	625.9	0.0276	0.0482	1.7443	-1519.790675	
CP00062G00430	CP00006G03760	3.3578	113.9	351.1	0.0298	0.1246	4.1868	-933.787228	
CP00062G00450	CP00006G03770	10.9349	236.9	720.1	0.0189	0.2626	13.9267	-2187.387832	
CP00016G01560	CP00048G00680	1.3864	88.8	373.2	0.0789	0.1425	1.8052	-932.243626	
CP00016G01580	CP00048G00690	1.7036	261.5	869.5	0.1476	0.2432	1.6474	-2489.400123	
CP00016G01620	CP00048G00720	9.9571	115.1	415.9	0.0423	0.5621	13.2846	-1307.555209	
CP00150G00250	CP00006G02080	2.1537	238.9	952.1	0.1832	0.3791	2.0686	-2740.198743	
CP00150G00270	CP00006G02030	11.2032	333.4	1010.6	0.0128	0.1861	14.4890	-2915.598294	
CP00150G00290	CP00006G02010	3.6873	152.8	426.2	0.1119	0.3970	3.5491	-1397.408089	
CP00019G00520	CP00003G02540	18.1205	262.0	800.0	0.0280	0.6311	22.5553	-2673.889414	
CP00019G00530	CP00003G02560	8.2343	279.2	887.8	0.1013	0.8792	8.6765	-3037.056415	
CP00163G00090	CP00011G00160	50.0000	363.4	1019.6	0.0040	0.2538	62.7240	-3154.786196	
CP00163G00100	CP00011G00150	1.5016	204.4	506.6	0.0521	0.0804	1.5420	-1395.363355	
CP00025G00180	CP00034G01100	50.0000	206.6	786.4	0.0130	0.9933	76.3138	-2536.413410	
CP00025G00290	CP00034G01190	50.0000	381.4	815.6	0.7776	15.2749	19.6432	-3192.684932	
CP00152G00570	CP00132G00310	1.9018	178.5	454.5	0.0465	0.0934	2.0106	-1229.349422	
CP00152G00590	CP00132G00320	4.0019	74.7	249.3	0.0478	0.2386	4.9912	-723.095526	
CP00152G00630	CP00132G00420	3.1293	140.1	456.9	0.1894	0.5205	2.7478	-1465.980514	
CP00082G00430	CP00025G01940	44.1195	245.9	792.1	0.0078	0.4728	60.5564	-2526.185070	
CP00082G00460	CP00025G01870	6.1822	317.6	1233.4	0.1408	0.9159	6.5067	-4011.994042	
CP00082G00560	CP00025G01790	1.9528	164.9	582.1	0.1268	0.2583	2.0374	-1661.126376	
CP00162G00200	CP00044G00750	4.3586	208.9	670.1	0.0968	0.4516	4.6653	-2128.792134	
CP00162G00350	CP00044G00650	1.8834	165.1	536.9	0.0689	0.1503	2.1807	-1466.888823	
CP00162G00360	CP00044G00620	2.7185	188.2	543.8	0.1449	0.3600	2.4839	-1721.983707	
CP00081G00090	CP00003G04630	50.0000	214.9	757.1	0.0110	0.8003	72.5554	-2501.314208	
CP00081G00280	CP00003G04570	0.9724	85.8	367.2	0.0578	0.0793	1.3720	-831.633870	
CP00152G00120	CP00012G03080	1.9238	202.1	619.9	0.0323	0.0767	2.3730	-1571.407923	
CP00152G00160	CP00012G03020	2.2506	209.2	588.8	0.0711	0.1696	2.3844	-1689.648235	
CP00152G00190	CP00012G02980	2.2103	247.1	802.9	0.0840	0.2067	2.4593	-2262.348339	
CP00158G00010	CP00064G00650	50.0000	157.5	457.5	0.0024	0.1557	64.6068	-1311.291836	
CP00158G00030	CP00064G00630	1.6602	204.2	632.8	0.0950	0.1665	1.7528	-1759.849595	
CP00158G00110	CP00064G00580	8.1514	364.2	913.8	0.0615	0.5081	8.2594	-3172.486268	
CP00145G00030	CP00029G01190	1.3770	129.4	365.6	0.0882	0.1240	1.4054	-1007.759773	
CP00145G00060	CP00029G01140	50.0000	92.9	237.1	0.0047	0.2741	58.5034	-756.482537	
CP00145G00160	CP00029G01040	50.0000	137.7	417.3	0.0117	0.7620	64.8678	-1440.786378	
CP00037G01270	CP00026G02970	4.4637	195.7	593.3	0.0972	0.4503	4.6328	-1925.187766	
CP00037G01350	CP00026G03050	0.9692	114.1	326.9	0.0374	0.0422	1.1277	-810.959746	
CP00037G01410	CP00026G03100	1.6476	359.3	1200.7	0.0751	0.1431	1.9064	-3182.929690	
CP00112G00450	CP00011G00190	1.6616	329.7	903.3	0.0512	0.0931	1.8166	-2435.422601	
CP00112G00460	CP00011G00200	15.3263	347.8	1014.2	0.0126	0.2424	19.2989	-3058.023383	
CP00005G00990	CP00003G00180	18.8391	182.2	573.8	0.0364	0.8510	23.3736	-1929.944826	
CP00005G01080	CP00003G00310	4.4644	234.0	813.0	0.1483	0.6517	4.3934	-2602.443697	
CP00158G00070	CP00062G01120	2.1069	147.3	413.7	0.1769	0.3161	1.7870	-1289.886698	
CP00158G00160	CP00062G01080	1.2298	84.7	356.3	0.0210	0.0412	1.9600	-798.200005	
CP00158G00180	CP00062G01070	1.5268	112.5	367.5	0.0827	0.1413	1.7091	-959.190203	
CP00070G00050	CP00053G00130	3.9280	285.4	899.6	0.1772	0.6182	3.4883	-2955.307139	
CP00070G00160	CP00053G00070	1.7297	243.3	815.7	0.1091	0.2004	1.8374	-2276.478252	
CP00169G00080	CP00001G04230	50.0000	182.9	540.1	0.0029	0.1919	65.3293	-1603.001627	
CP00169G00130	CP00001G04200	1.8767	343.3	940.7	0.1451	0.2429	1.6743	-2894.572896	
CP00169G00240	CP00001G04110	50.0000	180.4	689.6	0.0209	1.5586	74.4235	-2317.370666	
CP00049G00640	CP00016G00980	22.9293	215.7	705.3	0.0188	0.5777	30.7448	-2278.218784	
CP00049G00720	CP00016G00930	50.0000	173.7	492.3	0.0104	0.6475	62.0569	-1683.859450	
CP00028G00230	CP00033G01250	50.0000	251.3	684.7	0.0115	0.6925	60.1792	-2396.140985	
CP00028G00280	CP00033G01270	38.6091	268.5	1012.5	0.0195	1.1171	57.1841	-3324.641162	
CP00028G00400	CP00033G01410	9.3052	199.0	656.0	0.0378	0.4482	11.8496	-2042.170741	
CP00034G00610	CP00027G01410	2.5483	175.7	481.3	0.2191	0.4349	1.9851	-1572.873251	
CP00034G00640	CP00027G01390	1.9244	308.7	795.3	0.0915	0.1699	1.8563	-2335.993821	
CP00083G00780	CP00027G00120	20.4623	252.6	809.4	0.0194	0.5248	26.9920	-2610.724062	
CP00083G00930	CP00027G00030	3.0899	119.0	418.0	0.0211	0.0913	4.3254	-1034.269686	
CP00083G00950	CP00027G00020	3.4542	521.8	1848.2	0.1094	0.4123	3.7696	-5615.911085	
CP00072G00340	CP00049G01000	1.2985	477.8	1463.2	0.0303	0.0488	1.6091	-3594.518262	
CP00072G00460	CP00049G00870	2.6088	95.0	292.0	0.0783	0.2236	2.8563	-862.588562	
CP00072G00530	CP00049G00800	1.5478	228.0	693.0	0.1199	0.1832	1.5275	-1961.373543	
CP00129G00510	CP00008G01290	2.5274	184.8	619.2	0.2644	0.5139	1.9436	-1963.540425	
CP00129G00600	CP00008G01220	9.7661	234.8	734.2	0.0749	0.8156	10.8849	-2493.754595	
CP00006G01940	CP00006G00710	6.3306	133.2	451.8	0.4192	1.6041	3.8262	-1531.849542	
CP00006G02030	CP00006G00770	50.0000	355.6	1060.4	0.0108	0.6957	64.2993	-3629.651543	
CP00033G01270	CP00016G00550	50.0000	257.4	1035.6	0.0127	1.0134	79.6596	-3342.152295	
CP00033G01410	CP00016G00330	50.0000	189.5	650.5	0.0116	0.8217	71.0424	-2148.102290	
CP00066G00550	CP00037G00710	50.0000	243.9	686.1	0.0046	0.2902	62.7421	-2101.394338	
CP00066G00680	CP00037G00690	1.6506	160.7	466.3	0.1200	0.1910	1.5919	-1315.043472	
CP00066G00690	CP00037G00670	50.0000	130.5	415.5	0.0045	0.3070	68.7417	-1253.652454	
CP00007G02090	CP00006G03090	17.5185	336.5	1181.5	0.0225	0.5497	24.4126	-3805.331658	
CP00007G02200	CP00006G02900	13.0448	235.0	824.0	0.0356	0.6204	17.4221	-2650.305727	
CP00200G00130	CP00021G01480	2.2908	239.8	690.2	0.1719	0.3405	1.9815	-2161.325259	
CP00200G00350	CP00021G01740	3.3997	74.9	279.1	0.2493	0.6923	2.7774	-891.837468	
CP00033G00390	CP00019G01580	50.0000	223.1	634.9	0.0084	0.5258	62.6101	-2108.308840	
CP00033G00470	CP00019G01520	50.0000	216.5	689.5	0.0226	1.4704	65.0747	-2402.669926	
CP00033G01320	CP00034G02060	2.3334	123.9	539.1	0.2447	0.4932	2.0159	-1617.876457	
CP00033G01410	CP00034G01870	50.0000	243.5	812.5	0.0068	0.4838	70.6627	-2558.720660	
CP00003G03030	CP00003G00310	50.0000	165.8	527.2	0.0130	0.8679	66.9146	-1801.113222	
CP00003G03110	CP00003G00250	50.0000	242.4	738.6	0.0147	0.9498	64.5648	-2564.818541	
CP00064G01260	CP00001G00920	15.8312	242.0	823.0	0.0569	1.1067	19.4571	-2776.946473	
CP00064G01490	CP00001G01110	50.0000	351.7	1112.3	0.0100	0.6706	67.2557	-3737.285113	
CP00055G01100	CP00021G01610	2.0070	314.2	1026.8	0.0596	0.1423	2.3902	-2748.740219	
CP00055G01190	CP00021G01690	6.0796	169.5	475.5	0.0978	0.5921	6.0517	-1631.022925	
CP00055G01360	CP00021G01780	3.0818	180.3	527.7	0.1067	0.3279	3.0747	-1638.665806	
CP00062G01040	CP00003G04250	50.0000	182.2	576.8	0.0174	1.1451	65.8200	-2012.924912	
CP00062G01140	CP00003G04160	50.0000	229.3	799.7	0.0077	0.5632	72.8395	-2515.536579	
CP00062G01330	CP00003G04050	50.0000	139.7	439.3	0.0133	0.8795	66.3064	-1495.364444	
CP00030G00660	CP00006G02970	3.6405	90.7	302.3	0.2962	0.7837	2.6457	-1009.131129	
CP00030G00720	CP00006G02900	50.0000	250.5	805.5	0.0098	0.6695	68.1176	-2677.522803	
CP00023G01500	CP00013G02670	50.0000	208.5	664.5	0.0123	0.8254	67.1605	-2279.588577	
CP00023G01520	CP00013G02500	3.9546	229.9	832.1	0.1589	0.6143	3.8657	-2639.900972	
CP00103G00050	CP00104G00230	2.7689	339.6	911.4	0.1570	0.3755	2.3921	-2929.312362	
CP00103G00130	CP00104G00180	50.0000	309.2	830.8	0.0086	0.5185	60.0649	-2798.750332	
CP00103G00300	CP00104G00060	2.0455	131.7	450.3	0.0936	0.2136	2.2829	-1254.051216	
CP00080G00810	CP00011G00310	50.0000	354.7	929.3	0.0126	0.7380	58.3987	-3277.519999	
CP00080G00950	CP00011G00530	50.0000	166.9	565.1	0.0110	0.7759	70.4663	-1885.989126	
CP00078G00210	CP00025G00240	12.6669	223.0	590.0	0.0228	0.3316	14.5150	-1906.770572	
CP00078G00390	CP00025G00320	1.8589	340.8	988.2	0.1311	0.2295	1.7508	-2923.022292	
CP00016G00060	CP00020G00400	8.9704	163.7	502.3	0.0552	0.5741	10.4023	-1627.417383	
CP00016G00330	CP00020G00680	50.0000	131.7	450.3	0.0108	0.7699	71.0261	-1491.144682	
CP00146G00050	CP00016G00150	50.0000	286.1	895.9	0.0138	0.9138	66.0001	-3082.063955	
CP00146G00270	CP00016G00330	8.2159	185.4	636.6	0.1006	0.9080	9.0235	-2125.292618	
CP00117G00280	CP00016G01080	3.7173	76.1	232.9	0.7074	1.1246	1.5898	-799.064159	
CP00117G00290	CP00016G01090	1.7546	375.3	1106.7	0.0650	0.1260	1.9381	-3041.485804	
CP00131G00700	CP00007G00190	2.1879	200.5	630.5	0.1944	0.3646	1.8757	-1957.963481	
CP00131G00720	CP00007G00210	4.5499	426.2	1259.8	0.1621	0.6574	4.0565	-4222.345670	
CP00151G00190	CP00003G03110	3.0107	246.7	791.3	0.1466	0.4209	2.8722	-2496.334177	
CP00151G00210	CP00003G03090	6.4321	355.5	1045.5	0.0588	0.4235	7.2032	-3396.842651	
CP00011G00150	CP00001G03380	5.1042	191.8	471.2	0.1708	0.7076	4.1430	-1678.673628	
CP00011G00340	CP00001G03580	17.3187	221.8	831.2	0.0262	0.6534	24.9530	-2621.903946	
CP00037G01440	CP00008G02520	22.6387	166.0	500.0	0.0198	0.5658	28.5779	-1670.132095	
CP00037G01470	CP00008G02580	50.0000	216.2	824.8	0.0081	0.6311	77.8344	-2581.723755	
CP00119G00480	CP00012G01040	50.0000	262.9	781.1	0.0020	0.1333	65.7801	-2146.308147	
CP00119G00830	CP00012G01320	6.9233	182.3	591.7	0.0696	0.5561	7.9938	-1918.218685	
CP00055G00100	CP00017G00040	50.0000	232.4	739.6	0.0119	0.7974	67.1680	-2471.218862	
CP00055G00330	CP00017G00140	50.0000	224.4	855.6	0.0149	1.1292	75.8958	-2799.902836	
CP00152G00120	CP00055G00770	50.0000	193.3	595.7	0.0117	0.7706	65.6465	-2018.534363	
CP00152G00140	CP00055G00790	29.9648	229.9	691.1	0.0196	0.7406	37.7934	-2372.707420	
CP00157G00050	CP00008G00980	2.8473	195.3	569.7	0.1706	0.4235	2.4820	-1852.288411	
CP00157G00100	CP00008G01020	5.8376	114.0	417.0	0.0130	0.1126	8.6490	-1066.941582	
CP00157G00310	CP00008G01050	50.0000	154.8	505.2	0.0034	0.2419	70.2589	-1468.020570	
CP00092G00200	CP00033G01020	50.0000	86.4	294.6	0.0107	0.7553	70.8799	-954.720523	
CP00092G00310	CP00033G01090	5.8372	205.4	607.6	0.0375	0.2601	6.9309	-1798.826828	
CP00030G00660	CP00009G00340	19.9770	104.1	303.9	0.0258	0.6266	24.2678	-1038.363812	
CP00030G00810	CP00009G00150	50.0000	235.4	838.6	0.0112	0.8219	73.1116	-2733.567380	
CP00146G00270	CP00033G01410	4.9781	232.7	754.3	0.1664	0.7608	4.5716	-2510.376441	
CP00132G00130	CP00012G02570	2.0895	346.2	1090.8	0.0753	0.1760	2.3363	-3073.548319	
CP00132G00250	CP00012G02550	5.7329	158.3	501.7	0.0268	0.1967	7.3449	-1414.195211	
CP00132G00350	CP00012G02540	8.3769	121.2	361.8	0.0409	0.4056	9.9154	-1148.306878	
CP00050G00710	CP00026G03180	50.0000	104.8	465.2	0.0078	0.6814	87.6182	-1426.783717	
CP00050G01090	CP00026G02920	9.4840	108.0	354.0	0.0538	0.6189	11.4991	-1167.120687	
CP00078G00350	CP00013G02530	4.9031	186.9	563.1	0.0821	0.4318	5.2589	-1801.949391	
CP00078G00410	CP00013G02400	10.2629	99.6	386.4	0.0067	0.1092	16.2758	-954.320050	
CP00014G01000	CP00001G00550	2.6710	134.9	471.1	0.2549	0.5394	2.1161	-1503.780061
CP00001G00990	CP00021G00890	49.2778	235.8	718.2	0.0134	0.8555	63.8402	-2505.323863
CP00020G01180	CP00026G02470	5.4996	157.2	553.8	0.3609	1.3172	3.6503	-1843.743165
CP00020G02110	CP00026G01850	1.6884	266.8	843.2	0.1103	0.1916	1.7359	-2384.424053
CP00020G02200	CP00026G01830	50.0000	260.0	898.0	0.0079	0.5743	72.2573	-2931.893053
CP00081G01420	CP00001G04010	12.3831	272.9	861.1	0.0329	0.5109	15.5382	-2830.109570
CP00029G00550	CP00003G02620	13.2388	570.0	2007.0	0.0445	0.7683	17.2454	-6641.546558
CP00029G00880	CP00003G02840	2.5663	509.0	1489.0	0.1363	0.3272	2.4007	-4647.197516
CP00029G00610	CP00018G01210	13.1516	305.2	1173.8	0.0978	1.5093	15.4375	-3866.069043
CP00003G02620	CP00005G00960	50.0000	459.4	1442.6	0.0130	0.8604	66.2967	-4980.912325
CP00029G00550	CP00005G00960	10.5815	460.1	1384.9	0.0739	0.8550	11.5698	-4851.470374
CP00029G00880	CP00005G00750	50.0000	423.0	1383.0	0.0171	1.1534	67.3925	-4793.032368
CP00003G02840	CP00005G00750	50.0000	442.7	1354.3	0.0202	1.2861	63.7161	-4806.302531
CP00065G00530	CP00003G04690	50.0000	272.8	810.2	0.0131	0.8369	63.6874	-2842.562433
CP00065G00690	CP00003G04530	12.8607	363.3	995.7	0.0384	0.5571	14.5105	-3413.706220
CP00096G00170	CP00003G00780	3.5653	122.1	402.9	0.1099	0.4119	3.7496	-1251.533309
CP00013G00700	CP00001G02390	1.7365	795.9	2366.1	0.0898	0.1630	1.8150	-6604.051943
CP00055G00830	CP00036G01580	2.5226	416.4	1164.6	0.0473	0.1333	2.8199	-3304.982640
CP00129G00390	CP00020G00710	50.0000	698.8	2130.2	0.0100	0.6569	65.4694	-7254.191340
CP00056G00320	CP00019G02610	50.0000	127.1	481.9	0.0165	1.2437	75.1641	-1638.180241
CP00200G00170	CP00021G01570	3.7334	276.5	944.5	0.1118	0.4447	3.9761	-2991.071194
CP00200G00200	CP00021G01630	6.7238	214.1	598.9	0.0771	0.5399	7.0019	-2026.665746
CP00016G00820	CP00009G01330	8.6558	347.0	1123.0	0.0831	0.8004	9.6317	-3814.343521
CP00016G00820	CP00117G00050	6.3416	267.8	1004.2	0.3344	1.4897	4.4542	-3393.818452
CP00009G01330	CP00117G00050	50.0000	291.7	1016.3	0.0159	1.1240	70.8125	-3456.152581
CP00124G00350	CP00069G00230	2.5123	176.1	528.9	0.1065	0.2705	2.5404	-1589.709526
CP00124G00440	CP00069G00490	39.8715	166.3	556.7	0.0161	0.8804	54.8435	-1893.769929
CP00163G00160	CP00019G01890	50.0000	267.2	887.8	0.0124	0.8558	69.2082	-3020.526384
CP00122G00230	CP00003G00400	2.4486	335.8	999.2	0.1292	0.3028	2.3438	-3064.083226
CP00112G00100	CP00019G01670	50.0000	529.2	1810.8	0.0159	1.1086	69.9043	-6173.918474
CP00112G00350	CP00019G01890	3.0843	716.3	2196.7	0.1685	0.4644	2.7568	-7072.812930
CP00112G00560	CP00019G02120	2.6499	193.1	637.9	0.1061	0.2987	2.8145	-1896.765181
CP00112G00350	CP00011G00070	50.0000	561.3	1883.7	0.0174	1.1953	68.5869	-6513.268353
CP00019G01890	CP00011G00070	50.0000	598.7	1990.3	0.0180	1.2225	68.0122	-6906.878899
CP00080G00400	CP00027G00670	50.0000	158.0	499.0	0.0167	1.0998	65.8253	-1731.466619
CP00065G00120	CP00053G00950	15.0699	238.8	793.2	0.0207	0.4212	20.3069	-2507.927554
CP00026G01560	CP00006G03450	50.0000	201.6	629.4	0.0085	0.5703	66.9088	-2078.678259
CP00116G00640	CP00003G03720	2.4937	475.5	1318.5	0.1134	0.2705	2.3860	-4122.138632
CP00019G01200	CP00005G02290	2.2606	449.4	1254.6	0.0952	0.2149	2.2576	-3754.073934
CP00198G00310	CP00097G00320	2.3413	151.9	493.1	0.1414	0.3212	2.2708	-1481.119844
CP00080G00850	CP00027G00670	7.2417	107.0	340.0	0.1897	1.1931	6.2909	-1176.866287
CP00080G01130	CP00027G01090	1.9327	343.2	1027.8	0.2188	0.3402	1.5546	-3137.342133
CP00034G00420	CP00012G00030	50.0000	294.4	899.6	0.0192	1.2285	63.8397	-3202.440811
CP00034G00720	CP00012G00250	7.9214	96.1	350.9	0.1370	1.1218	8.1888	-1164.968152
CP00034G01130	CP00012G00590	14.5518	271.4	874.6	0.0418	0.7550	18.0459	-2960.986664
CP00200G00170	CP00021G01570	3.7334	276.5	944.5	0.1118	0.4447	3.9761	-2991.071194
CP00200G00200	CP00021G01630	6.7238	214.1	598.9	0.0771	0.5399	7.0020	-2026.665746
CP00085G01170	CP00084G00870	50.0000	246.6	821.4	0.0136	0.9407	69.0589	-2823.779509
CP00146G00310	CP00048G02130	2.2385	205.5	688.5	0.0688	0.1814	2.6380	-1906.743728
CP00160G00050	CP00129G00390	50.0000	473.5	1512.5	0.0107	0.7253	67.5933	-5147.325825
CP00020G01280	CP00006G03180	1.5420	198.5	608.5	0.0657	0.1143	1.7395	-1615.621340
CP00107G00710	CP00011G00070	2.3049	604.4	1759.6	0.2281	0.4119	1.8059	-5607.909245
CP00075G01010	CP00003G02840	50.0000	399.7	1370.3	0.0155	1.0853	70.0905	-4664.186142
CP00019G00570	CP00003G02620	50.0000	625.4	2098.6	0.0125	0.8686	69.6839	-7097.692925
CP00163G00160	CP00011G00070	50.0000	269.7	858.3	0.0120	0.8077	67.1269	-2946.144361
CP00025G00200	CP00034G01130	5.2631	150.3	536.7	0.3180	1.1941	3.7546	-1820.192585
CP00081G00080	CP00003G04690	50.0000	266.4	813.6	0.0115	0.7535	65.2715	-2787.687676
CP00112G00350	CP00011G00070	50.0000	561.3	1883.7	0.0174	1.1953	68.5861	-6513.268353
CP00005G00960	CP00003G00130	50.0000	367.6	1165.4	0.0163	1.0777	66.0800	-4094.801988
CP00070G00040	CP00053G00140	1.3346	398.1	1164.9	0.1194	0.1546	1.2943	-3269.868758
CP00049G00850	CP00016G00820	50.0000	234.4	743.6	0.0094	0.6376	67.5030	-2494.375662
CP00034G00420	CP00027G01680	50.0000	204.8	590.2	0.0195	1.1970	61.2375	-2120.965631
CP00129G00390	CP00008G01440	50.0000	665.2	2022.8	0.0164	1.0543	64.1442	-7143.404397
CP00006G02190	CP00006G00970	50.0000	553.3	1633.7	0.0142	0.9000	63.2240	-5788.184527
CP00033G01330	CP00016G00390	8.5836	235.5	679.5	0.1878	1.3540	7.2093	-2447.126119
CP00007G02150	CP00006G03030	50.0000	335.0	1021.0	0.0189	1.2047	63.7831	-3582.565187
CP00200G00330	CP00021G01720	2.6093	412.2	1369.8	0.2316	0.4920	2.1250	-4294.664713
CP00033G00250	CP00019G01670	7.7731	186.5	593.5	0.0946	0.7877	8.3285	-2022.725890
CP00033G01330	CP00034G02050	3.1837	339.1	1118.9	0.1279	0.4105	3.2083	-3469.148608
CP00003G02840	CP00003G00400	3.9364	309.7	977.3	0.3284	0.8793	2.6779	-3362.222660
CP00064G01370	CP00001G00990	8.0744	221.6	711.4	0.1508	1.1514	7.6368	-2480.946937
CP00030G00490	CP00006G03030	50.0000	311.5	1062.5	0.0184	1.2734	69.1827	-3663.847956
CP00023G01510	CP00013G02520	50.0000	271.8	742.2	0.0115	0.6922	60.2877	-2588.620247
CP00080G00850	CP00011G00360	50.0000	132.5	407.5	0.0206	1.3145	63.8977	-1430.673079
CP00078G00170	CP00025G00200	14.5538	184.3	502.7	0.0728	1.0985	15.0848	-1809.519459
CP00016G00390	CP00020G00710	5.9058	226.0	734.0	0.1752	0.9338	5.3285	-2519.797674
CP00146G00310	CP00016G00390	5.8861	224.2	720.8	0.5447	1.6374	3.0060	-2544.948416
CP00117G00050	CP00016G00820	6.3416	267.8	1004.2	0.3344	1.4897	4.4542	-3393.818452
CP00131G00430	CP00007G00010	50.0000	320.3	1071.7	0.0192	1.3057	68.0542	-3717.461928
CP00151G00260	CP00003G02840	50.0000	396.2	1196.8	0.0215	1.3513	62.9224	-4270.489297
CP00011G00070	CP00001G03360	50.0000	562.7	1831.3	0.0180	1.2047	66.9848	-6356.072913
CP00037G01190	CP00008G02360	5.6410	135.5	464.5	0.2309	1.0731	4.6466	-1584.839339
CP00119G00580	CP00012G01080	50.0000	541.3	1792.7	0.0171	1.1656	68.0041	-6200.221743
CP00055G00140	CP00017G00080	50.0000	328.7	1090.3	0.0244	1.6235	66.5676	-3822.867583
CP00152G00500	CP00055G01090	24.5180	373.0	1121.0	0.0375	1.1035	29.4189	-3988.306945
CP00092G00450	CP00033G01330	50.0000	435.4	1436.6	0.0162	1.1031	68.0207	-4924.087829
CP00030G00490	CP00009G00490	7.5671	499.1	1759.9	0.1667	1.1985	7.1910	-6049.020276
CP00146G00310	CP00033G01330	7.1895	294.4	995.6	0.0945	0.7518	7.9585	-3305.367190
CP00146G00630	CP00033G01020	50.0000	104.5	366.5	0.0110	0.7963	72.3014	-1188.250622
CP00050G00950	CP00026G03020	50.0000	339.0	1062.0	0.0120	0.7960	66.3853	-3616.907510
CP00078G00170	CP00013G02800	50.0000	618.9	1964.1	0.0111	0.7468	67.1867	-6694.748471
