LJ6G010290	LJ4G025620	0.4808	156.7	500.3	0.1065	0.0534	0.5015	-1156.361588	
LJ6G010370	LJ4G025610	1.0378	125.0	490.0	0.1544	0.1637	1.0602	-1260.573747	
LJ6G010480	LJ4G025390	0.6850	174.1	476.9	0.1344	0.0839	0.6242	-1219.831709	
LJ6G010550	LJ4G025260	0.9907	338.3	1122.7	0.2169	0.1799	0.8292	-3056.072826	
LJ6G010600	LJ4G025190	3.3180	70.4	328.6	0.0802	0.3657	4.5600	-910.831804	
LJ6G010790	LJ4G025080	6.3772	89.5	300.5	0.3629	1.5152	4.1748	-1015.363904	
LJ6G010830	LJ4G024930	1.0255	90.7	296.3	0.2176	0.1855	0.8525	-812.727903	
LJ6G010840	LJ4G025020	1.1647	145.6	421.4	0.2529	0.2208	0.8728	-1214.362638	
LJ6G010860	LJ4G025010	0.4898	216.7	677.3	0.2234	0.0886	0.3967	-1641.275889	
LJ6G010930	LJ4G024870	6.6849	178.1	526.9	0.2147	1.1581	5.3951	-1866.271195	
LJ6G008350	LJ4G022300	0.9960	138.7	488.3	0.2499	0.1995	0.7984	-1308.437031	
LJ6G008400	LJ4G022230	0.4251	242.4	723.6	0.0704	0.0329	0.4666	-1651.378857	
LJ6G008520	LJ4G022200	0.7306	328.7	889.3	0.0826	0.0609	0.7375	-2236.146666	
LJ6G008590	LJ4G022170	0.9881	453.1	1217.9	0.1540	0.1323	0.8591	-3370.231253	
LJ6G008650	LJ4G022160	1.1209	181.1	661.9	0.3578	0.2697	0.7536	-1838.905100	
LJ6G008670	LJ4G022130	0.7031	179.8	576.2	0.1066	0.0783	0.7345	-1433.092523	
LJ6G016890	LJ4G029010	0.9773	195.8	698.2	0.1840	0.1652	0.8980	-1831.642792	
LJ6G016900	LJ4G029000	1.1282	131.3	495.7	0.3042	0.2543	0.8358	-1329.728059	
LJ6G016950	LJ4G028960	1.1889	188.3	513.7	0.1756	0.1754	0.9991	-1482.413570	
LJ6G016250	LJ4G029220	1.3701	245.3	876.7	0.3550	0.3268	0.9207	-2498.124216	
LJ6G016330	LJ4G029130	50.0000	83.8	279.2	0.0100	0.6996	69.8483	-929.158284	
LJ6G016410	LJ4G029120	0.5170	92.0	400.0	0.0662	0.0474	0.7158	-870.030846	
LJ6G016530	LJ4G029100	0.6821	156.6	476.4	0.2357	0.1262	0.5354	-1232.078499	
LJ6G016680	LJ4G029030	0.8567	174.3	422.7	0.2353	0.1465	0.6227	-1183.685470	
LJ4G016210	LJ2G027280	7.8160	100.2	301.8	0.0231	0.2259	9.7759	-884.220559	
LJ4G016260	LJ2G027330	0.7695	220.9	688.1	0.1250	0.0950	0.7598	-1755.952140	
LJ4G016280	LJ2G027340	0.7119	158.6	423.4	0.1532	0.0947	0.6180	-1126.476769	
LJ4G016290	LJ2G027360	0.8067	306.0	981.0	0.2042	0.1396	0.6835	-2623.678051	
LJ4G016300	LJ2G027370	0.8386	171.5	548.5	0.1978	0.1422	0.7189	-1455.612552	
LJ4G016370	LJ2G027450	1.1427	80.4	339.6	0.0450	0.0753	1.6718	-792.305402	
LJ6G013840	LJ4G027080	2.1786	281.6	861.4	0.2768	0.4418	1.5960	-2743.987588	
LJ6G013970	LJ4G027090	0.6861	186.4	485.6	0.1684	0.0965	0.5730	-1284.026081	
LJ6G014010	LJ4G027100	0.6616	77.4	270.6	0.0864	0.0658	0.7615	-644.796876	
LJ6G014170	LJ4G027290	27.2165	164.9	564.1	0.0163	0.6185	37.9860	-1836.741312	
LJ4G032720	LJ2G028430	1.4404	97.2	364.8	0.2095	0.2677	1.2779	-1025.741291	
LJ4G032760	LJ2G028450	0.5399	176.0	535.0	0.1462	0.0736	0.5033	-1288.102604	
LJ4G032770	LJ2G028480	0.5054	122.3	300.7	0.1179	0.0533	0.4517	-748.061039	
LJ4G032860	LJ2G028570	0.5989	274.1	763.9	0.1735	0.0884	0.5096	-1935.134732	
LJ4G032870	LJ2G028600	0.4839	304.7	895.3	0.0857	0.0435	0.5074	-2110.880066	
LJ3G010350	LJ3G003410	0.4892	74.5	324.5	0.0595	0.0413	0.6935	-687.978689	
LJ3G010370	LJ3G003400	0.9348	456.4	1343.6	0.1794	0.1443	0.8042	-3698.253291	
LJ3G010380	LJ3G003380	0.4315	102.1	308.9	0.0117	0.0065	0.5591	-673.025964	
LJ3G010440	LJ3G003370	0.5251	405.2	1322.8	0.0753	0.0451	0.5991	-3047.854774	
LJ3G010680	LJ3G003230	5.3146	59.7	246.3	0.0430	0.3317	7.7162	-680.738294	
LJ3G027670	LJ3G026360	1.4256	102.4	386.6	0.2529	0.2936	1.1610	-1092.991724	
LJ3G028030	LJ3G026000	0.6846	199.0	569.0	0.1464	0.0909	0.6208	-1465.620697	
LJ3G028200	LJ3G025780	50.0000	191.5	576.5	0.0105	0.6823	64.8034	-1975.380404	
LJ4G005100	LJ4G004860	0.0000	113.1	294.9	99.0000	0.0000	0.0000	-531.881249	
LJ4G005110	LJ4G004850	0.0023	261.6	1058.4	99.0000	0.0009	0.0000	-1777.990336	
LJ4G005120	LJ4G004840	0.0000	209.9	834.1	0.4140	0.0000	0.0000	-1345.665333	
LJ4G005130	LJ4G004830	0.0000	179.1	489.9	0.0010	0.0000	0.0000	-902.263798	
LJ1G018850	LJ1G018380	0.0000	418.8	1840.2	0.2429	0.0000	0.0000	-3015.430496	
LJ1G018870	LJ1G018390	0.0000	64.5	298.5	0.0010	0.0000	0.0000	-478.803882	
LJ1G018880	LJ1G018400	0.0000	150.0	387.0	0.3331	0.0000	0.0000	-716.312814	
LJ1G018890	LJ1G018410	0.0000	162.2	497.8	0.2620	0.0000	0.0000	-881.278611	
LJ6G006740	LJ2G029800	0.0405	432.5	1214.5	0.1042	0.0041	0.0398	-2343.478734	
LJ6G006750	LJ2G029810	0.1807	272.6	840.4	0.4132	0.0447	0.1082	-1814.390092	
LJ6G006760	LJ2G029820	0.0499	482.5	1797.5	0.8696	0.0161	0.0185	-3180.268958	
LJ1G053610	LJ0G452170	1.8444	262.3	745.7	0.0572	0.1162	2.0322	-2018.721794	
LJ1G053620	LJ0G452160	4.3817	156.0	579.0	0.1231	0.5816	4.7231	-1809.221501	
LJ1G053630	LJ0G452140	2.3525	80.2	306.8	0.1113	0.2953	2.6539	-874.849553	
LJ1G053640	LJ0G452120	1.9973	206.3	813.7	0.0087	0.0277	3.1823	-1798.732327	
LJ3G035960	LJ1G001590	1.5599	154.0	542.0	0.2889	0.3366	1.1650	-1608.175761	
LJ3G036010	LJ1G001630	0.6488	151.1	430.9	0.3773	0.1514	0.4012	-1155.788101	
LJ3G036050	LJ1G001680	8.0909	104.7	300.3	0.0162	0.1618	9.9716	-825.174256	
LJ6G014890	LJ4G026410	1.5191	96.5	326.5	0.1726	0.2418	1.4013	-934.463334	
LJ6G014920	LJ4G026420	0.9644	260.4	696.6	0.1987	0.1533	0.7713	-1972.815590	
LJ6G014940	LJ4G026440	0.6433	179.8	534.2	0.1389	0.0837	0.6027	-1348.623507	
LJ6G014990	LJ4G026490	0.9124	185.5	522.5	0.3160	0.1941	0.6142	-1448.364418	
LJ5G013800	LJ1G046590	0.7879	257.8	645.2	0.0880	0.0663	0.7539	-1694.806558	
LJ5G013890	LJ1G046550	0.6718	243.2	713.8	0.0972	0.0666	0.6857	-1768.001010	
LJ5G013900	LJ1G046540	1.1761	181.0	518.0	0.1475	0.1570	1.0647	-1426.947354	
LJ4G034500	LJ2G007570	1.1668	125.4	444.6	0.1887	0.1998	1.0592	-1190.436745	
LJ4G034530	LJ2G007610	0.6311	297.1	962.9	0.1826	0.1024	0.5605	-2412.501395	
LJ4G034550	LJ2G007620	0.7767	202.8	628.2	0.2518	0.1501	0.5960	-1666.837591	
LJ4G034650	LJ2G007700	0.6929	142.3	463.7	0.1209	0.0853	0.7055	-1143.407264	
LJ3G023660	LJ1G057270	1.1092	107.1	417.9	0.1388	0.1632	1.1756	-1077.284518	
LJ3G023790	LJ1G057340	2.0641	219.0	903.0	0.4125	0.5384	1.3051	-2674.360873	
LJ3G023800	LJ1G057350	1.0718	151.0	440.0	0.4661	0.2764	0.5930	-1293.285877	
LJ3G023820	LJ1G057360	0.8203	286.2	802.8	0.1343	0.1015	0.7556	-2082.016228	
LJ4G031770	LJ2G027940	1.6924	337.2	1126.8	0.1379	0.2312	1.6767	-3219.508709	
LJ4G031810	LJ2G027910	1.3991	177.5	497.5	0.2273	0.2462	1.0834	-1494.900205	
LJ4G032050	LJ2G027810	0.8734	110.1	405.9	0.2162	0.1642	0.7593	-1050.027294	
LJ2G022290	LJ0G459920	2.2989	91.1	274.9	0.2028	0.3874	1.9101	-872.189889	
LJ2G022310	LJ0G459860	1.1447	248.8	807.2	0.2824	0.2387	0.8452	-2301.756318	
LJ2G022560	LJ0G459610	9.9767	205.9	727.1	0.0921	1.0467	11.3708	-2423.610123	
LJ2G022790	LJ0G459390	50.0000	112.0	329.0	0.0112	0.7116	63.5353	-1138.631835	
LJ4G033550	LJ2G008920	1.5411	96.4	314.6	0.4016	0.3806	0.9478	-948.733386	
LJ4G033830	LJ2G008650	0.8071	223.1	631.9	0.1920	0.1283	0.6679	-1729.170776	
LJ4G034120	LJ2G008380	0.4905	113.7	354.3	0.1744	0.0760	0.4360	-850.621155	
LJ4G034130	LJ2G008290	0.9031	272.5	774.5	0.1999	0.1474	0.7376	-2123.535276	
LJ5G008370	LJ4G002400	0.5365	113.6	384.4	0.1862	0.0895	0.4809	-916.636222	
LJ5G008380	LJ4G002390	0.3265	313.1	1222.9	0.1334	0.0468	0.3509	-2560.061131	
LJ5G008390	LJ4G002380	0.4667	144.8	488.2	0.2944	0.1005	0.3413	-1151.048761	
LJ5G031130	LJ0G466510	0.0000	135.7	509.3	0.3169	0.0000	0.0000	-858.915496	
LJ5G031140	LJ0G466500	0.0000	127.6	463.4	0.0010	0.0000	0.0000	-778.241308	
LJ5G031150	LJ0G466490	0.0000	69.8	278.2	0.5047	0.0000	0.0000	-458.704350	
LJ2G024700	LJ0G440140	1.2687	154.9	475.1	0.2687	0.2533	0.9427	-1364.439382	
LJ2G024710	LJ0G440130	7.4619	151.2	637.8	0.1108	0.9797	8.8448	-2059.885251	
LJ2G024720	LJ0G440120	0.7612	310.4	889.6	0.2406	0.1397	0.5805	-2390.950344	
LJ6G011010	LJ0G468260	0.0159	264.8	890.2	0.5663	0.0045	0.0080	-1591.754277	
LJ6G011020	LJ0G468270	0.0000	295.8	829.2	0.4738	0.0000	0.0000	-1486.563047	
LJ6G011040	LJ0G468290	0.0000	212.3	798.7	0.0010	0.0000	0.0000	-1348.664216	
LJ5G018970	LJ1G052490	0.8513	362.2	1182.8	0.1940	0.1437	0.7410	-3073.630557	
LJ5G018990	LJ1G052530	1.0864	211.4	739.6	0.1040	0.1243	1.1943	-1878.539200	
LJ5G019010	LJ1G052550	1.0954	244.9	685.1	0.3086	0.2297	0.7441	-1995.894729	
LJ3G033790	LJ1G023690	25.3037	152.5	468.5	0.0042	0.1414	33.9122	-1294.365200	
LJ0G459540	LJ0G459260	0.0000	99.2	395.8	0.0010	0.0000	0.0000	-645.863962	
LJ0G459550	LJ0G459270	0.0000	106.6	343.4	0.0010	0.0000	0.0000	-598.193622	
LJ0G459600	LJ0G459330	0.0000	182.1	708.9	0.4350	0.0000	0.0000	-1161.567325	
LJ5G026740	LJ1G007110	2.2312	70.9	241.1	0.1476	0.3216	2.1794	-727.687295	
LJ5G026840	LJ1G007010	0.4754	90.7	215.3	0.1471	0.0583	0.3962	-542.037172	
LJ5G026850	LJ1G007000	9.6419	229.2	859.8	0.0868	1.0003	11.5198	-2825.827658	
LJ6G011810	LJ4G023340	0.4736	57.1	245.9	0.1184	0.0657	0.5548	-528.221818	
LJ6G011890	LJ4G023450	0.5239	341.1	1140.9	0.0692	0.0426	0.6162	-2574.992144	
LJ6G011330	LJ4G024430	6.9025	167.2	570.8	0.0925	0.7139	7.7202	-1884.225067	
LJ6G011380	LJ4G024400	1.0561	202.6	643.4	0.2022	0.1810	0.8953	-1755.351253	
LJ6G011430	LJ4G024380	0.5845	309.3	884.7	0.1671	0.0850	0.5089	-2202.056805	
LJ5G026420	LJ1G046550	6.5200	256.8	706.2	0.0253	0.1927	7.6210	-2083.266251	
LJ5G026470	LJ1G046610	2.4900	178.5	562.5	0.1392	0.3334	2.3944	-1676.919900	
LJ5G026510	LJ1G046670	3.3290	230.1	729.9	0.0534	0.2114	3.9582	-2082.201284	
LJ2G028110	LJ2G000360	0.2029	84.1	275.9	0.3100	0.0445	0.1435	-579.094218	
LJ2G028120	LJ2G000350	0.4763	171.2	500.8	0.4418	0.1201	0.2718	-1267.490791	
LJ2G028230	LJ2G000270	4.4915	143.1	447.9	0.2218	0.8094	3.6491	-1523.496456	
LJ4G018510	LJ2G016350	50.0000	175.1	592.9	0.0104	0.7343	70.6292	-1972.735631	
LJ4G018580	LJ2G016370	3.9925	191.5	660.5	0.0263	0.1426	5.4286	-1750.342482	
LJ4G018630	LJ2G016400	3.2931	249.3	806.7	0.0720	0.2715	3.7713	-2373.335508	
LJ5G018260	LJ2G006850	50.0000	111.2	341.8	0.0176	1.1341	64.4218	-1190.538064	
LJ5G018280	LJ2G006760	0.1092	128.0	391.0	0.3931	0.0264	0.0671	-770.270335	
LJ6G019210	LJ4G004770	0.6517	114.6	461.4	0.2612	0.1390	0.5321	-1083.596807	
LJ6G019410	LJ4G004620	0.8852	322.7	898.3	0.2234	0.1538	0.6884	-2463.928604	
LJ6G017980	LJ4G005560	1.4889	77.5	279.5	0.2082	0.2718	1.3055	-782.311224	
LJ6G018010	LJ4G005530	1.8050	164.2	531.8	0.4275	0.4572	1.0695	-1673.352007	
LJ6G018580	LJ0G408950	1.1252	228.3	812.7	0.4083	0.2846	0.6971	-2242.979204	
LJ6G018610	LJ0G408830	0.7779	120.1	416.9	0.1846	0.1304	0.7067	-1031.946604	
LJ5G025630	LJ2G012300	5.4056	264.3	866.7	0.1771	0.8638	4.8773	-2940.019019	
LJ5G025740	LJ2G012230	3.9076	119.4	369.6	0.0962	0.3956	4.1105	-1155.702718	
LJ5G025810	LJ2G012190	50.0000	196.8	577.2	0.0117	0.7444	63.3797	-1986.510654	
LJ3G033650	LJ3G018990	1.5757	119.0	385.0	0.2551	0.3109	1.2188	-1152.064511	
LJ3G033710	LJ3G019030	24.6455	123.8	428.2	0.0133	0.4671	35.0220	-1337.163079	
LJ3G033850	LJ3G019090	2.1643	169.7	598.3	0.0738	0.1911	2.5911	-1663.457119	
LJ5G025820	LJ5G025240	6.0170	149.8	582.2	0.5365	1.7044	3.1766	-1943.099203	
LJ5G025940	LJ5G025050	50.0000	84.7	299.3	0.0113	0.8180	72.6350	-970.256624	
LJ5G026010	LJ5G024970	50.0000	112.5	418.5	0.0172	1.2702	73.9232	-1395.086961	
LJ3G000100	LJ2G024460	6.4921	109.2	322.8	0.4928	1.7174	3.4848	-1155.359403	
LJ3G000250	LJ2G024700	1.2295	158.1	471.9	0.2868	0.2523	0.8799	-1357.532583	
LJ3G000260	LJ2G024710	4.4265	97.4	412.6	0.2348	0.9097	3.8736	-1324.081278	
LJ6G010510	LJ4G025310	1.2069	112.8	346.2	0.2441	0.2284	0.9360	-985.884335
LJ6G008380	LJ4G022260	1.0712	122.5	423.5	0.2689	0.2218	0.8248	-1175.350484
LJ6G008510	LJ4G022210	0.5478	546.8	1613.2	0.1664	0.0805	0.4838	-3983.900421
LJ6G014020	LJ4G027150	50.0000	212.0	616.0	0.0204	1.2513	61.4566	-2202.230537
LJ6G014110	LJ4G027210	1.9815	357.6	1193.4	0.1651	0.3049	1.8471	-3537.675749
LJ3G027840	LJ3G026260	0.6962	184.3	598.7	0.1442	0.0968	0.6715	-1505.188144
LJ3G027900	LJ3G026070	1.0545	149.9	372.1	0.1365	0.1248	0.9143	-1033.958055
LJ6G006780	LJ2G029830	0.0239	142.2	376.8	0.3528	0.0053	0.0151	-722.037761
LJ3G035950	LJ1G001570	0.7171	545.9	1737.1	0.2656	0.1439	0.5417	-4327.220254
LJ5G013870	LJ1G046560	0.7120	431.4	1305.6	0.2282	0.1290	0.5653	-3419.503863
LJ4G031970	LJ2G027830	0.6418	479.0	1486.0	0.2206	0.1149	0.5210	-3789.013233
LJ3G033750	LJ1G023630	2.8926	137.4	450.6	0.2334	0.5456	2.3374	-1474.335137
LJ3G033780	LJ1G023670	1.5357	627.3	1796.7	0.1206	0.1774	1.4701	-5111.266720
LJ6G011880	LJ4G023420	0.6150	183.1	515.9	0.1027	0.0623	0.6070	-1262.098588
LJ5G018250	LJ2G006880	0.0278	161.3	537.7	0.1351	0.0037	0.0277	-966.577778
LJ6G019260	LJ4G004740	0.6155	582.0	1710.0	0.1966	0.1007	0.5122	-4376.325688
LJ6G018180	LJ4G005390	1.0040	209.4	642.6	0.1824	0.1592	0.8730	-1720.652091
LJ6G018570	LJ0G408960	0.6872	266.5	891.5	0.1417	0.0957	0.6753	-2201.169068
