MD16G004810	MD13G006060	2.6854	83.9	261.1	0.5474	0.7453	1.3614	-887.517429	
MD16G004920	MD13G006260	0.2521	427.0	1415.0	0.0426	0.0135	0.3177	-2945.397176	
MD16G005050	MD13G006360	0.1689	129.3	326.7	0.2234	0.0284	0.1269	-707.954089	
MD16G005170	MD13G006570	0.4837	136.3	445.7	0.5967	0.1392	0.2333	-1094.427520	
MD16G005180	MD13G006580	0.1943	128.5	393.5	0.2179	0.0344	0.1577	-841.292816	
MD16G005210	MD13G006600	0.2852	240.3	761.7	0.2179	0.0511	0.2344	-1695.985403	
MD16G005260	MD13G006630	0.4436	323.7	915.3	0.4931	0.1166	0.2364	-2292.520082	
MD16G005320	MD13G006690	0.4372	93.8	317.2	0.1848	0.0726	0.3931	-750.615225	
MD16G005330	MD13G006700	0.1795	129.7	413.3	0.0734	0.0149	0.2030	-830.850922	
MD16G005350	MD13G006710	0.1288	716.0	1732.0	0.1391	0.0153	0.1098	-3756.183025	
MD16G005360	MD13G006720	0.2231	202.0	548.0	0.0829	0.0187	0.2254	-1197.862003	
MD16G005370	MD13G006730	0.1744	189.5	542.5	0.1813	0.0268	0.1478	-1166.782386	
MD16G005440	MD13G006800	5.8859	91.4	328.6	0.5259	1.6401	3.1187	-1098.749824	
MD16G005450	MD13G006860	0.2067	226.5	799.5	0.0916	0.0216	0.2359	-1641.862883	
MD16G005470	MD13G006880	0.3413	127.6	460.4	0.2095	0.0625	0.2986	-1010.133340	
MD16G005540	MD13G006930	0.3695	152.7	447.3	0.3695	0.0859	0.2324	-1078.529984	
MD16G005580	MD13G007140	0.2230	340.3	1018.7	0.2070	0.0379	0.1833	-2247.677538	
MD16G005590	MD13G007160	0.1984	93.1	272.9	0.2175	0.0345	0.1588	-579.803314	
MD16G005600	MD13G007170	0.0858	229.0	602.0	0.0010	0.0001	0.1035	-1200.227903	
MD16G005610	MD13G007180	1.7165	135.9	377.1	0.2677	0.3317	1.2391	-1178.402124	
MD16G005630	MD13G007220	0.1798	494.6	1284.4	0.2137	0.0296	0.1386	-2863.334484	
MD16G005640	MD13G007230	0.1968	239.5	678.5	0.0468	0.0104	0.2221	-1446.907355	
MD16G005650	MD13G007240	50.0000	90.8	275.2	0.0287	1.7706	61.7942	-986.100668	
MD16G005660	MD13G007270	0.4419	166.1	529.9	0.4300	0.1119	0.2602	-1288.938946	
MD16G005680	MD13G007310	8.9162	138.9	368.1	0.0522	0.4975	9.5302	-1233.543551	
MD16G005690	MD13G007340	0.2426	188.5	621.5	0.2301	0.0455	0.1976	-1336.872120	
MD16G005830	MD13G007530	0.3163	89.1	225.9	0.1787	0.0458	0.2566	-534.847851	
MD16G005850	MD13G007540	0.2508	127.6	400.4	0.1919	0.0415	0.2160	-868.068996	
MD16G005920	MD13G007600	0.3306	221.9	819.1	0.2148	0.0619	0.2883	-1806.659338	
MD16G005970	MD13G007650	0.3011	238.9	778.1	0.1403	0.0411	0.2933	-1690.455692	
MD16G006000	MD13G007670	0.1285	385.7	1057.3	0.0817	0.0107	0.1309	-2197.411081	
MD16G006010	MD13G007690	0.3288	469.0	1403.0	0.3753	0.0774	0.2061	-3239.874455	
MD16G006020	MD13G007700	0.2831	662.4	1881.6	0.3706	0.0654	0.1766	-4379.930843	
MD16G006030	MD13G007710	0.6471	176.3	666.7	0.2806	0.1404	0.5003	-1628.639759	
MD16G006040	MD13G007720	0.4663	315.1	812.9	0.5406	0.1256	0.2324	-2106.083360	
MD16G006050	MD13G007730	0.1355	233.7	693.3	0.1528	0.0188	0.1233	-1430.877822	
MD16G006170	MD13G007790	0.2275	498.2	1562.8	0.1777	0.0358	0.2014	-3275.856285	
MD16G006180	MD13G007810	0.4285	276.5	851.5	0.2941	0.0899	0.3058	-2068.550514	
MD16G006230	MD13G007870	0.3121	426.4	1283.6	0.4482	0.0796	0.1776	-2975.952652	
MD07G017420	MD01G018190	0.2339	199.7	550.3	0.0762	0.0184	0.2420	-1203.994827	
MD07G017430	MD01G018200	0.3048	152.4	474.6	0.4452	0.0780	0.1751	-1095.108635	
MD07G017510	MD01G018340	0.1382	145.0	374.0	0.2007	0.0218	0.1086	-805.189086	
MD07G017530	MD01G018380	0.1311	411.9	1196.1	0.1735	0.0197	0.1135	-2444.007362	
MD07G017540	MD01G018390	0.1566	92.0	229.0	0.2323	0.0268	0.1154	-481.442192	
MD07G017610	MD01G018420	0.2917	71.1	231.9	0.6763	0.0874	0.1293	-518.617932	
MD07G017640	MD01G018480	0.3898	197.0	511.0	0.5392	0.1050	0.1947	-1272.136587	
MD07G017660	MD01G018500	0.4414	433.9	1342.1	0.3669	0.1035	0.2821	-3321.494153	
MD07G017790	MD01G018550	0.1747	294.6	779.4	0.0904	0.0155	0.1714	-1673.104350	
MD07G017960	MD01G018690	0.2256	191.3	489.7	0.2944	0.0449	0.1527	-1113.665982	
MD07G018030	MD01G018730	0.2100	190.3	589.7	0.0750	0.0175	0.2328	-1227.023044	
MD07G018050	MD01G018750	1.4964	124.3	325.7	0.6652	0.4379	0.6584	-1070.376940	
MD07G018060	MD01G018770	0.2301	277.7	778.3	0.1056	0.0238	0.2250	-1714.793357	
MD07G018190	MD01G018900	50.0000	159.7	596.3	0.0268	1.9221	71.7290	-2023.034189	
MD07G018210	MD01G018910	0.1873	135.8	338.2	0.2488	0.0335	0.1346	-761.896929	
MD07G018220	MD01G018920	0.2997	111.0	276.0	0.2596	0.0549	0.2117	-661.738342	
MD07G018240	MD01G018930	0.2542	135.4	455.6	0.2021	0.0445	0.2201	-985.582769	
MD07G018250	MD01G018940	0.5081	137.6	573.4	0.2385	0.1047	0.4388	-1311.438786	
MD07G018260	MD01G018950	0.5951	205.7	619.3	0.3470	0.1350	0.3891	-1605.213025	
MD07G018280	MD01G018990	0.2714	127.5	415.5	0.3160	0.0600	0.1898	-908.270690	
MD07G018360	MD01G019030	0.4433	294.1	839.9	0.2991	0.0919	0.3073	-2073.049054	
MD07G018400	MD01G019060	0.5745	97.5	289.5	0.4537	0.1469	0.3238	-749.603368	
MD07G018410	MD01G019100	0.6273	133.7	481.3	0.3491	0.1488	0.4262	-1213.213910	
MD07G018420	MD01G019110	0.5220	83.0	271.0	0.4029	0.1291	0.3205	-673.481766	
MD07G018440	MD01G019120	0.4617	136.5	352.5	0.5416	0.1245	0.2298	-909.582365	
MD07G018520	MD01G019150	0.2835	110.3	318.7	0.3118	0.0603	0.1934	-730.165476	
MD07G018530	MD01G019130	0.4004	350.1	1092.9	0.4342	0.1014	0.2335	-2648.265340	
MD07G018570	MD01G019160	0.1590	124.6	376.4	0.0010	0.0002	0.2124	-751.081529	
MD07G020740	MD01G022560	0.1858	126.0	282.0	0.2653	0.0334	0.1258	-654.072118	
MD07G020960	MD01G022690	50.0000	106.9	322.1	0.0208	1.3062	62.9438	-1137.043225	
MD07G021000	MD01G022800	0.1582	107.1	351.9	0.1325	0.0209	0.1574	-708.093188	
MD07G021040	MD01G022850	0.3902	205.1	553.9	0.2430	0.0706	0.2907	-1360.159002	
MD07G021120	MD01G022920	0.3493	190.7	505.3	0.3448	0.0766	0.2220	-1219.771561	
MD07G021130	MD01G022930	0.2326	158.5	462.5	0.0811	0.0199	0.2457	-989.225413	
MD07G021210	MD01G023010	50.0000	90.9	371.1	0.0134	1.0789	80.2823	-1221.264525	
MD07G021220	MD01G023020	0.3038	480.8	1283.2	0.5284	0.0815	0.1542	-3004.218131	
MD07G021230	MD01G023030	0.1559	212.5	600.5	0.1297	0.0189	0.1455	-1255.036562	
MD07G021400	MD01G023280	0.1665	357.9	1001.1	0.1640	0.0237	0.1444	-2158.413017	
MD07G021410	MD01G023290	0.1620	251.4	750.6	0.1395	0.0212	0.1520	-1552.429855	
MD07G021510	MD01G023410	0.3651	1013.0	3562.0	0.4631	0.0968	0.2091	-8173.561583	
MD07G021610	MD01G023540	0.1551	343.2	847.8	0.2471	0.0275	0.1114	-1885.171706	
MD07G021620	MD01G023530	0.2063	373.2	1054.8	0.2386	0.0375	0.1572	-2320.405962	
MD07G021630	MD01G023490	0.1638	676.7	2014.3	0.1970	0.0270	0.1368	-4233.978076	
MD07G021650	MD01G023450	0.3221	237.2	704.8	0.4655	0.0833	0.1789	-1656.126894	
MD04G005310	MD13G011140	0.2188	153.9	458.1	0.1435	0.0292	0.2032	-993.265718	
MD04G005350	MD13G011110	0.3751	152.1	366.9	0.6082	0.1052	0.1729	-935.207919	
MD04G005520	MD13G010950	0.3458	165.5	449.5	0.4381	0.0857	0.1956	-1094.661730	
MD04G005620	MD13G010870	0.2235	246.9	578.1	0.3928	0.0509	0.1297	-1357.523206	
MD04G005980	MD13G010540	0.1589	500.0	1720.0	0.1044	0.0181	0.1730	-3439.743648	
MD04G006000	MD13G010520	0.7723	162.6	479.4	0.4976	0.2050	0.4121	-1341.553665	
MD04G006060	MD13G010480	0.3903	178.4	517.6	0.3704	0.0906	0.2447	-1256.148940	
MD04G006140	MD13G010420	0.2828	252.3	776.7	0.5019	0.0758	0.1511	-1771.091983	
MD07G017010	MD01G017500	0.2352	214.6	607.4	0.0830	0.0202	0.2432	-1313.230686	
MD07G017040	MD01G017520	0.5427	112.9	412.1	0.4706	0.1456	0.3095	-1008.972368	
MD07G017050	MD01G017540	0.5754	58.5	301.5	0.3686	0.1500	0.4070	-670.175786	
MD07G017060	MD01G017560	0.2217	248.6	651.4	0.2779	0.0430	0.1548	-1484.724051	
MD07G017070	MD01G017570	0.2396	237.6	728.4	0.1626	0.0352	0.2167	-1597.334790	
MD07G017170	MD01G017700	0.5200	357.8	1070.2	0.5088	0.1396	0.2743	-2740.357915	
MD07G017230	MD01G017720	0.5971	226.5	589.5	0.3944	0.1396	0.3538	-1569.126217	
MD07G017250	MD01G017730	2.4660	111.7	326.3	0.7019	0.7417	1.0567	-1113.025382	
MD07G019760	MD01G021630	0.2792	231.7	785.3	0.1852	0.0465	0.2510	-1712.117630	
MD07G019810	MD01G021680	0.1550	227.8	696.2	0.0474	0.0087	0.1830	-1423.270353	
MD07G019900	MD01G021880	0.4954	79.5	493.5	0.3557	0.1319	0.3709	-1033.150457	
MD07G020020	MD01G022000	1.0710	114.8	332.2	1.1159	0.3668	0.3287	-1002.193013	
MD07G020110	MD01G022150	0.6221	172.0	572.0	0.3973	0.1535	0.3864	-1483.055715	
MD07G020210	MD01G022250	0.1812	287.2	777.8	0.3270	0.0388	0.1188	-1699.455636	
MD14G016600	MD01G023100	0.2547	217.2	517.8	0.3617	0.0558	0.1543	-1234.540851	
MD14G016610	MD01G023110	0.6472	117.3	293.7	0.3890	0.1490	0.3829	-794.309548	
MD14G016640	MD01G023140	0.1582	145.3	421.7	0.0387	0.0072	0.1851	-868.666945	
MD14G016660	MD01G023160	0.2693	115.9	718.1	0.0888	0.0370	0.4166	-1299.236114	
MD14G016670	MD01G023170	0.1803	360.5	971.5	0.2229	0.0309	0.1388	-2120.002910	
MD14G016690	MD01G023220	0.2379	300.9	743.1	0.1642	0.0322	0.1958	-1712.405678	
MD13G025600	MD15G000790	3.4785	237.1	734.9	0.3115	0.7533	2.4183	-2486.519054	
MD13G025910	MD15G000470	5.8554	267.5	902.5	0.0512	0.3726	7.2800	-2776.194149	
MD13G026060	MD15G000420	3.6547	132.8	491.2	0.1287	0.4993	3.8786	-1520.735292	
MD13G026070	MD15G000350	2.7931	105.5	431.5	0.1530	0.4461	2.9151	-1287.009748	
MD13G026220	MD15G000210	5.9053	204.1	656.9	0.0855	0.5568	6.5121	-2157.791619	
MD07G018400	MD01G020130	24.8286	113.7	333.3	0.0191	0.5884	30.8241	-1119.431860	
MD07G018710	MD01G020420	0.4521	141.0	519.0	0.2710	0.0957	0.3531	-1200.431731	
MD07G018810	MD01G020500	0.1307	158.1	513.9	0.0669	0.0102	0.1521	-1024.078975	
MD07G018950	MD01G020570	0.4366	124.7	277.3	0.6596	0.1255	0.1902	-727.974310	
MD07G019020	MD01G020660	0.2502	96.8	302.2	0.3188	0.0549	0.1722	-668.571953	
MD07G019040	MD01G020690	0.2218	174.9	566.1	0.1729	0.0347	0.2008	-1216.419633	
MD05G007820	MD05G007240	0.3517	305.1	807.9	0.2177	0.0591	0.2712	-1955.861568	
MD05G007850	MD05G007280	0.2535	113.7	369.3	0.3998	0.0624	0.1561	-823.241923	
MD05G007900	MD05G007320	0.1756	498.1	1421.9	0.2359	0.0318	0.1348	-3044.209043	
MD05G008020	MD05G007390	0.2102	134.9	354.1	0.2174	0.0351	0.1617	-793.590388	
MD05G008030	MD05G007410	0.2618	185.1	573.9	0.3207	0.0575	0.1794	-1278.643246	
MD06G014460	MD13G006450	4.9593	123.4	332.6	0.1034	0.4940	4.7777	-1111.135845	
MD06G014500	MD13G006360	1.8533	106.3	277.7	0.2051	0.2980	1.4530	-875.921708	
MD06G014590	MD13G006170	9.0182	137.7	438.3	0.1224	1.1081	9.0495	-1525.528284	
MD03G019230	MD10G024210	1.5850	314.4	828.6	0.1140	0.1684	1.4769	-2393.565133	
MD03G019320	MD10G024090	1.9855	151.4	493.6	0.1911	0.3320	1.7372	-1504.823848	
MD03G019420	MD10G024050	2.5282	566.3	1845.7	0.2640	0.5093	1.9293	-5768.834619	
MD03G019540	MD10G023830	14.9405	282.0	882.0	0.0181	0.3525	19.4559	-2754.608728	
MD03G019740	MD10G023680	3.9698	145.1	445.9	0.1152	0.4585	3.9806	-1447.300681	
MD03G019300	MD11G021610	0.4430	235.8	634.2	0.3812	0.1026	0.2690	-1611.842055	
MD03G019320	MD11G021620	0.2712	157.0	488.0	0.2623	0.0537	0.2046	-1088.527189	
MD10G024090	MD11G021620	2.0010	146.2	498.8	0.1742	0.3215	1.8461	-1499.007996	
MD03G019500	MD11G021840	0.3618	178.4	562.6	0.2588	0.0714	0.2757	-1309.698080	
MD03G019570	MD11G021960	1.2168	131.2	438.8	0.8413	0.3887	0.4620	-1282.178808	
MD00G209230	MD07G021250	0.0040	174.7	569.3	99.0000	0.0017	0.0000	-1005.205913	
MD00G209250	MD07G021260	0.3039	112.1	382.9	0.3037	0.0667	0.2196	-843.648439	
MD00G209260	MD07G021270	0.0626	390.7	1331.3	0.2852	0.0133	0.0466	-2491.447639	
MD00G209290	MD07G021300	0.0000	83.6	429.4	0.0010	0.0000	0.0000	-681.571519	
MD03G010590	MD11G011460	0.2097	94.8	250.2	0.0766	0.0162	0.2117	-555.163081	
MD03G010600	MD11G011450	0.3144	99.4	371.6	0.2220	0.0603	0.2715	-799.121974	
MD03G010690	MD11G011380	0.3255	158.5	441.5	0.4707	0.0836	0.1777	-1037.396576	
MD03G010720	MD11G011370	0.1929	132.1	383.9	0.2776	0.0386	0.1390	-796.561750	
MD03G000260	MD13G026040	0.2313	270.6	764.4	0.2608	0.0443	0.1698	-1690.246068	
MD03G000270	MD13G026060	0.8947	111.3	455.7	0.4895	0.2476	0.5057	-1208.696151	
MD03G000340	MD13G026070	0.3276	136.0	482.0	0.4226	0.0840	0.1986	-1068.484867	
MD06G015710	MD13G004690	1.7683	200.7	576.3	0.1667	0.2572	1.5433	-1729.463001	
MD06G015810	MD13G004560	1.1392	147.5	440.5	0.0961	0.1130	1.1761	-1181.779382	
MD06G015860	MD13G004460	50.0000	131.7	513.3	0.0075	0.5944	79.2899	-1622.051508	
MD01G011800	MD03G007470	2.8869	276.9	914.1	0.1410	0.3982	2.8249	-2809.802311	
MD01G011950	MD03G007340	1.4743	163.3	475.7	0.0328	0.0576	1.7553	-1204.515318	
MD01G012070	MD03G007260	7.1045	92.6	315.4	0.2999	1.5482	5.1621	-1101.525079	
MD05G003710	MD10G024140	0.1709	244.1	760.9	0.1949	0.0284	0.1459	-1600.680144	
MD05G003780	MD10G024090	0.6576	155.3	489.7	0.4984	0.1765	0.3541	-1304.229811	
MD05G003820	MD10G024070	0.2121	152.1	411.9	0.3247	0.0453	0.1395	-929.259566	
MD05G003960	MD10G023960	1.9924	141.5	470.5	0.1613	0.3015	1.8697	-1406.732099	
MD05G004850	MD10G023100	0.7431	99.1	287.9	0.5814	0.2091	0.3597	-797.370936	
MD05G004900	MD10G023040	0.9770	372.1	956.9	0.2737	0.1869	0.6826	-2794.117248	
MD05G004980	MD10G022940	0.3961	274.8	814.2	0.6199	0.1144	0.1845	-1975.927151	
MD05G005160	MD10G022830	0.3018	156.3	470.7	0.4495	0.0771	0.1714	-1090.612523	
MD06G018950	MD14G021750	1.9809	113.4	405.6	0.2502	0.3991	1.5950	-1231.560644	
MD06G019020	MD14G021790	0.4702	241.5	748.5	0.3348	0.1056	0.3153	-1847.623149	
MD06G019230	MD14G021970	0.2394	140.6	459.4	0.1848	0.0392	0.2123	-985.152749	
MD06G019270	MD14G021980	0.2002	510.8	1451.2	0.1445	0.0263	0.1817	-3141.773970	
MD03G019300	MD11G021610	0.4430	235.8	634.2	0.3812	0.1026	0.2690	-1611.842055	
MD03G019320	MD11G021620	0.2712	157.0	488.0	0.2623	0.0537	0.2046	-1088.527189	
MD03G019500	MD11G021840	0.3618	178.4	562.6	0.2588	0.0714	0.2757	-1309.698080	
MD03G019570	MD11G021960	1.2168	131.2	438.8	0.8413	0.3887	0.4620	-1282.178808	
MD06G015810	MD17G004270	1.8227	146.1	441.9	0.0509	0.1079	2.1191	-1195.121148	
MD06G015980	MD17G004410	7.2464	105.3	299.7	0.5459	1.9859	3.6378	-1074.965129	
MD06G016030	MD17G004500	3.3760	90.5	272.5	0.1377	0.4394	3.1899	-878.978078	
MD06G016320	MD17G004770	50.0000	101.8	342.2	0.0126	0.8795	69.7538	-1138.810543	
MD07G020600	MD14G012880	2.9383	223.4	664.6	0.2862	0.6018	2.1030	-2250.431812	
MD07G020610	MD14G012890	3.9983	197.0	532.0	0.2021	0.6448	3.1911	-1837.722543	
MD07G020660	MD14G013060	1.9673	311.6	885.4	0.2269	0.3475	1.5317	-2800.918564	
MD07G020740	MD14G013240	50.0000	135.2	383.8	0.0046	0.2921	63.1286	-1189.581773	
MD11G025730	MD13G018820	50.0000	177.5	383.5	0.0097	0.5016	51.5808	-1371.951258	
MD11G025760	MD13G018690	2.3241	158.5	543.5	0.2166	0.4265	1.9693	-1697.344035	
MD11G025820	MD13G018560	3.3463	105.6	377.4	0.2237	0.6344	2.8353	-1200.275947	
MD11G025830	MD13G018460	1.2333	102.8	428.2	0.0451	0.0807	1.7882	-1025.100831	
MD00G463170	MD15G029800	2.6899	209.2	822.8	0.5062	0.7486	1.4788	-2606.882677	
MD00G463180	MD15G029790	0.4910	232.4	772.6	0.4185	0.1239	0.2960	-1909.603554	
MD00G463190	MD15G029780	0.2806	327.5	737.5	0.7461	0.0847	0.1135	-1811.658477	
MD00G193620	MD10G023810	0.2812	185.1	597.9	0.3607	0.0661	0.1831	-1345.869960	
MD00G193630	MD10G023800	0.4167	93.6	335.4	0.3521	0.0991	0.2815	-788.188101	
MD00G193640	MD10G023790	1.1168	167.4	447.6	0.4971	0.2919	0.5871	-1354.921672	
MD05G012380	MD10G020540	0.5322	275.1	861.9	0.3657	0.1250	0.3417	-2189.053964	
MD05G012390	MD10G020530	0.1496	602.9	1722.1	0.1656	0.0216	0.1305	-3584.294999	
MD05G012400	MD10G020520	0.3427	270.2	932.8	0.1746	0.0554	0.3173	-2075.500785	
MD00G132570	MD08G000510	0.1461	98.9	432.1	0.1064	0.0190	0.1785	-820.983379	
MD00G132600	MD08G000480	0.2065	423.9	1247.1	0.2944	0.0428	0.1454	-2702.528463	
MD00G132610	MD08G000470	0.3339	142.5	454.5	0.3282	0.0748	0.2279	-1045.032447	
MD06G020600	MD14G022920	0.1010	313.3	943.7	0.1490	0.0139	0.0932	-1882.071191	
MD06G020640	MD14G022950	0.5621	156.2	434.8	0.4225	0.1376	0.3257	-1144.695426	
MD00G475600	MD07G021340	0.1463	117.1	365.9	0.1100	0.0165	0.1497	-752.334047	
MD00G475620	MD07G021310	0.2440	224.9	525.1	0.2134	0.0386	0.1811	-1209.232891	
MD00G475630	MD07G021300	0.8706	118.5	394.5	0.5055	0.2367	0.4683	-1071.837316	
MD00G034900	MD01G012770	0.1552	304.3	778.7	0.0565	0.0091	0.1609	-1664.393011	
MD00G034920	MD01G012760	0.1863	265.3	670.7	0.2760	0.0356	0.1290	-1494.257670	
MD00G034940	MD01G012740	0.1451	329.1	873.9	0.1102	0.0151	0.1368	-1859.551597	
MD05G013730	MD10G014130	0.1006	114.8	254.2	0.0890	0.0080	0.0900	-528.801090	
MD05G013750	MD10G014100	0.2785	135.5	437.5	0.2960	0.0594	0.2007	-960.570667	
MD05G013760	MD10G014090	0.1468	262.3	886.7	0.1315	0.0195	0.1484	-1784.116073	
MD00G196210	MD06G019930	0.1455	86.7	288.3	0.2212	0.0267	0.1209	-580.131323	
MD16G001180	MD06G018570	3.2760	234.9	665.1	0.1135	0.3594	3.1668	-2130.968681	
MD16G001200	MD06G018560	2.8716	356.9	1002.1	0.1539	0.3917	2.5447	-3220.780357	
MD16G001220	MD06G018520	2.3657	371.1	1002.9	0.1416	0.2990	2.1118	-3187.109161	
MD08G000440	MD12G014260	0.2370	693.0	1974.0	0.4094	0.0575	0.1403	-4399.502544	
MD08G000460	MD12G014270	50.0000	154.0	299.0	1.2297	17.7967	14.4725	-1220.382330	
MD08G000480	MD12G014280	0.2492	416.1	1254.9	0.3477	0.0566	0.1628	-2782.844070	
MD08G002230	MD10G007640	0.1596	287.0	832.0	0.3159	0.0342	0.1082	-1786.140515	
MD08G002300	MD10G007560	0.3348	154.9	448.1	0.3100	0.0710	0.2291	-1066.838257	
MD17G014280	MD13G026420	0.2087	91.7	274.3	0.1892	0.0335	0.1773	-596.160439	
MD17G014300	MD13G026440	0.1746	193.2	475.8	0.2999	0.0348	0.1159	-1050.101413	
MD13G025650	MD15G027410	0.9122	154.3	511.7	0.4356	0.2339	0.5368	-1428.685657	
MD13G025720	MD15G027360	0.1973	285.6	785.4	0.2600	0.0374	0.1438	-1716.487034	
MD13G025730	MD15G027350	0.2512	273.5	794.5	0.2142	0.0432	0.2015	-1763.540542	
MD05G020130	MD02G028350	0.0738	213.0	609.0	0.0384	0.0033	0.0855	-1196.979500	
MD05G020140	MD02G028340	0.2162	165.6	503.4	0.1274	0.0267	0.2098	-1081.132030	
MD05G020170	MD02G028280	0.4562	249.1	959.9	0.1620	0.0736	0.4544	-2158.142827	
MD04G009730	MD03G006620	1.2563	107.9	276.1	0.2220	0.2110	0.9504	-816.475272	
MD04G009740	MD03G006590	1.2520	223.8	685.2	0.1007	0.1305	1.2956	-1835.268517	
MD04G009850	MD03G006490	2.3998	162.8	437.2	0.2466	0.4374	1.7738	-1418.823078	
MD04G010340	MD01G012800	1.9818	120.3	308.7	0.2261	0.3371	1.4907	-994.746566	
MD04G010380	MD01G012810	2.3130	159.2	515.8	0.2378	0.4391	1.8464	-1626.082141	
MD04G010430	MD01G012820	1.5667	532.6	1606.4	0.0761	0.1298	1.7059	-4345.817916	
MD06G011030	MD14G012880	0.3120	221.5	660.5	0.5557	0.0866	0.1558	-1555.142206	
MD06G011090	MD14G012950	0.1427	111.7	350.3	0.0959	0.0145	0.1512	-714.411686	
MD06G011170	MD14G013010	0.2689	280.3	703.7	0.3790	0.0611	0.1612	-1647.296756	
MD09G017130	MD15G015910	3.4679	112.4	295.6	0.0344	0.1324	3.8489	-841.072327	
MD09G017180	MD15G016010	1.0817	295.4	940.6	0.1233	0.1336	1.0835	-2520.796712	
MD14G016540	MD01G023060	0.3936	142.6	382.4	0.3408	0.0860	0.2524	-952.195321	
MD14G016720	MD01G023230	0.3814	92.9	357.1	0.3323	0.0898	0.2704	-798.478607	
MD14G016730	MD01G023240	0.2172	411.2	1265.8	0.2458	0.0413	0.1681	-2773.227636	
MD01G012320	MD01G010730	0.2466	184.4	448.6	0.2423	0.0430	0.1775	-1045.982494	
MD01G012340	MD01G010720	0.2869	164.4	456.6	0.1427	0.0369	0.2586	-1031.982036	
MD01G012450	MD01G010680	0.1966	105.5	314.5	0.0771	0.0163	0.2121	-666.719497	
MD03G018900	MD11G020760	0.3164	179.0	568.0	0.2188	0.0568	0.2598	-1299.779936	
MD03G018990	MD11G020810	0.1379	154.7	415.3	0.0010	0.0002	0.1689	-857.649310	
MD03G006280	MD11G007410	0.2428	140.7	462.3	0.7412	0.0748	0.1010	-995.117954	
MD03G006490	MD11G007630	1.5734	102.2	308.8	0.2520	0.3017	1.1976	-927.911074	
MD03G006520	MD11G007660	1.5809	347.4	1065.6	0.2616	0.3111	1.1890	-3220.191002	
MD16G004080	MD13G005100	0.2005	211.6	544.4	0.1569	0.0267	0.1702	-1219.237451	
MD16G004210	MD13G005270	0.2000	106.6	322.4	0.1378	0.0261	0.1894	-687.878201	
MD16G004340	MD13G005380	0.4056	351.5	1049.5	0.5273	0.1104	0.2093	-2583.122625	
MD14G000140	MD12G000460	0.1902	148.7	451.3	0.3464	0.0432	0.1247	-962.431835	
MD14G000170	MD12G000520	0.2543	241.9	682.1	0.2638	0.0490	0.1857	-1555.957332	
MD12G015210	MD10G007920	2.8448	151.6	442.4	0.1098	0.3089	2.8140	-1370.509956	
MD12G015240	MD10G007810	9.0819	134.7	504.3	0.0167	0.2259	13.5115	-1398.520622	
MD12G015420	MD10G007640	2.5248	297.9	818.1	0.1677	0.3620	2.1591	-2624.255460	
MD04G002460	MD07G019480	50.0000	115.7	400.3	0.0121	0.8626	71.3652	-1339.667064	
MD04G002570	MD07G019410	50.0000	133.9	403.1	0.0077	0.5010	65.3539	-1299.949516	
MD04G002730	MD07G019260	50.0000	140.8	354.2	0.0153	0.8631	56.4332	-1281.513101	
MD07G019810	MD02G017210	2.1221	209.7	684.3	0.0874	0.2051	2.3461	-1965.147642	
MD07G019830	MD02G017170	18.0836	113.9	303.1	0.0163	0.3453	21.1569	-951.859782	
MD07G019940	MD02G016970	3.5150	129.3	383.7	0.4517	0.8972	1.9860	-1342.365708	
MD04G016120	MD12G021420	0.3031	147.9	620.1	0.1949	0.0563	0.2888	-1314.486438	
MD04G016210	MD12G021490	8.9043	203.5	627.5	0.0474	0.5009	10.5775	-2025.126442	
MD05G016560	MD10G011470	0.3779	119.7	369.3	0.3270	0.0838	0.2562	-877.417691	
MD05G016770	MD10G011320	50.0000	143.4	531.6	0.0051	0.3961	76.9619	-1572.119926	
MD05G016870	MD10G011200	0.1953	138.4	317.6	0.0323	0.0064	0.1996	-689.349458	
MD08G000430	MD12G014200	0.1700	592.5	1591.5	0.1739	0.0248	0.1424	-3447.560688	
MD08G000700	MD12G014410	0.2509	202.3	568.7	0.2202	0.0434	0.1969	-1284.769087	
MD12G014600	MD12G008000	50.0000	186.9	569.1	0.0135	0.8752	64.7534	-1979.490061	
MD05G024330	MD09G014510	1.4873	151.7	490.3	0.4114	0.3705	0.9006	-1450.607381	
MD05G024460	MD09G014800	9.5828	116.8	375.2	0.1015	1.0301	10.1493	-1271.943420	
MD08G002210	MD11G018720	0.1599	253.8	799.2	0.1842	0.0258	0.1400	-1640.757207	
MD08G002370	MD11G018700	0.1979	89.0	277.0	0.4329	0.0500	0.1156	-580.777592	
MD07G019320	MD05G017960	50.0000	182.3	567.7	0.0138	0.9070	65.7613	-1978.347608	
MD07G019410	MD05G017810	50.0000	133.6	400.4	0.0081	0.5246	65.0477	-1328.996780	
MD07G019480	MD05G017640	21.6292	108.3	386.7	0.0516	1.4354	27.8393	-1318.146770	
MD01G018780	MD11G015020	37.1554	439.4	1291.6	0.0112	0.5282	47.2331	-4336.657887	
MD01G018900	MD11G015070	15.9243	173.6	582.4	0.1243	2.0271	16.3133	-2014.787549	
MD01G019060	MD11G015100	50.0000	124.7	346.3	0.0115	0.7026	60.9857	-1199.575869	
MD05G024030	MD05G017810	50.0000	116.9	417.1	0.0099	0.7275	73.5141	-1359.820035	
MD05G024460	MD05G017350	50.0000	130.6	406.4	0.0089	0.5946	66.6793	-1342.990123	
MD02G006390	MD15G014580	0.2835	259.2	697.8	0.6234	0.0812	0.1303	-1645.379563	
MD02G006560	MD15G014740	0.1647	242.7	663.3	0.4620	0.0419	0.0906	-1437.097939	
MD05G017810	MD09G013890	50.0000	130.7	403.3	0.0076	0.5047	66.5198	-1311.039570	
MD07G017240	MD12G014650	50.0000	137.8	453.2	0.0115	0.7903	68.8617	-1539.539301	
MD07G017420	MD12G014600	7.5980	183.0	567.0	0.1051	0.8229	7.8285	-1962.300918	
MD16G004850	MD13G006140	0.1333	121.2	334.8	0.3789	0.0309	0.0817	-699.102635
MD16G005460	MD13G006870	0.1264	344.5	924.5	0.0471	0.0065	0.1378	-1905.805823
MD16G005520	MD13G006890	0.5176	831.3	2669.7	0.3709	0.1230	0.3316	-6696.885813
MD07G017390	MD01G018120	10.2518	498.3	1553.7	0.1018	1.0872	10.6825	-5365.744449
MD07G017650	MD01G018490	0.2660	170.2	441.8	0.3325	0.0569	0.1711	-1037.239290
MD07G018330	MD01G019010	0.3987	176.9	471.1	0.3033	0.0817	0.2693	-1154.529891
MD07G021090	MD01G022890	0.4353	112.0	353.0	0.2662	0.0872	0.3276	-834.104746
MD07G021440	MD01G023320	1.2078	394.5	1240.5	0.5827	0.3433	0.5891	-3736.983158
MD04G005710	MD13G010740	0.2453	172.6	469.4	0.1859	0.0376	0.2020	-1064.102927
MD07G019730	MD01G021610	0.3833	168.3	584.7	0.5035	0.1047	0.2079	-1356.692219
MD13G025850	MD15G000530	2.0831	206.7	699.3	0.0929	0.2152	2.3159	-1973.661712
MD06G014470	MD13G006440	1.8289	152.0	460.0	0.0777	0.1544	1.9874	-1287.529687
MD06G014530	MD13G006300	50.0000	307.6	877.4	0.0206	1.2463	60.6474	-3161.053829
MD03G000220	MD13G026020	0.1515	202.6	652.4	0.0994	0.0160	0.1614	-1318.312631
MD06G015790	MD13G004570	2.1263	251.4	798.6	0.2115	0.3745	1.7706	-2442.002122
MD01G011810	MD03G007490	3.2110	109.3	361.7	0.1310	0.4215	3.2184	-1138.698449
MD06G020610	MD14G022930	0.1596	130.7	325.3	0.6076	0.0449	0.0739	-694.440361
MD00G196190	MD06G019920	1.2771	163.6	511.4	0.6845	0.3829	0.5595	-1521.376036
MD00G196230	MD06G019950	0.4097	804.2	2540.8	0.3494	0.0943	0.2700	-6121.201789
MD08G002280	MD10G007590	0.4295	226.2	640.8	0.2207	0.0745	0.3376	-1554.763745
MD17G014230	MD13G026400	0.5217	517.0	1256.0	0.3331	0.1098	0.3296	-3288.258947
MD09G017190	MD15G016020	3.6925	135.6	434.4	0.1768	0.5839	3.3026	-1423.504994
MD03G019060	MD11G020960	0.1344	130.3	355.7	0.0010	0.0002	0.1666	-711.148451
MD14G000300	MD12G000690	0.2039	192.3	482.7	0.2505	0.0367	0.1464	-1058.122801
MD04G015900	MD12G021240	0.2364	141.9	437.1	0.0231	0.0069	0.3002	-908.117322
MD08G000390	MD12G014170	0.3500	436.2	1219.8	0.2290	0.0618	0.2700	-2888.713011
MD12G014780	MD12G008130	5.9952	143.1	384.9	0.0617	0.3903	6.3240	-1247.538484
MD12G014970	MD12G008350	50.0000	251.8	762.2	0.0156	0.9979	64.1007	-2661.204349
MD05G024350	MD09G014640	50.0000	169.9	502.1	0.0224	1.3829	61.8389	-1814.343958
MD08G002040	MD11G018900	0.1751	261.1	755.9	0.2190	0.0305	0.1391	-1591.172062
MD05G024180	MD05G017630	50.0000	107.0	373.0	0.0140	0.9947	71.2781	-1272.098919
MD02G006070	MD15G014260	0.4626	137.9	438.1	0.2216	0.0837	0.3779	-1049.521965
MD05G017630	MD09G013680	50.0000	118.1	340.9	0.0154	0.9552	62.0235	-1196.036743
MD05G018120	MD09G014220	3.1955	91.8	316.2	0.1849	0.5349	2.8928	-999.287342
MD07G017650	MD12G014420	3.9531	135.8	467.2	0.1502	0.5793	3.8575	-1509.766990
