PDK_30s1053721L001	PDK_30s1089221L009	0.5717	275.8	816.2	0.3016	0.1202	0.3987	-2093.182716	
PDK_30s1053721L003	PDK_30s1089221L007	1.5305	107.1	318.9	0.5277	0.4165	0.7891	-1005.301236	
PDK_30s1053721L004	PDK_30s1089221L005	0.3039	389.1	1005.9	0.1687	0.0427	0.2529	-2325.883157	
PDK_30s1053721L005	PDK_30s1089221L004	1.7748	101.3	297.7	0.5994	0.5058	0.8438	-960.357604	
PDK_30s1053721L006	PDK_30s1089221L003	0.6103	252.9	728.1	0.3667	0.1407	0.3839	-1925.920561	
PDK_30s923921L001	PDK_30s655093L003	0.2375	271.6	760.4	0.3056	0.0495	0.1621	-1702.979551	
PDK_30s923921L002	PDK_30s655093L004	0.3013	52.1	358.9	0.0904	0.0441	0.4885	-660.224064	
PDK_30s923921L003	PDK_30s655093L006	0.2699	126.2	311.8	0.1428	0.0330	0.2308	-716.649281	
PDK_30s923921L004	PDK_30s655093L008	1.2658	176.0	424.0	0.5424	0.3382	0.6236	-1338.471265	
PDK_30s923921L005	PDK_30s655093L009	0.8744	180.3	509.7	0.7793	0.2714	0.3482	-1437.159618	
PDK_30s1133351L002	PDK_30s1122801L008	0.5651	819.9	1886.1	0.5242	0.1477	0.2818	-5053.839812	
PDK_30s1133351L003	PDK_30s1122801L007	0.4006	361.4	1096.6	0.2084	0.0688	0.3300	-2578.673862	
PDK_30s1133351L004	PDK_30s1122801L006	50.0000	111.5	428.5	0.0125	0.9605	77.0571	-1375.316029	
PDK_30s1061801L001	PDK_30s925071L008	0.5546	586.5	1468.5	0.6127	0.1566	0.2556	-3932.394208	
PDK_30s1061801L002	PDK_30s925071L009	0.3727	219.0	756.0	0.1259	0.0485	0.3855	-1674.716102	
PDK_30s1061801L003	PDK_30s925071L010	0.3199	146.3	369.7	0.0895	0.0275	0.3067	-853.530219	
PDK_30s1061801L004	PDK_30s925071L011	0.2506	311.0	751.0	0.0802	0.0192	0.2390	-1719.221935	
PDK_30s1078901L001	PDK_30s749921L002	3.5817	176.2	603.8	0.4927	0.9685	1.9660	-2057.826275	
PDK_30s1078901L002	PDK_30s749921L003	0.3709	124.4	484.6	0.1975	0.0675	0.3421	-1038.879530	
PDK_30s1078901L003	PDK_30s749921L004	0.4350	840.0	2238.0	0.2322	0.0762	0.3283	-5549.118826	
PDK_30s1078901L004	PDK_30s749921L005	1.3676	250.8	895.2	0.2485	0.2743	1.1041	-2557.570904	
PDK_30s1115981L001	PDK_30s838921L001	0.7192	183.1	587.9	0.7018	0.2178	0.3103	-1546.442265	
PDK_30s1115981L003	PDK_30s838921L003	0.2254	207.2	695.8	0.1387	0.0310	0.2234	-1463.676042	
PDK_30s1115981L004	PDK_30s838921L004	0.5444	163.4	433.6	0.3801	0.1255	0.3301	-1121.235370	
PDK_30s1115981L005	PDK_30s838921L005	0.5153	292.3	703.7	0.4108	0.1209	0.2942	-1893.246258	
PDK_30s705951L005	PDK_30s702691L012	0.6145	217.4	661.6	0.3492	0.1402	0.4015	-1710.244381	
PDK_30s705951L006	PDK_30s702691L011	1.9383	85.2	232.8	0.4381	0.4808	1.0974	-771.288388	
PDK_30s705951L008	PDK_30s702691L008	0.2832	243.2	746.8	0.0796	0.0246	0.3089	-1564.924903	
PDK_30s705951L010	PDK_30s702691L006	0.4602	248.5	684.5	0.2511	0.0855	0.3405	-1715.826893	
PDK_30s844271L002	PDK_30s889901L007	0.2927	500.2	1413.8	0.1859	0.0455	0.2448	-3190.397900	
PDK_30s844271L003	PDK_30s889901L008	0.3720	248.2	777.8	0.1872	0.0605	0.3231	-1793.216062	
PDK_30s844271L004	PDK_30s889901L009	0.2605	274.4	754.6	0.1315	0.0314	0.2391	-1680.089463	
PDK_30s844271L006	PDK_30s889901L010	0.3446	280.7	967.3	0.0734	0.0299	0.4076	-2052.247565	
PDK_30s975591L006	PDK_30s1133641L004	0.3920	239.7	633.3	0.3775	0.0900	0.2383	-1574.694971	
PDK_30s975591L007	PDK_30s1133641L003	1.8795	202.8	622.2	0.4688	0.4900	1.0453	-2008.062342	
PDK_30s975591L009	PDK_30s1133641L002	0.2616	368.2	1032.8	0.1988	0.0423	0.2130	-2314.006482	
PDK_30s975591L010	PDK_30s1133641L001	0.2332	101.1	279.9	0.0936	0.0218	0.2327	-614.433647	
PDK_30s859091L002	PDK_30s949981L012	0.1952	132.3	377.7	0.0230	0.0054	0.2353	-784.703108	
PDK_30s859091L004	PDK_30s949981L010	0.2983	480.9	1334.1	0.3112	0.0627	0.2014	-3106.004219	
PDK_30s859091L006	PDK_30s949981L008	0.4276	70.3	274.7	1.2979	0.1495	0.1152	-626.899995	
PDK_30s859091L007	PDK_30s949981L007	0.3351	217.7	706.3	0.2852	0.0702	0.2463	-1607.913781	
PDK_30s909171L003	PDK_30s1042271L001	0.3701	216.2	560.8	0.3872	0.0856	0.2212	-1389.954917	
PDK_30s909171L004	PDK_30s1042271L002	0.3859	694.4	2239.6	0.4073	0.0957	0.2349	-5253.565824	
PDK_30s909171L006	PDK_30s1042271L003	0.3989	238.3	526.7	0.2675	0.0718	0.2683	-1351.775356	
PDK_30s909171L008	PDK_30s1042271L005	0.3574	148.5	373.5	0.1893	0.0537	0.2837	-884.312335	
PDK_30s844721L003	PDK_30s717671L006	1.1411	196.9	604.1	0.1511	0.1597	1.0571	-1632.855484	
PDK_30s844721L006	PDK_30s717671L010	0.4670	294.2	824.8	0.0041	0.0024	0.5852	-1801.554715	
PDK_30s844721L008	PDK_30s717671L011	1.3801	268.3	724.7	0.1779	0.2046	1.1502	-2127.744492	
PDK_30s732171L005	PDK_30s6550971L007	3.1158	109.3	397.7	0.5056	0.8578	1.6965	-1314.259367	
PDK_30s732171L006	PDK_30s6550971L006	0.4550	158.5	432.5	0.5327	0.1228	0.2305	-1093.745212	
PDK_30s732171L007	PDK_30s6550971L003	0.2033	256.3	685.7	0.2160	0.0341	0.1579	-1523.805347	
PDK_30s732171L009	PDK_30s6550971L001	0.6349	638.0	1843.0	0.6742	0.1882	0.2792	-4903.566655	
PDK_30s699271L010	PDK_30s1070141L016	2.1370	155.7	504.3	0.3159	0.4715	1.4923	-1604.292314	
PDK_30s699271L012	PDK_30s1070141L017	1.5050	142.8	568.2	0.2292	0.2994	1.3062	-1603.667543	
PDK_30s699271L016	PDK_30s1070141L021	1.7737	216.7	668.3	0.1728	0.2722	1.5750	-2007.263549	
PDK_30s699271L018	PDK_30s1070141L022	0.5708	145.3	448.7	0.0324	0.0229	0.7070	-1024.729483	
PDK_30s916311L001	PDK_30s6550989L015	0.3154	229.3	535.7	0.0780	0.0231	0.2967	-1258.279218	
PDK_30s916311L002	PDK_30s6550989L013	0.2695	140.4	519.6	0.0362	0.0135	0.3723	-1052.035462	
PDK_30s916311L004	PDK_30s6550989L008	0.3718	192.1	476.9	0.1838	0.0545	0.2964	-1148.980258	
PDK_30s913211L002	PDK_30s918561L012	0.2268	125.2	339.8	0.2695	0.0437	0.1622	-746.063407	
PDK_30s913211L007	PDK_30s918561L010	0.4383	380.5	927.5	0.3072	0.0882	0.2872	-2374.409767	
PDK_30s913211L009	PDK_30s918561L009	0.4927	228.1	620.9	0.2152	0.0830	0.3854	-1539.794018	
PDK_30s913211L010	PDK_30s918561L008	0.3777	156.1	422.9	0.3367	0.0822	0.2442	-1019.492853	
PDK_30s801031L001	PDK_30s694891L010	0.5554	272.8	882.2	0.5143	0.1514	0.2943	-2218.277016	
PDK_30s801031L003	PDK_30s694891L009	0.2915	186.6	551.4	0.1978	0.0480	0.2426	-1254.878740	
PDK_30s801031L005	PDK_30s694891L002	0.7017	296.6	942.4	0.4340	0.1783	0.4108	-2513.589083	
PDK_30s801031L006	PDK_30s694891L001	0.2327	293.6	807.4	0.1347	0.0286	0.2122	-1780.885560	
PDK_30s1081461L001	PDK_30s943301L011	0.5778	253.7	922.3	0.4286	0.1496	0.3490	-2277.239788	
PDK_30s1081461L002	PDK_30s943301L010	7.9464	211.6	673.4	0.4077	1.9660	4.8217	-2357.930442	
PDK_30s1081461L003	PDK_30s943301L009	0.6281	167.1	720.9	0.0779	0.0649	0.8327	-1570.299808	
PDK_30s991681L006	PDK_30s850581L003	50.0000	153.9	887.1	0.0038	0.4159	110.3135	-2405.704216	
PDK_30s991681L008	PDK_30s850581L004	0.1924	398.8	1011.2	0.1729	0.0273	0.1576	-2250.064157	
PDK_30s991681L009	PDK_30s850581L005	0.1750	169.2	511.8	0.0481	0.0099	0.2050	-1056.616228	
PDK_30s945591L002	PDK_30s1043421L011	0.7223	246.5	797.5	0.5036	0.1953	0.3878	-2114.112630	
PDK_30s945591L003	PDK_30s1043421L012	0.3351	195.7	593.3	0.3446	0.0759	0.2202	-1393.714694	
PDK_30s945591L004	PDK_30s1043421L013	0.4042	258.9	809.1	0.4381	0.1028	0.2346	-1917.142453	
PDK_30s699461L001	PDK_30s818991L005	0.7336	159.9	527.1	0.6077	0.2126	0.3498	-1398.065456	
PDK_30s699461L002	PDK_30s818991L006	0.5138	585.7	1952.3	0.3959	0.1267	0.3200	-4758.766260	
PDK_30s699461L003	PDK_30s818991L007	0.5942	105.8	320.2	0.3046	0.1264	0.4149	-799.095462	
PDK_30s884261L001	PDK_30s6550926L011	50.0000	228.0	693.0	0.0111	0.7227	65.1254	-2369.411749	
PDK_30s884261L002	PDK_30s6550926L010	0.4057	315.0	834.0	0.3295	0.0868	0.2634	-2062.257396	
PDK_30s884261L003	PDK_30s6550926L006	2.6933	273.5	785.5	0.2908	0.5509	1.8942	-2627.278365	
PDK_30s863811L002	PDK_30s763731L003	8.9282	292.6	826.4	0.0686	0.6540	9.5339	-2802.956374	
PDK_30s863811L003	PDK_30s763731L002	1.8769	542.6	1632.4	0.5172	0.5074	0.9812	-5114.578200	
PDK_30s863811L004	PDK_30s763731L001	1.5426	190.4	586.6	0.1490	0.2143	1.4380	-1697.237067	
PDK_30s858001L002	PDK_30s896621L004	0.3622	380.4	1056.6	0.1726	0.0532	0.3083	-2461.197228	
PDK_30s858001L003	PDK_30s896621L005	0.4052	168.5	431.5	0.2703	0.0768	0.2842	-1076.095368	
PDK_30s858001L005	PDK_30s896621L007	0.3081	148.3	433.7	0.2244	0.0546	0.2433	-1004.011481	
PDK_30s945381L005	PDK_30s692531L012	1.5508	404.4	1236.6	0.3051	0.3311	1.0852	-3749.849592	
PDK_30s945381L006	PDK_30s692531L011	0.6664	342.4	1016.6	0.0815	0.0578	0.7099	-2466.324430	
PDK_30s945381L008	PDK_30s692531L009	1.8782	114.9	425.1	0.1306	0.2591	1.9841	-1206.768304	
PDK_30s817521L002	PDK_30s724621L008	0.4860	105.7	359.3	0.2750	0.1013	0.3684	-861.331660	
PDK_30s817521L005	PDK_30s724621L010	0.5359	281.3	606.7	0.5746	0.1447	0.2518	-1653.422103	
PDK_30s672211L003	PDK_30s707661L005	0.2434	444.2	1181.8	0.1519	0.0321	0.2114	-2651.012489	
PDK_30s672211L004	PDK_30s707661L007	0.1907	223.6	589.4	0.0714	0.0139	0.1946	-1255.706761	
PDK_30s672211L005	PDK_30s707661L008	0.4699	566.2	1818.8	0.3426	0.1076	0.3141	-4348.189863	
PDK_30s687201L004	PDK_30s1070141L006	1.2196	46.5	316.5	0.0128	0.0375	2.9201	-613.052958	
PDK_30s687201L006	PDK_30s1070141L005	1.5746	274.6	730.4	0.0914	0.1412	1.5450	-2078.931310	
PDK_30s687201L008	PDK_30s1070141L004	1.0024	248.7	672.3	0.3008	0.2053	0.6824	-1936.016282	
PDK_30s1145441L003	PDK_30s1070141L005	0.3290	274.2	733.8	0.2511	0.0605	0.2411	-1744.328191	
PDK_30s1145441L004	PDK_30s1070141L004	0.4082	270.4	644.6	0.4430	0.0992	0.2239	-1654.478920	
PDK_30s1145441L006	PDK_30s1070141L003	0.3959	133.2	556.8	0.0333	0.0200	0.6001	-1085.288712	
PDK_30s1036051L004	PDK_30s707661L005	1.1357	382.1	1138.9	0.1234	0.1360	1.1016	-3094.458339	
PDK_30s1036051L005	PDK_30s707661L007	0.6342	212.1	588.9	0.0446	0.0317	0.7105	-1384.880704	
PDK_30s1036051L006	PDK_30s707661L008	1.2245	311.2	1146.8	0.2340	0.2403	1.0268	-3092.051977	
PDK_30s987241L002	PDK_30s6550938L012	0.5465	754.0	2120.0	0.5321	0.1480	0.2782	-5539.746595	
PDK_30s987241L003	PDK_30s6550938L011	0.3709	289.7	784.3	0.3653	0.0842	0.2304	-1910.785715	
PDK_30s987241L005	PDK_30s6550938L010	0.3328	112.7	505.3	0.0492	0.0245	0.4984	-997.835376	
PDK_30s1187081L006	PDK_30s1024561L004	1.1714	201.9	716.1	0.1471	0.1716	1.1668	-1876.416991	
PDK_30s1187081L007	PDK_30s1024561L005	0.8033	171.2	554.8	0.0865	0.0767	0.8867	-1352.212217	
PDK_30s1187081L011	PDK_30s1024561L009	0.9796	165.8	683.2	0.0898	0.1096	1.2206	-1646.653122	
PDK_30s790611L002	PDK_30s699271L015	0.3128	89.5	363.5	0.2380	0.0639	0.2684	-754.879916	
PDK_30s790611L003	PDK_30s699271L014	1.2209	89.5	321.5	0.4871	0.3310	0.6796	-907.896991	
PDK_30s790611L009	PDK_30s699271L010	0.7686	168.0	501.0	0.3884	0.1836	0.4727	-1367.128399	
PDK_30s790611L004	PDK_30s1070141L020	1.1303	286.4	757.6	0.1381	0.1389	1.0060	-2124.050474	
PDK_30s790611L009	PDK_30s1070141L016	1.8405	152.7	510.3	0.3161	0.4095	1.2953	-1574.830223	
PDK_30s790611L010	PDK_30s1070141L014	50.0000	78.7	260.3	0.0278	1.8249	65.7530	-909.924393	
PDK_30s704981L001	PDK_30s707661L014	2.6179	227.6	687.4	0.2067	0.4464	2.1599	-2236.299987	
PDK_30s704981L007	PDK_30s707661L018	0.3973	275.6	819.4	0.1873	0.0633	0.3380	-1935.060423	
PDK_30s704981L008	PDK_30s707661L019	0.4242	957.2	2903.8	0.4377	0.1073	0.2450	-7050.881812	
PDK_30s1133351L001	PDK_30s1122801L009	0.3562	241.2	703.8	0.2767	0.0712	0.2574	-1656.267646
PDK_30s844721L005	PDK_30s717671L008	3.4219	134.3	438.7	0.4969	0.9219	1.8554	-1453.564506
PDK_30s916311L005	PDK_30s6550989L007	0.4496	150.4	434.6	0.3077	0.0949	0.3086	-1083.802884
PDK_30s817521L006	PDK_30s724621L011	0.4301	163.0	503.0	0.5809	0.1219	0.2098	-1221.083274
