ORTHO003871	1.0	0.4707692623650543	-16.682407899255203
1.0	0.5355574569210807	-18.647878238123518	-3.930940677736629
1.0	0.5571972995971636	-18.50003949981332	-3.6352632011162314
1.0	0.5155178149127607	-17.512817020299103	-1.6608182420877995
1.0	0.5142745698471148	-17.57974787121075	-1.7946799439110919
1.0	0.5143011399127533	-17.649757122212236	-1.9346984459140657
1.0	0.5119567571824364	-17.451683476800216	-1.5385511550900262
1.0	0.5002014024556994	-17.192431674527707	-1.0200475505450086
1.0	0.5035875403065954	-17.2913555736769	-1.217895348843392
1.0	0.43225095158105736	-15.830791338979251	1.7032331205519036
1.0	0.4163819652645659	-15.425418793375409	2.5139782117595892
1.0	0.41787933288787515	-15.444664459362757	2.475486879784892
1.0	0.5097495594741008	-17.8182905821612	-2.2717653658119943
1.0	0.43661271789157524	-16.276900305116058	0.8110151882782901
1.0	0.43517625052237047	-15.72374552290088	1.917324752708648
1.0	0.4988814788000199	-17.098427434206524	-0.8320390699026419
1.0	0.40930648813550785	-15.319740445403674	2.7253349077030578
1.0	0.4353037138286897	-16.145579423641134	1.0736569512281378
1.0	0.4356788737037502	-15.813816510133128	1.7371827782441507
1.0	0.436907095013258	-15.957789163850274	1.4492374708098588
2.0	0.4498580737395557	-15.606157478058053	2.1525008423943
