ORTHO000887_1	1.0	0.4057032471652892	-17.291204556653256
2.0	0.3905475235453778	-15.941390081164021	2.699628950978468
1.0	0.4459329806853568	-18.299247531431412	-2.016085949556313
1.0	0.4501719208692162	-18.189065451275248	-1.7957217892439843
2.0	0.4334374464579331	-17.414086360373833	-0.24576360744115533
1.0	0.44290763422403456	-18.322876309848795	-2.063343506391078
1.0	0.44663985326979155	-18.121839474061986	-1.6612698348174604
1.0	0.4349049738063363	-17.85116860479724	-1.1199280962879712
1.0	0.43903608681973344	-17.955987078600348	-1.3295650438941848
2.0	0.4328078236121544	-17.352587802335307	-0.12276649136410356
2.0	0.4315005692227398	-17.373465984319267	-0.1645228553320237
2.0	0.43068061448196276	-17.355018396125164	-0.1276276789438171
2.0	0.4132707458494327	-16.74715969343247	1.0880897264415736
2.0	0.43634774409947036	-17.805966404699763	-1.0295236960930154
2.0	0.44141863823620486	-17.887554051721384	-1.1926989901362575
2.0	0.43055883126504885	-17.239659555306577	0.10309000269335655
2.0	0.44889399038593386	-17.756259688851575	-0.9301102643966388
2.0	0.4343102249408666	-17.69809784036197	-0.8137865674174307
2.0	0.4398118858987792	-17.7704758949369	-0.9585426765672906
2.0	0.432712107588151	-17.45904470160649	-0.33568028990647036
2.0	0.39211940625172925	-16.186549360904444	2.209310391497624
