ORTHO001651	2.0	0.39257316672804793	-18.26613391330888
1.0	0.4122818540312935	-19.345603584417237	-2.158939342216712
2.0	0.35739705816760686	-16.967601880855685	2.597064064906391
1.0	0.37947355516462244	-18.21340540830779	0.10545701000218344
1.0	0.378342793875516	-18.276755619184364	-0.02124341175096589
1.0	0.3728196456943245	-18.33959106052147	-0.14691429442518
1.0	0.37549991981063574	-18.137748889185655	0.25677004824645167
1.0	0.3695258916837314	-17.85408875533983	0.8240903159381006
2.0	0.36659784489956804	-17.277981161448363	1.9763055037210364
1.0	0.3801062728529223	-17.733811594155128	1.0646446383075059
1.0	0.37540573769284474	-17.67801637613176	1.1762350743542385
1.0	0.375095657029478	-17.676705729496973	1.1788563676238155
2.0	0.38620787677600676	-17.841082735729593	0.850102355158576
2.0	0.37115387840937575	-17.811279554312236	0.9097087179932899
2.0	0.3678780367389391	-17.90385019559871	0.7245674354203402
1.0	0.37008317074827274	-17.749140583545273	1.0339866595272156
2.0	0.4156548853611722	-18.454241665749002	-0.3762155048802427
2.0	0.3879023999947908	-18.05451970272833	0.4232284211610988
2.0	0.3863452814460494	-17.96912240434036	0.5940230179370403
2.0	0.36663328281601787	-17.463084864809144	1.6060980969994745
3.0	0.3770351134150575	-17.407296838660923	1.7176741492959167
