ORTHO002062	1.0	0.46491026370592303	-20.177460482292055
2.0	0.42447282685871207	-17.88050393451581	4.593913095552487
1.0	0.5496467571268839	-22.006589082347094	-3.6582572001100786
1.0	0.5042802349407157	-21.014553582878793	-1.6741862011734767
1.0	0.5030252775478774	-21.081634038661406	-1.8083471127387014
1.0	0.4303858952397452	-19.15098238968544	2.052956185213233
1.0	0.5008624474423319	-20.95287305255889	-1.550825140533668
1.0	0.49105315241469744	-20.69251139160999	-1.0301018186358704
1.0	0.488384399845651	-20.6758265952292	-0.9967322258742897
1.0	0.43197051257945446	-19.539778111778084	1.2753647410279427
1.0	0.43153147143784515	-19.498206872939093	1.358507218705924
1.0	0.4306989222349555	-19.49050158552988	1.373917793524349
1.0	0.41356431161949697	-18.718830646217253	2.917259672149605
1.0	0.45844380931274153	-20.03657737724008	0.2817662101039531
1.0	0.4502282037782508	-19.93213868503272	0.4906435945186729
1.0	0.5014194383419076	-20.837705985417095	-1.32049100625008
1.0	0.44091788488390676	-19.731392595441807	0.8921357737004953
1.0	0.4341005930584486	-19.655660860734645	1.0435992431148193
1.0	0.43344069892190845	-19.732241942067812	0.8904370804484856
1.0	0.4305773817912302	-19.45934646153333	1.4362280415174524
1.0	0.3878938519841465	-18.163634002491502	4.027652959601106
