ORTHO002651	2.0	0.42322026280790964	-17.865289184928084
2.0	0.3988496518522307	-17.014793223080453	1.7009919236952626
2.0	0.4364167507131565	-18.351737954825442	-0.9728975397947153
1.0	0.39691013699702	-17.828184524751666	0.07420932035283556
1.0	0.3965809354741032	-17.892033325249677	-0.05348828064318667
1.0	0.3967203103904863	-17.958708662563517	-0.18683895527086491
1.0	0.3928008709456093	-17.755418328127803	0.2197417136005626
2.0	0.455846214254719	-18.412268295538457	-1.0939582212207455
1.0	0.39114659534780977	-17.58605402677168	0.5584703163128069
3.0	0.4438851265279642	-18.18903120740675	-0.6474840449573307
3.0	0.44710820060565615	-18.239417718190722	-0.7482570665252766
3.0	0.4473942432062609	-18.24379125248455	-0.7570041351129291
3.0	0.4288012192540576	-17.569212327828076	0.5921537142000162
2.0	0.3871044351848988	-17.43177560894209	0.867027151971989
2.0	0.3862439350587528	-17.516944590536344	0.6966891887834805
3.0	0.4418028238703748	-18.15235589458335	-0.5741334193105345
2.0	0.4421984282091661	-18.045176622120305	-0.359774874384442
3.0	0.4553279718365145	-18.507566844107256	-1.2845553183583434
2.0	0.3910655128600676	-17.38848679221402	0.9536047854281264
3.0	0.4482557031156032	-18.255494463877195	-0.7804105578982217
3.0	0.4035035895121843	-17.016561675203647	1.6974550194488742
