ORTHO001837	1.0	0.4472871407368354	-20.539795749095266
1.0	0.5421956576907064	-22.389119107658132	-3.698646717125733
1.0	0.5379362419213765	-22.38882405177872	-3.698056605366908
1.0	0.457424495386718	-20.817555245189325	-0.5555189921881194
1.0	0.4212514729573928	-19.738841096059495	1.6019093060715406
1.0	0.4906364725122084	-21.525060558806615	-1.9705296194226989
1.0	0.48939171153799127	-21.3206612419538	-1.5617309857170696
1.0	0.4800779194471637	-21.062196329048366	-1.0448011599062
1.0	0.513222806013627	-21.666861012776675	-2.2541305273628183
1.0	0.41635764006940956	-19.551694649552502	1.9762021990855274
1.0	0.4187441547185208	-19.672725848933073	1.7341398003243853
1.0	0.4190119949772771	-19.68114876125414	1.717293975682253
1.0	0.446280352494024	-20.728410633309192	-0.3772297684278527
1.0	0.4240385278966485	-20.12609918154046	0.8273931351096095
1.0	0.42015842119408303	-20.223244373625064	0.6331027509404024
1.0	0.49243124244714226	-21.218640505101547	-1.3576895120125627
1.0	0.43011607705710564	-20.081573318798686	0.9164448605931597
1.0	0.41947280644271306	-19.984660775099393	1.1102699479917462
1.0	0.4216695357505073	-20.06118786944732	0.9572157592958916
1.0	0.41942585340584515	-19.834815477827803	1.4099605425349253
1.0	0.376206278477443	-18.500254691434808	4.079082115320915
