ORTHO000786	1.0	0.4748961522565518	-23.65369724751522
1.0	0.5485976561930046	-25.384912072163367	-3.462429649296297
1.0	0.5245884431409414	-24.88473378024022	-2.4620730654500065
1.0	0.4807213859162938	-23.788348944809307	-0.269303394588178
1.0	0.5459424142583984	-24.968783064099647	-2.6301716331688567
1.0	0.5840593959299664	-26.21081895561322	-5.114243416196004
1.0	0.5382397949310267	-24.692575307896043	-2.0777561207616486
1.0	0.5196945796489671	-24.243630609535014	-1.1798667240395915
1.0	0.4939953652420648	-24.142390755926485	-0.9773870168225329
1.0	0.44165553010944275	-22.782146117556955	1.743102259916526
1.0	0.4466528802754355	-22.859229607928075	1.5889352791742866
1.0	0.44687894858912236	-22.86506964198749	1.5772552110554585
1.0	0.5911077033355724	-25.89957748944053	-4.491760483850626
1.0	0.4521076699654706	-23.261527120974993	0.7843402530804511
1.0	0.4363767568765004	-22.952104985931353	1.403184523167731
1.0	0.45780857721716184	-23.451522830356698	0.40434883431704094
1.0	0.4513403420213961	-23.05834235538584	1.1907097842587575
1.0	0.47727748742745457	-23.588242217256965	0.13091006051650567
1.0	0.4653085510277823	-23.423767301778064	0.4598598914743093
1.0	0.4403257064678278	-22.95623833765326	1.394917819723915
1.0	0.46524698069135795	-23.50291001516117	0.30157446470809646
