ORTHO002253	1.0	0.4733123699961783	-20.828459185229537
1.0	0.4876607682066893	-21.271713128047008	-0.8865078856349413
1.0	0.5587549073674333	-22.628155117208124	-3.599391863957173
1.0	0.5159121303187435	-21.886462869799914	-2.1160073691407533
1.0	0.5130293557878969	-21.720832077171924	-1.7847457838847731
1.0	0.4434099553325692	-19.81347583551378	2.0299666994315118
1.0	0.5112839612012217	-21.591244270938923	-1.5255701714187708
1.0	0.4433595524763653	-19.668052937025866	2.320812496407342
1.0	0.4443401444886722	-19.915817946736052	1.8252824769869704
1.0	0.441415296257269	-20.01250356424464	1.6319112419697959
1.0	0.4380950593064158	-20.062347306744048	1.5322237569709785
1.0	0.4383501987883887	-20.06676042228126	1.5233975258965557
1.0	0.5528472068270539	-22.57469374133459	-3.4924691122101024
1.0	0.4465651652469943	-20.44088639048549	0.7751455894880976
1.0	0.44974191984822576	-20.535424229807305	0.5860699108444649
1.0	0.5047376026849231	-21.368920155704682	-1.0809219409502901
1.0	0.4525188910604496	-20.382874660019205	0.8911690504206646
1.0	0.44562516580847583	-20.3334972931532	0.9899237841526727
1.0	0.444225662374834	-20.4050899662001	0.8467384380588712
1.0	0.44414067908873367	-20.11136387833384	1.4341906137913938
1.0	0.40114771883934014	-18.84703272219515	3.962852926068777
