ORTHO002059	1.0	0.41559736376265644	-17.92806717114689
1.0	0.39555568211596853	-17.392387836678818	1.071358668936142
1.0	0.4939021700975437	-19.868005630261813	-3.879876918229847
1.0	0.4549551575028552	-19.051918015338234	-2.2477016883826906
1.0	0.4519173042102433	-18.882104087933186	-1.908073833572594
1.0	0.4520624767457265	-18.950433361047978	-2.044732379802177
1.0	0.44938055851325415	-18.74964279227329	-1.6431512422527987
1.0	0.44500140737002714	-18.48049927793776	-1.1048642135817417
1.0	0.44892021261500786	-18.58438473818136	-1.312635134068941
1.0	0.3857990588801077	-17.03260988779988	1.7909145666940205
1.0	0.384935490463608	-17.052445163555237	1.7512440151833033
1.0	0.3839460577244253	-17.03275558556172	1.7906231711703384
1.0	0.41927795841338683	-18.368794399489122	-0.881454456684466
1.0	0.4130229991516044	-17.863271690561806	0.129590961170166
1.0	0.40180274209441247	-17.680577542876836	0.49497925654010544
1.0	0.4096907286857004	-17.898023807406037	0.060086727481703406
1.0	0.39254432052453414	-17.452329561213162	0.9514752198674543
1.0	0.3880634692779095	-17.380681660232266	1.0947710218292457
1.0	0.38763855987684104	-17.453199345212514	0.9497356518687496
1.0	0.38454556650315613	-17.154148806312485	1.5478367296688091
2.0	0.3992730686944619	-16.828274572363807	2.199585197566165
