ORTHO003349	1.0	0.4488384731300188	-17.25852391282397
1.0	0.4816293751228961	-17.705594891338162	-0.8941419570283813
1.0	0.5387500905773416	-19.12056574594764	-3.7240836662473384
1.0	0.49416675395853693	-18.106375641954497	-1.6957034582610504
1.0	0.4931593171787256	-18.169393792107844	-1.8217397585677446
1.0	0.4930368408527371	-18.242731955234515	-1.9684160848210865
1.0	0.4902801055372165	-18.021330311607297	-1.5256127975666516
1.0	0.5121590023060134	-18.23890652395897	-1.9607652222699983
1.0	0.4899835206329488	-17.882265608792625	-1.2474833919373083
1.0	0.41956471277554075	-16.396581872206063	1.7238840812358163
1.0	0.41853707556523556	-16.41674011738652	1.683567590874901
1.0	0.4176124441656034	-16.39785288541067	1.7213420548266
1.0	0.4226990587981929	-16.224827506045408	2.0673928135571273
1.0	0.4177853809280757	-16.85015184971888	0.8167441262101818
1.0	0.4291352791166747	-16.841296322567292	0.8344551805133591
1.0	0.44966119635936447	-17.231826879847272	0.05339406595339824
2.0	0.4527080554966155	-16.79917607584197	0.9186956739640024
1.0	0.4233359565004732	-16.707210283597274	1.1026272584533956
1.0	0.41715145859389496	-16.372966154931458	1.7711155157850271
1.0	0.41847628753691524	-16.5174132995347	1.4822212265785453
2.0	0.43358115980185447	-16.17392334898839	2.1692011276711654
