ORTHO002728	1.0	0.44822864155003467	-18.62557186639594
1.0	0.45857679435575366	-18.866264783203192	-0.48138583361450316
1.0	0.40786224211702765	-17.557944798266266	2.1352541362593485
1.0	0.4967191240397964	-19.473849589093927	-1.6965554453959726
1.0	0.4952600315375341	-19.540259999019	-1.8293762652461183
1.0	0.49517845912715536	-19.610196477665944	-1.9692492225400073
1.0	0.49259494910324936	-19.38891216521472	-1.526680597637558
1.0	0.506264546306898	-19.607125584977947	-1.9631074371640125
1.0	0.4794672926390652	-19.144426780764373	-1.0377098287368653
1.0	0.41640537231616526	-17.748196227825247	1.7547512771413878
1.0	0.4142784386462309	-17.816082906863127	1.6189779190656282
1.0	0.41447517525514854	-17.821634059986895	1.6078756128180913
1.0	0.5385914290532783	-20.411737735178008	-3.5723317375641344
1.0	0.42199298276311764	-18.206103296560073	0.8389371396717351
1.0	0.41557859079141185	-17.646749300820943	1.9576451311499952
1.0	0.4260395511392833	-18.09710402184651	1.0569356890988644
1.0	0.42782988778319053	-18.17208949555714	0.9069647416775979
1.0	0.4198082929236867	-18.09790945446594	1.0553248238600048
1.0	0.4193170149629307	-18.174148236874494	0.9028472590428933
1.0	0.4168943339983868	-17.893171767678975	1.4648001974339309
1.0	0.37476429265895234	-16.583978341877387	4.083187049037107
