ORTHO002657	1.0	0.40511401952087667	-19.444598781328246
1.0	0.3869882653565771	-18.58414705404956	1.720903454557373
1.0	0.4841090008307302	-21.396441563337547	-3.903685564018602
1.0	0.4415228309505924	-20.34790164394606	-1.8066057252356273
1.0	0.4406148043666172	-20.413192866590865	-1.9371881705252392
1.0	0.4405960272856814	-20.48119932278836	-2.073201082920228
1.0	0.4379834002583776	-20.279935517498263	-1.6706734723400345
1.0	0.4331961712225378	-20.00830636040524	-1.1274151581539869
2.0	0.430764970298003	-19.43681405257552	0.015569457505449691
2.0	0.4316622839341631	-19.50382451943177	-0.11845147620704921
2.0	0.41257075276683763	-19.096213048117907	0.6967714664206781
2.0	0.41385484136650785	-19.11561900331973	0.6579595560170333
1.0	0.4104700266210108	-19.608660321172042	-0.32812307968759313
2.0	0.43465593935518004	-19.963348802301848	-1.0375000419472045
2.0	0.432682553133206	-20.048457474353132	-1.2077173860497723
1.0	0.4404822708434916	-20.203270571992114	-1.5173435813277365
2.0	0.4403497611583739	-19.91467061588677	-0.9401436691170488
2.0	0.4326491609889023	-19.854902607818357	-0.8206076529802218
2.0	0.4315836283987655	-19.926944526417962	-0.9646914901794332
2.0	0.4310591089202863	-19.615752962528163	-0.34230836239983375
2.0	0.38592137231682855	-18.338226523167826	2.2127445163208392
