ORTHO002268	1.0	0.43909973473177094	-20.46242696100047
1.0	0.42009891200438615	-19.62228554588259	1.680282830235761
1.0	0.39886829343381225	-19.21344268434921	2.4979685533025204
1.0	0.4832481178199741	-21.560000227959087	-2.1951465339172316
1.0	0.4801262844659539	-21.393696707327887	-1.8625394926548324
1.0	0.480917910061702	-21.45674190934765	-1.9886298966943556
1.0	0.47812494298653163	-21.260384966055184	-1.595916010109427
1.0	0.40590978800066624	-19.266833936429197	2.391186049142547
1.0	0.4073101295565762	-19.515767886517416	1.8933181489661095
1.0	0.4077894422295996	-19.588387941410517	1.7480780391799087
1.0	0.4065507544725671	-19.6084019792073	1.7080499635863404
1.0	0.4057236287990544	-19.58923030396491	1.7463933140711205
1.0	0.4427658368206884	-20.62076967140783	-0.3166854208147214
1.0	0.4110749494495888	-20.04430554067413	0.8362428406526803
1.0	0.40902451467220274	-20.12966933849439	0.6655152450121591
1.0	0.47716286570547223	-20.986846137933885	-1.0488383538668273
1.0	0.45910827063411613	-20.623865396706666	-0.3228768714123902
1.0	0.40940285555788003	-19.935369894896553	1.054114132207836
1.0	0.4083969383718119	-20.008529458323906	0.9077950053531296
1.0	0.4070183318387965	-19.709957616407106	1.50493868918673
2.0	0.41876877408008895	-19.38409487582315	2.156664170354645
