ORTHO000493	2.0	0.3931093105309417	-26.55196381967644
2.0	0.35310777688619044	-24.737750600734927	3.6284264378830287
2.0	0.4796191349959963	-28.455920412717916	-3.807913186082949
2.0	0.4866083162200013	-28.221407337853663	-3.3388870363544427
2.0	0.47756891958445763	-27.959209105231654	-2.8144905711104258
2.0	0.42806617875609965	-27.2771369636055	-1.4503462878581175
2.0	0.4879982802127039	-27.94552366342768	-2.787119687502475
2.0	0.4402162661762944	-27.31522885325087	-1.5265300671488546
2.0	0.4235377332743313	-27.181931482723506	-1.25993532609413
2.0	0.43081934552229334	-26.90426909134259	-0.7046105433323007
2.0	0.43249787563647907	-26.85532398723379	-0.6067203351146944
2.0	0.432263463832059	-26.852979277536438	-0.6020309157199932
2.0	0.35284362848765877	-25.370502133800592	2.362923371751698
2.0	0.3566876184598804	-25.342661245214583	2.4186051489237173
2.0	0.36688982469891845	-25.69730067379091	1.7093262917710632
2.0	0.3859065562041079	-26.429263266839346	0.2454011056741905
2.0	0.3462927756022063	-25.580915044140113	1.9420975510726564
2.0	0.40711928760908744	-26.80711727419845	-0.5103069090440187
2.0	0.42147908951618	-26.84550285477569	-0.5870780701985012
2.0	0.36447029432126243	-25.754018461683057	1.5958907159867692
2.0	0.43015294374224183	-27.333569397600428	-1.5632111558479735
