ORTHO000975	2.0	0.43111458525979385	-21.393201701751444
2.0	0.49713895717033185	-23.280237973776508	-3.774072544050128
2.0	0.4343467259379963	-21.34924431212682	0.08791477924924607
2.0	0.5097926264069228	-23.702355414125915	-4.6183074247489415
2.0	0.4321296566708831	-21.2426368465249	0.30112971045308967
2.0	0.4935457470199628	-23.124928212760928	-3.4634530220189674
2.0	0.48716671267434597	-22.444794457007706	-2.1031855105125246
2.0	0.49653588002017657	-22.564717597950125	-2.343031792397362
2.0	0.4569298242510517	-22.03974792241879	-1.293092441334693
2.0	0.3999280513378663	-20.531203371994877	1.7239966595131335
2.0	0.39675261833745734	-20.578869068143987	1.6286652672149131
2.0	0.396944056962994	-20.583585596575933	1.6192322103510222
2.0	0.4338102223233737	-21.553069842228897	-0.31973628095490625
2.0	0.38834000207225056	-20.449144774101413	1.8881138553000625
2.0	0.39854682250772	-20.67555273790303	1.4352979276968298
2.0	0.3993477933278562	-20.818849904840196	1.1487035938224963
2.0	0.4146710937176254	-20.966232416401525	0.8539385706998388
2.0	0.40378152422021896	-20.85882964951073	1.068744104481425
2.0	0.40204143414014554	-20.932241687953827	0.9219200275952346
2.0	0.40334914534023375	-20.618253751823147	1.549895899856594
2.0	0.40723632143644245	-21.012654830819123	0.7610937418646415
