ORTHO000888_3	1.0	0.48365834030567234	-19.712703618496707
1.0	0.40427178499558303	-17.399638835127842	4.626129566737731
1.0	0.516064735333955	-20.565302343237644	-1.7051974494818722
1.0	0.523343807322945	-20.53186836274418	-1.6383294884949464
1.0	0.5218839219739262	-20.599235778225143	-1.7730643194568714
1.0	0.5156872851864401	-20.66991224038111	-1.9144172437688027
1.0	0.5196635281845601	-20.471858755832667	-1.5183102746719186
1.0	0.5098765894063657	-20.21479600616194	-1.0041847753304651
1.0	0.5063999580836928	-20.215765438652117	-1.0061236403108182
1.0	0.44549315563262465	-18.83942490734901	1.7465574222953961
1.0	0.44421215894611443	-18.88556279595147	1.654281645090478
1.0	0.44328130706891844	-18.86875190040987	1.687903436173677
1.0	0.4254668361411459	-18.274590421242667	2.8762263945080804
1.0	0.45440807948602724	-19.45498283820822	0.5154415605769742
1.0	0.4595668045325657	-19.44672646697338	0.5319543030466534
1.0	0.4398911335679052	-18.79465541809811	1.8360964007971958
1.0	0.4535851961969683	-19.275627075842376	0.874153085308663
1.0	0.44580756873556127	-19.20850222084107	1.0084027953112766
1.0	0.44543017952584635	-19.28336215075044	0.8586829354925385
1.0	0.4429611459525678	-19.00537553929178	1.414656158409855
1.0	0.40110132805303256	-17.729317266468577	3.966772704056261
