ORTHO001255	2.0	0.4433381774911367	-21.65804905695612
2.0	0.5118361828474082	-23.67496611169753	-4.033834109482818
2.0	0.5365597067425902	-23.480439199148552	-3.644780284384865
2.0	0.511524932107929	-22.87269834042995	-2.429298566947658
2.0	0.5151594126113593	-23.03006243586795	-2.7440267578236615
2.0	0.5152185395604757	-23.115992872353655	-2.915887630795069
2.0	0.5070117340827888	-22.75185627259146	-2.1876144312706813
2.0	0.48719294649563444	-22.28666853444089	-1.2572389549695373
2.0	0.47245031832919526	-22.266098410580593	-1.2160987072489462
2.0	0.4143638909255016	-21.0594527016111	1.1971927106900395
2.0	0.41516898739095687	-21.038823235383376	1.2384516431454884
2.0	0.41415618591386116	-21.028262048608667	1.2595740166949057
2.0	0.37988930846162544	-19.365181730969763	4.5857346519727145
2.0	0.41973604591382546	-20.98524007790146	1.3456179581093224
2.0	0.4167858395438685	-20.64180710497782	2.032483903956603
2.0	0.41521988029516	-21.23318454045221	0.8497290330078187
2.0	0.39800060275886406	-20.68629052367989	1.9435170665524595
2.0	0.44893350255759484	-21.62336931012213	0.06935949366798155
2.0	0.4349873838355312	-21.45536942634682	0.40535926121859944
2.0	0.4158770075761628	-20.904878629293503	1.5063408553252344
2.0	0.42353424486872365	-21.2279506620532	0.8601967898058405
