ORTHO000393_1	1.0	0.4470317303363657	-23.39998333257733
1.0	0.4446887948504691	-23.138186432746412	0.5235937996618389
1.0	0.5461511649931199	-25.709957264951896	-4.619947864749129
1.0	0.45342723906774085	-23.53269011948814	-0.26541357382161834
1.0	0.4503061719771595	-23.56977871925868	-0.33959077336269416
1.0	0.5206640905918702	-24.847069769500617	-2.8941728738465713
1.0	0.5113245743948283	-24.501746802482327	-2.20352693980999
1.0	0.4246533439071727	-23.221577680618413	0.3568113039178371
1.0	0.50563027156528	-24.451268489435762	-2.1025703137168605
1.0	0.4132315808164195	-22.72447112271191	1.351024419730841
1.0	0.4176894864602906	-22.76383967401611	1.2722873171224407
1.0	0.4184193633621284	-22.762917018600962	1.2741326279527385
1.0	0.431326769529229	-22.777276666456494	1.2454133322416752
1.0	0.4096749622677386	-22.84070083282308	1.1185649995085
1.0	0.41671012626760007	-22.85402556010559	1.0919155449434825
1.0	0.4364624674839221	-23.07202079442093	0.6559250763128048
1.0	0.40615625411935513	-22.439884794015597	1.9201970771234684
1.0	0.4418528461933271	-23.27659446834739	0.24677772845988244
1.0	0.4482990994138417	-23.25074404647884	0.29847857219698426
1.0	0.4151611258931014	-22.797416354353505	1.2051339564476535
1.0	0.44299967430928905	-23.26320568176548	0.273555301623702
