ORTHO001753	1.0	0.40562559277797755	-18.204697987242415
1.0	0.5581037230140806	-21.237756529570166	-6.066117084655502
1.0	0.48745855451011544	-20.14609429568812	-3.8827926168914075
1.0	0.46018311618951846	-19.634424642555807	-2.859453310626783
1.0	0.44410556209301816	-19.165436653765276	-1.921477333045722
1.0	0.4449953134571918	-19.230405483752165	-2.051414993019499
1.0	0.4429057373397475	-19.014835346837724	-1.6202747191906184
1.0	0.42230353320557457	-18.32803670373628	-0.24667743298773104
1.0	0.44212136008880876	-18.85300163363569	-1.2966072927865469
1.0	0.4254749926941136	-18.301431359149458	-0.1934667438140849
1.0	0.4048926901952786	-18.104845966347078	0.19970404179067458
1.0	0.4065337608545605	-18.110802809147042	0.1877903561907459
1.0	0.4196893658309014	-18.649457932262454	-0.8895198900400771
2.0	0.43864584757859126	-18.715944658046013	-1.0224933416071948
1.0	0.3758414924434714	-17.852063060674467	0.7052698531358956
1.0	0.4368075398826386	-18.772444460369588	-1.1354929462543453
1.0	0.43097212980104077	-18.37850009676463	-0.3476042190444275
2.0	0.4379872879581468	-18.58678976069583	-0.7641835469068283
2.0	0.4329649132906994	-18.360456592877963	-0.3115172112710951
2.0	0.4355158747988103	-18.373327831264152	-0.33725968804347417
2.0	0.3874976966801068	-17.11186570130585	2.185664571873133
