ORTHO002512	1.0	0.4334641758141156	-19.40510485184959
2.0	0.4118171940283559	-18.432351478715418	1.945506746268343
1.0	0.47544024756573006	-20.390951674343587	-1.9716936449879938
1.0	0.4803579171612671	-20.270424639267986	-1.7306395748367933
1.0	0.479081305543868	-20.336915310502977	-1.8636209173067755
1.0	0.40656297332864283	-18.351829590880023	2.106550521939134
1.0	0.47663969134268025	-20.2062987867976	-1.6023878698960203
1.0	0.46606171014966086	-19.941074316058646	-1.0719389284181133
1.0	0.47003163940267556	-20.041038630210405	-1.2718675567216309
1.0	0.3989155259720437	-18.546747962901232	1.7167137778967145
1.0	0.4021257573135517	-18.59490082617177	1.6204080513556391
1.0	0.4023602768482645	-18.599631703125187	1.6109462974488054
1.0	0.3849556015574431	-17.904171712694875	3.0018662783094285
1.0	0.4313506592670954	-19.323746978196528	0.16271574730612315
1.0	0.41923513539366736	-19.16167629703649	0.4868571096262002
1.0	0.3997468817597597	-18.41190614797773	1.9863974077437163
1.0	0.41439213966200916	-18.941691327292396	0.9268270491143866
1.0	0.4045157262727112	-18.874583576079726	1.0610425515397282
1.0	0.403702093338795	-18.94771227556355	0.9147851525720796
1.0	0.4016492844401467	-18.649223673569445	1.5117623565602898
2.0	0.4179945209780407	-18.314302059262015	2.1816055851751486
