ORTHO000806_1	1.0	0.43939480190434066	-20.472800605324082
1.0	0.37537288681309344	-18.714920965749418	3.5157592791493286
1.0	0.5367751911145978	-22.332537540249156	-3.719473869850148
1.0	0.48824143660670777	-21.33168755143529	-1.717773892222418
1.0	0.4864832174742147	-21.39951803575677	-1.8534348608653772
1.0	0.4800773117645441	-21.467380285467325	-1.9891593602864859
1.0	0.4777641339590896	-21.268232348321856	-1.5908634859955484
1.0	0.47379268648832046	-21.003975254053156	-1.062349297458148
1.0	0.4788910929662756	-21.085374313414878	-1.225147416181592
1.0	0.40498792239267484	-19.586800555136968	1.7720001003742283
1.0	0.3912538864842459	-18.94170554472259	3.062190121202981
1.0	0.39196226061074746	-18.94652688873262	3.052547433182923
1.0	0.3919031606077216	-19.35239970061117	2.2408018094258253
1.0	0.41285862451427013	-20.04440681680077	0.8567875770466244
1.0	0.40670012694536184	-19.48295045887474	1.9797002928986842
1.0	0.48408662833060784	-21.19049495097255	-1.4353886912969358
1.0	0.3802383776439729	-19.062761431277696	2.820078348092771
1.0	0.4647739875114224	-20.720613499146967	-0.49562578764577125
1.0	0.47879680494843796	-20.741516366325353	-0.5374315220025423
1.0	0.4054478921290136	-19.735322847150996	1.4749555163461707
1.0	0.36282540227212395	-18.402182694001638	4.141235822644887
