ORTHO001199	1.0	0.4786122336127864	-22.06491957745608
1.0	0.5610218033620303	-23.852343596317077	-3.574848037721992
1.0	0.5563446758291204	-23.890914695435416	-3.651990235958671
1.0	0.42618649940591474	-21.166941813350437	1.7959555282112873
1.0	0.535861915003838	-22.988261929891593	-1.8466847048710235
1.0	0.45939263834466365	-22.16659446194964	-0.20334976898711687
1.0	0.4801507952568824	-22.00483084460412	0.12017746570392518
1.0	0.5238415574244072	-22.6564947568052	-1.183150358698235
1.0	0.5110369339759285	-22.653450425879544	-1.177061696846927
1.0	0.4414888961702972	-21.245978990146202	1.637881174619757
1.0	0.4441782405045698	-21.29849735717133	1.5328444405695052
1.0	0.44447347402275483	-21.30301922794739	1.5238006990173787
1.0	0.5260498599632446	-23.001783839260938	-1.8737285236097136
1.0	0.4481538542276672	-21.49455658652106	1.140725981870041
1.0	0.45643846414997596	-21.64012509545565	0.8495889640008585
1.0	0.4422552820002511	-21.563518430288436	1.0028022943352894
1.0	0.42582450152881207	-21.153049299071608	1.8237405567689464
1.0	0.48293155859016246	-22.034186992180413	0.06146517055133671
1.0	0.47043894516229334	-21.873374086432168	0.38309098204782543
1.0	0.4431742133171019	-21.35834337812845	1.4131523986552637
1.0	0.44676774386697654	-21.404418987242405	1.321001180427352
