ORTHO001263	1.0	0.4208340047511228	-21.167852554831388
1.0	0.36681473771794765	-19.604744966028218	3.1262151776063405
1.0	0.42935494035070065	-21.143631708502014	0.048441692658748536
1.0	0.4775660774121759	-22.57421767680851	-2.812730243954242
1.0	0.4647560352434845	-22.113140482295563	-1.8905758549283505
1.0	0.4593253340236883	-22.232910698679962	-2.130116287697149
1.0	0.4641203274608547	-21.973909649223863	-1.6121141887849504
1.0	0.459252207842299	-21.7121681200547	-1.0886311304466219
1.0	0.4894262989733467	-22.340663957395524	-2.345622805128272
1.0	0.38628848305468605	-20.15013665280223	2.0354318040583124
1.0	0.3862547931769782	-20.274948958089926	1.785807193482924
1.0	0.3865273937259127	-20.283535387936976	1.7686343337888246
1.0	0.42440274443168835	-21.608196279526293	-0.8806874493898107
1.0	0.463671656065067	-21.560231800898407	-0.7847584921340385
1.0	0.47131405391416487	-21.54225211394351	-0.7487991182242411
1.0	0.45682675576131054	-21.71161014725872	-1.0875151848546665
1.0	0.4440920845249876	-21.32970297273903	-0.32370083581528775
1.0	0.39170789167701436	-20.57249388061282	1.1907173484371327
1.0	0.39304980223228964	-20.659965694729998	1.0157737202027803
1.0	0.3903170942289881	-20.43339113389105	1.4689228418806763
2.0	0.4030633933645766	-20.083061971601044	2.169581166460688
