ORTHO004066	1.0	0.47850529424414556	-17.581998833245205
1.0	0.48314625550527984	-17.819456194336226	-0.4749147221820422
1.0	0.5254205929934972	-18.522581941120286	-1.881166215750163
1.0	0.5243329370390607	-18.400790175621736	-1.6375826847530632
1.0	0.5293076181518991	-18.466747162407092	-1.7694966583237743
1.0	0.5230681879580522	-18.538365304474308	-1.9127329424582058
1.0	0.52075746321146	-18.333096228427017	-1.5021947903636246
1.0	0.4966958453768428	-17.6815984161649	-0.19919916583938857
1.0	0.5203947173480095	-18.179552561520364	-1.1951074565503177
1.0	0.44170821862789006	-16.767102675049312	1.6297923163917858
1.0	0.4389187729536651	-16.816744442301896	1.530508781886617
1.0	0.4391954150837879	-16.821170941413477	1.521655783663455
1.0	0.5186668139872584	-18.67708024460653	-2.190162822722648
1.0	0.45033363789919495	-17.182801525293222	0.7983946159039661
1.0	0.44286090823978386	-16.62735285719699	1.9092919520964315
1.0	0.4426963481188683	-16.629853111268563	1.9042914439532836
1.0	0.4568095426117641	-17.144166892535065	0.8756638814202802
1.0	0.44882649422404797	-17.05469129242081	1.054615081648791
1.0	0.4418688667434032	-16.747821572397545	1.6683545216953206
1.0	0.4444869483819782	-16.865164469653617	1.433668727183175
2.0	0.4572593858199238	-16.51220803972943	2.13958158703155
