ORTHO000329_3	1.0	0.45961590793577556	-18.712524366082903
1.0	0.46835078044031675	-19.161664672578546	-0.8982806129912859
1.0	0.5249169428225954	-20.18182971781782	-2.938610703469834
1.0	0.5080699633954737	-20.07340828715973	-2.7217678421536533
1.0	0.49638141680359066	-19.622458262960965	-1.8198677937561243
1.0	0.49664610375349294	-19.691702455833727	-1.9583561795016493
1.0	0.49460046884784686	-19.491231045195086	-1.557413358224366
1.0	0.4850422696946007	-19.23098549454799	-1.0369222569301755
1.0	0.4951795590098731	-19.31734152451628	-1.2096343168667545
1.0	0.42862621790581545	-18.134869545559837	1.1553096410461308
1.0	0.42947767708560686	-18.116482979610577	1.1920827729446515
1.0	0.4284733799055631	-18.106047069827667	1.2129545925104708
1.0	0.38956214013843266	-16.912280497280687	3.600487737604432
1.0	0.43306065087620615	-18.31110078098555	0.8028471701947026
1.0	0.4341581694752107	-18.40615565315637	0.6127374258530622
1.0	0.4955979776832957	-19.403683467420976	-1.3823182026761458
1.0	0.44247702901493696	-18.263081351472298	0.8988860292212095
1.0	0.43184040828763376	-18.274462538199153	0.8761236557675005
1.0	0.436798104378242	-18.31874198761559	0.7875647569346285
1.0	0.42690965490576965	-17.984001643852856	1.4570454444600927
1.0	0.39042190073123323	-16.69794900461626	4.029150722933288
