ORTHO002539	1.0	0.3730334680334809	-16.515443257422508
1.0	0.4408716782298879	-18.32608273631338	-3.6212789577817475
1.0	0.44864931986590134	-18.548984112512052	-4.067081710179089
1.0	0.4098673003910177	-17.45703111768957	-1.8831757205341262
1.0	0.40862252616562766	-17.521290518627623	-2.011694522410231
1.0	0.4049128005216863	-17.647292359773957	-2.263698204702898
1.0	0.40683045230406095	-17.385495114786295	-1.7401037147275744
1.0	0.39999961045169735	-17.107775726984492	-1.1846649391239694
1.0	0.4048237714803075	-17.20898552922284	-1.3870845436006647
2.0	0.39621250142195574	-16.8821748842988	-0.733463253752582
2.0	0.3965515330967772	-16.86486551837135	-0.6988445218976835
2.0	0.39604595309464474	-16.853438114494384	-0.6759897141437534
1.0	0.44790698617922775	-18.481618642051554	-3.9323507692580932
2.0	0.40071308859914134	-17.05163579951384	-1.0723850841826632
2.0	0.3970674096558767	-16.488825758462102	0.053234997920810656
1.0	0.39884535059851	-17.078294072043914	-1.125701629242812
2.0	0.40570423903536945	-16.82671904179353	-0.6225515687420469
2.0	0.39820940094452373	-16.95272251040366	-0.8745585059623053
2.0	0.4001879376061127	-17.026401763521854	-1.021917012198692
2.0	0.39638529994541283	-16.71334307065165	-0.3957996264582846
3.0	0.4154513969998038	-16.637031612620856	-0.2431767103966962
