ORTHO000675	1.0	0.34452907004256667	-22.667716645408003
1.0	0.4710059740093893	-26.554908455348933	-7.77438361988186
1.0	0.46553976431671534	-26.45107556296985	-7.566717835123697
1.0	0.4053358133758717	-24.103127725798185	-2.8708221607803637
1.0	0.4068420263770116	-24.260126486688794	-3.1848196825615815
1.0	0.40744991017097887	-24.351884191225242	-3.368335091634478
1.0	0.40164246329653724	-23.96991915198402	-2.604405013152032
1.0	0.3903817952854641	-23.44931706878056	-1.5632008467451115
1.0	0.3708576751859296	-23.29071091313716	-1.2459885354583164
1.0	0.3618167513157741	-22.847222509438065	-0.3590117280601248
1.0	0.36572376263521944	-22.817565275013706	-0.2996972592114062
1.0	0.36186769568201205	-22.81117587317765	-0.2869184555392934
1.0	0.3767381829274898	-23.871448612435927	-2.4074639340558477
1.0	0.3127061041541393	-21.59620076537883	2.1430317600583493
1.0	0.32099542964881833	-21.859589343004156	1.6162546048076933
1.0	0.3475052209284707	-22.623017686269428	0.08939791827715027
1.0	0.33273962781737626	-22.233604920391937	0.8682234500321329
1.0	0.3556089110385145	-23.008307716341886	-0.6811821418677653
1.0	0.350771489169445	-22.980204065639207	-0.6249748404624071
1.0	0.3230306646262289	-21.864031864119276	1.6073695625774533
1.0	0.3099832760540614	-21.943358087879158	1.4487171150576899
