ORTHO002743	1.0	0.4836382544116643	-19.394518229747636
1.0	0.5657669734816269	-20.982189740625127	-3.1753430217549834
1.0	0.4807455336885057	-19.3341055458653	0.12082536776467379
1.0	0.5306446578770746	-20.20663509098281	-1.6242337224703505
1.0	0.5285362214668335	-20.275594552189634	-1.7621526448839973
1.0	0.45372603867567135	-18.387762652821095	2.0135111538530808
1.0	0.527015092564973	-20.144905399059375	-1.5007743386234793
1.0	0.5175272372315759	-19.891503624861997	-0.9939707902287225
1.0	0.5499411550512308	-20.44225206110575	-2.0954676627162314
1.0	0.46257289619539377	-18.874521280770093	1.0399938979550853
1.0	0.44274329254417943	-18.686888747143698	1.415258965207876
1.0	0.4438303976125583	-18.69125672745708	1.4065230045811106
1.0	0.4856192529978674	-19.833937633619634	-0.8788388077439961
1.0	0.457709699641028	-19.000449466606682	0.7881375262819077
1.0	0.45310808222899557	-18.44723059382857	1.8945752718381286
1.0	0.5133708906103428	-19.67242641305501	-0.5558163666147493
1.0	0.43681958291775924	-18.510401602190544	1.7682332551141826
1.0	0.4545117712567409	-18.82998224685505	1.1290719657851724
1.0	0.4564303850315546	-18.91482852812456	0.9593794032461531
1.0	0.44641565747213513	-18.742081179211635	1.3048741010720022
1.0	0.41954525654692404	-17.853840905773197	3.081354647948878
