ORTHO001490	1.0	0.4710199773136366	-21.81389688971297
1.0	0.36846564439747986	-18.72860000532879	6.170593768768363
1.0	0.5614490574037558	-23.54542962597004	-3.4630654725141383
1.0	0.47808612768105624	-21.942027237698657	-0.25626069597137047
1.0	0.47710444407019975	-21.951427866329528	-0.2750619532331129
1.0	0.4746245370950169	-21.800015454415806	0.027762870594330025
1.0	0.47251453106877445	-21.76035259154543	0.10708859633508183
1.0	0.5182265288543663	-22.405504097213065	-1.1832144150001866
1.0	0.44000575987257107	-20.898271708399303	1.8312503626273369
1.0	0.4407058708954185	-20.965693834374154	1.6964061106776356
1.0	0.42529680714704937	-20.56327669412934	2.501240391167265
1.0	0.4263495064694453	-20.582288081315564	2.4632176167948145
1.0	0.5133262741734587	-22.94920351756461	-2.2706132557032745
1.0	0.4304848976833922	-21.130279645590523	1.3672344882448968
1.0	0.41310646733157	-20.904393849727676	1.8190060799705918
1.0	0.4341690597696135	-21.286951581158196	1.053890617109552
1.0	0.4585655484973829	-21.411805148960255	0.804183481505433
1.0	0.4427599986966411	-21.279826081137024	1.0681416171518947
1.0	0.4386784204321863	-20.94881999406336	1.730153791299223
1.0	0.43965956251635474	-21.0925418692673	1.4427100408913418
1.0	0.4630957812477552	-21.699238056715814	0.2293176659943157
