ORTHO002830	1.0	0.4482259531599946	-18.449420094658116
1.0	0.45236868792031415	-18.690716227241186	-0.48259226516614007
1.0	0.5322441865626358	-20.308533732562893	-3.7182272758095536
1.0	0.4904033194354359	-19.302587455791567	-1.7063347222669023
1.0	0.48911472830126196	-19.37196565076202	-1.845091112207811
1.0	0.4878061990835465	-19.50129474741012	-2.10374930550401
1.0	0.4869466418952249	-19.23933081699431	-1.5798214446723904
1.0	0.4768208636733031	-18.976105813586383	-1.0533714378565335
1.0	0.4867934645263545	-19.074256047410408	-1.2496719055045844
1.0	0.4143127423398541	-17.604890039572034	1.6890601101721643
1.0	0.41136769018295116	-17.653337488654437	1.5921652120073588
1.0	0.41159359083155656	-17.65797816392939	1.5828838614574536
1.0	0.4528108314726485	-18.598272872077953	-0.2977055548396734
1.0	0.4219477605971769	-18.027373550952266	0.8440930874117001
1.0	0.41542658607158	-17.467331657042884	1.9641768752304642
1.0	0.4875955445698009	-19.1231552537087	-1.3474703181011662
1.0	0.3933214884910959	-17.053721081698043	2.791398025920145
1.0	0.4183456497399772	-17.940031683775743	1.018776821764746
1.0	0.41832348599386693	-18.00962780599812	0.8795845773199886
1.0	0.41693563713112475	-17.706726075064022	1.4853880391881873
2.0	0.4304841290281112	-17.363177312389634	2.172485564536963
