ORTHO004049	1.0	0.4697109039213506	-17.43838119373536
1.0	0.5490632083607359	-19.056641295228864	-3.236520202987009
1.0	0.5059249719717633	-18.382764912598773	-1.8887674377268269
1.0	0.5049144178791712	-18.269213485998623	-1.6616645845265268
1.0	0.4350043562947877	-16.65107712780139	1.5746081318679401
1.0	0.5099726410489213	-18.40349704484899	-1.9302317022272604
1.0	0.5077335124524807	-18.205942031465103	-1.5351216754594859
1.0	0.4973195610469721	-17.948850776315684	-1.020939165160648
1.0	0.5008328287008227	-18.047664057365946	-1.218565727261172
1.0	0.43452710224724844	-16.589625425355955	1.6975115367588103
1.0	0.4331454529141464	-16.610318597555136	1.6561251923604488
1.0	0.43232085115078506	-16.591815057624423	1.6931322722218738
1.0	0.4334574256363755	-16.396371190006487	2.0840200074577453
1.0	0.43834004519276787	-17.02992315783081	0.8169160718090964
1.0	0.4322628380036148	-16.473303502992884	1.9301553814849512
1.0	0.4322660522918909	-16.47544239944672	1.9258775885772792
1.0	0.39989490241907205	-15.963162016721478	2.9504383540277637
1.0	0.43584134453795925	-16.934866848923388	1.0070286896239438
1.0	0.43506621485832453	-17.00507905513118	0.86660427720836
1.0	0.433680460052447	-16.71203229834212	1.4526977907864804
1.0	0.3977229414485517	-15.857104932293746	3.162552522883228
