ORTHO002844	1.0	0.462992385744408	-17.945258542860167
1.0	0.40917052972444573	-16.471609719751665	2.9472976462170024
1.0	0.4649267800555858	-17.95603906675226	-0.021561047784189213
1.0	0.5106847033597864	-18.77343274498208	-1.656348404243829
1.0	0.508579939083497	-18.846734908927683	-1.802952732135033
1.0	0.5089443208579285	-18.91665709425539	-1.9427971027904505
1.0	0.5064297946144856	-18.716889092203132	-1.5432610986859316
1.0	0.4961416883091072	-18.458176391742395	-1.0258356977644567
1.0	0.4998399554834292	-18.55780883026352	-1.22510057480671
1.0	0.4274168321854399	-17.094287128621087	1.7019428284781597
1.0	0.4264559051365464	-17.11465362018032	1.6612098453596928
1.0	0.4255224901555424	-17.096044809077206	1.6984274675659208
1.0	0.510852409778537	-19.08570479235149	-2.280892498982645
1.0	0.44028208770491223	-17.650687295033766	0.5891424956528013
1.0	0.4398815187781437	-17.63545351762512	0.6196100504700937
1.0	0.454669107361307	-17.730274461145857	0.42996816342861877
1.0	0.43940729677530327	-17.4984054111924	0.893706263335531
1.0	0.43124244518709026	-17.403678954959044	1.083159175802244
1.0	0.42497969435646965	-17.071187972179544	1.7481411413612449
1.0	0.42631058207107236	-17.21530388652138	1.4599093126775742
2.0	0.44184399455614926	-16.868883504295827	2.1527500771286796
