ORTHO002365	1.0	0.42862163094365924	-18.724863932588537
1.0	0.43952112117123704	-19.184494224644737	-0.9192605841124006
1.0	0.5119181086274818	-20.622081370583476	-3.7944348759898787
1.0	0.39786334147526203	-17.963036979042993	1.523653907091088
1.0	0.46711782336040547	-19.666001665778506	-1.8822754663799373
1.0	0.4670863699766219	-19.73473088972036	-2.0197339142636466
1.0	0.46475883683975766	-19.534624872467056	-1.6195218797570377
1.0	0.4574891308363234	-19.267622349035797	-1.0855168328945197
1.0	0.45250202766904296	-19.26249112636284	-1.075254387548604
1.0	0.39951782838328076	-17.800712630516067	1.8483026041449406
1.0	0.38837161477748067	-17.178153890352448	3.0934200844721786
1.0	0.38912550628649234	-17.183597322788	3.082533219601075
1.0	0.3794326783414794	-17.21590768649306	3.017912492190952
1.0	0.40199218389505686	-18.299054575443286	0.8516187142905025
1.0	0.3995057655986533	-18.39253806266215	0.664651739852772
1.0	0.464520999358496	-19.457076088953126	-1.4644243127291787
1.0	0.43634346484464187	-18.654955079441564	0.13981770629394674
1.0	0.3996883420438971	-18.177525211400287	1.0946774423765007
1.0	0.3995832522798285	-18.253915532260965	0.9418968006551438
1.0	0.395881649816611	-17.969831063933093	1.5100657373108888
2.0	0.41248398721021945	-17.636545376645103	2.176637111886869
