ORTHO000616_1	1.0	0.4576632956688678	-21.866571676175898
1.0	0.4783051997120509	-22.297094527691577	-0.8610457030313583
1.0	0.49501366764210236	-22.589440699163465	-1.4457380459751334
1.0	0.4706072638051638	-21.996598130699283	-0.26005290904677025
1.0	0.46974311730150264	-22.005134836330857	-0.27712632030991813
1.0	0.5682251661623576	-24.093714659391686	-4.454285966431577
1.0	0.46543781525711586	-21.81254070300511	0.10806194634157862
1.0	0.5108221233915239	-22.468119343533452	-1.2030953347151083
1.0	0.5024701783433451	-22.478711232618714	-1.2242791128856325
1.0	0.4324309664418494	-21.03947057692111	1.654202198509573
1.0	0.42929572692533874	-21.08902333440139	1.5550966835490172
1.0	0.4295170576097063	-21.093519038250765	1.546105275850266
1.0	0.41608010339363105	-20.411838344242675	2.9094666638664464
1.0	0.4209605597362656	-20.97566936371064	1.7818046249305155
1.0	0.43068656417298534	-21.1856829610893	1.3617774301731984
1.0	0.4576562901706844	-21.655053603589693	0.4230361451724107
1.0	0.4469845725751719	-21.459310957200515	0.8145214379507664
1.0	0.43633153104132477	-21.36252229033442	1.0080987716829526
1.0	0.4348984572342985	-21.434956845377947	0.8632296615959021
1.0	0.43536756899207096	-21.13954216375367	1.4540590248444545
1.0	0.45351588979639107	-21.739406801006695	0.25432975033840677
