ORTHO002083	1.0	0.44746627658657107	-20.079182728074585
1.0	0.4875896552598744	-20.89378840230337	-1.6292113484575736
1.0	0.5258009186203474	-21.943405562641118	-3.728445669133066
1.0	0.48661193504624634	-20.932050891342964	-1.7057363265367584
1.0	0.49010319770063066	-20.993982437419593	-1.829599418690016
1.0	0.48524231879898677	-21.068152557330677	-1.9779396585121845
1.0	0.48291293104944527	-20.840279687109803	-1.5221939180704354
1.0	0.49111522562099313	-20.91638386114154	-1.6744022661339102
1.0	0.483267309909189	-20.704313136434152	-1.250260816719134
1.0	0.4140200830961138	-19.236184537994557	1.6859963801600557
1.0	0.4123938308358424	-19.284767339807917	1.5888307765333352
1.0	0.41261166695975143	-19.28938904902975	1.5795873580896682
1.0	0.5251198213304171	-21.917475152957156	-3.676584849765142
1.0	0.4201470879350995	-19.675262174591285	0.8078411069665989
1.0	0.42118153345813486	-19.765931476918187	0.6265025023127961
1.0	0.4748453798860357	-20.55989743334954	-0.9614294105499113
1.0	0.43003130407091017	-19.624267818585768	0.9098298189776344
1.0	0.41849215386627936	-19.561755037789872	1.0348553805694252
1.0	0.4214479420514499	-19.634845716391887	0.8886740233653967
1.0	0.415275555163029	-19.337510318167997	1.4833448198131762
1.0	0.3765177782253521	-18.035973999951562	4.086417456246046
