ORTHO001338	1.0	0.4487871427877341	-20.980048977893627
1.0	0.45692889002240134	-21.42722069851083	-0.8943434412344047
1.0	0.44157266135520584	-20.663644985524652	0.6328079847379513
1.0	0.516445335765243	-22.186569085184495	-2.4130402145817342
1.0	0.5228567475936016	-22.30373193870699	-2.6473659216267222
1.0	0.5211790235972055	-22.416568445087062	-2.8730389343868694
1.0	0.512652852262607	-22.0572497524341	-2.1544015490809443
1.0	0.492458119267001	-21.601749814244727	-1.2434016727021984
1.0	0.4198278066894369	-20.042799318458712	1.8744993188698302
1.0	0.4205118182015648	-20.1103651381974	1.7393676793924584
1.0	0.40518728049181885	-19.69647581374394	2.5671463282993727
1.0	0.4062286461173035	-19.71623499394533	2.527627967896592
1.0	0.480509117592264	-22.142672492176622	-2.3252470285659896
1.0	0.42241329375880626	-20.318387554466167	1.3233228468549214
1.0	0.426577314532213	-20.483849043196678	0.9923998693938998
1.0	0.42236865152362363	-20.4175267272562	1.1250445012748571
1.0	0.4024725339422213	-20.31417952822401	1.3317388993392356
1.0	0.42251604109085744	-20.42641123213789	1.1072754915114729
1.0	0.4185197169505363	-20.09214352885493	1.7758108980773954
1.0	0.41949631113545044	-20.23646181303455	1.487174329718158
1.0	0.4459541719952789	-21.01557355686119	-0.07104915793512845
