ORTHO003523	1.0	0.4998358188725885	-18.558276462124738
1.0	0.5034677615301634	-18.793574840869056	-0.47059675748863583
1.0	0.5867909429984556	-20.32477905772981	-3.533005191210144
1.0	0.5430631556101374	-19.362472166677176	-1.6083914091048754
1.0	0.541895936919566	-19.430050565924912	-1.7435482076003481
1.0	0.5354932480987582	-19.50041767032603	-1.8842824164025842
1.0	0.46287083817685004	-17.6889736761747	1.7386055719000737
1.0	0.5238391658721506	-19.04931827755967	-0.9820836308698659
1.0	0.5333313591902652	-19.14343587745013	-1.1703188306507855
1.0	0.4635571197518546	-17.728340516005552	1.659871892238371
1.0	0.44633436506465013	-17.33706133373619	2.4424302567770937
1.0	0.44751108427355857	-17.355429437352416	2.4056940495446426
1.0	0.4457014949488731	-17.14333112797147	2.8298906683065326
1.0	0.46685575285367253	-18.172013860791488	0.7725252026665004
1.0	0.461113646843759	-17.619769967477822	1.8770129892938314
1.0	0.527126101761831	-19.02155832504711	-0.9265637258447441
1.0	0.44075489158849485	-17.236696103433854	2.643160717381768
1.0	0.4643490472015596	-18.07940999361053	0.9577329370284176
1.0	0.4639021843457754	-18.15058008251977	0.815392759209935
1.0	0.4623199059673642	-17.85806367425697	1.4004255757355324
1.0	0.4188946454970663	-16.609928754869173	3.8966954145111288
