ORTHO004075	1.0	0.4703181555064607	-17.645949793544503
1.0	0.5565360670521405	-19.251388261870815	-3.2108769366526246
1.0	0.5180715375309595	-18.59412457679789	-1.8963495665067711
1.0	0.5182612380574348	-18.706302601161894	-2.120705615234783
1.0	0.515338805734785	-18.539727891162624	-1.7875561952362418
1.0	0.5078589011730564	-18.674294736043304	-2.0566898849976027
1.0	0.5128746119516525	-18.41170079885696	-1.5315020106249122
1.0	0.5026782760672652	-18.15368278935178	-1.0154659916145548
1.0	0.4355476801813278	-16.727329593842395	1.837240399404216
1.0	0.43238130588915175	-16.823385560485608	1.6451284661177894
1.0	0.4295758968955324	-16.87240715407977	1.5470852789294653
1.0	0.42984689156262024	-16.876890813466318	1.5381179601563701
1.0	0.5111506453942903	-18.77868722239474	-2.2654748577004753
1.0	0.4409873324245489	-17.240418250301605	0.8110630864857953
1.0	0.43359960734714903	-16.68385000069793	1.9241995856931453
1.0	0.43337023379469547	-16.686142886086618	1.9196138149157704
1.0	0.44764068961667525	-17.203387044964774	0.8851254971594571
1.0	0.4398943098185496	-17.10931532357079	1.0732689399474253
1.0	0.43382528985527863	-16.777555030754975	1.7367895255790557
1.0	0.43523797905801015	-16.921579306322144	1.4487409744447177
2.0	0.4492186061679742	-16.572339072456582	2.147221442175841
