ORTHO000761	1.0	0.4796340780215451	-24.604264927460566
1.0	0.46667107148347353	-24.045988890731547	1.1165520734580383
1.0	0.5965596114927076	-26.718449647464126	-4.228369440007121
1.0	0.4923774913583432	-24.72978638497988	-0.2510429150386315
1.0	0.4911981460032454	-24.73932819681038	-0.2701265386996283
1.0	0.483183083863687	-24.588087732670115	0.03235438958090242
1.0	0.4809760246854352	-24.54985361911554	0.10882261669004833
1.0	0.5313099129444373	-25.1833498708579	-1.158169886794667
1.0	0.5054108615816222	-25.0778041370323	-0.947078419143466
1.0	0.4468385923363461	-23.728878480354147	1.7507728942128367
1.0	0.4521306598339785	-23.810355961264683	1.587817932391765
1.0	0.4523416926591957	-23.81640939056473	1.5757110737916733
1.0	0.47812441704138997	-25.404956458028547	-1.6013830611359623
1.0	0.4437029416335181	-23.956533490789795	1.2954628733415419
1.0	0.42637146413507926	-23.69525454905931	1.818020756802511
1.0	0.4765372025349581	-24.387303507210078	0.4339228405009763
1.0	0.4938916316860804	-24.681829471856567	-0.15512908879200182
1.0	0.4937548669477081	-24.698475426184743	-0.18842099744835394
1.0	0.5039312639356411	-24.642957878750593	-0.07738590258005473
1.0	0.44984776555075856	-23.919763271747886	1.3690033114253595
1.0	0.48422568351011297	-24.675470668056782	-0.14241148119243263
