ORTHO003695	1.0	0.4926934199285812	-18.167524121469157
1.0	0.4664609586748771	-17.358283518687166	1.618481205563981
1.0	0.537255981372105	-19.09613944944564	-1.8572306559529679
1.0	0.45611472368949374	-17.460853600687624	1.413341041563065
1.0	0.5414295888394294	-19.03710592854621	-1.7391636141541085
1.0	0.5350864737060758	-19.11196539072215	-1.8888825385059889
1.0	0.5325186748284056	-18.892743348513058	-1.4504384540878021
1.0	0.5630707491555169	-19.090231020418976	-1.8454137978996386
1.0	0.5323213824750085	-18.756554663121637	-1.1780610833049607
1.0	0.45629733952639595	-17.334612638642167	1.6658229656539802
1.0	0.4413656366673781	-16.939971012243532	2.455106218451249
1.0	0.44280563362587994	-16.95855847620421	2.417931290529893
1.0	0.5367222615771905	-19.28002442146721	-2.2250005999961076
1.0	0.4597676608402486	-17.79147046344884	0.752107316040636
1.0	0.4649526074083164	-17.875880584053654	0.5832870748310057
1.0	0.45309549699726126	-17.227838078625265	1.879372085687784
1.0	0.4729714887498034	-17.736841879115925	0.8613644847064634
1.0	0.4592524222528714	-17.64762196977834	1.0398043033816364
1.0	0.4535565481072801	-17.319017689395707	1.697012864146899
1.0	0.4547404551412676	-17.462466209097578	1.4101158247431584
2.0	0.4783802520050417	-17.104873714127496	2.125300814683321
