ORTHO000992	1.0	0.43770760750316556	-21.916516291895135
1.0	0.4509027862771453	-22.356633256568873	-0.8802339293474759
1.0	0.5344049844873905	-24.106303487737364	-4.379574391684457
1.0	0.5085053734226779	-23.521151845086543	-3.2092711063828148
1.0	0.4365298136116544	-21.645176783203205	0.5426790173838612
1.0	0.5058243879361655	-23.3845355988123	-2.9360386138343273
1.0	0.43986308303396354	-21.84637413310429	0.14028431758168836
1.0	0.4786277840328933	-22.549335942894185	-1.2656393019980996
1.0	0.41389118433988914	-20.973933340839185	1.8851659021119005
1.0	0.41099945632585505	-21.046566631398996	1.7398993209922793
1.0	0.41567504119944326	-21.066989196219403	1.6990541913514647
1.0	0.4150719117194147	-21.048020196746727	1.7369921902968173
1.0	0.44658152595167916	-22.066913641666087	-0.3007946995419033
1.0	0.4025569489584796	-20.993661958658816	1.845708666472639
1.0	0.4123428299970473	-21.212465812529	1.4081009587322697
1.0	0.43465143711726084	-21.72555514946184	0.3819222848665902
1.0	0.4280374752374623	-21.49829720986713	0.8364381640560126
1.0	0.41704657752814955	-21.402537804888002	1.0279569740142662
1.0	0.41617144335626705	-21.47206187648595	0.888908830818373
1.0	0.4104989880807245	-21.168606480937896	1.4958196219144781
1.0	0.43265728458646163	-21.79859276743045	0.23584704892937225
