ORTHO002007	1.0	0.4772687705307553	-20.293798933641025
1.0	0.5618910769389148	-22.035173487647672	-3.4827491080132944
1.0	0.5162718239419579	-21.228803732798347	-1.8700095983146454
1.0	0.5224168688303543	-21.34953496984469	-2.111472072407331
1.0	0.5196185803212782	-21.18247628484964	-1.7773547024172274
1.0	0.519792791293835	-21.25417864513187	-1.9207594229816891
1.0	0.5176610165639121	-21.04776946591955	-1.507941064557052
1.0	0.4898950763606537	-20.394126066063457	-0.20065426484486437
1.0	0.4455366018126652	-19.381732559818886	1.8241327476442777
1.0	0.44589848672712074	-19.4549095144111	1.6777788384598509
1.0	0.44451367504495537	-19.47556991684582	1.636458033590408
1.0	0.44376181531653186	-19.457328186463286	1.6729414943554772
1.0	0.4224211034013207	-18.853381438947125	2.8808349893878002
1.0	0.4845420476661276	-20.346588634165343	-0.10557940104863661
1.0	0.4688912935682424	-20.083017863658995	0.42156213996405967
1.0	0.44387558060977605	-19.342026851204295	1.903544164873459
1.0	0.5003719624829907	-20.449697593358472	-0.31179731943489486
1.0	0.4461672514962672	-19.80954533345555	0.9685072003709507
1.0	0.4460659491979164	-19.87769891332875	0.8322000406245493
1.0	0.4451657105392821	-19.57748555351586	1.4326267602503293
1.0	0.3950367821780102	-18.313504331377956	3.960589204526137
