ORTHO000273_1	1.0	0.377499549576724	-19.017242844631465
1.0	0.3588933501046067	-18.141252208400175	1.7519812724625794
1.0	0.4584959812178682	-21.027105082581688	-4.019724475900446
1.0	0.4285695981722005	-20.493141606588303	-2.951797523913676
1.0	0.40098639066888325	-19.639919223847347	-1.245352758431764
2.0	0.4055224946718543	-18.927175359116315	0.18013497103029863
1.0	0.4164564245857635	-19.86364150074909	-1.6927973122352498
1.0	0.40948452302421523	-19.601484758597504	-1.1684838279320786
1.0	0.4457998489956274	-20.237962573347314	-2.4414394574316987
2.0	0.4003137653713022	-19.490281673628047	-0.9460776579931647
2.0	0.40458716888534735	-19.53287618793355	-1.0312666866041695
2.0	0.40539337271186326	-19.532457569568926	-1.030429449874923
1.0	0.45828202343908536	-20.968916562219736	-3.903347435176542
2.0	0.4105453391463019	-19.556943667892472	-1.0794016465220153
2.0	0.4083863367030631	-19.643270759646583	-1.252055830030237
1.0	0.40697077257509157	-19.617942245311927	-1.2013988013609236
1.0	0.40020009754880437	-19.21273917526375	-0.3909926612645691
2.0	0.40691051704602355	-19.354863849990792	-0.6752420107186552
2.0	0.4120783319998618	-19.45095201868782	-0.8674183481127073
2.0	0.4031138253636504	-19.27352312467101	-0.5125605600790877
2.0	0.36388921239277905	-17.906201566845667	2.222082555571596
