ORTHO003707	1.0	0.4533168123387276	-16.911183498046956
1.0	0.4582038802126431	-17.152204475601938	-0.4820419551099633
1.0	0.4416229677096454	-16.874755930351505	0.0728551353909026
1.0	0.4968328586681154	-17.99498986431827	-2.1676127325426293
1.0	0.49378624108351915	-17.827088182386266	-1.8318093686786199
1.0	0.49394557870710537	-17.896534557467778	-1.9707021188416434
1.0	0.4912420248294696	-17.697453251448735	-1.5725395068035581
1.0	0.4808456806694034	-17.435265790412604	-1.0481645847312961
1.0	0.4910088436719858	-17.536073767194242	-1.2497805382945728
1.0	0.4162910438512247	-16.04698925886679	1.7283884783603298
1.0	0.41522526735825643	-16.067108886331212	1.6881492234314877
1.0	0.41427888748754993	-16.048152372631762	1.7260622508303882
1.0	0.41308459250463814	-15.874638651634337	2.0730896928252385
1.0	0.42138210797004444	-16.48954382586588	0.843279344362152
1.0	0.41349760219540704	-15.929567668550822	1.9632316589922674
1.0	0.464442483032494	-16.863678526095015	0.09500994390388229
1.0	0.4748412739926173	-17.074764025861604	-0.327161055629297
1.0	0.4201491710167978	-16.357929591051427	1.1065078139910582
1.0	0.4137944458076581	-16.023280944874987	1.7758051063439382
1.0	0.41518475884594486	-16.16780000902094	1.4867669780520316
2.0	0.4301390648228359	-15.835504980957746	2.151357034178421
