ORTHO002641	1.0	0.4191787866715112	-17.209680557647264
2.0	0.4143411664548207	-16.41570428239884	1.5879525504968512
1.0	0.5038319799128611	-19.03220223438162	-3.645043353468715
1.0	0.4567004235968595	-18.09279919677364	-1.7662372782527527
1.0	0.4549829792837833	-18.159984244213	-1.9006073731314714
1.0	0.45576189864644867	-18.224771646351755	-2.0301821774089817
1.0	0.4531380396632691	-18.024963658302266	-1.6305662013100033
1.0	0.44953313255431604	-17.758315339974043	-1.0972695646535584
1.0	0.3908530109108243	-16.24693599347786	1.9254891283388105
1.0	0.38826261949783886	-16.59510451383065	1.2291520876332314
1.0	0.38931847175167733	-16.57821526551484	1.2629305842648506
1.0	0.3881510215193531	-16.56649791575132	1.2863652837918877
1.0	0.49385249578739576	-19.06925438364926	-3.71914765200399
1.0	0.39570039822276365	-16.765197356478154	0.8889664023382196
1.0	0.3889838330723385	-16.201235531394843	2.0168900525048414
1.0	0.45514967015711477	-17.895506031517893	-1.3716509477412586
2.0	0.41764059070542525	-16.647705409428063	1.1239502964384016
1.0	0.3933102659058527	-16.66632541751482	1.0867102802648887
1.0	0.39247179117978953	-16.73993569753295	0.9394897202286288
1.0	0.3906404484183022	-16.44126862016166	1.5368238749712049
2.0	0.4183205621911235	-16.52820783685003	1.3629454415944693
