ORTHO003256	1.0	0.4643358349378162	-17.834722197413143
1.0	0.47423450045750104	-18.282495548892918	-0.8955467029595496
1.0	0.5012286572607011	-18.784537844873757	-1.8996312949212282
1.0	0.42878717545485373	-17.103371862441016	1.4627006699442546
1.0	0.5048907477896084	-18.73999598914671	-1.8105475834671338
1.0	0.4265920172721963	-16.807013349465375	2.0554176958955352
1.0	0.5026772697648696	-18.611303081241118	-1.5531617676559506
1.0	0.4921666070098181	-18.350549009801487	-1.0316536247766876
1.0	0.49553477138228086	-18.448583152062135	-1.2277219092979834
1.0	0.4283973846020704	-16.982454777825595	1.7045348391750963
1.0	0.42716901649117034	-17.00316781513608	1.6631087645541243
1.0	0.42634449545710074	-16.98458516850552	1.7002740578152427
1.0	0.40845417213007484	-16.37420716823901	2.921030058348265
1.0	0.4320611381731011	-17.436554539163634	0.7963353164990181
1.0	0.42929213614758693	-17.531013036883518	0.6074183210592494
1.0	0.4260512816697661	-16.869169208771478	1.9311059772833303
1.0	0.4114159876231325	-16.462666338592914	2.7441117176404575
1.0	0.42992836685162616	-17.328416656956833	1.0126110809126203
1.0	0.4292527495467761	-17.401011926399523	0.8674205420272401
1.0	0.4275481178160982	-17.104842248694435	1.459759897437415
2.0	0.4444679715501255	-16.755072936782557	2.159298521261171
