ORTHO002060	1.0	0.46761157815363696	-19.97047562799605
1.0	0.5092972922379106	-20.83871680478141	-1.7364823535707217
1.0	0.5533787524373701	-21.79015708794318	-3.6393629198942605
1.0	0.4384319516597908	-19.246338888127788	1.448273479736521
1.0	0.5134121338627998	-20.86637974287902	-1.791808229765941
1.0	0.5121780897517856	-20.638836783605687	-1.336722311219276
1.0	0.5069987642244467	-20.726105658311806	-1.511260060631514
1.0	0.4965439292073685	-20.47595978818685	-1.0109683203816004
1.0	0.505674684279868	-20.578313122835375	-1.2156749896786536
1.0	0.4387591171214042	-19.12605888394819	1.6888334880957174
1.0	0.4368205532113256	-19.146923832821077	1.6471035903499427
1.0	0.4361189020409044	-19.128572379652486	1.6838064966871258
1.0	0.4770400146472149	-20.12385105767436	-0.30675085935662594
1.0	0.4476258529713491	-19.679050874427144	0.5828495071378086
1.0	0.4529564704119245	-19.658901828477997	0.623147599036102
1.0	0.5040318328217863	-20.48431476946244	-1.0276782829327828
1.0	0.4131157658044647	-18.505909225044565	2.9291328059029667
1.0	0.43932078648528355	-19.471604741615224	0.9977417727616498
1.0	0.43830213458761397	-19.544157288258887	0.8526366794743225
1.0	0.43819060743246624	-19.248618329715352	1.4437145965613922
1.0	0.4073909059007662	-18.404807885797805	3.1313354843964873
