ORTHO000958	1.0	0.45256525330542574	-22.677209241535056
1.0	0.5406718418956545	-24.343106580021164	-3.3317946769722155
1.0	0.5605758349496589	-25.45859586651668	-5.56277324996325
1.0	0.5234497930232632	-23.8632617943151	-2.372105105560088
1.0	0.46292624651944814	-22.838987256358926	-0.3235560296477402
1.0	0.4215524220284666	-21.36320274787824	2.6280129873136318
1.0	0.5183473850072674	-23.72593632123888	-2.097454159407647
1.0	0.534851422595068	-23.793222153222423	-2.232025823374734
1.0	0.4857237591964133	-23.274304449580228	-1.1941904160903434
1.0	0.42913334958890853	-22.091320755600957	1.1717769718681978
1.0	0.42968673704471516	-22.070548209697545	1.2133220636750224
1.0	0.42868608339413483	-22.060365714862204	1.2336870533457045
1.0	0.49951643698856607	-23.646215728943577	-1.9380129748170418
1.0	0.4142119401801049	-21.784896990537483	1.7846245019951468
1.0	0.42563637268496446	-21.97096478613081	1.4124889108084915
1.0	0.4237174086839507	-22.16108487524308	1.0322487325839518
1.0	0.41058449407285946	-21.725349692077007	1.903719098916099
1.0	0.4585875603535363	-22.629107783549397	0.09620291597131825
1.0	0.4487439883583939	-22.46946504122679	0.4154884006165318
1.0	0.4297414903485585	-21.95287190466757	1.4486746737349705
1.0	0.44912830077447585	-22.538190052906565	0.27803837725698344
