ORTHO002550	1.0	0.4817923939693782	-18.285287739087753
1.0	0.4966406291678061	-18.726263536320943	-0.8819515944663792
1.0	0.5634272999505963	-20.067630782321842	-3.5646860864681784
1.0	0.5196671147732183	-19.09501401829083	-1.6194525584061523
1.0	0.5240382970629318	-19.164832528753234	-1.7590895793309613
1.0	0.5183744410110298	-19.213123272912444	-1.8556710676493822
1.0	0.5168052274514912	-19.008920331275796	-1.4472651843760858
1.0	0.49505286336909754	-18.376971452124618	-0.1833674260737297
1.0	0.5154326401129132	-18.88464084999876	-1.1987062218220146
1.0	0.4517462193368898	-17.44573156926076	1.679112339653983
1.0	0.4350202589382956	-17.048811167403695	2.472953143368116
1.0	0.43615686658625197	-17.06748812187681	2.435599234421886
1.0	0.44936670472191126	-17.280673090556533	2.00922929706244
1.0	0.45413227283684976	-17.90117883678198	0.7682178046115453
1.0	0.45794925732811614	-17.99631044981614	0.5779545785432276
1.0	0.4933813006924153	-18.606431682868443	-0.6422878875613804
1.0	0.43220262067278503	-17.497140442220275	1.576294593734957
1.0	0.4541364151306951	-17.75921819859912	1.0521390809772626
1.0	0.4495803950623674	-17.429801090291335	1.7109732975928367
1.0	0.4505528028821473	-17.57338105504141	1.4238133680926879
1.0	0.42064516300159377	-16.768303004590013	3.0339694689954797
