ORTHO000265_3	1.0	0.4870272636948808	-18.759401036852026
1.0	0.5649899706025281	-20.347085556736047	-3.175369039768043
1.0	0.5290915728756581	-19.686962484584182	-1.8551228954643122
1.0	0.5278527387754353	-19.574967118573127	-1.631132163442203
1.0	0.44630798727857623	-17.98601089141785	1.5467802908683552
1.0	0.5252342015943213	-19.777224797212153	-2.0356475207202536
1.0	0.5182170738336539	-19.515869904024168	-1.512937734344284
1.0	0.5142609505181867	-19.25883475493267	-0.9988674361612908
1.0	0.5178014442327136	-19.354542010813937	-1.1902819479238218
1.0	0.44630870218578494	-17.91835868366291	1.6820847063782338
1.0	0.4262157389894753	-17.519934096992696	2.47893387971866
1.0	0.42758273067101843	-17.538776416352658	2.4412492409987365
1.0	0.42560220275210137	-17.32558733998636	2.8676273937313326
1.0	0.4500290304527176	-18.363539646416562	0.7917227808709271
1.0	0.4435535567799086	-17.809085709316562	1.9006306550709269
1.0	0.44335812327358987	-17.812330280926933	1.8941415118501865
1.0	0.4621829747009445	-18.323854571789273	0.8710929301255064
1.0	0.447301594152448	-18.269786005981647	0.9792300617407577
1.0	0.4529933781616431	-18.341526864995387	0.8357483437132771
1.0	0.4448859655223135	-18.04742906019913	1.4239439533057947
1.0	0.4030105708290051	-16.782057473772316	3.9546871261594205
