ORTHO002028	1.0	0.49276852461968734	-21.138600566321703
1.0	0.37061087050621655	-18.142338694078624	5.9925237444861565
1.0	0.4943719197257321	-21.148118664627212	-0.019036196611018852
1.0	0.5383083460103563	-21.945621112888098	-1.6140410931327906
1.0	0.5365314112086011	-22.0140927510254	-1.7509843694073979
1.0	0.5373349880429403	-22.079744267476364	-1.8822874023093235
1.0	0.5346254854647537	-21.886129706079416	-1.4950582795154261
1.0	0.524948776778582	-21.632235365019927	-0.9872695973964483
1.0	0.5155935087156588	-21.632958793864695	-0.988716455085985
1.0	0.4520767158582008	-20.297059809336442	1.6830815139705209
1.0	0.45062543100455793	-20.36585282457527	1.5454954834928643
1.0	0.450868481544811	-20.371161346135178	1.534878440373049
1.0	0.4964537253783426	-21.28871037623369	-0.30021961982397727
1.0	0.4864881157165382	-21.02263057724111	0.2319399781611864
1.0	0.47858148435758724	-20.907363391988206	0.4624743486669942
1.0	0.48639451564056896	-20.90430309194773	0.46859494874794194
1.0	0.47016310614462464	-20.700709035900893	0.8757830608416199
1.0	0.45586939984674946	-20.642626827358868	0.9919474779256703
1.0	0.4619402288947428	-20.71718029320696	0.8428405462294819
1.0	0.45293503632676846	-20.441333312171928	1.3945345082995502
1.0	0.4060804765539472	-19.179900102666537	3.9174009273103323
