ORTHO002089	1.0	0.46751516260034487	-19.258077212200742
1.0	0.4503809699199023	-18.436249092924452	1.6436562385525804
1.0	0.5502769022833341	-21.070900295676257	-3.6256461669510287
1.0	0.5127437564337705	-20.322732054273434	-2.129309684145383
1.0	0.5098287744040662	-20.15672175172711	-1.7972890790527316
1.0	0.4370096526545089	-18.237563991988242	2.041026440425
1.0	0.5080183335673241	-20.026754263683753	-1.5373541029660203
1.0	0.49875064413819853	-19.7683725464693	-1.0205906685371176
1.0	0.4962132247434943	-19.752956997639636	-0.9897595708777871
1.0	0.43918393870844724	-18.626049352688216	1.2640557190250519
1.0	0.4376564099782816	-18.584651466692353	1.3468514910167784
1.0	0.4370066498248125	-18.57709813331629	1.3619581577689033
1.0	0.4772403837637422	-19.411573922621	-0.30699342084051295
1.0	0.441992270697755	-18.865507683600836	0.7851390571998138
1.0	0.44329158164692634	-18.95059964080985	0.6149551427817883
1.0	0.5007981162969667	-19.80400546269007	-1.0918565009786576
1.0	0.41566425897210185	-17.89761078053195	2.7209328633375875
1.0	0.4397250444725427	-18.74168940738862	1.0327756096242453
1.0	0.44393069775355304	-18.81825955377909	0.8796353168433058
1.0	0.4348337614983068	-18.54613283242041	1.4238887595606613
1.0	0.39749143661577413	-17.26160239770255	3.992949628996385
