ORTHO001483	1.0	0.4673361047977396	-22.21875700232951
1.0	0.4448679730192778	-21.387189536929693	1.663134930799636
1.0	0.43183467397797587	-21.021375319590632	2.3947633654777576
1.0	0.5449445254676487	-23.381374443423915	-2.325234882188809
1.0	0.47321678936457623	-22.357376914525325	-0.27723982439162853
1.0	0.5426811590373593	-23.62561465825177	-2.8137153118445184
1.0	0.4686617447092762	-22.16542209059868	0.1066698234616652
1.0	0.5147611966233053	-22.81712856288111	-1.1967431211031965
1.0	0.48735003662202725	-22.73133964134377	-1.025165278028517
1.0	0.43967705906599863	-21.336125135497333	1.765263733664355
1.0	0.43805985763598737	-21.38196207168239	1.6735898612942393
1.0	0.4372742600966032	-21.36490607865317	1.7077018473526806
1.0	0.42219164093337097	-21.070236701679804	2.2970406012994147
1.0	0.42299314902976876	-21.32944165317066	1.7786306983176985
1.0	0.43357894225026683	-21.535851758197005	1.3658104882650122
1.0	0.43551963062989946	-21.638644742295636	1.1602245200677501
1.0	0.41490174654785944	-21.27972214943354	1.878069705791944
1.0	0.4394611822808572	-21.70292569818062	1.0316626082977791
1.0	0.43954662576994513	-21.761829540651362	0.9138549233562969
1.0	0.43741232204425157	-21.501255991233005	1.4350020221930109
1.0	0.4572719543835007	-22.086333935038486	0.26484613458205075
