ORTHO001956	1.0	0.4759852635063986	-19.769424083762352
1.0	0.4443809075397798	-18.94648638995145	1.6458753876218069
1.0	0.5580395720759573	-21.582258119786662	-3.6256680720486187
1.0	0.5124689307431484	-20.831344405139316	-2.123840642753926
1.0	0.5169131525434252	-20.64461983583768	-1.750391504150656
1.0	0.432970732680272	-18.74693358761576	2.0449809922931834
1.0	0.503625895725133	-20.560588126780402	-1.5823280860360995
1.0	0.48425532235405044	-19.86315803665039	-0.18746790577607442
1.0	0.5080861332080314	-20.37157025987624	-1.2042923522277746
1.0	0.43124903932323777	-18.94388817713378	1.651071813257147
1.0	0.4280967943765613	-18.993913279813633	1.5510216078974395
1.0	0.428360825697616	-18.998437352226283	1.5419734630721393
1.0	0.4747453631636624	-19.87163776739737	-0.20442736727003563
1.0	0.43761895571664133	-19.37528862713733	0.7882709132500452
1.0	0.43581372825606973	-19.460575507354378	0.6176971528159498
1.0	0.5091368408076684	-20.346144778369805	-1.1534413892149047
1.0	0.4945496441763823	-19.92101730078518	-0.3031864340456565
1.0	0.4339802793764433	-19.333820634258146	0.8712068990084134
1.0	0.436439345674739	-19.38179720008427	0.7752537673561619
1.0	0.4336243711968219	-19.046602230713074	1.4456437060985579
1.0	0.38759870320451584	-17.769683521968275	3.999481123588154
