ORTHO000457	1.0	0.4552347088243172	-26.686983425993525
1.0	0.40768427367433363	-25.136696573562173	3.100573704862704
1.0	0.5969600946927007	-29.542156898872086	-5.710346945757124
1.0	0.5549537547266458	-28.657103767004884	-3.9402406820227185
1.0	0.4932977094542747	-27.45052447454878	-1.5270820971105081
1.0	0.4876389360107211	-27.422735594501155	-1.4715043370152614
1.0	0.440399708704377	-26.587605343771344	0.19875616444436162
1.0	0.5089519225018716	-27.454572962154124	-1.535179072321199
1.0	0.5119196759870385	-27.761182014394144	-2.1483971768012395
1.0	0.4249837391532802	-25.99679432085865	1.3803782102697468
1.0	0.4126112269774269	-25.797241722738033	1.779483406510984
1.0	0.4136116316207429	-25.80241131109264	1.7691442298017677
1.0	0.36173944741273417	-24.18514490267659	5.003677046633868
1.0	0.4093782640480124	-25.822054363214214	1.7298581255586214
1.0	0.41810623683328046	-25.88111277464337	1.6117413027003096
1.0	0.44185292947280863	-26.706882439611498	-0.039798027235946165
1.0	0.45099837181899854	-26.601739765361906	0.17048732126323785
1.0	0.44594878319292264	-26.564411767203687	0.2451433175796751
1.0	0.4562152863634975	-26.503673449724534	0.36661995253798096
1.0	0.4221810031832469	-26.050311103191927	1.2733446456031956
1.0	0.5122164762100948	-27.671372541983878	-1.968778231980707
