ORTHO000848	1.0	0.43491440693517586	-21.82934351414774
1.0	0.5614099526086579	-24.75928878044375	-5.8598905325920185
1.0	0.5630482394297488	-24.944419952345033	-6.230152876394584
1.0	0.5189797944681489	-24.128468755614207	-4.598250482932933
1.0	0.4992448721154607	-23.190001009706695	-2.7213149911179073
1.0	0.4975969122981392	-23.312752398133288	-2.9668177679710936
1.0	0.4080779784315327	-21.100501130091246	1.4576847681129905
1.0	0.49883601518862886	-23.00058443665939	-2.3424818450233005
1.0	0.40692189945503005	-20.880286921742677	1.8981131848101285
1.0	0.40714837733517556	-20.952874765418077	1.7529374974593281
1.0	0.4118176167391598	-20.973685262210406	1.71131650387467
1.0	0.4111939240643564	-20.954545488244225	1.749596051807032
1.0	0.5026896379934584	-23.671405331698736	-3.68412363510199
1.0	0.4186005191013677	-21.40902581346567	0.8406354013641391
1.0	0.40407618534250744	-21.072654837828857	1.513377352637768
1.0	0.44674372710858057	-21.943946487659023	-0.2292059470225638
1.0	0.42467340857725416	-21.408147061682143	0.8423929049311951
1.0	0.4078818084606803	-21.299815196897068	1.0590566345013457
1.0	0.4062086346948121	-21.373083809928374	0.9125194084387331
1.0	0.4067060539224615	-21.074471605050473	1.5097438181945364
1.0	0.4244904093852307	-21.689344352324127	0.2799983236472272
