ORTHO001129	1.0	0.4260931273410544	-20.14475876592421
1.0	0.49540621331172296	-22.040010564647396	-3.7905035974463743
1.0	0.4199642212573505	-20.178260307364923	-0.06700308288142764
1.0	0.37850274306851084	-19.027761307205527	2.2339949174373643
1.0	0.49469502427008655	-21.51843485293476	-2.7473521740211027
1.0	0.4295712252344844	-20.13224830455893	0.025020922730554673
1.0	0.48466959230065043	-21.268500045411756	-2.2474825589750935
1.0	0.4703263601840857	-20.79822185814205	-1.3069261844356816
1.0	0.44759308817834936	-20.673811662226473	-1.058105792604529
1.0	0.39813069386738825	-19.47696940168339	1.3355787284816358
1.0	0.3975205552361596	-19.435713092998743	1.4180913458509323
1.0	0.39988833749871916	-19.427378698926738	1.434760133994942
1.0	0.45692677458057973	-21.331641606111333	-2.373765680374248
1.0	0.3865493283232691	-19.2188231592577	1.8518712133330197
1.0	0.3978485226627072	-19.441745742168184	1.40602604751205
1.0	0.43667769795880546	-20.240172343421282	-0.19082715499414604
1.0	0.37401830876577397	-19.006897380565853	2.275722770716712
1.0	0.3990881586614222	-19.5582099853079	1.1730975612326162
1.0	0.39476479238248524	-19.233353108229668	1.8228113153890817
1.0	0.3949921770614114	-19.39026159605069	1.5089943397470407
1.0	0.41693825713386856	-20.153061405248767	-0.01660527864911643
