ORTHO004126	1.0	0.43388035116252455	-16.826461332210943
1.0	0.515539787507544	-18.502263522736595	-3.3516043810513025
1.0	0.4764157673316494	-17.805069620135406	-1.9572165758489248
1.0	0.47709820591784174	-17.68963325491305	-1.726343845404216
1.0	0.48112315366851216	-17.76048437554563	-1.8680460866693736
2.0	0.46208730182143204	-16.693533793706358	0.26585507700917077
1.0	0.47229117531074866	-17.628796133866796	-1.6046696033117058
1.0	0.46559114343498126	-17.36410143295554	-1.0752802014891927
1.0	0.39335805081793224	-15.871383713885704	1.9101552366504784
1.0	0.3895311037807519	-15.962960932889441	1.7270007986430045
1.0	0.3863347582854381	-16.009717077260284	1.6334885099013192
1.0	0.38667262803337665	-16.014457374713402	1.624007914995083
2.0	0.4615926680071984	-16.69765014533797	0.25762237374594577
1.0	0.4018079586194137	-16.367981859958864	0.9169589445041595
1.0	0.3910582639283995	-15.823649958865492	2.0056227466909036
2.0	0.46142241144709784	-16.756664065395366	0.13959453363115415
1.0	0.4589166881087922	-16.999395262799293	-0.3458678611766999
1.0	0.39916682844659446	-16.256984573980166	1.1389535164615552
1.0	0.39115357346675134	-15.919399882137109	1.8141229001476695
1.0	0.3929467325781334	-16.064429623931066	1.5240634165597555
2.0	0.414470987281748	-15.741312576623963	2.1702975111739597
