ORTHO000919	1.0	0.41399875658952145	-22.502658956260262
1.0	0.41170357248753087	-22.236670841419496	0.5319762296815327
1.0	0.4301869942464302	-23.08674161145177	-1.1681653103830172
1.0	0.4353629694400976	-22.784649576733678	-0.5639812409468306
1.0	0.48985750073552686	-23.894607749881985	-2.7838975872434446
1.0	0.4774737414709999	-24.297674918471973	-3.590031924423421
1.0	0.486058001093198	-23.64556892289078	-2.2858199332610383
1.0	0.45867534656024955	-23.168914955940675	-1.3325119993608254
1.0	0.4474805441283857	-23.1613239485167	-1.3173299845128739
1.0	0.38619899422664383	-21.626090831254235	1.753136250012055
1.0	0.3827206158635017	-21.67270751666184	1.6599028791968422
1.0	0.3829007233632513	-21.677503380727305	1.6503111510659139
1.0	0.4203138338406357	-22.664647651075587	-0.3239773896306488
1.0	0.37086936748722366	-21.888181284703744	1.2289553431130358
1.0	0.3835114478182734	-21.914101330081383	1.1771152523577584
1.0	0.38392015298736476	-21.408331198096118	2.1886555163282893
1.0	0.4012248881924177	-22.28220045287514	0.4409170067702419
1.0	0.3902040763008067	-21.95588389865295	1.0935501152146259
1.0	0.3881149562382403	-22.02926833647782	0.9467812395648849
1.0	0.38601525311526047	-21.729468034345672	1.546381843829181
1.0	0.4134383326580201	-22.491893996245235	0.02152992003005494
