ORTHO001948	2.0	0.38285064810456254	-17.780825971061983
3.0	0.37258588727216	-16.381256983958437	2.799137974207092
2.0	0.46123279639142134	-19.768540249840246	-3.9754285575565262
2.0	0.42120910543850715	-18.94720119812363	-2.3327504541232926
2.0	0.4191500112024032	-18.774442407361796	-1.9872328725996269
2.0	0.41779738958354334	-18.84176609971612	-2.121880257308277
2.0	0.4165636964715251	-18.639322981297415	-1.7169940204708638
2.0	0.4091869722360322	-18.363605339434788	-1.1655587367456093
2.0	0.4137479328916169	-18.463116983071252	-1.3645820240185387
3.0	0.40379567402499916	-18.103739355713145	-0.6458267693023245
3.0	0.4031552032570266	-18.086293130267553	-0.6109343184111395
3.0	0.4035625911930427	-18.07507616092807	-0.5885003797321744
2.0	0.3875307498206447	-17.947768781598104	-0.3338856210722412
3.0	0.4083628466080951	-18.28391370034847	-1.0061754585729759
2.0	0.35256923683791236	-17.39553642952453	0.7705790830749066
2.0	0.4195749445045396	-18.55739187371777	-1.5531318053115726
2.0	0.4010307613959914	-17.98547547682336	-0.40929901152275505
3.0	0.40691935095774884	-18.173266389685107	-0.7848808372462486
3.0	0.40775755687679893	-18.246945991368058	-0.9322400406121503
3.0	0.40612410131654714	-17.919300709345862	-0.2769494765677578
3.0	0.3674880379790503	-16.624857405193275	2.311937131737416
