ORTHO005336	1.0	0.47873685974753843	-17.21113312898086
1.0	0.4833583302890266	-17.448522286083517	-0.4747783142053166
1.0	0.5195719114460954	-18.144017625527198	-1.8657689930926793
1.0	0.5309252012146783	-18.029182628264536	-1.6360989985673555
1.0	0.5295972258759013	-18.096369831181352	-1.7704734044009882
1.0	0.5233816680955043	-18.166661957545408	-1.9110576571290991
1.0	0.5209918946742578	-17.96923752391821	-1.5162087898747032
1.0	0.5106029917557531	-17.712634025444306	-1.003001792926895
1.0	0.5206622547013638	-17.808028452132852	-1.193790646303988
1.0	0.44205492148320225	-16.396579528439663	1.629107201082391
1.0	0.4392021839976979	-16.446186790503468	1.5298926769547805
1.0	0.43948193539783464	-16.450612074874414	1.5210421082128889
1.0	0.44294011763814356	-16.20150096124149	2.019264335478738
1.0	0.4507573621714874	-16.812238163164388	0.7977899316329413
1.0	0.4432756310858365	-16.256777020233947	1.9087122174938216
1.0	0.4430894024538347	-16.259915035735023	1.90243618649167
1.0	0.4142295315595517	-15.860411312308381	2.7014436333449545
1.0	0.44948305311831166	-16.681020863342223	1.060224531277271
1.0	0.4435111542503796	-16.35055704043604	1.7211521770896354
1.0	0.44488775453547463	-16.494504498668082	1.4332572606255525
2.0	0.4574928144250225	-16.139376770796314	2.143512716369088
