ORTHO003126	2.0	0.45365194014451343	-17.713981440231183
2.0	0.39254798263995094	-15.987435008958677	3.453092862545013
2.0	0.5459717605039656	-19.553704873275283	-3.679446866088199
2.0	0.42586139366111125	-16.9766448430023	1.4746731944577647
2.0	0.4978745057558666	-18.626421493242443	-1.824880106022519
2.0	0.4932108992216671	-18.691982199147716	-1.9560015178330659
2.0	0.4907918455324754	-18.49372472008177	-1.5594865597011704
2.0	0.48706127493026535	-18.234238636155556	-1.0405143918487454
2.0	0.49042276524229017	-18.334876421074355	-1.2417899616863437
2.0	0.4260947416456486	-16.849856288497044	1.728250303468279
2.0	0.40690053238874757	-16.43878529609133	2.55039228827971
2.0	0.4081972336623122	-16.458443020390945	2.5110768396804772
2.0	0.48910877234935557	-18.637953964822863	-1.847945049183359
2.0	0.42927935715463506	-17.297258126186087	0.8334466280901935
2.0	0.4233548395044516	-16.73888452495823	1.9501938305459063
2.0	0.492213147097024	-18.364050648258498	-1.3001384160546294
2.0	0.4008343091194329	-16.894015689134054	1.6399315021942584
2.0	0.4272144457603978	-17.19799853725619	1.0319658059499872
2.0	0.4287692171856275	-17.242605387117326	0.9427521062277151
2.0	0.42538956683045925	-16.961889228569085	1.5041844233241974
2.0	0.3897161138791611	-16.104590532976882	3.2187818145086027
