ORTHO000580_1	1.0	0.4380955745240825	-20.98920357401717
1.0	0.4490475283675126	-21.260275296744126	-0.5421434454539096
1.0	0.5122084695294554	-22.802522120591565	-3.626637093148787
1.0	0.5055774334014075	-22.212473978665873	-2.446540809297403
1.0	0.5046794825922638	-22.341956870637567	-2.7055065932407913
1.0	0.4412470642712729	-20.979315519959393	0.019776108115557633
1.0	0.4072793971739096	-20.269779960622294	1.438847226789754
1.0	0.47473971198484227	-21.63117573149398	-1.2839443149536152
1.0	0.4660671456142081	-21.626488528704744	-1.2745699093751455
1.0	0.4097649176748498	-20.11253322331912	1.7533407013961053
1.0	0.394484520962193	-19.696362942586966	2.5856812628604118
1.0	0.395517341090936	-19.7163160434073	2.545775061219743
1.0	0.44161151549221805	-21.13974970989972	-0.3010922717650999
1.0	0.3936513280820259	-20.072072677398406	1.8342617932375305
1.0	0.41070681780686863	-20.273440357645036	1.4315264327442705
1.0	0.4096895376083125	-20.43324937166995	1.1119084046944394
1.0	0.389551258964948	-20.033645308894364	1.9111165302456143
1.0	0.40935507153321665	-20.4741454056414	1.03011633675154
1.0	0.4149416220482505	-20.54383837376821	0.8907304004979224
1.0	0.408767732814521	-20.240368470799954	1.4976702064344352
1.0	0.41044757570696866	-20.321463746276066	1.3354796554822101
