ORTHO000658_1	1.0	0.45657864517955193	-23.792099463149864
1.0	0.3874218603238381	-21.809611712607396	3.964975501084936
1.0	0.5014476895951082	-24.98979595143534	-2.395392976570953
1.0	0.5186460233672713	-24.968269166337592	-2.3523394063754566
1.0	0.4677407496163851	-23.924888045892335	-0.2655771654849417
1.0	0.5284807279551942	-25.220410428162968	-2.8566219300262077
1.0	0.5137051944924282	-24.82658476320212	-2.068970600104514
1.0	0.5289928008958288	-24.90377487343091	-2.2233508205620893
1.0	0.49354705696744655	-24.41262127494973	-1.2410436235997295
1.0	0.4334868181368413	-22.93340407297204	1.7173907803556503
1.0	0.41732744472176536	-22.527774995027052	2.5286489362456237
1.0	0.41821607973546837	-22.547024422056488	2.4901500821867515
1.0	0.5271326727047796	-25.58026928818498	-3.5763396500702314
1.0	0.4245265394977663	-23.08986789238506	1.4044631415296038
1.0	0.41057992741811805	-22.852042214717635	1.8801144968644579
1.0	0.4439468942315541	-23.549550368495797	0.48509818930813253
1.0	0.4433602266996998	-23.381474280610693	0.8212503650783418
1.0	0.4337572678072138	-23.285297141914935	1.0136046424698577
1.0	0.4321963220523133	-23.35798878981134	0.8682213466770463
1.0	0.4327171770309395	-23.061808817140452	1.4605812920188228
1.0	0.44808131378565985	-23.68046061587843	0.2232776945428654
