ORTHO000511	1.0	0.4232623367472433	-24.092075326049567
1.0	0.47676596930689763	-25.53730550735371	-2.8904603626082874
1.0	0.5170996475870682	-26.474049293677123	-4.763947935255111
1.0	0.4939968129228561	-25.725072914997106	-3.2659951778950784
1.0	0.4266720211086715	-24.265161342362433	-0.3461720326257307
1.0	0.5020754488845909	-25.82534552707684	-3.466540402054548
1.0	0.42484066324782477	-24.036403533463904	0.11134358517132625
1.0	0.45121961450730286	-24.55722431186531	-0.9302979716314823
1.0	0.45383409382436773	-24.697980639233112	-1.2118106263670896
1.0	0.43636849990257665	-24.117011018101486	-0.04987138410383807
1.0	0.4268459469371448	-23.927137525920216	0.32987560025870266
1.0	0.42790881785725493	-23.932328317484508	0.3194940171301184
1.0	0.44088436995498015	-24.522285058127476	-0.860419464155818
1.0	0.4224970374364379	-24.008774599320567	0.16660145345800004
1.0	0.42115400016814786	-23.91877192677938	0.34660679854037113
1.0	0.4055566311546196	-23.694520565109794	0.7951095218795459
1.0	0.4547980459168341	-24.462925691197118	-0.7417007302951006
1.0	0.436635540009139	-24.318857248315386	-0.45356384453163656
1.0	0.4476115704452343	-24.32640420746448	-0.4686577628298281
1.0	0.3910685028185129	-23.34158870173202	1.5009732486350913
1.0	0.42139783653279017	-24.211125552556087	-0.23810045301303973
