ORTHO000745	1.0	0.43895382920804493	-22.15983054498013
1.0	0.41938499161413134	-21.312061358782348	1.6955383723955677
1.0	0.5007386173583904	-23.83263818815283	-3.3456152863453994
1.0	0.5212555984577752	-24.448316763069794	-4.576972436179325
1.0	0.44394650354054577	-22.300668865292668	-0.28167664062507214
1.0	0.5076080988040425	-23.84865514357488	-3.3776491971894984
1.0	0.4942979650442088	-23.248836080922445	-2.178011071884626
1.0	0.47959831942026665	-22.793092810337324	-1.2665245307143849
1.0	0.4580879145636875	-22.79107959677475	-1.2624981035892375
1.0	0.40939033633065236	-21.564037520710283	1.1915860485396976
1.0	0.40983539437181804	-21.546574935794375	1.2265112183715132
1.0	0.4089526832919328	-21.535538228317236	1.248584633325791
1.0	0.504843480202181	-23.996400548667925	-3.6731400073755864
1.0	0.4056682702791536	-21.22810525119732	1.863450587565623
1.0	0.4087709521804633	-21.447460733417284	1.4247396231256957
1.0	0.46125513769272825	-22.300772263984147	-0.2818834380080304
1.0	0.43071502058780675	-21.92559275445733	0.4684755810456025
1.0	0.41335090093950994	-21.633242434728945	1.0531762205023725
1.0	0.4118206545204146	-21.70670198585263	0.9062571182550059
1.0	0.4122883337722664	-21.41005386739441	1.499553355171443
1.0	0.43065956377877784	-22.17113816766952	-0.022615245378773352
