ORTHO001132_1	1.0	0.4708145984611715	-21.57502072748323
1.0	0.4206975079374234	-20.118695185192447	2.9126510845815687
1.0	0.5599980014728962	-23.384727374236064	-3.6194132935056658
1.0	0.5149814568103779	-22.399239488345163	-1.6484375217238636
1.0	0.44013365801397075	-20.793238204056113	1.5635650468542366
1.0	0.5136689201926729	-22.534284813761197	-1.9185281725559307
1.0	0.5115512853104073	-22.33700559725132	-1.5239697395361773
1.0	0.5015391026613895	-22.081179996355228	-1.0123185377439938
1.0	0.5113323676455613	-22.17788655863963	-1.2057316623128003
1.0	0.4362844712457604	-20.754715000098493	1.640611454769477
1.0	0.432735472874503	-20.804488426024893	1.541064602916677
1.0	0.4330030179015473	-20.808954761107174	1.5321319327521152
1.0	0.5601070072969788	-23.319805595203107	-3.4895697354397512
1.0	0.4484664801052938	-21.315132781977976	0.5197758910105108
1.0	0.4473753293101445	-21.306580388805404	0.5368806773556543
1.0	0.5060038557784066	-22.0198236156217	-0.8896057762769374
1.0	0.4256317132480113	-20.67399543678684	1.802050581392784
1.0	0.4409690749753714	-21.077212318053718	0.9956168188590269
1.0	0.4396748445786895	-21.149711289593082	0.8506188757802988
1.0	0.4392600024431607	-20.854463316503548	1.441114821959367
1.0	0.40448299311477903	-20.010010390900476	3.130020673165511
