ORTHO000688_2	1.0	0.4433150611443552	-18.171995453052514
1.0	0.5251253427519822	-20.03925830001828	-3.7345256939315306
1.0	0.5136494365539334	-20.18119501678385	-4.018399127462672
1.0	0.4859073660300447	-19.03113665058414	-1.7182823950632553
1.0	0.4122103920248329	-17.364840223832402	1.6143104584402224
1.0	0.451956699124032	-18.202089091400232	-0.06018727669543722
1.0	0.4765546756723496	-18.959280693359176	-1.5745704806133247
1.0	0.4533402208926314	-18.284460961667	-0.22493101722897535
1.0	0.47665414678523044	-18.793192768601305	-1.2423946310975822
1.0	0.4086538320175242	-17.579721125225674	1.1845486556536784
1.0	0.4096455689709947	-17.56213725506199	1.2197163959810453
1.0	0.40848995904073976	-17.55113707976709	1.2417167465708445
1.0	0.5231034533877539	-19.964804538378267	-3.5856181706515073
1.0	0.41488838677317197	-17.759093541381418	0.8258038233421914
1.0	0.41217287756148324	-17.853975184021877	0.6360405380612733
1.0	0.4107849069210542	-17.561024204537212	1.2219424970306036
1.0	0.42191648110524926	-17.71239120239238	0.91920850132027
1.0	0.4122910841695728	-17.65806027866431	1.0278703487764105
1.0	0.4124871335109904	-17.72806997159438	0.8878509629162679
1.0	0.4105347492736917	-17.42605611660448	1.491878672896064
2.0	0.4263439552313814	-17.086289986675737	2.1714109327535525
