ORTHO000957	1.0	0.43502886430548987	-21.68205772305737
1.0	0.5688559190691327	-24.615508832574115	-5.866902219033491
1.0	0.43344555743442	-21.429518289728346	0.5050788666580459
1.0	0.38277825020527967	-20.582651608912837	2.1988122282890643
1.0	0.43998588728902693	-21.824502211647847	-0.2848889771809553
1.0	0.5274816313974433	-24.35313407443481	-5.3421527027548805
1.0	0.4978280561123556	-22.78123777333535	-2.198360100555959
1.0	0.4614205321091536	-22.133821605823705	-0.9035277655326723
1.0	0.4885166670105394	-22.982078386184686	-2.600041326254633
1.0	0.40720159683913415	-20.64359837956747	2.076918686979795
1.0	0.41021177565244515	-20.778507451439868	1.807100543235002
1.0	0.409380712403085	-20.765863695033655	1.832388056047428
1.0	0.5054556086391664	-23.51760973669746	-3.6711040272801796
1.0	0.3906939359405588	-20.771145805703856	1.8218238347070255
1.0	0.4045295534193941	-20.989475206156868	1.3851650338010018
1.0	0.40338225121242655	-21.13327739469769	1.0975606567193594
1.0	0.4198888617780193	-21.26039124763138	0.8433329508519805
1.0	0.40772003400827134	-21.09381935289446	1.1764767403258176
1.0	0.4065254955921818	-21.182953974984514	0.9982074961457101
1.0	0.4065956567659869	-20.96878631277571	1.42654282056332
1.0	0.42425972936619244	-21.546213758361247	0.2716879293922432
