ORTHO003491	1.0	0.47973654428733975	-18.828098919965395
1.0	0.459427782787613	-18.012354416597965	1.63148900673486
1.0	0.43112367033783233	-17.644794793009112	2.366608253912567
1.0	0.5237747247627614	-19.645746706642637	-1.6352955733544832
1.0	0.5224624747088955	-19.716138776177576	-1.7760797124243624
1.0	0.5225653319922717	-19.78320756390075	-1.910217287870708
1.0	0.5202375221378053	-19.585854820023588	-1.5155118001163856
1.0	0.5162884528496722	-19.329068331365036	-1.001938822799282
1.0	0.5197924911234959	-19.426527645388816	-1.1968574508468421
1.0	0.44885401330587044	-17.983539668367126	1.6891185031965392
1.0	0.43475947099432566	-17.350708225275962	2.9547813893788657
1.0	0.43552142261613097	-17.354693037070877	2.946811765789036
1.0	0.524271178460818	-19.951464044734045	-2.2467302495373005
1.0	0.44596663327499847	-18.443777732568783	0.7686423747932238
1.0	0.4571842787201115	-18.528818403923772	0.5985610320832464
1.0	0.5015681497643396	-19.01866230205582	-0.38112676418084845
1.0	0.4591731136914423	-18.391574391815713	0.8730490562993651
1.0	0.45162608776070995	-18.299678690958576	1.0568404580136388
1.0	0.44583233474739903	-17.96946715534301	1.717263529244768
1.0	0.44708810274905075	-18.11319067415236	1.4298164916260703
2.0	0.45884903590983683	-17.759350233206458	2.137497373517874
