ORTHO000792	1.0	0.4269443612096791	-23.304061757398443
1.0	0.3905454383493715	-21.73219611864163	3.1437312775136235
1.0	0.43679772081392615	-23.258723577703428	0.09067635939003083
1.0	0.5001458533466004	-24.53714749369637	-2.4661714725958532
1.0	0.437269619827006	-23.2649373194122	0.0782488759724842
1.0	0.4972010612698856	-24.786129214835288	-2.9641349148736893
1.0	0.4958111675364037	-24.357981775449108	-2.1078400361013294
1.0	0.4595235785669234	-23.751583866360413	-0.8950442179239388
1.0	0.4843011721808815	-24.45488318110436	-2.3016428474118342
1.0	0.4080310948627265	-22.242335767838643	2.1234519791196007
1.0	0.4121361651010233	-22.391484576893536	1.8251543610098153
1.0	0.41136371576548275	-22.379791947882808	1.8485396190312713
1.0	0.46846837758401727	-24.26822910010104	-1.92833468540519
1.0	0.3930033220792643	-22.71814143880595	1.1718406371849852
1.0	0.40484584147056024	-22.72370728302003	1.1607089487568274
1.0	0.40181335792997036	-22.73589254441834	1.1363384259602043
1.0	0.39193683016428277	-22.318540894239923	1.9710417263170399
1.0	0.4256910155340355	-23.150643250232772	0.306837014331343
1.0	0.4144124058956517	-22.975210569684208	0.657702375428471
1.0	0.4071741804931545	-22.604649509599522	1.398824495597843
1.0	0.42725040134586617	-23.16439095035181	0.2793416140932692
