ORTHO004040	1.0	0.4935281006680019	-18.708735456072088
1.0	0.49732267580051126	-18.944495739260656	-0.47152056637713713
1.0	0.5394524577907311	-19.630107822385767	-1.8427447326273594
1.0	0.5385310454381791	-19.515137009224205	-1.6128031063042343
1.0	0.5248461234035763	-19.584232603922953	-1.7509942957017302
1.0	0.5372111063953432	-19.65312804440909	-1.8887851766740056
1.0	0.4550957633505691	-17.837047849304458	1.7433752135352591
1.0	0.5190725201200757	-19.201884563512962	-0.9862982148817494
1.0	0.528654186178439	-19.29613424154698	-1.174797570949785
1.0	0.46221544062947867	-17.874058684239383	1.6693535436654088
1.0	0.43901508722570404	-17.247517524570064	2.922435863004047
1.0	0.4396818602346314	-17.251249364399726	2.914972183344723
1.0	0.49812720961899637	-18.858571054883484	-0.2996711976227928
1.0	0.4654358004235868	-18.32040341752522	0.7766640770937343
1.0	0.4595000808203178	-17.76760693225406	1.8822570476360525
1.0	0.4532013802599578	-17.771044212060186	1.8753824880238028
1.0	0.4708219609946177	-18.278944637373396	0.8595816373973832
1.0	0.45668006323567917	-18.227741826593185	0.9619872589578051
1.0	0.4686705571419963	-18.29959227916761	0.8182863538089578
1.0	0.45452519576263933	-18.0059937571541	1.4054833978359724
1.0	0.4137604133386335	-16.7542755102905	3.9089198915631727
