ORTHO001708	1.0	0.45137701779973344	-20.185433232773985
1.0	0.46028731140933027	-20.630372236366284	-0.8898780071845991
1.0	0.45534797286196543	-20.137795567845696	0.09527532985657672
1.0	0.5253866874290224	-21.377263214034393	-2.3836599625208166
1.0	0.5234061558325346	-21.536857081937733	-2.7028476983274956
1.0	0.4551548033031904	-20.173600780498404	0.023664904551161214
1.0	0.4531322635442346	-20.133248336569356	0.10436979240925837
1.0	0.5013024028086791	-20.800674541404376	-1.2304826172607832
1.0	0.42554260150016565	-19.253965689697058	1.862935086153854
1.0	0.4225678021138206	-19.348786210494644	1.6732940445586806
1.0	0.41947915792930485	-19.397199160233317	1.5764681450813356
1.0	0.41969701196406795	-19.401758880642635	1.5673487042626988
1.0	0.4890161585589538	-21.339398537777477	-2.3079306100069843
1.0	0.428667573717838	-19.530069653121284	1.3107271593054008
1.0	0.4328889374035496	-19.694077951801592	0.9827105619447849
1.0	0.41939794692335464	-19.636982154513984	1.0969021565200023
1.0	0.4068450083000109	-19.227495345761962	1.9158757740240446
1.0	0.42830573459800697	-19.63696672387627	1.096933017795429
1.0	0.4210624919435549	-19.303509487774374	1.7638474899992218
1.0	0.42536051451329054	-19.447912596285782	1.475041272976405
1.0	0.4464063709188308	-20.036538309006428	0.29778984753511395
