ORTHO002220	1.0	0.40448043117067006	-18.138956135655803
1.0	0.3816210749760938	-17.27800473532662	1.7219028006583699
1.0	0.4904147082929718	-20.056115076049934	-3.8343178807882623
1.0	0.44792760594837	-18.991471700562833	-1.70503112981406
1.0	0.44591598697032175	-19.095012594476653	-1.9121129176417
1.0	0.4808201871611655	-19.677028420676496	-3.076144570041386
2.0	0.42824470379844093	-18.1564286328592	-0.03494499440679277
1.0	0.4303332119915292	-18.668680258578377	-1.0594482458451466
1.0	0.4344841875260305	-18.80852720783182	-1.3391421443520315
2.0	0.4250610690814952	-18.226379865027205	-0.1748474587428035
2.0	0.4220766856753628	-18.27554021549567	-0.2731681596797344
2.0	0.4223280712438365	-18.2800622645114	-0.28221225771119407
2.0	0.42652283228565585	-18.032428882595536	0.21305450612053534
1.0	0.37681268685499236	-17.679370552321977	0.9191711666676525
1.0	0.3751815644042281	-17.76820135359102	0.741509564129565
2.0	0.42586908020858094	-18.61733266464208	-0.9567530579725556
2.0	0.4088914536896405	-18.13985200083013	-0.0017917303486498781
2.0	0.43160442565197926	-18.513267411450215	-0.7486225515888236
2.0	0.42664511589859117	-18.181193244765318	-0.08447421821902878
2.0	0.4285963914445075	-18.30936229196585	-0.3408123126200948
2.0	0.4288216920886564	-17.986810419608396	0.30429143209481424
