ORTHO001110_1	1.0	0.4722726444053069	-17.939388112314003
1.0	0.48804950086407006	-18.382831147995834	-0.8868860713636622
1.0	0.5577728126756337	-19.746909712774084	-3.6150432009201623
1.0	0.44485276585877326	-17.21912629920892	1.4405236262101653
1.0	0.5175400490493498	-18.83244471908482	-1.7861132135416327
1.0	0.5175494725693611	-18.902523393985575	-1.9262705633431452
1.0	0.5153885133247805	-18.704616142781475	-1.5304560609349451
1.0	0.5047825555865048	-18.446010653231696	-1.013245081835386
1.0	0.5079364673028648	-18.544494351338923	-1.21021247804984
1.0	0.4449933665110387	-17.092847366159397	1.6930814923092115
1.0	0.4261714931799518	-16.691298311170534	2.4961796022869365
1.0	0.42744917003615035	-16.710293851090995	2.458188522446015
1.0	0.4421425694001896	-16.927317528467444	2.0241411676931165
1.0	0.4479874573947033	-17.55122762720628	0.7763209702154441
1.0	0.4457012726199239	-17.64557545128542	0.5876253220571641
1.0	0.5660953849611262	-18.617182805791593	-1.355589386955181
1.0	0.45319197559179913	-17.292548398405057	1.2936794278178922
1.0	0.4476075397505512	-17.407039047699037	1.0646981292299316
1.0	0.44255031052289046	-17.076380518522864	1.7260151875822771
1.0	0.44363848517189425	-17.220183739712706	1.4384087452025938
1.0	0.40491522808419345	-15.951332852172547	3.976110520282912
