ORTHO001056	1.0	0.43704612053294084	-22.17412428152463
1.0	0.3743800300727667	-20.17088279134472	4.00648298035982
1.0	0.5505858645369376	-24.989261384521907	-5.630274205994553
1.0	0.49984893315641693	-23.400271093490712	-2.4522936239321638
1.0	0.5047415929763336	-23.524809300474505	-2.70137003789975
1.0	0.5036414755053232	-23.647334065370543	-2.9464195676918266
1.0	0.5002510183186226	-23.283750794789192	-2.219253026529124
1.0	0.4207794816462372	-21.702852569320406	0.9425434244084485
1.0	0.4663716771218129	-22.813881861017776	-1.2795151589862925
1.0	0.4091605608829946	-21.29528919079463	1.75767018146
1.0	0.3972690071993751	-20.87777552725018	2.592697508548902
1.0	0.39828763592007893	-20.89782711062814	2.5525943417929824
1.0	0.44296769635841826	-22.332835366071805	-0.3174221690943497
1.0	0.40185283749851547	-21.468517080619964	1.4112144018093318
1.0	0.38398671428670567	-21.195335210824236	1.9575781414007878
1.0	0.4098325896308085	-21.72016246243	0.9079236381892599
1.0	0.39360550018075474	-21.193060242505815	1.9621280780376296
1.0	0.4126892722560977	-21.647844345363428	1.052559872322405
1.0	0.4110402383620588	-21.720952151452963	0.9063442601433351
1.0	0.40515748621110065	-21.422904435922373	1.5024396912045148
1.0	0.4301811518054502	-22.037800387311126	0.2726477884270082
