ORTHO001318	1.0	0.39799622272887064	-19.686938283503356
1.0	0.4100941366619968	-20.14242175381909	-0.910966940631468
1.0	0.4644771552805369	-21.62234865478173	-3.8708207425567522
1.0	0.40511615770038223	-19.832022321688356	-0.2901680763700014
1.0	0.4060643667334544	-19.839401616245397	-0.3049266654840821
1.0	0.4626464929849152	-21.245722631246142	-3.1175686954855735
1.0	0.4536527989962538	-20.872705014647348	-2.371533462287985
1.0	0.44122298682504846	-20.381032956727942	-1.388189346449174
1.0	0.4236840177137626	-20.36399498915967	-1.3541134113126319
1.0	0.3745211742466984	-18.7718151392256	1.8302462885555144
1.0	0.36104900239459176	-18.333893748823545	2.7060890693596207
1.0	0.36222178110776904	-18.355294340052485	2.663287886901742
1.0	0.4048957955692631	-19.84433927407103	-0.3148019811353464
1.0	0.3608842670849911	-18.70366253847065	1.966551490065413
1.0	0.36849085069241416	-18.941036984211895	1.4918025985829217
1.0	0.36898987530566213	-19.082098721666394	1.2096791236739222
1.0	0.35451914071006513	-18.643081842748682	2.087712881509347
1.0	0.37436744830943225	-19.1334677577039	1.106941051598909
1.0	0.37359459731291017	-19.203951304058997	0.9659739588887177
1.0	0.3734537214659135	-18.89798417971492	1.5779082075768684
1.0	0.3909582468663767	-19.537466670685795	0.29894322563512077
