ORTHO003239	1.0	0.46314559290906315	-17.712924881736267
1.0	0.4353959220063054	-16.8824320321915	1.6609856990895366
1.0	0.4600976176141242	-17.692271061196436	0.041307641079662005
1.0	0.42070859082930906	-16.974963334846844	1.475923093778846
1.0	0.5040645010544358	-18.621691069218798	-1.8175323749650616
1.0	0.4978344067585504	-18.691252835465473	-1.956655907458412
1.0	0.4953351790212718	-18.49270757903189	-1.559565394591246
1.0	0.4888306014936875	-18.231527536569104	-1.0372053096656728
1.0	0.5012416768051963	-18.330505913639357	-1.2351620638061789
1.0	0.4166139194588185	-16.875510943349052	1.6748278767744296
1.0	0.4138309702545165	-16.92403735295348	1.5777750575655745
1.0	0.41408708774104575	-16.92862826003816	1.568593243396215
1.0	0.4233015658124008	-16.682288359300156	2.061273044872223
1.0	0.43117772121559017	-17.309250568068087	0.8073486273363599
1.0	0.42352694034758925	-17.393966113007437	0.6379175374576604
1.0	0.48755964895719106	-18.090209980875915	-0.7545701982792963
1.0	0.432413482473306	-17.261811124175708	0.902227515121119
1.0	0.424195248561721	-17.16443495786569	1.096979847741153
1.0	0.4178124213187888	-16.830838442704955	1.7641728780626238
1.0	0.41925671946415316	-16.97524933748609	1.4753510885003536
2.0	0.43480396479988476	-16.631851889121645	2.1621459852292446
