ORTHO001961	2.0	0.4047120350674759	-17.291637040096866
2.0	0.41517116211464017	-17.762707937963352	-0.9421417957329723
2.0	0.4064534051633696	-17.27081558690717	0.04164290637939416
2.0	0.43801293513375467	-18.196539293138887	-1.809804506084042
2.0	0.4385020865049711	-18.26170533640712	-1.9401365926205045
2.0	0.4369281514136538	-18.329643843709572	-2.0760136072254127
2.0	0.4347097184423704	-18.12824118769172	-1.6732082951897098
2.0	0.4310465338163932	-17.85611154085367	-1.128949001513611
2.0	0.43493156637832375	-17.948316616201723	-1.3133591522097134
2.0	0.36987341074165175	-16.65780502831838	1.267664023556975
2.0	0.3742801024967113	-16.63987376949619	1.3035265412013501
2.0	0.36992895368927825	-16.627999367691466	1.3272753448108006
2.0	0.4502594928681504	-18.591044376406824	-2.598814672619916
2.0	0.37674553254341003	-16.845017879037883	0.8932383221179663
2.0	0.3775762659727526	-16.932121180397353	0.7190317193990268
2.0	0.43719370872217306	-18.049486674189655	-1.5156992681855783
2.0	0.3844045056975811	-16.807945789128237	0.9673825019372586
2.0	0.3750205111167446	-16.835026559368096	0.9132209614575402
2.0	0.37705466806937815	-16.870136884017853	0.8430003121580256
2.0	0.3719620892415352	-16.494192870081957	1.5948883400298186
3.0	0.38753658426578036	-16.14156867006758	2.3001367400585693
