ORTHO001019	1.0	0.4471938185943434	-22.38244116532864
1.0	0.5159524052541415	-24.229604878043727	-3.694327425430174
1.0	0.5849420741653303	-25.408235487006746	-6.051588643356212
1.0	0.5095296758131754	-23.590571930849773	-2.4162615310422666
1.0	0.5140576645661049	-23.724049695526315	-2.68321706039535
1.0	0.5142466360299018	-23.827739366427043	-2.890596402196806
1.0	0.4153725658912074	-21.690262812907825	1.384356704841629
1.0	0.4265912516455325	-22.21779991980608	0.3292824910451202
1.0	0.4775635993300317	-23.013437719497784	-1.261993108338288
1.0	0.42138482892398577	-21.51344778241954	1.7379867658181993
1.0	0.4075531901569263	-21.101934014299143	2.561014302058993
1.0	0.4084900629129377	-21.121569107110464	2.521744116436352
1.0	0.4053384021765954	-20.90885996757252	2.947162395512237
1.0	0.40660061883798787	-21.47168837010594	1.8215055904453976
1.0	0.41592468428524165	-21.687474596450024	1.3899331377572324
1.0	0.4607795986821278	-22.502374870863296	-0.2398674110693122
1.0	0.4316463231967438	-22.171465965854118	0.4219503989490434
1.0	0.4278740219653945	-21.864772503833233	1.035337322990813
1.0	0.42365270895971685	-21.931469828381953	0.9019426738933731
1.0	0.4204461055460829	-21.64128725039776	1.4823078298617602
1.0	0.44633640584609224	-22.38334044394337	-0.0017985572294634267
