ORTHO000757	1.0	0.3714048831972364	-21.634935191290165
1.0	0.3643827791305613	-21.306629892079176	0.6566105984219774
1.0	0.40094887337131146	-22.369913630364614	-1.4699568781488992
1.0	0.433611434006049	-23.01092569842298	-2.751981014265631
1.0	0.4324041820181291	-23.132189925767566	-2.994509468954803
1.0	0.3683439459078001	-21.632042268864353	0.005785844851622812
1.0	0.37146747809779107	-21.56463878698042	0.14059280861948764
1.0	0.43939254675485745	-22.95233449447352	-2.634798606366708
1.0	0.39130988733864164	-22.173126968433003	-1.0763835542856768
1.0	0.36913590875749136	-21.632069803739927	0.005730775100474261
1.0	0.3703921570140058	-21.68661306620414	-0.10335574982794782
1.0	0.3678956778657023	-21.687838115997465	-0.10580584941460103
1.0	0.41476508572245097	-23.061018706378366	-2.8521670301764033
1.0	0.32760851786246986	-20.929980317978583	1.409909746623164
1.0	0.3339818728231603	-20.86782891164884	1.5342125592826505
1.0	0.34019763311636786	-21.001265690216403	1.2673390021475228
1.0	0.3514700339637329	-21.266885209801753	0.736099962976823
1.0	0.3422164781902207	-21.08494675617151	1.099976870237306
1.0	0.34347038804504887	-21.13651699411298	0.9968363943543679
1.0	0.3398472822958957	-20.825331258276236	1.6192078660278568
1.0	0.35939905773116404	-21.549466184305302	0.17093801396972452
