ORTHO000652_2	1.0	0.39090954585705284	-19.9876821424901
1.0	0.39813097383960205	-20.455968918253557	-0.9365735515269122
1.0	0.459149008337604	-21.93217985534455	-3.888995425708899
1.0	0.3972680192636228	-20.142145052157257	-0.30892581933431273
1.0	0.3962686309145496	-20.14195934027899	-0.3085543955777794
1.0	0.44847595116954375	-21.353736393713884	-2.7321085024475664
1.0	0.44899204363290246	-21.189237052543323	-2.403109820106444
1.0	0.4328871370818069	-20.69396644342536	-1.4125686018705181
1.0	0.4212617527681636	-20.660095344503727	-1.344826404027252
1.0	0.36429117213892964	-19.080849747941503	1.8136647890971958
1.0	0.36086551161225955	-19.127774544693672	1.719815195592858
1.0	0.36100351708538025	-19.132755433866055	1.709853417248091
1.0	0.42008059921499	-21.217633840633294	-2.4599033962863857
1.0	0.36408086922467153	-19.282284552631115	1.4107951797179723
1.0	0.36811478415454313	-19.456395523986686	1.0625732370068306
1.0	0.3677143094570363	-19.517978920722264	0.9394064435356739
1.0	0.34791222520650084	-18.927970507468547	2.1194232700431073
1.0	0.3977051251724635	-19.98419020347953	0.006983878021145529
1.0	0.38715370726437903	-19.83353039782125	0.30830348933770324
1.0	0.36190367552624286	-19.196354531141843	1.5826552226965163
1.0	0.3839856172164884	-19.74426515994466	0.48683396509088084
