ORTHO001292	1.0	0.4675809239206853	-22.048645487869138
1.0	0.5376474549218148	-23.66789680442963	-3.238502633120987
1.0	0.6087160739281487	-25.01961495831494	-5.941938940891603
1.0	0.4797422924227265	-22.1870062032183	-0.27672143069832345
1.0	0.5417060352280965	-23.332386720312265	-2.567482464886254
1.0	0.5474382336832875	-23.446696179109075	-2.7961013824798755
1.0	0.5371780955308925	-23.104886644409834	-2.1124823130813937
1.0	0.44580036065705	-21.883077262323887	0.3311364510905008
1.0	0.5055357693418652	-22.656351153566778	-1.2154113313952806
1.0	0.4374040541480408	-21.227400119439217	1.6424907368598411
1.0	0.43427558164896607	-21.27726085642209	1.5427692628940974
1.0	0.43450290413250003	-21.281714605370507	1.533861764997262
1.0	0.42135957631846926	-20.6020482754071	2.8931944249240757
1.0	0.4431014525473301	-21.399612804186045	1.2980653673661848
1.0	0.44096845247599636	-21.05319975395571	1.9908914678268559
1.0	0.47518389834070396	-22.003574669820306	0.09014163609766257
1.0	0.42379421613509316	-21.135939020071913	1.82541293559445
1.0	0.44128688030018537	-21.54967782168847	0.9979353323613367
1.0	0.4392543869052418	-21.622016790451436	0.8532573948354027
1.0	0.4403791283856174	-21.327065692079387	1.4431595915795015
1.0	0.43736109947296853	-21.44133539822592	1.2146201792864346
