ORTHO002710	1.0	0.4904955395029491	-19.464568150855428
1.0	0.4109607338268908	-17.252250328224378	4.4246356452621
1.0	0.49277995830990123	-19.43563764317775	0.057861015355356926
1.0	0.5323865461686071	-20.274368395464613	-1.6196004892183709
1.0	0.5304408858039303	-20.343432669080684	-1.7577290364505131
1.0	0.5312867866826102	-20.409688129638855	-1.8902399575668554
1.0	0.5289088078776739	-20.21280843194539	-1.4964805621799258
1.0	0.5194428136952254	-19.959810257954388	-0.9904842141979202
1.0	0.5226701897698167	-20.056818573727046	-1.184500845743237
1.0	0.4555975984161743	-18.628816329435697	1.6715036428394612
1.0	0.4395031467418516	-18.23446531097257	2.460205679765714
1.0	0.44060937110506354	-18.25302104608947	2.423094209531918
1.0	0.4926312531753724	-19.904096426672204	-0.8790565516335533
1.0	0.4574813256072867	-19.085856015070476	0.7574242715699029
1.0	0.46258815897079836	-19.166573946947267	0.5959884078163213
1.0	0.5314167831906565	-20.021824040041764	-1.1145117783726732
1.0	0.4369374808364405	-18.692668334732733	1.5437996322453884
1.0	0.4560618775192432	-18.979218540684023	0.9706992203428086
1.0	0.461934672625774	-19.046146684825214	0.8368429320604278
1.0	0.45437489402439474	-18.758194601438074	1.412747098834707
1.0	0.42234542566710304	-17.930095632302237	3.0689450371063813
