ORTHO002429	1.0	0.43842283848699	-18.798148832054604
1.0	0.4173743001876925	-17.957380187208443	1.6815372896923222
1.0	0.5185436093336651	-20.69261341333302	-3.7889291625568333
1.0	0.48099258097647946	-19.89760727894636	-2.1989168937835117
1.0	0.48442348242600436	-19.729260013509535	-1.8622223629098613
1.0	0.4782705407770606	-19.797828503339684	-1.999359342570159
1.0	0.47573379842993885	-19.598040937272607	-1.599784210436006
1.0	0.4652200592867123	-19.333120614177798	-1.0699435642463868
1.0	0.4612193755637215	-19.328674505610234	-1.0610513471112597
1.0	0.40196616077500813	-17.888409695271175	1.8194782735668582
1.0	0.40090023334612923	-17.93399115826994	1.7283153475693283
1.0	0.39981370036769565	-17.91610058016817	1.764096503772869
1.0	0.4555970855362871	-18.958605210529495	-0.32091275694978094
1.0	0.4051826247408433	-18.379367885217107	0.8375618936749945
1.0	0.40386979771518083	-18.46483680393929	0.6666240562306314
1.0	0.4333644762076888	-18.753370752578604	0.08955615895199998
1.0	0.41278730513436956	-18.3361163365952	0.9240649909188079
1.0	0.40299576020910555	-18.258468883747263	1.0793598966146831
1.0	0.4030417873469347	-18.335002856278628	0.9262919515519528
1.0	0.40516819981967633	-18.051676037090886	1.4929455899274373
2.0	0.42281334829366274	-17.708514797957328	2.1792680681945527
