ORTHO000789_1	1.0	0.4490028947739418	-20.028855319657183
1.0	0.4091773994398742	-19.21930536410605	1.6190999111022677
1.0	0.5290498555388782	-21.956337373794966	-3.854964108275567
1.0	0.48984463720667243	-20.88823570474049	-1.718760770166618
1.0	0.488756125153267	-20.947346543484873	-1.8369824476553802
1.0	0.4886920216340294	-21.01795926180128	-1.9782078842881958
1.0	0.48659880441769204	-20.81121155334377	-1.5647124673731767
1.0	0.46377008406552683	-20.139572605831585	-0.22143457234880515
1.0	0.4864215232757376	-20.654218874790526	-1.2507271102666877
1.0	0.4106260302761873	-19.184073129264693	1.6895643807849794
1.0	0.4090890907070214	-19.232488093295316	1.5927344527237324
1.0	0.409313529659353	-19.237127490708467	1.5834556578974315
1.0	0.4525418852261603	-20.185697887646285	-0.31368513597820424
1.0	0.41755804383738715	-19.616608298772604	0.8244940417691566
1.0	0.4278170596875536	-19.513339006505912	1.0310326263025402
1.0	0.4806721634625934	-20.54675045917396	-1.0357902790335558
1.0	0.42555812290885864	-19.57331608373863	0.9110784718371079
1.0	0.4154884135773237	-19.510003800202217	1.0377030389099318
1.0	0.4173897860904286	-19.583128263070883	0.8914541131725997
1.0	0.41339356090647156	-19.285555828826016	1.4865989816623326
1.0	0.37284800218863506	-17.97930411652336	4.099102406267647
