ORTHO000971	1.0	0.4363307038050817	-21.249817789280183
1.0	0.422563073628036	-20.40245139079633	1.6947327969677062
1.0	0.5315062537170129	-23.5184965961326	-4.537357613704835
1.0	0.5013066669592794	-22.854799795979122	-3.2099640133978795
1.0	0.4993113774553802	-22.602612966022075	-2.7055903534837853
1.0	0.4395080686167422	-21.228453904544256	0.04272776947185264
1.0	0.4953258214546525	-22.359798317197086	-2.2199610558338065
1.0	0.4152878458708197	-21.057669936223608	0.38429570611315
1.0	0.4570635380945352	-21.754168506467664	-1.008701434374963
1.0	0.4379468436670187	-21.083279384580294	0.3330768093997776
1.0	0.42639042459204357	-20.891307904157628	0.7170197702451091
1.0	0.4273305004548724	-20.8963282713705	0.7069790358193657
1.0	0.4421281380121042	-21.4083402380709	-0.3170448975814324
1.0	0.39799946063872077	-20.322748562936926	1.854138452686513
1.0	0.41129450840543785	-20.54021905542118	1.419197467718007
1.0	0.4218239926550471	-20.867644916483517	0.7643457455933316
1.0	0.3845474245102132	-20.13112798994486	2.2373795986706426
1.0	0.4108834782843931	-20.704014517011757	1.0916065445368517
1.0	0.4162027199966664	-20.782680592576295	0.934274393407776
1.0	0.4099143912437278	-20.512595832140626	1.4744439142791137
1.0	0.43119185604939525	-21.271632531982387	-0.04362948540440925
