ORTHO002951	2.0	0.4520956824913207	-17.63677505995702
2.0	0.428154898320423	-16.802886706788843	1.6677767063363547
2.0	0.539822854375247	-19.48610800826754	-3.698665896621037
2.0	0.49050608926595024	-18.487884061119807	-1.7022180023255729
2.0	0.48950814884168464	-18.55085610670116	-1.828162093488281
2.0	0.49563169439204613	-18.624528703436376	-1.9755072869587096
2.0	0.4866511473565127	-18.402449828476456	-1.5313495370388708
2.0	0.5070716789471535	-18.62213113026366	-1.97071214061328
2.0	0.41706771467501724	-16.700165825902268	1.8732184681095063
2.0	0.4181817451616493	-16.76767749574582	1.7381951284224044
2.0	0.39543604525492887	-16.35236956246305	2.568810994987942
2.0	0.39699090583797403	-16.37224202653921	2.529066066835618
2.0	0.4911831313178868	-18.793366422406944	-2.313182724899846
2.0	0.4220005025731018	-17.2279759559067	0.817598208100641
2.0	0.42065434392904594	-17.31320158857974	0.64714694275456
2.0	0.4869402155980589	-18.346250027833005	-1.418949935751968
3.0	0.4497772666437031	-17.145525610280377	0.9824988993532884
2.0	0.42140344126416557	-17.083738527273415	1.1060730653672124
2.0	0.41541033721082893	-16.749363053429516	1.7748240130550101
2.0	0.41741886661415095	-16.878077788788506	1.5173945423370299
3.0	0.42915586413896606	-16.509140950136985	2.2552682196400724
