ORTHO000609	1.0	0.4092698046199608	-26.022465307608194
1.0	0.34564292836645644	-23.067793641684567	5.9093433318472535
1.0	0.5647430912181878	-29.110602011649505	-6.176273408082622
1.0	0.4914084715904217	-27.670893816890167	-3.296857018563948
1.0	0.4827548227205139	-27.416539207064417	-2.7881477989124477
1.0	0.41373288598627106	-26.010454851106932	0.024020913002523514
1.0	0.3825474486144001	-25.267796602681376	1.5093374098536358
1.0	0.49010496053270197	-27.227411429416502	-2.4098922436166177
1.0	0.44045423239030473	-26.479159709972972	-0.9133888047295571
1.0	0.40521431447960876	-25.861257169988928	0.3224162752385311
1.0	0.4167418310373262	-25.906500842784762	0.23192892964686251
1.0	0.41743950509005423	-25.906302985765244	0.23232464368589945
1.0	0.4940371065829532	-27.794228139935495	-3.5435256646546023
1.0	0.3714840743236785	-25.39999478716293	1.2449410408905237
1.0	0.37953535679871997	-25.403180445288704	1.2385697246389782
1.0	0.45280452467562804	-26.444793365946396	-0.8446561166764042
1.0	0.37003764566670383	-25.31214968649737	1.4206312422216456
1.0	0.42449072763411244	-26.1122501182162	-0.17956962121601094
1.0	0.43499968117106175	-26.10635903618402	-0.167787457151654
1.0	0.38223212391816425	-25.28211691397467	1.4806967872670498
1.0	0.4055493779157353	-26.050020318573967	-0.05511002193154724
