ORTHO003309	1.0	0.44946615783066196	-18.338619201231815
1.0	0.4535897838314008	-18.57970688742436	-0.4821753723850932
1.0	0.5330940831225951	-20.193962322838242	-3.710686243212855
1.0	0.4196602024900307	-17.59628476362261	1.4846688752184107
1.0	0.4902797181270242	-19.25640545183753	-1.8355725012114306
1.0	0.490214360313729	-19.32579050602736	-1.9743426095910905
1.0	0.48808186847044854	-19.12676807267421	-1.5762977428847904
1.0	0.4778945326182147	-18.863953616367287	-1.0506688302709435
1.0	0.41874409303398996	-17.402579728078386	1.872078946306857
1.0	0.4157795393233339	-17.496272557891235	1.68469328668116
1.0	0.41292162589983444	-17.54457297975432	1.5880924429549879
1.0	0.4131524803951718	-17.54919145614738	1.5788554901688698
1.0	0.45334318376804295	-18.495227152099755	-0.3132159017358802
1.0	0.4235422328451987	-17.917939906015594	0.8413585904324421
1.0	0.4170098127528266	-17.358171629328165	1.9608951438072992
1.0	0.48850836330753084	-19.012370433912988	-1.3475024653623464
1.0	0.3890827387114716	-16.94577970511929	2.7856789922250513
1.0	0.42081348096337595	-17.82171923845244	1.0337999255587462
1.0	0.41995382631715467	-17.89469046969144	0.8878574630807492
1.0	0.41852711769241674	-17.59723527560628	1.4827678512510687
2.0	0.4327388399020707	-17.28514946010769	2.106939482248251
