ORTHO003868	1.0	0.47276321674005956	-17.119913612680087
1.0	0.5532038197048469	-18.72854559132097	-3.217263957281766
1.0	0.5164107610218674	-18.058915918861885	-1.878004612363597
1.0	0.5153341981734835	-17.944885706088048	-1.6499441868159224
1.0	0.5134027735704413	-18.013603892958674	-1.7873805605571746
1.0	0.43512929915769855	-16.100500585722198	2.038826053915777
1.0	0.5116823326527434	-17.882187110461718	-1.524546995563263
1.0	0.5015220963213244	-17.62646242358433	-1.013097621808484
1.0	0.511255864635907	-17.72526712490979	-1.2107070244594098
1.0	0.443271380254423	-16.276523014652046	1.6867811960560815
1.0	0.4357603047141582	-16.296709851860378	1.6464075216394178
1.0	0.4349281880899194	-16.278315855310307	1.683195514739559
1.0	0.4705558382077141	-17.482764793455345	-0.7257023615505176
1.0	0.4409323304616205	-16.71552177127119	0.8087836828177899
1.0	0.43466111102266114	-16.159755075670738	1.9203170740186977
1.0	0.4345989716896645	-16.161914085811496	1.9159990537371812
1.0	0.41790041292745006	-16.322802509394563	1.5942222065710467
1.0	0.43950824742762756	-16.605233188722444	1.0293608479152851
1.0	0.4399733095303219	-16.462346317806478	1.3151345897472169
1.0	0.4360708360203742	-16.397940950630808	1.4439453240985571
1.0	0.40434957228179574	-15.552583844729785	3.134659535900603
