ORTHO000877	1.0	0.4458649472314844	-23.621837680787113
1.0	0.5203399750415612	-25.469511859411664	-3.6953483572491024
1.0	0.5962532439226181	-26.614408304080488	-5.98514124658675
1.0	0.4617840249096069	-23.886589558174204	-0.5295037547741828
1.0	0.5122744669384084	-24.97593495543524	-2.708194549296252
1.0	0.4039959685878752	-22.619123114859836	2.005429131854555
1.0	0.44094613173855857	-23.5515078269546	0.1406597076650229
1.0	0.5199697250249183	-24.762274723932176	-2.280874086290126
1.0	0.4671434858330467	-24.245945316557464	-1.248215271540701
1.0	0.4109428494178559	-22.749734156439153	1.7442070486959196
1.0	0.4145956372892022	-22.772611372381593	1.6984526168110392
1.0	0.4138465261241723	-22.753785197733244	1.7361049661077388
1.0	0.4339355456936267	-23.559787645405518	0.12410007076319118
1.0	0.4002099045992944	-22.698815722634503	1.84604391630522
1.0	0.41008509208452426	-22.918782362559973	1.4061106364542795
1.0	0.5100975600855336	-24.404324807568766	-1.5649742535633067
1.0	0.42041917767013787	-23.01232375316875	1.2190278552367246
1.0	0.44523962620219243	-23.514879707668833	0.21391594623656118
1.0	0.43792562896843873	-23.389031418261126	0.4656125250519736
1.0	0.4088781269459888	-22.882420373833988	1.4788346139062511
1.0	0.43309446823005804	-23.502128641972675	0.23941807762887635
