ORTHO001679	1.0	0.4688601204011617	-21.03715701692395
1.0	0.48314593350989343	-21.481507245021124	-0.8887004561943499
1.0	0.5873106835598816	-23.075614748762124	-4.07691546367635
1.0	0.5161245009053401	-21.993754141668386	-1.9131942494888747
1.0	0.44343270737250057	-20.252899177080643	1.5685156796866124
1.0	0.5496228878159422	-22.444346653540364	-2.8143792732328308
1.0	0.5036007900624297	-21.693378543555173	-1.3124430532624487
1.0	0.49567633485646045	-21.432731799548705	-0.791149565249512
1.0	0.4429648080611764	-20.120454159592946	1.8334057146620069
1.0	0.4336545331418128	-20.21650628500237	1.6413014638431562
1.0	0.4368729269919886	-20.266161670354496	1.5419906931389065
1.0	0.4371091358084187	-20.270609121215553	1.533095791416791
1.0	0.4671856510687103	-21.22970336701003	-0.3850927001721587
1.0	0.44937594452581114	-20.617589290475994	0.8391354528959099
1.0	0.4461385464906747	-20.72097455847729	0.6323649168933159
1.0	0.4608382466281808	-21.041319363594287	-0.008324693340675537
1.0	0.4182696768642981	-20.14101681152303	1.7922804108018369
1.0	0.44396181289616954	-20.538156763997826	0.9980005058522465
1.0	0.44272085758933655	-20.607968467505252	0.8583770988373942
1.0	0.4365313282182097	-20.315695530820033	1.4429229722078318
1.0	0.41726513926855546	-19.966253410392145	2.1418072130636077
