ORTHO000996	1.0	0.4698223049114153	-23.692572237189367
1.0	0.45415432897428304	-22.864237007031605	1.6566704603155245
1.0	0.5876332931265955	-25.931162576784644	-4.477180679190553
1.0	0.41801080133240603	-22.649310181404456	2.0865241115698225
1.0	0.4812027103222496	-23.828960404775746	-0.27277633517275746
1.0	0.5387666682698432	-24.89033039116064	-2.395516307942543
1.0	0.5416132712675604	-24.732853912489297	-2.08056335059986
1.0	0.5161812474661732	-24.284570636106	-1.1839967978332666
1.0	0.5307580103355325	-24.775649159411373	-2.166153844444011
1.0	0.4370904579354467	-22.685638243277022	2.013867987824689
1.0	0.44403921221965315	-22.820338180279222	1.7444681138202895
1.0	0.4444632672061511	-22.829600886856444	1.725942700665847
1.0	0.3980269960187285	-21.639051501876953	4.107041470624829
1.0	0.4263325982510743	-22.828732477568753	1.727679519241228
1.0	0.43582534198251144	-23.030354905493397	1.3244346633919406
1.0	0.4533114765358721	-23.369543981718994	0.6460565109407455
1.0	0.4207240300780792	-22.75948470033399	1.8661750737107567
1.0	0.46201042342349774	-23.523314926291523	0.3385146217956887
1.0	0.44774979614173294	-23.356210655765636	0.6727231628474613
1.0	0.43946989173236817	-23.028478007690055	1.3281884589986248
1.0	0.46099348913915705	-23.55724018416907	0.27066410604059143
