ORTHO000303_2	1.0	0.42516676998902536	-17.217293896169625
1.0	0.5061470584613253	-19.121420318023077	-3.808252843706903
1.0	0.5031695537969133	-19.32266363133564	-4.2107394703320296
1.0	0.4645469404841882	-18.09471111716211	-1.7548344419849684
1.0	0.39683667772268777	-16.38493189633827	1.6647239996627121
1.0	0.4696069775794227	-18.230121695992757	-2.0256555996462637
1.0	0.4016812357106589	-16.28659445615454	1.8613988800301726
1.0	0.48255266398371366	-18.23963709391672	-2.044686395494189
1.0	0.46053972939591153	-17.865921684497366	-1.2972555766554805
1.0	0.3959366248185255	-16.33267240301956	1.769242986300128
1.0	0.39492797254596157	-16.352477041237503	1.7296337098642454
1.0	0.4003024435662137	-16.333747919992536	1.7670919523541784
1.0	0.46522232423385523	-18.399657939572165	-2.36472808680508
1.0	0.39990759905326745	-16.790087368230363	0.8544130558785241
1.0	0.4034367635462538	-16.884888890317665	0.6648100117039206
1.0	0.461244336069424	-17.950646255291044	-1.4667047182428377
1.0	0.40689407608950384	-16.74829878157223	0.9379902291947886
1.0	0.3994954595228449	-16.64576597507062	1.1430558421980095
1.0	0.3935939036551287	-16.30828054200984	1.8180267083195716
1.0	0.40115114039026933	-16.453966650375182	1.5266544915888858
2.0	0.41121971317419176	-16.122690288595827	2.189207215147597
