ORTHO000679	2.0	0.44851585269677174	-24.236725533916196
2.0	0.3768577009280275	-22.2536398085709	3.966171450690595
2.0	0.5514678037655107	-26.545264170605165	-4.617077273377937
2.0	0.5233779238439809	-25.812084659339938	-3.1507182508474827
2.0	0.5385925355237365	-26.11322555301789	-3.753000038203389
2.0	0.5188238879015407	-25.921489204681244	-3.3695273415300946
2.0	0.43860142019105136	-23.885750243988053	0.7019505798562875
2.0	0.4896459714874119	-24.796265516761935	-1.1190799656914763
2.0	0.47661875871765635	-24.844809496460098	-1.2161679250878024
2.0	0.41798246859341764	-23.38580171186414	1.701847644104113
2.0	0.4137959013655715	-23.438190755303943	1.5970695572245077
2.0	0.4202622483181662	-23.443623477080603	1.5862041136711866
2.0	0.5279022818822685	-25.920134197187366	-3.366817326542339
2.0	0.4110719188845332	-23.539866633575716	1.3937178006809603
2.0	0.391196875779454	-23.27303540532488	1.9273802571826337
2.0	0.4327141045123869	-23.90010130242362	0.6732484629851498
2.0	0.43867447348298416	-24.02642363447426	0.42060379888387445
2.0	0.46595699274036456	-24.478159030655785	-0.4828669934791776
2.0	0.47818297308093854	-24.497480522537977	-0.5215099772435607
2.0	0.4179186796208655	-23.491566367793904	1.490318332244584
2.0	0.42353377879594445	-23.945213897749507	0.5830232723333779
