ORTHO005322	1.0	0.5040765501193848	-17.362620550993896
1.0	0.5020255283179877	-17.59742154192573	-0.4696019818636685
1.0	0.5452691445473445	-18.27606135154033	-1.8268816010928717
1.0	0.5315397091597781	-18.165168445976903	-1.6050957899660148
1.0	0.5302576169611951	-18.23595820218392	-1.7466753023800479
1.0	0.5428633011418198	-18.30188212145786	-1.878523140927932
1.0	0.5406601988185987	-18.10528434540134	-1.48532758881489
1.0	0.5243012106160336	-17.851870102852185	-0.9784991037165796
1.0	0.5401525656693327	-17.94709031255525	-1.1689395231227095
1.0	0.4605444554550702	-16.533370404476504	1.658500293034784
1.0	0.44639042396075634	-16.14102944966449	2.443182202658811
1.0	0.4477795524702289	-16.159461252164316	2.4063185976591583
1.0	0.4636208810217809	-16.368877714913797	1.9874856721601972
1.0	0.4645393937153274	-16.976549151250904	0.7721427994859837
1.0	0.45766217928188796	-16.4242177380218	1.8768056259441934
1.0	0.4574675582991066	-16.42781929483371	1.8696025123203697
1.0	0.47680292237505956	-16.934476691614698	0.856287718758395
1.0	0.4633983214805293	-16.845996252515814	1.0332485969561631
1.0	0.4578909753938421	-16.518045392487323	1.6891503170131443
1.0	0.4590445264595836	-16.661391098322092	1.4024589053436074
2.0	0.4751509293212111	-16.30124084374589	2.1227594144960094
