ORTHO003140	1.0	0.4836680467890628	-18.82901097156002
1.0	0.4811512264031501	-19.066528300327697	-0.47503465753535323
1.0	0.5211950560913312	-19.68305940286171	-1.7080968626033766
1.0	0.5225597347544446	-19.646226799854666	-1.6344316565892925
1.0	0.5205576450473383	-19.71817032635846	-1.7783187095968813
1.0	0.5145502875491724	-19.788400641425685	-1.91877933973133
1.0	0.5185508797431134	-19.589430531644666	-1.520839120169292
1.0	0.5090030728334561	-19.332491618490398	-1.0069612938607548
1.0	0.5124785212161659	-19.42971111366057	-1.2014002842010996
1.0	0.4453715360283348	-17.98366535788142	1.690691227357199
1.0	0.42706894732500755	-17.583559437949084	2.490903067221872
1.0	0.4283103566907678	-17.602497784238864	2.453026374642313
1.0	0.5110159107617889	-19.733941050587354	-1.8098601580546685
1.0	0.44905014285268113	-18.40654586567554	0.8449302117689612
1.0	0.44280069659513777	-17.87140131307659	1.915219316966862
1.0	0.5201386791364411	-19.474138595631857	-1.2902552481436729
1.0	0.45393700694902184	-18.38982925787821	0.8783634273636238
1.0	0.4463442608155111	-18.33107882754189	0.9958642880362589
1.0	0.44816192381358116	-18.373532967445783	0.9109560082284744
1.0	0.4439808529240463	-18.112428624365418	1.4331646943892054
1.0	0.39697876908753965	-16.844762838884336	3.9684962653513693
