ORTHO000336_1	1.0	0.3948767622299357	-25.266141430089128
1.0	0.37989035741142013	-24.447741633773948	1.6367995926303607
1.0	0.4920638798503472	-27.615075333954707	-4.697867807731157
1.0	0.4742593480088786	-27.31877812147707	-4.105273382775884
1.0	0.4637367326947166	-26.697464287653286	-2.8626457151283162
1.0	0.48961745906442894	-27.681535409507912	-4.830787958837568
1.0	0.4601859426403225	-26.442784587703375	-2.3532863152284946
1.0	0.44483002096648583	-25.957872533920426	-1.3834622076625962
1.0	0.45958058958323467	-26.361253708774143	-2.19022455737003
1.0	0.367492132668342	-24.60813557175754	1.3160117166631764
1.0	0.3673974795118145	-24.600577201545452	1.3311284570873525
1.0	0.3669012123845771	-24.593219033306614	1.3458447935650284
1.0	0.3626807299804407	-24.069126228904256	2.3940304023697436
1.0	0.3559218639715423	-24.64576944067862	1.2407439788210155
1.0	0.36936797084598355	-24.704067584568143	1.1241476910419692
1.0	0.3923728454433099	-25.010313809570246	0.511655241037765
1.0	0.3817292996462827	-24.82209869838024	0.8880854634177737
1.0	0.377246833652019	-25.012500453799046	0.5072819525801648
1.0	0.3825988945426579	-25.03522530017474	0.46183225982877474
1.0	0.361357654315989	-24.671652589860642	1.188977680456972
1.0	0.3877287990454991	-25.1325168022145	0.26724925574925606
