ORTHO001953	1.0	0.42110665529855384	-19.26943240167674
1.0	0.5220755814066013	-21.22160149110513	-3.9043381788567757
1.0	0.4588085695762216	-20.27286452412982	-2.0068642449061542
1.0	0.46389179867101515	-20.15115279355487	-1.7634407837562591
1.0	0.4621346535256027	-20.218694909323784	-1.8985250152940836
1.0	0.45680975516242894	-20.27820931919777	-2.017553835042058
1.0	0.4601917256046503	-20.083784930558622	-1.62870505776376
1.0	0.4493490931704833	-19.817539954855043	-1.0962151063566026
1.0	0.45311523011958255	-19.922523982725615	-1.3061831620977458
1.0	0.38831125484683804	-18.372068945980317	1.79472691139285
2.0	0.43084952170193264	-18.916254175728945	0.7063564518955943
2.0	0.43202167660702634	-18.935111306541344	0.6686421902707949
1.0	0.37455170404913146	-18.057328221082162	2.4242083611891587
1.0	0.39936576029581344	-18.987638526007565	0.5635877513383534
1.0	0.40039577223055445	-18.974320127071227	0.5902245492110296
1.0	0.38505188187245376	-18.25619065724609	2.0264834888613024
1.0	0.4575360335363242	-19.91548286443237	-1.2921009255112565
1.0	0.3898816328934099	-18.723184622526077	1.09249555830133
1.0	0.3905358789396426	-18.78167374905231	0.9755173052488644
1.0	0.3865919906740944	-18.498502658019987	1.5418594873135092
2.0	0.42995732820813415	-18.632324073023437	1.27421665730661
