ORTHOSTM000004	12	6.318415788312556	-26.260977322456544	0.487
ORTHOSTM000007	8	10.099950240770465	-29.249967734704057	0.109
ORTHOSTM000023	5	2.238148066948504	-20.659394782514998	0.966
ORTHOSTM000238	2	0.7238469530077445	-13.012253166768136	1.0
ORTHOSTM002398	1	1.1025941643970478	-13.841538200303308	1.0
ORTHOSTM002403	1	0.9823297327238105	-13.126946688627843	1.0
ORTHOSTM002404	1	0.9179066185767616	-12.656994710275042	0.999
ORTHOSTM002406	1	0.859398112776837	-12.210188881391796	1.0
ORTHOSTM002407	1	0.7454157633809192	-11.656964758994171	1.0
ORTHOSTM002409	1	0.9385433547026696	-12.64935484580501	1.0
ORTHOSTM002410	1	0.8733185545353506	-12.438282375112045	1.0
ORTHOSTM002411	1	1.1537716063207528	-13.704131491686661	1.0
ORTHOSTM002415	1	0.8094215783106335	-12.438624919672819	1.0
ORTHOSTM002419	1	0.9552494269913975	-12.3991903258678	1.0
ORTHOSTM000240	1	0.9926840531180062	-14.937398488632182	1.0
ORTHOSTM002421	1	0.9087750111601972	-12.680068756213874	1.0
ORTHOSTM002422	1	0.7953368711071571	-12.330059804629032	1.0
ORTHOSTM002424	1	1.058696958705714	-12.909765845819921	1.0
ORTHOSTM002431	1	0.9906742647187473	-12.853004843458402	1.0
ORTHOSTM002448	1	1.29120563055463	-14.448039864148475	0.999
ORTHOSTM002449	2	1.3075680819431914	-14.03030425592884	1.0
ORTHOSTM002452	1	1.0933696897600458	-13.155202521437396	1.0
ORTHOSTM002453	1	1.154735298457757	-14.46574916050238	1.0
ORTHOSTM002457	1	0.9325629709356758	-12.44680991107594	1.0
ORTHOSTM002460	1	0.9544257602264608	-12.086367194791546	1.0
ORTHOSTM000242	1	0.7801167356262689	-13.44292380597337	1.0
ORTHOSTM002461	1	0.7401572317988889	-11.518233010174582	1.0
ORTHOSTM002462	1	0.9208635646195449	-12.821310063629612	1.0
ORTHOSTM002465	1	0.8884462226995452	-12.445966873529235	1.0
ORTHOSTM002466	1	1.0186981745054366	-13.201241901729796	1.0
ORTHOSTM002468	1	1.0352680805824268	-13.036442653799009	1.0
ORTHOSTM002471	1	0.9043762831952508	-12.506974819971692	1.0
ORTHOSTM002476	1	1.0406864212322362	-12.80920395357417	1.0
ORTHOSTM002478	1	1.003410496293065	-13.536351214561067	1.0
ORTHOSTM002479	1	1.0046413255373137	-13.274981252041352	1.0
ORTHOSTM002481	1	1.0726003024376862	-12.953019299862149	1.0
ORTHOSTM000243	2	1.6634404100208366	-16.256964953658812	0.998
ORTHOSTM002488	1	0.9621830235584021	-12.233355411895344	1.0
ORTHOSTM002489	1	1.0318364555148813	-13.216279001837849	1.0
ORTHOSTM002490	1	1.1617704818821228	-13.68199991690792	1.0
ORTHOSTM002494	1	0.9170763890275125	-12.830922389172844	1.0
ORTHOSTM002495	1	0.8270127940705452	-11.875685101065178	1.0
ORTHOSTM002496	1	1.0547232416109438	-13.282623753954011	1.0
ORTHOSTM002500	1	0.9163041426020101	-12.657154728334893	1.0
ORTHOSTM002503	1	0.7329080865457214	-11.255547077143799	1.0
ORTHOSTM002508	1	0.8991178424886968	-12.823698781465259	1.0
ORTHOSTM002511	1	0.9781113903639096	-12.505938484784952	1.0
ORTHOSTM000244	2	0.9273721121871705	-14.372314106582069	1.0
ORTHOSTM002514	1	0.8933345126532862	-12.22088935948783	1.0
ORTHOSTM002515	1	1.2836386104202122	-13.840563437065924	1.0
ORTHOSTM002518	1	0.9077263479693412	-12.20804839784758	1.0
ORTHOSTM002519	1	1.0757143033011571	-13.268040344619422	1.0
ORTHOSTM002521	1	1.152010665355614	-13.285728399265919	1.0
ORTHOSTM002522	1	0.89084707771652	-12.213208890084651	1.0
ORTHOSTM002523	2	1.0476145774185317	-13.153959399786881	1.0
ORTHOSTM002524	1	0.885112050553619	-12.454989126191705	1.0
ORTHOSTM002526	1	0.9793530137523071	-12.474303070111354	1.0
ORTHOSTM002529	1	1.0040133108218285	-12.920057588065358	1.0
ORTHOSTM000245	1	1.2161987369509883	-15.098439856375474	1.0
ORTHOSTM002530	1	1.2661033048887487	-14.242047926931239	0.999
ORTHOSTM002531	1	1.2136603671946118	-13.795627872147268	1.0
ORTHOSTM002532	1	1.1070299615541583	-13.015491997108883	1.0
ORTHOSTM002535	1	0.9206257671754726	-12.663990927488264	1.0
ORTHOSTM002539	1	0.9051256117643101	-12.490440110793559	1.0
ORTHOSTM002541	1	0.9209965828828893	-12.454275639319484	1.0
ORTHOSTM002542	1	0.9078501903874727	-12.497736171116742	1.0
ORTHOSTM002543	1	1.155739216771963	-14.191796113504711	1.0
ORTHOSTM002544	1	1.0401215884053086	-13.30555174528002	1.0
ORTHOSTM002545	1	0.9027794636367139	-12.814451841399976	1.0
ORTHOSTM000246	1	0.9965187838464564	-15.171436845672838	0.999
ORTHOSTM002548	1	1.2382596429267618	-14.714260562249194	0.999
ORTHOSTM002553	1	1.1997754441940642	-13.719792185709656	1.0
ORTHOSTM002554	1	0.895956460487146	-12.95852653855087	1.0
ORTHOSTM002555	1	0.8235301838564785	-12.193648322628107	1.0
ORTHOSTM002556	1	1.0241820162666249	-13.667745312938798	0.999
ORTHOSTM002562	1	0.9669397228017477	-12.415203037745993	1.0
ORTHOSTM002563	1	1.1750868730196933	-13.940066658096946	1.0
ORTHOSTM002572	1	1.1621097879629385	-13.468366645359158	1.0
ORTHOSTM002573	1	0.9144992434475522	-12.064950180788582	1.0
ORTHOSTM002577	1	1.0628232131689972	-13.21677724675519	1.0
ORTHOSTM000249	2	2.07889130396702	-17.785728094179113	0.996
ORTHOSTM002579	1	1.1499281952457916	-13.432331013952684	1.0
ORTHOSTM002580	1	1.2451681498261502	-13.493036296188354	1.0
ORTHOSTM002582	1	1.1177342510075603	-13.203613671055944	1.0
ORTHOSTM002585	1	1.1295861106490395	-13.00875224612599	1.0
ORTHOSTM002587	1	0.9507643548744517	-13.216646286778724	1.0
ORTHOSTM002590	1	0.955323071311047	-12.13087214088068	1.0
ORTHOSTM002591	1	1.1944554872088602	-14.18206296036373	1.0
ORTHOSTM002593	1	1.0448642530253638	-13.00526316673047	1.0
ORTHOSTM002596	1	0.8549252684395648	-11.702650649557286	1.0
ORTHOSTM002597	1	1.0295468659348535	-12.684270567862049	1.0
ORTHOSTM000253	1	0.8322606939172814	-13.463076971474345	1.0
ORTHOSTM002610	1	0.9332907037221153	-12.505731614654954	1.0
ORTHOSTM002612	1	1.3057466002947462	-14.425756718400722	1.0
ORTHOSTM002613	1	1.253653617013923	-13.782473227640667	1.0
ORTHOSTM002616	1	0.9221543771541542	-12.145238609897778	1.0
ORTHOSTM002620	1	1.0635665691573502	-12.808573472576965	1.0
ORTHOSTM002623	1	0.8435741097190265	-12.304243979693387	1.0
ORTHOSTM002627	1	0.8349447672793889	-11.825970145633603	1.0
ORTHOSTM002628	1	1.0314831654757481	-13.176555957858653	1.0
ORTHOSTM002629	1	1.1881768962936379	-13.130287052339563	1.0
ORTHOSTM002630	1	0.8885099281860065	-12.60214472686361	1.0
ORTHOSTM000262	1	0.6008999265466634	-12.062990771384662	1.0
ORTHOSTM002632	1	0.9343266639935881	-13.106281634337288	1.0
ORTHOSTM002634	1	0.8266544103257517	-11.908337037137422	1.0
ORTHOSTM002636	1	0.9539341697477663	-12.939866056501588	1.0
ORTHOSTM002638	1	1.0145757278951608	-12.90777117045506	1.0
ORTHOSTM002642	1	0.9522519678892373	-12.926757641979588	1.0
ORTHOSTM002643	1	1.2494195150079772	-13.573547918923445	1.0
ORTHOSTM002649	1	1.0913047492813752	-13.57801384886892	1.0
ORTHOSTM002650	1	0.9315918946450219	-13.338496478552079	1.0
ORTHOSTM002652	1	1.1765567353911521	-13.848354971349758	1.0
ORTHOSTM002653	1	1.370495326086834	-14.454349272586796	0.999
ORTHOSTM000025	4	4.793707196651571	-23.581408152809214	0.777
ORTHOSTM000263	2	1.114619742759989	-15.00175120337966	0.999
ORTHOSTM002656	1	0.9373715860409133	-13.10210594139529	1.0
ORTHOSTM002660	1	1.1299980929459013	-14.233964696732551	1.0
ORTHOSTM002662	1	1.065925078766156	-13.784747718070442	1.0
ORTHOSTM002668	1	1.383221605260635	-14.98162447303284	1.0
ORTHOSTM002670	1	1.2340144326225422	-13.805260169011966	1.0
ORTHOSTM002671	1	1.1820549682621282	-13.772670801077709	1.0
ORTHOSTM002676	1	0.9470281115435919	-13.112521500095845	1.0
ORTHOSTM002681	1	0.8343964059905747	-12.25951010467822	1.0
ORTHOSTM002686	1	1.0648269669003385	-13.691185306298921	1.0
ORTHOSTM002688	1	1.2970286540933553	-14.267816113427411	1.0
ORTHOSTM000264	2	0.6269744773287227	-11.751400174174327	1.0
ORTHOSTM002689	1	1.30632689466903	-14.10318181497898	1.0
ORTHOSTM002690	1	1.0828506148337196	-13.39106393284772	1.0
ORTHOSTM002694	1	1.1725517949435231	-13.60134020773662	1.0
ORTHOSTM002696	1	1.1803905825963805	-13.874326491129718	1.0
ORTHOSTM002698	1	1.0240516707868135	-13.918018801685436	1.0
ORTHOSTM002699	1	0.9264597400089843	-12.238907043961172	1.0
ORTHOSTM002702	2	1.5506178588181412	-15.137022548132089	0.998
ORTHOSTM002703	1	1.0684809371580024	-13.558674172610086	1.0
ORTHOSTM002705	1	0.9910605880599825	-12.875492559596893	1.0
ORTHOSTM002720	1	0.9530562657635858	-12.930771843918702	1.0
ORTHOSTM000265	2	0.6289784550162859	-12.615701291512964	1.0
ORTHOSTM002727	1	0.9461813835166409	-12.727928895823556	1.0
ORTHOSTM002735	1	1.2945954031318356	-14.735368583200835	1.0
ORTHOSTM002736	1	0.9156614906124491	-12.585790562578195	1.0
ORTHOSTM002738	1	0.9480026330107605	-12.692302295387037	1.0
ORTHOSTM002742	1	0.9174153973806078	-12.550156304052738	1.0
ORTHOSTM002743	1	0.9499272158445944	-12.71821039061306	1.0
ORTHOSTM002750	1	1.1778594333181647	-13.795707868968584	1.0
ORTHOSTM002755	1	1.0647653669399968	-13.638080159370508	1.0
ORTHOSTM002761	1	1.303706482363244	-14.396086458217887	0.999
ORTHOSTM002764	1	1.1926980286841882	-14.132494076697274	1.0
ORTHOSTM000266	1	0.7013022151120565	-13.326542927361553	1.0
ORTHOSTM002766	1	1.2782551458319937	-14.307864708038275	1.0
ORTHOSTM002777	2	1.369351723077523	-14.37071036739495	1.0
ORTHOSTM002782	2	1.2226362047272092	-13.537807122031712	1.0
ORTHOSTM002783	2	1.0220210323502852	-12.673898429875246	1.0
ORTHOSTM002787	2	1.2846527294957601	-13.94886289631591	1.0
ORTHOSTM002789	2	1.0152657449879041	-12.531629167171326	1.0
ORTHOSTM002790	2	1.045160481959623	-13.17109778726399	1.0
ORTHOSTM002791	2	1.2866872601471444	-14.031037478469633	1.0
ORTHOSTM002795	1	0.9398921625209038	-12.369107142551858	1.0
ORTHOSTM002797	1	0.9193534235313686	-12.441384011920901	1.0
ORTHOSTM000267	2	0.8796782821874528	-13.291209196171136	1.0
ORTHOSTM002800	1	1.0478689616233425	-13.285570781476293	1.0
ORTHOSTM002804	1	0.9246489022025509	-12.585071152860452	1.0
ORTHOSTM002805	1	1.0441849747088596	-13.215714859165463	1.0
ORTHOSTM002810	1	0.8350570322919946	-11.974821632204353	1.0
ORTHOSTM002813	1	0.8263338238154364	-11.686118358475248	1.0
ORTHOSTM002814	1	1.0741917747535836	-13.602804574398503	1.0
ORTHOSTM002815	1	1.1034869775664053	-13.323642881071464	1.0
ORTHOSTM002818	1	0.9314995686422116	-12.237651413651149	1.0
ORTHOSTM002823	1	1.0381362830272194	-12.92539575374425	1.0
ORTHOSTM002828	1	1.0038530484436474	-12.723853105262142	1.0
ORTHOSTM000274	1	0.6340009339030352	-12.64151189906078	1.0
ORTHOSTM002837	1	0.932014253419695	-12.606164570926035	1.0
ORTHOSTM002838	1	0.8238129282648528	-11.694175385479411	1.0
ORTHOSTM002839	1	0.8284074358333947	-11.837908286891386	1.0
ORTHOSTM002840	1	0.9342873388053997	-12.43580058551304	1.0
ORTHOSTM002843	1	1.0566627142197231	-13.13836175452098	1.0
ORTHOSTM002846	1	1.0144697338972444	-12.855724706180585	1.0
ORTHOSTM002855	1	1.0357615918406111	-12.644908981187537	1.0
ORTHOSTM002856	1	1.1470042555844293	-13.497452064893103	1.0
ORTHOSTM002857	2	1.0111184572756964	-12.922590400656041	1.0
ORTHOSTM002863	1	1.0683061804996412	-13.077789219051494	1.0
ORTHOSTM000276	1	0.7099434868138581	-12.394446204990787	1.0
ORTHOSTM002865	1	0.845148565712828	-11.550744090090289	1.0
ORTHOSTM002874	1	0.8270843418190774	-11.933069180194545	1.0
ORTHOSTM002875	1	1.3067162071453058	-14.40583593654696	1.0
ORTHOSTM002877	1	0.8310224771547231	-11.829833399507976	1.0
ORTHOSTM002879	1	1.0548640605353818	-12.701660272202867	1.0
ORTHOSTM002886	1	0.8426090948885033	-12.097399974005466	1.0
ORTHOSTM002888	1	1.0314517927130307	-13.076355296917841	1.0
ORTHOSTM002893	1	0.9783005621655555	-13.25632142477816	1.0
ORTHOSTM002894	1	1.0468519448713178	-13.071072805650685	1.0
ORTHOSTM002896	1	1.026371233349413	-12.821210635468699	1.0
ORTHOSTM000277	1	0.7743477516736031	-13.321283412219236	1.0
ORTHOSTM002897	1	1.1274675995884347	-14.23331291515818	1.0
ORTHOSTM002902	1	0.8391769802190636	-12.199652326839173	1.0
ORTHOSTM002905	1	1.0019849569969617	-12.554773616334003	1.0
ORTHOSTM002908	1	0.8383419346027355	-11.952592330639984	1.0
ORTHOSTM002909	1	1.189951449639853	-13.736626098559286	1.0
ORTHOSTM002911	1	1.0625934020721923	-13.034554649740214	1.0
ORTHOSTM002918	1	1.0081676504290353	-12.696544008626898	1.0
ORTHOSTM002923	1	1.1811406206823607	-13.722108691023811	1.0
ORTHOSTM002925	1	1.0079733526768995	-12.713301938069081	1.0
ORTHOSTM002926	1	0.9292618201893768	-12.831194545597123	1.0
ORTHOSTM000283	1	0.9563085275405993	-14.664620543751035	1.0
ORTHOSTM002949	1	1.0528507052409701	-12.743054173254698	1.0
ORTHOSTM002952	1	0.846426415141913	-12.33621108968446	1.0
ORTHOSTM002956	1	1.0590062328403516	-12.979209031296325	1.0
ORTHOSTM002959	1	1.0498194232567666	-13.672573431102073	1.0
ORTHOSTM002961	1	1.0229279599086643	-12.99463602213316	1.0
ORTHOSTM002962	1	1.0379743416292808	-13.376335785570094	1.0
ORTHOSTM002964	1	0.946313794337959	-12.509416752774586	1.0
ORTHOSTM002974	1	1.013819887192738	-12.932761723366895	1.0
ORTHOSTM002982	1	1.290464453196637	-14.802285563607176	1.0
ORTHOSTM002994	1	0.9138538108285607	-12.559723400166268	1.0
ORTHOSTM000284	1	0.9489760870307706	-13.837270202804234	0.999
ORTHOSTM002999	1	0.9396536096510764	-12.579493384584913	1.0
ORTHOSTM003001	1	1.0408311676028668	-13.113638275448075	1.0
ORTHOSTM003005	1	1.077751173135969	-13.2168111536391	1.0
ORTHOSTM003006	1	1.0247062150931932	-12.893686631816825	1.0
ORTHOSTM003013	1	1.1132292176172611	-13.970990078463691	1.0
ORTHOSTM003015	1	0.931452165521732	-12.726211806489923	1.0
ORTHOSTM003018	1	1.0238272821949526	-12.699184113663051	1.0
ORTHOSTM003029	1	1.211470673050978	-13.490311935203556	1.0
ORTHOSTM003030	1	1.1462994185454898	-13.50774200000171	1.0
ORTHOSTM003031	1	1.0262807885881933	-12.980914149373808	1.0
ORTHOSTM000027	5	1.7238091798204707	-19.89586165557718	0.977
ORTHOSTM000286	2	0.9512234322134774	-13.74204459057879	1.0
ORTHOSTM003041	1	0.9390833150009151	-12.593558650577815	1.0
ORTHOSTM003045	1	0.999286415751019	-13.098481384558346	1.0
ORTHOSTM003048	1	1.0778551281610156	-12.843281292169715	1.0
ORTHOSTM003057	1	1.0600697562820953	-13.14199826758913	1.0
ORTHOSTM003058	1	1.068710512654106	-12.744924240601772	1.0
ORTHOSTM003059	1	0.8622835697658302	-11.985620495707382	1.0
ORTHOSTM003067	1	1.0082690618850088	-13.2374663865598	1.0
ORTHOSTM003069	1	0.9424732093194532	-12.586039969820598	1.0
ORTHOSTM003073	1	1.1982145747458686	-13.492598095386873	1.0
ORTHOSTM003076	1	1.0134002687677195	-12.871008475364587	1.0
ORTHOSTM000288	3	2.0706420289228884	-17.937534569062375	0.996
ORTHOSTM003081	1	1.0335338259665523	-13.140955231605451	1.0
ORTHOSTM003087	1	0.8258506522404049	-11.703738686612006	1.0
ORTHOSTM003092	1	0.9494771397024853	-12.726771225482581	1.0
ORTHOSTM003096	1	1.0049142081422406	-12.956051110291439	1.0
ORTHOSTM003097	1	1.0069561407778032	-12.728656885410382	1.0
ORTHOSTM003098	1	1.2653148879552316	-13.6958369486058	1.0
ORTHOSTM003101	1	0.9071589544051388	-12.53336641480603	1.0
ORTHOSTM003102	1	1.0514845895227194	-13.289166485829513	1.0
ORTHOSTM003106	1	1.087112028990762	-12.982199797876012	1.0
ORTHOSTM003107	1	1.10591383530145	-13.132113400846944	1.0
ORTHOSTM000297	2	0.8031461982272672	-13.13255604186661	1.0
ORTHOSTM003111	1	1.1222599357042655	-13.39469649910359	1.0
ORTHOSTM003114	1	1.1555667691905789	-13.261781709018525	1.0
ORTHOSTM003115	1	1.1300397848697665	-13.403095633481353	1.0
ORTHOSTM003123	2	1.0254037562623477	-12.678262250732676	1.0
ORTHOSTM003128	1	0.9310809677040773	-12.443110746593902	1.0
ORTHOSTM003136	1	1.017756299077242	-12.860153218963598	1.0
ORTHOSTM003138	1	1.07247547582066	-13.023984813162553	1.0
ORTHOSTM003139	1	1.1496839144210536	-13.50281367686389	1.0
ORTHOSTM003143	1	1.0389228289430934	-13.357518685670723	1.0
ORTHOSTM003147	1	1.0546258439093286	-13.218359167339255	1.0
ORTHOSTM000299	2	0.5794012909979914	-12.488927474411142	1.0
ORTHOSTM003154	1	1.0736185894697736	-13.384203448917091	1.0
ORTHOSTM003161	1	1.130748912288917	-13.565572284069255	1.0
ORTHOSTM003162	1	0.9399495329411084	-12.59182547458904	1.0
ORTHOSTM003166	1	1.0424930785800233	-13.361288297659538	1.0
ORTHOSTM003169	1	1.1183153309424199	-13.315680766137165	1.0
ORTHOSTM003172	1	1.0575343254847822	-13.021500568639443	1.0
ORTHOSTM003174	1	1.0518827252776748	-13.455186807346802	1.0
ORTHOSTM003177	1	1.1346375511197955	-13.425869809104949	1.0
ORTHOSTM003183	1	1.1456757116531304	-13.533826242756541	1.0
ORTHOSTM003186	1	1.2116835589443937	-13.610137208551636	1.0
ORTHOSTM000306	2	1.271285404254508	-15.221378844946093	1.0
ORTHOSTM003189	1	0.8595246950386326	-11.99383933525891	1.0
ORTHOSTM003190	1	1.0673579803656192	-13.28344907243249	1.0
ORTHOSTM003203	1	0.942604148287714	-12.374198944635205	1.0
ORTHOSTM003220	1	1.0455163480777416	-12.786776066758495	1.0
ORTHOSTM003222	2	1.1682386661466546	-13.438817127802382	1.0
ORTHOSTM003224	1	1.2613940557768992	-14.359917502253277	0.999
ORTHOSTM003235	1	0.949117706446189	-12.514450445318133	1.0
ORTHOSTM003236	1	1.208794878045918	-13.624895358277236	1.0
ORTHOSTM003240	1	1.0787241137852743	-12.71668870006799	1.0
ORTHOSTM003241	1	1.0389606299812375	-13.325239180547403	1.0
ORTHOSTM000310	1	0.9014127278990326	-14.608218877468637	0.999
ORTHOSTM003247	1	1.158362492532073	-13.588603241597355	1.0
ORTHOSTM003250	1	1.2629278575572378	-13.741464236739239	1.0
ORTHOSTM003265	1	1.0439546815021152	-13.313739452982206	1.0
ORTHOSTM003274	1	1.1502721923811832	-13.489235223387094	1.0
ORTHOSTM003283	1	1.2017000495274992	-13.485840668870974	1.0
ORTHOSTM003291	1	1.2564599261836022	-14.22448074378377	1.0
ORTHOSTM003294	1	1.2780013661479894	-14.624203239706324	1.0
ORTHOSTM003313	1	1.0347303432629176	-12.660037155801975	1.0
ORTHOSTM003315	1	0.9311024645363305	-12.45775104801472	1.0
ORTHOSTM003321	1	0.9465535955108264	-12.720339769400711	0.999
ORTHOSTM000313	1	0.7361248063367403	-13.024804069699618	0.999
ORTHOSTM003324	1	1.202795745604793	-14.29021398800519	1.0
ORTHOSTM003329	1	1.2374367228016785	-13.798178987876542	1.0
ORTHOSTM003332	1	1.1492299368570953	-13.452266809301005	1.0
ORTHOSTM003334	1	1.1358681199162037	-13.764281301882683	1.0
ORTHOSTM003343	1	1.01352493077241	-12.570035319185378	1.0
ORTHOSTM003345	2	1.1277248846036312	-13.132603957102518	1.0
ORTHOSTM003347	1	1.1581794401443088	-13.788800477375185	1.0
ORTHOSTM003349	1	0.9554048546848181	-12.870156647235671	1.0
ORTHOSTM003352	1	1.161790204409085	-13.580913504930793	1.0
ORTHOSTM003361	1	1.0726482006561209	-13.639725006312569	1.0
ORTHOSTM000314	1	0.45116859358835476	-10.584450992767529	1.0
ORTHOSTM003362	1	1.1645960030196731	-13.256067393002988	1.0
ORTHOSTM003370	1	1.2251029917501328	-14.672290178093478	1.0
ORTHOSTM003371	1	1.2639376696967666	-14.55509458706066	1.0
ORTHOSTM003372	1	1.339914163552345	-14.588174335049251	1.0
ORTHOSTM003374	1	1.218164670493743	-14.007573939498977	1.0
ORTHOSTM003376	1	1.4007900119619217	-14.561342733184624	1.0
ORTHOSTM003382	1	1.0661993538544126	-13.675789765041925	1.0
ORTHOSTM003388	2	1.6575047593324272	-15.63216667584158	1.0
ORTHOSTM003393	1	1.2887686224098964	-14.244867319143449	1.0
ORTHOSTM003395	1	1.0639817475857865	-13.763018789741713	0.999
ORTHOSTM000315	2	0.7446355278820223	-12.872564719265357	1.0
ORTHOSTM003400	1	1.0127680443761788	-12.948097912414543	1.0
ORTHOSTM003401	1	1.3610190647473994	-14.242352991708666	1.0
ORTHOSTM003403	2	1.3008679643324121	-13.876752900270855	1.0
ORTHOSTM003405	1	1.1605267768649152	-13.63214685455706	1.0
ORTHOSTM003407	1	1.3001294977922508	-14.366643961311258	1.0
ORTHOSTM003412	1	1.1299482291027312	-13.972911790588514	1.0
ORTHOSTM003414	1	0.8993278900983793	-12.772001490155551	1.0
ORTHOSTM003415	1	0.8386619797466301	-12.21372295740278	1.0
ORTHOSTM003424	1	1.1775271611828124	-13.62397867775224	1.0
ORTHOSTM003425	2	1.0270249341198088	-12.927067733796378	1.0
ORTHOSTM000316	2	0.8516773015635197	-13.416268029200035	1.0
ORTHOSTM003426	1	1.1320125747351493	-14.234924365432818	1.0
ORTHOSTM003431	1	1.2413497862600762	-14.336085233342132	1.0
ORTHOSTM003439	1	1.1898983548228241	-14.098518179198566	1.0
ORTHOSTM003443	1	1.3210825149863075	-14.483733233306094	1.0
ORTHOSTM003449	1	1.0562517404224439	-13.59147438763715	1.0
ORTHOSTM003450	1	1.4185165389065828	-14.99005326330846	1.0
ORTHOSTM003455	1	1.0691515880577727	-13.176057471765004	1.0
ORTHOSTM003457	1	1.0715869767214172	-13.200963311622607	1.0
ORTHOSTM003472	1	1.0793450532396613	-13.342169230616264	1.0
ORTHOSTM003478	1	1.299264133664669	-14.486364110548054	1.0
ORTHOSTM000028	5	3.0468840003833186	-21.976563269281193	0.921
ORTHOSTM000319	4	1.729932425799353	-16.576388240269992	1.0
ORTHOSTM003481	2	1.2838766714534458	-14.25170898461515	1.0
ORTHOSTM003486	1	1.291286041392392	-14.501720590273994	1.0
ORTHOSTM003490	1	0.9222406168411633	-12.519496471544256	1.0
ORTHOSTM003497	1	1.1977328906966922	-13.981508650476437	1.0
ORTHOSTM003498	1	1.0614923187024732	-13.579783187581999	0.999
ORTHOSTM003529	2	1.1420187154020094	-13.129951227649	1.0
ORTHOSTM003548	1	0.9324859977737449	-12.227376675914961	1.0
ORTHOSTM003550	1	0.9443994703105152	-12.51180799649427	1.0
ORTHOSTM003557	1	1.0313380565554755	-13.07747010307542	1.0
ORTHOSTM003563	1	0.9377034894218679	-12.371012600875856	1.0
ORTHOSTM000321	2	1.2173547677926857	-14.98089996947718	1.0
ORTHOSTM003576	1	0.9291489041506786	-12.23673575630332	1.0
ORTHOSTM003581	1	1.043055758084642	-12.862717119075334	1.0
ORTHOSTM003595	1	0.9424101059605011	-12.60959351637545	1.0
ORTHOSTM003596	1	1.176833015347253	-14.176111958653943	1.0
ORTHOSTM003597	1	1.063406183332713	-13.413631050782332	1.0
ORTHOSTM003614	1	1.1715050967192897	-13.559487539513004	1.0
ORTHOSTM003619	1	1.037610421204038	-13.322823354699386	0.999
ORTHOSTM003630	1	1.043860864769958	-13.239157408862798	1.0
ORTHOSTM003636	1	1.1158933287360364	-13.314819309633044	1.0
ORTHOSTM003689	1	1.0468333923528592	-13.068855999542453	1.0
ORTHOSTM000322	2	0.6929135778375956	-12.572414914243181	1.0
ORTHOSTM003690	1	1.1703728335401566	-13.800565093100028	1.0
ORTHOSTM003702	2	1.1504119926910696	-13.128701065296907	1.0
ORTHOSTM003704	1	0.9493193282138809	-12.750420680834159	1.0
ORTHOSTM003706	1	1.171012069490043	-13.74806420417715	1.0
ORTHOSTM003745	1	0.9154473126308145	-12.378845449723254	1.0
ORTHOSTM003749	1	1.048845285804345	-13.315508132560261	1.0
ORTHOSTM003762	1	1.0628362628015509	-13.072617658348976	1.0
ORTHOSTM003781	1	1.1299450560343234	-13.17084207313572	1.0
ORTHOSTM003786	1	1.1332361998739202	-13.54555320030355	1.0
ORTHOSTM003787	1	1.2602788353369037	-13.921576755473707	1.0
ORTHOSTM000329	2	1.0238061992904721	-14.481587499257174	0.999
ORTHOSTM003788	1	1.452608845070933	-14.95647908336376	1.0
ORTHOSTM003790	1	1.2407221515823865	-14.16662596658716	0.999
ORTHOSTM003793	1	1.1435918319209795	-13.295925892861284	1.0
ORTHOSTM003799	1	1.33192458010315	-14.111159903687954	1.0
ORTHOSTM003800	1	1.1314036833925816	-13.156584563801328	1.0
ORTHOSTM003806	1	1.14092557649126	-13.252095289993857	1.0
ORTHOSTM003810	1	0.9119269975117069	-12.388449321865126	1.0
ORTHOSTM003814	1	1.1901516264081746	-13.894144813567792	1.0
ORTHOSTM003824	1	1.0473239214504013	-13.080923428200364	1.0
ORTHOSTM003830	2	1.1761866399937457	-13.40416867924445	1.0
ORTHOSTM000330	2	0.7113590967064344	-12.638975337718346	1.0
ORTHOSTM003838	1	1.0703530174718938	-13.214062404433141	1.0
ORTHOSTM003861	1	1.257038115263492	-13.980481763596952	1.0
ORTHOSTM003868	1	1.040936733623925	-13.005306112668972	1.0
ORTHOSTM003871	1	0.9317453993847618	-12.243582647449356	1.0
ORTHOSTM003886	1	1.1538330606340823	-13.456391238853417	1.0
ORTHOSTM003887	1	1.1551978123166076	-13.374475485629944	1.0
ORTHOSTM003889	1	1.1945975694466096	-13.280139529546078	1.0
ORTHOSTM003891	1	1.1746754698870447	-13.801326976836586	1.0
ORTHOSTM003912	1	1.0426480059040413	-13.092259643498846	1.0
ORTHOSTM003918	1	0.9529853377252157	-12.661590204835703	1.0
ORTHOSTM000332	1	0.741349200248906	-12.977029046379963	1.0
ORTHOSTM003962	1	0.918578100159287	-12.52913953041875	1.0
ORTHOSTM003984	2	1.3674633862135053	-14.073883363442922	1.0
ORTHOSTM003996	1	1.1290886622933298	-13.557181736850328	1.0
ORTHOSTM004014	1	1.1448855370132818	-13.316529738459847	1.0
ORTHOSTM004026	1	1.0895240410401954	-13.479116880381499	1.0
ORTHOSTM004030	1	1.0547519037421293	-13.222377478474405	1.0
ORTHOSTM004039	1	1.1798298686092	-13.323508834812639	1.0
ORTHOSTM004040	1	1.289482310084225	-14.106706514193625	1.0
ORTHOSTM004042	1	1.1731275266130303	-13.663598587993288	1.0
ORTHOSTM004061	1	1.4662695855347723	-15.207550826080114	1.0
ORTHOSTM000333	1	0.5504203209313605	-11.584579624612703	1.0
ORTHOSTM004068	1	1.1939869368358407	-13.992423802316683	1.0
ORTHOSTM004150	1	1.0463968950451297	-12.865057745382938	1.0
ORTHOSTM004156	1	1.1667273605391009	-13.512352892799312	1.0
ORTHOSTM004160	1	1.135198768411188	-13.156507201706248	1.0
ORTHOSTM004197	1	1.2706457948352106	-14.40870653631639	1.0
ORTHOSTM004212	1	1.3053115976913445	-14.661107733023025	1.0
ORTHOSTM004216	1	1.1393228481178728	-13.329245288288401	1.0
ORTHOSTM004240	1	1.0419287778642543	-12.877754411170992	1.0
ORTHOSTM004246	1	1.154648867245617	-13.432692050393145	1.0
ORTHOSTM004248	1	1.2528456598186608	-13.871193595614077	1.0
ORTHOSTM000334	1	1.2745655488882977	-14.937058736569224	1.0
ORTHOSTM004252	1	1.383279523794983	-14.577107228448096	0.999
ORTHOSTM004258	1	1.1846290578309753	-13.94025623518091	1.0
ORTHOSTM004264	1	1.146389392340436	-13.237998501061702	1.0
ORTHOSTM004275	1	0.9542959495360597	-12.627328598757298	1.0
ORTHOSTM004297	1	1.4296334750588595	-15.363740553421408	1.0
ORTHOSTM004298	1	1.3272534682082127	-14.265200385867512	1.0
ORTHOSTM004301	1	1.0614255352481083	-13.467622360719353	1.0
ORTHOSTM004303	1	1.3270280819486648	-14.792621442873676	1.0
ORTHOSTM004306	1	1.0715306856477476	-13.605110287606395	0.999
ORTHOSTM004310	1	1.179574238726181	-14.043367713175238	1.0
ORTHOSTM000336	1	0.6599083795218176	-12.727767195296634	1.0
ORTHOSTM004319	1	1.3439090669162668	-14.248526028944315	1.0
ORTHOSTM004320	1	1.062498619933128	-13.588871993321435	1.0
ORTHOSTM004321	1	1.0474942307098074	-13.460992950046302	1.0
ORTHOSTM004322	1	1.0802174820100343	-13.351182606390969	1.0
ORTHOSTM004324	1	1.1939581329776559	-14.176462511886323	1.0
ORTHOSTM004330	1	1.1878909163610478	-13.652333103075998	1.0
ORTHOSTM004334	1	1.148559427725418	-13.487629008002571	1.0
ORTHOSTM004336	1	1.2706849503012987	-14.16300158093094	1.0
ORTHOSTM004338	1	0.9581942893409053	-12.900030936675321	1.0
ORTHOSTM004342	1	1.1844867684324631	-13.52999803522108	1.0
ORTHOSTM000344	2	0.872151155554778	-12.938248775911305	1.0
ORTHOSTM004344	1	1.18629025933094	-13.51609133574479	1.0
ORTHOSTM004345	1	1.0599265262207345	-13.241064133701103	1.0
ORTHOSTM004351	1	1.0480019944456322	-13.114079994663193	1.0
ORTHOSTM004353	1	1.2648615354545012	-14.042024102574054	1.0
ORTHOSTM004355	1	1.138897577493785	-13.530854820637993	1.0
ORTHOSTM004359	1	1.060899654196597	-13.449989063788108	1.0
ORTHOSTM004362	1	1.1757736793418234	-13.558435478503334	1.0
ORTHOSTM004369	1	0.9416004883765838	-12.625666383128644	1.0
ORTHOSTM004372	1	1.2133379905585746	-13.787369309988796	1.0
ORTHOSTM004378	1	0.9426656287214107	-12.893739962014573	1.0
ORTHOSTM000030	2	2.700990113336748	-20.583303984890666	0.956
ORTHOSTM000345	1	0.6579423196285112	-12.589384297374185	1.0
ORTHOSTM004379	1	1.268948564486473	-14.072465403811961	1.0
ORTHOSTM004383	1	1.257300559680803	-14.133028762976592	1.0
ORTHOSTM004385	1	1.341815369809798	-14.927977290576878	1.0
ORTHOSTM004388	1	1.0290052612087208	-13.414133213676037	1.0
ORTHOSTM004391	1	0.938841051415562	-12.61910042889735	1.0
ORTHOSTM004399	1	1.0574975530858113	-13.598106566321732	1.0
ORTHOSTM004400	1	0.9456039405163491	-12.759955376173007	1.0
ORTHOSTM004402	1	1.267731212435745	-14.161827297283855	1.0
ORTHOSTM004406	1	1.2722884626762265	-14.26931582986373	1.0
ORTHOSTM004407	1	1.1781781858817233	-13.956995580050384	1.0
ORTHOSTM000348	1	0.8197161299027629	-12.882481047357864	1.0
ORTHOSTM004408	1	1.2152338262222264	-14.374320490301415	1.0
ORTHOSTM004409	1	1.1501986145313763	-13.473418232092037	1.0
ORTHOSTM004429	1	1.1955392935864413	-13.988571930980651	1.0
ORTHOSTM004430	1	1.1988454280930212	-14.012047927936173	1.0
ORTHOSTM004462	2	1.2814227404896292	-14.046758461182742	1.0
ORTHOSTM004464	2	1.5091298583570887	-14.692949422868045	1.0
ORTHOSTM004466	2	1.2819196146162186	-13.675192238107202	1.0
ORTHOSTM004469	2	1.4605242495961452	-14.61739755003971	1.0
ORTHOSTM004471	2	1.2808009776412745	-13.910184928993742	1.0
ORTHOSTM004481	2	1.2854125032638526	-13.925406088610172	1.0
ORTHOSTM000349	1	1.0890219832567314	-14.447332636002997	1.0
ORTHOSTM004500	1	1.0429299254157618	-12.86056624248668	1.0
ORTHOSTM004505	1	1.0565572455556602	-13.239937469861037	1.0
ORTHOSTM004507	1	1.036685723135302	-13.09861458001566	1.0
ORTHOSTM004509	1	1.066035948825195	-13.00587812077085	1.0
ORTHOSTM004552	1	1.1800417743733795	-13.905249092522226	1.0
ORTHOSTM004554	1	1.058811376734648	-12.86437412301785	1.0
ORTHOSTM004591	1	1.169506042907772	-13.449909453228193	1.0
ORTHOSTM004594	1	1.2473197205418824	-13.947088477812859	1.0
ORTHOSTM004604	1	1.1612052097184615	-13.685649414917824	1.0
ORTHOSTM004627	1	1.0601669090143078	-13.243386241221511	1.0
ORTHOSTM000352	1	0.5501067121585677	-11.588371602863283	1.0
ORTHOSTM004672	1	1.032071357568218	-13.109735339076265	1.0
ORTHOSTM004697	1	1.312435729283603	-14.572918084663604	1.0
ORTHOSTM004741	1	1.25454853620882	-13.710407597916854	1.0
ORTHOSTM004748	1	1.257538367269303	-13.960676353839016	1.0
ORTHOSTM004766	1	1.2683090885362942	-13.783738836286156	1.0
ORTHOSTM004768	1	1.0754945548307584	-13.143104917974036	1.0
ORTHOSTM004772	1	1.054273533268815	-12.875573644813567	1.0
ORTHOSTM004796	1	1.269534511761382	-13.866441941548102	1.0
ORTHOSTM004828	1	1.1791986790749214	-13.650836901729901	1.0
ORTHOSTM004847	1	1.3057574831579002	-14.335867994507748	1.0
ORTHOSTM000353	1	1.106960502004936	-14.367095063034656	1.0
ORTHOSTM004897	1	1.1894242649171847	-13.775930737038312	1.0
ORTHOSTM005000	1	1.1756317125954363	-13.661547333301685	1.0
ORTHOSTM005399	1	1.3850796183241358	-14.73634021472901	1.0
ORTHOSTM005400	1	1.184569569928212	-13.905554948162141	1.0
ORTHOSTM005412	1	1.178096959155629	-13.919174316616054	1.0
ORTHOSTM005418	1	1.1951184169143436	-14.044203745397413	1.0
ORTHOSTM005424	1	1.1989975798726393	-14.025640906323439	1.0
ORTHOSTM005430	1	1.1883434944649358	-13.887069527432594	1.0
ORTHOSTM005437	1	1.1838039600789476	-13.886647634009398	1.0
ORTHOSTM005439	1	1.414275671093919	-15.144041473543153	1.0
ORTHOSTM000358	2	0.6675612960447851	-11.56326369453869	1.0
ORTHOSTM005443	1	1.3178831549994332	-14.57040743245528	1.0
ORTHOSTM005444	1	1.319196333178142	-14.04658396010975	1.0
ORTHOSTM005446	1	1.0574613862329925	-13.380903961365266	1.0
ORTHOSTM005474	1	1.047976107642397	-13.113337801733655	1.0
ORTHOSTM005484	1	1.1779918899961392	-13.684863623725871	1.0
ORTHOSTM005503	1	1.253797987458429	-14.018419346739813	1.0
ORTHOSTM005536	1	1.2635997692784386	-14.08063780056946	1.0
ORTHOSTM005539	1	1.2908593598026663	-14.151102776770534	0.999
ORTHOSTM005541	1	1.3042448715849633	-14.091873239047382	1.0
ORTHOSTM005544	1	1.3318182110831935	-14.706080135971737	1.0
ORTHOSTM000359	3	1.7527975773315232	-16.424960905119345	0.997
ORTHOSTM005547	2	1.5765937067547864	-15.218946243868242	1.0
ORTHOSTM005551	1	1.1659847290909708	-13.861991449759913	1.0
ORTHOSTM005556	1	1.4376633726725965	-15.074254820667113	1.0
ORTHOSTM005568	1	1.2714854445510066	-14.03391578545273	1.0
ORTHOSTM005576	1	1.1822129145291684	-13.897960206799167	1.0
ORTHOSTM005578	1	1.3068112114605746	-14.285024282804981	1.0
ORTHOSTM005580	1	1.4434392307036261	-14.691525678420867	1.0
ORTHOSTM005581	1	1.455762359074645	-14.735677666752526	1.0
ORTHOSTM005582	1	1.3122083696105857	-14.53853823213507	0.999
ORTHOSTM005648	2	1.4177885355586162	-14.408442595233517	0.999
ORTHOSTM000361	2	0.6369677309419505	-12.257204055674329	1.0
ORTHOSTM005700	1	1.176188058884751	-13.680563307092092	1.0
ORTHOSTM005842	1	1.4194238618882946	-14.520354480448809	1.0
ORTHOSTM005852	1	1.171850250740972	-13.444824536295052	1.0
ORTHOSTM006435	1	1.3209955166720941	-14.43617773004061	1.0
ORTHOSTM006481	1	1.3251810705131197	-14.415512566187829	1.0
ORTHOSTM006499	1	1.1805245664954154	-13.681184074426824	1.0
ORTHOSTM006599	1	1.1906360985815416	-13.819969288345046	1.0
ORTHOSTM006667	1	1.4461593091367515	-15.059200505438739	1.0
ORTHOSTM006669	1	1.2040145699216258	-13.953212829775467	1.0
ORTHOSTM006684	1	1.3070796455267912	-14.223351672028002	1.0
ORTHOSTM000364	1	1.0512407773902008	-13.644767694251696	1.0
ORTHOSTM006690	1	1.1743331279233733	-13.694517791322776	1.0
ORTHOSTM006732	1	1.3774086684170326	-14.45424996189832	1.0
ORTHOSTM006838	1	1.3123224332712045	-14.213653950060632	1.0
ORTHOSTM000365	1	0.6004528631382731	-11.651656522887752	1.0
ORTHOSTM000032	6	2.4439410023278696	-20.596404187217587	0.977
ORTHOSTM000367	1	0.7845366144527235	-13.660863885504714	1.0
ORTHOSTM000375	1	0.7758786350301596	-13.322732030040045	1.0
ORTHOSTM000377	2	0.7841170587602959	-12.45041683047106	1.0
ORTHOSTM000379	2	0.7047238121790129	-12.605288323169818	1.0
ORTHOSTM000381	2	0.9129102711514756	-13.377075337924062	1.0
ORTHOSTM000382	1	0.5837524303642715	-11.837929411439315	1.0
ORTHOSTM000383	1	0.797149561107351	-12.459637937614277	1.0
ORTHOSTM000384	2	0.7133749982896488	-13.01028007713711	1.0
ORTHOSTM000386	2	0.5650641485013379	-11.083482200470666	1.0
ORTHOSTM000388	2	0.9331201292642142	-13.943545633970857	1.0
ORTHOSTM000033	4	1.4324079661954545	-18.677743775619433	0.994
ORTHOSTM000389	1	0.7590846784806605	-12.561007439666184	1.0
ORTHOSTM000399	2	0.873274388746894	-13.432509408259824	0.999
ORTHOSTM000401	2	0.9364043498721211	-14.043993010025243	0.999
ORTHOSTM000403	1	0.9179756740675454	-13.361917001009786	1.0
ORTHOSTM000405	1	0.7443746413790441	-12.432885716474596	1.0
ORTHOSTM000409	2	1.0667351517142107	-14.392923551656066	0.999
ORTHOSTM000410	2	0.7428551214706928	-12.341177163665172	1.0
ORTHOSTM000412	2	0.7243444277959672	-12.010678073346428	1.0
ORTHOSTM000413	2	1.4415697951450082	-15.062140122475268	1.0
ORTHOSTM000414	2	0.8078044258976126	-12.538490268014527	1.0
ORTHOSTM000035	1	1.0626978588533862	-17.444883744320933	0.991
ORTHOSTM000415	1	0.9806195938178159	-13.822078065514464	1.0
ORTHOSTM000416	1	0.7010645980222904	-12.470608970983	1.0
ORTHOSTM000417	1	0.7138193965599021	-12.714684114856816	1.0
ORTHOSTM000425	2	0.6785909863964694	-11.868659551138752	1.0
ORTHOSTM000426	1	1.064691816971215	-14.704921027120056	1.0
ORTHOSTM000427	1	0.8562839429437584	-13.261417679504456	1.0
ORTHOSTM000429	1	1.1275039464984544	-14.36557036351796	1.0
ORTHOSTM000435	1	1.1466600744293522	-15.233077510579097	1.0
ORTHOSTM000436	1	0.8782867172700016	-13.468190477203896	1.0
ORTHOSTM000438	3	1.4210948472060956	-15.410809189092804	1.0
ORTHOSTM000037	6	2.757586992046041	-21.265252620626487	0.96
ORTHOSTM000439	2	1.309990889202745	-14.466780346320512	1.0
ORTHOSTM000440	1	0.782142698817298	-12.900779189762575	1.0
ORTHOSTM000441	1	0.6681301017009393	-12.069950899239558	1.0
ORTHOSTM000443	1	0.7543833160760391	-12.727191427016471	1.0
ORTHOSTM000452	1	0.9166936037490707	-13.124503760674838	1.0
ORTHOSTM000453	1	1.140943741943708	-14.268195054369718	1.0
ORTHOSTM000454	1	0.6444624062689978	-11.854284652116469	1.0
ORTHOSTM000459	2	0.8944021318621277	-12.869081611576231	1.0
ORTHOSTM000460	1	0.7791178779898831	-12.550270952001583	1.0
ORTHOSTM000463	1	0.7531947724299529	-12.714812069157455	1.0
ORTHOSTM000038	3	2.1553025209171026	-20.30561096855581	0.965
ORTHOSTM000465	2	0.9511340372576574	-13.919237314680364	1.0
ORTHOSTM000470	1	0.7239122344369624	-12.668806286034496	1.0
ORTHOSTM000471	1	0.8561426059389939	-12.561714086010555	1.0
ORTHOSTM000476	1	0.7863185266344987	-12.815839327176352	1.0
ORTHOSTM000478	1	0.6316846094702653	-11.9444667663982	1.0
ORTHOSTM000479	1	0.8582340877356234	-12.981533362309344	1.0
ORTHOSTM000480	1	1.0003634238436085	-13.74451018631393	0.999
ORTHOSTM000482	1	0.7929293449900555	-12.814898841281034	1.0
ORTHOSTM000483	1	0.6876803314015227	-12.08451655549295	1.0
ORTHOSTM000484	1	1.0498274234883196	-13.444351542562034	1.0
ORTHOSTM000008	5	2.5179334904777155	-22.228929412424172	0.892
ORTHOSTM000040	2	1.8279077378365733	-19.10221878196321	0.972
ORTHOSTM000485	1	0.598066410338092	-11.28118329431648	1.0
ORTHOSTM000486	1	0.7625174838075481	-12.68961503670748	1.0
ORTHOSTM000488	1	1.1003855155940516	-14.687184518820633	0.999
ORTHOSTM000499	1	0.6715077810065418	-11.711137550828338	1.0
ORTHOSTM000500	1	0.4489480758464239	-10.497504005906663	1.0
ORTHOSTM000503	1	1.0320478655586067	-13.719430839472059	1.0
ORTHOSTM000505	1	0.7255740263731695	-11.602368186372422	1.0
ORTHOSTM000506	1	0.6023261357745796	-12.206052018344751	1.0
ORTHOSTM000507	1	1.066449918961656	-14.711934116123063	1.0
ORTHOSTM000509	1	0.5902493180595247	-12.526406237573466	1.0
ORTHOSTM000042	1	0.9043949595220366	-16.951601340014825	0.991
ORTHOSTM000512	2	0.7538169984877868	-12.340445204619954	1.0
ORTHOSTM000517	2	0.7649797010767189	-12.763439826802992	1.0
ORTHOSTM000519	1	0.9543250820548479	-13.47461807576577	1.0
ORTHOSTM000524	1	0.9300380196443493	-13.441123349584704	1.0
ORTHOSTM000525	1	1.0433547876140836	-13.850569206272542	1.0
ORTHOSTM000530	2	1.9055735891365853	-15.972890936419903	1.0
ORTHOSTM000542	1	0.7628570135995714	-12.54413413529473	1.0
ORTHOSTM000543	1	0.9807142013316407	-12.892218381425518	1.0
ORTHOSTM000544	2	1.3364487545770578	-15.022946060611657	1.0
ORTHOSTM000545	1	0.9869182170969468	-14.107214377325455	1.0
ORTHOSTM000044	3	1.5666303233514973	-18.915119592638934	0.981
ORTHOSTM000547	2	1.151113976134602	-14.141685656429097	1.0
ORTHOSTM000551	1	0.69521732838142	-12.003488751647291	1.0
ORTHOSTM000553	1	0.9043429498896709	-13.49364674751152	1.0
ORTHOSTM000554	1	0.9001696621337805	-12.92743740442856	1.0
ORTHOSTM000555	1	0.8116847888932279	-13.240732977505731	1.0
ORTHOSTM000558	1	0.7554049254486096	-12.019621053838613	1.0
ORTHOSTM000560	1	0.8550933761508016	-13.289216122755048	1.0
ORTHOSTM000563	1	0.8952887076202026	-12.821851975726522	1.0
ORTHOSTM000565	1	0.9285599299675574	-13.090260624173837	1.0
ORTHOSTM000577	1	1.1538565037027153	-14.884128272428528	1.0
ORTHOSTM000049	1	0.7499180450551418	-16.275127493924415	0.996
ORTHOSTM000578	1	0.5890108324314682	-11.303996055384488	1.0
ORTHOSTM000585	1	0.9378522187136968	-13.111708598784487	1.0
ORTHOSTM000586	1	0.8413825519177025	-12.981886801776263	1.0
ORTHOSTM000588	1	0.42582311133655726	-10.557177001247762	1.0
ORTHOSTM000589	1	0.8482789996856137	-12.584097088671262	1.0
ORTHOSTM000592	1	1.493664421291924	-15.762628351248894	0.999
ORTHOSTM000595	2	1.1387151550447112	-14.004937234052637	1.0
ORTHOSTM000596	1	0.5919000561022683	-11.391760147167288	1.0
ORTHOSTM000597	1	0.8314246720184696	-12.914657251939124	1.0
ORTHOSTM000598	1	0.9310299486218522	-12.948204027262248	1.0
ORTHOSTM000051	4	1.9308677040455324	-19.510986239886464	0.988
ORTHOSTM000603	2	1.0503306469139706	-13.501135868298576	1.0
ORTHOSTM000606	3	1.2552755982960375	-13.99671310567676	1.0
ORTHOSTM000608	1	1.006207521763794	-13.99719677167665	1.0
ORTHOSTM000611	1	0.7979330088916617	-12.365158079906516	1.0
ORTHOSTM000612	1	1.071178197003109	-13.896127214530642	1.0
ORTHOSTM000616	1	1.610040839212266	-15.681182415720698	1.0
ORTHOSTM000618	1	0.822436281432488	-13.524611658843689	1.0
ORTHOSTM000629	1	0.8545486248267345	-13.220674091394171	1.0
ORTHOSTM000633	2	1.3361861474877268	-15.297714459999252	1.0
ORTHOSTM000634	1	0.8573424951182539	-12.196083808613926	1.0
ORTHOSTM000057	4	2.6418291916275276	-20.397589570394405	0.969
ORTHOSTM000636	1	0.9937851247445159	-13.480488204419851	1.0
ORTHOSTM000638	1	1.0486614177059166	-14.070166351219784	1.0
ORTHOSTM000640	1	1.1689298365798992	-14.142119355045182	1.0
ORTHOSTM000641	1	0.42577776000977385	-10.697812087346009	1.0
ORTHOSTM000642	1	0.7586216142015749	-12.25634177135755	1.0
ORTHOSTM000654	5	1.3240876054289656	-14.332676902805897	1.0
ORTHOSTM000655	1	0.8045445400895901	-12.273625602406995	1.0
ORTHOSTM000656	2	0.8093102162948675	-12.652999430047739	1.0
ORTHOSTM000657	2	0.7268871237052968	-12.54776116839412	1.0
ORTHOSTM000660	1	0.5524969938691828	-11.27455414373171	1.0
ORTHOSTM000058	2	1.4122154122600805	-18.315436001012007	0.987
ORTHOSTM000661	1	0.5796371844607404	-11.280815315863734	1.0
ORTHOSTM000662	1	0.8169822304902822	-12.732356483373287	1.0
ORTHOSTM000664	2	1.2408780060615148	-14.637944685620916	1.0
ORTHOSTM000669	1	0.9773917772514215	-13.173452861236463	1.0
ORTHOSTM000678	1	1.0047458446471953	-13.603991395072079	1.0
ORTHOSTM000689	1	0.6935663628780369	-12.149018166159957	1.0
ORTHOSTM000690	1	1.0243731449583648	-13.39041400964464	1.0
ORTHOSTM000693	1	0.6004623410390373	-11.804829253082357	1.0
ORTHOSTM000695	1	0.7756520340636405	-12.0537463358251	1.0
ORTHOSTM000696	1	0.5296020428564077	-10.69074173721694	1.0
ORTHOSTM000060	2	1.0071862618538132	-16.67883375799218	0.992
ORTHOSTM000697	1	0.9132747863082151	-13.478307224669356	1.0
ORTHOSTM000698	2	1.1317112377348113	-13.7881182663287	1.0
ORTHOSTM000699	1	0.9133999940638556	-13.104556936586553	1.0
ORTHOSTM000700	2	0.9373280251674246	-13.061476863921312	1.0
ORTHOSTM000703	1	0.6548365350853396	-11.723040206687564	1.0
ORTHOSTM000704	1	0.7718564108333235	-12.575227880705125	1.0
ORTHOSTM000705	1	0.6693908992710894	-12.414834210077588	1.0
ORTHOSTM000708	1	0.9855659771926379	-13.526245288854852	1.0
ORTHOSTM000709	1	0.8834133095692605	-12.928138552497323	1.0
ORTHOSTM000710	1	0.7493624875942791	-11.609248225568276	1.0
ORTHOSTM000061	2	0.4492440046809649	-13.403437332064158	1.0
ORTHOSTM000711	1	1.032544172153233	-13.325914591289456	1.0
ORTHOSTM000713	1	0.7600981672515067	-11.936185837960869	1.0
ORTHOSTM000718	2	1.075685426754743	-13.323927308256645	1.0
ORTHOSTM000719	2	0.7368487660195493	-12.223731175829629	1.0
ORTHOSTM000722	2	1.1638495502891264	-14.015658692232723	1.0
ORTHOSTM000723	1	0.8042901836406904	-12.788686239066948	1.0
ORTHOSTM000725	1	0.768034215155501	-13.33345405949789	1.0
ORTHOSTM000726	1	0.7172527960883119	-11.917693738161253	1.0
ORTHOSTM000727	2	0.7798394319400974	-12.409032416624799	1.0
ORTHOSTM000728	1	0.8327031493398704	-11.761787663957895	1.0
ORTHOSTM000065	2	1.3818362257638608	-18.564057621464965	0.988
ORTHOSTM000729	1	0.9303274343207238	-12.752730044147066	1.0
ORTHOSTM000730	1	0.5917031523682422	-10.96927575365991	1.0
ORTHOSTM000731	1	0.8691299870606718	-12.353032544390757	1.0
ORTHOSTM000732	1	0.5635921773759901	-11.243916860534624	1.0
ORTHOSTM000733	1	0.7409256498331452	-12.075360805412828	1.0
ORTHOSTM000734	1	1.33375461279592	-14.341702854931945	1.0
ORTHOSTM000735	1	0.8740509737526045	-12.557928866833736	1.0
ORTHOSTM000736	1	0.9151252853279966	-12.595131665619759	1.0
ORTHOSTM000738	1	0.9723684708988933	-13.543268593586022	1.0
ORTHOSTM000743	1	0.8460760897810551	-12.850342937949572	1.0
ORTHOSTM000011	8	3.8912580735774895	-23.7554986623528	0.835
ORTHOSTM000067	2	0.7216325368260204	-15.349594498163412	0.999
ORTHOSTM000745	1	0.9191616673867707	-13.423455029653416	1.0
ORTHOSTM000746	1	1.5039378974307551	-14.760165016071301	1.0
ORTHOSTM000754	1	1.4619003904875265	-15.312040923671749	1.0
ORTHOSTM000759	3	1.6702055283148316	-16.777177471740877	0.997
ORTHOSTM000761	1	1.0283373501222213	-14.297151942107314	1.0
ORTHOSTM000763	1	0.7411466817494996	-12.663312596870004	1.0
ORTHOSTM000766	1	0.7828256897983521	-12.071998382715593	1.0
ORTHOSTM000767	2	0.8163152973162837	-12.330770893117723	1.0
ORTHOSTM000768	1	1.0386257207759981	-14.367597695238247	1.0
ORTHOSTM000769	1	0.7530153519646094	-12.520960804215015	1.0
ORTHOSTM000069	4	1.3875925508514868	-17.926645279739382	0.996
ORTHOSTM000772	1	0.8695368977128095	-12.933234834821885	1.0
ORTHOSTM000773	1	0.5816855334186027	-11.446201019987338	1.0
ORTHOSTM000777	1	0.9910281961985742	-13.71023102555987	1.0
ORTHOSTM000783	1	0.7712589484162732	-12.095485348419814	1.0
ORTHOSTM000784	1	0.5663401328413169	-11.575329696886199	1.0
ORTHOSTM000787	1	0.6346124566738929	-11.389244076064461	1.0
ORTHOSTM000788	1	0.9566886364901546	-12.805174418590678	1.0
ORTHOSTM000791	3	1.179937580225433	-13.567423877824876	1.0
ORTHOSTM000792	2	1.0815470599667762	-13.630145464214374	1.0
ORTHOSTM000794	2	0.8749111662168584	-12.40092533858036	1.0
ORTHOSTM000070	2	1.039227894025437	-16.391956243675892	0.993
ORTHOSTM000795	2	0.9064646258642135	-12.801439980090683	1.0
ORTHOSTM000796	2	0.7877799385344412	-12.107470231758429	1.0
ORTHOSTM000797	2	1.0368780250232055	-13.190832928269106	1.0
ORTHOSTM000798	2	0.7339507846089258	-11.877643659508788	1.0
ORTHOSTM000801	1	0.7534677261194045	-12.52783857681144	1.0
ORTHOSTM000804	1	0.8398844750160032	-13.279942127537824	1.0
ORTHOSTM000805	1	1.0525438757001413	-13.10657348404341	1.0
ORTHOSTM000807	1	0.5127719953190638	-10.759540809062692	1.0
ORTHOSTM000810	1	0.9219265171453361	-12.620761274065677	1.0
ORTHOSTM000811	1	0.4874365180331402	-10.170789628872303	1.0
ORTHOSTM000071	3	0.9883985499475028	-16.227605177232924	0.999
ORTHOSTM000815	1	1.2387955069006094	-14.628770255193928	1.0
ORTHOSTM000816	1	0.6792329230771812	-12.075588236944249	1.0
ORTHOSTM000817	1	0.690533056982952	-12.139031110588594	1.0
ORTHOSTM000819	1	0.9091964444551047	-12.666110578525187	1.0
ORTHOSTM000820	1	0.7799808184252236	-12.345899310589095	1.0
ORTHOSTM000821	1	0.8891281645572975	-13.273226069844785	1.0
ORTHOSTM000822	1	0.9848947939752782	-13.131891160092414	1.0
ORTHOSTM000823	1	0.9787005431920028	-13.420314174908246	1.0
ORTHOSTM000826	1	1.578434488591164	-15.959285326668386	1.0
ORTHOSTM000829	1	0.8778264405995106	-12.608270246722098	1.0
ORTHOSTM000072	2	1.0071938787132901	-16.95135364840446	0.995
ORTHOSTM000831	1	1.3504331633269862	-14.430541457997323	1.0
ORTHOSTM000832	2	1.2828278084754425	-14.360746326063627	1.0
ORTHOSTM000854	1	0.6762097483007022	-11.874580154024667	1.0
ORTHOSTM000858	1	0.9228622057950376	-12.631465272868802	1.0
ORTHOSTM000859	2	0.8259846365391067	-13.182466906293074	0.999
ORTHOSTM000860	1	0.6837856017086322	-12.240557897526399	1.0
ORTHOSTM000862	1	0.9198089192344434	-12.607494918585479	1.0
ORTHOSTM000864	2	0.8338185293525829	-12.795972348991274	1.0
ORTHOSTM000869	1	0.8231629018455947	-12.312667493512263	1.0
ORTHOSTM000873	1	0.7958784730681727	-12.217599248608714	1.0
ORTHOSTM000073	1	0.7497808417241709	-15.721693747372878	0.999
ORTHOSTM000879	2	1.2806120782166939	-14.543875214685764	1.0
ORTHOSTM000881	2	1.0859293544658444	-13.453053225636797	1.0
ORTHOSTM000882	2	0.8991185221552513	-13.2801458469767	1.0
ORTHOSTM000885	1	0.7385072541254208	-11.516033370366701	1.0
ORTHOSTM000887	1	0.7590389412805547	-12.032966010698727	1.0
ORTHOSTM000888	1	0.7622181535014241	-12.110724277418244	1.0
ORTHOSTM000891	1	0.6403201530450416	-11.876656829115465	1.0
ORTHOSTM000892	1	0.5444293123560477	-10.826524368833162	1.0
ORTHOSTM000893	1	0.780043579561899	-12.090365032551013	1.0
ORTHOSTM000894	1	0.8282430897925187	-12.293650303289347	1.0
ORTHOSTM000074	3	2.2839355338561282	-19.92574082322466	0.974
ORTHOSTM000896	1	0.7064507944490809	-11.770912712945767	1.0
ORTHOSTM000898	1	0.7500085231152753	-11.522654594092307	1.0
ORTHOSTM000899	1	0.785890058733876	-11.381174661714141	1.0
ORTHOSTM000900	1	0.8657198371337828	-12.167371861647737	1.0
ORTHOSTM000908	1	0.8333526739674884	-12.81434191948295	1.0
ORTHOSTM000912	1	0.9909701839869084	-13.507648040770588	1.0
ORTHOSTM000914	1	1.069882128048846	-13.972143739681439	1.0
ORTHOSTM000929	1	1.0811675754874874	-14.22240553335718	1.0
ORTHOSTM000930	2	0.8459624016310672	-12.187843411764772	1.0
ORTHOSTM000934	1	0.7454682847696227	-12.518304485547548	1.0
ORTHOSTM000079	4	4.946353058203081	-22.88760630813207	0.847
ORTHOSTM000935	2	1.012424069962819	-13.736752266474488	1.0
ORTHOSTM000938	1	0.44863491416563345	-9.764362103417305	1.0
ORTHOSTM000940	1	1.0549804581158946	-13.579329008647854	1.0
ORTHOSTM000944	1	0.9044339792675402	-12.773733556452086	1.0
ORTHOSTM000947	1	0.725497745789466	-12.186969514575349	1.0
ORTHOSTM000948	1	1.1177244333142902	-14.513960601915448	0.999
ORTHOSTM000949	1	0.9632276544832478	-13.161829672859923	1.0
ORTHOSTM000950	1	0.6149755119563494	-10.750114160865657	1.0
ORTHOSTM000951	1	0.7280599174619183	-12.812202581982735	1.0
ORTHOSTM000953	1	0.901730178325854	-12.300765356402945	1.0
ORTHOSTM000080	2	0.7603333424443269	-15.136696286880175	1.0
ORTHOSTM000955	1	0.9689778272676065	-13.635809595124073	1.0
ORTHOSTM000959	1	0.7782753147157767	-12.556002034914952	1.0
ORTHOSTM000961	1	0.8915722874275006	-12.740574800294802	1.0
ORTHOSTM000963	2	1.18040936943704	-14.497984192981761	1.0
ORTHOSTM000964	1	1.083596004853748	-13.720737331265424	1.0
ORTHOSTM000965	2	1.2979734717046822	-14.808711605008785	1.0
ORTHOSTM000966	2	0.873521925792001	-12.558875430493842	1.0
ORTHOSTM000967	2	1.082155594876101	-13.061079879865575	1.0
ORTHOSTM000969	2	0.943364943522796	-12.861686932121028	1.0
ORTHOSTM000970	2	0.7963820951590882	-12.337322935128942	1.0
ORTHOSTM000082	2	1.5587056777041437	-18.38018421345458	0.982
ORTHOSTM000971	2	1.7662914091542663	-15.662496756727553	1.0
ORTHOSTM000972	2	0.9113744448624734	-12.505280990473064	1.0
ORTHOSTM000973	2	0.6575803676723277	-10.860232169080103	1.0
ORTHOSTM000975	2	0.5695424662746945	-10.962101040545882	1.0
ORTHOSTM000976	1	0.649224614336677	-10.935525733004061	1.0
ORTHOSTM000977	1	0.840713311367536	-12.556517366877426	1.0
ORTHOSTM000978	1	0.752039840037836	-12.137542781242509	1.0
ORTHOSTM000979	1	0.6049419297716928	-10.832891855256666	1.0
ORTHOSTM000980	1	0.7589824116764969	-11.50590290941605	1.0
ORTHOSTM000981	1	0.6863931284972026	-11.780053535079295	1.0
ORTHOSTM000014	5	5.828522182968839	-25.05158667498057	0.596
ORTHOSTM000083	2	0.8561840451059858	-15.926676090862731	0.995
ORTHOSTM000982	1	0.7497741718218017	-11.499242620779063	1.0
ORTHOSTM000983	1	0.8151882296927204	-12.710444549900952	1.0
ORTHOSTM000987	1	0.8127162670392023	-12.702386090678067	1.0
ORTHOSTM000988	1	0.8486001192631827	-12.030653631460899	1.0
ORTHOSTM000989	1	0.8620318915891543	-12.111770876927874	1.0
ORTHOSTM000992	1	0.6553609425995794	-12.007808246507592	1.0
ORTHOSTM000996	1	0.7166303899993238	-11.419292195376556	1.0
ORTHOSTM000998	1	0.9684807396508888	-12.955891502071404	1.0
ORTHOSTM000999	1	1.3809922646329236	-15.69342161016104	0.999
ORTHOSTM001000	1	0.8006716147657156	-12.18064408748497	1.0
ORTHOSTM000091	3	1.8717341694861171	-19.184701643577696	0.981
ORTHOSTM001002	1	1.0033163168017367	-12.963949694012666	1.0
ORTHOSTM001005	1	1.0529416083086607	-13.07823799975692	1.0
ORTHOSTM001011	1	1.0141330502298183	-13.503039735294895	1.0
ORTHOSTM001013	1	1.0498379479596442	-13.81645882233799	1.0
ORTHOSTM001014	1	0.6218938253006853	-11.224749061366868	1.0
ORTHOSTM001016	1	0.7071130635249981	-11.24665729441609	1.0
ORTHOSTM001017	1	0.8247182429913923	-12.262601881405304	1.0
ORTHOSTM001018	1	0.7959547433849901	-12.16191013901069	1.0
ORTHOSTM001019	1	0.6335873409958424	-11.918618017520428	1.0
ORTHOSTM001020	1	0.9306277766796512	-12.630145822520637	1.0
ORTHOSTM000092	3	1.2163021496004371	-17.342380477280326	0.995
ORTHOSTM001021	1	1.041563886728784	-13.306015661340098	0.999
ORTHOSTM001022	1	0.5914648020262468	-11.19551613546041	1.0
ORTHOSTM001023	1	0.9848998726475809	-13.62772980018514	1.0
ORTHOSTM001026	1	0.7913809791893338	-12.04232816931174	1.0
ORTHOSTM001043	1	0.8328121077893519	-12.152754707842114	1.0
ORTHOSTM001044	2	0.986207117962821	-13.235905328969485	1.0
ORTHOSTM001046	1	0.5965650749251357	-11.273884175959392	1.0
ORTHOSTM001047	1	0.986532458662238	-13.120016965189121	1.0
ORTHOSTM001049	1	1.280381132674945	-14.753682570803996	1.0
ORTHOSTM001053	1	0.8520115562825716	-12.891618550555512	1.0
ORTHOSTM000095	1	0.9531395555453347	-15.872886907863753	0.997
ORTHOSTM001059	1	0.7613310339002726	-11.435852996817928	1.0
ORTHOSTM001061	1	0.8170123110674524	-12.867778343154962	1.0
ORTHOSTM001062	1	0.9804369317679348	-14.315141434876205	1.0
ORTHOSTM001066	1	0.780083011892275	-13.146044207780548	1.0
ORTHOSTM001067	1	0.9495272892991875	-12.401979928262389	1.0
ORTHOSTM001070	1	1.0922686146406064	-13.933137906453478	1.0
ORTHOSTM001071	1	1.1110532710562488	-13.497473277599894	1.0
ORTHOSTM001075	1	0.8678211503058776	-12.208152518406681	1.0
ORTHOSTM001076	1	0.6034193419975153	-11.507181850921977	1.0
ORTHOSTM001079	1	0.7783717886374686	-11.404464061708524	1.0
ORTHOSTM000096	2	1.1218101976726687	-16.81147644096561	0.997
ORTHOSTM001081	2	0.7469380568737334	-12.212124015789609	1.0
ORTHOSTM001087	2	0.7539059624696545	-12.379254416427647	1.0
ORTHOSTM001090	1	0.6958759464628709	-12.374537490374038	1.0
ORTHOSTM001091	1	0.6039437499027197	-11.23125651666161	1.0
ORTHOSTM001093	1	0.6653984938716426	-11.097336081403373	1.0
ORTHOSTM001094	1	0.7412007844016663	-11.342931233534337	1.0
ORTHOSTM001095	1	0.7095538199111663	-11.63998554712754	1.0
ORTHOSTM001098	1	0.7328319785711596	-12.109307741174977	1.0
ORTHOSTM001099	1	0.7289341755104605	-11.959227108912756	1.0
ORTHOSTM001100	1	0.7108623595008072	-12.42891264204479	1.0
ORTHOSTM000097	1	0.7437165510542406	-14.18998792989895	1.0
ORTHOSTM001101	1	0.9585376932065667	-12.799101467199003	1.0
ORTHOSTM001102	1	0.5670854640693631	-10.980863565446258	1.0
ORTHOSTM001103	1	0.9167899731785555	-13.012521837583622	1.0
ORTHOSTM001104	1	0.5053050872043342	-10.484904168242084	1.0
ORTHOSTM001105	1	0.7757041940802123	-11.93508737496445	1.0
ORTHOSTM001106	1	1.0147733709047426	-13.36449945683494	1.0
ORTHOSTM001109	1	0.8324592971048271	-12.063127547468559	1.0
ORTHOSTM001112	1	0.923023979767289	-12.905129323127445	1.0
ORTHOSTM001116	1	0.7045056035511845	-11.49426509391942	1.0
ORTHOSTM001120	1	0.6967672149630593	-11.420508295274903	1.0
ORTHOSTM000098	2	1.0483197509777886	-16.267357991085582	0.994
ORTHOSTM001122	1	0.5464877824559055	-10.408157492296915	1.0
ORTHOSTM001123	1	0.8141726227081223	-12.465577485126003	1.0
ORTHOSTM001125	1	0.590947778603747	-10.828584798089203	1.0
ORTHOSTM001126	1	0.9715504941452602	-13.156741926022116	1.0
ORTHOSTM001128	1	0.7188391606875454	-11.918131354370749	1.0
ORTHOSTM001134	1	0.9553767355396323	-13.429224299010736	1.0
ORTHOSTM001135	1	1.3706902160037293	-14.3465828693345	1.0
ORTHOSTM001140	1	0.8172905122529444	-12.330505738584582	1.0
ORTHOSTM001142	1	0.7257197074904981	-11.23996166589333	1.0
ORTHOSTM001143	1	0.781949291668528	-12.650126644525965	1.0
ORTHOSTM000099	2	2.3809769250003483	-19.16012661929126	0.99
ORTHOSTM001144	1	0.9390238534174787	-13.19215526701886	1.0
ORTHOSTM001146	1	1.0696814450867957	-13.471580853380338	1.0
ORTHOSTM001147	1	0.7616751768407812	-11.641374917025002	1.0
ORTHOSTM001148	1	0.7127803677200191	-12.44142120719594	1.0
ORTHOSTM001149	1	1.0046125963334052	-12.954606290539958	1.0
ORTHOSTM001150	1	0.5911181549746846	-10.98481344202308	1.0
ORTHOSTM001157	1	0.5915203260108266	-10.422467747102461	1.0
ORTHOSTM001158	1	0.8578637745445706	-13.188185174871792	1.0
ORTHOSTM001160	1	0.8310493572090594	-12.299521276547223	1.0
ORTHOSTM001161	1	0.9346428313612479	-13.075674761453946	1.0
ORTHOSTM000105	1	0.8334712266990463	-16.165975570816364	0.997
ORTHOSTM001162	1	0.9448750872735501	-13.09127994916964	1.0
ORTHOSTM001163	1	1.0023847665079524	-12.867405041065796	1.0
ORTHOSTM001166	1	0.9607006674090363	-12.541059955119696	1.0
ORTHOSTM001168	1	0.7124236942778415	-12.04623052709914	1.0
ORTHOSTM001169	1	0.9079592484246279	-12.991017133079875	1.0
ORTHOSTM001172	1	0.9617187776055003	-12.890768936576512	1.0
ORTHOSTM001174	1	0.8095173117155063	-12.466186580809781	1.0
ORTHOSTM001187	1	0.7208625057735994	-12.052154670123809	1.0
ORTHOSTM001192	1	1.0474126717566206	-13.265214297334984	1.0
ORTHOSTM001193	1	0.8905405059287119	-13.182665275003243	1.0
ORTHOSTM000108	2	0.631177962006353	-14.061829959233782	1.0
ORTHOSTM001194	1	1.058681001736791	-13.635293408412863	1.0
ORTHOSTM001195	1	0.7284325163279688	-11.29430938433099	1.0
ORTHOSTM001196	1	0.9309489673224944	-12.567353256379496	1.0
ORTHOSTM001197	1	0.7887335813224843	-12.021326587494467	1.0
ORTHOSTM001198	1	1.2597336555055199	-15.32191285169646	1.0
ORTHOSTM001201	1	0.8475249154218746	-12.671433726416657	1.0
ORTHOSTM001203	1	0.9632373757945628	-12.701505006752493	1.0
ORTHOSTM001205	1	0.9207994719534891	-12.605836583992035	0.999
ORTHOSTM001207	1	0.6402307319695819	-11.342136579817575	1.0
ORTHOSTM001208	1	0.8232603470392226	-12.859379964844821	1.0
ORTHOSTM000016	6	2.8847596554183315	-22.578423678447823	0.896
ORTHOSTM000111	2	0.7076123139060215	-14.612216499088973	1.0
ORTHOSTM001211	1	1.002346135252983	-13.407830835392904	1.0
ORTHOSTM001217	2	1.3592968662241391	-15.087736362380937	0.999
ORTHOSTM001220	2	0.8367222973656674	-12.275513435136235	1.0
ORTHOSTM001221	1	1.1075395365205825	-13.775319076991694	1.0
ORTHOSTM001222	1	0.8217057273643881	-12.303501275793169	1.0
ORTHOSTM001225	1	1.0230886226530622	-12.79411275358083	1.0
ORTHOSTM001230	1	1.098584195278921	-14.082556816718839	1.0
ORTHOSTM001236	1	0.8396290646537884	-12.489117817939459	1.0
ORTHOSTM001237	1	0.7077470708001385	-11.810748929822838	1.0
ORTHOSTM001239	1	1.110837962108429	-13.997696843690926	1.0
ORTHOSTM000113	2	0.8539670095700977	-15.02514241362256	0.998
ORTHOSTM001241	2	1.1191613917427918	-13.559932095511174	1.0
ORTHOSTM001242	1	0.5879388995551256	-10.651227815513709	1.0
ORTHOSTM001246	2	0.7473883420545298	-11.653890047810034	1.0
ORTHOSTM001248	2	0.7539042330673646	-11.3240647806837	1.0
ORTHOSTM001250	1	0.7716995073356837	-11.563552634465415	1.0
ORTHOSTM001251	2	1.0106986865784156	-13.773407249005906	0.999
ORTHOSTM001252	2	0.7729230963177312	-12.040421803613965	1.0
ORTHOSTM001254	2	1.169530470703369	-13.632016412136792	1.0
ORTHOSTM001255	2	0.8486892740837966	-12.66056129601883	1.0
ORTHOSTM001256	2	1.1119370100488497	-13.171421646225165	1.0
ORTHOSTM000118	2	1.043387462063749	-16.135654894269937	0.996
ORTHOSTM001257	2	1.086245182286327	-12.80262918117104	1.0
ORTHOSTM001258	2	1.0142778220847102	-12.59220515797839	1.0
ORTHOSTM001259	2	0.7210437661175856	-11.264629155473354	1.0
ORTHOSTM001260	2	1.1312182548276415	-13.18573798522718	1.0
ORTHOSTM001262	1	0.7059661501147764	-11.696258202994327	1.0
ORTHOSTM001263	1	0.8949167745466327	-12.55263338020107	1.0
ORTHOSTM001264	1	0.7827086740405703	-12.315889139601968	1.0
ORTHOSTM001265	1	0.890770894470357	-12.250264231094759	1.0
ORTHOSTM001269	1	0.7932157262544	-11.768049915549584	1.0
ORTHOSTM001270	1	1.1095632863050477	-13.935965264555792	1.0
ORTHOSTM000119	3	1.317729902748258	-16.921758011650127	0.999
ORTHOSTM001274	1	0.8089515876172346	-12.245405817737565	1.0
ORTHOSTM001275	1	0.8040757815312608	-12.099589652424601	1.0
ORTHOSTM001276	1	0.8907354627651397	-12.126216966105526	1.0
ORTHOSTM001278	1	0.7596800858318473	-11.805205935891294	1.0
ORTHOSTM001282	1	0.8644567511860827	-12.461755263264271	1.0
ORTHOSTM001283	1	1.153218068996095	-13.885998963345711	1.0
ORTHOSTM001285	1	0.9634765554503071	-13.121065433564215	1.0
ORTHOSTM001287	1	0.8995620089502435	-12.164394790986576	1.0
ORTHOSTM001288	1	1.265267737090497	-14.808701815855862	0.999
ORTHOSTM001290	1	0.7948624995627829	-12.178625108211458	1.0
ORTHOSTM000120	3	1.7396743410279836	-17.39271644638201	0.997
ORTHOSTM001291	1	0.9338175391447829	-13.214546555006486	1.0
ORTHOSTM001292	1	0.9400661330981902	-12.454878058546676	1.0
ORTHOSTM001293	1	1.1064602795036678	-13.662891662284023	1.0
ORTHOSTM001297	1	1.082491457281586	-13.289597398382929	1.0
ORTHOSTM001299	1	0.8342313288567133	-13.166541132565152	1.0
ORTHOSTM001300	1	0.5583736809361853	-10.298788072416388	1.0
ORTHOSTM001304	1	0.6584084056751768	-10.70402971143527	1.0
ORTHOSTM001307	1	0.63313374185255	-11.57230819162379	1.0
ORTHOSTM001309	1	0.756089812630773	-11.898757238495383	1.0
ORTHOSTM001310	1	0.7905210752986214	-12.82412625075033	1.0
ORTHOSTM000123	1	0.8194484132820443	-14.838144753098264	1.0
ORTHOSTM001311	1	0.6844814934140179	-11.626429161056624	1.0
ORTHOSTM001312	1	0.7726142359537931	-12.363862416147093	1.0
ORTHOSTM001313	1	1.2010211447313732	-14.47002161240672	1.0
ORTHOSTM001315	1	1.1719598704640424	-13.775041920197252	1.0
ORTHOSTM001316	1	0.7605110742035476	-12.06151436439192	1.0
ORTHOSTM001318	1	0.9452295835982408	-12.233233930924952	1.0
ORTHOSTM001319	1	0.9105127365806805	-11.841140017995752	1.0
ORTHOSTM001320	1	0.7617014739736101	-12.627268326605828	1.0
ORTHOSTM001322	1	0.5938589473191711	-10.84918078100927	1.0
ORTHOSTM001323	1	0.8400944473007624	-11.921026488868751	1.0
ORTHOSTM000126	1	0.8878973288805757	-14.911165369015933	0.999
ORTHOSTM001324	1	0.7940580394893256	-12.569604423615425	1.0
ORTHOSTM001325	1	0.7452249067900564	-11.91102981993256	1.0
ORTHOSTM001326	1	1.1236302345977958	-13.862028139062996	1.0
ORTHOSTM001327	1	0.8048577804951156	-11.38852964520801	1.0
ORTHOSTM001328	1	0.6684047659257502	-11.82311056764062	1.0
ORTHOSTM001329	1	1.0174904011863533	-13.32910679231825	1.0
ORTHOSTM001330	1	0.9285860221913761	-12.128689873261518	1.0
ORTHOSTM001331	1	0.7496793450814625	-11.063917708475298	1.0
ORTHOSTM001332	1	1.0222931575128567	-12.594436331550714	1.0
ORTHOSTM001333	1	0.9107154191912249	-12.668025040884364	1.0
ORTHOSTM000130	3	1.2608637998142405	-16.552180672380242	0.997
ORTHOSTM001334	1	0.9821658103559628	-12.729471079267189	1.0
ORTHOSTM001335	1	0.7463652212356666	-11.601122968446923	1.0
ORTHOSTM001336	1	1.0637060582449838	-13.463896685615168	1.0
ORTHOSTM001337	1	0.8677191528728152	-12.150155913880551	1.0
ORTHOSTM001338	1	0.9198805628591326	-12.724236186240992	1.0
ORTHOSTM001339	1	0.6578829529365771	-11.396796555608635	1.0
ORTHOSTM001341	1	0.8051859063292558	-12.50738834827068	1.0
ORTHOSTM001351	1	1.1459047442315053	-13.795855205240374	1.0
ORTHOSTM001358	1	1.284527029405375	-13.900925653831395	1.0
ORTHOSTM001359	1	0.6774475892847494	-11.694945093842371	1.0
ORTHOSTM000131	2	0.5924895990819484	-14.454499051747273	1.0
ORTHOSTM001360	1	0.6847675971228668	-10.960226773462429	1.0
ORTHOSTM001361	2	1.3014225083073536	-13.564907537254133	1.0
ORTHOSTM001362	1	1.2068360378329421	-14.324381375379701	1.0
ORTHOSTM001364	1	0.789462581969155	-12.524013240780713	1.0
ORTHOSTM001366	1	1.1650508580024048	-13.759654923270618	1.0
ORTHOSTM001367	1	1.0903033832529128	-13.502144409507205	1.0
ORTHOSTM001369	2	1.0114466148179826	-13.402993583844797	1.0
ORTHOSTM001370	1	0.678078272150611	-11.714435199031156	1.0
ORTHOSTM001371	1	0.7256540995324143	-11.03943304592763	1.0
ORTHOSTM001372	1	0.7811711735335312	-12.534046924045887	1.0
ORTHOSTM000132	3	2.0567306342475034	-17.638573274856505	0.998
ORTHOSTM001373	1	1.092869045887696	-14.137679172725635	1.0
ORTHOSTM001374	1	0.8915029142623794	-12.041160229926978	1.0
ORTHOSTM001375	1	0.8169901786801689	-13.078888032555122	1.0
ORTHOSTM001376	1	0.802995493222479	-12.352799442093923	1.0
ORTHOSTM001379	1	1.0075938892047818	-13.289426763877703	1.0
ORTHOSTM001380	1	1.1387594834262504	-13.436997184303666	1.0
ORTHOSTM001382	1	1.0251039569295957	-13.210579292027308	1.0
ORTHOSTM001383	1	0.8053706076073855	-11.999365294473847	1.0
ORTHOSTM001384	1	1.0766503618878072	-13.214066207627964	1.0
ORTHOSTM001386	1	0.9244029236762846	-12.499511740581953	0.999
ORTHOSTM000018	5	2.190359120147682	-21.396616210885878	0.947
ORTHOSTM000134	2	1.7108946346036986	-18.467114317725752	0.989
ORTHOSTM001387	1	0.8041381185084793	-12.779902233032443	1.0
ORTHOSTM001388	1	0.9447228428793341	-12.876302368152379	1.0
ORTHOSTM001389	1	0.9771257775217097	-13.140030552453764	1.0
ORTHOSTM001393	1	0.8939618400868945	-12.724889609632829	1.0
ORTHOSTM001397	1	1.3902077661845915	-15.169713052916382	1.0
ORTHOSTM001402	1	0.9436225480984335	-13.25290356264889	1.0
ORTHOSTM001406	1	0.8044026240963158	-12.82226002039958	1.0
ORTHOSTM001411	1	0.7813220536596293	-12.06221511159298	1.0
ORTHOSTM001414	1	0.9660752980507091	-13.004765551491827	1.0
ORTHOSTM001415	1	0.6557711608434164	-11.142030271802225	1.0
ORTHOSTM000135	2	1.2860533802145109	-16.727317808156716	0.996
ORTHOSTM001418	1	0.7429200139985382	-11.841586035769215	1.0
ORTHOSTM001420	1	1.1453239181467352	-13.561795408784082	1.0
ORTHOSTM001422	1	0.8334608964997279	-12.17735093893133	1.0
ORTHOSTM001426	1	0.9873548044233196	-13.312997485958249	1.0
ORTHOSTM001431	1	0.87728882109396	-13.054872217795408	1.0
ORTHOSTM001432	1	0.9985513992257392	-12.856443811917561	1.0
ORTHOSTM001434	1	0.6329247721312757	-10.77553387047248	1.0
ORTHOSTM001436	1	0.9025279028555986	-12.531555395461087	1.0
ORTHOSTM001437	1	0.7429288413413185	-11.595872826738775	1.0
ORTHOSTM001438	1	0.8565330565891421	-11.87701470833757	1.0
ORTHOSTM000136	2	0.7325367924544851	-13.823151440955266	1.0
ORTHOSTM001442	1	0.9444997908261991	-13.12527519018386	1.0
ORTHOSTM001443	1	1.049008305841523	-13.406795957377925	1.0
ORTHOSTM001444	1	1.0440220118670906	-13.450336401150347	1.0
ORTHOSTM001445	1	0.7110767831129984	-11.802607144416816	1.0
ORTHOSTM001446	1	0.8112625112659518	-11.965446822572682	1.0
ORTHOSTM001451	1	0.9131654666880462	-12.578726777570802	1.0
ORTHOSTM001455	2	0.9889458296181275	-12.692240793460703	1.0
ORTHOSTM001459	1	0.74108422594625	-11.84360796293199	1.0
ORTHOSTM001461	2	1.0186291838075576	-13.475558025297618	1.0
ORTHOSTM001464	2	0.9217885600658767	-11.885844888352649	1.0
ORTHOSTM000144	2	0.6907912629194564	-13.325931506568114	1.0
ORTHOSTM001465	2	0.9214697517110331	-12.781816890404611	1.0
ORTHOSTM001468	2	0.8924862297278686	-12.977562431381443	1.0
ORTHOSTM001469	2	1.1167539054841398	-13.886727645045651	1.0
ORTHOSTM001471	2	1.2870037467376616	-13.993074166458099	1.0
ORTHOSTM001479	2	1.3034787842779512	-14.238610060339218	1.0
ORTHOSTM001484	1	0.975521261523854	-12.467664803084125	1.0
ORTHOSTM001485	1	0.8670654304213928	-12.569024230458261	1.0
ORTHOSTM001486	1	0.6911967392413492	-11.380317507463744	1.0
ORTHOSTM001488	1	0.7623284777740459	-11.241258925402889	1.0
ORTHOSTM001489	1	0.831313010553239	-12.022715579893626	1.0
ORTHOSTM000146	2	0.6418224944719662	-14.364995328133144	0.999
ORTHOSTM001490	1	0.7927037581459591	-12.439110257628593	1.0
ORTHOSTM001491	1	0.6496067158544944	-10.85469748568657	1.0
ORTHOSTM001494	1	0.9435362949423163	-13.234684038449528	1.0
ORTHOSTM001498	1	0.9291890829715009	-13.112884684879656	1.0
ORTHOSTM001502	1	0.8488642502915462	-12.67531640575062	1.0
ORTHOSTM001503	1	0.7726488840049023	-12.31019857162999	1.0
ORTHOSTM001505	1	0.8208574266345302	-11.637990224476315	1.0
ORTHOSTM001507	1	0.7787323905675542	-12.466524174612706	1.0
ORTHOSTM001509	1	1.1770800414496114	-13.515603190070843	1.0
ORTHOSTM001512	1	0.9369027772101236	-13.543926187793623	1.0
ORTHOSTM000147	2	0.8323633397351049	-15.481586984991873	0.998
ORTHOSTM001514	1	0.8076476076771968	-12.110069757933507	1.0
ORTHOSTM001515	1	0.5432579587876553	-10.012677643835437	1.0
ORTHOSTM001516	1	0.9004036072114915	-12.330099806156468	1.0
ORTHOSTM001519	1	0.8883549329345618	-12.21446793995311	1.0
ORTHOSTM001520	1	0.7910972304417687	-11.814997324980224	1.0
ORTHOSTM001521	1	0.9110034336916043	-11.860106757708035	1.0
ORTHOSTM001524	1	0.6848712955022186	-11.673351255935973	1.0
ORTHOSTM001525	1	0.9141717948455739	-12.545837785328866	1.0
ORTHOSTM001526	1	0.7445420009022836	-11.113033515453578	1.0
ORTHOSTM001527	1	0.7725033735423598	-11.70788766090455	1.0
ORTHOSTM000150	2	0.7811530479912251	-14.215538019020117	0.998
ORTHOSTM001529	1	0.9358239491270229	-12.553238658495003	1.0
ORTHOSTM001530	1	0.8188300030582575	-12.229095512028662	1.0
ORTHOSTM001531	1	0.7824992237739552	-11.693085711538693	1.0
ORTHOSTM001533	1	0.8544291480393416	-12.941280952137614	1.0
ORTHOSTM001534	1	0.8646565593326909	-12.633219074001314	1.0
ORTHOSTM001535	1	1.2850603322038994	-14.454606644355906	1.0
ORTHOSTM001536	1	0.8804114157229326	-12.111885541792661	1.0
ORTHOSTM001537	1	0.850203589392765	-11.809662083330615	1.0
ORTHOSTM001539	1	0.747363495569797	-11.887641173157403	1.0
ORTHOSTM001541	1	0.830562756597392	-11.652954490058235	1.0
ORTHOSTM000151	3	1.369428641105482	-16.659870709444245	1.0
ORTHOSTM001545	1	0.6776628487867542	-11.477251726506015	1.0
ORTHOSTM001546	1	0.7650805753678285	-11.930384110719844	1.0
ORTHOSTM001549	1	0.8468492413264858	-11.893866619502951	1.0
ORTHOSTM001551	1	0.9162808915477216	-12.060385262957054	1.0
ORTHOSTM001552	1	0.726771988037889	-12.099180007267107	1.0
ORTHOSTM001553	1	0.7738889346236539	-12.305609058255117	1.0
ORTHOSTM001556	1	0.8592539623228437	-12.192214518403741	1.0
ORTHOSTM001558	1	1.266754703049328	-14.170299730646278	1.0
ORTHOSTM001560	1	1.0214248713733327	-12.801919796957364	1.0
ORTHOSTM001561	1	0.9502523953002702	-12.796738416481535	1.0
ORTHOSTM000154	3	2.8918253063726946	-19.36696279895325	0.992
ORTHOSTM001562	1	0.8271988521351706	-11.76983322822341	1.0
ORTHOSTM001566	1	0.6704543098669926	-11.252399311392825	1.0
ORTHOSTM001567	1	0.812916199309061	-12.404746948197397	1.0
ORTHOSTM001568	1	0.7073365940215117	-11.628599759363688	1.0
ORTHOSTM001570	1	0.7906321981560693	-11.842047973989766	1.0
ORTHOSTM001572	1	0.8895013291952595	-12.20726294314211	1.0
ORTHOSTM001575	1	0.9927305572851151	-13.012462095788045	1.0
ORTHOSTM001576	1	0.6792046591087854	-10.961813692382714	1.0
ORTHOSTM001580	1	0.7815537171652902	-11.721053962812517	1.0
ORTHOSTM001583	1	0.7715487380529953	-12.004213029396793	1.0
ORTHOSTM000157	2	0.5813124157618271	-12.786998411764348	1.0
ORTHOSTM001584	1	0.7985978072496666	-11.314180053311595	1.0
ORTHOSTM001585	1	0.9325803433698346	-12.350827164981451	1.0
ORTHOSTM001591	1	1.2763260171331494	-14.245409101214223	1.0
ORTHOSTM001596	1	1.2552611710288335	-14.397825737399371	1.0
ORTHOSTM001601	1	1.0660444152140562	-12.924250340607607	1.0
ORTHOSTM001602	1	0.7956035868970192	-12.179846662482142	1.0
ORTHOSTM001603	1	0.759405696806403	-11.7906631335207	1.0
ORTHOSTM001604	1	1.1570621099394103	-13.267933421241601	1.0
ORTHOSTM001606	1	0.8469200838229577	-12.037827390023054	1.0
ORTHOSTM001608	1	0.8341906928014678	-12.29094971012686	1.0
ORTHOSTM000019	3	2.049293990995671	-21.03899171827391	0.947
ORTHOSTM000158	1	0.5407024529101512	-13.265424420448037	1.0
ORTHOSTM001610	1	1.0108821110721609	-13.765853921705457	1.0
ORTHOSTM001612	1	0.9304789700136415	-12.335685011877208	1.0
ORTHOSTM001613	1	1.0128908459173038	-13.18803630119128	1.0
ORTHOSTM001614	1	0.6737515959890374	-11.248446234080301	1.0
ORTHOSTM001617	1	1.1041301043064904	-13.665891615521453	1.0
ORTHOSTM001618	1	0.9243702191873784	-12.134883167967713	1.0
ORTHOSTM001620	1	0.8613913049878628	-12.021628980347096	1.0
ORTHOSTM001623	1	0.9917120583763401	-12.658010848043299	1.0
ORTHOSTM001627	1	0.8515158753766476	-11.78318761198229	1.0
ORTHOSTM001630	1	0.7916447129290106	-12.469568701701828	1.0
ORTHOSTM000159	1	1.1356789022408298	-15.702255871090438	0.997
ORTHOSTM001631	1	0.8690122839006293	-12.613582959591344	1.0
ORTHOSTM001633	1	0.7898579069279097	-12.752682049607627	1.0
ORTHOSTM001634	2	1.002803527869908	-13.122839366868723	1.0
ORTHOSTM001637	1	0.6773624575724589	-11.497359511095706	1.0
ORTHOSTM001639	1	0.916047883767624	-12.886710801759362	1.0
ORTHOSTM001640	1	1.1445427289399461	-13.190108679562012	1.0
ORTHOSTM001642	1	1.0545266720891273	-13.242280303929192	1.0
ORTHOSTM001645	1	1.1801722917928252	-13.953517339071103	1.0
ORTHOSTM001646	1	0.9881181644678612	-13.72233520559429	1.0
ORTHOSTM001647	1	0.9995620922995797	-13.886751864203552	1.0
ORTHOSTM000164	1	0.7689130816116269	-13.738634340617446	1.0
ORTHOSTM001649	1	1.0207032438061305	-12.932858039873565	1.0
ORTHOSTM001650	1	1.0744087323130662	-13.728432536622094	1.0
ORTHOSTM001653	1	0.9132910471718695	-12.36818602475111	1.0
ORTHOSTM001655	1	0.8377023139248152	-11.756995573908252	1.0
ORTHOSTM001658	1	0.9305274981992088	-12.863692193506042	1.0
ORTHOSTM001660	1	1.023557151638688	-12.942750635937479	1.0
ORTHOSTM001661	1	0.6961145874241996	-11.670486420995433	1.0
ORTHOSTM001664	1	0.6859686109891103	-11.268474767138043	1.0
ORTHOSTM001666	1	0.8794173264904195	-12.014224062286722	1.0
ORTHOSTM001669	1	1.0534164433762747	-13.670480178016037	1.0
ORTHOSTM000165	2	0.7847269182294984	-14.137951478312388	1.0
ORTHOSTM001671	1	0.9521393870228108	-12.798100132798108	1.0
ORTHOSTM001674	1	1.3059240855119574	-13.786128071567209	1.0
ORTHOSTM001675	1	1.0679126678175825	-13.362986804097046	1.0
ORTHOSTM001678	1	0.919231299609898	-12.58989648808473	1.0
ORTHOSTM001680	1	0.8531138382213103	-11.507886992374356	1.0
ORTHOSTM001681	1	0.9640843196055797	-12.41652342003615	1.0
ORTHOSTM001682	1	0.9423434606692878	-12.66988955473027	1.0
ORTHOSTM001683	1	1.155396903868882	-13.332066326724204	1.0
ORTHOSTM001687	1	1.0555002056647385	-12.98403485530835	1.0
ORTHOSTM001689	1	0.9290010541603694	-12.361011104610931	1.0
ORTHOSTM000166	3	2.4728409013129755	-17.95366533696371	0.998
ORTHOSTM001690	1	1.218834337176954	-14.141813872906353	1.0
ORTHOSTM001705	1	1.0470952662100173	-13.60004841930131	1.0
ORTHOSTM001706	1	0.881530287312557	-12.478917522290473	1.0
ORTHOSTM001710	1	1.2376764624118952	-14.298389939335904	1.0
ORTHOSTM001724	1	0.7303334655417602	-11.281620026381203	1.0
ORTHOSTM001726	1	0.9035590580082175	-12.23806421311129	1.0
ORTHOSTM001729	1	1.1404002276708671	-13.682794830748227	1.0
ORTHOSTM001730	2	1.0449442319550035	-13.511888622468756	1.0
ORTHOSTM001733	1	0.7365324993087413	-11.57354296961506	1.0
ORTHOSTM001737	1	0.9890414973580641	-12.759710562454707	1.0
ORTHOSTM000171	2	2.0938505193801236	-18.3262826290655	0.992
ORTHOSTM001742	1	1.0264999363728922	-13.849641700082826	1.0
ORTHOSTM001743	1	1.0209679917201684	-13.027685723266472	1.0
ORTHOSTM001749	1	0.9475437306481055	-12.745943022626907	1.0
ORTHOSTM001751	1	0.8973233045185584	-13.074315376251587	1.0
ORTHOSTM001756	1	0.7572783866654798	-11.632712371195815	1.0
ORTHOSTM001758	1	0.8348630318073657	-12.018566906478215	1.0
ORTHOSTM001760	1	1.0100343059473178	-13.095585039682563	1.0
ORTHOSTM001766	1	1.1443377053222559	-13.787369410677067	0.999
ORTHOSTM001769	1	0.9032926895677236	-12.52755980269299	1.0
ORTHOSTM001772	1	0.8375225256573952	-12.009142202799142	1.0
ORTHOSTM000173	1	0.9485432778099456	-14.514720131660296	1.0
ORTHOSTM001776	1	0.9641051596993104	-12.470210455750511	1.0
ORTHOSTM001778	1	0.8479590927128369	-12.417513536333212	1.0
ORTHOSTM001786	2	1.0107024354389262	-13.027375158405025	1.0
ORTHOSTM001789	2	1.0341244905947031	-12.513881020649002	1.0
ORTHOSTM001790	2	0.9135325493964334	-12.307279612049395	1.0
ORTHOSTM001791	2	1.2388018444229598	-13.818308329767282	1.0
ORTHOSTM001792	2	1.1581333119736326	-13.23232376809853	1.0
ORTHOSTM001794	2	0.8060649753310554	-11.739056356347174	1.0
ORTHOSTM001795	2	0.883093720219371	-12.248629491054587	1.0
ORTHOSTM001797	2	1.0277362196695508	-13.063416019300144	1.0
ORTHOSTM000174	2	2.2548610803819598	-18.43856702871866	0.994
ORTHOSTM001800	2	1.2734201898379944	-14.072129313753253	1.0
ORTHOSTM001804	2	1.2277523813008193	-13.434795047025347	1.0
ORTHOSTM001808	2	1.2058177050123835	-13.452384758534214	1.0
ORTHOSTM001809	1	0.7726578152883634	-12.016758877324133	1.0
ORTHOSTM001811	1	0.8735254437355124	-12.096798441175796	1.0
ORTHOSTM001812	1	0.7921031732467603	-11.795256140189322	1.0
ORTHOSTM001813	1	0.8001199886918925	-12.407191041024833	1.0
ORTHOSTM001814	1	0.7505749825313708	-11.653112477571137	1.0
ORTHOSTM001815	1	0.6331289714672479	-10.577606803367006	1.0
ORTHOSTM001817	1	0.8426678229915859	-12.447405634723951	1.0
ORTHOSTM000179	1	0.8142390604749932	-13.676643712925278	0.999
ORTHOSTM001818	1	0.7987893928033114	-11.920589511108307	1.0
ORTHOSTM001821	1	0.774789423936712	-11.733768138884374	1.0
ORTHOSTM001823	1	0.7189554063866328	-11.443653020366414	1.0
ORTHOSTM001824	1	0.75513904079003	-11.63999207661132	1.0
ORTHOSTM001826	1	0.6354096490529901	-10.72522653665846	1.0
ORTHOSTM001827	1	1.1452137451892084	-14.137854613108088	1.0
ORTHOSTM001828	1	0.8262347876393753	-12.675601542229636	1.0
ORTHOSTM001829	1	0.8681832920364836	-11.95257568415402	1.0
ORTHOSTM001830	1	0.9909944996539759	-12.720011551285854	0.999
ORTHOSTM001834	1	1.048208432359606	-13.479411437720957	1.0
ORTHOSTM000180	2	0.932771038117593	-15.009929502879684	0.999
ORTHOSTM001837	1	0.7744740544860406	-12.099775989270599	1.0
ORTHOSTM001838	1	0.9436218971438536	-12.431724840539017	1.0
ORTHOSTM001839	1	1.0092253663586666	-13.16903257660592	1.0
ORTHOSTM001845	1	0.8185792568857065	-11.88971753201166	1.0
ORTHOSTM001846	1	0.6389006046712191	-10.865288327466477	1.0
ORTHOSTM001847	1	0.9547890022183434	-12.611234246599125	1.0
ORTHOSTM001848	1	0.9751464028771104	-13.183789879535947	1.0
ORTHOSTM001849	1	0.7385523989456106	-11.566470578750959	1.0
ORTHOSTM001851	1	0.6295466135311737	-10.442836592176716	1.0
ORTHOSTM001852	1	0.8494413659744474	-11.552040432489196	1.0
ORTHOSTM000020	4	4.124545783184675	-22.216540420211626	0.913
ORTHOSTM000181	2	0.9541928026473167	-15.010842542897025	1.0
ORTHOSTM001853	1	0.9429165603991184	-12.326394887688123	1.0
ORTHOSTM001854	1	0.637461114523289	-10.871581978500673	1.0
ORTHOSTM001855	1	1.0268275926534132	-12.915990729577482	1.0
ORTHOSTM001856	1	0.7922005020079713	-12.142540528688917	1.0
ORTHOSTM001858	1	0.7130563857547151	-11.151371931961489	1.0
ORTHOSTM001859	1	0.8868456051258281	-12.626806392181509	1.0
ORTHOSTM001861	1	0.8041885588398449	-11.890216398265537	1.0
ORTHOSTM001865	1	0.8008476681299	-12.125427329490009	1.0
ORTHOSTM001866	1	1.0176082060494762	-12.49543689842571	1.0
ORTHOSTM001868	1	0.8147460670743281	-12.17644203689337	1.0
ORTHOSTM000182	2	0.6603645652717185	-13.10317866611288	1.0
ORTHOSTM001869	1	0.7947436366207027	-11.357577713603357	1.0
ORTHOSTM001870	1	1.115388550726874	-13.218804575098641	1.0
ORTHOSTM001871	1	1.0417596906269833	-13.664907578824913	1.0
ORTHOSTM001874	1	0.8831578801839249	-12.993059996787117	1.0
ORTHOSTM001875	1	1.0167293829032513	-13.23111000732245	1.0
ORTHOSTM001878	1	0.7945526918603786	-11.787524643532727	1.0
ORTHOSTM001879	1	1.1631334543894198	-13.611538225680228	1.0
ORTHOSTM001880	1	0.8298445104950185	-12.513978767523588	1.0
ORTHOSTM001882	1	0.8561592183773364	-12.708956399355262	1.0
ORTHOSTM001890	1	0.7245780860584792	-11.567667465880701	1.0
ORTHOSTM000183	2	0.6918981399852521	-13.539884294069175	1.0
ORTHOSTM001893	1	0.7225716912206307	-11.57468495098688	1.0
ORTHOSTM001894	1	1.189608057234372	-13.589954154446737	1.0
ORTHOSTM001895	1	1.0362950720144242	-13.382958607169902	1.0
ORTHOSTM001898	1	1.0200397206206633	-13.133656211068677	1.0
ORTHOSTM001899	1	0.8936716472969203	-12.208763998075057	1.0
ORTHOSTM001901	1	0.8552594220479444	-12.108964262252671	1.0
ORTHOSTM001905	1	1.003660337957832	-12.564338168148225	1.0
ORTHOSTM001910	1	0.8606682299157594	-11.830963657500627	1.0
ORTHOSTM001913	1	0.927992923957881	-12.169081594671097	1.0
ORTHOSTM001917	1	0.90771966029811	-12.370127046080562	1.0
ORTHOSTM000188	1	0.5406758991850691	-12.782611764250868	1.0
ORTHOSTM001920	1	0.9000700890535861	-12.543498100360125	1.0
ORTHOSTM001921	1	0.7980452824345218	-11.75561241325174	1.0
ORTHOSTM001922	1	1.1260980572537291	-12.93690076837655	1.0
ORTHOSTM001925	1	0.8796354219415302	-12.609062804685333	1.0
ORTHOSTM001929	1	1.0253009795642736	-12.638358132499205	1.0
ORTHOSTM001930	1	0.9434265220594227	-12.353123543906671	1.0
ORTHOSTM001933	1	0.7783814609942571	-12.245187291323994	1.0
ORTHOSTM001934	1	0.8225989202262967	-11.744226712026782	1.0
ORTHOSTM001935	2	0.992569249966581	-12.324132154005971	1.0
ORTHOSTM001937	1	0.7453530727406241	-11.516434328029925	1.0
ORTHOSTM000191	3	1.0342392780361604	-14.71901503859525	0.999
ORTHOSTM001938	1	0.8034991438006749	-12.117522786183727	1.0
ORTHOSTM001943	1	0.9085652047349894	-12.117200635457442	1.0
ORTHOSTM001947	1	1.0764232240314624	-12.550455724158857	1.0
ORTHOSTM001957	1	1.2957841365356397	-14.36249027188527	1.0
ORTHOSTM001973	1	1.2587871399590806	-14.004083895849579	1.0
ORTHOSTM001974	1	1.0935360795169595	-13.374729763796305	1.0
ORTHOSTM001977	1	1.2245416657935904	-13.77296658600295	1.0
ORTHOSTM001979	1	1.1132160097314547	-13.357059522554726	1.0
ORTHOSTM001984	1	0.777872421898976	-12.263556858749523	1.0
ORTHOSTM001987	1	1.0385814102794422	-13.241749755455723	1.0
ORTHOSTM000192	2	1.304523316950289	-16.858908547594233	0.994
ORTHOSTM001988	1	0.7805814325450461	-12.25572921361273	1.0
ORTHOSTM001989	1	1.0238956477931738	-12.932726457607375	1.0
ORTHOSTM001990	1	0.7970193772857278	-11.980044403794112	1.0
ORTHOSTM001991	1	1.137833210233048	-13.071300262999417	1.0
ORTHOSTM001992	1	1.0051680500947875	-13.073028319589552	1.0
ORTHOSTM001994	1	0.8744157744394356	-12.660866915457985	1.0
ORTHOSTM001995	1	1.1666255724895398	-13.444195109459033	1.0
ORTHOSTM001996	1	0.7771424000099313	-11.72618724449646	1.0
ORTHOSTM001997	1	0.7940940085306655	-11.805617007938638	1.0
ORTHOSTM001998	1	0.9643260075724335	-12.439871575900394	1.0
ORTHOSTM000196	2	0.6216285531152064	-13.04817094420223	0.999
ORTHOSTM002001	1	0.9556455444295587	-12.934630589603051	1.0
ORTHOSTM002007	1	1.0434521798029213	-13.496213169885586	1.0
ORTHOSTM002010	1	1.069936913969102	-13.02245575676003	1.0
ORTHOSTM002015	1	1.0415339458976673	-13.334451454691104	1.0
ORTHOSTM002017	1	0.9731700868549281	-12.537082042181911	1.0
ORTHOSTM002018	1	0.8318182614339251	-12.225399926034342	1.0
ORTHOSTM002019	1	1.185342474747183	-13.830402105331133	1.0
ORTHOSTM002021	1	1.0274445914931656	-13.0681725275191	1.0
ORTHOSTM002022	2	1.157084428826242	-13.073687301832209	1.0
ORTHOSTM002023	1	0.7814363427193842	-11.87121099486056	1.0
ORTHOSTM000197	1	0.9805634054085062	-14.860904812286057	0.998
ORTHOSTM002030	1	0.895011552121688	-12.426889035361151	1.0
ORTHOSTM002035	1	1.2079758068356277	-14.002198958980758	1.0
ORTHOSTM002037	1	0.8896822348430253	-12.940265779374043	1.0
ORTHOSTM002039	1	1.2822329580056908	-14.365060630194424	1.0
ORTHOSTM002041	1	0.7855705527010373	-12.400493646330625	1.0
ORTHOSTM002042	1	0.8965238280521394	-12.121362645482257	1.0
ORTHOSTM002051	1	0.7418673319233241	-11.37250926391317	1.0
ORTHOSTM002052	2	1.1478847708317688	-13.074264293853055	1.0
ORTHOSTM002053	1	1.2815344325363542	-14.186056511848546	1.0
ORTHOSTM002061	1	0.9424310017652657	-12.458816702335994	1.0
ORTHOSTM000199	2	1.0337393579775285	-14.5598598113938	1.0
ORTHOSTM002062	1	0.9126132847345718	-12.937515570059862	1.0
ORTHOSTM002063	1	1.0141902095764788	-12.692683718447105	1.0
ORTHOSTM002064	1	0.7385773429655964	-11.232009204453389	1.0
ORTHOSTM002065	1	1.1463328782671245	-13.832014977564093	1.0
ORTHOSTM002066	1	0.9624291092397466	-12.428371505417989	1.0
ORTHOSTM002069	1	0.9525318686855697	-12.844731285150274	1.0
ORTHOSTM002070	1	1.0256334855432887	-12.707599060944592	1.0
ORTHOSTM002071	1	0.9883548117130497	-12.844923732017238	1.0
ORTHOSTM002072	1	0.7809923838358922	-12.038132279969531	1.0
ORTHOSTM002073	1	0.8855232310375314	-12.751639714647519	1.0
ORTHOSTM000205	1	0.7178763614512305	-14.074481593953577	1.0
ORTHOSTM002075	1	1.239492805182303	-14.119162146756052	1.0
ORTHOSTM002079	1	0.6990099164054429	-11.152371601311208	1.0
ORTHOSTM002080	1	1.1684162068952217	-13.617119936518955	1.0
ORTHOSTM002083	1	0.9132390089276792	-12.452617654565673	1.0
ORTHOSTM002089	1	0.9272717343292198	-12.18536206476643	1.0
ORTHOSTM002090	1	1.1433595816035247	-13.080898556081133	1.0
ORTHOSTM002095	1	0.9413471976120635	-12.704329138835705	1.0
ORTHOSTM002097	1	0.9134274341450918	-12.848762073204405	1.0
ORTHOSTM002098	1	0.8829954520402278	-12.412020424718294	1.0
ORTHOSTM002100	1	0.8601353672280055	-11.848091714355812	1.0
ORTHOSTM000021	7	3.5702725052656445	-22.629560016688767	0.905
ORTHOSTM000206	1	1.1804230692202051	-14.847150329055944	1.0
ORTHOSTM002101	1	1.1416961952131401	-13.410300642431965	1.0
ORTHOSTM002103	1	0.9201055923337474	-12.380393189073667	1.0
ORTHOSTM002104	1	0.9477786405961235	-13.011171543037916	1.0
ORTHOSTM002105	1	1.158519308692157	-13.492296460373996	1.0
ORTHOSTM002108	1	0.8278334449646385	-12.080318355390627	1.0
ORTHOSTM002115	1	0.8268939066860505	-11.964579487485672	1.0
ORTHOSTM002117	1	0.9523936082098043	-12.425926181863636	1.0
ORTHOSTM002119	1	0.9383803698284974	-12.684213627758645	1.0
ORTHOSTM002120	1	1.011841309482463	-13.136003274105581	1.0
ORTHOSTM002133	1	0.9792433035083322	-13.057502289900125	1.0
ORTHOSTM000207	1	0.817570530882964	-14.41072339563665	0.999
ORTHOSTM002134	1	0.9537986487944883	-12.462702400878216	1.0
ORTHOSTM002135	1	1.0573099686975975	-13.357662504626827	1.0
ORTHOSTM002137	1	0.9766792372476197	-13.90825308753095	1.0
ORTHOSTM002138	1	1.0918912656668875	-13.420465242684052	1.0
ORTHOSTM002142	1	1.6207637578974767	-15.550458404210282	1.0
ORTHOSTM002146	1	1.2865318884096397	-14.02169172167319	1.0
ORTHOSTM002149	1	1.2558305713584348	-14.504278419276968	1.0
ORTHOSTM002152	1	0.8372608758094227	-12.191010090489694	1.0
ORTHOSTM002153	1	0.8444461241218788	-12.32757994784376	1.0
ORTHOSTM002157	1	1.177944217220098	-13.624343345221686	1.0
ORTHOSTM000209	1	1.0947372330842717	-15.666159920440018	0.999
ORTHOSTM002159	1	1.147262237661442	-14.5438575633712	1.0
ORTHOSTM002168	1	0.832319200380893	-12.047435046269335	1.0
ORTHOSTM002170	2	1.0355446012917129	-12.99080048927511	1.0
ORTHOSTM002174	1	1.1376088983300865	-13.759133935011283	1.0
ORTHOSTM002175	1	1.164983406192112	-13.805647453727408	1.0
ORTHOSTM002180	1	1.0571809203854152	-13.811203319759871	1.0
ORTHOSTM002183	1	1.0537479812441688	-13.777122787328137	1.0
ORTHOSTM002191	1	0.8764618702514674	-12.355115955215817	1.0
ORTHOSTM002196	1	0.8429054862466862	-12.300876856432566	1.0
ORTHOSTM002200	1	0.9419429676391883	-12.76337053049479	1.0
ORTHOSTM000210	1	0.6660915099216907	-13.381873838654291	1.0
ORTHOSTM002201	1	0.8335988559895215	-12.012482029735912	1.0
ORTHOSTM002206	1	1.0909366038949653	-13.178215119848693	1.0
ORTHOSTM002212	1	0.9713344979874481	-12.777108836587345	1.0
ORTHOSTM002214	1	1.0659578439303052	-13.67267609325023	1.0
ORTHOSTM002217	1	1.1633600801021915	-13.785160075528733	1.0
ORTHOSTM002219	1	0.8415194534163422	-12.335872418442964	1.0
ORTHOSTM002225	2	1.0918605320478563	-13.210126200762495	1.0
ORTHOSTM002229	2	1.4883803164042975	-14.738654058574856	1.0
ORTHOSTM002230	2	1.0991982679128773	-12.994471459172019	1.0
ORTHOSTM002234	2	0.9112396846814144	-12.312711130044333	1.0
ORTHOSTM000221	1	0.6648401338696933	-13.40782150028088	1.0
ORTHOSTM002236	2	1.299534485205216	-14.049534461858306	1.0
ORTHOSTM002239	2	1.1021595112504718	-12.975174659973689	1.0
ORTHOSTM002245	2	1.0100109311589667	-12.67246041509387	1.0
ORTHOSTM002248	1	0.9660435886338267	-13.090724669667877	1.0
ORTHOSTM002250	1	0.8712727978355134	-12.09717409036954	1.0
ORTHOSTM002251	1	0.9324130544587381	-12.864728426780987	1.0
ORTHOSTM002252	1	0.9179162308878864	-12.814537716864436	1.0
ORTHOSTM002254	1	1.0726767975936302	-13.285800326852403	1.0
ORTHOSTM002255	1	1.1658418952156555	-13.679497265439359	1.0
ORTHOSTM002260	1	0.8809357924514141	-12.29384851798889	1.0
ORTHOSTM000222	2	1.2150921229095946	-15.862634669468722	0.998
ORTHOSTM002261	1	0.9214199660382849	-12.7500719367039	0.999
ORTHOSTM002265	1	0.8288894205835069	-12.307527337558563	1.0
ORTHOSTM002267	1	0.7386161036516444	-11.365376076231682	1.0
ORTHOSTM002268	1	0.725493643401224	-10.951400972539949	1.0
ORTHOSTM002269	1	0.8000241730566473	-11.895319795935345	1.0
ORTHOSTM002271	1	0.8309162459539274	-12.020651512230495	1.0
ORTHOSTM002273	1	0.9774716144758798	-12.514338000333055	1.0
ORTHOSTM002275	1	0.9847596804331985	-13.630341333469657	1.0
ORTHOSTM002278	1	1.1259187835720657	-13.010695775346763	1.0
ORTHOSTM002279	1	0.962955298775086	-12.217512825980366	1.0
ORTHOSTM000223	1	0.7582302033863064	-13.564516056666536	1.0
ORTHOSTM002282	1	1.1796352778343866	-13.366206544685648	1.0
ORTHOSTM002283	1	1.0141458325769026	-13.15152045080999	1.0
ORTHOSTM002288	1	1.0141786101622046	-13.203052294207945	1.0
ORTHOSTM002292	1	1.0181160969677223	-12.669407013661354	1.0
ORTHOSTM002293	1	1.0071600633332802	-12.930306945962405	1.0
ORTHOSTM002298	1	1.1393106247852627	-13.147891004629027	1.0
ORTHOSTM002302	1	1.0139598423206035	-12.869316266958567	1.0
ORTHOSTM002304	1	0.9435546470677336	-12.114797560195882	1.0
ORTHOSTM002309	1	0.9969685168886007	-13.249664260818026	1.0
ORTHOSTM002310	1	0.7836723989647718	-12.059926974457674	1.0
ORTHOSTM000225	2	0.9963358036345793	-14.964064444490742	1.0
ORTHOSTM002312	1	0.8940107479931209	-12.204206409429155	1.0
ORTHOSTM002318	1	0.8304056085182521	-11.683465675612705	1.0
ORTHOSTM002320	1	0.8874193967427669	-12.80707651820861	1.0
ORTHOSTM002323	1	0.7332273401610283	-11.236452144533516	1.0
ORTHOSTM002326	1	1.055761016651218	-12.91422797833579	1.0
ORTHOSTM002328	1	0.9721441639409242	-12.448874409435417	1.0
ORTHOSTM002330	1	0.9402291539380262	-12.125787906688279	1.0
ORTHOSTM002331	1	0.8047215826828249	-12.03940761005522	1.0
ORTHOSTM002336	1	0.9256544346948381	-12.723698383201182	1.0
ORTHOSTM002337	1	1.0896432328943948	-13.154750959662804	1.0
ORTHOSTM000226	2	0.7464734094348439	-13.62767482013416	1.0
ORTHOSTM002338	1	1.284060233899738	-14.06699826075298	1.0
ORTHOSTM002339	1	0.7974734750049292	-11.903341317163916	1.0
ORTHOSTM002347	1	0.9468166100878697	-13.287452773515868	1.0
ORTHOSTM002351	1	1.1300703479546506	-13.591697047789088	1.0
ORTHOSTM002353	1	1.03321531800724	-12.992382340180926	1.0
ORTHOSTM002355	1	1.1397561217340186	-13.051373859178524	1.0
ORTHOSTM002356	1	0.814476196657777	-11.892322008774887	1.0
ORTHOSTM002357	1	1.0814570509162824	-13.00718478203898	1.0
ORTHOSTM002359	1	0.9570634122044397	-12.359561170231883	1.0
ORTHOSTM002360	1	1.2171355045927275	-14.242707217165202	1.0
ORTHOSTM000234	2	1.2422525900325545	-15.133059901597896	1.0
ORTHOSTM002361	1	1.1283617861350703	-13.330768582284264	1.0
ORTHOSTM002365	1	0.9000166124982237	-12.346339590179952	1.0
ORTHOSTM002366	1	1.0160524660452195	-13.041848380625504	1.0
ORTHOSTM002367	1	1.0111561453806404	-12.921936822681205	1.0
ORTHOSTM002369	2	0.8996721457700644	-12.02694068506529	1.0
ORTHOSTM002370	1	0.9123514510609914	-12.670702550117392	1.0
ORTHOSTM002381	1	0.9211727546689507	-12.649644548299646	1.0
ORTHOSTM002387	1	0.7313253671018775	-11.243465619713641	1.0
ORTHOSTM002391	1	0.9340850422646675	-12.814545711570245	1.0
ORTHOSTM002396	1	0.8043754394882985	-12.091206121951386	1.0