ORTHOSTM000004	6	4.663802612586442	-18.013053781391672	0.623
ORTHOSTM000505	1	0.8690717465986567	-9.093587217184002	1.0
ORTHOSTM000961	1	1.065854557436662	-9.088969605962621	1.0
ORTHOSTM000007	3	5.586386620789898	-17.23303378735272	0.649
ORTHOSTM000023	3	1.8727015778467768	-14.921180998103987	0.939
ORTHOSTM000238	1	0.6951816867791899	-9.0233991399309	1.0
ORTHOSTM003431	1	1.5037466733481917	-10.76348396849655	0.996
ORTHOSTM003439	1	1.323337615558262	-10.110621392458548	0.999
ORTHOSTM003443	1	1.5004528533798953	-10.697100826647375	1.0
ORTHOSTM003449	1	1.5132483430102546	-10.60167289384696	0.997
ORTHOSTM003450	1	1.7974564969956255	-11.302908334519104	0.999
ORTHOSTM003478	1	1.6519394622231918	-10.955067368233733	0.998
ORTHOSTM003481	1	1.6753127440456046	-10.9088840444778	0.999
ORTHOSTM003486	1	1.8419782757154892	-11.354479517241714	0.994
ORTHOSTM003498	1	1.2786844418644312	-10.11221206959732	0.999
ORTHOSTM003614	1	1.295509587069271	-9.851756167558936	1.0
ORTHOSTM000240	1	1.1032977232829007	-10.797301046755152	0.992
ORTHOSTM003619	1	1.1159238759285675	-9.658282483132862	1.0
ORTHOSTM003630	1	1.1227819999411561	-9.569900035002059	0.998
ORTHOSTM003704	1	0.9450958103089404	-9.100036067895024	0.999
ORTHOSTM003706	1	1.2970579576258792	-10.03311835247534	1.0
ORTHOSTM003781	1	1.412227491352912	-9.974583215219301	1.0
ORTHOSTM003786	1	1.427711629659193	-10.337322180797953	0.999
ORTHOSTM003787	1	1.451979916320464	-10.182413796796178	1.0
ORTHOSTM003788	1	1.7266068266140475	-11.124804017928074	0.998
ORTHOSTM003790	1	1.4128377748419452	-10.433006259920663	0.999
ORTHOSTM003799	1	1.541956533265184	-10.338414130266607	0.998
ORTHOSTM000242	1	0.7110347394778433	-9.956494115637081	1.0
ORTHOSTM003800	1	1.230273574413817	-9.470886138182735	1.0
ORTHOSTM003806	1	1.4344496843222794	-10.024681073577685	1.0
ORTHOSTM003861	1	1.4482722863209616	-10.245363010898464	0.999
ORTHOSTM004030	1	1.1239445180032188	-9.551287656912166	1.0
ORTHOSTM004039	1	1.3133874269062458	-9.610212053691297	1.0
ORTHOSTM004068	1	1.4846087830030188	-10.44923332639347	0.997
ORTHOSTM004156	1	1.2895940924742728	-9.79185049881705	1.0
ORTHOSTM004240	1	1.2405998740295887	-9.746241729242596	0.998
ORTHOSTM004246	1	1.2697773757110844	-9.734653001378428	0.998
ORTHOSTM004248	1	1.4074920287381198	-10.13360709226331	0.999
ORTHOSTM000243	1	1.7924072108446323	-11.973219161243684	0.993
ORTHOSTM004297	1	1.5685204383912832	-10.668243843934496	0.999
ORTHOSTM004298	1	1.5223566977354779	-10.495895189789428	0.998
ORTHOSTM004303	1	1.32497562197209	-10.194703996654074	0.998
ORTHOSTM004306	1	1.1520958359280649	-9.930983616750336	0.998
ORTHOSTM004310	1	1.3348980678044444	-10.32939643748544	0.998
ORTHOSTM004319	1	1.5009194034759104	-10.28271807617742	1.0
ORTHOSTM004320	1	1.147761770877499	-9.70684742563557	1.0
ORTHOSTM004321	1	1.3324737493536487	-10.107871638413418	1.0
ORTHOSTM004334	1	1.4541363913974703	-10.255435553812273	1.0
ORTHOSTM004338	1	0.9835519552687509	-9.245964674653466	0.999
ORTHOSTM000244	1	0.895779407047695	-9.612616181326995	1.0
ORTHOSTM004351	1	1.3056316880202332	-9.976959531166203	0.999
ORTHOSTM004359	1	1.4626856565210222	-10.470912881685598	0.997
ORTHOSTM004362	1	1.3032319849877305	-9.842957449745592	1.0
ORTHOSTM004372	1	1.3474075908558039	-10.06595225818172	0.998
ORTHOSTM004378	1	0.9536495617028401	-9.242948067773312	1.0
ORTHOSTM004379	1	1.3969266380098486	-10.318674974356425	0.999
ORTHOSTM004383	1	1.4283742779921333	-10.371928421912243	0.997
ORTHOSTM004385	1	1.3451531604884384	-10.329056682751698	0.999
ORTHOSTM004388	1	1.1052482128269665	-9.748480875303324	1.0
ORTHOSTM004399	1	1.3572020731544163	-10.23703186316856	1.0
ORTHOSTM000245	1	1.3966841219345534	-11.449193924262405	0.99
ORTHOSTM004400	1	1.1410730576656725	-9.70945769317315	1.0
ORTHOSTM004402	1	1.594510072363794	-10.659407375574835	0.997
ORTHOSTM004406	1	1.4310465027262576	-10.504357895413747	1.0
ORTHOSTM004408	1	1.537003098020125	-10.817964731771205	1.0
ORTHOSTM004429	1	1.4552740264913702	-10.463300142520747	1.0
ORTHOSTM004464	1	1.6209249882412218	-10.701793235960782	1.0
ORTHOSTM004552	1	1.3162904529996924	-10.202663171311993	0.999
ORTHOSTM004594	1	1.397140679084394	-10.217363062200784	0.998
ORTHOSTM004604	1	1.2728066896333612	-9.98547605289816	0.999
ORTHOSTM005399	1	1.6244384851600624	-10.936939761547972	0.998
ORTHOSTM000246	1	0.7348044968343956	-9.598258305926938	1.0
ORTHOSTM005539	1	1.4518242910773484	-10.38390538923596	0.998
ORTHOSTM005541	1	1.5221645762825964	-10.32778753621081	0.999
ORTHOSTM005551	1	1.298656676415699	-10.160805974366603	1.0
ORTHOSTM005556	1	1.4785834390522201	-10.465756249526502	0.999
ORTHOSTM005578	1	1.482057329620661	-10.512805046657077	0.997
ORTHOSTM005580	1	1.6942276662777382	-10.864182791533596	0.999
ORTHOSTM005581	1	1.7077561999383	-10.88902046865237	0.998
ORTHOSTM000249	1	2.123082747166837	-12.684270532958422	0.978
ORTHOSTM000253	1	1.135826435989777	-10.511036091865108	0.996
ORTHOSTM000262	1	0.6861137093344511	-9.160270882305406	0.999
ORTHOSTM000025	4	5.756384279955243	-17.549753792490154	0.609
ORTHOSTM000263	1	1.313947672441936	-11.614399771182432	0.991
ORTHOSTM000264	1	0.5951982803239995	-8.868910990310223	0.999
ORTHOSTM000265	1	0.5451867262940987	-8.69680421096148	1.0
ORTHOSTM000266	1	0.7970076176204578	-9.6807412357329	0.999
ORTHOSTM000267	1	0.817739218984062	-9.20009777255941	1.0
ORTHOSTM000274	1	0.9627532574137216	-10.128855684389123	0.994
ORTHOSTM000276	1	0.636438589809747	-8.576657668215995	1.0
ORTHOSTM000277	1	0.6717288700263173	-9.422089792954777	0.999
ORTHOSTM000283	1	0.9101806443140598	-10.157344460557324	0.998
ORTHOSTM000284	1	1.0139067605561216	-10.162562475010612	0.997
ORTHOSTM000027	2	0.9672948223014093	-12.992144854448375	0.998
ORTHOSTM000286	1	0.9693078801573181	-9.92848084255528	0.997
ORTHOSTM000288	1	1.582293073773573	-11.340346634075955	1.0
ORTHOSTM000297	1	0.7026926446064156	-9.19260301430727	0.998
ORTHOSTM000299	1	0.39354796427275807	-7.581609372363903	1.0
ORTHOSTM000306	1	1.206681064526257	-10.35725166452516	0.998
ORTHOSTM000310	1	0.795824456422489	-9.09321400824155	1.0
ORTHOSTM000313	1	0.5943697393717556	-7.96027302569278	1.0
ORTHOSTM000314	1	0.6194566609933995	-8.164654673979475	1.0
ORTHOSTM000315	1	0.5480841952669133	-8.486090361093872	1.0
ORTHOSTM000316	1	0.6885753371249154	-9.123959863223273	0.998
ORTHOSTM000028	2	1.9313527899241387	-14.774904879276535	0.87
ORTHOSTM000319	1	1.7445964081841319	-11.804272802897064	0.995
ORTHOSTM000321	1	1.0471186936185273	-9.56185556425235	0.999
ORTHOSTM000322	1	0.6849081961533928	-8.720335270815102	1.0
ORTHOSTM000329	1	0.8677016997106052	-9.337714009348618	0.999
ORTHOSTM000330	1	0.5865153309068853	-8.399669996782428	1.0
ORTHOSTM000332	1	0.8301321066212466	-9.425890509009184	0.997
ORTHOSTM000333	1	0.4946530429084845	-8.22803146554885	1.0
ORTHOSTM000334	1	1.6361958749941612	-11.637538854548483	0.992
ORTHOSTM000336	1	0.5926941213181065	-8.367750561811079	1.0
ORTHOSTM000344	1	0.7998893321607409	-8.874151337756727	1.0
ORTHOSTM000030	2	2.0059180824630647	-14.647799016200047	0.903
ORTHOSTM000345	1	0.7633590696790733	-9.079005782124751	1.0
ORTHOSTM000348	1	0.9085474723652944	-9.585111943353638	0.999
ORTHOSTM000349	1	1.405229624315494	-11.261988608208254	0.987
ORTHOSTM000352	1	0.5768800380123461	-8.196040606528312	1.0
ORTHOSTM000353	1	1.3915300247071003	-10.692575241685283	0.999
ORTHOSTM000358	1	0.6349924484421704	-8.589279421084335	1.0
ORTHOSTM000359	1	1.846416647958853	-11.822522830979885	0.99
ORTHOSTM000361	1	0.7581188760562318	-9.305343511233989	0.999
ORTHOSTM000364	1	1.1916152312361492	-10.000975186689052	0.996
ORTHOSTM000365	1	0.6639198675629671	-8.376232236797588	1.0
ORTHOSTM000032	1	2.113375979277289	-14.220619165829492	0.904
ORTHOSTM000367	1	0.7045957625096223	-9.183508673871428	1.0
ORTHOSTM000375	1	0.6162537783966171	-8.334521955630551	1.0
ORTHOSTM000377	1	0.7650303255175787	-9.157372008831658	0.999
ORTHOSTM000379	1	0.7754012007653387	-8.85459801758016	1.0
ORTHOSTM000381	1	1.0478610828965877	-9.752552087389093	1.0
ORTHOSTM000382	1	0.6969253044088354	-8.819832974240365	1.0
ORTHOSTM000383	1	0.8598238215569421	-9.110534744961758	1.0
ORTHOSTM000384	1	0.5626662824583122	-9.197245443743467	0.999
ORTHOSTM000386	1	0.511132464267603	-8.160558337390832	1.0
ORTHOSTM000388	1	0.8301730544095752	-9.30366568455031	0.999
ORTHOSTM000033	1	1.3777803614290016	-13.448689537129367	0.938
ORTHOSTM000389	1	0.9681896939109654	-9.48995603925924	1.0
ORTHOSTM000399	1	0.9972313823827147	-9.8102183981164	0.999
ORTHOSTM000401	1	0.7923565954782925	-9.21345123499136	1.0
ORTHOSTM000403	1	1.056084918566488	-9.64568178297148	0.999
ORTHOSTM000405	1	0.9602818465026071	-9.434472498266956	1.0
ORTHOSTM000409	1	0.9316987921672071	-9.39924287259873	0.998
ORTHOSTM000410	1	0.8544773876430835	-9.117881722010644	1.0
ORTHOSTM000412	1	0.6233547210816036	-8.364521820613197	1.0
ORTHOSTM000413	1	1.4415518413011306	-10.882176047462	0.993
ORTHOSTM000414	1	0.7737583643138913	-8.538761901795535	1.0
ORTHOSTM000035	2	1.1524100229785121	-12.846323713638318	0.969
ORTHOSTM000415	1	0.9161265607491325	-9.449237297333598	0.998
ORTHOSTM000416	1	0.7498018545173626	-8.717319968482164	1.0
ORTHOSTM000417	1	0.6884600448597774	-8.904169435875515	1.0
ORTHOSTM000425	1	0.6692201273365924	-8.62521600633068	1.0
ORTHOSTM000426	1	1.3021240537941112	-10.912399736662602	0.999
ORTHOSTM000427	1	0.8485645539942208	-9.469877335397355	0.999
ORTHOSTM000429	1	1.3489350854584619	-10.72412744634937	0.999
ORTHOSTM000435	1	1.1746978545042919	-10.464379343737887	0.997
ORTHOSTM000436	1	0.7201167491303736	-8.916707005846627	1.0
ORTHOSTM000438	1	1.1030673253612744	-9.885495582337128	1.0
ORTHOSTM000037	2	1.9496422875647879	-14.424171296813943	0.903
ORTHOSTM000439	1	1.349102936618482	-10.351561460530547	1.0
ORTHOSTM000440	1	0.6415875396688298	-8.895324972358411	1.0
ORTHOSTM000441	1	0.6021561858262324	-8.343292656074896	1.0
ORTHOSTM000443	1	0.9428702879585508	-10.102078762530173	0.997
ORTHOSTM000452	1	1.0223602288839437	-9.50364901918718	1.0
ORTHOSTM000453	1	1.2771547248545783	-10.56462718916691	1.0
ORTHOSTM000454	1	0.6644690303086848	-8.510157950285276	1.0
ORTHOSTM000459	1	0.9454582639675194	-9.640831669999036	1.0
ORTHOSTM000460	1	0.9908666758396029	-9.41027620689124	1.0
ORTHOSTM000463	1	0.9487450062759983	-9.293022935830574	0.999
ORTHOSTM000038	1	1.0142302705087345	-12.737235396907344	0.95
ORTHOSTM000465	1	1.067081727432072	-9.96401749618613	0.996
ORTHOSTM000470	1	0.829387877983774	-9.105115004316787	0.999
ORTHOSTM000471	1	1.0064782067667037	-9.620003236950295	1.0
ORTHOSTM000476	1	0.806603266341936	-8.97813884200039	0.999
ORTHOSTM000478	1	0.5300275186326773	-7.438928421627524	1.0
ORTHOSTM000479	1	0.8177899921070033	-8.980023675593754	0.997
ORTHOSTM000480	1	0.9262029985676926	-9.344094621801819	1.0
ORTHOSTM000482	1	0.8524020883910586	-9.294160375165921	1.0
ORTHOSTM000483	1	0.7733971156289144	-8.63291167865062	1.0
ORTHOSTM000484	1	1.2050682692514723	-10.064208125873428	1.0
ORTHOSTM000008	3	1.7310331181523817	-15.375378870025092	0.868
ORTHOSTM000040	1	1.8179104471937864	-13.786210686341414	0.917
ORTHOSTM000485	1	0.5962904993313249	-8.108962798352293	1.0
ORTHOSTM000486	1	0.6902289924218585	-8.73180919615734	1.0
ORTHOSTM000488	1	1.0658377965127908	-10.195797248617193	0.997
ORTHOSTM000499	1	0.7452773330888888	-9.225288287419044	1.0
ORTHOSTM000500	1	0.31092766946882266	-6.976526477434783	1.0
ORTHOSTM000503	1	1.2415402824349813	-10.238472629625203	0.997
ORTHOSTM000506	1	0.5444201189129421	-8.123935998129449	1.0
ORTHOSTM000507	1	1.1133121984126906	-10.277956962099042	0.994
ORTHOSTM000509	1	0.4472195701014722	-8.222509279035867	1.0
ORTHOSTM000042	2	0.47474682692169	-10.823433366385391	0.99
ORTHOSTM000512	1	0.5374726186904246	-7.670951830424646	1.0
ORTHOSTM000517	1	0.5054905465641011	-8.167897508754972	1.0
ORTHOSTM000519	1	0.814407431900719	-8.606858823689056	1.0
ORTHOSTM000524	1	1.1180273306754405	-9.819066231566227	1.0
ORTHOSTM000525	1	1.3434748879078946	-10.186509927426169	0.999
ORTHOSTM000530	1	1.9540687569513804	-11.45178645176715	0.996
ORTHOSTM000542	1	1.0174641351502507	-9.501194796797957	1.0
ORTHOSTM000543	1	1.2171974293417167	-10.049640041828201	0.999
ORTHOSTM000544	1	1.5399176010489228	-11.463500845457746	0.99
ORTHOSTM000545	1	1.3154717432066476	-10.77068235830458	0.999
ORTHOSTM000044	2	1.3497781941936235	-13.586515065252582	0.985
ORTHOSTM000547	1	0.9960847169417173	-8.94997157560942	0.999
ORTHOSTM000551	1	0.6255496158110964	-8.15297185443793	1.0
ORTHOSTM000553	1	0.9791956190227515	-9.912788540379967	0.999
ORTHOSTM000554	1	1.0391366446954073	-9.501537522675914	1.0
ORTHOSTM000555	1	0.8802594060389892	-9.154710417539627	0.999
ORTHOSTM000558	1	0.9229841685588774	-9.330011238646204	1.0
ORTHOSTM000560	1	0.7745675242769123	-8.53081073432296	1.0
ORTHOSTM000563	1	0.9675583485461913	-8.869931043160488	1.0
ORTHOSTM000565	1	1.162895296957201	-10.044412148874919	0.998
ORTHOSTM000577	1	1.457973338151602	-11.08635755437968	0.996
ORTHOSTM000049	1	0.5018682063178561	-10.913552158872534	0.993
ORTHOSTM000578	1	0.5472080468166091	-8.067668191795736	1.0
ORTHOSTM000585	1	1.0500439648459443	-9.35301586319122	0.999
ORTHOSTM000586	1	0.8448869786098464	-9.51372022939584	1.0
ORTHOSTM000588	1	0.41964449300257073	-7.895887583941151	1.0
ORTHOSTM000589	1	1.068757212565173	-9.975536344904729	0.998
ORTHOSTM000592	1	1.9117424165868204	-11.860857738209345	0.995
ORTHOSTM000595	1	1.1787904488123004	-10.03733652124824	1.0
ORTHOSTM000596	1	0.4858679991517691	-7.8727894407114665	1.0
ORTHOSTM000597	1	1.0586549755823509	-9.638752277994193	1.0
ORTHOSTM000598	1	0.9893636822991783	-9.516843773360433	1.0
ORTHOSTM000051	1	1.3077988531787772	-13.088310484026328	0.997
ORTHOSTM000603	1	1.1449975221580457	-9.431452541449557	0.999
ORTHOSTM000606	1	1.0680724615896129	-9.323343800154444	1.0
ORTHOSTM000608	1	0.9504220454458696	-9.307025137446074	1.0
ORTHOSTM000611	1	0.8342085949860529	-8.823220467456641	1.0
ORTHOSTM000612	1	1.1816018959633552	-9.896206260513582	0.998
ORTHOSTM000616	1	2.100023157496038	-12.077574631979601	1.0
ORTHOSTM000618	1	0.8147317178300808	-9.006785471250303	1.0
ORTHOSTM000629	1	0.9313795998483032	-9.246852210506251	0.998
ORTHOSTM000633	1	1.5796109296381036	-11.241139196712	0.992
ORTHOSTM000634	1	0.949803130270903	-9.193468994715424	1.0
ORTHOSTM000057	2	2.3455892450154114	-13.953196816704597	0.944
ORTHOSTM000636	1	1.1538716548249965	-10.195102073252558	0.999
ORTHOSTM000638	1	1.3244550723870316	-10.442032737529752	0.999
ORTHOSTM000640	1	1.3926098571695038	-10.623049264139402	0.999
ORTHOSTM000641	1	0.42308061499086747	-8.01606265367904	1.0
ORTHOSTM000642	1	0.7384221223564099	-8.91144680209949	1.0
ORTHOSTM000654	1	0.7284777538530405	-8.42892582815372	1.0
ORTHOSTM000655	1	0.7420969464960596	-8.591812430259946	1.0
ORTHOSTM000656	1	0.7267037271949409	-8.417121922279314	1.0
ORTHOSTM000657	1	0.8631538433691216	-9.127756305692206	0.997
ORTHOSTM000660	1	0.5650129047358864	-7.820568820146572	1.0
ORTHOSTM000058	1	1.014877933334471	-12.322425439731392	0.961
ORTHOSTM000661	1	0.5157495275770481	-8.107409972967623	1.0
ORTHOSTM000662	1	0.8406441533325779	-9.156168357297464	0.999
ORTHOSTM000664	1	1.302647361159142	-10.385465805758823	0.998
ORTHOSTM000669	1	0.9912149018086881	-9.45536906338047	1.0
ORTHOSTM000678	1	1.2458010870113891	-10.053736457187066	1.0
ORTHOSTM000689	1	0.6632065215769392	-8.758675072709432	0.999
ORTHOSTM000690	1	1.3113666203359968	-10.341601635035756	0.999
ORTHOSTM000693	1	0.546999550683595	-8.559834226685426	1.0
ORTHOSTM000695	1	0.9442136158203681	-9.370046191858656	0.998
ORTHOSTM000696	1	0.42695024768174417	-7.407960777709289	1.0
ORTHOSTM000060	1	1.1541911144943178	-12.61549736928798	0.992
ORTHOSTM000697	1	1.0677224457024503	-9.470499744421197	1.0
ORTHOSTM000698	1	1.1307955147346418	-9.612031297323936	0.999
ORTHOSTM000699	1	1.0549795750616908	-9.590487740430262	1.0
ORTHOSTM000700	1	1.0374198631328506	-9.518291171248789	0.999
ORTHOSTM000703	1	0.7204050927120171	-8.236272250902017	1.0
ORTHOSTM000704	1	0.9998956436686105	-9.802615723502766	1.0
ORTHOSTM000705	1	0.8828131413814166	-9.33851278486976	0.999
ORTHOSTM000708	1	1.1271730315042416	-9.606868940500755	1.0
ORTHOSTM000709	1	1.0596888721326545	-9.305781828643484	1.0
ORTHOSTM000710	1	0.9187741467860792	-9.080589283284462	1.0
ORTHOSTM000061	1	0.3224984478475222	-8.902968282652775	0.998
ORTHOSTM000711	1	1.117728358730827	-9.800943478287122	1.0
ORTHOSTM000713	1	0.7919260097937266	-8.713744563057288	1.0
ORTHOSTM000718	1	1.0274444184054874	-9.359170833686242	1.0
ORTHOSTM000719	1	0.6248079640596755	-8.270085211472065	1.0
ORTHOSTM000722	1	1.2305737603702143	-9.780892031490012	0.999
ORTHOSTM000723	1	0.7286831280138772	-9.058641704173269	0.999
ORTHOSTM000725	1	0.7375642003567189	-9.131715517886803	1.0
ORTHOSTM000726	1	0.6754754646494076	-8.58716290053596	1.0
ORTHOSTM000727	1	0.6681950726287808	-8.351581527600379	1.0
ORTHOSTM000728	1	0.9292652280018433	-8.773358469140486	1.0
ORTHOSTM000065	1	0.775877451692129	-11.555974230088724	0.993
ORTHOSTM000729	1	0.928941383647129	-9.090487922898477	1.0
ORTHOSTM000730	1	0.5929579932862289	-7.965256205884806	1.0
ORTHOSTM000731	1	0.9705173366380718	-9.338861301119906	1.0
ORTHOSTM000732	1	0.6183905380413968	-7.92325299317329	1.0
ORTHOSTM000733	1	0.7690731892487123	-8.882257834614393	1.0
ORTHOSTM000734	1	1.6542228367541223	-10.938102113470276	0.998
ORTHOSTM000735	1	0.8698857732123573	-8.674099298156875	1.0
ORTHOSTM000736	1	0.8940343025009868	-8.915852143171506	0.999
ORTHOSTM000738	1	0.9088275749162206	-8.924480796455567	1.0
ORTHOSTM000743	1	0.8270130126501801	-8.95791440227201	1.0
ORTHOSTM000011	4	3.1547368197471406	-16.464156144183786	0.786
ORTHOSTM000067	1	0.5631970858997437	-10.551413516703132	0.985
ORTHOSTM000745	1	0.9301999738001708	-9.037007394641913	1.0
ORTHOSTM000746	1	1.7361921047065387	-10.904453209399135	0.999
ORTHOSTM000754	1	1.4617504879230774	-10.56909231303446	0.999
ORTHOSTM000759	1	1.2483948633515645	-10.427305860054098	0.994
ORTHOSTM000761	1	1.1086403107191105	-9.831387719688209	0.998
ORTHOSTM000763	1	0.7433143749286344	-9.170606139756169	1.0
ORTHOSTM000766	1	0.9303308592015302	-9.355314354769574	0.999
ORTHOSTM000767	1	0.6953844515802575	-8.161974095326785	1.0
ORTHOSTM000768	1	1.3394576060338972	-10.667666027212595	0.996
ORTHOSTM000769	1	1.0232064090662334	-9.367259074442682	1.0
ORTHOSTM000069	1	1.001768773967638	-12.274850065021159	0.966
ORTHOSTM000772	1	1.1316772828028436	-9.582692547194663	0.999
ORTHOSTM000773	1	0.5200710281459299	-8.005017027545708	1.0
ORTHOSTM000777	1	1.1753107311054365	-10.163003447392274	0.994
ORTHOSTM000783	1	0.780520453774584	-8.717073889266384	1.0
ORTHOSTM000784	1	0.6707448729706119	-8.645886049013326	1.0
ORTHOSTM000787	1	0.6456630241181354	-8.045995248757995	1.0
ORTHOSTM000788	1	1.2571526878801365	-9.93301322608516	0.999
ORTHOSTM000791	1	1.0058863477660014	-9.12293700072036	1.0
ORTHOSTM000792	1	1.020851267048063	-9.470983943730717	1.0
ORTHOSTM000794	1	0.9477470654908321	-8.568599838795418	1.0
ORTHOSTM000070	1	0.9383860091775144	-11.66319922659501	0.981
ORTHOSTM000795	1	0.8955509165306053	-9.0952294734497	1.0
ORTHOSTM000796	1	0.8957640888362385	-8.934881266355076	0.999
ORTHOSTM000797	1	0.9929588546208257	-8.903430858990147	0.999
ORTHOSTM000798	1	0.7136405227524277	-8.356077479595221	1.0
ORTHOSTM000801	1	0.6785889535338432	-8.624245628671249	1.0
ORTHOSTM000804	1	0.7563165978479004	-8.559904086511663	1.0
ORTHOSTM000805	1	1.1425446775157286	-9.516136717636174	1.0
ORTHOSTM000807	1	0.36576598038401625	-6.541078409667217	1.0
ORTHOSTM000810	1	1.0750214283280026	-9.574097993029168	0.999
ORTHOSTM000811	1	0.43978025048643793	-7.141751984505289	1.0
ORTHOSTM000071	1	0.9119767619626966	-11.564872132238099	0.989
ORTHOSTM000815	1	1.354957428620511	-10.617067831450901	0.999
ORTHOSTM000816	1	0.8980751520120451	-9.164939757761674	1.0
ORTHOSTM000817	1	0.8568629800978379	-9.350338939721103	1.0
ORTHOSTM000819	1	0.8976231909730535	-8.718477573287473	1.0
ORTHOSTM000820	1	0.725140042465661	-8.382073927830092	1.0
ORTHOSTM000821	1	0.8922568002267313	-9.111642146821392	1.0
ORTHOSTM000822	1	1.007269050637052	-9.240591612399136	1.0
ORTHOSTM000823	1	0.833986391724609	-8.196092487727649	1.0
ORTHOSTM000826	1	1.5220515338568872	-10.905246139593942	0.995
ORTHOSTM000829	1	0.8897395151676252	-8.935175018745246	1.0
ORTHOSTM000072	1	0.5748896617304787	-10.582789428148464	0.999
ORTHOSTM000831	1	1.4959664984078622	-10.629529698221708	0.999
ORTHOSTM000832	1	1.2713284802068414	-10.108506343781832	0.998
ORTHOSTM000854	1	0.8313453021256345	-9.116222809892218	1.0
ORTHOSTM000858	1	1.1607180790986198	-9.729609218565955	0.998
ORTHOSTM000859	1	0.5769060085318007	-8.551015111643979	1.0
ORTHOSTM000860	1	1.1131528581790777	-9.60810723868728	1.0
ORTHOSTM000862	1	1.034148823398532	-9.224434547217456	1.0
ORTHOSTM000864	1	0.7703485606500509	-9.112767990638405	0.998
ORTHOSTM000869	1	1.0258187289250047	-9.584524422973116	1.0
ORTHOSTM000873	1	0.8180364510485971	-8.85344154735759	1.0
ORTHOSTM000073	1	0.6346124690582357	-10.535238789545966	1.0
ORTHOSTM000879	1	1.3756034257238883	-10.527408499855131	0.996
ORTHOSTM000881	1	1.20630466445884	-9.420359473675399	1.0
ORTHOSTM000882	1	0.8876467913274237	-9.048593898099261	1.0
ORTHOSTM000885	1	0.8082860787820151	-8.544697593111822	1.0
ORTHOSTM000887	1	0.6988459057840515	-8.146955206337758	1.0
ORTHOSTM000888	1	0.9766503925249832	-8.945005587411657	1.0
ORTHOSTM000891	1	0.717017751147405	-8.46699777205879	1.0
ORTHOSTM000892	1	0.5705564557003447	-7.513272819565854	1.0
ORTHOSTM000893	1	0.7924043849351039	-8.764713317318025	1.0
ORTHOSTM000894	1	0.9630156208374789	-9.099393674871248	1.0
ORTHOSTM000074	1	1.4942962298857974	-12.978703292581272	0.964
ORTHOSTM000896	1	0.7568012749812623	-8.647615085186848	1.0
ORTHOSTM000898	1	0.8197197400177985	-8.578803248068256	1.0
ORTHOSTM000899	1	0.8779034670331972	-8.512219726963448	1.0
ORTHOSTM000900	1	0.836052423637698	-8.507981313276971	1.0
ORTHOSTM000908	1	0.7984020280638007	-9.13804140430939	0.999
ORTHOSTM000912	1	1.0829198126895239	-9.465454000986165	1.0
ORTHOSTM000914	1	1.3394098560424277	-10.179922872955162	0.999
ORTHOSTM000929	1	1.3624581602781631	-10.902201722331881	0.995
ORTHOSTM000930	1	0.8588334120746074	-8.851339748353126	1.0
ORTHOSTM000934	1	0.8721887360323306	-9.007136799885451	1.0
ORTHOSTM000079	2	2.7972268992114655	-14.080779479888365	0.943
ORTHOSTM000935	1	1.0822282219672112	-9.44396338501068	0.999
ORTHOSTM000938	1	0.37372777272133395	-6.778087761011552	1.0
ORTHOSTM000940	1	1.2769276380009909	-9.997767224128467	1.0
ORTHOSTM000944	1	1.0125736661935374	-9.430892321242109	1.0
ORTHOSTM000947	1	0.7360422830503207	-8.874537850261483	0.998
ORTHOSTM000948	1	1.132572060529273	-9.898493374477477	0.999
ORTHOSTM000949	1	1.0920911317003552	-9.765018710956241	1.0
ORTHOSTM000950	1	0.7068266005200986	-8.377040503025313	1.0
ORTHOSTM000951	1	0.5249152305510539	-8.300584201067352	1.0
ORTHOSTM000953	1	0.9797357131397344	-8.914668949196045	1.0
ORTHOSTM000080	1	0.7671916997848505	-10.951720938449412	0.988
ORTHOSTM000955	1	1.0677376745229032	-9.356575721595387	1.0
ORTHOSTM000959	1	0.8156998198040079	-9.036484404686059	0.998
ORTHOSTM000963	1	1.0560885724327858	-9.573773905165076	1.0
ORTHOSTM000964	1	1.001155077370142	-9.059430980242619	0.999
ORTHOSTM000965	1	1.1835584567803525	-9.918049225928117	0.999
ORTHOSTM000966	1	0.8220475874856696	-8.892700676320532	1.0
ORTHOSTM000967	1	1.042188477322248	-9.1182316102176	0.999
ORTHOSTM000969	1	0.9382308956322736	-9.196857850568051	1.0
ORTHOSTM000970	1	0.7048594450577106	-8.423124341629864	1.0
ORTHOSTM000082	1	1.0193403929659126	-12.175129824259193	0.969
ORTHOSTM000971	1	1.978038657793579	-11.621792371246054	0.993
ORTHOSTM000972	1	0.8046971514278333	-8.23777154545625	1.0
ORTHOSTM000973	1	0.5917281713401942	-7.511580264807277	1.0
ORTHOSTM000975	2	0.442282221254435	-7.2452570692067795	1.0
ORTHOSTM000976	1	0.6789196285823543	-8.022844804216037	1.0
ORTHOSTM000977	1	0.7862663100049014	-8.621512520169858	1.0
ORTHOSTM000978	1	0.730279194494448	-8.47177030480769	0.999
ORTHOSTM000980	1	0.6841490755956586	-7.813464494439266	1.0
ORTHOSTM000981	1	0.5731026714908303	-8.046036413802888	1.0
ORTHOSTM000982	1	0.8342634235161617	-8.54734282695257	1.0
ORTHOSTM000014	3	6.200052134824352	-18.16788006363462	0.479
ORTHOSTM000083	1	0.5502935383169584	-10.213298143526163	0.991
ORTHOSTM000983	1	0.7251060523855541	-8.444357942434127	1.0
ORTHOSTM000987	1	1.0862228962735918	-10.119294320767112	1.0
ORTHOSTM000988	1	0.85161256459092	-8.45943593690725	1.0
ORTHOSTM000992	1	0.5728930706473132	-8.178789838038648	1.0
ORTHOSTM000996	1	0.8865383314346538	-8.824238239288636	1.0
ORTHOSTM000998	1	0.9854054711021442	-9.077585140487415	1.0
ORTHOSTM000999	1	1.0546136618150102	-9.198230895918762	1.0
ORTHOSTM001000	1	0.7434513781592873	-8.510711358574424	1.0
ORTHOSTM001002	1	1.1625602679130516	-9.372445066709583	1.0
ORTHOSTM001005	1	1.3537683485802319	-9.924824775500129	0.999
ORTHOSTM000091	1	0.8050559384424598	-11.085959809009053	0.981
ORTHOSTM001011	1	1.1504570250052124	-9.545055226357713	1.0
ORTHOSTM001013	1	0.9290156245275698	-8.918847105913558	1.0
ORTHOSTM001014	1	0.6254549447376501	-8.313469968499671	1.0
ORTHOSTM001016	1	0.7544616662986968	-8.318685808627862	1.0
ORTHOSTM001017	1	0.7772098742658933	-8.5883457337516	1.0
ORTHOSTM001018	1	1.001296959029421	-9.460926508186922	1.0
ORTHOSTM001019	1	0.7094928476864191	-8.569017108996968	1.0
ORTHOSTM001020	1	1.226647227777249	-9.798548055392612	0.999
ORTHOSTM001021	1	1.2551735533006516	-10.175897846456337	1.0
ORTHOSTM001022	1	0.720131680855385	-8.23441227156757	1.0
ORTHOSTM000092	1	0.5303768637770386	-9.728702634674331	1.0
ORTHOSTM001023	1	1.1301521919954236	-9.939665708991312	0.998
ORTHOSTM001026	1	0.9761557949036344	-9.149423537037876	1.0
ORTHOSTM001044	1	1.1294828050893524	-9.724859793008177	0.998
ORTHOSTM001046	1	0.5032634410616023	-7.8896879577811365	1.0
ORTHOSTM001047	1	1.122765788989294	-9.599470018112726	1.0
ORTHOSTM001049	1	1.3754328304582328	-10.33004623247293	0.996
ORTHOSTM001053	1	1.0221977772655404	-9.274077554411067	0.999
ORTHOSTM001059	1	0.9273529686481613	-8.810669279399441	1.0
ORTHOSTM001061	1	0.8507859631572315	-9.249358915973877	0.999
ORTHOSTM001062	1	1.0376930137281812	-9.89480770295598	0.999
ORTHOSTM000095	1	0.6433009036298534	-10.340947185143403	1.0
ORTHOSTM001066	1	0.7045679007138778	-8.74552796983036	1.0
ORTHOSTM001067	1	1.074466953149333	-9.1265745556814	1.0
ORTHOSTM001070	1	1.1061568077383264	-9.273888402578116	1.0
ORTHOSTM001071	1	1.2870367014529702	-10.018104237488748	1.0
ORTHOSTM001075	1	0.9749430252998079	-8.763051203585794	1.0
ORTHOSTM001076	1	0.5225365954267668	-8.15414620121061	1.0
ORTHOSTM001079	1	0.9977498695728241	-8.874320256774636	1.0
ORTHOSTM001081	1	0.8171363842192888	-9.23684769041773	1.0
ORTHOSTM001087	1	0.5817488935625827	-8.051522005098589	1.0
ORTHOSTM001090	1	0.6792942469905422	-8.865006201681261	1.0
ORTHOSTM000096	1	0.6551004609082718	-10.617671564256757	0.993
ORTHOSTM001091	1	0.5853902658455017	-8.325928339505559	1.0
ORTHOSTM001093	1	0.8078796368538141	-8.538872427138049	1.0
ORTHOSTM001094	1	0.6537428297739383	-7.63291472482682	1.0
ORTHOSTM001098	1	0.7050844979988875	-8.423184712422417	1.0
ORTHOSTM001099	1	0.9428619100356113	-9.48720104573536	0.999
ORTHOSTM001101	1	1.0592112963998745	-9.425221830632095	1.0
ORTHOSTM001102	1	0.5088736193763639	-7.097590752995895	1.0
ORTHOSTM001103	1	1.0640516026457023	-9.76852932216817	0.998
ORTHOSTM001104	1	0.4581866015264241	-7.550358055340462	1.0
ORTHOSTM001105	1	0.8126924122756243	-8.062778350848607	1.0
ORTHOSTM000097	1	0.8185105428179031	-10.190595367810651	0.994
ORTHOSTM001106	1	1.0583661878098272	-9.49583149750174	1.0
ORTHOSTM001109	1	0.7892334104657098	-8.198720855506423	1.0
ORTHOSTM001112	1	1.2840071146030005	-10.201190757851682	0.998
ORTHOSTM001116	1	0.6129871385361451	-7.779278447217951	1.0
ORTHOSTM001120	1	0.7395384994513847	-8.305623917488155	1.0
ORTHOSTM001122	1	0.5127783410006155	-7.493231292744573	1.0
ORTHOSTM001123	1	0.7841374587496007	-8.595229663005048	1.0
ORTHOSTM001125	1	0.5913204849799258	-7.733994693410156	1.0
ORTHOSTM001126	1	1.0846942431802862	-9.777485529697337	1.0
ORTHOSTM001128	1	0.6275055767858712	-8.213817709779498	1.0
ORTHOSTM000098	1	0.8981112139546195	-11.49785119265418	0.989
ORTHOSTM001134	1	0.9893052264318516	-9.619304358741905	0.998
ORTHOSTM001135	1	1.702103968040077	-10.91536221884144	0.998
ORTHOSTM001140	1	1.0260263870018143	-8.847311838662806	1.0
ORTHOSTM001142	1	0.796084264131582	-8.10282594526679	1.0
ORTHOSTM001143	1	0.8098377844864671	-9.0276629558662	1.0
ORTHOSTM001144	1	0.8811450768093292	-8.962048918349902	1.0
ORTHOSTM001146	1	1.0628992027242377	-9.250673828801762	1.0
ORTHOSTM001147	1	0.7590634809898191	-7.9698996957990405	1.0
ORTHOSTM001148	1	0.724938531837418	-8.579866155192628	1.0
ORTHOSTM001149	1	1.1440269314794933	-9.16500100378325	1.0
ORTHOSTM000099	1	2.648755933739891	-14.342035831514922	0.921
ORTHOSTM001150	1	0.6494983653265013	-8.469667157382425	1.0
ORTHOSTM001158	1	0.940454578987997	-9.29539202780352	0.999
ORTHOSTM001160	1	0.7924955625578955	-8.610145267691358	1.0
ORTHOSTM001161	1	0.9159690013638417	-9.140712341632527	1.0
ORTHOSTM001162	1	1.2636310457320687	-10.032277242189712	1.0
ORTHOSTM001163	1	1.2550677454964037	-9.769496516623068	0.999
ORTHOSTM001166	1	1.1261806027192152	-9.46856040848991	0.999
ORTHOSTM001168	1	0.7052057909781055	-8.434958283125116	1.0
ORTHOSTM001169	1	1.082074294623851	-9.321350588974019	0.999
ORTHOSTM001172	1	0.9876278336985761	-9.200318034666386	1.0
ORTHOSTM000105	1	0.5003945381931629	-9.585627129514927	1.0
ORTHOSTM001174	1	0.7667973102182124	-8.589710205722959	1.0
ORTHOSTM001192	1	1.2235314688193908	-9.823850564659868	1.0
ORTHOSTM001193	1	1.0061021147153655	-9.537638947745668	1.0
ORTHOSTM001194	1	1.1926934570578835	-9.904975411389437	0.998
ORTHOSTM001195	1	0.8841252311689927	-8.7012997693121	0.999
ORTHOSTM001196	1	1.2028672067752277	-9.537664567438824	0.999
ORTHOSTM001197	1	0.863028320451896	-8.668926953758113	1.0
ORTHOSTM001198	1	0.9419636415249707	-9.033885674181725	1.0
ORTHOSTM001201	1	0.9589624142513125	-9.25791538461274	0.999
ORTHOSTM001203	1	1.0745654567539311	-9.33358370956016	1.0
ORTHOSTM000108	1	0.45858396300608717	-9.10468047857827	1.0
ORTHOSTM001205	1	1.0187882595978637	-9.223158771421756	1.0
ORTHOSTM001207	1	0.7111852415782719	-8.824657877942617	0.999
ORTHOSTM001208	1	1.1215993509231499	-9.957032462152496	0.999
ORTHOSTM001211	1	1.1602198988727752	-9.975099863512899	0.996
ORTHOSTM001217	1	1.468716973217985	-10.821601576970414	0.997
ORTHOSTM001220	1	0.984499126866064	-9.255309875313547	1.0
ORTHOSTM001221	1	1.3116183926997746	-10.30216931814014	0.999
ORTHOSTM001222	1	0.8881632923376913	-9.112663620808195	1.0
ORTHOSTM001225	1	1.144216627195864	-9.341986242342674	1.0
ORTHOSTM001230	1	1.2073336922038271	-9.729477833563644	0.998
ORTHOSTM000016	3	2.718995815769282	-16.26362018802554	0.773
ORTHOSTM000111	1	0.42071007590482745	-8.682702694707869	0.999
ORTHOSTM001239	1	1.3475722905295973	-10.39261146420662	1.0
ORTHOSTM001241	1	1.0614079372744523	-9.406450713763103	1.0
ORTHOSTM001242	1	0.5742467678339093	-7.741065240269349	1.0
ORTHOSTM001246	1	0.7151545841481808	-8.340166754043587	1.0
ORTHOSTM001248	1	0.6481946316239597	-7.674583097013748	1.0
ORTHOSTM001250	1	0.7773518275444619	-8.019227872043604	1.0
ORTHOSTM001251	1	0.8624032350417434	-8.791752584964426	1.0
ORTHOSTM001252	1	0.7818570089491599	-8.529660278989548	1.0
ORTHOSTM001254	1	1.116703800333145	-9.48369679180398	0.998
ORTHOSTM001255	1	0.7903272940490262	-8.448691518298016	1.0
ORTHOSTM000113	1	0.7438936746130501	-10.267780243887211	0.996
ORTHOSTM001256	1	1.0787894087155219	-9.028007047840628	1.0
ORTHOSTM001257	1	1.0474748651057402	-8.830962874379184	1.0
ORTHOSTM001258	1	1.099644772988473	-9.02674187581255	1.0
ORTHOSTM001259	1	0.7536057091394837	-8.32904640212067	1.0
ORTHOSTM001260	1	1.1266166750757955	-9.336123595437444	0.999
ORTHOSTM001262	1	0.8422616360252231	-9.105414260389727	1.0
ORTHOSTM001263	1	0.8540768312575928	-8.892706807474246	0.998
ORTHOSTM001264	1	0.7756535950893129	-8.655405946100526	1.0
ORTHOSTM001265	1	0.9951241997000005	-9.017455325411367	1.0
ORTHOSTM001269	1	0.7351647082377059	-8.09370042985561	1.0
ORTHOSTM000118	1	0.7661531258366443	-10.834333401461773	0.994
ORTHOSTM001270	1	1.2228544012260645	-9.630163147715724	1.0
ORTHOSTM001274	1	0.753735039458464	-8.577508867502075	1.0
ORTHOSTM001275	1	0.7480619157595453	-8.430389244078876	1.0
ORTHOSTM001276	1	1.0208055149117683	-9.069185477263854	0.999
ORTHOSTM001278	1	0.8538713632953884	-8.865657470374385	1.0
ORTHOSTM001282	1	0.9794240546033699	-9.353330703730405	0.998
ORTHOSTM001283	1	1.1438818873839518	-9.215304520235625	1.0
ORTHOSTM001285	1	0.986545965191353	-9.268435680224826	1.0
ORTHOSTM001287	1	0.885345171866288	-8.510896845639206	1.0
ORTHOSTM001288	1	1.0561466014618932	-9.266111437425026	1.0
ORTHOSTM000119	1	0.9147537462071074	-10.834382745807156	0.986
ORTHOSTM001290	1	1.022370211197665	-9.484115725634261	1.0
ORTHOSTM001291	1	1.041945342493912	-9.303942361270844	1.0
ORTHOSTM001292	1	0.9559093843705895	-8.51738851652066	1.0
ORTHOSTM001293	1	1.3041983361813128	-10.15411096449338	1.0
ORTHOSTM001297	1	1.3054556922284544	-10.113693937653101	0.996
ORTHOSTM001299	1	0.7347161199191303	-8.446683883728248	1.0
ORTHOSTM001300	1	0.6006243435776039	-7.817091081076569	1.0
ORTHOSTM001304	1	0.6736704805301694	-7.790801550625015	1.0
ORTHOSTM001307	1	0.4883852486189843	-7.784459833224042	1.0
ORTHOSTM001309	1	0.768477617922172	-8.229809009665557	1.0
ORTHOSTM000120	1	2.0244974878871353	-12.717127939415128	0.992
ORTHOSTM001310	1	0.7236253986286075	-8.871952797398404	1.0
ORTHOSTM001311	1	0.7219013655745159	-8.706786713005448	1.0
ORTHOSTM001313	1	1.1512704380664025	-9.62419434539156	0.997
ORTHOSTM001315	1	1.2686710769465745	-10.07684257089905	1.0
ORTHOSTM001316	1	0.7787787915467941	-8.520858150039468	1.0
ORTHOSTM001318	1	0.9463042526585977	-8.584173995420029	1.0
ORTHOSTM001319	1	1.0646860300609062	-8.804591296517204	1.0
ORTHOSTM001322	1	0.45303597815559976	-7.029842340682672	1.0
ORTHOSTM001323	1	0.9141915197337085	-8.711529597123207	1.0
ORTHOSTM001326	1	1.1045740461114975	-9.18503540041575	1.0
ORTHOSTM000123	1	1.046851646757181	-11.046516608253631	1.0
ORTHOSTM001327	1	0.8863787290847901	-8.416008909902196	1.0
ORTHOSTM001328	1	0.5646637852103378	-7.889799587922608	1.0
ORTHOSTM001329	1	1.2588619375215646	-9.594866317580054	1.0
ORTHOSTM001330	1	0.9443643237791248	-8.556926701781554	1.0
ORTHOSTM001331	1	0.8128235580279036	-8.119350793888376	1.0
ORTHOSTM001332	1	1.071659682906438	-8.92270576589221	1.0
ORTHOSTM001333	1	0.8996029709115289	-8.712262849183752	1.0
ORTHOSTM001334	1	0.9276559881132641	-8.511178633494824	1.0
ORTHOSTM001335	1	0.675336003458984	-7.911723160788434	1.0
ORTHOSTM001336	1	1.1157006366152393	-9.51265631283475	0.999
ORTHOSTM000126	1	0.8045207664528207	-10.95553675383176	0.986
ORTHOSTM001338	1	1.0021792862162673	-8.830280445541506	1.0
ORTHOSTM001339	1	0.6428160175323696	-7.534612983138164	1.0
ORTHOSTM001351	1	1.2434398223424652	-10.094548924690557	0.997
ORTHOSTM001358	1	1.5163506320911682	-10.110297617393734	1.0
ORTHOSTM001360	1	0.7133550473992494	-8.041829907395003	1.0
ORTHOSTM001361	1	1.3396297770596062	-9.606456063835456	1.0
ORTHOSTM001362	1	1.437726307642737	-10.734738704252	0.994
ORTHOSTM001364	1	1.0728880899538058	-9.319882935652599	0.999
ORTHOSTM001366	1	1.3044716506653116	-10.052476853606608	1.0
ORTHOSTM001367	1	1.2382812539815213	-9.732799521281724	1.0
ORTHOSTM000130	1	0.9066032181129454	-11.03379837139581	0.988
ORTHOSTM001369	1	0.9279773970709699	-9.167880128446132	1.0
ORTHOSTM001370	1	0.9580673871784529	-8.724228811456477	1.0
ORTHOSTM001373	1	1.1350025473538918	-9.85248253470728	1.0
ORTHOSTM001374	1	0.8749151794743529	-8.376903543609918	1.0
ORTHOSTM001375	1	0.7179044694189975	-8.350943145266458	1.0
ORTHOSTM001376	1	0.8381280954667908	-9.13274254835201	1.0
ORTHOSTM001379	1	1.0494261628041364	-9.407805792346759	0.999
ORTHOSTM001380	1	1.2673383819413906	-9.902574865667495	0.999
ORTHOSTM001382	1	1.0819447643234792	-9.264366223957635	0.999
ORTHOSTM001383	1	0.7620074822290658	-8.340106769308312	1.0
ORTHOSTM000131	1	0.31264251363136286	-8.358656877437713	1.0
ORTHOSTM001386	1	0.9272150058634124	-8.836363452589161	1.0
ORTHOSTM001387	1	0.7061202342363303	-8.047595623466314	1.0
ORTHOSTM001388	1	1.138515939415948	-9.604025887688323	1.0
ORTHOSTM001389	1	1.0812811319685507	-9.205038777570358	1.0
ORTHOSTM001393	1	0.8763328539219739	-8.794403356790262	1.0
ORTHOSTM001397	1	1.372076349223751	-10.457967842328367	1.0
ORTHOSTM001402	1	1.2602037107166482	-10.184752481406788	1.0
ORTHOSTM001406	1	0.9702217407678189	-9.363036394678431	0.999
ORTHOSTM001411	1	0.9939134806762561	-9.3971992560206	0.998
ORTHOSTM001414	1	1.080180007702446	-9.599055602082768	1.0
ORTHOSTM000132	2	2.2887119452370683	-13.066311876372954	0.975
ORTHOSTM001420	1	1.3533987456266847	-10.064151287850548	1.0
ORTHOSTM001422	1	1.0777146809500386	-9.483188906617432	1.0
ORTHOSTM001426	1	1.148827943928821	-9.990382349457448	1.0
ORTHOSTM001432	1	1.109824047736889	-9.444526913507076	1.0
ORTHOSTM001436	1	1.184572016899496	-9.736399716647158	0.998
ORTHOSTM001437	1	0.9102844968237522	-8.954593074086146	1.0
ORTHOSTM001438	1	1.0932410670317292	-9.134092966237555	1.0
ORTHOSTM001442	1	1.116512902088405	-9.85627396188846	0.997
ORTHOSTM001443	1	1.2425019663034678	-9.94155103932893	1.0
ORTHOSTM001444	1	1.0394337766285102	-9.042764631555476	1.0
ORTHOSTM000018	2	2.2808002121444404	-15.64345964002796	0.842
ORTHOSTM000134	1	1.153075054703542	-11.925951905359096	0.993
ORTHOSTM001445	1	0.8916962302617469	-9.183496401664927	1.0
ORTHOSTM001446	1	0.860081466428672	-8.61811414448137	1.0
ORTHOSTM001451	1	1.0147480248653449	-8.99178573175007	1.0
ORTHOSTM001455	1	1.1978208775338024	-9.581637398898376	0.999
ORTHOSTM001459	1	0.9154879845089555	-9.24723675719708	0.999
ORTHOSTM001461	1	1.3005264181202274	-10.32022329529516	0.997
ORTHOSTM001464	1	0.9792067258744507	-8.56268557114392	1.0
ORTHOSTM001468	1	0.7579397934618595	-8.766733532725562	1.0
ORTHOSTM001469	1	1.263312754586094	-9.877942405100178	0.998
ORTHOSTM001471	1	1.3509144717493686	-9.778670667145416	1.0
ORTHOSTM000135	1	0.8845320090403177	-10.255591930645917	0.995
ORTHOSTM001479	1	1.4391109556463637	-10.474034309499825	1.0
ORTHOSTM001484	1	1.1546054368029093	-9.190508084292913	1.0
ORTHOSTM001485	1	0.8247905960203951	-8.914396308234632	1.0
ORTHOSTM001486	1	0.5751851257611196	-7.655833346354049	1.0
ORTHOSTM001488	1	0.8412743632665755	-8.30531052903172	1.0
ORTHOSTM001490	1	0.9771590125169956	-8.988212118502043	1.0
ORTHOSTM001494	1	0.8777465467144095	-8.552581284158622	1.0
ORTHOSTM001502	1	0.9203630405219442	-8.791231402867217	1.0
ORTHOSTM001503	1	0.9029073401190958	-9.156571634619342	1.0
ORTHOSTM001505	1	0.9485675883575978	-8.657059160660195	0.999
ORTHOSTM000136	1	0.7410125387076528	-10.299273278459568	0.996
ORTHOSTM001507	1	0.8906054189054332	-9.304839538346299	0.998
ORTHOSTM001509	1	1.3682737211369282	-9.96782086325044	0.998
ORTHOSTM001512	1	0.8762089223148626	-9.166652055412776	0.999
ORTHOSTM001514	1	0.7416105555513592	-8.438209368528602	1.0
ORTHOSTM001520	1	0.7706625457631212	-8.024402765310473	1.0
ORTHOSTM001521	1	1.0646512635424974	-8.829773800464757	1.0
ORTHOSTM001524	1	0.5684425444552953	-7.951277648993808	1.0
ORTHOSTM001525	1	0.9301115625178575	-8.902870154004429	1.0
ORTHOSTM001526	1	0.8319595352083564	-8.172542395796	1.0
ORTHOSTM001529	1	0.9507516409032128	-8.896080928984167	1.0
ORTHOSTM000144	1	0.7715699894927284	-9.86956565416032	0.998
ORTHOSTM001535	1	1.4484191178546926	-10.700186275657813	1.0
ORTHOSTM001536	1	1.1470900572554648	-9.371518229079006	1.0
ORTHOSTM001537	1	0.9743564892808908	-8.82011237642205	1.0
ORTHOSTM001541	1	0.943455324847879	-8.669342119506396	1.0
ORTHOSTM001552	1	0.6392729666679747	-8.401450244120033	1.0
ORTHOSTM001556	1	0.8326656152738493	-8.533413824272966	1.0
ORTHOSTM001558	1	1.4193641772216137	-10.432201520079428	1.0
ORTHOSTM001560	1	1.0662521808953123	-8.927985519012454	1.0
ORTHOSTM001561	1	0.9712122771531315	-9.14211641113264	1.0
ORTHOSTM001566	1	0.5641053093736815	-7.31405516572776	1.0
ORTHOSTM000146	1	0.3419068532213684	-8.673519590188558	1.0
ORTHOSTM001567	1	0.8698736946560836	-9.096891162713758	0.999
ORTHOSTM001568	1	0.7828130940866481	-8.510162881282204	0.999
ORTHOSTM001570	1	0.73189541769011	-8.168981647528021	1.0
ORTHOSTM001575	1	1.1241434504786136	-9.070223303545342	1.0
ORTHOSTM001583	1	0.7023288058280406	-8.326317224458105	1.0
ORTHOSTM001584	1	0.8881443092999511	-8.349349372760129	1.0
ORTHOSTM001585	1	0.9209696249885871	-8.705059499068543	0.999
ORTHOSTM001591	1	1.4544529515932878	-10.482568372048325	1.0
ORTHOSTM001596	1	1.4202236228188327	-10.439148140740814	1.0
ORTHOSTM001601	1	1.3062179725387295	-9.760850013455602	1.0
ORTHOSTM000147	1	0.4128563720176901	-9.532866248330178	0.999
ORTHOSTM001603	1	0.8518744606288713	-8.641390722826399	1.0
ORTHOSTM001604	1	1.2711126242782065	-9.559487379875966	1.0
ORTHOSTM001606	1	0.8047976898081424	-8.377265494051477	1.0
ORTHOSTM001612	1	0.9182159771770624	-8.681650490894274	1.0
ORTHOSTM001613	1	1.0759546842227288	-9.244268412728534	0.998
ORTHOSTM001617	1	1.0978954440437216	-8.998254722044209	0.999
ORTHOSTM001618	1	0.9102491831493629	-8.476997492771853	1.0
ORTHOSTM001623	1	1.0370673273318989	-8.988775480581957	1.0
ORTHOSTM001630	1	0.9759144793780463	-9.007703885782535	1.0
ORTHOSTM001631	1	0.8522108656923285	-8.956720185936916	0.999
ORTHOSTM000150	1	0.7651665066768693	-9.979441854282637	1.0
ORTHOSTM001633	1	1.0547367118553679	-10.053581118169273	0.999
ORTHOSTM001634	1	1.0317593759933843	-9.440777146993101	0.999
ORTHOSTM001639	1	1.1247717448059558	-9.634977143158286	0.999
ORTHOSTM001640	1	1.2377296785286793	-9.486021862651357	1.0
ORTHOSTM001642	1	1.1236625677889365	-9.558126796885261	1.0
ORTHOSTM001645	1	1.1162360891402099	-9.337846999641084	1.0
ORTHOSTM001646	1	1.1411207280522024	-9.783496753205503	0.998
ORTHOSTM001647	1	0.9523782359058716	-9.210063028521573	1.0
ORTHOSTM001649	1	1.0644245990225087	-9.263176442870341	1.0
ORTHOSTM001650	1	1.3833002387871627	-10.34772387231609	1.0
ORTHOSTM000151	1	1.496514574808291	-12.161791696136746	0.978
ORTHOSTM001653	1	0.9045189273927777	-8.702635519929721	1.0
ORTHOSTM001658	1	0.93502671648375	-8.927887245809545	1.0
ORTHOSTM001660	1	1.0484561287988337	-9.060771923756601	1.0
ORTHOSTM001661	1	0.7363352059718917	-8.748522907160307	1.0
ORTHOSTM001666	1	0.858327818891095	-8.357057570627784	1.0
ORTHOSTM001669	1	1.0415798380204528	-8.999921100051749	1.0
ORTHOSTM001671	1	1.0770388441841572	-9.384279177636854	1.0
ORTHOSTM001674	1	1.4541895039946395	-10.02253342286374	1.0
ORTHOSTM001675	1	1.3543961983461894	-10.000965744656707	0.999
ORTHOSTM001678	1	0.9255788904221182	-8.933094306106444	1.0
ORTHOSTM000154	1	2.4021888103314426	-13.078106187682685	0.979
ORTHOSTM001681	1	0.9901874153279256	-8.742610044745017	1.0
ORTHOSTM001683	1	1.2681981895269863	-9.625989514226072	1.0
ORTHOSTM001690	1	1.3721215485669214	-10.420050343332262	0.999
ORTHOSTM001705	1	1.4148364458577734	-10.42628923795847	0.999
ORTHOSTM001706	1	0.864790883382968	-8.82345613997409	1.0
ORTHOSTM001710	1	1.364310478540345	-10.286902788748364	1.0
ORTHOSTM001726	1	1.1850614270264799	-9.444384961694015	1.0
ORTHOSTM001729	1	1.3683537981204217	-10.277424808436724	0.997
ORTHOSTM001730	1	1.1006010266404174	-9.813194133398575	0.998
ORTHOSTM001733	1	0.8779596828148147	-8.955097394195832	1.0
ORTHOSTM000157	1	0.6760600582645767	-9.188794721932956	1.0
ORTHOSTM001743	1	1.1711943238242488	-9.600440990411496	1.0
ORTHOSTM001749	1	1.1016569218433863	-9.469200996444068	1.0
ORTHOSTM001751	1	1.0210637120172754	-9.693803284969816	1.0
ORTHOSTM001758	1	1.0688118418013917	-9.295422753086086	1.0
ORTHOSTM001760	1	1.3671919527871847	-10.182232560589632	1.0
ORTHOSTM001766	1	1.5318951870438486	-10.742812013066924	0.997
ORTHOSTM001769	1	1.0102623769146681	-9.159423004686296	1.0
ORTHOSTM001772	1	0.8931950572331381	-8.654843740252103	1.0
ORTHOSTM001776	1	1.2639455253832124	-9.604410778246727	1.0
ORTHOSTM001778	1	0.9342446499581541	-8.89101807298242	1.0
ORTHOSTM000019	2	1.8422339687288545	-15.01223855881877	0.892
ORTHOSTM000158	1	0.5761002030572925	-9.69157941186041	0.998
ORTHOSTM001790	1	0.7873716841845753	-8.306717008795376	1.0
ORTHOSTM001791	1	1.2210962403141254	-9.872044193594384	1.0
ORTHOSTM001792	1	1.2510730413571156	-9.60050603890115	1.0
ORTHOSTM001795	1	0.9027742301999858	-8.935479462078526	1.0
ORTHOSTM001797	1	1.2419222257761047	-9.731277081497232	0.998
ORTHOSTM001800	1	1.3187027156360136	-10.127040228111069	0.999
ORTHOSTM001804	1	1.2402448660411438	-9.498371482243105	1.0
ORTHOSTM001808	1	1.1944363880256628	-9.508009204056652	1.0
ORTHOSTM001811	1	0.8478318690463005	-8.45058948562971	1.0
ORTHOSTM001812	1	0.8926496266620276	-8.839396563369437	1.0
ORTHOSTM000159	1	1.2353446550503073	-11.585972827483904	0.977
ORTHOSTM001813	1	0.7330799866994574	-8.73851042616724	1.0
ORTHOSTM001814	1	0.6636716996277666	-7.964836346014566	1.0
ORTHOSTM001818	1	0.9055581439500501	-8.968836180562583	0.999
ORTHOSTM001821	1	0.8584541121950132	-8.785755988551248	1.0
ORTHOSTM001823	1	0.7809845463441973	-8.314659192387394	1.0
ORTHOSTM001826	1	0.6516941282649226	-7.822174208113942	1.0
ORTHOSTM001827	1	1.0998293272297834	-9.523878830028524	0.999
ORTHOSTM001828	1	0.7500391628206421	-9.02018060514518	0.998
ORTHOSTM001830	1	1.1504337517919576	-9.33682292914424	1.0
ORTHOSTM001834	1	1.1342575538821875	-9.806032577548999	0.999
ORTHOSTM000164	1	0.7753016610658681	-10.113963937428657	1.0
ORTHOSTM001838	1	0.9615712671150094	-8.785168848884625	1.0
ORTHOSTM001847	1	0.9598902166249723	-8.953697635542705	1.0
ORTHOSTM001848	1	1.3099628394677214	-10.313436427857114	1.0
ORTHOSTM001854	1	0.6549709758701097	-7.968512462586639	1.0
ORTHOSTM001855	1	1.0960405793501469	-9.24116708971513	1.0
ORTHOSTM001856	1	0.723463056561212	-8.477294372952	1.0
ORTHOSTM001859	1	1.1896386827180403	-9.850923572679163	0.997
ORTHOSTM001861	1	0.7628668669881625	-8.222504137466636	1.0
ORTHOSTM001865	1	0.9107966166056641	-9.163796070010092	0.999
ORTHOSTM001869	1	0.8978432491219492	-8.394660895171247	1.0
ORTHOSTM000165	1	0.593993800475616	-9.689051998061869	0.992
ORTHOSTM001870	1	1.1992865654081462	-9.526465976542964	0.998
ORTHOSTM001871	1	0.9028403710719242	-9.02017489661668	1.0
ORTHOSTM001874	1	0.7974984719781303	-8.30343593503631	1.0
ORTHOSTM001875	1	1.1057610422071131	-9.413601483879315	1.0
ORTHOSTM001878	1	0.7116824829866286	-8.114995855531879	1.0
ORTHOSTM001882	1	0.9255076397503679	-9.38938361388652	1.0
ORTHOSTM001890	1	0.6210721101739517	-7.866522106478162	1.0
ORTHOSTM001894	1	1.3030783513874464	-9.877427751837377	1.0
ORTHOSTM001895	1	1.0864301385913315	-9.45693953246612	1.0
ORTHOSTM001898	1	1.2335704326864683	-10.015808202030643	0.999
ORTHOSTM000166	2	2.88885464354306	-13.669155733411518	0.972
ORTHOSTM001899	1	1.0540842054354738	-9.190047727449642	1.0
ORTHOSTM001901	1	0.9520194284840422	-8.901913475912457	1.0
ORTHOSTM001905	1	1.2435183490621686	-9.456410469686553	0.998
ORTHOSTM001917	1	0.9465514351138546	-8.577635690271126	1.0
ORTHOSTM001920	1	0.8855397648003637	-8.889749796615742	1.0
ORTHOSTM001921	1	0.8986765139575681	-8.784752417079906	1.0
ORTHOSTM001922	1	1.2198529725637834	-9.246437494298531	1.0
ORTHOSTM001925	1	0.9413203236304741	-8.720677658039785	0.999
ORTHOSTM001929	1	1.0759122435546127	-8.972261380964845	1.0
ORTHOSTM001930	1	0.9614306124213078	-8.690597140679715	1.0
ORTHOSTM000171	1	1.951337023841506	-12.723918137650124	0.976
ORTHOSTM001934	1	0.77840992332324	-8.06559423224255	1.0
ORTHOSTM001935	1	1.0736545897319525	-8.966029169600375	1.0
ORTHOSTM001937	1	0.8027371418343477	-8.587234711201308	0.999
ORTHOSTM001943	1	1.0554063254189532	-9.064168400206585	1.0
ORTHOSTM001947	1	1.1211362664317164	-8.872081107396996	1.0
ORTHOSTM001957	1	1.3189219745842993	-9.755535964421403	1.0
ORTHOSTM001973	1	1.2383170290212486	-9.397951874327244	1.0
ORTHOSTM001974	1	1.3607284650838656	-9.997993495772628	0.998
ORTHOSTM001977	1	1.354821830735979	-9.821848417622752	0.998
ORTHOSTM001979	1	1.1938728339330595	-9.667071345839668	1.0
ORTHOSTM000173	1	0.9281134750222734	-10.662563807003114	0.995
ORTHOSTM001987	1	1.1183000063978101	-9.57046192209766	1.0
ORTHOSTM001991	1	1.2266842538973108	-9.371575017427661	1.0
ORTHOSTM001992	1	1.2392730474813196	-9.757948642230318	1.0
ORTHOSTM001994	1	1.0581227565141829	-9.437475385037127	0.999
ORTHOSTM001995	1	1.3167961432402595	-9.568154119992329	1.0
ORTHOSTM001997	1	0.8968168558921236	-8.844393594216944	1.0
ORTHOSTM002001	1	0.9777775946361297	-8.998602421609062	1.0
ORTHOSTM002007	1	1.1213655148430934	-9.54420573038256	1.0
ORTHOSTM002010	1	1.1297711445966967	-9.066548643937264	1.0
ORTHOSTM002015	1	1.12327363142726	-9.659292597339263	0.999
ORTHOSTM000174	1	2.138609772867013	-12.564267758097818	0.984
ORTHOSTM002018	1	1.0689324395216413	-9.306046067925346	1.0
ORTHOSTM002019	1	1.375062893944696	-10.087750729761176	0.999
ORTHOSTM002021	1	1.1001161981689536	-9.403031107603033	1.0
ORTHOSTM002022	1	1.1262895551220435	-9.12982117049249	1.0
ORTHOSTM002023	1	0.7108357095725972	-8.19420030884977	1.0
ORTHOSTM002030	1	1.0601205500601694	-9.197994946586807	1.0
ORTHOSTM002035	1	1.3577729416484066	-10.284315077121548	0.998
ORTHOSTM002037	1	0.8785279365352034	-9.078657386323563	1.0
ORTHOSTM002039	1	1.2817829965217622	-9.76060952853126	1.0
ORTHOSTM002041	1	0.7307953898416184	-8.72625029176587	1.0
ORTHOSTM000179	1	0.8521993335168961	-9.63092716517077	1.0
ORTHOSTM002042	1	1.0479321615703978	-8.894857105303013	1.0
ORTHOSTM002051	1	0.796404299316081	-8.444077975282156	1.0
ORTHOSTM002052	1	1.1003748790941439	-9.128584863690444	1.0
ORTHOSTM002053	1	1.2655443116177367	-9.583913149747673	0.999
ORTHOSTM002061	1	0.9604741912375507	-8.797681409010082	1.0
ORTHOSTM002064	1	0.6514868981480921	-7.5307804845893	1.0
ORTHOSTM002066	1	0.9657099919674434	-8.773202724678816	1.0
ORTHOSTM002071	1	1.1218628101562214	-9.423487582660744	1.0
ORTHOSTM002072	1	0.6909971946244888	-8.35647140634435	1.0
ORTHOSTM002073	1	0.9630771400287974	-8.861858392216682	1.0
ORTHOSTM000180	1	0.8114109861403331	-10.37733047083968	0.993
ORTHOSTM002080	1	1.4001739810107325	-10.090614208819774	0.998
ORTHOSTM002089	1	1.10034692533879	-9.134718550495698	1.0
ORTHOSTM002090	1	1.195610897551815	-9.37802029011999	1.0
ORTHOSTM002097	1	1.254840949169911	-10.029224302050139	0.999
ORTHOSTM002101	1	1.4532583499919494	-9.997022470784934	1.0
ORTHOSTM002103	1	0.9273177854435698	-8.723775209665195	1.0
ORTHOSTM002104	1	0.9418373909818291	-9.079578360676201	1.0
ORTHOSTM002108	1	1.0586986051580425	-9.16568699332838	1.0
ORTHOSTM002120	1	1.1593495141992711	-9.719284900840817	0.998
ORTHOSTM002133	1	1.1280458713054902	-9.646893238786253	0.998
ORTHOSTM000020	3	5.000882050937565	-16.971631597131708	0.719
ORTHOSTM000181	1	0.9157688371874861	-10.715466837485373	0.985
ORTHOSTM002134	1	0.9763846627774293	-8.799620157092814	1.0
ORTHOSTM002137	1	0.9553877759864076	-9.233688519351286	1.0
ORTHOSTM002138	1	1.1855766047993581	-9.733723494537804	0.999
ORTHOSTM002142	1	1.934022765488124	-11.636691796562536	0.994
ORTHOSTM002146	1	1.5634748666958356	-10.423605560997332	0.999
ORTHOSTM002149	1	1.5022554528913488	-10.898093753661694	0.994
ORTHOSTM002152	1	1.0864204108471553	-9.457643366442401	0.999
ORTHOSTM002153	1	0.9058812810625393	-8.971149029762506	1.0
ORTHOSTM002159	1	1.2727970891542308	-10.101888189427743	1.0
ORTHOSTM002174	1	1.3696145037468261	-10.255650530998912	0.998
ORTHOSTM000182	1	0.5387454623788722	-9.020903945275817	0.999
ORTHOSTM002175	1	1.3866863884546925	-10.290533126954005	1.0
ORTHOSTM002183	1	1.2820683478151154	-10.402585184605009	1.0
ORTHOSTM002200	1	1.0592829208480703	-9.381563115405074	1.0
ORTHOSTM002206	1	1.2829683832765866	-9.70077568736828	1.0
ORTHOSTM002212	1	1.1430168475099565	-9.509347507955574	1.0
ORTHOSTM002217	1	1.558143403624432	-10.485986583808495	1.0
ORTHOSTM002219	1	1.0982930826501442	-9.59730651706444	1.0
ORTHOSTM002229	1	1.6184412313281893	-10.76398529345375	0.997
ORTHOSTM002230	1	1.0446431281277342	-9.057010512440362	1.0
ORTHOSTM002236	1	1.523617280710962	-10.561346273914513	1.0
ORTHOSTM000183	1	0.6947882910278896	-9.938758462917113	0.992
ORTHOSTM002239	1	1.0748643666852644	-9.03332575856161	1.0
ORTHOSTM002245	1	0.9317110593902505	-8.714811915466068	1.0
ORTHOSTM002251	1	0.7760703738844096	-8.169419470989148	1.0
ORTHOSTM002254	1	1.1483565316028932	-9.404266840826839	1.0
ORTHOSTM002261	1	0.9152985482277517	-9.110829100545834	1.0
ORTHOSTM002273	1	0.999502748541811	-8.867403374342674	1.0
ORTHOSTM002275	1	0.9354051596045236	-8.959079615464493	1.0
ORTHOSTM002278	1	1.207185461109854	-9.31902679181667	1.0
ORTHOSTM002282	1	1.2844707240233835	-9.656286945745936	1.0
ORTHOSTM002283	1	1.0542064843056616	-9.489910563018553	1.0
ORTHOSTM000188	1	0.7766223051715327	-10.454596931984971	0.994
ORTHOSTM002288	1	1.0676054673815905	-9.33626553755386	1.0
ORTHOSTM002292	1	1.0843612231222066	-9.001350337992431	1.0
ORTHOSTM002302	1	1.1905665897110762	-9.45181463948538	1.0
ORTHOSTM002304	1	0.9571529159753606	-8.457776808144477	1.0
ORTHOSTM002310	1	0.7068567258436345	-8.384221738114505	1.0
ORTHOSTM002326	1	1.1292178224683596	-9.24332723033957	0.998
ORTHOSTM002328	1	0.9840146287876221	-8.790793185205521	1.0
ORTHOSTM002331	1	0.7613675789039424	-8.375075609129047	1.0
ORTHOSTM002337	1	1.1551525460702052	-9.477590999925871	1.0
ORTHOSTM002338	1	1.5586358211410152	-10.46751123293261	1.0
ORTHOSTM000191	1	0.798027737677774	-10.10611389618517	0.993
ORTHOSTM002347	1	1.2450760274183899	-10.2357368274362	0.997
ORTHOSTM002353	1	1.083563313964913	-9.103271901896468	1.0
ORTHOSTM002355	1	1.2407734342343866	-9.33829703077413	1.0
ORTHOSTM002357	1	1.1659935864544506	-9.328497312169816	1.0
ORTHOSTM002359	1	0.9883080839825352	-8.704885819111029	1.0
ORTHOSTM002360	1	1.1598921225609782	-9.658504453116661	1.0
ORTHOSTM002361	1	1.2188428000047788	-9.638621213559833	1.0
ORTHOSTM002365	1	0.8856340302383271	-8.695374984041942	1.0
ORTHOSTM002366	1	1.4088971501615846	-10.130966259547314	1.0
ORTHOSTM002391	1	0.938073149016576	-8.951664629999835	0.999
ORTHOSTM000192	1	1.0355661879338331	-11.07314923945094	0.993
ORTHOSTM002398	1	1.1270383283330854	-9.508720067043049	0.999
ORTHOSTM002403	1	1.103526786690191	-9.19693395685531	1.0
ORTHOSTM002411	1	1.2507851647537815	-9.799957115222117	0.998
ORTHOSTM002415	1	0.9529518201324637	-9.46516914231516	1.0
ORTHOSTM002419	1	0.973264346389629	-8.741640346381525	1.0
ORTHOSTM002421	1	1.12097918415622	-9.646562686856074	1.0
ORTHOSTM002422	1	0.7324245892526626	-8.667663231056018	1.0
ORTHOSTM002424	1	1.127076341023103	-9.031008650185864	1.0
ORTHOSTM002431	1	1.018900003635702	-9.207688835592975	1.0
ORTHOSTM002448	1	1.4849180341769261	-10.689472177656139	0.997
ORTHOSTM000196	1	0.6632357630247653	-9.412288453531646	0.991
ORTHOSTM002449	1	1.3507417967116049	-10.08500723763329	0.999
ORTHOSTM002452	1	1.1866386346179556	-9.471545418214701	1.0
ORTHOSTM002453	1	1.2846403051810507	-10.009750648620964	0.999
ORTHOSTM002457	1	1.1259204183911287	-9.378016260808403	0.999
ORTHOSTM002461	1	0.7969356073052628	-8.593187784046496	1.0
ORTHOSTM002466	1	1.1361140122371798	-9.470421860799071	0.998
ORTHOSTM002468	1	1.2025447467414587	-9.591583068016991	1.0
ORTHOSTM002471	1	1.0850488672368004	-9.47613943376209	1.0
ORTHOSTM002478	1	0.967553133363827	-8.864910985780357	1.0
ORTHOSTM002479	1	1.1208775505062745	-9.33497619380367	1.0
ORTHOSTM000197	1	0.9949947417137728	-10.91858921881511	0.995
ORTHOSTM002489	1	0.92471600639932	-8.573172605010232	1.0
ORTHOSTM002490	1	1.2862662844010053	-9.962061985483574	0.999
ORTHOSTM002496	1	1.1185180398177186	-9.331102319153969	1.0
ORTHOSTM002503	1	0.796543476007047	-8.323068614322317	1.0
ORTHOSTM002508	1	1.103890178570993	-9.7942570280942	0.999
ORTHOSTM002515	1	1.596408892580996	-10.491637367827044	0.999
ORTHOSTM002518	1	1.087138260242541	-9.17273824207892	1.0
ORTHOSTM002519	1	1.3638608408033328	-10.105426703009472	0.999
ORTHOSTM002529	1	1.1092752244908157	-9.195412884788405	1.0
ORTHOSTM002531	1	1.4523786838452284	-10.223266214160432	0.998
ORTHOSTM000199	1	1.0290024241726443	-10.415642088083054	1.0
ORTHOSTM002532	1	1.167744560471576	-9.339345005024976	1.0
ORTHOSTM002535	1	1.1117840720050671	-9.41181760368386	1.0
ORTHOSTM002541	1	1.1097608039609996	-9.406285757249782	1.0
ORTHOSTM002543	1	1.247200529922646	-9.74218518957116	0.999
ORTHOSTM002544	1	1.093388979306625	-9.638626124929942	1.0
ORTHOSTM002545	1	0.8823877613554635	-9.16101936089927	0.999
ORTHOSTM002562	1	1.1555302511699497	-9.341975551714029	1.0
ORTHOSTM002563	1	1.2997566629904063	-9.955569883698322	0.998
ORTHOSTM002572	1	1.2692418332302233	-9.558913603551625	1.0
ORTHOSTM002580	1	1.3654126408099474	-9.758132531161497	0.999
ORTHOSTM000205	1	0.599964827174633	-9.482974285341527	0.994
ORTHOSTM002585	1	1.2258928697658449	-9.310784947770777	1.0
ORTHOSTM002593	1	1.2698430971777306	-9.656451399327487	1.0
ORTHOSTM002596	1	0.9608280952903744	-8.716862787407756	1.0
ORTHOSTM002612	1	1.3223708180758116	-9.82142205842032	1.0
ORTHOSTM002616	1	0.9325203221837228	-8.476439192918013	1.0
ORTHOSTM002627	1	0.7825832891922088	-8.162786323781205	1.0
ORTHOSTM002628	1	1.219569719371064	-9.728236809258872	1.0
ORTHOSTM002629	1	1.2905145801656726	-9.414824569465905	1.0
ORTHOSTM002630	1	0.8675408152475244	-8.948348320827058	1.0
ORTHOSTM002632	1	0.935285791549092	-9.452720821066974	1.0
ORTHOSTM000021	3	3.190482092138934	-16.18830052304729	0.808
ORTHOSTM000206	1	1.5310032200500603	-11.742317204467946	0.982
ORTHOSTM002643	1	1.372013637905716	-9.830253718599042	0.998
ORTHOSTM002649	1	1.1633491716173703	-9.894269617657182	1.0
ORTHOSTM002650	1	1.1669719941704428	-10.069649733300695	0.999
ORTHOSTM002652	1	1.2839277108110132	-10.138861553305318	0.999
ORTHOSTM002653	1	1.5753399808009891	-10.66227622879381	0.999
ORTHOSTM002656	1	0.9726203382297525	-9.23513796036117	1.0
ORTHOSTM002660	1	1.1288902787810935	-9.566149508363777	0.997
ORTHOSTM002662	1	1.2711619538692842	-10.106692316882405	0.998
ORTHOSTM002668	1	1.4474755722646069	-10.291454938052711	0.999
ORTHOSTM002670	1	1.3389202155263047	-10.061576162418154	0.999
ORTHOSTM000207	1	0.8201953748310272	-10.346135277919652	0.998
ORTHOSTM002676	1	0.9596782482157736	-9.454412446738687	0.998
ORTHOSTM002681	1	1.0783653236286554	-9.543098365335691	1.0
ORTHOSTM002686	1	1.2559940730634742	-9.966123710655454	0.998
ORTHOSTM002688	1	1.454300247952112	-10.489498768621194	0.997
ORTHOSTM002689	1	1.4724090310647806	-10.138797914728158	0.999
ORTHOSTM002690	1	1.2669136533316165	-9.924824334224885	1.0
ORTHOSTM002694	1	1.2998136619035638	-9.883113749183092	0.999
ORTHOSTM002696	1	1.576873855536095	-10.781387145471053	0.999
ORTHOSTM002698	1	1.5437292764062722	-10.452194874352855	0.998
ORTHOSTM002702	1	1.7550184562424744	-11.09878877281294	0.996
ORTHOSTM000209	1	1.2475395551092001	-11.434793400614524	0.991
ORTHOSTM002703	1	1.2967702942092922	-10.091984434338858	0.999
ORTHOSTM002735	1	1.4657743265304282	-10.23951207403239	0.998
ORTHOSTM002755	1	1.2637877594339728	-10.188586451395548	1.0
ORTHOSTM002761	1	1.5885909423697309	-10.59712145729654	0.999
ORTHOSTM002766	1	1.5872874866646545	-10.72028219946577	0.997
ORTHOSTM002777	1	1.4472509334920163	-10.420368218028498	0.998
ORTHOSTM002787	1	1.2981169050691967	-9.738912967833222	1.0
ORTHOSTM002790	1	1.163281533165958	-9.826085794019448	0.999
ORTHOSTM002818	1	1.1018511760840315	-9.196098828981604	1.0
ORTHOSTM002823	1	1.09630921076332	-9.24416931461399	1.0
ORTHOSTM000210	1	0.47280839927856294	-9.012389232637961	1.0
ORTHOSTM002857	1	1.125378593852854	-9.57372070129259	1.0
ORTHOSTM002875	1	1.2989621307566634	-9.809984216293785	1.0
ORTHOSTM002888	1	1.103937080252462	-9.409595617663381	1.0
ORTHOSTM002893	1	1.151533416215647	-9.884090838689106	0.999
ORTHOSTM002896	1	1.1039694875245656	-9.252230394793221	1.0
ORTHOSTM002902	1	0.9848018700475109	-9.226613396854493	1.0
ORTHOSTM002909	1	1.3085280346692603	-10.028271349484804	0.998
ORTHOSTM002911	1	1.1147785763330238	-9.3626684840294	1.0
ORTHOSTM002918	1	1.0696945507620097	-9.035604962826335	0.999
ORTHOSTM002926	1	0.9342524500733719	-9.180659191946301	0.999
ORTHOSTM000221	1	0.585020392137125	-9.367547963859534	1.0
ORTHOSTM002952	1	0.7950969486429237	-8.687378415596923	1.0
ORTHOSTM002956	1	1.1337581730766904	-9.305501173104343	1.0
ORTHOSTM002959	1	1.128459488024954	-9.797998247882962	1.0
ORTHOSTM002962	1	1.1134408990903617	-9.43392906432415	1.0
ORTHOSTM002964	1	0.9404412628614018	-8.855428338866306	1.0
ORTHOSTM002974	1	1.053233987739295	-9.271144230630556	1.0
ORTHOSTM002982	1	1.3074328727448823	-10.205338131142803	1.0
ORTHOSTM003005	1	1.1634782219057973	-9.541854146916613	1.0
ORTHOSTM003006	1	1.2610768271844766	-9.764178540698131	0.999
ORTHOSTM003013	1	1.305767607668952	-9.980387303126392	1.0
ORTHOSTM000222	1	0.8039284176957389	-9.657275768878208	0.997
ORTHOSTM003015	1	0.9372320590275344	-9.07602510969086	1.0
ORTHOSTM003029	1	1.331670330886681	-9.75133434620807	1.0
ORTHOSTM003030	1	1.2578722731973868	-9.810821694298353	1.0
ORTHOSTM003031	1	1.0978158368066857	-9.31262037468613	1.0
ORTHOSTM003067	1	1.059897524778247	-9.575590225360038	0.999
ORTHOSTM003076	1	1.270838569450953	-9.761214271335955	0.999
ORTHOSTM003096	1	1.0347455545801658	-9.296511295990763	0.999
ORTHOSTM003097	1	1.2550845273295124	-9.624573916050212	1.0
ORTHOSTM003098	1	1.431861355391244	-9.951804344723838	1.0
ORTHOSTM003101	1	0.9015457505252861	-8.880174172214188	0.999
ORTHOSTM000223	1	0.8549897378824869	-9.687907321547586	0.998
ORTHOSTM003106	1	1.1587280681889875	-9.302309914555998	1.0
ORTHOSTM003107	1	1.201723935956846	-9.441207543582602	0.999
ORTHOSTM003161	1	1.2533005835826119	-9.874164688275298	0.997
ORTHOSTM003162	1	0.9321323728228404	-8.938440723092386	1.0
ORTHOSTM003169	1	1.2242661823617775	-9.622717526315267	1.0
ORTHOSTM003177	1	1.2383764466116216	-9.737164750931608	1.0
ORTHOSTM003183	1	1.4699266259429535	-10.1262779015727	1.0
ORTHOSTM003186	1	1.4524028199439274	-10.066398171626911	0.999
ORTHOSTM003220	1	1.0889476664505207	-9.101039845494272	0.999
ORTHOSTM003235	1	0.9572684085417263	-8.85726705742565	1.0
ORTHOSTM000225	1	1.022601670260167	-10.571185060258115	0.993
ORTHOSTM003236	1	1.3485194827102498	-9.881789311757746	0.998
ORTHOSTM003241	1	1.3387948258194307	-10.180892654436466	0.999
ORTHOSTM003247	1	1.2778617459469306	-9.868478311854833	1.0
ORTHOSTM003265	1	1.127598429260984	-9.644186285533916	0.999
ORTHOSTM003274	1	1.3865068391150788	-9.982025015251805	0.999
ORTHOSTM003294	1	1.3330872556141606	-9.95296232561229	1.0
ORTHOSTM003313	1	1.2548391176414546	-9.523429953271105	1.0
ORTHOSTM003324	1	1.139981657564032	-9.686905254465382	1.0
ORTHOSTM003329	1	1.3832739645047667	-10.049829550878764	0.999
ORTHOSTM003332	1	1.2618918102165657	-9.735794580601128	1.0
ORTHOSTM000226	1	0.5764929653627474	-8.748468894428989	0.999
ORTHOSTM003334	1	1.2472348954097097	-9.866522150844904	0.998
ORTHOSTM003343	1	1.2369028936305142	-9.463949145760562	0.999
ORTHOSTM003345	1	1.1074205540472495	-9.193101706459917	1.0
ORTHOSTM003347	1	1.437472371390503	-10.271663925826019	1.0
ORTHOSTM003362	1	1.2792233581825254	-9.548071800841912	1.0
ORTHOSTM003371	1	1.5896151042960853	-10.962254307077703	0.994
ORTHOSTM003372	1	1.6755776988693223	-10.94949488784854	0.999
ORTHOSTM003374	1	1.3606548828970082	-10.283107696946155	0.998
ORTHOSTM003382	1	1.1351138973887354	-9.7954352185799	0.997
ORTHOSTM003388	1	1.6245375492487206	-10.868818301106947	0.996
ORTHOSTM000234	1	1.2903601461646992	-11.13059028701171	1.0
ORTHOSTM003400	1	1.264505523931864	-9.833885970703898	0.997
ORTHOSTM003401	1	1.5520027849175742	-10.455443538233967	0.998
ORTHOSTM003403	1	1.324255900409283	-9.934414776470312	0.999
ORTHOSTM003405	1	1.274598351358448	-9.92436705124558	0.998
ORTHOSTM003407	1	1.5845304154125743	-10.758749338721094	0.997
ORTHOSTM003412	1	1.3138497622137497	-9.9730420141274	0.999
ORTHOSTM003414	1	0.8954881167156329	-9.118650144418975	1.0
ORTHOSTM003415	1	0.7853742388929634	-8.553376726337602	1.0
ORTHOSTM003424	1	1.3058350317322884	-9.905713168211657	1.0
ORTHOSTM003425	1	1.1316911570368513	-9.57145969034094	1.0
