ORTHO001058	1.0	0.4903609348760653	-22.023365620012097	1.0	4	4	4	3	7	1	4	1	1	2	1	3	5	1	2	3	3	4	2	2	2	1	1	2	1	1	3	3	3	2	3	3	3	3	3	2	1
ORTHO000675	1.0	0.3553540967108966	-22.658438543622623	1.0	2	2	2	2	7	2	4	2	1	4	2	4	4	3	3	1	3	8	3	2	2	2	2	4	2	1	3	3	5	5	5	7	4	5	7	2	0
ORTHO000511	1.0	0.3908207245581307	-23.339532855827102	1.0	6	6	6	5	11	2	5	2	2	3	1	3	5	2	3	1	3	6	3	3	3	2	2	5	2	2	5	5	3	4	4	6	4	4	6	2	1
ORTHO001753	2.0	0.43104111380068694	-18.372489846379697	1.0	2	2	2	2	6	1	4	1	1	2	1	2	3	1	2	2	2	4	2	2	2	1	1	2	1	1	3	3	1	1	1	2	1	3	6	2	1
ORTHO002083	1.0	0.37708528390528284	-18.511919304900204	1.0	2	2	1	3	5	1	2	1	1	2	1	2	5	1	2	0	2	4	1	1	1	1	1	2	1	1	2	2	2	2	2	4	1	2	4	2	1
ORTHO001948	3.0	0.3753102926132095	-17.28707891700746	1.0	2	2	2	2	2	1	3	1	1	2	1	2	2	3	1	2	2	4	1	1	1	1	1	2	1	1	3	3	2	2	2	3	2	2	5	2	2
ORTHO000374_1	1.0	0.7003479338731646	-28.715526104608816	1.0	5	5	6	4	13	2	2	1	1	2	1	2	6	2	4	0	3	6	1	1	1	1	1	7	2	1	2	2	3	4	3	4	4	4	4	0	1
ORTHO000361_2	1.0	0.6027590722569509	-24.533950722559542	1.0	2	2	2	2	6	1	4	1	1	2	1	2	6	1	3	1	3	6	1	1	1	1	1	2	0	1	5	3	2	2	1	2	2	1	5	2	0
ORTHO000432	1.0	0.5785588003021845	-29.513225332232288	1.0	3	4	4	4	7	3	6	3	3	5	4	7	9	3	4	1	5	10	4	4	4	2	3	5	3	4	2	2	4	6	4	5	3	4	6	2	1
ORTHO000478	1.0	0.6050702974456487	-28.232055912424464	1.0	3	3	3	3	5	2	4	2	2	6	3	5	8	5	4	2	5	9	3	3	4	4	4	7	2	3	3	4	5	3	5	4	2	5	6	2	1
ORTHO000406_1	1.0	0.6518793315520265	-25.611116322472423	1.0	5	5	5	5	10	0	4	1	1	2	1	2	4	1	1	0	1	2	2	2	2	1	1	4	1	1	1	1	3	5	3	5	2	4	5	1	1
ORTHO000269_1	1.0	0.5867894939877802	-25.84052913267751	1.0	1	1	1	1	2	0	2	1	1	2	1	1	2	1	2	0	2	4	1	1	1	1	1	2	1	0	0	0	4	4	5	14	8	6	4	2	1
ORTHO001791	2.0	0.5242192380045368	-20.852118666918937	1.0	2	2	2	2	4	2	2	1	1	2	1	2	2	2	2	3	1	3	2	2	2	1	1	1	2	1	3	3	2	3	1	3	1	2	5	2	2
ORTHO001922	1.0	0.4653799022152364	-19.083589756044876	1.0	2	2	2	2	5	1	3	1	1	2	1	1	2	1	2	2	2	4	1	1	1	1	1	2	1	1	2	1	2	1	1	3	2	2	10	3	1
ORTHO000910	1.0	0.443911360021676	-22.4177031860038	1.0	2	2	3	2	5	1	4	2	1	2	1	4	4	3	3	2	4	7	1	1	1	2	2	4	2	2	3	3	3	3	2	5	4	2	7	2	0
ORTHO001928	1.0	0.5122733577019503	-19.107544105102228	1.0	1	1	1	1	2	1	2	1	1	2	1	2	4	1	1	2	2	4	2	2	2	1	1	2	1	1	1	1	2	3	2	3	2	3	11	2	1
ORTHO002433	1.0	0.46397052778284487	-20.37487569342963	1.0	2	2	2	2	3	1	3	1	1	2	1	2	4	0	2	1	2	4	1	1	1	1	1	2	1	1	2	2	2	2	2	2	1	1	6	0	1
ORTHO001651	2.0	0.41114713604077985	-18.183452889016113	1.0	2	2	2	2	5	1	2	1	1	2	1	2	2	1	2	2	2	2	2	2	2	1	1	2	1	1	3	3	2	2	3	4	3	3	7	1	1
ORTHO000273_1	2.0	0.41868924330480606	-19.674784919780613	1.0	2	2	2	2	3	1	4	1	2	2	1	2	2	1	2	2	2	4	2	2	2	1	1	1	1	1	3	3	2	2	1	4	2	2	8	4	1
ORTHO000652_2	1.0	0.3309827726142619	-18.306241162967524	1.0	2	2	2	2	4	1	3	2	2	3	2	4	4	2	2	2	2	4	1	1	1	2	2	4	3	2	2	2	3	3	4	4	1	3	4	2	1
ORTHO001961	3.0	0.3936771687365484	-16.807462779537932	1.0	2	2	1	2	4	1	2	1	1	2	1	2	2	2	2	2	2	3	1	1	1	1	1	2	1	1	2	2	3	2	2	4	2	3	5	2	2
ORTHO000329_3	1.0	0.3942914550108299	-17.379083365697312	1.0	2	2	2	2	4	1	4	1	1	2	1	2	2	2	3	3	2	4	1	1	1	1	1	2	1	1	2	2	2	2	2	3	3	3	5	2	1
ORTHO002210	1.0	0.4494994427533641	-18.746398140068436	1.0	2	2	2	2	4	1	2	1	1	2	1	2	4	0	1	1	1	2	2	2	2	1	1	3	1	1	1	1	2	3	2	4	2	2	5	1	1
ORTHO001956	1.0	0.3940320905918031	-18.238332112049616	1.0	2	2	2	2	3	1	3	1	1	2	1	3	3	1	1	2	2	4	1	1	1	1	1	1	1	1	3	3	2	2	4	3	2	2	4	2	1
ORTHO001263	2.0	0.4077576097364513	-20.559083833294697	1.0	4	4	4	4	6	1	4	1	1	2	1	2	2	2	2	2	2	3	2	2	2	1	1	3	1	1	3	3	2	2	2	3	1	2	4	4	1
ORTHO000263_1	1.0	0.4253344766168915	-19.468441104403915	1.0	2	2	2	3	5	1	3	1	1	2	1	2	4	2	2	1	2	3	1	1	1	1	1	1	1	1	2	2	3	6	4	5	3	4	3	2	1
ORTHO002669	1.0	0.5048117014147233	-20.051393969356834	1.0	2	2	2	2	4	1	2	1	1	1	1	2	3	1	2	1	1	3	1	1	1	1	1	2	1	0	3	3	2	2	1	2	1	2	5	1	1
ORTHO000644	1.0	0.7704008277784793	-29.898530793024587	1.0	3	3	3	3	6	2	6	3	1	3	1	4	7	2	3	1	3	8	2	2	2	1	3	6	2	1	2	2	5	3	4	5	5	6	6	2	1
ORTHO000693	1.0	0.5778836881281293	-25.40916526232418	1.0	2	2	2	2	4	2	5	3	2	3	3	4	3	3	2	1	3	6	2	2	1	3	3	3	5	3	5	5	3	3	4	6	3	4	7	2	1
ORTHO000327_1	2.0	0.533492409772915	-29.50901888179575	1.0	6	7	6	6	9	3	4	3	3	5	4	5	6	5	5	1	5	10	3	3	3	3	2	5	3	3	4	4	3	3	3	6	4	4	5	2	3
ORTHO001272	1.0	0.6438400247349292	-25.2777239734931	1.0	2	4	2	2	4	1	2	1	1	2	1	2	4	1	2	3	2	4	2	2	2	1	1	3	2	0	2	2	3	4	2	5	4	5	5	1	1
ORTHO001434	2.0	0.589773152810786	-23.301630047094935	1.0	3	3	2	3	4	2	1	1	2	2	1	2	4	3	3	1	1	4	1	1	1	2	1	2	1	1	4	4	2	3	2	3	2	2	5	2	2
ORTHO000335_2	1.0	0.625873826978668	-24.24535817641785	1.0	1	1	1	1	2	1	2	1	1	2	1	2	3	1	2	0	1	3	2	2	2	1	1	2	1	1	2	2	6	5	6	4	6	6	4	2	1
ORTHO002539	2.0	0.36035958324074974	-16.071084344612743	1.0	1	1	1	1	3	1	2	1	1	2	1	2	2	1	2	1	2	4	1	1	1	1	1	3	1	1	1	2	2	2	2	4	2	2	5	2	1
ORTHO001850	1.0	0.420192403900025	-19.486967702623208	1.0	2	2	2	2	5	1	5	1	1	2	1	1	2	2	2	0	1	4	2	2	2	1	1	1	1	1	2	2	2	2	2	4	2	2	6	2	1
ORTHO001493	1.0	0.4202949366687806	-20.664893762813463	1.0	4	2	4	4	6	1	3	1	1	2	1	2	1	1	2	2	2	4	1	1	1	1	1	1	1	1	2	2	2	2	2	6	3	3	6	2	1
ORTHO001561	1.0	0.45843220130967566	-20.077440068150416	1.0	2	2	2	2	4	1	4	1	1	2	1	2	4	0	2	1	2	4	2	2	2	1	1	2	1	1	3	3	3	2	2	5	2	3	4	3	1
ORTHO000489	1.0	0.6626153347432832	-29.089030255305126	1.0	2	2	2	2	6	3	5	3	2	9	2	4	5	5	2	3	4	6	2	2	2	3	3	16	2	3	5	5	4	5	4	5	3	4	4	3	1
ORTHO000688_2	2.0	0.4325643269519915	-17.750547821618305	1.0	2	2	2	2	5	1	2	1	1	1	1	2	3	1	1	1	1	4	1	1	1	2	2	2	1	1	2	2	2	3	2	4	2	2	5	2	1
ORTHO002627	1.0	0.43301015218069044	-19.157529987071612	1.0	2	2	2	1	3	0	3	1	1	2	1	2	2	1	1	1	2	4	1	1	1	1	1	1	1	1	1	1	3	2	2	4	1	2	5	2	1
ORTHO000576	1.0	0.7023301964646799	-32.86016635928299	1.0	5	0	5	6	11	3	8	3	3	6	3	6	5	2	3	1	2	4	3	3	3	2	3	6	3	2	6	6	1	1	1	2	1	1	9	0	1
ORTHO003466	1.0	0.47520536968697985	-18.911816799872387	1.0	2	2	2	2	4	1	2	1	1	2	1	2	4	0	1	0	1	2	1	1	1	1	1	2	1	1	1	1	1	1	1	2	0	1	6	2	1
ORTHO000497_1	1.0	0.5271322605548547	-24.24214193663966	1.0	3	3	3	3	5	1	4	2	1	3	1	4	3	2	3	1	2	6	3	3	3	1	1	3	2	2	3	3	4	5	4	6	2	3	6	2	1
ORTHO000560	1.0	0.4821249400924227	-25.50796217825048	1.0	4	4	4	4	6	2	6	2	2	4	2	4	6	3	4	2	4	6	4	4	4	2	2	3	2	1	3	4	3	4	4	5	3	4	6	3	1
ORTHO002253	1.0	0.40589489043704735	-19.316569229365996	1.0	2	2	2	2	4	0	3	1	1	2	1	2	1	1	2	2	2	4	2	2	2	1	1	1	1	1	2	2	1	2	2	4	2	2	4	1	1
ORTHO002366	1.0	0.510970496290707	-19.91289188409384	1.0	2	2	2	2	5	1	3	1	1	2	1	2	3	1	2	2	2	3	1	1	1	1	1	1	1	1	1	1	2	1	2	3	1	2	6	1	1
ORTHO003167	1.0	0.41022033686316656	-17.692530475936696	1.0	1	1	1	1	2	1	2	1	1	2	1	2	2	2	1	2	2	4	1	1	1	1	1	2	1	1	1	1	2	2	1	3	2	2	5	0	1
ORTHO000283_1	2.0	0.5945951541785509	-28.150964982303684	1.0	3	3	5	3	9	1	5	4	3	4	2	4	4	3	4	2	6	10	2	2	2	4	4	5	3	2	5	6	3	4	4	3	3	3	9	2	2
ORTHO001679	1.0	0.3962075226487006	-19.516536403876646	1.0	2	2	2	2	4	1	3	1	0	1	1	3	2	3	3	3	3	6	1	1	1	2	2	4	2	2	2	2	2	2	2	2	1	2	4	1	1
ORTHO001624	1.0	0.44560975474338155	-20.477484023977212	1.0	1	1	1	1	2	1	3	1	1	2	1	2	4	2	2	0	2	4	2	2	2	1	1	3	1	1	2	2	3	3	4	5	4	4	4	3	1
ORTHO001132_1	1.0	0.39807190784978247	-20.052300561581973	1.0	3	3	3	2	3	0	2	1	0	1	1	2	2	1	2	1	2	4	1	1	1	1	1	2	1	2	1	2	2	2	2	4	2	2	4	2	1
ORTHO001981	1.0	0.4714815824693649	-21.940337877934567	1.0	2	2	2	2	4	1	2	2	1	2	1	1	2	1	2	2	3	5	1	0	1	1	2	3	1	1	2	3	2	1	2	4	2	2	4	2	1
ORTHO001245	1.0	0.6075731133075024	-23.724820703149767	1.0	2	2	2	2	4	1	3	2	2	3	1	5	2	0	2	1	2	6	2	2	2	2	2	4	2	1	2	2	3	2	2	4	1	2	8	2	1
ORTHO002127	1.0	0.45072665367180287	-19.87743651501536	1.0	2	2	2	2	5	1	3	1	1	1	1	2	4	2	2	1	2	4	2	2	2	1	1	2	1	0	1	1	2	3	2	2	2	2	4	1	1
ORTHO002830	1.0	0.37371707453783976	-16.877207102687436	1.0	1	1	1	1	2	1	2	1	0	2	1	2	2	2	2	1	2	4	1	1	1	1	1	3	1	1	1	1	2	3	2	3	2	2	4	2	1
ORTHO000537	1.0	0.6660383863212159	-29.071890034006763	1.0	6	5	5	6	9	2	4	0	3	7	3	6	4	4	2	2	2	5	2	2	2	3	3	7	7	2	2	2	4	4	3	4	2	2	5	2	1
ORTHO002648	1.0	0.5893266145053401	-21.522984300356267	1.0	2	2	2	2	5	1	1	1	1	2	1	2	2	1	3	1	2	4	1	1	1	1	1	3	1	0	1	1	1	1	1	2	1	1	9	0	1
ORTHO000470_1	1.0	0.6456230082668054	-25.884561868095112	1.0	1	1	2	2	4	2	6	2	2	3	2	2	5	1	1	1	3	4	1	1	1	2	2	5	2	4	4	4	4	5	6	9	6	6	10	4	1
ORTHO002031	1.0	0.45536828854369066	-20.073739572484747	1.0	1	1	1	1	2	1	3	1	1	1	1	3	2	1	2	1	2	4	1	1	1	1	1	2	1	1	1	1	4	4	4	5	3	4	4	3	0
ORTHO002967	1.0	0.4250980650856966	-19.73826583939328	1.0	2	2	2	2	3	1	2	1	1	2	1	1	2	2	2	1	2	4	1	1	1	1	1	2	1	1	1	1	2	1	2	3	2	2	4	0	0
ORTHO002291	1.0	0.5864544333358125	-24.577388852851612	1.0	4	4	3	3	8	0	2	1	1	2	1	2	4	1	2	1	2	4	1	1	1	1	1	0	1	0	1	1	1	1	1	2	1	1	6	1	0
ORTHO001267	2.0	0.6004574590957	-24.349686407196675	1.0	3	3	3	3	6	1	4	1	1	2	1	2	3	3	2	0	2	6	1	1	1	1	1	1	1	2	3	2	3	5	3	3	2	3	4	2	2
ORTHO000522	1.0	0.6198230933255204	-27.79620336526046	1.0	4	3	4	5	6	3	5	3	2	5	2	6	7	2	3	2	3	6	3	3	3	3	3	8	3	2	3	3	3	2	3	5	4	5	7	2	1
ORTHO000673	1.0	0.8586891395264742	-33.05479796809908	1.0	3	0	3	3	6	2	6	3	3	4	3	4	2	2	4	3	3	7	2	2	3	3	5	6	4	3	2	3	2	2	2	3	2	3	10	2	0
ORTHO002633	1.0	0.5369368295754572	-19.64724072273381	1.0	1	1	1	1	2	1	4	1	0	2	1	2	2	1	2	1	2	4	2	2	2	1	1	2	1	1	3	3	1	1	1	1	1	1	8	1	1
ORTHO000684_1	1.0	0.890282939809235	-29.88760732030195	1.0	1	0	1	1	3	1	4	1	1	2	1	2	2	1	4	1	2	4	1	1	1	1	1	1	1	1	9	2	2	2	3	5	4	6	4	2	1
ORTHO001768	1.0	0.5387971931382006	-22.502710913766535	1.0	2	2	2	2	4	2	1	2	1	3	2	2	3	2	2	2	3	4	2	1	2	1	1	1	1	1	2	1	2	2	2	4	2	2	5	2	1
ORTHO001304	1.0	0.5751511629088436	-23.27298730361153	1.0	5	4	5	5	6	1	5	1	1	2	1	2	3	3	2	1	2	3	1	1	1	1	1	1	1	1	2	2	3	3	2	3	2	2	4	2	1
ORTHO001303	1.0	0.5980337542824858	-23.411543964459003	1.0	2	2	2	2	2	1	5	1	1	2	1	1	4	2	2	1	2	4	2	2	2	1	1	3	1	2	2	2	3	4	3	4	4	4	5	3	1
ORTHO001134	1.0	0.7596713556802709	-27.778974167024472	1.0	5	6	4	5	9	3	2	1	1	1	1	2	4	1	2	0	3	4	1	1	1	2	1	2	1	1	2	2	2	2	4	3	3	4	3	2	0
ORTHO000386	2.0	1.0680570445866044	-32.37369240701121	1.0	3	3	4	3	6	2	2	4	1	2	1	4	9	4	4	2	4	7	1	1	1	1	1	2	1	4	4	4	10	14	11	10	10	12	6	1	2
ORTHO000336_1	1.0	0.3810782736014922	-25.126321101854135	1.0	4	4	4	7	9	2	6	2	2	4	2	4	4	2	2	3	3	6	1	2	2	2	2	6	2	2	3	3	4	4	5	5	4	4	9	4	1
ORTHO001538	1.0	0.43259015261653727	-20.530289150303982	1.0	1	1	1	2	6	2	4	1	0	2	1	2	4	2	2	1	2	4	1	1	1	1	1	2	1	2	4	3	3	2	3	4	3	3	4	3	1
ORTHO000609	1.0	0.4349158772209651	-26.18260134864947	1.0	4	4	4	4	5	2	5	2	2	4	2	2	6	3	4	0	4	8	2	2	2	2	2	3	2	3	3	3	3	3	4	7	4	4	8	3	1
ORTHO000817	1.0	0.4333504764060735	-22.674341483131006	1.0	3	3	3	3	6	1	4	2	1	4	1	5	3	4	3	3	4	7	2	3	1	2	2	5	2	1	3	3	2	2	2	4	2	3	4	2	1
ORTHO000958	1.0	0.3971616387964214	-21.346579294207398	1.0	2	2	2	3	6	2	4	2	2	3	1	4	6	2	2	1	2	6	2	2	2	2	2	1	2	2	2	2	3	2	3	5	3	3	5	2	1
ORTHO000646	1.0	0.5109813163628146	-25.635959593145827	1.0	6	6	6	6	9	1	5	2	2	4	2	4	2	1	4	1	4	8	2	2	2	2	2	2	3	2	2	2	3	2	3	5	3	3	6	2	1
ORTHO000632_2	2.0	0.481160364584708	-22.351516790165572	1.0	2	3	3	3	6	1	7	2	1	2	1	4	4	3	2	1	2	4	2	2	2	2	2	4	2	3	3	3	2	2	2	2	1	2	6	1	2
ORTHO000493	2.0	0.40422928200021624	-26.465839600027483	1.0	2	2	2	3	3	2	6	3	4	6	3	6	7	4	5	2	5	8	3	3	3	3	3	5	3	3	4	3	4	4	4	5	4	4	7	2	2
ORTHO002334	1.0	0.42934712053734997	-19.353946875647196	1.0	2	2	2	2	3	1	3	1	1	2	1	2	2	2	2	0	2	4	2	2	2	1	2	2	1	1	2	2	1	1	1	2	1	2	5	2	1
ORTHO000331_2	1.0	0.44138866190710696	-20.625895827277887	1.0	1	1	1	1	3	1	3	1	1	1	1	2	4	2	3	0	2	3	1	1	1	1	1	3	1	1	2	2	4	3	4	6	3	4	4	3	1
ORTHO001199	1.0	0.40704998978123225	-20.56559116318936	1.0	2	2	2	2	5	1	2	2	3	4	2	3	4	1	3	1	1	4	2	2	2	1	1	2	2	2	2	2	3	3	3	5	3	3	4	2	1
ORTHO002145	1.0	0.45129062235817874	-19.25552666893183	1.0	2	2	2	2	4	1	3	1	1	2	1	2	4	1	2	2	2	4	2	2	2	1	1	1	1	1	2	1	1	1	2	3	1	2	4	2	1
ORTHO000789_1	1.0	0.37503412078531495	-18.455800251941895	1.0	2	1	2	1	2	1	2	0	1	2	1	2	3	2	2	1	1	4	1	1	1	1	1	2	1	1	2	2	2	2	2	3	2	2	4	2	1
ORTHO002936	1.0	0.5107801425928106	-18.249555256105378	1.0	1	1	1	1	3	1	2	1	1	2	1	2	4	1	2	1	2	4	1	1	1	1	1	1	1	1	1	1	1	1	1	1	1	1	9	3	1
ORTHO002290	1.0	0.4635932432644271	-21.274274716395183	1.0	2	2	2	2	3	1	2	1	1	1	1	2	2	2	2	1	3	4	1	1	1	1	1	0	1	1	2	1	2	3	2	4	2	2	6	1	1
ORTHO002641	2.0	0.41248846656104404	-16.781127172477532	1.0	1	1	1	1	1	1	2	1	1	2	1	2	2	2	2	3	2	4	1	1	1	1	1	2	1	2	1	1	2	2	2	4	2	2	5	1	1
ORTHO000394_2	1.0	0.5448337705536341	-24.302972853762764	1.0	2	2	2	3	5	2	4	2	2	2	2	3	4	1	2	1	3	7	2	2	2	3	2	6	2	2	2	2	2	2	1	4	2	2	9	3	1
ORTHO000716	1.0	0.5585912500360626	-26.893549711397732	1.0	4	4	4	4	7	2	3	2	3	4	1	2	2	0	2	3	3	6	2	2	2	2	2	4	1	2	5	8	5	2	3	6	3	3	5	1	1
ORTHO001975	1.0	0.5862560380501998	-23.48839101834559	1.0	2	2	2	2	5	1	2	1	2	2	1	2	0	1	1	1	2	4	2	2	2	1	1	3	1	1	2	2	3	2	1	3	2	2	8	0	1
ORTHO002621	1.0	0.4625130274163185	-18.730523053975393	1.0	2	2	3	2	2	1	3	1	1	2	1	2	2	1	2	1	2	4	1	1	1	1	1	2	1	1	1	1	3	3	1	2	1	1	4	2	1
ORTHO002025	1.0	0.4551475518200726	-19.148896840037047	1.0	1	1	1	1	3	1	2	1	1	2	1	2	2	1	0	1	1	2	1	1	1	1	1	2	1	1	1	1	4	3	5	5	4	5	6	3	1
ORTHO002542	1.0	0.4806326113947644	-18.49213327823265	1.0	1	1	1	1	2	1	2	1	1	2	2	2	2	1	2	2	1	4	1	1	1	1	1	2	1	1	1	1	2	4	2	3	2	2	5	3	1
ORTHO000257_1	1.0	0.6305001563060864	-26.406871439175802	1.0	3	3	2	2	4	1	5	3	1	4	2	4	6	2	3	1	3	3	4	4	4	2	2	4	2	1	4	3	3	3	2	7	3	4	8	3	1
ORTHO001503	1.0	0.6566903956874285	-26.275719831683116	1.0	1	1	1	1	3	0	3	2	2	4	2	4	0	2	2	3	4	8	1	0	1	1	1	3	1	2	2	2	2	1	2	3	2	2	9	3	1
ORTHO002010	1.0	0.49255427667467777	-19.316533372661635	1.0	2	2	2	2	4	1	4	1	1	2	0	2	2	4	2	2	3	6	1	1	1	1	1	2	1	3	3	2	1	1	1	2	1	1	3	2	1
ORTHO003309	1.0	0.3770452901439035	-16.769617108881263	1.0	1	1	1	1	2	1	1	1	1	2	1	2	2	2	2	1	2	4	1	1	1	1	1	2	1	1	1	1	2	2	2	3	2	2	4	1	0
ORTHO002585	1.0	0.45662125245366014	-18.583891282430404	1.0	2	2	2	2	4	1	2	1	1	2	1	2	2	1	2	0	3	6	1	1	1	1	1	2	1	3	1	2	1	1	1	2	1	1	3	2	1
ORTHO000411	1.0	0.9056013225165214	-33.01600675257431	1.0	7	7	6	6	10	2	5	3	2	5	3	5	9	1	3	1	5	8	3	3	3	3	3	5	3	2	3	1	5	3	2	7	4	6	9	3	1
ORTHO003533	1.0	0.47066434463215384	-18.52016312593259	1.0	1	1	1	1	2	1	2	1	1	2	1	2	2	1	1	0	1	2	2	2	1	1	1	2	1	2	1	1	2	2	2	2	1	2	5	1	1
ORTHO002294	1.0	0.6032121994122476	-24.04477450763063	1.0	2	2	2	3	4	1	4	1	1	2	1	2	1	2	2	0	2	4	2	2	2	1	1	2	1	1	2	2	1	0	1	2	1	1	8	0	1
ORTHO001461	1.0	0.5491146865673049	-22.27565146350911	1.0	2	2	2	2	4	1	4	2	2	2	1	3	2	1	3	2	2	6	2	2	2	2	2	2	2	1	3	2	2	1	2	4	2	1	5	2	1
ORTHO001444	1.0	0.8388891760529172	-30.073822338780005	1.0	2	2	2	2	2	2	4	1	1	1	1	4	0	2	2	1	2	5	2	1	0	1	2	4	3	1	4	4	1	1	3	4	2	2	9	2	1
ORTHO001026	1.0	0.5689078332514717	-25.74300558945657	1.0	4	4	4	3	3	2	5	2	2	3	2	4	3	1	1	1	2	6	2	2	2	1	2	4	2	1	3	3	2	2	1	3	1	2	7	2	1
ORTHO000387_1	2.0	0.5354890660010687	-27.87475862537331	1.0	5	5	5	4	8	3	5	3	2	5	3	5	6	4	5	1	5	9	4	4	4	3	3	5	3	3	6	5	2	2	2	3	1	2	7	5	2
ORTHO002410	1.0	0.4660498661913174	-19.104120249229606	1.0	1	1	1	1	2	1	5	1	1	2	1	2	4	1	2	1	2	4	1	1	1	1	1	3	1	1	3	3	2	2	2	2	2	2	3	1	1
ORTHO002315	2.0	0.5223514582099381	-21.73325719651469	1.0	2	2	2	2	5	1	2	1	1	2	0	2	2	1	1	0	1	2	2	2	2	1	1	1	1	2	1	1	3	1	3	3	3	3	4	2	2
ORTHO000790	1.0	0.5977687119474765	-27.24357094466953	1.0	6	6	6	5	6	1	2	2	2	4	2	4	4	0	2	1	3	7	2	2	2	2	2	5	2	2	3	2	2	2	2	2	1	2	6	3	1
ORTHO000867	1.0	0.5697958839855048	-27.39482492603934	1.0	1	2	1	1	1	2	6	3	2	3	2	4	1	2	2	2	2	4	2	2	2	2	2	6	2	2	2	4	5	6	4	5	4	4	6	2	0
ORTHO002547	1.0	0.6056705987481165	-21.85627529505874	1.0	2	2	2	1	3	1	3	1	1	2	1	2	2	0	2	1	2	3	1	1	1	1	1	2	1	2	2	2	1	3	2	1	1	1	8	1	1
ORTHO001307	1.0	0.628644435762869	-22.943768284958924	1.0	3	3	3	4	6	1	4	2	2	3	1	3	4	2	3	2	2	5	1	1	1	1	1	3	1	1	2	2	1	1	2	3	1	2	5	3	1
ORTHO003403	1.0	0.5247063314248721	-19.4738275162432	1.0	1	1	1	1	2	1	4	1	1	2	1	2	2	1	2	0	2	4	1	1	1	1	1	2	1	2	2	2	1	1	1	3	0	1	3	2	1
ORTHO000836	1.0	0.5464131052552412	-26.99650119154202	1.0	5	5	5	5	5	2	4	2	3	4	2	3	6	0	2	1	2	4	2	2	2	2	2	6	3	2	2	2	2	2	0	3	2	2	5	2	1
ORTHO001565	1.0	0.6014518319824236	-23.725558323355028	1.0	4	4	3	3	4	1	4	1	0	2	1	2	3	3	2	1	2	3	2	2	2	1	1	2	1	1	2	2	1	3	2	4	2	2	5	1	1
ORTHO000428	1.0	0.586761706433485	-28.54510733828446	1.0	8	8	10	9	12	2	7	5	2	3	2	6	4	2	2	2	2	3	2	2	2	2	2	5	2	2	4	4	5	6	5	5	4	5	4	3	1
ORTHO004289	1.0	0.4922904767953617	-18.653960205133064	1.0	1	0	1	1	2	1	2	1	1	2	0	4	2	1	1	2	2	4	1	1	1	1	1	2	1	1	1	1	1	1	1	2	1	1	3	1	1
ORTHO001196	1.0	0.7819008711020794	-27.231212585508352	1.0	4	4	4	4	6	1	3	1	1	2	1	1	4	1	3	1	1	2	2	2	2	1	1	2	1	0	1	1	3	6	3	10	2	3	3	1	1
ORTHO002329	1.0	0.5553629569466806	-21.677736150852954	1.0	1	1	1	1	2	1	3	1	1	2	1	0	2	2	2	1	2	4	1	1	1	1	1	3	1	1	2	1	2	2	3	3	3	3	7	2	1
ORTHO002490	1.0	0.8207832897391513	-27.133640338729393	1.0	3	2	3	2	3	0	2	1	1	2	2	2	2	1	1	2	3	4	1	1	1	1	1	1	1	1	1	1	1	2	2	3	1	0	9	0	1
ORTHO001713	1.0	0.6096105668816496	-24.293292761721872	1.0	2	3	3	3	5	1	3	1	1	2	1	2	2	4	2	1	2	4	1	1	1	1	1	2	1	1	1	1	4	2	3	3	4	3	4	0	1
ORTHO001093	1.0	0.6542365773935381	-26.743647734507146	1.0	4	1	4	3	6	1	4	1	1	2	1	2	1	2	2	2	2	4	2	2	2	1	1	1	1	1	6	8	4	3	2	3	3	4	4	1	1
ORTHO002003	1.0	0.7723126504815215	-25.73781738188685	1.0	3	2	2	1	3	1	1	2	1	3	0	2	2	0	1	1	1	2	1	1	1	2	2	1	1	2	3	2	2	1	4	5	3	2	7	2	1
ORTHO000309_1	2.0	0.7592564099874762	-27.413708761291353	1.0	2	1	1	1	3	0	3	1	0	3	1	2	2	0	2	0	2	4	2	2	2	1	1	0	1	1	4	3	1	1	1	2	1	1	5	3	2
ORTHO002551	1.0	0.42541527640979204	-17.44196965087398	1.0	1	1	1	1	2	1	2	1	1	2	1	2	4	1	2	2	3	4	2	2	2	1	1	2	1	1	1	1	1	2	2	3	2	2	3	2	1
ORTHO001257	1.0	0.986852544219669	-29.13209935216401	1.0	2	2	3	5	1	2	4	1	1	5	2	3	4	1	3	1	2	6	1	1	1	1	1	2	1	1	1	1	4	4	3	5	2	3	6	1	1
ORTHO002225	1.0	0.5320369084630275	-22.396917100148737	1.0	2	2	2	2	3	1	2	1	1	2	1	2	3	1	3	0	2	4	2	2	1	1	1	1	1	1	2	2	2	2	2	1	2	2	6	2	1
ORTHO002180	1.0	0.5543646417667352	-21.44273541509122	1.0	2	2	2	2	3	1	2	1	1	2	1	2	4	1	2	2	1	3	2	2	2	1	1	1	1	1	2	2	1	3	2	3	1	2	6	1	1
ORTHO003184	1.0	0.4977285185372549	-19.86258527073882	1.0	2	2	2	2	2	1	2	1	1	2	1	2	3	1	2	1	1	2	1	1	1	1	1	3	1	1	1	1	2	2	2	1	1	2	4	1	1
ORTHO001636	1.0	0.6631495487045016	-24.57281233177639	1.0	2	2	2	2	3	2	3	1	2	4	2	4	4	1	1	0	1	2	1	1	1	1	1	1	1	1	1	1	3	4	3	5	1	4	7	3	1
ORTHO004159	1.0	0.4894274269670245	-21.203465734846134	1.0	2	2	2	2	1	1	2	1	1	2	1	1	2	1	1	0	1	2	1	1	1	1	1	2	0	1	1	1	2	2	2	2	1	2	4	1	1
ORTHO000355_3	1.0	0.7524103927493402	-26.1346398603937	1.0	3	3	3	4	7	1	2	1	0	1	2	3	2	3	2	1	3	5	1	1	1	1	1	2	1	2	2	1	3	5	1	3	3	3	4	3	1
ORTHO001386	1.0	0.6225221886422201	-24.04709898729764	1.0	2	2	2	2	2	1	3	1	1	3	2	5	4	1	3	2	2	5	2	2	2	2	2	3	1	1	2	3	2	2	2	2	2	2	6	2	1
ORTHO002161	2.0	1.1098947377322308	-31.082809373119378	1.0	2	2	1	3	5	1	3	1	1	2	1	1	2	4	2	1	1	3	2	2	1	1	1	2	1	0	1	1	0	3	0	4	3	1	7	0	3
ORTHO000369_2	1.0	0.6072122673864303	-24.699873408821464	1.0	2	2	2	3	2	0	4	1	1	1	1	2	2	1	2	0	2	4	1	1	1	1	1	2	1	1	2	2	2	3	3	3	2	2	4	0	1
ORTHO002088	1.0	0.5433787096988038	-23.466819219328013	1.0	2	2	2	2	2	2	3	1	2	2	1	2	2	0	1	2	2	4	1	1	1	1	1	3	1	0	2	2	3	3	3	3	3	2	4	1	1
ORTHO002359	1.0	0.7015550497567645	-26.52893237140661	1.0	3	2	3	3	4	1	2	1	0	3	1	2	2	1	1	0	2	3	2	2	2	0	1	2	1	0	1	1	2	2	2	3	2	2	6	1	1
ORTHO002444	1.0	0.7268643581793355	-25.089906530863143	1.0	2	2	2	2	4	1	2	1	1	2	1	2	4	4	1	0	1	2	3	3	2	1	1	2	1	1	1	2	1	2	2	1	0	1	5	1	1
ORTHO001761	1.0	0.5265024438671937	-23.52800024780024	1.0	1	1	1	1	1	0	4	1	1	2	1	2	2	1	1	0	2	3	2	2	2	1	1	1	1	2	3	3	4	4	4	5	4	4	5	2	1
ORTHO002004	1.0	0.6366813215854611	-22.44759731178349	1.0	2	2	2	2	3	1	3	1	1	2	1	2	3	3	2	1	1	2	2	2	2	1	1	3	1	2	1	1	3	4	2	3	1	2	4	1	1
ORTHO000481_1	1.0	0.651422028063063	-29.31817380593384	1.0	3	3	3	4	3	2	5	2	2	4	3	6	4	5	4	2	4	8	3	4	4	3	3	5	3	2	6	4	1	1	3	2	3	2	3	2	1
ORTHO000535	1.0	0.8583502991270883	-34.173418541079556	1.0	4	5	4	4	4	0	3	2	3	2	3	5	6	4	4	3	4	7	2	2	2	2	2	5	4	2	4	5	5	5	5	3	7	6	3	2	1
