ORTHO000593_1	2	0.324203203711904	-18.820783576613945	1.0
ORTHO000652_2	1	0.3309827726142619	-18.306241162967524	1.0
ORTHO001318	1	0.3357718963929106	-17.512381226408866	1.0
ORTHO000806_1	1	0.35511744524866823	-18.15609335384357	1.0
ORTHO000675	1	0.3553540967108966	-22.658438543622623	1.0
ORTHO000919	1	0.35637601159494353	-20.86974533954881	1.0
ORTHO002539	2	0.36035958324074974	-16.071084344612743	1.0
ORTHO001129	1	0.3672944375057921	-18.744413018273406	1.0
ORTHO001056	1	0.3687069157840073	-20.094967737467165	1.0
ORTHO002268	1	0.3704019069807138	-18.81609860072219	1.0
ORTHO000975	2	0.371463194248762	-19.777989545442992	1.0
ORTHO000580_1	1	0.37282074163451645	-18.91622557596747	1.0
ORTHO003126	2	0.3731342286182254	-15.650098318198358	1.0
ORTHO001338	1	0.37364844718154344	-18.920641620331907	1.0
ORTHO002830	1	0.37371707453783976	-16.877207102687436	1.0
ORTHO000789_1	1	0.37503412078531495	-18.455800251941895	1.0
ORTHO001948	3	0.3753102926132095	-17.28707891700746	1.0
ORTHO003309	1	0.3770452901439035	-16.769617108881263	1.0
ORTHO002083	1	0.37708528390528284	-18.511919304900204	1.0
ORTHO000848	1	0.3778673180219303	-20.185265860906448	1.0
ORTHO000957	1	0.3789163552714781	-20.07634353034227	1.0
ORTHO000745	1	0.37943528701168017	-20.78760524372406	1.0
ORTHO002657	2	0.3795307080048597	-18.314481634990134	1.0
ORTHO000792	1	0.3800183174720259	-21.712106378703847	1.0
ORTHO002728	1	0.3803642082357721	-17.065893587354157	1.0
ORTHO001255	2	0.3808129960414803	-20.281385966237167	1.0
ORTHO000679	2	0.3808980493062976	-22.66820200425752	1.0
ORTHO000336_1	1	0.3810782736014922	-25.126321101854135	1.0
ORTHO001019	1	0.3813676562456488	-20.33190589535238	1.0
ORTHO001837	1	0.3831677855712302	-19.00446847587373	1.0
ORTHO000877	1	0.38404750654951253	-21.99937836313515	1.0
ORTHO000757	1	0.3844258238099757	-21.856609695248416	1.0
ORTHO000992	1	0.38595936576108125	-20.286728360062405	1.0
ORTHO001708	1	0.38810066332684245	-18.630105818192593	1.0
ORTHO002220	2	0.3887963244053907	-17.49843683962351	1.0
ORTHO000658_1	1	0.3896773825887886	-21.769176162428487	1.0
ORTHO000511	1	0.3908207245581307	-23.339532855827102	1.0
ORTHO000265_3	1	0.3916836765816137	-16.768274258869283	1.0
ORTHO001110_1	1	0.3916860310970009	-15.936034738458444	1.0
ORTHO003256	1	0.3925987376792271	-16.23598360565071	1.0
ORTHO003140	1	0.393095276236652	-16.8304838252941	1.0
ORTHO001961	3	0.3936771687365484	-16.807462779537932	1.0
ORTHO004049	1	0.3937900493224001	-15.845778441940501	1.0
ORTHO001490	1	0.39383787934569114	-19.80820419352586	1.0
ORTHO001956	1	0.3940320905918031	-18.238332112049616	1.0
ORTHO000329_3	1	0.3942914550108299	-17.379083365697312	1.0
ORTHO002062	1	0.3948072691629666	-18.84660255627062	1.0
ORTHO001953	2	0.39537376313102907	-18.150430714055027	1.0
ORTHO001679	1	0.3962075226487006	-19.516536403876646	1.0
ORTHO000958	1	0.3971616387964214	-21.346579294207398	1.0
ORTHO005336	1	0.39772462544120607	-15.693998023380056	1.0
ORTHO001132_1	1	0.39807190784978247	-20.052300561581973	1.0
ORTHO003868	1	0.3992904243510467	-15.53676416981327	1.0
ORTHO002550	1	0.400144835587308	-16.303846501452032	1.0
ORTHO000616_1	1	0.4002216976378789	-20.33540315298833	1.0
ORTHO002089	1	0.40200148862516577	-17.94194567808127	1.0
ORTHO001292	1	0.40241891023021414	-20.529226637696343	1.0
ORTHO002710	1	0.40288390387806366	-17.493482110408316	1.0
ORTHO000493	2	0.40422928200021624	-26.465839600027483	1.0
ORTHO000996	1	0.40427842511233836	-22.222531674265458	1.0
ORTHO002060	1	0.4053656214595211	-18.390711339059884	1.0
ORTHO001483	1	0.4055503314421728	-20.639294685640714	1.0
ORTHO002720	2	0.40565704421234655	-17.71548222631898	1.0
ORTHO002253	1	0.40589489043704735	-19.316569229365996	1.0
ORTHO004040	1	0.4062329105697604	-16.503252058795866	1.0
ORTHO001199	1	0.40704998978123225	-20.56559116318936	1.0
ORTHO000971	1	0.40765802721894767	-20.482679864090684	1.0
ORTHO001263	2	0.4077576097364513	-20.559083833294697	1.0
ORTHO000786	1	0.40789521432805154	-22.161710609150333	1.0
ORTHO002651	3	0.40795415108480104	-17.466376281477945	1.0
ORTHO002059	2	0.40862610470914396	-17.23499181610804	1.0
ORTHO002365	2	0.40881748533300916	-17.37896745985746	1.0
ORTHO002007	1	0.40953936266802743	-18.722941276367337	1.0
ORTHO000761	1	0.40992505820879865	-23.129113994596793	1.0
ORTHO004151	1	0.4100538794408952	-16.40171890879575	1.0
ORTHO003167	1	0.41022033686316656	-17.692530475936696	1.0
ORTHO005646	1	0.4104244963360426	-15.07045431140596	1.0
ORTHO005000	1	0.4106202772686369	-15.752636491855533	1.0
ORTHO004526	1	0.4107854111564442	-15.684735209835639	1.0
ORTHO001651	2	0.41114713604077985	-18.183452889016113	1.0
ORTHO000887_1	2	0.41227002599893037	-16.598402596539895	1.0
ORTHO002641	2	0.41248846656104404	-16.781127172477532	1.0
ORTHO003690	1	0.4126728226098335	-16.267604177129783	1.0
ORTHO003523	1	0.41360382104683113	-16.60093607328093	1.0
ORTHO000888_3	1	0.41417264277369625	-18.150873774233926	1.0
ORTHO002028	1	0.4146131707464107	-19.65474579899825	1.0
ORTHO004126	2	0.4150573999428041	-16.19575228074261	1.0
ORTHO002727	1	0.41552381214901335	-17.66161831524023	1.0
ORTHO001313	1	0.4159664253475039	-18.824795658222317	1.0
ORTHO002429	2	0.4171235772720906	-18.117659705658042	1.0
ORTHO000303_2	2	0.41722273758425765	-16.525643102616133	1.0
ORTHO002840	1	0.4178895039572067	-17.260504322816693	1.0
ORTHO002802	1	0.4182520974273173	-19.454734936117074	1.0
ORTHO002746	2	0.41867027503410037	-17.49283931799395	1.0
ORTHO000273_1	2	0.41868924330480606	-19.674784919780613	1.0
ORTHO003385	1	0.418961876267399	-18.459686943569785	1.0
ORTHO003271	1	0.41920377447880863	-18.756584028124816	1.0
ORTHO003030	2	0.41963257345390276	-16.689118317261215	1.0
ORTHO001850	1	0.420192403900025	-19.486967702623208	1.0
ORTHO001493	1	0.4202949366687806	-20.664893762813463	1.0
ORTHO003889	1	0.4203119777805772	-16.563864943470417	1.0
ORTHO001476	1	0.4210046728244632	-22.085079299640782	1.0
ORTHO000457	1	0.4217921555234926	-25.887525743949055	1.0
ORTHO002951	3	0.42215503717216724	-16.486495523030523	1.0
ORTHO001614	1	0.4229740971625209	-20.670039879276203	1.0
ORTHO000847	1	0.42345239171420007	-20.985485188972646	1.0
ORTHO000273_2	1	0.42450213772324386	-20.76407208125826	1.0
ORTHO002512	2	0.4246436644898126	-18.776772282430677	1.0
ORTHO000331_3	1	0.4247090586677071	-17.492429542937657	1.0
ORTHO002967	1	0.4250980650856966	-19.73826583939328	1.0
ORTHO003481	1	0.4252037067426951	-18.14106677102173	1.0
ORTHO000263_1	1	0.4253344766168915	-19.468441104403915	1.0
ORTHO002551	1	0.42541527640979204	-17.44196965087398	1.0
ORTHO003162	1	0.4256569092678427	-18.074744688746765	1.0
ORTHO002595	1	0.4263888157206618	-18.972086113630194	1.0
ORTHO001700	1	0.4269535106630602	-21.146021928821416	1.0
ORTHO004534	1	0.4269861569361863	-16.073038285826005	1.0
ORTHO002863	1	0.42708431303311495	-16.575204963941584	1.0
ORTHO001936	2	0.4273552140213709	-18.544625025504004	1.0
ORTHO004785	1	0.42763621211553443	-16.330764996235445	1.0
ORTHO001888	1	0.42786314003615344	-18.962565850283454	1.0
ORTHO003194	1	0.4279379390410661	-18.149596707964886	1.0
ORTHO001030	2	0.4284958495019806	-22.145833253113864	1.0
ORTHO002385	1	0.42852488932661376	-17.805127183237104	1.0
ORTHO003353	1	0.4290878723929466	-18.034420718530356	1.0
ORTHO002334	1	0.42934712053734997	-19.353946875647196	1.0
ORTHO001658	1	0.42954905455329784	-20.66824752443134	1.0
ORTHO002910	1	0.42971455537172604	-18.86495880156867	1.0
ORTHO001504	1	0.43011243170541213	-19.871300969522576	1.0
ORTHO003443	1	0.43054609275856576	-17.168775141586025	1.0
ORTHO001753	2	0.43104111380068694	-18.372489846379697	1.0
ORTHO003887	1	0.4311877296615055	-17.22145733017298	1.0
ORTHO000800	1	0.43159435983616734	-22.613278556475493	1.0
ORTHO002971	1	0.43228891630834904	-18.63596923175271	1.0
ORTHO002911	1	0.4323881022973954	-18.613444403963964	1.0
ORTHO000688_2	2	0.4325643269519915	-17.750547821618305	1.0
ORTHO001538	1	0.43259015261653727	-20.530289150303982	1.0
ORTHO000532_1	1	0.43261686292758306	-20.660146029235907	1.0
ORTHO000406_2	1	0.43271606745069185	-18.49025742235213	1.0
ORTHO002627	1	0.43301015218069044	-19.157529987071612	1.0
ORTHO003317	1	0.43334798533195146	-17.96467871145312	1.0
ORTHO000817	1	0.4333504764060735	-22.674341483131006	1.0
ORTHO005193	1	0.43353611078447213	-17.200627698223112	1.0
ORTHO000994	1	0.43412123743604863	-23.01698505445403	1.0
ORTHO003629	1	0.4342022475961689	-18.661042340574138	1.0
ORTHO000609	1	0.4349158772209651	-26.18260134864947	1.0
ORTHO001397	1	0.43509559025802	-20.549304079492313	1.0
ORTHO001691	1	0.4357281656569976	-21.82015377654275	1.0
ORTHO002206	1	0.43627729073641874	-19.52684165848463	1.0
ORTHO001229	1	0.4363138316990598	-20.90138025457356	1.0
ORTHO003682	1	0.4363583731197326	-16.357054209086062	1.0
ORTHO003874	1	0.4367512009554982	-16.32523270103296	1.0
ORTHO001373	1	0.4368728274453262	-19.862421713228347	1.0
ORTHO003415	1	0.43711320858118724	-17.28907100032904	1.0
ORTHO001087	1	0.4373938375052104	-20.81074030259862	1.0
ORTHO003862	1	0.43757800098803923	-15.935147649918873	1.0
ORTHO000766_1	1	0.43796005471748933	-20.377150554608093	1.0
ORTHO003866	1	0.4384022851372544	-18.262624836369337	1.0
ORTHO005130	1	0.4389018959028303	-15.46491987416246	1.0
ORTHO002973	1	0.43938776739230206	-18.69118059128083	1.0
ORTHO005049	1	0.4395051518278102	-16.233262643314518	1.0
ORTHO005872	1	0.43976572118480306	-15.558826325522418	1.0
ORTHO001010	1	0.4397763967540186	-20.47893722080797	1.0
ORTHO004824	1	0.43997466294752907	-16.189146378572257	1.0
ORTHO000804	2	0.4401386057554951	-23.796182542006175	1.0
ORTHO000393_1	1	0.44052380530271784	-23.225533718079493	1.0
ORTHO004195	1	0.4406825127439464	-17.572002220708526	1.0
ORTHO001344	1	0.4408474053349592	-22.302135535239476	1.0
ORTHO000694_3	1	0.4410254148723607	-18.907428777554777	1.0
ORTHO004003	1	0.44136792330646685	-17.938139011041837	1.0
ORTHO000331_2	1	0.44138866190710696	-20.625895827277887	1.0
ORTHO001168	1	0.4413936007685388	-21.559423429863624	1.0
ORTHO000414_2	1	0.4417179709052089	-16.19832788511947	1.0
ORTHO004505	1	0.44209138862970077	-17.019803433126725	1.0
ORTHO003871	2	0.4424119216731998	-15.594307333122353	1.0
ORTHO003392	1	0.44266933601431013	-17.11975940507954	1.0
ORTHO003864	1	0.4430835756226659	-16.707172820624326	1.0
ORTHO000803_2	1	0.4431974347718576	-17.346435099087635	1.0
ORTHO002586	1	0.44331562551367226	-17.837309888938066	1.0
ORTHO003707	2	0.44334233650228105	-16.22422465147806	1.0
ORTHO001244	1	0.44342146340761157	-22.72484223363755	1.0
ORTHO003239	2	0.44356518100520126	-17.090384990316885	1.0
ORTHO003349	2	0.4438739055004201	-16.57195951662975	1.0
ORTHO000910	1	0.443911360021676	-22.4177031860038	1.0
ORTHO000983	2	0.44429697715529715	-22.97605706373332	1.0
ORTHO003273	1	0.4443783559022493	-18.086333290972835	1.0
ORTHO002825	1	0.4445170243734224	-18.18649738116266	1.0
ORTHO000963	1	0.44465028054591454	-22.273764261262222	1.0
ORTHO002743	1	0.4447882778399562	-18.612446467156293	1.0
ORTHO002790	1	0.44551068490898227	-18.361227320285042	1.0
ORTHO001624	1	0.44560975474338155	-20.477484023977212	1.0
ORTHO000552_2	1	0.44591792122230406	-21.862396872649768	1.0
ORTHO000570_1	1	0.44596512470655864	-17.285816691835556	1.0
ORTHO001042	1	0.44604833825650775	-22.26353905216059	1.0
ORTHO003290	1	0.44613147532334535	-18.21574818712622	1.0
ORTHO005298	1	0.44616456775245317	-15.480914592478834	1.0
ORTHO000827_1	1	0.4462325194579954	-19.7105254488047	1.0
ORTHO003220	1	0.4463703465605365	-18.769612876428656	1.0
ORTHO003037	1	0.44642695647445463	-18.926101336235828	1.0
ORTHO001384	1	0.4468667828492777	-23.62249824760587	1.0
ORTHO003144	1	0.44709538570047286	-16.91515516568188	1.0
ORTHO001661	1	0.4472123759103443	-20.9714202607075	1.0
ORTHO002679	1	0.44808783131894475	-19.629871853781204	1.0
ORTHO001000	2	0.44846188283743027	-23.660843443968332	1.0
ORTHO000502_1	1	0.44867712039845603	-19.802665148387135	1.0
ORTHO003082	1	0.44874693923814013	-17.95412405667108	1.0
ORTHO001794	1	0.4488445963595479	-20.005614465604612	1.0
ORTHO000403	1	0.44896003597722617	-27.297545584822082	1.0
ORTHO002521	1	0.4490646226071457	-18.63214484408248	1.0
ORTHO002831	1	0.4491274118564776	-18.53193686400838	1.0
ORTHO002316	2	0.449249257789936	-18.362835269596864	1.0
ORTHO002210	1	0.4494994427533641	-18.746398140068436	1.0
ORTHO000917	1	0.4495567577577073	-25.46693152549441	1.0
ORTHO003865	1	0.44962164165205615	-17.01063844683628	1.0
ORTHO001415	1	0.4500964412969532	-22.62802127647902	1.0
ORTHO000254_2	1	0.4503193461674108	-22.706122921402994	1.0
ORTHO001335	1	0.45057725482629235	-22.61912699337076	1.0
ORTHO002127	1	0.45072665367180287	-19.87743651501536	1.0
ORTHO004389	1	0.45095163482621775	-18.404937046589396	1.0
ORTHO003382	2	0.4510588892926994	-18.047006351913783	1.0
ORTHO002145	1	0.45129062235817874	-19.25552666893183	1.0
ORTHO004339	1	0.45133831063954505	-17.423649210273876	1.0
ORTHO002860	1	0.4515509080812371	-18.501149742726316	1.0
ORTHO001696	1	0.45180435572910893	-21.490959061977	1.0
ORTHO004403	1	0.45256032567184545	-17.565323168483904	1.0
ORTHO005034	1	0.45275866409485865	-15.775225834053828	1.0
ORTHO003891	1	0.4528841065438308	-16.619394519782357	1.0
ORTHO004214	1	0.4530758617117395	-16.60553566077704	1.0
ORTHO001811	1	0.45319847084998816	-19.309306326423524	1.0
ORTHO003770	1	0.4533464101696979	-18.936280823116974	1.0
ORTHO005057	1	0.4535848444913294	-15.94931867260919	1.0
ORTHO005067	1	0.4535848444913294	-15.94931867260919	1.0
ORTHO002624	1	0.4540348641794915	-17.73008123356877	1.0
ORTHO006000	1	0.45430059309359105	-16.532610186841413	1.0
ORTHO005980	1	0.4548233071529241	-16.424900589634888	1.0
ORTHO001939	1	0.45497825293979016	-17.860635885729103	1.0
ORTHO002025	1	0.4551475518200726	-19.148896840037047	1.0
ORTHO002031	1	0.45536828854369066	-20.073739572484747	1.0
ORTHO002009	1	0.4555840378799581	-21.439331226886818	1.0
ORTHO004755	1	0.45582365441761974	-17.315255927216963	1.0
ORTHO003004	1	0.4559147560537483	-19.429236452354164	1.0
ORTHO000829_2	1	0.4560710114191121	-16.61179064245171	1.0
ORTHO002844	2	0.45628936564500067	-17.26133243078477	1.0
ORTHO003491	2	0.45635781543274256	-17.50487568990574	1.0
ORTHO002585	1	0.45662125245366014	-18.583891282430404	1.0
ORTHO003892	1	0.45704226856205044	-17.229216206326182	1.0
ORTHO003023	1	0.45718676429535005	-18.835813188017177	1.0
ORTHO003647	1	0.45744392165973613	-17.60284319099337	1.0
ORTHO000733	1	0.45764425735743725	-23.339078819651164	1.0
ORTHO002157	1	0.45765603970183916	-18.849492534329727	1.0
ORTHO004075	2	0.4581020327723221	-17.028727269663015	1.0
ORTHO001561	1	0.45843220130967566	-20.077440068150416	1.0
ORTHO004799	1	0.4584399873241761	-16.82587412190077	1.0
ORTHO001181	2	0.4585218936463381	-21.334186669392214	1.0
ORTHO003534	1	0.45958757772625325	-18.34185988276298	1.0
ORTHO003843	1	0.4598133096742394	-18.313159518719043	1.0
ORTHO001055	1	0.4602258775654821	-22.74397216085459	1.0
ORTHO003007	1	0.4603531622208854	-19.447172726569104	1.0
ORTHO000486_2	1	0.46037876261681765	-22.052059481743427	1.0
ORTHO000626_2	1	0.4603876480605237	-18.80041415622699	1.0
ORTHO003951	1	0.46051894174180763	-17.810872476580112	1.0
ORTHO004347	1	0.46061429935273085	-17.92828410817809	1.0
ORTHO001842	1	0.4607496753627923	-20.23749793872253	1.0
ORTHO003075	1	0.46090981085721383	-18.98212800892735	1.0
ORTHO001822	1	0.46106544622119855	-21.121530677920543	1.0
ORTHO003639	1	0.4610969940274434	-17.941928193654206	1.0
ORTHO004026	1	0.4612130344395979	-17.842838616787077	1.0
ORTHO001770	1	0.4613425626014156	-21.39403574087673	1.0
ORTHO003233	1	0.4615071021826447	-18.480449857566995	1.0
ORTHO004421	1	0.46158026780720696	-16.186915891017208	1.0
ORTHO002930	1	0.4618843830658578	-17.744732634969786	1.0
ORTHO002621	1	0.4625130274163185	-18.730523053975393	1.0
ORTHO003691	1	0.4627817966944652	-18.629570855960143	1.0
ORTHO001215	2	0.4628878896702551	-21.279223580277204	1.0
ORTHO000586_2	1	0.4632006238297063	-19.532427028530307	1.0
ORTHO004065	1	0.4634441200587259	-17.476112082011678	1.0
ORTHO002290	1	0.4635932432644271	-21.274274716395183	1.0
ORTHO004404	1	0.4636583248303287	-16.5714487833467	1.0
ORTHO004511	1	0.4638968687675481	-16.923352172951674	1.0
ORTHO002433	1	0.46397052778284487	-20.37487569342963	1.0
ORTHO004208	1	0.46470842811462537	-17.339577358136122	1.0
ORTHO003350	1	0.46505973819848434	-18.742043119264366	1.0
ORTHO001922	1	0.4653799022152364	-19.083589756044876	1.0
ORTHO004294	1	0.46567200091262706	-18.556012293981627	1.0
ORTHO001291	2	0.4659293036003644	-22.02409350559648	1.0
ORTHO001518	1	0.4659732858680446	-20.83803754703058	1.0
ORTHO002410	1	0.4660498661913174	-19.104120249229606	1.0
ORTHO002773	1	0.4663922042608927	-18.19196374828465	1.0
ORTHO001801	1	0.46698357968250415	-20.04347124055677	1.0
ORTHO000883	1	0.46761332717111387	-23.003562950104065	1.0
ORTHO001877	1	0.46811360479190167	-19.81950069416085	1.0
ORTHO002701	1	0.46845925761312057	-19.017062160725434	1.0
ORTHO002995	1	0.4686300299633475	-18.433308205752216	1.0
ORTHO001605	1	0.4689832247305809	-20.280009131211607	1.0
ORTHO005496	1	0.4690112624968437	-16.31449323702574	1.0
ORTHO003287	1	0.46905116472318625	-17.711207977102475	1.0
ORTHO003695	2	0.4690866771101239	-17.09280620793674	1.0
ORTHO001969	1	0.4690894767681576	-19.298719443513207	1.0
ORTHO000450_1	1	0.4692169455304735	-23.283123534412933	1.0
ORTHO001362	1	0.46981292877144865	-22.162787444833263	1.0
ORTHO003858	1	0.4699907334670767	-16.8343100812892	1.0
ORTHO004630	1	0.4700922816603767	-17.94297679666623	1.0
ORTHO000368_1	1	0.47019792941390565	-17.469705064023128	1.0
ORTHO004501	1	0.47033548478411064	-16.61954748765226	1.0
ORTHO005322	2	0.4705358267945832	-16.29039395915611	1.0
ORTHO003533	1	0.47066434463215384	-18.52016312593259	1.0
ORTHO005692	1	0.4708416399940522	-17.174660203433245	1.0
ORTHO000988	1	0.4709788227031741	-22.027302350610643	1.0
ORTHO004066	2	0.47098430526040397	-16.96807763654995	1.0
ORTHO003138	1	0.4711510307184592	-18.616178044647317	1.0
ORTHO004699	1	0.4712828297256208	-17.62279483923604	1.0
ORTHO001981	1	0.4714815824693649	-21.940337877934567	1.0
ORTHO003410	1	0.47155501894807755	-20.604624982641088	1.0
ORTHO002076	1	0.4716157987065311	-19.749837076780544	1.0
ORTHO001294	1	0.47172037651750476	-21.155003892734914	1.0
ORTHO004834	1	0.47177733404232874	-17.900304869585725	1.0
ORTHO000893	1	0.471889209536835	-21.92519926111124	1.0
ORTHO003793	1	0.471990319020047	-18.924833509420875	1.0
ORTHO002039	1	0.4719965919645332	-19.839349394165396	1.0
ORTHO004371	1	0.4726055914061403	-17.825175915978445	1.0
ORTHO001938	1	0.47281394449255976	-21.464223061467465	1.0
ORTHO002744	1	0.4728488668425262	-18.959894095691457	1.0
ORTHO001996	1	0.4732553024288045	-19.482478139761888	1.0
ORTHO003696	1	0.4733680159803016	-16.610507064256907	1.0
ORTHO004508	1	0.473419383790107	-17.779880988219723	1.0
ORTHO000878	1	0.47358886846794007	-22.266489341615085	1.0
ORTHO000516_2	1	0.47418466851687635	-20.79241858831594	1.0
ORTHO002981	1	0.4743734052064013	-17.885536735000617	1.0
ORTHO001038	1	0.47455094276685006	-23.680354916725314	1.0
ORTHO003466	1	0.47520536968697985	-18.911816799872387	1.0
ORTHO003501	1	0.4752138095397383	-18.874152176091997	1.0
ORTHO004292	1	0.47540454867766296	-18.386778372308054	1.0
ORTHO003201	1	0.4756165878686705	-18.559898814983594	1.0
ORTHO000764_1	1	0.47589674521725894	-17.666439373067792	1.0
ORTHO001390	1	0.4759971476649516	-22.86359485205367	1.0
ORTHO001083	1	0.4762295481827734	-22.286227788932564	1.0
ORTHO001688	1	0.4768068448503946	-21.948032285946883	1.0
ORTHO005333	1	0.47688007865429555	-17.29936475345349	1.0
ORTHO003405	1	0.47703611124004835	-18.523821507356104	1.0
ORTHO002450	1	0.4770485084469908	-18.515915019595276	1.0
ORTHO001630	1	0.47737464399772567	-20.906852647449778	1.0
ORTHO003436	1	0.47747986718445296	-18.090154743721495	1.0
ORTHO002510	1	0.47750738453308955	-18.61763469645564	1.0
ORTHO000737	1	0.4775717063823489	-25.001280339977157	1.0
ORTHO005324	1	0.4777015815707115	-16.27577654093742	1.0
ORTHO005301	1	0.4778857966054206	-17.065267504916534	1.0
ORTHO000276_1	1	0.4780162783691019	-25.689675372300215	1.0
ORTHO004478	1	0.4780436701320972	-18.749330235702875	1.0
ORTHO001174_1	1	0.47809906971095556	-20.19344317893273	1.0
ORTHO000864_1	1	0.4781273446103748	-20.158146160094685	1.0
ORTHO004741	1	0.4782389093891018	-18.29034789069952	1.0
ORTHO003252	1	0.47824150363950274	-18.466449411685165	1.0
ORTHO003964	1	0.47841887446026554	-17.891121827339685	1.0
ORTHO006213	1	0.47874842350363805	-16.533468878816873	1.0
ORTHO003084	1	0.47903550890717234	-21.702894712023234	1.0
ORTHO001204_2	1	0.4791893323364608	-17.90081040751245	1.0
ORTHO000665	1	0.4792057771766518	-25.38238041135432	1.0
ORTHO000754_1	1	0.47952925233855875	-19.452196557894933	1.0
ORTHO005454	1	0.47979746181692073	-17.70616468216635	1.0
ORTHO005634	1	0.4800749769952168	-18.391050259763105	1.0
ORTHO002891	1	0.4800849715826418	-18.017907818817136	1.0
ORTHO000717_1	1	0.48046601564558156	-20.282380849385596	1.0
ORTHO002542	1	0.4806326113947644	-18.49213327823265	1.0
ORTHO004373	1	0.4806610417539148	-17.679926098275697	1.0
ORTHO002304	1	0.48104254210770997	-18.680434019958398	1.0
ORTHO004334	1	0.4810968317904674	-18.39486612343236	1.0
ORTHO000788	1	0.4811487300534806	-24.511438112695455	1.0
ORTHO000632_2	2	0.481160364584708	-22.351516790165572	1.0
ORTHO002607	1	0.4812663837848041	-19.88654141565756	1.0
ORTHO003477	1	0.48150546142394673	-17.737216596443684	1.0
ORTHO002711	1	0.481567088198733	-19.457935664746717	1.0
ORTHO001013	1	0.4816993108453671	-23.838556635508272	1.0
ORTHO004105	1	0.48184180273964633	-17.74091384245698	1.0
ORTHO000560	1	0.4821249400924227	-25.50796217825048	1.0
ORTHO003680	1	0.48218873434605586	-21.391899113395016	1.0
ORTHO002517	2	0.48327812421700017	-20.60193015578858	1.0
ORTHO000663	2	0.4833034594432147	-24.17912690471171	1.0
ORTHO000742	1	0.4835629869990786	-25.133158613248835	1.0
ORTHO003788	1	0.4837546849301636	-18.335763166297873	1.0
ORTHO005957	1	0.4840137000954149	-16.322686397614994	1.0
ORTHO004782	1	0.4843004634940197	-16.818415304417304	1.0
ORTHO003699	1	0.4843115540227713	-18.501466665962287	1.0
ORTHO001704	1	0.48436392814550183	-21.081525726855727	1.0
ORTHO003072	1	0.48452750112827236	-19.21857096078155	1.0
ORTHO004476	1	0.484653799989356	-16.715736269774286	1.0
ORTHO003282	1	0.48477777628614405	-18.780390326311828	1.0
ORTHO004886	1	0.4848126515895239	-16.73037392456177	1.0
ORTHO000648_1	1	0.48482246674741336	-21.518234580072775	1.0
ORTHO001587_1	1	0.48488821944562244	-17.377467102562733	1.0
ORTHO003121	1	0.48499908492449834	-18.54724590460354	1.0
ORTHO005427	1	0.4850453180056934	-18.51077564655629	1.0
ORTHO005984	1	0.4850603281998117	-16.98628363905309	1.0
ORTHO002606	1	0.4850801354363263	-20.929923001087225	1.0
ORTHO003399	1	0.48512494663803085	-18.2636297231631	1.0
ORTHO002732	1	0.48517247787689605	-19.840186728127723	1.0
ORTHO003997	1	0.4854098210988944	-18.848009417663537	1.0
ORTHO004270	1	0.4854960222528215	-17.3531220221398	1.0
ORTHO003380	2	0.48549698162491356	-19.48278581760698	1.0
ORTHO001641	1	0.485513497961443	-19.914245557417484	1.0
ORTHO001043	1	0.48573206822123416	-21.83377986017491	1.0
ORTHO003285	1	0.48593844111539436	-18.475115304307288	1.0
ORTHO000712	1	0.48609273738318604	-23.69302867721288	1.0
ORTHO004269	1	0.48614700808208056	-18.353808696586825	1.0
ORTHO001141	1	0.48628394632745736	-20.984131276075395	1.0
ORTHO002006	1	0.48645200961954854	-22.124035033941777	1.0
ORTHO004963	1	0.4864746749591222	-18.648183486061612	1.0
ORTHO003032	1	0.48657718722197335	-18.389308169517765	1.0
ORTHO002933	1	0.4869492158943402	-18.772393357581844	1.0
ORTHO004173	1	0.4871059753880921	-18.92744415035001	1.0
ORTHO001994	1	0.4872643398551848	-21.10454829878448	1.0
ORTHO002926	1	0.4873004141608877	-18.42843125506356	1.0
ORTHO001609	1	0.48736655271283374	-22.390736647999635	1.0
ORTHO000424	1	0.48738051258130105	-27.234083904717473	1.0
ORTHO002301	1	0.48781932167060515	-20.436018302250936	1.0
ORTHO000388_1	2	0.48794729937366776	-26.98724254659913	1.0
ORTHO001125_1	1	0.4883425504382871	-18.260800737620624	1.0
ORTHO000929_1	1	0.48835250540932457	-19.567218506097067	1.0
ORTHO002470	1	0.4888281450826028	-19.702512815482965	1.0
ORTHO002492	1	0.48894071543987583	-19.519914375632798	1.0
ORTHO003544	1	0.4890202033267872	-18.67849074457172	1.0
ORTHO003596	1	0.4890508697107629	-18.445657828349574	1.0
ORTHO003725	1	0.4890792180363666	-19.73896630518333	1.0
ORTHO000939	1	0.4891810526145287	-22.57278410854284	1.0
ORTHO000945_1	1	0.48928338138238253	-20.58437625355055	1.0
ORTHO002376	1	0.48928942317608726	-19.303026423683423	1.0
ORTHO004159	1	0.4894274269670245	-21.203465734846134	1.0
ORTHO003743	1	0.4895353196966133	-18.766462893925553	1.0
ORTHO002299	1	0.4895545698837838	-21.74110783930831	1.0
ORTHO002932	1	0.4895559138936952	-18.567561589669545	1.0
ORTHO003104	1	0.4896711978887085	-18.56697425723938	1.0
ORTHO003854	1	0.48985627550002864	-17.57161004525763	1.0
ORTHO001814	1	0.49004472404680893	-20.17330179070571	1.0
ORTHO000503	1	0.49013256414071793	-26.877684263239992	1.0
ORTHO001058	1	0.4903609348760653	-22.023365620012097	1.0
ORTHO000435_1	1	0.49053926204546094	-20.322910312801483	1.0
ORTHO000279_1	1	0.4906791503353717	-18.762297470436888	1.0
ORTHO002912	1	0.49075294755515736	-19.734133857891255	1.0
ORTHO003210	1	0.49081918372268224	-18.93461872691355	1.0
ORTHO004194	1	0.4910134751771152	-18.67220503114248	1.0
ORTHO000281_2	1	0.49105579213673994	-23.641451062994197	1.0
ORTHO004724	1	0.49121183867335627	-18.35622042651451	1.0
ORTHO000268_2	1	0.49128561993424685	-19.067683177443776	1.0
ORTHO004327	1	0.491295512885363	-18.494043239559467	1.0
ORTHO003166	1	0.4913556039578831	-20.311848271434027	1.0
ORTHO004013	1	0.491531739386686	-18.23426761920115	1.0
ORTHO006361	1	0.4915628776630074	-16.256401360198254	1.0
ORTHO001081	1	0.4917096746563186	-22.66056702019117	1.0
ORTHO001564	1	0.49178018234378285	-20.425532309469226	1.0
ORTHO004428	1	0.4918312896906337	-17.379514506777227	1.0
ORTHO004786	1	0.49190565832815264	-17.660816940424645	1.0
ORTHO002497	1	0.49192933132236405	-21.008901728600136	1.0
ORTHO003373	1	0.4919434038390884	-20.164313763984772	1.0
ORTHO005287	1	0.4921067557234938	-17.323077154023984	1.0
ORTHO000351_2	1	0.4922176078590422	-18.61540494144827	1.0
ORTHO002837	1	0.49225047773890007	-20.319571700461733	1.0
ORTHO001459	1	0.4922548222807368	-21.662283461333175	1.0
ORTHO004289	1	0.4922904767953617	-18.653960205133064	1.0
ORTHO005668	1	0.4923613758667838	-16.595054167312064	1.0
ORTHO005069	1	0.49238017266976464	-18.582763573968574	1.0
ORTHO000592_1	1	0.49247792523886497	-21.64885093245479	1.0
ORTHO006499	1	0.4925134963142727	-17.05118762174963	1.0
ORTHO002010	1	0.49255427667467777	-19.316533372661635	1.0
ORTHO006433	1	0.49275698767427784	-16.60838451835427	1.0
ORTHO006479	1	0.49275698767427784	-16.60838451835427	1.0
ORTHO004309	1	0.4930207717127733	-18.617902210411444	1.0
ORTHO003238	2	0.4931182214281561	-19.459720216920196	1.0
ORTHO001719	2	0.493144431217218	-20.998678529845396	1.0
ORTHO004300	1	0.4932232334909246	-18.589413813527273	1.0
ORTHO003401	1	0.49331618020268675	-19.794331467930135	1.0
ORTHO004390	1	0.49338058490212483	-19.80702517291681	1.0
ORTHO001540	1	0.4935237562282096	-22.197853546026593	1.0
ORTHO002209	1	0.49352606767923457	-19.473423879487733	1.0
ORTHO006586	1	0.4937112272613908	-17.03450246900151	1.0
ORTHO003821	1	0.49392235398483636	-19.844066451589363	1.0
ORTHO000290_2	1	0.49419984669417305	-22.12422837443364	1.0
ORTHO002934	1	0.4944143908143593	-18.83749099826037	1.0
ORTHO002807	1	0.4945142596668865	-19.106834799452162	1.0
ORTHO001862	1	0.49452629747900656	-21.447079425303347	1.0
ORTHO002700	1	0.4953252626635911	-21.57236338105747	1.0
ORTHO001712	1	0.4954100820364664	-21.716291083879717	1.0
ORTHO001930	1	0.495691796914612	-21.757740724088986	1.0
ORTHO000835	1	0.4957901588835107	-24.589496931975955	1.0
ORTHO001250	1	0.4958144481255213	-23.194936285020855	1.0
ORTHO001398	1	0.49584949936749523	-22.645357345465204	1.0
ORTHO001627	1	0.4959600736913337	-21.377427921634848	1.0
ORTHO000866_1	1	0.49600726817258944	-20.40946559205077	1.0
ORTHO002923	1	0.4965560752820603	-18.067294222076914	1.0
ORTHO004818	1	0.4966870647982061	-18.1526095552561	1.0
ORTHO004164	1	0.4967387705739332	-18.41110603996056	1.0
ORTHO006311	1	0.49678796436656786	-15.99623780038386	1.0
ORTHO003919	1	0.4971501205888968	-18.822266287949613	1.0
ORTHO003581	1	0.49715581149305355	-20.158513203718424	1.0
ORTHO004081	1	0.4972987543262591	-19.708640387173975	1.0
ORTHO001167	1	0.49768295101577736	-22.728256958798838	1.0
ORTHO006380	1	0.4976926933517624	-16.229893413695702	1.0
ORTHO003184	1	0.4977285185372549	-19.86258527073882	1.0
ORTHO004635	1	0.4978574160540702	-21.50455619922845	1.0
ORTHO003441	1	0.49787590352937977	-18.545244060637604	1.0
ORTHO004619	1	0.49793572438460676	-17.80916853675606	1.0
ORTHO001508	1	0.49795123247385015	-22.600442698081707	1.0
ORTHO002000	1	0.4979512563487948	-20.54074252861251	1.0
ORTHO003268	1	0.4981169530289034	-17.977754690619093	1.0
ORTHO000747	1	0.49818170821092006	-24.56945800890908	1.0
ORTHO006016	1	0.4984950993265656	-16.955706329988878	1.0
ORTHO005318	1	0.4985332959672842	-16.65849434479147	1.0
ORTHO001358_2	1	0.4987218924953805	-17.046046813648807	1.0
ORTHO003083	1	0.4989002611556245	-19.518614781850292	1.0
ORTHO000769	2	0.49893754962877473	-23.1364769897401	1.0
ORTHO001311_2	1	0.4989780756775916	-20.124779830849437	1.0
ORTHO003011	2	0.4990074829314745	-19.923063092180456	1.0
ORTHO006320	1	0.49906257739850907	-16.825765516337075	1.0
ORTHO002423	1	0.49910306092210477	-21.57617838693827	1.0
ORTHO000419_3	1	0.499109832930711	-19.551373545117865	1.0
ORTHO003152	1	0.4991149408788779	-19.892349110268142	1.0
ORTHO004729	1	0.499599776948773	-18.65321018856598	1.0
ORTHO005805	1	0.4998475299946052	-16.908990561745107	1.0
ORTHO004753	1	0.4998987288532626	-18.54677059163499	1.0
ORTHO004823	1	0.4999502026245241	-17.250094870017698	1.0
ORTHO001757_1	1	0.5000694821832641	-19.06057054829715	1.0
ORTHO001402	1	0.5001151536780888	-22.57226475652697	1.0
ORTHO003408	1	0.500265687686982	-18.16675101943043	1.0
ORTHO000548_2	1	0.5002662923841242	-18.51264599388245	1.0
ORTHO001243	1	0.5005158583513957	-23.49459155394822	1.0
ORTHO001569	1	0.5005192822556097	-20.666703125482382	1.0
ORTHO002320	1	0.5008145431534339	-20.038747474639873	1.0
ORTHO002498	1	0.5008470253663013	-20.166015473999376	1.0
ORTHO004132	1	0.5008645232390676	-18.81397980200912	1.0
ORTHO003386	1	0.5009854179129349	-19.249826023628703	1.0
ORTHO002296	2	0.5011388381420441	-19.50579949787922	1.0
ORTHO001253	1	0.5013047648436699	-24.222883568345175	1.0
ORTHO001583	1	0.5013096819307165	-22.21935996664924	1.0
ORTHO002544	1	0.5013288196905	-21.043605751258355	1.0
ORTHO002153	2	0.5017019215226584	-20.828124510536295	1.0
ORTHO001482	1	0.5017951910056292	-22.912568181076864	1.0
ORTHO001885	1	0.5019793311948918	-20.19512395925614	1.0
ORTHO001579	1	0.5020038980293048	-22.130326239406944	1.0
ORTHO004304	1	0.5024318228905998	-18.2452342822714	1.0
ORTHO002581	1	0.5026063435088406	-19.463773143711183	1.0
ORTHO002072	1	0.502749782013361	-20.698740041941473	1.0
ORTHO003546	1	0.5028275911683348	-17.498544305010093	1.0
ORTHO001903	1	0.5028308810733156	-20.45280487661616	1.0
ORTHO003495	1	0.5028326637025028	-20.41434692825276	1.0
ORTHO005002	1	0.5028357771975392	-16.738050979580375	1.0
ORTHO000381_1	1	0.5028411928205682	-19.83430098866219	1.0
ORTHO001589	1	0.502882920896213	-20.978961525318088	1.0
ORTHO003990	1	0.502948840891972	-17.88507976281037	1.0
ORTHO005083	1	0.5031757623743246	-17.074604961779876	1.0
ORTHO001382	1	0.503284342267918	-21.708756934274565	1.0
ORTHO005520	1	0.5033432167615557	-17.39743136782207	1.0
ORTHO002703	1	0.5034046059795886	-20.743873620679107	1.0
ORTHO002372	1	0.5034316371606866	-20.700393359680735	1.0
ORTHO002996	1	0.5038256398916066	-18.604237820412237	1.0
ORTHO005009	1	0.5040188567657513	-17.30249191575961	1.0
ORTHO004073	1	0.5041349901093733	-17.909449499289778	1.0
ORTHO002687	1	0.5041694960633235	-19.87465067771866	1.0
ORTHO002375	1	0.5043808277459922	-19.825205046920207	1.0
ORTHO002669	1	0.5048117014147233	-20.051393969356834	1.0
ORTHO000903_1	1	0.5048247637931381	-19.610843556209375	1.0
ORTHO005007	1	0.5049386337301862	-19.781101641320944	1.0
ORTHO003446	1	0.5052727461614492	-18.60657707592733	1.0
ORTHO001180	1	0.5054383040374438	-24.131285577071335	1.0
ORTHO004875	1	0.505494573982344	-19.554673625016218	1.0
ORTHO002739	1	0.5055191191476277	-19.697982462601086	1.0
ORTHO002502	1	0.5056402249872071	-21.36101343858416	1.0
ORTHO005061	1	0.5056527366451172	-18.577077764044603	1.0
ORTHO003634	1	0.5056626568665687	-18.101178796895503	1.0
ORTHO000911	1	0.5058518059390192	-24.838109292038414	1.0
ORTHO003937	1	0.5059041585437848	-18.39046918769932	1.0
ORTHO001520	1	0.5059070220441915	-24.27774829841791	1.0
ORTHO006137	1	0.5061384655903136	-19.024166509690644	1.0
ORTHO003361	1	0.5061938475307446	-19.34505980156476	1.0
ORTHO000475_1	1	0.5062710449999491	-24.689728691951586	1.0
ORTHO003554	1	0.5063867267463934	-17.88043107804379	1.0
ORTHO002656	1	0.5064914560752708	-21.628324852078777	1.0
ORTHO002895	1	0.5068902590621902	-20.18694433978838	1.0
ORTHO003113	1	0.5069668958065253	-19.285872386154985	1.0
ORTHO002574	1	0.5070476900861305	-23.36387897606751	1.0
ORTHO004473	1	0.5072395494769838	-18.904373380474848	1.0
ORTHO002808	1	0.5078056236412309	-19.84855872149101	1.0
ORTHO004961	1	0.5079720504829731	-18.533637564886973	1.0
ORTHO000669_1	1	0.5083884861287192	-21.989127494855598	1.0
ORTHO004455	1	0.5084467150750951	-19.343138329946107	1.0
ORTHO000872_1	1	0.5085690001743833	-21.3533558016745	1.0
ORTHO004161	1	0.5087359862571083	-17.47214034719779	1.0
ORTHO001223	1	0.5088882270366916	-22.87403766562889	1.0
ORTHO000554_2	1	0.5089319305788124	-19.89702817763566	1.0
ORTHO003589	2	0.5090445073735489	-19.77119736611104	1.0
ORTHO001496	1	0.5091899280665491	-22.97055559873576	1.0
ORTHO001727	1	0.5095737087389164	-20.34789168581475	1.0
ORTHO002684	1	0.5098394011962676	-20.497019602641135	1.0
ORTHO003957	1	0.5099126308553069	-18.82553304884528	1.0
ORTHO002284	1	0.5102157055275913	-19.369490865679168	1.0
ORTHO001012_1	1	0.5104449214756832	-20.555909505686003	1.0
ORTHO001295_1	1	0.5105330152150661	-18.443308878313587	1.0
ORTHO003219	1	0.51054379918874	-21.397424992075052	1.0
ORTHO004830	1	0.5106271739334775	-17.57815802904534	1.0
ORTHO002936	1	0.5107801425928106	-18.249555256105378	1.0
ORTHO003118	1	0.5107969160109821	-20.671919027879724	1.0
ORTHO003760	1	0.5108071025612931	-19.772709391961996	1.0
ORTHO002366	1	0.510970496290707	-19.91289188409384	1.0
ORTHO000646	1	0.5109813163628146	-25.635959593145827	1.0
ORTHO005297	1	0.5110524908850642	-17.831968229739815	1.0
ORTHO004301	1	0.5111286100874902	-18.92607139879815	1.0
ORTHO002812	1	0.5112368566241361	-18.83112283083759	1.0
ORTHO005098	1	0.5112422696303196	-17.904355964874522	1.0
ORTHO002983	1	0.5112829017883955	-19.891142716608535	1.0
ORTHO003163	1	0.5114625951367273	-19.528119395010222	1.0
ORTHO004043	1	0.5114721650246807	-19.350242995523967	1.0
ORTHO003339	2	0.5118328478676892	-18.88756350341312	1.0
ORTHO004216	1	0.5119389165479246	-18.31726620198504	1.0
ORTHO001805	1	0.5120201404999148	-22.143586515916596	1.0
ORTHO001213	1	0.512025721326411	-24.135511468390714	1.0
ORTHO004902	1	0.5120797757984109	-18.63811898402562	1.0
ORTHO002061	2	0.5121460626687137	-22.01580912515291	1.0
ORTHO004351	1	0.5121955715353357	-17.448158612777338	1.0
ORTHO001928	1	0.5122733577019503	-19.107544105102228	1.0
ORTHO002941	2	0.5123463866786314	-20.947359853708075	1.0
ORTHO003520	2	0.5124477795102563	-17.590182575451824	1.0
ORTHO002900	1	0.512582262878218	-20.657821668448744	1.0
ORTHO001029_1	1	0.5129341700718669	-21.581778797601473	1.0
ORTHO003657	1	0.5130883257790898	-19.553416249270448	1.0
ORTHO001123	1	0.5131636932163204	-23.55950146021714	1.0
ORTHO001525	1	0.5133725715263837	-22.28670775343509	1.0
ORTHO003437	1	0.5134615371613565	-19.738827696365878	1.0
ORTHO001480	1	0.5134741337317734	-22.283046740962178	1.0
ORTHO002216	1	0.5134915936870371	-20.307004436143316	1.0
ORTHO000604_1	1	0.5135363054481008	-23.12278768696921	1.0
ORTHO004249	2	0.5138609032864286	-20.029566961489543	1.0
ORTHO000933	1	0.5140036368346879	-23.228032203581932	1.0
ORTHO001907	1	0.5142324940246843	-20.15468980888188	1.0
ORTHO000670_2	2	0.5143182531548705	-22.901994478574633	1.0
ORTHO003896	1	0.514766846025592	-20.813458938660435	1.0
ORTHO001352	1	0.5147681308047276	-24.021627213587035	1.0
ORTHO003451	1	0.5147976034473487	-21.543790711428212	1.0
ORTHO003142	1	0.5151883024604108	-20.694729045993974	1.0
ORTHO005338	1	0.5152759087207338	-19.983168508142715	1.0
ORTHO000325_1	2	0.5154458325997617	-23.248573574528066	1.0
ORTHO000263_2	1	0.5154606012833427	-19.32783664471806	1.0
ORTHO000907	2	0.5158010839204215	-25.241660978065937	1.0
ORTHO000829_1	2	0.5158505823683543	-17.942758057889577	1.0
ORTHO004745	1	0.5159728774527667	-19.360592404177076	1.0
ORTHO004274	1	0.5159976635654777	-19.16322333604323	1.0
ORTHO000351_1	1	0.516242236952454	-21.689486130381823	1.0
ORTHO004804	1	0.5167928168115875	-17.363937247921196	1.0
ORTHO001734	1	0.5168246969594874	-21.60257856543865	1.0
ORTHO000941_3	1	0.5170416190049122	-20.49724084487284	1.0
ORTHO005003	1	0.5170552533323196	-16.948424107481703	1.0
ORTHO003067	1	0.5171178142255755	-19.721877475813987	1.0
ORTHO004077	1	0.5172310992654682	-18.09541801957	1.0
ORTHO001028	1	0.5173731580571331	-23.19834426605382	1.0
ORTHO005827	1	0.5174992781199496	-17.873543344390995	1.0
ORTHO004315	1	0.5176923175070615	-18.654180195284614	1.0
ORTHO004346	1	0.5179015574425553	-18.505453073550974	1.0
ORTHO003069	1	0.5179493568712965	-19.903007083992847	1.0
ORTHO003182	1	0.5181311287116264	-22.625687200237813	1.0
ORTHO001009_1	2	0.5181481371474229	-20.791817229745963	1.0
ORTHO003228	1	0.518319301835044	-21.288159928722912	1.0
ORTHO000420_2	1	0.5183596552893194	-22.18844552100034	1.0
ORTHO004688	1	0.5184002371845632	-19.015867883480293	1.0
ORTHO002370	1	0.5184323324219392	-20.657970970600143	1.0
ORTHO005021	1	0.5184662203008202	-17.204333767680673	1.0
ORTHO004433	1	0.518500297049261	-18.65757023837711	1.0
ORTHO001615	1	0.5187991435851103	-20.765484140463812	1.0
ORTHO003850	1	0.5188089883444147	-20.753158554164578	1.0
ORTHO002561	1	0.5193077278959609	-19.6870660965303	1.0
ORTHO006459	1	0.5193200817305709	-19.854431901192157	1.0
ORTHO004676	1	0.5195375996850368	-19.487845675236304	1.0
ORTHO003780	1	0.5196839195292635	-19.01529284555868	1.0
ORTHO003527	1	0.5197026239563711	-23.241216601394886	1.0
ORTHO000991	1	0.5197385725132779	-23.081525529001226	1.0
ORTHO004924	1	0.5197695062843487	-19.096212834086913	1.0
ORTHO000662_2	1	0.5197907425850491	-19.1909317494613	1.0
ORTHO001235	1	0.519971261110554	-24.83912903788586	1.0
ORTHO000320_1	1	0.5200157572096148	-17.789197393228346	1.0
ORTHO005140	1	0.5202323930842735	-18.60133259866989	1.0
ORTHO003280	1	0.5202352431700894	-18.333196074359925	1.0
ORTHO000678_1	1	0.5202822967916804	-21.89013966176259	1.0
ORTHO005402	1	0.5203363385361265	-19.633455866081828	1.0
ORTHO005064	1	0.5203699861768201	-18.462367256208232	1.0
ORTHO005488	1	0.5204374421565505	-19.16547819129848	1.0
ORTHO001600	1	0.5204477416549644	-22.443155841708734	1.0
ORTHO005167	1	0.5207313231155868	-18.683213054052356	1.0
ORTHO004987	1	0.5209267026041603	-18.142530853714945	1.0
ORTHO002040	1	0.5209486683593989	-21.934011745031714	1.0
ORTHO002513	1	0.5209853813332872	-20.463807286920094	1.0
ORTHO003959	1	0.5209921840382757	-19.32018356152541	1.0
ORTHO000420_1	2	0.5210854083539428	-23.08667692575199	1.0
ORTHO001360	1	0.5212022921473609	-23.41293291832183	1.0
ORTHO000779_1	1	0.5213429007439665	-21.048570052783585	1.0
ORTHO004749	1	0.5216159127154627	-17.340902029303944	1.0
ORTHO003646	1	0.5216594355049304	-20.456635880068845	1.0
ORTHO003755	1	0.5217823435205352	-19.327476253307708	1.0
ORTHO003764	1	0.5219171459616002	-20.28137008964803	1.0
ORTHO003500	1	0.5220407352387578	-18.57423489658619	1.0
ORTHO001838	1	0.5222123927755589	-21.362910454765355	1.0
ORTHO002315	2	0.5223514582099381	-21.73325719651469	1.0
ORTHO004764	1	0.5223554152032969	-19.550211621413585	1.0
ORTHO001259	1	0.5225503204139265	-21.30466345517003	1.0
ORTHO002395	2	0.522899606806117	-21.687472677251638	1.0
ORTHO004121	1	0.5232511231227462	-22.620285718609026	1.0
ORTHO000913	1	0.523281073215869	-24.537316734240974	1.0
ORTHO004535	1	0.5233160667772101	-18.244270712202354	1.0
ORTHO004046	1	0.523503956488253	-18.86138597807471	1.0
ORTHO005630	1	0.5237055564870472	-17.144197115681184	1.0
ORTHO001791	2	0.5242192380045368	-20.852118666918937	1.0
ORTHO006150	1	0.5246277718297698	-17.117754704498616	1.0
ORTHO003403	1	0.5247063314248721	-19.4738275162432	1.0
ORTHO005412	1	0.5247746951031828	-19.37984267134471	1.0
ORTHO002803	1	0.5248449276165554	-19.551764934406926	1.0
